submit_time,start_time,end_time,run_time,wait_time
125318,125319,125454,135,1
125346,125455,125458,3,109
125069,125069,125460,391,0
125441,125459,125460,1,18
125465,125466,125554,88,1
125468,125469,125565,96,1
125057,125057,125848,791,0
125057,125057,125849,792,0
125906,125907,126898,991,1
126902,126903,127908,1005,1
127916,127916,128223,307,0
128874,128874,129876,1002,0
128885,128885,129882,997,0
129879,129879,130903,1024,0
129890,129891,130903,1012,1
130913,130913,131891,978,0
131897,131897,131904,7,0
130911,130911,131905,994,0
131914,131915,131954,39,1
137028,137028,137029,1,0
137029,137029,137030,1,0
137029,137029,137030,1,0
137489,137490,137530,40,1
137500,137500,137545,45,0
137509,137509,137562,53,0
137529,137563,137564,1,34
141955,141956,141957,1,1
141958,141958,141961,3,0
142027,142027,142029,2,0
142027,142027,142029,2,0
142113,142114,142116,2,1
142113,142114,142116,2,1
142162,142163,142164,1,1
142162,142163,142165,2,1
142211,142211,142213,2,0
142232,142232,142234,2,0
142241,142242,142243,1,1
142299,142299,142301,2,0
142300,142300,142302,2,0
142358,142358,142360,2,0
142359,142359,142361,2,0
142399,142400,142401,1,1
142399,142400,142401,1,1
144955,144957,145181,224,2
145179,145184,145185,1,5
145428,145428,145661,233,0
145428,145428,145662,234,0
145659,145667,145668,1,8
146753,146754,146800,46,1
147996,147997,148062,65,1
152175,152176,152863,687,1
152175,152176,152890,714,1
152889,152898,152899,1,9
204795,204795,204813,18,0
205103,205104,205140,36,1
205130,205130,205173,43,0
205172,205175,205176,1,3
206152,206152,206155,3,0
206152,206152,206189,37,0
206577,206577,206616,39,0
206577,206577,206617,40,0
207601,207601,207604,3,0
207601,207601,207638,37,0
207651,207652,207965,313,1
208480,208480,208481,1,0
208812,208812,208850,38,0
208889,208889,208924,35,0
209099,209099,209163,64,0
209162,209167,209168,1,5
209799,209799,209836,37,0
209802,209803,209839,36,1
209835,209841,209842,1,6
210732,210732,210860,128,0
211434,211434,211447,13,0
211631,211632,211673,41,1
211639,211639,211683,44,0
211478,211478,211772,294,0
212352,212352,212392,40,0
212370,212370,212427,57,0
213468,213468,213658,190,0
213656,213660,213661,1,4
213819,213819,213839,20,0
213830,213830,213850,20,0
214110,214110,214173,63,0
214610,214610,214651,41,0
214610,214610,214651,41,0
215417,215417,215474,57,0
215423,215423,215492,69,0
215731,215731,215751,20,0
215740,215740,215760,20,0
216589,216589,216610,21,0
216589,216589,216610,21,0
217697,217697,217715,18,0
217699,217700,217718,18,1
217807,217807,217809,2,0
217807,217807,217809,2,0
217809,217810,217811,1,1
218395,218395,218399,4,0
218395,218395,218435,40,0
218659,218660,219180,520,1
220054,220054,220091,37,0
220135,220135,220138,3,0
220134,220134,220173,39,0
221859,221859,221899,40,0
221865,221865,221909,44,0
221865,221866,221913,47,1
222267,222267,222269,2,0
222269,222269,222271,2,0
222271,222273,222274,1,2
222399,222399,222436,37,0
223262,223262,223302,40,0
223262,223262,223305,43,0
223267,223267,223308,41,0
223304,223317,223318,1,13
227158,227158,227159,1,0
227158,227158,227160,2,0
227158,227158,227160,2,0
227158,227158,227159,1,0
227158,227160,227161,1,2
227158,227160,227161,1,2
227158,227158,227162,4,0
227158,227158,227162,4,0
227158,227161,227162,1,3
227158,227158,227163,5,0
227158,227158,227163,5,0
227158,227158,227163,5,0
227158,227158,227163,5,0
227158,227158,227163,5,0
227158,227158,227163,5,0
227158,227158,227164,6,0
227158,227158,227164,6,0
227158,227158,227164,6,0
227158,227158,227164,6,0
227158,227158,227164,6,0
227158,227158,227164,6,0
227158,227162,227164,2,4
227158,227158,227164,6,0
227158,227158,227164,6,0
227158,227163,227164,1,5
227158,227164,227165,1,6
227158,227158,227164,6,0
227158,227163,227164,1,5
227158,227163,227164,1,5
227158,227164,227165,1,6
227158,227158,227165,7,0
227158,227158,227165,7,0
227158,227158,227165,7,0
227158,227158,227166,8,0
227158,227158,227165,7,0
227158,227164,227165,1,6
227158,227158,227165,7,0
227158,227158,227165,7,0
227158,227165,227166,1,7
227158,227158,227166,8,0
227158,227158,227165,7,0
227158,227165,227166,1,7
227158,227165,227166,1,7
227158,227165,227166,1,7
227158,227158,227166,8,0
227158,227158,227166,8,0
227158,227158,227166,8,0
227158,227158,227166,8,0
227158,227158,227166,8,0
227158,227165,227166,1,7
227158,227165,227166,1,7
227158,227165,227166,1,7
227158,227165,227167,2,7
227158,227164,227166,2,6
227158,227165,227167,2,7
227158,227164,227166,2,6
227158,227165,227166,1,7
227158,227158,227166,8,0
227158,227165,227167,2,7
227158,227166,227167,1,8
227158,227158,227166,8,0
227158,227158,227166,8,0
227158,227165,227166,1,7
227158,227162,227166,4,4
227158,227165,227167,2,7
227158,227165,227167,2,7
227158,227162,227169,7,4
227158,227164,227168,4,6
227158,227158,227168,10,0
227158,227166,227169,3,8
227158,227166,227169,3,8
227158,227158,227170,12,0
227158,227158,227171,13,0
227158,227158,227171,13,0
227158,227158,227172,14,0
227158,227158,227173,15,0
227185,227185,227186,1,0
227185,227185,227186,1,0
227185,227185,227186,1,0
227185,227185,227186,1,0
227185,227185,227186,1,0
227185,227186,227187,1,1
227185,227186,227187,1,1
227185,227185,227188,3,0
227185,227186,227187,1,1
227185,227185,227188,3,0
227185,227185,227188,3,0
227185,227185,227189,4,0
227185,227187,227189,2,2
227185,227185,227189,4,0
227185,227188,227190,2,3
227185,227187,227189,2,2
227185,227189,227190,1,4
227185,227185,227189,4,0
227185,227188,227190,2,3
227185,227188,227189,1,3
227185,227185,227190,5,0
227185,227185,227191,6,0
227185,227185,227191,6,0
227185,227185,227191,6,0
227185,227185,227190,5,0
227185,227189,227190,1,4
227185,227190,227191,1,5
227185,227185,227191,6,0
227185,227188,227190,2,3
227185,227185,227191,6,0
227185,227185,227191,6,0
227185,227190,227191,1,5
227185,227185,227190,5,0
227185,227190,227191,1,5
227185,227185,227191,6,0
227185,227185,227192,7,0
227185,227185,227192,7,0
227185,227190,227192,2,5
227185,227185,227191,6,0
227185,227190,227191,1,5
227185,227185,227191,6,0
227185,227190,227191,1,5
227185,227190,227191,1,5
227185,227191,227192,1,6
227185,227185,227191,6,0
227185,227190,227191,1,5
227185,227191,227192,1,6
227185,227191,227192,1,6
227185,227185,227191,6,0
227185,227190,227191,1,5
227185,227191,227192,1,6
227185,227191,227192,1,6
227185,227185,227192,7,0
227185,227185,227193,8,0
227185,227185,227192,7,0
227185,227185,227192,7,0
227185,227185,227192,7,0
227185,227185,227192,7,0
227185,227185,227193,8,0
227185,227191,227193,2,6
227185,227191,227192,1,6
227185,227191,227192,1,6
227185,227191,227192,1,6
227185,227191,227192,1,6
227185,227191,227192,1,6
227185,227185,227193,8,0
227185,227191,227193,2,6
227185,227191,227193,2,6
227185,227191,227193,2,6
227185,227185,227194,9,0
227185,227185,227194,9,0
227185,227192,227194,2,7
227185,227185,227194,9,0
227185,227185,227194,9,0
227185,227185,227195,10,0
227185,227185,227196,11,0
227185,227185,227195,10,0
227185,227185,227195,10,0
227185,227185,227195,10,0
227207,227207,227208,1,0
227207,227207,227208,1,0
227207,227207,227208,1,0
227207,227207,227208,1,0
227207,227207,227209,2,0
227207,227207,227210,3,0
227207,227208,227210,2,1
227207,227208,227210,2,1
227207,227209,227211,2,2
227207,227207,227211,4,0
227207,227209,227211,2,2
227207,227208,227210,2,1
227207,227207,227211,4,0
227207,227207,227211,4,0
227207,227207,227212,5,0
227207,227207,227212,5,0
227207,227210,227212,2,3
227207,227210,227212,2,3
227207,227211,227212,1,4
227207,227207,227213,6,0
227207,227211,227212,1,4
227207,227212,227213,1,5
227207,227211,227212,1,4
227207,227211,227213,2,4
227207,227207,227213,6,0
227207,227210,227213,3,3
227207,227211,227212,1,4
227207,227207,227213,6,0
227207,227207,227213,6,0
227207,227212,227213,1,5
227207,227207,227213,6,0
227207,227207,227214,7,0
227207,227207,227214,7,0
227207,227212,227214,2,5
227207,227207,227214,7,0
227207,227213,227214,1,6
227207,227213,227214,1,6
227207,227207,227214,7,0
227207,227207,227214,7,0
227207,227212,227213,1,5
227207,227212,227213,1,5
227207,227207,227213,6,0
227207,227207,227214,7,0
227207,227213,227214,1,6
227207,227207,227213,6,0
227207,227213,227214,1,6
227207,227213,227214,1,6
227207,227213,227214,1,6
227207,227207,227215,8,0
227207,227212,227215,3,5
227207,227207,227215,8,0
227207,227213,227215,2,6
227207,227213,227214,1,6
227207,227213,227214,1,6
227207,227213,227214,1,6
227207,227207,227214,7,0
227207,227213,227215,2,6
227207,227207,227216,9,0
227207,227207,227216,9,0
227207,227207,227216,9,0
227207,227207,227215,8,0
227207,227207,227216,9,0
227207,227214,227216,2,7
227207,227207,227216,9,0
227207,227207,227216,9,0
227207,227214,227216,2,7
227207,227207,227216,9,0
227207,227207,227216,9,0
227207,227207,227217,10,0
227207,227207,227217,10,0
227207,227207,227217,10,0
227207,227214,227217,3,7
227207,227207,227217,10,0
227207,227214,227216,2,7
227207,227214,227216,2,7
227207,227207,227218,11,0
227207,227207,227218,11,0
227207,227207,227217,10,0
227207,227207,227221,14,0
227232,227232,227233,1,0
227232,227232,227233,1,0
227232,227232,227233,1,0
227232,227232,227234,2,0
227232,227232,227233,1,0
227232,227232,227235,3,0
227232,227234,227235,1,2
227232,227233,227235,2,1
227232,227232,227235,3,0
227232,227233,227235,2,1
227232,227232,227235,3,0
227232,227232,227236,4,0
227232,227234,227235,1,2
227232,227234,227235,1,2
227232,227235,227236,1,3
227232,227232,227236,4,0
227232,227235,227236,1,3
227232,227232,227237,5,0
227232,227232,227237,5,0
227232,227235,227236,1,3
227232,227232,227237,5,0
227232,227235,227237,2,3
227232,227235,227237,2,3
227232,227236,227237,1,4
227232,227232,227237,5,0
227232,227232,227238,6,0
227232,227232,227238,6,0
227232,227236,227238,2,4
227232,227236,227238,2,4
227232,227237,227238,1,5
227232,227232,227237,5,0
227232,227236,227238,2,4
227232,227236,227238,2,4
227232,227237,227238,1,5
227232,227232,227237,5,0
227232,227236,227237,1,4
227232,227237,227238,1,5
227232,227232,227238,6,0
227232,227232,227238,6,0
227232,227237,227238,1,5
227232,227237,227238,1,5
227232,227232,227238,6,0
227232,227232,227239,7,0
227232,227237,227238,1,5
227232,227238,227239,1,6
227232,227238,227239,1,6
227232,227238,227239,1,6
227232,227232,227239,7,0
227232,227238,227239,1,6
227232,227238,227239,1,6
227232,227238,227240,2,6
227232,227237,227239,2,5
227232,227236,227239,3,4
227232,227232,227240,8,0
227232,227232,227239,7,0
227232,227238,227240,2,6
227232,227232,227240,8,0
227232,227232,227239,7,0
227232,227232,227240,8,0
227232,227238,227240,2,6
227232,227232,227241,9,0
227232,227232,227240,8,0
227232,227238,227240,2,6
227232,227232,227241,9,0
227232,227232,227241,9,0
227232,227232,227241,9,0
227232,227232,227241,9,0
227232,227232,227240,8,0
227232,227232,227242,10,0
227232,227232,227241,9,0
227232,227232,227242,10,0
227232,227232,227242,10,0
227232,227232,227243,11,0
227232,227232,227245,13,0
227232,227232,227245,13,0
227232,227232,227245,13,0
227232,227232,227247,15,0
227257,227257,227259,2,0
227257,227257,227258,1,0
227257,227257,227259,2,0
227257,227257,227258,1,0
227257,227257,227259,2,0
227257,227257,227260,3,0
227257,227257,227260,3,0
227257,227257,227260,3,0
227257,227257,227259,2,0
227257,227257,227261,4,0
227257,227260,227261,1,3
227257,227259,227261,2,2
227257,227260,227261,1,3
227257,227260,227261,1,3
227257,227260,227261,1,3
227257,227257,227262,5,0
227257,227257,227262,5,0
227257,227261,227262,1,4
227257,227261,227262,1,4
227257,227257,227262,5,0
227257,227261,227262,1,4
227257,227257,227262,5,0
227257,227261,227262,1,4
227257,227262,227263,1,5
227257,227257,227263,6,0
227257,227262,227263,1,5
227257,227262,227263,1,5
227257,227257,227264,7,0
227257,227262,227263,1,5
227257,227257,227263,6,0
227257,227262,227263,1,5
227257,227263,227264,1,6
227257,227262,227263,1,5
227257,227257,227264,7,0
227257,227257,227264,7,0
227257,227257,227264,7,0
227257,227257,227264,7,0
227257,227257,227264,7,0
227257,227264,227265,1,7
227257,227257,227264,7,0
227257,227263,227264,1,6
227257,227257,227264,7,0
227257,227263,227264,1,6
227257,227263,227264,1,6
227257,227263,227264,1,6
227257,227257,227264,7,0
227257,227264,227265,1,7
227257,227264,227265,1,7
227257,227264,227265,1,7
227257,227263,227264,1,6
227257,227263,227264,1,6
227257,227264,227265,1,7
227257,227257,227265,8,0
227257,227257,227265,8,0
227257,227263,227265,2,6
227257,227257,227265,8,0
227257,227263,227265,2,6
227257,227264,227265,1,7
227257,227264,227265,1,7
227257,227264,227265,1,7
227257,227257,227265,8,0
227257,227257,227266,9,0
227257,227257,227266,9,0
227257,227265,227266,1,8
227257,227264,227266,2,7
227257,227257,227267,10,0
227257,227257,227267,10,0
227257,227257,227267,10,0
227257,227257,227267,10,0
227257,227265,227267,2,8
227257,227257,227268,11,0
227257,227257,227268,11,0
227257,227257,227270,13,0
227257,227257,227270,13,0
227257,227257,227271,14,0
227257,227257,227271,14,0
227257,227257,227272,15,0
227257,227257,227276,19,0
227257,227257,227279,22,0
227289,227289,227290,1,0
227289,227289,227290,1,0
227289,227289,227290,1,0
227289,227289,227291,2,0
227289,227289,227291,2,0
227289,227289,227291,2,0
227289,227289,227292,3,0
227289,227290,227292,2,1
227289,227289,227293,4,0
227289,227289,227293,4,0
227289,227290,227292,2,1
227289,227291,227293,2,2
227289,227291,227293,2,2
227289,227289,227294,5,0
227289,227289,227294,5,0
227289,227289,227294,5,0
227289,227289,227294,5,0
227289,227289,227294,5,0
227289,227289,227294,5,0
227289,227291,227294,3,2
227289,227291,227294,3,2
227289,227289,227294,5,0
227289,227289,227294,5,0
227289,227289,227294,5,0
227289,227292,227294,2,3
227289,227293,227294,1,4
227289,227289,227295,6,0
227289,227289,227295,6,0
227289,227289,227294,5,0
227289,227289,227295,6,0
227289,227293,227295,2,4
227289,227293,227295,2,4
227289,227289,227295,6,0
227289,227294,227295,1,5
227289,227289,227296,7,0
227289,227289,227296,7,0
227289,227294,227296,2,5
227289,227289,227296,7,0
227289,227289,227296,7,0
227289,227294,227296,2,5
227289,227295,227296,1,6
227289,227294,227296,2,5
227289,227294,227296,2,5
227289,227295,227296,1,6
227289,227295,227296,1,6
227289,227296,227297,1,7
227289,227295,227296,1,6
227289,227295,227296,1,6
227289,227296,227297,1,7
227289,227289,227296,7,0
227289,227289,227296,7,0
227289,227295,227296,1,6
227289,227296,227297,1,7
227289,227293,227297,4,4
227289,227289,227297,8,0
227289,227295,227297,2,6
227289,227294,227297,3,5
227289,227294,227297,3,5
227289,227289,227297,8,0
227289,227294,227297,3,5
227289,227295,227297,2,6
227289,227296,227297,1,7
227289,227296,227297,1,7
227289,227296,227297,1,7
227289,227289,227298,9,0
227289,227289,227298,9,0
227289,227289,227298,9,0
227289,227289,227298,9,0
227289,227289,227298,9,0
227289,227289,227299,10,0
227289,227289,227299,10,0
227289,227289,227300,11,0
227289,227289,227300,11,0
227289,227289,227300,11,0
227289,227289,227300,11,0
227289,227289,227301,12,0
227289,227289,227302,13,0
227313,227313,227314,1,0
227313,227313,227314,1,0
227313,227313,227314,1,0
227313,227313,227314,1,0
227313,227313,227314,1,0
227313,227314,227316,2,1
227313,227313,227316,3,0
227313,227314,227316,2,1
227313,227315,227317,2,2
227313,227315,227317,2,2
227313,227313,227318,5,0
227313,227313,227318,5,0
227313,227313,227317,4,0
227313,227315,227317,2,2
227313,227313,227318,5,0
227313,227316,227318,2,3
227313,227313,227318,5,0
227313,227316,227318,2,3
227313,227313,227319,6,0
227313,227313,227319,6,0
227313,227313,227319,6,0
227313,227313,227319,6,0
227313,227313,227318,5,0
227313,227317,227319,2,4
227313,227313,227318,5,0
227313,227313,227319,6,0
227313,227316,227318,2,3
227313,227313,227318,5,0
227313,227313,227319,6,0
227313,227318,227319,1,5
227313,227313,227319,6,0
227313,227313,227319,6,0
227313,227313,227319,6,0
227313,227313,227320,7,0
227313,227313,227320,7,0
227313,227313,227319,6,0
227313,227318,227319,1,5
227313,227319,227320,1,6
227313,227313,227320,7,0
227313,227319,227320,1,6
227313,227313,227320,7,0
227313,227318,227319,1,5
227313,227318,227319,1,5
227313,227319,227320,1,6
227313,227318,227319,1,5
227313,227313,227319,6,0
227313,227317,227319,2,4
227313,227313,227321,8,0
227313,227313,227320,7,0
227313,227313,227320,7,0
227313,227313,227320,7,0
227313,227319,227321,2,6
227313,227313,227321,8,0
227313,227313,227320,7,0
227313,227319,227320,1,6
227313,227319,227320,1,6
227313,227319,227320,1,6
227313,227319,227320,1,6
227313,227319,227320,1,6
227313,227319,227320,1,6
227313,227313,227321,8,0
227313,227320,227322,2,7
227313,227318,227321,3,5
227313,227313,227322,9,0
227313,227318,227322,4,5
227313,227320,227322,2,7
227313,227318,227322,4,5
227313,227319,227322,3,6
227313,227313,227322,9,0
227313,227313,227322,9,0
227313,227320,227323,3,7
227313,227319,227323,4,6
227313,227320,227322,2,7
227313,227320,227323,3,7
227313,227313,227324,11,0
227313,227313,227323,10,0
227313,227313,227324,11,0
227313,227313,227325,12,0
227313,227313,227324,11,0
227336,227336,227337,1,0
227336,227336,227337,1,0
227336,227336,227337,1,0
227336,227336,227337,1,0
227336,227336,227337,1,0
227336,227336,227339,3,0
227336,227336,227338,2,0
227336,227337,227339,2,1
227336,227336,227340,4,0
227336,227338,227340,2,2
227336,227337,227339,2,1
227336,227338,227340,2,2
227336,227337,227339,2,1
227336,227336,227340,4,0
227336,227336,227341,5,0
227336,227336,227340,4,0
227336,227336,227341,5,0
227336,227336,227340,4,0
227336,227336,227341,5,0
227336,227336,227341,5,0
227336,227339,227340,1,3
227336,227339,227340,1,3
227336,227336,227342,6,0
227336,227336,227341,5,0
227336,227336,227341,5,0
227336,227336,227341,5,0
227336,227336,227341,5,0
227336,227336,227341,5,0
227336,227336,227341,5,0
227336,227336,227341,5,0
227336,227340,227341,1,4
227336,227340,227341,1,4
227336,227341,227342,1,5
227336,227336,227341,5,0
227336,227340,227341,1,4
227336,227336,227341,5,0
227336,227340,227341,1,4
227336,227341,227342,1,5
227336,227336,227343,7,0
227336,227336,227342,6,0
227336,227339,227342,3,3
227336,227341,227343,2,5
227336,227336,227343,7,0
227336,227336,227342,6,0
227336,227341,227342,1,5
227336,227336,227343,7,0
227336,227341,227342,1,5
227336,227336,227344,8,0
227336,227340,227344,4,4
227336,227336,227343,7,0
227336,227341,227344,3,5
227336,227341,227343,2,5
227336,227341,227344,3,5
227336,227341,227344,3,5
227336,227342,227343,1,6
227336,227342,227344,2,6
227336,227336,227343,7,0
227336,227336,227343,7,0
227336,227336,227343,7,0
227336,227336,227343,7,0
227336,227342,227343,1,6
227336,227342,227343,1,6
227336,227336,227344,8,0
227336,227342,227343,1,6
227336,227342,227343,1,6
227336,227342,227344,2,6
227336,227336,227344,8,0
227336,227336,227344,8,0
227336,227342,227345,3,6
227336,227342,227344,2,6
227336,227342,227345,3,6
227336,227336,227344,8,0
227336,227342,227344,2,6
227336,227336,227344,8,0
227336,227336,227346,10,0
227336,227342,227345,3,6
227336,227342,227345,3,6
227336,227336,227346,10,0
227336,227336,227350,14,0
227360,227360,227361,1,0
227360,227360,227361,1,0
227360,227360,227361,1,0
227360,227360,227361,1,0
227360,227360,227362,2,0
227360,227361,227362,1,1
227360,227361,227362,1,1
227360,227361,227363,2,1
227360,227361,227363,2,1
227360,227360,227363,3,0
227360,227360,227363,3,0
227360,227360,227363,3,0
227360,227360,227363,3,0
227360,227360,227364,4,0
227360,227360,227364,4,0
227360,227362,227364,2,2
227360,227362,227364,2,2
227360,227362,227364,2,2
227360,227360,227365,5,0
227360,227360,227364,4,0
227360,227360,227365,5,0
227360,227360,227365,5,0
227360,227360,227365,5,0
227360,227360,227365,5,0
227360,227360,227365,5,0
227360,227363,227365,2,3
227360,227363,227365,2,3
227360,227360,227366,6,0
227360,227360,227366,6,0
227360,227360,227366,6,0
227360,227364,227366,2,4
227360,227360,227366,6,0
227360,227363,227366,3,3
227360,227360,227365,5,0
227360,227360,227366,6,0
227360,227364,227366,2,4
227360,227364,227366,2,4
227360,227365,227366,1,5
227360,227360,227367,7,0
227360,227365,227367,2,5
227360,227360,227367,7,0
227360,227360,227367,7,0
227360,227366,227367,1,6
227360,227360,227367,7,0
227360,227364,227367,3,4
227360,227365,227367,2,5
227360,227360,227366,6,0
227360,227365,227368,3,5
227360,227365,227368,3,5
227360,227365,227368,3,5
227360,227365,227368,3,5
227360,227365,227368,3,5
227360,227364,227368,4,4
227360,227364,227367,3,4
227360,227364,227368,4,4
227360,227360,227368,8,0
227360,227360,227368,8,0
227360,227366,227368,2,6
227360,227366,227368,2,6
227360,227360,227367,7,0
227360,227360,227368,8,0
227360,227366,227367,1,6
227360,227360,227368,8,0
227360,227366,227368,2,6
227360,227360,227368,8,0
227360,227366,227369,3,6
227360,227366,227369,3,6
227360,227364,227369,5,4
227360,227365,227369,4,5
227360,227360,227369,9,0
227360,227366,227369,3,6
227360,227360,227370,10,0
227360,227360,227370,10,0
227360,227360,227371,11,0
227360,227360,227371,11,0
227360,227360,227371,11,0
227360,227360,227372,12,0
227360,227360,227372,12,0
227360,227360,227375,15,0
227386,227386,227387,1,0
227386,227386,227387,1,0
227386,227386,227387,1,0
227386,227386,227387,1,0
227386,227386,227387,1,0
227386,227387,227389,2,1
227386,227386,227388,2,0
227386,227387,227388,1,1
227386,227387,227389,2,1
227386,227386,227389,3,0
227386,227386,227389,3,0
227386,227386,227390,4,0
227386,227386,227390,4,0
227386,227386,227390,4,0
227386,227386,227390,4,0
227386,227386,227389,3,0
227386,227388,227390,2,2
227386,227388,227390,2,2
227386,227386,227390,4,0
227386,227386,227391,5,0
227386,227386,227391,5,0
227386,227389,227390,1,3
227386,227386,227391,5,0
227386,227389,227390,1,3
227386,227389,227390,1,3
227386,227389,227390,1,3
227386,227386,227391,5,0
227386,227386,227392,6,0
227386,227386,227392,6,0
227386,227390,227391,1,4
227386,227386,227391,5,0
227386,227386,227391,5,0
227386,227391,227392,1,5
227386,227391,227392,1,5
227386,227386,227391,5,0
227386,227386,227393,7,0
227386,227390,227393,3,4
227386,227390,227393,3,4
227386,227390,227392,2,4
227386,227386,227392,6,0
227386,227391,227393,2,5
227386,227386,227392,6,0
227386,227390,227393,3,4
227386,227386,227393,7,0
227386,227386,227392,6,0
227386,227392,227393,1,6
227386,227392,227393,1,6
227386,227391,227392,1,5
227386,227391,227392,1,5
227386,227386,227393,7,0
227386,227390,227394,4,4
227386,227391,227394,3,5
227386,227392,227394,2,6
227386,227386,227394,8,0
227386,227392,227393,1,6
227386,227386,227393,7,0
227386,227386,227393,7,0
227386,227392,227393,1,6
227386,227392,227393,1,6
227386,227392,227393,1,6
227386,227386,227394,8,0
227386,227386,227394,8,0
227386,227392,227393,1,6
227386,227386,227395,9,0
227386,227391,227394,3,5
227386,227390,227394,4,4
227386,227391,227394,3,5
227386,227392,227395,3,6
227386,227386,227394,8,0
227386,227386,227394,8,0
227386,227390,227395,5,4
227386,227386,227397,11,0
227386,227386,227396,10,0
227386,227391,227397,6,5
227386,227386,227398,12,0
227386,227386,227399,13,0
227386,227386,227399,13,0
227386,227386,227400,14,0
227386,227386,227401,15,0
227412,227412,227413,1,0
227412,227412,227413,1,0
227412,227412,227413,1,0
227412,227412,227413,1,0
227412,227412,227413,1,0
227412,227412,227415,3,0
227412,227412,227415,3,0
227412,227413,227415,2,1
227412,227413,227415,2,1
227412,227413,227415,2,1
227412,227412,227416,4,0
227412,227412,227416,4,0
227412,227412,227416,4,0
227412,227412,227416,4,0
227412,227414,227416,2,2
227412,227414,227415,1,2
227412,227412,227416,4,0
227412,227412,227416,4,0
227412,227412,227417,5,0
227412,227412,227416,4,0
227412,227412,227417,5,0
227412,227412,227416,4,0
227412,227415,227416,1,3
227412,227412,227417,5,0
227412,227415,227416,1,3
227412,227415,227416,1,3
227412,227415,227416,1,3
227412,227412,227417,5,0
227412,227412,227418,6,0
227412,227412,227418,6,0
227412,227416,227417,1,4
227412,227412,227417,5,0
227412,227416,227417,1,4
227412,227412,227418,6,0
227412,227417,227418,1,5
227412,227412,227418,6,0
227412,227416,227418,2,4
227412,227416,227419,3,4
227412,227416,227418,2,4
227412,227416,227419,3,4
227412,227415,227418,3,3
227412,227412,227419,7,0
227412,227412,227418,6,0
227412,227412,227419,7,0
227412,227417,227418,1,5
227412,227412,227419,7,0
227412,227412,227419,7,0
227412,227417,227418,1,5
227412,227412,227419,7,0
227412,227417,227418,1,5
227412,227418,227419,1,6
227412,227417,227418,1,5
227412,227418,227419,1,6
227412,227418,227419,1,6
227412,227412,227420,8,0
227412,227417,227419,2,5
227412,227417,227419,2,5
227412,227412,227420,8,0
227412,227417,227419,2,5
227412,227417,227419,2,5
227412,227417,227419,2,5
227412,227418,227420,2,6
227412,227417,227419,2,5
227412,227412,227419,7,0
227412,227418,227419,1,6
227412,227418,227419,1,6
227412,227418,227419,1,6
227412,227418,227419,1,6
227412,227412,227420,8,0
227412,227412,227421,9,0
227412,227412,227420,8,0
227412,227412,227422,10,0
227412,227412,227423,11,0
227412,227412,227424,12,0
227412,227412,227423,11,0
227412,227412,227424,12,0
227412,227412,227425,13,0
227412,227412,227425,13,0
227412,227412,227426,14,0
227436,227436,227437,1,0
227436,227436,227437,1,0
227436,227436,227437,1,0
227436,227436,227437,1,0
227436,227436,227437,1,0
227436,227437,227439,2,1
227436,227438,227439,1,2
227436,227438,227439,1,2
227436,227436,227439,3,0
227436,227438,227439,1,2
227436,227436,227440,4,0
227436,227439,227440,1,3
227436,227436,227441,5,0
227436,227436,227441,5,0
227436,227436,227441,5,0
227436,227436,227441,5,0
227436,227436,227441,5,0
227436,227440,227442,2,4
227436,227436,227441,5,0
227436,227440,227441,1,4
227436,227436,227441,5,0
227436,227436,227441,5,0
227436,227436,227441,5,0
227436,227440,227441,1,4
227436,227436,227441,5,0
227436,227436,227442,6,0
227436,227436,227442,6,0
227436,227436,227442,6,0
227436,227436,227442,6,0
227436,227436,227442,6,0
227436,227436,227442,6,0
227436,227436,227442,6,0
227436,227442,227443,1,6
227436,227436,227442,6,0
227436,227440,227442,2,4
227436,227442,227443,1,6
227436,227436,227442,6,0
227436,227440,227442,2,4
227436,227441,227442,1,5
227436,227442,227443,1,6
227436,227442,227443,1,6
227436,227436,227443,7,0
227436,227441,227443,2,5
227436,227436,227443,7,0
227436,227442,227443,1,6
227436,227442,227443,1,6
227436,227436,227443,7,0
227436,227442,227443,1,6
227436,227442,227443,1,6
227436,227436,227443,7,0
227436,227442,227443,1,6
227436,227443,227444,1,7
227436,227436,227443,7,0
227436,227443,227444,1,7
227436,227436,227444,8,0
227436,227443,227444,1,7
227436,227442,227444,2,6
227436,227442,227444,2,6
227436,227442,227444,2,6
227436,227436,227444,8,0
227436,227443,227444,1,7
227436,227436,227444,8,0
227436,227436,227444,8,0
227436,227443,227444,1,7
227436,227443,227445,2,7
227436,227443,227445,2,7
227436,227443,227445,2,7
227436,227436,227445,9,0
227436,227443,227445,2,7
227436,227443,227445,2,7
227436,227436,227446,10,0
227436,227442,227445,3,6
227436,227436,227446,10,0
227436,227436,227447,11,0
227436,227436,227447,11,0
227436,227436,227447,11,0
227436,227436,227448,12,0
227436,227436,227449,13,0
227436,227436,227449,13,0
227460,227461,227462,1,1
227460,227461,227462,1,1
227460,227461,227462,1,1
227460,227461,227462,1,1
227460,227461,227462,1,1
227460,227461,227463,2,1
227460,227461,227463,2,1
227460,227461,227463,2,1
227460,227462,227463,1,2
227460,227461,227464,3,1
227460,227461,227463,2,1
227460,227461,227464,3,1
227460,227461,227464,3,1
227460,227463,227464,1,3
227460,227463,227464,1,3
227460,227463,227464,1,3
227460,227463,227464,1,3
227460,227464,227465,1,4
227460,227465,227466,1,5
227460,227464,227465,1,4
227460,227461,227467,6,1
227460,227465,227466,1,5
227460,227461,227466,5,1
227460,227461,227466,5,1
227460,227465,227466,1,5
227460,227461,227466,5,1
227460,227466,227467,1,6
227460,227466,227467,1,6
227460,227461,227467,6,1
227460,227461,227467,6,1
227460,227465,227466,1,5
227460,227466,227467,1,6
227460,227461,227467,6,1
227460,227464,227467,3,4
227460,227464,227467,3,4
227460,227464,227467,3,4
227460,227465,227468,3,5
227460,227465,227467,2,5
227460,227461,227467,6,1
227460,227461,227468,7,1
227460,227461,227467,6,1
227460,227461,227467,6,1
227460,227467,227468,1,7
227460,227461,227467,6,1
227460,227467,227468,1,7
227460,227467,227468,1,7
227460,227467,227468,1,7
227460,227461,227468,7,1
227460,227461,227469,8,1
227460,227461,227468,7,1
227460,227464,227468,4,4
227460,227461,227469,8,1
227460,227461,227469,8,1
227460,227467,227468,1,7
227460,227461,227468,7,1
227460,227461,227469,8,1
227460,227467,227468,1,7
227460,227461,227468,7,1
227460,227467,227468,1,7
227460,227467,227468,1,7
227460,227467,227468,1,7
227460,227467,227468,1,7
227460,227467,227468,1,7
227460,227467,227470,3,7
227460,227461,227470,9,1
227460,227461,227469,8,1
227460,227461,227469,8,1
227460,227461,227469,8,1
227460,227468,227470,2,8
227460,227461,227471,10,1
227460,227461,227470,9,1
227460,227461,227470,9,1
227460,227468,227470,2,8
227460,227468,227471,3,8
227460,227461,227470,9,1
227460,227461,227471,10,1
227460,227461,227474,13,1
227460,227461,227475,14,1
227460,227461,227475,14,1
227486,227486,227487,1,0
227486,227486,227487,1,0
227486,227486,227487,1,0
227486,227486,227487,1,0
227486,227486,227487,1,0
227486,227486,227488,2,0
227486,227486,227490,4,0
227486,227488,227490,2,2
227486,227488,227490,2,2
227486,227488,227490,2,2
227486,227488,227490,2,2
227486,227488,227490,2,2
227486,227486,227491,5,0
227486,227486,227491,5,0
227486,227486,227491,5,0
227486,227486,227491,5,0
227486,227486,227491,5,0
227486,227486,227491,5,0
227486,227486,227491,5,0
227486,227489,227491,2,3
227486,227486,227492,6,0
227486,227486,227491,5,0
227486,227486,227492,6,0
227486,227486,227492,6,0
227486,227486,227491,5,0
227486,227486,227492,6,0
227486,227490,227492,2,4
227486,227490,227492,2,4
227486,227486,227492,6,0
227486,227490,227492,2,4
227486,227490,227492,2,4
227486,227491,227492,1,5
227486,227486,227492,6,0
227486,227490,227492,2,4
227486,227486,227493,7,0
227486,227486,227493,7,0
227486,227486,227493,7,0
227486,227486,227493,7,0
227486,227492,227493,1,6
227486,227486,227493,7,0
227486,227486,227493,7,0
227486,227486,227493,7,0
227486,227486,227493,7,0
227486,227492,227493,1,6
227486,227486,227493,7,0
227486,227486,227493,7,0
227486,227486,227493,7,0
227486,227493,227494,1,7
227486,227490,227494,4,4
227486,227486,227494,8,0
227486,227486,227494,8,0
227486,227491,227494,3,5
227486,227491,227494,3,5
227486,227486,227494,8,0
227486,227491,227494,3,5
227486,227486,227494,8,0
227486,227492,227494,2,6
227486,227493,227494,1,7
227486,227493,227494,1,7
227486,227493,227494,1,7
227486,227493,227494,1,7
227486,227492,227495,3,6
227486,227492,227495,3,6
227486,227486,227495,9,0
227486,227492,227495,3,6
227486,227486,227495,9,0
227486,227491,227495,4,5
227486,227492,227495,3,6
227486,227491,227495,4,5
227486,227491,227495,4,5
227486,227486,227496,10,0
227486,227486,227496,10,0
227486,227492,227496,4,6
227486,227486,227497,11,0
227486,227486,227497,11,0
227486,227486,227501,15,0
227512,227512,227513,1,0
227512,227512,227513,1,0
227512,227512,227513,1,0
227512,227512,227514,2,0
227512,227512,227513,1,0
227512,227513,227515,2,1
227512,227512,227515,3,0
227512,227513,227515,2,1
227512,227512,227516,4,0
227512,227512,227516,4,0
227512,227514,227516,2,2
227512,227513,227516,3,1
227512,227514,227516,2,2
227512,227512,227517,5,0
227512,227512,227517,5,0
227512,227512,227517,5,0
227512,227512,227517,5,0
227512,227515,227517,2,3
227512,227515,227517,2,3
227512,227515,227517,2,3
227512,227512,227518,6,0
227512,227516,227518,2,4
227512,227512,227518,6,0
227512,227516,227518,2,4
227512,227512,227518,6,0
227512,227516,227518,2,4
227512,227512,227518,6,0
227512,227512,227519,7,0
227512,227512,227519,7,0
227512,227512,227519,7,0
227512,227516,227519,3,4
227512,227512,227519,7,0
227512,227512,227519,7,0
227512,227518,227519,1,6
227512,227518,227519,1,6
227512,227512,227519,7,0
227512,227518,227519,1,6
227512,227518,227519,1,6
227512,227518,227519,1,6
227512,227519,227520,1,7
227512,227512,227520,8,0
227512,227516,227520,4,4
227512,227512,227520,8,0
227512,227518,227520,2,6
227512,227519,227520,1,7
227512,227519,227520,1,7
227512,227512,227520,8,0
227512,227520,227521,1,8
227512,227520,227521,1,8
227512,227512,227520,8,0
227512,227518,227521,3,6
227512,227512,227521,9,0
227512,227519,227521,2,7
227512,227512,227521,9,0
227512,227512,227521,9,0
227512,227512,227521,9,0
227512,227517,227521,4,5
227512,227517,227521,4,5
227512,227512,227521,9,0
227512,227512,227521,9,0
227512,227512,227521,9,0
227512,227520,227521,1,8
227512,227512,227521,9,0
227512,227512,227522,10,0
227512,227512,227521,9,0
227512,227512,227522,10,0
227512,227512,227522,10,0
227512,227519,227522,3,7
227512,227512,227522,10,0
227512,227519,227521,2,7
227512,227519,227522,3,7
227512,227512,227522,10,0
227512,227512,227523,11,0
227512,227512,227524,12,0
227512,227512,227524,12,0
227512,227512,227526,14,0
227537,227537,227538,1,0
227537,227537,227538,1,0
227537,227537,227538,1,0
227537,227537,227538,1,0
227537,227537,227538,1,0
227537,227538,227540,2,1
227537,227537,227540,3,0
227537,227537,227541,4,0
227537,227537,227541,4,0
227537,227539,227541,2,2
227537,227538,227541,3,1
227537,227538,227541,3,1
227537,227540,227541,1,3
227537,227538,227541,3,1
227537,227537,227542,5,0
227537,227537,227542,5,0
227537,227537,227541,4,0
227537,227537,227542,5,0
227537,227537,227542,5,0
227537,227541,227542,1,4
227537,227537,227543,6,0
227537,227537,227543,6,0
227537,227541,227543,2,4
227537,227537,227543,6,0
227537,227542,227543,1,5
227537,227537,227543,6,0
227537,227542,227543,1,5
227537,227542,227543,1,5
227537,227537,227544,7,0
227537,227541,227544,3,4
227537,227537,227544,7,0
227537,227537,227543,6,0
227537,227537,227544,7,0
227537,227541,227544,3,4
227537,227541,227544,3,4
227537,227537,227544,7,0
227537,227544,227545,1,7
227537,227537,227545,8,0
227537,227543,227544,1,6
227537,227544,227545,1,7
227537,227537,227544,7,0
227537,227537,227544,7,0
227537,227543,227544,1,6
227537,227542,227545,3,5
227537,227543,227545,2,6
227537,227542,227545,3,5
227537,227537,227546,9,0
227537,227537,227545,8,0
227537,227537,227545,8,0
227537,227544,227545,1,7
227537,227545,227546,1,8
227537,227537,227545,8,0
227537,227544,227545,1,7
227537,227544,227545,1,7
227537,227542,227546,4,5
227537,227537,227546,9,0
227537,227542,227546,4,5
227537,227545,227546,1,8
227537,227544,227546,2,7
227537,227545,227546,1,8
227537,227537,227546,9,0
227537,227545,227546,1,8
227537,227537,227546,9,0
227537,227537,227546,9,0
227537,227537,227547,10,0
227537,227537,227547,10,0
227537,227537,227547,10,0
227537,227545,227547,2,8
227537,227537,227547,10,0
227537,227545,227547,2,8
227537,227537,227547,10,0
227537,227537,227548,11,0
227537,227537,227550,13,0
227537,227537,227550,13,0
227537,227537,227550,13,0
227537,227537,227550,13,0
227537,227537,227551,14,0
227562,227563,227564,1,1
227562,227563,227564,1,1
227562,227563,227564,1,1
227562,227563,227564,1,1
227562,227563,227566,3,1
227562,227564,227566,2,2
227562,227564,227565,1,2
227562,227563,227567,4,1
227562,227563,227566,3,1
227562,227565,227566,1,3
227562,227565,227566,1,3
227562,227565,227567,2,3
227562,227565,227566,1,3
227562,227563,227568,5,1
227562,227563,227568,5,1
227562,227566,227568,2,4
227562,227566,227568,2,4
227562,227563,227567,4,1
227562,227563,227568,5,1
227562,227563,227568,5,1
227562,227563,227568,5,1
227562,227563,227568,5,1
227562,227563,227568,5,1
227562,227567,227569,2,5
227562,227567,227568,1,5
227562,227567,227568,1,5
227562,227563,227568,5,1
227562,227563,227568,5,1
227562,227568,227569,1,6
227562,227563,227569,6,1
227562,227567,227568,1,5
227562,227563,227569,6,1
227562,227563,227569,6,1
227562,227563,227570,7,1
227562,227563,227569,6,1
227562,227563,227569,6,1
227562,227563,227569,6,1
227562,227569,227570,1,7
227562,227563,227569,6,1
227562,227568,227569,1,6
227562,227568,227569,1,6
227562,227563,227570,7,1
227562,227569,227570,1,7
227562,227569,227570,1,7
227562,227568,227569,1,6
227562,227569,227570,1,7
227562,227569,227570,1,7
227562,227563,227570,7,1
227562,227567,227570,3,5
227562,227568,227570,2,6
227562,227563,227570,7,1
227562,227567,227570,3,5
227562,227566,227570,4,4
227562,227563,227570,7,1
227562,227569,227570,1,7
227562,227569,227570,1,7
227562,227563,227570,7,1
227562,227569,227570,1,7
227562,227563,227571,8,1
227562,227569,227571,2,7
227562,227569,227571,2,7
227562,227569,227571,2,7
227562,227569,227571,2,7
227562,227569,227571,2,7
227562,227570,227571,1,8
227562,227563,227571,8,1
227562,227563,227571,8,1
227562,227570,227572,2,8
227562,227563,227572,9,1
227562,227563,227573,10,1
227562,227563,227573,10,1
227562,227563,227573,10,1
227562,227563,227573,10,1
227562,227563,227574,11,1
227562,227563,227573,10,1
227562,227563,227575,12,1
227562,227563,227577,14,1
227589,227589,227590,1,0
227589,227589,227590,1,0
227589,227589,227590,1,0
227589,227589,227590,1,0
227589,227589,227590,1,0
227589,227589,227590,1,0
227589,227590,227591,1,1
227589,227590,227592,2,1
227589,227590,227592,2,1
227589,227589,227593,4,0
227589,227589,227593,4,0
227589,227591,227593,2,2
227589,227591,227593,2,2
227589,227591,227593,2,2
227589,227589,227594,5,0
227589,227589,227594,5,0
227589,227589,227593,4,0
227589,227589,227593,4,0
227589,227589,227594,5,0
227589,227589,227593,4,0
227589,227592,227594,2,3
227589,227592,227594,2,3
227589,227592,227594,2,3
227589,227589,227594,5,0
227589,227593,227595,2,4
227589,227589,227595,6,0
227589,227589,227595,6,0
227589,227593,227595,2,4
227589,227589,227595,6,0
227589,227589,227594,5,0
227589,227589,227594,5,0
227589,227594,227595,1,5
227589,227589,227595,6,0
227589,227593,227595,2,4
227589,227589,227595,6,0
227589,227595,227596,1,6
227589,227589,227596,7,0
227589,227589,227596,7,0
227589,227594,227595,1,5
227589,227595,227596,1,6
227589,227589,227596,7,0
227589,227595,227596,1,6
227589,227595,227596,1,6
227589,227589,227596,7,0
227589,227593,227595,2,4
227589,227594,227595,1,5
227589,227589,227596,7,0
227589,227589,227596,7,0
227589,227593,227597,4,4
227589,227589,227596,7,0
227589,227594,227596,2,5
227589,227589,227597,8,0
227589,227594,227597,3,5
227589,227594,227597,3,5
227589,227589,227597,8,0
227589,227594,227597,3,5
227589,227589,227596,7,0
227589,227594,227597,3,5
227589,227589,227597,8,0
227589,227589,227596,7,0
227589,227595,227597,2,6
227589,227589,227597,8,0
227589,227595,227596,1,6
227589,227595,227596,1,6
227589,227595,227596,1,6
227589,227595,227596,1,6
227589,227595,227596,1,6
227589,227589,227598,9,0
227589,227589,227597,8,0
227589,227589,227598,9,0
227589,227589,227597,8,0
227589,227596,227598,2,7
227589,227594,227598,4,5
227589,227589,227598,9,0
227589,227589,227599,10,0
227589,227596,227598,2,7
227589,227589,227600,11,0
227589,227589,227599,10,0
227589,227589,227600,11,0
227611,227611,227612,1,0
227611,227611,227612,1,0
227611,227611,227612,1,0
227611,227611,227612,1,0
227611,227611,227612,1,0
227611,227611,227612,1,0
227611,227611,227614,3,0
227611,227611,227614,3,0
227611,227612,227614,2,1
227611,227612,227614,2,1
227611,227612,227614,2,1
227611,227612,227614,2,1
227611,227611,227615,4,0
227611,227613,227615,2,2
227611,227611,227615,4,0
227611,227614,227615,1,3
227611,227611,227615,4,0
227611,227615,227616,1,4
227611,227611,227616,5,0
227611,227615,227616,1,4
227611,227615,227616,1,4
227611,227611,227617,6,0
227611,227615,227616,1,4
227611,227611,227617,6,0
227611,227611,227617,6,0
227611,227616,227617,1,5
227611,227611,227617,6,0
227611,227611,227617,6,0
227611,227611,227617,6,0
227611,227616,227617,1,5
227611,227616,227617,1,5
227611,227617,227618,1,6
227611,227617,227618,1,6
227611,227611,227618,7,0
227611,227611,227618,7,0
227611,227615,227618,3,4
227611,227611,227618,7,0
227611,227611,227618,7,0
227611,227614,227618,4,3
227611,227611,227618,7,0
227611,227614,227618,4,3
227611,227611,227618,7,0
227611,227611,227618,7,0
227611,227611,227618,7,0
227611,227617,227618,1,6
227611,227618,227619,1,7
227611,227611,227618,7,0
227611,227617,227618,1,6
227611,227618,227619,1,7
227611,227618,227619,1,7
227611,227611,227618,7,0
227611,227617,227618,1,6
227611,227618,227619,1,7
227611,227618,227619,1,7
227611,227611,227619,8,0
227611,227611,227619,8,0
227611,227616,227619,3,5
227611,227611,227619,8,0
227611,227611,227619,8,0
227611,227618,227619,1,7
227611,227618,227619,1,7
227611,227618,227619,1,7
227611,227617,227620,3,6
227611,227611,227620,9,0
227611,227611,227620,9,0
227611,227618,227620,2,7
227611,227611,227620,9,0
227611,227611,227621,10,0
227611,227611,227621,10,0
227611,227611,227622,11,0
227611,227611,227622,11,0
227611,227611,227622,11,0
227611,227611,227623,12,0
227611,227611,227623,12,0
227611,227611,227623,12,0
227611,227611,227625,14,0
227635,227636,227637,1,1
227635,227635,227636,1,0
227635,227636,227637,1,1
227635,227637,227638,1,2
227635,227637,227638,1,2
227635,227635,227638,3,0
227635,227636,227638,2,1
227635,227637,227638,1,2
227635,227638,227639,1,3
227635,227638,227639,1,3
227635,227636,227639,3,1
227635,227638,227639,1,3
227635,227636,227639,3,1
227635,227636,227640,4,1
227635,227636,227640,4,1
227635,227636,227640,4,1
227635,227636,227640,4,1
227635,227636,227640,4,1
227635,227636,227640,4,1
227635,227639,227640,1,4
227635,227639,227640,1,4
227635,227639,227640,1,4
227635,227639,227640,1,4
227635,227639,227640,1,4
227635,227636,227642,6,1
227635,227636,227642,6,1
227635,227640,227641,1,5
227635,227640,227641,1,5
227635,227636,227642,6,1
227635,227636,227641,5,1
227635,227636,227641,5,1
227635,227636,227641,5,1
227635,227640,227641,1,5
227635,227640,227643,3,5
227635,227636,227642,6,1
227635,227641,227642,1,6
227635,227642,227643,1,7
227635,227636,227643,7,1
227635,227641,227642,1,6
227635,227642,227643,1,7
227635,227642,227643,1,7
227635,227636,227642,6,1
227635,227641,227643,2,6
227635,227641,227643,2,6
227635,227636,227643,7,1
227635,227641,227642,1,6
227635,227642,227643,1,7
227635,227641,227642,1,6
227635,227642,227643,1,7
227635,227641,227643,2,6
227635,227641,227643,2,6
227635,227641,227643,2,6
227635,227642,227643,1,7
227635,227642,227643,1,7
227635,227642,227643,1,7
227635,227636,227645,9,1
227635,227636,227644,8,1
227635,227641,227644,3,6
227635,227636,227644,8,1
227635,227636,227644,8,1
227635,227636,227644,8,1
227635,227642,227645,3,7
227635,227636,227645,9,1
227635,227636,227645,9,1
227635,227636,227645,9,1
227635,227636,227645,9,1
227635,227636,227646,10,1
227635,227636,227645,9,1
227635,227643,227645,2,8
227635,227636,227646,10,1
227635,227636,227646,10,1
227635,227636,227646,10,1
227635,227636,227646,10,1
227635,227636,227647,11,1
227635,227636,227647,11,1
227635,227636,227649,13,1
227635,227636,227650,14,1
227635,227636,227653,17,1
227665,227665,227666,1,0
227665,227665,227666,1,0
227665,227665,227667,2,0
227665,227665,227666,1,0
227665,227665,227666,1,0
227665,227665,227667,2,0
227665,227667,227668,1,2
227665,227667,227668,1,2
227665,227665,227669,4,0
227665,227667,227668,1,2
227665,227667,227668,1,2
227665,227667,227668,1,2
227665,227667,227668,1,2
227665,227668,227669,1,3
227665,227665,227669,4,0
227665,227665,227669,4,0
227665,227665,227669,4,0
227665,227665,227670,5,0
227665,227669,227670,1,4
227665,227665,227670,5,0
227665,227665,227669,4,0
227665,227669,227670,1,4
227665,227665,227671,6,0
227665,227665,227670,5,0
227665,227665,227671,6,0
227665,227669,227670,1,4
227665,227665,227671,6,0
227665,227665,227671,6,0
227665,227669,227671,2,4
227665,227665,227670,5,0
227665,227669,227670,1,4
227665,227669,227670,1,4
227665,227665,227671,6,0
227665,227669,227670,1,4
227665,227665,227670,5,0
227665,227665,227671,6,0
227665,227670,227672,2,5
227665,227665,227671,6,0
227665,227665,227672,7,0
227665,227665,227672,7,0
227665,227670,227671,1,5
227665,227670,227672,2,5
227665,227670,227671,1,5
227665,227671,227672,1,6
227665,227670,227672,2,5
227665,227671,227672,1,6
227665,227670,227672,2,5
227665,227670,227671,1,5
227665,227665,227672,7,0
227665,227665,227672,7,0
227665,227665,227673,8,0
227665,227670,227672,2,5
227665,227665,227673,8,0
227665,227665,227673,8,0
227665,227671,227672,1,6
227665,227671,227672,1,6
227665,227671,227673,2,6
227665,227671,227673,2,6
227665,227671,227673,2,6
227665,227671,227672,1,6
227665,227671,227672,1,6
227665,227671,227672,1,6
227665,227671,227672,1,6
227665,227671,227673,2,6
227665,227665,227673,8,0
227665,227665,227674,9,0
227665,227665,227674,9,0
227665,227665,227674,9,0
227665,227665,227675,10,0
227665,227665,227674,9,0
227665,227671,227674,3,6
227665,227665,227675,10,0
227665,227665,227677,12,0
227665,227665,227677,12,0
227665,227665,227677,12,0
227665,227665,227677,12,0
227665,227665,227684,19,0
227665,227665,227683,18,0
227665,227665,227693,28,0
227705,227705,227706,1,0
227705,227705,227706,1,0
227705,227705,227706,1,0
227705,227705,227706,1,0
227705,227705,227706,1,0
227705,227705,227706,1,0
227705,227706,227707,1,1
227705,227706,227707,1,1
227705,227706,227707,1,1
227705,227707,227708,1,2
227705,227707,227708,1,2
227705,227707,227708,1,2
227705,227707,227708,1,2
227705,227705,227709,4,0
227705,227705,227710,5,0
227705,227705,227709,4,0
227705,227708,227709,1,3
227705,227705,227709,4,0
227705,227705,227709,4,0
227705,227705,227709,4,0
227705,227705,227710,5,0
227705,227708,227710,2,3
227705,227705,227710,5,0
227705,227705,227710,5,0
227705,227705,227710,5,0
227705,227709,227710,1,4
227705,227709,227710,1,4
227705,227705,227711,6,0
227705,227709,227711,2,4
227705,227705,227711,6,0
227705,227705,227710,5,0
227705,227705,227710,5,0
227705,227709,227710,1,4
227705,227705,227711,6,0
227705,227705,227711,6,0
227705,227705,227711,6,0
227705,227705,227711,6,0
227705,227710,227711,1,5
227705,227705,227712,7,0
227705,227709,227711,2,4
227705,227710,227711,1,5
227705,227705,227711,6,0
227705,227710,227712,2,5
227705,227710,227711,1,5
227705,227710,227712,2,5
227705,227711,227712,1,6
227705,227711,227712,1,6
227705,227710,227711,1,5
227705,227711,227712,1,6
227705,227711,227712,1,6
227705,227705,227712,7,0
227705,227705,227712,7,0
227705,227705,227712,7,0
227705,227705,227712,7,0
227705,227705,227713,8,0
227705,227705,227713,8,0
227705,227710,227713,3,5
227705,227705,227712,7,0
227705,227705,227712,7,0
227705,227710,227712,2,5
227705,227711,227712,1,6
227705,227711,227712,1,6
227705,227711,227713,2,6
227705,227711,227712,1,6
227705,227711,227713,2,6
227705,227711,227712,1,6
227705,227712,227714,2,7
227705,227705,227714,9,0
227705,227705,227713,8,0
227705,227712,227714,2,7
227705,227705,227713,8,0
227705,227705,227714,9,0
227705,227705,227715,10,0
227705,227705,227717,12,0
227705,227705,227717,12,0
227705,227705,227718,13,0
227705,227711,227718,7,6
227705,227705,227720,15,0
227705,227705,227722,17,0
227732,227732,227733,1,0
227732,227732,227734,2,0
227732,227732,227733,1,0
227732,227732,227733,1,0
227732,227732,227733,1,0
227732,227734,227736,2,2
227732,227732,227736,4,0
227732,227734,227736,2,2
227732,227732,227735,3,0
227732,227732,227736,4,0
227732,227732,227736,4,0
227732,227732,227737,5,0
227732,227732,227737,5,0
227732,227734,227736,2,2
227732,227734,227736,2,2
227732,227734,227736,2,2
227732,227736,227737,1,4
227732,227732,227737,5,0
227732,227732,227737,5,0
227732,227732,227737,5,0
227732,227732,227737,5,0
227732,227732,227738,6,0
227732,227732,227737,5,0
227732,227736,227737,1,4
227732,227732,227738,6,0
227732,227732,227737,5,0
227732,227737,227738,1,5
227732,227732,227737,5,0
227732,227736,227737,1,4
227732,227732,227737,5,0
227732,227736,227737,1,4
227732,227737,227738,1,5
227732,227732,227738,6,0
227732,227732,227739,7,0
227732,227732,227738,6,0
227732,227732,227739,7,0
227732,227732,227738,6,0
227732,227732,227739,7,0
227732,227732,227739,7,0
227732,227737,227738,1,5
227732,227732,227738,6,0
227732,227738,227739,1,6
227732,227732,227739,7,0
227732,227738,227739,1,6
227732,227738,227739,1,6
227732,227732,227739,7,0
227732,227737,227738,1,5
227732,227738,227739,1,6
227732,227738,227739,1,6
227732,227738,227739,1,6
227732,227738,227739,1,6
227732,227732,227739,7,0
227732,227737,227740,3,5
227732,227737,227739,2,5
227732,227732,227739,7,0
227732,227737,227740,3,5
227732,227732,227739,7,0
227732,227738,227740,2,6
227732,227738,227740,2,6
227732,227738,227740,2,6
227732,227732,227739,7,0
227732,227732,227739,7,0
227732,227738,227739,1,6
227732,227738,227739,1,6
227732,227738,227739,1,6
227732,227732,227740,8,0
227732,227739,227741,2,7
227732,227738,227740,2,6
227732,227739,227741,2,7
227732,227737,227741,4,5
227732,227732,227740,8,0
227732,227738,227740,2,6
227732,227732,227740,8,0
227732,227739,227741,2,7
227732,227732,227743,11,0
227732,227732,227742,10,0
227732,227732,227742,10,0
227732,227732,227743,11,0
227732,227732,227742,10,0
227754,227754,227755,1,0
227754,227754,227755,1,0
227754,227754,227755,1,0
227754,227754,227755,1,0
227754,227754,227755,1,0
227754,227756,227757,1,2
227754,227754,227758,4,0
227754,227756,227758,2,2
227754,227756,227757,1,2
227754,227755,227757,2,1
227754,227754,227759,5,0
227754,227754,227759,5,0
227754,227754,227758,4,0
227754,227754,227758,4,0
227754,227754,227758,4,0
227754,227754,227758,4,0
227754,227756,227758,2,2
227754,227757,227759,2,3
227754,227754,227758,4,0
227754,227754,227759,5,0
227754,227754,227759,5,0
227754,227754,227759,5,0
227754,227758,227760,2,4
227754,227754,227760,6,0
227754,227754,227760,6,0
227754,227758,227759,1,4
227754,227754,227760,6,0
227754,227758,227760,2,4
227754,227759,227760,1,5
227754,227754,227761,7,0
227754,227754,227761,7,0
227754,227754,227761,7,0
227754,227754,227760,6,0
227754,227754,227761,7,0
227754,227759,227760,1,5
227754,227754,227761,7,0
227754,227754,227761,7,0
227754,227759,227761,2,5
227754,227760,227761,1,6
227754,227754,227761,7,0
227754,227754,227760,6,0
227754,227760,227761,1,6
227754,227754,227760,6,0
227754,227754,227761,7,0
227754,227760,227761,1,6
227754,227760,227761,1,6
227754,227760,227761,1,6
227754,227760,227761,1,6
227754,227760,227761,1,6
227754,227754,227762,8,0
227754,227759,227761,2,5
227754,227754,227762,8,0
227754,227759,227761,2,5
227754,227759,227762,3,5
227754,227754,227762,8,0
227754,227759,227761,2,5
227754,227759,227762,3,5
227754,227754,227762,8,0
227754,227759,227761,2,5
227754,227760,227762,2,6
227754,227760,227761,1,6
227754,227761,227762,1,7
227754,227761,227762,1,7
227754,227754,227763,9,0
227754,227758,227763,5,4
227754,227761,227763,2,7
227754,227754,227763,9,0
227754,227760,227763,3,6
227754,227761,227763,2,7
227754,227761,227763,2,7
227754,227754,227762,8,0
227754,227761,227763,2,7
227754,227754,227763,9,0
227754,227754,227763,9,0
227754,227754,227763,9,0
227754,227754,227764,10,0
227754,227754,227764,10,0
227754,227754,227766,12,0
227754,227754,227765,11,0
227777,227777,227778,1,0
227777,227777,227778,1,0
227777,227777,227778,1,0
227777,227777,227778,1,0
227777,227777,227778,1,0
227777,227777,227780,3,0
227777,227778,227780,2,1
227777,227777,227779,2,0
227777,227778,227779,1,1
227777,227777,227781,4,0
227777,227777,227780,3,0
227777,227777,227780,3,0
227777,227777,227780,3,0
227777,227779,227780,1,2
227777,227777,227781,4,0
227777,227779,227780,1,2
227777,227779,227780,1,2
227777,227777,227781,4,0
227777,227777,227782,5,0
227777,227777,227781,4,0
227777,227777,227782,5,0
227777,227777,227782,5,0
227777,227777,227782,5,0
227777,227777,227781,4,0
227777,227781,227782,1,4
227777,227777,227781,4,0
227777,227781,227782,1,4
227777,227780,227782,2,3
227777,227780,227781,1,3
227777,227777,227783,6,0
227777,227777,227782,5,0
227777,227777,227782,5,0
227777,227780,227782,2,3
227777,227780,227782,2,3
227777,227781,227782,1,4
227777,227781,227782,1,4
227777,227777,227782,5,0
227777,227781,227783,2,4
227777,227777,227782,5,0
227777,227782,227783,1,5
227777,227777,227783,6,0
227777,227782,227783,1,5
227777,227782,227783,1,5
227777,227777,227783,6,0
227777,227782,227783,1,5
227777,227782,227783,1,5
227777,227777,227784,7,0
227777,227777,227783,6,0
227777,227781,227784,3,4
227777,227777,227783,6,0
227777,227781,227783,2,4
227777,227782,227784,2,5
227777,227777,227783,6,0
227777,227782,227784,2,5
227777,227777,227784,7,0
227777,227777,227784,7,0
227777,227777,227784,7,0
227777,227783,227784,1,6
227777,227777,227784,7,0
227777,227777,227784,7,0
227777,227783,227785,2,6
227777,227777,227784,7,0
227777,227783,227785,2,6
227777,227777,227785,8,0
227777,227782,227784,2,5
227777,227782,227784,2,5
227777,227783,227784,1,6
227777,227783,227784,1,6
227777,227777,227785,8,0
227777,227777,227785,8,0
227777,227783,227785,2,6
227777,227777,227786,9,0
227777,227777,227786,9,0
227777,227777,227787,10,0
227777,227781,227787,6,4
227777,227777,227787,10,0
227777,227782,227788,6,5
227777,227782,227788,6,5
227777,227782,227788,6,5
227800,227800,227801,1,0
227800,227800,227802,2,0
227800,227800,227802,2,0
227800,227800,227801,1,0
227800,227800,227802,2,0
227800,227801,227802,1,1
227800,227800,227803,3,0
227800,227802,227803,1,2
227800,227802,227803,1,2
227800,227800,227804,4,0
227800,227800,227804,4,0
227800,227800,227804,4,0
227800,227800,227804,4,0
227800,227800,227804,4,0
227800,227802,227803,1,2
227800,227800,227804,4,0
227800,227802,227804,2,2
227800,227802,227803,1,2
227800,227800,227804,4,0
227800,227800,227805,5,0
227800,227800,227805,5,0
227800,227800,227804,4,0
227800,227800,227805,5,0
227800,227800,227805,5,0
227800,227800,227805,5,0
227800,227804,227805,1,4
227800,227804,227805,1,4
227800,227800,227806,6,0
227800,227800,227806,6,0
227800,227800,227806,6,0
227800,227800,227806,6,0
227800,227800,227806,6,0
227800,227800,227806,6,0
227800,227805,227806,1,5
227800,227800,227806,6,0
227800,227800,227806,6,0
227800,227805,227806,1,5
227800,227800,227806,6,0
227800,227806,227807,1,6
227800,227806,227807,1,6
227800,227800,227806,6,0
227800,227805,227806,1,5
227800,227806,227807,1,6
227800,227804,227806,2,4
227800,227806,227807,1,6
227800,227804,227807,3,4
227800,227800,227807,7,0
227800,227804,227807,3,4
227800,227805,227807,2,5
227800,227804,227807,3,4
227800,227804,227807,3,4
227800,227806,227807,1,6
227800,227800,227808,8,0
227800,227805,227808,3,5
227800,227807,227808,1,7
227800,227800,227807,7,0
227800,227807,227808,1,7
227800,227800,227807,7,0
227800,227800,227808,8,0
227800,227806,227807,1,6
227800,227800,227808,8,0
227800,227805,227808,3,5
227800,227800,227808,8,0
227800,227807,227808,1,7
227800,227805,227808,3,5
227800,227800,227808,8,0
227800,227805,227808,3,5
227800,227800,227808,8,0
227800,227800,227809,9,0
227800,227807,227809,2,7
227800,227807,227809,2,7
227800,227800,227809,9,0
227800,227800,227809,9,0
227800,227807,227809,2,7
227800,227800,227810,10,0
227800,227800,227811,11,0
227800,227800,227812,12,0
227822,227822,227823,1,0
227822,227822,227823,1,0
227822,227822,227824,2,0
227822,227822,227824,2,0
227822,227822,227824,2,0
227822,227822,227825,3,0
227822,227822,227825,3,0
227822,227823,227825,2,1
227822,227823,227825,2,1
227822,227822,227826,4,0
227822,227824,227826,2,2
227822,227822,227826,4,0
227822,227822,227827,5,0
227822,227824,227827,3,2
227822,227822,227827,5,0
227822,227822,227827,5,0
227822,227825,227827,2,3
227822,227822,227827,5,0
227822,227826,227827,1,4
227822,227826,227827,1,4
227822,227822,227828,6,0
227822,227822,227828,6,0
227822,227822,227828,6,0
227822,227822,227828,6,0
227822,227822,227828,6,0
227822,227822,227828,6,0
227822,227822,227828,6,0
227822,227827,227828,1,5
227822,227822,227828,6,0
227822,227822,227828,6,0
227822,227822,227828,6,0
227822,227822,227829,7,0
227822,227822,227829,7,0
227822,227826,227829,3,4
227822,227822,227829,7,0
227822,227828,227829,1,6
227822,227828,227829,1,6
227822,227825,227829,4,3
227822,227822,227829,7,0
227822,227822,227830,8,0
227822,227828,227829,1,6
227822,227822,227829,7,0
227822,227822,227829,7,0
227822,227828,227829,1,6
227822,227822,227829,7,0
227822,227822,227829,7,0
227822,227828,227829,1,6
227822,227829,227830,1,7
227822,227827,227830,3,5
227822,227828,227830,2,6
227822,227822,227830,8,0
227822,227822,227830,8,0
227822,227829,227830,1,7
227822,227828,227830,2,6
227822,227829,227830,1,7
227822,227829,227830,1,7
227822,227829,227830,1,7
227822,227829,227830,1,7
227822,227829,227830,1,7
227822,227829,227830,1,7
227822,227828,227831,3,6
227822,227829,227831,2,7
227822,227830,227832,2,8
227822,227830,227831,1,8
227822,227826,227831,5,4
227822,227828,227831,3,6
227822,227829,227831,2,7
227822,227822,227831,9,0
227822,227830,227831,1,8
227822,227822,227832,10,0
227822,227822,227832,10,0
227822,227822,227832,10,0
227822,227830,227832,2,8
227822,227822,227832,10,0
227822,227822,227833,11,0
227822,227822,227833,11,0
227822,227822,227834,12,0
227822,227822,227835,13,0
227822,227822,227835,13,0
227847,227847,227848,1,0
227847,227847,227848,1,0
227847,227847,227848,1,0
227847,227847,227848,1,0
227847,227847,227849,2,0
227847,227847,227850,3,0
227847,227847,227849,2,0
227847,227847,227850,3,0
227847,227847,227851,4,0
227847,227848,227850,2,1
227847,227847,227851,4,0
227847,227849,227851,2,2
227847,227848,227851,3,1
227847,227848,227850,2,1
227847,227847,227850,3,0
227847,227847,227852,5,0
227847,227847,227851,4,0
227847,227847,227852,5,0
227847,227847,227851,4,0
227847,227848,227851,3,1
227847,227851,227852,1,4
227847,227847,227852,5,0
227847,227847,227852,5,0
227847,227847,227852,5,0
227847,227851,227852,1,4
227847,227847,227853,6,0
227847,227847,227852,5,0
227847,227847,227852,5,0
227847,227851,227852,1,4
227847,227847,227852,5,0
227847,227847,227853,6,0
227847,227847,227852,5,0
227847,227852,227853,1,5
227847,227847,227852,5,0
227847,227852,227853,1,5
227847,227851,227852,1,4
227847,227852,227853,1,5
227847,227847,227853,6,0
227847,227847,227854,7,0
227847,227847,227854,7,0
227847,227851,227853,2,4
227847,227847,227854,7,0
227847,227851,227853,2,4
227847,227847,227853,6,0
227847,227847,227854,7,0
227847,227853,227854,1,6
227847,227853,227854,1,6
227847,227847,227854,7,0
227847,227851,227853,2,4
227847,227852,227853,1,5
227847,227852,227853,1,5
227847,227853,227854,1,6
227847,227852,227853,1,5
227847,227847,227853,6,0
227847,227853,227854,1,6
227847,227847,227853,6,0
227847,227853,227854,1,6
227847,227847,227854,7,0
227847,227852,227854,2,5
227847,227847,227854,7,0
227847,227852,227854,2,5
227847,227847,227854,7,0
227847,227853,227854,1,6
227847,227847,227854,7,0
227847,227850,227854,4,3
227847,227852,227854,2,5
227847,227852,227854,2,5
227847,227847,227855,8,0
227847,227853,227854,1,6
227847,227853,227854,1,6
227847,227853,227854,1,6
227847,227853,227855,2,6
227847,227851,227855,4,4
227847,227847,227856,9,0
227847,227847,227856,9,0
227847,227847,227855,8,0
227847,227850,227856,6,3
227847,227847,227856,9,0
227847,227847,227857,10,0
227869,227869,227870,1,0
227869,227869,227870,1,0
227869,227869,227870,1,0
227869,227869,227871,2,0
227869,227869,227871,2,0
227869,227869,227872,3,0
227869,227869,227872,3,0
227869,227869,227872,3,0
227869,227870,227872,2,1
227869,227869,227873,4,0
227869,227869,227873,4,0
227869,227869,227873,4,0
227869,227870,227872,2,1
227869,227871,227873,2,2
227869,227869,227873,4,0
227869,227869,227874,5,0
227869,227869,227874,5,0
227869,227869,227874,5,0
227869,227869,227874,5,0
227869,227871,227873,2,2
227869,227869,227874,5,0
227869,227869,227873,4,0
227869,227869,227874,5,0
227869,227869,227875,6,0
227869,227869,227875,6,0
227869,227869,227875,6,0
227869,227871,227874,3,2
227869,227869,227874,5,0
227869,227869,227875,6,0
227869,227869,227875,6,0
227869,227873,227875,2,4
227869,227869,227875,6,0
227869,227869,227875,6,0
227869,227873,227875,2,4
227869,227869,227875,6,0
227869,227872,227875,3,3
227869,227872,227874,2,3
227869,227873,227876,3,4
227869,227869,227876,7,0
227869,227869,227876,7,0
227869,227874,227876,2,5
227869,227872,227876,4,3
227869,227873,227876,3,4
227869,227874,227876,2,5
227869,227873,227876,3,4
227869,227873,227876,3,4
227869,227875,227876,1,6
227869,227869,227876,7,0
227869,227869,227876,7,0
227869,227869,227876,7,0
227869,227869,227877,8,0
227869,227869,227877,8,0
227869,227872,227877,5,3
227869,227869,227877,8,0
227869,227874,227877,3,5
227869,227874,227877,3,5
227869,227874,227877,3,5
227869,227874,227877,3,5
227869,227874,227876,2,5
227869,227875,227877,2,6
227869,227875,227877,2,6
227869,227875,227877,2,6
227869,227875,227877,2,6
227869,227875,227877,2,6
227869,227875,227877,2,6
227869,227875,227877,2,6
227869,227875,227877,2,6
227869,227875,227878,3,6
227869,227875,227878,3,6
227869,227875,227877,2,6
227869,227869,227878,9,0
227869,227875,227878,3,6
227869,227869,227878,9,0
227869,227869,227878,9,0
227869,227869,227879,10,0
227869,227869,227879,10,0
227869,227869,227879,10,0
227869,227869,227880,11,0
227869,227869,227882,13,0
227894,227894,227895,1,0
227894,227894,227895,1,0
227894,227894,227895,1,0
227894,227894,227895,1,0
227894,227894,227895,1,0
227894,227895,227897,2,1
227894,227894,227896,2,0
227894,227895,227897,2,1
227894,227895,227896,1,1
227894,227896,227898,2,2
227894,227894,227898,4,0
227894,227896,227898,2,2
227894,227894,227899,5,0
227894,227894,227898,4,0
227894,227894,227899,5,0
227894,227894,227899,5,0
227894,227894,227899,5,0
227894,227894,227899,5,0
227894,227897,227898,1,3
227894,227894,227899,5,0
227894,227894,227899,5,0
227894,227894,227899,5,0
227894,227897,227898,1,3
227894,227894,227899,5,0
227894,227897,227898,1,3
227894,227894,227899,5,0
227894,227897,227898,1,3
227894,227894,227900,6,0
227894,227894,227899,5,0
227894,227894,227900,6,0
227894,227894,227899,5,0
227894,227894,227899,5,0
227894,227894,227900,6,0
227894,227894,227900,6,0
227894,227898,227900,2,4
227894,227894,227900,6,0
227894,227894,227900,6,0
227894,227898,227899,1,4
227894,227894,227900,6,0
227894,227898,227900,2,4
227894,227894,227901,7,0
227894,227899,227901,2,5
227894,227899,227901,2,5
227894,227894,227900,6,0
227894,227894,227900,6,0
227894,227899,227900,1,5
227894,227899,227900,1,5
227894,227894,227901,7,0
227894,227899,227900,1,5
227894,227899,227900,1,5
227894,227900,227901,1,6
227894,227899,227901,2,5
227894,227899,227900,1,5
227894,227899,227901,2,5
227894,227899,227900,1,5
227894,227894,227901,7,0
227894,227894,227902,8,0
227894,227894,227902,8,0
227894,227894,227902,8,0
227894,227894,227902,8,0
227894,227899,227902,3,5
227894,227900,227902,2,6
227894,227894,227902,8,0
227894,227894,227902,8,0
227894,227899,227901,2,5
227894,227900,227902,2,6
227894,227900,227902,2,6
227894,227899,227902,3,5
227894,227899,227902,3,5
227894,227899,227902,3,5
227894,227894,227902,8,0
227894,227900,227903,3,6
227894,227900,227902,2,6
227894,227900,227903,3,6
227894,227900,227902,2,6
227894,227894,227904,10,0
227894,227894,227904,10,0
227894,227894,227904,10,0
227894,227894,227904,10,0
227916,227916,227917,1,0
227916,227916,227917,1,0
227916,227916,227917,1,0
227916,227916,227917,1,0
227916,227916,227917,1,0
227916,227916,227918,2,0
227916,227917,227919,2,1
227916,227917,227919,2,1
227916,227916,227919,3,0
227916,227918,227919,1,2
227916,227916,227919,3,0
227916,227918,227920,2,2
227916,227918,227920,2,2
227916,227916,227919,3,0
227916,227916,227919,3,0
227916,227916,227920,4,0
227916,227916,227920,4,0
227916,227916,227921,5,0
227916,227916,227921,5,0
227916,227916,227921,5,0
227916,227916,227921,5,0
227916,227919,227920,1,3
227916,227916,227920,4,0
227916,227919,227921,2,3
227916,227916,227920,4,0
227916,227919,227920,1,3
227916,227916,227921,5,0
227916,227916,227922,6,0
227916,227916,227921,5,0
227916,227916,227921,5,0
227916,227916,227921,5,0
227916,227916,227921,5,0
227916,227916,227922,6,0
227916,227916,227921,5,0
227916,227916,227921,5,0
227916,227916,227922,6,0
227916,227916,227922,6,0
227916,227920,227921,1,4
227916,227920,227922,2,4
227916,227920,227922,2,4
227916,227920,227921,1,4
227916,227916,227921,5,0
227916,227920,227922,2,4
227916,227916,227922,6,0
227916,227920,227922,2,4
227916,227920,227921,1,4
227916,227916,227922,6,0
227916,227916,227923,7,0
227916,227916,227922,6,0
227916,227916,227923,7,0
227916,227916,227922,6,0
227916,227921,227922,1,5
227916,227921,227923,2,5
227916,227921,227922,1,5
227916,227921,227922,1,5
227916,227921,227922,1,5
227916,227921,227923,2,5
227916,227921,227922,1,5
227916,227916,227924,8,0
227916,227922,227924,2,6
227916,227921,227924,3,5
227916,227921,227924,3,5
227916,227922,227924,2,6
227916,227916,227924,8,0
227916,227916,227924,8,0
227916,227922,227924,2,6
227916,227922,227924,2,6
227916,227922,227924,2,6
227916,227922,227925,3,6
227916,227922,227924,2,6
227916,227921,227924,3,5
227916,227922,227924,2,6
227916,227922,227925,3,6
227916,227916,227925,9,0
227916,227921,227926,5,5
227916,227916,227927,11,0
227916,227916,227926,10,0
227916,227916,227926,10,0
227916,227916,227928,12,0
227939,227939,227940,1,0
227939,227939,227940,1,0
227939,227939,227940,1,0
227939,227939,227940,1,0
227939,227939,227940,1,0
227939,227939,227941,2,0
227939,227939,227941,2,0
227939,227939,227941,2,0
227939,227940,227942,2,1
227939,227939,227942,3,0
227939,227941,227942,1,2
227939,227941,227942,1,2
227939,227939,227943,4,0
227939,227941,227942,1,2
227939,227939,227943,4,0
227939,227939,227944,5,0
227939,227939,227943,4,0
227939,227939,227944,5,0
227939,227942,227943,1,3
227939,227939,227943,4,0
227939,227942,227943,1,3
227939,227941,227943,2,2
227939,227942,227943,1,3
227939,227942,227943,1,3
227939,227939,227944,5,0
227939,227939,227944,5,0
227939,227939,227944,5,0
227939,227939,227944,5,0
227939,227939,227945,6,0
227939,227943,227945,2,4
227939,227943,227944,1,4
227939,227939,227944,5,0
227939,227943,227945,2,4
227939,227943,227945,2,4
227939,227939,227944,5,0
227939,227943,227945,2,4
227939,227939,227944,5,0
227939,227939,227945,6,0
227939,227939,227945,6,0
227939,227939,227945,6,0
227939,227939,227946,7,0
227939,227945,227946,1,6
227939,227944,227945,1,5
227939,227944,227945,1,5
227939,227944,227945,1,5
227939,227945,227946,1,6
227939,227945,227946,1,6
227939,227944,227945,1,5
227939,227944,227945,1,5
227939,227945,227946,1,6
227939,227944,227945,1,5
227939,227944,227945,1,5
227939,227945,227946,1,6
227939,227939,227946,7,0
227939,227944,227946,2,5
227939,227944,227947,3,5
227939,227945,227946,1,6
227939,227945,227946,1,6
227939,227939,227947,8,0
227939,227939,227947,8,0
227939,227939,227947,8,0
227939,227944,227947,3,5
227939,227939,227947,8,0
227939,227945,227947,2,6
227939,227939,227947,8,0
227939,227945,227947,2,6
227939,227945,227947,2,6
227939,227945,227947,2,6
227939,227939,227948,9,0
227939,227939,227948,9,0
227939,227939,227948,9,0
227939,227939,227949,10,0
227939,227939,227950,11,0
227939,227939,227949,10,0
227939,227939,227950,11,0
227939,227939,227950,11,0
227939,227939,227951,12,0
227939,227939,227952,13,0
227939,227939,227955,16,0
227965,227966,227967,1,1
227965,227966,227967,1,1
227965,227966,227967,1,1
227965,227966,227967,1,1
227965,227966,227968,2,1
227965,227967,227968,1,2
227965,227968,227969,1,3
227965,227966,227970,4,1
227965,227967,227969,2,2
227965,227966,227969,3,1
227965,227966,227971,5,1
227965,227966,227970,4,1
227965,227966,227970,4,1
227965,227968,227970,2,3
227965,227966,227970,4,1
227965,227968,227970,2,3
227965,227969,227971,2,4
227965,227966,227971,5,1
227965,227969,227970,1,4
227965,227966,227971,5,1
227965,227966,227971,5,1
227965,227966,227971,5,1
227965,227966,227971,5,1
227965,227970,227971,1,5
227965,227966,227971,5,1
227965,227970,227971,1,5
227965,227970,227971,1,5
227965,227970,227971,1,5
227965,227966,227972,6,1
227965,227966,227972,6,1
227965,227966,227972,6,1
227965,227966,227972,6,1
227965,227966,227972,6,1
227965,227971,227972,1,6
227965,227971,227972,1,6
227965,227971,227972,1,6
227965,227971,227973,2,6
227965,227971,227972,1,6
227965,227971,227972,1,6
227965,227972,227973,1,7
227965,227971,227972,1,6
227965,227966,227973,7,1
227965,227966,227973,7,1
227965,227966,227973,7,1
227965,227972,227973,1,7
227965,227972,227973,1,7
227965,227972,227973,1,7
227965,227972,227973,1,7
227965,227972,227973,1,7
227965,227966,227973,7,1
227965,227966,227973,7,1
227965,227973,227974,1,8
227965,227973,227974,1,8
227965,227973,227974,1,8
227965,227966,227974,8,1
227965,227972,227974,2,7
227965,227973,227975,2,8
227965,227966,227974,8,1
227965,227966,227974,8,1
227965,227966,227975,9,1
227965,227966,227975,9,1
227965,227973,227975,2,8
227965,227966,227975,9,1
227965,227971,227975,4,6
227965,227972,227976,4,7
227965,227966,227975,9,1
227965,227972,227975,3,7
227965,227973,227975,2,8
227965,227966,227976,10,1
227965,227966,227977,11,1
227965,227971,227976,5,6
227965,227966,227976,10,1
227965,227966,227977,11,1
227965,227966,227977,11,1
227965,227966,227977,11,1
227965,227966,227977,11,1
227965,227966,227979,13,1
227965,227966,227986,20,1
227998,227998,227999,1,0
227998,227998,228000,2,0
227998,227998,227999,1,0
227998,227998,227999,1,0
227998,227998,227999,1,0
227998,227998,228000,2,0
227998,227999,228001,2,1
227998,227998,228002,4,0
227998,227998,228002,4,0
227998,228000,228002,2,2
227998,228000,228002,2,2
227998,228000,228002,2,2
227998,227998,228003,5,0
227998,227998,228002,4,0
227998,227998,228002,4,0
227998,228000,228003,3,2
227998,227998,228003,5,0
227998,227998,228002,4,0
227998,228001,228002,1,3
227998,227998,228002,4,0
227998,227998,228002,4,0
227998,228001,228003,2,3
227998,227998,228003,5,0
227998,227998,228004,6,0
227998,227998,228003,5,0
227998,227998,228003,5,0
227998,227998,228003,5,0
227998,228002,228003,1,4
227998,227998,228004,6,0
227998,227998,228003,5,0
227998,228002,228003,1,4
227998,228002,228003,1,4
227998,228002,228004,2,4
227998,228002,228004,2,4
227998,227998,228004,6,0
227998,227998,228005,7,0
227998,228003,228004,1,5
227998,228004,228005,1,6
227998,227998,228004,6,0
227998,227998,228004,6,0
227998,228003,228004,1,5
227998,228003,228004,1,5
227998,227998,228004,6,0
227998,228003,228004,1,5
227998,228003,228004,1,5
227998,228004,228005,1,6
227998,227998,228004,6,0
227998,228003,228004,1,5
227998,228004,228005,1,6
227998,228004,228005,1,6
227998,228003,228004,1,5
227998,228004,228005,1,6
227998,228004,228005,1,6
227998,228004,228005,1,6
227998,227998,228006,8,0
227998,227998,228005,7,0
227998,228003,228006,3,5
227998,227998,228006,8,0
227998,227998,228005,7,0
227998,228003,228005,2,5
227998,227998,228006,8,0
227998,227998,228005,7,0
227998,228004,228007,3,6
227998,227998,228006,8,0
227998,228004,228006,2,6
227998,228004,228006,2,6
227998,227998,228007,9,0
227998,228003,228006,3,5
227998,228004,228006,2,6
227998,228004,228006,2,6
227998,227998,228006,8,0
227998,227998,228007,9,0
227998,228005,228007,2,7
227998,227998,228008,10,0
227998,227998,228007,9,0
227998,227998,228008,10,0
227998,227998,228008,10,0
227998,227998,228008,10,0
227998,227998,228010,12,0
228021,228021,228022,1,0
228021,228021,228022,1,0
228021,228021,228022,1,0
228021,228021,228022,1,0
228021,228021,228022,1,0
228021,228021,228023,2,0
228021,228022,228024,2,1
228021,228023,228024,1,2
228021,228021,228024,3,0
228021,228023,228025,2,2
228021,228021,228025,4,0
228021,228023,228024,1,2
228021,228021,228025,4,0
228021,228022,228025,3,1
228021,228021,228025,4,0
228021,228022,228024,2,1
228021,228021,228026,5,0
228021,228021,228025,4,0
228021,228021,228026,5,0
228021,228021,228026,5,0
228021,228024,228026,2,3
228021,228024,228026,2,3
228021,228021,228027,6,0
228021,228021,228026,5,0
228021,228021,228027,6,0
228021,228021,228027,6,0
228021,228025,228027,2,4
228021,228025,228027,2,4
228021,228021,228027,6,0
228021,228025,228027,2,4
228021,228025,228027,2,4
228021,228021,228027,6,0
228021,228025,228027,2,4
228021,228025,228027,2,4
228021,228026,228027,1,5
228021,228021,228027,6,0
228021,228021,228027,6,0
228021,228026,228027,1,5
228021,228025,228027,2,4
228021,228025,228027,2,4
228021,228026,228027,1,5
228021,228021,228027,6,0
228021,228021,228028,7,0
228021,228021,228028,7,0
228021,228026,228028,2,5
228021,228021,228028,7,0
228021,228026,228028,2,5
228021,228021,228028,7,0
228021,228021,228028,7,0
228021,228027,228028,1,6
228021,228027,228028,1,6
228021,228028,228029,1,7
228021,228021,228029,8,0
228021,228021,228029,8,0
228021,228026,228028,2,5
228021,228021,228029,8,0
228021,228021,228029,8,0
228021,228021,228029,8,0
228021,228027,228029,2,6
228021,228027,228029,2,6
228021,228021,228029,8,0
228021,228027,228029,2,6
228021,228027,228030,3,6
228021,228027,228029,2,6
228021,228027,228029,2,6
228021,228027,228030,3,6
228021,228021,228030,9,0
228021,228021,228031,10,0
228021,228021,228030,9,0
228021,228021,228030,9,0
228021,228021,228032,11,0
228021,228021,228031,10,0
228021,228021,228032,11,0
228021,228021,228032,11,0
228021,228021,228032,11,0
228021,228021,228033,12,0
228043,228043,228044,1,0
228043,228043,228044,1,0
228043,228043,228045,2,0
228043,228043,228045,2,0
228043,228043,228045,2,0
228043,228043,228046,3,0
228043,228044,228046,2,1
228043,228045,228046,1,2
228043,228043,228046,3,0
228043,228043,228047,4,0
228043,228043,228047,4,0
228043,228046,228047,1,3
228043,228043,228047,4,0
228043,228043,228048,5,0
228043,228043,228048,5,0
228043,228046,228048,2,3
228043,228043,228048,5,0
228043,228047,228048,1,4
228043,228047,228048,1,4
228043,228047,228048,1,4
228043,228043,228049,6,0
228043,228047,228049,2,4
228043,228043,228049,6,0
228043,228048,228049,1,5
228043,228048,228049,1,5
228043,228043,228049,6,0
228043,228049,228050,1,6
228043,228043,228050,7,0
228043,228043,228050,7,0
228043,228043,228050,7,0
228043,228043,228051,8,0
228043,228043,228050,7,0
228043,228048,228050,2,5
228043,228043,228050,7,0
228043,228049,228050,1,6
228043,228049,228050,1,6
228043,228050,228051,1,7
228043,228043,228050,7,0
228043,228043,228050,7,0
228043,228050,228051,1,7
228043,228050,228051,1,7
228043,228043,228050,7,0
228043,228043,228050,7,0
228043,228050,228051,1,7
228043,228050,228051,1,7
228043,228043,228051,8,0
228043,228048,228050,2,5
228043,228043,228051,8,0
228043,228049,228051,2,6
228043,228048,228051,3,5
228043,228049,228051,2,6
228043,228050,228051,1,7
228043,228043,228051,8,0
228043,228043,228051,8,0
228043,228043,228051,8,0
228043,228043,228051,8,0
228043,228043,228051,8,0
228043,228043,228051,8,0
228043,228050,228051,1,7
228043,228050,228051,1,7
228043,228043,228051,8,0
228043,228043,228052,9,0
228043,228049,228051,2,6
228043,228043,228052,9,0
228043,228043,228052,9,0
228043,228051,228053,2,8
228043,228043,228052,9,0
228043,228051,228052,1,8
228043,228043,228052,9,0
228043,228043,228052,9,0
228043,228051,228053,2,8
228043,228051,228052,1,8
228043,228043,228052,9,0
228043,228051,228053,2,8
228043,228043,228053,10,0
228043,228043,228055,12,0
228066,228066,228067,1,0
228066,228066,228067,1,0
228066,228066,228067,1,0
228066,228066,228068,2,0
228066,228066,228068,2,0
228066,228068,228069,1,2
228066,228067,228069,2,1
228066,228067,228069,2,1
228066,228066,228070,4,0
228066,228068,228070,2,2
228066,228066,228070,4,0
228066,228067,228070,3,1
228066,228070,228071,1,4
228066,228066,228071,5,0
228066,228066,228071,5,0
228066,228066,228071,5,0
228066,228070,228071,1,4
228066,228070,228071,1,4
228066,228071,228072,1,5
228066,228066,228072,6,0
228066,228066,228072,6,0
228066,228066,228072,6,0
228066,228066,228072,6,0
228066,228066,228072,6,0
228066,228066,228072,6,0
228066,228066,228072,6,0
228066,228070,228072,2,4
228066,228066,228072,6,0
228066,228066,228072,6,0
228066,228071,228072,1,5
228066,228066,228072,6,0
228066,228066,228072,6,0
228066,228066,228072,6,0
228066,228072,228073,1,6
228066,228066,228073,7,0
228066,228066,228073,7,0
228066,228066,228073,7,0
228066,228066,228073,7,0
228066,228070,228073,3,4
228066,228072,228073,1,6
228066,228071,228073,2,5
228066,228073,228074,1,7
228066,228066,228073,7,0
228066,228072,228073,1,6
228066,228066,228073,7,0
228066,228066,228073,7,0
228066,228066,228073,7,0
228066,228066,228073,7,0
228066,228073,228074,1,7
228066,228073,228074,1,7
228066,228073,228074,1,7
228066,228066,228074,8,0
228066,228066,228074,8,0
228066,228066,228074,8,0
228066,228066,228074,8,0
228066,228066,228074,8,0
228066,228066,228074,8,0
228066,228072,228074,2,6
228066,228066,228075,9,0
228066,228073,228074,1,7
228066,228073,228074,1,7
228066,228073,228074,1,7
228066,228073,228074,1,7
228066,228073,228074,1,7
228066,228073,228074,1,7
228066,228072,228075,3,6
228066,228072,228075,3,6
228066,228066,228075,9,0
228066,228066,228075,9,0
228066,228073,228075,2,7
228066,228066,228075,9,0
228066,228066,228076,10,0
228066,228072,228076,4,6
228066,228066,228078,12,0
228066,228066,228079,13,0
228089,228090,228091,1,1
228089,228090,228091,1,1
228089,228090,228091,1,1
228089,228090,228091,1,1
228089,228090,228091,1,1
228089,228092,228093,1,3
228089,228090,228093,3,1
228089,228090,228094,4,1
228089,228092,228093,1,3
228089,228091,228093,2,2
228089,228092,228093,1,3
228089,228092,228093,1,3
228089,228093,228094,1,4
228089,228090,228094,4,1
228089,228090,228095,5,1
228089,228090,228094,4,1
228089,228090,228095,5,1
228089,228094,228095,1,5
228089,228094,228095,1,5
228089,228094,228095,1,5
228089,228090,228095,5,1
228089,228090,228095,5,1
228089,228090,228095,5,1
228089,228090,228096,6,1
228089,228090,228095,5,1
228089,228094,228095,1,5
228089,228090,228095,5,1
228089,228094,228095,1,5
228089,228095,228096,1,6
228089,228090,228095,5,1
228089,228095,228096,1,6
228089,228090,228095,5,1
228089,228094,228095,1,5
228089,228095,228096,1,6
228089,228090,228095,5,1
228089,228095,228096,1,6
228089,228090,228096,6,1
228089,228090,228096,6,1
228089,228090,228097,7,1
228089,228095,228096,1,6
228089,228094,228096,2,5
228089,228095,228097,2,6
228089,228096,228097,1,7
228089,228090,228097,7,1
228089,228096,228097,1,7
228089,228090,228096,6,1
228089,228096,228097,1,7
228089,228090,228097,7,1
228089,228090,228097,7,1
228089,228090,228097,7,1
228089,228090,228097,7,1
228089,228090,228097,7,1
228089,228096,228098,2,7
228089,228090,228097,7,1
228089,228096,228098,2,7
228089,228090,228097,7,1
228089,228095,228097,2,6
228089,228090,228097,7,1
228089,228096,228097,1,7
228089,228096,228097,1,7
228089,228096,228097,1,7
228089,228090,228097,7,1
228089,228096,228097,1,7
228089,228096,228097,1,7
228089,228096,228097,1,7
228089,228096,228097,1,7
228089,228096,228097,1,7
228089,228090,228098,8,1
228089,228096,228098,2,7
228089,228090,228098,8,1
228089,228090,228099,9,1
228089,228096,228098,2,7
228089,228090,228098,8,1
228089,228090,228099,9,1
228089,228090,228099,9,1
228089,228090,228099,9,1
228089,228090,228100,10,1
228089,228090,228102,12,1
228089,228090,228102,12,1
228113,228113,228114,1,0
228113,228113,228114,1,0
228113,228113,228114,1,0
228113,228113,228114,1,0
228113,228113,228114,1,0
228113,228115,228116,1,2
228113,228114,228116,2,1
228113,228115,228116,1,2
228113,228113,228117,4,0
228113,228113,228116,3,0
228113,228113,228117,4,0
228113,228113,228117,4,0
228113,228115,228117,2,2
228113,228115,228116,1,2
228113,228116,228117,1,3
228113,228113,228117,4,0
228113,228113,228118,5,0
228113,228116,228118,2,3
228113,228116,228117,1,3
228113,228113,228118,5,0
228113,228113,228118,5,0
228113,228113,228119,6,0
228113,228113,228119,6,0
228113,228113,228119,6,0
228113,228117,228119,2,4
228113,228117,228119,2,4
228113,228117,228119,2,4
228113,228113,228119,6,0
228113,228117,228119,2,4
228113,228118,228119,1,5
228113,228113,228120,7,0
228113,228113,228120,7,0
228113,228113,228120,7,0
228113,228113,228120,7,0
228113,228118,228119,1,5
228113,228113,228120,7,0
228113,228113,228120,7,0
228113,228118,228120,2,5
228113,228113,228120,7,0
228113,228113,228120,7,0
228113,228113,228120,7,0
228113,228113,228121,8,0
228113,228119,228121,2,6
228113,228117,228121,4,4
228113,228117,228121,4,4
228113,228119,228121,2,6
228113,228119,228121,2,6
228113,228119,228121,2,6
228113,228120,228121,1,7
228113,228113,228121,8,0
228113,228113,228121,8,0
228113,228120,228121,1,7
228113,228119,228121,2,6
228113,228120,228121,1,7
228113,228120,228121,1,7
228113,228120,228121,1,7
228113,228121,228122,1,8
228113,228121,228122,1,8
228113,228113,228122,9,0
228113,228113,228122,9,0
228113,228117,228122,5,4
228113,228113,228122,9,0
228113,228113,228122,9,0
228113,228113,228121,8,0
228113,228113,228122,9,0
228113,228121,228122,1,8
228113,228121,228122,1,8
228113,228113,228122,9,0
228113,228113,228123,10,0
228113,228113,228123,10,0
228113,228113,228123,10,0
228113,228113,228122,9,0
228113,228120,228123,3,7
228113,228118,228123,5,5
228113,228118,228123,5,5
228113,228113,228125,12,0
228113,228113,228125,12,0
228113,228113,228126,13,0
228113,228113,228128,15,0
228139,228139,228140,1,0
228139,228139,228140,1,0
228139,228139,228140,1,0
228139,228139,228140,1,0
228139,228139,228140,1,0
228139,228140,228141,1,1
228139,228140,228141,1,1
228139,228140,228141,1,1
228139,228139,228142,3,0
228139,228139,228142,3,0
228139,228139,228142,3,0
228139,228141,228142,1,2
228139,228139,228142,3,0
228139,228141,228142,1,2
228139,228139,228143,4,0
228139,228141,228142,1,2
228139,228139,228143,4,0
228139,228141,228143,2,2
228139,228141,228143,2,2
228139,228139,228144,5,0
228139,228142,228144,2,3
228139,228142,228144,2,3
228139,228139,228145,6,0
228139,228139,228145,6,0
228139,228142,228145,3,3
228139,228139,228144,5,0
228139,228143,228144,1,4
228139,228142,228145,3,3
228139,228143,228144,1,4
228139,228139,228144,5,0
228139,228139,228144,5,0
228139,228143,228145,2,4
228139,228139,228145,6,0
228139,228139,228145,6,0
228139,228143,228145,2,4
228139,228144,228145,1,5
228139,228139,228146,7,0
228139,228139,228146,7,0
228139,228142,228146,4,3
228139,228139,228146,7,0
228139,228139,228145,6,0
228139,228139,228145,6,0
228139,228145,228146,1,6
228139,228139,228146,7,0
228139,228139,228145,6,0
228139,228139,228146,7,0
228139,228145,228146,1,6
228139,228145,228146,1,6
228139,228139,228146,7,0
228139,228144,228145,1,5
228139,228139,228146,7,0
228139,228139,228146,7,0
228139,228145,228146,1,6
228139,228139,228146,7,0
228139,228143,228146,3,4
228139,228139,228146,7,0
228139,228144,228146,2,5
228139,228145,228146,1,6
228139,228139,228147,8,0
228139,228145,228147,2,6
228139,228145,228147,2,6
228139,228145,228147,2,6
228139,228145,228147,2,6
228139,228139,228148,9,0
228139,228139,228148,9,0
228139,228145,228148,3,6
228139,228139,228148,9,0
228139,228142,228148,6,3
228139,228145,228147,2,6
228139,228139,228148,9,0
228139,228145,228148,3,6
228139,228145,228148,3,6
228139,228139,228148,9,0
228139,228139,228149,10,0
228139,228139,228150,11,0
228139,228139,228150,11,0
228139,228139,228150,11,0
228139,228139,228152,13,0
228139,228139,228151,12,0
228162,228162,228164,2,0
228162,228162,228164,2,0
228162,228162,228164,2,0
228162,228162,228164,2,0
228162,228162,228164,2,0
228162,228163,228164,1,1
228162,228163,228165,2,1
228162,228163,228165,2,1
228162,228163,228166,3,1
228162,228163,228166,3,1
228162,228165,228166,1,3
228162,228165,228166,1,3
228162,228162,228166,4,0
228162,228166,228167,1,4
228162,228162,228167,5,0
228162,228162,228167,5,0
228162,228166,228167,1,4
228162,228162,228167,5,0
228162,228162,228167,5,0
228162,228166,228167,1,4
228162,228167,228168,1,5
228162,228163,228168,5,1
228162,228162,228168,6,0
228162,228166,228168,2,4
228162,228167,228168,1,5
228162,228162,228168,6,0
228162,228166,228168,2,4
228162,228167,228168,1,5
228162,228168,228169,1,6
228162,228162,228168,6,0
228162,228167,228168,1,5
228162,228168,228169,1,6
228162,228162,228169,7,0
228162,228162,228169,7,0
228162,228162,228169,7,0
228162,228162,228170,8,0
228162,228162,228169,7,0
228162,228162,228169,7,0
228162,228162,228169,7,0
228162,228162,228169,7,0
228162,228168,228169,1,6
228162,228162,228169,7,0
228162,228168,228169,1,6
228162,228169,228170,1,7
228162,228162,228169,7,0
228162,228168,228169,1,6
228162,228169,228170,1,7
228162,228163,228170,7,1
228162,228167,228170,3,5
228162,228169,228171,2,7
228162,228162,228170,8,0
228162,228167,228170,3,5
228162,228168,228170,2,6
228162,228169,228170,1,7
228162,228168,228170,2,6
228162,228169,228170,1,7
228162,228162,228170,8,0
228162,228169,228170,1,7
228162,228169,228170,1,7
228162,228162,228171,9,0
228162,228166,228171,5,4
228162,228162,228171,9,0
228162,228169,228171,2,7
228162,228169,228171,2,7
228162,228169,228171,2,7
228162,228169,228171,2,7
228162,228162,228171,9,0
228162,228162,228172,10,0
228162,228162,228172,10,0
228162,228162,228173,11,0
228162,228162,228173,11,0
228162,228162,228173,11,0
228162,228162,228173,11,0
228162,228162,228174,12,0
228162,228162,228174,12,0
228162,228162,228177,15,0
228187,228187,228188,1,0
228187,228187,228188,1,0
228187,228187,228188,1,0
228187,228187,228189,2,0
228187,228187,228189,2,0
228187,228187,228190,3,0
228187,228187,228190,3,0
228187,228187,228191,4,0
228187,228187,228191,4,0
228187,228187,228191,4,0
228187,228189,228191,2,2
228187,228187,228191,4,0
228187,228189,228190,1,2
228187,228189,228191,2,2
228187,228188,228191,3,1
228187,228189,228191,2,2
228187,228187,228192,5,0
228187,228187,228192,5,0
228187,228187,228193,6,0
228187,228190,228193,3,3
228187,228187,228193,6,0
228187,228187,228193,6,0
228187,228187,228193,6,0
228187,228191,228193,2,4
228187,228190,228192,2,3
228187,228187,228193,6,0
228187,228191,228193,2,4
228187,228187,228193,6,0
228187,228187,228193,6,0
228187,228191,228193,2,4
228187,228187,228193,6,0
228187,228187,228193,6,0
228187,228187,228193,6,0
228187,228191,228193,2,4
228187,228187,228194,7,0
228187,228187,228194,7,0
228187,228187,228194,7,0
228187,228187,228194,7,0
228187,228191,228194,3,4
228187,228191,228194,3,4
228187,228192,228194,2,5
228187,228187,228194,7,0
228187,228187,228194,7,0
228187,228187,228194,7,0
228187,228191,228194,3,4
228187,228194,228195,1,7
228187,228187,228194,7,0
228187,228194,228195,1,7
228187,228187,228195,8,0
228187,228187,228195,8,0
228187,228187,228194,7,0
228187,228187,228195,8,0
228187,228193,228195,2,6
228187,228193,228195,2,6
228187,228187,228195,8,0
228187,228191,228195,4,4
228187,228187,228195,8,0
228187,228187,228195,8,0
228187,228193,228195,2,6
228187,228194,228195,1,7
228187,228194,228195,1,7
228187,228194,228195,1,7
228187,228194,228195,1,7
228187,228194,228195,1,7
228187,228194,228195,1,7
228187,228187,228195,8,0
228187,228191,228196,5,4
228187,228193,228196,3,6
228187,228187,228196,9,0
228187,228193,228196,3,6
228187,228187,228196,9,0
228187,228193,228196,3,6
228187,228187,228196,9,0
228187,228192,228197,5,5
228187,228187,228198,11,0
228187,228187,228199,12,0
228210,228210,228211,1,0
228210,228210,228211,1,0
228210,228210,228211,1,0
228210,228210,228211,1,0
228210,228210,228212,2,0
228210,228211,228212,1,1
228210,228211,228213,2,1
228210,228211,228213,2,1
228210,228212,228213,1,2
228210,228211,228214,3,1
228210,228212,228214,2,2
228210,228213,228214,1,3
228210,228210,228214,4,0
228210,228210,228215,5,0
228210,228214,228215,1,4
228210,228210,228214,4,0
228210,228213,228215,2,3
228210,228213,228214,1,3
228210,228214,228215,1,4
228210,228210,228214,4,0
228210,228214,228215,1,4
228210,228210,228216,6,0
228210,228210,228216,6,0
228210,228210,228216,6,0
228210,228210,228216,6,0
228210,228210,228216,6,0
228210,228210,228215,5,0
228210,228210,228216,6,0
228210,228210,228215,5,0
228210,228215,228216,1,5
228210,228215,228216,1,5
228210,228215,228216,1,5
228210,228215,228216,1,5
228210,228215,228216,1,5
228210,228210,228217,7,0
228210,228210,228217,7,0
228210,228210,228217,7,0
228210,228215,228217,2,5
228210,228210,228217,7,0
228210,228210,228216,6,0
228210,228210,228216,6,0
228210,228210,228217,7,0
228210,228210,228217,7,0
228210,228210,228217,7,0
228210,228216,228217,1,6
228210,228216,228217,1,6
228210,228210,228216,6,0
228210,228210,228217,7,0
228210,228216,228217,1,6
228210,228210,228218,8,0
228210,228210,228218,8,0
228210,228216,228218,2,6
228210,228216,228218,2,6
228210,228210,228218,8,0
228210,228210,228218,8,0
228210,228216,228218,2,6
228210,228210,228218,8,0
228210,228215,228218,3,5
228210,228216,228218,2,6
228210,228210,228218,8,0
228210,228216,228218,2,6
228210,228210,228218,8,0
228210,228210,228218,8,0
228210,228210,228219,9,0
228210,228217,228218,1,7
228210,228210,228219,9,0
228210,228210,228218,8,0
228210,228210,228219,9,0
228210,228216,228218,2,6
228210,228216,228219,3,6
228210,228216,228219,3,6
228210,228210,228219,9,0
228210,228210,228219,9,0
228210,228210,228220,10,0
228210,228210,228223,13,0
228234,228234,228235,1,0
228234,228234,228235,1,0
228234,228234,228236,2,0
228234,228234,228236,2,0
228234,228234,228236,2,0
228234,228235,228237,2,1
228234,228236,228238,2,2
228234,228236,228238,2,2
228234,228236,228238,2,2
228234,228234,228239,5,0
228234,228234,228239,5,0
228234,228234,228239,5,0
228234,228236,228239,3,2
228234,228234,228239,5,0
228234,228237,228239,2,3
228234,228234,228239,5,0
228234,228234,228240,6,0
228234,228238,228240,2,4
228234,228238,228240,2,4
228234,228238,228240,2,4
228234,228234,228240,6,0
228234,228234,228240,6,0
228234,228239,228241,2,5
228234,228234,228241,7,0
228234,228234,228241,7,0
228234,228234,228241,7,0
228234,228239,228241,2,5
228234,228239,228240,1,5
228234,228234,228241,7,0
228234,228234,228241,7,0
228234,228234,228241,7,0
228234,228240,228241,1,6
228234,228239,228241,2,5
228234,228234,228241,7,0
228234,228234,228241,7,0
228234,228234,228241,7,0
228234,228239,228240,1,5
228234,228240,228241,1,6
228234,228234,228241,7,0
228234,228240,228241,1,6
228234,228234,228242,8,0
228234,228234,228242,8,0
228234,228234,228242,8,0
228234,228239,228242,3,5
228234,228234,228241,7,0
228234,228234,228242,8,0
228234,228234,228242,8,0
228234,228234,228242,8,0
228234,228234,228242,8,0
228234,228240,228242,2,6
228234,228242,228243,1,8
228234,228242,228243,1,8
228234,228234,228243,9,0
228234,228241,228243,2,7
228234,228234,228243,9,0
228234,228240,228243,3,6
228234,228241,228243,2,7
228234,228234,228243,9,0
228234,228240,228243,3,6
228234,228234,228243,9,0
228234,228242,228243,1,8
228234,228242,228243,1,8
228234,228242,228243,1,8
228234,228242,228243,1,8
228234,228242,228243,1,8
228234,228242,228243,1,8
228234,228242,228243,1,8
228234,228242,228243,1,8
228234,228234,228243,9,0
228234,228241,228243,2,7
228234,228234,228247,13,0
228234,228234,228247,13,0
228234,228234,228247,13,0
228234,228234,228249,15,0
228234,228234,228252,18,0
228234,228234,228253,19,0
228234,228234,228252,18,0
228234,228234,228253,19,0
228263,228263,228264,1,0
228263,228263,228264,1,0
228263,228263,228265,2,0
228263,228263,228265,2,0
228263,228263,228265,2,0
228263,228265,228266,1,2
228263,228265,228266,1,2
228263,228266,228267,1,3
228263,228266,228267,1,3
228263,228266,228267,1,3
228263,228264,228268,4,1
228263,228264,228268,4,1
228263,228264,228268,4,1
228263,228263,228268,5,0
228263,228267,228268,1,4
228263,228268,228269,1,5
228263,228263,228268,5,0
228263,228268,228269,1,5
228263,228263,228269,6,0
228263,228267,228268,1,4
228263,228264,228269,5,1
228263,228263,228269,6,0
228263,228263,228269,6,0
228263,228268,228269,1,5
228263,228263,228269,6,0
228263,228263,228269,6,0
228263,228263,228270,7,0
228263,228269,228270,1,6
228263,228269,228270,1,6
228263,228263,228269,6,0
228263,228263,228269,6,0
228263,228269,228270,1,6
228263,228269,228270,1,6
228263,228263,228269,6,0
228263,228263,228270,7,0
228263,228263,228270,7,0
228263,228263,228270,7,0
228263,228263,228270,7,0
228263,228269,228270,1,6
228263,228269,228270,1,6
228263,228263,228270,7,0
228263,228270,228271,1,7
228263,228270,228271,1,7
228263,228270,228271,1,7
228263,228263,228270,7,0
228263,228269,228270,1,6
228263,228270,228271,1,7
228263,228263,228270,7,0
228263,228270,228271,1,7
228263,228270,228271,1,7
228263,228270,228271,1,7
228263,228270,228271,1,7
228263,228270,228271,1,7
228263,228270,228271,1,7
228263,228270,228271,1,7
228263,228263,228271,8,0
228263,228269,228271,2,6
228263,228269,228271,2,6
228263,228270,228271,1,7
228263,228270,228271,1,7
228263,228263,228272,9,0
228263,228263,228272,9,0
228263,228263,228272,9,0
228263,228269,228273,4,6
228263,228270,228273,3,7
228263,228264,228273,9,1
228263,228263,228273,10,0
228263,228271,228273,2,8
228263,228263,228274,11,0
228263,228263,228274,11,0
228263,228263,228274,11,0
228263,228263,228275,12,0
228263,228263,228275,12,0
228263,228263,228278,15,0
228263,228263,228280,17,0
228263,228264,228280,16,1
228263,228263,228281,18,0
228263,228263,228282,19,0
228263,228263,228283,20,0
228294,228294,228295,1,0
228294,228294,228295,1,0
228294,228294,228295,1,0
228294,228294,228295,1,0
228294,228294,228295,1,0
228294,228294,228296,2,0
228294,228294,228297,3,0
228294,228295,228296,1,1
228294,228294,228296,2,0
228294,228295,228297,2,1
228294,228295,228296,1,1
228294,228294,228298,4,0
228294,228296,228298,2,2
228294,228297,228298,1,3
228294,228294,228298,4,0
228294,228294,228299,5,0
228294,228296,228298,2,2
228294,228294,228298,4,0
228294,228294,228298,4,0
228294,228297,228299,2,3
228294,228297,228298,1,3
228294,228297,228298,1,3
228294,228294,228299,5,0
228294,228294,228299,5,0
228294,228294,228299,5,0
228294,228294,228300,6,0
228294,228294,228299,5,0
228294,228294,228300,6,0
228294,228294,228299,5,0
228294,228297,228299,2,3
228294,228294,228299,5,0
228294,228298,228299,1,4
228294,228294,228299,5,0
228294,228298,228299,1,4
228294,228299,228300,1,5
228294,228299,228300,1,5
228294,228294,228300,6,0
228294,228297,228301,4,3
228294,228294,228301,7,0
228294,228298,228300,2,4
228294,228299,228300,1,5
228294,228300,228301,1,6
228294,228300,228301,1,6
228294,228300,228301,1,6
228294,228299,228300,1,5
228294,228300,228301,1,6
228294,228294,228300,6,0
228294,228299,228301,2,5
228294,228300,228301,1,6
228294,228294,228300,6,0
228294,228294,228301,7,0
228294,228299,228300,1,5
228294,228300,228301,1,6
228294,228299,228300,1,5
228294,228300,228301,1,6
228294,228294,228302,8,0
228294,228294,228301,7,0
228294,228300,228302,2,6
228294,228300,228301,1,6
228294,228300,228301,1,6
228294,228300,228301,1,6
228294,228300,228301,1,6
228294,228294,228302,8,0
228294,228294,228302,8,0
228294,228294,228303,9,0
228294,228294,228303,9,0
228294,228299,228302,3,5
228294,228299,228302,3,5
228294,228294,228304,10,0
228294,228294,228303,9,0
228294,228294,228305,11,0
228294,228294,228305,11,0
228294,228294,228305,11,0
228294,228294,228306,12,0
228294,228294,228307,13,0
228294,228294,228309,15,0
228294,228294,228311,17,0
228294,228294,228311,17,0
228294,228294,228314,20,0
228325,228325,228326,1,0
228325,228325,228326,1,0
228325,228325,228326,1,0
228325,228325,228327,2,0
228325,228325,228326,1,0
228325,228325,228327,2,0
228325,228326,228327,1,1
228325,228326,228328,2,1
228325,228326,228328,2,1
228325,228325,228329,4,0
228325,228327,228329,2,2
228325,228325,228329,4,0
228325,228325,228329,4,0
228325,228327,228330,3,2
228325,228325,228330,5,0
228325,228327,228329,2,2
228325,228325,228330,5,0
228325,228325,228330,5,0
228325,228328,228330,2,3
228325,228325,228330,5,0
228325,228329,228330,1,4
228325,228325,228329,4,0
228325,228328,228330,2,3
228325,228325,228331,6,0
228325,228328,228331,3,3
228325,228325,228331,6,0
228325,228325,228331,6,0
228325,228325,228331,6,0
228325,228325,228331,6,0
228325,228325,228331,6,0
228325,228325,228330,5,0
228325,228329,228331,2,4
228325,228325,228331,6,0
228325,228331,228332,1,6
228325,228331,228332,1,6
228325,228331,228332,1,6
228325,228325,228332,7,0
228325,228325,228331,6,0
228325,228325,228331,6,0
228325,228330,228332,2,5
228325,228330,228332,2,5
228325,228330,228332,2,5
228325,228331,228332,1,6
228325,228325,228332,7,0
228325,228330,228332,2,5
228325,228330,228332,2,5
228325,228331,228332,1,6
228325,228330,228332,2,5
228325,228331,228332,1,6
228325,228331,228332,1,6
228325,228332,228333,1,7
228325,228332,228333,1,7
228325,228331,228332,1,6
228325,228331,228332,1,6
228325,228325,228333,8,0
228325,228325,228332,7,0
228325,228325,228333,8,0
228325,228325,228333,8,0
228325,228325,228333,8,0
228325,228325,228333,8,0
228325,228331,228333,2,6
228325,228332,228333,1,7
228325,228332,228333,1,7
228325,228332,228333,1,7
228325,228325,228333,8,0
228325,228325,228334,9,0
228325,228325,228334,9,0
228325,228331,228334,3,6
228325,228325,228334,9,0
228325,228331,228333,2,6
228325,228325,228334,9,0
228325,228325,228335,10,0
228325,228325,228335,10,0
228325,228325,228337,12,0
228325,228325,228336,11,0
228325,228325,228339,14,0
228325,228325,228340,15,0
228325,228325,228342,17,0
228353,228353,228354,1,0
228353,228353,228354,1,0
228353,228353,228354,1,0
228353,228353,228354,1,0
228353,228353,228354,1,0
228353,228353,228356,3,0
228353,228353,228356,3,0
228353,228354,228356,2,1
228353,228353,228356,3,0
228353,228354,228355,1,1
228353,228353,228357,4,0
228353,228353,228357,4,0
228353,228353,228357,4,0
228353,228353,228357,4,0
228353,228355,228357,2,2
228353,228353,228357,4,0
228353,228353,228358,5,0
228353,228355,228357,2,2
228353,228355,228357,2,2
228353,228353,228358,5,0
228353,228353,228357,4,0
228353,228356,228358,2,3
228353,228356,228357,1,3
228353,228356,228358,2,3
228353,228353,228358,5,0
228353,228353,228359,6,0
228353,228353,228359,6,0
228353,228353,228358,5,0
228353,228353,228359,6,0
228353,228353,228359,6,0
228353,228353,228358,5,0
228353,228353,228359,6,0
228353,228358,228359,1,5
228353,228353,228359,6,0
228353,228358,228359,1,5
228353,228353,228359,6,0
228353,228357,228358,1,4
228353,228358,228359,1,5
228353,228357,228360,3,4
228353,228353,228359,6,0
228353,228353,228359,6,0
228353,228358,228359,1,5
228353,228356,228360,4,3
228353,228353,228360,7,0
228353,228357,228359,2,4
228353,228358,228359,1,5
228353,228359,228360,1,6
228353,228356,228360,4,3
228353,228358,228360,2,5
228353,228359,228360,1,6
228353,228353,228360,7,0
228353,228359,228360,1,6
228353,228359,228360,1,6
228353,228359,228360,1,6
228353,228353,228360,7,0
228353,228353,228360,7,0
228353,228353,228360,7,0
228353,228353,228361,8,0
228353,228359,228361,2,6
228353,228358,228361,3,5
228353,228358,228361,3,5
228353,228357,228360,3,4
228353,228359,228361,2,6
228353,228353,228361,8,0
228353,228353,228360,7,0
228353,228357,228361,4,4
228353,228359,228361,2,6
228353,228353,228361,8,0
228353,228359,228360,1,6
228353,228353,228360,7,0
228353,228353,228361,8,0
228353,228359,228362,3,6
228353,228353,228361,8,0
228353,228359,228362,3,6
228353,228353,228362,9,0
228353,228353,228362,9,0
228353,228353,228365,12,0
228353,228358,228365,7,5
228353,228353,228369,16,0
228379,228379,228380,1,0
228379,228379,228380,1,0
228379,228379,228380,1,0
228379,228379,228380,1,0
228379,228379,228380,1,0
228379,228380,228381,1,1
228379,228379,228382,3,0
228379,228381,228382,1,2
228379,228381,228383,2,2
228379,228381,228383,2,2
228379,228379,228383,4,0
228379,228379,228384,5,0
228379,228379,228384,5,0
228379,228379,228383,4,0
228379,228379,228383,4,0
228379,228379,228384,5,0
228379,228379,228384,5,0
228379,228381,228383,2,2
228379,228382,228384,2,3
228379,228382,228384,2,3
228379,228383,228384,1,4
228379,228379,228384,5,0
228379,228379,228385,6,0
228379,228379,228384,5,0
228379,228383,228384,1,4
228379,228379,228384,5,0
228379,228383,228384,1,4
228379,228379,228384,5,0
228379,228379,228385,6,0
228379,228379,228385,6,0
228379,228379,228386,7,0
228379,228379,228385,6,0
228379,228379,228386,7,0
228379,228379,228386,7,0
228379,228384,228386,2,5
228379,228379,228386,7,0
228379,228384,228386,2,5
228379,228379,228386,7,0
228379,228379,228386,7,0
228379,228379,228385,6,0
228379,228385,228386,1,6
228379,228385,228386,1,6
228379,228379,228385,6,0
228379,228379,228386,7,0
228379,228384,228385,1,5
228379,228384,228385,1,5
228379,228379,228386,7,0
228379,228379,228387,8,0
228379,228384,228386,2,5
228379,228384,228387,3,5
228379,228384,228387,3,5
228379,228384,228387,3,5
228379,228385,228387,2,6
228379,228384,228386,2,5
228379,228384,228387,3,5
228379,228384,228387,3,5
228379,228379,228386,7,0
228379,228379,228386,7,0
228379,228385,228386,1,6
228379,228385,228386,1,6
228379,228385,228386,1,6
228379,228379,228387,8,0
228379,228379,228387,8,0
228379,228386,228388,2,7
228379,228385,228387,2,6
228379,228385,228388,3,6
228379,228379,228388,9,0
228379,228385,228387,2,6
228379,228379,228387,8,0
228379,228386,228387,1,7
228379,228386,228387,1,7
228379,228379,228388,9,0
228379,228386,228389,3,7
228379,228386,228389,3,7
228379,228379,228388,9,0
228379,228379,228391,12,0
228379,228379,228391,12,0
228379,228379,228390,11,0
228379,228379,228391,12,0
228403,228403,228405,2,0
228403,228403,228405,2,0
228403,228403,228405,2,0
228403,228403,228405,2,0
228403,228403,228405,2,0
228403,228403,228405,2,0
228403,228403,228406,3,0
228403,228403,228407,4,0
228403,228403,228406,3,0
228403,228403,228407,4,0
228403,228403,228407,4,0
228403,228403,228407,4,0
228403,228405,228407,2,2
228403,228405,228407,2,2
228403,228406,228407,1,3
228403,228405,228407,2,2
228403,228406,228407,1,3
228403,228403,228408,5,0
228403,228403,228408,5,0
228403,228403,228408,5,0
228403,228403,228408,5,0
228403,228403,228408,5,0
228403,228406,228408,2,3
228403,228403,228408,5,0
228403,228403,228408,5,0
228403,228408,228409,1,5
228403,228403,228409,6,0
228403,228408,228409,1,5
228403,228403,228409,6,0
228403,228403,228409,6,0
228403,228408,228409,1,5
228403,228408,228409,1,5
228403,228409,228410,1,6
228403,228408,228409,1,5
228403,228403,228410,7,0
228403,228403,228410,7,0
228403,228403,228410,7,0
228403,228403,228410,7,0
228403,228409,228410,1,6
228403,228406,228410,4,3
228403,228403,228410,7,0
228403,228403,228410,7,0
228403,228409,228410,1,6
228403,228403,228410,7,0
228403,228403,228411,8,0
228403,228409,228411,2,6
228403,228408,228411,3,5
228403,228408,228411,3,5
228403,228408,228411,3,5
228403,228403,228411,8,0
228403,228403,228411,8,0
228403,228408,228411,3,5
228403,228409,228411,2,6
228403,228403,228411,8,0
228403,228403,228411,8,0
228403,228409,228411,2,6
228403,228409,228411,2,6
228403,228410,228411,1,7
228403,228403,228411,8,0
228403,228410,228411,1,7
228403,228410,228411,1,7
228403,228403,228411,8,0
228403,228410,228411,1,7
228403,228403,228412,9,0
228403,228410,228411,1,7
228403,228410,228411,1,7
228403,228403,228412,9,0
228403,228407,228412,5,4
228403,228409,228412,3,6
228403,228409,228412,3,6
228403,228411,228412,1,8
228403,228403,228412,9,0
228403,228403,228413,10,0
228403,228403,228413,10,0
228403,228410,228413,3,7
228403,228409,228414,5,6
228403,228403,228414,11,0
228403,228403,228415,12,0
228403,228403,228415,12,0
228428,228428,228429,1,0
228428,228428,228429,1,0
228428,228428,228429,1,0
228428,228428,228429,1,0
228428,228428,228429,1,0
228428,228428,228430,2,0
228428,228429,228430,1,1
228428,228428,228431,3,0
228428,228428,228432,4,0
228428,228428,228431,3,0
228428,228428,228431,3,0
228428,228428,228432,4,0
228428,228430,228431,1,2
228428,228430,228432,2,2
228428,228430,228432,2,2
228428,228430,228431,1,2
228428,228428,228432,4,0
228428,228428,228432,4,0
228428,228428,228433,5,0
228428,228431,228433,2,3
228428,228431,228433,2,3
228428,228428,228433,5,0
228428,228428,228433,5,0
228428,228428,228433,5,0
228428,228432,228433,1,4
228428,228428,228434,6,0
228428,228428,228433,5,0
228428,228432,228433,1,4
228428,228432,228433,1,4
228428,228432,228433,1,4
228428,228428,228434,6,0
228428,228428,228435,7,0
228428,228428,228434,6,0
228428,228428,228434,6,0
228428,228432,228434,2,4
228428,228428,228434,6,0
228428,228428,228434,6,0
228428,228434,228435,1,6
228428,228428,228434,6,0
228428,228433,228434,1,5
228428,228428,228435,7,0
228428,228434,228435,1,6
228428,228428,228434,6,0
228428,228428,228434,6,0
228428,228433,228434,1,5
228428,228433,228434,1,5
228428,228428,228435,7,0
228428,228428,228435,7,0
228428,228433,228435,2,5
228428,228428,228435,7,0
228428,228428,228435,7,0
228428,228433,228435,2,5
228428,228432,228436,4,4
228428,228428,228435,7,0
228428,228428,228435,7,0
228428,228432,228435,3,4
228428,228432,228436,4,4
228428,228432,228435,3,4
228428,228428,228436,8,0
228428,228434,228436,2,6
228428,228428,228435,7,0
228428,228434,228435,1,6
228428,228428,228435,7,0
228428,228435,228436,1,7
228428,228434,228435,1,6
228428,228434,228436,2,6
228428,228428,228436,8,0
228428,228434,228436,2,6
228428,228434,228436,2,6
228428,228435,228436,1,7
228428,228435,228436,1,7
228428,228435,228436,1,7
228428,228435,228436,1,7
228428,228428,228437,9,0
228428,228434,228437,3,6
228428,228428,228438,10,0
228428,228428,228439,11,0
228428,228428,228439,11,0
228428,228428,228441,13,0
228453,228453,228454,1,0
228453,228453,228454,1,0
228453,228453,228454,1,0
228453,228453,228454,1,0
228453,228453,228454,1,0
228453,228454,228456,2,1
228453,228454,228456,2,1
228453,228454,228456,2,1
228453,228453,228457,4,0
228453,228453,228457,4,0
228453,228453,228457,4,0
228453,228455,228457,2,2
228453,228453,228456,3,0
228453,228455,228457,2,2
228453,228453,228458,5,0
228453,228453,228458,5,0
228453,228453,228458,5,0
228453,228453,228458,5,0
228453,228453,228457,4,0
228453,228453,228458,5,0
228453,228456,228458,2,3
228453,228457,228458,1,4
228453,228453,228458,5,0
228453,228453,228458,5,0
228453,228456,228458,2,3
228453,228456,228458,2,3
228453,228453,228459,6,0
228453,228453,228459,6,0
228453,228457,228458,1,4
228453,228458,228459,1,5
228453,228457,228458,1,4
228453,228453,228459,6,0
228453,228458,228459,1,5
228453,228458,228459,1,5
228453,228453,228460,7,0
228453,228457,228459,2,4
228453,228453,228460,7,0
228453,228457,228460,3,4
228453,228453,228460,7,0
228453,228453,228460,7,0
228453,228459,228460,1,6
228453,228459,228460,1,6
228453,228453,228460,7,0
228453,228458,228459,1,5
228453,228459,228460,1,6
228453,228453,228460,7,0
228453,228458,228459,1,5
228453,228453,228459,6,0
228453,228458,228459,1,5
228453,228459,228460,1,6
228453,228453,228460,7,0
228453,228458,228459,1,5
228453,228459,228460,1,6
228453,228458,228460,2,5
228453,228458,228461,3,5
228453,228457,228461,4,4
228453,228458,228461,3,5
228453,228458,228461,3,5
228453,228453,228460,7,0
228453,228453,228461,8,0
228453,228459,228460,1,6
228453,228453,228461,8,0
228453,228459,228461,2,6
228453,228453,228462,9,0
228453,228453,228461,8,0
228453,228458,228461,3,5
228453,228459,228461,2,6
228453,228460,228462,2,7
228453,228453,228462,9,0
228453,228453,228463,10,0
228453,228453,228463,10,0
228453,228453,228463,10,0
228453,228453,228464,11,0
228453,228453,228463,10,0
228453,228453,228464,11,0
228453,228453,228465,12,0
228453,228453,228465,12,0
228453,228453,228467,14,0
228453,228453,228467,14,0
228479,228479,228480,1,0
228479,228479,228480,1,0
228479,228479,228480,1,0
228479,228479,228480,1,0
228479,228479,228480,1,0
228479,228481,228482,1,2
228479,228479,228482,3,0
228479,228480,228482,2,1
228479,228481,228482,1,2
228479,228479,228482,3,0
228479,228481,228482,1,2
228479,228480,228482,2,1
228479,228479,228484,5,0
228479,228479,228484,5,0
228479,228479,228483,4,0
228479,228479,228484,5,0
228479,228479,228484,5,0
228479,228479,228485,6,0
228479,228479,228484,5,0
228479,228483,228484,1,4
228479,228479,228485,6,0
228479,228479,228485,6,0
228479,228479,228484,5,0
228479,228483,228484,1,4
228479,228479,228485,6,0
228479,228479,228484,5,0
228479,228483,228485,2,4
228479,228483,228484,1,4
228479,228483,228484,1,4
228479,228484,228485,1,5
228479,228479,228485,6,0
228479,228483,228485,2,4
228479,228484,228485,1,5
228479,228479,228486,7,0
228479,228479,228485,6,0
228479,228479,228485,6,0
228479,228484,228486,2,5
228479,228485,228486,1,6
228479,228479,228486,7,0
228479,228479,228485,6,0
228479,228485,228486,1,6
228479,228484,228486,2,5
228479,228485,228486,1,6
228479,228485,228486,1,6
228479,228485,228486,1,6
228479,228485,228486,1,6
228479,228479,228486,7,0
228479,228479,228486,7,0
228479,228479,228487,8,0
228479,228479,228486,7,0
228479,228483,228486,3,4
228479,228485,228486,1,6
228479,228485,228486,1,6
228479,228485,228486,1,6
228479,228485,228486,1,6
228479,228485,228487,2,6
228479,228485,228486,1,6
228479,228485,228486,1,6
228479,228485,228486,1,6
228479,228485,228486,1,6
228479,228485,228487,2,6
228479,228479,228487,8,0
228479,228479,228487,8,0
228479,228486,228488,2,7
228479,228479,228489,10,0
228479,228485,228488,3,6
228479,228479,228488,9,0
228479,228486,228488,2,7
228479,228479,228489,10,0
228479,228479,228489,10,0
228479,228479,228490,11,0
228479,228479,228490,11,0
228479,228479,228492,13,0
228479,228479,228493,14,0
228479,228479,228493,14,0
228479,228479,228493,14,0
228479,228479,228493,14,0
228479,228479,228493,14,0
228479,228479,228493,14,0
228504,228505,228506,1,1
228504,228505,228506,1,1
228504,228505,228506,1,1
228504,228505,228506,1,1
228504,228505,228506,1,1
228504,228506,228507,1,2
228504,228505,228507,2,1
228504,228505,228508,3,1
228504,228505,228508,3,1
228504,228505,228508,3,1
228504,228505,228508,3,1
228504,228505,228508,3,1
228504,228507,228508,1,3
228504,228507,228508,1,3
228504,228507,228508,1,3
228504,228507,228508,1,3
228504,228505,228509,4,1
228504,228505,228509,4,1
228504,228505,228509,4,1
228504,228505,228509,4,1
228504,228508,228509,1,4
228504,228505,228509,4,1
228504,228505,228509,4,1
228504,228508,228509,1,4
228504,228505,228511,6,1
228504,228505,228510,5,1
228504,228505,228511,6,1
228504,228509,228510,1,5
228504,228505,228510,5,1
228504,228509,228510,1,5
228504,228510,228511,1,6
228504,228509,228510,1,5
228504,228510,228511,1,6
228504,228510,228511,1,6
228504,228509,228510,1,5
228504,228505,228511,6,1
228504,228505,228511,6,1
228504,228509,228512,3,5
228504,228509,228512,3,5
228504,228505,228511,6,1
228504,228505,228512,7,1
228504,228511,228512,1,7
228504,228511,228512,1,7
228504,228505,228511,6,1
228504,228505,228511,6,1
228504,228511,228512,1,7
228504,228505,228511,6,1
228504,228510,228511,1,6
228504,228510,228511,1,6
228504,228505,228511,6,1
228504,228510,228511,1,6
228504,228510,228511,1,6
228504,228505,228512,7,1
228504,228509,228512,3,5
228504,228505,228512,7,1
228504,228510,228512,2,6
228504,228511,228513,2,7
228504,228505,228512,7,1
228504,228509,228512,3,5
228504,228509,228512,3,5
228504,228505,228512,7,1
228504,228511,228512,1,7
228504,228511,228512,1,7
228504,228505,228512,7,1
228504,228511,228512,1,7
228504,228511,228512,1,7
228504,228511,228512,1,7
228504,228511,228512,1,7
228504,228511,228513,2,7
228504,228505,228513,8,1
228504,228505,228514,9,1
228504,228505,228514,9,1
228504,228505,228514,9,1
228504,228505,228515,10,1
228504,228505,228515,10,1
228504,228505,228516,11,1
228504,228505,228520,15,1
228504,228505,228519,14,1
228504,228505,228521,16,1
228532,228532,228533,1,0
228532,228532,228533,1,0
228532,228532,228533,1,0
228532,228532,228534,2,0
228532,228532,228534,2,0
228532,228532,228534,2,0
228532,228533,228535,2,1
228532,228534,228535,1,2
228532,228534,228535,1,2
228532,228532,228536,4,0
228532,228532,228536,4,0
228532,228532,228536,4,0
228532,228535,228536,1,3
228532,228534,228536,2,2
228532,228535,228536,1,3
228532,228532,228536,4,0
228532,228532,228537,5,0
228532,228536,228537,1,4
228532,228536,228537,1,4
228532,228532,228538,6,0
228532,228536,228537,1,4
228532,228532,228538,6,0
228532,228532,228538,6,0
228532,228532,228539,7,0
228532,228537,228538,1,5
228532,228537,228538,1,5
228532,228537,228538,1,5
228532,228532,228538,6,0
228532,228538,228539,1,6
228532,228532,228538,6,0
228532,228538,228539,1,6
228532,228532,228538,6,0
228532,228538,228539,1,6
228532,228538,228539,1,6
228532,228532,228539,7,0
228532,228532,228539,7,0
228532,228532,228539,7,0
228532,228532,228539,7,0
228532,228537,228540,3,5
228532,228532,228539,7,0
228532,228539,228540,1,7
228532,228539,228540,1,7
228532,228532,228539,7,0
228532,228539,228540,1,7
228532,228539,228540,1,7
228532,228532,228539,7,0
228532,228539,228540,1,7
228532,228539,228540,1,7
228532,228532,228539,7,0
228532,228539,228540,1,7
228532,228539,228540,1,7
228532,228539,228540,1,7
228532,228538,228540,2,6
228532,228532,228540,8,0
228532,228538,228540,2,6
228532,228536,228540,4,4
228532,228537,228540,3,5
228532,228532,228540,8,0
228532,228539,228540,1,7
228532,228539,228540,1,7
228532,228532,228541,9,0
228532,228532,228541,9,0
228532,228539,228541,2,7
228532,228532,228541,9,0
228532,228540,228541,1,8
228532,228532,228541,9,0
228532,228532,228541,9,0
228532,228532,228541,9,0
228532,228532,228542,10,0
228532,228532,228542,10,0
228532,228532,228542,10,0
228532,228532,228543,11,0
228532,228532,228543,11,0
228532,228532,228544,12,0
228532,228532,228544,12,0
228532,228532,228545,13,0
228532,228532,228547,15,0
228532,228532,228548,16,0
228559,228560,228561,1,1
228559,228560,228561,1,1
228559,228560,228561,1,1
228559,228560,228561,1,1
228559,228560,228561,1,1
228559,228560,228561,1,1
228559,228561,228564,3,2
228559,228560,228564,4,1
228559,228562,228563,1,3
228559,228561,228563,2,2
228559,228561,228563,2,2
228559,228562,228563,1,3
228559,228560,228565,5,1
228559,228560,228564,4,1
228559,228560,228564,4,1
228559,228562,228564,2,3
228559,228560,228565,5,1
228559,228560,228565,5,1
228559,228560,228565,5,1
228559,228564,228566,2,5
228559,228564,228565,1,5
228559,228560,228565,5,1
228559,228564,228565,1,5
228559,228564,228565,1,5
228559,228560,228565,5,1
228559,228564,228566,2,5
228559,228564,228565,1,5
228559,228560,228566,6,1
228559,228560,228566,6,1
228559,228560,228566,6,1
228559,228566,228567,1,7
228559,228560,228566,6,1
228559,228566,228567,1,7
228559,228560,228566,6,1
228559,228565,228566,1,6
228559,228566,228567,1,7
228559,228566,228567,1,7
228559,228560,228567,7,1
228559,228560,228567,7,1
228559,228560,228568,8,1
228559,228565,228567,2,6
228559,228560,228568,8,1
228559,228565,228567,2,6
228559,228560,228567,7,1
228559,228566,228567,1,7
228559,228567,228568,1,8
228559,228560,228567,7,1
228559,228566,228567,1,7
228559,228567,228568,1,8
228559,228567,228568,1,8
228559,228560,228567,7,1
228559,228566,228567,1,7
228559,228560,228568,8,1
228559,228567,228568,1,8
228559,228567,228568,1,8
228559,228560,228568,8,1
228559,228566,228567,1,7
228559,228566,228567,1,7
228559,228565,228568,3,6
228559,228560,228569,9,1
228559,228560,228568,8,1
228559,228560,228568,8,1
228559,228567,228568,1,8
228559,228567,228568,1,8
228559,228560,228569,9,1
228559,228560,228570,10,1
228559,228566,228569,3,7
228559,228560,228569,9,1
228559,228560,228570,10,1
228559,228560,228569,9,1
228559,228566,228569,3,7
228559,228567,228569,2,8
228559,228560,228571,11,1
228559,228560,228571,11,1
228559,228560,228573,13,1
228559,228560,228575,15,1
228559,228560,228575,15,1
228559,228560,228577,17,1
228559,228560,228578,18,1
228590,228590,228591,1,0
228590,228590,228591,1,0
228590,228590,228591,1,0
228590,228590,228591,1,0
228590,228590,228591,1,0
228590,228590,228591,1,0
228590,228590,228594,4,0
228590,228591,228594,3,1
228590,228591,228593,2,1
228590,228592,228594,2,2
228590,228590,228595,5,0
228590,228590,228595,5,0
228590,228590,228594,4,0
228590,228592,228594,2,2
228590,228591,228594,3,1
228590,228592,228594,2,2
228590,228590,228595,5,0
228590,228590,228595,5,0
228590,228590,228595,5,0
228590,228594,228595,1,4
228590,228590,228596,6,0
228590,228590,228595,5,0
228590,228590,228596,6,0
228590,228594,228596,2,4
228590,228594,228596,2,4
228590,228590,228596,6,0
228590,228590,228597,7,0
228590,228590,228596,6,0
228590,228590,228596,6,0
228590,228590,228596,6,0
228590,228594,228597,3,4
228590,228590,228596,6,0
228590,228595,228597,2,5
228590,228596,228597,1,6
228590,228590,228596,6,0
228590,228590,228597,7,0
228590,228595,228596,1,5
228590,228595,228596,1,5
228590,228590,228597,7,0
228590,228596,228597,1,6
228590,228596,228597,1,6
228590,228590,228597,7,0
228590,228596,228597,1,6
228590,228590,228597,7,0
228590,228595,228597,2,5
228590,228590,228597,7,0
228590,228590,228597,7,0
228590,228590,228597,7,0
228590,228596,228597,1,6
228590,228590,228598,8,0
228590,228596,228597,1,6
228590,228590,228597,7,0
228590,228597,228598,1,7
228590,228597,228598,1,7
228590,228596,228597,1,6
228590,228597,228598,1,7
228590,228597,228598,1,7
228590,228590,228597,7,0
228590,228596,228597,1,6
228590,228596,228597,1,6
228590,228590,228598,8,0
228590,228590,228598,8,0
228590,228590,228599,9,0
228590,228595,228598,3,5
228590,228595,228598,3,5
228590,228597,228599,2,7
228590,228597,228599,2,7
228590,228597,228600,3,7
228590,228590,228599,9,0
228590,228597,228599,2,7
228590,228597,228599,2,7
228590,228597,228599,2,7
228590,228590,228600,10,0
228590,228590,228601,11,0
228590,228590,228602,12,0
228590,228590,228602,12,0
228590,228590,228604,14,0
228590,228590,228604,14,0
228590,228590,228605,15,0
228617,228617,228618,1,0
228617,228617,228618,1,0
228617,228617,228618,1,0
228617,228617,228618,1,0
228617,228617,228618,1,0
228617,228617,228619,2,0
228617,228618,228620,2,1
228617,228618,228620,2,1
228617,228619,228621,2,2
228617,228618,228620,2,1
228617,228618,228621,3,1
228617,228619,228621,2,2
228617,228617,228621,4,0
228617,228617,228622,5,0
228617,228617,228622,5,0
228617,228617,228622,5,0
228617,228617,228622,5,0
228617,228617,228622,5,0
228617,228620,228622,2,3
228617,228617,228622,5,0
228617,228617,228622,5,0
228617,228617,228623,6,0
228617,228621,228623,2,4
228617,228617,228622,5,0
228617,228617,228622,5,0
228617,228617,228623,6,0
228617,228620,228622,2,3
228617,228617,228623,6,0
228617,228621,228623,2,4
228617,228621,228623,2,4
228617,228617,228624,7,0
228617,228617,228623,6,0
228617,228617,228624,7,0
228617,228621,228624,3,4
228617,228617,228624,7,0
228617,228622,228624,2,5
228617,228617,228624,7,0
228617,228617,228624,7,0
228617,228617,228624,7,0
228617,228623,228624,1,6
228617,228617,228624,7,0
228617,228617,228624,7,0
228617,228617,228624,7,0
228617,228622,228623,1,5
228617,228617,228623,6,0
228617,228623,228624,1,6
228617,228623,228624,1,6
228617,228623,228624,1,6
228617,228623,228624,1,6
228617,228623,228624,1,6
228617,228617,228625,8,0
228617,228617,228625,8,0
228617,228622,228625,3,5
228617,228622,228625,3,5
228617,228617,228625,8,0
228617,228617,228625,8,0
228617,228624,228625,1,7
228617,228617,228625,8,0
228617,228623,228626,3,6
228617,228623,228626,3,6
228617,228622,228626,4,5
228617,228622,228625,3,5
228617,228623,228626,3,6
228617,228617,228626,9,0
228617,228622,228626,4,5
228617,228624,228626,2,7
228617,228624,228626,2,7
228617,228624,228625,1,7
228617,228624,228626,2,7
228617,228617,228626,9,0
228617,228617,228627,10,0
228617,228623,228628,5,6
228617,228617,228627,10,0
228617,228617,228627,10,0
228617,228617,228629,12,0
228617,228617,228629,12,0
228617,228617,228629,12,0
228617,228617,228630,13,0
228641,228641,228642,1,0
228641,228641,228642,1,0
228641,228641,228642,1,0
228641,228641,228643,2,0
228641,228641,228643,2,0
228641,228641,228643,2,0
228641,228643,228644,1,2
228641,228643,228644,1,2
228641,228643,228644,1,2
228641,228643,228645,2,2
228641,228641,228645,4,0
228641,228644,228645,1,3
228641,228644,228645,1,3
228641,228641,228646,5,0
228641,228641,228646,5,0
228641,228641,228646,5,0
228641,228641,228646,5,0
228641,228645,228646,1,4
228641,228645,228646,1,4
228641,228641,228646,5,0
228641,228645,228646,1,4
228641,228641,228647,6,0
228641,228641,228647,6,0
228641,228646,228647,1,5
228641,228646,228647,1,5
228641,228641,228647,6,0
228641,228647,228648,1,6
228641,228641,228647,6,0
228641,228646,228647,1,5
228641,228647,228648,1,6
228641,228641,228648,7,0
228641,228641,228648,7,0
228641,228641,228648,7,0
228641,228641,228649,8,0
228641,228647,228648,1,6
228641,228641,228648,7,0
228641,228648,228649,1,7
228641,228648,228649,1,7
228641,228648,228649,1,7
228641,228641,228648,7,0
228641,228647,228648,1,6
228641,228648,228649,1,7
228641,228641,228648,7,0
228641,228641,228648,7,0
228641,228648,228649,1,7
228641,228648,228649,1,7
228641,228641,228648,7,0
228641,228647,228648,1,6
228641,228648,228649,1,7
228641,228648,228649,1,7
228641,228641,228649,8,0
228641,228641,228649,8,0
228641,228641,228649,8,0
228641,228641,228649,8,0
228641,228647,228649,2,6
228641,228641,228650,9,0
228641,228648,228649,1,7
228641,228649,228650,1,8
228641,228641,228649,8,0
228641,228649,228650,1,8
228641,228641,228650,9,0
228641,228641,228650,9,0
228641,228647,228650,3,6
228641,228641,228650,9,0
228641,228641,228650,9,0
228641,228647,228650,3,6
228641,228649,228650,1,8
228641,228641,228651,10,0
228641,228649,228651,2,8
228641,228641,228651,10,0
228641,228641,228651,10,0
228641,228641,228652,11,0
228641,228641,228652,11,0
228641,228648,228653,5,7
228641,228641,228653,12,0
228641,228646,228653,7,5
228641,228641,228654,13,0
228641,228641,228654,13,0
228641,228641,228655,14,0
228666,228666,228667,1,0
228666,228666,228667,1,0
228666,228666,228667,1,0
228666,228666,228668,2,0
228666,228666,228667,1,0
228666,228666,228668,2,0
228666,228666,228668,2,0
228666,228667,228668,1,1
228666,228666,228669,3,0
228666,228667,228669,2,1
228666,228668,228670,2,2
228666,228668,228670,2,2
228666,228668,228670,2,2
228666,228668,228670,2,2
228666,228666,228670,4,0
228666,228668,228670,2,2
228666,228666,228671,5,0
228666,228666,228671,5,0
228666,228668,228671,3,2
228666,228666,228671,5,0
228666,228666,228671,5,0
228666,228666,228671,5,0
228666,228666,228671,5,0
228666,228666,228671,5,0
228666,228666,228671,5,0
228666,228669,228671,2,3
228666,228666,228672,6,0
228666,228666,228672,6,0
228666,228671,228672,1,5
228666,228671,228672,1,5
228666,228666,228672,6,0
228666,228670,228672,2,4
228666,228670,228672,2,4
228666,228672,228673,1,6
228666,228671,228672,1,5
228666,228671,228672,1,5
228666,228672,228673,1,6
228666,228666,228673,7,0
228666,228666,228673,7,0
228666,228672,228673,1,6
228666,228673,228674,1,7
228666,228666,228674,8,0
228666,228672,228673,1,6
228666,228672,228673,1,6
228666,228672,228673,1,6
228666,228673,228674,1,7
228666,228673,228674,1,7
228666,228672,228673,1,6
228666,228673,228674,1,7
228666,228673,228674,1,7
228666,228666,228674,8,0
228666,228666,228674,8,0
228666,228666,228674,8,0
228666,228669,228674,5,3
228666,228671,228674,3,5
228666,228672,228674,2,6
228666,228673,228674,1,7
228666,228673,228674,1,7
228666,228673,228674,1,7
228666,228666,228675,9,0
228666,228666,228675,9,0
228666,228666,228675,9,0
228666,228666,228675,9,0
228666,228666,228675,9,0
228666,228666,228675,9,0
228666,228666,228675,9,0
228666,228666,228675,9,0
228666,228672,228675,3,6
228666,228666,228676,10,0
228666,228666,228676,10,0
228666,228666,228676,10,0
228666,228666,228676,10,0
228666,228666,228676,10,0
228666,228666,228677,11,0
228666,228666,228677,11,0
228666,228666,228677,11,0
228666,228666,228679,13,0
228666,228666,228680,14,0
228692,228692,228693,1,0
228692,228692,228693,1,0
228692,228692,228693,1,0
228692,228692,228693,1,0
228692,228692,228693,1,0
228692,228692,228694,2,0
228692,228693,228695,2,1
228692,228694,228695,1,2
228692,228694,228695,1,2
228692,228693,228695,2,1
228692,228694,228696,2,2
228692,228694,228695,1,2
228692,228692,228697,5,0
228692,228692,228697,5,0
228692,228695,228696,1,3
228692,228692,228697,5,0
228692,228692,228697,5,0
228692,228695,228697,2,3
228692,228695,228697,2,3
228692,228692,228698,6,0
228692,228692,228698,6,0
228692,228692,228697,5,0
228692,228696,228698,2,4
228692,228692,228698,6,0
228692,228696,228698,2,4
228692,228697,228698,1,5
228692,228692,228698,6,0
228692,228697,228698,1,5
228692,228692,228699,7,0
228692,228692,228698,6,0
228692,228692,228699,7,0
228692,228696,228699,3,4
228692,228692,228699,7,0
228692,228697,228698,1,5
228692,228692,228699,7,0
228692,228692,228699,7,0
228692,228692,228699,7,0
228692,228697,228699,2,5
228692,228698,228699,1,6
228692,228692,228700,8,0
228692,228692,228700,8,0
228692,228692,228700,8,0
228692,228698,228700,2,6
228692,228699,228700,1,7
228692,228692,228700,8,0
228692,228698,228700,2,6
228692,228698,228700,2,6
228692,228692,228699,7,0
228692,228698,228700,2,6
228692,228698,228700,2,6
228692,228698,228700,2,6
228692,228700,228701,1,8
228692,228699,228700,1,7
228692,228699,228700,1,7
228692,228698,228700,2,6
228692,228697,228701,4,5
228692,228692,228701,9,0
228692,228692,228701,9,0
228692,228697,228701,4,5
228692,228699,228701,2,7
228692,228699,228701,2,7
228692,228692,228702,10,0
228692,228692,228702,10,0
228692,228692,228702,10,0
228692,228692,228702,10,0
228692,228699,228702,3,7
228692,228699,228702,3,7
228692,228692,228702,10,0
228692,228692,228703,11,0
228692,228692,228703,11,0
228692,228692,228703,11,0
228692,228692,228704,12,0
228692,228692,228703,11,0
228692,228692,228705,13,0
228692,228692,228704,12,0
228692,228692,228706,14,0
228692,228692,228706,14,0
228692,228692,228708,16,0
228719,228719,228720,1,0
228719,228719,228720,1,0
228719,228719,228720,1,0
228719,228719,228720,1,0
228719,228719,228720,1,0
228719,228719,228720,1,0
228719,228719,228721,2,0
228719,228720,228721,1,1
228719,228719,228722,3,0
228719,228719,228723,4,0
228719,228721,228723,2,2
228719,228719,228723,4,0
228719,228721,228722,1,2
228719,228721,228723,2,2
228719,228720,228722,2,1
228719,228719,228723,4,0
228719,228719,228723,4,0
228719,228719,228723,4,0
228719,228719,228724,5,0
228719,228719,228723,4,0
228719,228721,228723,2,2
228719,228723,228724,1,4
228719,228723,228724,1,4
228719,228722,228723,1,3
228719,228723,228724,1,4
228719,228722,228723,1,3
228719,228723,228724,1,4
228719,228719,228725,6,0
228719,228723,228724,1,4
228719,228723,228724,1,4
228719,228719,228725,6,0
228719,228723,228724,1,4
228719,228719,228725,6,0
228719,228719,228724,5,0
228719,228719,228725,6,0
228719,228719,228725,6,0
228719,228719,228724,5,0
228719,228719,228724,5,0
228719,228719,228725,6,0
228719,228724,228725,1,5
228719,228725,228726,1,6
228719,228724,228726,2,5
228719,228724,228725,1,5
228719,228725,228726,1,6
228719,228724,228726,2,5
228719,228724,228726,2,5
228719,228725,228726,1,6
228719,228724,228725,1,5
228719,228724,228725,1,5
228719,228725,228726,1,6
228719,228719,228726,7,0
228719,228719,228726,7,0
228719,228719,228727,8,0
228719,228719,228726,7,0
228719,228724,228726,2,5
228719,228719,228727,8,0
228719,228724,228726,2,5
228719,228725,228727,2,6
228719,228724,228726,2,5
228719,228725,228726,1,6
228719,228725,228727,2,6
228719,228725,228726,1,6
228719,228719,228727,8,0
228719,228719,228728,9,0
228719,228724,228728,4,5
228719,228719,228728,9,0
228719,228719,228728,9,0
228719,228719,228729,10,0
228719,228719,228729,10,0
228719,228719,228730,11,0
228719,228719,228729,10,0
228719,228719,228730,11,0
228719,228719,228730,11,0
228719,228719,228730,11,0
228719,228719,228732,13,0
228719,228723,228736,13,4
228719,228719,228738,19,0
228719,228719,228741,22,0
228719,228719,228744,25,0
228754,228754,228755,1,0
228754,228754,228755,1,0
228754,228754,228756,2,0
228754,228754,228756,2,0
228754,228754,228755,1,0
228754,228754,228756,2,0
228754,228756,228758,2,2
228754,228754,228758,4,0
228754,228756,228758,2,2
228754,228755,228758,3,1
228754,228756,228758,2,2
228754,228756,228758,2,2
228754,228754,228759,5,0
228754,228754,228759,5,0
228754,228756,228759,3,2
228754,228754,228759,5,0
228754,228754,228759,5,0
228754,228754,228759,5,0
228754,228754,228760,6,0
228754,228754,228759,5,0
228754,228754,228759,5,0
228754,228754,228760,6,0
228754,228754,228760,6,0
228754,228754,228760,6,0
228754,228754,228760,6,0
228754,228754,228760,6,0
228754,228754,228760,6,0
228754,228759,228760,1,5
228754,228754,228760,6,0
228754,228754,228760,6,0
228754,228754,228760,6,0
228754,228759,228760,1,5
228754,228760,228761,1,6
228754,228759,228760,1,5
228754,228759,228760,1,5
228754,228754,228760,6,0
228754,228759,228760,1,5
228754,228760,228761,1,6
228754,228754,228761,7,0
228754,228754,228761,7,0
228754,228754,228761,7,0
228754,228754,228761,7,0
228754,228754,228761,7,0
228754,228754,228761,7,0
228754,228760,228761,1,6
228754,228760,228761,1,6
228754,228760,228761,1,6
228754,228761,228762,1,7
228754,228761,228762,1,7
228754,228761,228762,1,7
228754,228761,228762,1,7
228754,228761,228762,1,7
228754,228754,228762,8,0
228754,228754,228762,8,0
228754,228754,228762,8,0
228754,228759,228762,3,5
228754,228761,228762,1,7
228754,228761,228762,1,7
228754,228761,228762,1,7
228754,228761,228762,1,7
228754,228754,228762,8,0
228754,228761,228762,1,7
228754,228754,228763,9,0
228754,228754,228763,9,0
228754,228760,228763,3,6
228754,228760,228763,3,6
228754,228760,228763,3,6
228754,228760,228763,3,6
228754,228760,228763,3,6
228754,228754,228764,10,0
228754,228760,228765,5,6
228754,228754,228766,12,0
228754,228754,228766,12,0
228754,228754,228767,13,0
228754,228754,228767,13,0
228754,228754,228767,13,0
228754,228754,228768,14,0
228779,228779,228780,1,0
228779,228779,228780,1,0
228779,228779,228781,2,0
228779,228779,228781,2,0
228779,228781,228782,1,2
228779,228779,228782,3,0
228779,228781,228782,1,2
228779,228781,228782,1,2
228779,228782,228783,1,3
228779,228782,228783,1,3
228779,228780,228784,4,1
228779,228780,228785,5,1
228779,228780,228785,5,1
228779,228783,228784,1,4
228779,228780,228784,4,1
228779,228780,228784,4,1
228779,228783,228784,1,4
228779,228779,228784,5,0
228779,228783,228784,1,4
228779,228779,228784,5,0
228779,228780,228785,5,1
228779,228780,228785,5,1
228779,228780,228785,5,1
228779,228784,228785,1,5
228779,228780,228785,5,1
228779,228784,228785,1,5
228779,228780,228785,5,1
228779,228780,228785,5,1
228779,228785,228786,1,6
228779,228779,228786,7,0
228779,228780,228786,6,1
228779,228779,228787,8,0
228779,228780,228786,6,1
228779,228780,228786,6,1
228779,228779,228786,7,0
228779,228780,228787,7,1
228779,228780,228786,6,1
228779,228779,228786,7,0
228779,228785,228786,1,6
228779,228785,228786,1,6
228779,228785,228786,1,6
228779,228779,228786,7,0
228779,228780,228786,6,1
228779,228785,228786,1,6
228779,228786,228787,1,7
228779,228779,228786,7,0
228779,228785,228786,1,6
228779,228785,228786,1,6
228779,228785,228786,1,6
228779,228780,228786,6,1
228779,228780,228786,6,1
228779,228786,228787,1,7
228779,228786,228787,1,7
228779,228785,228786,1,6
228779,228786,228787,1,7
228779,228780,228787,7,1
228779,228780,228787,7,1
228779,228780,228787,7,1
228779,228780,228787,7,1
228779,228786,228787,1,7
228779,228785,228787,2,6
228779,228786,228787,1,7
228779,228786,228787,1,7
228779,228786,228787,1,7
228779,228779,228788,9,0
228779,228780,228788,8,1
228779,228780,228788,8,1
228779,228780,228788,8,1
228779,228779,228788,9,0
228779,228787,228788,1,8
228779,228787,228789,2,8
228779,228786,228788,2,7
228779,228787,228789,2,8
228779,228787,228789,2,8
228779,228779,228789,10,0
228779,228779,228790,11,0
228779,228787,228789,2,8
228779,228787,228789,2,8
228779,228779,228790,11,0
228801,228801,228802,1,0
228801,228801,228802,1,0
228801,228801,228803,2,0
228801,228801,228802,1,0
228801,228801,228802,1,0
228801,228802,228804,2,1
228801,228803,228804,1,2
228801,228801,228805,4,0
228801,228803,228805,2,2
228801,228803,228805,2,2
228801,228801,228806,5,0
228801,228801,228806,5,0
228801,228805,228806,1,4
228801,228801,228806,5,0
228801,228805,228806,1,4
228801,228805,228806,1,4
228801,228801,228807,6,0
228801,228801,228807,6,0
228801,228801,228807,6,0
228801,228801,228807,6,0
228801,228801,228807,6,0
228801,228801,228807,6,0
228801,228806,228807,1,5
228801,228801,228807,6,0
228801,228801,228807,6,0
228801,228801,228807,6,0
228801,228801,228807,6,0
228801,228801,228807,6,0
228801,228807,228808,1,6
228801,228801,228807,6,0
228801,228801,228808,7,0
228801,228801,228808,7,0
228801,228801,228808,7,0
228801,228801,228808,7,0
228801,228801,228808,7,0
228801,228801,228808,7,0
228801,228807,228808,1,6
228801,228808,228809,1,7
228801,228807,228808,1,6
228801,228801,228808,7,0
228801,228807,228808,1,6
228801,228807,228808,1,6
228801,228808,228809,1,7
228801,228808,228809,1,7
228801,228808,228809,1,7
228801,228808,228809,1,7
228801,228801,228809,8,0
228801,228808,228809,1,7
228801,228808,228809,1,7
228801,228801,228809,8,0
228801,228807,228809,2,6
228801,228801,228809,8,0
228801,228808,228809,1,7
228801,228807,228809,2,6
228801,228801,228809,8,0
228801,228806,228809,3,5
228801,228808,228809,1,7
228801,228808,228809,1,7
228801,228801,228809,8,0
228801,228808,228809,1,7
228801,228808,228809,1,7
228801,228801,228810,9,0
228801,228808,228810,2,7
228801,228801,228810,9,0
228801,228801,228810,9,0
228801,228801,228810,9,0
228801,228801,228810,9,0
228801,228801,228810,9,0
228801,228801,228810,9,0
228801,228801,228810,9,0
228801,228808,228810,2,7
228801,228805,228810,5,4
228801,228809,228810,1,8
228801,228801,228811,10,0
228801,228801,228811,10,0
228801,228809,228811,2,8
228801,228809,228811,2,8
228801,228801,228814,13,0
228825,228826,228827,1,1
228825,228826,228827,1,1
228825,228826,228827,1,1
228825,228826,228827,1,1
228825,228827,228828,1,2
228825,228827,228828,1,2
228825,228827,228828,1,2
228825,228827,228829,2,2
228825,228826,228829,3,1
228825,228828,228829,1,3
228825,228826,228830,4,1
228825,228826,228830,4,1
228825,228826,228830,4,1
228825,228826,228830,4,1
228825,228826,228831,5,1
228825,228826,228830,4,1
228825,228829,228830,1,4
228825,228826,228830,4,1
228825,228826,228831,5,1
228825,228826,228831,5,1
228825,228826,228831,5,1
228825,228826,228831,5,1
228825,228826,228831,5,1
228825,228826,228831,5,1
228825,228826,228831,5,1
228825,228826,228832,6,1
228825,228826,228831,5,1
228825,228830,228831,1,5
228825,228826,228832,6,1
228825,228829,228831,2,4
228825,228826,228832,6,1
228825,228829,228831,2,4
228825,228826,228832,6,1
228825,228826,228832,6,1
228825,228831,228832,1,6
228825,228826,228831,5,1
228825,228826,228831,5,1
228825,228829,228831,2,4
228825,228831,228832,1,6
228825,228826,228832,6,1
228825,228826,228832,6,1
228825,228826,228832,6,1
228825,228826,228833,7,1
228825,228826,228832,6,1
228825,228831,228833,2,6
228825,228826,228832,6,1
228825,228830,228832,2,5
228825,228832,228833,1,7
228825,228832,228833,1,7
228825,228832,228833,1,7
228825,228826,228832,6,1
228825,228832,228833,1,7
228825,228832,228833,1,7
228825,228826,228833,7,1
228825,228831,228833,2,6
228825,228826,228833,7,1
228825,228831,228833,2,6
228825,228832,228834,2,7
228825,228831,228833,2,6
228825,228832,228834,2,7
228825,228832,228834,2,7
228825,228831,228833,2,6
228825,228831,228833,2,6
228825,228826,228834,8,1
228825,228832,228833,1,7
228825,228826,228834,8,1
228825,228832,228833,1,7
228825,228826,228833,7,1
228825,228832,228833,1,7
228825,228832,228834,2,7
228825,228826,228834,8,1
228825,228832,228834,2,7
228825,228832,228834,2,7
228825,228826,228835,9,1
228825,228826,228834,8,1
228825,228832,228837,5,7
228825,228826,228838,12,1
228825,228832,228837,5,7
228848,228848,228849,1,0
228848,228848,228849,1,0
228848,228848,228849,1,0
228848,228848,228849,1,0
228848,228848,228849,1,0
228848,228850,228851,1,2
228848,228849,228851,2,1
228848,228848,228851,3,0
228848,228849,228851,2,1
228848,228848,228851,3,0
228848,228848,228851,3,0
228848,228850,228851,1,2
228848,228848,228852,4,0
228848,228849,228851,2,1
228848,228848,228852,4,0
228848,228851,228852,1,3
228848,228848,228852,4,0
228848,228848,228852,4,0
228848,228848,228853,5,0
228848,228848,228853,5,0
228848,228848,228853,5,0
228848,228848,228852,4,0
228848,228848,228852,4,0
228848,228848,228852,4,0
228848,228848,228853,5,0
228848,228851,228852,1,3
228848,228852,228853,1,4
228848,228852,228853,1,4
228848,228848,228853,5,0
228848,228851,228853,2,3
228848,228848,228854,6,0
228848,228848,228854,6,0
228848,228852,228854,2,4
228848,228853,228854,1,5
228848,228852,228853,1,4
228848,228852,228853,1,4
228848,228848,228854,6,0
228848,228848,228853,5,0
228848,228848,228854,6,0
228848,228853,228854,1,5
228848,228848,228854,6,0
228848,228851,228853,2,3
228848,228852,228853,1,4
228848,228853,228854,1,5
228848,228853,228854,1,5
228848,228853,228855,2,5
228848,228853,228855,2,5
228848,228848,228855,7,0
228848,228852,228855,3,4
228848,228853,228855,2,5
228848,228852,228854,2,4
228848,228853,228855,2,5
228848,228853,228854,1,5
228848,228848,228855,7,0
228848,228848,228855,7,0
228848,228854,228855,1,6
228848,228848,228855,7,0
228848,228853,228854,1,5
228848,228853,228854,1,5
228848,228848,228856,8,0
228848,228848,228856,8,0
228848,228848,228856,8,0
228848,228848,228856,8,0
228848,228848,228856,8,0
228848,228848,228855,7,0
228848,228853,228856,3,5
228848,228853,228855,2,5
228848,228848,228856,8,0
228848,228854,228856,2,6
228848,228854,228856,2,6
228848,228854,228856,2,6
228848,228848,228855,7,0
228848,228848,228857,9,0
228848,228854,228856,2,6
228848,228848,228857,9,0
228848,228848,228858,10,0
228848,228848,228858,10,0
228848,228848,228858,10,0
228848,228848,228859,11,0
228869,228869,228870,1,0
228869,228869,228870,1,0
228869,228869,228871,2,0
228869,228869,228870,1,0
228869,228869,228871,2,0
228869,228870,228871,1,1
228869,228870,228871,1,1
228869,228869,228872,3,0
228869,228871,228872,1,2
228869,228869,228872,3,0
228869,228869,228873,4,0
228869,228869,228873,4,0
228869,228871,228873,2,2
228869,228872,228873,1,3
228869,228871,228873,2,2
228869,228871,228872,1,2
228869,228872,228873,1,3
228869,228871,228873,2,2
228869,228869,228874,5,0
228869,228869,228874,5,0
228869,228869,228874,5,0
228869,228869,228874,5,0
228869,228869,228874,5,0
228869,228869,228874,5,0
228869,228869,228875,6,0
228869,228869,228875,6,0
228869,228869,228875,6,0
228869,228873,228875,2,4
228869,228869,228875,6,0
228869,228873,228875,2,4
228869,228869,228875,6,0
228869,228869,228875,6,0
228869,228873,228875,2,4
228869,228869,228875,6,0
228869,228869,228875,6,0
228869,228873,228875,2,4
228869,228873,228875,2,4
228869,228873,228875,2,4
228869,228869,228875,6,0
228869,228873,228875,2,4
228869,228869,228875,6,0
228869,228869,228876,7,0
228869,228869,228876,7,0
228869,228873,228876,3,4
228869,228874,228876,2,5
228869,228872,228876,4,3
228869,228869,228876,7,0
228869,228874,228876,2,5
228869,228869,228876,7,0
228869,228869,228876,7,0
228869,228875,228876,1,6
228869,228874,228877,3,5
228869,228875,228877,2,6
228869,228869,228877,8,0
228869,228875,228876,1,6
228869,228869,228878,9,0
228869,228874,228877,3,5
228869,228875,228878,3,6
228869,228875,228878,3,6
228869,228875,228878,3,6
228869,228875,228878,3,6
228869,228869,228878,9,0
228869,228869,228878,9,0
228869,228869,228879,10,0
228869,228869,228879,10,0
228869,228869,228879,10,0
228869,228869,228879,10,0
228869,228869,228880,11,0
228869,228869,228880,11,0
228869,228869,228881,12,0
228869,228869,228881,12,0
228869,228869,228883,14,0
228869,228869,228883,14,0
228895,228895,228896,1,0
228895,228895,228896,1,0
228895,228895,228896,1,0
228895,228895,228896,1,0
228895,228895,228896,1,0
228895,228895,228898,3,0
228895,228895,228897,2,0
228895,228895,228898,3,0
228895,228897,228898,1,2
228895,228897,228898,1,2
228895,228897,228898,1,2
228895,228895,228899,4,0
228895,228895,228899,4,0
228895,228895,228899,4,0
228895,228897,228899,2,2
228895,228895,228899,4,0
228895,228895,228899,4,0
228895,228895,228900,5,0
228895,228895,228899,4,0
228895,228897,228899,2,2
228895,228895,228900,5,0
228895,228895,228900,5,0
228895,228895,228900,5,0
228895,228895,228900,5,0
228895,228895,228901,6,0
228895,228895,228901,6,0
228895,228899,228901,2,4
228895,228895,228901,6,0
228895,228895,228901,6,0
228895,228899,228900,1,4
228895,228895,228901,6,0
228895,228895,228900,5,0
228895,228899,228900,1,4
228895,228895,228900,5,0
228895,228899,228900,1,4
228895,228899,228900,1,4
228895,228899,228901,2,4
228895,228899,228900,1,4
228895,228895,228901,6,0
228895,228895,228901,6,0
228895,228895,228901,6,0
228895,228895,228902,7,0
228895,228898,228902,4,3
228895,228895,228901,6,0
228895,228901,228902,1,6
228895,228895,228902,7,0
228895,228895,228901,6,0
228895,228901,228902,1,6
228895,228900,228901,1,5
228895,228901,228902,1,6
228895,228895,228902,7,0
228895,228900,228902,2,5
228895,228895,228902,7,0
228895,228901,228903,2,6
228895,228895,228903,8,0
228895,228895,228902,7,0
228895,228900,228902,2,5
228895,228895,228902,7,0
228895,228899,228902,3,4
228895,228900,228902,2,5
228895,228901,228903,2,6
228895,228898,228902,4,3
228895,228900,228902,2,5
228895,228895,228902,7,0
228895,228901,228902,1,6
228895,228895,228903,8,0
228895,228901,228902,1,6
228895,228901,228902,1,6
228895,228901,228903,2,6
228895,228901,228902,1,6
228895,228901,228902,1,6
228895,228901,228902,1,6
228895,228901,228903,2,6
228895,228901,228904,3,6
228895,228901,228903,2,6
228895,228895,228903,8,0
228895,228895,228903,8,0
228895,228895,228904,9,0
228895,228895,228905,10,0
228915,228916,228917,1,1
228915,228916,228917,1,1
228915,228916,228917,1,1
228915,228916,228917,1,1
228915,228916,228917,1,1
228915,228917,228918,1,2
228915,228917,228918,1,2
228915,228916,228919,3,1
228915,228918,228919,1,3
228915,228918,228920,2,3
228915,228918,228920,2,3
228915,228918,228920,2,3
228915,228916,228920,4,1
228915,228916,228920,4,1
228915,228916,228921,5,1
228915,228918,228920,2,3
228915,228916,228920,4,1
228915,228916,228920,4,1
228915,228916,228921,5,1
228915,228920,228921,1,5
228915,228920,228921,1,5
228915,228916,228921,5,1
228915,228916,228921,5,1
228915,228916,228921,5,1
228915,228916,228921,5,1
228915,228916,228921,5,1
228915,228916,228922,6,1
228915,228916,228921,5,1
228915,228920,228921,1,5
228915,228916,228921,5,1
228915,228916,228921,5,1
228915,228920,228922,2,5
228915,228916,228921,5,1
228915,228916,228922,6,1
228915,228916,228922,6,1
228915,228916,228922,6,1
228915,228916,228923,7,1
228915,228921,228923,2,6
228915,228921,228922,1,6
228915,228921,228922,1,6
228915,228921,228922,1,6
228915,228922,228923,1,7
228915,228916,228922,6,1
228915,228922,228923,1,7
228915,228921,228922,1,6
228915,228921,228922,1,6
228915,228916,228923,7,1
228915,228916,228922,6,1
228915,228921,228922,1,6
228915,228916,228923,7,1
228915,228916,228923,7,1
228915,228921,228923,2,6
228915,228916,228923,7,1
228915,228916,228923,7,1
228915,228920,228924,4,5
228915,228921,228923,2,6
228915,228916,228923,7,1
228915,228922,228924,2,7
228915,228916,228924,8,1
228915,228922,228923,1,7
228915,228922,228923,1,7
228915,228922,228923,1,7
228915,228922,228923,1,7
228915,228922,228923,1,7
228915,228916,228923,7,1
228915,228922,228924,2,7
228915,228922,228924,2,7
228915,228923,228925,2,8
228915,228922,228924,2,7
228915,228922,228924,2,7
228915,228916,228924,8,1
228915,228916,228926,10,1
228915,228916,228925,9,1
228915,228923,228925,2,8
228915,228916,228926,10,1
228915,228916,228925,9,1
228915,228916,228926,10,1
228915,228916,228928,12,1
228915,228916,228928,12,1
228939,228939,228940,1,0
228939,228939,228940,1,0
228939,228939,228940,1,0
228939,228939,228940,1,0
228939,228939,228941,2,0
228939,228940,228942,2,1
228939,228940,228942,2,1
228939,228940,228942,2,1
228939,228940,228942,2,1
228939,228941,228943,2,2
228939,228939,228943,4,0
228939,228939,228944,5,0
228939,228939,228944,5,0
228939,228939,228944,5,0
228939,228939,228943,4,0
228939,228939,228944,5,0
228939,228939,228944,5,0
228939,228942,228944,2,3
228939,228939,228944,5,0
228939,228943,228944,1,4
228939,228939,228944,5,0
228939,228943,228944,1,4
228939,228939,228944,5,0
228939,228943,228944,1,4
228939,228939,228945,6,0
228939,228939,228945,6,0
228939,228939,228945,6,0
228939,228939,228945,6,0
228939,228939,228945,6,0
228939,228939,228945,6,0
228939,228939,228945,6,0
228939,228943,228945,2,4
228939,228939,228945,6,0
228939,228944,228945,1,5
228939,228939,228945,6,0
228939,228939,228945,6,0
228939,228939,228945,6,0
228939,228939,228946,7,0
228939,228939,228946,7,0
228939,228939,228946,7,0
228939,228939,228947,8,0
228939,228945,228946,1,6
228939,228945,228946,1,6
228939,228939,228946,7,0
228939,228945,228946,1,6
228939,228945,228946,1,6
228939,228939,228946,7,0
228939,228945,228946,1,6
228939,228946,228947,1,7
228939,228939,228946,7,0
228939,228945,228946,1,6
228939,228946,228947,1,7
228939,228945,228946,1,6
228939,228945,228946,1,6
228939,228939,228947,8,0
228939,228944,228947,3,5
228939,228946,228947,1,7
228939,228946,228947,1,7
228939,228939,228948,9,0
228939,228945,228948,3,6
228939,228945,228948,3,6
228939,228939,228948,9,0
228939,228945,228948,3,6
228939,228946,228948,2,7
228939,228945,228948,3,6
228939,228944,228948,4,5
228939,228946,228948,2,7
228939,228939,228948,9,0
228939,228939,228949,10,0
228939,228939,228949,10,0
228939,228939,228949,10,0
228939,228939,228949,10,0
228939,228946,228949,3,7
228939,228939,228949,10,0
228939,228939,228949,10,0
228939,228944,228949,5,5
228939,228944,228950,6,5
228939,228939,228950,11,0
228962,228962,228963,1,0
228962,228962,228963,1,0
228962,228962,228963,1,0
228962,228962,228963,1,0
228962,228962,228963,1,0
228962,228962,228963,1,0
228962,228962,228965,3,0
228962,228962,228965,3,0
228962,228962,228966,4,0
228962,228964,228966,2,2
228962,228962,228966,4,0
228962,228963,228966,3,1
228962,228962,228966,4,0
228962,228964,228966,2,2
228962,228964,228966,2,2
228962,228962,228966,4,0
228962,228963,228965,2,1
228962,228963,228966,3,1
228962,228962,228967,5,0
228962,228962,228967,5,0
228962,228962,228966,4,0
228962,228962,228967,5,0
228962,228965,228967,2,3
228962,228962,228967,5,0
228962,228962,228967,5,0
228962,228965,228967,2,3
228962,228962,228967,5,0
228962,228962,228968,6,0
228962,228962,228967,5,0
228962,228962,228967,5,0
228962,228966,228968,2,4
228962,228966,228968,2,4
228962,228962,228968,6,0
228962,228966,228968,2,4
228962,228966,228968,2,4
228962,228966,228968,2,4
228962,228966,228968,2,4
228962,228966,228968,2,4
228962,228962,228968,6,0
228962,228966,228968,2,4
228962,228966,228968,2,4
228962,228966,228968,2,4
228962,228962,228969,7,0
228962,228962,228969,7,0
228962,228962,228968,6,0
228962,228962,228969,7,0
228962,228962,228969,7,0
228962,228962,228968,6,0
228962,228967,228969,2,5
228962,228967,228969,2,5
228962,228967,228969,2,5
228962,228967,228969,2,5
228962,228968,228969,1,6
228962,228962,228969,7,0
228962,228967,228969,2,5
228962,228968,228969,1,6
228962,228968,228969,1,6
228962,228962,228970,8,0
228962,228962,228970,8,0
228962,228962,228969,7,0
228962,228962,228969,7,0
228962,228967,228969,2,5
228962,228962,228969,7,0
228962,228962,228969,7,0
228962,228969,228970,1,7
228962,228962,228971,9,0
228962,228968,228971,3,6
228962,228968,228970,2,6
228962,228968,228971,3,6
228962,228968,228971,3,6
228962,228962,228972,10,0
228962,228962,228973,11,0
228962,228962,228973,11,0
228962,228962,228973,11,0
228962,228962,228975,13,0
228962,228962,228977,15,0
228989,228989,228990,1,0
228989,228989,228990,1,0
228989,228989,228990,1,0
228989,228989,228990,1,0
228989,228989,228990,1,0
228989,228989,228990,1,0
228989,228990,228992,2,1
228989,228989,228991,2,0
228989,228990,228992,2,1
228989,228989,228992,3,0
228989,228989,228993,4,0
228989,228990,228993,3,1
228989,228991,228992,1,2
228989,228991,228992,1,2
228989,228989,228993,4,0
228989,228989,228993,4,0
228989,228991,228993,2,2
228989,228989,228994,5,0
228989,228989,228993,4,0
228989,228992,228993,1,3
228989,228992,228994,2,3
228989,228992,228994,2,3
228989,228989,228994,5,0
228989,228989,228994,5,0
228989,228989,228994,5,0
228989,228989,228994,5,0
228989,228989,228994,5,0
228989,228993,228994,1,4
228989,228993,228994,1,4
228989,228989,228995,6,0
228989,228993,228995,2,4
228989,228993,228994,1,4
228989,228989,228995,6,0
228989,228989,228995,6,0
228989,228989,228995,6,0
228989,228989,228995,6,0
228989,228989,228996,7,0
228989,228989,228996,7,0
228989,228989,228995,6,0
228989,228994,228995,1,5
228989,228989,228996,7,0
228989,228994,228996,2,5
228989,228989,228996,7,0
228989,228995,228996,1,6
228989,228995,228996,1,6
228989,228994,228996,2,5
228989,228994,228996,2,5
228989,228995,228996,1,6
228989,228994,228995,1,5
228989,228994,228996,2,5
228989,228995,228996,1,6
228989,228989,228996,7,0
228989,228989,228996,7,0
228989,228989,228996,7,0
228989,228989,228996,7,0
228989,228994,228997,3,5
228989,228993,228996,3,4
228989,228989,228996,7,0
228989,228995,228996,1,6
228989,228995,228996,1,6
228989,228995,228996,1,6
228989,228995,228996,1,6
228989,228995,228996,1,6
228989,228989,228996,7,0
228989,228995,228998,3,6
228989,228995,228998,3,6
228989,228994,228997,3,5
228989,228989,228999,10,0
228989,228989,228999,10,0
228989,228995,228998,3,6
228989,228995,228998,3,6
228989,228989,228999,10,0
228989,228989,228999,10,0
228989,228989,228999,10,0
228989,228989,229000,11,0
228989,228989,229001,12,0
228989,228989,229002,13,0
228989,228989,229003,14,0
228989,228989,229005,16,0
229016,229016,229017,1,0
229016,229016,229017,1,0
229016,229016,229017,1,0
229016,229016,229017,1,0
229016,229016,229017,1,0
229016,229016,229017,1,0
229016,229016,229018,2,0
229016,229016,229018,2,0
229016,229017,229019,2,1
229016,229016,229018,2,0
229016,229017,229019,2,1
229016,229018,229020,2,2
229016,229016,229020,4,0
229016,229018,229020,2,2
229016,229017,229020,3,1
229016,229018,229019,1,2
229016,229016,229021,5,0
229016,229016,229021,5,0
229016,229018,229020,2,2
229016,229016,229021,5,0
229016,229019,229020,1,3
229016,229016,229020,4,0
229016,229019,229020,1,3
229016,229016,229021,5,0
229016,229016,229021,5,0
229016,229018,229020,2,2
229016,229016,229021,5,0
229016,229019,229021,2,3
229016,229016,229022,6,0
229016,229016,229022,6,0
229016,229016,229021,5,0
229016,229020,229022,2,4
229016,229020,229022,2,4
229016,229016,229022,6,0
229016,229020,229021,1,4
229016,229020,229021,1,4
229016,229016,229022,6,0
229016,229020,229022,2,4
229016,229016,229022,6,0
229016,229016,229023,7,0
229016,229016,229022,6,0
229016,229016,229023,7,0
229016,229016,229022,6,0
229016,229016,229023,7,0
229016,229016,229023,7,0
229016,229021,229023,2,5
229016,229021,229023,2,5
229016,229021,229023,2,5
229016,229021,229023,2,5
229016,229016,229023,7,0
229016,229021,229023,2,5
229016,229021,229023,2,5
229016,229022,229023,1,6
229016,229021,229023,2,5
229016,229021,229023,2,5
229016,229022,229023,1,6
229016,229022,229023,1,6
229016,229021,229023,2,5
229016,229021,229023,2,5
229016,229016,229024,8,0
229016,229016,229024,8,0
229016,229016,229023,7,0
229016,229022,229024,2,6
229016,229016,229024,8,0
229016,229021,229024,3,5
229016,229016,229024,8,0
229016,229022,229023,1,6
229016,229022,229024,2,6
229016,229016,229024,8,0
229016,229016,229025,9,0
229016,229016,229025,9,0
229016,229016,229024,8,0
229016,229016,229024,8,0
229016,229021,229024,3,5
229016,229016,229024,8,0
229016,229022,229025,3,6
229016,229016,229025,9,0
229016,229016,229027,11,0
229016,229016,229030,14,0
229041,229041,229042,1,0
229041,229041,229042,1,0
229041,229041,229042,1,0
229041,229041,229042,1,0
229041,229041,229042,1,0
229041,229041,229043,2,0
229041,229041,229043,2,0
229041,229041,229044,3,0
229041,229041,229044,3,0
229041,229041,229045,4,0
229041,229041,229045,4,0
229041,229042,229045,3,1
229041,229043,229045,2,2
229041,229042,229045,3,1
229041,229041,229045,4,0
229041,229043,229045,2,2
229041,229042,229045,3,1
229041,229043,229045,2,2
229041,229041,229046,5,0
229041,229041,229046,5,0
229041,229044,229046,2,3
229041,229044,229046,2,3
229041,229041,229046,5,0
229041,229043,229046,3,2
229041,229041,229047,6,0
229041,229041,229047,6,0
229041,229041,229047,6,0
229041,229041,229047,6,0
229041,229046,229047,1,5
229041,229046,229047,1,5
229041,229041,229047,6,0
229041,229041,229047,6,0
229041,229046,229047,1,5
229041,229046,229047,1,5
229041,229046,229047,1,5
229041,229046,229047,1,5
229041,229046,229047,1,5
229041,229046,229047,1,5
229041,229041,229048,7,0
229041,229041,229048,7,0
229041,229041,229048,7,0
229041,229041,229047,6,0
229041,229041,229048,7,0
229041,229041,229048,7,0
229041,229041,229048,7,0
229041,229047,229048,1,6
229041,229048,229049,1,7
229041,229041,229048,7,0
229041,229047,229048,1,6
229041,229041,229048,7,0
229041,229047,229048,1,6
229041,229047,229048,1,6
229041,229047,229048,1,6
229041,229048,229049,1,7
229041,229047,229048,1,6
229041,229048,229049,1,7
229041,229041,229049,8,0
229041,229041,229049,8,0
229041,229041,229049,8,0
229041,229047,229049,2,6
229041,229041,229049,8,0
229041,229041,229049,8,0
229041,229045,229049,4,4
229041,229041,229049,8,0
229041,229041,229049,8,0
229041,229041,229049,8,0
229041,229048,229049,1,7
229041,229048,229049,1,7
229041,229048,229049,1,7
229041,229041,229049,8,0
229041,229048,229049,1,7
229041,229047,229050,3,6
229041,229041,229050,9,0
229041,229041,229050,9,0
229041,229047,229050,3,6
229041,229047,229050,3,6
229041,229041,229051,10,0
229041,229041,229051,10,0
229041,229041,229051,10,0
229063,229063,229064,1,0
229063,229063,229064,1,0
229063,229063,229064,1,0
229063,229063,229064,1,0
229063,229063,229064,1,0
229063,229063,229065,2,0
229063,229063,229066,3,0
229063,229063,229066,3,0
229063,229063,229066,3,0
229063,229063,229065,2,0
229063,229063,229066,3,0
229063,229063,229065,2,0
229063,229063,229066,3,0
229063,229063,229066,3,0
229063,229064,229066,2,1
229063,229063,229067,4,0
229063,229063,229067,4,0
229063,229065,229067,2,2
229063,229065,229067,2,2
229063,229063,229067,4,0
229063,229064,229066,2,1
229063,229065,229067,2,2
229063,229063,229067,4,0
229063,229065,229067,2,2
229063,229066,229067,1,3
229063,229063,229068,5,0
229063,229063,229068,5,0
229063,229063,229068,5,0
229063,229063,229068,5,0
229063,229066,229068,2,3
229063,229063,229068,5,0
229063,229067,229068,1,4
229063,229067,229068,1,4
229063,229066,229068,2,3
229063,229066,229068,2,3
229063,229066,229068,2,3
229063,229066,229068,2,3
229063,229066,229068,2,3
229063,229067,229068,1,4
229063,229067,229068,1,4
229063,229066,229067,1,3
229063,229067,229068,1,4
229063,229067,229068,1,4
229063,229067,229068,1,4
229063,229063,229068,5,0
229063,229063,229068,5,0
229063,229063,229069,6,0
229063,229063,229068,5,0
229063,229066,229068,2,3
229063,229063,229069,6,0
229063,229067,229068,1,4
229063,229068,229069,1,5
229063,229068,229069,1,5
229063,229067,229069,2,4
229063,229067,229068,1,4
229063,229068,229069,1,5
229063,229068,229069,1,5
229063,229068,229069,1,5
229063,229063,229069,6,0
229063,229063,229069,6,0
229063,229068,229070,2,5
229063,229063,229070,7,0
229063,229068,229070,2,5
229063,229068,229069,1,5
229063,229068,229069,1,5
229063,229063,229071,8,0
229063,229063,229071,8,0
229063,229063,229070,7,0
229063,229063,229071,8,0
229063,229068,229070,2,5
229063,229063,229071,8,0
229063,229063,229072,9,0
229063,229063,229071,8,0
229063,229063,229071,8,0
229063,229063,229071,8,0
229063,229063,229072,9,0
229063,229063,229073,10,0
229063,229063,229073,10,0
229063,229063,229073,10,0
229084,229084,229085,1,0
229084,229084,229085,1,0
229084,229084,229086,2,0
229084,229084,229086,2,0
229084,229084,229086,2,0
229084,229086,229087,1,2
229084,229086,229087,1,2
229084,229086,229087,1,2
229084,229085,229088,3,1
229084,229084,229088,4,0
229084,229087,229088,1,3
229084,229085,229088,3,1
229084,229087,229088,1,3
229084,229085,229089,4,1
229084,229085,229089,4,1
229084,229085,229089,4,1
229084,229085,229089,4,1
229084,229085,229089,4,1
229084,229085,229089,4,1
229084,229088,229089,1,4
229084,229088,229089,1,4
229084,229085,229090,5,1
229084,229085,229090,5,1
229084,229085,229090,5,1
229084,229085,229090,5,1
229084,229085,229090,5,1
229084,229089,229090,1,5
229084,229089,229090,1,5
229084,229085,229091,6,1
229084,229088,229090,2,4
229084,229085,229090,5,1
229084,229089,229090,1,5
229084,229089,229090,1,5
229084,229085,229090,5,1
229084,229090,229091,1,6
229084,229090,229091,1,6
229084,229085,229090,5,1
229084,229089,229090,1,5
229084,229090,229091,1,6
229084,229085,229091,6,1
229084,229085,229091,6,1
229084,229085,229091,6,1
229084,229085,229091,6,1
229084,229090,229091,1,6
229084,229090,229091,1,6
229084,229091,229092,1,7
229084,229091,229092,1,7
229084,229091,229092,1,7
229084,229091,229092,1,7
229084,229091,229092,1,7
229084,229091,229092,1,7
229084,229091,229092,1,7
229084,229090,229092,2,6
229084,229085,229092,7,1
229084,229085,229092,7,1
229084,229089,229092,3,5
229084,229090,229092,2,6
229084,229091,229092,1,7
229084,229085,229092,7,1
229084,229085,229092,7,1
229084,229091,229092,1,7
229084,229091,229092,1,7
229084,229085,229092,7,1
229084,229085,229092,7,1
229084,229091,229092,1,7
229084,229084,229093,9,0
229084,229085,229093,8,1
229084,229085,229093,8,1
229084,229085,229093,8,1
229084,229091,229093,2,7
229084,229084,229093,9,0
229084,229091,229093,2,7
229084,229091,229093,2,7
229084,229084,229094,10,0
229084,229085,229094,9,1
229084,229084,229095,11,0
229084,229084,229095,11,0
229084,229085,229095,10,1
229084,229085,229096,11,1
229107,229107,229108,1,0
229107,229107,229108,1,0
229107,229107,229108,1,0
229107,229107,229108,1,0
229107,229107,229108,1,0
229107,229107,229110,3,0
229107,229108,229110,2,1
229107,229107,229110,3,0
229107,229108,229110,2,1
229107,229109,229110,1,2
229107,229109,229110,1,2
229107,229110,229111,1,3
229107,229110,229111,1,3
229107,229107,229111,4,0
229107,229107,229112,5,0
229107,229107,229111,4,0
229107,229109,229111,2,2
229107,229107,229111,4,0
229107,229111,229112,1,4
229107,229107,229112,5,0
229107,229107,229112,5,0
229107,229107,229113,6,0
229107,229107,229112,5,0
229107,229107,229112,5,0
229107,229111,229112,1,4
229107,229107,229113,6,0
229107,229107,229113,6,0
229107,229107,229112,5,0
229107,229111,229112,1,4
229107,229111,229112,1,4
229107,229112,229113,1,5
229107,229107,229113,6,0
229107,229111,229112,1,4
229107,229112,229113,1,5
229107,229107,229114,7,0
229107,229107,229113,6,0
229107,229111,229113,2,4
229107,229107,229114,7,0
229107,229107,229113,6,0
229107,229107,229113,6,0
229107,229107,229113,6,0
229107,229112,229113,1,5
229107,229112,229114,2,5
229107,229113,229114,1,6
229107,229107,229114,7,0
229107,229113,229114,1,6
229107,229107,229114,7,0
229107,229113,229114,1,6
229107,229113,229114,1,6
229107,229107,229113,6,0
229107,229113,229114,1,6
229107,229113,229114,1,6
229107,229113,229114,1,6
229107,229113,229114,1,6
229107,229107,229115,8,0
229107,229107,229114,7,0
229107,229113,229115,2,6
229107,229107,229115,8,0
229107,229107,229114,7,0
229107,229113,229115,2,6
229107,229112,229114,2,5
229107,229112,229114,2,5
229107,229113,229114,1,6
229107,229113,229115,2,6
229107,229113,229114,1,6
229107,229113,229114,1,6
229107,229107,229115,8,0
229107,229107,229115,8,0
229107,229107,229115,8,0
229107,229113,229115,2,6
229107,229107,229115,8,0
229107,229114,229116,2,7
229107,229107,229116,9,0
229107,229107,229116,9,0
229107,229107,229116,9,0
229107,229107,229116,9,0
229107,229107,229116,9,0
229107,229107,229117,10,0
229107,229107,229119,12,0
229130,229130,229131,1,0
229130,229130,229131,1,0
229130,229130,229131,1,0
229130,229130,229131,1,0
229130,229130,229131,1,0
229130,229131,229133,2,1
229130,229132,229133,1,2
229130,229130,229133,3,0
229130,229132,229134,2,2
229130,229132,229134,2,2
229130,229133,229134,1,3
229130,229133,229134,1,3
229130,229132,229133,1,2
229130,229133,229134,1,3
229130,229130,229135,5,0
229130,229130,229135,5,0
229130,229130,229135,5,0
229130,229134,229135,1,4
229130,229130,229135,5,0
229130,229130,229135,5,0
229130,229134,229135,1,4
229130,229130,229135,5,0
229130,229134,229135,1,4
229130,229130,229135,5,0
229130,229130,229136,6,0
229130,229130,229135,5,0
229130,229130,229136,6,0
229130,229130,229136,6,0
229130,229130,229135,5,0
229130,229130,229136,6,0
229130,229134,229135,1,4
229130,229130,229136,6,0
229130,229134,229135,1,4
229130,229134,229136,2,4
229130,229130,229136,6,0
229130,229135,229136,1,5
229130,229135,229136,1,5
229130,229135,229136,1,5
229130,229135,229136,1,5
229130,229135,229136,1,5
229130,229130,229137,7,0
229130,229130,229137,7,0
229130,229130,229137,7,0
229130,229135,229137,2,5
229130,229130,229137,7,0
229130,229130,229137,7,0
229130,229130,229137,7,0
229130,229130,229137,7,0
229130,229135,229137,2,5
229130,229135,229137,2,5
229130,229130,229137,7,0
229130,229130,229137,7,0
229130,229136,229137,1,6
229130,229136,229137,1,6
229130,229135,229137,2,5
229130,229136,229137,1,6
229130,229136,229137,1,6
229130,229136,229137,1,6
229130,229136,229137,1,6
229130,229136,229137,1,6
229130,229136,229138,2,6
229130,229130,229137,7,0
229130,229136,229138,2,6
229130,229130,229138,8,0
229130,229130,229138,8,0
229130,229130,229138,8,0
229130,229136,229138,2,6
229130,229130,229139,9,0
229130,229130,229139,9,0
229130,229130,229139,9,0
229130,229136,229139,3,6
229130,229136,229138,2,6
229130,229130,229139,9,0
229130,229130,229139,9,0
229130,229130,229139,9,0
229130,229130,229142,12,0
229130,229130,229141,11,0
229130,229130,229144,14,0
229130,229130,229148,18,0
229157,229158,229159,1,1
229157,229158,229159,1,1
229157,229158,229159,1,1
229157,229158,229159,1,1
229157,229158,229159,1,1
229157,229160,229161,1,3
229157,229159,229160,1,2
229157,229158,229160,2,1
229157,229160,229161,1,3
229157,229159,229160,1,2
229157,229159,229160,1,2
229157,229158,229162,4,1
229157,229161,229162,1,4
229157,229161,229162,1,4
229157,229158,229163,5,1
229157,229158,229162,4,1
229157,229158,229162,4,1
229157,229158,229162,4,1
229157,229161,229162,1,4
229157,229161,229162,1,4
229157,229158,229163,5,1
229157,229161,229162,1,4
229157,229161,229162,1,4
229157,229158,229163,5,1
229157,229158,229163,5,1
229157,229158,229163,5,1
229157,229158,229163,5,1
229157,229162,229163,1,5
229157,229158,229163,5,1
229157,229163,229164,1,6
229157,229158,229163,5,1
229157,229158,229164,6,1
229157,229158,229163,5,1
229157,229163,229164,1,6
229157,229158,229163,5,1
229157,229158,229163,5,1
229157,229158,229163,5,1
229157,229158,229163,5,1
229157,229162,229163,1,5
229157,229163,229164,1,6
229157,229158,229164,6,1
229157,229158,229164,6,1
229157,229158,229164,6,1
229157,229158,229164,6,1
229157,229162,229165,3,5
229157,229164,229165,1,7
229157,229158,229164,6,1
229157,229163,229164,1,6
229157,229164,229165,1,7
229157,229164,229165,1,7
229157,229163,229164,1,6
229157,229163,229164,1,6
229157,229164,229165,1,7
229157,229164,229165,1,7
229157,229164,229165,1,7
229157,229158,229166,8,1
229157,229158,229165,7,1
229157,229158,229165,7,1
229157,229163,229166,3,6
229157,229158,229165,7,1
229157,229164,229165,1,7
229157,229164,229165,1,7
229157,229164,229165,1,7
229157,229164,229165,1,7
229157,229158,229166,8,1
229157,229158,229167,9,1
229157,229164,229166,2,7
229157,229158,229166,8,1
229157,229158,229166,8,1
229157,229163,229166,3,6
229157,229164,229166,2,7
229157,229158,229168,10,1
229157,229158,229167,9,1
229157,229158,229168,10,1
229157,229158,229167,9,1
229157,229163,229167,4,6
229157,229158,229170,12,1
229157,229158,229170,12,1
229157,229158,229171,13,1
229181,229181,229182,1,0
229181,229181,229183,2,0
229181,229181,229183,2,0
229181,229181,229182,1,0
229181,229181,229182,1,0
229181,229183,229184,1,2
229181,229181,229184,3,0
229181,229183,229185,2,2
229181,229183,229184,1,2
229181,229183,229184,1,2
229181,229184,229185,1,3
229181,229181,229185,4,0
229181,229183,229184,1,2
229181,229181,229186,5,0
229181,229181,229186,5,0
229181,229181,229185,4,0
229181,229185,229186,1,4
229181,229181,229186,5,0
229181,229181,229186,5,0
229181,229181,229186,5,0
229181,229181,229186,5,0
229181,229181,229187,6,0
229181,229181,229187,6,0
229181,229185,229186,1,4
229181,229181,229186,5,0
229181,229181,229187,6,0
229181,229185,229187,2,4
229181,229185,229187,2,4
229181,229181,229187,6,0
229181,229181,229186,5,0
229181,229185,229186,1,4
229181,229181,229187,6,0
229181,229185,229186,1,4
229181,229181,229188,7,0
229181,229181,229188,7,0
229181,229181,229188,7,0
229181,229181,229188,7,0
229181,229181,229187,6,0
229181,229186,229188,2,5
229181,229181,229188,7,0
229181,229185,229187,2,4
229181,229181,229188,7,0
229181,229187,229188,1,6
229181,229181,229188,7,0
229181,229181,229188,7,0
229181,229186,229188,2,5
229181,229187,229188,1,6
229181,229186,229187,1,5
229181,229187,229188,1,6
229181,229187,229188,1,6
229181,229186,229188,2,5
229181,229186,229188,2,5
229181,229187,229188,1,6
229181,229187,229188,1,6
229181,229181,229188,7,0
229181,229187,229188,1,6
229181,229186,229188,2,5
229181,229181,229189,8,0
229181,229181,229189,8,0
229181,229186,229189,3,5
229181,229187,229189,2,6
229181,229187,229189,2,6
229181,229181,229189,8,0
229181,229181,229189,8,0
229181,229187,229189,2,6
229181,229187,229189,2,6
229181,229187,229189,2,6
229181,229181,229190,9,0
229181,229181,229190,9,0
229181,229188,229190,2,7
229181,229181,229190,9,0
229181,229181,229190,9,0
229181,229187,229189,2,6
229181,229188,229190,2,7
229181,229181,229189,8,0
229181,229181,229191,10,0
229181,229181,229191,10,0
229181,229181,229191,10,0
229181,229181,229192,11,0
229202,229202,229203,1,0
229202,229202,229203,1,0
229202,229202,229203,1,0
229202,229202,229204,2,0
229202,229202,229204,2,0
229202,229204,229205,1,2
229202,229203,229205,2,1
229202,229203,229205,2,1
229202,229203,229205,2,1
229202,229203,229205,2,1
229202,229204,229205,1,2
229202,229204,229205,1,2
229202,229205,229206,1,3
229202,229203,229206,3,1
229202,229203,229206,3,1
229202,229203,229206,3,1
229202,229205,229206,1,3
229202,229203,229206,3,1
229202,229206,229207,1,4
229202,229202,229207,5,0
229202,229203,229207,4,1
229202,229206,229207,1,4
229202,229203,229207,4,1
229202,229207,229208,1,5
229202,229203,229207,4,1
229202,229206,229207,1,4
229202,229206,229207,1,4
229202,229206,229208,2,4
229202,229203,229208,5,1
229202,229207,229208,1,5
229202,229206,229207,1,4
229202,229203,229208,5,1
229202,229206,229208,2,4
229202,229202,229208,6,0
229202,229208,229209,1,6
229202,229208,229209,1,6
229202,229206,229208,2,4
229202,229203,229208,5,1
229202,229208,229209,1,6
229202,229208,229209,1,6
229202,229207,229209,2,5
229202,229207,229209,2,5
229202,229203,229209,6,1
229202,229208,229209,1,6
229202,229208,229209,1,6
229202,229202,229209,7,0
229202,229207,229209,2,5
229202,229208,229209,1,6
229202,229203,229209,6,1
229202,229208,229210,2,6
229202,229203,229209,6,1
229202,229209,229210,1,7
229202,229202,229210,8,0
229202,229208,229209,1,6
229202,229203,229210,7,1
229202,229207,229210,3,5
229202,229203,229210,7,1
229202,229202,229211,9,0
229202,229209,229210,1,7
229202,229208,229210,2,6
229202,229208,229210,2,6
229202,229208,229210,2,6
229202,229202,229210,8,0
229202,229202,229210,8,0
229202,229202,229210,8,0
229202,229203,229210,7,1
229202,229203,229210,7,1
229202,229202,229211,9,0
229202,229202,229211,9,0
229202,229209,229211,2,7
229202,229203,229211,8,1
229202,229203,229211,8,1
229202,229202,229212,10,0
229202,229202,229212,10,0
229202,229202,229212,10,0
229202,229202,229214,12,0
229202,229202,229215,13,0
229202,229202,229216,14,0
229226,229226,229227,1,0
229226,229226,229227,1,0
229226,229226,229227,1,0
229226,229226,229228,2,0
229226,229226,229227,1,0
229226,229227,229228,1,1
229226,229226,229229,3,0
229226,229226,229229,3,0
229226,229226,229229,3,0
229226,229226,229229,3,0
229226,229226,229229,3,0
229226,229226,229229,3,0
229226,229228,229229,1,2
229226,229227,229228,1,1
229226,229228,229229,1,2
229226,229228,229229,1,2
229226,229228,229229,1,2
229226,229226,229229,3,0
229226,229226,229230,4,0
229226,229226,229230,4,0
229226,229226,229230,4,0
229226,229226,229230,4,0
229226,229226,229230,4,0
229226,229229,229230,1,3
229226,229226,229230,4,0
229226,229226,229231,5,0
229226,229229,229230,1,3
229226,229226,229231,5,0
229226,229229,229231,2,3
229226,229226,229231,5,0
229226,229229,229230,1,3
229226,229229,229231,2,3
229226,229229,229231,2,3
229226,229226,229231,5,0
229226,229229,229232,3,3
229226,229230,229232,2,4
229226,229229,229232,3,3
229226,229230,229232,2,4
229226,229226,229231,5,0
229226,229229,229232,3,3
229226,229230,229232,2,4
229226,229229,229232,3,3
229226,229226,229232,6,0
229226,229231,229232,1,5
229226,229231,229232,1,5
229226,229226,229232,6,0
229226,229231,229232,1,5
229226,229226,229232,6,0
229226,229226,229232,6,0
229226,229231,229232,1,5
229226,229231,229232,1,5
229226,229230,229231,1,4
229226,229231,229232,1,5
229226,229226,229232,6,0
229226,229230,229232,2,4
229226,229230,229233,3,4
229226,229231,229233,2,5
229226,229229,229233,4,3
229226,229226,229233,7,0
229226,229230,229233,3,4
229226,229226,229233,7,0
229226,229231,229233,2,5
229226,229231,229232,1,5
229226,229226,229233,7,0
229226,229226,229233,7,0
229226,229226,229233,7,0
229226,229231,229232,1,5
229226,229226,229233,7,0
229226,229226,229233,7,0
229226,229226,229234,8,0
229226,229226,229234,8,0
229226,229232,229234,2,6
229226,229226,229234,8,0
229226,229226,229234,8,0
229226,229226,229235,9,0
229226,229226,229235,9,0
229226,229226,229237,11,0
229226,229226,229237,11,0
229226,229226,229238,12,0
229248,229248,229249,1,0
229248,229248,229249,1,0
229248,229248,229249,1,0
229248,229248,229250,2,0
229248,229248,229249,1,0
229248,229250,229251,1,2
229248,229249,229251,2,1
229248,229250,229251,1,2
229248,229249,229251,2,1
229248,229248,229252,4,0
229248,229248,229252,4,0
229248,229248,229252,4,0
229248,229248,229252,4,0
229248,229250,229252,2,2
229248,229252,229253,1,4
229248,229248,229252,4,0
229248,229252,229253,1,4
229248,229248,229253,5,0
229248,229252,229253,1,4
229248,229252,229253,1,4
229248,229248,229254,6,0
229248,229248,229254,6,0
229248,229248,229253,5,0
229248,229248,229254,6,0
229248,229248,229253,5,0
229248,229248,229254,6,0
229248,229248,229253,5,0
229248,229248,229253,5,0
229248,229248,229254,6,0
229248,229248,229254,6,0
229248,229253,229254,1,5
229248,229248,229253,5,0
229248,229248,229254,6,0
229248,229248,229254,6,0
229248,229248,229254,6,0
229248,229253,229255,2,5
229248,229248,229254,6,0
229248,229248,229255,7,0
229248,229248,229255,7,0
229248,229253,229254,1,5
229248,229254,229255,1,6
229248,229248,229255,7,0
229248,229253,229254,1,5
229248,229248,229255,7,0
229248,229253,229254,1,5
229248,229253,229254,1,5
229248,229254,229255,1,6
229248,229248,229254,6,0
229248,229253,229254,1,5
229248,229253,229254,1,5
229248,229254,229255,1,6
229248,229248,229255,7,0
229248,229248,229254,6,0
229248,229253,229255,2,5
229248,229253,229255,2,5
229248,229254,229256,2,6
229248,229248,229256,8,0
229248,229253,229255,2,5
229248,229254,229255,1,6
229248,229254,229255,1,6
229248,229254,229256,2,6
229248,229254,229256,2,6
229248,229254,229256,2,6
229248,229248,229256,8,0
229248,229254,229256,2,6
229248,229254,229256,2,6
229248,229255,229257,2,7
229248,229255,229257,2,7
229248,229254,229256,2,6
229248,229254,229256,2,6
229248,229248,229257,9,0
229248,229248,229257,9,0
229248,229248,229258,10,0
229248,229248,229258,10,0
229248,229248,229260,12,0
229248,229248,229260,12,0
229248,229248,229261,13,0
229248,229248,229263,15,0
229248,229248,229263,15,0
229273,229273,229274,1,0
229273,229273,229274,1,0
229273,229273,229274,1,0
229273,229273,229275,2,0
229273,229273,229275,2,0
229273,229274,229276,2,1
229273,229274,229276,2,1
229273,229275,229277,2,2
229273,229275,229277,2,2
229273,229273,229278,5,0
229273,229273,229278,5,0
229273,229273,229278,5,0
229273,229273,229278,5,0
229273,229273,229278,5,0
229273,229275,229278,3,2
229273,229276,229278,2,3
229273,229273,229278,5,0
229273,229276,229278,2,3
229273,229273,229279,6,0
229273,229273,229279,6,0
229273,229278,229279,1,5
229273,229273,229279,6,0
229273,229277,229278,1,4
229273,229277,229279,2,4
229273,229273,229279,6,0
229273,229273,229280,7,0
229273,229273,229280,7,0
229273,229273,229280,7,0
229273,229278,229280,2,5
229273,229273,229280,7,0
229273,229273,229280,7,0
229273,229278,229280,2,5
229273,229273,229280,7,0
229273,229273,229280,7,0
229273,229278,229280,2,5
229273,229273,229280,7,0
229273,229273,229280,7,0
229273,229273,229280,7,0
229273,229278,229280,2,5
229273,229279,229280,1,6
229273,229279,229280,1,6
229273,229273,229280,7,0
229273,229278,229280,2,5
229273,229278,229280,2,5
229273,229273,229279,6,0
229273,229273,229281,8,0
229273,229273,229281,8,0
229273,229278,229281,3,5
229273,229273,229281,8,0
229273,229279,229281,2,6
229273,229273,229281,8,0
229273,229280,229282,2,7
229273,229278,229282,4,5
229273,229280,229282,2,7
229273,229273,229282,9,0
229273,229280,229282,2,7
229273,229273,229282,9,0
229273,229273,229282,9,0
229273,229280,229282,2,7
229273,229273,229282,9,0
229273,229279,229282,3,6
229273,229281,229283,2,8
229273,229273,229282,9,0
229273,229273,229283,10,0
229273,229280,229283,3,7
229273,229280,229283,3,7
229273,229280,229283,3,7
229273,229280,229283,3,7
229273,229273,229283,10,0
229273,229281,229283,2,8
229273,229273,229284,11,0
229273,229273,229285,12,0
229273,229273,229285,12,0
229273,229273,229285,12,0
229273,229273,229285,12,0
229273,229273,229285,12,0
229295,229295,229296,1,0
229295,229295,229296,1,0
229295,229295,229296,1,0
229295,229295,229297,2,0
229295,229295,229298,3,0
229295,229296,229298,2,1
229295,229296,229298,2,1
229295,229296,229298,2,1
229295,229295,229299,4,0
229295,229297,229299,2,2
229295,229295,229300,5,0
229295,229298,229300,2,3
229295,229295,229300,5,0
229295,229299,229300,1,4
229295,229295,229300,5,0
229295,229299,229300,1,4
229295,229295,229301,6,0
229295,229295,229301,6,0
229295,229295,229301,6,0
229295,229300,229301,1,5
229295,229295,229301,6,0
229295,229300,229301,1,5
229295,229300,229301,1,5
229295,229295,229301,6,0
229295,229295,229301,6,0
229295,229301,229302,1,6
229295,229295,229302,7,0
229295,229295,229302,7,0
229295,229295,229302,7,0
229295,229295,229302,7,0
229295,229295,229302,7,0
229295,229295,229302,7,0
229295,229295,229302,7,0
229295,229295,229302,7,0
229295,229295,229302,7,0
229295,229302,229303,1,7
229295,229301,229302,1,6
229295,229301,229302,1,6
229295,229302,229303,1,7
229295,229301,229302,1,6
229295,229302,229303,1,7
229295,229302,229303,1,7
229295,229295,229302,7,0
229295,229295,229303,8,0
229295,229295,229303,8,0
229295,229295,229303,8,0
229295,229295,229303,8,0
229295,229295,229303,8,0
229295,229299,229303,4,4
229295,229295,229303,8,0
229295,229300,229303,3,5
229295,229295,229303,8,0
229295,229302,229303,1,7
229295,229295,229303,8,0
229295,229302,229303,1,7
229295,229302,229303,1,7
229295,229302,229303,1,7
229295,229302,229303,1,7
229295,229303,229304,1,8
229295,229303,229304,1,8
229295,229295,229303,8,0
229295,229302,229304,2,7
229295,229302,229304,2,7
229295,229295,229304,9,0
229295,229302,229304,2,7
229295,229303,229304,1,8
229295,229301,229304,3,6
229295,229303,229305,2,8
229295,229295,229305,10,0
229295,229295,229305,10,0
229295,229295,229305,10,0
229295,229295,229305,10,0
229295,229295,229305,10,0
229295,229303,229305,2,8
229295,229295,229306,11,0
229295,229295,229306,11,0
229295,229295,229306,11,0
229295,229295,229306,11,0
229317,229317,229318,1,0
229317,229317,229318,1,0
229317,229317,229318,1,0
229317,229317,229319,2,0
229317,229317,229320,3,0
229317,229319,229320,1,2
229317,229319,229320,1,2
229317,229319,229320,1,2
229317,229320,229321,1,3
229317,229317,229322,5,0
229317,229317,229322,5,0
229317,229317,229322,5,0
229317,229317,229322,5,0
229317,229317,229322,5,0
229317,229321,229322,1,4
229317,229321,229322,1,4
229317,229321,229322,1,4
229317,229317,229323,6,0
229317,229317,229323,6,0
229317,229321,229323,2,4
229317,229317,229323,6,0
229317,229318,229323,5,1
229317,229322,229323,1,5
229317,229323,229324,1,6
229317,229317,229323,6,0
229317,229317,229323,6,0
229317,229323,229324,1,6
229317,229318,229324,6,1
229317,229317,229324,7,0
229317,229318,229324,6,1
229317,229317,229325,8,0
229317,229317,229324,7,0
229317,229317,229324,7,0
229317,229317,229324,7,0
229317,229317,229324,7,0
229317,229323,229324,1,6
229317,229317,229325,8,0
229317,229323,229324,1,6
229317,229324,229325,1,7
229317,229323,229324,1,6
229317,229324,229325,1,7
229317,229324,229325,1,7
229317,229324,229325,1,7
229317,229317,229325,8,0
229317,229317,229325,8,0
229317,229318,229325,7,1
229317,229317,229325,8,0
229317,229317,229325,8,0
229317,229324,229326,2,7
229317,229317,229325,8,0
229317,229324,229325,1,7
229317,229324,229325,1,7
229317,229325,229326,1,8
229317,229317,229325,8,0
229317,229317,229325,8,0
229317,229324,229325,1,7
229317,229317,229325,8,0
229317,229317,229326,9,0
229317,229323,229326,3,6
229317,229323,229326,3,6
229317,229323,229326,3,6
229317,229324,229326,2,7
229317,229317,229327,10,0
229317,229325,229326,1,8
229317,229325,229326,1,8
229317,229317,229326,9,0
229317,229317,229327,10,0
229317,229325,229327,2,8
229317,229317,229327,10,0
229317,229325,229327,2,8
229317,229325,229327,2,8
229317,229325,229327,2,8
229317,229325,229327,2,8
229317,229324,229327,3,7
229317,229317,229327,10,0
229317,229317,229327,10,0
229317,229317,229328,11,0
229317,229317,229329,12,0
229317,229317,229331,14,0
229342,229343,229344,1,1
229342,229343,229344,1,1
229342,229343,229344,1,1
229342,229343,229344,1,1
229342,229343,229344,1,1
229342,229344,229345,1,2
229342,229343,229345,2,1
229342,229345,229346,1,3
229342,229343,229346,3,1
229342,229343,229346,3,1
229342,229343,229346,3,1
229342,229343,229346,3,1
229342,229343,229346,3,1
229342,229345,229346,1,3
229342,229345,229347,2,3
229342,229345,229346,1,3
229342,229343,229347,4,1
229342,229343,229347,4,1
229342,229343,229348,5,1
229342,229343,229348,5,1
229342,229343,229348,5,1
229342,229343,229347,4,1
229342,229343,229347,4,1
229342,229343,229347,4,1
229342,229346,229348,2,4
229342,229347,229348,1,5
229342,229343,229347,4,1
229342,229347,229348,1,5
229342,229343,229348,5,1
229342,229343,229348,5,1
229342,229346,229348,2,4
229342,229348,229349,1,6
229342,229346,229348,2,4
229342,229347,229348,1,5
229342,229343,229348,5,1
229342,229347,229348,1,5
229342,229343,229348,5,1
229342,229348,229349,1,6
229342,229343,229349,6,1
229342,229343,229349,6,1
229342,229343,229350,7,1
229342,229343,229349,6,1
229342,229343,229349,6,1
229342,229343,229350,7,1
229342,229348,229350,2,6
229342,229343,229349,6,1
229342,229343,229349,6,1
229342,229349,229350,1,7
229342,229343,229349,6,1
229342,229348,229349,1,6
229342,229349,229350,1,7
229342,229343,229349,6,1
229342,229348,229349,1,6
229342,229348,229349,1,6
229342,229343,229349,6,1
229342,229348,229349,1,6
229342,229348,229349,1,6
229342,229343,229349,6,1
229342,229348,229349,1,6
229342,229349,229350,1,7
229342,229349,229350,1,7
229342,229343,229350,7,1
229342,229348,229351,3,6
229342,229343,229350,7,1
229342,229348,229351,3,6
229342,229347,229350,3,5
229342,229348,229350,2,6
229342,229347,229350,3,5
229342,229343,229350,7,1
229342,229347,229350,3,5
229342,229348,229350,2,6
229342,229343,229351,8,1
229342,229349,229350,1,7
229342,229343,229351,8,1
229342,229343,229352,9,1
229342,229347,229351,4,5
229342,229349,229351,2,7
229342,229343,229351,8,1
229342,229343,229351,8,1
229362,229362,229364,2,0
229362,229362,229364,2,0
229362,229362,229363,1,0
229362,229362,229364,2,0
229362,229362,229364,2,0
229362,229363,229364,1,1
229362,229363,229366,3,1
229362,229363,229365,2,1
229362,229363,229365,2,1
229362,229363,229366,3,1
229362,229364,229365,1,2
229362,229364,229365,1,2
229362,229364,229365,1,2
229362,229363,229367,4,1
229362,229363,229366,3,1
229362,229363,229367,4,1
229362,229363,229366,3,1
229362,229365,229366,1,3
229362,229363,229366,3,1
229362,229365,229366,1,3
229362,229365,229367,2,3
229362,229366,229367,1,4
229362,229366,229367,1,4
229362,229363,229368,5,1
229362,229363,229367,4,1
229362,229363,229367,4,1
229362,229363,229367,4,1
229362,229363,229367,4,1
229362,229366,229367,1,4
229362,229363,229367,4,1
229362,229363,229368,5,1
229362,229363,229368,5,1
229362,229363,229367,4,1
229362,229363,229367,4,1
229362,229367,229368,1,5
229362,229367,229368,1,5
229362,229363,229368,5,1
229362,229363,229368,5,1
229362,229363,229368,5,1
229362,229363,229368,5,1
229362,229363,229368,5,1
229362,229363,229368,5,1
229362,229368,229369,1,6
229362,229366,229368,2,4
229362,229363,229368,5,1
229362,229367,229368,1,5
229362,229363,229369,6,1
229362,229363,229368,5,1
229362,229363,229368,5,1
229362,229367,229368,1,5
229362,229367,229368,1,5
229362,229368,229369,1,6
229362,229367,229368,1,5
229362,229368,229369,1,6
229362,229367,229369,2,5
229362,229367,229369,2,5
229362,229363,229369,6,1
229362,229366,229369,3,4
229362,229367,229369,2,5
229362,229366,229369,3,4
229362,229368,229369,1,6
229362,229368,229370,2,6
229362,229368,229370,2,6
229362,229363,229369,6,1
229362,229363,229370,7,1
229362,229368,229369,1,6
229362,229368,229369,1,6
229362,229368,229369,1,6
229362,229368,229370,2,6
229362,229368,229370,2,6
229362,229366,229370,4,4
229362,229367,229370,3,5
229362,229368,229370,2,6
229362,229363,229371,8,1
229362,229363,229370,7,1
229362,229363,229371,8,1
229362,229363,229371,8,1
229362,229363,229372,9,1
229362,229363,229372,9,1
229383,229383,229384,1,0
229383,229383,229384,1,0
229383,229383,229385,2,0
229383,229383,229385,2,0
229383,229383,229385,2,0
229383,229383,229386,3,0
229383,229383,229386,3,0
229383,229384,229386,2,1
229383,229383,229386,3,0
229383,229383,229387,4,0
229383,229383,229387,4,0
229383,229383,229387,4,0
229383,229383,229387,4,0
229383,229383,229387,4,0
229383,229383,229387,4,0
229383,229385,229387,2,2
229383,229383,229387,4,0
229383,229384,229387,3,1
229383,229383,229388,5,0
229383,229383,229388,5,0
229383,229385,229388,3,2
229383,229383,229388,5,0
229383,229383,229388,5,0
229383,229383,229388,5,0
229383,229383,229388,5,0
229383,229387,229388,1,4
229383,229385,229388,3,2
229383,229387,229388,1,4
229383,229383,229388,5,0
229383,229383,229389,6,0
229383,229383,229389,6,0
229383,229388,229389,1,5
229383,229383,229389,6,0
229383,229388,229389,1,5
229383,229389,229390,1,6
229383,229383,229389,6,0
229383,229383,229390,7,0
229383,229383,229389,6,0
229383,229383,229390,7,0
229383,229383,229390,7,0
229383,229388,229390,2,5
229383,229387,229390,3,4
229383,229388,229390,2,5
229383,229389,229390,1,6
229383,229386,229390,4,3
229383,229388,229390,2,5
229383,229388,229390,2,5
229383,229383,229391,8,0
229383,229390,229391,1,7
229383,229383,229390,7,0
229383,229389,229390,1,6
229383,229390,229391,1,7
229383,229389,229390,1,6
229383,229389,229391,2,6
229383,229387,229391,4,4
229383,229389,229391,2,6
229383,229383,229391,8,0
229383,229386,229391,5,3
229383,229383,229391,8,0
229383,229387,229391,4,4
229383,229389,229391,2,6
229383,229389,229391,2,6
229383,229389,229391,2,6
229383,229390,229391,1,7
229383,229390,229391,1,7
229383,229390,229391,1,7
229383,229383,229391,8,0
229383,229383,229391,8,0
229383,229383,229391,8,0
229383,229383,229391,8,0
229383,229383,229392,9,0
229383,229383,229392,9,0
229383,229390,229392,2,7
229383,229383,229394,11,0
229383,229383,229394,11,0
229383,229383,229394,11,0
229383,229383,229396,13,0
229408,229408,229409,1,0
229408,229408,229409,1,0
229408,229408,229409,1,0
229408,229408,229410,2,0
229408,229408,229410,2,0
229408,229408,229411,3,0
229408,229408,229411,3,0
229408,229409,229411,2,1
229408,229409,229411,2,1
229408,229409,229411,2,1
229408,229408,229411,3,0
229408,229408,229412,4,0
229408,229408,229411,3,0
229408,229408,229412,4,0
229408,229408,229412,4,0
229408,229408,229412,4,0
229408,229410,229412,2,2
229408,229408,229412,4,0
229408,229410,229412,2,2
229408,229408,229413,5,0
229408,229408,229413,5,0
229408,229408,229413,5,0
229408,229408,229413,5,0
229408,229411,229413,2,3
229408,229412,229413,1,4
229408,229412,229413,1,4
229408,229408,229413,5,0
229408,229412,229413,1,4
229408,229408,229414,6,0
229408,229408,229414,6,0
229408,229408,229414,6,0
229408,229413,229414,1,5
229408,229408,229414,6,0
229408,229408,229414,6,0
229408,229414,229415,1,6
229408,229408,229414,6,0
229408,229413,229414,1,5
229408,229408,229415,7,0
229408,229408,229415,7,0
229408,229412,229415,3,4
229408,229413,229415,2,5
229408,229412,229415,3,4
229408,229411,229415,4,3
229408,229414,229415,1,6
229408,229411,229415,4,3
229408,229413,229415,2,5
229408,229414,229415,1,6
229408,229408,229415,7,0
229408,229408,229415,7,0
229408,229414,229415,1,6
229408,229408,229415,7,0
229408,229408,229415,7,0
229408,229408,229415,7,0
229408,229415,229416,1,7
229408,229414,229415,1,6
229408,229412,229416,4,4
229408,229413,229416,3,5
229408,229412,229416,4,4
229408,229415,229416,1,7
229408,229415,229416,1,7
229408,229414,229416,2,6
229408,229414,229416,2,6
229408,229415,229416,1,7
229408,229408,229416,8,0
229408,229415,229416,1,7
229408,229415,229416,1,7
229408,229408,229416,8,0
229408,229415,229416,1,7
229408,229408,229416,8,0
229408,229408,229416,8,0
229408,229408,229417,9,0
229408,229408,229417,9,0
229408,229408,229417,9,0
229408,229408,229418,10,0
229408,229408,229419,11,0
229408,229408,229419,11,0
229408,229408,229420,12,0
229408,229408,229420,12,0
229432,229432,229433,1,0
229432,229432,229433,1,0
229432,229432,229433,1,0
229432,229432,229433,1,0
229432,229432,229433,1,0
229432,229432,229435,3,0
229432,229433,229435,2,1
229432,229432,229435,3,0
229432,229433,229434,1,1
229432,229433,229435,2,1
229432,229432,229436,4,0
229432,229432,229436,4,0
229432,229432,229436,4,0
229432,229434,229436,2,2
229432,229434,229436,2,2
229432,229432,229436,4,0
229432,229432,229436,4,0
229432,229432,229436,4,0
229432,229432,229437,5,0
229432,229432,229437,5,0
229432,229432,229437,5,0
229432,229432,229436,4,0
229432,229432,229437,5,0
229432,229436,229437,1,4
229432,229432,229437,5,0
229432,229435,229437,2,3
229432,229435,229437,2,3
229432,229435,229437,2,3
229432,229435,229437,2,3
229432,229432,229438,6,0
229432,229436,229437,1,4
229432,229432,229437,5,0
229432,229432,229438,6,0
229432,229437,229438,1,5
229432,229432,229439,7,0
229432,229432,229439,7,0
229432,229436,229439,3,4
229432,229432,229438,6,0
229432,229436,229439,3,4
229432,229437,229438,1,5
229432,229437,229438,1,5
229432,229437,229439,2,5
229432,229432,229439,7,0
229432,229432,229439,7,0
229432,229432,229439,7,0
229432,229437,229438,1,5
229432,229437,229438,1,5
229432,229432,229439,7,0
229432,229432,229439,7,0
229432,229432,229440,8,0
229432,229435,229439,4,3
229432,229437,229440,3,5
229432,229437,229440,3,5
229432,229432,229439,7,0
229432,229432,229439,7,0
229432,229432,229440,8,0
229432,229432,229439,7,0
229432,229432,229439,7,0
229432,229438,229440,2,6
229432,229438,229440,2,6
229432,229432,229440,8,0
229432,229438,229439,1,6
229432,229438,229440,2,6
229432,229432,229441,9,0
229432,229437,229441,4,5
229432,229437,229440,3,5
229432,229432,229441,9,0
229432,229437,229440,3,5
229432,229437,229440,3,5
229432,229432,229442,10,0
229432,229439,229441,2,7
229432,229432,229442,10,0
229432,229436,229442,6,4
229432,229437,229441,4,5
229432,229432,229442,10,0
229432,229432,229443,11,0
229432,229432,229443,11,0
229432,229437,229458,21,5
229432,229438,229459,21,6
229470,229470,229471,1,0
229470,229470,229471,1,0
229470,229470,229471,1,0
229470,229470,229472,2,0
229470,229470,229471,1,0
229470,229470,229472,2,0
229470,229470,229474,4,0
229470,229470,229474,4,0
229470,229470,229474,4,0
229470,229470,229474,4,0
229470,229472,229474,2,2
229470,229472,229474,2,2
229470,229472,229474,2,2
229470,229471,229474,3,1
229470,229471,229474,3,1
229470,229470,229475,5,0
229470,229470,229475,5,0
229470,229470,229475,5,0
229470,229470,229475,5,0
229470,229470,229475,5,0
229470,229470,229475,5,0
229470,229470,229475,5,0
229470,229470,229475,5,0
229470,229474,229475,1,4
229470,229470,229475,5,0
229470,229472,229474,2,2
229470,229470,229476,6,0
229470,229470,229476,6,0
229470,229470,229475,5,0
229470,229470,229476,6,0
229470,229474,229476,2,4
229470,229475,229476,1,5
229470,229474,229476,2,4
229470,229474,229476,2,4
229470,229475,229476,1,5
229470,229474,229476,2,4
229470,229475,229476,1,5
229470,229475,229476,1,5
229470,229470,229477,7,0
229470,229470,229477,7,0
229470,229470,229477,7,0
229470,229470,229477,7,0
229470,229476,229477,1,6
229470,229476,229477,1,6
229470,229470,229477,7,0
229470,229470,229477,7,0
229470,229476,229477,1,6
229470,229470,229477,7,0
229470,229475,229477,2,5
229470,229475,229477,2,5
229470,229476,229477,1,6
229470,229476,229478,2,6
229470,229475,229478,3,5
229470,229475,229478,3,5
229470,229474,229477,3,4
229470,229475,229478,3,5
229470,229475,229478,3,5
229470,229470,229478,8,0
229470,229476,229478,2,6
229470,229470,229478,8,0
229470,229474,229478,4,4
229470,229474,229479,5,4
229470,229476,229479,3,6
229470,229475,229479,4,5
229470,229470,229479,9,0
229470,229470,229479,9,0
229470,229470,229480,10,0
229470,229476,229480,4,6
229470,229470,229480,10,0
229470,229474,229480,6,4
229470,229470,229480,10,0
229470,229470,229480,10,0
229470,229470,229481,11,0
229470,229470,229481,11,0
229470,229470,229482,12,0
229470,229470,229482,12,0
229470,229470,229482,12,0
229470,229470,229486,16,0
229497,229497,229498,1,0
229497,229497,229498,1,0
229497,229497,229498,1,0
229497,229497,229498,1,0
229497,229497,229498,1,0
229497,229497,229498,1,0
229497,229497,229501,4,0
229497,229499,229501,2,2
229497,229499,229500,1,2
229497,229497,229502,5,0
229497,229497,229501,4,0
229497,229497,229501,4,0
229497,229497,229502,5,0
229497,229497,229501,4,0
229497,229499,229501,2,2
229497,229497,229501,4,0
229497,229499,229501,2,2
229497,229498,229501,3,1
229497,229499,229502,3,2
229497,229497,229502,5,0
229497,229497,229502,5,0
229497,229501,229502,1,4
229497,229497,229503,6,0
229497,229497,229502,5,0
229497,229501,229502,1,4
229497,229502,229503,1,5
229497,229497,229502,5,0
229497,229502,229503,1,5
229497,229502,229503,1,5
229497,229501,229502,1,4
229497,229502,229503,1,5
229497,229497,229503,6,0
229497,229497,229503,6,0
229497,229497,229503,6,0
229497,229497,229503,6,0
229497,229497,229504,7,0
229497,229497,229503,6,0
229497,229497,229503,6,0
229497,229497,229503,6,0
229497,229502,229504,2,5
229497,229502,229503,1,5
229497,229503,229504,1,6
229497,229497,229503,6,0
229497,229497,229503,6,0
229497,229503,229504,1,6
229497,229503,229504,1,6
229497,229497,229503,6,0
229497,229503,229504,1,6
229497,229497,229503,6,0
229497,229497,229503,6,0
229497,229503,229504,1,6
229497,229503,229504,1,6
229497,229503,229504,1,6
229497,229497,229504,7,0
229497,229497,229505,8,0
229497,229497,229504,7,0
229497,229497,229505,8,0
229497,229503,229504,1,6
229497,229502,229505,3,5
229497,229502,229505,3,5
229497,229497,229504,7,0
229497,229503,229504,1,6
229497,229503,229504,1,6
229497,229497,229504,7,0
229497,229503,229504,1,6
229497,229504,229505,1,7
229497,229502,229506,4,5
229497,229502,229505,3,5
229497,229503,229505,2,6
229497,229497,229507,10,0
229497,229504,229506,2,7
229497,229504,229507,3,7
229497,229504,229506,2,7
229497,229497,229507,10,0
229497,229497,229508,11,0
229497,229497,229508,11,0
229497,229497,229508,11,0
229497,229497,229511,14,0
229497,229497,229514,17,0
229524,229524,229525,1,0
229524,229524,229525,1,0
229524,229524,229525,1,0
229524,229524,229525,1,0
229524,229524,229525,1,0
229524,229525,229527,2,1
229524,229525,229527,2,1
229524,229524,229526,2,0
229524,229524,229527,3,0
229524,229524,229527,3,0
229524,229526,229528,2,2
229524,229525,229527,2,1
229524,229526,229528,2,2
229524,229524,229528,4,0
229524,229524,229529,5,0
229524,229524,229528,4,0
229524,229524,229529,5,0
229524,229524,229529,5,0
229524,229524,229529,5,0
229524,229527,229528,1,3
229524,229527,229529,2,3
229524,229524,229529,5,0
229524,229527,229529,2,3
229524,229524,229529,5,0
229524,229524,229530,6,0
229524,229524,229529,5,0
229524,229528,229529,1,4
229524,229524,229529,5,0
229524,229528,229529,1,4
229524,229524,229530,6,0
229524,229524,229529,5,0
229524,229524,229530,6,0
229524,229529,229530,1,5
229524,229528,229530,2,4
229524,229530,229531,1,6
229524,229524,229531,7,0
229524,229524,229531,7,0
229524,229524,229531,7,0
229524,229524,229530,6,0
229524,229528,229531,3,4
229524,229524,229531,7,0
229524,229524,229530,6,0
229524,229530,229531,1,6
229524,229530,229531,1,6
229524,229529,229530,1,5
229524,229529,229530,1,5
229524,229530,229531,1,6
229524,229530,229531,1,6
229524,229529,229530,1,5
229524,229530,229531,1,6
229524,229524,229531,7,0
229524,229530,229531,1,6
229524,229531,229532,1,7
229524,229531,229532,1,7
229524,229524,229531,7,0
229524,229529,229531,2,5
229524,229524,229531,7,0
229524,229529,229532,3,5
229524,229528,229531,3,4
229524,229524,229532,8,0
229524,229530,229531,1,6
229524,229530,229532,2,6
229524,229524,229532,8,0
229524,229530,229531,1,6
229524,229524,229533,9,0
229524,229529,229532,3,5
229524,229524,229532,8,0
229524,229524,229532,8,0
229524,229530,229533,3,6
229524,229530,229532,2,6
229524,229524,229532,8,0
229524,229524,229533,9,0
229524,229524,229532,8,0
229524,229529,229532,3,5
229524,229524,229533,9,0
229524,229524,229534,10,0
229524,229524,229534,10,0
229524,229524,229534,10,0
229524,229524,229540,16,0
229551,229551,229552,1,0
229551,229551,229552,1,0
229551,229551,229552,1,0
229551,229551,229552,1,0
229551,229551,229552,1,0
229551,229552,229554,2,1
229551,229551,229554,3,0
229551,229551,229554,3,0
229551,229553,229554,1,2
229551,229552,229554,2,1
229551,229553,229554,1,2
229551,229553,229554,1,2
229551,229554,229555,1,3
229551,229551,229555,4,0
229551,229551,229555,4,0
229551,229551,229555,4,0
229551,229551,229555,4,0
229551,229551,229556,5,0
229551,229551,229556,5,0
229551,229551,229556,5,0
229551,229551,229557,6,0
229551,229555,229556,1,4
229551,229555,229556,1,4
229551,229551,229556,5,0
229551,229555,229556,1,4
229551,229551,229556,5,0
229551,229555,229556,1,4
229551,229555,229556,1,4
229551,229556,229557,1,5
229551,229556,229557,1,5
229551,229551,229557,6,0
229551,229555,229558,3,4
229551,229551,229558,7,0
229551,229557,229558,1,6
229551,229557,229558,1,6
229551,229551,229557,6,0
229551,229551,229558,7,0
229551,229557,229558,1,6
229551,229557,229558,1,6
229551,229551,229557,6,0
229551,229557,229558,1,6
229551,229556,229558,2,5
229551,229555,229558,3,4
229551,229556,229558,2,5
229551,229557,229559,2,6
229551,229556,229559,3,5
229551,229551,229558,7,0
229551,229551,229558,7,0
229551,229551,229558,7,0
229551,229557,229558,1,6
229551,229558,229559,1,7
229551,229551,229559,8,0
229551,229557,229558,1,6
229551,229557,229558,1,6
229551,229557,229558,1,6
229551,229557,229558,1,6
229551,229551,229559,8,0
229551,229558,229560,2,7
229551,229551,229559,8,0
229551,229551,229560,9,0
229551,229551,229559,8,0
229551,229557,229559,2,6
229551,229558,229560,2,7
229551,229551,229560,9,0
229551,229551,229559,8,0
229551,229558,229559,1,7
229551,229558,229559,1,7
229551,229551,229560,9,0
229551,229551,229559,8,0
229551,229551,229561,10,0
229551,229551,229560,9,0
229551,229551,229560,9,0
229551,229551,229560,9,0
229551,229551,229561,10,0
229551,229551,229560,9,0
229551,229551,229561,10,0
229551,229551,229563,12,0
229551,229551,229564,13,0
229551,229551,229564,13,0
229575,229575,229576,1,0
229575,229575,229576,1,0
229575,229575,229576,1,0
229575,229575,229576,1,0
229575,229575,229576,1,0
229575,229575,229578,3,0
229575,229575,229578,3,0
229575,229575,229579,4,0
229575,229576,229579,3,1
229575,229576,229578,2,1
229575,229575,229579,4,0
229575,229575,229580,5,0
229575,229575,229580,5,0
229575,229577,229580,3,2
229575,229577,229579,2,2
229575,229576,229579,3,1
229575,229575,229580,5,0
229575,229575,229580,5,0
229575,229578,229580,2,3
229575,229575,229580,5,0
229575,229575,229580,5,0
229575,229575,229581,6,0
229575,229575,229580,5,0
229575,229575,229580,5,0
229575,229579,229581,2,4
229575,229579,229581,2,4
229575,229575,229581,6,0
229575,229575,229582,7,0
229575,229575,229582,7,0
229575,229575,229582,7,0
229575,229575,229582,7,0
229575,229580,229582,2,5
229575,229575,229582,7,0
229575,229575,229582,7,0
229575,229580,229582,2,5
229575,229575,229581,6,0
229575,229575,229581,6,0
229575,229580,229582,2,5
229575,229575,229582,7,0
229575,229575,229581,6,0
229575,229581,229582,1,6
229575,229581,229582,1,6
229575,229575,229582,7,0
229575,229580,229581,1,5
229575,229580,229582,2,5
229575,229581,229582,1,6
229575,229575,229582,7,0
229575,229580,229583,3,5
229575,229580,229583,3,5
229575,229579,229582,3,4
229575,229581,229583,2,6
229575,229575,229583,8,0
229575,229575,229583,8,0
229575,229579,229582,3,4
229575,229580,229583,3,5
229575,229581,229582,1,6
229575,229580,229583,3,5
229575,229582,229583,1,7
229575,229575,229582,7,0
229575,229582,229583,1,7
229575,229575,229584,9,0
229575,229581,229583,2,6
229575,229582,229584,2,7
229575,229575,229584,9,0
229575,229581,229584,3,6
229575,229575,229583,8,0
229575,229582,229583,1,7
229575,229582,229584,2,7
229575,229582,229584,2,7
229575,229582,229584,2,7
229575,229575,229584,9,0
229575,229582,229585,3,7
229575,229582,229584,2,7
229575,229575,229586,11,0
229575,229575,229588,13,0
229575,229575,229588,13,0
229575,229575,229588,13,0
229575,229575,229588,13,0
229575,229575,229590,15,0
229601,229601,229602,1,0
229601,229601,229602,1,0
229601,229601,229602,1,0
229601,229601,229603,2,0
229601,229601,229603,2,0
229601,229601,229603,2,0
229601,229604,229605,1,3
229601,229603,229605,2,2
229601,229604,229605,1,3
229601,229603,229605,2,2
229601,229603,229605,2,2
229601,229602,229606,4,1
229601,229602,229606,4,1
229601,229602,229606,4,1
229601,229604,229606,2,3
229601,229602,229607,5,1
229601,229602,229607,5,1
229601,229601,229608,7,0
229601,229602,229607,5,1
229601,229602,229607,5,1
229601,229602,229607,5,1
229601,229602,229607,5,1
229601,229601,229607,6,0
229601,229602,229607,5,1
229601,229606,229607,1,5
229601,229606,229607,1,5
229601,229606,229607,1,5
229601,229606,229608,2,5
229601,229601,229608,7,0
229601,229602,229608,6,1
229601,229606,229608,2,5
229601,229601,229608,7,0
229601,229601,229608,7,0
229601,229601,229608,7,0
229601,229601,229608,7,0
229601,229601,229608,7,0
229601,229608,229609,1,7
229601,229608,229609,1,7
229601,229608,229609,1,7
229601,229602,229608,6,1
229601,229607,229608,1,6
229601,229608,229609,1,7
229601,229602,229609,7,1
229601,229602,229609,7,1
229601,229608,229610,2,7
229601,229609,229610,1,8
229601,229601,229610,9,0
229601,229608,229609,1,7
229601,229601,229609,8,0
229601,229602,229609,7,1
229601,229608,229609,1,7
229601,229609,229610,1,8
229601,229609,229610,1,8
229601,229609,229610,1,8
229601,229609,229610,1,8
229601,229608,229610,2,7
229601,229608,229610,2,7
229601,229601,229610,9,0
229601,229607,229610,3,6
229601,229601,229611,10,0
229601,229607,229610,3,6
229601,229601,229610,9,0
229601,229601,229610,9,0
229601,229608,229610,2,7
229601,229601,229610,9,0
229601,229601,229610,9,0
229601,229609,229610,1,8
229601,229601,229611,10,0
229601,229608,229610,2,7
229601,229608,229610,2,7
229601,229608,229610,2,7
229601,229609,229611,2,8
229601,229601,229611,10,0
229601,229607,229611,4,6
229601,229601,229612,11,0
229601,229601,229612,11,0
229601,229601,229614,13,0
229601,229601,229614,13,0
229601,229601,229615,14,0
229626,229626,229627,1,0
229626,229626,229627,1,0
229626,229626,229627,1,0
229626,229626,229627,1,0
229626,229626,229627,1,0
229626,229626,229629,3,0
229626,229627,229628,1,1
229626,229626,229629,3,0
229626,229627,229629,2,1
229626,229628,229630,2,2
229626,229626,229630,4,0
229626,229626,229630,4,0
229626,229626,229630,4,0
229626,229626,229630,4,0
229626,229626,229630,4,0
229626,229626,229631,5,0
229626,229628,229630,2,2
229626,229626,229630,4,0
229626,229628,229630,2,2
229626,229629,229630,1,3
229626,229626,229630,4,0
229626,229629,229630,1,3
229626,229626,229631,5,0
229626,229626,229632,6,0
229626,229626,229631,5,0
229626,229626,229631,5,0
229626,229626,229631,5,0
229626,229626,229632,6,0
229626,229630,229631,1,4
229626,229626,229632,6,0
229626,229626,229632,6,0
229626,229631,229632,1,5
229626,229630,229631,1,4
229626,229626,229632,6,0
229626,229626,229633,7,0
229626,229626,229633,7,0
229626,229626,229633,7,0
229626,229631,229632,1,5
229626,229631,229633,2,5
229626,229626,229633,7,0
229626,229631,229632,1,5
229626,229632,229633,1,6
229626,229632,229633,1,6
229626,229626,229632,6,0
229626,229632,229633,1,6
229626,229632,229633,1,6
229626,229626,229632,6,0
229626,229631,229632,1,5
229626,229631,229632,1,5
229626,229632,229633,1,6
229626,229626,229633,7,0
229626,229632,229633,1,6
229626,229626,229634,8,0
229626,229626,229633,7,0
229626,229630,229633,3,4
229626,229632,229634,2,6
229626,229626,229633,7,0
229626,229631,229633,2,5
229626,229631,229634,3,5
229626,229626,229634,8,0
229626,229632,229633,1,6
229626,229632,229633,1,6
229626,229631,229634,3,5
229626,229626,229634,8,0
229626,229626,229635,9,0
229626,229631,229634,3,5
229626,229626,229634,8,0
229626,229632,229634,2,6
229626,229626,229634,8,0
229626,229631,229635,4,5
229626,229633,229635,2,7
229626,229632,229635,3,6
229626,229631,229635,4,5
229626,229633,229635,2,7
229626,229626,229635,9,0
229626,229626,229636,10,0
229626,229626,229637,11,0
229626,229626,229637,11,0
229626,229626,229637,11,0
229649,229649,229650,1,0
229649,229649,229650,1,0
229649,229649,229650,1,0
229649,229649,229651,2,0
229649,229649,229651,2,0
229649,229649,229651,2,0
229649,229650,229652,2,1
229649,229650,229652,2,1
229649,229649,229653,4,0
229649,229651,229653,2,2
229649,229650,229653,3,1
229649,229651,229652,1,2
229649,229651,229653,2,2
229649,229649,229654,5,0
229649,229649,229654,5,0
229649,229649,229654,5,0
229649,229649,229654,5,0
229649,229652,229654,2,3
229649,229649,229654,5,0
229649,229652,229654,2,3
229649,229649,229655,6,0
229649,229649,229655,6,0
229649,229649,229655,6,0
229649,229649,229655,6,0
229649,229649,229655,6,0
229649,229653,229655,2,4
229649,229653,229655,2,4
229649,229649,229656,7,0
229649,229649,229656,7,0
229649,229649,229655,6,0
229649,229649,229656,7,0
229649,229653,229656,3,4
229649,229655,229656,1,6
229649,229653,229655,2,4
229649,229654,229655,1,5
229649,229655,229656,1,6
229649,229649,229656,7,0
229649,229649,229656,7,0
229649,229654,229656,2,5
229649,229649,229656,7,0
229649,229649,229656,7,0
229649,229654,229656,2,5
229649,229655,229656,1,6
229649,229649,229657,8,0
229649,229649,229657,8,0
229649,229649,229657,8,0
229649,229649,229657,8,0
229649,229654,229657,3,5
229649,229649,229657,8,0
229649,229654,229657,3,5
229649,229654,229657,3,5
229649,229649,229657,8,0
229649,229649,229657,8,0
229649,229656,229657,1,7
229649,229656,229657,1,7
229649,229656,229657,1,7
229649,229655,229658,3,6
229649,229653,229658,5,4
229649,229649,229658,9,0
229649,229649,229658,9,0
229649,229656,229658,2,7
229649,229657,229658,1,8
229649,229657,229658,1,8
229649,229649,229659,10,0
229649,229649,229659,10,0
229649,229649,229659,10,0
229649,229649,229659,10,0
229649,229656,229659,3,7
229649,229656,229659,3,7
229649,229649,229659,10,0
229649,229649,229660,11,0
229649,229649,229660,11,0
229649,229649,229660,11,0
229649,229649,229661,12,0
229649,229649,229663,14,0
229674,229674,229675,1,0
229674,229674,229675,1,0
229674,229674,229675,1,0
229674,229674,229675,1,0
229674,229674,229675,1,0
229674,229674,229675,1,0
229674,229675,229676,1,1
229674,229675,229677,2,1
229674,229675,229677,2,1
229674,229674,229677,3,0
229674,229674,229677,3,0
229674,229676,229677,1,2
229674,229676,229677,1,2
229674,229675,229677,2,1
229674,229674,229678,4,0
229674,229677,229678,1,3
229674,229674,229679,5,0
229674,229674,229679,5,0
229674,229677,229679,2,3
229674,229677,229679,2,3
229674,229674,229680,6,0
229674,229674,229680,6,0
229674,229674,229679,5,0
229674,229674,229679,5,0
229674,229678,229680,2,4
229674,229674,229679,5,0
229674,229678,229680,2,4
229674,229674,229680,6,0
229674,229678,229680,2,4
229674,229678,229680,2,4
229674,229674,229679,5,0
229674,229674,229679,5,0
229674,229674,229679,5,0
229674,229674,229681,7,0
229674,229674,229681,7,0
229674,229674,229680,6,0
229674,229674,229680,6,0
229674,229674,229681,7,0
229674,229679,229680,1,5
229674,229680,229681,1,6
229674,229680,229681,1,6
229674,229674,229681,7,0
229674,229679,229680,1,5
229674,229679,229680,1,5
229674,229680,229681,1,6
229674,229679,229680,1,5
229674,229680,229681,1,6
229674,229680,229681,1,6
229674,229679,229681,2,5
229674,229679,229680,1,5
229674,229674,229682,8,0
229674,229674,229682,8,0
229674,229674,229681,7,0
229674,229674,229682,8,0
229674,229674,229681,7,0
229674,229674,229682,8,0
229674,229680,229682,2,6
229674,229674,229681,7,0
229674,229680,229681,1,6
229674,229680,229681,1,6
229674,229680,229681,1,6
229674,229680,229681,1,6
229674,229680,229681,1,6
229674,229674,229683,9,0
229674,229674,229683,9,0
229674,229680,229682,2,6
229674,229674,229683,9,0
229674,229681,229683,2,7
229674,229678,229682,4,4
229674,229674,229682,8,0
229674,229680,229682,2,6
229674,229674,229682,8,0
229674,229674,229683,9,0
229674,229681,229683,2,7
229674,229674,229683,9,0
229674,229674,229683,9,0
229674,229674,229683,9,0
229674,229674,229685,11,0
229674,229674,229685,11,0
229697,229697,229698,1,0
229697,229697,229698,1,0
229697,229697,229698,1,0
229697,229697,229698,1,0
229697,229697,229699,2,0
229697,229697,229699,2,0
229697,229699,229700,1,2
229697,229699,229700,1,2
229697,229699,229701,2,2
229697,229698,229700,2,1
229697,229698,229700,2,1
229697,229698,229701,3,1
229697,229700,229701,1,3
229697,229700,229701,1,3
229697,229697,229701,4,0
229697,229697,229702,5,0
229697,229697,229702,5,0
229697,229697,229703,6,0
229697,229697,229703,6,0
229697,229697,229703,6,0
229697,229697,229703,6,0
229697,229701,229703,2,4
229697,229697,229703,6,0
229697,229697,229703,6,0
229697,229701,229703,2,4
229697,229697,229703,6,0
229697,229697,229703,6,0
229697,229701,229703,2,4
229697,229697,229702,5,0
229697,229701,229703,2,4
229697,229701,229703,2,4
229697,229701,229703,2,4
229697,229697,229704,7,0
229697,229697,229703,6,0
229697,229697,229704,7,0
229697,229703,229704,1,6
229697,229703,229704,1,6
229697,229697,229704,7,0
229697,229703,229704,1,6
229697,229702,229703,1,5
229697,229703,229704,1,6
229697,229703,229704,1,6
229697,229703,229704,1,6
229697,229697,229704,7,0
229697,229704,229705,1,7
229697,229697,229705,8,0
229697,229697,229704,7,0
229697,229703,229705,2,6
229697,229697,229705,8,0
229697,229697,229705,8,0
229697,229697,229705,8,0
229697,229697,229705,8,0
229697,229702,229705,3,5
229697,229697,229705,8,0
229697,229697,229705,8,0
229697,229697,229705,8,0
229697,229697,229704,7,0
229697,229703,229705,2,6
229697,229703,229705,2,6
229697,229703,229704,1,6
229697,229703,229704,1,6
229697,229697,229705,8,0
229697,229703,229705,2,6
229697,229703,229705,2,6
229697,229697,229705,8,0
229697,229697,229706,9,0
229697,229697,229706,9,0
229697,229697,229706,9,0
229697,229704,229706,2,7
229697,229697,229706,9,0
229697,229703,229705,2,6
229697,229697,229707,10,0
229697,229704,229706,2,7
229697,229697,229706,9,0
229697,229697,229707,10,0
229697,229697,229708,11,0
229697,229697,229709,12,0
229720,229720,229722,2,0
229720,229720,229722,2,0
229720,229720,229722,2,0
229720,229720,229722,2,0
229720,229720,229722,2,0
229720,229720,229722,2,0
229720,229721,229724,3,1
229720,229722,229723,1,2
229720,229720,229724,4,0
229720,229721,229724,3,1
229720,229723,229724,1,3
229720,229723,229724,1,3
229720,229723,229724,1,3
229720,229721,229725,4,1
229720,229721,229725,4,1
229720,229721,229725,4,1
229720,229723,229725,2,3
229720,229724,229725,1,4
229720,229720,229725,5,0
229720,229723,229725,2,3
229720,229721,229725,4,1
229720,229720,229725,5,0
229720,229721,229725,4,1
229720,229724,229725,1,4
229720,229721,229726,5,1
229720,229721,229726,5,1
229720,229725,229726,1,5
229720,229726,229727,1,6
229720,229726,229727,1,6
229720,229725,229726,1,5
229720,229725,229727,2,5
229720,229726,229727,1,6
229720,229721,229726,5,1
229720,229725,229726,1,5
229720,229726,229727,1,6
229720,229726,229727,1,6
229720,229721,229726,5,1
229720,229725,229726,1,5
229720,229726,229727,1,6
229720,229721,229727,6,1
229720,229721,229727,6,1
229720,229721,229728,7,1
229720,229721,229727,6,1
229720,229720,229727,7,0
229720,229726,229727,1,6
229720,229726,229727,1,6
229720,229727,229728,1,7
229720,229720,229728,8,0
229720,229727,229728,1,7
229720,229727,229728,1,7
229720,229727,229728,1,7
229720,229726,229727,1,6
229720,229720,229728,8,0
229720,229727,229728,1,7
229720,229727,229728,1,7
229720,229727,229728,1,7
229720,229727,229728,1,7
229720,229721,229728,7,1
229720,229721,229728,7,1
229720,229720,229728,8,0
229720,229721,229728,7,1
229720,229721,229728,7,1
229720,229726,229728,2,6
229720,229727,229728,1,7
229720,229727,229728,1,7
229720,229720,229729,9,0
229720,229721,229729,8,1
229720,229721,229729,8,1
229720,229721,229729,8,1
229720,229727,229729,2,7
229720,229726,229729,3,6
229720,229720,229729,9,0
229720,229720,229730,10,0
229720,229720,229730,10,0
229720,229720,229730,10,0
229720,229720,229730,10,0
229720,229720,229731,11,0
229720,229720,229732,12,0
229720,229721,229732,11,1
229743,229743,229744,1,0
229743,229743,229744,1,0
229743,229743,229745,2,0
229743,229743,229745,2,0
229743,229743,229744,1,0
229743,229743,229745,2,0
229743,229744,229746,2,1
229743,229743,229746,3,0
229743,229745,229746,1,2
229743,229744,229746,2,1
229743,229743,229747,4,0
229743,229745,229747,2,2
229743,229745,229747,2,2
229743,229743,229747,4,0
229743,229745,229747,2,2
229743,229743,229748,5,0
229743,229743,229748,5,0
229743,229746,229748,2,3
229743,229746,229748,2,3
229743,229743,229748,5,0
229743,229746,229748,2,3
229743,229743,229748,5,0
229743,229746,229748,2,3
229743,229743,229749,6,0
229743,229743,229749,6,0
229743,229743,229748,5,0
229743,229743,229749,6,0
229743,229747,229749,2,4
229743,229747,229749,2,4
229743,229743,229748,5,0
229743,229748,229749,1,5
229743,229748,229749,1,5
229743,229747,229749,2,4
229743,229743,229749,6,0
229743,229743,229749,6,0
229743,229748,229749,1,5
229743,229743,229750,7,0
229743,229743,229750,7,0
229743,229743,229750,7,0
229743,229743,229750,7,0
229743,229750,229751,1,7
229743,229750,229751,1,7
229743,229749,229750,1,6
229743,229747,229750,3,4
229743,229749,229750,1,6
229743,229750,229751,1,7
229743,229743,229750,7,0
229743,229750,229751,1,7
229743,229750,229751,1,7
229743,229743,229751,8,0
229743,229743,229751,8,0
229743,229743,229751,8,0
229743,229743,229751,8,0
229743,229743,229751,8,0
229743,229743,229751,8,0
229743,229748,229750,2,5
229743,229750,229751,1,7
229743,229750,229751,1,7
229743,229743,229751,8,0
229743,229743,229751,8,0
229743,229743,229752,9,0
229743,229749,229752,3,6
229743,229749,229752,3,6
229743,229743,229753,10,0
229743,229743,229752,9,0
229743,229749,229753,4,6
229743,229743,229755,12,0
229743,229743,229757,14,0
229743,229743,229758,15,0
229743,229743,229758,15,0
229743,229743,229760,17,0
229743,229743,229760,17,0
229743,229743,229764,21,0
229743,229743,229773,30,0
229784,229784,229785,1,0
229784,229784,229785,1,0
229784,229784,229785,1,0
229784,229784,229785,1,0
229784,229784,229786,2,0
229784,229786,229787,1,2
229784,229786,229788,2,2
229784,229786,229787,1,2
229784,229784,229789,5,0
229784,229784,229788,4,0
229784,229784,229789,5,0
229784,229784,229788,4,0
229784,229787,229789,2,3
229784,229784,229789,5,0
229784,229784,229788,4,0
229784,229786,229788,2,2
229784,229784,229788,4,0
229784,229784,229789,5,0
229784,229784,229789,5,0
229784,229788,229789,1,4
229784,229784,229789,5,0
229784,229789,229790,1,5
229784,229784,229789,5,0
229784,229788,229790,2,4
229784,229784,229790,6,0
229784,229788,229789,1,4
229784,229784,229790,6,0
229784,229784,229791,7,0
229784,229784,229790,6,0
229784,229784,229791,7,0
229784,229784,229790,6,0
229784,229789,229791,2,5
229784,229790,229791,1,6
229784,229784,229791,7,0
229784,229789,229791,2,5
229784,229789,229790,1,5
229784,229789,229791,2,5
229784,229784,229790,6,0
229784,229790,229791,1,6
229784,229790,229791,1,6
229784,229784,229791,7,0
229784,229789,229791,2,5
229784,229790,229791,1,6
229784,229784,229790,6,0
229784,229789,229791,2,5
229784,229789,229791,2,5
229784,229789,229790,1,5
229784,229784,229792,8,0
229784,229784,229792,8,0
229784,229784,229791,7,0
229784,229784,229791,7,0
229784,229784,229792,8,0
229784,229789,229792,3,5
229784,229790,229792,2,6
229784,229791,229792,1,7
229784,229790,229791,1,6
229784,229791,229792,1,7
229784,229784,229791,7,0
229784,229791,229792,1,7
229784,229791,229792,1,7
229784,229784,229793,9,0
229784,229784,229793,9,0
229784,229791,229793,2,7
229784,229789,229793,4,5
229784,229789,229792,3,5
229784,229784,229792,8,0
229784,229784,229792,8,0
229784,229784,229791,7,0
229784,229784,229792,8,0
229784,229784,229794,10,0
229784,229791,229793,2,7
229784,229791,229793,2,7
229784,229791,229794,3,7
229784,229791,229794,3,7
229784,229784,229795,11,0
229784,229784,229795,11,0
229784,229784,229796,12,0
229784,229784,229795,11,0
229784,229784,229797,13,0
229808,229808,229809,1,0
229808,229808,229809,1,0
229808,229808,229809,1,0
229808,229808,229809,1,0
229808,229808,229810,2,0
229808,229809,229810,1,1
229808,229809,229810,1,1
229808,229808,229810,2,0
229808,229809,229810,1,1
229808,229810,229811,1,2
229808,229808,229812,4,0
229808,229808,229812,4,0
229808,229808,229812,4,0
229808,229808,229813,5,0
229808,229808,229812,4,0
229808,229808,229812,4,0
229808,229811,229812,1,3
229808,229808,229813,5,0
229808,229808,229812,4,0
229808,229808,229813,5,0
229808,229811,229812,1,3
229808,229808,229812,4,0
229808,229811,229812,1,3
229808,229811,229812,1,3
229808,229811,229813,2,3
229808,229808,229813,5,0
229808,229808,229814,6,0
229808,229808,229813,5,0
229808,229808,229814,6,0
229808,229808,229814,6,0
229808,229813,229814,1,5
229808,229808,229813,5,0
229808,229812,229813,1,4
229808,229813,229814,1,5
229808,229808,229814,6,0
229808,229808,229813,5,0
229808,229813,229814,1,5
229808,229808,229814,6,0
229808,229812,229813,1,4
229808,229813,229814,1,5
229808,229813,229814,1,5
229808,229808,229814,6,0
229808,229808,229814,6,0
229808,229808,229814,6,0
229808,229813,229814,1,5
229808,229813,229814,1,5
229808,229813,229814,1,5
229808,229813,229814,1,5
229808,229814,229815,1,6
229808,229814,229815,1,6
229808,229813,229814,1,5
229808,229814,229815,1,6
229808,229813,229814,1,5
229808,229814,229815,1,6
229808,229814,229815,1,6
229808,229808,229815,7,0
229808,229813,229815,2,5
229808,229808,229816,8,0
229808,229808,229816,8,0
229808,229814,229816,2,6
229808,229808,229815,7,0
229808,229808,229815,7,0
229808,229813,229815,2,5
229808,229813,229815,2,5
229808,229808,229815,7,0
229808,229814,229815,1,6
229808,229808,229816,8,0
229808,229808,229817,9,0
229808,229814,229816,2,6
229808,229808,229816,8,0
229808,229814,229816,2,6
229808,229814,229816,2,6
229808,229808,229817,9,0
229808,229808,229818,10,0
229808,229808,229817,9,0
229808,229808,229817,9,0
229808,229808,229818,10,0
229808,229808,229818,10,0
229808,229808,229821,13,0
229831,229831,229832,1,0
229831,229831,229832,1,0
229831,229831,229832,1,0
229831,229831,229832,1,0
229831,229831,229833,2,0
229831,229831,229835,4,0
229831,229833,229834,1,2
229831,229833,229835,2,2
229831,229831,229834,3,0
229831,229833,229835,2,2
229831,229833,229835,2,2
229831,229833,229834,1,2
229831,229831,229836,5,0
229831,229831,229836,5,0
229831,229831,229836,5,0
229831,229831,229836,5,0
229831,229831,229836,5,0
229831,229831,229836,5,0
229831,229831,229836,5,0
229831,229831,229837,6,0
229831,229831,229836,5,0
229831,229831,229836,5,0
229831,229831,229837,6,0
229831,229831,229836,5,0
229831,229831,229836,5,0
229831,229835,229837,2,4
229831,229831,229837,6,0
229831,229835,229836,1,4
229831,229836,229837,1,5
229831,229831,229837,6,0
229831,229835,229837,2,4
229831,229835,229837,2,4
229831,229836,229837,1,5
229831,229831,229837,6,0
229831,229831,229838,7,0
229831,229835,229837,2,4
229831,229831,229838,7,0
229831,229831,229837,6,0
229831,229831,229838,7,0
229831,229831,229838,7,0
229831,229831,229837,6,0
229831,229836,229838,2,5
229831,229831,229838,7,0
229831,229831,229837,6,0
229831,229835,229837,2,4
229831,229835,229838,3,4
229831,229831,229838,7,0
229831,229837,229838,1,6
229831,229837,229838,1,6
229831,229831,229838,7,0
229831,229837,229838,1,6
229831,229831,229838,7,0
229831,229831,229838,7,0
229831,229837,229838,1,6
229831,229831,229839,8,0
229831,229831,229839,8,0
229831,229837,229839,2,6
229831,229831,229838,7,0
229831,229831,229838,7,0
229831,229836,229839,3,5
229831,229837,229839,2,6
229831,229837,229838,1,6
229831,229837,229838,1,6
229831,229831,229839,8,0
229831,229837,229838,1,6
229831,229837,229838,1,6
229831,229837,229838,1,6
229831,229837,229838,1,6
229831,229831,229839,8,0
229831,229838,229840,2,7
229831,229838,229840,2,7
229831,229836,229840,4,5
229831,229837,229839,2,6
229831,229831,229839,8,0
229831,229837,229839,2,6
229831,229837,229840,3,6
229831,229837,229839,2,6
229831,229831,229840,9,0
229831,229831,229840,9,0
229853,229853,229854,1,0
229853,229853,229854,1,0
229853,229853,229854,1,0
229853,229853,229854,1,0
229853,229853,229854,1,0
229853,229854,229855,1,1
229853,229854,229855,1,1
229853,229854,229856,2,1
229853,229854,229856,2,1
229853,229855,229856,1,2
229853,229855,229857,2,2
229853,229856,229857,1,3
229853,229853,229857,4,0
229853,229853,229858,5,0
229853,229853,229858,5,0
229853,229853,229858,5,0
229853,229853,229858,5,0
229853,229853,229858,5,0
229853,229856,229857,1,3
229853,229856,229857,1,3
229853,229853,229857,4,0
229853,229853,229858,5,0
229853,229853,229858,5,0
229853,229853,229859,6,0
229853,229853,229858,5,0
229853,229853,229859,6,0
229853,229853,229859,6,0
229853,229853,229859,6,0
229853,229853,229859,6,0
229853,229853,229859,6,0
229853,229853,229858,5,0
229853,229857,229859,2,4
229853,229853,229858,5,0
229853,229858,229859,1,5
229853,229853,229859,6,0
229853,229858,229859,1,5
229853,229853,229859,6,0
229853,229858,229859,1,5
229853,229853,229859,6,0
229853,229856,229858,2,3
229853,229857,229858,1,4
229853,229858,229859,1,5
229853,229853,229859,6,0
229853,229853,229859,6,0
229853,229853,229859,6,0
229853,229853,229859,6,0
229853,229853,229859,6,0
229853,229859,229860,1,6
229853,229857,229859,2,4
229853,229858,229859,1,5
229853,229859,229860,1,6
229853,229853,229860,7,0
229853,229858,229859,1,5
229853,229858,229859,1,5
229853,229853,229861,8,0
229853,229858,229860,2,5
229853,229853,229861,8,0
229853,229859,229861,2,6
229853,229859,229861,2,6
229853,229853,229860,7,0
229853,229859,229861,2,6
229853,229853,229861,8,0
229853,229859,229860,1,6
229853,229853,229860,7,0
229853,229859,229860,1,6
229853,229859,229860,1,6
229853,229853,229862,9,0
229853,229853,229862,9,0
229853,229859,229861,2,6
229853,229859,229861,2,6
229853,229853,229862,9,0
229853,229853,229861,8,0
229853,229859,229861,2,6
229853,229859,229862,3,6
229853,229859,229861,2,6
229853,229859,229862,3,6
229853,229853,229863,10,0
229853,229853,229865,12,0
229853,229853,229864,11,0
229875,229875,229876,1,0
229875,229875,229876,1,0
229875,229875,229876,1,0
229875,229875,229877,2,0
229875,229875,229877,2,0
229875,229877,229878,1,2
229875,229876,229879,3,1
229875,229878,229879,1,3
229875,229876,229879,3,1
229875,229878,229879,1,3
229875,229879,229880,1,4
229875,229878,229879,1,3
229875,229876,229879,3,1
229875,229878,229879,1,3
229875,229875,229880,5,0
229875,229875,229880,5,0
229875,229875,229880,5,0
229875,229875,229880,5,0
229875,229876,229880,4,1
229875,229875,229880,5,0
229875,229880,229881,1,5
229875,229876,229881,5,1
229875,229876,229880,4,1
229875,229880,229881,1,5
229875,229875,229881,6,0
229875,229876,229881,5,1
229875,229875,229881,6,0
229875,229880,229881,1,5
229875,229880,229881,1,5
229875,229875,229881,6,0
229875,229880,229881,1,5
229875,229881,229882,1,6
229875,229875,229881,6,0
229875,229880,229881,1,5
229875,229881,229882,1,6
229875,229875,229882,7,0
229875,229876,229881,5,1
229875,229880,229881,1,5
229875,229881,229882,1,6
229875,229880,229881,1,5
229875,229881,229882,1,6
229875,229875,229882,7,0
229875,229876,229882,6,1
229875,229875,229882,7,0
229875,229876,229882,6,1
229875,229875,229882,7,0
229875,229881,229883,2,6
229875,229875,229883,8,0
229875,229882,229883,1,7
229875,229882,229883,1,7
229875,229882,229883,1,7
229875,229876,229882,6,1
229875,229882,229883,1,7
229875,229875,229882,7,0
229875,229875,229882,7,0
229875,229875,229883,8,0
229875,229881,229883,2,6
229875,229876,229883,7,1
229875,229875,229883,8,0
229875,229876,229883,7,1
229875,229876,229883,7,1
229875,229881,229883,2,6
229875,229876,229884,8,1
229875,229881,229883,2,6
229875,229881,229883,2,6
229875,229876,229883,7,1
229875,229881,229883,2,6
229875,229882,229884,2,7
229875,229875,229883,8,0
229875,229882,229883,1,7
229875,229882,229883,1,7
229875,229882,229883,1,7
229875,229875,229884,9,0
229875,229882,229884,2,7
229875,229876,229886,10,1
229875,229875,229888,13,0
229875,229876,229889,13,1
229900,229900,229901,1,0
229900,229900,229901,1,0
229900,229900,229901,1,0
229900,229900,229902,2,0
229900,229900,229901,1,0
229900,229900,229903,3,0
229900,229902,229903,1,2
229900,229901,229902,1,1
229900,229901,229902,1,1
229900,229900,229903,3,0
229900,229900,229904,4,0
229900,229900,229904,4,0
229900,229900,229904,4,0
229900,229900,229904,4,0
229900,229902,229904,2,2
229900,229902,229903,1,2
229900,229900,229904,4,0
229900,229903,229904,1,3
229900,229903,229904,1,3
229900,229900,229904,4,0
229900,229900,229905,5,0
229900,229900,229904,4,0
229900,229900,229905,5,0
229900,229900,229905,5,0
229900,229900,229904,4,0
229900,229904,229905,1,4
229900,229903,229905,2,3
229900,229904,229905,1,4
229900,229904,229905,1,4
229900,229900,229905,5,0
229900,229900,229906,6,0
229900,229900,229906,6,0
229900,229900,229906,6,0
229900,229903,229905,2,3
229900,229900,229906,6,0
229900,229904,229906,2,4
229900,229904,229906,2,4
229900,229900,229906,6,0
229900,229900,229906,6,0
229900,229900,229906,6,0
229900,229905,229906,1,5
229900,229904,229905,1,4
229900,229905,229906,1,5
229900,229900,229906,6,0
229900,229905,229906,1,5
229900,229900,229906,6,0
229900,229905,229906,1,5
229900,229905,229906,1,5
229900,229900,229907,7,0
229900,229904,229907,3,4
229900,229905,229907,2,5
229900,229900,229907,7,0
229900,229900,229907,7,0
229900,229904,229907,3,4
229900,229905,229907,2,5
229900,229900,229907,7,0
229900,229906,229907,1,6
229900,229900,229907,7,0
229900,229900,229907,7,0
229900,229900,229907,7,0
229900,229905,229907,2,5
229900,229900,229908,8,0
229900,229900,229908,8,0
229900,229905,229907,2,5
229900,229905,229908,3,5
229900,229906,229908,2,6
229900,229904,229907,3,4
229900,229906,229908,2,6
229900,229900,229908,8,0
229900,229900,229908,8,0
229900,229906,229908,2,6
229900,229906,229908,2,6
229900,229900,229909,9,0
229900,229900,229909,9,0
229900,229900,229909,9,0
229900,229900,229909,9,0
229900,229900,229909,9,0
229900,229904,229910,6,4
229900,229905,229913,8,5
229923,229923,229924,1,0
229923,229923,229924,1,0
229923,229923,229924,1,0
229923,229923,229925,2,0
229923,229923,229925,2,0
229923,229924,229926,2,1
229923,229924,229926,2,1
229923,229923,229926,3,0
229923,229924,229925,1,1
229923,229925,229926,1,2
229923,229923,229927,4,0
229923,229923,229927,4,0
229923,229925,229927,2,2
229923,229927,229928,1,4
229923,229923,229927,4,0
229923,229923,229928,5,0
229923,229923,229928,5,0
229923,229923,229928,5,0
229923,229923,229928,5,0
229923,229923,229928,5,0
229923,229923,229928,5,0
229923,229923,229928,5,0
229923,229928,229929,1,5
229923,229927,229928,1,4
229923,229927,229928,1,4
229923,229923,229928,5,0
229923,229927,229928,1,4
229923,229923,229929,6,0
229923,229923,229929,6,0
229923,229923,229929,6,0
229923,229923,229929,6,0
229923,229923,229929,6,0
229923,229928,229929,1,5
229923,229923,229929,6,0
229923,229928,229929,1,5
229923,229923,229930,7,0
229923,229923,229929,6,0
229923,229928,229929,1,5
229923,229923,229929,6,0
229923,229923,229930,7,0
229923,229923,229930,7,0
229923,229923,229930,7,0
229923,229923,229930,7,0
229923,229927,229930,3,4
229923,229923,229930,7,0
229923,229930,229931,1,7
229923,229930,229931,1,7
229923,229923,229930,7,0
229923,229923,229930,7,0
229923,229929,229930,1,6
229923,229929,229930,1,6
229923,229923,229930,7,0
229923,229929,229930,1,6
229923,229929,229930,1,6
229923,229929,229930,1,6
229923,229929,229930,1,6
229923,229929,229930,1,6
229923,229923,229931,8,0
229923,229928,229931,3,5
229923,229928,229931,3,5
229923,229929,229931,2,6
229923,229923,229931,8,0
229923,229928,229932,4,5
229923,229930,229932,2,7
229923,229930,229931,1,7
229923,229923,229932,9,0
229923,229923,229931,8,0
229923,229928,229932,4,5
229923,229930,229932,2,7
229923,229929,229932,3,6
229923,229930,229932,2,7
229923,229923,229933,10,0
229923,229923,229933,10,0
229923,229923,229941,18,0
229923,229923,229941,18,0
229923,229923,229942,19,0
229923,229923,229943,20,0
229955,229955,229956,1,0
229955,229955,229956,1,0
229955,229955,229956,1,0
229955,229955,229956,1,0
229955,229955,229956,1,0
229955,229956,229958,2,1
229955,229957,229958,1,2
229955,229956,229958,2,1
229955,229957,229958,1,2
229955,229957,229958,1,2
229955,229955,229959,4,0
229955,229955,229958,3,0
229955,229955,229959,4,0
229955,229955,229959,4,0
229955,229955,229959,4,0
229955,229955,229960,5,0
229955,229955,229960,5,0
229955,229955,229959,4,0
229955,229955,229959,4,0
229955,229958,229959,1,3
229955,229958,229960,2,3
229955,229955,229960,5,0
229955,229958,229960,2,3
229955,229959,229960,1,4
229955,229955,229960,5,0
229955,229955,229961,6,0
229955,229955,229961,6,0
229955,229955,229960,5,0
229955,229955,229960,5,0
229955,229959,229961,2,4
229955,229955,229960,5,0
229955,229955,229960,5,0
229955,229955,229961,6,0
229955,229955,229961,6,0
229955,229955,229961,6,0
229955,229959,229961,2,4
229955,229955,229961,6,0
229955,229955,229961,6,0
229955,229955,229962,7,0
229955,229955,229961,6,0
229955,229959,229962,3,4
229955,229960,229962,2,5
229955,229955,229962,7,0
229955,229960,229962,2,5
229955,229960,229962,2,5
229955,229961,229962,1,6
229955,229955,229962,7,0
229955,229960,229961,1,5
229955,229961,229962,1,6
229955,229960,229961,1,5
229955,229960,229961,1,5
229955,229960,229961,1,5
229955,229955,229963,8,0
229955,229955,229962,7,0
229955,229955,229963,8,0
229955,229955,229963,8,0
229955,229955,229963,8,0
229955,229960,229963,3,5
229955,229955,229963,8,0
229955,229960,229963,3,5
229955,229960,229963,3,5
229955,229961,229963,2,6
229955,229961,229962,1,6
229955,229961,229962,1,6
229955,229955,229962,7,0
229955,229961,229962,1,6
229955,229955,229963,8,0
229955,229961,229963,2,6
229955,229955,229964,9,0
229955,229961,229963,2,6
229955,229961,229963,2,6
229955,229955,229964,9,0
229955,229960,229964,4,5
229955,229960,229964,4,5
229955,229961,229963,2,6
229955,229955,229964,9,0
229955,229961,229964,3,6
229955,229955,229966,11,0
229955,229955,229967,12,0
229979,229979,229980,1,0
229979,229979,229980,1,0
229979,229979,229980,1,0
229979,229979,229980,1,0
229979,229979,229981,2,0
229979,229979,229981,2,0
229979,229980,229982,2,1
229979,229980,229982,2,1
229979,229980,229982,2,1
229979,229979,229983,4,0
229979,229982,229983,1,3
229979,229979,229984,5,0
229979,229979,229984,5,0
229979,229979,229984,5,0
229979,229979,229984,5,0
229979,229979,229984,5,0
229979,229979,229984,5,0
229979,229979,229983,4,0
229979,229979,229984,5,0
229979,229979,229984,5,0
229979,229981,229984,3,2
229979,229982,229984,2,3
229979,229979,229984,5,0
229979,229979,229984,5,0
229979,229983,229984,1,4
229979,229979,229984,5,0
229979,229979,229984,5,0
229979,229983,229984,1,4
229979,229979,229985,6,0
229979,229983,229984,1,4
229979,229979,229985,6,0
229979,229979,229985,6,0
229979,229979,229985,6,0
229979,229979,229985,6,0
229979,229979,229985,6,0
229979,229979,229985,6,0
229979,229979,229985,6,0
229979,229984,229985,1,5
229979,229979,229985,6,0
229979,229979,229986,7,0
229979,229985,229986,1,6
229979,229979,229986,7,0
229979,229985,229986,1,6
229979,229985,229986,1,6
229979,229985,229986,1,6
229979,229985,229986,1,6
229979,229985,229986,1,6
229979,229985,229986,1,6
229979,229979,229986,7,0
229979,229985,229986,1,6
229979,229985,229986,1,6
229979,229985,229986,1,6
229979,229985,229986,1,6
229979,229985,229986,1,6
229979,229979,229987,8,0
229979,229979,229987,8,0
229979,229984,229987,3,5
229979,229979,229987,8,0
229979,229984,229987,3,5
229979,229979,229987,8,0
229979,229979,229987,8,0
229979,229984,229987,3,5
229979,229985,229987,2,6
229979,229986,229987,1,7
229979,229979,229988,9,0
229979,229985,229988,3,6
229979,229979,229988,9,0
229979,229979,229988,9,0
229979,229979,229988,9,0
229979,229984,229988,4,5
229979,229986,229988,2,7
229979,229979,229988,9,0
229979,229984,229988,4,5
229979,229985,229988,3,6
229979,229986,229988,2,7
229979,229979,229989,10,0
229979,229983,229990,7,4
229979,229979,229992,13,0
230004,230004,230005,1,0
230004,230004,230005,1,0
230004,230004,230005,1,0
230004,230004,230005,1,0
230004,230004,230005,1,0
230004,230004,230007,3,0
230004,230004,230006,2,0
230004,230004,230006,2,0
230004,230005,230007,2,1
230004,230004,230007,3,0
230004,230006,230008,2,2
230004,230006,230008,2,2
230004,230006,230008,2,2
230004,230004,230009,5,0
230004,230004,230009,5,0
230004,230004,230009,5,0
230004,230004,230009,5,0
230004,230004,230008,4,0
230004,230006,230009,3,2
230004,230004,230009,5,0
230004,230007,230009,2,3
230004,230007,230009,2,3
230004,230007,230008,1,3
230004,230007,230008,1,3
230004,230004,230009,5,0
230004,230004,230010,6,0
230004,230004,230009,5,0
230004,230004,230010,6,0
230004,230004,230009,5,0
230004,230004,230009,5,0
230004,230008,230010,2,4
230004,230004,230009,5,0
230004,230004,230009,5,0
230004,230008,230009,1,4
230004,230004,230010,6,0
230004,230008,230009,1,4
230004,230004,230010,6,0
230004,230004,230010,6,0
230004,230004,230010,6,0
230004,230008,230009,1,4
230004,230004,230010,6,0
230004,230004,230010,6,0
230004,230004,230010,6,0
230004,230009,230010,1,5
230004,230009,230010,1,5
230004,230009,230011,2,5
230004,230009,230010,1,5
230004,230004,230010,6,0
230004,230009,230010,1,5
230004,230010,230011,1,6
230004,230009,230010,1,5
230004,230010,230011,1,6
230004,230010,230011,1,6
230004,230004,230012,8,0
230004,230009,230012,3,5
230004,230004,230011,7,0
230004,230004,230012,8,0
230004,230004,230012,8,0
230004,230004,230012,8,0
230004,230004,230012,8,0
230004,230009,230012,3,5
230004,230009,230012,3,5
230004,230009,230012,3,5
230004,230004,230011,7,0
230004,230004,230012,8,0
230004,230009,230012,3,5
230004,230010,230012,2,6
230004,230010,230011,1,6
230004,230010,230011,1,6
230004,230010,230011,1,6
230004,230004,230012,8,0
230004,230010,230013,3,6
230004,230004,230013,9,0
230004,230010,230012,2,6
230004,230004,230013,9,0
230004,230010,230013,3,6
230004,230010,230012,2,6
230004,230004,230015,11,0
230004,230004,230016,12,0
230027,230027,230028,1,0
230027,230027,230028,1,0
230027,230027,230028,1,0
230027,230027,230028,1,0
230027,230027,230029,2,0
230027,230028,230030,2,1
230027,230028,230030,2,1
230027,230027,230029,2,0
230027,230028,230030,2,1
230027,230028,230031,3,1
230027,230027,230031,4,0
230027,230027,230031,4,0
230027,230029,230031,2,2
230027,230030,230031,1,3
230027,230027,230032,5,0
230027,230027,230032,5,0
230027,230027,230032,5,0
230027,230027,230032,5,0
230027,230027,230032,5,0
230027,230027,230032,5,0
230027,230027,230032,5,0
230027,230027,230032,5,0
230027,230027,230032,5,0
230027,230027,230032,5,0
230027,230027,230032,5,0
230027,230031,230032,1,4
230027,230027,230032,5,0
230027,230030,230032,2,3
230027,230027,230032,5,0
230027,230030,230032,2,3
230027,230027,230033,6,0
230027,230027,230033,6,0
230027,230027,230033,6,0
230027,230027,230033,6,0
230027,230027,230033,6,0
230027,230027,230033,6,0
230027,230027,230033,6,0
230027,230032,230033,1,5
230027,230032,230033,1,5
230027,230027,230033,6,0
230027,230027,230033,6,0
230027,230032,230033,1,5
230027,230027,230033,6,0
230027,230032,230033,1,5
230027,230027,230034,7,0
230027,230027,230034,7,0
230027,230027,230034,7,0
230027,230031,230034,3,4
230027,230033,230034,1,6
230027,230027,230034,7,0
230027,230033,230034,1,6
230027,230033,230034,1,6
230027,230033,230034,1,6
230027,230033,230034,1,6
230027,230033,230034,1,6
230027,230033,230034,1,6
230027,230033,230034,1,6
230027,230027,230035,8,0
230027,230027,230035,8,0
230027,230032,230035,3,5
230027,230033,230035,2,6
230027,230027,230035,8,0
230027,230032,230035,3,5
230027,230027,230035,8,0
230027,230032,230035,3,5
230027,230032,230035,3,5
230027,230033,230035,2,6
230027,230027,230035,8,0
230027,230034,230035,1,7
230027,230027,230036,9,0
230027,230034,230036,2,7
230027,230034,230036,2,7
230027,230033,230036,3,6
230027,230034,230036,2,7
230027,230027,230037,10,0
230027,230032,230037,5,5
230027,230027,230037,10,0
230027,230027,230038,11,0
230051,230051,230052,1,0
230051,230051,230052,1,0
230051,230051,230052,1,0
230051,230051,230052,1,0
230051,230051,230052,1,0
230051,230051,230054,3,0
230051,230051,230055,4,0
230051,230053,230055,2,2
230051,230051,230055,4,0
230051,230053,230055,2,2
230051,230051,230054,3,0
230051,230053,230055,2,2
230051,230053,230054,1,2
230051,230051,230056,5,0
230051,230051,230056,5,0
230051,230051,230055,4,0
230051,230053,230055,2,2
230051,230051,230055,4,0
230051,230051,230056,5,0
230051,230054,230056,2,3
230051,230051,230057,6,0
230051,230051,230057,6,0
230051,230051,230056,5,0
230051,230051,230057,6,0
230051,230055,230056,1,4
230051,230055,230056,1,4
230051,230055,230057,2,4
230051,230051,230056,5,0
230051,230055,230056,1,4
230051,230051,230056,5,0
230051,230051,230057,6,0
230051,230055,230056,1,4
230051,230056,230057,1,5
230051,230051,230057,6,0
230051,230055,230056,1,4
230051,230051,230057,6,0
230051,230051,230058,7,0
230051,230051,230057,6,0
230051,230051,230057,6,0
230051,230056,230058,2,5
230051,230051,230057,6,0
230051,230051,230057,6,0
230051,230051,230058,7,0
230051,230056,230057,1,5
230051,230056,230058,2,5
230051,230057,230058,1,6
230051,230051,230058,7,0
230051,230056,230057,1,5
230051,230051,230058,7,0
230051,230056,230057,1,5
230051,230057,230058,1,6
230051,230051,230058,7,0
230051,230051,230058,7,0
230051,230056,230058,2,5
230051,230051,230059,8,0
230051,230051,230058,7,0
230051,230057,230058,1,6
230051,230051,230059,8,0
230051,230057,230058,1,6
230051,230057,230059,2,6
230051,230057,230058,1,6
230051,230057,230058,1,6
230051,230057,230058,1,6
230051,230057,230058,1,6
230051,230057,230059,2,6
230051,230057,230058,1,6
230051,230051,230059,8,0
230051,230057,230059,2,6
230051,230051,230060,9,0
230051,230057,230060,3,6
230051,230055,230059,4,4
230051,230057,230060,3,6
230051,230057,230060,3,6
230051,230051,230060,9,0
230051,230051,230060,9,0
230051,230051,230062,11,0
230051,230051,230065,14,0
230051,230051,230065,14,0
230051,230051,230068,17,0
230080,230080,230081,1,0
230080,230080,230081,1,0
230080,230080,230081,1,0
230080,230080,230081,1,0
230080,230080,230081,1,0
230080,230081,230083,2,1
230080,230081,230083,2,1
230080,230080,230084,4,0
230080,230081,230083,2,1
230080,230082,230083,1,2
230080,230080,230083,3,0
230080,230080,230083,3,0
230080,230082,230084,2,2
230080,230080,230084,4,0
230080,230080,230083,3,0
230080,230080,230083,3,0
230080,230080,230084,4,0
230080,230080,230084,4,0
230080,230080,230084,4,0
230080,230083,230084,1,3
230080,230080,230085,5,0
230080,230083,230085,2,3
230080,230084,230085,1,4
230080,230084,230085,1,4
230080,230080,230085,5,0
230080,230080,230086,6,0
230080,230080,230085,5,0
230080,230080,230085,5,0
230080,230080,230085,5,0
230080,230080,230085,5,0
230080,230084,230085,1,4
230080,230084,230085,1,4
230080,230080,230086,6,0
230080,230080,230085,5,0
230080,230084,230085,1,4
230080,230080,230085,5,0
230080,230080,230085,5,0
230080,230084,230085,1,4
230080,230085,230086,1,5
230080,230080,230086,6,0
230080,230084,230085,1,4
230080,230084,230085,1,4
230080,230084,230085,1,4
230080,230085,230086,1,5
230080,230080,230087,7,0
230080,230080,230086,6,0
230080,230080,230086,6,0
230080,230080,230086,6,0
230080,230085,230086,1,5
230080,230086,230087,1,6
230080,230086,230087,1,6
230080,230086,230087,1,6
230080,230086,230087,1,6
230080,230085,230086,1,5
230080,230085,230086,1,5
230080,230085,230086,1,5
230080,230080,230088,8,0
230080,230080,230087,7,0
230080,230086,230088,2,6
230080,230080,230088,8,0
230080,230080,230087,7,0
230080,230086,230088,2,6
230080,230085,230087,2,5
230080,230085,230087,2,5
230080,230086,230088,2,6
230080,230086,230087,1,6
230080,230086,230087,1,6
230080,230086,230087,1,6
230080,230080,230088,8,0
230080,230080,230088,8,0
230080,230080,230088,8,0
230080,230080,230088,8,0
230080,230080,230089,9,0
230080,230086,230088,2,6
230080,230080,230090,10,0
230080,230080,230090,10,0
230080,230080,230094,14,0
230080,230080,230094,14,0
230080,230080,230095,15,0
230107,230107,230108,1,0
230107,230107,230108,1,0
230107,230107,230108,1,0
230107,230107,230108,1,0
230107,230107,230108,1,0
230107,230107,230109,2,0
230107,230107,230109,2,0
230107,230108,230110,2,1
230107,230107,230110,3,0
230107,230107,230110,3,0
230107,230107,230111,4,0
230107,230107,230111,4,0
230107,230109,230111,2,2
230107,230109,230110,1,2
230107,230109,230111,2,2
230107,230109,230110,1,2
230107,230107,230111,4,0
230107,230109,230111,2,2
230107,230107,230112,5,0
230107,230107,230111,4,0
230107,230110,230111,1,3
230107,230111,230112,1,4
230107,230110,230111,1,3
230107,230107,230112,5,0
230107,230110,230111,1,3
230107,230111,230112,1,4
230107,230107,230111,4,0
230107,230111,230112,1,4
230107,230107,230112,5,0
230107,230107,230112,5,0
230107,230111,230113,2,4
230107,230111,230112,1,4
230107,230107,230113,6,0
230107,230111,230112,1,4
230107,230107,230112,5,0
230107,230112,230113,1,5
230107,230112,230113,1,5
230107,230111,230112,1,4
230107,230112,230113,1,5
230107,230112,230113,1,5
230107,230107,230113,6,0
230107,230107,230114,7,0
230107,230112,230114,2,5
230107,230107,230113,6,0
230107,230107,230113,6,0
230107,230112,230114,2,5
230107,230107,230113,6,0
230107,230107,230113,6,0
230107,230112,230113,1,5
230107,230107,230113,6,0
230107,230113,230114,1,6
230107,230107,230114,7,0
230107,230112,230113,1,5
230107,230112,230113,1,5
230107,230107,230113,6,0
230107,230112,230113,1,5
230107,230113,230114,1,6
230107,230113,230114,1,6
230107,230107,230114,7,0
230107,230107,230114,7,0
230107,230107,230114,7,0
230107,230107,230115,8,0
230107,230107,230114,7,0
230107,230111,230114,3,4
230107,230113,230115,2,6
230107,230111,230115,4,4
230107,230107,230114,7,0
230107,230113,230114,1,6
230107,230113,230114,1,6
230107,230107,230115,8,0
230107,230107,230115,8,0
230107,230107,230115,8,0
230107,230107,230116,9,0
230107,230107,230115,8,0
230107,230107,230115,8,0
230107,230113,230116,3,6
230107,230107,230116,9,0
230107,230107,230116,9,0
230107,230107,230117,10,0
230130,230130,230131,1,0
230130,230130,230131,1,0
230130,230130,230131,1,0
230130,230130,230131,1,0
230130,230130,230131,1,0
230130,230130,230133,3,0
230130,230132,230134,2,2
230130,230132,230133,1,2
230130,230130,230133,3,0
230130,230132,230133,1,2
230130,230130,230134,4,0
230130,230132,230134,2,2
230130,230132,230134,2,2
230130,230134,230135,1,4
230130,230134,230135,1,4
230130,230130,230135,5,0
230130,230130,230135,5,0
230130,230130,230136,6,0
230130,230130,230135,5,0
230130,230130,230136,6,0
230130,230130,230136,6,0
230130,230130,230136,6,0
230130,230130,230136,6,0
230130,230134,230135,1,4
230130,230130,230135,5,0
230130,230134,230135,1,4
230130,230135,230136,1,5
230130,230130,230136,6,0
230130,230130,230136,6,0
230130,230130,230135,5,0
230130,230130,230135,5,0
230130,230134,230135,1,4
230130,230135,230136,1,5
230130,230130,230136,6,0
230130,230130,230136,6,0
230130,230130,230137,7,0
230130,230130,230136,6,0
230130,230130,230137,7,0
230130,230130,230136,6,0
230130,230135,230136,1,5
230130,230136,230137,1,6
230130,230130,230136,6,0
230130,230130,230137,7,0
230130,230136,230137,1,6
230130,230136,230137,1,6
230130,230130,230137,7,0
230130,230135,230136,1,5
230130,230136,230137,1,6
230130,230130,230136,6,0
230130,230136,230137,1,6
230130,230136,230137,1,6
230130,230136,230137,1,6
230130,230136,230137,1,6
230130,230136,230137,1,6
230130,230130,230137,7,0
230130,230130,230137,7,0
230130,230130,230137,7,0
230130,230130,230137,7,0
230130,230136,230138,2,6
230130,230130,230137,7,0
230130,230136,230138,2,6
230130,230136,230138,2,6
230130,230136,230137,1,6
230130,230136,230137,1,6
230130,230136,230137,1,6
230130,230136,230137,1,6
230130,230136,230138,2,6
230130,230136,230138,2,6
230130,230130,230139,9,0
230130,230135,230138,3,5
230130,230130,230138,8,0
230130,230137,230139,2,7
230130,230130,230139,9,0
230130,230130,230140,10,0
230130,230137,230139,2,7
230130,230130,230140,10,0
230130,230130,230140,10,0
230130,230130,230142,12,0
230130,230130,230142,12,0
230154,230154,230155,1,0
230154,230154,230155,1,0
230154,230154,230155,1,0
230154,230154,230155,1,0
230154,230154,230156,2,0
230154,230154,230157,3,0
230154,230156,230157,1,2
230154,230156,230157,1,2
230154,230156,230158,2,2
230154,230156,230158,2,2
230154,230157,230158,1,3
230154,230158,230159,1,4
230154,230158,230159,1,4
230154,230154,230159,5,0
230154,230155,230159,4,1
230154,230159,230160,1,5
230154,230154,230159,5,0
230154,230158,230159,1,4
230154,230154,230159,5,0
230154,230159,230160,1,5
230154,230154,230160,6,0
230154,230159,230160,1,5
230154,230154,230160,6,0
230154,230154,230160,6,0
230154,230154,230160,6,0
230154,230154,230160,6,0
230154,230159,230160,1,5
230154,230160,230161,1,6
230154,230154,230160,6,0
230154,230159,230160,1,5
230154,230160,230161,1,6
230154,230160,230161,1,6
230154,230154,230161,7,0
230154,230160,230161,1,6
230154,230154,230161,7,0
230154,230154,230161,7,0
230154,230155,230161,6,1
230154,230154,230161,7,0
230154,230154,230161,7,0
230154,230160,230161,1,6
230154,230161,230162,1,7
230154,230154,230161,7,0
230154,230154,230161,7,0
230154,230160,230161,1,6
230154,230161,230162,1,7
230154,230161,230162,1,7
230154,230154,230162,8,0
230154,230154,230162,8,0
230154,230160,230161,1,6
230154,230161,230162,1,7
230154,230154,230162,8,0
230154,230155,230162,7,1
230154,230160,230162,2,6
230154,230161,230163,2,7
230154,230160,230162,2,6
230154,230161,230163,2,7
230154,230154,230162,8,0
230154,230154,230163,9,0
230154,230161,230162,1,7
230154,230161,230162,1,7
230154,230161,230162,1,7
230154,230161,230162,1,7
230154,230154,230162,8,0
230154,230161,230162,1,7
230154,230154,230163,9,0
230154,230154,230163,9,0
230154,230162,230164,2,8
230154,230154,230163,9,0
230154,230161,230163,2,7
230154,230154,230163,9,0
230154,230154,230164,10,0
230154,230154,230164,10,0
230154,230154,230166,12,0
230154,230154,230167,13,0
230154,230154,230167,13,0
230154,230154,230167,13,0
230154,230154,230167,13,0
230154,230154,230167,13,0
230154,230154,230168,14,0
230179,230179,230180,1,0
230179,230179,230180,1,0
230179,230179,230180,1,0
230179,230179,230180,1,0
230179,230179,230180,1,0
230179,230180,230182,2,1
230179,230181,230183,2,2
230179,230181,230182,1,2
230179,230179,230182,3,0
230179,230181,230182,1,2
230179,230181,230182,1,2
230179,230179,230183,4,0
230179,230179,230184,5,0
230179,230179,230183,4,0
230179,230179,230183,4,0
230179,230179,230184,5,0
230179,230183,230184,1,4
230179,230183,230184,1,4
230179,230179,230183,4,0
230179,230179,230184,5,0
230179,230179,230184,5,0
230179,230183,230184,1,4
230179,230179,230184,5,0
230179,230183,230184,1,4
230179,230183,230184,1,4
230179,230179,230184,5,0
230179,230179,230184,5,0
230179,230179,230185,6,0
230179,230179,230184,5,0
230179,230183,230184,1,4
230179,230179,230185,6,0
230179,230179,230184,5,0
230179,230184,230185,1,5
230179,230179,230184,5,0
230179,230179,230185,6,0
230179,230179,230184,5,0
230179,230184,230185,1,5
230179,230179,230184,5,0
230179,230184,230185,1,5
230179,230184,230185,1,5
230179,230184,230185,1,5
230179,230184,230185,1,5
230179,230184,230185,1,5
230179,230179,230185,6,0
230179,230179,230185,6,0
230179,230184,230186,2,5
230179,230184,230186,2,5
230179,230185,230186,1,6
230179,230185,230186,1,6
230179,230185,230186,1,6
230179,230184,230185,1,5
230179,230184,230185,1,5
230179,230179,230186,7,0
230179,230179,230186,7,0
230179,230179,230187,8,0
230179,230179,230187,8,0
230179,230185,230187,2,6
230179,230184,230186,2,5
230179,230184,230187,3,5
230179,230184,230187,3,5
230179,230179,230187,8,0
230179,230185,230186,1,6
230179,230185,230186,1,6
230179,230179,230186,7,0
230179,230185,230186,1,6
230179,230185,230186,1,6
230179,230185,230187,2,6
230179,230185,230187,2,6
230179,230179,230187,8,0
230179,230179,230187,8,0
230179,230179,230187,8,0
230179,230179,230189,10,0
230179,230179,230189,10,0
230179,230179,230189,10,0
230179,230179,230189,10,0
230179,230179,230191,12,0
230179,230179,230192,13,0
230179,230179,230191,12,0
230179,230179,230192,13,0
230204,230204,230205,1,0
230204,230204,230205,1,0
230204,230204,230205,1,0
230204,230204,230205,1,0
230204,230204,230205,1,0
230204,230206,230207,1,2
230204,230206,230207,1,2
230204,230206,230208,2,2
230204,230205,230207,2,1
230204,230206,230207,1,2
230204,230207,230208,1,3
230204,230204,230209,5,0
230204,230204,230209,5,0
230204,230204,230208,4,0
230204,230204,230209,5,0
230204,230204,230208,4,0
230204,230208,230209,1,4
230204,230204,230209,5,0
230204,230208,230209,1,4
230204,230204,230209,5,0
230204,230204,230209,5,0
230204,230204,230209,5,0
230204,230204,230209,5,0
230204,230208,230209,1,4
230204,230204,230210,6,0
230204,230208,230209,1,4
230204,230204,230210,6,0
230204,230204,230210,6,0
230204,230208,230210,2,4
230204,230204,230209,5,0
230204,230209,230210,1,5
230204,230204,230209,5,0
230204,230204,230210,6,0
230204,230209,230210,1,5
230204,230209,230210,1,5
230204,230204,230210,6,0
230204,230204,230211,7,0
230204,230204,230210,6,0
230204,230204,230210,6,0
230204,230204,230210,6,0
230204,230210,230211,1,6
230204,230204,230210,6,0
230204,230210,230211,1,6
230204,230210,230211,1,6
230204,230209,230210,1,5
230204,230210,230211,1,6
230204,230210,230211,1,6
230204,230204,230211,7,0
230204,230210,230211,1,6
230204,230210,230211,1,6
230204,230210,230211,1,6
230204,230210,230211,1,6
230204,230210,230211,1,6
230204,230204,230211,7,0
230204,230209,230211,2,5
230204,230209,230211,2,5
230204,230209,230211,2,5
230204,230210,230212,2,6
230204,230209,230211,2,5
230204,230204,230212,8,0
230204,230210,230211,1,6
230204,230210,230211,1,6
230204,230204,230213,9,0
230204,230210,230212,2,6
230204,230204,230212,8,0
230204,230210,230212,2,6
230204,230204,230212,8,0
230204,230204,230212,8,0
230204,230210,230212,2,6
230204,230204,230213,9,0
230204,230204,230213,9,0
230204,230204,230213,9,0
230204,230204,230213,9,0
230204,230204,230214,10,0
230204,230204,230215,11,0
230204,230204,230215,11,0
230204,230204,230215,11,0
230204,230204,230218,14,0
230204,230204,230221,17,0
230231,230231,230232,1,0
230231,230231,230232,1,0
230231,230231,230232,1,0
230231,230231,230233,2,0
230231,230231,230232,1,0
230231,230232,230233,1,1
230231,230232,230233,1,1
230231,230232,230233,1,1
230231,230231,230235,4,0
230231,230233,230235,2,2
230231,230233,230234,1,2
230231,230234,230235,1,3
230231,230231,230236,5,0
230231,230231,230236,5,0
230231,230231,230235,4,0
230231,230231,230236,5,0
230231,230231,230236,5,0
230231,230231,230236,5,0
230231,230231,230236,5,0
230231,230231,230236,5,0
230231,230231,230236,5,0
230231,230231,230235,4,0
230231,230231,230236,5,0
230231,230234,230235,1,3
230231,230234,230236,2,3
230231,230231,230237,6,0
230231,230231,230236,5,0
230231,230231,230236,5,0
230231,230235,230237,2,4
230231,230231,230237,6,0
230231,230236,230237,1,5
230231,230235,230237,2,4
230231,230236,230237,1,5
230231,230236,230237,1,5
230231,230236,230237,1,5
230231,230231,230237,6,0
230231,230236,230237,1,5
230231,230231,230238,7,0
230231,230235,230238,3,4
230231,230231,230238,7,0
230231,230231,230238,7,0
230231,230236,230237,1,5
230231,230235,230238,3,4
230231,230236,230237,1,5
230231,230237,230238,1,6
230231,230231,230238,7,0
230231,230237,230238,1,6
230231,230237,230238,1,6
230231,230231,230237,6,0
230231,230237,230238,1,6
230231,230237,230238,1,6
230231,230231,230238,7,0
230231,230237,230238,1,6
230231,230237,230238,1,6
230231,230236,230239,3,5
230231,230231,230239,8,0
230231,230231,230239,8,0
230231,230236,230239,3,5
230231,230236,230238,2,5
230231,230236,230239,3,5
230231,230231,230239,8,0
230231,230236,230238,2,5
230231,230231,230239,8,0
230231,230237,230239,2,6
230231,230231,230238,7,0
230231,230237,230239,2,6
230231,230231,230240,9,0
230231,230236,230240,4,5
230231,230231,230240,9,0
230231,230237,230240,3,6
230231,230231,230240,9,0
230231,230231,230241,10,0
230231,230231,230241,10,0
230231,230231,230242,11,0
230231,230231,230241,10,0
230231,230231,230243,12,0
230231,230231,230243,12,0
230231,230231,230243,12,0
230231,230231,230244,13,0
230255,230256,230257,1,1
230255,230256,230257,1,1
230255,230257,230258,1,2
230255,230257,230258,1,2
230255,230257,230258,1,2
230255,230256,230259,3,1
230255,230256,230258,2,1
230255,230256,230258,2,1
230255,230256,230259,3,1
230255,230256,230258,2,1
230255,230256,230258,2,1
230255,230258,230259,1,3
230255,230258,230259,1,3
230255,230258,230259,1,3
230255,230256,230259,3,1
230255,230256,230260,4,1
230255,230256,230260,4,1
230255,230258,230259,1,3
230255,230258,230259,1,3
230255,230256,230260,4,1
230255,230256,230260,4,1
230255,230256,230260,4,1
230255,230256,230260,4,1
230255,230256,230260,4,1
230255,230259,230260,1,4
230255,230260,230261,1,5
230255,230259,230262,3,4
230255,230256,230262,6,1
230255,230260,230261,1,5
230255,230256,230262,6,1
230255,230256,230262,6,1
230255,230260,230261,1,5
230255,230261,230262,1,6
230255,230256,230262,6,1
230255,230260,230261,1,5
230255,230260,230261,1,5
230255,230261,230262,1,6
230255,230256,230262,6,1
230255,230256,230261,5,1
230255,230261,230262,1,6
230255,230256,230262,6,1
230255,230259,230262,3,4
230255,230256,230262,6,1
230255,230259,230262,3,4
230255,230260,230262,2,5
230255,230259,230262,3,4
230255,230259,230263,4,4
230255,230256,230262,6,1
230255,230262,230263,1,7
230255,230262,230263,1,7
230255,230256,230262,6,1
230255,230256,230262,6,1
230255,230256,230263,7,1
230255,230262,230263,1,7
230255,230256,230262,6,1
230255,230261,230263,2,6
230255,230261,230263,2,6
230255,230261,230263,2,6
230255,230256,230263,7,1
230255,230260,230263,3,5
230255,230256,230263,7,1
230255,230256,230264,8,1
230255,230256,230263,7,1
230255,230262,230263,1,7
230255,230261,230263,2,6
230255,230256,230264,8,1
230255,230256,230265,9,1
230255,230256,230264,8,1
230255,230259,230264,5,4
230255,230262,230264,2,7
230255,230256,230265,9,1
230255,230262,230265,3,7
230255,230256,230266,10,1
230255,230256,230267,11,1
230255,230256,230267,11,1
230255,230256,230268,12,1
230279,230279,230280,1,0
230279,230279,230280,1,0
230279,230279,230280,1,0
230279,230279,230280,1,0
230279,230279,230281,2,0
230279,230280,230281,1,1
230279,230280,230281,1,1
230279,230279,230281,2,0
230279,230279,230282,3,0
230279,230279,230282,3,0
230279,230279,230282,3,0
230279,230279,230281,2,0
230279,230279,230282,3,0
230279,230281,230282,1,2
230279,230281,230282,1,2
230279,230281,230282,1,2
230279,230279,230283,4,0
230279,230281,230282,1,2
230279,230279,230282,3,0
230279,230279,230283,4,0
230279,230279,230282,3,0
230279,230279,230283,4,0
230279,230279,230283,4,0
230279,230279,230283,4,0
230279,230279,230284,5,0
230279,230279,230284,5,0
230279,230279,230284,5,0
230279,230281,230283,2,2
230279,230282,230283,1,3
230279,230282,230283,1,3
230279,230279,230283,4,0
230279,230282,230283,1,3
230279,230279,230284,5,0
230279,230282,230283,1,3
230279,230279,230285,6,0
230279,230279,230285,6,0
230279,230282,230285,3,3
230279,230279,230285,6,0
230279,230282,230285,3,3
230279,230282,230285,3,3
230279,230279,230285,6,0
230279,230284,230285,1,5
230279,230279,230285,6,0
230279,230283,230285,2,4
230279,230279,230284,5,0
230279,230284,230285,1,5
230279,230279,230285,6,0
230279,230279,230285,6,0
230279,230284,230285,1,5
230279,230279,230284,5,0
230279,230282,230285,3,3
230279,230283,230285,2,4
230279,230283,230284,1,4
230279,230279,230284,5,0
230279,230279,230286,7,0
230279,230283,230285,2,4
230279,230283,230286,3,4
230279,230284,230285,1,5
230279,230283,230286,3,4
230279,230279,230286,7,0
230279,230282,230285,3,3
230279,230283,230286,3,4
230279,230279,230285,6,0
230279,230283,230285,2,4
230279,230279,230286,7,0
230279,230279,230287,8,0
230279,230284,230286,2,5
230279,230284,230286,2,5
230279,230279,230287,8,0
230279,230285,230287,2,6
230279,230279,230287,8,0
230279,230279,230287,8,0
230279,230284,230287,3,5
230279,230284,230286,2,5
230279,230284,230287,3,5
230279,230284,230287,3,5
230279,230279,230288,9,0
230279,230279,230290,11,0
230279,230279,230290,11,0
230302,230303,230304,1,1
230302,230302,230304,2,0
230302,230303,230304,1,1
230302,230303,230304,1,1
230302,230304,230305,1,2
230302,230303,230305,2,1
230302,230305,230306,1,3
230302,230303,230307,4,1
230302,230303,230306,3,1
230302,230305,230306,1,3
230302,230305,230306,1,3
230302,230305,230306,1,3
230302,230303,230307,4,1
230302,230306,230307,1,4
230302,230307,230308,1,5
230302,230307,230308,1,5
230302,230303,230308,5,1
230302,230303,230309,6,1
230302,230303,230308,5,1
230302,230303,230308,5,1
230302,230303,230309,6,1
230302,230307,230308,1,5
230302,230303,230308,5,1
230302,230307,230308,1,5
230302,230303,230309,6,1
230302,230307,230308,1,5
230302,230308,230309,1,6
230302,230303,230308,5,1
230302,230303,230308,5,1
230302,230308,230309,1,6
230302,230303,230310,7,1
230302,230303,230310,7,1
230302,230303,230309,6,1
230302,230303,230309,6,1
230302,230303,230309,6,1
230302,230303,230309,6,1
230302,230309,230310,1,7
230302,230303,230309,6,1
230302,230307,230309,2,5
230302,230309,230310,1,7
230302,230303,230309,6,1
230302,230309,230310,1,7
230302,230308,230309,1,6
230302,230303,230310,7,1
230302,230303,230310,7,1
230302,230303,230310,7,1
230302,230303,230310,7,1
230302,230303,230310,7,1
230302,230303,230311,8,1
230302,230303,230310,7,1
230302,230309,230310,1,7
230302,230303,230310,7,1
230302,230308,230310,2,6
230302,230303,230310,7,1
230302,230309,230310,1,7
230302,230309,230310,1,7
230302,230303,230310,7,1
230302,230303,230311,8,1
230302,230303,230310,7,1
230302,230303,230311,8,1
230302,230309,230310,1,7
230302,230309,230310,1,7
230302,230309,230310,1,7
230302,230303,230311,8,1
230302,230310,230311,1,8
230302,230303,230311,8,1
230302,230309,230311,2,7
230302,230303,230311,8,1
230302,230303,230311,8,1
230302,230310,230312,2,8
230302,230309,230312,3,7
230302,230309,230311,2,7
230302,230303,230312,9,1
230302,230309,230312,3,7
230302,230310,230312,2,8
230302,230310,230312,2,8
230302,230310,230312,2,8
230302,230303,230314,11,1
230302,230309,230314,5,7
230326,230326,230328,2,0
230326,230326,230327,1,0
230326,230326,230328,2,0
230326,230326,230328,2,0
230326,230326,230328,2,0
230326,230329,230330,1,3
230326,230329,230330,1,3
230326,230329,230330,1,3
230326,230326,230331,5,0
230326,230326,230331,5,0
230326,230330,230331,1,4
230326,230330,230331,1,4
230326,230331,230332,1,5
230326,230326,230331,5,0
230326,230331,230332,1,5
230326,230326,230332,6,0
230326,230326,230332,6,0
230326,230326,230332,6,0
230326,230326,230332,6,0
230326,230326,230332,6,0
230326,230326,230332,6,0
230326,230332,230333,1,6
230326,230332,230333,1,6
230326,230326,230333,7,0
230326,230326,230332,6,0
230326,230332,230333,1,6
230326,230326,230333,7,0
230326,230326,230333,7,0
230326,230333,230334,1,7
230326,230326,230333,7,0
230326,230332,230333,1,6
230326,230333,230334,1,7
230326,230326,230334,8,0
230326,230326,230334,8,0
230326,230332,230334,2,6
230326,230333,230334,1,7
230326,230326,230333,7,0
230326,230326,230333,7,0
230326,230326,230333,7,0
230326,230326,230333,7,0
230326,230333,230334,1,7
230326,230333,230334,1,7
230326,230326,230334,8,0
230326,230326,230334,8,0
230326,230326,230334,8,0
230326,230327,230334,7,1
230326,230326,230334,8,0
230326,230326,230334,8,0
230326,230326,230334,8,0
230326,230333,230334,1,7
230326,230333,230334,1,7
230326,230334,230335,1,8
230326,230334,230335,1,8
230326,230332,230334,2,6
230326,230326,230334,8,0
230326,230334,230335,1,8
230326,230334,230335,1,8
230326,230334,230335,1,8
230326,230326,230335,9,0
230326,230326,230334,8,0
230326,230326,230335,9,0
230326,230333,230335,2,7
230326,230332,230335,3,6
230326,230333,230335,2,7
230326,230334,230335,1,8
230326,230326,230336,10,0
230326,230326,230336,10,0
230326,230333,230336,3,7
230326,230333,230336,3,7
230326,230326,230337,11,0
230326,230326,230337,11,0
230326,230333,230337,4,7
230326,230326,230338,12,0
230326,230326,230338,12,0
230326,230326,230338,12,0
230326,230326,230338,12,0
230350,230350,230351,1,0
230350,230350,230351,1,0
230350,230350,230351,1,0
230350,230350,230352,2,0
230350,230350,230351,1,0
230350,230351,230352,1,1
230350,230351,230353,2,1
230350,230352,230353,1,2
230350,230352,230354,2,2
230350,230352,230354,2,2
230350,230350,230355,5,0
230350,230353,230354,1,3
230350,230350,230355,5,0
230350,230353,230355,2,3
230350,230350,230356,6,0
230350,230350,230356,6,0
230350,230350,230355,5,0
230350,230350,230356,6,0
230350,230350,230356,6,0
230350,230350,230356,6,0
230350,230350,230356,6,0
230350,230350,230356,6,0
230350,230354,230356,2,4
230350,230354,230356,2,4
230350,230350,230356,6,0
230350,230350,230356,6,0
230350,230354,230356,2,4
230350,230350,230355,5,0
230350,230350,230357,7,0
230350,230350,230356,6,0
230350,230350,230357,7,0
230350,230350,230357,7,0
230350,230350,230357,7,0
230350,230350,230357,7,0
230350,230350,230357,7,0
230350,230350,230357,7,0
230350,230350,230357,7,0
230350,230350,230357,7,0
230350,230350,230357,7,0
230350,230350,230357,7,0
230350,230355,230357,2,5
230350,230355,230356,1,5
230350,230350,230358,8,0
230350,230350,230358,8,0
230350,230350,230357,7,0
230350,230356,230358,2,6
230350,230350,230357,7,0
230350,230356,230358,2,6
230350,230356,230357,1,6
230350,230355,230357,2,5
230350,230350,230357,7,0
230350,230356,230357,1,6
230350,230356,230357,1,6
230350,230356,230358,2,6
230350,230356,230358,2,6
230350,230355,230359,4,5
230350,230350,230359,9,0
230350,230350,230358,8,0
230350,230356,230359,3,6
230350,230350,230359,9,0
230350,230356,230359,3,6
230350,230350,230358,8,0
230350,230357,230358,1,7
230350,230357,230358,1,7
230350,230350,230359,9,0
230350,230356,230360,4,6
230350,230350,230359,9,0
230350,230357,230360,3,7
230350,230350,230360,10,0
230350,230357,230360,3,7
230350,230356,230360,4,6
230350,230357,230360,3,7
230350,230350,230361,11,0
230350,230356,230361,5,6
230350,230357,230361,4,7
230350,230350,230362,12,0
230350,230356,230362,6,6
230350,230357,230361,4,7
230350,230356,230362,6,6
230375,230375,230376,1,0
230375,230375,230377,2,0
230375,230375,230376,1,0
230375,230375,230377,2,0
230375,230375,230376,1,0
230375,230375,230378,3,0
230375,230377,230378,1,2
230375,230375,230379,4,0
230375,230375,230379,4,0
230375,230377,230379,2,2
230375,230377,230379,2,2
230375,230375,230379,4,0
230375,230375,230380,5,0
230375,230375,230380,5,0
230375,230375,230380,5,0
230375,230377,230379,2,2
230375,230377,230379,2,2
230375,230375,230380,5,0
230375,230379,230381,2,4
230375,230375,230381,6,0
230375,230375,230381,6,0
230375,230375,230380,5,0
230375,230378,230381,3,3
230375,230375,230381,6,0
230375,230375,230381,6,0
230375,230375,230381,6,0
230375,230375,230381,6,0
230375,230375,230381,6,0
230375,230375,230381,6,0
230375,230379,230381,2,4
230375,230375,230381,6,0
230375,230375,230381,6,0
230375,230380,230381,1,5
230375,230375,230381,6,0
230375,230380,230381,1,5
230375,230375,230381,6,0
230375,230375,230381,6,0
230375,230375,230381,6,0
230375,230380,230381,1,5
230375,230375,230382,7,0
230375,230375,230382,7,0
230375,230375,230382,7,0
230375,230379,230381,2,4
230375,230381,230382,1,6
230375,230375,230382,7,0
230375,230375,230382,7,0
230375,230380,230382,2,5
230375,230381,230382,1,6
230375,230375,230382,7,0
230375,230381,230382,1,6
230375,230375,230382,7,0
230375,230381,230383,2,6
230375,230379,230383,4,4
230375,230381,230383,2,6
230375,230375,230383,8,0
230375,230380,230383,3,5
230375,230381,230383,2,6
230375,230382,230383,1,7
230375,230382,230383,1,7
230375,230382,230383,1,7
230375,230375,230384,9,0
230375,230380,230384,4,5
230375,230380,230384,4,5
230375,230375,230384,9,0
230375,230381,230384,3,6
230375,230381,230384,3,6
230375,230381,230383,2,6
230375,230381,230384,3,6
230375,230381,230383,2,6
230375,230381,230384,3,6
230375,230375,230384,9,0
230375,230379,230385,6,4
230375,230375,230386,11,0
230375,230375,230387,12,0
230375,230375,230387,12,0
230375,230375,230387,12,0
230375,230375,230388,13,0
230400,230400,230401,1,0
230400,230400,230401,1,0
230400,230400,230401,1,0
230400,230400,230402,2,0
230400,230400,230402,2,0
230400,230400,230403,3,0
230400,230400,230403,3,0
230400,230400,230403,3,0
230400,230402,230403,1,2
230400,230402,230403,1,2
230400,230400,230403,3,0
230400,230400,230404,4,0
230400,230400,230404,4,0
230400,230400,230404,4,0
230400,230400,230404,4,0
230400,230402,230404,2,2
230400,230403,230404,1,3
230400,230400,230404,4,0
230400,230400,230405,5,0
230400,230400,230405,5,0
230400,230400,230405,5,0
230400,230400,230405,5,0
230400,230401,230405,4,1
230400,230400,230405,5,0
230400,230404,230406,2,4
230400,230403,230405,2,3
230400,230404,230405,1,4
230400,230400,230405,5,0
230400,230400,230406,6,0
230400,230404,230405,1,4
230400,230401,230405,4,1
230400,230400,230406,6,0
230400,230405,230406,1,5
230400,230400,230406,6,0
230400,230400,230406,6,0
230400,230400,230406,6,0
230400,230400,230406,6,0
230400,230400,230406,6,0
230400,230401,230406,5,1
230400,230405,230406,1,5
230400,230400,230406,6,0
230400,230400,230406,6,0
230400,230406,230407,1,6
230400,230400,230407,7,0
230400,230400,230406,6,0
230400,230406,230407,1,6
230400,230400,230406,6,0
230400,230406,230407,1,6
230400,230406,230407,1,6
230400,230404,230407,3,4
230400,230405,230407,2,5
230400,230404,230407,3,4
230400,230400,230407,7,0
230400,230400,230407,7,0
230400,230407,230408,1,7
230400,230405,230407,2,5
230400,230405,230407,2,5
230400,230406,230408,2,6
230400,230400,230407,7,0
230400,230406,230407,1,6
230400,230406,230407,1,6
230400,230406,230407,1,6
230400,230405,230408,3,5
230400,230406,230409,3,6
230400,230406,230409,3,6
230400,230406,230408,2,6
230400,230406,230408,2,6
230400,230407,230409,2,7
230400,230400,230408,8,0
230400,230404,230409,5,4
230400,230405,230408,3,5
230400,230406,230408,2,6
230400,230400,230409,9,0
230400,230407,230409,2,7
230400,230407,230409,2,7
230400,230400,230409,9,0
230400,230400,230410,10,0
230400,230400,230410,10,0
230400,230400,230411,11,0
230421,230421,230422,1,0
230421,230421,230423,2,0
230421,230421,230423,2,0
230421,230421,230423,2,0
230421,230421,230424,3,0
230421,230421,230424,3,0
230421,230421,230424,3,0
230421,230423,230424,1,2
230421,230421,230425,4,0
230421,230421,230425,4,0
230421,230421,230425,4,0
230421,230421,230425,4,0
230421,230421,230425,4,0
230421,230421,230425,4,0
230421,230424,230425,1,3
230421,230424,230425,1,3
230421,230421,230425,4,0
230421,230421,230425,4,0
230421,230421,230425,4,0
230421,230421,230426,5,0
230421,230424,230426,2,3
230421,230425,230426,1,4
230421,230425,230426,1,4
230421,230421,230426,5,0
230421,230421,230426,5,0
230421,230422,230426,4,1
230421,230421,230426,5,0
230421,230421,230427,6,0
230421,230425,230427,2,4
230421,230421,230427,6,0
230421,230421,230427,6,0
230421,230421,230427,6,0
230421,230421,230427,6,0
230421,230427,230428,1,6
230421,230421,230427,6,0
230421,230421,230427,6,0
230421,230421,230427,6,0
230421,230426,230427,1,5
230421,230426,230428,2,5
230421,230426,230427,1,5
230421,230426,230428,2,5
230421,230421,230426,5,0
230421,230421,230428,7,0
230421,230427,230428,1,6
230421,230421,230428,7,0
230421,230427,230428,1,6
230421,230428,230429,1,7
230421,230428,230429,1,7
230421,230426,230429,3,5
230421,230426,230429,3,5
230421,230425,230428,3,4
230421,230421,230428,7,0
230421,230428,230429,1,7
230421,230426,230429,3,5
230421,230426,230428,2,5
230421,230427,230429,2,6
230421,230421,230428,7,0
230421,230427,230428,1,6
230421,230428,230429,1,7
230421,230428,230429,1,7
230421,230428,230429,1,7
230421,230426,230429,3,5
230421,230427,230429,2,6
230421,230427,230429,2,6
230421,230426,230429,3,5
230421,230421,230431,10,0
230421,230428,230430,2,7
230421,230428,230430,2,7
230421,230421,230430,9,0
230421,230421,230430,9,0
230421,230421,230431,10,0
230421,230421,230431,10,0
230421,230421,230432,11,0
230421,230421,230432,11,0
230421,230421,230432,11,0
230421,230426,230433,7,5
230421,230426,230434,8,5
230421,230421,230434,13,0
230421,230421,230435,14,0
230404,230404,230444,40,0
230404,230404,230445,41,0
230447,230447,230448,1,0
230447,230447,230448,1,0
230447,230447,230448,1,0
230447,230447,230448,1,0
230447,230447,230448,1,0
230447,230447,230450,3,0
230447,230447,230450,3,0
230447,230447,230450,3,0
230447,230447,230450,3,0
230447,230448,230450,2,1
230447,230448,230450,2,1
230447,230448,230450,2,1
230447,230448,230450,2,1
230447,230447,230451,4,0
230447,230447,230451,4,0
230447,230447,230450,3,0
230447,230447,230451,4,0
230447,230449,230451,2,2
230447,230447,230451,4,0
230447,230447,230451,4,0
230447,230447,230450,3,0
230447,230447,230452,5,0
230447,230447,230452,5,0
230447,230447,230452,5,0
230447,230447,230452,5,0
230447,230450,230452,2,3
230447,230450,230452,2,3
230447,230450,230452,2,3
230447,230447,230453,6,0
230447,230447,230452,5,0
230447,230447,230452,5,0
230447,230451,230452,1,4
230447,230450,230452,2,3
230447,230452,230453,1,5
230447,230447,230453,6,0
230447,230447,230452,5,0
230447,230447,230452,5,0
230447,230452,230453,1,5
230447,230452,230453,1,5
230447,230447,230452,5,0
230447,230451,230452,1,4
230447,230452,230453,1,5
230447,230450,230453,3,3
230447,230447,230454,7,0
230447,230450,230454,4,3
230447,230451,230454,3,4
230447,230451,230454,3,4
230447,230451,230454,3,4
230447,230451,230454,3,4
230447,230447,230453,6,0
230447,230447,230453,6,0
230447,230447,230454,7,0
230447,230452,230453,1,5
230447,230447,230453,6,0
230447,230447,230453,6,0
230447,230452,230453,1,5
230447,230453,230454,1,6
230447,230450,230455,5,3
230447,230451,230455,4,4
230447,230450,230454,4,3
230447,230451,230454,3,4
230447,230453,230454,1,6
230447,230447,230455,8,0
230447,230453,230454,1,6
230447,230453,230455,2,6
230410,230410,230455,45,0
230447,230447,230456,9,0
230447,230452,230455,3,5
230447,230453,230456,3,6
230447,230453,230456,3,6
230447,230447,230456,9,0
230447,230447,230457,10,0
230447,230447,230457,10,0
230447,230447,230458,11,0
230447,230447,230457,10,0
230447,230447,230458,11,0
230447,230447,230458,11,0
230447,230453,230457,4,6
230447,230447,230458,11,0
230447,230447,230461,14,0
230472,230472,230473,1,0
230472,230472,230474,2,0
230472,230472,230473,1,0
230472,230472,230473,1,0
230472,230472,230473,1,0
230472,230472,230475,3,0
230472,230472,230475,3,0
230472,230472,230475,3,0
230472,230472,230476,4,0
230472,230472,230475,3,0
230472,230472,230476,4,0
230472,230472,230476,4,0
230472,230472,230476,4,0
230472,230472,230475,3,0
230472,230474,230476,2,2
230472,230474,230476,2,2
230472,230474,230476,2,2
230472,230472,230476,4,0
230472,230472,230476,4,0
230472,230474,230476,2,2
230472,230474,230477,3,2
230472,230472,230477,5,0
230472,230476,230477,1,4
230472,230472,230477,5,0
230472,230472,230477,5,0
230472,230472,230478,6,0
230472,230476,230477,1,4
230472,230472,230477,5,0
230472,230472,230478,6,0
230472,230476,230477,1,4
230472,230472,230478,6,0
230472,230475,230477,2,3
230472,230472,230478,6,0
230472,230477,230478,1,5
230472,230472,230478,6,0
230472,230472,230479,7,0
230472,230472,230479,7,0
230472,230472,230478,6,0
230472,230472,230479,7,0
230472,230472,230479,7,0
230472,230477,230479,2,5
230472,230472,230479,7,0
230472,230472,230478,6,0
230472,230478,230479,1,6
230472,230472,230479,7,0
230472,230477,230478,1,5
230472,230472,230479,7,0
230472,230478,230479,1,6
230472,230478,230479,1,6
230472,230472,230479,7,0
230472,230476,230480,4,4
230472,230477,230480,3,5
230472,230476,230480,4,4
230472,230476,230480,4,4
230472,230472,230480,8,0
230472,230477,230479,2,5
230472,230478,230479,1,6
230472,230478,230480,2,6
230472,230478,230480,2,6
230472,230478,230480,2,6
230472,230475,230479,4,3
230472,230476,230480,4,4
230472,230472,230480,8,0
230472,230478,230480,2,6
230472,230478,230480,2,6
230472,230476,230480,4,4
230472,230478,230481,3,6
230472,230476,230480,4,4
230472,230472,230481,9,0
230472,230478,230480,2,6
230472,230476,230481,5,4
230472,230476,230480,4,4
230472,230472,230480,8,0
230472,230478,230481,3,6
230472,230472,230482,10,0
230472,230472,230482,10,0
230472,230472,230482,10,0
230472,230472,230484,12,0
230472,230472,230484,12,0
230495,230495,230496,1,0
230495,230495,230496,1,0
230495,230495,230496,1,0
230495,230495,230497,2,0
230495,230495,230496,1,0
230495,230495,230498,3,0
230495,230495,230499,4,0
230495,230495,230498,3,0
230495,230495,230499,4,0
230495,230495,230499,4,0
230495,230495,230498,3,0
230495,230496,230498,2,1
230495,230495,230499,4,0
230495,230497,230498,1,2
230495,230495,230499,4,0
230495,230497,230499,2,2
230495,230495,230499,4,0
230495,230495,230500,5,0
230495,230495,230500,5,0
230495,230495,230500,5,0
230495,230499,230500,1,4
230495,230497,230499,2,2
230495,230497,230499,2,2
230495,230498,230500,2,3
230495,230495,230501,6,0
230495,230495,230500,5,0
230495,230495,230500,5,0
230495,230495,230501,6,0
230495,230495,230501,6,0
230495,230495,230501,6,0
230495,230495,230500,5,0
230495,230495,230501,6,0
230495,230495,230501,6,0
230495,230499,230501,2,4
230495,230500,230501,1,5
230495,230495,230501,6,0
230495,230499,230501,2,4
230495,230500,230501,1,5
230495,230495,230501,6,0
230495,230500,230501,1,5
230495,230495,230502,7,0
230495,230500,230502,2,5
230495,230495,230502,7,0
230495,230495,230501,6,0
230495,230500,230502,2,5
230495,230500,230501,1,5
230495,230495,230502,7,0
230495,230501,230502,1,6
230495,230495,230503,8,0
230495,230500,230502,2,5
230495,230500,230503,3,5
230495,230499,230503,4,4
230495,230501,230503,2,6
230495,230499,230503,4,4
230495,230500,230502,2,5
230495,230499,230502,3,4
230495,230501,230503,2,6
230495,230499,230502,3,4
230495,230500,230502,2,5
230495,230495,230503,8,0
230495,230501,230502,1,6
230495,230501,230502,1,6
230495,230499,230503,4,4
230495,230501,230503,2,6
230495,230501,230504,3,6
230495,230495,230504,9,0
230495,230501,230504,3,6
230495,230501,230504,3,6
230495,230501,230504,3,6
230495,230501,230503,2,6
230495,230495,230504,9,0
230495,230495,230505,10,0
230495,230495,230504,9,0
230495,230495,230504,9,0
230495,230495,230506,11,0
230495,230495,230506,11,0
230495,230495,230506,11,0
230495,230495,230508,13,0
230495,230495,230510,15,0
230522,230522,230523,1,0
230522,230522,230523,1,0
230522,230522,230524,2,0
230522,230522,230523,1,0
230522,230522,230523,1,0
230522,230522,230525,3,0
230522,230522,230526,4,0
230522,230523,230525,2,1
230522,230524,230526,2,2
230522,230523,230525,2,1
230522,230524,230526,2,2
230522,230522,230527,5,0
230522,230522,230527,5,0
230522,230522,230527,5,0
230522,230524,230526,2,2
230522,230522,230526,4,0
230522,230525,230527,2,3
230522,230522,230528,6,0
230522,230522,230527,5,0
230522,230522,230528,6,0
230522,230522,230527,5,0
230522,230522,230527,5,0
230522,230522,230527,5,0
230522,230522,230528,6,0
230522,230522,230528,6,0
230522,230526,230527,1,4
230522,230522,230527,5,0
230522,230522,230527,5,0
230522,230522,230527,5,0
230522,230522,230528,6,0
230522,230526,230527,1,4
230522,230522,230527,5,0
230522,230527,230528,1,5
230522,230526,230528,2,4
230522,230527,230528,1,5
230522,230522,230528,6,0
230522,230526,230527,1,4
230522,230527,230528,1,5
230522,230522,230529,7,0
230522,230522,230529,7,0
230522,230522,230529,7,0
230522,230522,230528,6,0
230522,230526,230529,3,4
230522,230522,230528,6,0
230522,230528,230529,1,6
230522,230528,230529,1,6
230522,230522,230529,7,0
230522,230522,230529,7,0
230522,230528,230529,1,6
230522,230522,230528,6,0
230522,230522,230528,6,0
230522,230528,230529,1,6
230522,230528,230529,1,6
230522,230522,230528,6,0
230522,230528,230529,1,6
230522,230528,230529,1,6
230522,230528,230530,2,6
230522,230527,230530,3,5
230522,230528,230530,2,6
230522,230527,230530,3,5
230522,230522,230530,8,0
230522,230528,230530,2,6
230522,230522,230530,8,0
230522,230522,230530,8,0
230522,230528,230530,2,6
230522,230528,230531,3,6
230522,230522,230530,8,0
230522,230528,230531,3,6
230522,230527,230530,3,5
230522,230528,230531,3,6
230522,230528,230531,3,6
230522,230522,230530,8,0
230522,230522,230531,9,0
230522,230528,230531,3,6
230522,230528,230530,2,6
230522,230522,230530,8,0
230522,230528,230531,3,6
230522,230522,230531,9,0
230522,230522,230531,9,0
230543,230543,230544,1,0
230543,230543,230544,1,0
230543,230543,230544,1,0
230543,230543,230544,1,0
230543,230543,230544,1,0
230543,230543,230545,2,0
230543,230543,230546,3,0
230543,230544,230546,2,1
230543,230544,230546,2,1
230543,230544,230546,2,1
230543,230544,230546,2,1
230543,230543,230547,4,0
230543,230545,230547,2,2
230543,230546,230547,1,3
230543,230545,230547,2,2
230543,230543,230548,5,0
230543,230543,230548,5,0
230543,230543,230548,5,0
230543,230546,230548,2,3
230543,230543,230548,5,0
230543,230543,230547,4,0
230543,230547,230548,1,4
230543,230543,230548,5,0
230543,230543,230548,5,0
230543,230543,230548,5,0
230543,230547,230548,1,4
230543,230543,230549,6,0
230543,230543,230549,6,0
230543,230543,230549,6,0
230543,230546,230549,3,3
230543,230543,230549,6,0
230543,230547,230549,2,4
230543,230549,230550,1,6
230543,230548,230549,1,5
230543,230549,230550,1,6
230543,230549,230550,1,6
230543,230548,230549,1,5
230543,230549,230550,1,6
230543,230543,230550,7,0
230543,230547,230550,3,4
230543,230543,230549,6,0
230543,230543,230550,7,0
230543,230543,230550,7,0
230543,230543,230549,6,0
230543,230543,230550,7,0
230543,230543,230550,7,0
230543,230549,230550,1,6
230543,230543,230550,7,0
230543,230550,230551,1,7
230543,230543,230550,7,0
230543,230549,230550,1,6
230543,230550,230551,1,7
230543,230543,230550,7,0
230543,230550,230551,1,7
230543,230543,230550,7,0
230543,230549,230550,1,6
230543,230548,230551,3,5
230543,230543,230551,8,0
230543,230543,230551,8,0
230543,230548,230551,3,5
230543,230543,230551,8,0
230543,230549,230551,2,6
230543,230543,230551,8,0
230543,230548,230551,3,5
230543,230543,230551,8,0
230543,230550,230551,1,7
230543,230543,230552,9,0
230543,230543,230552,9,0
230543,230543,230552,9,0
230543,230549,230552,3,6
230543,230549,230552,3,6
230543,230543,230552,9,0
230543,230550,230552,2,7
230543,230550,230552,2,7
230543,230543,230553,10,0
230543,230543,230553,10,0
230543,230543,230553,10,0
230543,230543,230555,12,0
230566,230567,230568,1,1
230566,230566,230567,1,0
230566,230566,230568,2,0
230566,230566,230568,2,0
230566,230568,230570,2,2
230566,230568,230569,1,2
230566,230568,230569,1,2
230566,230567,230570,3,1
230566,230567,230570,3,1
230566,230567,230570,3,1
230566,230569,230570,1,3
230566,230567,230570,3,1
230566,230567,230570,3,1
230566,230570,230571,1,4
230566,230567,230571,4,1
230566,230567,230571,4,1
230566,230567,230571,4,1
230566,230567,230571,4,1
230566,230567,230571,4,1
230566,230569,230571,2,3
230566,230567,230571,4,1
230566,230570,230571,1,4
230566,230570,230571,1,4
230566,230567,230573,6,1
230566,230572,230573,1,6
230566,230571,230572,1,5
230566,230572,230573,1,6
230566,230567,230573,6,1
230566,230567,230572,5,1
230566,230572,230573,1,6
230566,230571,230572,1,5
230566,230572,230573,1,6
230566,230567,230573,6,1
230566,230571,230572,1,5
230566,230571,230572,1,5
230566,230567,230573,6,1
230566,230567,230573,6,1
230566,230567,230573,6,1
230566,230571,230573,2,5
230566,230571,230573,2,5
230566,230567,230573,6,1
230566,230572,230573,1,6
230566,230573,230574,1,7
230566,230567,230573,6,1
230566,230567,230573,6,1
230566,230573,230574,1,7
230566,230573,230574,1,7
230566,230567,230573,6,1
230566,230573,230574,1,7
230566,230573,230574,1,7
230566,230567,230574,7,1
230566,230573,230574,1,7
230566,230572,230574,2,6
230566,230572,230574,2,6
230566,230572,230574,2,6
230566,230571,230574,3,5
230566,230567,230574,7,1
230566,230573,230574,1,7
230566,230573,230574,1,7
230566,230573,230574,1,7
230566,230567,230575,8,1
230566,230573,230574,1,7
230566,230567,230575,8,1
230566,230572,230575,3,6
230566,230567,230575,8,1
230566,230567,230575,8,1
230566,230573,230575,2,7
230566,230567,230575,8,1
230566,230567,230575,8,1
230566,230567,230576,9,1
230566,230567,230577,10,1
230566,230567,230576,9,1
230566,230567,230576,9,1
230566,230567,230576,9,1
230566,230567,230576,9,1
230566,230567,230577,10,1
230566,230567,230579,12,1
230566,230567,230583,16,1
230593,230593,230594,1,0
230593,230593,230594,1,0
230593,230593,230595,2,0
230593,230593,230595,2,0
230593,230593,230595,2,0
230593,230594,230596,2,1
230593,230593,230596,3,0
230593,230593,230597,4,0
230593,230595,230597,2,2
230593,230593,230597,4,0
230593,230593,230597,4,0
230593,230595,230597,2,2
230593,230595,230597,2,2
230593,230594,230597,3,1
230593,230593,230598,5,0
230593,230593,230597,4,0
230593,230593,230598,5,0
230593,230593,230598,5,0
230593,230597,230598,1,4
230593,230596,230598,2,3
230593,230596,230598,2,3
230593,230593,230599,6,0
230593,230593,230599,6,0
230593,230593,230598,5,0
230593,230593,230599,6,0
230593,230597,230599,2,4
230593,230593,230598,5,0
230593,230593,230599,6,0
230593,230597,230599,2,4
230593,230598,230599,1,5
230593,230593,230599,6,0
230593,230597,230599,2,4
230593,230593,230600,7,0
230593,230593,230600,7,0
230593,230597,230600,3,4
230593,230593,230600,7,0
230593,230593,230599,6,0
230593,230593,230600,7,0
230593,230599,230600,1,6
230593,230593,230600,7,0
230593,230593,230600,7,0
230593,230593,230600,7,0
230593,230593,230600,7,0
230593,230593,230600,7,0
230593,230598,230600,2,5
230593,230600,230601,1,7
230593,230593,230600,7,0
230593,230600,230601,1,7
230593,230600,230601,1,7
230593,230600,230601,1,7
230593,230593,230601,8,0
230593,230598,230601,3,5
230593,230593,230601,8,0
230593,230593,230601,8,0
230593,230598,230601,3,5
230593,230598,230601,3,5
230593,230597,230601,4,4
230593,230597,230601,4,4
230593,230599,230601,2,6
230593,230593,230601,8,0
230593,230593,230601,8,0
230593,230599,230601,2,6
230593,230599,230602,3,6
230593,230599,230602,3,6
230593,230599,230602,3,6
230593,230600,230602,2,7
230593,230593,230602,9,0
230593,230593,230603,10,0
230593,230593,230603,10,0
230593,230593,230603,10,0
230593,230598,230603,5,5
230593,230593,230603,10,0
230593,230600,230603,3,7
230593,230593,230604,11,0
230593,230593,230607,14,0
230593,230593,230608,15,0
230619,230619,230620,1,0
230619,230619,230620,1,0
230619,230619,230620,1,0
230619,230619,230621,2,0
230619,230619,230621,2,0
230619,230619,230621,2,0
230619,230620,230622,2,1
230619,230620,230622,2,1
230619,230619,230623,4,0
230619,230621,230623,2,2
230619,230621,230623,2,2
230619,230619,230623,4,0
230619,230619,230623,4,0
230619,230620,230622,2,1
230619,230619,230624,5,0
230619,230619,230623,4,0
230619,230619,230624,5,0
230619,230619,230623,4,0
230619,230619,230624,5,0
230619,230619,230624,5,0
230619,230619,230624,5,0
230619,230622,230624,2,3
230619,230622,230624,2,3
230619,230621,230623,2,2
230619,230619,230625,6,0
230619,230619,230625,6,0
230619,230619,230624,5,0
230619,230619,230625,6,0
230619,230619,230625,6,0
230619,230623,230625,2,4
230619,230624,230625,1,5
230619,230619,230625,6,0
230619,230624,230625,1,5
230619,230619,230624,5,0
230619,230623,230625,2,4
230619,230624,230625,1,5
230619,230623,230625,2,4
230619,230623,230625,2,4
230619,230623,230625,2,4
230619,230619,230626,7,0
230619,230619,230626,7,0
230619,230619,230626,7,0
230619,230624,230625,1,5
230619,230625,230626,1,6
230619,230619,230626,7,0
230619,230619,230626,7,0
230619,230625,230626,1,6
230619,230619,230627,8,0
230619,230623,230627,4,4
230619,230624,230627,3,5
230619,230624,230627,3,5
230619,230619,230627,8,0
230619,230619,230627,8,0
230619,230626,230627,1,7
230619,230619,230627,8,0
230619,230625,230628,3,6
230619,230624,230628,4,5
230619,230624,230628,4,5
230619,230625,230628,3,6
230619,230624,230628,4,5
230619,230625,230628,3,6
230619,230619,230628,9,0
230619,230619,230629,10,0
230619,230619,230629,10,0
230619,230619,230629,10,0
230619,230624,230629,5,5
230619,230619,230629,10,0
230619,230619,230629,10,0
230619,230619,230629,10,0
230619,230619,230630,11,0
230619,230619,230630,11,0
230619,230619,230630,11,0
230619,230619,230630,11,0
230619,230619,230632,13,0
230643,230643,230644,1,0
230643,230643,230644,1,0
230643,230643,230644,1,0
230643,230643,230644,1,0
230643,230643,230644,1,0
230643,230643,230645,2,0
230643,230643,230647,4,0
230643,230645,230647,2,2
230643,230644,230646,2,1
230643,230643,230647,4,0
230643,230644,230646,2,1
230643,230644,230647,3,1
230643,230643,230647,4,0
230643,230643,230647,4,0
230643,230643,230648,5,0
230643,230645,230647,2,2
230643,230643,230648,5,0
230643,230646,230648,2,3
230643,230643,230648,5,0
230643,230643,230649,6,0
230643,230643,230648,5,0
230643,230643,230648,5,0
230643,230643,230649,6,0
230643,230643,230649,6,0
230643,230647,230648,1,4
230643,230643,230649,6,0
230643,230647,230648,1,4
230643,230643,230649,6,0
230643,230647,230649,2,4
230643,230647,230649,2,4
230643,230643,230649,6,0
230643,230643,230649,6,0
230643,230647,230649,2,4
230643,230643,230649,6,0
230643,230643,230649,6,0
230643,230643,230650,7,0
230643,230648,230650,2,5
230643,230649,230650,1,6
230643,230643,230650,7,0
230643,230649,230650,1,6
230643,230649,230650,1,6
230643,230648,230650,2,5
230643,230649,230650,1,6
230643,230643,230649,6,0
230643,230649,230650,1,6
230643,230649,230650,1,6
230643,230648,230649,1,5
230643,230649,230650,1,6
230643,230649,230650,1,6
230643,230643,230651,8,0
230643,230643,230650,7,0
230643,230649,230650,1,6
230643,230643,230651,8,0
230643,230649,230651,2,6
230643,230649,230650,1,6
230643,230643,230651,8,0
230643,230647,230651,4,4
230643,230649,230652,3,6
230643,230643,230652,9,0
230643,230649,230651,2,6
230643,230649,230651,2,6
230643,230643,230651,8,0
230643,230643,230651,8,0
230643,230648,230652,4,5
230643,230648,230651,3,5
230643,230643,230652,9,0
230643,230650,230652,2,7
230643,230649,230653,4,6
230643,230643,230653,10,0
230643,230650,230652,2,7
230643,230643,230653,10,0
230643,230643,230652,9,0
230643,230643,230652,9,0
230643,230643,230653,10,0
230643,230648,230654,6,5
230643,230643,230654,11,0
230643,230643,230655,12,0
230643,230643,230655,12,0
230643,230643,230657,14,0
230668,230668,230670,2,0
230668,230668,230669,1,0
230668,230668,230669,1,0
230668,230668,230669,1,0
230668,230668,230669,1,0
230668,230668,230671,3,0
230668,230670,230672,2,2
230668,230670,230672,2,2
230668,230668,230673,5,0
230668,230668,230672,4,0
230668,230668,230673,5,0
230668,230668,230673,5,0
230668,230668,230673,5,0
230668,230670,230672,2,2
230668,230670,230672,2,2
230668,230668,230674,6,0
230668,230668,230674,6,0
230668,230670,230673,3,2
230668,230668,230673,5,0
230668,230668,230674,6,0
230668,230672,230674,2,4
230668,230672,230674,2,4
230668,230672,230674,2,4
230668,230668,230674,6,0
230668,230668,230675,7,0
230668,230673,230675,2,5
230668,230668,230675,7,0
230668,230668,230675,7,0
230668,230673,230675,2,5
230668,230668,230675,7,0
230668,230668,230675,7,0
230668,230668,230675,7,0
230668,230674,230675,1,6
230668,230674,230675,1,6
230668,230668,230676,8,0
230668,230668,230676,8,0
230668,230673,230676,3,5
230668,230668,230676,8,0
230668,230673,230676,3,5
230668,230668,230676,8,0
230668,230668,230675,7,0
230668,230668,230676,8,0
230668,230674,230676,2,6
230668,230674,230676,2,6
230668,230675,230676,1,7
230668,230668,230676,8,0
230668,230674,230676,2,6
230668,230674,230676,2,6
230668,230675,230676,1,7
230668,230674,230675,1,6
230668,230675,230676,1,7
230668,230668,230677,9,0
230668,230668,230676,8,0
230668,230668,230676,8,0
230668,230668,230676,8,0
230668,230668,230677,9,0
230668,230673,230677,4,5
230668,230673,230677,4,5
230668,230675,230677,2,7
230668,230668,230676,8,0
230668,230675,230676,1,7
230668,230675,230676,1,7
230668,230675,230677,2,7
230668,230675,230677,2,7
230668,230675,230677,2,7
230668,230668,230678,10,0
230668,230674,230677,3,6
230668,230668,230678,10,0
230668,230668,230678,10,0
230668,230675,230677,2,7
230668,230676,230678,2,8
230668,230668,230678,10,0
230668,230668,230678,10,0
230668,230673,230678,5,5
230668,230668,230677,9,0
230668,230668,230678,10,0
230668,230668,230678,10,0
230668,230668,230678,10,0
230691,230691,230692,1,0
230691,230691,230692,1,0
230691,230691,230692,1,0
230691,230691,230692,1,0
230691,230691,230692,1,0
230691,230691,230693,2,0
230691,230692,230693,1,1
230691,230693,230695,2,2
230691,230693,230694,1,2
230691,230693,230694,1,2
230691,230693,230694,1,2
230691,230693,230694,1,2
230691,230691,230696,5,0
230691,230691,230695,4,0
230691,230691,230695,4,0
230691,230691,230695,4,0
230691,230691,230696,5,0
230691,230694,230695,1,3
230691,230691,230696,5,0
230691,230695,230696,1,4
230691,230691,230697,6,0
230691,230695,230696,1,4
230691,230695,230697,2,4
230691,230695,230696,1,4
230691,230691,230696,5,0
230691,230695,230697,2,4
230691,230691,230697,6,0
230691,230691,230697,6,0
230691,230691,230697,6,0
230691,230691,230697,6,0
230691,230691,230697,6,0
230691,230691,230697,6,0
230691,230691,230697,6,0
230691,230691,230698,7,0
230691,230691,230697,6,0
230691,230691,230697,6,0
230691,230691,230697,6,0
230691,230691,230698,7,0
230691,230696,230697,1,5
230691,230697,230698,1,6
230691,230691,230697,6,0
230691,230696,230697,1,5
230691,230697,230698,1,6
230691,230691,230698,7,0
230691,230696,230698,2,5
230691,230696,230698,2,5
230691,230697,230698,1,6
230691,230696,230697,1,5
230691,230697,230698,1,6
230691,230697,230698,1,6
230691,230691,230699,8,0
230691,230691,230698,7,0
230691,230691,230698,7,0
230691,230691,230698,7,0
230691,230691,230699,8,0
230691,230691,230698,7,0
230691,230691,230699,8,0
230691,230697,230698,1,6
230691,230698,230699,1,7
230691,230697,230698,1,6
230691,230691,230699,8,0
230691,230691,230700,9,0
230691,230698,230700,2,7
230691,230697,230699,2,6
230691,230696,230699,3,5
230691,230698,230700,2,7
230691,230691,230700,9,0
230691,230691,230700,9,0
230691,230691,230700,9,0
230691,230698,230700,2,7
230691,230698,230700,2,7
230691,230698,230700,2,7
230691,230698,230700,2,7
230691,230698,230700,2,7
230691,230698,230700,2,7
230691,230691,230701,10,0
230691,230691,230702,11,0
230691,230691,230702,11,0
230691,230691,230702,11,0
230714,230714,230715,1,0
230714,230714,230715,1,0
230714,230714,230715,1,0
230714,230714,230715,1,0
230714,230714,230715,1,0
230714,230714,230716,2,0
230714,230715,230717,2,1
230714,230717,230718,1,3
230714,230715,230717,2,1
230714,230715,230717,2,1
230714,230717,230718,1,3
230714,230715,230718,3,1
230714,230714,230719,5,0
230714,230714,230719,5,0
230714,230714,230719,5,0
230714,230716,230718,2,2
230714,230714,230718,4,0
230714,230718,230719,1,4
230714,230718,230719,1,4
230714,230714,230720,6,0
230714,230714,230720,6,0
230714,230714,230720,6,0
230714,230714,230719,5,0
230714,230718,230719,1,4
230714,230714,230720,6,0
230714,230714,230719,5,0
230714,230718,230719,1,4
230714,230719,230720,1,5
230714,230714,230720,6,0
230714,230714,230720,6,0
230714,230714,230720,6,0
230714,230714,230721,7,0
230714,230714,230720,6,0
230714,230714,230720,6,0
230714,230719,230720,1,5
230714,230720,230721,1,6
230714,230714,230720,6,0
230714,230714,230721,7,0
230714,230719,230721,2,5
230714,230719,230720,1,5
230714,230714,230720,6,0
230714,230719,230721,2,5
230714,230719,230720,1,5
230714,230720,230721,1,6
230714,230714,230720,6,0
230714,230714,230720,6,0
230714,230719,230721,2,5
230714,230720,230721,1,6
230714,230719,230721,2,5
230714,230720,230721,1,6
230714,230720,230721,1,6
230714,230714,230721,7,0
230714,230714,230722,8,0
230714,230714,230721,7,0
230714,230714,230721,7,0
230714,230714,230722,8,0
230714,230714,230722,8,0
230714,230720,230722,2,6
230714,230720,230722,2,6
230714,230714,230721,7,0
230714,230720,230721,1,6
230714,230721,230722,1,7
230714,230720,230721,1,6
230714,230714,230723,9,0
230714,230721,230723,2,7
230714,230714,230722,8,0
230714,230714,230722,8,0
230714,230714,230722,8,0
230714,230714,230722,8,0
230714,230714,230723,9,0
230714,230721,230723,2,7
230714,230714,230723,9,0
230714,230714,230723,9,0
230714,230714,230723,9,0
230714,230721,230723,2,7
230714,230721,230723,2,7
230714,230721,230723,2,7
230714,230721,230723,2,7
230714,230714,230724,10,0
230735,230735,230736,1,0
230735,230735,230736,1,0
230735,230735,230736,1,0
230735,230735,230736,1,0
230735,230735,230736,1,0
230735,230735,230737,2,0
230735,230736,230738,2,1
230735,230737,230739,2,2
230735,230737,230739,2,2
230735,230738,230739,1,3
230735,230735,230740,5,0
230735,230735,230740,5,0
230735,230737,230740,3,2
230735,230735,230740,5,0
230735,230737,230740,3,2
230735,230735,230740,5,0
230735,230735,230740,5,0
230735,230737,230739,2,2
230735,230735,230741,6,0
230735,230735,230741,6,0
230735,230735,230740,5,0
230735,230735,230741,6,0
230735,230735,230741,6,0
230735,230739,230741,2,4
230735,230735,230741,6,0
230735,230735,230741,6,0
230735,230739,230741,2,4
230735,230735,230741,6,0
230735,230735,230741,6,0
230735,230739,230741,2,4
230735,230735,230742,7,0
230735,230735,230742,7,0
230735,230735,230742,7,0
230735,230735,230742,7,0
230735,230735,230742,7,0
230735,230735,230742,7,0
230735,230735,230742,7,0
230735,230735,230742,7,0
230735,230735,230742,7,0
230735,230741,230742,1,6
230735,230735,230742,7,0
230735,230740,230742,2,5
230735,230740,230742,2,5
230735,230741,230742,1,6
230735,230735,230741,6,0
230735,230740,230742,2,5
230735,230741,230742,1,6
230735,230740,230742,2,5
230735,230740,230742,2,5
230735,230740,230742,2,5
230735,230741,230742,1,6
230735,230740,230742,2,5
230735,230740,230742,2,5
230735,230741,230742,1,6
230735,230735,230743,8,0
230735,230741,230743,2,6
230735,230735,230743,8,0
230735,230735,230743,8,0
230735,230741,230742,1,6
230735,230741,230742,1,6
230735,230741,230743,2,6
230735,230742,230743,1,7
230735,230735,230744,9,0
230735,230735,230744,9,0
230735,230742,230744,2,7
230735,230741,230743,2,6
230735,230741,230743,2,6
230735,230742,230744,2,7
230735,230742,230745,3,7
230735,230742,230744,2,7
230735,230735,230744,9,0
230735,230735,230745,10,0
230735,230742,230745,3,7
230735,230735,230746,11,0
230735,230735,230747,12,0
230735,230735,230747,12,0
230735,230735,230747,12,0
230735,230735,230748,13,0
230735,230735,230749,14,0
230760,230760,230761,1,0
230760,230760,230762,2,0
230760,230760,230761,1,0
230760,230760,230761,1,0
230760,230760,230762,2,0
230760,230760,230762,2,0
230760,230760,230762,2,0
230760,230761,230763,2,1
230760,230762,230764,2,2
230760,230762,230764,2,2
230760,230762,230764,2,2
230760,230762,230764,2,2
230760,230763,230764,1,3
230760,230760,230765,5,0
230760,230760,230765,5,0
230760,230763,230765,2,3
230760,230763,230765,2,3
230760,230760,230765,5,0
230760,230760,230765,5,0
230760,230760,230766,6,0
230760,230760,230766,6,0
230760,230760,230766,6,0
230760,230760,230766,6,0
230760,230764,230766,2,4
230760,230764,230766,2,4
230760,230760,230766,6,0
230760,230760,230766,6,0
230760,230764,230766,2,4
230760,230764,230766,2,4
230760,230760,230766,6,0
230760,230764,230766,2,4
230760,230760,230767,7,0
230760,230760,230767,7,0
230760,230760,230767,7,0
230760,230765,230767,2,5
230760,230766,230767,1,6
230760,230760,230767,7,0
230760,230765,230767,2,5
230760,230766,230767,1,6
230760,230765,230767,2,5
230760,230766,230767,1,6
230760,230765,230767,2,5
230760,230766,230767,1,6
230760,230767,230768,1,7
230760,230767,230768,1,7
230760,230760,230768,8,0
230760,230760,230767,7,0
230760,230760,230768,8,0
230760,230760,230768,8,0
230760,230760,230768,8,0
230760,230760,230768,8,0
230760,230760,230768,8,0
230760,230760,230768,8,0
230760,230760,230768,8,0
230760,230767,230768,1,7
230760,230767,230768,1,7
230760,230767,230768,1,7
230760,230767,230768,1,7
230760,230767,230768,1,7
230760,230760,230768,8,0
230760,230760,230769,9,0
230760,230766,230768,2,6
230760,230760,230769,9,0
230760,230760,230769,9,0
230760,230767,230769,2,7
230760,230766,230769,3,6
230760,230760,230770,10,0
230760,230760,230770,10,0
230760,230767,230770,3,7
230760,230760,230772,12,0
230760,230760,230772,12,0
230760,230760,230771,11,0
230760,230760,230772,12,0
230760,230760,230772,12,0
230760,230760,230772,12,0
230760,230760,230773,13,0
230785,230785,230786,1,0
230785,230785,230786,1,0
230785,230785,230786,1,0
230785,230785,230786,1,0
230785,230785,230786,1,0
230785,230786,230787,1,1
230785,230786,230788,2,1
230785,230786,230788,2,1
230785,230786,230787,1,1
230785,230785,230788,3,0
230785,230787,230788,1,2
230785,230785,230789,4,0
230785,230785,230789,4,0
230785,230785,230790,5,0
230785,230785,230789,4,0
230785,230785,230789,4,0
230785,230788,230789,1,3
230785,230785,230790,5,0
230785,230788,230789,1,3
230785,230785,230791,6,0
230785,230785,230791,6,0
230785,230785,230790,5,0
230785,230785,230791,6,0
230785,230785,230791,6,0
230785,230785,230791,6,0
230785,230789,230791,2,4
230785,230788,230790,2,3
230785,230785,230791,6,0
230785,230790,230791,1,5
230785,230785,230790,5,0
230785,230785,230791,6,0
230785,230785,230791,6,0
230785,230785,230791,6,0
230785,230785,230791,6,0
230785,230785,230791,6,0
230785,230785,230791,6,0
230785,230785,230792,7,0
230785,230790,230792,2,5
230785,230790,230791,1,5
230785,230790,230791,1,5
230785,230790,230791,1,5
230785,230791,230792,1,6
230785,230785,230791,6,0
230785,230790,230792,2,5
230785,230790,230792,2,5
230785,230785,230791,6,0
230785,230788,230791,3,3
230785,230791,230792,1,6
230785,230791,230792,1,6
230785,230785,230792,7,0
230785,230785,230792,7,0
230785,230785,230792,7,0
230785,230791,230793,2,6
230785,230785,230793,8,0
230785,230789,230792,3,4
230785,230791,230793,2,6
230785,230785,230792,7,0
230785,230791,230792,1,6
230785,230791,230792,1,6
230785,230785,230792,7,0
230785,230791,230792,1,6
230785,230791,230793,2,6
230785,230785,230794,9,0
230785,230785,230793,8,0
230785,230785,230793,8,0
230785,230790,230793,3,5
230785,230792,230794,2,7
230785,230785,230793,8,0
230785,230791,230793,2,6
230785,230792,230794,2,7
230785,230785,230793,8,0
230785,230792,230793,1,7
230785,230791,230794,3,6
230785,230792,230794,2,7
230785,230785,230795,10,0
230785,230785,230794,9,0
230785,230792,230794,2,7
230785,230785,230795,10,0
230785,230785,230798,13,0
230810,230810,230811,1,0
230810,230810,230811,1,0
230810,230810,230811,1,0
230810,230810,230811,1,0
230810,230810,230811,1,0
230810,230810,230813,3,0
230810,230811,230813,2,1
230810,230811,230812,1,1
230810,230810,230814,4,0
230810,230812,230813,1,2
230810,230812,230814,2,2
230810,230810,230814,4,0
230810,230810,230814,4,0
230810,230810,230814,4,0
230810,230812,230814,2,2
230810,230810,230814,4,0
230810,230810,230814,4,0
230810,230813,230814,1,3
230810,230810,230815,5,0
230810,230810,230815,5,0
230810,230813,230815,2,3
230810,230810,230815,5,0
230810,230810,230815,5,0
230810,230810,230816,6,0
230810,230810,230815,5,0
230810,230810,230816,6,0
230810,230810,230815,5,0
230810,230810,230816,6,0
230810,230810,230815,5,0
230810,230814,230816,2,4
230810,230810,230815,5,0
230810,230810,230815,5,0
230810,230814,230816,2,4
230810,230815,230816,1,5
230810,230814,230816,2,4
230810,230815,230816,1,5
230810,230810,230816,6,0
230810,230810,230817,7,0
230810,230810,230817,7,0
230810,230810,230817,7,0
230810,230810,230816,6,0
230810,230810,230817,7,0
230810,230810,230817,7,0
230810,230810,230816,6,0
230810,230815,230816,1,5
230810,230815,230816,1,5
230810,230815,230816,1,5
230810,230816,230817,1,6
230810,230810,230816,6,0
230810,230815,230816,1,5
230810,230816,230817,1,6
230810,230816,230817,1,6
230810,230816,230817,1,6
230810,230816,230817,1,6
230810,230810,230817,7,0
230810,230815,230816,1,5
230810,230816,230817,1,6
230810,230810,230817,7,0
230810,230810,230818,8,0
230810,230816,230818,2,6
230810,230816,230818,2,6
230810,230814,230817,3,4
230810,230813,230817,4,3
230810,230816,230817,1,6
230810,230816,230817,1,6
230810,230810,230817,7,0
230810,230815,230818,3,5
230810,230816,230818,2,6
230810,230816,230818,2,6
230810,230816,230818,2,6
230810,230815,230818,3,5
230810,230810,230819,9,0
230810,230810,230818,8,0
230810,230816,230818,2,6
230810,230810,230818,8,0
230810,230810,230820,10,0
230810,230810,230819,9,0
230810,230810,230819,9,0
230810,230810,230822,12,0
230833,230833,230834,1,0
230833,230833,230834,1,0
230833,230833,230835,2,0
230833,230833,230834,1,0
230833,230833,230834,1,0
230833,230834,230836,2,1
230833,230833,230837,4,0
230833,230833,230837,4,0
230833,230835,230837,2,2
230833,230834,230836,2,1
230833,230833,230836,3,0
230833,230835,230837,2,2
230833,230833,230837,4,0
230833,230835,230837,2,2
230833,230833,230838,5,0
230833,230833,230838,5,0
230833,230833,230838,5,0
230833,230833,230837,4,0
230833,230837,230838,1,4
230833,230833,230838,5,0
230833,230833,230838,5,0
230833,230833,230838,5,0
230833,230833,230838,5,0
230833,230833,230838,5,0
230833,230833,230838,5,0
230833,230833,230839,6,0
230833,230833,230839,6,0
230833,230833,230838,5,0
230833,230833,230838,5,0
230833,230836,230839,3,3
230833,230838,230839,1,5
230833,230838,230839,1,5
230833,230833,230839,6,0
230833,230833,230839,6,0
230833,230837,230839,2,4
230833,230838,230839,1,5
230833,230838,230839,1,5
230833,230837,230839,2,4
230833,230837,230839,2,4
230833,230838,230839,1,5
230833,230838,230839,1,5
230833,230833,230840,7,0
230833,230833,230840,7,0
230833,230833,230840,7,0
230833,230837,230839,2,4
230833,230839,230840,1,6
230833,230838,230840,2,5
230833,230839,230840,1,6
230833,230833,230840,7,0
230833,230839,230840,1,6
230833,230839,230840,1,6
230833,230833,230840,7,0
230833,230833,230841,8,0
230833,230838,230841,3,5
230833,230833,230841,8,0
230833,230838,230841,3,5
230833,230839,230841,2,6
230833,230833,230841,8,0
230833,230837,230841,4,4
230833,230833,230841,8,0
230833,230839,230841,2,6
230833,230839,230841,2,6
230833,230833,230842,9,0
230833,230839,230841,2,6
230833,230839,230841,2,6
230833,230833,230842,9,0
230833,230833,230842,9,0
230833,230837,230842,5,4
230833,230838,230842,4,5
230833,230839,230842,3,6
230833,230837,230842,5,4
230833,230839,230841,2,6
230833,230833,230842,9,0
230833,230833,230842,9,0
230833,230833,230842,9,0
230833,230833,230843,10,0
230833,230833,230843,10,0
230833,230833,230844,11,0
230833,230833,230844,11,0
230855,230856,230857,1,1
230855,230856,230857,1,1
230855,230856,230857,1,1
230855,230856,230857,1,1
230855,230856,230858,2,1
230855,230858,230859,1,3
230855,230858,230859,1,3
230855,230858,230859,1,3
230855,230858,230860,2,3
230855,230856,230861,5,1
230855,230856,230860,4,1
230855,230856,230860,4,1
230855,230856,230860,4,1
230855,230856,230860,4,1
230855,230856,230860,4,1
230855,230860,230861,1,5
230855,230856,230862,6,1
230855,230856,230861,5,1
230855,230856,230862,6,1
230855,230856,230861,5,1
230855,230856,230862,6,1
230855,230859,230861,2,4
230855,230856,230861,5,1
230855,230856,230861,5,1
230855,230860,230861,1,5
230855,230856,230861,5,1
230855,230860,230861,1,5
230855,230861,230862,1,6
230855,230856,230862,6,1
230855,230856,230862,6,1
230855,230856,230862,6,1
230855,230856,230862,6,1
230855,230856,230862,6,1
230855,230856,230862,6,1
230855,230856,230862,6,1
230855,230860,230862,2,5
230855,230862,230863,1,7
230855,230861,230863,2,6
230855,230862,230863,1,7
230855,230856,230862,6,1
230855,230861,230862,1,6
230855,230861,230862,1,6
230855,230861,230862,1,6
230855,230862,230863,1,7
230855,230862,230863,1,7
230855,230856,230863,7,1
230855,230861,230864,3,6
230855,230856,230863,7,1
230855,230856,230864,8,1
230855,230862,230863,1,7
230855,230862,230863,1,7
230855,230862,230863,1,7
230855,230862,230863,1,7
230855,230863,230864,1,8
230855,230862,230863,1,7
230855,230861,230863,2,6
230855,230856,230865,9,1
230855,230863,230865,2,8
230855,230856,230864,8,1
230855,230862,230864,2,7
230855,230856,230864,8,1
230855,230856,230864,8,1
230855,230862,230864,2,7
230855,230862,230864,2,7
230855,230863,230865,2,8
230855,230856,230865,9,1
230855,230856,230864,8,1
230855,230856,230865,9,1
230855,230856,230865,9,1
230855,230863,230865,2,8
230855,230856,230865,9,1
230855,230856,230865,9,1
230855,230863,230865,2,8
230855,230863,230865,2,8
230855,230863,230865,2,8
230855,230856,230865,9,1
230855,230856,230866,10,1
230855,230856,230867,11,1
230855,230856,230868,12,1
230879,230880,230881,1,1
230879,230880,230881,1,1
230879,230880,230881,1,1
230879,230880,230881,1,1
230879,230880,230881,1,1
230879,230882,230883,1,3
230879,230881,230882,1,2
230879,230882,230883,1,3
230879,230882,230884,2,3
230879,230882,230883,1,3
230879,230883,230884,1,4
230879,230880,230884,4,1
230879,230880,230885,5,1
230879,230880,230884,4,1
230879,230880,230885,5,1
230879,230883,230884,1,4
230879,230880,230884,4,1
230879,230884,230885,1,5
230879,230880,230885,5,1
230879,230884,230885,1,5
230879,230880,230884,4,1
230879,230884,230885,1,5
230879,230880,230885,5,1
230879,230880,230885,5,1
230879,230880,230886,6,1
230879,230880,230885,5,1
230879,230880,230885,5,1
230879,230880,230886,6,1
230879,230880,230885,5,1
230879,230880,230885,5,1
230879,230880,230885,5,1
230879,230884,230885,1,5
230879,230880,230886,6,1
230879,230880,230885,5,1
230879,230880,230885,5,1
230879,230885,230886,1,6
230879,230880,230885,5,1
230879,230885,230886,1,6
230879,230885,230886,1,6
230879,230880,230887,7,1
230879,230880,230887,7,1
230879,230880,230887,7,1
230879,230880,230886,6,1
230879,230880,230886,6,1
230879,230880,230886,6,1
230879,230880,230886,6,1
230879,230880,230886,6,1
230879,230880,230886,6,1
230879,230880,230886,6,1
230879,230880,230886,6,1
230879,230885,230886,1,6
230879,230885,230886,1,6
230879,230885,230886,1,6
230879,230885,230886,1,6
230879,230886,230887,1,7
230879,230880,230886,6,1
230879,230886,230887,1,7
230879,230886,230887,1,7
230879,230886,230887,1,7
230879,230885,230886,1,6
230879,230886,230887,1,7
230879,230885,230886,1,6
230879,230886,230887,1,7
230879,230880,230887,7,1
230879,230880,230887,7,1
230879,230886,230888,2,7
230879,230885,230887,2,6
230879,230885,230887,2,6
230879,230886,230888,2,7
230879,230886,230888,2,7
230879,230886,230888,2,7
230879,230886,230888,2,7
230879,230880,230888,8,1
230879,230886,230888,2,7
230879,230886,230889,3,7
230879,230880,230889,9,1
230879,230880,230889,9,1
230879,230880,230889,9,1
230879,230880,230891,11,1
230903,230903,230904,1,0
230903,230903,230904,1,0
230903,230903,230904,1,0
230903,230903,230904,1,0
230903,230903,230904,1,0
230903,230903,230906,3,0
230903,230904,230906,2,1
230903,230904,230906,2,1
230903,230904,230906,2,1
230903,230904,230906,2,1
230903,230903,230907,4,0
230903,230904,230906,2,1
230903,230903,230907,4,0
230903,230906,230907,1,3
230903,230906,230907,1,3
230903,230903,230908,5,0
230903,230903,230908,5,0
230903,230903,230908,5,0
230903,230903,230908,5,0
230903,230907,230908,1,4
230903,230903,230908,5,0
230903,230906,230907,1,3
230903,230903,230908,5,0
230903,230903,230909,6,0
230903,230903,230909,6,0
230903,230907,230908,1,4
230903,230903,230909,6,0
230903,230906,230909,3,3
230903,230908,230909,1,5
230903,230903,230909,6,0
230903,230903,230909,6,0
230903,230907,230909,2,4
230903,230903,230909,6,0
230903,230903,230909,6,0
230903,230903,230909,6,0
230903,230907,230909,2,4
230903,230909,230910,1,6
230903,230909,230910,1,6
230903,230909,230910,1,6
230903,230903,230910,7,0
230903,230903,230910,7,0
230903,230903,230909,6,0
230903,230903,230910,7,0
230903,230903,230910,7,0
230903,230907,230910,3,4
230903,230903,230910,7,0
230903,230903,230910,7,0
230903,230907,230910,3,4
230903,230903,230910,7,0
230903,230903,230910,7,0
230903,230909,230910,1,6
230903,230903,230910,7,0
230903,230908,230910,2,5
230903,230908,230910,2,5
230903,230910,230911,1,7
230903,230910,230911,1,7
230903,230903,230910,7,0
230903,230903,230910,7,0
230903,230903,230911,8,0
230903,230903,230911,8,0
230903,230908,230911,3,5
230903,230903,230911,8,0
230903,230908,230911,3,5
230903,230908,230911,3,5
230903,230908,230911,3,5
230903,230903,230911,8,0
230903,230909,230911,2,6
230903,230910,230911,1,7
230903,230910,230911,1,7
230903,230903,230911,8,0
230903,230910,230911,1,7
230903,230903,230911,8,0
230903,230909,230911,2,6
230903,230903,230913,10,0
230903,230903,230913,10,0
230903,230903,230913,10,0
230903,230903,230914,11,0
230925,230925,230926,1,0
230925,230925,230926,1,0
230925,230925,230927,2,0
230925,230925,230926,1,0
230925,230925,230926,1,0
230925,230925,230928,3,0
230925,230926,230928,2,1
230925,230926,230928,2,1
230925,230927,230928,1,2
230925,230925,230929,4,0
230925,230925,230929,4,0
230925,230925,230929,4,0
230925,230925,230929,4,0
230925,230925,230929,4,0
230925,230927,230929,2,2
230925,230928,230929,1,3
230925,230928,230929,1,3
230925,230925,230930,5,0
230925,230925,230930,5,0
230925,230927,230930,3,2
230925,230925,230930,5,0
230925,230928,230929,1,3
230925,230929,230930,1,4
230925,230925,230929,4,0
230925,230929,230930,1,4
230925,230929,230930,1,4
230925,230925,230931,6,0
230925,230925,230931,6,0
230925,230925,230931,6,0
230925,230928,230931,3,3
230925,230925,230931,6,0
230925,230925,230931,6,0
230925,230929,230931,2,4
230925,230925,230931,6,0
230925,230925,230931,6,0
230925,230925,230931,6,0
230925,230930,230931,1,5
230925,230930,230931,1,5
230925,230930,230931,1,5
230925,230925,230930,5,0
230925,230925,230931,6,0
230925,230930,230931,1,5
230925,230930,230931,1,5
230925,230925,230931,6,0
230925,230925,230931,6,0
230925,230925,230932,7,0
230925,230925,230932,7,0
230925,230930,230931,1,5
230925,230925,230932,7,0
230925,230925,230932,7,0
230925,230929,230932,3,4
230925,230929,230931,2,4
230925,230929,230932,3,4
230925,230925,230931,6,0
230925,230925,230932,7,0
230925,230929,230931,2,4
230925,230925,230932,7,0
230925,230925,230932,7,0
230925,230925,230932,7,0
230925,230925,230931,6,0
230925,230931,230932,1,6
230925,230931,230932,1,6
230925,230925,230933,8,0
230925,230931,230933,2,6
230925,230925,230933,8,0
230925,230930,230933,3,5
230925,230930,230933,3,5
230925,230931,230933,2,6
230925,230925,230932,7,0
230925,230931,230933,2,6
230925,230925,230933,8,0
230925,230930,230933,3,5
230925,230931,230934,3,6
230925,230931,230934,3,6
230925,230931,230934,3,6
230925,230931,230933,2,6
230925,230925,230934,9,0
230925,230925,230935,10,0
230925,230925,230936,11,0
230947,230947,230948,1,0
230947,230947,230948,1,0
230947,230947,230948,1,0
230947,230947,230948,1,0
230947,230947,230948,1,0
230947,230947,230949,2,0
230947,230947,230950,3,0
230947,230948,230950,2,1
230947,230948,230950,2,1
230947,230948,230950,2,1
230947,230947,230950,3,0
230947,230947,230951,4,0
230947,230948,230950,2,1
230947,230949,230951,2,2
230947,230947,230951,4,0
230947,230950,230951,1,3
230947,230950,230951,1,3
230947,230947,230951,4,0
230947,230947,230951,4,0
230947,230947,230952,5,0
230947,230947,230952,5,0
230947,230951,230952,1,4
230947,230947,230951,4,0
230947,230950,230952,2,3
230947,230947,230951,4,0
230947,230947,230952,5,0
230947,230947,230953,6,0
230947,230947,230953,6,0
230947,230947,230952,5,0
230947,230947,230953,6,0
230947,230951,230952,1,4
230947,230947,230952,5,0
230947,230947,230952,5,0
230947,230947,230952,5,0
230947,230950,230953,3,3
230947,230947,230953,6,0
230947,230951,230952,1,4
230947,230947,230953,6,0
230947,230947,230953,6,0
230947,230947,230953,6,0
230947,230947,230953,6,0
230947,230951,230952,1,4
230947,230947,230953,6,0
230947,230947,230954,7,0
230947,230951,230954,3,4
230947,230947,230953,6,0
230947,230951,230954,3,4
230947,230947,230953,6,0
230947,230953,230954,1,6
230947,230953,230954,1,6
230947,230947,230954,7,0
230947,230952,230953,1,5
230947,230947,230953,6,0
230947,230952,230953,1,5
230947,230947,230953,6,0
230947,230952,230953,1,5
230947,230952,230953,1,5
230947,230947,230955,8,0
230947,230952,230955,3,5
230947,230951,230954,3,4
230947,230952,230955,3,5
230947,230953,230955,2,6
230947,230953,230954,1,6
230947,230953,230954,1,6
230947,230947,230955,8,0
230947,230952,230955,3,5
230947,230953,230956,3,6
230947,230953,230956,3,6
230947,230953,230956,3,6
230947,230953,230955,2,6
230947,230947,230956,9,0
230947,230950,230955,5,3
230947,230952,230955,3,5
230947,230953,230955,2,6
230947,230947,230955,8,0
230947,230947,230955,8,0
230947,230947,230957,10,0
230947,230947,230958,11,0
230947,230947,230959,12,0
230971,230971,230972,1,0
230971,230971,230972,1,0
230971,230971,230973,2,0
230971,230971,230973,2,0
230971,230971,230973,2,0
230971,230972,230974,2,1
230971,230971,230974,3,0
230971,230972,230974,2,1
230971,230971,230975,4,0
230971,230971,230975,4,0
230971,230973,230975,2,2
230971,230973,230975,2,2
230971,230973,230975,2,2
230971,230971,230976,5,0
230971,230971,230976,5,0
230971,230971,230976,5,0
230971,230971,230976,5,0
230971,230974,230976,2,3
230971,230971,230976,5,0
230971,230971,230976,5,0
230971,230975,230976,1,4
230971,230974,230976,2,3
230971,230971,230977,6,0
230971,230971,230977,6,0
230971,230971,230977,6,0
230971,230971,230977,6,0
230971,230971,230977,6,0
230971,230976,230977,1,5
230971,230971,230977,6,0
230971,230976,230977,1,5
230971,230971,230977,6,0
230971,230976,230977,1,5
230971,230971,230977,6,0
230971,230971,230978,7,0
230971,230971,230978,7,0
230971,230971,230978,7,0
230971,230971,230978,7,0
230971,230971,230978,7,0
230971,230977,230978,1,6
230971,230971,230978,7,0
230971,230971,230978,7,0
230971,230977,230978,1,6
230971,230971,230978,7,0
230971,230977,230978,1,6
230971,230977,230978,1,6
230971,230971,230978,7,0
230971,230977,230978,1,6
230971,230978,230979,1,7
230971,230971,230979,8,0
230971,230971,230979,8,0
230971,230971,230979,8,0
230971,230971,230979,8,0
230971,230971,230979,8,0
230971,230971,230979,8,0
230971,230975,230979,4,4
230971,230977,230979,2,6
230971,230976,230979,3,5
230971,230977,230979,2,6
230971,230971,230979,8,0
230971,230975,230979,4,4
230971,230978,230979,1,7
230971,230978,230979,1,7
230971,230978,230979,1,7
230971,230978,230979,1,7
230971,230978,230979,1,7
230971,230978,230979,1,7
230971,230978,230979,1,7
230971,230977,230980,3,6
230971,230971,230980,9,0
230971,230971,230980,9,0
230971,230979,230980,1,8
230971,230978,230980,2,7
230971,230979,230980,1,8
230971,230971,230980,9,0
230971,230971,230981,10,0
230971,230976,230981,5,5
230971,230978,230983,5,7
230971,230971,230985,14,0
230971,230971,230985,14,0
230997,230997,230998,1,0
230997,230997,230999,2,0
230997,230997,230999,2,0
230997,230997,230999,2,0
230997,230997,230999,2,0
230997,230999,231000,1,2
230997,230999,231000,1,2
230997,230997,231000,3,0
230997,230999,231001,2,2
230997,231000,231001,1,3
230997,230998,231001,3,1
230997,231000,231001,1,3
230997,230998,231002,4,1
230997,230998,231002,4,1
230997,230998,231002,4,1
230997,230998,231002,4,1
230997,230998,231002,4,1
230997,230998,231002,4,1
230997,230998,231002,4,1
230997,230998,231002,4,1
230997,231001,231002,1,4
230997,230998,231002,4,1
230997,231001,231002,1,4
230997,230998,231003,5,1
230997,230998,231003,5,1
230997,231001,231002,1,4
230997,230998,231003,5,1
230997,230998,231003,5,1
230997,230998,231003,5,1
230997,231002,231003,1,5
230997,230998,231003,5,1
230997,230998,231003,5,1
230997,231002,231004,2,5
230997,230998,231003,5,1
230997,231002,231004,2,5
230997,231002,231003,1,5
230997,230998,231004,6,1
230997,230998,231004,6,1
230997,230998,231004,6,1
230997,230998,231004,6,1
230997,230998,231004,6,1
230997,230998,231005,7,1
230997,231003,231004,1,6
230997,231003,231004,1,6
230997,230998,231004,6,1
230997,231003,231004,1,6
230997,231003,231004,1,6
230997,231004,231005,1,7
230997,231003,231004,1,6
230997,231003,231004,1,6
230997,231003,231004,1,6
230997,231003,231004,1,6
230997,231003,231004,1,6
230997,231004,231005,1,7
230997,231003,231004,1,6
230997,231003,231004,1,6
230997,231004,231005,1,7
230997,231004,231005,1,7
230997,231004,231006,2,7
230997,230998,231005,7,1
230997,230998,231005,7,1
230997,231003,231005,2,6
230997,230998,231005,7,1
230997,231003,231005,2,6
230997,230998,231006,8,1
230997,231003,231005,2,6
230997,230998,231005,7,1
230997,231004,231005,1,7
230997,231004,231005,1,7
230997,230998,231006,8,1
230997,231004,231006,2,7
230997,231004,231006,2,7
230997,230998,231007,9,1
230997,230998,231008,10,1
230997,230998,231008,10,1
230997,230998,231010,12,1
230997,230998,231010,12,1
230997,230998,231010,12,1
230997,230998,231010,12,1
231022,231022,231023,1,0
231022,231022,231023,1,0
231022,231022,231023,1,0
231022,231022,231023,1,0
231022,231022,231023,1,0
231022,231022,231025,3,0
231022,231023,231025,2,1
231022,231022,231025,3,0
231022,231023,231025,2,1
231022,231023,231025,2,1
231022,231023,231025,2,1
231022,231022,231026,4,0
231022,231022,231026,4,0
231022,231022,231026,4,0
231022,231022,231026,4,0
231022,231023,231025,2,1
231022,231022,231025,3,0
231022,231025,231026,1,3
231022,231022,231026,4,0
231022,231022,231026,4,0
231022,231022,231026,4,0
231022,231022,231025,3,0
231022,231022,231026,4,0
231022,231022,231027,5,0
231022,231022,231027,5,0
231022,231022,231027,5,0
231022,231022,231027,5,0
231022,231025,231027,2,3
231022,231022,231027,5,0
231022,231025,231027,2,3
231022,231022,231026,4,0
231022,231025,231026,1,3
231022,231022,231027,5,0
231022,231025,231027,2,3
231022,231022,231027,5,0
231022,231022,231028,6,0
231022,231022,231027,5,0
231022,231022,231028,6,0
231022,231022,231028,6,0
231022,231022,231027,5,0
231022,231022,231028,6,0
231022,231022,231028,6,0
231022,231026,231027,1,4
231022,231026,231027,1,4
231022,231026,231028,2,4
231022,231026,231028,2,4
231022,231025,231027,2,3
231022,231026,231027,1,4
231022,231022,231028,6,0
231022,231026,231027,1,4
231022,231026,231027,1,4
231022,231026,231027,1,4
231022,231027,231028,1,5
231022,231022,231028,6,0
231022,231022,231028,6,0
231022,231022,231028,6,0
231022,231022,231028,6,0
231022,231022,231028,6,0
231022,231022,231029,7,0
231022,231026,231029,3,4
231022,231026,231029,3,4
231022,231027,231028,1,5
231022,231022,231029,7,0
231022,231027,231028,1,5
231022,231022,231028,6,0
231022,231027,231028,1,5
231022,231027,231028,1,5
231022,231027,231028,1,5
231022,231027,231028,1,5
231022,231026,231029,3,4
231022,231027,231030,3,5
231022,231022,231029,7,0
231022,231028,231030,2,6
231022,231027,231030,3,5
231022,231027,231030,3,5
231022,231027,231030,3,5
231022,231022,231030,8,0
231022,231027,231030,3,5
231022,231022,231031,9,0
231043,231043,231044,1,0
231043,231043,231044,1,0
231043,231043,231044,1,0
231043,231043,231044,1,0
231043,231043,231044,1,0
231043,231044,231046,2,1
231043,231044,231046,2,1
231043,231043,231046,3,0
231043,231044,231046,2,1
231043,231045,231046,1,2
231043,231043,231047,4,0
231043,231043,231047,4,0
231043,231045,231047,2,2
231043,231043,231047,4,0
231043,231043,231048,5,0
231043,231043,231048,5,0
231043,231043,231048,5,0
231043,231043,231048,5,0
231043,231043,231048,5,0
231043,231043,231048,5,0
231043,231043,231048,5,0
231043,231043,231048,5,0
231043,231047,231048,1,4
231043,231047,231048,1,4
231043,231047,231048,1,4
231043,231043,231048,5,0
231043,231043,231048,5,0
231043,231047,231048,1,4
231043,231048,231049,1,5
231043,231043,231049,6,0
231043,231043,231048,5,0
231043,231043,231049,6,0
231043,231043,231049,6,0
231043,231047,231049,2,4
231043,231043,231049,6,0
231043,231043,231049,6,0
231043,231048,231049,1,5
231043,231043,231049,6,0
231043,231048,231049,1,5
231043,231043,231049,6,0
231043,231043,231049,6,0
231043,231049,231050,1,6
231043,231043,231050,7,0
231043,231043,231050,7,0
231043,231043,231050,7,0
231043,231043,231051,8,0
231043,231043,231050,7,0
231043,231048,231050,2,5
231043,231043,231050,7,0
231043,231049,231050,1,6
231043,231049,231050,1,6
231043,231043,231050,7,0
231043,231049,231050,1,6
231043,231049,231050,1,6
231043,231050,231051,1,7
231043,231049,231050,1,6
231043,231049,231050,1,6
231043,231049,231050,1,6
231043,231049,231050,1,6
231043,231049,231050,1,6
231043,231043,231051,8,0
231043,231043,231051,8,0
231043,231043,231051,8,0
231043,231050,231052,2,7
231043,231043,231051,8,0
231043,231049,231051,2,6
231043,231049,231051,2,6
231043,231049,231051,2,6
231043,231049,231051,2,6
231043,231049,231051,2,6
231043,231050,231051,1,7
231043,231050,231051,1,7
231043,231043,231051,8,0
231043,231043,231052,9,0
231043,231043,231052,9,0
231043,231050,231052,2,7
231043,231050,231052,2,7
231043,231043,231054,11,0
231043,231043,231055,12,0
231066,231066,231067,1,0
231066,231066,231067,1,0
231066,231066,231068,2,0
231066,231066,231067,1,0
231066,231066,231067,1,0
231066,231067,231069,2,1
231066,231066,231069,3,0
231066,231067,231069,2,1
231066,231066,231070,4,0
231066,231066,231070,4,0
231066,231066,231070,4,0
231066,231068,231070,2,2
231066,231066,231070,4,0
231066,231068,231070,2,2
231066,231066,231070,4,0
231066,231066,231070,4,0
231066,231068,231070,2,2
231066,231066,231071,5,0
231066,231066,231071,5,0
231066,231066,231071,5,0
231066,231066,231071,5,0
231066,231070,231071,1,4
231066,231066,231071,5,0
231066,231069,231071,2,3
231066,231066,231071,5,0
231066,231066,231071,5,0
231066,231066,231071,5,0
231066,231069,231071,2,3
231066,231069,231071,2,3
231066,231066,231072,6,0
231066,231066,231072,6,0
231066,231066,231072,6,0
231066,231066,231072,6,0
231066,231066,231071,5,0
231066,231070,231072,2,4
231066,231066,231072,6,0
231066,231070,231072,2,4
231066,231070,231072,2,4
231066,231071,231072,1,5
231066,231066,231072,6,0
231066,231072,231073,1,6
231066,231066,231073,7,0
231066,231066,231072,6,0
231066,231070,231073,3,4
231066,231066,231073,7,0
231066,231071,231073,2,5
231066,231070,231073,3,4
231066,231066,231073,7,0
231066,231073,231074,1,7
231066,231066,231073,7,0
231066,231072,231073,1,6
231066,231072,231073,1,6
231066,231072,231073,1,6
231066,231072,231073,1,6
231066,231072,231073,1,6
231066,231066,231074,8,0
231066,231066,231074,8,0
231066,231066,231074,8,0
231066,231072,231074,2,6
231066,231066,231074,8,0
231066,231071,231074,3,5
231066,231071,231074,3,5
231066,231071,231074,3,5
231066,231066,231075,9,0
231066,231066,231075,9,0
231066,231066,231075,9,0
231066,231066,231075,9,0
231066,231072,231075,3,6
231066,231066,231075,9,0
231066,231072,231075,3,6
231066,231066,231075,9,0
231066,231066,231076,10,0
231066,231066,231077,11,0
231089,231089,231090,1,0
231089,231089,231090,1,0
231089,231089,231090,1,0
231089,231089,231090,1,0
231089,231089,231091,2,0
231089,231090,231091,1,1
231089,231089,231092,3,0
231089,231090,231092,2,1
231089,231090,231092,2,1
231089,231089,231092,3,0
231089,231089,231093,4,0
231089,231089,231093,4,0
231089,231091,231093,2,2
231089,231089,231093,4,0
231089,231091,231093,2,2
231089,231089,231093,4,0
231089,231089,231093,4,0
231089,231089,231093,4,0
231089,231092,231093,1,3
231089,231089,231094,5,0
231089,231089,231094,5,0
231089,231089,231094,5,0
231089,231089,231094,5,0
231089,231092,231094,2,3
231089,231092,231094,2,3
231089,231092,231094,2,3
231089,231089,231095,6,0
231089,231089,231095,6,0
231089,231089,231095,6,0
231089,231089,231095,6,0
231089,231089,231094,5,0
231089,231089,231095,6,0
231089,231093,231094,1,4
231089,231093,231094,1,4
231089,231089,231094,5,0
231089,231093,231095,2,4
231089,231093,231095,2,4
231089,231089,231095,6,0
231089,231089,231095,6,0
231089,231093,231094,1,4
231089,231094,231095,1,5
231089,231093,231094,1,4
231089,231094,231095,1,5
231089,231094,231095,1,5
231089,231089,231094,5,0
231089,231093,231095,2,4
231089,231093,231094,1,4
231089,231094,231095,1,5
231089,231089,231095,6,0
231089,231089,231096,7,0
231089,231089,231096,7,0
231089,231089,231096,7,0
231089,231089,231096,7,0
231089,231093,231096,3,4
231089,231094,231096,2,5
231089,231094,231095,1,5
231089,231095,231096,1,6
231089,231095,231096,1,6
231089,231089,231096,7,0
231089,231089,231097,8,0
231089,231089,231097,8,0
231089,231089,231097,8,0
231089,231089,231097,8,0
231089,231093,231096,3,4
231089,231095,231097,2,6
231089,231094,231096,2,5
231089,231095,231097,2,6
231089,231089,231096,7,0
231089,231089,231097,8,0
231089,231089,231097,8,0
231089,231095,231097,2,6
231089,231089,231096,7,0
231089,231095,231096,1,6
231089,231095,231096,1,6
231089,231089,231097,8,0
231089,231089,231098,9,0
231089,231095,231097,2,6
231089,231089,231100,11,0
231089,231095,231101,6,6
231113,231113,231114,1,0
231113,231113,231114,1,0
231113,231113,231114,1,0
231113,231113,231114,1,0
231113,231113,231114,1,0
231113,231114,231116,2,1
231113,231115,231116,1,2
231113,231113,231116,3,0
231113,231115,231116,1,2
231113,231115,231117,2,2
231113,231113,231116,3,0
231113,231115,231116,1,2
231113,231113,231117,4,0
231113,231113,231117,4,0
231113,231113,231118,5,0
231113,231113,231118,5,0
231113,231113,231117,4,0
231113,231113,231117,4,0
231113,231113,231117,4,0
231113,231113,231117,4,0
231113,231113,231118,5,0
231113,231113,231118,5,0
231113,231113,231118,5,0
231113,231113,231118,5,0
231113,231113,231118,5,0
231113,231113,231119,6,0
231113,231113,231119,6,0
231113,231117,231118,1,4
231113,231113,231118,5,0
231113,231117,231119,2,4
231113,231113,231118,5,0
231113,231113,231118,5,0
231113,231117,231118,1,4
231113,231117,231118,1,4
231113,231117,231118,1,4
231113,231118,231119,1,5
231113,231117,231118,1,4
231113,231117,231118,1,4
231113,231118,231119,1,5
231113,231118,231119,1,5
231113,231113,231120,7,0
231113,231113,231119,6,0
231113,231113,231120,7,0
231113,231113,231119,6,0
231113,231113,231119,6,0
231113,231113,231120,7,0
231113,231118,231119,1,5
231113,231118,231119,1,5
231113,231119,231120,1,6
231113,231113,231119,6,0
231113,231118,231119,1,5
231113,231119,231120,1,6
231113,231119,231120,1,6
231113,231113,231120,7,0
231113,231113,231121,8,0
231113,231118,231121,3,5
231113,231113,231121,8,0
231113,231119,231121,2,6
231113,231113,231121,8,0
231113,231119,231121,2,6
231113,231118,231120,2,5
231113,231119,231120,1,6
231113,231119,231120,1,6
231113,231119,231120,1,6
231113,231119,231120,1,6
231113,231119,231120,1,6
231113,231119,231120,1,6
231113,231113,231121,8,0
231113,231113,231121,8,0
231113,231113,231122,9,0
231113,231119,231121,2,6
231113,231119,231121,2,6
231113,231119,231121,2,6
231113,231119,231121,2,6
231113,231113,231122,9,0
231113,231113,231123,10,0
231113,231113,231124,11,0
231113,231113,231125,12,0
231113,231113,231128,15,0
231139,231139,231140,1,0
231139,231139,231140,1,0
231139,231139,231140,1,0
231139,231139,231140,1,0
231139,231139,231140,1,0
231139,231140,231142,2,1
231139,231139,231142,3,0
231139,231140,231142,2,1
231139,231139,231143,4,0
231139,231141,231143,2,2
231139,231141,231143,2,2
231139,231142,231143,1,3
231139,231139,231143,4,0
231139,231139,231144,5,0
231139,231139,231144,5,0
231139,231139,231144,5,0
231139,231139,231144,5,0
231139,231142,231144,2,3
231139,231141,231143,2,2
231139,231143,231144,1,4
231139,231139,231144,5,0
231139,231139,231144,5,0
231139,231143,231144,1,4
231139,231139,231144,5,0
231139,231142,231143,1,3
231139,231139,231144,5,0
231139,231143,231144,1,4
231139,231143,231144,1,4
231139,231139,231145,6,0
231139,231139,231145,6,0
231139,231139,231145,6,0
231139,231139,231145,6,0
231139,231139,231145,6,0
231139,231139,231145,6,0
231139,231144,231145,1,5
231139,231144,231145,1,5
231139,231143,231144,1,4
231139,231144,231145,1,5
231139,231139,231145,6,0
231139,231144,231145,1,5
231139,231144,231145,1,5
231139,231144,231145,1,5
231139,231139,231146,7,0
231139,231139,231145,6,0
231139,231139,231146,7,0
231139,231139,231146,7,0
231139,231144,231146,2,5
231139,231144,231145,1,5
231139,231145,231146,1,6
231139,231144,231145,1,5
231139,231144,231146,2,5
231139,231145,231146,1,6
231139,231145,231146,1,6
231139,231139,231145,6,0
231139,231144,231146,2,5
231139,231145,231146,1,6
231139,231144,231145,1,5
231139,231139,231146,7,0
231139,231139,231147,8,0
231139,231145,231147,2,6
231139,231144,231146,2,5
231139,231145,231147,2,6
231139,231144,231147,3,5
231139,231144,231147,3,5
231139,231139,231147,8,0
231139,231139,231148,9,0
231139,231139,231148,9,0
231139,231145,231148,3,6
231139,231139,231149,10,0
231139,231139,231150,11,0
231139,231139,231149,10,0
231139,231139,231150,11,0
231139,231139,231149,10,0
231139,231139,231151,12,0
231139,231139,231151,12,0
231139,231139,231151,12,0
231139,231139,231150,11,0
231139,231139,231152,13,0
231139,231139,231155,16,0
231165,231165,231166,1,0
231165,231165,231166,1,0
231165,231165,231166,1,0
231165,231165,231167,2,0
231165,231165,231167,2,0
231165,231165,231168,3,0
231165,231165,231169,4,0
231165,231168,231169,1,3
231165,231168,231169,1,3
231165,231168,231169,1,3
231165,231167,231169,2,2
231165,231167,231169,2,2
231165,231165,231170,5,0
231165,231165,231170,5,0
231165,231165,231170,5,0
231165,231165,231170,5,0
231165,231165,231170,5,0
231165,231165,231170,5,0
231165,231165,231170,5,0
231165,231165,231170,5,0
231165,231165,231170,5,0
231165,231165,231171,6,0
231165,231165,231171,6,0
231165,231169,231171,2,4
231165,231165,231171,6,0
231165,231165,231171,6,0
231165,231165,231171,6,0
231165,231170,231171,1,5
231165,231165,231171,6,0
231165,231170,231171,1,5
231165,231170,231172,2,5
231165,231170,231171,1,5
231165,231165,231172,7,0
231165,231165,231171,6,0
231165,231171,231172,1,6
231165,231165,231171,6,0
231165,231170,231171,1,5
231165,231171,231172,1,6
231165,231171,231172,1,6
231165,231165,231172,7,0
231165,231165,231172,7,0
231165,231171,231172,1,6
231165,231165,231172,7,0
231165,231172,231173,1,7
231165,231165,231172,7,0
231165,231171,231172,1,6
231165,231172,231173,1,7
231165,231171,231173,2,6
231165,231171,231173,2,6
231165,231171,231174,3,6
231165,231171,231173,2,6
231165,231171,231173,2,6
231165,231172,231173,1,7
231165,231165,231174,9,0
231165,231172,231173,1,7
231165,231165,231173,8,0
231165,231172,231173,1,7
231165,231172,231173,1,7
231165,231172,231173,1,7
231165,231172,231173,1,7
231165,231172,231173,1,7
231165,231165,231174,9,0
231165,231172,231174,2,7
231165,231165,231174,9,0
231165,231165,231174,9,0
231165,231172,231174,2,7
231165,231165,231174,9,0
231165,231165,231174,9,0
231165,231172,231174,2,7
231165,231172,231174,2,7
231165,231165,231174,9,0
231165,231165,231175,10,0
231165,231165,231175,10,0
231165,231165,231175,10,0
231165,231165,231175,10,0
231165,231165,231176,11,0
231165,231165,231177,12,0
231165,231165,231180,15,0
231191,231191,231192,1,0
231191,231191,231192,1,0
231191,231191,231192,1,0
231191,231191,231192,1,0
231191,231191,231193,2,0
231191,231192,231194,2,1
231191,231192,231194,2,1
231191,231192,231194,2,1
231191,231193,231195,2,2
231191,231193,231195,2,2
231191,231194,231195,1,3
231191,231191,231196,5,0
231191,231191,231196,5,0
231191,231191,231196,5,0
231191,231191,231196,5,0
231191,231191,231196,5,0
231191,231191,231197,6,0
231191,231191,231197,6,0
231191,231191,231197,6,0
231191,231191,231197,6,0
231191,231191,231197,6,0
231191,231191,231197,6,0
231191,231191,231197,6,0
231191,231191,231197,6,0
231191,231191,231197,6,0
231191,231191,231197,6,0
231191,231196,231197,1,5
231191,231191,231197,6,0
231191,231191,231197,6,0
231191,231196,231197,1,5
231191,231196,231197,1,5
231191,231191,231197,6,0
231191,231196,231198,2,5
231191,231196,231197,1,5
231191,231197,231198,1,6
231191,231191,231198,7,0
231191,231191,231197,6,0
231191,231191,231198,7,0
231191,231191,231198,7,0
231191,231191,231198,7,0
231191,231198,231199,1,7
231191,231191,231198,7,0
231191,231198,231199,1,7
231191,231197,231198,1,6
231191,231198,231199,1,7
231191,231191,231198,7,0
231191,231198,231199,1,7
231191,231198,231199,1,7
231191,231198,231199,1,7
231191,231198,231199,1,7
231191,231191,231199,8,0
231191,231197,231199,2,6
231191,231191,231199,8,0
231191,231198,231199,1,7
231191,231198,231199,1,7
231191,231198,231199,1,7
231191,231197,231199,2,6
231191,231191,231200,9,0
231191,231191,231200,9,0
231191,231191,231200,9,0
231191,231191,231200,9,0
231191,231197,231200,3,6
231191,231196,231200,4,5
231191,231191,231200,9,0
231191,231197,231200,3,6
231191,231198,231200,2,7
231191,231191,231200,9,0
231191,231197,231200,3,6
231191,231198,231200,2,7
231191,231191,231201,10,0
231191,231191,231201,10,0
231191,231191,231201,10,0
231191,231191,231201,10,0
231191,231191,231204,13,0
231191,231191,231205,14,0
231191,231197,231206,9,6
231217,231217,231218,1,0
231217,231217,231218,1,0
231217,231217,231218,1,0
231217,231217,231218,1,0
231217,231217,231218,1,0
231217,231218,231220,2,1
231217,231218,231220,2,1
231217,231218,231219,1,1
231217,231218,231220,2,1
231217,231217,231221,4,0
231217,231219,231220,1,2
231217,231220,231221,1,3
231217,231217,231221,4,0
231217,231217,231222,5,0
231217,231217,231222,5,0
231217,231217,231221,4,0
231217,231217,231222,5,0
231217,231217,231222,5,0
231217,231220,231221,1,3
231217,231220,231222,2,3
231217,231217,231222,5,0
231217,231217,231223,6,0
231217,231217,231223,6,0
231217,231217,231223,6,0
231217,231217,231223,6,0
231217,231220,231223,3,3
231217,231217,231223,6,0
231217,231217,231223,6,0
231217,231221,231223,2,4
231217,231217,231224,7,0
231217,231217,231224,7,0
231217,231217,231224,7,0
231217,231221,231224,3,4
231217,231217,231224,7,0
231217,231217,231224,7,0
231217,231217,231224,7,0
231217,231223,231224,1,6
231217,231223,231224,1,6
231217,231217,231224,7,0
231217,231224,231225,1,7
231217,231224,231225,1,7
231217,231224,231225,1,7
231217,231217,231224,7,0
231217,231222,231225,3,5
231217,231222,231225,3,5
231217,231217,231225,8,0
231217,231223,231225,2,6
231217,231217,231225,8,0
231217,231217,231225,8,0
231217,231217,231225,8,0
231217,231223,231225,2,6
231217,231217,231226,9,0
231217,231217,231226,9,0
231217,231217,231226,9,0
231217,231217,231225,8,0
231217,231217,231226,9,0
231217,231222,231226,4,5
231217,231224,231226,2,7
231217,231223,231226,3,6
231217,231217,231226,9,0
231217,231224,231226,2,7
231217,231217,231226,9,0
231217,231217,231227,10,0
231217,231224,231227,3,7
231217,231217,231227,10,0
231217,231217,231228,11,0
231217,231217,231228,11,0
231217,231217,231228,11,0
231217,231222,231228,6,5
231217,231221,231228,7,4
231217,231222,231229,7,5
231217,231217,231230,13,0
231242,231242,231243,1,0
231242,231242,231243,1,0
231242,231242,231243,1,0
231242,231242,231243,1,0
231242,231242,231245,3,0
231242,231242,231244,2,0
231242,231242,231245,3,0
231242,231244,231245,1,2
231242,231244,231245,1,2
231242,231242,231246,4,0
231242,231242,231245,3,0
231242,231242,231245,3,0
231242,231242,231246,4,0
231242,231242,231246,4,0
231242,231244,231245,1,2
231242,231244,231245,1,2
231242,231242,231247,5,0
231242,231242,231246,4,0
231242,231245,231247,2,3
231242,231242,231247,5,0
231242,231242,231248,6,0
231242,231242,231248,6,0
231242,231242,231248,6,0
231242,231242,231248,6,0
231242,231242,231248,6,0
231242,231246,231248,2,4
231242,231242,231247,5,0
231242,231245,231247,2,3
231242,231242,231248,6,0
231242,231245,231248,3,3
231242,231242,231248,6,0
231242,231242,231248,6,0
231242,231242,231248,6,0
231242,231242,231248,6,0
231242,231246,231248,2,4
231242,231242,231248,6,0
231242,231245,231248,3,3
231242,231242,231249,7,0
231242,231242,231249,7,0
231242,231242,231249,7,0
231242,231248,231249,1,6
231242,231248,231249,1,6
231242,231242,231249,7,0
231242,231247,231249,2,5
231242,231248,231249,1,6
231242,231242,231249,7,0
231242,231247,231249,2,5
231242,231242,231250,8,0
231242,231245,231250,5,3
231242,231242,231249,7,0
231242,231246,231250,4,4
231242,231246,231250,4,4
231242,231246,231250,4,4
231242,231248,231250,2,6
231242,231248,231250,2,6
231242,231248,231250,2,6
231242,231248,231250,2,6
231242,231248,231250,2,6
231242,231248,231250,2,6
231242,231248,231250,2,6
231242,231248,231250,2,6
231242,231242,231251,9,0
231242,231246,231251,5,4
231242,231247,231251,4,5
231242,231248,231250,2,6
231242,231246,231250,4,4
231242,231248,231251,3,6
231242,231242,231251,9,0
231242,231242,231251,9,0
231242,231242,231252,10,0
231242,231248,231252,4,6
231242,231242,231252,10,0
231242,231242,231252,10,0
231242,231242,231252,10,0
231242,231242,231252,10,0
231242,231248,231253,5,6
231242,231242,231254,12,0
231242,231247,231255,8,5
231242,231242,231259,17,0
231269,231270,231271,1,1
231269,231270,231271,1,1
231269,231270,231271,1,1
231269,231270,231271,1,1
231269,231270,231271,1,1
231269,231271,231272,1,2
231269,231271,231272,1,2
231269,231271,231272,1,2
231269,231270,231272,2,1
231269,231270,231272,2,1
231269,231270,231272,2,1
231269,231270,231273,3,1
231269,231270,231273,3,1
231269,231270,231272,2,1
231269,231270,231272,2,1
231269,231270,231272,2,1
231269,231270,231272,2,1
231269,231272,231273,1,3
231269,231271,231272,1,2
231269,231270,231274,4,1
231269,231270,231273,3,1
231269,231270,231273,3,1
231269,231270,231273,3,1
231269,231272,231273,1,3
231269,231272,231273,1,3
231269,231270,231273,3,1
231269,231272,231273,1,3
231269,231270,231274,4,1
231269,231273,231275,2,4
231269,231270,231274,4,1
231269,231273,231274,1,4
231269,231273,231274,1,4
231269,231274,231275,1,5
231269,231270,231274,4,1
231269,231274,231275,1,5
231269,231270,231275,5,1
231269,231270,231275,5,1
231269,231270,231275,5,1
231269,231273,231276,3,4
231269,231274,231275,1,5
231269,231273,231276,3,4
231269,231270,231275,5,1
231269,231270,231276,6,1
231269,231275,231276,1,6
231269,231270,231276,6,1
231269,231273,231276,3,4
231269,231270,231275,5,1
231269,231270,231276,6,1
231269,231273,231276,3,4
231269,231270,231276,6,1
231269,231274,231276,2,5
231269,231273,231276,3,4
231269,231270,231277,7,1
231269,231270,231276,6,1
231269,231274,231276,2,5
231269,231274,231276,2,5
231269,231275,231277,2,6
231269,231270,231277,7,1
231269,231270,231276,6,1
231269,231275,231276,1,6
231269,231275,231276,1,6
231269,231273,231276,3,4
231269,231274,231276,2,5
231269,231270,231276,6,1
231269,231270,231276,6,1
231269,231275,231276,1,6
231269,231270,231276,6,1
231269,231270,231277,7,1
231269,231275,231276,1,6
231269,231273,231277,4,4
231269,231273,231277,4,4
231269,231274,231277,3,5
231269,231270,231277,7,1
231269,231275,231277,2,6
231269,231275,231278,3,6
231269,231270,231279,9,1
231269,231270,231279,9,1
231269,231270,231279,9,1
231269,231270,231279,9,1
231290,231290,231291,1,0
231290,231290,231291,1,0
231290,231290,231291,1,0
231290,231290,231291,1,0
231290,231291,231292,1,1
231290,231291,231292,1,1
231290,231291,231292,1,1
231290,231290,231292,2,0
231290,231290,231293,3,0
231290,231290,231292,2,0
231290,231290,231292,2,0
231290,231290,231293,3,0
231290,231292,231293,1,2
231290,231292,231293,1,2
231290,231290,231294,4,0
231290,231293,231294,1,3
231290,231292,231293,1,2
231290,231292,231293,1,2
231290,231293,231294,1,3
231290,231290,231294,4,0
231290,231290,231295,5,0
231290,231293,231294,1,3
231290,231294,231295,1,4
231290,231294,231295,1,4
231290,231294,231295,1,4
231290,231294,231295,1,4
231290,231293,231295,2,3
231290,231290,231295,5,0
231290,231293,231295,2,3
231290,231290,231295,5,0
231290,231290,231296,6,0
231290,231293,231296,3,3
231290,231293,231295,2,3
231290,231290,231296,6,0
231290,231295,231296,1,5
231290,231290,231296,6,0
231290,231290,231296,6,0
231290,231295,231296,1,5
231290,231290,231296,6,0
231290,231290,231296,6,0
231290,231290,231296,6,0
231290,231290,231297,7,0
231290,231294,231296,2,4
231290,231290,231297,7,0
231290,231295,231297,2,5
231290,231295,231296,1,5
231290,231290,231297,7,0
231290,231290,231297,7,0
231290,231290,231296,6,0
231290,231290,231296,6,0
231290,231295,231296,1,5
231290,231290,231297,7,0
231290,231296,231297,1,6
231290,231290,231296,6,0
231290,231295,231296,1,5
231290,231290,231297,7,0
231290,231290,231298,8,0
231290,231290,231297,7,0
231290,231296,231298,2,6
231290,231290,231298,8,0
231290,231295,231298,3,5
231290,231290,231298,8,0
231290,231290,231298,8,0
231290,231296,231297,1,6
231290,231290,231299,9,0
231290,231296,231298,2,6
231290,231296,231298,2,6
231290,231296,231298,2,6
231290,231296,231299,3,6
231290,231296,231298,2,6
231290,231296,231299,3,6
231290,231290,231300,10,0
231290,231290,231300,10,0
231290,231290,231301,11,0
231290,231290,231301,11,0
231290,231290,231302,12,0
231290,231290,231301,11,0
231290,231290,231303,13,0
231290,231290,231303,13,0
231314,231314,231315,1,0
231314,231314,231315,1,0
231314,231314,231315,1,0
231314,231314,231315,1,0
231314,231314,231315,1,0
231314,231315,231316,1,1
231314,231315,231316,1,1
231314,231316,231317,1,2
231314,231316,231317,1,2
231314,231314,231317,3,0
231314,231316,231317,1,2
231314,231317,231318,1,3
231314,231314,231319,5,0
231314,231314,231318,4,0
231314,231314,231318,4,0
231314,231318,231319,1,4
231314,231317,231319,2,3
231314,231318,231319,1,4
231314,231318,231319,1,4
231314,231318,231319,1,4
231314,231318,231319,1,4
231314,231314,231319,5,0
231314,231314,231319,5,0
231314,231314,231319,5,0
231314,231319,231320,1,5
231314,231314,231320,6,0
231314,231314,231319,5,0
231314,231314,231320,6,0
231314,231314,231320,6,0
231314,231314,231319,5,0
231314,231314,231319,5,0
231314,231314,231320,6,0
231314,231314,231321,7,0
231314,231314,231320,6,0
231314,231314,231320,6,0
231314,231314,231320,6,0
231314,231314,231320,6,0
231314,231314,231320,6,0
231314,231314,231321,7,0
231314,231314,231321,7,0
231314,231319,231320,1,5
231314,231320,231321,1,6
231314,231314,231320,6,0
231314,231319,231321,2,5
231314,231319,231321,2,5
231314,231314,231320,6,0
231314,231319,231320,1,5
231314,231314,231320,6,0
231314,231320,231321,1,6
231314,231314,231322,8,0
231314,231314,231321,7,0
231314,231314,231321,7,0
231314,231314,231321,7,0
231314,231314,231321,7,0
231314,231314,231321,7,0
231314,231319,231321,2,5
231314,231319,231321,2,5
231314,231314,231322,8,0
231314,231319,231321,2,5
231314,231320,231321,1,6
231314,231320,231321,1,6
231314,231320,231321,1,6
231314,231320,231322,2,6
231314,231320,231321,1,6
231314,231319,231321,2,5
231314,231320,231321,1,6
231314,231314,231322,8,0
231314,231320,231323,3,6
231314,231320,231322,2,6
231314,231314,231322,8,0
231314,231321,231323,2,7
231314,231314,231323,9,0
231314,231321,231323,2,7
231314,231320,231323,3,6
231314,231314,231323,9,0
231314,231321,231323,2,7
231314,231314,231323,9,0
231314,231314,231325,11,0
231314,231314,231327,13,0
231339,231339,231340,1,0
231339,231339,231341,2,0
231339,231339,231340,1,0
231339,231339,231340,1,0
231339,231339,231341,2,0
231339,231341,231343,2,2
231339,231341,231343,2,2
231339,231341,231342,1,2
231339,231339,231343,4,0
231339,231341,231342,1,2
231339,231341,231343,2,2
231339,231339,231343,4,0
231339,231339,231344,5,0
231339,231339,231344,5,0
231339,231343,231344,1,4
231339,231343,231344,1,4
231339,231339,231345,6,0
231339,231339,231345,6,0
231339,231339,231344,5,0
231339,231339,231345,6,0
231339,231339,231345,6,0
231339,231339,231344,5,0
231339,231343,231345,2,4
231339,231339,231345,6,0
231339,231343,231344,1,4
231339,231339,231345,6,0
231339,231343,231345,2,4
231339,231343,231345,2,4
231339,231339,231345,6,0
231339,231344,231345,1,5
231339,231339,231346,7,0
231339,231339,231345,6,0
231339,231339,231345,6,0
231339,231339,231346,7,0
231339,231339,231345,6,0
231339,231339,231346,7,0
231339,231345,231346,1,6
231339,231339,231346,7,0
231339,231339,231346,7,0
231339,231344,231345,1,5
231339,231344,231346,2,5
231339,231339,231347,8,0
231339,231344,231347,3,5
231339,231344,231346,2,5
231339,231339,231346,7,0
231339,231339,231347,8,0
231339,231345,231346,1,6
231339,231339,231346,7,0
231339,231345,231347,2,6
231339,231345,231347,2,6
231339,231345,231347,2,6
231339,231345,231347,2,6
231339,231345,231347,2,6
231339,231346,231347,1,7
231339,231339,231347,8,0
231339,231345,231347,2,6
231339,231345,231347,2,6
231339,231339,231348,9,0
231339,231339,231347,8,0
231339,231346,231348,2,7
231339,231339,231347,8,0
231339,231346,231347,1,7
231339,231339,231349,10,0
231339,231346,231349,3,7
231339,231345,231349,4,6
231339,231345,231348,3,6
231339,231345,231349,4,6
231339,231339,231349,10,0
231339,231339,231349,10,0
231339,231345,231349,4,6
231339,231346,231349,3,7
231339,231339,231350,11,0
231339,231339,231350,11,0
231339,231339,231350,11,0
231339,231339,231350,11,0
231339,231339,231349,10,0
231339,231339,231351,12,0
231339,231339,231351,12,0
231339,231345,231351,6,6
231363,231363,231364,1,0
231363,231363,231364,1,0
231363,231363,231364,1,0
231363,231363,231365,2,0
231363,231363,231365,2,0
231363,231363,231366,3,0
231363,231365,231366,1,2
231363,231363,231367,4,0
231363,231365,231366,1,2
231363,231365,231367,2,2
231363,231365,231367,2,2
231363,231363,231368,5,0
231363,231363,231368,5,0
231363,231363,231368,5,0
231363,231365,231368,3,2
231363,231363,231368,5,0
231363,231366,231368,2,3
231363,231366,231368,2,3
231363,231363,231369,6,0
231363,231363,231368,5,0
231363,231363,231369,6,0
231363,231363,231369,6,0
231363,231363,231369,6,0
231363,231363,231369,6,0
231363,231363,231369,6,0
231363,231367,231369,2,4
231363,231367,231369,2,4
231363,231363,231369,6,0
231363,231368,231369,1,5
231363,231368,231369,1,5
231363,231363,231370,7,0
231363,231363,231370,7,0
231363,231363,231370,7,0
231363,231363,231370,7,0
231363,231363,231370,7,0
231363,231363,231370,7,0
231363,231367,231370,3,4
231363,231369,231370,1,6
231363,231363,231370,7,0
231363,231368,231370,2,5
231363,231369,231370,1,6
231363,231368,231370,2,5
231363,231369,231370,1,6
231363,231369,231370,1,6
231363,231363,231370,7,0
231363,231370,231371,1,7
231363,231363,231371,8,0
231363,231367,231370,3,4
231363,231363,231371,8,0
231363,231363,231371,8,0
231363,231363,231371,8,0
231363,231363,231371,8,0
231363,231369,231371,2,6
231363,231370,231371,1,7
231363,231370,231371,1,7
231363,231363,231372,9,0
231363,231363,231371,8,0
231363,231363,231371,8,0
231363,231363,231372,9,0
231363,231369,231371,2,6
231363,231363,231372,9,0
231363,231369,231372,3,6
231363,231368,231372,4,5
231363,231370,231372,2,7
231363,231368,231372,4,5
231363,231370,231372,2,7
231363,231363,231372,9,0
231363,231363,231372,9,0
231363,231363,231373,10,0
231363,231363,231373,10,0
231363,231368,231373,5,5
231363,231369,231373,4,6
231363,231363,231372,9,0
231363,231370,231373,3,7
231363,231363,231373,10,0
231363,231370,231374,4,7
231363,231370,231373,3,7
231363,231363,231377,14,0
231387,231387,231388,1,0
231387,231387,231388,1,0
231387,231387,231388,1,0
231387,231387,231389,2,0
231387,231387,231388,1,0
231387,231388,231389,1,1
231387,231387,231390,3,0
231387,231387,231390,3,0
231387,231387,231390,3,0
231387,231387,231390,3,0
231387,231387,231390,3,0
231387,231388,231390,2,1
231387,231388,231390,2,1
231387,231389,231391,2,2
231387,231389,231391,2,2
231387,231387,231391,4,0
231387,231387,231391,4,0
231387,231387,231391,4,0
231387,231387,231391,4,0
231387,231390,231391,1,3
231387,231387,231392,5,0
231387,231387,231392,5,0
231387,231387,231392,5,0
231387,231391,231392,1,4
231387,231391,231392,1,4
231387,231387,231392,5,0
231387,231387,231392,5,0
231387,231387,231392,5,0
231387,231387,231393,6,0
231387,231387,231393,6,0
231387,231387,231393,6,0
231387,231387,231393,6,0
231387,231387,231393,6,0
231387,231392,231393,1,5
231387,231390,231393,3,3
231387,231387,231393,6,0
231387,231387,231393,6,0
231387,231387,231393,6,0
231387,231387,231393,6,0
231387,231392,231393,1,5
231387,231387,231393,6,0
231387,231392,231393,1,5
231387,231392,231393,1,5
231387,231393,231394,1,6
231387,231387,231394,7,0
231387,231392,231394,2,5
231387,231387,231394,7,0
231387,231393,231394,1,6
231387,231387,231394,7,0
231387,231390,231394,4,3
231387,231391,231394,3,4
231387,231392,231394,2,5
231387,231393,231395,2,6
231387,231387,231394,7,0
231387,231387,231394,7,0
231387,231387,231394,7,0
231387,231394,231395,1,7
231387,231394,231395,1,7
231387,231393,231394,1,6
231387,231393,231394,1,6
231387,231387,231395,8,0
231387,231392,231395,3,5
231387,231387,231395,8,0
231387,231387,231395,8,0
231387,231387,231395,8,0
231387,231394,231395,1,7
231387,231390,231396,6,3
231387,231393,231395,2,6
231387,231387,231396,9,0
231387,231392,231397,5,5
231387,231394,231396,2,7
231387,231394,231396,2,7
231387,231394,231396,2,7
231387,231387,231398,11,0
231387,231390,231398,8,3
231387,231394,231400,6,7
231387,231387,231401,14,0
231387,231387,231402,15,0
231413,231413,231414,1,0
231413,231413,231414,1,0
231413,231413,231415,2,0
231413,231413,231414,1,0
231413,231413,231414,1,0
231413,231413,231415,2,0
231413,231413,231416,3,0
231413,231413,231416,3,0
231413,231413,231416,3,0
231413,231414,231416,2,1
231413,231414,231416,2,1
231413,231413,231417,4,0
231413,231413,231417,4,0
231413,231415,231417,2,2
231413,231415,231417,2,2
231413,231415,231417,2,2
231413,231415,231417,2,2
231413,231413,231418,5,0
231413,231413,231418,5,0
231413,231413,231418,5,0
231413,231413,231418,5,0
231413,231413,231418,5,0
231413,231417,231418,1,4
231413,231413,231418,5,0
231413,231413,231418,5,0
231413,231416,231418,2,3
231413,231413,231418,5,0
231413,231417,231418,1,4
231413,231416,231418,2,3
231413,231413,231419,6,0
231413,231413,231419,6,0
231413,231417,231418,1,4
231413,231413,231419,6,0
231413,231418,231419,1,5
231413,231413,231419,6,0
231413,231418,231419,1,5
231413,231419,231420,1,6
231413,231413,231419,6,0
231413,231418,231419,1,5
231413,231413,231420,7,0
231413,231416,231420,4,3
231413,231416,231420,4,3
231413,231413,231419,6,0
231413,231417,231420,3,4
231413,231418,231420,2,5
231413,231419,231420,1,6
231413,231413,231420,7,0
231413,231413,231420,7,0
231413,231419,231420,1,6
231413,231418,231420,2,5
231413,231413,231420,7,0
231413,231413,231420,7,0
231413,231413,231420,7,0
231413,231413,231421,8,0
231413,231417,231421,4,4
231413,231413,231421,8,0
231413,231416,231420,4,3
231413,231418,231421,3,5
231413,231418,231421,3,5
231413,231418,231421,3,5
231413,231413,231421,8,0
231413,231413,231421,8,0
231413,231420,231421,1,7
231413,231413,231422,9,0
231413,231418,231422,4,5
231413,231413,231422,9,0
231413,231413,231422,9,0
231413,231418,231422,4,5
231413,231418,231422,4,5
231413,231419,231422,3,6
231413,231413,231422,9,0
231413,231413,231423,10,0
231413,231413,231423,10,0
231413,231413,231423,10,0
231413,231413,231424,11,0
231413,231413,231424,11,0
231436,231436,231437,1,0
231436,231436,231437,1,0
231436,231436,231437,1,0
231436,231436,231437,1,0
231436,231436,231437,1,0
231436,231437,231438,1,1
231436,231436,231438,2,0
231436,231436,231438,2,0
231436,231436,231439,3,0
231436,231437,231438,1,1
231436,231437,231438,1,1
231436,231438,231439,1,2
231436,231436,231439,3,0
231436,231436,231440,4,0
231436,231436,231439,3,0
231436,231438,231439,1,2
231436,231436,231441,5,0
231436,231436,231440,4,0
231436,231436,231440,4,0
231436,231436,231440,4,0
231436,231436,231440,4,0
231436,231438,231440,2,2
231436,231436,231441,5,0
231436,231436,231440,4,0
231436,231436,231440,4,0
231436,231436,231441,5,0
231436,231439,231440,1,3
231436,231436,231441,5,0
231436,231440,231441,1,4
231436,231436,231440,4,0
231436,231439,231441,2,3
231436,231439,231441,2,3
231436,231436,231442,6,0
231436,231436,231441,5,0
231436,231436,231441,5,0
231436,231436,231441,5,0
231436,231440,231441,1,4
231436,231436,231442,6,0
231436,231436,231442,6,0
231436,231436,231442,6,0
231436,231436,231441,5,0
231436,231441,231442,1,5
231436,231436,231441,5,0
231436,231436,231441,5,0
231436,231441,231442,1,5
231436,231440,231443,3,4
231436,231436,231442,6,0
231436,231440,231442,2,4
231436,231436,231442,6,0
231436,231441,231442,1,5
231436,231441,231442,1,5
231436,231441,231442,1,5
231436,231441,231442,1,5
231436,231441,231442,1,5
231436,231441,231442,1,5
231436,231441,231442,1,5
231436,231441,231442,1,5
231436,231440,231443,3,4
231436,231441,231443,2,5
231436,231441,231443,2,5
231436,231441,231444,3,5
231436,231441,231443,2,5
231436,231441,231443,2,5
231436,231441,231443,2,5
231436,231442,231445,3,6
231436,231442,231444,2,6
231436,231439,231444,5,3
231436,231439,231444,5,3
231436,231442,231444,2,6
231436,231436,231445,9,0
231436,231436,231445,9,0
231436,231436,231446,10,0
231436,231436,231446,10,0
231436,231436,231447,11,0
231436,231436,231446,10,0
231436,231436,231446,10,0
231436,231436,231450,14,0
231436,231436,231451,15,0
231436,231436,231451,15,0
231461,231461,231462,1,0
231461,231461,231463,2,0
231461,231461,231463,2,0
231461,231461,231463,2,0
231461,231461,231463,2,0
231461,231461,231463,2,0
231461,231462,231464,2,1
231461,231462,231464,2,1
231461,231462,231464,2,1
231461,231462,231464,2,1
231461,231462,231465,3,1
231461,231462,231465,3,1
231461,231462,231465,3,1
231461,231464,231465,1,3
231461,231464,231465,1,3
231461,231463,231465,2,2
231461,231464,231465,1,3
231461,231462,231466,4,1
231461,231462,231466,4,1
231461,231464,231466,2,3
231461,231461,231466,5,0
231461,231462,231466,4,1
231461,231461,231466,5,0
231461,231464,231466,2,3
231461,231461,231466,5,0
231461,231461,231466,5,0
231461,231461,231467,6,0
231461,231466,231468,2,5
231461,231461,231467,6,0
231461,231466,231467,1,5
231461,231461,231467,6,0
231461,231461,231467,6,0
231461,231461,231468,7,0
231461,231462,231468,6,1
231461,231466,231467,1,5
231461,231466,231467,1,5
231461,231466,231467,1,5
231461,231467,231468,1,6
231461,231461,231468,7,0
231461,231462,231468,6,1
231461,231467,231468,1,6
231461,231462,231468,6,1
231461,231465,231469,4,4
231461,231461,231468,7,0
231461,231467,231468,1,6
231461,231462,231468,6,1
231461,231467,231468,1,6
231461,231461,231468,7,0
231461,231462,231468,6,1
231461,231468,231469,1,7
231461,231468,231469,1,7
231461,231468,231469,1,7
231461,231467,231469,2,6
231461,231467,231469,2,6
231461,231467,231469,2,6
231461,231465,231469,4,4
231461,231465,231469,4,4
231461,231467,231469,2,6
231461,231466,231469,3,5
231461,231466,231469,3,5
231461,231461,231469,8,0
231461,231461,231469,8,0
231461,231468,231469,1,7
231461,231468,231469,1,7
231461,231468,231469,1,7
231461,231468,231470,2,7
231461,231468,231470,2,7
231461,231461,231471,10,0
231461,231461,231472,11,0
231461,231461,231471,10,0
231461,231461,231472,11,0
231461,231461,231472,11,0
231461,231461,231472,11,0
231461,231461,231473,12,0
231461,231461,231475,14,0
231461,231468,231475,7,7
231461,231461,231476,15,0
231461,231465,231480,15,4
231461,231467,231480,13,6
231491,231491,231492,1,0
231491,231491,231492,1,0
231491,231491,231492,1,0
231491,231491,231492,1,0
231491,231491,231493,2,0
231491,231491,231493,2,0
231491,231492,231494,2,1
231491,231492,231494,2,1
231491,231492,231494,2,1
231491,231491,231495,4,0
231491,231491,231495,4,0
231491,231491,231495,4,0
231491,231492,231495,3,1
231491,231493,231495,2,2
231491,231491,231496,5,0
231491,231493,231496,3,2
231491,231491,231496,5,0
231491,231491,231496,5,0
231491,231491,231496,5,0
231491,231491,231496,5,0
231491,231494,231495,1,3
231491,231491,231496,5,0
231491,231494,231496,2,3
231491,231495,231496,1,4
231491,231491,231497,6,0
231491,231491,231497,6,0
231491,231491,231497,6,0
231491,231491,231497,6,0
231491,231491,231497,6,0
231491,231495,231497,2,4
231491,231491,231497,6,0
231491,231491,231497,6,0
231491,231491,231498,7,0
231491,231491,231497,6,0
231491,231491,231497,6,0
231491,231491,231498,7,0
231491,231496,231497,1,5
231491,231491,231497,6,0
231491,231491,231498,7,0
231491,231491,231498,7,0
231491,231491,231498,7,0
231491,231495,231498,3,4
231491,231491,231498,7,0
231491,231496,231498,2,5
231491,231491,231498,7,0
231491,231497,231498,1,6
231491,231498,231499,1,7
231491,231498,231499,1,7
231491,231497,231498,1,6
231491,231497,231498,1,6
231491,231498,231499,1,7
231491,231496,231499,3,5
231491,231495,231499,4,4
231491,231496,231499,3,5
231491,231497,231499,2,6
231491,231495,231499,4,4
231491,231496,231499,3,5
231491,231498,231499,1,7
231491,231498,231499,1,7
231491,231491,231499,8,0
231491,231498,231499,1,7
231491,231498,231499,1,7
231491,231498,231499,1,7
231491,231491,231500,9,0
231491,231497,231500,3,6
231491,231491,231500,9,0
231491,231491,231500,9,0
231491,231491,231501,10,0
231491,231491,231501,10,0
231491,231496,231500,4,5
231491,231498,231501,3,7
231491,231491,231502,11,0
231491,231491,231502,11,0
231491,231491,231502,11,0
231491,231491,231503,12,0
231491,231491,231505,14,0
231491,231491,231507,16,0
231518,231518,231519,1,0
231518,231518,231519,1,0
231518,231518,231519,1,0
231518,231518,231519,1,0
231518,231518,231519,1,0
231518,231519,231520,1,1
231518,231518,231521,3,0
231518,231519,231521,2,1
231518,231519,231521,2,1
231518,231518,231520,2,0
231518,231519,231521,2,1
231518,231518,231522,4,0
231518,231518,231522,4,0
231518,231520,231522,2,2
231518,231520,231522,2,2
231518,231518,231523,5,0
231518,231518,231522,4,0
231518,231518,231523,5,0
231518,231521,231523,2,3
231518,231518,231523,5,0
231518,231521,231523,2,3
231518,231518,231523,5,0
231518,231518,231523,5,0
231518,231518,231523,5,0
231518,231521,231523,2,3
231518,231521,231523,2,3
231518,231518,231524,6,0
231518,231522,231524,2,4
231518,231518,231523,5,0
231518,231522,231524,2,4
231518,231518,231524,6,0
231518,231518,231524,6,0
231518,231518,231524,6,0
231518,231524,231525,1,6
231518,231518,231525,7,0
231518,231518,231525,7,0
231518,231518,231525,7,0
231518,231522,231525,3,4
231518,231518,231524,6,0
231518,231524,231525,1,6
231518,231523,231525,2,5
231518,231518,231525,7,0
231518,231524,231525,1,6
231518,231518,231525,7,0
231518,231523,231525,2,5
231518,231524,231525,1,6
231518,231525,231526,1,7
231518,231525,231526,1,7
231518,231518,231526,8,0
231518,231518,231526,8,0
231518,231523,231526,3,5
231518,231518,231525,7,0
231518,231522,231525,3,4
231518,231523,231526,3,5
231518,231523,231526,3,5
231518,231518,231526,8,0
231518,231518,231526,8,0
231518,231518,231526,8,0
231518,231518,231526,8,0
231518,231524,231525,1,6
231518,231518,231526,8,0
231518,231521,231526,5,3
231518,231523,231526,3,5
231518,231524,231526,2,6
231518,231518,231526,8,0
231518,231518,231527,9,0
231518,231524,231527,3,6
231518,231525,231527,2,7
231518,231518,231528,10,0
231518,231518,231529,11,0
231518,231518,231529,11,0
231518,231518,231530,12,0
231518,231518,231531,13,0
231518,231518,231531,13,0
231518,231518,231536,18,0
231547,231547,231548,1,0
231547,231547,231548,1,0
231547,231547,231548,1,0
231547,231547,231548,1,0
231547,231547,231548,1,0
231547,231547,231549,2,0
231547,231548,231550,2,1
231547,231549,231550,1,2
231547,231549,231550,1,2
231547,231549,231550,1,2
231547,231549,231550,1,2
231547,231547,231551,4,0
231547,231547,231551,4,0
231547,231550,231551,1,3
231547,231547,231552,5,0
231547,231547,231552,5,0
231547,231547,231552,5,0
231547,231551,231552,1,4
231547,231547,231552,5,0
231547,231551,231552,1,4
231547,231551,231552,1,4
231547,231551,231552,1,4
231547,231552,231553,1,5
231547,231547,231553,6,0
231547,231547,231553,6,0
231547,231547,231553,6,0
231547,231547,231553,6,0
231547,231547,231553,6,0
231547,231547,231553,6,0
231547,231547,231553,6,0
231547,231552,231553,1,5
231547,231547,231553,6,0
231547,231547,231553,6,0
231547,231547,231553,6,0
231547,231547,231553,6,0
231547,231552,231553,1,5
231547,231547,231553,6,0
231547,231547,231554,7,0
231547,231553,231554,1,6
231547,231547,231554,7,0
231547,231547,231554,7,0
231547,231552,231554,2,5
231547,231547,231554,7,0
231547,231554,231555,1,7
231547,231554,231555,1,7
231547,231553,231554,1,6
231547,231547,231554,7,0
231547,231553,231554,1,6
231547,231553,231554,1,6
231547,231554,231555,1,7
231547,231547,231555,8,0
231547,231553,231554,1,6
231547,231554,231555,1,7
231547,231553,231554,1,6
231547,231548,231555,7,1
231547,231553,231555,2,6
231547,231547,231555,8,0
231547,231547,231555,8,0
231547,231554,231555,1,7
231547,231547,231555,8,0
231547,231547,231555,8,0
231547,231554,231555,1,7
231547,231554,231555,1,7
231547,231547,231555,8,0
231547,231554,231555,1,7
231547,231547,231556,9,0
231547,231553,231556,3,6
231547,231547,231556,9,0
231547,231553,231556,3,6
231547,231554,231556,2,7
231547,231554,231556,2,7
231547,231547,231556,9,0
231547,231554,231556,2,7
231547,231547,231556,9,0
231547,231547,231558,11,0
231547,231547,231558,11,0
231547,231547,231559,12,0
231547,231547,231561,14,0
231573,231573,231574,1,0
231573,231573,231574,1,0
231573,231573,231574,1,0
231573,231573,231574,1,0
231573,231573,231574,1,0
231573,231573,231574,1,0
231573,231574,231575,1,1
231573,231574,231576,2,1
231573,231574,231576,2,1
231573,231573,231576,3,0
231573,231573,231576,3,0
231573,231573,231576,3,0
231573,231573,231577,4,0
231573,231575,231576,1,2
231573,231575,231577,2,2
231573,231573,231578,5,0
231573,231573,231577,4,0
231573,231573,231578,5,0
231573,231576,231577,1,3
231573,231573,231578,5,0
231573,231576,231577,1,3
231573,231573,231577,4,0
231573,231576,231577,1,3
231573,231575,231577,2,2
231573,231576,231577,1,3
231573,231573,231579,6,0
231573,231577,231578,1,4
231573,231577,231579,2,4
231573,231573,231578,5,0
231573,231573,231579,6,0
231573,231578,231579,1,5
231573,231577,231578,1,4
231573,231578,231579,1,5
231573,231578,231579,1,5
231573,231578,231579,1,5
231573,231577,231579,2,4
231573,231573,231580,7,0
231573,231577,231579,2,4
231573,231573,231580,7,0
231573,231578,231580,2,5
231573,231578,231579,1,5
231573,231579,231580,1,6
231573,231578,231579,1,5
231573,231579,231580,1,6
231573,231573,231579,6,0
231573,231573,231579,6,0
231573,231578,231579,1,5
231573,231579,231580,1,6
231573,231573,231580,7,0
231573,231579,231580,1,6
231573,231573,231579,6,0
231573,231579,231580,1,6
231573,231579,231580,1,6
231573,231573,231580,7,0
231573,231573,231580,7,0
231573,231573,231580,7,0
231573,231573,231580,7,0
231573,231579,231580,1,6
231573,231579,231580,1,6
231573,231579,231580,1,6
231573,231579,231580,1,6
231573,231578,231581,3,5
231573,231573,231582,9,0
231573,231573,231583,10,0
231573,231573,231582,9,0
231573,231573,231583,10,0
231573,231573,231582,9,0
231573,231573,231583,10,0
231573,231573,231583,10,0
231573,231578,231584,6,5
231573,231573,231584,11,0
231573,231573,231583,10,0
231573,231573,231584,11,0
231573,231573,231587,14,0
231573,231573,231586,13,0
231573,231573,231589,16,0
231573,231573,231588,15,0
231573,231573,231592,19,0
231573,231573,231591,18,0
231603,231603,231604,1,0
231603,231603,231604,1,0
231603,231603,231604,1,0
231603,231603,231604,1,0
231603,231603,231604,1,0
231603,231603,231604,1,0
231603,231604,231605,1,1
231603,231604,231605,1,1
231603,231605,231607,2,2
231603,231605,231606,1,2
231603,231603,231607,4,0
231603,231605,231607,2,2
231603,231605,231607,2,2
231603,231603,231608,5,0
231603,231603,231608,5,0
231603,231603,231607,4,0
231603,231603,231608,5,0
231603,231606,231607,1,3
231603,231606,231607,1,3
231603,231607,231608,1,4
231603,231603,231608,5,0
231603,231603,231609,6,0
231603,231603,231609,6,0
231603,231603,231608,5,0
231603,231607,231608,1,4
231603,231603,231609,6,0
231603,231603,231609,6,0
231603,231607,231609,2,4
231603,231603,231609,6,0
231603,231607,231608,1,4
231603,231607,231609,2,4
231603,231603,231609,6,0
231603,231603,231610,7,0
231603,231603,231609,6,0
231603,231608,231610,2,5
231603,231608,231609,1,5
231603,231603,231609,6,0
231603,231609,231610,1,6
231603,231609,231610,1,6
231603,231608,231609,1,5
231603,231609,231610,1,6
231603,231609,231610,1,6
231603,231609,231610,1,6
231603,231603,231610,7,0
231603,231609,231610,1,6
231603,231609,231610,1,6
231603,231609,231610,1,6
231603,231603,231610,7,0
231603,231603,231610,7,0
231603,231608,231609,1,5
231603,231608,231609,1,5
231603,231608,231611,3,5
231603,231608,231610,2,5
231603,231609,231610,1,6
231603,231610,231611,1,7
231603,231610,231611,1,7
231603,231610,231611,1,7
231603,231603,231611,8,0
231603,231603,231611,8,0
231603,231609,231611,2,6
231603,231603,231611,8,0
231603,231603,231611,8,0
231603,231603,231612,9,0
231603,231609,231611,2,6
231603,231603,231613,10,0
231603,231603,231612,9,0
231603,231603,231612,9,0
231603,231610,231612,2,7
231603,231603,231613,10,0
231603,231603,231612,9,0
231603,231603,231614,11,0
231603,231603,231614,11,0
231603,231603,231616,13,0
231603,231603,231615,12,0
231603,231603,231616,13,0
231603,231603,231616,13,0
231603,231603,231617,14,0
231603,231603,231618,15,0
231603,231603,231619,16,0
231631,231631,231632,1,0
231631,231631,231632,1,0
231631,231631,231632,1,0
231631,231631,231632,1,0
231631,231631,231632,1,0
231631,231631,231633,2,0
231631,231632,231634,2,1
231631,231632,231634,2,1
231631,231633,231635,2,2
231631,231633,231635,2,2
231631,231631,231636,5,0
231631,231631,231636,5,0
231631,231631,231636,5,0
231631,231631,231636,5,0
231631,231633,231636,3,2
231631,231631,231636,5,0
231631,231635,231636,1,4
231631,231634,231636,2,3
231631,231634,231636,2,3
231631,231631,231637,6,0
231631,231631,231637,6,0
231631,231631,231637,6,0
231631,231631,231637,6,0
231631,231635,231637,2,4
231631,231631,231637,6,0
231631,231631,231637,6,0
231631,231635,231637,2,4
231631,231631,231637,6,0
231631,231631,231637,6,0
231631,231631,231637,6,0
231631,231631,231638,7,0
231631,231631,231637,6,0
231631,231631,231638,7,0
231631,231631,231638,7,0
231631,231636,231638,2,5
231631,231631,231638,7,0
231631,231637,231638,1,6
231631,231631,231638,7,0
231631,231637,231638,1,6
231631,231637,231638,1,6
231631,231636,231638,2,5
231631,231637,231638,1,6
231631,231636,231638,2,5
231631,231636,231638,2,5
231631,231638,231639,1,7
231631,231631,231639,8,0
231631,231631,231638,7,0
231631,231631,231639,8,0
231631,231636,231639,3,5
231631,231631,231638,7,0
231631,231637,231638,1,6
231631,231631,231639,8,0
231631,231636,231639,3,5
231631,231631,231639,8,0
231631,231631,231639,8,0
231631,231636,231640,4,5
231631,231638,231640,2,7
231631,231637,231640,3,6
231631,231637,231640,3,6
231631,231638,231640,2,7
231631,231636,231640,4,5
231631,231631,231641,10,0
231631,231631,231641,10,0
231631,231637,231640,3,6
231631,231638,231641,3,7
231631,231638,231641,3,7
231631,231631,231642,11,0
231631,231631,231642,11,0
231631,231631,231642,11,0
231631,231631,231642,11,0
231631,231631,231643,12,0
231631,231631,231644,13,0
231631,231631,231645,14,0
231631,231631,231646,15,0
231631,231631,231647,16,0
231658,231658,231659,1,0
231658,231658,231659,1,0
231658,231658,231659,1,0
231658,231658,231659,1,0
231658,231658,231659,1,0
231658,231660,231661,1,2
231658,231658,231661,3,0
231658,231660,231661,1,2
231658,231660,231661,1,2
231658,231661,231662,1,3
231658,231661,231662,1,3
231658,231658,231663,5,0
231658,231658,231663,5,0
231658,231658,231663,5,0
231658,231662,231663,1,4
231658,231662,231663,1,4
231658,231662,231663,1,4
231658,231658,231664,6,0
231658,231658,231664,6,0
231658,231658,231664,6,0
231658,231658,231664,6,0
231658,231658,231664,6,0
231658,231663,231664,1,5
231658,231658,231664,6,0
231658,231663,231664,1,5
231658,231662,231664,2,4
231658,231658,231664,6,0
231658,231658,231664,6,0
231658,231658,231665,7,0
231658,231658,231665,7,0
231658,231658,231665,7,0
231658,231658,231665,7,0
231658,231658,231665,7,0
231658,231658,231665,7,0
231658,231665,231666,1,7
231658,231658,231665,7,0
231658,231664,231665,1,6
231658,231665,231666,1,7
231658,231665,231666,1,7
231658,231658,231665,7,0
231658,231664,231665,1,6
231658,231664,231665,1,6
231658,231665,231666,1,7
231658,231658,231667,9,0
231658,231664,231667,3,6
231658,231658,231666,8,0
231658,231658,231666,8,0
231658,231664,231666,2,6
231658,231658,231666,8,0
231658,231658,231666,8,0
231658,231665,231666,1,7
231658,231665,231666,1,7
231658,231658,231666,8,0
231658,231658,231666,8,0
231658,231665,231666,1,7
231658,231658,231667,9,0
231658,231665,231666,1,7
231658,231666,231667,1,8
231658,231666,231667,1,8
231658,231658,231666,8,0
231658,231658,231667,9,0
231658,231665,231667,2,7
231658,231665,231667,2,7
231658,231658,231668,10,0
231658,231664,231667,3,6
231658,231666,231667,1,8
231658,231658,231668,10,0
231658,231666,231668,2,8
231658,231658,231668,10,0
231658,231666,231668,2,8
231658,231658,231668,10,0
231658,231665,231668,3,7
231658,231658,231668,10,0
231658,231658,231669,11,0
231658,231665,231668,3,7
231658,231658,231669,11,0
231658,231666,231669,3,8
231658,231658,231670,12,0
231658,231658,231672,14,0
231683,231683,231684,1,0
231683,231683,231684,1,0
231683,231683,231684,1,0
231683,231683,231684,1,0
231683,231683,231684,1,0
231683,231684,231686,2,1
231683,231685,231687,2,2
231683,231683,231687,4,0
231683,231685,231687,2,2
231683,231685,231687,2,2
231683,231683,231688,5,0
231683,231683,231688,5,0
231683,231683,231688,5,0
231683,231685,231687,2,2
231683,231683,231688,5,0
231683,231686,231688,2,3
231683,231683,231689,6,0
231683,231683,231688,5,0
231683,231687,231689,2,4
231683,231683,231689,6,0
231683,231687,231689,2,4
231683,231687,231688,1,4
231683,231683,231689,6,0
231683,231687,231688,1,4
231683,231683,231689,6,0
231683,231688,231690,2,5
231683,231688,231690,2,5
231683,231683,231689,6,0
231683,231688,231690,2,5
231683,231689,231690,1,6
231683,231688,231690,2,5
231683,231683,231691,8,0
231683,231683,231691,8,0
231683,231683,231691,8,0
231683,231683,231691,8,0
231683,231683,231691,8,0
231683,231688,231690,2,5
231683,231683,231691,8,0
231683,231689,231690,1,6
231683,231690,231691,1,7
231683,231690,231691,1,7
231683,231690,231691,1,7
231683,231683,231691,8,0
231683,231689,231691,2,6
231683,231689,231690,1,6
231683,231689,231691,2,6
231683,231683,231691,8,0
231683,231689,231691,2,6
231683,231690,231691,1,7
231683,231689,231690,1,6
231683,231690,231691,1,7
231683,231690,231691,1,7
231683,231683,231692,9,0
231683,231683,231691,8,0
231683,231688,231691,3,5
231683,231689,231692,3,6
231683,231689,231692,3,6
231683,231683,231691,8,0
231683,231683,231692,9,0
231683,231683,231692,9,0
231683,231683,231692,9,0
231683,231683,231693,10,0
231683,231683,231692,9,0
231683,231691,231693,2,8
231683,231691,231693,2,8
231683,231691,231693,2,8
231683,231691,231694,3,8
231683,231683,231694,11,0
231683,231683,231694,11,0
231683,231683,231694,11,0
231683,231683,231694,11,0
231683,231683,231695,12,0
231683,231683,231695,12,0
231683,231683,231696,13,0
231683,231683,231696,13,0
231683,231683,231697,14,0
231683,231683,231697,14,0
231683,231683,231698,15,0
231683,231683,231699,16,0
231710,231710,231711,1,0
231710,231710,231711,1,0
231710,231710,231711,1,0
231710,231710,231711,1,0
231710,231710,231711,1,0
231710,231710,231712,2,0
231710,231711,231713,2,1
231710,231711,231713,2,1
231710,231711,231713,2,1
231710,231712,231713,1,2
231710,231710,231714,4,0
231710,231710,231714,4,0
231710,231712,231714,2,2
231710,231713,231714,1,3
231710,231713,231714,1,3
231710,231710,231715,5,0
231710,231713,231714,1,3
231710,231713,231715,2,3
231710,231710,231715,5,0
231710,231714,231715,1,4
231710,231710,231716,6,0
231710,231710,231716,6,0
231710,231710,231716,6,0
231710,231710,231716,6,0
231710,231710,231716,6,0
231710,231710,231716,6,0
231710,231714,231716,2,4
231710,231710,231716,6,0
231710,231710,231716,6,0
231710,231710,231716,6,0
231710,231714,231716,2,4
231710,231716,231717,1,6
231710,231710,231716,6,0
231710,231710,231717,7,0
231710,231715,231716,1,5
231710,231716,231717,1,6
231710,231710,231717,7,0
231710,231710,231717,7,0
231710,231710,231716,6,0
231710,231710,231717,7,0
231710,231714,231717,3,4
231710,231710,231717,7,0
231710,231710,231716,6,0
231710,231715,231717,2,5
231710,231710,231717,7,0
231710,231715,231717,2,5
231710,231716,231717,1,6
231710,231717,231718,1,7
231710,231717,231718,1,7
231710,231710,231717,7,0
231710,231710,231718,8,0
231710,231714,231718,4,4
231710,231715,231718,3,5
231710,231717,231718,1,7
231710,231717,231718,1,7
231710,231710,231718,8,0
231710,231710,231718,8,0
231710,231716,231718,2,6
231710,231717,231718,1,7
231710,231717,231718,1,7
231710,231710,231718,8,0
231710,231717,231718,1,7
231710,231710,231718,8,0
231710,231710,231719,9,0
231710,231716,231718,2,6
231710,231717,231719,2,7
231710,231716,231719,3,6
231710,231710,231719,9,0
231710,231716,231719,3,6
231710,231710,231719,9,0
231710,231710,231719,9,0
231710,231710,231720,10,0
231710,231710,231720,10,0
231710,231716,231720,4,6
231710,231710,231721,11,0
231710,231710,231721,11,0
231710,231710,231722,12,0
231710,231710,231725,15,0
231736,231737,231738,1,1
231736,231737,231738,1,1
231736,231737,231738,1,1
231736,231737,231738,1,1
231736,231737,231738,1,1
231736,231737,231739,2,1
231736,231739,231740,1,3
231736,231738,231740,2,2
231736,231738,231740,2,2
231736,231737,231742,5,1
231736,231739,231741,2,3
231736,231737,231741,4,1
231736,231737,231741,4,1
231736,231739,231741,2,3
231736,231741,231742,1,5
231736,231737,231742,5,1
231736,231737,231742,5,1
231736,231740,231741,1,4
231736,231737,231742,5,1
231736,231737,231742,5,1
231736,231737,231743,6,1
231736,231737,231742,5,1
231736,231737,231742,5,1
231736,231737,231742,5,1
231736,231741,231742,1,5
231736,231737,231743,6,1
231736,231741,231742,1,5
231736,231737,231743,6,1
231736,231737,231743,6,1
231736,231737,231744,7,1
231736,231737,231743,6,1
231736,231737,231743,6,1
231736,231742,231743,1,6
231736,231742,231743,1,6
231736,231742,231743,1,6
231736,231742,231743,1,6
231736,231737,231743,6,1
231736,231742,231743,1,6
231736,231742,231743,1,6
231736,231743,231744,1,7
231736,231742,231743,1,6
231736,231742,231743,1,6
231736,231743,231744,1,7
231736,231737,231744,7,1
231736,231737,231744,7,1
231736,231737,231745,8,1
231736,231737,231744,7,1
231736,231743,231744,1,7
231736,231744,231745,1,8
231736,231744,231745,1,8
231736,231737,231744,7,1
231736,231744,231745,1,8
231736,231744,231745,1,8
231736,231743,231744,1,7
231736,231743,231744,1,7
231736,231743,231745,2,7
231736,231743,231744,1,7
231736,231743,231744,1,7
231736,231744,231745,1,8
231736,231737,231745,8,1
231736,231743,231745,2,7
231736,231744,231745,1,8
231736,231737,231746,9,1
231736,231742,231746,4,6
231736,231737,231746,9,1
231736,231737,231747,10,1
231736,231744,231746,2,8
231736,231737,231746,9,1
231736,231744,231746,2,8
231736,231737,231747,10,1
231736,231737,231748,11,1
231736,231737,231747,10,1
231736,231737,231748,11,1
231736,231737,231747,10,1
231736,231737,231749,12,1
231736,231737,231750,13,1
231736,231737,231750,13,1
231736,231737,231751,14,1
231736,231737,231755,18,1
231766,231767,231768,1,1
231766,231767,231768,1,1
231766,231767,231768,1,1
231766,231767,231768,1,1
231766,231767,231769,2,1
231766,231768,231769,1,2
231766,231768,231771,3,2
231766,231769,231771,2,3
231766,231768,231770,2,2
231766,231769,231770,1,3
231766,231767,231771,4,1
231766,231771,231772,1,5
231766,231767,231772,5,1
231766,231767,231772,5,1
231766,231771,231772,1,5
231766,231770,231772,2,4
231766,231770,231771,1,4
231766,231767,231773,6,1
231766,231767,231772,5,1
231766,231767,231772,5,1
231766,231771,231772,1,5
231766,231767,231773,6,1
231766,231767,231772,5,1
231766,231771,231772,1,5
231766,231767,231773,6,1
231766,231767,231773,6,1
231766,231767,231773,6,1
231766,231767,231774,7,1
231766,231767,231773,6,1
231766,231767,231774,7,1
231766,231767,231774,7,1
231766,231767,231773,6,1
231766,231772,231773,1,6
231766,231773,231774,1,7
231766,231767,231774,7,1
231766,231767,231774,7,1
231766,231773,231774,1,7
231766,231767,231773,6,1
231766,231773,231774,1,7
231766,231773,231774,1,7
231766,231767,231774,7,1
231766,231772,231773,1,6
231766,231772,231774,2,6
231766,231773,231774,1,7
231766,231772,231773,1,6
231766,231772,231773,1,6
231766,231772,231774,2,6
231766,231773,231774,1,7
231766,231767,231775,8,1
231766,231767,231774,7,1
231766,231767,231774,7,1
231766,231767,231774,7,1
231766,231773,231774,1,7
231766,231773,231774,1,7
231766,231767,231774,7,1
231766,231774,231775,1,8
231766,231774,231775,1,8
231766,231767,231775,8,1
231766,231774,231776,2,8
231766,231767,231775,8,1
231766,231773,231776,3,7
231766,231772,231775,3,6
231766,231767,231775,8,1
231766,231773,231776,3,7
231766,231774,231775,1,8
231766,231774,231776,2,8
231766,231767,231777,10,1
231766,231774,231776,2,8
231766,231774,231776,2,8
231766,231767,231777,10,1
231766,231767,231777,10,1
231766,231767,231779,12,1
231766,231767,231780,13,1
231766,231767,231781,14,1
231766,231767,231781,14,1
231766,231767,231781,14,1
231766,231767,231783,16,1
231766,231767,231783,16,1
231795,231795,231797,2,0
231795,231795,231796,1,0
231795,231795,231796,1,0
231795,231796,231797,1,1
231795,231795,231797,2,0
231795,231796,231799,3,1
231795,231798,231799,1,3
231795,231797,231799,2,2
231795,231796,231800,4,1
231795,231797,231800,3,2
231795,231796,231800,4,1
231795,231797,231800,3,2
231795,231798,231800,2,3
231795,231799,231800,1,4
231795,231800,231801,1,5
231795,231796,231801,5,1
231795,231796,231801,5,1
231795,231796,231801,5,1
231795,231796,231801,5,1
231795,231796,231801,5,1
231795,231800,231801,1,5
231795,231796,231801,5,1
231795,231796,231802,6,1
231795,231796,231801,5,1
231795,231796,231801,5,1
231795,231796,231803,7,1
231795,231796,231803,7,1
231795,231801,231802,1,6
231795,231802,231803,1,7
231795,231796,231802,6,1
231795,231801,231803,2,6
231795,231802,231803,1,7
231795,231796,231802,6,1
231795,231801,231802,1,6
231795,231801,231802,1,6
231795,231801,231802,1,6
231795,231802,231803,1,7
231795,231796,231803,7,1
231795,231796,231803,7,1
231795,231796,231803,7,1
231795,231796,231803,7,1
231795,231796,231803,7,1
231795,231796,231804,8,1
231795,231796,231803,7,1
231795,231802,231804,2,7
231795,231802,231803,1,7
231795,231802,231804,2,7
231795,231802,231803,1,7
231795,231796,231804,8,1
231795,231803,231804,1,8
231795,231802,231803,1,7
231795,231803,231804,1,8
231795,231801,231803,2,6
231795,231803,231804,1,8
231795,231803,231804,1,8
231795,231803,231804,1,8
231795,231801,231803,2,6
231795,231803,231804,1,8
231795,231803,231804,1,8
231795,231803,231804,1,8
231795,231796,231804,8,1
231795,231796,231804,8,1
231795,231796,231805,9,1
231795,231796,231804,8,1
231795,231803,231804,1,8
231795,231796,231805,9,1
231795,231802,231806,4,7
231795,231803,231805,2,8
231795,231796,231806,10,1
231795,231796,231806,10,1
231795,231796,231806,10,1
231795,231802,231806,4,7
231795,231796,231807,11,1
231795,231796,231807,11,1
231795,231796,231807,11,1
231795,231796,231807,11,1
231795,231796,231807,11,1
231795,231796,231808,12,1
231795,231796,231810,14,1
231823,231823,231824,1,0
231823,231823,231825,2,0
231823,231823,231825,2,0
231823,231823,231825,2,0
231823,231823,231824,1,0
231823,231825,231826,1,2
231823,231823,231827,4,0
231823,231823,231827,4,0
231823,231826,231827,1,3
231823,231823,231827,4,0
231823,231823,231828,5,0
231823,231823,231828,5,0
231823,231823,231828,5,0
231823,231823,231828,5,0
231823,231823,231828,5,0
231823,231826,231828,2,3
231823,231826,231828,2,3
231823,231823,231829,6,0
231823,231826,231828,2,3
231823,231823,231828,5,0
231823,231824,231828,4,1
231823,231827,231828,1,4
231823,231823,231829,6,0
231823,231823,231829,6,0
231823,231824,231829,5,1
231823,231823,231829,6,0
231823,231823,231829,6,0
231823,231823,231829,6,0
231823,231823,231829,6,0
231823,231823,231829,6,0
231823,231823,231829,6,0
231823,231828,231829,1,5
231823,231823,231830,7,0
231823,231828,231829,1,5
231823,231823,231830,7,0
231823,231823,231831,8,0
231823,231823,231830,7,0
231823,231823,231830,7,0
231823,231828,231830,2,5
231823,231829,231830,1,6
231823,231829,231830,1,6
231823,231828,231830,2,5
231823,231829,231830,1,6
231823,231830,231831,1,7
231823,231830,231831,1,7
231823,231829,231830,1,6
231823,231829,231830,1,6
231823,231829,231830,1,6
231823,231830,231831,1,7
231823,231823,231831,8,0
231823,231829,231830,1,6
231823,231829,231830,1,6
231823,231830,231831,1,7
231823,231829,231830,1,6
231823,231830,231831,1,7
231823,231830,231831,1,7
231823,231823,231831,8,0
231823,231823,231831,8,0
231823,231830,231831,1,7
231823,231830,231831,1,7
231823,231824,231832,8,1
231823,231830,231832,2,7
231823,231829,231832,3,6
231823,231830,231832,2,7
231823,231830,231832,2,7
231823,231831,231833,2,8
231823,231823,231832,9,0
231823,231829,231832,3,6
231823,231829,231832,3,6
231823,231823,231832,9,0
231823,231830,231832,2,7
231823,231823,231833,10,0
231823,231823,231833,10,0
231823,231823,231833,10,0
231823,231823,231833,10,0
231823,231823,231833,10,0
231823,231823,231834,11,0
231823,231823,231834,11,0
231823,231824,231834,10,1
231847,231847,231848,1,0
231847,231847,231848,1,0
231847,231847,231848,1,0
231847,231847,231848,1,0
231847,231847,231848,1,0
231847,231847,231850,3,0
231847,231848,231849,1,1
231847,231847,231850,3,0
231847,231847,231850,3,0
231847,231849,231851,2,2
231847,231847,231851,4,0
231847,231848,231850,2,1
231847,231847,231851,4,0
231847,231847,231851,4,0
231847,231847,231851,4,0
231847,231849,231851,2,2
231847,231847,231852,5,0
231847,231847,231852,5,0
231847,231847,231852,5,0
231847,231849,231851,2,2
231847,231847,231852,5,0
231847,231847,231853,6,0
231847,231847,231852,5,0
231847,231847,231853,6,0
231847,231847,231852,5,0
231847,231847,231852,5,0
231847,231847,231853,6,0
231847,231847,231852,5,0
231847,231847,231852,5,0
231847,231847,231852,5,0
231847,231847,231852,5,0
231847,231847,231853,6,0
231847,231847,231852,5,0
231847,231847,231853,6,0
231847,231851,231852,1,4
231847,231851,231853,2,4
231847,231851,231853,2,4
231847,231850,231852,2,3
231847,231851,231853,2,4
231847,231852,231853,1,5
231847,231847,231853,6,0
231847,231852,231853,1,5
231847,231847,231853,6,0
231847,231847,231853,6,0
231847,231852,231854,2,5
231847,231852,231854,2,5
231847,231847,231853,6,0
231847,231852,231854,2,5
231847,231852,231854,2,5
231847,231853,231854,1,6
231847,231853,231854,1,6
231847,231853,231854,1,6
231847,231853,231854,1,6
231847,231847,231854,7,0
231847,231850,231854,4,3
231847,231847,231854,7,0
231847,231847,231854,7,0
231847,231851,231855,4,4
231847,231852,231855,3,5
231847,231847,231855,8,0
231847,231847,231855,8,0
231847,231847,231856,9,0
231847,231847,231856,9,0
231847,231847,231855,8,0
231847,231847,231856,9,0
231847,231853,231855,2,6
231847,231853,231855,2,6
231847,231853,231855,2,6
231847,231853,231855,2,6
231847,231853,231855,2,6
231847,231853,231856,3,6
231847,231847,231855,8,0
231847,231853,231855,2,6
231847,231853,231855,2,6
231847,231847,231856,9,0
231847,231852,231858,6,5
231847,231853,231869,16,6
231847,231853,231870,17,6
231847,231851,231871,20,4
231882,231882,231883,1,0
231882,231882,231883,1,0
231882,231882,231883,1,0
231882,231882,231883,1,0
231882,231882,231885,3,0
231882,231882,231886,4,0
231882,231882,231886,4,0
231882,231882,231886,4,0
231882,231883,231885,2,1
231882,231883,231885,2,1
231882,231882,231886,4,0
231882,231884,231886,2,2
231882,231882,231886,4,0
231882,231882,231887,5,0
231882,231884,231887,3,2
231882,231885,231887,2,3
231846,231847,231887,40,1
231882,231882,231888,6,0
231882,231882,231888,6,0
231882,231882,231888,6,0
231882,231886,231888,2,4
231882,231886,231888,2,4
231882,231887,231888,1,5
231882,231886,231888,2,4
231882,231886,231888,2,4
231882,231886,231888,2,4
231882,231886,231888,2,4
231847,231847,231889,42,0
231849,231849,231889,40,0
231882,231882,231889,7,0
231882,231882,231888,6,0
231882,231882,231889,7,0
231882,231882,231888,6,0
231882,231882,231889,7,0
231882,231882,231889,7,0
231882,231887,231889,2,5
231882,231882,231889,7,0
231882,231882,231889,7,0
231882,231882,231889,7,0
231882,231888,231889,1,6
231882,231888,231889,1,6
231882,231889,231890,1,7
231882,231882,231889,7,0
231882,231882,231889,7,0
231882,231882,231890,8,0
231882,231882,231890,8,0
231882,231882,231890,8,0
231882,231882,231890,8,0
231882,231882,231890,8,0
231882,231887,231890,3,5
231882,231888,231890,2,6
231882,231882,231889,7,0
231882,231887,231889,2,5
231882,231889,231890,1,7
231882,231882,231890,8,0
231882,231889,231890,1,7
231882,231889,231890,1,7
231882,231882,231890,8,0
231882,231889,231890,1,7
231882,231888,231891,3,6
231882,231882,231891,9,0
231882,231886,231891,5,4
231882,231882,231891,9,0
231882,231889,231891,2,7
231882,231889,231891,2,7
231882,231882,231891,9,0
231882,231889,231892,3,7
231882,231889,231892,3,7
231882,231889,231891,2,7
231882,231889,231892,3,7
231882,231882,231892,10,0
231882,231882,231893,11,0
231882,231882,231893,11,0
231882,231882,231893,11,0
231882,231882,231894,12,0
231882,231882,231894,12,0
231882,231882,231894,12,0
231882,231882,231896,14,0
231887,231897,231898,1,10
231908,231908,231909,1,0
231908,231908,231909,1,0
231908,231908,231910,2,0
231908,231908,231909,1,0
231908,231908,231909,1,0
231908,231909,231910,1,1
231908,231909,231911,2,1
231908,231910,231912,2,2
231908,231910,231912,2,2
231908,231910,231912,2,2
231908,231908,231912,4,0
231908,231908,231912,4,0
231908,231908,231913,5,0
231908,231908,231913,5,0
231908,231911,231913,2,3
231908,231908,231913,5,0
231908,231911,231913,2,3
231908,231908,231914,6,0
231908,231908,231914,6,0
231908,231908,231913,5,0
231908,231908,231914,6,0
231908,231912,231914,2,4
231908,231908,231914,6,0
231908,231912,231914,2,4
231908,231908,231914,6,0
231908,231908,231914,6,0
231908,231908,231913,5,0
231908,231912,231913,1,4
231908,231913,231914,1,5
231908,231912,231914,2,4
231908,231913,231914,1,5
231908,231908,231914,6,0
231908,231908,231914,6,0
231908,231914,231915,1,6
231908,231914,231915,1,6
231908,231913,231915,2,5
231908,231914,231915,1,6
231908,231914,231915,1,6
231908,231913,231915,2,5
231908,231914,231915,1,6
231908,231914,231915,1,6
231908,231908,231915,7,0
231908,231914,231915,1,6
231908,231914,231915,1,6
231908,231914,231915,1,6
231908,231914,231915,1,6
231908,231908,231915,7,0
231908,231913,231916,3,5
231908,231908,231916,8,0
231908,231908,231916,8,0
231908,231908,231915,7,0
231908,231915,231916,1,7
231908,231914,231916,2,6
231908,231908,231916,8,0
231908,231908,231917,9,0
231908,231908,231916,8,0
231908,231908,231916,8,0
231908,231908,231916,8,0
231908,231913,231916,3,5
231908,231914,231916,2,6
231908,231914,231917,3,6
231908,231914,231917,3,6
231908,231908,231916,8,0
231908,231915,231916,1,7
231908,231908,231917,9,0
231908,231908,231917,9,0
231908,231915,231918,3,7
231908,231908,231918,10,0
231908,231908,231917,9,0
231908,231908,231917,9,0
231908,231908,231918,10,0
231908,231915,231917,2,7
231908,231908,231918,10,0
231908,231908,231919,11,0
231908,231908,231918,10,0
231908,231908,231920,12,0
231908,231908,231919,11,0
231908,231908,231921,13,0
231908,231908,231921,13,0
231933,231933,231934,1,0
231933,231933,231934,1,0
231933,231933,231934,1,0
231933,231933,231934,1,0
231933,231933,231935,2,0
231933,231933,231937,4,0
231933,231936,231937,1,3
231933,231935,231937,2,2
231933,231935,231936,1,2
231933,231935,231936,1,2
231933,231935,231936,1,2
231933,231933,231938,5,0
231933,231933,231937,4,0
231933,231933,231938,5,0
231933,231933,231937,4,0
231933,231933,231937,4,0
231933,231937,231938,1,4
231933,231933,231937,4,0
231933,231933,231937,4,0
231933,231937,231938,1,4
231933,231937,231938,1,4
231933,231933,231937,4,0
231933,231933,231938,5,0
231933,231933,231939,6,0
231933,231933,231938,5,0
231933,231933,231938,5,0
231933,231937,231938,1,4
231933,231933,231939,6,0
231933,231937,231938,1,4
231933,231938,231939,1,5
231933,231937,231938,1,4
231933,231938,231939,1,5
231933,231938,231939,1,5
231933,231938,231939,1,5
231933,231938,231940,2,5
231933,231933,231939,6,0
231933,231933,231939,6,0
231933,231938,231939,1,5
231933,231938,231939,1,5
231933,231939,231940,1,6
231933,231938,231939,1,5
231933,231938,231939,1,5
231933,231939,231940,1,6
231933,231939,231940,1,6
231933,231939,231940,1,6
231933,231939,231940,1,6
231933,231933,231941,8,0
231933,231938,231940,2,5
231933,231933,231940,7,0
231933,231939,231941,2,6
231933,231933,231941,8,0
231933,231938,231940,2,5
231933,231933,231940,7,0
231933,231938,231941,3,5
231933,231933,231941,8,0
231933,231939,231940,1,6
231933,231933,231940,7,0
231933,231939,231940,1,6
231933,231939,231940,1,6
231933,231939,231941,2,6
231933,231933,231941,8,0
231933,231933,231941,8,0
231933,231939,231941,2,6
231933,231940,231942,2,7
231933,231933,231941,8,0
231933,231933,231942,9,0
231933,231933,231942,9,0
231933,231933,231942,9,0
231933,231933,231943,10,0
231933,231933,231943,10,0
231933,231933,231943,10,0
231933,231933,231943,10,0
231933,231933,231944,11,0
231933,231933,231944,11,0
231933,231933,231946,13,0
231933,231933,231946,13,0
231933,231933,231946,13,0
231933,231933,231949,16,0
231933,231933,231949,16,0
231961,231961,231962,1,0
231961,231961,231962,1,0
231961,231961,231962,1,0
231961,231961,231962,1,0
231961,231961,231964,3,0
231961,231961,231964,3,0
231961,231962,231964,2,1
231961,231961,231964,3,0
231961,231961,231965,4,0
231961,231963,231965,2,2
231961,231961,231964,3,0
231961,231961,231965,4,0
231961,231963,231965,2,2
231961,231961,231965,4,0
231961,231963,231965,2,2
231961,231961,231965,4,0
231961,231964,231965,1,3
231961,231961,231966,5,0
231961,231964,231965,1,3
231961,231961,231965,4,0
231961,231961,231965,4,0
231961,231965,231966,1,4
231961,231965,231966,1,4
231961,231961,231966,5,0
231961,231961,231967,6,0
231961,231966,231967,1,5
231961,231964,231966,2,3
231961,231965,231967,2,4
231961,231961,231966,5,0
231961,231965,231967,2,4
231961,231966,231967,1,5
231961,231961,231967,6,0
231961,231965,231966,1,4
231961,231965,231966,1,4
231961,231961,231967,6,0
231961,231965,231967,2,4
231961,231966,231967,1,5
231961,231965,231968,3,4
231961,231966,231968,2,5
231961,231961,231968,7,0
231961,231961,231967,6,0
231961,231965,231967,2,4
231961,231961,231968,7,0
231961,231965,231967,2,4
231961,231961,231968,7,0
231961,231967,231968,1,6
231961,231967,231968,1,6
231961,231961,231968,7,0
231961,231961,231968,7,0
231961,231966,231967,1,5
231961,231966,231967,1,5
231961,231967,231968,1,6
231961,231967,231968,1,6
231961,231967,231968,1,6
231961,231967,231968,1,6
231961,231967,231968,1,6
231961,231961,231968,7,0
231961,231961,231969,8,0
231961,231961,231969,8,0
231961,231967,231969,2,6
231961,231967,231968,1,6
231961,231961,231968,7,0
231961,231967,231969,2,6
231961,231967,231968,1,6
231961,231961,231969,8,0
231961,231961,231970,9,0
231961,231961,231970,9,0
231961,231967,231969,2,6
231961,231961,231970,9,0
231961,231961,231971,10,0
231961,231961,231971,10,0
231961,231961,231972,11,0
231961,231961,231971,10,0
231961,231961,231972,11,0
231961,231961,231973,12,0
231961,231961,231973,12,0
231961,231961,231974,13,0
231961,231961,231973,12,0
231961,231961,231973,12,0
231984,231984,231985,1,0
231984,231984,231985,1,0
231984,231984,231985,1,0
231984,231984,231985,1,0
231984,231984,231985,1,0
231984,231984,231987,3,0
231984,231985,231987,2,1
231984,231984,231988,4,0
231984,231986,231988,2,2
231984,231985,231988,3,1
231984,231984,231988,4,0
231984,231987,231988,1,3
231984,231984,231988,4,0
231984,231984,231989,5,0
231984,231986,231988,2,2
231984,231984,231989,5,0
231984,231986,231988,2,2
231984,231984,231989,5,0
231984,231987,231988,1,3
231984,231988,231989,1,4
231984,231984,231989,5,0
231984,231988,231989,1,4
231984,231984,231989,5,0
231984,231984,231990,6,0
231984,231984,231990,6,0
231984,231984,231989,5,0
231984,231984,231989,5,0
231984,231984,231990,6,0
231984,231984,231990,6,0
231984,231984,231989,5,0
231984,231989,231990,1,5
231984,231989,231990,1,5
231984,231988,231989,1,4
231984,231989,231990,1,5
231984,231984,231990,6,0
231984,231989,231990,1,5
231984,231988,231990,2,4
231984,231989,231990,1,5
231984,231989,231990,1,5
231984,231988,231990,2,4
231984,231989,231991,2,5
231984,231989,231990,1,5
231984,231990,231991,1,6
231984,231984,231991,7,0
231984,231984,231991,7,0
231984,231990,231991,1,6
231984,231989,231990,1,5
231984,231990,231991,1,6
231984,231990,231991,1,6
231984,231990,231991,1,6
231984,231984,231992,8,0
231984,231984,231992,8,0
231984,231984,231991,7,0
231984,231984,231992,8,0
231984,231989,231992,3,5
231984,231984,231992,8,0
231984,231990,231992,2,6
231984,231990,231992,2,6
231984,231984,231991,7,0
231984,231990,231991,1,6
231984,231990,231991,1,6
231984,231990,231991,1,6
231984,231990,231992,2,6
231984,231984,231992,8,0
231984,231990,231992,2,6
231984,231984,231992,8,0
231984,231984,231993,9,0
231984,231990,231992,2,6
231984,231984,231993,9,0
231984,231984,231994,10,0
231984,231984,231995,11,0
231984,231984,231994,10,0
231984,231984,231995,11,0
231984,231984,231995,11,0
231984,231984,231995,11,0
231984,231984,231995,11,0
231984,231984,231995,11,0
231984,231984,231999,15,0
231984,231984,232001,17,0
232011,232011,232012,1,0
232011,232011,232012,1,0
232011,232011,232012,1,0
232011,232011,232013,2,0
232011,232011,232012,1,0
232011,232012,232014,2,1
232011,232012,232014,2,1
232011,232011,232014,3,0
232011,232011,232015,4,0
232011,232013,232015,2,2
232011,232013,232015,2,2
232011,232011,232016,5,0
232011,232011,232016,5,0
232011,232011,232016,5,0
232011,232011,232016,5,0
232011,232011,232016,5,0
232011,232011,232016,5,0
232011,232011,232015,4,0
232011,232011,232016,5,0
232011,232011,232015,4,0
232011,232013,232016,3,2
232011,232014,232016,2,3
232011,232011,232016,5,0
232011,232014,232016,2,3
232011,232011,232017,6,0
232011,232011,232016,5,0
232011,232015,232017,2,4
232011,232015,232017,2,4
232011,232011,232017,6,0
232011,232011,232017,6,0
232011,232011,232016,5,0
232011,232011,232017,6,0
232011,232011,232017,6,0
232011,232011,232017,6,0
232011,232011,232017,6,0
232011,232015,232017,2,4
232011,232011,232018,7,0
232011,232015,232017,2,4
232011,232011,232018,7,0
232011,232011,232018,7,0
232011,232011,232018,7,0
232011,232017,232018,1,6
232011,232016,232018,2,5
232011,232016,232018,2,5
232011,232016,232018,2,5
232011,232011,232018,7,0
232011,232016,232018,2,5
232011,232016,232018,2,5
232011,232016,232018,2,5
232011,232011,232019,8,0
232011,232011,232019,8,0
232011,232011,232019,8,0
232011,232016,232019,3,5
232011,232016,232018,2,5
232011,232011,232019,8,0
232011,232016,232018,2,5
232011,232016,232019,3,5
232011,232016,232019,3,5
232011,232011,232020,9,0
232011,232018,232019,1,7
232011,232011,232019,8,0
232011,232016,232020,4,5
232011,232016,232020,4,5
232011,232017,232019,2,6
232011,232017,232020,3,6
232011,232017,232020,3,6
232011,232011,232021,10,0
232011,232011,232021,10,0
232011,232017,232021,4,6
232011,232011,232021,10,0
232011,232011,232022,11,0
232011,232011,232023,12,0
232011,232011,232022,11,0
232011,232011,232029,18,0
232040,232040,232041,1,0
232040,232040,232041,1,0
232040,232040,232041,1,0
232040,232040,232041,1,0
232040,232040,232042,2,0
232040,232042,232043,1,2
232040,232042,232043,1,2
232040,232042,232043,1,2
232040,232040,232044,4,0
232040,232041,232044,3,1
232040,232040,232044,4,0
232040,232041,232044,3,1
232040,232043,232044,1,3
232040,232042,232044,2,2
232040,232040,232044,4,0
232040,232040,232044,4,0
232040,232041,232045,4,1
232040,232040,232045,5,0
232040,232041,232045,4,1
232040,232040,232045,5,0
232040,232041,232045,4,1
232040,232041,232045,4,1
232040,232041,232045,4,1
232040,232040,232045,5,0
232040,232041,232046,5,1
232040,232040,232045,5,0
232040,232041,232045,4,1
232040,232040,232045,5,0
232040,232044,232045,1,4
232040,232040,232045,5,0
232040,232040,232045,5,0
232040,232044,232045,1,4
232040,232045,232046,1,5
232040,232044,232045,1,4
232040,232040,232046,6,0
232040,232040,232046,6,0
232040,232045,232046,1,5
232040,232040,232046,6,0
232040,232040,232046,6,0
232040,232045,232047,2,5
232040,232040,232046,6,0
232040,232041,232047,6,1
232040,232045,232046,1,5
232040,232040,232046,6,0
232040,232041,232046,5,1
232040,232045,232046,1,5
232040,232045,232046,1,5
232040,232046,232047,1,6
232040,232046,232047,1,6
232040,232046,232047,1,6
232040,232040,232047,7,0
232040,232040,232047,7,0
232040,232040,232047,7,0
232040,232040,232047,7,0
232040,232045,232047,2,5
232040,232046,232047,1,6
232040,232046,232047,1,6
232040,232046,232047,1,6
232040,232040,232047,7,0
232040,232040,232048,8,0
232040,232046,232047,1,6
232040,232046,232048,2,6
232040,232046,232048,2,6
232040,232040,232048,8,0
232040,232046,232048,2,6
232040,232040,232048,8,0
232040,232045,232048,3,5
232040,232045,232048,3,5
232040,232046,232048,2,6
232040,232046,232048,2,6
232040,232046,232048,2,6
232040,232046,232048,2,6
232040,232040,232049,9,0
232040,232046,232049,3,6
232040,232047,232049,2,7
232040,232046,232049,3,6
232040,232040,232049,9,0
232040,232046,232050,4,6
232040,232040,232052,12,0
232064,232064,232065,1,0
232064,232064,232065,1,0
232064,232064,232066,2,0
232064,232064,232066,2,0
232064,232064,232066,2,0
232064,232064,232067,3,0
232064,232064,232067,3,0
232064,232066,232067,1,2
232064,232065,232068,3,1
232064,232064,232068,4,0
232064,232064,232068,4,0
232064,232066,232068,2,2
232064,232064,232068,4,0
232064,232067,232068,1,3
232064,232064,232069,5,0
232064,232065,232068,3,1
232064,232067,232068,1,3
232064,232064,232069,5,0
232064,232065,232069,4,1
232064,232064,232069,5,0
232064,232065,232069,4,1
232064,232064,232069,5,0
232064,232067,232069,2,3
232064,232065,232069,4,1
232064,232064,232069,5,0
232064,232064,232069,5,0
232064,232064,232069,5,0
232064,232064,232069,5,0
232064,232064,232069,5,0
232064,232068,232069,1,4
232064,232064,232070,6,0
232064,232064,232070,6,0
232064,232064,232071,7,0
232064,232064,232070,6,0
232064,232065,232070,5,1
232064,232064,232071,7,0
232064,232064,232070,6,0
232064,232065,232070,5,1
232064,232064,232070,6,0
232064,232068,232070,2,4
232064,232064,232070,6,0
232064,232069,232070,1,5
232064,232068,232070,2,4
232064,232069,232071,2,5
232064,232069,232070,1,5
232064,232069,232070,1,5
232064,232069,232070,1,5
232064,232069,232070,1,5
232064,232070,232071,1,6
232064,232064,232072,8,0
232064,232069,232072,3,5
232064,232064,232071,7,0
232064,232064,232071,7,0
232064,232069,232072,3,5
232064,232065,232071,6,1
232064,232070,232071,1,6
232064,232070,232071,1,6
232064,232064,232071,7,0
232064,232065,232071,6,1
232064,232070,232071,1,6
232064,232070,232072,2,6
232064,232070,232071,1,6
232064,232070,232071,1,6
232064,232070,232071,1,6
232064,232069,232072,3,5
232064,232070,232073,3,6
232064,232070,232072,2,6
232064,232070,232073,3,6
232064,232070,232072,2,6
232064,232071,232072,1,7
232064,232070,232072,2,6
232064,232071,232073,2,7
232064,232064,232073,9,0
232064,232064,232073,9,0
232064,232071,232073,2,7
232064,232071,232073,2,7
232064,232071,232073,2,7
232064,232064,232074,10,0
232064,232064,232078,14,0
232091,232091,232092,1,0
232091,232091,232092,1,0
232091,232091,232092,1,0
232091,232091,232092,1,0
232091,232091,232092,1,0
232091,232091,232094,3,0
232091,232091,232093,2,0
232091,232092,232093,1,1
232091,232092,232094,2,1
232091,232091,232093,2,0
232091,232092,232094,2,1
232091,232091,232094,3,0
232091,232091,232094,3,0
232091,232091,232094,3,0
232091,232093,232094,1,2
232091,232091,232094,3,0
232091,232093,232095,2,2
232091,232091,232095,4,0
232091,232091,232095,4,0
232091,232091,232095,4,0
232091,232091,232095,4,0
232091,232091,232095,4,0
232091,232091,232095,4,0
232091,232091,232095,4,0
232091,232091,232095,4,0
232091,232091,232095,4,0
232091,232091,232096,5,0
232091,232091,232096,5,0
232091,232091,232095,4,0
232091,232091,232095,4,0
232091,232091,232095,4,0
232091,232091,232095,4,0
232091,232091,232096,5,0
232091,232094,232096,2,3
232091,232095,232096,1,4
232091,232095,232096,1,4
232091,232091,232095,4,0
232091,232094,232095,1,3
232091,232095,232096,1,4
232091,232091,232095,4,0
232091,232094,232096,2,3
232091,232091,232095,4,0
232091,232094,232095,1,3
232091,232091,232097,6,0
232091,232091,232096,5,0
232091,232091,232097,6,0
232091,232091,232096,5,0
232091,232091,232096,5,0
232091,232095,232096,1,4
232091,232091,232096,5,0
232091,232094,232096,2,3
232091,232091,232096,5,0
232091,232096,232097,1,5
232091,232091,232097,6,0
232091,232095,232096,1,4
232091,232096,232097,1,5
232091,232091,232096,5,0
232091,232095,232096,1,4
232091,232096,232097,1,5
232091,232091,232098,7,0
232091,232091,232097,6,0
232091,232096,232097,1,5
232091,232096,232097,1,5
232091,232096,232098,2,5
232091,232096,232098,2,5
232091,232096,232099,3,5
232091,232096,232098,2,5
232091,232091,232099,8,0
232091,232096,232099,3,5
232091,232096,232099,3,5
232091,232096,232099,3,5
232091,232096,232099,3,5
232091,232091,232099,8,0
232091,232094,232099,5,3
232091,232096,232099,3,5
232091,232096,232099,3,5
232091,232096,232099,3,5
232091,232096,232099,3,5
232091,232096,232099,3,5
232113,232113,232114,1,0
232113,232113,232114,1,0
232113,232113,232114,1,0
232113,232113,232114,1,0
232113,232113,232114,1,0
232113,232113,232115,2,0
232113,232113,232115,2,0
232113,232113,232116,3,0
232113,232113,232115,2,0
232113,232113,232116,3,0
232113,232113,232116,3,0
232113,232113,232116,3,0
232113,232115,232116,1,2
232113,232113,232117,4,0
232113,232115,232116,1,2
232113,232113,232117,4,0
232113,232115,232116,1,2
232113,232115,232116,1,2
232113,232115,232116,1,2
232113,232113,232117,4,0
232113,232117,232118,1,4
232113,232117,232118,1,4
232113,232113,232117,4,0
232113,232117,232118,1,4
232113,232117,232118,1,4
232113,232117,232118,1,4
232113,232117,232118,1,4
232113,232113,232117,4,0
232113,232116,232117,1,3
232113,232116,232117,1,3
232113,232113,232118,5,0
232113,232116,232117,1,3
232113,232113,232118,5,0
232113,232113,232118,5,0
232113,232113,232118,5,0
232113,232113,232119,6,0
232113,232113,232118,5,0
232113,232113,232119,6,0
232113,232113,232118,5,0
232113,232113,232118,5,0
232113,232113,232118,5,0
232113,232117,232118,1,4
232113,232113,232118,5,0
232113,232118,232119,1,5
232113,232117,232118,1,4
232113,232113,232119,6,0
232113,232118,232119,1,5
232113,232118,232119,1,5
232113,232113,232119,6,0
232113,232113,232120,7,0
232113,232113,232119,6,0
232113,232113,232119,6,0
232113,232113,232119,6,0
232113,232113,232119,6,0
232113,232113,232119,6,0
232113,232116,232119,3,3
232113,232118,232119,1,5
232113,232118,232119,1,5
232113,232118,232119,1,5
232113,232118,232119,1,5
232113,232118,232119,1,5
232113,232118,232119,1,5
232113,232118,232119,1,5
232113,232118,232119,1,5
232113,232118,232119,1,5
232113,232118,232120,2,5
232113,232113,232120,7,0
232113,232119,232120,1,6
232113,232113,232120,7,0
232113,232117,232120,3,4
232113,232113,232121,8,0
232113,232119,232120,1,6
232113,232113,232120,7,0
232113,232113,232121,8,0
232113,232113,232122,9,0
232113,232119,232121,2,6
232113,232113,232121,8,0
232113,232117,232121,4,4
232113,232113,232122,9,0
232135,232135,232136,1,0
232135,232135,232136,1,0
232135,232135,232136,1,0
232135,232135,232137,2,0
232135,232135,232137,2,0
232135,232136,232137,1,1
232135,232136,232138,2,1
232135,232135,232139,4,0
232135,232137,232139,2,2
232135,232137,232139,2,2
232135,232135,232139,4,0
232135,232135,232139,4,0
232135,232137,232138,1,2
232135,232135,232139,4,0
232135,232138,232139,1,3
232135,232135,232139,4,0
232135,232135,232140,5,0
232135,232135,232140,5,0
232135,232135,232140,5,0
232135,232135,232140,5,0
232135,232135,232140,5,0
232135,232135,232140,5,0
232135,232135,232140,5,0
232135,232139,232140,1,4
232135,232135,232140,5,0
232135,232135,232139,4,0
232135,232135,232140,5,0
232135,232139,232140,1,4
232135,232138,232139,1,3
232135,232135,232140,5,0
232135,232139,232140,1,4
232135,232135,232140,5,0
232135,232139,232140,1,4
232135,232135,232141,6,0
232135,232135,232141,6,0
232135,232135,232140,5,0
232135,232135,232140,5,0
232135,232135,232141,6,0
232135,232135,232141,6,0
232135,232135,232141,6,0
232135,232135,232141,6,0
232135,232140,232141,1,5
232135,232135,232141,6,0
232135,232140,232141,1,5
232135,232140,232141,1,5
232135,232140,232141,1,5
232135,232135,232141,6,0
232135,232140,232141,1,5
232135,232141,232142,1,6
232135,232135,232142,7,0
232135,232139,232141,2,4
232135,232135,232141,6,0
232135,232140,232142,2,5
232135,232135,232142,7,0
232135,232140,232142,2,5
232135,232141,232142,1,6
232135,232141,232142,1,6
232135,232141,232142,1,6
232135,232141,232142,1,6
232135,232141,232142,1,6
232135,232141,232142,1,6
232135,232141,232142,1,6
232135,232135,232143,8,0
232135,232135,232143,8,0
232135,232135,232143,8,0
232135,232135,232143,8,0
232135,232140,232142,2,5
232135,232140,232142,2,5
232135,232135,232144,9,0
232135,232140,232144,4,5
232135,232140,232144,4,5
232135,232135,232144,9,0
232135,232135,232144,9,0
232135,232135,232145,10,0
232135,232135,232145,10,0
232157,232157,232158,1,0
232157,232157,232158,1,0
232157,232157,232158,1,0
232157,232157,232158,1,0
232157,232157,232158,1,0
232157,232158,232159,1,1
232157,232157,232159,2,0
232157,232157,232160,3,0
232157,232158,232159,1,1
232157,232158,232159,1,1
232157,232157,232161,4,0
232157,232159,232161,2,2
232157,232159,232160,1,2
232157,232159,232161,2,2
232157,232157,232161,4,0
232157,232157,232161,4,0
232157,232157,232161,4,0
232157,232157,232161,4,0
232157,232157,232162,5,0
232157,232157,232161,4,0
232157,232157,232162,5,0
232157,232161,232162,1,4
232157,232157,232162,5,0
232157,232161,232162,1,4
232157,232157,232162,5,0
232157,232157,232161,4,0
232157,232157,232161,4,0
232157,232157,232162,5,0
232157,232157,232161,4,0
232157,232160,232162,2,3
232157,232157,232162,5,0
232157,232160,232161,1,3
232157,232157,232163,6,0
232157,232157,232162,5,0
232157,232157,232162,5,0
232157,232157,232163,6,0
232157,232157,232162,5,0
232157,232157,232162,5,0
232157,232157,232162,5,0
232157,232161,232162,1,4
232157,232162,232163,1,5
232157,232157,232162,5,0
232157,232157,232162,5,0
232157,232162,232163,1,5
232157,232162,232163,1,5
232157,232162,232163,1,5
232157,232161,232162,1,4
232157,232162,232163,1,5
232157,232157,232163,6,0
232157,232162,232163,1,5
232157,232162,232163,1,5
232157,232157,232163,6,0
232157,232157,232163,6,0
232157,232157,232163,6,0
232157,232161,232163,2,4
232157,232157,232163,6,0
232157,232162,232164,2,5
232157,232162,232164,2,5
232157,232160,232163,3,3
232157,232160,232163,3,3
232157,232162,232164,2,5
232157,232162,232163,1,5
232157,232162,232164,2,5
232157,232157,232164,7,0
232157,232162,232163,1,5
232157,232162,232163,1,5
232157,232157,232165,8,0
232157,232157,232164,7,0
232157,232163,232165,2,6
232157,232157,232165,8,0
232157,232162,232164,2,5
232157,232157,232164,7,0
232157,232162,232164,2,5
232157,232157,232164,7,0
232157,232162,232164,2,5
232157,232157,232165,8,0
232157,232157,232165,8,0
232157,232163,232166,3,6
232157,232163,232165,2,6
232178,232178,232179,1,0
232178,232178,232179,1,0
232178,232178,232179,1,0
232178,232178,232179,1,0
232178,232178,232179,1,0
232178,232178,232182,4,0
232178,232180,232181,1,2
232178,232178,232182,4,0
232178,232180,232181,1,2
232178,232179,232181,2,1
232178,232178,232181,3,0
232178,232178,232181,3,0
232178,232179,232181,2,1
232178,232180,232182,2,2
232178,232178,232183,5,0
232178,232178,232182,4,0
232178,232178,232183,5,0
232178,232178,232182,4,0
232178,232178,232183,5,0
232178,232178,232182,4,0
232178,232178,232183,5,0
232178,232178,232182,4,0
232178,232178,232183,5,0
232178,232178,232182,4,0
232178,232178,232183,5,0
232178,232178,232183,5,0
232178,232178,232184,6,0
232178,232178,232183,5,0
232178,232178,232183,5,0
232178,232178,232183,5,0
232178,232178,232183,5,0
232178,232178,232183,5,0
232178,232178,232183,5,0
232178,232182,232183,1,4
232178,232178,232184,6,0
232178,232182,232183,1,4
232178,232183,232184,1,5
232178,232182,232184,2,4
232178,232182,232184,2,4
232178,232183,232184,1,5
232178,232182,232184,2,4
232178,232182,232183,1,4
232178,232182,232183,1,4
232178,232183,232184,1,5
232178,232182,232183,1,4
232178,232183,232184,1,5
232178,232178,232185,7,0
232178,232183,232185,2,5
232178,232178,232185,7,0
232178,232178,232184,6,0
232178,232178,232184,6,0
232178,232183,232185,2,5
232178,232178,232184,6,0
232178,232178,232184,6,0
232178,232178,232184,6,0
232178,232183,232185,2,5
232178,232178,232184,6,0
232178,232184,232185,1,6
232178,232178,232184,6,0
232178,232183,232184,1,5
232178,232183,232184,1,5
232178,232178,232185,7,0
232178,232178,232186,8,0
232178,232183,232185,2,5
232178,232178,232185,7,0
232178,232178,232186,8,0
232178,232183,232186,3,5
232178,232182,232185,3,4
232178,232184,232186,2,6
232178,232184,232186,2,6
232178,232184,232185,1,6
232178,232184,232185,1,6
232178,232184,232185,1,6
232178,232178,232186,8,0
232178,232178,232186,8,0
232178,232184,232187,3,6
232178,232184,232187,3,6
232178,232184,232187,3,6
232178,232184,232188,4,6
232200,232200,232201,1,0
232200,232200,232201,1,0
232200,232200,232201,1,0
232200,232200,232202,2,0
232200,232200,232201,1,0
232200,232200,232203,3,0
232200,232200,232202,2,0
232200,232201,232203,2,1
232200,232201,232203,2,1
232200,232201,232203,2,1
232200,232200,232204,4,0
232200,232202,232204,2,2
232200,232200,232203,3,0
232200,232200,232204,4,0
232200,232202,232204,2,2
232200,232200,232204,4,0
232200,232203,232204,1,3
232200,232200,232205,5,0
232200,232200,232205,5,0
232200,232200,232205,5,0
232200,232200,232204,4,0
232200,232200,232205,5,0
232200,232204,232205,1,4
232200,232200,232205,5,0
232200,232203,232204,1,3
232200,232200,232205,5,0
232200,232200,232205,5,0
232200,232203,232204,1,3
232200,232200,232205,5,0
232200,232200,232206,6,0
232200,232203,232206,3,3
232200,232200,232206,6,0
232200,232200,232206,6,0
232200,232204,232205,1,4
232200,232204,232206,2,4
232200,232200,232206,6,0
232200,232200,232206,6,0
232200,232205,232206,1,5
232200,232200,232206,6,0
232200,232205,232206,1,5
232200,232205,232206,1,5
232200,232200,232206,6,0
232200,232200,232206,6,0
232200,232204,232206,2,4
232200,232205,232206,1,5
232200,232204,232206,2,4
232200,232203,232207,4,3
232200,232200,232207,7,0
232200,232204,232206,2,4
232200,232205,232206,1,5
232200,232200,232207,7,0
232200,232200,232206,6,0
232200,232205,232207,2,5
232200,232205,232206,1,5
232200,232205,232207,2,5
232200,232200,232206,6,0
232200,232200,232207,7,0
232200,232206,232207,1,6
232200,232206,232207,1,6
232200,232205,232208,3,5
232200,232200,232208,8,0
232200,232205,232207,2,5
232200,232205,232208,3,5
232200,232200,232208,8,0
232200,232206,232208,2,6
232200,232200,232208,8,0
232200,232206,232208,2,6
232200,232206,232208,2,6
232200,232200,232209,9,0
232200,232205,232209,4,5
232200,232204,232209,5,4
232200,232200,232209,9,0
232200,232200,232210,10,0
232200,232200,232209,9,0
232200,232206,232209,3,6
232200,232200,232211,11,0
232200,232200,232211,11,0
232200,232200,232213,13,0
232200,232200,232213,13,0
232224,232224,232225,1,0
232224,232224,232226,2,0
232224,232224,232226,2,0
232224,232224,232226,2,0
232224,232224,232226,2,0
232224,232226,232227,1,2
232224,232227,232228,1,3
232224,232227,232228,1,3
232224,232227,232229,2,3
232224,232225,232229,4,1
232224,232225,232229,4,1
232224,232225,232229,4,1
232224,232225,232229,4,1
232224,232227,232229,2,3
232224,232224,232229,5,0
232224,232228,232229,1,4
232224,232225,232229,4,1
232224,232229,232230,1,5
232224,232225,232229,4,1
232224,232229,232230,1,5
232224,232225,232230,5,1
232224,232225,232230,5,1
232224,232225,232230,5,1
232224,232225,232230,5,1
232224,232224,232231,7,0
232224,232224,232230,6,0
232224,232229,232230,1,5
232224,232224,232230,6,0
232224,232224,232231,7,0
232224,232225,232230,5,1
232224,232225,232230,5,1
232224,232225,232231,6,1
232224,232230,232231,1,6
232224,232230,232231,1,6
232224,232225,232231,6,1
232224,232225,232231,6,1
232224,232225,232231,6,1
232224,232225,232231,6,1
232224,232225,232231,6,1
232224,232231,232232,1,7
232224,232231,232232,1,7
232224,232224,232232,8,0
232224,232230,232231,1,6
232224,232230,232231,1,6
232224,232230,232231,1,6
232224,232230,232231,1,6
232224,232231,232232,1,7
232224,232230,232231,1,6
232224,232230,232231,1,6
232224,232231,232232,1,7
232224,232231,232232,1,7
232224,232231,232232,1,7
232224,232231,232232,1,7
232224,232231,232232,1,7
232224,232225,232232,7,1
232224,232231,232233,2,7
232224,232230,232232,2,6
232224,232230,232232,2,6
232224,232231,232232,1,7
232224,232231,232232,1,7
232224,232224,232232,8,0
232224,232225,232232,7,1
232224,232225,232233,8,1
232224,232230,232233,3,6
232224,232231,232233,2,7
232224,232224,232233,9,0
232224,232224,232233,9,0
232224,232231,232233,2,7
232224,232231,232233,2,7
232224,232224,232233,9,0
232224,232232,232233,1,8
232224,232224,232234,10,0
232224,232224,232234,10,0
232224,232224,232234,10,0
232224,232224,232235,11,0
232224,232224,232235,11,0
232224,232224,232235,11,0
232224,232225,232236,11,1
232224,232224,232237,13,0
232248,232249,232250,1,1
232248,232249,232250,1,1
232248,232249,232250,1,1
232248,232249,232250,1,1
232248,232249,232250,1,1
232248,232250,232251,1,2
232248,232250,232251,1,2
232248,232250,232251,1,2
232248,232249,232252,3,1
232248,232249,232253,4,1
232248,232250,232252,2,2
232248,232249,232253,4,1
232248,232249,232253,4,1
232248,232251,232253,2,3
232248,232249,232253,4,1
232248,232252,232253,1,4
232248,232249,232254,5,1
232248,232249,232254,5,1
232248,232252,232253,1,4
232248,232249,232254,5,1
232248,232249,232253,4,1
232248,232252,232253,1,4
232248,232249,232254,5,1
232248,232249,232254,5,1
232248,232254,232255,1,6
232248,232249,232255,6,1
232248,232253,232255,2,5
232248,232249,232255,6,1
232248,232249,232255,6,1
232248,232249,232255,6,1
232248,232249,232255,6,1
232248,232249,232256,7,1
232248,232254,232255,1,6
232248,232249,232255,6,1
232248,232254,232255,1,6
232248,232249,232256,7,1
232248,232249,232255,6,1
232248,232254,232255,1,6
232248,232254,232256,2,6
232248,232249,232256,7,1
232248,232254,232256,2,6
232248,232254,232255,1,6
232248,232254,232255,1,6
232248,232253,232255,2,5
232248,232254,232255,1,6
232248,232255,232256,1,7
232248,232249,232256,7,1
232248,232253,232256,3,5
232248,232249,232256,7,1
232248,232256,232257,1,8
232248,232249,232256,7,1
232248,232249,232256,7,1
232248,232256,232257,1,8
232248,232249,232256,7,1
232248,232254,232258,4,6
232248,232249,232258,9,1
232248,232254,232257,3,6
232248,232255,232257,2,7
232248,232255,232257,2,7
232248,232249,232258,9,1
232248,232249,232257,8,1
232248,232256,232258,2,8
232248,232256,232258,2,8
232248,232249,232258,9,1
232248,232256,232257,1,8
232248,232256,232257,1,8
232248,232256,232257,1,8
232248,232249,232258,9,1
232248,232249,232259,10,1
232248,232256,232258,2,8
232248,232256,232258,2,8
232248,232256,232259,3,8
232248,232249,232260,11,1
232248,232249,232260,11,1
232248,232249,232260,11,1
232248,232249,232262,13,1
232248,232249,232262,13,1
232248,232249,232263,14,1
232248,232249,232266,17,1
232279,232279,232280,1,0
232279,232279,232280,1,0
232279,232279,232280,1,0
232279,232279,232280,1,0
232279,232279,232280,1,0
232279,232279,232282,3,0
232279,232280,232282,2,1
232279,232280,232281,1,1
232279,232279,232282,3,0
232279,232279,232283,4,0
232279,232279,232282,3,0
232279,232281,232282,1,2
232279,232279,232282,3,0
232279,232281,232282,1,2
232279,232281,232282,1,2
232279,232282,232283,1,3
232279,232279,232283,4,0
232279,232279,232284,5,0
232279,232282,232283,1,3
232279,232279,232283,4,0
232279,232279,232283,4,0
232279,232279,232285,6,0
232279,232279,232285,6,0
232279,232279,232285,6,0
232279,232279,232284,5,0
232279,232279,232284,5,0
232279,232283,232285,2,4
232279,232279,232284,5,0
232279,232279,232285,6,0
232279,232279,232285,6,0
232279,232279,232285,6,0
232279,232282,232285,3,3
232279,232279,232286,7,0
232279,232279,232286,7,0
232279,232279,232285,6,0
232279,232284,232285,1,5
232279,232283,232285,2,4
232279,232279,232285,6,0
232279,232285,232286,1,6
232279,232283,232286,3,4
232279,232285,232286,1,6
232279,232285,232286,1,6
232279,232279,232286,7,0
232279,232283,232285,2,4
232279,232284,232286,2,5
232279,232285,232286,1,6
232279,232279,232287,8,0
232279,232279,232287,8,0
232279,232279,232286,7,0
232279,232285,232286,1,6
232279,232279,232286,7,0
232279,232286,232287,1,7
232279,232286,232287,1,7
232279,232279,232286,7,0
232279,232279,232286,7,0
232279,232286,232287,1,7
232279,232279,232287,8,0
232279,232283,232288,5,4
232279,232286,232287,1,7
232279,232284,232287,3,5
232279,232283,232287,4,4
232279,232283,232288,5,4
232279,232284,232287,3,5
232279,232285,232287,2,6
232279,232279,232287,8,0
232279,232283,232287,4,4
232279,232285,232287,2,6
232279,232279,232287,8,0
232279,232279,232289,10,0
232279,232279,232288,9,0
232279,232279,232288,9,0
232279,232279,232288,9,0
232279,232279,232288,9,0
232279,232279,232288,9,0
232279,232285,232288,3,6
232279,232286,232288,2,7
232279,232286,232288,2,7
232279,232284,232288,4,5
232279,232279,232292,13,0
232305,232305,232306,1,0
232305,232305,232306,1,0
232305,232305,232306,1,0
232305,232305,232307,2,0
232305,232305,232307,2,0
232305,232307,232308,1,2
232305,232306,232308,2,1
232305,232306,232308,2,1
232305,232307,232308,1,2
232305,232306,232308,2,1
232305,232307,232308,1,2
232305,232305,232308,3,0
232305,232305,232309,4,0
232305,232305,232309,4,0
232305,232308,232309,1,3
232305,232308,232309,1,3
232305,232308,232309,1,3
232305,232305,232310,5,0
232305,232305,232310,5,0
232305,232309,232310,1,4
232305,232305,232311,6,0
232305,232310,232311,1,5
232305,232306,232311,5,1
232305,232305,232311,6,0
232305,232309,232311,2,4
232305,232306,232311,5,1
232305,232310,232311,1,5
232305,232310,232311,1,5
232305,232305,232312,7,0
232305,232305,232312,7,0
232305,232305,232312,7,0
232305,232309,232312,3,4
232305,232305,232312,7,0
232305,232305,232312,7,0
232305,232312,232313,1,7
232305,232305,232313,8,0
232305,232305,232313,8,0
232305,232311,232313,2,6
232305,232305,232312,7,0
232305,232305,232312,7,0
232305,232305,232312,7,0
232305,232311,232312,1,6
232305,232309,232313,4,4
232305,232305,232314,9,0
232305,232310,232313,3,5
232305,232309,232313,4,4
232305,232312,232314,2,7
232305,232305,232313,8,0
232305,232312,232313,1,7
232305,232312,232313,1,7
232305,232312,232313,1,7
232305,232305,232313,8,0
232305,232312,232313,1,7
232305,232313,232314,1,8
232305,232312,232313,1,7
232305,232306,232314,8,1
232305,232305,232314,9,0
232305,232313,232315,2,8
232305,232310,232314,4,5
232305,232312,232314,2,7
232305,232305,232314,9,0
232305,232313,232314,1,8
232305,232305,232314,9,0
232305,232313,232314,1,8
232305,232312,232315,3,7
232305,232311,232315,4,6
232305,232310,232315,5,5
232305,232313,232315,2,8
232305,232305,232316,11,0
232305,232305,232315,10,0
232305,232313,232315,2,8
232305,232305,232316,11,0
232305,232305,232316,11,0
232305,232305,232316,11,0
232305,232305,232316,11,0
232305,232305,232316,11,0
232305,232305,232317,12,0
232305,232305,232319,14,0
232305,232305,232320,15,0
232332,232332,232333,1,0
232332,232332,232334,2,0
232332,232332,232333,1,0
232332,232332,232334,2,0
232332,232332,232334,2,0
232332,232334,232335,1,2
232332,232334,232335,1,2
232332,232333,232335,2,1
232332,232334,232335,1,2
232332,232335,232336,1,3
232332,232335,232336,1,3
232332,232333,232336,3,1
232332,232333,232336,3,1
232332,232333,232336,3,1
232332,232333,232336,3,1
232332,232335,232336,1,3
232332,232333,232336,3,1
232332,232335,232337,2,3
232332,232333,232337,4,1
232332,232333,232337,4,1
232332,232333,232337,4,1
232332,232336,232337,1,4
232332,232336,232337,1,4
232332,232333,232338,5,1
232332,232333,232338,5,1
232332,232336,232338,2,4
232332,232337,232338,1,5
232332,232333,232339,6,1
232332,232333,232339,6,1
232332,232337,232339,2,5
232332,232337,232338,1,5
232332,232338,232339,1,6
232332,232336,232340,4,4
232332,232332,232339,7,0
232332,232333,232339,6,1
232332,232332,232339,7,0
232332,232333,232339,6,1
232332,232333,232339,6,1
232332,232333,232339,6,1
232332,232333,232339,6,1
232332,232338,232339,1,6
232332,232339,232340,1,7
232332,232333,232339,6,1
232332,232333,232339,6,1
232332,232339,232340,1,7
232332,232333,232339,6,1
232332,232333,232339,6,1
232332,232333,232340,7,1
232332,232337,232340,3,5
232332,232333,232340,7,1
232332,232333,232340,7,1
232332,232339,232340,1,7
232332,232338,232340,2,6
232332,232339,232341,2,7
232332,232332,232340,8,0
232332,232339,232340,1,7
232332,232340,232341,1,8
232332,232339,232340,1,7
232332,232339,232340,1,7
232332,232339,232340,1,7
232332,232333,232342,9,1
232332,232333,232341,8,1
232332,232338,232341,3,6
232332,232337,232341,4,5
232332,232338,232341,3,6
232332,232337,232341,4,5
232332,232340,232342,2,8
232332,232332,232342,10,0
232332,232339,232342,3,7
232332,232333,232342,9,1
232332,232337,232342,5,5
232332,232340,232342,2,8
232332,232333,232343,10,1
232332,232333,232344,11,1
232332,232332,232344,12,0
232332,232332,232344,12,0
232332,232333,232345,12,1
232332,232333,232345,12,1
232332,232332,232348,16,0
232360,232360,232361,1,0
232360,232360,232361,1,0
232360,232360,232361,1,0
232360,232360,232362,2,0
232360,232360,232361,1,0
232360,232360,232363,3,0
232360,232360,232363,3,0
232360,232362,232363,1,2
232360,232362,232363,1,2
232360,232361,232363,2,1
232360,232362,232363,1,2
232360,232362,232363,1,2
232360,232363,232364,1,3
232360,232363,232364,1,3
232360,232360,232364,4,0
232360,232360,232365,5,0
232360,232360,232365,5,0
232360,232360,232364,4,0
232360,232360,232364,4,0
232360,232360,232365,5,0
232360,232364,232365,1,4
232360,232363,232364,1,3
232360,232360,232366,6,0
232360,232360,232365,5,0
232360,232364,232365,1,4
232360,232363,232365,2,3
232360,232363,232366,3,3
232360,232360,232366,6,0
232360,232360,232366,6,0
232360,232364,232366,2,4
232360,232360,232366,6,0
232360,232360,232366,6,0
232360,232360,232366,6,0
232360,232364,232366,2,4
232360,232360,232367,7,0
232360,232360,232367,7,0
232360,232360,232367,7,0
232360,232360,232367,7,0
232360,232360,232366,6,0
232360,232366,232367,1,6
232360,232360,232367,7,0
232360,232360,232366,6,0
232360,232360,232367,7,0
232360,232365,232366,1,5
232360,232360,232367,7,0
232360,232365,232366,1,5
232360,232366,232367,1,6
232360,232360,232366,6,0
232360,232366,232367,1,6
232360,232366,232367,1,6
232360,232366,232367,1,6
232360,232360,232367,7,0
232360,232360,232367,7,0
232360,232365,232368,3,5
232360,232360,232368,8,0
232360,232365,232367,2,5
232360,232366,232368,2,6
232360,232365,232367,2,5
232360,232360,232368,8,0
232360,232366,232368,2,6
232360,232366,232367,1,6
232360,232360,232368,8,0
232360,232366,232368,2,6
232360,232360,232368,8,0
232360,232367,232369,2,7
232360,232365,232369,4,5
232360,232366,232368,2,6
232360,232365,232368,3,5
232360,232366,232368,2,6
232360,232366,232369,3,6
232360,232360,232369,9,0
232360,232365,232369,4,5
232360,232360,232371,11,0
232360,232360,232371,11,0
232360,232360,232372,12,0
232360,232360,232372,12,0
232360,232360,232373,13,0
232360,232360,232373,13,0
232360,232360,232374,14,0
232385,232385,232386,1,0
232385,232385,232386,1,0
232385,232385,232386,1,0
232385,232385,232386,1,0
232385,232385,232387,2,0
232385,232387,232388,1,2
232385,232386,232387,1,1
232385,232385,232388,3,0
232385,232385,232388,3,0
232385,232385,232389,4,0
232385,232387,232388,1,2
232385,232387,232388,1,2
232385,232385,232389,4,0
232385,232385,232390,5,0
232385,232388,232389,1,3
232385,232385,232389,4,0
232385,232388,232389,1,3
232385,232388,232389,1,3
232385,232385,232390,5,0
232385,232385,232390,5,0
232385,232385,232391,6,0
232385,232385,232391,6,0
232385,232385,232391,6,0
232385,232389,232391,2,4
232385,232385,232391,6,0
232385,232385,232390,5,0
232385,232385,232390,5,0
232385,232385,232390,5,0
232385,232385,232390,5,0
232385,232390,232391,1,5
232385,232385,232390,5,0
232385,232385,232390,5,0
232385,232389,232390,1,4
232385,232385,232390,5,0
232385,232389,232390,1,4
232385,232385,232392,7,0
232385,232389,232391,2,4
232385,232385,232392,7,0
232385,232390,232392,2,5
232385,232385,232391,6,0
232385,232389,232391,2,4
232385,232385,232391,6,0
232385,232390,232391,1,5
232385,232391,232392,1,6
232385,232390,232391,1,5
232385,232391,232392,1,6
232385,232385,232391,6,0
232385,232390,232391,1,5
232385,232391,232392,1,6
232385,232385,232391,6,0
232385,232390,232391,1,5
232385,232391,232392,1,6
232385,232391,232392,1,6
232385,232385,232392,7,0
232385,232390,232392,2,5
232385,232390,232392,2,5
232385,232391,232393,2,6
232385,232391,232392,1,6
232385,232391,232392,1,6
232385,232391,232392,1,6
232385,232391,232393,2,6
232385,232391,232392,1,6
232385,232385,232394,9,0
232385,232391,232393,2,6
232385,232391,232393,2,6
232385,232391,232394,3,6
232385,232385,232394,9,0
232385,232385,232394,9,0
232385,232385,232395,10,0
232385,232385,232395,10,0
232385,232391,232395,4,6
232385,232385,232394,9,0
232385,232385,232395,10,0
232385,232385,232396,11,0
232385,232385,232395,10,0
232385,232385,232395,10,0
232385,232385,232396,11,0
232385,232385,232398,13,0
232385,232385,232403,18,0
232414,232414,232415,1,0
232414,232414,232415,1,0
232414,232414,232416,2,0
232414,232414,232415,1,0
232414,232414,232417,3,0
232414,232416,232418,2,2
232414,232416,232417,1,2
232414,232416,232417,1,2
232414,232416,232418,2,2
232414,232414,232419,5,0
232414,232414,232419,5,0
232414,232414,232419,5,0
232414,232414,232419,5,0
232414,232414,232419,5,0
232414,232414,232420,6,0
232414,232414,232420,6,0
232414,232417,232419,2,3
232414,232414,232420,6,0
232414,232418,232420,2,4
232414,232414,232419,5,0
232414,232414,232420,6,0
232414,232418,232420,2,4
232414,232418,232419,1,4
232414,232418,232420,2,4
232414,232414,232421,7,0
232414,232414,232421,7,0
232414,232414,232420,6,0
232414,232414,232421,7,0
232414,232414,232421,7,0
232414,232420,232421,1,6
232414,232414,232420,6,0
232414,232414,232420,6,0
232414,232414,232420,6,0
232414,232414,232421,7,0
232414,232414,232420,6,0
232414,232419,232420,1,5
232414,232419,232422,3,5
232414,232420,232422,2,6
232414,232419,232422,3,5
232414,232420,232421,1,6
232414,232420,232422,2,6
232414,232420,232422,2,6
232414,232414,232422,8,0
232414,232420,232422,2,6
232414,232420,232422,2,6
232414,232421,232422,1,7
232414,232420,232422,2,6
232414,232421,232422,1,7
232414,232420,232422,2,6
232414,232420,232423,3,6
232414,232414,232423,9,0
232414,232420,232423,3,6
232414,232421,232423,2,7
232414,232414,232423,9,0
232414,232420,232423,3,6
232414,232421,232423,2,7
232414,232421,232423,2,7
232414,232421,232422,1,7
232414,232414,232423,9,0
232414,232421,232423,2,7
232414,232421,232423,2,7
232414,232421,232422,1,7
232414,232421,232423,2,7
232414,232414,232424,10,0
232414,232414,232424,10,0
232414,232414,232424,10,0
232414,232414,232424,10,0
232414,232421,232423,2,7
232414,232414,232425,11,0
232414,232414,232425,11,0
232414,232414,232425,11,0
232414,232414,232425,11,0
232414,232414,232425,11,0
232414,232414,232427,13,0
232414,232414,232428,14,0
232388,232389,232428,39,1
232414,232414,232429,15,0
232391,232391,232430,39,0
232414,232414,232430,16,0
232414,232414,232431,17,0
232390,232390,232432,42,0
232414,232414,232434,20,0
232445,232445,232446,1,0
232445,232445,232446,1,0
232445,232445,232447,2,0
232445,232445,232447,2,0
232445,232445,232446,1,0
232445,232446,232447,1,1
232445,232446,232447,1,1
232445,232445,232449,4,0
232445,232445,232449,4,0
232445,232447,232449,2,2
232445,232447,232448,1,2
232445,232447,232449,2,2
232445,232447,232449,2,2
232445,232445,232449,4,0
232445,232445,232450,5,0
232445,232445,232450,5,0
232445,232445,232449,4,0
232445,232447,232450,3,2
232445,232445,232450,5,0
232445,232445,232451,6,0
232445,232445,232451,6,0
232445,232445,232450,5,0
232445,232445,232451,6,0
232445,232449,232451,2,4
232445,232445,232451,6,0
232445,232449,232451,2,4
232445,232449,232451,2,4
232445,232445,232451,6,0
232445,232445,232450,5,0
232445,232450,232451,1,5
232445,232449,232451,2,4
232445,232450,232451,1,5
232445,232445,232452,7,0
232445,232445,232452,7,0
232445,232450,232452,2,5
232445,232445,232452,7,0
232445,232445,232452,7,0
232445,232445,232451,6,0
232445,232451,232452,1,6
232445,232445,232452,7,0
232445,232445,232452,7,0
232445,232451,232452,1,6
232445,232449,232452,3,4
232445,232445,232452,7,0
232445,232445,232453,8,0
232445,232445,232452,7,0
232445,232449,232453,4,4
232445,232451,232453,2,6
232445,232445,232453,8,0
232445,232451,232453,2,6
232445,232445,232453,8,0
232445,232445,232453,8,0
232445,232451,232452,1,6
232445,232452,232453,1,7
232445,232452,232453,1,7
232445,232452,232453,1,7
232445,232452,232453,1,7
232445,232445,232454,9,0
232445,232445,232454,9,0
232445,232450,232454,4,5
232445,232451,232454,3,6
232445,232450,232454,4,5
232445,232451,232453,2,6
232445,232445,232454,9,0
232445,232450,232454,4,5
232445,232452,232454,2,7
232445,232445,232454,9,0
232445,232451,232454,3,6
232445,232445,232454,9,0
232445,232451,232454,3,6
232445,232452,232455,3,7
232445,232445,232455,10,0
232445,232445,232455,10,0
232445,232452,232455,3,7
232445,232445,232455,10,0
232445,232445,232456,11,0
232445,232445,232456,11,0
232445,232445,232455,10,0
232445,232445,232457,12,0
232469,232469,232470,1,0
232469,232469,232470,1,0
232469,232469,232470,1,0
232469,232469,232470,1,0
232469,232469,232470,1,0
232469,232470,232472,2,1
232469,232470,232472,2,1
232469,232469,232473,4,0
232469,232469,232473,4,0
232469,232471,232472,1,2
232469,232471,232473,2,2
232469,232470,232473,3,1
232469,232469,232473,4,0
232469,232469,232473,4,0
232469,232469,232474,5,0
232469,232469,232473,4,0
232469,232469,232474,5,0
232469,232469,232474,5,0
232469,232469,232473,4,0
232469,232472,232474,2,3
232469,232469,232474,5,0
232469,232469,232474,5,0
232469,232469,232475,6,0
232469,232469,232475,6,0
232469,232469,232474,5,0
232469,232469,232474,5,0
232469,232469,232474,5,0
232469,232473,232475,2,4
232469,232469,232475,6,0
232469,232469,232475,6,0
232469,232473,232474,1,4
232469,232469,232474,5,0
232469,232473,232475,2,4
232469,232474,232475,1,5
232469,232469,232475,6,0
232469,232472,232474,2,3
232469,232469,232475,6,0
232469,232473,232476,3,4
232469,232475,232476,1,6
232469,232475,232476,1,6
232469,232469,232476,7,0
232469,232474,232475,1,5
232469,232475,232476,1,6
232469,232475,232476,1,6
232469,232475,232476,1,6
232469,232475,232476,1,6
232469,232469,232476,7,0
232469,232474,232475,1,5
232469,232475,232476,1,6
232469,232469,232476,7,0
232469,232474,232477,3,5
232469,232475,232477,2,6
232469,232474,232476,2,5
232469,232473,232476,3,4
232469,232474,232476,2,5
232469,232475,232476,1,6
232469,232475,232476,1,6
232469,232469,232477,8,0
232469,232474,232477,3,5
232469,232474,232477,3,5
232469,232475,232478,3,6
232469,232475,232478,3,6
232469,232469,232477,8,0
232469,232469,232478,9,0
232469,232469,232477,8,0
232469,232469,232478,9,0
232469,232469,232479,10,0
232469,232475,232479,4,6
232469,232475,232478,3,6
232469,232469,232478,9,0
232469,232474,232479,5,5
232469,232469,232478,9,0
232469,232469,232479,10,0
232469,232469,232479,10,0
232469,232469,232479,10,0
232469,232469,232481,12,0
232469,232469,232481,12,0
232469,232469,232482,13,0
232469,232469,232486,17,0
232497,232497,232498,1,0
232497,232497,232498,1,0
232497,232497,232498,1,0
232497,232497,232498,1,0
232497,232497,232498,1,0
232497,232497,232500,3,0
232497,232497,232500,3,0
232497,232497,232500,3,0
232497,232497,232500,3,0
232497,232498,232500,2,1
232497,232497,232501,4,0
232497,232497,232501,4,0
232497,232499,232501,2,2
232497,232498,232501,3,1
232497,232499,232501,2,2
232497,232498,232500,2,1
232497,232497,232501,4,0
232497,232497,232502,5,0
232497,232497,232502,5,0
232497,232501,232502,1,4
232497,232497,232502,5,0
232497,232497,232503,6,0
232497,232500,232503,3,3
232497,232502,232503,1,5
232497,232497,232503,6,0
232497,232497,232503,6,0
232497,232502,232503,1,5
232497,232497,232503,6,0
232497,232500,232503,3,3
232497,232502,232503,1,5
232497,232497,232504,7,0
232497,232497,232503,6,0
232497,232502,232503,1,5
232497,232502,232503,1,5
232497,232497,232504,7,0
232497,232502,232504,2,5
232497,232497,232504,7,0
232497,232500,232504,4,3
232497,232497,232504,7,0
232497,232503,232504,1,6
232497,232497,232504,7,0
232497,232497,232504,7,0
232497,232502,232505,3,5
232497,232497,232504,7,0
232497,232497,232504,7,0
232497,232503,232504,1,6
232497,232504,232505,1,7
232497,232504,232505,1,7
232497,232497,232505,8,0
232497,232497,232505,8,0
232497,232497,232505,8,0
232497,232497,232505,8,0
232497,232497,232505,8,0
232497,232501,232505,4,4
232497,232504,232505,1,7
232497,232504,232505,1,7
232497,232497,232505,8,0
232497,232504,232505,1,7
232497,232504,232505,1,7
232497,232504,232505,1,7
232497,232497,232506,9,0
232497,232497,232506,9,0
232497,232503,232506,3,6
232497,232504,232506,2,7
232497,232497,232506,9,0
232497,232502,232506,4,5
232497,232504,232506,2,7
232497,232497,232506,9,0
232497,232497,232507,10,0
232497,232504,232507,3,7
232497,232497,232508,11,0
232497,232497,232510,13,0
232497,232497,232509,12,0
232497,232497,232512,15,0
232497,232497,232515,18,0
232526,232526,232527,1,0
232526,232526,232527,1,0
232526,232526,232527,1,0
232526,232526,232527,1,0
232526,232526,232527,1,0
232526,232526,232529,3,0
232526,232526,232528,2,0
232526,232526,232528,2,0
232526,232526,232529,3,0
232526,232526,232530,4,0
232526,232526,232530,4,0
232526,232526,232530,4,0
232526,232526,232530,4,0
232526,232526,232530,4,0
232526,232528,232529,1,2
232526,232528,232530,2,2
232526,232528,232529,1,2
232526,232528,232529,1,2
232526,232528,232530,2,2
232526,232526,232530,4,0
232526,232526,232531,5,0
232526,232526,232530,4,0
232526,232530,232531,1,4
232526,232526,232530,4,0
232526,232530,232531,1,4
232526,232526,232531,5,0
232526,232529,232530,1,3
232526,232529,232531,2,3
232526,232526,232531,5,0
232526,232529,232532,3,3
232526,232529,232532,3,3
232526,232526,232532,6,0
232526,232526,232532,6,0
232526,232530,232532,2,4
232526,232526,232531,5,0
232526,232526,232532,6,0
232526,232530,232531,1,4
232526,232531,232532,1,5
232526,232526,232533,7,0
232526,232530,232533,3,4
232526,232526,232533,7,0
232526,232531,232532,1,5
232526,232532,232533,1,6
232526,232526,232532,6,0
232526,232531,232533,2,5
232526,232531,232532,1,5
232526,232526,232532,6,0
232526,232531,232533,2,5
232526,232531,232533,2,5
232526,232532,232533,1,6
232526,232531,232532,1,5
232526,232532,232533,1,6
232526,232532,232533,1,6
232526,232526,232533,7,0
232526,232530,232534,4,4
232526,232530,232534,4,4
232526,232531,232534,3,5
232526,232531,232534,3,5
232526,232532,232533,1,6
232526,232526,232533,7,0
232526,232526,232534,8,0
232526,232526,232535,9,0
232526,232526,232535,9,0
232526,232530,232534,4,4
232526,232530,232535,5,4
232526,232532,232535,3,6
232526,232526,232534,8,0
232526,232532,232534,2,6
232526,232532,232535,3,6
232526,232526,232535,9,0
232526,232526,232536,10,0
232526,232526,232536,10,0
232526,232526,232537,11,0
232526,232526,232537,11,0
232526,232526,232538,12,0
232526,232526,232538,12,0
232526,232526,232539,13,0
232526,232526,232541,15,0
232526,232526,232542,16,0
232554,232554,232555,1,0
232554,232554,232555,1,0
232554,232554,232555,1,0
232554,232554,232555,1,0
232554,232554,232556,2,0
232554,232554,232557,3,0
232554,232556,232557,1,2
232554,232556,232557,1,2
232554,232556,232557,1,2
232554,232555,232558,3,1
232554,232555,232558,3,1
232554,232555,232558,3,1
232554,232556,232558,2,2
232554,232554,232558,4,0
232554,232555,232558,3,1
232554,232557,232559,2,3
232554,232557,232558,1,3
232554,232555,232559,4,1
232554,232554,232559,5,0
232554,232555,232559,4,1
232554,232554,232559,5,0
232554,232554,232559,5,0
232554,232555,232559,4,1
232554,232558,232559,1,4
232554,232554,232559,5,0
232554,232554,232560,6,0
232554,232558,232559,1,4
232554,232555,232560,5,1
232554,232555,232560,5,1
232554,232558,232559,1,4
232554,232555,232560,5,1
232554,232555,232561,6,1
232554,232554,232560,6,0
232554,232554,232560,6,0
232554,232555,232560,5,1
232554,232554,232560,6,0
232554,232559,232560,1,5
232554,232560,232561,1,6
232554,232560,232561,1,6
232554,232554,232561,7,0
232554,232555,232560,5,1
232554,232554,232560,6,0
232554,232555,232560,5,1
232554,232559,232560,1,5
232554,232560,232561,1,6
232554,232554,232560,6,0
232554,232560,232561,1,6
232554,232559,232560,1,5
232554,232560,232561,1,6
232554,232560,232561,1,6
232554,232554,232561,7,0
232554,232559,232561,2,5
232554,232560,232562,2,6
232554,232554,232561,7,0
232554,232555,232561,6,1
232554,232559,232561,2,5
232554,232559,232561,2,5
232554,232559,232561,2,5
232554,232555,232561,6,1
232554,232560,232562,2,6
232554,232560,232561,1,6
232554,232560,232561,1,6
232554,232555,232562,7,1
232554,232560,232561,1,6
232554,232554,232562,8,0
232554,232561,232563,2,7
232554,232561,232563,2,7
232554,232561,232562,1,7
232554,232559,232562,3,5
232554,232560,232562,2,6
232554,232555,232562,7,1
232554,232561,232563,2,7
232554,232555,232562,7,1
232554,232561,232563,2,7
232554,232560,232563,3,6
232554,232554,232565,11,0
232554,232554,232564,10,0
232554,232554,232565,11,0
232554,232554,232565,11,0
232577,232577,232578,1,0
232577,232577,232578,1,0
232577,232577,232578,1,0
232577,232577,232578,1,0
232577,232577,232578,1,0
232577,232577,232579,2,0
232577,232577,232580,3,0
232577,232578,232580,2,1
232577,232578,232579,1,1
232577,232577,232581,4,0
232577,232577,232581,4,0
232577,232577,232580,3,0
232577,232577,232581,4,0
232577,232577,232581,4,0
232577,232577,232581,4,0
232577,232579,232580,1,2
232577,232579,232580,1,2
232577,232577,232581,4,0
232577,232579,232581,2,2
232577,232579,232581,2,2
232577,232577,232582,5,0
232577,232577,232582,5,0
232577,232577,232582,5,0
232577,232577,232582,5,0
232577,232577,232582,5,0
232577,232577,232582,5,0
232577,232580,232582,2,3
232577,232577,232582,5,0
232577,232577,232582,5,0
232577,232577,232581,4,0
232577,232577,232582,5,0
232577,232577,232582,5,0
232577,232580,232582,2,3
232577,232577,232582,5,0
232577,232581,232582,1,4
232577,232577,232583,6,0
232577,232577,232582,5,0
232577,232577,232583,6,0
232577,232577,232583,6,0
232577,232582,232583,1,5
232577,232581,232583,2,4
232577,232582,232583,1,5
232577,232581,232583,2,4
232577,232581,232583,2,4
232577,232582,232583,1,5
232577,232582,232583,1,5
232577,232582,232583,1,5
232577,232582,232583,1,5
232577,232582,232583,1,5
232577,232577,232584,7,0
232577,232577,232584,7,0
232577,232580,232583,3,3
232577,232581,232584,3,4
232577,232582,232584,2,5
232577,232577,232584,7,0
232577,232577,232583,6,0
232577,232581,232583,2,4
232577,232581,232583,2,4
232577,232582,232583,1,5
232577,232582,232583,1,5
232577,232577,232584,7,0
232577,232582,232583,1,5
232577,232577,232584,7,0
232577,232582,232584,2,5
232577,232577,232585,8,0
232577,232577,232585,8,0
232577,232581,232585,4,4
232577,232581,232585,4,4
232577,232582,232585,3,5
232577,232581,232585,4,4
232577,232581,232585,4,4
232577,232582,232585,3,5
232577,232577,232585,8,0
232577,232577,232586,9,0
232577,232577,232585,8,0
232577,232577,232585,8,0
232577,232582,232586,4,5
232577,232577,232587,10,0
232577,232577,232588,11,0
232600,232600,232601,1,0
232600,232600,232601,1,0
232600,232600,232601,1,0
232600,232600,232601,1,0
232600,232600,232601,1,0
232600,232601,232603,2,1
232600,232600,232602,2,0
232600,232600,232603,3,0
232600,232600,232604,4,0
232600,232600,232603,3,0
232600,232600,232604,4,0
232600,232600,232604,4,0
232600,232602,232603,1,2
232600,232602,232604,2,2
232600,232600,232604,4,0
232600,232600,232604,4,0
232600,232600,232605,5,0
232600,232600,232604,4,0
232600,232600,232605,5,0
232600,232600,232605,5,0
232600,232600,232604,4,0
232600,232600,232605,5,0
232600,232600,232605,5,0
232600,232600,232604,4,0
232600,232600,232604,4,0
232600,232600,232605,5,0
232600,232602,232604,2,2
232600,232600,232605,5,0
232600,232600,232605,5,0
232600,232600,232605,5,0
232600,232602,232604,2,2
232600,232603,232605,2,3
232600,232600,232606,6,0
232600,232600,232606,6,0
232600,232600,232605,5,0
232600,232600,232606,6,0
232600,232600,232605,5,0
232600,232600,232605,5,0
232600,232600,232606,6,0
232600,232600,232605,5,0
232600,232600,232605,5,0
232600,232604,232605,1,4
232600,232605,232606,1,5
232600,232600,232606,6,0
232600,232604,232606,2,4
232600,232604,232606,2,4
232600,232600,232606,6,0
232600,232603,232605,2,3
232600,232604,232605,1,4
232600,232605,232606,1,5
232600,232600,232606,6,0
232600,232605,232606,1,5
232600,232600,232606,6,0
232600,232605,232607,2,5
232600,232605,232607,2,5
232600,232605,232607,2,5
232600,232605,232606,1,5
232600,232600,232606,6,0
232600,232605,232606,1,5
232600,232600,232607,7,0
232600,232605,232606,1,5
232600,232600,232608,8,0
232600,232600,232608,8,0
232600,232604,232607,3,4
232600,232605,232607,2,5
232600,232600,232607,7,0
232600,232605,232608,3,5
232600,232605,232608,3,5
232600,232604,232607,3,4
232600,232604,232607,3,4
232600,232606,232608,2,6
232600,232605,232608,3,5
232600,232605,232607,2,5
232600,232605,232608,3,5
232600,232605,232608,3,5
232600,232606,232609,3,6
232600,232606,232609,3,6
232600,232605,232608,3,5
232600,232604,232610,6,4
232622,232622,232623,1,0
232622,232622,232623,1,0
232622,232622,232623,1,0
232622,232622,232623,1,0
232622,232622,232623,1,0
232622,232623,232624,1,1
232622,232623,232624,1,1
232622,232622,232625,3,0
232622,232623,232624,1,1
232622,232622,232626,4,0
232622,232622,232626,4,0
232622,232624,232625,1,2
232622,232624,232626,2,2
232622,232622,232626,4,0
232622,232622,232627,5,0
232622,232622,232627,5,0
232622,232625,232626,1,3
232622,232622,232627,5,0
232622,232622,232627,5,0
232622,232622,232627,5,0
232622,232622,232627,5,0
232622,232625,232627,2,3
232622,232625,232626,1,3
232622,232622,232627,5,0
232622,232625,232627,2,3
232622,232622,232628,6,0
232622,232622,232627,5,0
232622,232622,232628,6,0
232622,232622,232628,6,0
232622,232622,232627,5,0
232622,232626,232628,2,4
232622,232622,232628,6,0
232622,232622,232627,5,0
232622,232622,232627,5,0
232622,232622,232628,6,0
232622,232626,232628,2,4
232622,232627,232628,1,5
232622,232626,232628,2,4
232622,232627,232628,1,5
232622,232622,232629,7,0
232622,232626,232629,3,4
232622,232622,232629,7,0
232622,232628,232629,1,6
232622,232627,232628,1,5
232622,232628,232629,1,6
232622,232627,232628,1,5
232622,232628,232629,1,6
232622,232622,232629,7,0
232622,232627,232629,2,5
232622,232627,232629,2,5
232622,232622,232629,7,0
232622,232627,232629,2,5
232622,232627,232629,2,5
232622,232622,232630,8,0
232622,232622,232630,8,0
232622,232622,232630,8,0
232622,232628,232630,2,6
232622,232622,232629,7,0
232622,232627,232630,3,5
232622,232627,232630,3,5
232622,232622,232629,7,0
232622,232627,232630,3,5
232622,232628,232630,2,6
232622,232628,232629,1,6
232622,232628,232630,2,6
232622,232628,232630,2,6
232622,232628,232630,2,6
232622,232622,232631,9,0
232622,232628,232631,3,6
232622,232626,232631,5,4
232622,232622,232632,10,0
232622,232622,232632,10,0
232622,232622,232632,10,0
232622,232622,232633,11,0
232622,232622,232633,11,0
232622,232622,232634,12,0
232622,232622,232637,15,0
232622,232622,232636,14,0
232622,232622,232640,18,0
232651,232652,232653,1,1
232651,232652,232653,1,1
232651,232652,232653,1,1
232651,232652,232653,1,1
232651,232652,232653,1,1
232651,232653,232654,1,2
232651,232653,232654,1,2
232651,232652,232655,3,1
232651,232654,232655,1,3
232651,232654,232656,2,3
232651,232654,232655,1,3
232651,232652,232656,4,1
232651,232655,232656,1,4
232651,232652,232656,4,1
232651,232652,232656,4,1
232651,232652,232656,4,1
232651,232652,232656,4,1
232651,232652,232656,4,1
232651,232652,232656,4,1
232651,232654,232656,2,3
232651,232652,232656,4,1
232651,232655,232656,1,4
232651,232652,232656,4,1
232651,232656,232657,1,5
232651,232656,232657,1,5
232651,232652,232657,5,1
232651,232652,232657,5,1
232651,232652,232658,6,1
232651,232652,232657,5,1
232651,232652,232658,6,1
232651,232652,232657,5,1
232651,232652,232658,6,1
232651,232657,232658,1,6
232651,232657,232658,1,6
232651,232652,232657,5,1
232651,232656,232657,1,5
232651,232656,232657,1,5
232651,232652,232657,5,1
232651,232656,232657,1,5
232651,232657,232658,1,6
232651,232657,232658,1,6
232651,232657,232658,1,6
232651,232657,232658,1,6
232651,232657,232658,1,6
232651,232657,232658,1,6
232651,232658,232659,1,7
232651,232652,232658,6,1
232651,232658,232659,1,7
232651,232652,232658,6,1
232651,232652,232658,6,1
232651,232658,232659,1,7
232651,232658,232660,2,7
232651,232657,232659,2,6
232651,232652,232660,8,1
232651,232657,232660,3,6
232651,232652,232659,7,1
232651,232652,232660,8,1
232651,232657,232660,3,6
232651,232652,232659,7,1
232651,232658,232659,1,7
232651,232658,232659,1,7
232651,232652,232660,8,1
232651,232658,232660,2,7
232651,232652,232660,8,1
232651,232652,232660,8,1
232651,232652,232660,8,1
232651,232656,232660,4,5
232651,232652,232660,8,1
232651,232658,232660,2,7
232651,232652,232660,8,1
232651,232657,232661,4,6
232651,232652,232661,9,1
232651,232652,232661,9,1
232651,232652,232661,9,1
232651,232652,232661,9,1
232651,232652,232661,9,1
232651,232658,232662,4,7
232651,232652,232665,13,1
232678,232678,232679,1,0
232678,232678,232679,1,0
232678,232678,232679,1,0
232678,232678,232679,1,0
232678,232678,232679,1,0
232678,232678,232680,2,0
232678,232679,232681,2,1
232678,232679,232680,1,1
232678,232679,232680,1,1
232678,232678,232682,4,0
232678,232678,232682,4,0
232678,232678,232682,4,0
232678,232680,232682,2,2
232678,232678,232681,3,0
232678,232680,232682,2,2
232678,232678,232682,4,0
232678,232678,232683,5,0
232678,232678,232682,4,0
232678,232678,232682,4,0
232678,232680,232682,2,2
232678,232678,232683,5,0
232678,232678,232683,5,0
232678,232681,232682,1,3
232678,232678,232682,4,0
232678,232681,232682,1,3
232678,232682,232683,1,4
232678,232678,232683,5,0
232678,232681,232682,1,3
232678,232678,232683,5,0
232678,232678,232683,5,0
232678,232682,232683,1,4
232678,232683,232684,1,5
232678,232678,232683,5,0
232678,232678,232683,5,0
232678,232683,232684,1,5
232678,232683,232684,1,5
232678,232678,232683,5,0
232678,232678,232684,6,0
232678,232683,232684,1,5
232678,232682,232683,1,4
232678,232678,232685,7,0
232678,232678,232684,6,0
232678,232678,232685,7,0
232678,232682,232684,2,4
232678,232682,232685,3,4
232678,232682,232684,2,4
232678,232678,232685,7,0
232678,232683,232684,1,5
232678,232683,232684,1,5
232678,232683,232684,1,5
232678,232678,232685,7,0
232678,232684,232685,1,6
232678,232684,232685,1,6
232678,232683,232684,1,5
232678,232684,232685,1,6
232678,232684,232685,1,6
232678,232684,232685,1,6
232678,232678,232685,7,0
232678,232683,232684,1,5
232678,232683,232684,1,5
232678,232678,232686,8,0
232678,232678,232685,7,0
232678,232678,232686,8,0
232678,232683,232685,2,5
232678,232678,232685,7,0
232678,232684,232685,1,6
232678,232678,232686,8,0
232678,232678,232687,9,0
232678,232678,232687,9,0
232678,232678,232686,8,0
232678,232684,232686,2,6
232678,232683,232687,4,5
232678,232683,232686,3,5
232678,232678,232687,9,0
232678,232678,232687,9,0
232678,232678,232688,10,0
232678,232678,232688,10,0
232678,232678,232689,11,0
232678,232678,232691,13,0
232703,232703,232704,1,0
232703,232703,232704,1,0
232703,232703,232704,1,0
232703,232703,232704,1,0
232703,232703,232704,1,0
232703,232703,232706,3,0
232703,232703,232707,4,0
232703,232703,232707,4,0
232703,232705,232707,2,2
232703,232705,232707,2,2
232703,232705,232707,2,2
232703,232705,232707,2,2
232703,232705,232707,2,2
232703,232703,232707,4,0
232703,232703,232708,5,0
232703,232707,232708,1,4
232703,232706,232708,2,3
232703,232703,232709,6,0
232703,232703,232709,6,0
232703,232703,232709,6,0
232703,232707,232709,2,4
232703,232703,232708,5,0
232703,232707,232709,2,4
232703,232703,232709,6,0
232703,232707,232709,2,4
232703,232703,232709,6,0
232703,232708,232709,1,5
232703,232703,232709,6,0
232703,232707,232708,1,4
232703,232708,232709,1,5
232703,232703,232708,5,0
232703,232703,232710,7,0
232703,232709,232710,1,6
232703,232703,232710,7,0
232703,232703,232709,6,0
232703,232709,232710,1,6
232703,232709,232710,1,6
232703,232703,232709,6,0
232703,232703,232710,7,0
232703,232703,232710,7,0
232703,232703,232710,7,0
232703,232703,232710,7,0
232703,232703,232711,8,0
232703,232708,232710,2,5
232703,232707,232711,4,4
232703,232703,232711,8,0
232703,232707,232710,3,4
232703,232709,232711,2,6
232703,232709,232711,2,6
232703,232709,232710,1,6
232703,232703,232711,8,0
232703,232709,232710,1,6
232703,232709,232710,1,6
232703,232703,232711,8,0
232703,232703,232711,8,0
232703,232709,232710,1,6
232703,232708,232712,4,5
232703,232710,232711,1,7
232703,232710,232711,1,7
232703,232703,232712,9,0
232703,232709,232712,3,6
232703,232710,232712,2,7
232703,232703,232712,9,0
232703,232711,232712,1,8
232703,232710,232712,2,7
232703,232703,232712,9,0
232703,232703,232712,9,0
232703,232703,232713,10,0
232703,232703,232712,9,0
232703,232703,232713,10,0
232703,232703,232713,10,0
232703,232703,232713,10,0
232703,232703,232714,11,0
232703,232703,232714,11,0
232703,232703,232714,11,0
232703,232703,232715,12,0
232728,232728,232729,1,0
232728,232728,232729,1,0
232728,232728,232730,2,0
232728,232728,232729,1,0
232728,232728,232729,1,0
232728,232728,232730,2,0
232728,232729,232731,2,1
232728,232730,232732,2,2
232728,232730,232732,2,2
232728,232730,232732,2,2
232728,232728,232732,4,0
232728,232728,232733,5,0
232728,232728,232733,5,0
232728,232730,232732,2,2
232728,232728,232733,5,0
232728,232731,232733,2,3
232728,232731,232733,2,3
232728,232728,232733,5,0
232728,232728,232734,6,0
232728,232732,232734,2,4
232728,232728,232734,6,0
232728,232728,232734,6,0
232728,232732,232734,2,4
232728,232732,232733,1,4
232728,232728,232734,6,0
232728,232728,232735,7,0
232728,232728,232735,7,0
232728,232728,232735,7,0
232728,232728,232735,7,0
232728,232728,232735,7,0
232728,232733,232734,1,5
232728,232728,232735,7,0
232728,232728,232735,7,0
232728,232733,232734,1,5
232728,232733,232735,2,5
232728,232734,232735,1,6
232728,232733,232735,2,5
232728,232734,232735,1,6
232728,232728,232736,8,0
232728,232728,232735,7,0
232728,232733,232735,2,5
232728,232733,232736,3,5
232728,232728,232735,7,0
232728,232733,232736,3,5
232728,232728,232736,8,0
232728,232728,232736,8,0
232728,232735,232736,1,7
232728,232734,232735,1,6
232728,232734,232735,1,6
232728,232735,232736,1,7
232728,232728,232735,7,0
232728,232728,232736,8,0
232728,232734,232736,2,6
232728,232735,232736,1,7
232728,232734,232736,2,6
232728,232734,232735,1,6
232728,232728,232736,8,0
232728,232735,232736,1,7
232728,232735,232736,1,7
232728,232735,232737,2,7
232728,232728,232737,9,0
232728,232734,232736,2,6
232728,232735,232737,2,7
232728,232735,232736,1,7
232728,232728,232738,10,0
232728,232728,232738,10,0
232728,232728,232738,10,0
232728,232728,232738,10,0
232728,232735,232737,2,7
232728,232735,232737,2,7
232728,232728,232739,11,0
232728,232728,232739,11,0
232728,232728,232739,11,0
232728,232728,232739,11,0
232728,232728,232738,10,0
232728,232728,232740,12,0
232728,232728,232741,13,0
232728,232728,232741,13,0
232728,232728,232745,17,0
232757,232757,232758,1,0
232757,232757,232758,1,0
232757,232757,232758,1,0
232757,232757,232758,1,0
232757,232757,232758,1,0
232757,232757,232760,3,0
232757,232758,232760,2,1
232757,232757,232760,3,0
232757,232758,232759,1,1
232757,232758,232759,1,1
232757,232757,232761,4,0
232757,232759,232761,2,2
232757,232759,232760,1,2
232757,232760,232761,1,3
232757,232757,232761,4,0
232757,232757,232762,5,0
232757,232757,232762,5,0
232757,232760,232761,1,3
232757,232760,232761,1,3
232757,232760,232762,2,3
232757,232757,232762,5,0
232757,232757,232762,5,0
232757,232760,232763,3,3
232757,232757,232763,6,0
232757,232757,232763,6,0
232757,232761,232762,1,4
232757,232757,232762,5,0
232757,232761,232763,2,4
232757,232757,232762,5,0
232757,232761,232763,2,4
232757,232757,232764,7,0
232757,232757,232764,7,0
232757,232763,232764,1,6
232757,232757,232764,7,0
232757,232762,232764,2,5
232757,232762,232764,2,5
232757,232762,232763,1,5
232757,232757,232764,7,0
232757,232762,232765,3,5
232757,232757,232764,7,0
232757,232763,232765,2,6
232757,232762,232765,3,5
232757,232757,232765,8,0
232757,232762,232765,3,5
232757,232763,232765,2,6
232757,232757,232765,8,0
232757,232757,232765,8,0
232757,232763,232765,2,6
232757,232763,232765,2,6
232757,232763,232764,1,6
232757,232764,232765,1,7
232757,232757,232765,8,0
232757,232757,232765,8,0
232757,232763,232764,1,6
232757,232764,232765,1,7
232757,232757,232765,8,0
232757,232757,232765,8,0
232757,232757,232764,7,0
232757,232763,232765,2,6
232757,232764,232765,1,7
232757,232757,232765,8,0
232757,232757,232766,9,0
232757,232757,232766,9,0
232757,232761,232765,4,4
232757,232757,232766,9,0
232757,232757,232766,9,0
232757,232763,232766,3,6
232757,232763,232766,3,6
232757,232757,232765,8,0
232757,232757,232766,9,0
232757,232757,232765,8,0
232757,232764,232766,2,7
232757,232757,232767,10,0
232757,232764,232766,2,7
232757,232757,232767,10,0
232757,232757,232767,10,0
232757,232757,232768,11,0
232757,232757,232768,11,0
232757,232757,232772,15,0
232784,232784,232785,1,0
232784,232784,232785,1,0
232784,232784,232785,1,0
232784,232784,232785,1,0
232784,232784,232785,1,0
232784,232784,232787,3,0
232784,232784,232787,3,0
232784,232785,232787,2,1
232784,232785,232787,2,1
232784,232785,232786,1,1
232784,232785,232787,2,1
232784,232785,232786,1,1
232784,232784,232788,4,0
232784,232784,232788,4,0
232784,232784,232788,4,0
232784,232784,232788,4,0
232784,232784,232788,4,0
232784,232784,232788,4,0
232784,232788,232789,1,4
232784,232784,232789,5,0
232784,232784,232788,4,0
232784,232784,232789,5,0
232784,232784,232789,5,0
232784,232784,232789,5,0
232784,232784,232789,5,0
232784,232784,232789,5,0
232784,232788,232789,1,4
232784,232788,232789,1,4
232784,232788,232789,1,4
232784,232784,232789,5,0
232784,232788,232789,1,4
232784,232784,232790,6,0
232784,232787,232790,3,3
232784,232784,232790,6,0
232784,232788,232790,2,4
232784,232784,232790,6,0
232784,232784,232790,6,0
232784,232784,232790,6,0
232784,232784,232791,7,0
232784,232789,232790,1,5
232784,232790,232791,1,6
232784,232784,232791,7,0
232784,232789,232790,1,5
232784,232788,232791,3,4
232784,232789,232791,2,5
232784,232784,232791,7,0
232784,232784,232791,7,0
232784,232790,232791,1,6
232784,232790,232791,1,6
232784,232784,232792,8,0
232784,232788,232791,3,4
232784,232790,232791,1,6
232784,232789,232791,2,5
232784,232788,232791,3,4
232784,232784,232791,7,0
232784,232790,232791,1,6
232784,232790,232791,1,6
232784,232790,232791,1,6
232784,232784,232792,8,0
232784,232790,232793,3,6
232784,232790,232792,2,6
232784,232790,232792,2,6
232784,232784,232792,8,0
232784,232790,232793,3,6
232784,232791,232793,2,7
232784,232791,232793,2,7
232784,232784,232793,9,0
232784,232784,232793,9,0
232784,232791,232793,2,7
232784,232791,232793,2,7
232784,232790,232794,4,6
232784,232784,232794,10,0
232784,232784,232794,10,0
232784,232784,232794,10,0
232784,232784,232794,10,0
232784,232784,232794,10,0
232784,232784,232795,11,0
232784,232784,232797,13,0
232784,232784,232797,13,0
232808,232809,232810,1,1
232808,232809,232810,1,1
232808,232809,232810,1,1
232808,232809,232810,1,1
232808,232809,232810,1,1
232808,232809,232811,2,1
232808,232809,232811,2,1
232808,232810,232812,2,2
232808,232809,232811,2,1
232808,232811,232813,2,3
232808,232810,232812,2,2
232808,232811,232813,2,3
232808,232809,232813,4,1
232808,232809,232813,4,1
232808,232811,232813,2,3
232808,232809,232814,5,1
232808,232809,232814,5,1
232808,232812,232813,1,4
232808,232812,232814,2,4
232808,232809,232814,5,1
232808,232812,232814,2,4
232808,232809,232814,5,1
232808,232809,232814,5,1
232808,232809,232814,5,1
232808,232809,232815,6,1
232808,232809,232814,5,1
232808,232813,232815,2,5
232808,232809,232814,5,1
232808,232813,232814,1,5
232808,232813,232814,1,5
232808,232809,232815,6,1
232808,232809,232815,6,1
232808,232809,232815,6,1
232808,232812,232815,3,4
232808,232809,232815,6,1
232808,232814,232816,2,6
232808,232814,232815,1,6
232808,232809,232815,6,1
232808,232814,232815,1,6
232808,232815,232816,1,7
232808,232815,232816,1,7
232808,232809,232815,6,1
232808,232815,232816,1,7
232808,232809,232816,7,1
232808,232814,232815,1,6
232808,232815,232816,1,7
232808,232809,232815,6,1
232808,232809,232816,7,1
232808,232814,232815,1,6
232808,232815,232816,1,7
232808,232809,232816,7,1
232808,232814,232816,2,6
232808,232809,232816,7,1
232808,232809,232817,8,1
232808,232816,232817,1,8
232808,232815,232816,1,7
232808,232815,232816,1,7
232808,232815,232816,1,7
232808,232809,232818,9,1
232808,232809,232817,8,1
232808,232809,232818,9,1
232808,232809,232817,8,1
232808,232815,232817,2,7
232808,232814,232817,3,6
232808,232809,232818,9,1
232808,232815,232817,2,7
232808,232816,232818,2,8
232808,232815,232817,2,7
232808,232816,232818,2,8
232808,232809,232818,9,1
232808,232816,232818,2,8
232808,232809,232818,9,1
232808,232809,232818,9,1
232808,232816,232818,2,8
232808,232809,232819,10,1
232808,232809,232820,11,1
232808,232809,232821,12,1
232808,232809,232821,12,1
232808,232809,232822,13,1
232834,232834,232835,1,0
232834,232834,232836,2,0
232834,232834,232835,1,0
232834,232834,232835,1,0
232834,232834,232835,1,0
232834,232834,232837,3,0
232834,232834,232838,4,0
232834,232834,232838,4,0
232834,232834,232838,4,0
232834,232836,232838,2,2
232834,232835,232838,3,1
232834,232834,232839,5,0
232834,232834,232838,4,0
232834,232834,232839,5,0
232834,232834,232838,4,0
232834,232834,232839,5,0
232834,232836,232839,3,2
232834,232834,232839,5,0
232834,232834,232839,5,0
232834,232836,232839,3,2
232834,232836,232839,3,2
232834,232837,232838,1,3
232834,232838,232839,1,4
232834,232834,232839,5,0
232834,232834,232840,6,0
232834,232838,232840,2,4
232834,232838,232839,1,4
232834,232838,232839,1,4
232834,232834,232839,5,0
232834,232834,232840,6,0
232834,232834,232840,6,0
232834,232834,232839,5,0
232834,232834,232840,6,0
232834,232834,232840,6,0
232834,232839,232841,2,5
232834,232834,232840,6,0
232834,232834,232841,7,0
232834,232838,232840,2,4
232834,232834,232840,6,0
232834,232834,232840,6,0
232834,232839,232841,2,5
232834,232839,232840,1,5
232834,232839,232841,2,5
232834,232839,232840,1,5
232834,232839,232841,2,5
232834,232834,232840,6,0
232834,232834,232840,6,0
232834,232840,232841,1,6
232834,232834,232841,7,0
232834,232839,232841,2,5
232834,232840,232841,1,6
232834,232839,232841,2,5
232834,232839,232840,1,5
232834,232840,232841,1,6
232834,232840,232841,1,6
232834,232839,232841,2,5
232834,232839,232842,3,5
232834,232834,232842,8,0
232834,232840,232842,2,6
232834,232834,232841,7,0
232834,232834,232842,8,0
232834,232834,232841,7,0
232834,232840,232841,1,6
232834,232840,232841,1,6
232834,232834,232843,9,0
232834,232834,232843,9,0
232834,232839,232842,3,5
232834,232841,232843,2,7
232834,232840,232843,3,6
232834,232841,232843,2,7
232834,232841,232843,2,7
232834,232834,232844,10,0
232834,232840,232843,3,6
232834,232834,232845,11,0
232834,232834,232844,10,0
232834,232834,232844,10,0
232834,232834,232846,12,0
232834,232834,232846,12,0
232834,232834,232847,13,0
232859,232859,232860,1,0
232859,232859,232860,1,0
232859,232859,232860,1,0
232859,232859,232860,1,0
232859,232859,232860,1,0
232859,232859,232861,2,0
232859,232859,232863,4,0
232859,232859,232862,3,0
232859,232861,232863,2,2
232859,232859,232864,5,0
232859,232859,232863,4,0
232859,232860,232863,3,1
232859,232861,232864,3,2
232859,232863,232864,1,4
232859,232861,232863,2,2
232859,232862,232864,2,3
232859,232859,232864,5,0
232859,232859,232865,6,0
232859,232861,232864,3,2
232859,232859,232865,6,0
232859,232859,232865,6,0
232859,232859,232864,5,0
232859,232859,232865,6,0
232859,232859,232864,5,0
232859,232859,232865,6,0
232859,232859,232865,6,0
232859,232863,232865,2,4
232859,232859,232865,6,0
232859,232863,232866,3,4
232859,232859,232866,7,0
232859,232859,232866,7,0
232859,232859,232866,7,0
232859,232864,232866,2,5
232859,232864,232865,1,5
232859,232864,232866,2,5
232859,232859,232866,7,0
232859,232864,232866,2,5
232859,232864,232866,2,5
232859,232865,232866,1,6
232859,232859,232865,6,0
232859,232864,232866,2,5
232859,232859,232866,7,0
232859,232864,232866,2,5
232859,232859,232867,8,0
232859,232865,232867,2,6
232859,232866,232867,1,7
232859,232866,232867,1,7
232859,232859,232866,7,0
232859,232865,232867,2,6
232859,232866,232867,1,7
232859,232859,232867,8,0
232859,232865,232867,2,6
232859,232866,232867,1,7
232859,232865,232867,2,6
232859,232865,232866,1,6
232859,232859,232867,8,0
232859,232859,232868,9,0
232859,232859,232867,8,0
232859,232859,232868,9,0
232859,232866,232868,2,7
232859,232866,232868,2,7
232859,232859,232869,10,0
232859,232865,232868,3,6
232859,232866,232868,2,7
232859,232866,232868,2,7
232859,232866,232869,3,7
232859,232859,232869,10,0
232859,232865,232868,3,6
232859,232866,232868,2,7
232859,232859,232870,11,0
232859,232859,232869,10,0
232859,232865,232869,4,6
232859,232859,232870,11,0
232859,232859,232871,12,0
232832,232833,232871,38,1
232859,232859,232871,12,0
232833,232833,232872,39,0
232859,232859,232872,13,0
232859,232859,232873,14,0
232859,232859,232874,15,0
232871,232877,232878,1,6
232859,232859,232882,23,0
232894,232894,232895,1,0
232894,232894,232895,1,0
232894,232894,232896,2,0
232894,232894,232896,2,0
232894,232894,232895,1,0
232894,232896,232897,1,2
232894,232894,232897,3,0
232894,232896,232897,1,2
232894,232897,232898,1,3
232894,232894,232898,4,0
232894,232897,232898,1,3
232894,232894,232898,4,0
232894,232894,232898,4,0
232894,232894,232898,4,0
232894,232894,232899,5,0
232894,232894,232899,5,0
232894,232894,232899,5,0
232894,232894,232899,5,0
232894,232894,232899,5,0
232894,232894,232899,5,0
232894,232897,232899,2,3
232894,232898,232899,1,4
232894,232894,232899,5,0
232894,232898,232899,1,4
232894,232894,232900,6,0
232894,232894,232900,6,0
232894,232894,232900,6,0
232894,232894,232900,6,0
232894,232895,232900,5,1
232894,232894,232900,6,0
232894,232895,232900,5,1
232894,232895,232900,5,1
232894,232894,232900,6,0
232894,232899,232900,1,5
232894,232899,232900,1,5
232894,232899,232901,2,5
232894,232894,232900,6,0
232894,232898,232900,2,4
232894,232899,232900,1,5
232894,232900,232901,1,6
232894,232894,232900,6,0
232894,232899,232900,1,5
232894,232900,232901,1,6
232894,232894,232900,6,0
232894,232899,232900,1,5
232894,232894,232901,7,0
232894,232894,232901,7,0
232894,232895,232901,6,1
232894,232894,232901,7,0
232894,232895,232901,6,1
232894,232894,232901,7,0
232894,232900,232901,1,6
232894,232894,232901,7,0
232894,232901,232902,1,7
232894,232901,232902,1,7
232894,232900,232901,1,6
232894,232900,232901,1,6
232894,232900,232901,1,6
232894,232900,232901,1,6
232894,232900,232901,1,6
232894,232900,232902,2,6
232894,232895,232902,7,1
232894,232901,232902,1,7
232894,232900,232902,2,6
232894,232901,232902,1,7
232894,232901,232902,1,7
232894,232901,232903,2,7
232894,232901,232903,2,7
232894,232894,232903,9,0
232894,232894,232903,9,0
232894,232901,232903,2,7
232894,232894,232903,9,0
232894,232901,232903,2,7
232894,232901,232903,2,7
232894,232901,232903,2,7
232894,232894,232905,11,0
232894,232894,232905,11,0
232894,232894,232905,11,0
232894,232894,232907,13,0
232920,232920,232921,1,0
232920,232920,232921,1,0
232920,232920,232922,2,0
232920,232920,232922,2,0
232920,232920,232923,3,0
232920,232920,232923,3,0
232920,232921,232923,2,1
232920,232921,232923,2,1
232920,232920,232924,4,0
232920,232922,232924,2,2
232920,232920,232925,5,0
232920,232920,232925,5,0
232920,232922,232925,3,2
232920,232920,232925,5,0
232920,232920,232925,5,0
232920,232920,232925,5,0
232920,232920,232925,5,0
232920,232920,232925,5,0
232920,232920,232925,5,0
232920,232920,232926,6,0
232920,232920,232926,6,0
232920,232920,232926,6,0
232920,232920,232926,6,0
232920,232920,232926,6,0
232920,232924,232926,2,4
232920,232920,232926,6,0
232920,232920,232926,6,0
232920,232920,232926,6,0
232920,232923,232926,3,3
232920,232920,232926,6,0
232920,232924,232926,2,4
232920,232924,232926,2,4
232920,232926,232927,1,6
232920,232920,232927,7,0
232920,232920,232927,7,0
232920,232920,232927,7,0
232920,232920,232926,6,0
232920,232920,232927,7,0
232920,232920,232927,7,0
232920,232920,232927,7,0
232920,232920,232927,7,0
232920,232926,232927,1,6
232920,232920,232927,7,0
232920,232926,232927,1,6
232920,232927,232928,1,7
232920,232927,232928,1,7
232920,232926,232927,1,6
232920,232927,232928,1,7
232920,232920,232927,7,0
232920,232926,232927,1,6
232920,232927,232928,1,7
232920,232927,232928,1,7
232920,232920,232928,8,0
232920,232923,232928,5,3
232920,232920,232928,8,0
232920,232920,232928,8,0
232920,232927,232928,1,7
232920,232927,232928,1,7
232920,232927,232928,1,7
232920,232927,232928,1,7
232920,232920,232928,8,0
232920,232927,232928,1,7
232920,232927,232928,1,7
232920,232926,232928,2,6
232920,232927,232928,1,7
232920,232920,232929,9,0
232920,232920,232929,9,0
232920,232927,232929,2,7
232920,232924,232929,5,4
232920,232926,232929,3,6
232920,232925,232929,4,5
232920,232927,232929,2,7
232920,232925,232929,4,5
232920,232927,232929,2,7
232920,232927,232930,3,7
232920,232920,232930,10,0
232920,232920,232931,11,0
232920,232920,232931,11,0
232920,232920,232933,13,0
232898,232900,232945,45,2
232945,232945,232946,1,0
232945,232945,232946,1,0
232945,232945,232946,1,0
232945,232945,232946,1,0
232945,232945,232947,2,0
232945,232945,232947,2,0
232945,232945,232947,2,0
232945,232946,232947,1,1
232945,232946,232948,2,1
232945,232946,232948,2,1
232945,232945,232949,4,0
232945,232945,232948,3,0
232945,232947,232949,2,2
232945,232945,232949,4,0
232945,232945,232949,4,0
232945,232945,232949,4,0
232945,232948,232950,2,3
232945,232945,232950,5,0
232945,232945,232949,4,0
232945,232945,232949,4,0
232945,232945,232949,4,0
232945,232945,232949,4,0
232945,232948,232950,2,3
232945,232945,232950,5,0
232945,232945,232949,4,0
232945,232948,232950,2,3
232945,232945,232950,5,0
232945,232945,232951,6,0
232945,232945,232950,5,0
232945,232945,232950,5,0
232945,232945,232951,6,0
232945,232945,232950,5,0
232945,232949,232950,1,4
232945,232945,232951,6,0
232945,232950,232951,1,5
232945,232948,232950,2,3
232945,232950,232951,1,5
232945,232945,232951,6,0
232945,232950,232951,1,5
232945,232945,232951,6,0
232945,232948,232952,4,3
232945,232948,232952,4,3
232945,232950,232951,1,5
232945,232950,232951,1,5
232945,232945,232952,7,0
232945,232949,232952,3,4
232945,232949,232952,3,4
232945,232950,232952,2,5
232945,232945,232952,7,0
232945,232951,232952,1,6
232945,232945,232952,7,0
232945,232951,232952,1,6
232945,232945,232951,6,0
232945,232950,232951,1,5
232945,232951,232952,1,6
232945,232950,232952,2,5
232945,232945,232953,8,0
232945,232945,232953,8,0
232945,232945,232952,7,0
232945,232951,232953,2,6
232945,232950,232953,3,5
232945,232950,232952,2,5
232945,232950,232952,2,5
232945,232945,232953,8,0
232945,232945,232952,7,0
232945,232945,232952,7,0
232945,232951,232952,1,6
232945,232951,232952,1,6
232945,232945,232954,9,0
232945,232951,232953,2,6
232945,232951,232953,2,6
232945,232945,232954,9,0
232945,232950,232953,3,5
232945,232951,232953,2,6
232945,232950,232953,3,5
232945,232945,232953,8,0
232945,232945,232955,10,0
232945,232945,232954,9,0
232945,232945,232955,10,0
232967,232967,232969,2,0
232967,232968,232969,1,1
232967,232967,232970,3,0
232967,232968,232970,2,1
232967,232969,232970,1,2
232967,232969,232970,1,2
232967,232970,232971,1,3
232967,232968,232971,3,1
232967,232970,232971,1,3
232967,232971,232972,1,4
232967,232968,232972,4,1
232967,232968,232972,4,1
232967,232968,232972,4,1
232967,232968,232973,5,1
232967,232968,232972,4,1
232967,232968,232972,4,1
232967,232971,232972,1,4
232967,232968,232972,4,1
232967,232968,232972,4,1
232967,232971,232972,1,4
232967,232971,232972,1,4
232967,232968,232972,4,1
232967,232968,232973,5,1
232967,232968,232973,5,1
232967,232968,232973,5,1
232967,232968,232973,5,1
232967,232972,232973,1,5
232967,232973,232974,1,6
232967,232968,232974,6,1
232967,232972,232973,1,5
232967,232968,232974,6,1
232967,232968,232973,5,1
232967,232972,232973,1,5
232967,232973,232974,1,6
232967,232968,232975,7,1
232967,232968,232974,6,1
232967,232968,232974,6,1
232967,232968,232974,6,1
232967,232972,232975,3,5
232967,232968,232974,6,1
232967,232973,232975,2,6
232967,232968,232974,6,1
232967,232968,232974,6,1
232967,232973,232974,1,6
232967,232973,232974,1,6
232967,232973,232974,1,6
232967,232973,232974,1,6
232967,232974,232975,1,7
232967,232973,232974,1,6
232967,232974,232975,1,7
232967,232974,232975,1,7
232967,232974,232975,1,7
232967,232968,232975,7,1
232967,232968,232975,7,1
232967,232973,232975,2,6
232967,232973,232976,3,6
232967,232974,232976,2,7
232967,232973,232975,2,6
232967,232974,232975,1,7
232967,232968,232976,8,1
232967,232968,232976,8,1
232967,232968,232975,7,1
232967,232968,232975,7,1
232967,232974,232975,1,7
232967,232974,232975,1,7
232967,232974,232976,2,7
232967,232968,232976,8,1
232967,232968,232976,8,1
232967,232974,232976,2,7
232967,232974,232976,2,7
232967,232973,232976,3,6
232967,232968,232976,8,1
232967,232968,232978,10,1
232967,232968,232978,10,1
232967,232968,232979,11,1
232967,232968,232979,11,1
232967,232968,232979,11,1
232991,232992,232993,1,1
232991,232992,232993,1,1
232991,232992,232993,1,1
232991,232992,232993,1,1
232991,232992,232994,2,1
232991,232994,232995,1,3
232991,232993,232994,1,2
232991,232993,232994,1,2
232991,232993,232994,1,2
232991,232995,232996,1,4
232991,232992,232996,4,1
232991,232995,232996,1,4
232991,232995,232996,1,4
232991,232995,232996,1,4
232991,232995,232996,1,4
232991,232996,232997,1,5
232991,232992,232997,5,1
232991,232992,232997,5,1
232991,232992,232997,5,1
232991,232992,232998,6,1
232991,232997,232998,1,6
232991,232997,232998,1,6
232991,232992,232998,6,1
232991,232992,232998,6,1
232991,232992,232998,6,1
232991,232992,232999,7,1
232991,232992,232998,6,1
232991,232997,232998,1,6
232991,232998,232999,1,7
232991,232992,232998,6,1
232991,232997,232998,1,6
232991,232992,232998,6,1
232991,232997,232998,1,6
232991,232998,232999,1,7
232991,232992,232999,7,1
232991,232992,232998,6,1
232991,232998,232999,1,7
232991,232992,232998,6,1
232991,232992,232998,6,1
232991,232992,232999,7,1
232991,232992,232999,7,1
232991,232992,233000,8,1
232991,232997,232999,2,6
232991,232998,232999,1,7
232991,232999,233000,1,8
232991,232999,233000,1,8
232991,232999,233000,1,8
232991,232992,233000,8,1
232991,232999,233000,1,8
232991,232992,233000,8,1
232991,232999,233000,1,8
232991,232999,233000,1,8
232991,232999,233000,1,8
232991,232992,233000,8,1
232991,232992,233001,9,1
232991,232998,233000,2,7
232991,232992,233000,8,1
232991,232998,233000,2,7
232991,232999,233001,2,8
232991,232992,233001,9,1
232991,232992,233001,9,1
232991,232999,233000,1,8
232991,232999,233000,1,8
232991,232992,233002,10,1
232991,232992,233002,10,1
232991,232999,233001,2,8
232991,232992,233001,9,1
232991,232992,233001,9,1
232991,232992,233001,9,1
232991,232999,233001,2,8
232991,232999,233001,2,8
232991,232992,233001,9,1
232991,232992,233001,9,1
232991,232992,233002,10,1
232991,232992,233003,11,1
232991,232992,233002,10,1
232991,232992,233002,10,1
232991,232992,233004,12,1
232991,232992,233004,12,1
233015,233015,233016,1,0
233015,233015,233016,1,0
233015,233015,233016,1,0
233015,233015,233017,2,0
233015,233017,233018,1,2
233015,233017,233018,1,2
233015,233017,233018,1,2
233015,233015,233019,4,0
233015,233015,233019,4,0
233015,233019,233020,1,4
233015,233016,233020,4,1
233015,233015,233020,5,0
233015,233019,233020,1,4
233015,233019,233020,1,4
233015,233015,233020,5,0
233015,233019,233020,1,4
233015,233015,233020,5,0
233015,233016,233021,5,1
233015,233016,233021,5,1
233015,233020,233021,1,5
233015,233020,233021,1,5
233015,233021,233022,1,6
233015,233015,233021,6,0
233015,233021,233022,1,6
233015,233016,233022,6,1
233015,233016,233021,5,1
233015,233021,233022,1,6
233015,233020,233021,1,5
233015,233021,233022,1,6
233015,233021,233022,1,6
233015,233015,233022,7,0
233015,233021,233023,2,6
233015,233015,233022,7,0
233015,233022,233023,1,7
233015,233022,233023,1,7
233015,233015,233022,7,0
233015,233022,233023,1,7
233015,233022,233023,1,7
233015,233015,233023,8,0
233015,233015,233022,7,0
233015,233015,233022,7,0
233015,233021,233022,1,6
233015,233022,233023,1,7
233015,233022,233023,1,7
233015,233022,233023,1,7
233015,233015,233023,8,0
233015,233016,233023,7,1
233015,233016,233023,7,1
233015,233015,233023,8,0
233015,233016,233023,7,1
233015,233015,233023,8,0
233015,233015,233023,8,0
233015,233022,233023,1,7
233015,233022,233023,1,7
233015,233022,233023,1,7
233015,233022,233023,1,7
233015,233023,233024,1,8
233015,233022,233023,1,7
233015,233016,233025,9,1
233015,233015,233025,10,0
233015,233022,233024,2,7
233015,233023,233024,1,8
233015,233023,233024,1,8
233015,233023,233024,1,8
233015,233015,233024,9,0
233015,233016,233025,9,1
233015,233015,233025,10,0
233015,233016,233025,9,1
233015,233015,233025,10,0
233015,233015,233025,10,0
233015,233015,233026,11,0
233015,233016,233026,10,1
233015,233016,233026,10,1
233015,233015,233026,11,0
233015,233015,233027,12,0
233015,233015,233027,12,0
233015,233015,233028,13,0
233015,233015,233030,15,0
233042,233042,233043,1,0
233042,233042,233043,1,0
233042,233042,233043,1,0
233042,233042,233043,1,0
233042,233042,233043,1,0
233042,233043,233045,2,1
233042,233043,233045,2,1
233042,233042,233045,3,0
233042,233042,233046,4,0
233042,233042,233045,3,0
233042,233042,233046,4,0
233042,233042,233045,3,0
233042,233044,233045,1,2
233042,233043,233045,2,1
233042,233044,233045,1,2
233042,233042,233047,5,0
233042,233042,233047,5,0
233042,233042,233047,5,0
233042,233042,233046,4,0
233042,233045,233046,1,3
233042,233042,233046,4,0
233042,233046,233047,1,4
233042,233042,233046,4,0
233042,233045,233046,1,3
233042,233042,233047,5,0
233042,233042,233046,4,0
233042,233046,233047,1,4
233042,233042,233047,5,0
233042,233042,233048,6,0
233042,233042,233047,5,0
233042,233042,233047,5,0
233042,233042,233048,6,0
233042,233047,233048,1,5
233042,233047,233048,1,5
233042,233047,233048,1,5
233042,233042,233048,6,0
233042,233047,233048,1,5
233042,233042,233048,6,0
233042,233046,233047,1,4
233042,233047,233048,1,5
233042,233042,233048,6,0
233042,233046,233048,2,4
233042,233046,233048,2,4
233042,233046,233048,2,4
233042,233046,233048,2,4
233042,233047,233049,2,5
233042,233046,233048,2,4
233042,233047,233049,2,5
233042,233042,233049,7,0
233042,233047,233048,1,5
233042,233047,233048,1,5
233042,233042,233048,6,0
233042,233047,233048,1,5
233042,233042,233049,7,0
233042,233042,233049,7,0
233042,233042,233048,6,0
233042,233048,233049,1,6
233042,233042,233048,6,0
233042,233048,233049,1,6
233042,233048,233049,1,6
233042,233042,233050,8,0
233042,233047,233049,2,5
233042,233047,233049,2,5
233042,233042,233049,7,0
233042,233048,233050,2,6
233042,233048,233050,2,6
233042,233048,233050,2,6
233042,233048,233049,1,6
233042,233048,233049,1,6
233042,233042,233050,8,0
233042,233042,233050,8,0
233042,233042,233050,8,0
233042,233042,233050,8,0
233042,233042,233051,9,0
233042,233042,233052,10,0
233042,233042,233052,10,0
233042,233042,233053,11,0
233042,233042,233053,11,0
233042,233042,233054,12,0
233065,233065,233066,1,0
233065,233065,233066,1,0
233065,233065,233067,2,0
233065,233065,233066,1,0
233065,233065,233066,1,0
233065,233065,233068,3,0
233065,233066,233068,2,1
233065,233065,233068,3,0
233065,233065,233069,4,0
233065,233065,233069,4,0
233065,233067,233069,2,2
233065,233065,233069,4,0
233065,233065,233069,4,0
233065,233065,233069,4,0
233065,233067,233069,2,2
233065,233067,233069,2,2
233065,233065,233070,5,0
233065,233065,233069,4,0
233065,233065,233070,5,0
233065,233065,233069,4,0
233065,233065,233070,5,0
233065,233065,233070,5,0
233065,233065,233070,5,0
233065,233065,233070,5,0
233065,233069,233070,1,4
233065,233067,233070,3,2
233065,233069,233070,1,4
233065,233065,233070,5,0
233065,233068,233070,2,3
233065,233065,233070,5,0
233065,233065,233071,6,0
233065,233069,233071,2,4
233065,233065,233070,5,0
233065,233068,233071,3,3
233065,233065,233071,6,0
233065,233069,233071,2,4
233065,233069,233070,1,4
233065,233070,233071,1,5
233065,233069,233071,2,4
233065,233070,233071,1,5
233065,233070,233071,1,5
233065,233069,233072,3,4
233065,233069,233072,3,4
233065,233069,233072,3,4
233065,233065,233072,7,0
233065,233065,233072,7,0
233065,233065,233072,7,0
233065,233065,233072,7,0
233065,233070,233072,2,5
233065,233065,233072,7,0
233065,233070,233072,2,5
233065,233070,233072,2,5
233065,233071,233072,1,6
233065,233065,233072,7,0
233065,233065,233072,7,0
233065,233065,233072,7,0
233065,233065,233072,7,0
233065,233070,233072,2,5
233065,233070,233073,3,5
233065,233070,233073,3,5
233065,233065,233073,8,0
233065,233070,233072,2,5
233065,233070,233073,3,5
233065,233071,233073,2,6
233065,233070,233073,3,5
233065,233070,233073,3,5
233065,233071,233073,2,6
233065,233065,233073,8,0
233065,233065,233074,9,0
233065,233071,233074,3,6
233065,233071,233074,3,6
233065,233071,233074,3,6
233065,233065,233075,10,0
233065,233065,233075,10,0
233065,233065,233075,10,0
233065,233065,233076,11,0
233065,233065,233077,12,0
233065,233065,233078,13,0
233065,233065,233079,14,0
233090,233090,233091,1,0
233090,233090,233091,1,0
233090,233090,233091,1,0
233090,233090,233091,1,0
233090,233090,233092,2,0
233090,233090,233093,3,0
233090,233090,233093,3,0
233090,233090,233093,3,0
233090,233090,233093,3,0
233090,233090,233093,3,0
233090,233091,233093,2,1
233090,233090,233093,3,0
233090,233091,233093,2,1
233090,233091,233093,2,1
233090,233090,233094,4,0
233090,233090,233094,4,0
233090,233090,233094,4,0
233090,233090,233094,4,0
233090,233090,233094,4,0
233090,233090,233094,4,0
233090,233092,233094,2,2
233090,233090,233094,4,0
233090,233090,233094,4,0
233090,233090,233094,4,0
233090,233090,233094,4,0
233090,233090,233093,3,0
233090,233092,233094,2,2
233090,233090,233093,3,0
233090,233093,233094,1,3
233090,233093,233094,1,3
233090,233090,233095,5,0
233090,233090,233094,4,0
233090,233093,233095,2,3
233090,233093,233095,2,3
233090,233093,233095,2,3
233090,233090,233095,5,0
233090,233090,233095,5,0
233090,233090,233095,5,0
233090,233090,233095,5,0
233090,233090,233095,5,0
233090,233090,233095,5,0
233090,233093,233095,2,3
233090,233090,233095,5,0
233090,233090,233095,5,0
233090,233090,233096,6,0
233090,233090,233096,6,0
233090,233090,233096,6,0
233090,233090,233096,6,0
233090,233094,233096,2,4
233090,233094,233096,2,4
233090,233095,233096,1,5
233090,233095,233096,1,5
233090,233095,233096,1,5
233090,233094,233096,2,4
233090,233090,233096,6,0
233090,233095,233096,1,5
233090,233093,233097,4,3
233090,233094,233097,3,4
233090,233090,233097,7,0
233090,233094,233097,3,4
233090,233095,233097,2,5
233090,233094,233097,3,4
233090,233094,233097,3,4
233090,233094,233097,3,4
233090,233090,233097,7,0
233090,233094,233097,3,4
233090,233095,233097,2,5
233090,233090,233097,7,0
233090,233093,233097,4,3
233090,233094,233097,3,4
233090,233094,233097,3,4
233090,233095,233098,3,5
233090,233090,233098,8,0
233090,233093,233098,5,3
233090,233090,233098,8,0
233090,233096,233098,2,6
233090,233090,233100,10,0
233112,233112,233113,1,0
233112,233112,233113,1,0
233112,233112,233113,1,0
233112,233112,233113,1,0
233112,233112,233113,1,0
233112,233112,233115,3,0
233112,233112,233114,2,0
233112,233112,233115,3,0
233112,233113,233115,2,1
233112,233113,233115,2,1
233112,233112,233115,3,0
233112,233112,233116,4,0
233112,233112,233116,4,0
233112,233114,233116,2,2
233112,233112,233115,3,0
233112,233112,233117,5,0
233112,233112,233116,4,0
233112,233112,233116,4,0
233112,233112,233116,4,0
233112,233112,233116,4,0
233112,233112,233117,5,0
233112,233112,233116,4,0
233112,233114,233116,2,2
233112,233112,233116,4,0
233112,233112,233116,4,0
233112,233112,233116,4,0
233112,233112,233117,5,0
233112,233112,233116,4,0
233112,233114,233116,2,2
233112,233115,233116,1,3
233112,233112,233116,4,0
233112,233112,233117,5,0
233112,233112,233116,4,0
233112,233115,233117,2,3
233112,233112,233116,4,0
233112,233115,233117,2,3
233112,233115,233117,2,3
233112,233116,233117,1,4
233112,233116,233117,1,4
233112,233112,233117,5,0
233112,233112,233118,6,0
233112,233112,233117,5,0
233112,233112,233118,6,0
233112,233112,233117,5,0
233112,233112,233117,5,0
233112,233112,233117,5,0
233112,233117,233118,1,5
233112,233116,233117,1,4
233112,233117,233118,1,5
233112,233116,233117,1,4
233112,233117,233118,1,5
233112,233117,233118,1,5
233112,233112,233118,6,0
233112,233115,233119,4,3
233112,233112,233119,7,0
233112,233117,233119,2,5
233112,233117,233118,1,5
233112,233117,233118,1,5
233112,233112,233118,6,0
233112,233117,233118,1,5
233112,233112,233119,7,0
233112,233117,233118,1,5
233112,233117,233118,1,5
233112,233112,233120,8,0
233112,233117,233119,2,5
233112,233116,233120,4,4
233112,233117,233119,2,5
233112,233112,233120,8,0
233112,233117,233119,2,5
233112,233112,233119,7,0
233112,233117,233119,2,5
233112,233117,233120,3,5
233112,233117,233120,3,5
233112,233117,233120,3,5
233112,233117,233119,2,5
233112,233117,233119,2,5
233112,233117,233120,3,5
233112,233112,233121,9,0
233112,233112,233122,10,0
233135,233135,233136,1,0
233135,233135,233136,1,0
233135,233135,233136,1,0
233135,233135,233136,1,0
233135,233135,233136,1,0
233135,233135,233137,2,0
233135,233135,233137,2,0
233135,233135,233138,3,0
233135,233136,233138,2,1
233135,233135,233138,3,0
233135,233136,233138,2,1
233135,233136,233137,1,1
233135,233135,233139,4,0
233135,233135,233138,3,0
233135,233135,233138,3,0
233135,233135,233138,3,0
233135,233135,233139,4,0
233135,233135,233138,3,0
233135,233137,233139,2,2
233135,233135,233138,3,0
233135,233135,233138,3,0
233135,233135,233139,4,0
233135,233135,233139,4,0
233135,233135,233139,4,0
233135,233135,233140,5,0
233135,233135,233139,4,0
233135,233135,233139,4,0
233135,233135,233139,4,0
233135,233135,233139,4,0
233135,233137,233139,2,2
233135,233135,233140,5,0
233135,233137,233139,2,2
233135,233135,233140,5,0
233135,233138,233140,2,3
233135,233138,233140,2,3
233135,233138,233140,2,3
233135,233138,233139,1,3
233135,233135,233140,5,0
233135,233135,233141,6,0
233135,233135,233140,5,0
233135,233135,233140,5,0
233135,233135,233140,5,0
233135,233135,233140,5,0
233135,233135,233140,5,0
233135,233135,233141,6,0
233135,233139,233140,1,4
233135,233140,233141,1,5
233135,233139,233141,2,4
233135,233135,233141,6,0
233135,233138,233140,2,3
233135,233135,233140,5,0
233135,233139,233140,1,4
233135,233140,233141,1,5
233135,233139,233140,1,4
233135,233140,233141,1,5
233135,233140,233141,1,5
233135,233135,233140,5,0
233135,233139,233141,2,4
233135,233139,233140,1,4
233135,233135,233140,5,0
233135,233140,233141,1,5
233135,233135,233141,6,0
233135,233139,233141,2,4
233135,233137,233141,4,2
233135,233139,233142,3,4
233135,233135,233141,6,0
233135,233139,233142,3,4
233135,233135,233142,7,0
233135,233140,233141,1,5
233135,233135,233141,6,0
233135,233140,233141,1,5
233135,233135,233143,8,0
233135,233140,233142,2,5
233135,233139,233142,3,4
233135,233140,233142,2,5
233135,233140,233143,3,5
233135,233140,233143,3,5
233135,233140,233142,2,5
233135,233140,233142,2,5
233155,233155,233156,1,0
233155,233155,233156,1,0
233155,233155,233156,1,0
233155,233155,233156,1,0
233155,233155,233156,1,0
233155,233156,233157,1,1
233155,233156,233157,1,1
233155,233155,233159,4,0
233155,233155,233159,4,0
233155,233155,233159,4,0
233155,233155,233159,4,0
233155,233155,233159,4,0
233155,233155,233159,4,0
233155,233157,233158,1,2
233155,233157,233159,2,2
233155,233155,233159,4,0
233155,233155,233159,4,0
233155,233157,233159,2,2
233155,233155,233159,4,0
233155,233157,233159,2,2
233155,233155,233159,4,0
233155,233155,233160,5,0
233155,233155,233160,5,0
233155,233155,233160,5,0
233155,233155,233160,5,0
233155,233155,233160,5,0
233155,233155,233160,5,0
233155,233155,233160,5,0
233155,233155,233160,5,0
233155,233159,233160,1,4
233155,233155,233160,5,0
233155,233155,233160,5,0
233155,233158,233160,2,3
233155,233155,233160,5,0
233155,233155,233160,5,0
233155,233159,233160,1,4
233155,233159,233160,1,4
233155,233155,233160,5,0
233155,233155,233161,6,0
233155,233155,233161,6,0
233155,233155,233161,6,0
233155,233159,233161,2,4
233155,233155,233161,6,0
233155,233159,233161,2,4
233155,233155,233161,6,0
233155,233159,233161,2,4
233155,233159,233161,2,4
233155,233155,233161,6,0
233155,233155,233161,6,0
233155,233160,233161,1,5
233155,233155,233161,6,0
233155,233159,233161,2,4
233155,233161,233162,1,6
233155,233159,233162,3,4
233155,233155,233162,7,0
233155,233155,233162,7,0
233155,233159,233162,3,4
233155,233160,233162,2,5
233155,233160,233162,2,5
233155,233160,233162,2,5
233155,233161,233162,1,6
233155,233155,233162,7,0
233155,233160,233162,2,5
233155,233155,233163,8,0
233155,233155,233163,8,0
233155,233159,233163,4,4
233155,233160,233163,3,5
233155,233160,233163,3,5
233155,233160,233163,3,5
233155,233159,233163,4,4
233155,233159,233163,4,4
233155,233160,233163,3,5
233155,233155,233163,8,0
233155,233155,233163,8,0
233155,233160,233164,4,5
233155,233155,233167,12,0
233178,233178,233179,1,0
233178,233178,233180,2,0
233178,233178,233180,2,0
233178,233178,233180,2,0
233178,233178,233180,2,0
233178,233178,233181,3,0
233178,233179,233182,3,1
233178,233180,233181,1,2
233178,233178,233182,4,0
233178,233178,233181,3,0
233178,233178,233181,3,0
233178,233179,233182,3,1
233178,233179,233182,3,1
233178,233178,233182,4,0
233178,233178,233182,4,0
233178,233178,233182,4,0
233178,233178,233182,4,0
233178,233181,233182,1,3
233178,233182,233183,1,4
233178,233178,233182,4,0
233178,233181,233183,2,3
233178,233182,233183,1,4
233178,233181,233182,1,3
233178,233182,233183,1,4
233178,233182,233183,1,4
233178,233178,233182,4,0
233178,233182,233183,1,4
233178,233179,233183,4,1
233178,233178,233183,5,0
233178,233179,233183,4,1
233178,233179,233183,4,1
233178,233179,233183,4,1
233178,233179,233183,4,1
233178,233178,233183,5,0
233178,233178,233183,5,0
233178,233182,233183,1,4
233178,233183,233184,1,5
233178,233178,233183,5,0
233178,233179,233183,4,1
233178,233183,233184,1,5
233178,233183,233184,1,5
233178,233178,233183,5,0
233178,233182,233183,1,4
233178,233183,233184,1,5
233178,233178,233183,5,0
233178,233183,233184,1,5
233178,233183,233184,1,5
233178,233183,233184,1,5
233178,233179,233183,4,1
233178,233183,233184,1,5
233178,233183,233184,1,5
233178,233183,233184,1,5
233178,233179,233184,5,1
233178,233179,233185,6,1
233178,233178,233184,6,0
233178,233183,233185,2,5
233178,233178,233185,7,0
233178,233183,233184,1,5
233178,233184,233185,1,6
233178,233183,233184,1,5
233178,233179,233185,6,1
233178,233178,233186,8,0
233178,233183,233185,2,5
233178,233183,233185,2,5
233178,233184,233186,2,6
233178,233183,233185,2,5
233178,233178,233186,8,0
233178,233178,233186,8,0
233178,233184,233186,2,6
233178,233178,233186,8,0
233178,233184,233186,2,6
233178,233184,233186,2,6
233178,233184,233186,2,6
233178,233184,233186,2,6
233178,233178,233187,9,0
233178,233178,233187,9,0
233178,233178,233189,11,0
233178,233178,233188,10,0
233199,233199,233200,1,0
233199,233199,233200,1,0
233199,233199,233200,1,0
233199,233199,233201,2,0
233199,233199,233201,2,0
233199,233199,233202,3,0
233199,233201,233202,1,2
233199,233199,233202,3,0
233199,233199,233202,3,0
233199,233201,233202,1,2
233199,233202,233203,1,3
233199,233202,233203,1,3
233199,233199,233203,4,0
233199,233200,233203,3,1
233199,233200,233203,3,1
233199,233200,233203,3,1
233199,233202,233203,1,3
233199,233199,233203,4,0
233199,233203,233204,1,4
233199,233199,233203,4,0
233199,233202,233203,1,3
233199,233203,233204,1,4
233199,233199,233204,5,0
233199,233200,233204,4,1
233199,233199,233204,5,0
233199,233199,233204,5,0
233199,233199,233204,5,0
233199,233203,233204,1,4
233199,233199,233204,5,0
233199,233203,233204,1,4
233199,233199,233204,5,0
233199,233204,233205,1,5
233199,233204,233205,1,5
233199,233203,233204,1,4
233199,233204,233205,1,5
233199,233204,233205,1,5
233199,233199,233205,6,0
233199,233199,233205,6,0
233199,233199,233205,6,0
233199,233199,233205,6,0
233199,233199,233205,6,0
233199,233199,233205,6,0
233199,233203,233205,2,4
233199,233204,233205,1,5
233199,233205,233206,1,6
233199,233205,233206,1,6
233199,233199,233205,6,0
233199,233204,233205,1,5
233199,233205,233206,1,6
233199,233205,233206,1,6
233199,233199,233205,6,0
233199,233204,233205,1,5
233199,233199,233206,7,0
233199,233204,233206,2,5
233199,233199,233206,7,0
233199,233205,233207,2,6
233199,233204,233206,2,5
233199,233199,233206,7,0
233199,233204,233206,2,5
233199,233199,233207,8,0
233199,233199,233207,8,0
233199,233199,233206,7,0
233199,233199,233206,7,0
233199,233205,233206,1,6
233199,233205,233206,1,6
233199,233205,233206,1,6
233199,233199,233207,8,0
233199,233199,233207,8,0
233199,233205,233207,2,6
233199,233199,233207,8,0
233199,233199,233207,8,0
233199,233205,233207,2,6
233199,233199,233207,8,0
233199,233205,233207,2,6
233199,233199,233208,9,0
233199,233199,233208,9,0
233199,233199,233213,14,0
233224,233224,233225,1,0
233224,233224,233225,1,0
233224,233224,233226,2,0
233224,233224,233226,2,0
233224,233224,233225,1,0
233224,233224,233226,2,0
233224,233224,233227,3,0
233224,233224,233227,3,0
233224,233224,233227,3,0
233224,233224,233227,3,0
233224,233224,233227,3,0
233224,233224,233227,3,0
233224,233224,233227,3,0
233224,233225,233227,2,1
233224,233226,233227,1,2
233224,233226,233228,2,2
233224,233226,233228,2,2
233224,233224,233227,3,0
233224,233224,233228,4,0
233224,233224,233228,4,0
233224,233224,233228,4,0
233224,233224,233228,4,0
233224,233224,233228,4,0
233224,233224,233229,5,0
233224,233226,233229,3,2
233224,233224,233229,5,0
233224,233224,233229,5,0
233224,233224,233229,5,0
233224,233228,233230,2,4
233224,233224,233229,5,0
233224,233224,233229,5,0
233224,233229,233230,1,5
233224,233224,233230,6,0
233224,233228,233229,1,4
233224,233224,233230,6,0
233224,233224,233230,6,0
233224,233224,233230,6,0
233224,233224,233230,6,0
233224,233230,233231,1,6
233224,233228,233230,2,4
233224,233228,233230,2,4
233224,233229,233231,2,5
233224,233224,233230,6,0
233224,233229,233230,1,5
233224,233230,233231,1,6
233224,233230,233231,1,6
233224,233230,233231,1,6
233224,233224,233231,7,0
233224,233224,233230,6,0
233224,233224,233231,7,0
233224,233230,233231,1,6
233224,233230,233231,1,6
233224,233227,233231,4,3
233224,233229,233231,2,5
233224,233224,233231,7,0
233224,233227,233231,4,3
233224,233230,233232,2,6
233224,233227,233232,5,3
233224,233229,233231,2,5
233224,233229,233231,2,5
233224,233224,233232,8,0
233224,233224,233231,7,0
233224,233227,233232,5,3
233224,233224,233232,8,0
233224,233224,233232,8,0
233224,233227,233232,5,3
233224,233230,233232,2,6
233224,233230,233232,2,6
233224,233230,233233,3,6
233224,233224,233233,9,0
233224,233224,233233,9,0
233224,233229,233233,4,5
233224,233230,233234,4,6
233224,233224,233234,10,0
233224,233224,233234,10,0
233224,233224,233236,12,0
233247,233247,233248,1,0
233247,233247,233248,1,0
233247,233247,233249,2,0
233247,233247,233249,2,0
233247,233247,233249,2,0
233247,233249,233250,1,2
233247,233249,233250,1,2
233247,233247,233251,4,0
233247,233250,233251,1,3
233247,233247,233251,4,0
233247,233250,233251,1,3
233247,233250,233251,1,3
233247,233248,233252,4,1
233247,233248,233252,4,1
233247,233248,233252,4,1
233247,233248,233252,4,1
233247,233248,233252,4,1
233247,233252,233253,1,5
233247,233247,233252,5,0
233247,233252,233253,1,5
233247,233248,233252,4,1
233247,233248,233253,5,1
233247,233251,233252,1,4
233247,233248,233253,5,1
233247,233252,233253,1,5
233247,233248,233252,4,1
233247,233248,233252,4,1
233247,233247,233252,5,0
233247,233248,233252,4,1
233247,233251,233252,1,4
233247,233248,233253,5,1
233247,233248,233253,5,1
233247,233248,233253,5,1
233247,233248,233253,5,1
233247,233248,233253,5,1
233247,233248,233254,6,1
233247,233248,233253,5,1
233247,233248,233253,5,1
233247,233248,233253,5,1
233247,233253,233254,1,6
233247,233248,233253,5,1
233247,233253,233254,1,6
233247,233253,233254,1,6
233247,233248,233254,6,1
233247,233248,233253,5,1
233247,233253,233254,1,6
233247,233248,233253,5,1
233247,233253,233254,1,6
233247,233253,233254,1,6
233247,233247,233255,8,0
233247,233247,233254,7,0
233247,233248,233254,6,1
233247,233253,233254,1,6
233247,233252,233255,3,5
233247,233252,233254,2,5
233247,233253,233254,1,6
233247,233253,233254,1,6
233247,233253,233254,1,6
233247,233248,233255,7,1
233247,233253,233255,2,6
233247,233254,233255,1,7
233247,233253,233255,2,6
233247,233253,233255,2,6
233247,233253,233256,3,6
233247,233248,233256,8,1
233247,233253,233255,2,6
233247,233248,233255,7,1
233247,233253,233255,2,6
233247,233253,233255,2,6
233247,233248,233255,7,1
233247,233254,233257,3,7
233247,233254,233256,2,7
233247,233254,233257,3,7
233247,233247,233256,9,0
233247,233253,233256,3,6
233247,233254,233256,2,7
233247,233248,233256,8,1
233247,233247,233257,10,0
233247,233247,233262,15,0
233273,233273,233274,1,0
233273,233273,233274,1,0
233273,233273,233274,1,0
233273,233273,233274,1,0
233273,233273,233274,1,0
233273,233274,233276,2,1
233273,233273,233276,3,0
233273,233275,233277,2,2
233273,233275,233276,1,2
233273,233275,233276,1,2
233273,233275,233276,1,2
233273,233273,233278,5,0
233273,233273,233278,5,0
233273,233273,233278,5,0
233273,233276,233277,1,3
233273,233277,233278,1,4
233273,233273,233277,4,0
233273,233277,233278,1,4
233273,233273,233278,5,0
233273,233273,233278,5,0
233273,233273,233278,5,0
233273,233273,233279,6,0
233273,233273,233278,5,0
233273,233273,233278,5,0
233273,233273,233278,5,0
233273,233277,233278,1,4
233273,233273,233278,5,0
233273,233273,233279,6,0
233273,233277,233278,1,4
233273,233273,233278,5,0
233273,233273,233279,6,0
233273,233273,233279,6,0
233273,233273,233279,6,0
233273,233277,233279,2,4
233273,233273,233279,6,0
233273,233278,233280,2,5
233273,233278,233280,2,5
233273,233279,233280,1,6
233273,233273,233280,7,0
233273,233278,233279,1,5
233273,233278,233279,1,5
233273,233278,233280,2,5
233273,233279,233280,1,6
233273,233273,233280,7,0
233273,233273,233280,7,0
233273,233273,233280,7,0
233273,233273,233281,8,0
233273,233278,233281,3,5
233273,233273,233281,8,0
233273,233279,233280,1,6
233273,233273,233281,8,0
233273,233273,233281,8,0
233273,233279,233281,2,6
233273,233273,233281,8,0
233273,233273,233280,7,0
233273,233273,233280,7,0
233273,233273,233280,7,0
233273,233280,233281,1,7
233273,233280,233281,1,7
233273,233279,233280,1,6
233273,233273,233280,7,0
233273,233279,233280,1,6
233273,233273,233281,8,0
233273,233273,233282,9,0
233273,233279,233281,2,6
233273,233279,233281,2,6
233273,233273,233282,9,0
233273,233279,233281,2,6
233273,233273,233282,9,0
233273,233279,233281,2,6
233273,233279,233282,3,6
233273,233280,233282,2,7
233273,233280,233282,2,7
233273,233273,233282,9,0
233273,233278,233282,4,5
233273,233280,233282,2,7
233273,233279,233282,3,6
233273,233273,233284,11,0
233273,233273,233286,13,0
233298,233298,233299,1,0
233298,233298,233300,2,0
233298,233298,233299,1,0
233298,233298,233299,1,0
233298,233298,233300,2,0
233298,233298,233301,3,0
233298,233298,233302,4,0
233298,233298,233302,4,0
233298,233300,233302,2,2
233298,233300,233302,2,2
233298,233300,233302,2,2
233298,233300,233302,2,2
233298,233300,233302,2,2
233298,233298,233303,5,0
233298,233298,233303,5,0
233298,233298,233303,5,0
233298,233298,233303,5,0
233298,233298,233303,5,0
233298,233302,233303,1,4
233298,233298,233303,5,0
233298,233302,233304,2,4
233298,233301,233304,3,3
233298,233302,233304,2,4
233298,233298,233304,6,0
233298,233298,233304,6,0
233298,233302,233304,2,4
233298,233302,233304,2,4
233298,233298,233304,6,0
233298,233302,233304,2,4
233298,233298,233305,7,0
233298,233298,233305,7,0
233298,233298,233305,7,0
233298,233302,233305,3,4
233298,233298,233305,7,0
233298,233298,233305,7,0
233298,233298,233304,6,0
233298,233298,233305,7,0
233298,233298,233305,7,0
233298,233298,233306,8,0
233298,233298,233305,7,0
233298,233304,233305,1,6
233298,233298,233305,7,0
233298,233304,233305,1,6
233298,233304,233305,1,6
233298,233298,233305,7,0
233298,233304,233305,1,6
233298,233305,233306,1,7
233298,233298,233305,7,0
233298,233298,233306,8,0
233298,233298,233306,8,0
233298,233298,233306,8,0
233298,233298,233306,8,0
233298,233305,233306,1,7
233298,233305,233306,1,7
233298,233305,233306,1,7
233298,233298,233306,8,0
233298,233298,233306,8,0
233298,233298,233307,9,0
233298,233305,233307,2,7
233298,233304,233307,3,6
233298,233303,233307,4,5
233298,233304,233307,3,6
233298,233303,233307,4,5
233298,233305,233308,3,7
233298,233298,233308,10,0
233298,233305,233308,3,7
233298,233305,233308,3,7
233298,233298,233308,10,0
233298,233305,233308,3,7
233298,233306,233308,2,8
233298,233298,233308,10,0
233298,233303,233308,5,5
233298,233298,233309,11,0
233298,233298,233310,12,0
233298,233298,233311,13,0
233298,233298,233311,13,0
235000,235001,235020,19,1
235211,235211,235249,38,0
235220,235220,235262,42,0
235323,235323,235362,39,0
292534,292536,292576,40,2
292540,292540,292581,41,0
292623,292623,292675,52,0
293506,293507,293508,1,1
293508,293508,293510,2,0
293525,293525,293544,19,0
293599,293600,293601,1,1
293602,293603,293604,1,1
293620,293620,293639,19,0
293638,293640,293641,1,2
293663,293664,293682,18,1
293873,293873,293894,21,0
293875,293876,293913,37,1
293887,293888,293925,37,1
294701,294701,294737,36,0
294702,294703,294737,34,1
294783,294783,294822,39,0
295287,295288,295291,3,1
295287,295288,295322,34,1
295354,295354,295392,38,0
296031,296031,296033,2,0
296033,296034,296035,1,1
296299,296300,296340,40,1
296300,296300,296342,42,0
296303,296303,296345,42,0
296341,296351,296352,1,10
296426,296427,296458,31,1
296429,296429,296459,30,0
296942,296942,297035,93,0
297569,297569,297573,4,0
297574,297574,297578,4,0
297658,297658,297660,2,0
297658,297658,297660,2,0
297658,297658,297660,2,0
297658,297658,297660,2,0
297658,297658,297660,2,0
297658,297659,297661,2,1
297658,297659,297662,3,1
297658,297661,297663,2,3
297658,297661,297663,2,3
297658,297661,297662,1,3
297658,297661,297662,1,3
297658,297661,297662,1,3
297658,297658,297663,5,0
297658,297663,297664,1,5
297658,297663,297664,1,5
297658,297659,297664,5,1
297658,297659,297664,5,1
297658,297659,297664,5,1
297658,297663,297664,1,5
297658,297659,297665,6,1
297658,297659,297664,5,1
297658,297663,297664,1,5
297658,297659,297665,6,1
297658,297663,297664,1,5
297658,297664,297665,1,6
297658,297659,297664,5,1
297658,297659,297665,6,1
297658,297659,297664,5,1
297658,297659,297664,5,1
297658,297659,297665,6,1
297658,297659,297665,6,1
297658,297659,297666,7,1
297658,297659,297665,6,1
297658,297662,297665,3,4
297658,297659,297665,6,1
297658,297658,297666,8,0
297658,297659,297666,7,1
297658,297659,297665,6,1
297658,297665,297666,1,7
297658,297659,297665,6,1
297658,297659,297666,7,1
297658,297659,297665,6,1
297658,297664,297665,1,6
297658,297665,297666,1,7
297658,297664,297665,1,6
297658,297659,297667,8,1
297658,297663,297666,3,5
297658,297659,297666,7,1
297658,297659,297667,8,1
297658,297659,297666,7,1
297658,297665,297666,1,7
297658,297665,297666,1,7
297658,297665,297666,1,7
297658,297665,297666,1,7
297658,297665,297666,1,7
297658,297665,297666,1,7
297658,297665,297666,1,7
297658,297665,297666,1,7
297658,297665,297666,1,7
297658,297665,297666,1,7
297658,297659,297667,8,1
297658,297666,297668,2,8
297658,297659,297667,8,1
297658,297666,297668,2,8
297658,297659,297667,8,1
297658,297659,297667,8,1
297658,297665,297668,3,7
297658,297666,297668,2,8
297658,297659,297668,9,1
297658,297666,297668,2,8
297658,297665,297668,3,7
297658,297666,297668,2,8
297658,297666,297668,2,8
297658,297659,297669,10,1
297658,297659,297669,10,1
297658,297659,297669,10,1
297658,297659,297670,11,1
297658,297659,297673,14,1
297658,297658,297677,19,0
297686,297686,297687,1,0
297686,297686,297687,1,0
297686,297686,297687,1,0
297686,297686,297687,1,0
297686,297686,297687,1,0
297686,297686,297689,3,0
297686,297686,297689,3,0
297686,297687,297689,2,1
297686,297686,297690,4,0
297686,297688,297689,1,2
297686,297688,297690,2,2
297686,297688,297690,2,2
297686,297688,297690,2,2
297686,297686,297690,4,0
297686,297686,297691,5,0
297686,297689,297690,1,3
297686,297690,297691,1,4
297686,297686,297690,4,0
297686,297686,297691,5,0
297686,297686,297690,4,0
297686,297686,297690,4,0
297686,297686,297692,6,0
297686,297686,297691,5,0
297686,297686,297692,6,0
297686,297689,297692,3,3
297686,297686,297691,5,0
297686,297686,297692,6,0
297686,297690,297691,1,4
297686,297686,297692,6,0
297686,297690,297692,2,4
297686,297686,297692,6,0
297686,297690,297692,2,4
297686,297686,297692,6,0
297686,297686,297691,5,0
297686,297691,297692,1,5
297686,297686,297691,5,0
297686,297690,297692,2,4
297686,297686,297692,6,0
297686,297686,297693,7,0
297686,297686,297693,7,0
297686,297686,297693,7,0
297686,297690,297693,3,4
297686,297686,297693,7,0
297686,297690,297692,2,4
297686,297686,297692,6,0
297686,297686,297693,7,0
297686,297691,297692,1,5
297686,297691,297692,1,5
297686,297686,297693,7,0
297686,297691,297692,1,5
297686,297691,297693,2,5
297686,297692,297693,1,6
297686,297686,297693,7,0
297686,297691,297693,2,5
297686,297692,297693,1,6
297686,297692,297694,2,6
297686,297692,297694,2,6
297686,297692,297694,2,6
297686,297692,297694,2,6
297686,297692,297694,2,6
297686,297693,297694,1,7
297686,297692,297695,3,6
297686,297686,297695,9,0
297686,297691,297695,4,5
297686,297692,297695,3,6
297686,297686,297696,10,0
297686,297692,297696,4,6
297686,297686,297696,10,0
297686,297686,297696,10,0
297686,297692,297695,3,6
297686,297686,297696,10,0
297686,297686,297697,11,0
297686,297686,297697,11,0
297686,297686,297697,11,0
297686,297686,297698,12,0
297694,297694,297698,4,0
297686,297686,297699,13,0
297686,297686,297700,14,0
297696,297696,297700,4,0
297698,297701,297702,1,3
297709,297709,297710,1,0
297709,297709,297710,1,0
297709,297709,297710,1,0
297709,297709,297710,1,0
297709,297709,297710,1,0
297709,297709,297710,1,0
297709,297709,297711,2,0
297709,297709,297712,3,0
297709,297709,297712,3,0
297709,297709,297711,2,0
297709,297710,297711,1,1
297709,297709,297713,4,0
297709,297711,297713,2,2
297709,297709,297713,4,0
297709,297711,297713,2,2
297709,297709,297712,3,0
297709,297710,297712,2,1
297709,297709,297713,4,0
297709,297709,297713,4,0
297709,297711,297714,3,2
297709,297709,297714,5,0
297709,297711,297714,3,2
297709,297709,297714,5,0
297709,297712,297714,2,3
297709,297713,297714,1,4
297709,297709,297713,4,0
297709,297712,297714,2,3
297709,297713,297714,1,4
297709,297709,297714,5,0
297709,297709,297714,5,0
297709,297709,297715,6,0
297709,297709,297714,5,0
297709,297709,297715,6,0
297709,297709,297715,6,0
297709,297709,297715,6,0
297709,297709,297715,6,0
297709,297712,297715,3,3
297709,297713,297714,1,4
297709,297709,297715,6,0
297709,297713,297714,1,4
297709,297712,297714,2,3
297709,297714,297715,1,5
297709,297709,297714,5,0
297709,297714,297715,1,5
297709,297714,297716,2,5
297709,297709,297716,7,0
297709,297714,297715,1,5
297709,297714,297715,1,5
297709,297709,297716,7,0
297709,297714,297715,1,5
297709,297709,297715,6,0
297709,297714,297716,2,5
297709,297714,297716,2,5
297709,297714,297716,2,5
297709,297714,297716,2,5
297709,297709,297715,6,0
297709,297709,297717,8,0
297709,297715,297717,2,6
297709,297709,297716,7,0
297709,297715,297717,2,6
297709,297712,297717,5,3
297709,297713,297716,3,4
297709,297715,297716,1,6
297709,297714,297718,4,5
297709,297709,297717,8,0
297709,297715,297717,2,6
297709,297715,297717,2,6
297709,297713,297717,4,4
297709,297715,297717,2,6
297709,297709,297718,9,0
297709,297715,297717,2,6
297709,297709,297717,8,0
297709,297709,297718,9,0
297709,297709,297718,9,0
297709,297709,297719,10,0
297709,297709,297720,11,0
297709,297709,297719,10,0
297709,297709,297720,11,0
297709,297709,297722,13,0
297731,297731,297732,1,0
297731,297731,297732,1,0
297731,297731,297732,1,0
297731,297731,297732,1,0
297731,297731,297732,1,0
297731,297731,297732,1,0
297731,297731,297733,2,0
297731,297732,297733,1,1
297731,297731,297733,2,0
297731,297731,297733,2,0
297731,297731,297732,1,0
297731,297731,297733,2,0
297731,297731,297734,3,0
297731,297731,297734,3,0
297731,297731,297733,2,0
297731,297732,297734,2,1
297731,297732,297734,2,1
297731,297731,297734,3,0
297731,297732,297733,1,1
297731,297731,297735,4,0
297731,297731,297735,4,0
297731,297731,297735,4,0
297731,297733,297735,2,2
297731,297733,297735,2,2
297731,297733,297735,2,2
297731,297731,297735,4,0
297731,297734,297735,1,3
297731,297734,297735,1,3
297731,297733,297735,2,2
297731,297733,297735,2,2
297731,297734,297735,1,3
297731,297731,297736,5,0
297731,297731,297735,4,0
297731,297731,297736,5,0
297731,297731,297735,4,0
297731,297731,297736,5,0
297731,297731,297736,5,0
297731,297733,297736,3,2
297731,297731,297736,5,0
297731,297734,297736,2,3
297731,297734,297735,1,3
297731,297735,297736,1,4
297731,297733,297736,3,2
297731,297733,297736,3,2
297731,297734,297736,2,3
297731,297734,297736,2,3
297731,297731,297736,5,0
297731,297735,297736,1,4
297731,297735,297736,1,4
297731,297731,297736,5,0
297731,297735,297736,1,4
297731,297735,297736,1,4
297731,297731,297737,6,0
297731,297731,297736,5,0
297731,297731,297736,5,0
297731,297731,297736,5,0
297731,297731,297736,5,0
297731,297731,297737,6,0
297731,297731,297737,6,0
297731,297731,297736,5,0
297731,297735,297737,2,4
297731,297735,297737,2,4
297731,297735,297737,2,4
297731,297736,297737,1,5
297731,297735,297738,3,4
297731,297735,297738,3,4
297731,297735,297738,3,4
297731,297731,297738,7,0
297731,297731,297738,7,0
297731,297736,297738,2,5
297731,297731,297738,7,0
297731,297736,297738,2,5
297731,297731,297738,7,0
297731,297736,297738,2,5
297731,297731,297739,8,0
297731,297736,297738,2,5
297731,297731,297739,8,0
297731,297731,297742,11,0
297731,297731,297741,10,0
297751,297751,297752,1,0
297751,297751,297752,1,0
297751,297751,297752,1,0
297751,297751,297752,1,0
297751,297751,297752,1,0
297751,297751,297752,1,0
297751,297752,297753,1,1
297751,297751,297752,1,0
297751,297751,297754,3,0
297751,297753,297754,1,2
297751,297751,297753,2,0
297751,297752,297753,1,1
297751,297751,297754,3,0
297751,297752,297753,1,1
297751,297753,297754,1,2
297751,297751,297754,3,0
297751,297753,297755,2,2
297751,297753,297754,1,2
297751,297751,297755,4,0
297751,297751,297754,3,0
297751,297751,297755,4,0
297751,297753,297754,1,2
297751,297754,297755,1,3
297751,297751,297754,3,0
297751,297754,297755,1,3
297751,297754,297755,1,3
297751,297751,297756,5,0
297751,297751,297756,5,0
297751,297751,297755,4,0
297751,297751,297756,5,0
297751,297751,297756,5,0
297751,297754,297755,1,3
297751,297754,297755,1,3
297751,297754,297755,1,3
297751,297755,297756,1,4
297751,297755,297756,1,4
297751,297755,297756,1,4
297751,297751,297757,6,0
297751,297754,297757,3,3
297751,297755,297756,1,4
297751,297756,297757,1,5
297751,297756,297757,1,5
297751,297751,297756,5,0
297751,297755,297757,2,4
297751,297756,297757,1,5
297751,297755,297756,1,4
297751,297755,297756,1,4
297751,297756,297757,1,5
297751,297755,297757,2,4
297751,297755,297756,1,4
297751,297755,297756,1,4
297751,297751,297756,5,0
297751,297756,297757,1,5
297751,297755,297757,2,4
297751,297751,297758,7,0
297751,297751,297758,7,0
297751,297751,297758,7,0
297751,297751,297758,7,0
297751,297751,297759,8,0
297751,297756,297758,2,5
297751,297751,297759,8,0
297751,297751,297758,7,0
297751,297751,297759,8,0
297751,297751,297759,8,0
297751,297756,297758,2,5
297751,297756,297758,2,5
297751,297756,297758,2,5
297751,297751,297759,8,0
297751,297751,297759,8,0
297751,297751,297759,8,0
297751,297751,297759,8,0
297751,297751,297761,10,0
297751,297751,297761,10,0
297751,297751,297760,9,0
297751,297751,297761,10,0
297751,297751,297763,12,0
297751,297751,297765,14,0
297751,297751,297766,15,0
297751,297751,297766,15,0
297774,297774,297776,2,0
297774,297774,297775,1,0
297774,297774,297775,1,0
297774,297774,297775,1,0
297774,297774,297775,1,0
297774,297774,297775,1,0
297774,297774,297775,1,0
297774,297776,297777,1,2
297774,297774,297777,3,0
297774,297774,297777,3,0
297774,297776,297777,1,2
297774,297774,297777,3,0
297774,297776,297777,1,2
297774,297774,297777,3,0
297774,297776,297777,1,2
297774,297776,297777,1,2
297774,297776,297778,2,2
297774,297776,297777,1,2
297774,297774,297778,4,0
297774,297778,297779,1,4
297774,297774,297778,4,0
297774,297777,297778,1,3
297774,297774,297778,4,0
297774,297778,297779,1,4
297774,297774,297779,5,0
297774,297774,297779,5,0
297774,297774,297779,5,0
297774,297774,297779,5,0
297774,297778,297779,1,4
297774,297778,297780,2,4
297774,297778,297779,1,4
297774,297774,297779,5,0
297774,297774,297779,5,0
297774,297778,297779,1,4
297774,297778,297779,1,4
297774,297779,297780,1,5
297774,297774,297781,7,0
297774,297774,297780,6,0
297774,297778,297780,2,4
297774,297778,297781,3,4
297774,297774,297781,7,0
297774,297774,297781,7,0
297774,297779,297780,1,5
297774,297774,297780,6,0
297774,297779,297780,1,5
297774,297774,297780,6,0
297774,297780,297781,1,6
297774,297774,297781,7,0
297774,297778,297780,2,4
297774,297779,297780,1,5
297774,297779,297780,1,5
297774,297779,297780,1,5
297774,297780,297781,1,6
297774,297774,297781,7,0
297774,297774,297781,7,0
297774,297779,297782,3,5
297774,297774,297782,8,0
297774,297780,297782,2,6
297774,297774,297782,8,0
297774,297780,297781,1,6
297774,297780,297781,1,6
297774,297780,297781,1,6
297774,297780,297781,1,6
297774,297780,297781,1,6
297774,297774,297782,8,0
297774,297774,297782,8,0
297774,297774,297782,8,0
297774,297774,297783,9,0
297774,297780,297782,2,6
297774,297780,297782,2,6
297774,297774,297783,9,0
297774,297774,297783,9,0
297774,297774,297784,10,0
297774,297774,297783,9,0
297774,297774,297784,10,0
297774,297774,297785,11,0
297774,297774,297785,11,0
297774,297774,297789,15,0
297774,297774,297791,17,0
297762,297762,297796,34,0
297799,297799,297800,1,0
297799,297799,297800,1,0
297799,297799,297800,1,0
297799,297799,297800,1,0
297799,297799,297800,1,0
297799,297799,297800,1,0
297799,297799,297800,1,0
297799,297799,297800,1,0
297799,297800,297801,1,1
297799,297800,297802,2,1
297799,297800,297802,2,1
297799,297800,297802,2,1
297799,297799,297803,4,0
297799,297801,297802,1,2
297799,297801,297803,2,2
297799,297801,297802,1,2
297799,297799,297803,4,0
297799,297799,297803,4,0
297799,297802,297803,1,3
297799,297799,297803,4,0
297799,297801,297803,2,2
297799,297802,297803,1,3
297799,297802,297804,2,3
297799,297799,297804,5,0
297799,297799,297804,5,0
297799,297799,297804,5,0
297799,297799,297805,6,0
297799,297799,297805,6,0
297799,297799,297804,5,0
297799,297803,297805,2,4
297799,297804,297805,1,5
297799,297804,297805,1,5
297799,297799,297805,6,0
297799,297802,297804,2,3
297799,297804,297805,1,5
297799,297803,297805,2,4
297799,297804,297805,1,5
297799,297799,297805,6,0
297799,297799,297806,7,0
297799,297799,297805,6,0
297799,297799,297806,7,0
297799,297799,297805,6,0
297799,297799,297806,7,0
297799,297799,297806,7,0
297799,297804,297805,1,5
297799,297799,297805,6,0
297799,297803,297805,2,4
297799,297805,297806,1,6
297799,297805,297806,1,6
297799,297799,297805,6,0
297799,297803,297806,3,4
297799,297799,297805,6,0
297799,297799,297805,6,0
297799,297805,297806,1,6
297799,297799,297807,8,0
297799,297805,297807,2,6
297799,297804,297807,3,5
297799,297799,297807,8,0
297799,297805,297806,1,6
297799,297805,297806,1,6
297799,297805,297806,1,6
297799,297805,297807,2,6
297799,297805,297807,2,6
297799,297799,297807,8,0
297799,297804,297807,3,5
297799,297805,297808,3,6
297799,297805,297807,2,6
297799,297799,297808,9,0
297799,297805,297807,2,6
297799,297799,297807,8,0
297799,297799,297808,9,0
297799,297799,297809,10,0
297799,297799,297808,9,0
297799,297799,297810,11,0
297799,297799,297810,11,0
297799,297799,297810,11,0
297799,297799,297810,11,0
297799,297799,297811,12,0
297799,297799,297813,14,0
297822,297822,297823,1,0
297822,297822,297823,1,0
297822,297822,297823,1,0
297822,297822,297823,1,0
297822,297822,297823,1,0
297822,297822,297823,1,0
297822,297822,297823,1,0
297822,297823,297825,2,1
297822,297823,297825,2,1
297822,297822,297825,3,0
297822,297823,297824,1,1
297822,297823,297825,2,1
297822,297823,297824,1,1
297822,297824,297825,1,2
297822,297824,297826,2,2
297822,297822,297826,4,0
297822,297822,297826,4,0
297822,297825,297826,1,3
297822,297822,297827,5,0
297822,297825,297827,2,3
297822,297825,297826,1,3
297822,297825,297826,1,3
297822,297825,297827,2,3
297822,297825,297826,1,3
297822,297822,297828,6,0
297822,297822,297828,6,0
297822,297822,297828,6,0
297822,297822,297828,6,0
297822,297822,297828,6,0
297822,297822,297827,5,0
297822,297822,297828,6,0
297822,297822,297828,6,0
297822,297822,297828,6,0
297822,297822,297828,6,0
297822,297827,297828,1,5
297822,297827,297828,1,5
297822,297822,297828,6,0
297822,297827,297828,1,5
297822,297827,297828,1,5
297822,297826,297828,2,4
297822,297827,297828,1,5
297822,297826,297828,2,4
297822,297827,297828,1,5
297822,297822,297829,7,0
297822,297822,297829,7,0
297822,297822,297829,7,0
297822,297822,297829,7,0
297822,297822,297829,7,0
297822,297822,297829,7,0
297822,297822,297829,7,0
297822,297822,297828,6,0
297822,297822,297829,7,0
297822,297828,297829,1,6
297822,297828,297829,1,6
297822,297828,297829,1,6
297822,297822,297829,7,0
297822,297828,297829,1,6
297822,297822,297830,8,0
297822,297827,297830,3,5
297822,297828,297830,2,6
297822,297822,297830,8,0
297822,297827,297829,2,5
297822,297822,297830,8,0
297822,297822,297830,8,0
297822,297822,297830,8,0
297822,297828,297831,3,6
297822,297828,297831,3,6
297822,297827,297831,4,5
297822,297828,297830,2,6
297822,297828,297830,2,6
297822,297828,297830,2,6
297822,297822,297830,8,0
297822,297822,297831,9,0
297822,297828,297832,4,6
297822,297822,297832,10,0
297822,297822,297833,11,0
297822,297822,297833,11,0
297822,297822,297835,13,0
297822,297822,297837,15,0
297846,297846,297847,1,0
297846,297846,297847,1,0
297846,297846,297847,1,0
297846,297846,297847,1,0
297846,297846,297847,1,0
297846,297846,297847,1,0
297846,297846,297848,2,0
297846,297847,297849,2,1
297846,297846,297849,3,0
297846,297846,297850,4,0
297846,297848,297850,2,2
297846,297848,297849,1,2
297846,297848,297849,1,2
297846,297848,297850,2,2
297846,297848,297850,2,2
297846,297846,297850,4,0
297846,297846,297851,5,0
297846,297849,297850,1,3
297846,297846,297851,5,0
297846,297849,297851,2,3
297846,297846,297852,6,0
297846,297846,297852,6,0
297846,297846,297851,5,0
297846,297846,297851,5,0
297846,297846,297851,5,0
297846,297850,297852,2,4
297846,297850,297852,2,4
297846,297850,297852,2,4
297846,297846,297852,6,0
297846,297850,297852,2,4
297846,297850,297851,1,4
297846,297850,297852,2,4
297846,297846,297852,6,0
297846,297846,297853,7,0
297846,297851,297852,1,5
297846,297846,297852,6,0
297846,297846,297853,7,0
297846,297852,297853,1,6
297846,297846,297853,7,0
297846,297851,297852,1,5
297846,297851,297853,2,5
297846,297852,297853,1,6
297846,297850,297854,4,4
297846,297846,297854,8,0
297846,297846,297854,8,0
297846,297851,297853,2,5
297846,297846,297854,8,0
297846,297852,297854,2,6
297846,297846,297854,8,0
297846,297852,297854,2,6
297846,297853,297854,1,7
297846,297852,297854,2,6
297846,297852,297853,1,6
297846,297852,297853,1,6
297846,297852,297853,1,6
297846,297851,297854,3,5
297846,297853,297855,2,7
297846,297846,297855,9,0
297846,297846,297854,8,0
297846,297846,297854,8,0
297846,297846,297856,10,0
297846,297852,297856,4,6
297846,297853,297856,3,7
297846,297846,297855,9,0
297846,297852,297856,4,6
297846,297846,297855,9,0
297846,297846,297856,10,0
297846,297846,297856,10,0
297846,297846,297857,11,0
297846,297846,297856,10,0
297846,297852,297856,4,6
297846,297846,297856,10,0
297846,297846,297857,11,0
297846,297846,297856,10,0
297846,297846,297857,11,0
297846,297852,297858,6,6
297846,297846,297858,12,0
297846,297846,297859,13,0
297859,297859,297860,1,0
297859,297859,297860,1,0
297859,297859,297861,2,0
297859,297859,297861,2,0
297846,297846,297861,15,0
297859,297859,297862,3,0
297859,297859,297863,4,0
297859,297859,297864,5,0
297859,297859,297864,5,0
297859,297859,297864,5,0
297859,297859,297865,6,0
297859,297861,297865,4,2
297859,297861,297865,4,2
297859,297861,297866,5,2
297859,297859,297865,6,0
297859,297859,297866,7,0
297859,297864,297867,3,5
297859,297859,297866,7,0
297859,297861,297867,6,2
297859,297859,297867,8,0
297859,297859,297867,8,0
297859,297864,297867,3,5
297859,297865,297868,3,6
297859,297865,297868,3,6
297859,297859,297868,9,0
297859,297865,297867,2,6
297859,297862,297868,6,3
297859,297859,297868,9,0
297859,297859,297868,9,0
297859,297865,297868,3,6
297859,297866,297869,3,7
297859,297867,297869,2,8
297859,297868,297869,1,9
297859,297867,297870,3,8
297859,297868,297870,2,9
297859,297867,297870,3,8
297859,297867,297870,3,8
297859,297865,297870,5,6
297859,297868,297870,2,9
297859,297867,297870,3,8
297859,297867,297870,3,8
297859,297868,297870,2,9
297859,297868,297870,2,9
297859,297870,297871,1,11
297859,297870,297871,1,11
297870,297870,297871,1,0
297870,297870,297871,1,0
297870,297870,297871,1,0
297859,297867,297870,3,8
297859,297868,297870,2,9
297859,297859,297871,12,0
297859,297868,297871,3,9
297859,297859,297871,12,0
297859,297871,297872,1,12
297859,297871,297872,1,12
297859,297870,297872,2,11
297859,297870,297871,1,11
297859,297871,297872,1,12
297870,297870,297871,1,0
297870,297870,297871,1,0
297870,297870,297871,1,0
297870,297870,297872,2,0
297859,297870,297872,2,11
297859,297866,297872,6,7
297859,297859,297872,13,0
297859,297871,297872,1,12
297859,297871,297872,1,12
297859,297872,297873,1,13
297859,297872,297873,1,13
297859,297872,297873,1,13
297859,297871,297872,1,12
297859,297872,297873,1,13
297859,297872,297873,1,13
297870,297871,297873,2,1
297870,297871,297873,2,1
297870,297871,297873,2,1
297859,297870,297872,2,11
297859,297871,297873,2,12
297859,297871,297872,1,12
297859,297859,297873,14,0
297859,297871,297873,2,12
297859,297872,297873,1,13
297859,297870,297873,3,11
297859,297872,297873,1,13
297859,297870,297873,3,11
297859,297872,297873,1,13
297870,297870,297874,4,0
297870,297870,297874,4,0
297870,297872,297874,2,2
297870,297872,297873,1,2
297870,297872,297874,2,2
297870,297873,297874,1,3
297870,297872,297874,2,2
297870,297873,297874,1,3
297870,297870,297874,4,0
297870,297874,297875,1,4
297870,297870,297875,5,0
297870,297870,297875,5,0
297870,297873,297875,2,3
297870,297874,297875,1,4
297859,297859,297875,16,0
297870,297870,297876,6,0
297870,297870,297875,5,0
297870,297870,297875,5,0
297870,297870,297876,6,0
297870,297870,297876,6,0
297870,297874,297876,2,4
297870,297870,297876,6,0
297870,297874,297876,2,4
297870,297874,297876,2,4
297870,297870,297877,7,0
297870,297870,297877,7,0
297870,297874,297877,3,4
297870,297870,297877,7,0
297870,297874,297877,3,4
297870,297870,297877,7,0
297870,297875,297877,2,5
297870,297875,297877,2,5
297870,297876,297877,1,6
297870,297870,297877,7,0
297870,297874,297877,3,4
297870,297876,297877,1,6
297870,297877,297878,1,7
297859,297859,297877,18,0
297870,297870,297878,8,0
297870,297870,297878,8,0
297870,297870,297877,7,0
297870,297875,297878,3,5
297870,297875,297878,3,5
297870,297877,297878,1,7
297870,297870,297879,9,0
297870,297877,297878,1,7
297870,297870,297879,9,0
297870,297870,297879,9,0
297870,297870,297879,9,0
297870,297870,297879,9,0
297870,297870,297879,9,0
297870,297870,297879,9,0
297870,297870,297879,9,0
297870,297870,297879,9,0
297870,297870,297880,10,0
297870,297875,297880,5,5
297870,297876,297880,4,6
297870,297870,297880,10,0
297870,297877,297880,3,7
297870,297870,297881,11,0
297870,297877,297881,4,7
297870,297876,297880,4,6
297870,297876,297880,4,6
297870,297876,297881,5,6
297870,297870,297882,12,0
297870,297870,297881,11,0
297870,297870,297882,12,0
297870,297870,297882,12,0
297870,297870,297882,12,0
297870,297870,297883,13,0
297885,297885,297886,1,0
297885,297885,297886,1,0
297885,297885,297886,1,0
297885,297885,297886,1,0
297885,297885,297887,2,0
297885,297885,297890,5,0
297885,297885,297890,5,0
297885,297885,297890,5,0
297885,297886,297890,4,1
297885,297885,297891,6,0
297885,297885,297891,6,0
297885,297887,297890,3,2
297885,297885,297891,6,0
297885,297885,297891,6,0
297885,297887,297892,5,2
297885,297885,297891,6,0
297885,297885,297891,6,0
297885,297887,297893,6,2
297885,297885,297893,8,0
297885,297890,297892,2,5
297892,297892,297893,1,0
297892,297892,297893,1,0
297885,297890,297893,3,5
297885,297891,297893,2,6
297885,297891,297893,2,6
297885,297891,297893,2,6
297885,297885,297892,7,0
297885,297885,297894,9,0
297892,297892,297893,1,0
297892,297892,297894,2,0
297892,297892,297893,1,0
297892,297892,297894,2,0
297892,297892,297893,1,0
297885,297891,297893,2,6
297885,297885,297895,10,0
297885,297885,297895,10,0
297885,297891,297894,3,6
297885,297892,297895,3,7
297885,297893,297894,1,8
297885,297893,297895,2,8
297885,297887,297894,7,2
297892,297893,297894,1,1
297892,297893,297895,2,1
297885,297892,297894,2,7
297885,297892,297895,3,7
297885,297893,297895,2,8
297885,297893,297895,2,8
297885,297893,297895,2,8
297885,297893,297895,2,8
297885,297893,297895,2,8
297885,297885,297895,10,0
297885,297885,297895,10,0
297885,297885,297896,11,0
297892,297892,297896,4,0
297892,297894,297896,2,2
297885,297894,297896,2,9
297885,297894,297896,2,9
297892,297892,297897,5,0
297892,297892,297897,5,0
297892,297892,297896,4,0
297892,297892,297897,5,0
297892,297892,297897,5,0
297892,297894,297897,3,2
297885,297895,297897,2,10
297885,297893,297897,4,8
297885,297895,297896,1,10
297892,297894,297897,3,2
297892,297894,297897,3,2
297892,297894,297896,2,2
297892,297892,297897,5,0
297885,297895,297897,2,10
297885,297895,297897,2,10
297885,297895,297897,2,10
297885,297895,297897,2,10
297885,297895,297897,2,10
297885,297896,297897,1,11
297885,297896,297897,1,11
297885,297896,297897,1,11
297892,297892,297898,6,0
297892,297892,297897,5,0
297892,297892,297898,6,0
297892,297892,297898,6,0
297892,297892,297897,5,0
297892,297892,297898,6,0
297885,297892,297897,5,7
297885,297896,297898,2,11
297892,297892,297898,6,0
297885,297885,297898,13,0
297885,297892,297898,6,7
297885,297895,297898,3,10
297885,297896,297898,2,11
297892,297892,297897,5,0
297892,297892,297898,6,0
297885,297895,297898,3,10
297885,297895,297898,3,10
297885,297895,297898,3,10
297885,297897,297898,1,12
297885,297897,297898,1,12
297885,297898,297899,1,13
297885,297898,297899,1,13
297892,297892,297899,7,0
297892,297892,297899,7,0
297892,297892,297899,7,0
297892,297892,297899,7,0
297885,297896,297899,3,11
297885,297897,297899,2,12
297885,297896,297899,3,11
297885,297897,297898,1,12
297885,297897,297899,2,12
297892,297892,297899,7,0
297892,297895,297899,4,3
297892,297895,297898,3,3
297892,297897,297899,2,5
297892,297896,297899,3,4
297892,297892,297899,7,0
297885,297898,297899,1,13
297892,297892,297900,8,0
297892,297892,297900,8,0
297892,297897,297900,3,5
297892,297897,297900,3,5
297892,297896,297900,4,4
297885,297885,297899,14,0
297892,297897,297899,2,5
297892,297897,297900,3,5
297892,297897,297900,3,5
297892,297898,297900,2,6
297892,297897,297900,3,5
297892,297898,297899,1,6
297892,297892,297900,8,0
297892,297899,297900,1,7
297892,297892,297901,9,0
297892,297892,297901,9,0
297892,297899,297901,2,7
297892,297892,297901,9,0
297892,297899,297901,2,7
297892,297892,297901,9,0
297892,297898,297901,3,6
297892,297899,297901,2,7
297892,297892,297901,9,0
297892,297892,297902,10,0
297892,297897,297901,4,5
297892,297897,297902,5,5
297892,297897,297902,5,5
297892,297899,297902,3,7
297892,297899,297902,3,7
297892,297898,297902,4,6
297892,297898,297902,4,6
297892,297892,297902,10,0
297892,297898,297903,5,6
297892,297892,297903,11,0
297892,297898,297904,6,6
297892,297892,297904,12,0
297892,297898,297904,6,6
297892,297892,297904,12,0
297892,297892,297905,13,0
297892,297892,297906,14,0
297908,297908,297910,2,0
297908,297909,297910,1,1
297908,297908,297910,2,0
297908,297909,297910,1,1
297908,297909,297910,1,1
297908,297909,297913,4,1
297908,297909,297913,4,1
297908,297910,297913,3,2
297908,297909,297915,6,1
297908,297909,297914,5,1
297908,297909,297914,5,1
297908,297909,297914,5,1
297908,297909,297914,5,1
297908,297909,297915,6,1
297908,297911,297916,5,3
297908,297911,297916,5,3
297908,297909,297915,6,1
297908,297909,297915,6,1
297908,297911,297915,4,3
297908,297909,297916,7,1
297908,297911,297916,5,3
297908,297915,297917,2,7
297908,297909,297916,7,1
297908,297915,297916,1,7
297908,297915,297917,2,7
297908,297914,297916,2,6
297908,297915,297916,1,7
297908,297915,297916,1,7
297908,297915,297917,2,7
297908,297916,297917,1,8
297908,297916,297918,2,8
297908,297914,297917,3,6
297908,297914,297917,3,6
297908,297909,297919,10,1
297908,297916,297918,2,8
297908,297909,297919,10,1
297908,297917,297918,1,9
297908,297917,297919,2,9
297908,297917,297918,1,9
297908,297917,297918,1,9
297908,297916,297918,2,8
297908,297917,297918,1,9
297908,297917,297918,1,9
297908,297917,297918,1,9
297908,297909,297919,10,1
297908,297909,297919,10,1
297908,297917,297919,2,9
297908,297917,297920,3,9
297908,297918,297920,2,10
297908,297918,297919,1,10
297908,297909,297920,11,1
297908,297916,297920,4,8
297908,297909,297921,12,1
297908,297918,297920,2,10
297908,297918,297920,2,10
297908,297918,297920,2,10
297908,297919,297921,2,11
297908,297919,297920,1,11
297908,297919,297921,2,11
297908,297919,297921,2,11
297908,297920,297921,1,12
297908,297919,297921,2,11
297908,297919,297921,2,11
297908,297919,297921,2,11
297908,297920,297921,1,12
297908,297909,297921,12,1
297908,297920,297922,2,12
297908,297920,297921,1,12
297908,297920,297921,1,12
297908,297919,297922,3,11
297908,297919,297921,2,11
297908,297920,297921,1,12
297908,297921,297922,1,13
297908,297921,297922,1,13
297908,297921,297922,1,13
297908,297921,297922,1,13
297908,297919,297922,3,11
297908,297921,297922,1,13
297908,297919,297923,4,11
297933,297933,297934,1,0
297933,297933,297934,1,0
297933,297933,297934,1,0
297933,297933,297934,1,0
297933,297933,297936,3,0
297933,297933,297938,5,0
297933,297933,297939,6,0
297933,297933,297938,5,0
297933,297933,297938,5,0
297933,297935,297938,3,2
297933,297933,297939,6,0
297933,297933,297940,7,0
297933,297935,297939,4,2
297933,297935,297939,4,2
297933,297933,297939,6,0
297933,297933,297940,7,0
297933,297936,297940,4,3
297933,297939,297940,1,6
297933,297939,297941,2,6
297933,297940,297941,1,7
297933,297935,297942,7,2
297933,297933,297942,9,0
297933,297933,297941,8,0
297933,297941,297942,1,8
297933,297933,297942,9,0
297933,297938,297941,3,5
297933,297939,297941,2,6
297933,297940,297941,1,7
297933,297941,297942,1,8
297933,297941,297942,1,8
297933,297940,297943,3,7
297933,297940,297942,2,7
297933,297940,297942,2,7
297933,297940,297943,3,7
297933,297939,297942,3,6
297933,297942,297943,1,9
297933,297941,297942,1,8
297933,297942,297943,1,9
297933,297933,297944,11,0
297933,297933,297944,11,0
297933,297933,297943,10,0
297933,297942,297943,1,9
297933,297942,297944,2,9
297933,297942,297944,2,9
297933,297942,297943,1,9
297933,297943,297945,2,10
297933,297943,297945,2,10
297933,297943,297945,2,10
297933,297943,297945,2,10
297933,297942,297944,2,9
297933,297942,297945,3,9
297933,297942,297945,3,9
297933,297943,297945,2,10
297933,297933,297945,12,0
297933,297933,297946,13,0
297933,297933,297946,13,0
297933,297933,297946,13,0
297933,297944,297946,2,11
297933,297943,297946,3,10
297933,297944,297946,2,11
297933,297943,297945,2,10
297933,297944,297946,2,11
297933,297945,297946,1,12
297933,297944,297946,2,11
297933,297944,297946,2,11
297933,297945,297946,1,12
297933,297945,297946,1,12
297933,297945,297946,1,12
297933,297945,297946,1,12
297933,297943,297947,4,10
297933,297944,297947,3,11
297933,297944,297946,2,11
297933,297933,297946,13,0
297933,297944,297947,3,11
297933,297945,297946,1,12
297933,297946,297947,1,13
297933,297946,297947,1,13
297933,297946,297947,1,13
297957,297957,297958,1,0
297957,297957,297958,1,0
297957,297957,297959,2,0
297957,297957,297958,1,0
297957,297957,297959,2,0
297957,297957,297962,5,0
297957,297957,297962,5,0
297957,297957,297961,4,0
297957,297958,297963,5,1
297957,297959,297963,4,2
297957,297957,297963,6,0
297957,297957,297964,7,0
297957,297957,297963,6,0
297957,297957,297964,7,0
297957,297957,297964,7,0
297957,297962,297964,2,5
297957,297957,297963,6,0
297957,297962,297965,3,5
297957,297963,297965,2,6
297957,297957,297966,9,0
297957,297957,297965,8,0
297957,297960,297966,6,3
297957,297957,297966,9,0
297957,297957,297965,8,0
297957,297963,297965,2,6
297957,297964,297966,2,7
297957,297964,297966,2,7
297957,297963,297966,3,6
297957,297957,297967,10,0
297957,297957,297967,10,0
297957,297959,297967,8,2
297957,297957,297967,10,0
297957,297962,297967,5,5
297957,297964,297967,3,7
297957,297965,297967,2,8
297957,297964,297967,3,7
297957,297964,297967,3,7
297957,297964,297967,3,7
297957,297965,297967,2,8
297957,297966,297968,2,9
297957,297966,297968,2,9
297957,297966,297968,2,9
297957,297966,297968,2,9
297957,297966,297968,2,9
297957,297966,297968,2,9
297957,297966,297969,3,9
297957,297966,297968,2,9
297957,297966,297969,3,9
297957,297968,297970,2,11
297957,297968,297969,1,11
297957,297968,297969,1,11
297957,297968,297969,1,11
297957,297968,297969,1,11
297957,297968,297969,1,11
297957,297969,297970,1,12
297957,297969,297970,1,12
297957,297967,297970,3,10
297957,297967,297970,3,10
297957,297967,297970,3,10
297957,297968,297970,2,11
297957,297970,297971,1,13
297957,297970,297971,1,13
297957,297969,297970,1,12
297957,297969,297971,2,12
297957,297970,297971,1,13
297957,297970,297971,1,13
297957,297970,297971,1,13
297957,297970,297971,1,13
297957,297959,297971,12,2
297957,297967,297971,4,10
297957,297968,297971,3,11
297957,297957,297971,14,0
297957,297968,297971,3,11
297957,297969,297971,2,12
297957,297969,297971,2,12
297957,297970,297971,1,13
297957,297970,297971,1,13
297957,297957,297971,14,0
297957,297957,297973,16,0
297982,297982,297983,1,0
297982,297982,297983,1,0
297982,297982,297983,1,0
297982,297982,297983,1,0
297982,297982,297983,1,0
297982,297982,297986,4,0
297982,297982,297987,5,0
297982,297982,297987,5,0
297982,297982,297988,6,0
297982,297982,297988,6,0
297982,297983,297987,4,1
297982,297982,297987,5,0
297982,297982,297988,6,0
297982,297982,297988,6,0
297982,297982,297988,6,0
297982,297986,297988,2,4
297982,297982,297988,6,0
297982,297988,297989,1,6
297982,297988,297989,1,6
297982,297988,297989,1,6
297982,297984,297990,6,2
297982,297988,297990,2,6
297982,297988,297989,1,6
297982,297988,297989,1,6
297982,297982,297990,8,0
297982,297989,297991,2,7
297982,297989,297991,2,7
297982,297990,297991,1,8
297982,297989,297991,2,7
297982,297989,297991,2,7
297982,297982,297991,9,0
297982,297984,297991,7,2
297982,297984,297991,7,2
297982,297990,297992,2,8
297982,297989,297992,3,7
297982,297989,297992,3,7
297982,297990,297992,2,8
297982,297990,297992,2,8
297982,297990,297992,2,8
297982,297982,297993,11,0
297982,297982,297992,10,0
297982,297984,297992,8,2
297982,297982,297993,11,0
297982,297982,297992,10,0
297982,297991,297992,1,9
297982,297990,297992,2,8
297982,297991,297992,1,9
297982,297991,297992,1,9
297982,297991,297993,2,9
297982,297991,297993,2,9
297982,297982,297993,11,0
297982,297992,297993,1,10
297982,297992,297993,1,10
297982,297992,297994,2,10
297982,297993,297994,1,11
297982,297993,297994,1,11
297982,297991,297993,2,9
297982,297992,297994,2,10
297982,297992,297994,2,10
297982,297993,297994,1,11
297982,297992,297994,2,10
297982,297993,297994,1,11
297982,297982,297995,13,0
297982,297993,297995,2,11
297982,297993,297994,1,11
297982,297993,297994,1,11
297982,297994,297995,1,12
297982,297992,297995,3,10
297982,297992,297994,2,10
297982,297993,297996,3,11
297982,297993,297995,2,11
297982,297993,297995,2,11
297982,297992,297995,3,10
297982,297993,297995,2,11
297982,297994,297996,2,12
297982,297994,297996,2,12
297982,297994,297996,2,12
297982,297994,297995,1,12
297982,297982,297998,16,0
298007,298007,298008,1,0
298007,298007,298008,1,0
298007,298007,298008,1,0
298007,298007,298008,1,0
298007,298007,298012,5,0
298007,298008,298012,4,1
298007,298007,298011,4,0
298007,298007,298012,5,0
298007,298007,298013,6,0
298007,298007,298012,5,0
298007,298007,298012,5,0
298007,298007,298012,5,0
298007,298007,298013,6,0
298007,298009,298014,5,2
298007,298007,298014,7,0
298007,298012,298014,2,5
298007,298007,298015,8,0
298007,298012,298015,3,5
298007,298012,298014,2,5
298007,298013,298014,1,6
298007,298007,298016,9,0
298007,298007,298015,8,0
298007,298007,298016,9,0
298007,298013,298015,2,6
298007,298013,298016,3,6
298007,298007,298015,8,0
298007,298014,298015,1,7
298007,298014,298016,2,7
298007,298013,298015,2,6
298007,298014,298016,2,7
298007,298014,298016,2,7
298007,298007,298016,9,0
298007,298007,298016,9,0
298007,298012,298017,5,5
298007,298016,298017,1,9
298007,298015,298017,2,8
298007,298016,298017,1,9
298007,298016,298017,1,9
298007,298016,298017,1,9
298007,298015,298016,1,8
298007,298016,298017,1,9
298007,298007,298017,10,0
298007,298009,298018,9,2
298007,298009,298017,8,2
298007,298016,298018,2,9
298007,298016,298017,1,9
298007,298007,298018,11,0
298007,298015,298017,2,8
298007,298016,298017,1,9
298007,298016,298017,1,9
298007,298016,298018,2,9
298007,298016,298018,2,9
298007,298015,298018,3,8
298007,298017,298019,2,10
298007,298018,298019,1,11
298007,298018,298019,1,11
298007,298017,298019,2,10
298007,298017,298019,2,10
298007,298017,298019,2,10
298007,298017,298018,1,10
298007,298017,298018,1,10
298007,298017,298018,1,10
298007,298017,298019,2,10
298007,298017,298019,2,10
298007,298018,298019,1,11
298007,298018,298020,2,11
298007,298018,298020,2,11
298007,298018,298020,2,11
298007,298018,298019,1,11
298007,298018,298020,2,11
298007,298018,298020,2,11
298007,298019,298020,1,12
298007,298018,298019,1,11
298007,298018,298020,2,11
298007,298017,298020,3,10
298007,298019,298021,2,12
298007,298019,298020,1,12
298007,298007,298025,18,0
298007,298007,298025,18,0
298033,298033,298034,1,0
298033,298033,298034,1,0
298033,298033,298034,1,0
298033,298033,298035,2,0
298033,298033,298037,4,0
298033,298033,298038,5,0
298033,298033,298038,5,0
298033,298033,298039,6,0
298033,298035,298039,4,2
298033,298033,298038,5,0
298033,298034,298038,4,1
298033,298033,298038,5,0
298033,298033,298040,7,0
298033,298038,298040,2,5
298033,298033,298040,7,0
298033,298033,298040,7,0
298033,298037,298041,4,4
298033,298035,298040,5,2
298033,298035,298041,6,2
298033,298039,298041,2,6
298033,298033,298041,8,0
298033,298033,298041,8,0
298033,298033,298042,9,0
298033,298039,298042,3,6
298033,298039,298042,3,6
298033,298039,298041,2,6
298033,298040,298042,2,7
298033,298039,298041,2,6
298033,298039,298041,2,6
298033,298033,298043,10,0
298033,298040,298043,3,7
298033,298040,298043,3,7
298033,298041,298043,2,8
298033,298040,298042,2,7
298033,298041,298043,2,8
298033,298042,298043,1,9
298033,298042,298043,1,9
298033,298042,298043,1,9
298033,298033,298044,11,0
298033,298042,298044,2,9
298033,298033,298044,11,0
298033,298041,298044,3,8
298033,298042,298044,2,9
298033,298042,298044,2,9
298033,298042,298044,2,9
298033,298042,298044,2,9
298033,298033,298044,11,0
298033,298043,298045,2,10
298033,298033,298045,12,0
298033,298043,298045,2,10
298033,298043,298045,2,10
298033,298043,298045,2,10
298033,298044,298045,1,11
298033,298044,298045,1,11
298033,298044,298045,1,11
298033,298044,298045,1,11
298033,298041,298046,5,8
298033,298044,298046,2,11
298033,298041,298045,4,8
298033,298044,298046,2,11
298033,298044,298046,2,11
298033,298044,298046,2,11
298033,298044,298046,2,11
298033,298046,298047,1,13
298033,298045,298046,1,12
298033,298045,298046,1,12
298033,298045,298047,2,12
298033,298045,298046,1,12
298033,298046,298047,1,13
298033,298045,298047,2,12
298033,298033,298047,14,0
298033,298046,298047,1,13
298033,298046,298047,1,13
298033,298046,298047,1,13
298033,298046,298047,1,13
298033,298046,298047,1,13
298033,298046,298047,1,13
298033,298033,298048,15,0
298033,298033,298049,16,0
298057,298057,298058,1,0
298057,298057,298058,1,0
298057,298057,298059,2,0
298057,298057,298059,2,0
298057,298057,298059,2,0
298057,298059,298062,3,2
298057,298060,298062,2,3
298057,298057,298063,6,0
298057,298057,298063,6,0
298057,298057,298063,6,0
298057,298057,298063,6,0
298057,298057,298063,6,0
298057,298060,298064,4,3
298057,298057,298064,7,0
298057,298059,298064,5,2
298057,298057,298064,7,0
298057,298060,298065,5,3
298057,298057,298065,8,0
298057,298064,298065,1,7
298057,298063,298065,2,6
298057,298063,298065,2,6
298057,298057,298066,9,0
298057,298057,298066,9,0
298057,298064,298066,2,7
298057,298064,298066,2,7
298057,298064,298066,2,7
298057,298057,298066,9,0
298057,298065,298067,2,8
298057,298064,298066,2,7
298057,298057,298067,10,0
298057,298065,298067,2,8
298057,298065,298067,2,8
298057,298065,298068,3,8
298057,298066,298068,2,9
298057,298057,298067,10,0
298057,298066,298067,1,9
298057,298057,298068,11,0
298057,298066,298069,3,9
298057,298067,298068,1,10
298057,298067,298069,2,10
298057,298067,298068,1,10
298057,298067,298069,2,10
298057,298068,298069,1,11
298057,298066,298068,2,9
298057,298067,298068,1,10
298057,298068,298069,1,11
298057,298066,298068,2,9
298057,298067,298069,2,10
298057,298068,298069,1,11
298057,298068,298069,1,11
298057,298057,298069,12,0
298057,298067,298069,2,10
298057,298068,298069,1,11
298057,298068,298069,1,11
298057,298057,298069,12,0
298057,298068,298069,1,11
298057,298069,298070,1,12
298057,298069,298070,1,12
298057,298069,298070,1,12
298057,298069,298070,1,12
298057,298069,298070,1,12
298057,298069,298070,1,12
298057,298067,298070,3,10
298057,298069,298070,1,12
298057,298069,298070,1,12
298057,298069,298070,1,12
298057,298069,298070,1,12
298057,298069,298070,1,12
298057,298069,298070,1,12
298057,298069,298070,1,12
298057,298069,298070,1,12
298057,298057,298071,14,0
298057,298070,298071,1,13
298057,298070,298071,1,13
298057,298070,298071,1,13
298057,298070,298071,1,13
298057,298070,298071,1,13
298057,298057,298072,15,0
298057,298057,298073,16,0
298081,298081,298082,1,0
298081,298081,298082,1,0
298081,298081,298083,2,0
298081,298081,298083,2,0
298081,298081,298082,1,0
298081,298081,298087,6,0
298081,298081,298087,6,0
298081,298081,298087,6,0
298081,298081,298087,6,0
298081,298081,298087,6,0
298081,298083,298087,4,2
298081,298081,298088,7,0
298081,298082,298088,6,1
298081,298081,298089,8,0
298081,298081,298089,8,0
298081,298087,298089,2,6
298081,298087,298089,2,6
298081,298081,298089,8,0
298081,298083,298088,5,2
298081,298087,298089,2,6
298081,298081,298089,8,0
298081,298088,298089,1,7
298081,298088,298089,1,7
298081,298081,298090,9,0
298081,298081,298090,9,0
298081,298083,298090,7,2
298081,298087,298090,3,6
298081,298081,298090,9,0
298081,298089,298090,1,8
298081,298081,298091,10,0
298081,298081,298091,10,0
298081,298089,298091,2,8
298081,298090,298092,2,9
298081,298090,298091,1,9
298081,298090,298091,1,9
298081,298083,298092,9,2
298081,298081,298092,11,0
298081,298090,298092,2,9
298081,298090,298092,2,9
298081,298090,298092,2,9
298081,298091,298092,1,10
298081,298090,298092,2,9
298081,298090,298092,2,9
298081,298091,298092,1,10
298081,298091,298092,1,10
298081,298089,298093,4,8
298081,298091,298093,2,10
298081,298092,298093,1,11
298081,298091,298093,2,10
298081,298091,298093,2,10
298081,298092,298093,1,11
298081,298092,298093,1,11
298081,298093,298094,1,12
298081,298092,298093,1,11
298081,298092,298093,1,11
298081,298092,298093,1,11
298081,298090,298094,4,9
298081,298093,298094,1,12
298081,298093,298094,1,12
298081,298093,298094,1,12
298081,298093,298094,1,12
298081,298093,298095,2,12
298081,298093,298094,1,12
298081,298081,298094,13,0
298081,298093,298094,1,12
298081,298093,298094,1,12
298081,298093,298094,1,12
298081,298094,298095,1,13
298081,298094,298095,1,13
298081,298094,298095,1,13
298081,298094,298095,1,13
298081,298094,298095,1,13
298081,298094,298095,1,13
298081,298094,298095,1,13
298081,298094,298095,1,13
298081,298094,298095,1,13
298081,298094,298095,1,13
298081,298081,298096,15,0
298081,298081,298098,17,0
298106,298107,298108,1,1
298106,298107,298108,1,1
298106,298107,298108,1,1
298106,298107,298109,2,1
298106,298107,298111,4,1
298106,298107,298112,5,1
298106,298107,298112,5,1
298106,298107,298112,5,1
298106,298110,298112,2,4
298106,298107,298113,6,1
298106,298107,298112,5,1
298106,298107,298113,6,1
298106,298107,298113,6,1
298106,298108,298113,5,2
298106,298108,298113,5,2
298106,298107,298113,6,1
298106,298108,298113,5,2
298106,298107,298114,7,1
298106,298107,298114,7,1
298106,298107,298114,7,1
298106,298109,298115,6,3
298106,298113,298115,2,7
298106,298113,298114,1,7
298106,298113,298115,2,7
298106,298113,298114,1,7
298106,298112,298115,3,6
298106,298113,298115,2,7
298106,298113,298115,2,7
298106,298107,298115,8,1
298106,298114,298115,1,8
298106,298114,298116,2,8
298106,298114,298115,1,8
298106,298114,298116,2,8
298106,298114,298116,2,8
298106,298115,298116,1,9
298106,298107,298116,9,1
298106,298107,298116,9,1
298106,298109,298117,8,3
298106,298114,298117,3,8
298106,298115,298117,2,9
298106,298115,298117,2,9
298106,298115,298117,2,9
298106,298115,298116,1,9
298106,298115,298116,1,9
298106,298115,298117,2,9
298106,298116,298117,1,10
298106,298116,298117,1,10
298106,298107,298117,10,1
298106,298115,298117,2,9
298106,298107,298117,10,1
298106,298115,298118,3,9
298106,298115,298117,2,9
298106,298116,298117,1,10
298106,298116,298117,1,10
298106,298116,298117,1,10
298106,298116,298117,1,10
298106,298117,298118,1,11
298106,298116,298117,1,10
298106,298117,298118,1,11
298106,298117,298118,1,11
298106,298107,298119,12,1
298106,298117,298118,1,11
298106,298117,298119,2,11
298106,298117,298119,2,11
298106,298117,298118,1,11
298106,298115,298118,3,9
298106,298117,298118,1,11
298106,298117,298118,1,11
298106,298117,298119,2,11
298106,298117,298119,2,11
298106,298117,298118,1,11
298106,298118,298119,1,12
298106,298118,298119,1,12
298106,298118,298119,1,12
298106,298118,298119,1,12
298106,298118,298119,1,12
298106,298118,298119,1,12
298129,298129,298130,1,0
298129,298129,298130,1,0
298129,298129,298130,1,0
298129,298129,298130,1,0
298129,298129,298130,1,0
298129,298129,298131,2,0
298129,298129,298132,3,0
298129,298129,298133,4,0
298129,298129,298133,4,0
298129,298130,298133,3,1
298129,298130,298133,3,1
298129,298129,298133,4,0
298129,298130,298133,3,1
298129,298129,298134,5,0
298129,298132,298134,2,3
298129,298134,298135,1,5
298129,298134,298135,1,5
298129,298129,298135,6,0
298129,298129,298135,6,0
298129,298133,298135,2,4
298129,298134,298135,1,5
298129,298134,298136,2,5
298129,298129,298135,6,0
298129,298134,298135,1,5
298129,298131,298136,5,2
298129,298131,298136,5,2
298129,298129,298137,8,0
298129,298129,298136,7,0
298129,298129,298137,8,0
298129,298134,298136,2,5
298129,298135,298137,2,6
298129,298135,298136,1,6
298129,298135,298136,1,6
298129,298135,298136,1,6
298129,298129,298138,9,0
298129,298135,298137,2,6
298129,298136,298138,2,7
298129,298136,298138,2,7
298129,298136,298138,2,7
298129,298136,298138,2,7
298129,298129,298139,10,0
298129,298129,298139,10,0
298129,298136,298138,2,7
298129,298137,298138,1,8
298129,298137,298139,2,8
298129,298137,298139,2,8
298129,298137,298139,2,8
298129,298137,298139,2,8
298129,298137,298138,1,8
298129,298137,298139,2,8
298129,298136,298138,2,7
298129,298137,298139,2,8
298129,298129,298139,10,0
298129,298137,298139,2,8
298129,298138,298139,1,9
298129,298138,298139,1,9
298129,298138,298139,1,9
298129,298139,298140,1,10
298129,298139,298140,1,10
298129,298138,298139,1,9
298129,298138,298139,1,9
298129,298139,298140,1,10
298129,298139,298140,1,10
298129,298129,298141,12,0
298129,298137,298140,3,8
298129,298138,298140,2,9
298129,298129,298140,11,0
298129,298139,298140,1,10
298129,298139,298140,1,10
298129,298139,298140,1,10
298129,298139,298140,1,10
298129,298139,298140,1,10
298129,298140,298141,1,11
298129,298139,298141,2,10
298129,298139,298141,2,10
298129,298140,298141,1,11
298129,298140,298141,1,11
298129,298139,298142,3,10
298129,298129,298143,14,0
298152,298152,298153,1,0
298152,298152,298153,1,0
298152,298152,298153,1,0
298152,298152,298153,1,0
298152,298152,298153,1,0
298152,298152,298154,2,0
298152,298152,298154,2,0
298152,298152,298154,2,0
298152,298152,298155,3,0
298152,298152,298157,5,0
298152,298152,298156,4,0
298152,298152,298156,4,0
298152,298152,298156,4,0
298152,298152,298157,5,0
298152,298154,298157,3,2
298152,298154,298157,3,2
298152,298152,298157,5,0
298152,298155,298158,3,3
298152,298156,298157,1,4
298152,298152,298157,5,0
298152,298155,298158,3,3
298152,298152,298157,5,0
298152,298153,298157,4,1
298152,298152,298158,6,0
298152,298153,298158,5,1
298152,298157,298158,1,5
298152,298157,298158,1,5
298152,298152,298159,7,0
298152,298154,298159,5,2
298152,298157,298159,2,5
298152,298157,298158,1,5
298152,298157,298158,1,5
298152,298157,298159,2,5
298152,298152,298159,7,0
298152,298152,298159,7,0
298152,298152,298159,7,0
298152,298157,298159,2,5
298152,298158,298160,2,6
298152,298158,298159,1,6
298152,298158,298160,2,6
298152,298158,298160,2,6
298152,298158,298160,2,6
298152,298152,298161,9,0
298152,298154,298161,7,2
298152,298158,298160,2,6
298152,298152,298160,8,0
298152,298159,298161,2,7
298152,298159,298161,2,7
298152,298159,298161,2,7
298152,298159,298161,2,7
298152,298160,298161,1,8
298152,298159,298161,2,7
298152,298159,298161,2,7
298152,298160,298161,1,8
298152,298158,298161,3,6
298152,298159,298161,2,7
298152,298159,298162,3,7
298152,298159,298161,2,7
298152,298160,298161,1,8
298152,298161,298162,1,9
298152,298161,298162,1,9
298152,298160,298161,1,8
298152,298160,298161,1,8
298152,298161,298162,1,9
298152,298161,298162,1,9
298152,298160,298161,1,8
298152,298161,298162,1,9
298152,298161,298162,1,9
298152,298159,298162,3,7
298152,298160,298162,2,8
298152,298160,298163,3,8
298152,298161,298163,2,9
298152,298161,298163,2,9
298152,298161,298162,1,9
298152,298161,298163,2,9
298152,298161,298163,2,9
298152,298161,298163,2,9
298152,298160,298163,3,8
298152,298162,298163,1,10
298173,298173,298174,1,0
298173,298173,298174,1,0
298173,298173,298174,1,0
298173,298173,298174,1,0
298173,298173,298174,1,0
298173,298173,298176,3,0
298173,298173,298177,4,0
298173,298173,298178,5,0
298173,298173,298178,5,0
298173,298173,298177,4,0
298173,298173,298177,4,0
298173,298173,298178,5,0
298173,298173,298179,6,0
298173,298173,298178,5,0
298173,298174,298178,4,1
298173,298174,298179,5,1
298173,298175,298179,4,2
298173,298173,298179,6,0
298173,298176,298179,3,3
298173,298173,298180,7,0
298173,298175,298180,5,2
298173,298178,298180,2,5
298173,298178,298180,2,5
298173,298173,298179,6,0
298173,298177,298180,3,4
298173,298178,298180,2,5
298173,298173,298180,7,0
298173,298173,298180,7,0
298173,298179,298181,2,6
298173,298179,298181,2,6
298173,298180,298181,1,7
298173,298179,298181,2,6
298173,298179,298181,2,6
298173,298178,298181,3,5
298173,298179,298181,2,6
298173,298179,298181,2,6
298173,298173,298182,9,0
298173,298173,298182,9,0
298173,298173,298182,9,0
298173,298175,298182,7,2
298173,298173,298182,9,0
298173,298180,298182,2,7
298173,298180,298182,2,7
298173,298180,298182,2,7
298173,298180,298182,2,7
298173,298180,298181,1,7
298173,298181,298183,2,8
298173,298173,298182,9,0
298173,298179,298183,4,6
298173,298180,298183,3,7
298173,298181,298183,2,8
298173,298182,298183,1,9
298173,298181,298183,2,8
298173,298181,298183,2,8
298173,298181,298183,2,8
298173,298181,298183,2,8
298173,298181,298183,2,8
298173,298181,298184,3,8
298173,298182,298184,2,9
298173,298182,298183,1,9
298173,298182,298183,1,9
298173,298178,298184,6,5
298173,298182,298184,2,9
298173,298182,298184,2,9
298173,298181,298184,3,8
298173,298182,298184,2,9
298173,298181,298184,3,8
298173,298184,298185,1,11
298173,298184,298185,1,11
298173,298182,298184,2,9
298173,298183,298185,2,10
298173,298183,298185,2,10
298173,298183,298185,2,10
298173,298183,298185,2,10
298173,298184,298185,1,11
298194,298194,298195,1,0
298194,298194,298195,1,0
298194,298194,298195,1,0
298194,298194,298195,1,0
298194,298194,298195,1,0
298194,298194,298197,3,0
298194,298195,298198,3,1
298194,298194,298199,5,0
298194,298194,298198,4,0
298194,298194,298199,5,0
298194,298195,298199,4,1
298194,298198,298199,1,4
298194,298194,298200,6,0
298194,298196,298200,4,2
298194,298195,298199,4,1
298194,298194,298200,6,0
298194,298198,298200,2,4
298194,298194,298200,6,0
298194,298194,298199,5,0
298194,298196,298201,5,2
298194,298194,298201,7,0
298194,298199,298201,2,5
298194,298199,298201,2,5
298194,298200,298201,1,6
298194,298194,298200,6,0
298194,298200,298201,1,6
298194,298199,298201,2,5
298194,298199,298201,2,5
298194,298200,298201,1,6
298194,298194,298202,8,0
298194,298199,298202,3,5
298194,298202,298203,1,8
298194,298200,298203,3,6
298194,298194,298203,9,0
298194,298200,298203,3,6
298194,298202,298203,1,8
298194,298202,298204,2,8
298194,298202,298203,1,8
298194,298202,298203,1,8
298194,298202,298203,1,8
298194,298202,298203,1,8
298194,298202,298204,2,8
298194,298202,298203,1,8
298194,298202,298203,1,8
298194,298194,298204,10,0
298194,298194,298204,10,0
298194,298194,298204,10,0
298194,298201,298204,3,7
298194,298194,298204,10,0
298194,298202,298204,2,8
298194,298204,298205,1,10
298194,298204,298205,1,10
298194,298203,298204,1,9
298194,298204,298205,1,10
298194,298204,298205,1,10
298194,298203,298204,1,9
298194,298204,298205,1,10
298194,298194,298205,11,0
298194,298202,298205,3,8
298194,298204,298206,2,10
298194,298205,298206,1,11
298194,298204,298205,1,10
298194,298205,298206,1,11
298194,298205,298206,1,11
298194,298205,298206,1,11
298194,298204,298205,1,10
298194,298204,298205,1,10
298194,298194,298206,12,0
298194,298204,298206,2,10
298194,298204,298206,2,10
298194,298205,298206,1,11
298194,298205,298206,1,11
298194,298204,298206,2,10
298194,298204,298206,2,10
298194,298205,298206,1,11
298194,298203,298208,5,9
298194,298194,298209,15,0
298217,298217,298218,1,0
298217,298217,298218,1,0
298217,298217,298219,2,0
298217,298217,298219,2,0
298217,298217,298219,2,0
298217,298217,298220,3,0
298217,298218,298221,3,1
298217,298217,298222,5,0
298217,298219,298221,2,2
298217,298220,298222,2,3
298217,298219,298222,3,2
298217,298220,298222,2,3
298217,298217,298223,6,0
298217,298217,298223,6,0
298217,298217,298223,6,0
298217,298217,298223,6,0
298217,298217,298224,7,0
298217,298220,298225,5,3
298217,298217,298224,7,0
298217,298221,298224,3,4
298217,298217,298224,7,0
298217,298217,298225,8,0
298217,298217,298225,8,0
298217,298217,298225,8,0
298217,298217,298225,8,0
298217,298222,298225,3,5
298217,298223,298225,2,6
298217,298222,298225,3,5
298217,298222,298225,3,5
298217,298224,298226,2,7
298217,298223,298225,2,6
298217,298224,298225,1,7
298217,298218,298226,8,1
298217,298224,298226,2,7
298217,298224,298226,2,7
298217,298225,298226,1,8
298217,298225,298226,1,8
298217,298225,298226,1,8
298217,298225,298226,1,8
298217,298226,298227,1,9
298217,298223,298227,4,6
298217,298226,298227,1,9
298217,298226,298227,1,9
298217,298217,298227,10,0
298217,298225,298227,2,8
298217,298226,298227,1,9
298217,298226,298228,2,9
298217,298226,298227,1,9
298217,298226,298227,1,9
298217,298226,298227,1,9
298217,298225,298228,3,8
298217,298226,298228,2,9
298217,298217,298228,11,0
298217,298227,298229,2,10
298217,298227,298228,1,10
298217,298227,298229,2,10
298217,298228,298229,1,11
298217,298226,298228,2,9
298217,298227,298228,1,10
298217,298227,298228,1,10
298217,298228,298229,1,11
298217,298227,298228,1,10
298217,298227,298229,2,10
298217,298228,298229,1,11
298217,298228,298229,1,11
298217,298217,298230,13,0
298217,298228,298229,1,11
298217,298228,298229,1,11
298217,298227,298229,2,10
298217,298228,298230,2,11
298217,298228,298229,1,11
298217,298228,298229,1,11
298217,298229,298230,1,12
298217,298217,298230,13,0
298217,298229,298230,1,12
298217,298229,298230,1,12
298217,298228,298230,2,11
298217,298229,298230,1,12
298217,298229,298230,1,12
298240,298240,298241,1,0
298240,298240,298241,1,0
298240,298240,298241,1,0
298240,298240,298242,2,0
298240,298240,298241,1,0
298240,298240,298242,2,0
298240,298240,298243,3,0
298240,298240,298244,4,0
298240,298240,298243,3,0
298240,298240,298244,4,0
298240,298241,298244,3,1
298240,298242,298244,2,2
298240,298240,298245,5,0
298240,298242,298245,3,2
298240,298240,298246,6,0
298240,298241,298246,5,1
298240,298240,298246,6,0
298240,298240,298246,6,0
298240,298244,298247,3,4
298240,298240,298246,6,0
298240,298242,298246,4,2
298240,298243,298246,3,3
298240,298240,298248,8,0
298240,298244,298247,3,4
298240,298245,298248,3,5
298240,298240,298248,8,0
298240,298240,298248,8,0
298240,298246,298249,3,6
298240,298246,298249,3,6
298240,298247,298248,1,7
298240,298247,298248,1,7
298240,298244,298248,4,4
298240,298247,298249,2,7
298240,298247,298249,2,7
298240,298245,298248,3,5
298240,298246,298248,2,6
298240,298247,298248,1,7
298240,298240,298249,9,0
298240,298240,298249,9,0
298240,298240,298250,10,0
298240,298248,298249,1,8
298240,298249,298250,1,9
298240,298249,298250,1,9
298240,298248,298249,1,8
298240,298249,298250,1,9
298240,298249,298250,1,9
298240,298248,298250,2,8
298240,298245,298251,6,5
298240,298249,298250,1,9
298240,298249,298251,2,9
298240,298249,298250,1,9
298240,298249,298251,2,9
298240,298249,298250,1,9
298240,298249,298251,2,9
298240,298249,298250,1,9
298240,298250,298251,1,10
298240,298240,298251,11,0
298240,298249,298251,2,9
298240,298250,298252,2,10
298240,298246,298251,5,6
298240,298250,298252,2,10
298240,298250,298251,1,10
298240,298250,298252,2,10
298240,298250,298251,1,10
298240,298250,298252,2,10
298240,298251,298252,1,11
298240,298251,298252,1,11
298240,298251,298252,1,11
298240,298251,298252,1,11
298240,298250,298252,2,10
298240,298251,298252,1,11
298240,298251,298252,1,11
298240,298251,298253,2,11
298240,298251,298252,1,11
298240,298251,298253,2,11
298240,298251,298252,1,11
298240,298240,298254,14,0
298240,298246,298253,7,6
298240,298240,298255,15,0
298263,298263,298264,1,0
298263,298263,298265,2,0
298263,298263,298265,2,0
298263,298263,298265,2,0
298263,298263,298265,2,0
298263,298263,298265,2,0
298263,298263,298267,4,0
298263,298263,298267,4,0
298263,298263,298268,5,0
298263,298263,298268,5,0
298263,298263,298268,5,0
298263,298265,298268,3,2
298263,298263,298269,6,0
298263,298263,298269,6,0
298263,298263,298269,6,0
298263,298265,298269,4,2
298263,298263,298269,6,0
298263,298265,298269,4,2
298263,298263,298270,7,0
298263,298263,298270,7,0
298263,298263,298270,7,0
298263,298265,298270,5,2
298263,298263,298271,8,0
298263,298263,298272,9,0
298263,298263,298273,10,0
298263,298263,298272,9,0
298263,298266,298272,6,3
298263,298268,298272,4,5
298263,298268,298272,4,5
298263,298270,298272,2,7
298263,298269,298272,3,6
298263,298269,298272,3,6
298263,298270,298272,2,7
298263,298269,298272,3,6
298263,298271,298273,2,8
298263,298263,298273,10,0
298263,298272,298274,2,9
298263,298263,298273,10,0
298263,298271,298273,2,8
298263,298271,298274,3,8
298263,298271,298273,2,8
298263,298269,298273,4,6
298263,298270,298274,4,7
298263,298273,298274,1,10
298263,298273,298274,1,10
298263,298270,298273,3,7
298263,298273,298274,1,10
298263,298270,298273,3,7
298263,298266,298274,8,3
298263,298273,298274,1,10
298263,298273,298274,1,10
298263,298273,298274,1,10
298263,298273,298274,1,10
298263,298274,298275,1,11
298263,298273,298274,1,10
298263,298273,298274,1,10
298263,298274,298275,1,11
298263,298274,298275,1,11
298263,298274,298275,1,11
298263,298274,298275,1,11
298263,298270,298275,5,7
298263,298273,298275,2,10
298263,298274,298275,1,11
298263,298274,298275,1,11
298263,298273,298275,2,10
298263,298274,298275,1,11
298263,298274,298275,1,11
298263,298273,298275,2,10
298263,298274,298276,2,11
298263,298274,298276,2,11
298263,298274,298275,1,11
298263,298275,298276,1,12
298263,298274,298275,1,11
298263,298275,298276,1,12
298263,298275,298276,1,12
298263,298275,298276,1,12
298263,298275,298276,1,12
298263,298275,298276,1,12
298263,298275,298276,1,12
298285,298286,298287,1,1
298285,298286,298287,1,1
298285,298286,298287,1,1
298285,298286,298287,1,1
298285,298286,298287,1,1
298285,298286,298289,3,1
298285,298287,298290,3,2
298285,298287,298290,3,2
298285,298287,298291,4,2
298285,298286,298291,5,1
298285,298286,298291,5,1
298285,298286,298291,5,1
298285,298286,298291,5,1
298285,298286,298292,6,1
298285,298286,298292,6,1
298285,298286,298293,7,1
298285,298286,298293,7,1
298285,298286,298293,7,1
298285,298286,298294,8,1
298285,298288,298295,7,3
298285,298290,298294,4,5
298285,298286,298295,9,1
298285,298288,298295,7,3
298285,298291,298295,4,6
298285,298292,298295,3,7
298285,298292,298295,3,7
298285,298291,298296,5,6
298285,298292,298296,4,7
298285,298292,298296,4,7
298285,298294,298296,2,9
298285,298291,298296,5,6
298285,298293,298296,3,8
298285,298286,298297,11,1
298285,298286,298297,11,1
298285,298286,298297,11,1
298285,298293,298296,3,8
298285,298295,298296,1,10
298285,298294,298296,2,9
298285,298286,298298,12,1
298285,298295,298297,2,10
298285,298286,298298,12,1
298285,298296,298297,1,11
298285,298296,298298,2,11
298285,298296,298298,2,11
298285,298296,298297,1,11
298285,298296,298297,1,11
298285,298296,298298,2,11
298285,298296,298298,2,11
298285,298296,298297,1,11
298285,298296,298297,1,11
298285,298286,298299,13,1
298285,298297,298298,1,12
298285,298296,298298,2,11
298285,298296,298299,3,11
298285,298297,298298,1,12
298285,298295,298298,3,10
298285,298297,298299,2,12
298285,298297,298298,1,12
298285,298297,298298,1,12
298285,298298,298299,1,13
298285,298297,298299,2,12
298285,298298,298299,1,13
298285,298298,298299,1,13
298285,298298,298299,1,13
298285,298298,298299,1,13
298285,298298,298299,1,13
298285,298298,298299,1,13
298285,298294,298299,5,9
298285,298298,298299,1,13
298285,298298,298299,1,13
298285,298298,298299,1,13
298285,298298,298300,2,13
298285,298298,298300,2,13
298285,298299,298300,1,14
298285,298299,298301,2,14
298285,298299,298300,1,14
298285,298299,298300,1,14
298285,298299,298300,1,14
298285,298286,298302,16,1
298293,298294,298306,12,1
298311,298311,298312,1,0
298299,298300,298312,12,1
298311,298311,298312,1,0
298311,298311,298312,1,0
298311,298311,298313,2,0
298311,298311,298312,1,0
298311,298311,298315,4,0
298311,298311,298315,4,0
298311,298311,298316,5,0
298311,298312,298317,5,1
298311,298313,298317,4,2
298311,298311,298317,6,0
298311,298313,298317,4,2
298311,298311,298318,7,0
298311,298311,298318,7,0
298311,298311,298319,8,0
298311,298311,298318,7,0
298311,298311,298319,8,0
298311,298311,298319,8,0
298311,298315,298319,4,4
298311,298311,298320,9,0
298311,298311,298319,8,0
298311,298311,298320,9,0
298311,298315,298320,5,4
298311,298311,298320,9,0
298311,298313,298321,8,2
298311,298313,298321,8,2
298311,298316,298321,5,5
298311,298318,298321,3,7
298311,298319,298321,2,8
298311,298317,298321,4,6
298311,298319,298321,2,8
298311,298320,298322,2,9
298311,298311,298322,11,0
298311,298311,298322,11,0
298311,298318,298322,4,7
298311,298318,298322,4,7
298311,298319,298322,3,8
298311,298319,298322,3,8
298311,298321,298323,2,10
298311,298321,298322,1,10
298311,298311,298323,12,0
298311,298321,298323,2,10
298311,298320,298323,3,9
298311,298317,298323,6,6
298311,298322,298323,1,11
298311,298322,298323,1,11
298311,298322,298323,1,11
298311,298322,298323,1,11
298311,298322,298323,1,11
298311,298323,298324,1,12
298311,298323,298324,1,12
298311,298322,298324,2,11
298311,298321,298324,3,10
298311,298321,298324,3,10
298311,298322,298324,2,11
298311,298322,298324,2,11
298311,298323,298324,1,12
298311,298323,298324,1,12
298311,298323,298324,1,12
298311,298323,298324,1,12
298311,298324,298325,1,13
298311,298324,298325,1,13
298311,298324,298325,1,13
298311,298319,298325,6,8
298311,298323,298325,2,12
298311,298318,298325,7,7
298311,298323,298325,2,12
298311,298324,298325,1,13
298311,298324,298325,1,13
298311,298324,298325,1,13
298311,298324,298325,1,13
298311,298324,298325,1,13
298311,298324,298325,1,13
298311,298324,298326,2,13
298311,298325,298326,1,14
298311,298325,298326,1,14
298311,298325,298326,1,14
298311,298311,298327,16,0
298311,298311,298328,17,0
298337,298337,298338,1,0
298337,298337,298338,1,0
298337,298337,298339,2,0
298337,298337,298339,2,0
298337,298337,298339,2,0
298337,298337,298342,5,0
298337,298339,298342,3,2
298337,298337,298342,5,0
298337,298338,298343,5,1
298337,298340,298343,3,3
298337,298340,298344,4,3
298337,298337,298344,7,0
298337,298337,298344,7,0
298337,298337,298344,7,0
298337,298337,298345,8,0
298337,298337,298345,8,0
298337,298337,298345,8,0
298337,298340,298345,5,3
298337,298337,298345,8,0
298337,298337,298345,8,0
298337,298337,298345,8,0
298337,298345,298346,1,8
298337,298337,298346,9,0
298337,298345,298347,2,8
298337,298343,298346,3,6
298337,298343,298347,4,6
298337,298345,298346,1,8
298337,298343,298347,4,6
298337,298344,298347,3,7
298337,298346,298348,2,9
298337,298346,298347,1,9
298337,298346,298347,1,9
298337,298344,298347,3,7
298337,298346,298347,1,9
298337,298347,298348,1,10
298337,298337,298348,11,0
298337,298346,298349,3,9
298337,298347,298349,2,10
298337,298345,298348,3,8
298337,298347,298348,1,10
298337,298347,298348,1,10
298337,298348,298349,1,11
298337,298347,298348,1,10
298337,298337,298349,12,0
298337,298346,298349,3,9
298337,298346,298349,3,9
298337,298337,298350,13,0
298337,298348,298349,1,11
298337,298348,298350,2,11
298337,298349,298350,1,12
298337,298349,298350,1,12
298337,298348,298349,1,11
298337,298348,298349,1,11
298337,298349,298350,1,12
298337,298349,298350,1,12
298337,298348,298349,1,11
298337,298348,298349,1,11
298337,298348,298349,1,11
298337,298349,298350,1,12
298337,298349,298350,1,12
298337,298337,298350,13,0
298337,298349,298350,1,12
298337,298337,298350,13,0
298337,298345,298350,5,8
298337,298349,298350,1,12
298337,298350,298351,1,13
298337,298350,298351,1,13
298337,298350,298351,1,13
298337,298350,298351,1,13
298337,298350,298351,1,13
298337,298350,298351,1,13
298337,298350,298351,1,13
298337,298337,298351,14,0
298337,298350,298351,1,13
298337,298350,298351,1,13
298337,298350,298351,1,13
298337,298350,298351,1,13
298337,298350,298351,1,13
298337,298337,298352,15,0
298361,298361,298362,1,0
298361,298361,298362,1,0
298361,298361,298362,1,0
298361,298361,298363,2,0
298361,298361,298363,2,0
298361,298361,298366,5,0
298361,298361,298366,5,0
298361,298361,298366,5,0
298361,298363,298366,3,2
298361,298363,298366,3,2
298361,298363,298366,3,2
298361,298361,298367,6,0
298361,298361,298367,6,0
298361,298361,298367,6,0
298361,298361,298367,6,0
298361,298361,298368,7,0
298361,298361,298369,8,0
298361,298361,298369,8,0
298361,298364,298369,5,3
298361,298361,298369,8,0
298361,298367,298369,2,6
298361,298367,298369,2,6
298361,298367,298369,2,6
298361,298367,298369,2,6
298361,298361,298371,10,0
298361,298368,298370,2,7
298361,298368,298370,2,7
298361,298361,298370,9,0
298361,298368,298370,2,7
298361,298368,298370,2,7
298361,298361,298371,10,0
298361,298370,298371,1,9
298361,298370,298371,1,9
298361,298371,298372,1,10
298361,298367,298371,4,6
298361,298370,298371,1,9
298361,298370,298371,1,9
298361,298370,298371,1,9
298361,298361,298372,11,0
298361,298364,298372,8,3
298361,298371,298372,1,10
298361,298371,298372,1,10
298361,298371,298372,1,10
298361,298371,298372,1,10
298361,298371,298372,1,10
298361,298367,298373,6,6
298361,298369,298373,4,8
298361,298370,298373,3,9
298361,298370,298374,4,9
298361,298372,298374,2,11
298361,298372,298373,1,11
298361,298372,298373,1,11
298361,298372,298373,1,11
298361,298372,298374,2,11
298361,298372,298374,2,11
298361,298372,298373,1,11
298361,298373,298374,1,12
298361,298372,298373,1,11
298361,298373,298374,1,12
298361,298373,298374,1,12
298361,298373,298375,2,12
298361,298370,298374,4,9
298361,298361,298375,14,0
298361,298373,298374,1,12
298361,298373,298374,1,12
298361,298374,298375,1,13
298361,298374,298375,1,13
298361,298373,298375,2,12
298361,298374,298375,1,13
298361,298374,298375,1,13
298361,298374,298375,1,13
298361,298361,298375,14,0
298361,298374,298375,1,13
298361,298374,298375,1,13
298361,298374,298375,1,13
298361,298374,298375,1,13
298361,298374,298375,1,13
298361,298361,298377,16,0
298361,298361,298383,22,0
298392,298393,298394,1,1
298392,298393,298394,1,1
298392,298393,298394,1,1
298392,298393,298394,1,1
298392,298393,298396,3,1
298392,298393,298396,3,1
298392,298393,298398,5,1
298392,298393,298397,4,1
298392,298394,298397,3,2
298392,298393,298398,5,1
298392,298394,298398,4,2
298392,298393,298399,6,1
298392,298395,298398,3,3
298392,298393,298398,5,1
298392,298393,298399,6,1
298392,298393,298399,6,1
298392,298393,298400,7,1
298392,298393,298400,7,1
298392,298393,298401,8,1
298392,298393,298401,8,1
298392,298397,298401,4,5
298392,298397,298401,4,5
298392,298398,298402,4,6
298392,298399,298401,2,7
298392,298398,298401,3,6
298392,298398,298402,4,6
298392,298399,298401,2,7
298392,298400,298401,1,8
298392,298393,298402,9,1
298392,298393,298402,9,1
298392,298395,298402,7,3
298392,298393,298402,9,1
298392,298393,298402,9,1
298392,298399,298402,3,7
298392,298399,298402,3,7
298392,298400,298402,2,8
298392,298402,298403,1,10
298392,298399,298402,3,7
298392,298402,298403,1,10
298392,298401,298402,1,9
298392,298402,298403,1,10
298392,298393,298404,11,1
298392,298401,298403,2,9
298392,298401,298403,2,9
298392,298393,298403,10,1
298392,298402,298403,1,10
298392,298402,298403,1,10
298392,298403,298404,1,11
298392,298402,298403,1,10
298392,298402,298403,1,10
298392,298400,298404,4,8
298392,298403,298405,2,11
298392,298395,298404,9,3
298392,298401,298405,4,9
298392,298403,298405,2,11
298392,298403,298404,1,11
298392,298403,298404,1,11
298392,298403,298405,2,11
298392,298403,298405,2,11
298392,298403,298404,1,11
298392,298403,298404,1,11
298392,298403,298404,1,11
298392,298404,298405,1,12
298392,298404,298405,1,12
298392,298403,298405,2,11
298392,298403,298405,2,11
298392,298404,298405,1,12
298392,298403,298405,2,11
298392,298404,298405,1,12
298392,298404,298405,1,12
298392,298404,298406,2,12
298392,298404,298406,2,12
298392,298404,298406,2,12
298392,298404,298405,1,12
298392,298405,298406,1,13
298392,298405,298406,1,13
298392,298405,298407,2,13
298392,298405,298407,2,13
298415,298415,298416,1,0
298415,298415,298416,1,0
298415,298415,298416,1,0
298415,298415,298417,2,0
298415,298415,298417,2,0
298415,298415,298420,5,0
298415,298415,298420,5,0
298415,298415,298421,6,0
298415,298415,298421,6,0
298415,298416,298421,5,1
298415,298415,298421,6,0
298415,298416,298421,5,1
298415,298415,298422,7,0
298415,298415,298421,6,0
298415,298416,298422,6,1
298415,298415,298422,7,0
298415,298417,298422,5,2
298415,298415,298423,8,0
298415,298415,298423,8,0
298415,298415,298423,8,0
298415,298415,298423,8,0
298415,298415,298424,9,0
298415,298415,298424,9,0
298415,298415,298424,9,0
298415,298422,298424,2,7
298415,298415,298425,10,0
298415,298423,298425,2,8
298415,298421,298425,4,6
298415,298423,298425,2,8
298415,298423,298425,2,8
298415,298420,298425,5,5
298415,298424,298425,1,9
298415,298415,298425,10,0
298415,298423,298426,3,8
298415,298425,298426,1,10
298415,298423,298426,3,8
298415,298423,298426,3,8
298415,298423,298426,3,8
298415,298417,298426,9,2
298415,298425,298426,1,10
298415,298422,298426,4,7
298415,298425,298427,2,10
298415,298422,298426,4,7
298415,298426,298427,1,11
298415,298424,298428,4,9
298415,298425,298427,2,10
298415,298421,298427,6,6
298415,298427,298428,1,12
298415,298427,298428,1,12
298415,298425,298428,3,10
298415,298426,298427,1,11
298415,298426,298427,1,11
298415,298426,298427,1,11
298415,298426,298427,1,11
298415,298415,298428,13,0
298415,298427,298428,1,12
298415,298427,298428,1,12
298415,298427,298429,2,12
298415,298428,298429,1,13
298415,298428,298429,1,13
298415,298426,298428,2,11
298415,298427,298428,1,12
298415,298427,298428,1,12
298415,298428,298429,1,13
298415,298427,298428,1,12
298415,298427,298428,1,12
298415,298428,298429,1,13
298415,298415,298429,14,0
298415,298420,298429,9,5
298415,298427,298429,2,12
298415,298428,298429,1,13
298415,298428,298429,1,13
298415,298427,298429,2,12
298415,298427,298429,2,12
298415,298428,298429,1,13
298415,298428,298429,1,13
298415,298428,298429,1,13
298415,298428,298429,1,13
298415,298429,298430,1,14
298440,298440,298441,1,0
298440,298440,298441,1,0
298440,298440,298441,1,0
298440,298440,298441,1,0
298440,298440,298441,1,0
298440,298440,298444,4,0
298440,298440,298444,4,0
298440,298440,298446,6,0
298440,298440,298445,5,0
298440,298440,298445,5,0
298440,298440,298445,5,0
298440,298441,298446,5,1
298440,298440,298447,7,0
298440,298441,298446,5,1
298440,298440,298447,7,0
298440,298441,298446,5,1
298440,298442,298447,5,2
298440,298440,298446,6,0
298440,298440,298448,8,0
298440,298440,298447,7,0
298440,298440,298448,8,0
298440,298440,298448,8,0
298440,298445,298449,4,5
298440,298440,298449,9,0
298440,298440,298449,9,0
298440,298447,298449,2,7
298440,298446,298450,4,6
298440,298446,298449,3,6
298440,298447,298449,2,7
298440,298446,298450,4,6
298440,298447,298449,2,7
298440,298447,298449,2,7
298440,298442,298451,9,2
298440,298448,298450,2,8
298440,298449,298450,1,9
298440,298449,298450,1,9
298440,298446,298450,4,6
298440,298447,298450,3,7
298440,298449,298450,1,9
298440,298447,298450,3,7
298440,298450,298451,1,10
298440,298440,298452,12,0
298440,298440,298452,12,0
298440,298440,298451,11,0
298440,298448,298451,3,8
298440,298446,298451,5,6
298440,298450,298452,2,10
298440,298450,298452,2,10
298440,298450,298452,2,10
298440,298450,298452,2,10
298440,298450,298452,2,10
298440,298451,298452,1,11
298440,298451,298453,2,11
298440,298450,298452,2,10
298440,298451,298453,2,11
298440,298451,298453,2,11
298440,298452,298453,1,12
298440,298451,298453,2,11
298440,298452,298453,1,12
298440,298452,298453,1,12
298440,298451,298453,2,11
298440,298451,298453,2,11
298440,298452,298453,1,12
298440,298451,298453,2,11
298440,298450,298453,3,10
298440,298450,298453,3,10
298440,298451,298453,2,11
298440,298452,298454,2,12
298440,298453,298454,1,13
298440,298452,298453,1,12
298440,298452,298454,2,12
298440,298452,298455,3,12
298440,298453,298455,2,13
298440,298452,298455,3,12
298440,298453,298455,2,13
298440,298445,298455,10,5
298440,298452,298454,2,12
298440,298453,298455,2,13
298440,298440,298456,16,0
298465,298465,298466,1,0
298465,298465,298466,1,0
298465,298465,298466,1,0
298465,298465,298466,1,0
298465,298465,298468,3,0
298465,298465,298470,5,0
298465,298465,298470,5,0
298465,298465,298469,4,0
298465,298465,298470,5,0
298465,298465,298470,5,0
298465,298465,298471,6,0
298465,298465,298471,6,0
298465,298467,298471,4,2
298465,298465,298471,6,0
298465,298466,298472,6,1
298465,298468,298471,3,3
298465,298465,298473,8,0
298465,298467,298472,5,2
298465,298465,298473,8,0
298465,298470,298472,2,5
298465,298465,298473,8,0
298465,298465,298474,9,0
298465,298465,298473,8,0
298465,298465,298473,8,0
298465,298471,298474,3,6
298465,298470,298474,4,5
298465,298470,298474,4,5
298465,298470,298473,3,5
298465,298465,298474,9,0
298465,298465,298474,9,0
298465,298465,298475,10,0
298465,298465,298475,10,0
298465,298467,298474,7,2
298465,298472,298475,3,7
298465,298471,298475,4,6
298465,298471,298475,4,6
298465,298474,298476,2,9
298465,298474,298476,2,9
298465,298472,298476,4,7
298465,298474,298476,2,9
298465,298470,298476,6,5
298465,298474,298476,2,9
298465,298473,298475,2,8
298465,298475,298476,1,10
298465,298474,298477,3,9
298465,298473,298477,4,8
298465,298473,298477,4,8
298465,298474,298476,2,9
298465,298475,298477,2,10
298465,298472,298476,4,7
298465,298473,298477,4,8
298465,298474,298477,3,9
298465,298475,298477,2,10
298465,298474,298477,3,9
298465,298475,298478,3,10
298465,298475,298478,3,10
298465,298475,298478,3,10
298465,298475,298478,3,10
298465,298476,298478,2,11
298465,298476,298478,2,11
298465,298476,298478,2,11
298465,298476,298478,2,11
298465,298477,298478,1,12
298465,298465,298478,13,0
298465,298474,298479,5,9
298465,298477,298479,2,12
298465,298476,298479,3,11
298465,298477,298479,2,12
298465,298477,298479,2,12
298465,298476,298479,3,11
298465,298478,298479,1,13
298465,298478,298479,1,13
298465,298478,298479,1,13
298465,298478,298479,1,13
298465,298478,298479,1,13
298465,298478,298480,2,13
298489,298489,298490,1,0
298489,298489,298490,1,0
298489,298489,298490,1,0
298489,298489,298490,1,0
298489,298490,298493,3,1
298489,298489,298493,4,0
298458,298458,298493,35,0
298489,298489,298493,4,0
298489,298489,298494,5,0
298489,298491,298494,3,2
298489,298489,298494,5,0
298489,298489,298494,5,0
298489,298491,298494,3,2
298489,298489,298494,5,0
298489,298489,298495,6,0
298489,298489,298496,7,0
298489,298493,298495,2,4
298489,298489,298496,7,0
298489,298489,298497,8,0
298489,298489,298496,7,0
298489,298493,298496,3,4
298489,298489,298496,7,0
298489,298489,298497,8,0
298489,298489,298497,8,0
298489,298491,298497,6,2
298489,298494,298497,3,5
298489,298495,298498,3,6
298489,298494,298498,4,5
298489,298495,298498,3,6
298489,298489,298498,9,0
298489,298494,298498,4,5
298489,298489,298499,10,0
298489,298495,298498,3,6
298489,298495,298499,4,6
298489,298495,298499,4,6
298489,298496,298499,3,7
298489,298496,298499,3,7
298489,298497,298499,2,8
298489,298489,298499,10,0
298489,298497,298499,2,8
298489,298498,298500,2,9
298489,298498,298500,2,9
298489,298498,298500,2,9
298489,298499,298500,1,10
298489,298497,298500,3,8
298489,298497,298500,3,8
298489,298498,298500,2,9
298489,298499,298501,2,10
298489,298499,298501,2,10
298489,298499,298501,2,10
298489,298499,298501,2,10
298489,298498,298501,3,9
298489,298499,298501,2,10
298489,298500,298501,1,11
298489,298500,298501,1,11
298489,298499,298501,2,10
298489,298500,298501,1,11
298489,298500,298501,1,11
298489,298497,298502,5,8
298489,298498,298501,3,9
298489,298498,298501,3,9
298489,298500,298501,1,11
298489,298501,298502,1,12
298489,298500,298502,2,11
298489,298501,298502,1,12
298489,298501,298502,1,12
298489,298499,298503,4,10
298489,298499,298503,4,10
298489,298501,298503,2,12
298489,298489,298503,14,0
298489,298501,298503,2,12
298489,298501,298502,1,12
298489,298489,298503,14,0
298489,298501,298503,2,12
298489,298501,298503,2,12
298489,298501,298503,2,12
298489,298501,298503,2,12
298489,298502,298503,1,13
298489,298489,298505,16,0
298513,298514,298515,1,1
298513,298514,298515,1,1
298513,298514,298515,1,1
298513,298514,298515,1,1
298513,298515,298518,3,2
298513,298514,298519,5,1
298513,298514,298519,5,1
298513,298516,298519,3,3
298513,298514,298519,5,1
298513,298514,298519,5,1
298513,298516,298519,3,3
298513,298514,298520,6,1
298513,298516,298520,4,3
298513,298514,298520,6,1
298513,298514,298520,6,1
298513,298514,298520,6,1
298513,298514,298521,7,1
298513,298519,298521,2,6
298513,298514,298521,7,1
298513,298514,298523,9,1
298513,298514,298523,9,1
298513,298520,298522,2,7
298513,298520,298523,3,7
298513,298521,298523,2,8
298513,298514,298522,8,1
298513,298514,298523,9,1
298513,298514,298523,9,1
298513,298514,298523,9,1
298513,298520,298523,3,7
298513,298520,298523,3,7
298513,298521,298524,3,8
298513,298521,298524,3,8
298513,298521,298523,2,8
298513,298520,298523,3,7
298513,298520,298524,4,7
298513,298522,298524,2,9
298513,298522,298524,2,9
298513,298523,298525,2,10
298513,298523,298524,1,10
298513,298523,298525,2,10
298513,298514,298525,11,1
298513,298514,298525,11,1
298513,298523,298525,2,10
298513,298514,298526,12,1
298513,298522,298526,4,9
298513,298523,298526,3,10
298513,298524,298526,2,11
298513,298524,298526,2,11
298513,298524,298526,2,11
298513,298524,298526,2,11
298513,298525,298526,1,12
298513,298525,298526,1,12
298513,298523,298525,2,10
298513,298524,298526,2,11
298513,298524,298527,3,11
298513,298521,298526,5,8
298513,298524,298526,2,11
298513,298526,298527,1,13
298513,298526,298527,1,13
298513,298525,298526,1,12
298513,298525,298527,2,12
298513,298526,298527,1,13
298513,298526,298527,1,13
298513,298525,298526,1,12
298513,298526,298527,1,13
298513,298526,298527,1,13
298513,298526,298527,1,13
298513,298525,298527,2,12
298513,298526,298527,1,13
298513,298524,298527,3,11
298513,298524,298527,3,11
298513,298526,298527,1,13
298513,298526,298528,2,13
298513,298526,298527,1,13
298513,298526,298528,2,13
298513,298526,298528,2,13
298513,298526,298527,1,13
298513,298527,298528,1,14
298513,298514,298529,15,1
298538,298539,298540,1,1
298538,298539,298540,1,1
298538,298539,298540,1,1
298538,298539,298540,1,1
298538,298539,298543,4,1
298538,298539,298544,5,1
298538,298539,298545,6,1
298538,298540,298544,4,2
298538,298539,298546,7,1
298538,298539,298545,6,1
298538,298541,298545,4,3
298538,298539,298545,6,1
298538,298539,298545,6,1
298538,298539,298545,6,1
298538,298541,298545,4,3
298538,298539,298546,7,1
298538,298541,298547,6,3
298538,298539,298547,8,1
298538,298539,298547,8,1
298538,298539,298547,8,1
298538,298544,298548,4,6
298538,298539,298548,9,1
298538,298539,298548,9,1
298538,298539,298547,8,1
298538,298546,298547,1,8
298538,298539,298548,9,1
298538,298545,298548,3,7
298538,298545,298549,4,7
298538,298546,298548,2,8
298538,298545,298549,4,7
298538,298546,298548,2,8
298538,298548,298549,1,10
298538,298548,298550,2,10
298538,298548,298549,1,10
298538,298546,298549,3,8
298538,298548,298550,2,10
298538,298539,298550,11,1
298538,298546,298550,4,8
298538,298546,298551,5,8
298538,298546,298550,4,8
298538,298539,298550,11,1
298538,298539,298551,12,1
298538,298548,298550,2,10
298538,298547,298550,3,9
298538,298549,298550,1,11
298538,298549,298550,1,11
298538,298549,298550,1,11
298538,298549,298550,1,11
298538,298549,298550,1,11
298538,298549,298550,1,11
298538,298550,298551,1,12
298538,298550,298551,1,12
298538,298550,298551,1,12
298538,298550,298551,1,12
298538,298550,298551,1,12
298538,298551,298552,1,13
298538,298551,298552,1,13
298538,298551,298552,1,13
298538,298551,298552,1,13
298538,298548,298552,4,10
298538,298548,298552,4,10
298538,298551,298552,1,13
298538,298551,298552,1,13
298538,298551,298552,1,13
298538,298551,298552,1,13
298538,298551,298552,1,13
298538,298547,298552,5,9
298538,298551,298553,2,13
298538,298551,298553,2,13
298538,298548,298553,5,10
298538,298551,298552,1,13
298538,298551,298552,1,13
298538,298551,298552,1,13
298538,298552,298553,1,14
298538,298551,298552,1,13
298538,298551,298552,1,13
298538,298552,298554,2,14
298538,298552,298553,1,14
298538,298539,298554,15,1
298564,298564,298565,1,0
298564,298564,298565,1,0
298564,298564,298565,1,0
298564,298564,298565,1,0
298564,298564,298567,3,0
298564,298564,298568,4,0
298564,298564,298569,5,0
298564,298564,298570,6,0
298564,298564,298570,6,0
298564,298564,298570,6,0
298564,298564,298571,7,0
298564,298564,298571,7,0
298564,298564,298571,7,0
298564,298564,298571,7,0
298564,298564,298571,7,0
298564,298565,298571,6,1
298564,298566,298571,5,2
298564,298566,298571,5,2
298564,298567,298571,4,3
298564,298564,298573,9,0
298564,298564,298572,8,0
298564,298564,298574,10,0
298564,298564,298574,10,0
298564,298570,298574,4,6
298564,298570,298574,4,6
298564,298564,298575,11,0
298564,298566,298575,9,2
298564,298571,298575,4,7
298564,298571,298575,4,7
298564,298572,298575,3,8
298564,298564,298575,11,0
298564,298572,298575,3,8
298564,298569,298574,5,5
298564,298571,298575,4,7
298564,298574,298575,1,10
298564,298564,298576,12,0
298564,298568,298575,7,4
298564,298571,298575,4,7
298564,298574,298575,1,10
298564,298572,298576,4,8
298564,298575,298576,1,11
298564,298575,298576,1,11
298564,298575,298577,2,11
298564,298574,298577,3,10
298564,298573,298577,4,9
298564,298574,298577,3,10
298564,298575,298577,2,11
298564,298575,298577,2,11
298564,298576,298577,1,12
298564,298576,298577,1,12
298564,298572,298577,5,8
298564,298575,298577,2,11
298564,298575,298577,2,11
298564,298576,298577,1,12
298564,298575,298577,2,11
298564,298575,298577,2,11
298564,298572,298578,6,8
298564,298576,298577,1,12
298564,298572,298578,6,8
298564,298576,298578,2,12
298564,298576,298578,2,12
298564,298576,298578,2,12
298564,298578,298579,1,14
298564,298578,298579,1,14
298564,298577,298579,2,13
298564,298564,298579,15,0
298564,298575,298579,4,11
298564,298577,298578,1,13
298564,298577,298579,2,13
298564,298577,298579,2,13
298564,298578,298579,1,14
298564,298578,298579,1,14
298564,298578,298579,1,14
298564,298578,298579,1,14
298564,298573,298581,8,9
298564,298564,298582,18,0
298591,298591,298592,1,0
298591,298591,298592,1,0
298591,298591,298592,1,0
298591,298591,298592,1,0
298591,298591,298594,3,0
298591,298591,298595,4,0
298591,298591,298596,5,0
298591,298591,298597,6,0
298591,298592,298597,5,1
298591,298591,298597,6,0
298591,298592,298597,5,1
298591,298591,298597,6,0
298591,298591,298597,6,0
298591,298591,298597,6,0
298591,298591,298599,8,0
298591,298591,298598,7,0
298591,298593,298598,5,2
298591,298591,298599,8,0
298591,298591,298600,9,0
298591,298591,298600,9,0
298591,298596,298600,4,5
298591,298597,298600,3,6
298591,298593,298600,7,2
298591,298591,298600,9,0
298591,298591,298600,9,0
298591,298597,298600,3,6
298591,298598,298601,3,7
298591,298591,298601,10,0
298591,298598,298601,3,7
298591,298601,298602,1,10
298591,298597,298601,4,6
298591,298598,298601,3,7
298591,298599,298602,3,8
298591,298598,298602,4,7
298591,298600,298602,2,9
298591,298591,298602,11,0
298591,298591,298602,11,0
298591,298601,298603,2,10
298591,298598,298603,5,7
298591,298600,298602,2,9
298591,298601,298602,1,10
298591,298601,298602,1,10
298591,298601,298603,2,10
298591,298602,298603,1,11
298591,298595,298603,8,4
298591,298600,298604,4,9
298591,298602,298604,2,11
298591,298602,298603,1,11
298591,298602,298603,1,11
298591,298603,298604,1,12
298591,298603,298604,1,12
298591,298602,298603,1,11
298591,298602,298603,1,11
298591,298602,298603,1,11
298591,298603,298604,1,12
298591,298602,298603,1,11
298591,298603,298604,1,12
298591,298603,298604,1,12
298591,298603,298604,1,12
298591,298600,298604,4,9
298591,298603,298604,1,12
298591,298600,298605,5,9
298591,298603,298604,1,12
298591,298603,298604,1,12
298591,298604,298605,1,13
298591,298604,298605,1,13
298591,298604,298605,1,13
298591,298604,298605,1,13
298591,298591,298605,14,0
298591,298599,298606,7,8
298591,298604,298605,1,13
298591,298604,298605,1,13
298591,298604,298605,1,13
298591,298604,298605,1,13
298591,298604,298605,1,13
298591,298604,298605,1,13
298591,298604,298606,2,13
298591,298591,298606,15,0
298591,298599,298607,8,8
298615,298615,298616,1,0
298615,298615,298616,1,0
298615,298615,298616,1,0
298615,298615,298616,1,0
298615,298615,298616,1,0
298615,298615,298619,4,0
298615,298615,298621,6,0
298615,298615,298621,6,0
298615,298615,298621,6,0
298615,298615,298622,7,0
298615,298615,298622,7,0
298615,298616,298622,6,1
298615,298617,298621,4,2
298615,298615,298621,6,0
298615,298615,298621,6,0
298615,298617,298622,5,2
298615,298615,298621,6,0
298615,298617,298622,5,2
298615,298617,298623,6,2
298615,298615,298622,7,0
298615,298615,298623,8,0
298615,298615,298624,9,0
298615,298622,298624,2,7
298615,298622,298624,2,7
298615,298615,298624,9,0
298615,298615,298624,9,0
298615,298622,298625,3,7
298615,298623,298625,2,8
298615,298622,298625,3,7
298615,298622,298625,3,7
298615,298619,298625,6,4
298615,298621,298625,4,6
298615,298622,298624,2,7
298615,298615,298626,11,0
298615,298615,298626,11,0
298615,298623,298626,3,8
298615,298622,298625,3,7
298615,298621,298626,5,6
298615,298624,298626,2,9
298615,298624,298626,2,9
298615,298624,298627,3,9
298615,298625,298627,2,10
298615,298615,298626,11,0
298615,298624,298626,2,9
298615,298625,298627,2,10
298615,298622,298626,4,7
298615,298625,298627,2,10
298615,298625,298627,2,10
298615,298625,298627,2,10
298615,298625,298627,2,10
298615,298625,298627,2,10
298615,298625,298627,2,10
298615,298625,298627,2,10
298615,298626,298627,1,11
298615,298626,298627,1,11
298615,298615,298627,12,0
298615,298626,298627,1,11
298615,298615,298628,13,0
298615,298622,298627,5,7
298615,298626,298627,1,11
298615,298626,298628,2,11
298615,298626,298628,2,11
298615,298627,298628,1,12
298615,298627,298628,1,12
298615,298627,298628,1,12
298615,298626,298628,2,11
298615,298628,298629,1,13
298615,298628,298629,1,13
298615,298628,298629,1,13
298615,298622,298629,7,7
298615,298627,298629,2,12
298615,298627,298629,2,12
298615,298627,298629,2,12
298615,298627,298629,2,12
298615,298627,298629,2,12
298615,298628,298629,1,13
298615,298628,298629,1,13
298638,298638,298639,1,0
298638,298638,298639,1,0
298638,298638,298639,1,0
298638,298638,298640,2,0
298638,298638,298640,2,0
298638,298638,298643,5,0
298638,298638,298643,5,0
298638,298638,298644,6,0
298638,298640,298644,4,2
298638,298638,298644,6,0
298638,298640,298644,4,2
298638,298639,298644,5,1
298638,298638,298645,7,0
298638,298638,298644,6,0
298638,298639,298644,5,1
298638,298638,298646,8,0
298638,298638,298646,8,0
298638,298638,298646,8,0
298638,298638,298646,8,0
298638,298638,298646,8,0
298638,298638,298646,8,0
298638,298643,298646,3,5
298638,298638,298647,9,0
298638,298644,298647,3,6
298638,298644,298647,3,6
298638,298638,298648,10,0
298638,298638,298648,10,0
298638,298646,298648,2,8
298638,298638,298647,9,0
298638,298645,298648,3,7
298638,298646,298648,2,8
298638,298647,298648,1,9
298638,298643,298648,5,5
298638,298640,298649,9,2
298638,298638,298649,11,0
298638,298646,298648,2,8
298638,298644,298649,5,6
298638,298649,298650,1,11
298638,298648,298649,1,10
298638,298648,298650,2,10
298638,298647,298649,2,9
298638,298638,298650,12,0
298638,298646,298650,4,8
298638,298647,298650,3,9
298638,298646,298650,4,8
298638,298648,298650,2,10
298638,298648,298651,3,10
298638,298648,298650,2,10
298638,298648,298650,2,10
298638,298646,298650,4,8
298638,298645,298650,5,7
298638,298650,298651,1,12
298638,298649,298650,1,11
298638,298650,298651,1,12
298638,298650,298651,1,12
298638,298638,298651,13,0
298638,298650,298651,1,12
298638,298650,298651,1,12
298638,298650,298651,1,12
298638,298644,298651,7,6
298638,298650,298651,1,12
298638,298650,298651,1,12
298638,298650,298651,1,12
298638,298650,298651,1,12
298638,298651,298652,1,13
298638,298651,298652,1,13
298638,298651,298652,1,13
298638,298651,298652,1,13
298638,298651,298652,1,13
298638,298650,298652,2,12
298638,298651,298652,1,13
298638,298651,298652,1,13
298638,298651,298652,1,13
298638,298651,298652,1,13
298638,298651,298652,1,13
298638,298651,298652,1,13
298638,298645,298653,8,7
298662,298662,298663,1,0
298662,298662,298663,1,0
298662,298662,298663,1,0
298662,298662,298663,1,0
298662,298662,298664,2,0
298662,298663,298666,3,1
298662,298662,298667,5,0
298662,298663,298667,4,1
298662,298664,298666,2,2
298662,298662,298667,5,0
298662,298662,298667,5,0
298662,298662,298668,6,0
298662,298662,298668,6,0
298662,298664,298668,4,2
298662,298662,298668,6,0
298662,298662,298668,6,0
298662,298662,298668,6,0
298662,298666,298668,2,4
298662,298662,298669,7,0
298662,298662,298669,7,0
298662,298662,298669,7,0
298662,298662,298669,7,0
298662,298663,298668,5,1
298662,298667,298669,2,5
298662,298662,298670,8,0
298662,298662,298670,8,0
298662,298662,298670,8,0
298662,298662,298670,8,0
298662,298667,298670,3,5
298662,298667,298670,3,5
298662,298668,298670,2,6
298662,298668,298670,2,6
298662,298667,298670,3,5
298662,298668,298670,2,6
298662,298667,298670,3,5
298662,298668,298670,2,6
298662,298662,298671,9,0
298662,298669,298671,2,7
298662,298669,298671,2,7
298662,298671,298672,1,9
298662,298662,298671,9,0
298662,298669,298671,2,7
298662,298669,298672,3,7
298662,298668,298672,4,6
298662,298669,298672,3,7
298662,298668,298672,4,6
298662,298671,298672,1,9
298662,298671,298672,1,9
298662,298671,298672,1,9
298662,298671,298672,1,9
298662,298671,298672,1,9
298662,298671,298672,1,9
298662,298672,298673,1,10
298662,298672,298673,1,10
298662,298671,298672,1,9
298662,298670,298673,3,8
298662,298670,298673,3,8
298662,298662,298673,11,0
298662,298668,298673,5,6
298662,298670,298673,3,8
298662,298671,298673,2,9
298662,298672,298673,1,10
298662,298672,298673,1,10
298662,298672,298673,1,10
298662,298673,298674,1,11
298662,298673,298674,1,11
298662,298673,298674,1,11
298662,298673,298674,1,11
298662,298673,298674,1,11
298662,298670,298674,4,8
298662,298672,298674,2,10
298662,298669,298674,5,7
298662,298673,298674,1,11
298662,298673,298674,1,11
298662,298673,298674,1,11
298662,298673,298674,1,11
298662,298673,298674,1,11
298662,298673,298674,1,11
298662,298673,298674,1,11
298683,298683,298684,1,0
298683,298683,298684,1,0
298683,298683,298685,2,0
298683,298683,298685,2,0
298683,298683,298685,2,0
298683,298683,298686,3,0
298683,298683,298687,4,0
298683,298684,298687,3,1
298683,298683,298688,5,0
298683,298683,298688,5,0
298683,298683,298688,5,0
298683,298684,298688,4,1
298683,298683,298689,6,0
298683,298683,298688,5,0
298683,298686,298689,3,3
298683,298687,298689,2,4
298683,298688,298689,1,5
298683,298685,298689,4,2
298683,298685,298689,4,2
298683,298688,298689,1,5
298683,298683,298690,7,0
298683,298689,298690,1,6
298683,298683,298690,7,0
298683,298689,298690,1,6
298683,298683,298691,8,0
298683,298683,298691,8,0
298683,298683,298692,9,0
298683,298689,298691,2,6
298683,298689,298692,3,6
298683,298690,298692,2,7
298683,298690,298691,1,7
298683,298683,298691,8,0
298683,298689,298691,2,6
298683,298690,298691,1,7
298683,298689,298692,3,6
298683,298683,298692,9,0
298683,298690,298693,3,7
298683,298690,298692,2,7
298683,298690,298692,2,7
298683,298691,298692,1,8
298683,298691,298693,2,8
298683,298692,298693,1,9
298683,298683,298693,10,0
298683,298683,298693,10,0
298683,298683,298693,10,0
298683,298691,298694,3,8
298683,298692,298694,2,9
298683,298692,298694,2,9
298683,298692,298693,1,9
298683,298692,298693,1,9
298683,298692,298693,1,9
298683,298691,298693,2,8
298683,298692,298693,1,9
298683,298693,298694,1,10
298683,298693,298694,1,10
298683,298693,298694,1,10
298683,298692,298694,2,9
298683,298683,298694,11,0
298683,298692,298695,3,9
298683,298693,298694,1,10
298683,298693,298694,1,10
298683,298693,298695,2,10
298683,298693,298694,1,10
298683,298693,298694,1,10
298683,298694,298695,1,11
298683,298694,298695,1,11
298683,298694,298695,1,11
298683,298694,298695,1,11
298683,298694,298695,1,11
298683,298694,298695,1,11
298683,298694,298695,1,11
298683,298694,298695,1,11
298683,298683,298695,12,0
298683,298692,298695,3,9
298683,298694,298695,1,11
298683,298694,298695,1,11
298683,298694,298695,1,11
298683,298694,298695,1,11
298683,298694,298695,1,11
298705,298705,298706,1,0
298705,298705,298706,1,0
298705,298705,298706,1,0
298705,298705,298707,2,0
298705,298705,298706,1,0
298705,298705,298707,2,0
298705,298705,298708,3,0
298705,298705,298709,4,0
298705,298705,298709,4,0
298705,298705,298710,5,0
298705,298705,298709,4,0
298705,298707,298710,3,2
298705,298705,298709,4,0
298705,298707,298710,3,2
298705,298707,298710,3,2
298705,298707,298711,4,2
298705,298705,298710,5,0
298705,298707,298710,3,2
298705,298705,298710,5,0
298705,298705,298711,6,0
298705,298709,298710,1,4
298705,298709,298710,1,4
298705,298705,298711,6,0
298705,298708,298710,2,3
298705,298709,298711,2,4
298705,298705,298711,6,0
298705,298705,298711,6,0
298705,298705,298712,7,0
298705,298710,298712,2,5
298705,298710,298711,1,5
298705,298710,298712,2,5
298705,298710,298712,2,5
298705,298711,298713,2,6
298705,298711,298713,2,6
298705,298710,298713,3,5
298705,298711,298713,2,6
298705,298711,298713,2,6
298705,298711,298713,2,6
298705,298711,298713,2,6
298705,298711,298713,2,6
298705,298705,298713,8,0
298705,298712,298713,1,7
298705,298705,298714,9,0
298705,298711,298714,3,6
298705,298712,298714,2,7
298705,298712,298714,2,7
298705,298712,298714,2,7
298705,298713,298714,1,8
298705,298713,298714,1,8
298705,298710,298713,3,5
298705,298713,298714,1,8
298705,298713,298714,1,8
298705,298713,298714,1,8
298705,298711,298714,3,6
298705,298711,298715,4,6
298705,298712,298715,3,7
298705,298712,298715,3,7
298705,298712,298715,3,7
298705,298713,298715,2,8
298705,298713,298714,1,8
298705,298714,298715,1,9
298705,298714,298715,1,9
298705,298713,298715,2,8
298705,298715,298716,1,10
298705,298705,298715,10,0
298705,298705,298716,11,0
298705,298705,298715,10,0
298705,298714,298716,2,9
298705,298714,298716,2,9
298705,298714,298716,2,9
298705,298714,298716,2,9
298705,298715,298716,1,10
298705,298715,298716,1,10
298705,298715,298716,1,10
298705,298715,298716,1,10
298705,298715,298716,1,10
298705,298715,298717,2,10
298726,298726,298727,1,0
298726,298726,298727,1,0
298726,298726,298727,1,0
298726,298726,298727,1,0
298726,298726,298728,2,0
298726,298726,298729,3,0
298726,298726,298729,3,0
298726,298726,298730,4,0
298726,298728,298729,1,2
298726,298726,298730,4,0
298726,298726,298730,4,0
298726,298726,298731,5,0
298726,298728,298730,2,2
298726,298726,298730,4,0
298726,298728,298731,3,2
298726,298729,298730,1,3
298726,298726,298731,5,0
298726,298726,298732,6,0
298726,298730,298732,2,4
298726,298728,298732,4,2
298726,298731,298732,1,5
298726,298726,298732,6,0
298726,298730,298731,1,4
298726,298731,298732,1,5
298726,298726,298732,6,0
298726,298726,298733,7,0
298726,298729,298732,3,3
298726,298731,298732,1,5
298726,298731,298732,1,5
298726,298726,298733,7,0
298726,298729,298733,4,3
298726,298726,298733,7,0
298726,298726,298733,7,0
298726,298726,298733,7,0
298726,298731,298733,2,5
298726,298732,298733,1,6
298726,298732,298734,2,6
298726,298732,298734,2,6
298726,298731,298733,2,5
298726,298731,298733,2,5
298726,298732,298733,1,6
298726,298733,298734,1,7
298726,298726,298734,8,0
298726,298733,298734,1,7
298726,298732,298735,3,6
298726,298732,298735,3,6
298726,298732,298735,3,6
298726,298733,298734,1,7
298726,298734,298735,1,8
298726,298733,298735,2,7
298726,298734,298735,1,8
298726,298734,298735,1,8
298726,298734,298735,1,8
298726,298734,298735,1,8
298726,298726,298736,10,0
298726,298734,298735,1,8
298726,298734,298735,1,8
298726,298734,298735,1,8
298726,298734,298735,1,8
298726,298732,298736,4,6
298726,298732,298735,3,6
298726,298735,298736,1,9
298726,298735,298736,1,9
298726,298735,298736,1,9
298726,298735,298736,1,9
298726,298734,298736,2,8
298726,298735,298736,1,9
298726,298735,298736,1,9
298726,298735,298736,1,9
298726,298734,298735,1,8
298726,298734,298735,1,8
298726,298735,298736,1,9
298726,298735,298736,1,9
298726,298735,298737,2,9
298726,298735,298737,2,9
298726,298735,298736,1,9
298726,298735,298736,1,9
298726,298736,298737,1,10
298726,298726,298737,11,0
298746,298746,298747,1,0
298746,298746,298747,1,0
298746,298746,298747,1,0
298746,298746,298747,1,0
298746,298746,298748,2,0
298746,298746,298749,3,0
298746,298746,298751,5,0
298746,298747,298750,3,1
298746,298746,298751,5,0
298746,298746,298750,4,0
298746,298746,298750,4,0
298746,298746,298750,4,0
298746,298746,298752,6,0
298746,298746,298751,5,0
298746,298746,298751,5,0
298746,298746,298752,6,0
298746,298748,298752,4,2
298746,298747,298751,4,1
298746,298746,298752,6,0
298746,298746,298753,7,0
298746,298746,298752,6,0
298746,298746,298753,7,0
298746,298751,298753,2,5
298746,298752,298753,1,6
298746,298751,298753,2,5
298746,298751,298752,1,5
298746,298752,298753,1,6
298746,298746,298753,7,0
298746,298752,298754,2,6
298746,298750,298754,4,4
298746,298751,298753,2,5
298746,298752,298753,1,6
298746,298752,298753,1,6
298746,298746,298754,8,0
298746,298746,298755,9,0
298746,298748,298754,6,2
298746,298746,298754,8,0
298746,298751,298755,4,5
298746,298753,298755,2,7
298746,298753,298755,2,7
298746,298753,298755,2,7
298746,298751,298754,3,5
298746,298753,298755,2,7
298746,298754,298755,1,8
298746,298753,298755,2,7
298746,298754,298755,1,8
298746,298754,298755,1,8
298746,298752,298755,3,6
298746,298753,298755,2,7
298746,298754,298756,2,8
298746,298749,298756,7,3
298746,298753,298755,2,7
298746,298754,298755,1,8
298746,298753,298755,2,7
298746,298755,298756,1,9
298746,298755,298756,1,9
298746,298753,298755,2,7
298746,298755,298756,1,9
298746,298755,298756,1,9
298746,298754,298755,1,8
298746,298755,298756,1,9
298746,298755,298756,1,9
298746,298755,298756,1,9
298746,298755,298757,2,9
298746,298755,298756,1,9
298746,298755,298756,1,9
298746,298746,298757,11,0
298746,298755,298756,1,9
298746,298755,298756,1,9
298746,298755,298756,1,9
298746,298756,298757,1,10
298746,298755,298757,2,9
298746,298756,298758,2,10
298746,298756,298757,1,10
298746,298756,298757,1,10
298746,298756,298758,2,10
298746,298756,298758,2,10
298746,298756,298757,1,10
298746,298756,298758,2,10
298767,298767,298768,1,0
298767,298767,298768,1,0
298767,298767,298769,2,0
298767,298767,298769,2,0
298767,298767,298770,3,0
298767,298767,298770,3,0
298767,298768,298771,3,1
298767,298769,298771,2,2
298767,298767,298772,5,0
298767,298767,298772,5,0
298767,298770,298772,2,3
298767,298768,298772,4,1
298767,298768,298772,4,1
298767,298769,298772,3,2
298767,298767,298773,6,0
298767,298767,298773,6,0
298767,298767,298773,6,0
298767,298768,298773,5,1
298767,298768,298773,5,1
298767,298767,298773,6,0
298767,298768,298774,6,1
298767,298768,298774,6,1
298767,298773,298774,1,6
298767,298773,298775,2,6
298767,298773,298775,2,6
298767,298773,298774,1,6
298767,298767,298775,8,0
298767,298774,298775,1,7
298767,298774,298775,1,7
298767,298767,298775,8,0
298767,298772,298775,3,5
298767,298774,298775,1,7
298767,298774,298776,2,7
298767,298770,298775,5,3
298767,298774,298775,1,7
298767,298773,298776,3,6
298767,298774,298775,1,7
298767,298771,298775,4,4
298767,298775,298776,1,8
298767,298775,298776,1,8
298767,298775,298776,1,8
298767,298775,298776,1,8
298767,298772,298776,4,5
298767,298775,298776,1,8
298767,298776,298777,1,9
298767,298776,298777,1,9
298767,298776,298777,1,9
298767,298776,298777,1,9
298767,298776,298777,1,9
298767,298776,298777,1,9
298767,298776,298777,1,9
298767,298776,298777,1,9
298767,298768,298777,9,1
298767,298771,298777,6,4
298767,298776,298777,1,9
298767,298768,298778,10,1
298767,298775,298777,2,8
298767,298776,298777,1,9
298767,298776,298777,1,9
298767,298776,298777,1,9
298767,298777,298778,1,10
298767,298777,298778,1,10
298767,298777,298778,1,10
298767,298777,298778,1,10
298767,298777,298778,1,10
298767,298777,298778,1,10
298767,298773,298778,5,6
298767,298777,298778,1,10
298767,298777,298778,1,10
298767,298777,298778,1,10
298767,298777,298778,1,10
298767,298777,298778,1,10
298767,298777,298778,1,10
298767,298768,298779,11,1
298767,298778,298779,1,11
298767,298778,298779,1,11
298767,298778,298779,1,11
298767,298778,298779,1,11
298767,298778,298779,1,11
298788,298789,298790,1,1
298788,298789,298790,1,1
298788,298790,298792,2,2
298788,298789,298792,3,1
298788,298789,298793,4,1
298788,298789,298793,4,1
298788,298789,298793,4,1
298788,298789,298793,4,1
298788,298790,298794,4,2
298788,298789,298794,5,1
298788,298789,298794,5,1
298788,298790,298794,4,2
298788,298789,298795,6,1
298788,298789,298795,6,1
298788,298789,298795,6,1
298788,298789,298795,6,1
298788,298792,298795,3,4
298788,298794,298796,2,6
298788,298789,298797,8,1
298788,298789,298796,7,1
298788,298793,298796,3,5
298788,298794,298797,3,6
298788,298789,298797,8,1
298788,298791,298798,7,3
298788,298789,298797,8,1
298788,298789,298797,8,1
298788,298795,298797,2,7
298788,298795,298797,2,7
298788,298795,298797,2,7
298788,298797,298798,1,9
298788,298796,298797,1,8
298788,298796,298798,2,8
298788,298794,298797,3,6
298788,298794,298797,3,6
298788,298796,298798,2,8
298788,298791,298798,7,3
298788,298797,298798,1,9
298788,298796,298798,2,8
298788,298796,298798,2,8
298788,298798,298799,1,10
298788,298798,298799,1,10
298788,298798,298799,1,10
298788,298797,298798,1,9
298788,298789,298800,11,1
298788,298798,298800,2,10
298788,298798,298799,1,10
298788,298796,298799,3,8
298788,298797,298799,2,9
298788,298798,298799,1,10
298788,298798,298799,1,10
298788,298798,298799,1,10
298788,298799,298800,1,11
298788,298798,298799,1,10
298788,298798,298799,1,10
298788,298798,298799,1,10
298788,298799,298800,1,11
298788,298799,298800,1,11
298788,298794,298800,6,6
298788,298799,298800,1,11
298788,298799,298800,1,11
298788,298799,298800,1,11
298788,298799,298800,1,11
298788,298800,298801,1,12
298788,298800,298801,1,12
298788,298799,298800,1,11
298788,298798,298801,3,10
298788,298798,298801,3,10
298788,298800,298801,1,12
298788,298800,298801,1,12
298788,298800,298801,1,12
298788,298800,298801,1,12
298788,298800,298801,1,12
298788,298800,298802,2,12
298788,298800,298801,1,12
298788,298789,298803,14,1
298788,298789,298805,16,1
298814,298814,298815,1,0
298814,298814,298815,1,0
298814,298814,298815,1,0
298814,298814,298815,1,0
298814,298814,298815,1,0
298814,298814,298819,5,0
298814,298816,298820,4,2
298814,298814,298820,6,0
298814,298815,298820,5,1
298814,298814,298820,6,0
298814,298815,298820,5,1
298814,298814,298820,6,0
298814,298814,298820,6,0
298814,298815,298820,5,1
298814,298814,298821,7,0
298814,298814,298821,7,0
298814,298814,298821,7,0
298814,298814,298820,6,0
298814,298814,298821,7,0
298814,298815,298821,6,1
298814,298814,298822,8,0
298814,298820,298822,2,6
298814,298820,298822,2,6
298814,298820,298823,3,6
298814,298814,298823,9,0
298814,298820,298823,3,6
298814,298820,298823,3,6
298814,298820,298823,3,6
298814,298821,298823,2,7
298814,298820,298823,3,6
298814,298820,298823,3,6
298814,298814,298824,10,0
298814,298814,298824,10,0
298814,298821,298824,3,7
298814,298822,298824,2,8
298814,298822,298824,2,8
298814,298823,298824,1,9
298814,298822,298824,2,8
298814,298823,298824,1,9
298814,298824,298825,1,10
298814,298824,298825,1,10
298814,298814,298825,11,0
298814,298814,298825,11,0
298814,298814,298825,11,0
298814,298822,298826,4,8
298814,298824,298825,1,10
298814,298824,298825,1,10
298814,298824,298825,1,10
298814,298824,298825,1,10
298814,298814,298825,11,0
298814,298824,298825,1,10
298814,298825,298826,1,11
298814,298814,298826,12,0
298814,298821,298826,5,7
298814,298821,298826,5,7
298814,298823,298826,3,9
298814,298824,298826,2,10
298814,298825,298826,1,11
298814,298825,298826,1,11
298814,298825,298826,1,11
298814,298825,298826,1,11
298814,298825,298826,1,11
298814,298825,298826,1,11
298814,298825,298826,1,11
298814,298825,298826,1,11
298814,298826,298827,1,12
298814,298826,298827,1,12
298814,298826,298827,1,12
298814,298825,298827,2,11
298814,298825,298827,2,11
298814,298826,298827,1,12
298814,298826,298827,1,12
298814,298826,298827,1,12
298814,298826,298827,1,12
298814,298826,298827,1,12
298814,298826,298827,1,12
298814,298827,298828,1,13
298814,298827,298828,1,13
298814,298827,298828,1,13
298838,298838,298839,1,0
298838,298838,298839,1,0
298838,298838,298839,1,0
298838,298838,298839,1,0
298838,298838,298839,1,0
298838,298840,298842,2,2
298838,298840,298841,1,2
298838,298838,298843,5,0
298838,298838,298844,6,0
298838,298838,298843,5,0
298838,298838,298845,7,0
298838,298838,298845,7,0
298838,298838,298844,6,0
298838,298840,298845,5,2
298838,298840,298844,4,2
298838,298838,298844,6,0
298838,298840,298844,4,2
298838,298842,298844,2,4
298838,298838,298846,8,0
298838,298838,298845,7,0
298838,298838,298845,7,0
298838,298838,298845,7,0
298838,298842,298846,4,4
298838,298844,298846,2,6
298838,298838,298847,9,0
298838,298838,298846,8,0
298838,298844,298847,3,6
298838,298845,298848,3,7
298838,298846,298848,2,8
298838,298845,298848,3,7
298838,298845,298848,3,7
298838,298846,298848,2,8
298838,298838,298847,9,0
298838,298845,298847,2,7
298838,298846,298848,2,8
298838,298846,298848,2,8
298838,298845,298849,4,7
298838,298847,298849,2,9
298838,298838,298849,11,0
298838,298845,298848,3,7
298838,298846,298849,3,8
298838,298846,298849,3,8
298838,298844,298848,4,6
298838,298847,298848,1,9
298838,298847,298849,2,9
298838,298848,298849,1,10
298838,298848,298849,1,10
298838,298845,298850,5,7
298838,298838,298850,12,0
298838,298838,298850,12,0
298838,298838,298850,12,0
298838,298848,298849,1,10
298838,298848,298850,2,10
298838,298848,298850,2,10
298838,298848,298850,2,10
298838,298849,298850,1,11
298838,298849,298850,1,11
298838,298849,298850,1,11
298838,298845,298851,6,7
298838,298849,298851,2,11
298838,298849,298850,1,11
298838,298849,298850,1,11
298838,298849,298850,1,11
298838,298850,298851,1,12
298838,298848,298851,3,10
298838,298848,298851,3,10
298838,298848,298850,2,10
298838,298850,298851,1,12
298838,298850,298851,1,12
298838,298838,298852,14,0
298838,298849,298852,3,11
298838,298850,298851,1,12
298838,298849,298852,3,11
298838,298850,298852,2,12
298838,298850,298852,2,12
298838,298849,298851,2,11
298838,298850,298851,1,12
298838,298850,298852,2,12
298838,298849,298852,3,11
298861,298861,298862,1,0
298861,298861,298862,1,0
298861,298861,298863,2,0
298861,298861,298863,2,0
298861,298861,298863,2,0
298861,298863,298866,3,2
298861,298862,298866,4,1
298861,298864,298867,3,3
298861,298861,298867,6,0
298861,298862,298867,5,1
298861,298863,298867,4,2
298861,298862,298868,6,1
298861,298861,298869,8,0
298861,298861,298868,7,0
298861,298864,298868,4,3
298861,298861,298869,8,0
298861,298861,298869,8,0
298861,298868,298870,2,7
298861,298868,298869,1,7
298861,298862,298870,8,1
298861,298864,298870,6,3
298861,298869,298870,1,8
298861,298868,298870,2,7
298861,298868,298870,2,7
298861,298869,298870,1,8
298861,298869,298870,1,8
298861,298861,298871,10,0
298861,298869,298871,2,8
298861,298861,298871,10,0
298861,298861,298871,10,0
298861,298867,298871,4,6
298861,298871,298872,1,10
298861,298867,298871,4,6
298861,298871,298872,1,10
298861,298861,298872,11,0
298861,298862,298872,10,1
298861,298861,298872,11,0
298861,298871,298873,2,10
298861,298871,298872,1,10
298861,298870,298873,3,9
298861,298871,298872,1,10
298861,298871,298872,1,10
298861,298871,298872,1,10
298861,298870,298873,3,9
298861,298870,298873,3,9
298861,298871,298872,1,10
298861,298861,298873,12,0
298861,298872,298873,1,11
298861,298861,298874,13,0
298861,298872,298873,1,11
298861,298872,298874,2,11
298861,298872,298873,1,11
298861,298872,298873,1,11
298861,298872,298873,1,11
298861,298861,298874,13,0
298861,298870,298874,4,9
298861,298873,298875,2,12
298861,298873,298875,2,12
298861,298873,298875,2,12
298861,298874,298875,1,13
298861,298873,298874,1,12
298861,298873,298874,1,12
298861,298874,298875,1,13
298861,298873,298875,2,12
298861,298874,298875,1,13
298861,298871,298875,4,10
298861,298873,298875,2,12
298861,298874,298875,1,13
298861,298873,298875,2,12
298861,298873,298875,2,12
298861,298874,298875,1,13
298861,298873,298875,2,12
298861,298873,298876,3,12
298861,298874,298875,1,13
298861,298874,298875,1,13
298861,298874,298875,1,13
298861,298861,298876,15,0
298861,298875,298876,1,14
298861,298873,298876,3,12
298886,298886,298887,1,0
298886,298886,298887,1,0
298886,298886,298887,1,0
298886,298886,298887,1,0
298886,298886,298888,2,0
298886,298886,298890,4,0
298886,298886,298889,3,0
298886,298886,298889,3,0
298886,298886,298891,5,0
298886,298886,298892,6,0
298886,298886,298892,6,0
298886,298889,298892,3,3
298886,298886,298893,7,0
298886,298887,298892,5,1
298886,298886,298893,7,0
298886,298888,298892,4,2
298886,298888,298893,5,2
298886,298886,298893,7,0
298886,298888,298894,6,2
298886,298886,298894,8,0
298886,298890,298894,4,4
298886,298886,298894,8,0
298886,298886,298894,8,0
298886,298886,298895,9,0
298886,298886,298894,8,0
298886,298890,298895,5,4
298886,298893,298894,1,7
298886,298893,298895,2,7
298886,298893,298894,1,7
298886,298890,298894,4,4
298886,298892,298894,2,6
298886,298893,298895,2,7
298886,298886,298895,9,0
298886,298893,298895,2,7
298886,298895,298896,1,9
298886,298894,298896,2,8
298886,298894,298896,2,8
298886,298886,298897,11,0
298886,298892,298896,4,6
298886,298895,298896,1,9
298886,298895,298896,1,9
298886,298895,298897,2,9
298886,298894,298896,2,8
298886,298895,298896,1,9
298886,298895,298897,2,9
298886,298892,298896,4,6
298886,298895,298897,2,9
298886,298895,298897,2,9
298886,298886,298898,12,0
298886,298886,298897,11,0
298886,298894,298897,3,8
298886,298895,298897,2,9
298886,298895,298897,2,9
298886,298896,298898,2,10
298886,298896,298898,2,10
298886,298894,298899,5,8
298886,298892,298898,6,6
298886,298896,298898,2,10
298886,298896,298898,2,10
298886,298897,298899,2,11
298886,298897,298899,2,11
298886,298897,298899,2,11
298886,298897,298898,1,11
298886,298897,298898,1,11
298886,298898,298899,1,12
298886,298898,298899,1,12
298886,298886,298900,14,0
298886,298897,298900,3,11
298886,298897,298899,2,11
298886,298897,298900,3,11
298886,298897,298900,3,11
298886,298898,298899,1,12
298886,298896,298899,3,10
298886,298898,298899,1,12
298886,298898,298899,1,12
298886,298897,298899,2,11
298886,298898,298899,1,12
298886,298898,298900,2,12
298886,298897,298901,4,11
298911,298911,298912,1,0
298911,298911,298912,1,0
298911,298911,298912,1,0
298911,298911,298912,1,0
298911,298911,298914,3,0
298911,298912,298915,3,1
298911,298911,298916,5,0
298911,298912,298916,4,1
298911,298911,298917,6,0
298911,298911,298917,6,0
298911,298912,298917,5,1
298911,298911,298917,6,0
298911,298913,298918,5,2
298911,298911,298918,7,0
298911,298911,298918,7,0
298911,298911,298917,6,0
298911,298911,298918,7,0
298911,298914,298919,5,3
298911,298911,298918,7,0
298911,298911,298919,8,0
298911,298917,298919,2,6
298911,298918,298919,1,7
298911,298911,298919,8,0
298911,298911,298919,8,0
298911,298917,298919,2,6
298911,298918,298919,1,7
298911,298918,298920,2,7
298911,298918,298920,2,7
298911,298919,298920,1,8
298911,298911,298921,10,0
298911,298918,298921,3,7
298911,298919,298921,2,8
298911,298919,298921,2,8
298911,298916,298921,5,5
298911,298916,298921,5,5
298911,298919,298921,2,8
298911,298919,298920,1,8
298911,298917,298921,4,6
298911,298917,298921,4,6
298911,298916,298921,5,5
298911,298911,298922,11,0
298911,298920,298922,2,9
298911,298911,298922,11,0
298911,298920,298922,2,9
298911,298920,298922,2,9
298911,298920,298922,2,9
298911,298921,298922,1,10
298911,298921,298922,1,10
298911,298922,298923,1,11
298911,298922,298923,1,11
298911,298922,298923,1,11
298911,298922,298923,1,11
298911,298921,298923,2,10
298911,298922,298923,1,11
298911,298911,298924,13,0
298911,298911,298924,13,0
298911,298921,298924,3,10
298911,298923,298924,1,12
298911,298923,298924,1,12
298911,298922,298924,2,11
298911,298922,298924,2,11
298911,298924,298925,1,13
298911,298923,298924,1,12
298911,298924,298925,1,13
298911,298924,298925,1,13
298911,298923,298924,1,12
298911,298923,298924,1,12
298911,298924,298925,1,13
298911,298924,298925,1,13
298911,298911,298925,14,0
298911,298922,298925,3,11
298911,298921,298925,4,10
298911,298921,298925,4,10
298911,298924,298925,1,13
298911,298924,298925,1,13
298911,298921,298926,5,10
298911,298922,298926,4,11
298911,298911,298927,16,0
298937,298937,298938,1,0
298937,298937,298938,1,0
298937,298937,298938,1,0
298937,298937,298938,1,0
298937,298937,298939,2,0
298937,298937,298941,4,0
298937,298937,298943,6,0
298937,298937,298943,6,0
298937,298939,298943,4,2
298937,298937,298943,6,0
298937,298937,298942,5,0
298937,298939,298942,3,2
298937,298937,298943,6,0
298937,298937,298944,7,0
298937,298937,298943,6,0
298937,298939,298944,5,2
298937,298937,298943,6,0
298937,298937,298944,7,0
298937,298939,298944,5,2
298937,298937,298945,8,0
298937,298942,298944,2,5
298937,298943,298945,2,6
298937,298943,298945,2,6
298937,298944,298946,2,7
298937,298937,298946,9,0
298937,298937,298945,8,0
298937,298937,298946,9,0
298937,298943,298946,3,6
298937,298943,298946,3,6
298937,298943,298946,3,6
298937,298943,298945,2,6
298937,298944,298946,2,7
298937,298937,298946,9,0
298937,298944,298946,2,7
298937,298944,298946,2,7
298937,298945,298947,2,8
298937,298945,298947,2,8
298937,298937,298947,10,0
298937,298939,298947,8,2
298937,298944,298948,4,7
298937,298945,298948,3,8
298937,298945,298947,2,8
298937,298946,298947,1,9
298937,298945,298947,2,8
298937,298946,298947,1,9
298937,298946,298948,2,9
298937,298946,298948,2,9
298937,298946,298948,2,9
298937,298946,298948,2,9
298937,298937,298949,12,0
298937,298945,298948,3,8
298937,298946,298948,2,9
298937,298947,298949,2,10
298937,298947,298949,2,10
298937,298948,298949,1,11
298937,298946,298949,3,9
298937,298947,298949,2,10
298937,298948,298949,1,11
298937,298937,298950,13,0
298937,298947,298949,2,10
298937,298948,298950,2,11
298937,298949,298950,1,12
298937,298946,298950,4,9
298937,298948,298950,2,11
298937,298949,298950,1,12
298937,298949,298950,1,12
298937,298948,298950,2,11
298937,298948,298951,3,11
298937,298948,298951,3,11
298937,298948,298950,2,11
298937,298949,298951,2,12
298937,298948,298951,3,11
298937,298948,298951,3,11
298937,298949,298951,2,12
298937,298949,298951,2,12
298937,298949,298950,1,12
298937,298947,298951,4,10
298937,298937,298952,15,0
298937,298948,298951,3,11
298961,298961,298962,1,0
298961,298961,298962,1,0
298961,298961,298962,1,0
298961,298961,298962,1,0
298961,298961,298962,1,0
298961,298961,298967,6,0
298961,298961,298966,5,0
298961,298963,298967,4,2
298961,298961,298967,6,0
298961,298961,298967,6,0
298961,298961,298967,6,0
298961,298962,298967,5,1
298961,298961,298966,5,0
298961,298961,298967,6,0
298961,298962,298967,5,1
298961,298961,298967,6,0
298961,298967,298968,1,6
298961,298967,298969,2,6
298961,298967,298969,2,6
298961,298961,298970,9,0
298961,298961,298970,9,0
298961,298961,298970,9,0
298961,298967,298970,3,6
298961,298967,298970,3,6
298961,298967,298969,2,6
298961,298967,298970,3,6
298961,298967,298970,3,6
298961,298961,298971,10,0
298961,298961,298971,10,0
298961,298961,298970,9,0
298961,298968,298970,2,7
298961,298967,298970,3,6
298961,298969,298971,2,8
298961,298961,298970,9,0
298961,298969,298971,2,8
298961,298963,298972,9,2
298961,298970,298972,2,9
298961,298970,298972,2,9
298961,298970,298972,2,9
298961,298969,298972,3,8
298961,298970,298972,2,9
298961,298970,298972,2,9
298961,298970,298972,2,9
298961,298961,298973,12,0
298961,298963,298973,10,2
298961,298961,298973,12,0
298961,298967,298973,6,6
298961,298970,298973,3,9
298961,298970,298973,3,9
298961,298961,298972,11,0
298961,298971,298973,2,10
298961,298971,298973,2,10
298961,298971,298974,3,10
298961,298972,298974,2,11
298961,298972,298974,2,11
298961,298971,298974,3,10
298961,298971,298974,3,10
298961,298973,298974,1,12
298961,298973,298974,1,12
298961,298971,298974,3,10
298961,298973,298974,1,12
298961,298973,298974,1,12
298961,298973,298975,2,12
298961,298971,298975,4,10
298961,298971,298975,4,10
298961,298973,298975,2,12
298961,298973,298975,2,12
298961,298973,298975,2,12
298961,298973,298975,2,12
298961,298973,298975,2,12
298961,298972,298975,3,11
298961,298975,298976,1,14
298961,298973,298976,3,12
298961,298974,298976,2,13
298961,298972,298976,4,11
298961,298975,298976,1,14
298961,298961,298978,17,0
298988,298988,298989,1,0
298988,298988,298989,1,0
298988,298988,298989,1,0
298988,298988,298989,1,0
298988,298988,298992,4,0
298988,298988,298993,5,0
298988,298988,298993,5,0
298988,298988,298993,5,0
298988,298988,298993,5,0
298988,298988,298993,5,0
298988,298988,298994,6,0
298988,298990,298993,3,2
298988,298989,298995,6,1
298988,298990,298995,5,2
298988,298988,298994,6,0
298988,298988,298995,7,0
298988,298988,298995,7,0
298988,298988,298995,7,0
298988,298988,298996,8,0
298988,298994,298995,1,6
298988,298994,298996,2,6
298988,298988,298997,9,0
298988,298994,298997,3,6
298988,298994,298996,2,6
298988,298994,298996,2,6
298988,298993,298997,4,5
298988,298994,298996,2,6
298988,298995,298997,2,7
298988,298988,298997,9,0
298988,298988,298998,10,0
298988,298990,298998,8,2
298988,298988,298997,9,0
298988,298995,298997,2,7
298988,298997,298998,1,9
298988,298995,298998,3,7
298988,298996,298998,2,8
298988,298996,298998,2,8
298988,298997,298998,1,9
298988,298988,298999,11,0
298988,298996,298998,2,8
298988,298996,298999,3,8
298988,298997,298998,1,9
298988,298997,298998,1,9
298988,298997,298998,1,9
298988,298997,298999,2,9
298988,298996,298999,3,8
298988,298998,299000,2,10
298988,298998,299000,2,10
298988,298994,299000,6,6
298988,298996,298999,3,8
298988,298998,299000,2,10
298988,298998,299000,2,10
298988,298998,299000,2,10
298988,298999,299000,1,11
298988,298998,299000,2,10
298988,298998,299000,2,10
298988,298998,299000,2,10
298988,298999,299000,1,11
298988,298999,299000,1,11
298988,298998,299000,2,10
298988,298997,299001,4,9
298988,298988,299000,12,0
298988,298999,299001,2,11
298988,298999,299001,2,11
298988,298998,299001,3,10
298988,299000,299001,1,12
298988,299000,299001,1,12
298988,299000,299001,1,12
298988,298999,299002,3,11
298988,298999,299002,3,11
298988,299000,299001,1,12
298988,299000,299002,2,12
298988,299000,299002,2,12
298988,299000,299001,1,12
298988,299000,299001,1,12
298988,299000,299002,2,12
298988,299000,299002,2,12
298988,298988,299003,15,0
298988,298988,299006,18,0
299014,299015,299016,1,1
299014,299015,299016,1,1
299014,299015,299016,1,1
299014,299015,299016,1,1
299014,299015,299017,2,1
299014,299015,299021,6,1
299014,299016,299020,4,2
299014,299015,299021,6,1
299014,299016,299020,4,2
299014,299015,299020,5,1
299014,299017,299020,3,3
299014,299018,299021,3,4
299014,299015,299022,7,1
299014,299017,299022,5,3
299014,299015,299021,6,1
299014,299015,299021,6,1
299014,299015,299022,7,1
299014,299022,299023,1,8
299014,299022,299023,1,8
299014,299015,299023,8,1
299014,299015,299023,8,1
299014,299015,299024,9,1
299014,299022,299023,1,8
299014,299021,299023,2,7
299014,299021,299023,2,7
299014,299015,299023,8,1
299014,299021,299024,3,7
299014,299015,299025,10,1
299014,299022,299024,2,8
299014,299015,299024,9,1
299014,299015,299024,9,1
299014,299021,299024,3,7
299014,299021,299024,3,7
299014,299023,299024,1,9
299014,299023,299025,2,9
299014,299015,299024,9,1
299014,299021,299025,4,7
299014,299021,299024,3,7
299014,299023,299024,1,9
299014,299024,299025,1,10
299014,299015,299026,11,1
299014,299024,299026,2,10
299014,299024,299026,2,10
299014,299024,299025,1,10
299014,299024,299026,2,10
299014,299024,299026,2,10
299014,299025,299026,1,11
299014,299025,299026,1,11
299014,299024,299026,2,10
299014,299025,299026,1,11
299014,299024,299026,2,10
299014,299025,299027,2,11
299014,299025,299027,2,11
299014,299025,299026,1,11
299014,299025,299027,2,11
299014,299025,299027,2,11
299014,299025,299027,2,11
299014,299025,299027,2,11
299014,299025,299027,2,11
299014,299026,299027,1,12
299014,299026,299027,1,12
299014,299015,299027,12,1
299014,299026,299027,1,12
299014,299026,299028,2,12
299014,299026,299027,1,12
299014,299027,299028,1,13
299014,299025,299027,2,11
299014,299027,299028,1,13
299014,299026,299028,2,12
299014,299027,299028,1,13
299014,299027,299028,1,13
299014,299027,299029,2,13
299014,299025,299029,4,11
299014,299027,299028,1,13
299014,299027,299028,1,13
299014,299027,299028,1,13
299014,299027,299029,2,13
299014,299015,299030,15,1
299014,299015,299037,22,1
299045,299045,299046,1,0
299045,299045,299046,1,0
299045,299045,299046,1,0
299045,299045,299047,2,0
299045,299045,299048,3,0
299045,299046,299051,5,1
299045,299046,299051,5,1
299045,299046,299051,5,1
299045,299046,299051,5,1
299045,299047,299052,5,2
299045,299047,299052,5,2
299045,299047,299052,5,2
299045,299045,299053,8,0
299045,299045,299053,8,0
299045,299046,299054,8,1
299045,299048,299055,7,3
299045,299045,299054,9,0
299045,299052,299055,3,7
299045,299053,299054,1,8
299045,299052,299054,2,7
299045,299053,299054,1,8
299045,299046,299054,8,1
299045,299052,299054,2,7
299045,299053,299054,1,8
299045,299045,299055,10,0
299045,299049,299055,6,4
299045,299052,299055,3,7
299045,299045,299056,11,0
299045,299054,299055,1,9
299045,299046,299056,10,1
299045,299046,299056,10,1
299045,299046,299056,10,1
299045,299046,299056,10,1
299045,299046,299056,10,1
299045,299055,299057,2,10
299045,299055,299057,2,10
299045,299054,299056,2,9
299045,299055,299056,1,10
299045,299055,299057,2,10
299045,299055,299057,2,10
299045,299055,299057,2,10
299045,299055,299057,2,10
299045,299055,299057,2,10
299045,299056,299058,2,11
299045,299055,299057,2,10
299045,299055,299057,2,10
299045,299056,299057,1,11
299045,299056,299057,1,11
299045,299056,299058,2,11
299045,299045,299058,13,0
299045,299056,299058,2,11
299045,299057,299059,2,12
299045,299045,299059,14,0
299045,299057,299059,2,12
299045,299057,299059,2,12
299045,299058,299059,1,13
299045,299057,299058,1,12
299045,299057,299059,2,12
299045,299057,299059,2,12
299045,299057,299059,2,12
299045,299058,299059,1,13
299045,299058,299059,1,13
299045,299057,299060,3,12
299045,299057,299059,2,12
299045,299058,299059,1,13
299045,299058,299059,1,13
299045,299057,299059,2,12
299045,299058,299059,1,13
299045,299059,299060,1,14
299045,299058,299059,1,13
299045,299058,299059,1,13
299045,299059,299060,1,14
299045,299057,299060,3,12
299045,299059,299061,2,14
299045,299059,299060,1,14
299045,299059,299060,1,14
299045,299059,299061,2,14
299045,299059,299060,1,14
299045,299045,299062,17,0
299071,299071,299072,1,0
299071,299071,299073,2,0
299071,299071,299073,2,0
299071,299071,299072,1,0
299071,299071,299072,1,0
299071,299071,299076,5,0
299071,299071,299077,6,0
299071,299071,299077,6,0
299071,299071,299076,5,0
299071,299072,299077,5,1
299071,299071,299077,6,0
299071,299071,299079,8,0
299071,299071,299079,8,0
299071,299073,299079,6,2
299071,299073,299079,6,2
299071,299071,299079,8,0
299071,299073,299079,6,2
299071,299078,299079,1,7
299071,299077,299079,2,6
299071,299078,299079,1,7
299071,299071,299080,9,0
299071,299078,299080,2,7
299071,299071,299081,10,0
299071,299080,299082,2,9
299071,299076,299081,5,5
299071,299080,299081,1,9
299071,299080,299081,1,9
299071,299071,299082,11,0
299071,299071,299081,10,0
299071,299071,299082,11,0
299071,299071,299082,11,0
299071,299077,299082,5,6
299071,299071,299082,11,0
299071,299071,299081,10,0
299071,299080,299082,2,9
299071,299080,299082,2,9
299071,299080,299082,2,9
299071,299080,299083,3,9
299071,299080,299082,2,9
299071,299081,299082,1,10
299071,299081,299082,1,10
299071,299079,299083,4,8
299071,299071,299083,12,0
299071,299071,299083,12,0
299071,299082,299084,2,11
299071,299082,299084,2,11
299071,299083,299084,1,12
299071,299082,299084,2,11
299071,299082,299084,2,11
299071,299071,299084,13,0
299071,299073,299084,11,2
299071,299083,299084,1,12
299071,299083,299084,1,12
299071,299082,299084,2,11
299071,299083,299085,2,12
299071,299083,299084,1,12
299071,299083,299084,1,12
299071,299083,299084,1,12
299071,299084,299085,1,13
299071,299083,299084,1,12
299071,299083,299084,1,12
299071,299084,299085,1,13
299071,299084,299085,1,13
299071,299084,299085,1,13
299071,299084,299086,2,13
299071,299084,299085,1,13
299071,299084,299085,1,13
299071,299085,299086,1,14
299071,299085,299086,1,14
299071,299084,299085,1,13
299071,299083,299086,3,12
299071,299085,299086,1,14
299071,299083,299086,3,12
299071,299085,299086,1,14
299071,299083,299086,3,12
299071,299085,299086,1,14
299071,299085,299086,1,14
299071,299083,299087,4,12
299071,299083,299088,5,12
299097,299097,299098,1,0
299097,299097,299098,1,0
299097,299097,299098,1,0
299097,299097,299098,1,0
299097,299097,299099,2,0
299097,299097,299102,5,0
299097,299097,299102,5,0
299097,299097,299103,6,0
299097,299097,299103,6,0
299097,299098,299103,5,1
299097,299098,299103,5,1
299097,299099,299102,3,2
299097,299099,299104,5,2
299097,299097,299104,7,0
299097,299097,299104,7,0
299097,299097,299104,7,0
299097,299097,299104,7,0
299097,299097,299105,8,0
299097,299097,299105,8,0
299097,299099,299104,5,2
299097,299102,299106,4,5
299097,299102,299106,4,5
299097,299103,299106,3,6
299097,299105,299106,1,8
299097,299105,299106,1,8
299097,299097,299106,9,0
299097,299103,299106,3,6
299097,299105,299106,1,8
299097,299104,299106,2,7
299097,299104,299106,2,7
299097,299097,299107,10,0
299097,299097,299107,10,0
299097,299097,299107,10,0
299097,299105,299107,2,8
299097,299106,299108,2,9
299097,299106,299109,3,9
299097,299107,299109,2,10
299097,299107,299108,1,10
299097,299107,299108,1,10
299097,299107,299108,1,10
299097,299106,299108,2,9
299097,299107,299108,1,10
299097,299107,299108,1,10
299097,299108,299109,1,11
299097,299097,299109,12,0
299097,299107,299109,2,10
299097,299097,299109,12,0
299097,299097,299109,12,0
299097,299103,299109,6,6
299097,299107,299109,2,10
299097,299104,299109,5,7
299097,299106,299110,4,9
299097,299108,299109,1,11
299097,299107,299110,3,10
299097,299107,299109,2,10
299097,299107,299109,2,10
299097,299109,299110,1,12
299097,299109,299110,1,12
299097,299097,299110,13,0
299097,299097,299109,12,0
299097,299109,299110,1,12
299097,299109,299111,2,12
299097,299110,299111,1,13
299097,299109,299110,1,12
299097,299109,299110,1,12
299097,299110,299111,1,13
299097,299109,299110,1,12
299097,299109,299111,2,12
299097,299109,299111,2,12
299097,299110,299111,1,13
299097,299110,299111,1,13
299097,299110,299111,1,13
299097,299110,299111,1,13
299097,299110,299111,1,13
299097,299110,299111,1,13
299097,299110,299111,1,13
299097,299110,299112,2,13
299097,299109,299111,2,12
299097,299109,299111,2,12
299122,299122,299123,1,0
299122,299122,299123,1,0
299122,299122,299123,1,0
299122,299122,299123,1,0
299122,299122,299123,1,0
299122,299122,299126,4,0
299122,299122,299127,5,0
299122,299122,299126,4,0
299122,299122,299126,4,0
299122,299122,299127,5,0
299122,299122,299128,6,0
299122,299123,299128,5,1
299122,299124,299128,4,2
299122,299123,299127,4,1
299122,299122,299127,5,0
299122,299122,299128,6,0
299122,299122,299129,7,0
299122,299122,299129,7,0
299122,299122,299128,6,0
299122,299126,299129,3,4
299122,299122,299128,6,0
299122,299124,299129,5,2
299122,299124,299130,6,2
299122,299128,299130,2,6
299122,299128,299130,2,6
299122,299128,299130,2,6
299122,299122,299131,9,0
299122,299129,299131,2,7
299122,299129,299131,2,7
299122,299128,299131,3,6
299122,299128,299130,2,6
299122,299127,299130,3,5
299122,299129,299131,2,7
299122,299122,299131,9,0
299122,299122,299131,9,0
299122,299122,299131,9,0
299122,299128,299131,3,6
299122,299129,299131,2,7
299122,299131,299132,1,9
299122,299129,299132,3,7
299122,299130,299132,2,8
299122,299129,299132,3,7
299122,299122,299132,10,0
299122,299127,299133,6,5
299122,299129,299132,3,7
299122,299131,299133,2,9
299122,299131,299132,1,9
299122,299130,299133,3,8
299122,299130,299132,2,8
299122,299131,299133,2,9
299122,299132,299133,1,10
299122,299131,299133,2,9
299122,299131,299133,2,9
299122,299132,299133,1,10
299122,299132,299133,1,10
299122,299132,299134,2,10
299122,299127,299134,7,5
299122,299122,299134,12,0
299122,299130,299134,4,8
299122,299132,299134,2,10
299122,299132,299134,2,10
299122,299134,299135,1,12
299122,299134,299135,1,12
299122,299134,299135,1,12
299122,299134,299135,1,12
299122,299122,299135,13,0
299122,299131,299134,3,9
299122,299133,299135,2,11
299122,299132,299135,3,10
299122,299133,299135,2,11
299122,299133,299135,2,11
299122,299132,299134,2,10
299122,299133,299135,2,11
299122,299134,299135,1,12
299122,299134,299135,1,12
299122,299134,299135,1,12
299122,299134,299135,1,12
299122,299133,299136,3,11
299145,299145,299146,1,0
299145,299145,299146,1,0
299145,299145,299146,1,0
299145,299145,299146,1,0
299145,299145,299146,1,0
299145,299145,299149,4,0
299145,299146,299149,3,1
299145,299145,299150,5,0
299145,299146,299150,4,1
299145,299145,299150,5,0
299145,299145,299151,6,0
299145,299145,299151,6,0
299145,299145,299151,6,0
299145,299145,299150,5,0
299145,299145,299150,5,0
299145,299145,299151,6,0
299145,299145,299151,6,0
299145,299147,299151,4,2
299145,299147,299150,3,2
299145,299145,299152,7,0
299145,299145,299152,7,0
299145,299151,299152,1,6
299145,299149,299153,4,4
299145,299150,299153,3,5
299145,299151,299153,2,6
299145,299151,299153,2,6
299145,299151,299153,2,6
299145,299151,299153,2,6
299145,299151,299153,2,6
299145,299151,299153,2,6
299145,299151,299153,2,6
299145,299145,299154,9,0
299145,299145,299154,9,0
299145,299151,299153,2,6
299145,299147,299154,7,2
299145,299145,299154,9,0
299145,299150,299153,3,5
299145,299150,299154,4,5
299145,299145,299155,10,0
299145,299145,299154,9,0
299145,299151,299155,4,6
299145,299153,299155,2,8
299145,299153,299155,2,8
299145,299153,299155,2,8
299145,299153,299155,2,8
299145,299153,299155,2,8
299145,299153,299155,2,8
299145,299153,299155,2,8
299145,299153,299155,2,8
299145,299153,299155,2,8
299145,299154,299156,2,9
299145,299154,299156,2,9
299145,299145,299156,11,0
299145,299153,299156,3,8
299145,299154,299156,2,9
299145,299154,299156,2,9
299145,299154,299156,2,9
299145,299156,299157,1,11
299145,299153,299157,4,8
299145,299153,299157,4,8
299145,299155,299157,2,10
299145,299155,299157,2,10
299145,299154,299157,3,9
299145,299155,299157,2,10
299145,299155,299156,1,10
299145,299155,299157,2,10
299145,299155,299157,2,10
299145,299155,299157,2,10
299145,299155,299157,2,10
299145,299156,299157,1,11
299145,299154,299158,4,9
299145,299156,299157,1,11
299145,299156,299158,2,11
299145,299155,299157,2,10
299145,299156,299158,2,11
299145,299156,299158,2,11
299145,299156,299158,2,11
299145,299156,299158,2,11
299145,299145,299160,15,0
299169,299169,299170,1,0
299169,299169,299171,2,0
299169,299169,299170,1,0
299169,299169,299171,2,0
299169,299169,299170,1,0
299169,299169,299174,5,0
299169,299170,299174,4,1
299169,299171,299174,3,2
299169,299169,299175,6,0
299169,299171,299175,4,2
299169,299169,299175,6,0
299169,299171,299175,4,2
299169,299169,299175,6,0
299169,299169,299175,6,0
299169,299169,299176,7,0
299169,299169,299176,7,0
299169,299169,299176,7,0
299169,299169,299175,6,0
299169,299175,299176,1,6
299169,299175,299176,1,6
299169,299169,299176,7,0
299169,299171,299177,6,2
299169,299175,299177,2,6
299169,299174,299177,3,5
299169,299176,299177,1,7
299169,299174,299177,3,5
299169,299169,299178,9,0
299169,299176,299178,2,7
299169,299176,299178,2,7
299169,299176,299178,2,7
299169,299174,299178,4,5
299169,299176,299178,2,7
299169,299177,299178,1,8
299169,299177,299178,1,8
299169,299177,299179,2,8
299169,299169,299178,9,0
299169,299169,299179,10,0
299169,299169,299179,10,0
299169,299177,299179,2,8
299169,299169,299180,11,0
299169,299169,299179,10,0
299169,299178,299179,1,9
299169,299178,299179,1,9
299169,299178,299179,1,9
299169,299178,299179,1,9
299169,299175,299180,5,6
299169,299178,299180,2,9
299169,299178,299180,2,9
299169,299177,299180,3,8
299169,299179,299180,1,10
299169,299179,299180,1,10
299169,299180,299181,1,11
299169,299179,299181,2,10
299169,299179,299181,2,10
299169,299180,299181,1,11
299169,299179,299180,1,10
299169,299179,299180,1,10
299169,299179,299180,1,10
299169,299180,299181,1,11
299169,299180,299181,1,11
299169,299180,299182,2,11
299169,299180,299181,1,11
299169,299180,299182,2,11
299169,299180,299181,1,11
299169,299181,299182,1,12
299169,299180,299181,1,11
299169,299181,299182,1,12
299169,299169,299182,13,0
299169,299181,299182,1,12
299169,299181,299183,2,12
299169,299169,299182,13,0
299169,299181,299182,1,12
299169,299181,299182,1,12
299169,299181,299182,1,12
299169,299181,299182,1,12
299169,299181,299182,1,12
299169,299181,299182,1,12
299169,299179,299183,4,10
299169,299169,299187,18,0
299195,299195,299196,1,0
299195,299195,299196,1,0
299195,299195,299196,1,0
299195,299195,299197,2,0
299195,299195,299196,1,0
299195,299195,299198,3,0
299195,299195,299199,4,0
299195,299195,299200,5,0
299195,299195,299200,5,0
299195,299195,299199,4,0
299195,299195,299200,5,0
299195,299195,299201,6,0
299195,299195,299200,5,0
299195,299197,299201,4,2
299195,299198,299201,3,3
299195,299200,299201,1,5
299195,299196,299200,4,1
299195,299200,299201,1,5
299195,299195,299201,6,0
299195,299196,299200,4,1
299195,299195,299202,7,0
299195,299197,299202,5,2
299195,299200,299202,2,5
299195,299199,299202,3,4
299195,299200,299202,2,5
299195,299201,299202,1,6
299195,299197,299202,5,2
299195,299195,299202,7,0
299195,299201,299203,2,6
299195,299201,299203,2,6
299195,299201,299203,2,6
299195,299202,299203,1,7
299195,299201,299203,2,6
299195,299202,299203,1,7
299195,299202,299203,1,7
299195,299202,299204,2,7
299195,299202,299203,1,7
299195,299195,299203,8,0
299195,299201,299203,2,6
299195,299203,299204,1,8
299195,299195,299204,9,0
299195,299201,299204,3,6
299195,299202,299204,2,7
299195,299195,299205,10,0
299195,299195,299205,10,0
299195,299195,299205,10,0
299195,299201,299204,3,6
299195,299203,299205,2,8
299195,299201,299205,4,6
299195,299203,299205,2,8
299195,299203,299205,2,8
299195,299205,299206,1,10
299195,299203,299205,2,8
299195,299203,299205,2,8
299195,299204,299205,1,9
299195,299204,299205,1,9
299195,299204,299205,1,9
299195,299195,299206,11,0
299195,299204,299206,2,9
299195,299205,299206,1,10
299195,299205,299206,1,10
299195,299206,299207,1,11
299195,299205,299206,1,10
299195,299205,299206,1,10
299195,299206,299207,1,11
299195,299205,299206,1,10
299195,299206,299207,1,11
299195,299204,299207,3,9
299195,299205,299206,1,10
299195,299205,299207,2,10
299195,299205,299207,2,10
299195,299205,299207,2,10
299195,299206,299207,1,11
299195,299195,299207,12,0
299195,299205,299207,2,10
299195,299206,299207,1,11
299195,299206,299207,1,11
299195,299206,299207,1,11
299195,299195,299208,13,0
299217,299218,299219,1,1
299217,299218,299219,1,1
299217,299218,299219,1,1
299217,299218,299219,1,1
299217,299218,299219,1,1
299217,299218,299220,2,1
299217,299218,299222,4,1
299217,299220,299223,3,3
299217,299218,299224,6,1
299217,299218,299223,5,1
299217,299220,299223,3,3
299217,299218,299223,5,1
299217,299218,299223,5,1
299217,299218,299223,5,1
299217,299220,299223,3,3
299217,299221,299223,2,4
299217,299218,299223,5,1
299217,299218,299224,6,1
299217,299218,299225,7,1
299217,299220,299225,5,3
299217,299220,299226,6,3
299217,299223,299225,2,6
299217,299223,299225,2,6
299217,299225,299226,1,8
299217,299224,299225,1,7
299217,299224,299226,2,7
299217,299224,299226,2,7
299217,299224,299226,2,7
299217,299218,299226,8,1
299217,299225,299226,1,8
299217,299218,299226,8,1
299217,299218,299226,8,1
299217,299224,299226,2,7
299217,299218,299227,9,1
299217,299224,299226,2,7
299217,299224,299226,2,7
299217,299226,299227,1,9
299217,299218,299227,9,1
299217,299226,299228,2,9
299217,299224,299227,3,7
299217,299224,299227,3,7
299217,299227,299228,1,10
299217,299226,299228,2,9
299217,299226,299227,1,9
299217,299226,299227,1,9
299217,299226,299227,1,9
299217,299226,299227,1,9
299217,299226,299228,2,9
299217,299218,299228,10,1
299217,299226,299228,2,9
299217,299218,299228,10,1
299217,299227,299228,1,10
299217,299227,299228,1,10
299217,299227,299228,1,10
299217,299228,299229,1,11
299217,299227,299229,2,10
299217,299228,299229,1,11
299217,299228,299229,1,11
299217,299227,299230,3,10
299217,299227,299229,2,10
299217,299227,299229,2,10
299217,299228,299230,2,11
299217,299228,299230,2,11
299217,299228,299229,1,11
299217,299228,299229,1,11
299217,299228,299230,2,11
299217,299228,299229,1,11
299217,299228,299229,1,11
299217,299229,299230,1,12
299217,299229,299230,1,12
299217,299228,299230,2,11
299217,299227,299230,3,10
299217,299229,299230,1,12
299217,299218,299231,13,1
299217,299229,299230,1,12
299217,299229,299230,1,12
299217,299229,299230,1,12
299217,299229,299230,1,12
299217,299218,299232,14,1
299243,299244,299245,1,1
299243,299244,299245,1,1
299243,299244,299246,2,1
299243,299245,299247,2,2
299243,299244,299248,4,1
299243,299244,299248,4,1
299243,299244,299249,5,1
299243,299244,299249,5,1
299243,299244,299250,6,1
299243,299245,299249,4,2
299243,299244,299249,5,1
299243,299245,299249,4,2
299243,299247,299249,2,4
299243,299244,299251,7,1
299243,299244,299250,6,1
299243,299246,299250,4,3
299243,299244,299250,6,1
299243,299244,299251,7,1
299243,299244,299250,6,1
299243,299246,299250,4,3
299243,299244,299250,6,1
299243,299244,299251,7,1
299243,299244,299252,8,1
299243,299244,299252,8,1
299243,299249,299252,3,6
299243,299248,299251,3,5
299243,299244,299251,7,1
299243,299244,299253,9,1
299243,299244,299253,9,1
299243,299251,299253,2,8
299243,299250,299252,2,7
299243,299251,299252,1,8
299243,299252,299253,1,9
299243,299249,299252,3,6
299243,299251,299252,1,8
299243,299251,299252,1,8
299243,299252,299253,1,9
299243,299251,299253,2,8
299243,299251,299253,2,8
299243,299250,299254,4,7
299243,299250,299254,4,7
299243,299250,299253,3,7
299243,299252,299253,1,9
299243,299253,299254,1,10
299243,299252,299253,1,9
299243,299253,299254,1,10
299243,299253,299254,1,10
299243,299252,299254,2,9
299243,299253,299254,1,10
299243,299253,299254,1,10
299243,299254,299255,1,11
299243,299253,299255,2,10
299243,299253,299255,2,10
299243,299253,299254,1,10
299243,299253,299254,1,10
299243,299254,299255,1,11
299243,299253,299254,1,10
299243,299253,299254,1,10
299243,299254,299255,1,11
299243,299254,299255,1,11
299243,299253,299255,2,10
299243,299250,299255,5,7
299243,299254,299255,1,11
299243,299254,299255,1,11
299243,299255,299256,1,12
299243,299254,299256,2,11
299243,299254,299255,1,11
299243,299250,299256,6,7
299243,299255,299256,1,12
299243,299251,299257,6,8
299243,299255,299256,1,12
299243,299255,299256,1,12
299243,299255,299256,1,12
299243,299251,299257,6,8
299243,299251,299260,9,8
299243,299250,299260,10,7
299268,299268,299269,1,0
299268,299268,299269,1,0
299268,299268,299269,1,0
299268,299268,299270,2,0
299268,299268,299270,2,0
299236,299236,299271,35,0
299268,299268,299272,4,0
299268,299268,299273,5,0
299268,299270,299273,3,2
299268,299268,299273,5,0
299268,299270,299273,3,2
299268,299268,299273,5,0
299268,299270,299273,3,2
299268,299268,299274,6,0
299268,299268,299274,6,0
299268,299268,299274,6,0
299268,299268,299274,6,0
299268,299268,299274,6,0
299268,299268,299275,7,0
299268,299271,299275,4,3
299268,299271,299276,5,3
299268,299268,299275,7,0
299268,299268,299275,7,0
299268,299268,299275,7,0
299268,299273,299276,3,5
299268,299268,299276,8,0
299268,299268,299277,9,0
299268,299274,299278,4,6
299268,299276,299277,1,8
299268,299276,299277,1,8
299268,299274,299277,3,6
299268,299276,299277,1,8
299268,299276,299278,2,8
299268,299268,299278,10,0
299268,299277,299278,1,9
299268,299275,299278,3,7
299268,299275,299278,3,7
299268,299275,299278,3,7
299268,299278,299279,1,10
299268,299274,299278,4,6
299268,299278,299279,1,10
299268,299278,299279,1,10
299268,299274,299278,4,6
299268,299274,299279,5,6
299268,299278,299279,1,10
299268,299268,299279,11,0
299268,299268,299279,11,0
299268,299276,299279,3,8
299268,299278,299280,2,10
299268,299268,299280,12,0
299268,299279,299280,1,11
299268,299279,299280,1,11
299268,299278,299279,1,10
299268,299278,299279,1,10
299268,299279,299280,1,11
299268,299279,299280,1,11
299268,299274,299280,6,6
299268,299275,299280,5,7
299268,299279,299281,2,11
299268,299275,299280,5,7
299268,299279,299280,1,11
299268,299279,299280,1,11
299268,299279,299280,1,11
299268,299279,299280,1,11
299268,299279,299280,1,11
299268,299280,299281,1,12
299268,299280,299281,1,12
299268,299279,299280,1,11
299268,299280,299281,1,12
299268,299280,299281,1,12
299268,299280,299281,1,12
299268,299279,299281,2,11
299268,299280,299281,1,12
299268,299276,299282,6,8
299268,299280,299281,1,12
299268,299280,299281,1,12
299268,299280,299281,1,12
299268,299280,299281,1,12
299268,299280,299281,1,12
299268,299276,299284,8,8
299291,299291,299292,1,0
299291,299291,299293,2,0
299291,299291,299293,2,0
299291,299291,299293,2,0
299291,299291,299293,2,0
299291,299291,299294,3,0
299291,299291,299296,5,0
299291,299293,299296,3,2
299291,299291,299297,6,0
299291,299292,299297,5,1
299291,299291,299297,6,0
299291,299294,299297,3,3
299291,299291,299297,6,0
299291,299292,299298,6,1
299291,299291,299298,7,0
299291,299292,299298,6,1
299291,299292,299298,6,1
299291,299291,299299,8,0
299291,299292,299299,7,1
299291,299294,299300,6,3
299291,299294,299299,5,3
299291,299291,299300,9,0
299291,299292,299300,8,1
299291,299291,299300,9,0
299291,299295,299300,5,4
299291,299297,299301,4,6
299291,299299,299301,2,8
299291,299291,299301,10,0
299291,299291,299301,10,0
299291,299300,299301,1,9
299291,299297,299301,4,6
299291,299298,299302,4,7
299291,299298,299301,3,7
299291,299299,299301,2,8
299291,299298,299301,3,7
299291,299292,299302,10,1
299291,299294,299302,8,3
299291,299291,299302,11,0
299291,299300,299302,2,9
299291,299298,299302,4,7
299291,299299,299302,3,8
299291,299301,299302,1,10
299291,299301,299302,1,10
299291,299301,299302,1,10
299291,299300,299303,3,9
299291,299301,299303,2,10
299291,299302,299303,1,11
299291,299300,299303,3,9
299291,299302,299303,1,11
299291,299299,299304,5,8
299291,299301,299303,2,10
299291,299298,299303,5,7
299291,299302,299303,1,11
299291,299302,299303,1,11
299291,299302,299303,1,11
299291,299302,299303,1,11
299291,299302,299303,1,11
299291,299302,299303,1,11
299291,299303,299304,1,12
299291,299303,299304,1,12
299291,299301,299304,3,10
299291,299303,299305,2,12
299291,299303,299305,2,12
299291,299303,299304,1,12
299291,299303,299304,1,12
299291,299304,299305,1,13
299291,299304,299305,1,13
299291,299303,299304,1,12
299291,299304,299306,2,13
299291,299304,299306,2,13
299291,299304,299305,1,13
299291,299303,299305,2,12
299291,299304,299305,1,13
299291,299304,299305,1,13
299291,299303,299305,2,12
299291,299304,299305,1,13
299291,299304,299306,2,13
299291,299304,299305,1,13
299291,299304,299305,1,13
299316,299316,299317,1,0
299316,299316,299317,1,0
299316,299316,299317,1,0
299316,299316,299317,1,0
299316,299316,299318,2,0
299316,299316,299320,4,0
299316,299317,299320,3,1
299316,299317,299321,4,1
299316,299316,299321,5,0
299316,299316,299322,6,0
299316,299316,299323,7,0
299316,299316,299322,6,0
299316,299316,299322,6,0
299316,299318,299322,4,2
299316,299316,299323,7,0
299316,299316,299323,7,0
299316,299316,299323,7,0
299316,299318,299325,7,2
299316,299316,299324,8,0
299316,299316,299325,9,0
299316,299316,299324,8,0
299316,299321,299325,4,5
299316,299322,299325,3,6
299316,299322,299325,3,6
299316,299323,299325,2,7
299316,299320,299325,5,4
299316,299316,299325,9,0
299316,299323,299325,2,7
299316,299323,299326,3,7
299316,299323,299326,3,7
299316,299321,299325,4,5
299316,299323,299326,3,7
299316,299325,299326,1,9
299316,299325,299326,1,9
299316,299325,299326,1,9
299316,299316,299326,10,0
299316,299325,299326,1,9
299316,299325,299326,1,9
299316,299325,299327,2,9
299316,299323,299326,3,7
299316,299325,299327,2,9
299316,299326,299327,1,10
299316,299325,299327,2,9
299316,299316,299328,12,0
299316,299323,299327,4,7
299316,299316,299327,11,0
299316,299319,299327,8,3
299316,299326,299328,2,10
299316,299325,299327,2,9
299316,299326,299328,2,10
299316,299326,299327,1,10
299316,299326,299328,2,10
299316,299326,299328,2,10
299316,299327,299328,1,11
299316,299326,299328,2,10
299316,299316,299329,13,0
299316,299327,299329,2,11
299316,299316,299329,13,0
299316,299327,299329,2,11
299316,299316,299328,12,0
299316,299327,299329,2,11
299316,299327,299329,2,11
299316,299327,299329,2,11
299316,299328,299329,1,12
299316,299327,299329,2,11
299316,299327,299329,2,11
299316,299327,299328,1,11
299316,299328,299329,1,12
299316,299328,299330,2,12
299316,299328,299330,2,12
299316,299328,299329,1,12
299316,299328,299330,2,12
299316,299327,299329,2,11
299316,299328,299330,2,12
299316,299328,299330,2,12
299316,299328,299329,1,12
299316,299328,299330,2,12
299316,299328,299330,2,12
299316,299329,299330,1,13
299340,299340,299341,1,0
299340,299340,299341,1,0
299340,299340,299341,1,0
299340,299340,299341,1,0
299340,299340,299341,1,0
299340,299342,299344,2,2
299340,299341,299344,3,1
299340,299340,299344,4,0
299340,299341,299344,3,1
299340,299342,299343,1,2
299340,299342,299343,1,2
299340,299340,299345,5,0
299340,299344,299346,2,4
299340,299340,299346,6,0
299340,299340,299345,5,0
299340,299344,299346,2,4
299340,299340,299346,6,0
299340,299340,299346,6,0
299340,299340,299346,6,0
299340,299340,299346,6,0
299340,299344,299346,2,4
299340,299340,299347,7,0
299340,299344,299346,2,4
299340,299340,299347,7,0
299340,299344,299346,2,4
299340,299344,299347,3,4
299340,299340,299348,8,0
299340,299340,299348,8,0
299340,299346,299348,2,6
299340,299340,299348,8,0
299340,299347,299348,1,7
299340,299347,299348,1,7
299340,299347,299349,2,7
299340,299347,299349,2,7
299340,299347,299349,2,7
299340,299348,299349,1,8
299340,299347,299349,2,7
299340,299346,299349,3,6
299340,299340,299349,9,0
299340,299348,299350,2,8
299340,299346,299350,4,6
299340,299346,299350,4,6
299340,299347,299350,3,7
299340,299347,299350,3,7
299340,299347,299350,3,7
299340,299340,299350,10,0
299340,299346,299350,4,6
299340,299348,299350,2,8
299340,299348,299350,2,8
299340,299348,299350,2,8
299340,299348,299350,2,8
299340,299347,299350,3,7
299340,299340,299351,11,0
299340,299349,299351,2,9
299340,299350,299351,1,10
299340,299350,299351,1,10
299340,299350,299351,1,10
299340,299349,299351,2,9
299340,299349,299351,2,9
299340,299349,299351,2,9
299340,299350,299351,1,10
299340,299349,299351,2,9
299340,299349,299351,2,9
299340,299350,299351,1,10
299340,299350,299352,2,10
299340,299350,299352,2,10
299340,299350,299352,2,10
299340,299350,299352,2,10
299340,299350,299352,2,10
299340,299351,299352,1,11
299340,299351,299352,1,11
299340,299351,299353,2,11
299340,299352,299353,1,12
299340,299340,299354,14,0
299340,299340,299355,15,0
299340,299340,299356,16,0
299364,299364,299365,1,0
299364,299364,299365,1,0
299364,299364,299365,1,0
299364,299364,299365,1,0
299364,299364,299366,2,0
299364,299365,299368,3,1
299364,299365,299368,3,1
299364,299364,299368,4,0
299364,299364,299369,5,0
299364,299364,299369,5,0
299364,299364,299370,6,0
299364,299364,299370,6,0
299364,299364,299370,6,0
299364,299364,299370,6,0
299364,299365,299370,5,1
299364,299364,299370,6,0
299364,299364,299369,5,0
299364,299366,299371,5,2
299364,299364,299371,7,0
299364,299364,299371,7,0
299364,299364,299372,8,0
299364,299368,299372,4,4
299364,299364,299372,8,0
299364,299368,299372,4,4
299364,299368,299373,5,4
299364,299369,299373,4,5
299364,299364,299373,9,0
299364,299366,299373,7,2
299364,299370,299374,4,6
299364,299372,299374,2,8
299364,299371,299374,3,7
299364,299372,299374,2,8
299364,299371,299374,3,7
299364,299371,299374,3,7
299364,299369,299375,6,5
299364,299374,299375,1,10
299364,299364,299375,11,0
299364,299370,299375,5,6
299364,299374,299375,1,10
299364,299373,299375,2,9
299364,299373,299375,2,9
299364,299373,299375,2,9
299364,299373,299375,2,9
299364,299373,299375,2,9
299364,299373,299375,2,9
299364,299371,299376,5,7
299364,299364,299376,12,0
299364,299375,299376,1,11
299364,299375,299376,1,11
299364,299376,299377,1,12
299364,299375,299376,1,11
299364,299375,299377,2,11
299364,299375,299376,1,11
299364,299375,299376,1,11
299364,299376,299377,1,12
299364,299376,299377,1,12
299364,299364,299377,13,0
299364,299364,299377,13,0
299364,299370,299377,7,6
299364,299370,299377,7,6
299364,299364,299377,13,0
299364,299376,299377,1,12
299364,299376,299377,1,12
299364,299376,299377,1,12
299364,299377,299378,1,13
299364,299377,299378,1,13
299364,299376,299378,2,12
299364,299376,299378,2,12
299364,299377,299378,1,13
299364,299376,299378,2,12
299364,299376,299378,2,12
299364,299376,299378,2,12
299364,299377,299378,1,13
299364,299377,299378,1,13
299364,299377,299378,1,13
299364,299377,299378,1,13
299364,299377,299378,1,13
299364,299377,299378,1,13
299364,299377,299378,1,13
299388,299388,299389,1,0
299388,299388,299389,1,0
299388,299388,299390,2,0
299388,299388,299390,2,0
299388,299388,299389,1,0
299388,299388,299391,3,0
299388,299388,299392,4,0
299388,299388,299394,6,0
299388,299388,299394,6,0
299388,299388,299393,5,0
299388,299390,299394,4,2
299388,299388,299394,6,0
299388,299388,299394,6,0
299388,299388,299394,6,0
299388,299388,299394,6,0
299388,299388,299395,7,0
299388,299389,299394,5,1
299388,299389,299395,6,1
299388,299388,299396,8,0
299388,299392,299396,4,4
299388,299391,299396,5,3
299388,299388,299397,9,0
299388,299388,299397,9,0
299388,299388,299396,8,0
299388,299388,299397,9,0
299388,299388,299396,8,0
299388,299388,299397,9,0
299388,299388,299398,10,0
299388,299394,299397,3,6
299388,299388,299398,10,0
299388,299390,299398,8,2
299388,299394,299398,4,6
299388,299395,299398,3,7
299388,299395,299398,3,7
299388,299395,299398,3,7
299388,299394,299398,4,6
299388,299395,299398,3,7
299388,299396,299399,3,8
299388,299395,299398,3,7
299388,299396,299398,2,8
299388,299390,299400,10,2
299388,299397,299399,2,9
299388,299398,299399,1,10
299388,299397,299399,2,9
299388,299395,299401,6,7
299388,299398,299400,2,10
299388,299398,299400,2,10
299388,299398,299400,2,10
299388,299399,299400,1,11
299388,299399,299400,1,11
299388,299399,299400,1,11
299388,299399,299400,1,11
299388,299399,299401,2,11
299388,299399,299400,1,11
299388,299399,299400,1,11
299388,299400,299401,1,12
299388,299399,299400,1,11
299388,299399,299400,1,11
299388,299400,299401,1,12
299388,299400,299401,1,12
299388,299397,299401,4,9
299388,299397,299401,4,9
299388,299399,299401,2,11
299388,299398,299401,3,10
299388,299399,299401,2,11
299388,299397,299401,4,9
299388,299400,299401,1,12
299388,299401,299402,1,13
299388,299401,299402,1,13
299388,299401,299402,1,13
299388,299401,299402,1,13
299388,299401,299402,1,13
299388,299397,299402,5,9
299388,299401,299402,1,13
299388,299401,299402,1,13
299388,299401,299402,1,13
299388,299401,299402,1,13
299388,299401,299402,1,13
299388,299401,299402,1,13
299412,299412,299413,1,0
299412,299412,299413,1,0
299412,299412,299413,1,0
299412,299412,299413,1,0
299412,299412,299413,1,0
299412,299412,299414,2,0
299412,299412,299417,5,0
299412,299412,299418,6,0
299412,299412,299417,5,0
299412,299413,299417,4,1
299412,299412,299418,6,0
299412,299412,299417,5,0
299412,299412,299418,6,0
299412,299414,299419,5,2
299412,299415,299418,3,3
299412,299412,299419,7,0
299412,299414,299418,4,2
299412,299412,299419,7,0
299412,299412,299418,6,0
299412,299412,299419,7,0
299412,299412,299419,7,0
299412,299412,299420,8,0
299412,299412,299420,8,0
299412,299412,299420,8,0
299412,299419,299421,2,7
299412,299417,299421,4,5
299412,299418,299422,4,6
299412,299418,299422,4,6
299412,299419,299422,3,7
299412,299419,299422,3,7
299412,299418,299422,4,6
299412,299418,299421,3,6
299412,299419,299422,3,7
299412,299412,299422,10,0
299412,299414,299422,8,2
299412,299412,299422,10,0
299412,299420,299422,2,8
299412,299419,299422,3,7
299412,299419,299422,3,7
299412,299421,299422,1,9
299412,299422,299423,1,10
299412,299422,299423,1,10
299412,299419,299422,3,7
299412,299421,299423,2,9
299412,299412,299423,11,0
299412,299420,299423,3,8
299412,299414,299424,10,2
299412,299422,299423,1,10
299412,299422,299424,2,10
299412,299422,299424,2,10
299412,299422,299424,2,10
299412,299422,299423,1,10
299412,299423,299424,1,11
299412,299421,299424,3,9
299412,299412,299425,13,0
299412,299421,299425,4,9
299412,299423,299424,1,11
299412,299423,299425,2,11
299412,299423,299425,2,11
299412,299424,299425,1,12
299412,299423,299424,1,11
299412,299423,299425,2,11
299412,299424,299425,1,12
299412,299424,299425,1,12
299412,299423,299425,2,11
299412,299423,299424,1,11
299412,299424,299425,1,12
299412,299418,299425,7,6
299412,299423,299425,2,11
299412,299424,299426,2,12
299412,299423,299425,2,11
299412,299423,299425,2,11
299412,299424,299425,1,12
299412,299420,299425,5,8
299412,299424,299425,1,12
299412,299424,299426,2,12
299412,299424,299425,1,12
299412,299425,299426,1,13
299412,299425,299426,1,13
299436,299437,299438,1,1
299436,299437,299438,1,1
299436,299437,299438,1,1
299436,299437,299438,1,1
299436,299437,299438,1,1
299436,299437,299439,2,1
299436,299437,299441,4,1
299436,299437,299441,4,1
299436,299437,299441,4,1
299436,299437,299442,5,1
299436,299437,299442,5,1
299436,299437,299442,5,1
299436,299437,299443,6,1
299436,299438,299443,5,2
299436,299437,299442,5,1
299436,299437,299444,7,1
299436,299437,299443,6,1
299436,299438,299443,5,2
299436,299437,299444,7,1
299436,299440,299444,4,4
299436,299437,299444,7,1
299436,299437,299444,7,1
299436,299439,299445,6,3
299436,299437,299445,8,1
299436,299442,299445,3,6
299436,299437,299446,9,1
299436,299439,299446,7,3
299436,299443,299446,3,7
299436,299444,299446,2,8
299436,299443,299447,4,7
299436,299444,299446,2,8
299436,299443,299446,3,7
299436,299444,299446,2,8
299436,299437,299447,10,1
299436,299437,299447,10,1
299436,299439,299447,8,3
299436,299442,299447,5,6
299436,299443,299447,4,7
299436,299447,299448,1,11
299436,299442,299447,5,6
299436,299445,299447,2,9
299436,299443,299448,5,7
299436,299446,299447,1,10
299436,299444,299448,4,8
299436,299437,299449,12,1
299436,299445,299448,3,9
299436,299447,299449,2,11
299436,299446,299448,2,10
299436,299447,299448,1,11
299436,299447,299449,2,11
299436,299448,299449,1,12
299436,299447,299448,1,11
299436,299447,299448,1,11
299436,299448,299449,1,12
299436,299447,299448,1,11
299436,299447,299449,2,11
299436,299444,299450,6,8
299436,299445,299449,4,9
299436,299448,299450,2,12
299436,299448,299449,1,12
299436,299448,299449,1,12
299436,299448,299450,2,12
299436,299449,299450,1,13
299436,299448,299449,1,12
299436,299448,299450,2,12
299436,299449,299450,1,13
299436,299448,299449,1,12
299436,299449,299450,1,13
299436,299449,299450,1,13
299436,299448,299450,2,12
299436,299443,299450,7,7
299436,299449,299451,2,13
299436,299449,299451,2,13
299436,299449,299450,1,13
299436,299449,299450,1,13
299436,299449,299450,1,13
299436,299449,299451,2,13
299436,299449,299451,2,13
299436,299449,299451,2,13
299461,299461,299462,1,0
299461,299461,299462,1,0
299461,299461,299462,1,0
299461,299461,299462,1,0
299461,299461,299464,3,0
299461,299461,299465,4,0
299461,299461,299466,5,0
299461,299461,299467,6,0
299461,299461,299467,6,0
299461,299461,299466,5,0
299461,299461,299466,5,0
299461,299461,299467,6,0
299461,299462,299468,6,1
299461,299461,299467,6,0
299461,299461,299468,7,0
299461,299462,299468,6,1
299461,299461,299468,7,0
299461,299461,299469,8,0
299461,299463,299468,5,2
299461,299461,299468,7,0
299461,299465,299469,4,4
299461,299461,299469,8,0
299461,299463,299470,7,2
299461,299467,299470,3,6
299461,299467,299470,3,6
299461,299466,299470,4,5
299461,299467,299470,3,6
299461,299461,299470,9,0
299461,299461,299471,10,0
299461,299468,299471,3,7
299461,299469,299471,2,8
299461,299469,299471,2,8
299461,299468,299471,3,7
299461,299468,299470,2,7
299461,299461,299471,10,0
299461,299470,299472,2,9
299461,299469,299471,2,8
299461,299469,299472,3,8
299461,299470,299471,1,9
299461,299470,299471,1,9
299461,299470,299471,1,9
299461,299470,299472,2,9
299461,299468,299471,3,7
299461,299471,299472,1,10
299461,299471,299473,2,10
299461,299471,299473,2,10
299461,299467,299473,6,6
299461,299467,299472,5,6
299461,299468,299473,5,7
299461,299469,299473,4,8
299461,299470,299473,3,9
299461,299471,299473,2,10
299461,299471,299473,2,10
299461,299471,299473,2,10
299461,299471,299472,1,10
299461,299472,299474,2,11
299461,299461,299474,13,0
299461,299472,299473,1,11
299461,299472,299473,1,11
299461,299472,299474,2,11
299461,299472,299474,2,11
299461,299472,299474,2,11
299461,299472,299474,2,11
299461,299472,299474,2,11
299461,299474,299475,1,13
299461,299472,299474,2,11
299461,299472,299474,2,11
299461,299474,299475,1,13
299461,299473,299475,2,12
299461,299473,299475,2,12
299461,299473,299475,2,12
299461,299473,299475,2,12
299461,299473,299475,2,12
299461,299473,299475,2,12
299461,299474,299475,1,13
299461,299461,299475,14,0
299461,299461,299476,15,0
299461,299473,299475,2,12
299485,299485,299486,1,0
299485,299485,299486,1,0
299485,299485,299486,1,0
299485,299485,299486,1,0
299485,299485,299487,2,0
299485,299485,299488,3,0
299485,299485,299488,3,0
299485,299485,299489,4,0
299485,299485,299488,3,0
299485,299485,299490,5,0
299485,299485,299490,5,0
299485,299487,299490,3,2
299485,299485,299490,5,0
299485,299486,299490,4,1
299485,299486,299489,3,1
299485,299485,299490,5,0
299485,299485,299490,5,0
299485,299485,299491,6,0
299485,299485,299492,7,0
299485,299489,299492,3,4
299485,299488,299493,5,3
299485,299490,299493,3,5
299485,299488,299493,5,3
299485,299490,299492,2,5
299485,299485,299493,8,0
299485,299485,299494,9,0
299485,299490,299494,4,5
299485,299491,299494,3,6
299485,299489,299494,5,4
299485,299490,299494,4,5
299485,299485,299494,9,0
299485,299491,299494,3,6
299485,299492,299494,2,7
299485,299487,299495,8,2
299485,299492,299495,3,7
299485,299490,299495,5,5
299485,299488,299495,7,3
299485,299493,299495,2,8
299485,299494,299496,2,9
299485,299493,299495,2,8
299485,299493,299496,3,8
299485,299494,299496,2,9
299485,299485,299496,11,0
299485,299491,299496,5,6
299485,299485,299496,11,0
299485,299494,299496,2,9
299485,299493,299496,3,8
299485,299494,299496,2,9
299485,299496,299497,1,11
299485,299494,299497,3,9
299485,299485,299497,12,0
299485,299495,299497,2,10
299485,299485,299496,11,0
299485,299496,299498,2,11
299485,299494,299497,3,9
299485,299494,299497,3,9
299485,299495,299497,2,10
299485,299495,299497,2,10
299485,299495,299497,2,10
299485,299497,299498,1,12
299485,299485,299497,12,0
299485,299490,299498,8,5
299485,299496,299498,2,11
299485,299495,299498,3,10
299485,299496,299498,2,11
299485,299497,299498,1,12
299485,299497,299498,1,12
299485,299497,299498,1,12
299485,299497,299498,1,12
299485,299498,299499,1,13
299485,299498,299499,1,13
299485,299496,299498,2,11
299485,299497,299498,1,12
299485,299498,299499,1,13
299485,299497,299498,1,12
299485,299497,299499,2,12
299485,299495,299499,4,10
299485,299498,299499,1,13
299485,299498,299499,1,13
299508,299508,299510,2,0
299508,299508,299509,1,0
299508,299508,299509,1,0
299508,299508,299509,1,0
299508,299508,299511,3,0
299508,299508,299511,3,0
299508,299508,299512,4,0
299508,299508,299512,4,0
299508,299508,299512,4,0
299508,299508,299513,5,0
299508,299508,299513,5,0
299508,299510,299513,3,2
299508,299510,299512,2,2
299508,299508,299514,6,0
299508,299508,299514,6,0
299508,299508,299514,6,0
299508,299510,299514,4,2
299508,299511,299514,3,3
299508,299512,299514,2,4
299508,299508,299515,7,0
299508,299508,299515,7,0
299508,299508,299515,7,0
299508,299511,299515,4,3
299508,299510,299516,6,2
299508,299513,299516,3,5
299508,299513,299516,3,5
299508,299508,299516,8,0
299508,299512,299516,4,4
299508,299515,299517,2,7
299508,299514,299517,3,6
299508,299515,299517,2,7
299508,299515,299517,2,7
299508,299513,299517,4,5
299508,299516,299518,2,8
299508,299513,299518,5,5
299508,299513,299518,5,5
299508,299515,299518,3,7
299508,299508,299518,10,0
299508,299514,299518,4,6
299508,299516,299518,2,8
299508,299508,299518,10,0
299508,299517,299519,2,9
299508,299508,299518,10,0
299508,299514,299519,5,6
299508,299517,299519,2,9
299508,299517,299519,2,9
299508,299517,299519,2,9
299508,299518,299519,1,10
299508,299517,299519,2,9
299508,299518,299519,1,10
299508,299519,299520,1,11
299508,299517,299519,2,9
299508,299517,299519,2,9
299508,299518,299519,1,10
299508,299518,299519,1,10
299508,299519,299520,1,11
299508,299519,299520,1,11
299508,299508,299520,12,0
299508,299519,299520,1,11
299508,299519,299520,1,11
299508,299519,299520,1,11
299508,299519,299520,1,11
299508,299519,299520,1,11
299508,299520,299521,1,12
299508,299518,299520,2,10
299508,299520,299521,1,12
299508,299520,299521,1,12
299508,299520,299521,1,12
299508,299520,299521,1,12
299508,299520,299521,1,12
299508,299519,299521,2,11
299508,299508,299521,13,0
299508,299520,299521,1,12
299508,299520,299521,1,12
299508,299520,299521,1,12
299508,299520,299521,1,12
299508,299520,299522,2,12
299508,299520,299522,2,12
299508,299508,299526,18,0
299535,299535,299536,1,0
299535,299535,299537,2,0
299535,299535,299537,2,0
299535,299535,299537,2,0
299535,299536,299538,2,1
299535,299535,299539,4,0
299535,299537,299539,2,2
299535,299538,299539,1,3
299535,299538,299540,2,3
299535,299536,299540,4,1
299535,299536,299542,6,1
299535,299536,299541,5,1
299535,299536,299541,5,1
299535,299536,299541,5,1
299535,299536,299541,5,1
299535,299539,299541,2,4
299535,299536,299542,6,1
299535,299538,299542,4,3
299535,299536,299543,7,1
299535,299540,299542,2,5
299535,299536,299542,6,1
299535,299540,299542,2,5
299535,299536,299543,7,1
299535,299539,299543,4,4
299535,299541,299544,3,6
299535,299541,299544,3,6
299535,299536,299544,8,1
299535,299536,299545,9,1
299535,299542,299544,2,7
299535,299536,299544,8,1
299535,299543,299545,2,8
299535,299542,299545,3,7
299535,299542,299545,3,7
299535,299543,299545,2,8
299535,299536,299546,10,1
299535,299542,299545,3,7
299535,299544,299545,1,9
299535,299545,299546,1,10
299535,299545,299546,1,10
299535,299545,299546,1,10
299535,299543,299545,2,8
299535,299544,299545,1,9
299535,299545,299546,1,10
299535,299543,299545,2,8
299535,299545,299546,1,10
299535,299545,299546,1,10
299535,299542,299546,4,7
299535,299535,299546,11,0
299535,299543,299546,3,8
299535,299544,299546,2,9
299535,299536,299546,10,1
299535,299546,299547,1,11
299535,299545,299546,1,10
299535,299545,299546,1,10
299535,299542,299548,6,7
299535,299543,299547,4,8
299535,299546,299547,1,11
299535,299546,299547,1,11
299535,299544,299547,3,9
299535,299546,299547,1,11
299535,299546,299547,1,11
299535,299546,299547,1,11
299535,299547,299548,1,12
299535,299546,299547,1,11
299535,299546,299547,1,11
299535,299546,299547,1,11
299535,299547,299548,1,12
299535,299546,299547,1,11
299535,299546,299547,1,11
299535,299546,299547,1,11
299535,299547,299548,1,12
299535,299547,299548,1,12
299535,299547,299548,1,12
299535,299547,299548,1,12
299535,299547,299548,1,12
299535,299547,299548,1,12
299535,299548,299549,1,13
299535,299536,299551,15,1
299535,299535,299552,17,0
299561,299561,299562,1,0
299561,299561,299562,1,0
299561,299561,299563,2,0
299561,299561,299563,2,0
299561,299561,299563,2,0
299561,299562,299566,4,1
299561,299561,299566,5,0
299561,299561,299566,5,0
299561,299561,299567,6,0
299561,299561,299567,6,0
299561,299561,299567,6,0
299561,299561,299567,6,0
299561,299561,299567,6,0
299561,299563,299567,4,2
299561,299561,299568,7,0
299561,299561,299568,7,0
299561,299563,299568,5,2
299561,299561,299569,8,0
299561,299564,299569,5,3
299561,299567,299569,2,6
299561,299561,299570,9,0
299561,299567,299570,3,6
299561,299561,299570,9,0
299561,299567,299570,3,6
299561,299568,299571,3,7
299561,299564,299571,7,3
299561,299568,299571,3,7
299561,299569,299571,2,8
299561,299568,299571,3,7
299561,299568,299572,4,7
299561,299569,299572,3,8
299561,299561,299572,11,0
299561,299561,299572,11,0
299561,299568,299572,4,7
299561,299561,299572,11,0
299561,299561,299573,12,0
299561,299561,299573,12,0
299561,299568,299573,5,7
299561,299572,299573,1,11
299561,299571,299573,2,10
299561,299572,299573,1,11
299561,299572,299573,1,11
299561,299571,299573,2,10
299561,299571,299574,3,10
299561,299572,299574,2,11
299561,299572,299573,1,11
299561,299570,299573,3,9
299561,299570,299573,3,9
299561,299572,299573,1,11
299561,299569,299574,5,8
299561,299573,299574,1,12
299561,299573,299574,1,12
299561,299561,299574,13,0
299561,299571,299575,4,10
299561,299574,299575,1,13
299561,299574,299575,1,13
299561,299573,299574,1,12
299561,299574,299575,1,13
299561,299574,299575,1,13
299561,299574,299575,1,13
299561,299574,299575,1,13
299561,299573,299575,2,12
299561,299572,299576,4,11
299561,299574,299575,1,13
299561,299574,299575,1,13
299561,299570,299576,6,9
299561,299574,299575,1,13
299561,299574,299575,1,13
299561,299574,299575,1,13
299561,299575,299576,1,14
299561,299575,299576,1,14
299561,299574,299575,1,13
299561,299574,299575,1,13
299561,299574,299575,1,13
299561,299575,299576,1,14
299561,299575,299576,1,14
299561,299575,299576,1,14
299561,299575,299576,1,14
299538,299538,299576,38,0
299561,299561,299581,20,0
299590,299590,299591,1,0
299590,299590,299591,1,0
299590,299590,299591,1,0
299590,299590,299591,1,0
299590,299590,299591,1,0
299590,299590,299595,5,0
299590,299590,299595,5,0
299590,299591,299596,5,1
299590,299590,299595,5,0
299590,299590,299595,5,0
299590,299590,299596,6,0
299590,299590,299597,7,0
299590,299590,299596,6,0
299590,299590,299596,6,0
299590,299590,299596,6,0
299590,299591,299597,6,1
299590,299592,299597,5,2
299590,299591,299597,6,1
299590,299590,299598,8,0
299590,299590,299598,8,0
299590,299597,299599,2,7
299590,299596,299599,3,6
299590,299590,299600,10,0
299590,299590,299600,10,0
299590,299590,299599,9,0
299590,299595,299600,5,5
299590,299596,299600,4,6
299590,299597,299600,3,7
299590,299590,299600,10,0
299590,299595,299600,5,5
299590,299597,299601,4,7
299590,299590,299601,11,0
299590,299597,299601,4,7
299590,299597,299601,4,7
299590,299597,299601,4,7
299590,299596,299602,6,6
299590,299599,299601,2,9
299590,299600,299602,2,10
299590,299597,299602,5,7
299590,299597,299602,5,7
299590,299601,299602,1,11
299590,299599,299602,3,9
299590,299600,299602,2,10
299590,299601,299602,1,11
299590,299590,299603,13,0
299590,299590,299602,12,0
299590,299600,299603,3,10
299590,299601,299603,2,11
299590,299592,299603,11,2
299590,299599,299603,4,9
299590,299601,299603,2,11
299590,299601,299603,2,11
299590,299600,299603,3,10
299590,299601,299603,2,11
299590,299603,299604,1,13
299590,299603,299604,1,13
299590,299602,299603,1,12
299590,299603,299604,1,13
299590,299600,299603,3,10
299590,299602,299604,2,12
299590,299598,299604,6,8
299590,299603,299604,1,13
299590,299603,299604,1,13
299590,299604,299605,1,14
299590,299603,299604,1,13
299590,299604,299605,1,14
299590,299603,299604,1,13
299590,299603,299604,1,13
299590,299603,299605,2,13
299590,299603,299605,2,13
299590,299603,299605,2,13
299590,299603,299605,2,13
299590,299604,299605,1,14
299590,299604,299605,1,14
299590,299604,299605,1,14
299590,299604,299605,1,14
299590,299604,299605,1,14
299590,299590,299611,21,0
299619,299619,299620,1,0
299619,299619,299620,1,0
299619,299619,299621,2,0
299619,299620,299621,1,1
299619,299619,299621,2,0
299619,299621,299624,3,2
299619,299619,299625,6,0
299619,299619,299625,6,0
299619,299622,299625,3,3
299619,299619,299626,7,0
299619,299619,299626,7,0
299619,299619,299626,7,0
299619,299619,299626,7,0
299619,299619,299626,7,0
299619,299622,299626,4,3
299619,299619,299626,7,0
299619,299619,299627,8,0
299619,299622,299627,5,3
299619,299619,299628,9,0
299619,299619,299628,9,0
299619,299620,299628,8,1
299619,299619,299629,10,0
299619,299620,299628,8,1
299619,299620,299629,9,1
299619,299620,299628,8,1
299619,299622,299628,6,3
299619,299625,299628,3,6
299619,299619,299629,10,0
299619,299626,299629,3,7
299619,299627,299629,2,8
299619,299627,299630,3,8
299619,299626,299630,4,7
299619,299629,299630,1,10
299619,299619,299630,11,0
299619,299619,299630,11,0
299619,299627,299630,3,8
299619,299628,299631,3,9
299619,299626,299630,4,7
299619,299627,299630,3,8
299619,299629,299632,3,10
299619,299629,299631,2,10
299619,299629,299631,2,10
299619,299629,299631,2,10
299619,299629,299631,2,10
299619,299629,299631,2,10
299619,299629,299631,2,10
299619,299627,299631,4,8
299619,299627,299631,4,8
299619,299630,299631,1,11
299619,299630,299632,2,11
299619,299630,299631,1,11
299619,299630,299632,2,11
299619,299630,299631,1,11
299619,299631,299632,1,12
299619,299631,299632,1,12
299619,299630,299632,2,11
299619,299632,299633,1,13
299619,299632,299633,1,13
299619,299629,299633,4,10
299619,299631,299632,1,12
299619,299631,299632,1,12
299619,299632,299633,1,13
299619,299631,299632,1,12
299619,299631,299633,2,12
299619,299632,299633,1,13
299619,299632,299633,1,13
299619,299632,299633,1,13
299619,299632,299633,1,13
299619,299627,299633,6,8
299619,299632,299633,1,13
299619,299632,299633,1,13
299619,299632,299633,1,13
299619,299632,299633,1,13
299619,299632,299633,1,13
299619,299632,299634,2,13
299619,299632,299633,1,13
299619,299628,299634,6,9
299619,299633,299634,1,14
299619,299633,299634,1,14
299644,299644,299645,1,0
299644,299644,299645,1,0
299644,299644,299645,1,0
299644,299644,299645,1,0
299644,299644,299646,2,0
299644,299644,299647,3,0
299644,299644,299649,5,0
299644,299645,299649,4,1
299644,299644,299649,5,0
299644,299645,299649,4,1
299644,299646,299650,4,2
299644,299644,299650,6,0
299644,299644,299650,6,0
299644,299645,299650,5,1
299644,299648,299651,3,4
299644,299644,299651,7,0
299644,299649,299650,1,5
299644,299644,299650,6,0
299644,299644,299651,7,0
299644,299644,299651,7,0
299644,299644,299651,7,0
299644,299649,299652,3,5
299644,299650,299652,2,6
299644,299650,299652,2,6
299644,299644,299653,9,0
299644,299646,299653,7,2
299644,299644,299652,8,0
299644,299650,299652,2,6
299644,299644,299653,9,0
299644,299644,299653,9,0
299644,299644,299653,9,0
299644,299651,299653,2,7
299644,299651,299654,3,7
299644,299644,299655,11,0
299644,299644,299654,10,0
299644,299652,299655,3,8
299644,299644,299654,10,0
299644,299651,299654,3,7
299644,299651,299654,3,7
299644,299651,299655,4,7
299644,299652,299654,2,8
299644,299653,299655,2,9
299644,299652,299654,2,8
299644,299652,299654,2,8
299644,299652,299654,2,8
299644,299654,299655,1,10
299644,299652,299656,4,8
299644,299654,299655,1,10
299644,299654,299655,1,10
299644,299653,299655,2,9
299644,299653,299655,2,9
299644,299654,299655,1,10
299644,299653,299655,2,9
299644,299651,299656,5,7
299644,299651,299655,4,7
299644,299654,299655,1,10
299644,299655,299656,1,11
299644,299655,299656,1,11
299644,299644,299656,12,0
299644,299655,299656,1,11
299644,299655,299657,2,11
299644,299655,299657,2,11
299644,299655,299657,2,11
299644,299655,299656,1,11
299644,299655,299657,2,11
299644,299655,299656,1,11
299644,299655,299656,1,11
299644,299655,299657,2,11
299644,299655,299656,1,11
299644,299656,299657,1,12
299644,299656,299657,1,12
299644,299656,299657,1,12
299644,299655,299658,3,11
299644,299656,299658,2,12
299644,299656,299657,1,12
299644,299656,299658,2,12
299644,299656,299658,2,12
299644,299656,299658,2,12
299644,299656,299658,2,12
299667,299667,299668,1,0
299667,299667,299669,2,0
299667,299667,299669,2,0
299667,299667,299669,2,0
299667,299667,299670,3,0
299667,299668,299672,4,1
299667,299668,299672,4,1
299667,299667,299672,5,0
299667,299668,299672,4,1
299667,299668,299673,5,1
299667,299668,299673,5,1
299667,299669,299673,4,2
299667,299668,299674,6,1
299667,299670,299674,4,3
299667,299673,299674,1,6
299667,299673,299675,2,6
299667,299670,299674,4,3
299667,299672,299674,2,5
299667,299668,299674,6,1
299667,299672,299674,2,5
299667,299668,299675,7,1
299667,299667,299675,8,0
299667,299673,299675,2,6
299667,299668,299675,7,1
299667,299674,299675,1,7
299667,299668,299676,8,1
299667,299668,299676,8,1
299667,299668,299676,8,1
299667,299675,299677,2,8
299667,299674,299676,2,7
299667,299675,299677,2,8
299667,299667,299677,10,0
299667,299668,299677,9,1
299667,299668,299677,9,1
299667,299675,299677,2,8
299667,299675,299678,3,8
299667,299676,299678,2,9
299667,299675,299677,2,8
299667,299676,299677,1,9
299667,299676,299678,2,9
299667,299675,299677,2,8
299667,299676,299678,2,9
299667,299668,299678,10,1
299667,299671,299678,7,4
299667,299670,299678,8,3
299667,299675,299678,3,8
299667,299678,299679,1,11
299667,299677,299678,1,10
299667,299677,299678,1,10
299667,299677,299678,1,10
299667,299678,299679,1,11
299667,299678,299679,1,11
299667,299668,299679,11,1
299667,299675,299679,4,8
299667,299677,299680,3,10
299667,299678,299679,1,11
299667,299678,299679,1,11
299667,299676,299679,3,9
299667,299677,299679,2,10
299667,299678,299679,1,11
299667,299678,299679,1,11
299667,299678,299679,1,11
299667,299679,299680,1,12
299667,299678,299679,1,11
299667,299678,299680,2,11
299667,299678,299679,1,11
299667,299679,299680,1,12
299667,299679,299680,1,12
299667,299679,299680,1,12
299667,299679,299680,1,12
299667,299679,299680,1,12
299667,299679,299680,1,12
299667,299679,299680,1,12
299667,299679,299680,1,12
299667,299679,299681,2,12
299667,299677,299681,4,10
299667,299680,299681,1,13
299667,299680,299682,2,13
299667,299680,299682,2,13
299692,299692,299693,1,0
299692,299692,299693,1,0
299692,299692,299693,1,0
299692,299692,299693,1,0
299692,299692,299694,2,0
299692,299692,299696,4,0
299692,299692,299695,3,0
299692,299692,299696,4,0
299692,299692,299696,4,0
299692,299692,299697,5,0
299692,299692,299697,5,0
299692,299694,299698,4,2
299692,299692,299698,6,0
299692,299692,299698,6,0
299692,299695,299699,4,3
299692,299693,299698,5,1
299692,299697,299699,2,5
299692,299694,299699,5,2
299692,299694,299700,6,2
299692,299696,299700,4,4
299692,299697,299699,2,5
299692,299692,299700,8,0
299692,299696,299699,3,4
299692,299697,299700,3,5
299692,299692,299700,8,0
299692,299692,299701,9,0
299692,299692,299701,9,0
299692,299698,299700,2,6
299692,299699,299701,2,7
299692,299699,299701,2,7
299692,299692,299702,10,0
299692,299692,299702,10,0
299692,299699,299702,3,7
299692,299700,299702,2,8
299692,299700,299702,2,8
299692,299700,299702,2,8
299692,299699,299702,3,7
299692,299699,299702,3,7
299692,299700,299702,2,8
299692,299701,299702,1,9
299692,299692,299702,10,0
299692,299692,299702,10,0
299692,299692,299703,11,0
299692,299696,299703,7,4
299692,299700,299703,3,8
299692,299702,299703,1,10
299692,299703,299704,1,11
299692,299703,299704,1,11
299692,299703,299704,1,11
299692,299703,299704,1,11
299692,299701,299703,2,9
299692,299702,299703,1,10
299692,299702,299704,2,10
299692,299692,299704,12,0
299692,299702,299704,2,10
299692,299701,299704,3,9
299692,299701,299704,3,9
299692,299701,299704,3,9
299692,299702,299704,2,10
299692,299703,299704,1,11
299692,299704,299705,1,12
299692,299704,299705,1,12
299692,299704,299705,1,12
299692,299703,299704,1,11
299692,299704,299705,1,12
299692,299704,299705,1,12
299692,299703,299704,1,11
299692,299704,299705,1,12
299692,299703,299705,2,11
299692,299703,299705,2,11
299692,299703,299705,2,11
299692,299703,299705,2,11
299692,299703,299705,2,11
299692,299704,299705,1,12
299692,299704,299705,1,12
299692,299704,299705,1,12
299692,299704,299706,2,12
299692,299692,299707,15,0
299716,299716,299717,1,0
299716,299716,299717,1,0
299716,299716,299718,2,0
299716,299716,299718,2,0
299716,299716,299717,1,0
299716,299716,299719,3,0
299716,299716,299720,4,0
299716,299716,299720,4,0
299716,299717,299720,3,1
299716,299716,299720,4,0
299716,299716,299721,5,0
299716,299716,299721,5,0
299716,299716,299721,5,0
299716,299716,299722,6,0
299716,299718,299721,3,2
299716,299718,299722,4,2
299716,299716,299722,6,0
299716,299716,299722,6,0
299716,299718,299723,5,2
299716,299720,299723,3,4
299716,299721,299722,1,5
299716,299720,299723,3,4
299716,299716,299723,7,0
299716,299716,299723,7,0
299716,299718,299724,6,2
299716,299716,299723,7,0
299716,299721,299723,2,5
299716,299722,299724,2,6
299716,299722,299724,2,6
299716,299722,299724,2,6
299716,299720,299723,3,4
299716,299722,299724,2,6
299716,299716,299725,9,0
299716,299716,299724,8,0
299716,299723,299725,2,7
299716,299723,299725,2,7
299716,299723,299725,2,7
299716,299724,299725,1,8
299716,299724,299725,1,8
299716,299720,299724,4,4
299716,299716,299725,9,0
299716,299716,299725,9,0
299716,299716,299726,10,0
299716,299722,299725,3,6
299716,299723,299725,2,7
299716,299723,299725,2,7
299716,299724,299726,2,8
299716,299724,299726,2,8
299716,299723,299726,3,7
299716,299724,299726,2,8
299716,299724,299726,2,8
299716,299725,299726,1,9
299716,299716,299727,11,0
299716,299724,299727,3,8
299716,299724,299727,3,8
299716,299725,299727,2,9
299716,299725,299727,2,9
299716,299724,299726,2,8
299716,299725,299727,2,9
299716,299726,299727,1,10
299716,299726,299727,1,10
299716,299726,299727,1,10
299716,299725,299726,1,9
299716,299725,299727,2,9
299716,299725,299727,2,9
299716,299725,299727,2,9
299716,299727,299728,1,11
299716,299726,299728,2,10
299716,299726,299728,2,10
299716,299724,299727,3,8
299716,299726,299728,2,10
299716,299726,299728,2,10
299716,299726,299728,2,10
299716,299727,299728,1,11
299716,299727,299728,1,11
299716,299727,299728,1,11
299716,299727,299728,1,11
299716,299727,299728,1,11
299716,299727,299729,2,11
299738,299738,299739,1,0
299738,299738,299740,2,0
299738,299738,299739,1,0
299738,299738,299740,2,0
299738,299738,299740,2,0
299738,299738,299741,3,0
299738,299738,299741,3,0
299738,299738,299742,4,0
299738,299738,299743,5,0
299738,299738,299743,5,0
299738,299738,299743,5,0
299738,299738,299743,5,0
299738,299741,299743,2,3
299738,299738,299744,6,0
299738,299740,299744,4,2
299738,299741,299744,3,3
299738,299740,299744,4,2
299738,299738,299744,6,0
299738,299738,299744,6,0
299738,299738,299745,7,0
299738,299741,299745,4,3
299738,299738,299745,7,0
299738,299738,299745,7,0
299738,299744,299745,1,6
299738,299739,299745,6,1
299738,299744,299745,1,6
299738,299744,299745,1,6
299738,299743,299746,3,5
299738,299745,299746,1,7
299738,299745,299746,1,7
299738,299745,299746,1,7
299738,299746,299747,1,8
299738,299738,299747,9,0
299738,299742,299746,4,4
299738,299745,299747,2,7
299738,299744,299747,3,6
299738,299744,299747,3,6
299738,299746,299747,1,8
299738,299746,299747,1,8
299738,299746,299747,1,8
299738,299746,299747,1,8
299738,299746,299747,1,8
299738,299747,299748,1,9
299738,299746,299747,1,8
299738,299746,299747,1,8
299738,299747,299748,1,9
299738,299743,299748,5,5
299738,299738,299748,10,0
299738,299747,299748,1,9
299738,299747,299748,1,9
299738,299748,299749,1,10
299738,299748,299749,1,10
299738,299747,299748,1,9
299738,299748,299749,1,10
299738,299748,299749,1,10
299738,299748,299749,1,10
299738,299740,299749,9,2
299738,299748,299749,1,10
299738,299738,299749,11,0
299738,299748,299749,1,10
299738,299748,299749,1,10
299738,299748,299749,1,10
299738,299748,299749,1,10
299738,299748,299749,1,10
299738,299748,299749,1,10
299738,299749,299750,1,11
299738,299748,299749,1,10
299738,299748,299749,1,10
299738,299749,299750,1,11
299738,299749,299750,1,11
299738,299749,299750,1,11
299738,299749,299750,1,11
299738,299738,299750,12,0
299738,299738,299750,12,0
299738,299749,299750,1,11
299738,299749,299750,1,11
299738,299749,299750,1,11
299738,299749,299750,1,11
299738,299738,299752,14,0
299760,299760,299761,1,0
299760,299760,299761,1,0
299760,299760,299762,2,0
299760,299760,299761,1,0
299760,299760,299762,2,0
299760,299760,299762,2,0
299760,299760,299764,4,0
299760,299760,299764,4,0
299760,299760,299763,3,0
299760,299760,299765,5,0
299760,299760,299765,5,0
299760,299760,299765,5,0
299760,299762,299764,2,2
299760,299761,299765,4,1
299760,299760,299766,6,0
299760,299762,299765,3,2
299760,299760,299766,6,0
299760,299762,299766,4,2
299760,299762,299766,4,2
299760,299762,299767,5,2
299760,299760,299768,8,0
299760,299760,299768,8,0
299760,299764,299768,4,4
299760,299765,299768,3,5
299760,299767,299768,1,7
299760,299760,299768,8,0
299760,299764,299768,4,4
299760,299765,299768,3,5
299760,299767,299768,1,7
299760,299767,299768,1,7
299760,299760,299769,9,0
299760,299767,299769,2,7
299760,299760,299769,9,0
299760,299765,299769,4,5
299760,299765,299769,4,5
299760,299766,299769,3,6
299760,299769,299770,1,9
299760,299769,299770,1,9
299760,299769,299770,1,9
299760,299760,299769,9,0
299760,299768,299770,2,8
299760,299764,299770,6,4
299760,299768,299770,2,8
299760,299760,299769,9,0
299760,299769,299770,1,9
299760,299769,299771,2,9
299760,299770,299771,1,10
299760,299769,299770,1,9
299760,299769,299770,1,9
299760,299770,299771,1,10
299760,299770,299771,1,10
299760,299770,299771,1,10
299760,299760,299771,11,0
299760,299769,299771,2,9
299760,299770,299771,1,10
299760,299770,299771,1,10
299760,299769,299771,2,9
299760,299771,299772,1,11
299760,299771,299772,1,11
299760,299769,299771,2,9
299760,299771,299772,1,11
299760,299771,299772,1,11
299760,299770,299771,1,10
299760,299770,299771,1,10
299760,299771,299772,1,11
299760,299770,299772,2,10
299760,299771,299772,1,11
299760,299771,299772,1,11
299760,299771,299772,1,11
299760,299771,299772,1,11
299760,299771,299772,1,11
299760,299771,299772,1,11
299760,299771,299772,1,11
299760,299765,299773,8,5
299760,299772,299773,1,12
299760,299772,299773,1,12
299760,299760,299774,14,0
299760,299760,299776,16,0
299785,299785,299786,1,0
299785,299785,299786,1,0
299785,299785,299786,1,0
299785,299785,299786,1,0
299785,299785,299787,2,0
299785,299785,299787,2,0
299785,299785,299789,4,0
299785,299785,299789,4,0
299785,299785,299789,4,0
299785,299785,299788,3,0
299785,299785,299788,3,0
299785,299785,299789,4,0
299785,299785,299790,5,0
299785,299787,299789,2,2
299785,299786,299789,3,1
299785,299787,299790,3,2
299785,299785,299790,5,0
299785,299785,299792,7,0
299785,299785,299792,7,0
299785,299785,299792,7,0
299785,299785,299792,7,0
299785,299788,299792,4,3
299785,299790,299792,2,5
299785,299790,299792,2,5
299785,299790,299791,1,5
299785,299785,299793,8,0
299785,299790,299793,3,5
299785,299789,299792,3,4
299785,299792,299793,1,7
299785,299789,299793,4,4
299785,299791,299793,2,6
299785,299785,299793,8,0
299785,299785,299793,8,0
299785,299787,299794,7,2
299785,299792,299794,2,7
299785,299792,299794,2,7
299785,299789,299793,4,4
299785,299792,299793,1,7
299785,299792,299793,1,7
299785,299790,299794,4,5
299785,299792,299794,2,7
299785,299793,299794,1,8
299785,299789,299793,4,4
299785,299792,299793,1,7
299785,299793,299794,1,8
299785,299792,299795,3,7
299785,299793,299795,2,8
299785,299794,299795,1,9
299785,299794,299795,1,9
299785,299793,299795,2,8
299785,299793,299794,1,8
299785,299794,299795,1,9
299785,299794,299795,1,9
299785,299794,299795,1,9
299785,299785,299796,11,0
299785,299785,299795,10,0
299785,299793,299795,2,8
299785,299788,299795,7,3
299785,299794,299796,2,9
299785,299794,299796,2,9
299785,299794,299795,1,9
299785,299794,299796,2,9
299785,299794,299795,1,9
299785,299794,299795,1,9
299785,299794,299796,2,9
299785,299794,299796,2,9
299785,299796,299797,1,11
299785,299796,299797,1,11
299785,299794,299796,2,9
299785,299785,299796,11,0
299785,299789,299797,8,4
299785,299795,299797,2,10
299785,299795,299797,2,10
299785,299795,299797,2,10
299785,299795,299796,1,10
299785,299796,299797,1,11
299806,299806,299807,1,0
299806,299806,299807,1,0
299806,299806,299807,1,0
299806,299806,299807,1,0
299806,299806,299809,3,0
299806,299807,299809,2,1
299806,299806,299810,4,0
299806,299806,299810,4,0
299806,299806,299811,5,0
299806,299806,299811,5,0
299806,299806,299811,5,0
299806,299806,299812,6,0
299806,299808,299811,3,2
299806,299806,299812,6,0
299806,299808,299812,4,2
299806,299806,299812,6,0
299806,299806,299812,6,0
299806,299806,299813,7,0
299806,299806,299812,6,0
299806,299806,299813,7,0
299806,299806,299814,8,0
299806,299806,299814,8,0
299806,299806,299813,7,0
299806,299809,299814,5,3
299806,299812,299814,2,6
299806,299806,299815,9,0
299806,299811,299815,4,5
299806,299812,299815,3,6
299806,299811,299816,5,5
299806,299810,299815,5,4
299806,299812,299815,3,6
299806,299811,299816,5,5
299806,299813,299816,3,7
299806,299813,299816,3,7
299806,299815,299816,1,9
299806,299815,299817,2,9
299806,299814,299816,2,8
299806,299816,299817,1,10
299806,299812,299817,5,6
299806,299806,299817,11,0
299806,299810,299817,7,4
299806,299806,299817,11,0
299806,299815,299817,2,9
299806,299816,299817,1,10
299806,299817,299818,1,11
299806,299816,299817,1,10
299806,299817,299818,1,11
299806,299817,299818,1,11
299806,299816,299817,1,10
299806,299816,299817,1,10
299806,299817,299818,1,11
299806,299814,299818,4,8
299806,299817,299818,1,11
299806,299818,299819,1,12
299806,299818,299819,1,12
299806,299818,299819,1,12
299806,299817,299818,1,11
299806,299818,299819,1,12
299806,299818,299819,1,12
299806,299817,299818,1,11
299806,299818,299819,1,12
299806,299809,299819,10,3
299806,299814,299819,5,8
299806,299818,299819,1,12
299806,299808,299819,11,2
299806,299813,299819,6,7
299806,299818,299819,1,12
299806,299818,299819,1,12
299806,299813,299819,6,7
299806,299818,299819,1,12
299806,299818,299819,1,12
299806,299818,299819,1,12
299806,299818,299819,1,12
299806,299818,299819,1,12
299806,299819,299820,1,13
299806,299806,299827,21,0
299835,299835,299836,1,0
299835,299835,299836,1,0
299835,299835,299836,1,0
299835,299835,299836,1,0
299835,299835,299837,2,0
299835,299835,299840,5,0
299835,299835,299840,5,0
299835,299836,299841,5,1
299835,299835,299841,6,0
299835,299835,299842,7,0
299835,299836,299841,5,1
299835,299835,299842,7,0
299835,299835,299842,7,0
299835,299835,299842,7,0
299835,299835,299843,8,0
299835,299835,299843,8,0
299835,299840,299843,3,5
299835,299835,299843,8,0
299835,299835,299843,8,0
299835,299840,299842,2,5
299835,299835,299842,7,0
299835,299837,299842,5,2
299835,299835,299843,8,0
299835,299841,299843,2,6
299835,299835,299844,9,0
299835,299838,299844,6,3
299835,299835,299845,10,0
299835,299842,299845,3,7
299835,299842,299845,3,7
299835,299843,299845,2,8
299835,299843,299845,2,8
299835,299835,299845,10,0
299835,299842,299845,3,7
299835,299843,299845,2,8
299835,299843,299845,2,8
299835,299843,299845,2,8
299835,299842,299845,3,7
299835,299843,299845,2,8
299835,299844,299846,2,9
299835,299844,299846,2,9
299835,299842,299846,4,7
299835,299843,299845,2,8
299835,299845,299846,1,10
299835,299845,299846,1,10
299835,299835,299846,11,0
299835,299837,299847,10,2
299835,299845,299847,2,10
299835,299845,299846,1,10
299835,299845,299846,1,10
299835,299845,299847,2,10
299835,299846,299847,1,11
299835,299845,299846,1,10
299835,299845,299847,2,10
299835,299845,299846,1,10
299835,299845,299847,2,10
299835,299845,299847,2,10
299835,299846,299847,1,11
299835,299842,299848,6,7
299835,299843,299848,5,8
299835,299845,299848,3,10
299835,299846,299848,2,11
299835,299846,299848,2,11
299835,299846,299848,2,11
299835,299847,299848,1,12
299835,299847,299848,1,12
299835,299843,299849,6,8
299835,299846,299849,3,11
299835,299847,299849,2,12
299835,299847,299849,2,12
299835,299847,299848,1,12
299835,299847,299849,2,12
299835,299847,299849,2,12
299835,299848,299849,1,13
299835,299835,299849,14,0
299835,299843,299849,6,8
299835,299835,299849,14,0
299859,299859,299860,1,0
299859,299859,299860,1,0
299859,299859,299860,1,0
299859,299859,299860,1,0
299859,299859,299860,1,0
299859,299859,299862,3,0
299859,299859,299863,4,0
299859,299860,299863,3,1
299859,299860,299863,3,1
299859,299861,299863,2,2
299859,299859,299864,5,0
299859,299861,299864,3,2
299859,299861,299864,3,2
299859,299859,299866,7,0
299859,299859,299865,6,0
299859,299864,299866,2,5
299859,299859,299865,6,0
299859,299863,299865,2,4
299859,299859,299865,6,0
299859,299865,299867,2,6
299859,299859,299866,7,0
299859,299864,299866,2,5
299859,299865,299867,2,6
299859,299859,299866,7,0
299859,299864,299867,3,5
299859,299864,299866,2,5
299859,299865,299867,2,6
299859,299859,299867,8,0
299859,299859,299867,8,0
299859,299859,299867,8,0
299859,299866,299868,2,7
299859,299859,299868,9,0
299859,299859,299868,9,0
299859,299866,299869,3,7
299859,299859,299869,10,0
299859,299866,299869,3,7
299859,299866,299868,2,7
299859,299867,299869,2,8
299859,299866,299868,2,7
299859,299867,299869,2,8
299859,299866,299868,2,7
299859,299867,299869,2,8
299859,299867,299869,2,8
299859,299867,299869,2,8
299859,299868,299869,1,9
299859,299859,299870,11,0
299859,299868,299869,1,9
299859,299868,299869,1,9
299859,299867,299870,3,8
299859,299868,299870,2,9
299859,299868,299869,1,9
299859,299859,299871,12,0
299859,299867,299870,3,8
299859,299869,299871,2,10
299859,299869,299871,2,10
299859,299869,299871,2,10
299859,299870,299871,1,11
299859,299869,299871,2,10
299859,299869,299871,2,10
299859,299869,299871,2,10
299859,299869,299871,2,10
299859,299869,299871,2,10
299859,299869,299871,2,10
299859,299859,299872,13,0
299859,299869,299872,3,10
299859,299870,299871,1,11
299859,299869,299871,2,10
299859,299869,299871,2,10
299859,299870,299871,1,11
299859,299870,299871,1,11
299859,299859,299871,12,0
299859,299869,299871,2,10
299859,299870,299871,1,11
299859,299870,299871,1,11
299859,299870,299871,1,11
299859,299871,299872,1,12
299859,299871,299872,1,12
299859,299871,299872,1,12
299859,299871,299873,2,12
299882,299882,299883,1,0
299882,299882,299883,1,0
299882,299882,299884,2,0
299882,299882,299884,2,0
299882,299882,299884,2,0
299882,299885,299887,2,3
299882,299882,299887,5,0
299882,299884,299887,3,2
299882,299883,299887,4,1
299882,299885,299887,2,3
299882,299882,299888,6,0
299882,299882,299888,6,0
299882,299882,299888,6,0
299882,299882,299889,7,0
299882,299882,299889,7,0
299882,299882,299889,7,0
299882,299882,299890,8,0
299882,299888,299890,2,6
299882,299889,299891,2,7
299882,299882,299890,8,0
299882,299888,299890,2,6
299882,299890,299891,1,8
299882,299890,299891,1,8
299882,299882,299891,9,0
299882,299889,299892,3,7
299882,299888,299891,3,6
299882,299890,299891,1,8
299882,299882,299892,10,0
299882,299885,299892,7,3
299882,299891,299892,1,9
299882,299891,299893,2,9
299882,299888,299892,4,6
299882,299892,299893,1,10
299882,299888,299892,4,6
299882,299882,299893,11,0
299882,299882,299893,11,0
299882,299882,299893,11,0
299882,299891,299893,2,9
299882,299892,299893,1,10
299882,299892,299893,1,10
299882,299891,299893,2,9
299882,299891,299893,2,9
299882,299892,299893,1,10
299882,299882,299894,12,0
299882,299892,299894,2,10
299882,299893,299894,1,11
299882,299889,299895,6,7
299882,299893,299895,2,11
299882,299893,299894,1,11
299882,299893,299895,2,11
299882,299893,299894,1,11
299882,299893,299894,1,11
299882,299893,299894,1,11
299882,299892,299895,3,10
299882,299882,299895,13,0
299882,299894,299896,2,12
299882,299894,299896,2,12
299882,299895,299896,1,13
299882,299894,299895,1,12
299882,299894,299895,1,12
299882,299894,299896,2,12
299882,299894,299896,2,12
299882,299894,299895,1,12
299882,299895,299896,1,13
299882,299894,299896,2,12
299882,299894,299896,2,12
299882,299895,299896,1,13
299882,299895,299896,1,13
299882,299895,299896,1,13
299882,299895,299898,3,13
299882,299896,299897,1,14
299882,299895,299897,2,13
299882,299895,299897,2,13
299882,299895,299897,2,13
299882,299895,299898,3,13
299882,299896,299897,1,14
299882,299882,299899,17,0
299882,299882,299899,17,0
299882,299882,299901,19,0
299911,299911,299912,1,0
299911,299911,299912,1,0
299911,299911,299913,2,0
299911,299911,299913,2,0
299911,299911,299914,3,0
299911,299911,299914,3,0
299911,299911,299915,4,0
299911,299911,299915,4,0
299911,299911,299915,4,0
299911,299911,299916,5,0
299911,299911,299916,5,0
299911,299913,299916,3,2
299911,299911,299917,6,0
299911,299912,299917,5,1
299911,299912,299917,5,1
299911,299911,299917,6,0
299911,299911,299918,7,0
299911,299911,299918,7,0
299911,299914,299918,4,3
299911,299911,299919,8,0
299911,299911,299919,8,0
299911,299913,299919,6,2
299911,299911,299919,8,0
299911,299915,299919,4,4
299911,299918,299919,1,7
299911,299911,299919,8,0
299911,299915,299919,4,4
299911,299918,299919,1,7
299911,299911,299919,8,0
299911,299911,299920,9,0
299911,299918,299920,2,7
299911,299917,299920,3,6
299911,299920,299921,1,9
299911,299920,299921,1,9
299911,299916,299920,4,5
299911,299920,299921,1,9
299911,299917,299920,3,6
299911,299919,299920,1,8
299911,299919,299920,1,8
299911,299914,299921,7,3
299911,299911,299921,10,0
299911,299918,299921,3,7
299911,299920,299922,2,9
299911,299920,299921,1,9
299911,299920,299922,2,9
299911,299920,299922,2,9
299911,299915,299922,7,4
299911,299919,299923,4,8
299911,299920,299922,2,9
299911,299920,299922,2,9
299911,299921,299923,2,10
299911,299921,299923,2,10
299911,299921,299922,1,10
299911,299921,299923,2,10
299911,299921,299923,2,10
299911,299921,299922,1,10
299911,299916,299923,7,5
299911,299921,299923,2,10
299911,299911,299923,12,0
299911,299921,299923,2,10
299911,299921,299923,2,10
299911,299923,299924,1,12
299911,299921,299923,2,10
299911,299923,299924,1,12
299911,299922,299923,1,11
299911,299923,299924,1,12
299911,299923,299924,1,12
299911,299923,299924,1,12
299911,299922,299924,2,11
299911,299923,299924,1,12
299911,299922,299924,2,11
299911,299923,299924,1,12
299911,299922,299924,2,11
299911,299923,299924,1,12
299911,299911,299925,14,0
299911,299922,299925,3,11
299911,299922,299925,3,11
299911,299923,299925,2,12
299911,299923,299926,3,12
299936,299936,299937,1,0
299936,299936,299937,1,0
299936,299936,299937,1,0
299936,299936,299937,1,0
299936,299936,299938,2,0
299936,299936,299940,4,0
299936,299936,299941,5,0
299936,299937,299940,3,1
299936,299937,299940,3,1
299936,299936,299942,6,0
299936,299936,299942,6,0
299936,299936,299941,5,0
299936,299936,299942,6,0
299936,299936,299943,7,0
299936,299938,299942,4,2
299936,299940,299943,3,4
299936,299936,299943,7,0
299936,299936,299944,8,0
299936,299936,299943,7,0
299936,299936,299944,8,0
299936,299936,299944,8,0
299936,299939,299944,5,3
299936,299936,299945,9,0
299936,299936,299945,9,0
299936,299941,299945,4,5
299936,299943,299945,2,7
299936,299943,299945,2,7
299936,299943,299945,2,7
299936,299941,299944,3,5
299936,299943,299945,2,7
299936,299941,299945,4,5
299936,299943,299945,2,7
299936,299936,299945,9,0
299936,299944,299946,2,8
299936,299944,299946,2,8
299936,299942,299946,4,6
299936,299944,299946,2,8
299936,299944,299946,2,8
299936,299936,299946,10,0
299936,299945,299947,2,9
299936,299936,299947,11,0
299936,299945,299946,1,9
299936,299945,299947,2,9
299936,299945,299947,2,9
299936,299945,299947,2,9
299936,299945,299947,2,9
299936,299938,299948,10,2
299936,299942,299948,6,6
299936,299944,299947,3,8
299936,299945,299948,3,9
299936,299945,299948,3,9
299936,299947,299948,1,11
299936,299945,299948,3,9
299936,299946,299948,2,10
299936,299947,299948,1,11
299936,299947,299948,1,11
299936,299947,299948,1,11
299936,299948,299949,1,12
299936,299948,299949,1,12
299936,299948,299949,1,12
299936,299947,299949,2,11
299936,299949,299950,1,13
299936,299949,299950,1,13
299936,299949,299950,1,13
299936,299947,299949,2,11
299936,299946,299950,4,10
299936,299948,299950,2,12
299936,299948,299950,2,12
299936,299947,299950,3,11
299936,299948,299950,2,12
299936,299949,299950,1,13
299936,299949,299950,1,13
299936,299949,299950,1,13
299936,299949,299950,1,13
299936,299947,299951,4,11
299936,299936,299951,15,0
299936,299947,299951,4,11
299936,299936,299952,16,0
299936,299942,299952,10,6
299961,299961,299962,1,0
299961,299961,299962,1,0
299961,299961,299963,2,0
299961,299961,299962,1,0
299961,299961,299962,1,0
299961,299961,299967,6,0
299961,299961,299966,5,0
299961,299961,299966,5,0
299961,299963,299967,4,2
299961,299961,299966,5,0
299961,299961,299966,5,0
299961,299962,299966,4,1
299961,299961,299966,5,0
299961,299963,299967,4,2
299961,299963,299967,4,2
299961,299961,299968,7,0
299961,299961,299969,8,0
299961,299961,299969,8,0
299961,299961,299969,8,0
299961,299967,299969,2,6
299961,299967,299969,2,6
299961,299961,299970,9,0
299961,299963,299969,6,2
299961,299967,299970,3,6
299961,299967,299970,3,6
299961,299967,299970,3,6
299961,299967,299969,2,6
299961,299967,299970,3,6
299961,299961,299970,9,0
299961,299961,299970,9,0
299961,299961,299971,10,0
299961,299967,299971,4,6
299961,299967,299970,3,6
299961,299968,299971,3,7
299961,299969,299971,2,8
299961,299969,299971,2,8
299961,299961,299972,11,0
299961,299970,299972,2,9
299961,299967,299972,5,6
299961,299970,299971,1,9
299961,299970,299972,2,9
299961,299970,299971,1,9
299961,299970,299972,2,9
299961,299961,299972,11,0
299961,299971,299973,2,10
299961,299971,299973,2,10
299961,299971,299973,2,10
299961,299971,299973,2,10
299961,299971,299974,3,10
299961,299961,299973,12,0
299961,299969,299973,4,8
299961,299969,299973,4,8
299961,299970,299974,4,9
299961,299970,299974,4,9
299961,299971,299974,3,10
299961,299972,299974,2,11
299961,299971,299974,3,10
299961,299972,299974,2,11
299961,299972,299974,2,11
299961,299973,299974,1,12
299961,299973,299974,1,12
299961,299974,299975,1,13
299961,299961,299975,14,0
299961,299972,299974,2,11
299961,299971,299975,4,10
299961,299973,299975,2,12
299961,299973,299975,2,12
299961,299972,299975,3,11
299961,299974,299975,1,13
299961,299969,299976,7,8
299961,299973,299975,2,12
299961,299974,299975,1,13
299961,299974,299976,2,13
299961,299974,299976,2,13
299961,299974,299976,2,13
299961,299974,299976,2,13
299961,299974,299976,2,13
299961,299961,299979,18,0
299988,299988,299989,1,0
299988,299988,299989,1,0
299988,299988,299989,1,0
299988,299988,299989,1,0
299988,299988,299990,2,0
299988,299988,299992,4,0
299988,299988,299993,5,0
299988,299988,299993,5,0
299988,299990,299994,4,2
299988,299988,299993,5,0
299988,299988,299994,6,0
299988,299989,299994,5,1
299988,299988,299994,6,0
299988,299988,299994,6,0
299988,299990,299995,5,2
299988,299988,299996,8,0
299988,299990,299995,5,2
299988,299990,299995,5,2
299988,299988,299995,7,0
299988,299993,299996,3,5
299988,299994,299996,2,6
299988,299988,299995,7,0
299988,299993,299995,2,5
299988,299994,299995,1,6
299988,299994,299995,1,6
299988,299994,299995,1,6
299988,299988,299997,9,0
299988,299994,299996,2,6
299988,299988,299997,9,0
299988,299988,299997,9,0
299988,299996,299998,2,8
299988,299996,299998,2,8
299988,299996,299998,2,8
299988,299995,299997,2,7
299988,299996,299998,2,8
299988,299995,299998,3,7
299988,299995,299998,3,7
299988,299996,299997,1,8
299988,299988,299998,10,0
299988,299988,299998,10,0
299988,299988,299998,10,0
299988,299997,299999,2,9
299988,299997,299999,2,9
299988,299996,299998,2,8
299988,299996,299998,2,8
299988,299996,299998,2,8
299988,299998,300000,2,10
299988,299998,300000,2,10
299988,299998,300000,2,10
299988,299998,300000,2,10
299988,299988,300000,12,0
299988,299999,300001,2,11
299988,299998,300001,3,10
299988,299996,300001,5,8
299988,299998,300001,3,10
299988,299998,300001,3,10
299988,299999,300001,2,11
299988,299998,300001,3,10
299988,299999,300001,2,11
299988,299999,300001,2,11
299988,299998,300001,3,10
299988,299999,300001,2,11
299988,299988,300001,13,0
299988,299996,300002,6,8
299988,299996,300002,6,8
299988,299999,300002,3,11
299988,300000,300002,2,12
299988,300000,300002,2,12
299988,300001,300002,1,13
299988,300001,300002,1,13
299988,299999,300002,3,11
299988,299999,300002,3,11
299988,300001,300003,2,13
299988,300001,300003,2,13
299988,299998,300003,5,10
299988,300001,300002,1,13
299988,299988,300003,15,0
299988,300001,300002,1,13
300012,300013,300014,1,1
300012,300013,300014,1,1
300012,300013,300014,1,1
300012,300013,300014,1,1
300012,300012,300014,2,0
300012,300013,300018,5,1
300012,300013,300018,5,1
300012,300013,300018,5,1
300012,300014,300018,4,2
300012,300015,300018,3,3
300012,300013,300019,6,1
300012,300015,300019,4,3
300012,300013,300019,6,1
300012,300013,300020,7,1
300012,300015,300020,5,3
300012,300013,300020,7,1
300012,300013,300021,8,1
300012,300013,300021,8,1
300012,300013,300022,9,1
300012,300019,300022,3,7
300012,300019,300022,3,7
300012,300020,300022,2,8
300012,300020,300022,2,8
300012,300019,300022,3,7
300012,300020,300021,1,8
300012,300013,300022,9,1
300012,300013,300023,10,1
300012,300013,300022,9,1
300012,300013,300022,9,1
300012,300013,300022,9,1
300012,300019,300023,4,7
300012,300021,300024,3,9
300012,300021,300024,3,9
300012,300022,300024,2,10
300012,300013,300024,11,1
300012,300022,300024,2,10
300012,300022,300024,2,10
300012,300022,300024,2,10
300012,300021,300023,2,9
300012,300022,300024,2,10
300012,300022,300023,1,10
300012,300023,300024,1,11
300012,300013,300025,12,1
300012,300015,300024,9,3
300012,300023,300025,2,11
300012,300013,300024,11,1
300012,300022,300024,2,10
300012,300023,300024,1,11
300012,300019,300024,5,7
300012,300023,300024,1,11
300012,300022,300025,3,10
300012,300023,300025,2,11
300012,300022,300025,3,10
300012,300023,300026,3,11
300012,300024,300026,2,12
300012,300024,300026,2,12
300012,300024,300026,2,12
300012,300024,300026,2,12
300012,300024,300026,2,12
300012,300024,300026,2,12
300012,300024,300026,2,12
300012,300024,300025,1,12
300012,300025,300026,1,13
300012,300025,300027,2,13
300012,300025,300026,1,13
300012,300025,300026,1,13
300012,300025,300027,2,13
300012,300025,300026,1,13
300012,300025,300026,1,13
300012,300024,300026,2,12
300012,300025,300026,1,13
300012,300026,300027,1,14
300012,300024,300026,2,12
300012,300026,300027,1,14
300012,300026,300027,1,14
300012,300025,300027,2,13
300012,300026,300027,1,14
300012,300026,300028,2,14
300012,300013,300034,21,1
300043,300043,300044,1,0
300043,300043,300044,1,0
300043,300043,300044,1,0
300043,300043,300044,1,0
300043,300043,300044,1,0
300043,300043,300048,5,0
300043,300043,300048,5,0
300043,300044,300048,4,1
300043,300043,300049,6,0
300043,300043,300048,5,0
300043,300045,300049,4,2
300043,300043,300050,7,0
300043,300043,300049,6,0
300043,300045,300049,4,2
300043,300045,300049,4,2
300043,300043,300049,6,0
300043,300043,300051,8,0
300043,300045,300051,6,2
300043,300050,300051,1,7
300043,300050,300051,1,7
300043,300050,300051,1,7
300043,300049,300052,3,6
300043,300049,300052,3,6
300043,300049,300052,3,6
300043,300050,300052,2,7
300043,300050,300052,2,7
300043,300043,300052,9,0
300043,300043,300052,9,0
300043,300043,300052,9,0
300043,300043,300053,10,0
300043,300043,300053,10,0
300043,300049,300052,3,6
300043,300052,300053,1,9
300043,300049,300053,4,6
300043,300049,300053,4,6
300043,300051,300053,2,8
300043,300052,300053,1,9
300043,300051,300053,2,8
300043,300043,300053,10,0
300043,300051,300053,2,8
300043,300043,300054,11,0
300043,300051,300053,2,8
300043,300052,300054,2,9
300043,300051,300053,2,8
300043,300052,300054,2,9
300043,300052,300054,2,9
300043,300043,300054,11,0
300043,300043,300054,11,0
300043,300053,300055,2,10
300043,300053,300054,1,10
300043,300043,300054,11,0
300043,300053,300055,2,10
300043,300053,300055,2,10
300043,300053,300055,2,10
300043,300053,300055,2,10
300043,300053,300055,2,10
300043,300053,300055,2,10
300043,300053,300055,2,10
300043,300053,300055,2,10
300043,300054,300056,2,11
300043,300053,300056,3,10
300043,300054,300056,2,11
300043,300055,300056,1,12
300043,300055,300056,1,12
300043,300055,300056,1,12
300043,300055,300056,1,12
300043,300054,300057,3,11
300043,300055,300057,2,12
300043,300054,300057,3,11
300043,300055,300057,2,12
300043,300055,300057,2,12
300043,300054,300057,3,11
300043,300055,300057,2,12
300043,300055,300057,2,12
300043,300054,300057,3,11
300043,300055,300057,2,12
300043,300056,300057,1,13
300043,300055,300057,2,12
300043,300043,300058,15,0
300067,300067,300068,1,0
300067,300067,300068,1,0
300067,300067,300068,1,0
300067,300067,300069,2,0
300067,300067,300069,2,0
300067,300067,300072,5,0
300067,300067,300073,6,0
300067,300067,300073,6,0
300067,300067,300074,7,0
300067,300069,300074,5,2
300067,300067,300074,7,0
300067,300069,300074,5,2
300067,300067,300074,7,0
300067,300070,300075,5,3
300067,300067,300075,8,0
300067,300067,300075,8,0
300067,300067,300075,8,0
300067,300075,300076,1,8
300067,300067,300076,9,0
300067,300067,300076,9,0
300067,300074,300077,3,7
300067,300075,300076,1,8
300067,300067,300076,9,0
300067,300075,300077,2,8
300067,300070,300078,8,3
300067,300070,300077,7,3
300067,300075,300077,2,8
300067,300075,300077,2,8
300067,300076,300077,1,9
300067,300073,300077,4,6
300067,300075,300077,2,8
300067,300074,300077,3,7
300067,300067,300078,11,0
300067,300067,300078,11,0
300067,300076,300078,2,9
300067,300076,300078,2,9
300067,300077,300078,1,10
300067,300076,300078,2,9
300067,300077,300079,2,10
300067,300067,300079,12,0
300067,300067,300080,13,0
300067,300067,300079,12,0
300067,300078,300080,2,11
300067,300078,300079,1,11
300067,300078,300080,2,11
300067,300077,300079,2,10
300067,300078,300079,1,11
300067,300078,300079,1,11
300067,300077,300079,2,10
300067,300077,300079,2,10
300067,300078,300080,2,11
300067,300077,300080,3,10
300067,300079,300081,2,12
300067,300079,300080,1,12
300067,300079,300080,1,12
300067,300079,300082,3,12
300067,300078,300081,3,11
300067,300078,300081,3,11
300067,300079,300082,3,12
300067,300080,300081,1,13
300067,300080,300081,1,13
300067,300080,300081,1,13
300067,300080,300081,1,13
300067,300080,300081,1,13
300067,300081,300082,1,14
300067,300080,300081,1,13
300067,300080,300081,1,13
300067,300080,300082,2,13
300067,300081,300082,1,14
300067,300080,300081,1,13
300067,300080,300081,1,13
300067,300080,300081,1,13
300067,300081,300082,1,14
300067,300067,300082,15,0
300067,300079,300082,3,12
300067,300081,300082,1,14
300067,300080,300083,3,13
300067,300080,300083,3,13
300067,300067,300085,18,0
300094,300095,300096,1,1
300094,300095,300096,1,1
300094,300095,300096,1,1
300094,300095,300096,1,1
300094,300095,300097,2,1
300094,300095,300099,4,1
300094,300095,300100,5,1
300094,300095,300101,6,1
300094,300095,300101,6,1
300094,300095,300102,7,1
300094,300095,300102,7,1
300094,300097,300102,5,3
300094,300096,300102,6,2
300094,300095,300102,7,1
300094,300097,300102,5,3
300094,300098,300103,5,4
300094,300095,300105,10,1
300094,300095,300104,9,1
300094,300103,300104,1,9
300094,300103,300104,1,9
300094,300103,300105,2,9
300094,300102,300104,2,8
300094,300103,300105,2,9
300094,300103,300105,2,9
300094,300095,300105,10,1
300094,300102,300105,3,8
300094,300101,300105,4,7
300094,300100,300105,5,6
300094,300095,300106,11,1
300094,300095,300107,12,1
300094,300095,300106,11,1
300094,300103,300106,3,9
300094,300095,300107,12,1
300094,300104,300106,2,10
300094,300105,300107,2,11
300094,300105,300107,2,11
300094,300105,300107,2,11
300094,300105,300107,2,11
300094,300105,300107,2,11
300094,300095,300107,12,1
300094,300095,300107,12,1
300094,300097,300107,10,3
300094,300105,300107,2,11
300094,300106,300108,2,12
300094,300105,300107,2,11
300094,300106,300108,2,12
300094,300095,300108,13,1
300094,300106,300108,2,12
300094,300107,300108,1,13
300094,300107,300108,1,13
300094,300107,300109,2,13
300094,300106,300108,2,12
300094,300107,300108,1,13
300094,300108,300109,1,14
300094,300107,300109,2,13
300094,300107,300109,2,13
300094,300105,300109,4,11
300094,300107,300109,2,13
300094,300095,300110,15,1
300094,300108,300109,1,14
300094,300108,300109,1,14
300094,300107,300109,2,13
300094,300108,300109,1,14
300094,300109,300110,1,15
300094,300107,300110,3,13
300094,300107,300110,3,13
300094,300109,300110,1,15
300094,300108,300109,1,14
300094,300108,300109,1,14
300094,300109,300110,1,15
300094,300095,300111,16,1
300094,300108,300110,2,14
300094,300109,300110,1,15
300094,300109,300111,2,15
300094,300109,300111,2,15
300094,300109,300110,1,15
300094,300109,300110,1,15
300094,300107,300110,3,13
300094,300109,300110,1,15
300121,300121,300122,1,0
300121,300121,300122,1,0
300121,300121,300122,1,0
300121,300121,300122,1,0
300121,300121,300122,1,0
300121,300121,300124,3,0
300121,300121,300126,5,0
300121,300121,300125,4,0
300121,300122,300126,4,1
300121,300121,300126,5,0
300121,300122,300127,5,1
300121,300123,300127,4,2
300121,300121,300127,6,0
300121,300121,300127,6,0
300121,300121,300127,6,0
300121,300121,300127,6,0
300121,300121,300128,7,0
300121,300123,300128,5,2
300121,300123,300128,5,2
300121,300126,300129,3,5
300121,300126,300129,3,5
300121,300121,300129,8,0
300121,300121,300129,8,0
300121,300127,300130,3,6
300121,300127,300130,3,6
300121,300127,300130,3,6
300121,300128,300130,2,7
300121,300127,300130,3,6
300121,300128,300130,2,7
300121,300128,300130,2,7
300121,300121,300130,9,0
300121,300121,300130,9,0
300121,300124,300131,7,3
300121,300129,300131,2,8
300121,300128,300130,2,7
300121,300121,300131,10,0
300121,300121,300132,11,0
300121,300121,300132,11,0
300121,300129,300131,2,8
300121,300129,300131,2,8
300121,300130,300132,2,9
300121,300129,300131,2,8
300121,300130,300132,2,9
300121,300130,300131,1,9
300121,300130,300132,2,9
300121,300130,300132,2,9
300121,300130,300132,2,9
300121,300130,300133,3,9
300121,300131,300133,2,10
300121,300121,300132,11,0
300121,300129,300133,4,8
300121,300121,300132,11,0
300121,300131,300132,1,10
300121,300131,300133,2,10
300121,300131,300133,2,10
300121,300132,300133,1,11
300121,300130,300132,2,9
300121,300131,300133,2,10
300121,300132,300133,1,11
300121,300132,300133,1,11
300121,300132,300134,2,11
300121,300130,300133,3,9
300121,300132,300134,2,11
300121,300132,300134,2,11
300121,300133,300134,1,12
300121,300132,300134,2,11
300121,300133,300134,1,12
300121,300132,300133,1,11
300121,300132,300133,1,11
300121,300132,300134,2,11
300121,300132,300135,3,11
300121,300133,300134,1,12
300121,300133,300135,2,12
300121,300133,300134,1,12
300121,300133,300134,1,12
300121,300121,300134,13,0
300121,300133,300134,1,12
300121,300133,300134,1,12
300121,300132,300135,3,11
300145,300145,300146,1,0
300145,300145,300146,1,0
300145,300145,300146,1,0
300145,300145,300147,2,0
300145,300145,300146,1,0
300145,300145,300149,4,0
300145,300146,300150,4,1
300145,300145,300150,5,0
300145,300145,300150,5,0
300145,300145,300150,5,0
300145,300146,300150,4,1
300145,300145,300150,5,0
300145,300145,300151,6,0
300145,300147,300151,4,2
300145,300145,300152,7,0
300145,300145,300151,6,0
300145,300147,300151,4,2
300145,300145,300152,7,0
300145,300145,300151,6,0
300145,300145,300152,7,0
300145,300145,300153,8,0
300145,300147,300153,6,2
300145,300151,300153,2,6
300145,300145,300154,9,0
300145,300145,300153,8,0
300145,300145,300154,9,0
300145,300151,300154,3,6
300145,300152,300154,2,7
300145,300152,300154,2,7
300145,300150,300153,3,5
300145,300152,300154,2,7
300145,300150,300154,4,5
300145,300151,300154,3,6
300145,300152,300154,2,7
300145,300151,300154,3,6
300145,300151,300155,4,6
300145,300151,300155,4,6
300145,300153,300155,2,8
300145,300153,300156,3,8
300145,300153,300156,3,8
300145,300152,300155,3,7
300145,300154,300156,2,9
300145,300154,300155,1,9
300145,300154,300156,2,9
300145,300154,300156,2,9
300145,300154,300156,2,9
300145,300154,300156,2,9
300145,300154,300156,2,9
300145,300145,300157,12,0
300145,300154,300157,3,9
300145,300155,300157,2,10
300145,300145,300157,12,0
300145,300153,300156,3,8
300145,300145,300157,12,0
300145,300155,300157,2,10
300145,300156,300157,1,11
300145,300156,300157,1,11
300145,300155,300157,2,10
300145,300157,300158,1,12
300145,300156,300158,2,11
300145,300154,300158,4,9
300145,300151,300158,7,6
300145,300156,300158,2,11
300145,300155,300158,3,10
300145,300157,300158,1,12
300145,300157,300158,1,12
300145,300154,300158,4,9
300145,300157,300159,2,12
300145,300157,300159,2,12
300145,300157,300159,2,12
300145,300157,300159,2,12
300145,300145,300160,15,0
300145,300157,300160,3,12
300145,300157,300160,3,12
300169,300169,300170,1,0
300169,300169,300170,1,0
300169,300169,300170,1,0
300169,300169,300171,2,0
300169,300169,300171,2,0
300169,300169,300172,3,0
300169,300169,300174,5,0
300169,300169,300174,5,0
300169,300169,300174,5,0
300169,300170,300174,4,1
300169,300170,300174,4,1
300169,300169,300175,6,0
300169,300169,300175,6,0
300169,300169,300175,6,0
300169,300171,300175,4,2
300169,300171,300175,4,2
300169,300169,300175,6,0
300169,300169,300176,7,0
300169,300169,300176,7,0
300169,300169,300177,8,0
300169,300169,300177,8,0
300169,300175,300177,2,6
300169,300172,300177,5,3
300169,300176,300177,1,7
300169,300175,300177,2,6
300169,300174,300177,3,5
300169,300175,300177,2,6
300169,300169,300178,9,0
300169,300169,300178,9,0
300169,300171,300178,7,2
300169,300174,300178,4,5
300169,300176,300178,2,7
300169,300176,300178,2,7
300169,300174,300179,5,5
300169,300174,300178,4,5
300169,300177,300178,1,8
300169,300175,300179,4,6
300169,300176,300179,3,7
300169,300169,300179,10,0
300169,300178,300179,1,9
300169,300178,300180,2,9
300169,300178,300179,1,9
300169,300178,300179,1,9
300169,300178,300179,1,9
300169,300169,300180,11,0
300169,300177,300180,3,8
300169,300178,300180,2,9
300169,300169,300180,11,0
300169,300179,300180,1,10
300169,300177,300180,3,8
300169,300179,300180,1,10
300169,300179,300180,1,10
300169,300169,300180,11,0
300169,300179,300180,1,10
300169,300179,300180,1,10
300169,300179,300181,2,10
300169,300179,300180,1,10
300169,300180,300181,1,11
300169,300179,300181,2,10
300169,300179,300180,1,10
300169,300180,300181,1,11
300169,300180,300181,1,11
300169,300180,300181,1,11
300169,300180,300182,2,11
300169,300180,300181,1,11
300169,300180,300181,1,11
300169,300181,300182,1,12
300169,300180,300181,1,11
300169,300181,300182,1,12
300169,300181,300182,1,12
300169,300181,300182,1,12
300169,300181,300182,1,12
300169,300181,300182,1,12
300169,300181,300182,1,12
300169,300181,300182,1,12
300169,300181,300182,1,12
300169,300181,300183,2,12
300169,300181,300182,1,12
300169,300169,300184,15,0
300193,300193,300194,1,0
300193,300193,300194,1,0
300193,300193,300194,1,0
300193,300193,300194,1,0
300193,300193,300194,1,0
300193,300193,300197,4,0
300193,300193,300196,3,0
300193,300193,300197,4,0
300193,300193,300198,5,0
300193,300194,300198,4,1
300193,300193,300199,6,0
300193,300193,300199,6,0
300193,300193,300199,6,0
300193,300193,300199,6,0
300193,300194,300199,5,1
300193,300195,300199,4,2
300193,300193,300200,7,0
300193,300195,300199,4,2
300193,300193,300200,7,0
300193,300195,300201,6,2
300193,300197,300201,4,4
300193,300198,300201,3,5
300193,300198,300201,3,5
300193,300199,300201,2,6
300193,300197,300201,4,4
300193,300199,300201,2,6
300193,300199,300201,2,6
300193,300193,300202,9,0
300193,300193,300201,8,0
300193,300200,300202,2,7
300193,300197,300202,5,4
300193,300199,300202,3,6
300193,300200,300202,2,7
300193,300201,300202,1,8
300193,300199,300202,3,6
300193,300202,300203,1,9
300193,300201,300202,1,8
300193,300202,300203,1,9
300193,300193,300203,10,0
300193,300193,300203,10,0
300193,300201,300203,2,8
300193,300193,300203,10,0
300193,300202,300203,1,9
300193,300202,300203,1,9
300193,300193,300204,11,0
300193,300202,300203,1,9
300193,300202,300204,2,9
300193,300202,300204,2,9
300193,300193,300204,11,0
300193,300202,300204,2,9
300193,300202,300204,2,9
300193,300203,300204,1,10
300193,300203,300204,1,10
300193,300204,300205,1,11
300193,300203,300204,1,10
300193,300203,300204,1,10
300193,300203,300204,1,10
300193,300203,300204,1,10
300193,300203,300204,1,10
300193,300203,300204,1,10
300193,300193,300205,12,0
300193,300199,300205,6,6
300193,300203,300205,2,10
300193,300203,300205,2,10
300193,300204,300205,1,11
300193,300205,300206,1,12
300193,300205,300206,1,12
300193,300204,300205,1,11
300193,300204,300205,1,11
300193,300205,300206,1,12
300193,300204,300206,2,11
300193,300205,300206,1,12
300193,300205,300206,1,12
300193,300205,300206,1,12
300193,300205,300206,1,12
300193,300205,300206,1,12
300193,300193,300207,14,0
300216,300216,300217,1,0
300216,300216,300217,1,0
300216,300216,300217,1,0
300216,300216,300217,1,0
300216,300216,300217,1,0
300216,300216,300219,3,0
300216,300216,300220,4,0
300216,300217,300220,3,1
300216,300216,300221,5,0
300216,300217,300220,3,1
300216,300217,300220,3,1
300216,300216,300222,6,0
300216,300217,300222,5,1
300216,300216,300222,6,0
300216,300216,300222,6,0
300216,300216,300222,6,0
300216,300216,300222,6,0
300216,300218,300222,4,2
300216,300216,300222,6,0
300216,300220,300223,3,4
300216,300216,300223,7,0
300216,300221,300223,2,5
300216,300216,300223,7,0
300216,300221,300223,2,5
300216,300221,300223,2,5
300216,300223,300224,1,7
300216,300220,300223,3,4
300216,300222,300223,1,6
300216,300216,300224,8,0
300216,300216,300224,8,0
300216,300223,300225,2,7
300216,300223,300225,2,7
300216,300221,300224,3,5
300216,300223,300224,1,7
300216,300223,300224,1,7
300216,300223,300224,1,7
300216,300216,300225,9,0
300216,300216,300225,9,0
300216,300216,300225,9,0
300216,300222,300225,3,6
300216,300223,300225,2,7
300216,300223,300225,2,7
300216,300224,300226,2,8
300216,300224,300226,2,8
300216,300224,300225,1,8
300216,300224,300225,1,8
300216,300224,300225,1,8
300216,300225,300226,1,9
300216,300216,300226,10,0
300216,300223,300226,3,7
300216,300224,300226,2,8
300216,300225,300227,2,9
300216,300225,300226,1,9
300216,300225,300226,1,9
300216,300225,300226,1,9
300216,300226,300227,1,10
300216,300225,300226,1,9
300216,300225,300227,2,9
300216,300226,300228,2,10
300216,300226,300228,2,10
300216,300226,300228,2,10
300216,300226,300228,2,10
300216,300226,300227,1,10
300216,300227,300228,1,11
300216,300225,300228,3,9
300216,300226,300228,2,10
300216,300227,300228,1,11
300216,300226,300227,1,10
300216,300226,300228,2,10
300216,300226,300228,2,10
300216,300227,300228,1,11
300216,300226,300228,2,10
300216,300227,300228,1,11
300216,300227,300228,1,11
300216,300227,300228,1,11
300216,300227,300229,2,11
300216,300227,300228,1,11
300216,300216,300230,14,0
300216,300216,300234,18,0
300243,300243,300244,1,0
300243,300243,300244,1,0
300243,300243,300244,1,0
300243,300243,300244,1,0
300243,300243,300245,2,0
300243,300243,300246,3,0
300243,300243,300247,4,0
300243,300243,300247,4,0
300243,300243,300248,5,0
300243,300243,300249,6,0
300243,300243,300248,5,0
300243,300245,300248,3,2
300243,300243,300248,5,0
300243,300243,300248,5,0
300243,300245,300249,4,2
300243,300243,300248,5,0
300243,300246,300249,3,3
300243,300243,300249,6,0
300243,300245,300249,4,2
300243,300248,300250,2,5
300243,300245,300250,5,2
300243,300248,300250,2,5
300243,300243,300251,8,0
300243,300243,300251,8,0
300243,300243,300250,7,0
300243,300245,300250,5,2
300243,300249,300251,2,6
300243,300249,300250,1,6
300243,300249,300251,2,6
300243,300248,300251,3,5
300243,300249,300251,2,6
300243,300249,300251,2,6
300243,300243,300252,9,0
300243,300249,300252,3,6
300243,300250,300251,1,7
300243,300243,300252,9,0
300243,300249,300252,3,6
300243,300249,300251,2,6
300243,300250,300252,2,7
300243,300250,300252,2,7
300243,300243,300252,9,0
300243,300243,300253,10,0
300243,300251,300253,2,8
300243,300250,300253,3,7
300243,300251,300253,2,8
300243,300251,300253,2,8
300243,300251,300252,1,8
300243,300251,300253,2,8
300243,300250,300252,2,7
300243,300251,300253,2,8
300243,300251,300253,2,8
300243,300243,300254,11,0
300243,300251,300253,2,8
300243,300252,300254,2,9
300243,300252,300254,2,9
300243,300251,300254,3,8
300243,300252,300254,2,9
300243,300251,300254,3,8
300243,300253,300254,1,10
300243,300253,300254,1,10
300243,300253,300254,1,10
300243,300252,300254,2,9
300243,300252,300254,2,9
300243,300252,300254,2,9
300243,300252,300254,2,9
300243,300253,300254,1,10
300243,300253,300254,1,10
300243,300252,300254,2,9
300243,300253,300255,2,10
300243,300253,300254,1,10
300243,300253,300255,2,10
300243,300253,300254,1,10
300243,300253,300254,1,10
300243,300254,300256,2,11
300243,300254,300255,1,11
300243,300254,300256,2,11
300243,300254,300256,2,11
300243,300243,300257,14,0
300266,300266,300267,1,0
300266,300266,300267,1,0
300266,300266,300267,1,0
300266,300266,300268,2,0
300266,300266,300268,2,0
300266,300266,300268,2,0
300266,300266,300270,4,0
300266,300266,300270,4,0
300266,300266,300270,4,0
300266,300266,300270,4,0
300266,300266,300271,5,0
300266,300266,300271,5,0
300266,300268,300271,3,2
300266,300266,300270,4,0
300266,300267,300270,3,1
300266,300266,300272,6,0
300266,300268,300272,4,2
300266,300268,300271,3,2
300266,300267,300271,4,1
300266,300269,300272,3,3
300266,300270,300272,2,4
300266,300266,300272,6,0
300266,300266,300273,7,0
300266,300266,300273,7,0
300266,300270,300273,3,4
300266,300270,300273,3,4
300266,300271,300273,2,5
300266,300271,300272,1,5
300266,300266,300273,7,0
300266,300266,300274,8,0
300266,300266,300274,8,0
300266,300266,300274,8,0
300266,300271,300274,3,5
300266,300271,300274,3,5
300266,300272,300274,2,6
300266,300272,300274,2,6
300266,300266,300274,8,0
300266,300270,300274,4,4
300266,300272,300274,2,6
300266,300272,300273,1,6
300266,300272,300274,2,6
300266,300272,300274,2,6
300266,300266,300275,9,0
300266,300273,300275,2,7
300266,300273,300275,2,7
300266,300274,300275,1,8
300266,300275,300276,1,9
300266,300275,300276,1,9
300266,300275,300276,1,9
300266,300273,300275,2,7
300266,300274,300275,1,8
300266,300274,300275,1,8
300266,300274,300275,1,8
300266,300266,300276,10,0
300266,300274,300275,1,8
300266,300274,300276,2,8
300266,300271,300276,5,5
300266,300275,300276,1,9
300266,300275,300276,1,9
300266,300275,300276,1,9
300266,300275,300276,1,9
300266,300275,300276,1,9
300266,300276,300277,1,10
300266,300276,300277,1,10
300266,300275,300276,1,9
300266,300276,300277,1,10
300266,300276,300277,1,10
300266,300276,300277,1,10
300266,300276,300277,1,10
300266,300276,300277,1,10
300266,300274,300277,3,8
300266,300274,300277,3,8
300266,300276,300277,1,10
300266,300276,300277,1,10
300266,300276,300277,1,10
300266,300276,300277,1,10
300266,300276,300277,1,10
300266,300276,300278,2,10
300287,300287,300288,1,0
300287,300287,300288,1,0
300287,300287,300288,1,0
300287,300287,300288,1,0
300287,300287,300288,1,0
300287,300287,300291,4,0
300287,300288,300291,3,1
300287,300288,300292,4,1
300287,300287,300291,4,0
300287,300287,300292,5,0
300287,300287,300291,4,0
300287,300287,300292,5,0
300287,300287,300292,5,0
300287,300287,300293,6,0
300287,300289,300293,4,2
300287,300287,300293,6,0
300287,300288,300293,5,1
300287,300291,300294,3,4
300287,300287,300295,8,0
300287,300287,300295,8,0
300287,300287,300294,7,0
300287,300287,300295,8,0
300287,300287,300294,7,0
300287,300287,300294,7,0
300287,300291,300295,4,4
300287,300287,300295,8,0
300287,300287,300295,8,0
300287,300287,300295,8,0
300287,300289,300295,6,2
300287,300292,300296,4,5
300287,300292,300296,4,5
300287,300292,300296,4,5
300287,300294,300296,2,7
300287,300294,300296,2,7
300287,300292,300296,4,5
300287,300295,300297,2,8
300287,300287,300297,10,0
300287,300295,300296,1,8
300287,300295,300297,2,8
300287,300293,300297,4,6
300287,300293,300297,4,6
300287,300295,300297,2,8
300287,300295,300297,2,8
300287,300296,300297,1,9
300287,300296,300297,1,9
300287,300295,300298,3,8
300287,300296,300298,2,9
300287,300287,300297,10,0
300287,300296,300298,2,9
300287,300296,300298,2,9
300287,300293,300297,4,6
300287,300296,300297,1,9
300287,300294,300298,4,7
300287,300297,300298,1,10
300287,300296,300298,2,9
300287,300296,300298,2,9
300287,300296,300298,2,9
300287,300297,300298,1,10
300287,300295,300299,4,8
300287,300296,300298,2,9
300287,300297,300299,2,10
300287,300297,300299,2,10
300287,300297,300299,2,10
300287,300297,300299,2,10
300287,300297,300298,1,10
300287,300298,300299,1,11
300287,300298,300299,1,11
300287,300297,300299,2,10
300287,300297,300299,2,10
300287,300297,300299,2,10
300287,300299,300300,1,12
300287,300298,300299,1,11
300287,300298,300300,2,11
300287,300298,300300,2,11
300287,300298,300300,2,11
300287,300298,300300,2,11
300287,300293,300303,10,6
300311,300311,300312,1,0
300311,300311,300312,1,0
300311,300311,300312,1,0
300311,300311,300312,1,0
300311,300311,300312,1,0
300311,300311,300314,3,0
300311,300311,300316,5,0
300311,300312,300316,4,1
300311,300311,300315,4,0
300311,300311,300316,5,0
300311,300312,300315,3,1
300311,300312,300316,4,1
300311,300313,300317,4,2
300311,300311,300316,5,0
300311,300311,300317,6,0
300311,300311,300317,6,0
300311,300311,300318,7,0
300311,300311,300317,6,0
300311,300311,300319,8,0
300311,300311,300319,8,0
300311,300311,300320,9,0
300311,300313,300319,6,2
300311,300311,300319,8,0
300311,300316,300320,4,5
300311,300317,300320,3,6
300311,300316,300319,3,5
300311,300316,300319,3,5
300311,300315,300319,4,4
300311,300316,300319,3,5
300311,300317,300320,3,6
300311,300311,300321,10,0
300311,300311,300320,9,0
300311,300311,300321,10,0
300311,300311,300321,10,0
300311,300311,300320,9,0
300311,300316,300320,4,5
300311,300317,300321,4,6
300311,300316,300321,5,5
300311,300318,300320,2,7
300311,300320,300321,1,9
300311,300319,300321,2,8
300311,300317,300322,5,6
300311,300319,300322,3,8
300311,300320,300322,2,9
300311,300320,300322,2,9
300311,300320,300322,2,9
300311,300320,300322,2,9
300311,300320,300322,2,9
300311,300320,300322,2,9
300311,300320,300321,1,9
300311,300320,300322,2,9
300311,300321,300323,2,10
300311,300320,300322,2,9
300311,300321,300323,2,10
300311,300321,300322,1,10
300311,300321,300322,1,10
300311,300321,300323,2,10
300311,300321,300323,2,10
300311,300322,300323,1,11
300311,300321,300323,2,10
300311,300321,300323,2,10
300311,300321,300323,2,10
300311,300322,300323,1,11
300311,300321,300323,2,10
300311,300322,300323,1,11
300311,300322,300323,1,11
300311,300322,300323,1,11
300311,300318,300323,5,7
300311,300322,300323,1,11
300311,300322,300323,1,11
300311,300321,300324,3,10
300311,300322,300324,2,11
300311,300311,300323,12,0
300311,300322,300323,1,11
300311,300322,300324,2,11
300311,300323,300324,1,12
300311,300323,300325,2,12
300311,300323,300325,2,12
300311,300323,300325,2,12
300334,300334,300335,1,0
300334,300334,300335,1,0
300334,300334,300335,1,0
300334,300334,300336,2,0
300334,300334,300336,2,0
300334,300334,300338,4,0
300334,300334,300338,4,0
300334,300337,300339,2,3
300334,300334,300340,6,0
300334,300335,300340,5,1
300334,300334,300340,6,0
300334,300336,300340,4,2
300334,300335,300340,5,1
300334,300334,300341,7,0
300334,300336,300341,5,2
300334,300334,300341,7,0
300334,300334,300341,7,0
300334,300334,300341,7,0
300334,300339,300341,2,5
300334,300334,300341,7,0
300334,300334,300342,8,0
300334,300334,300342,8,0
300334,300338,300342,4,4
300334,300341,300343,2,7
300334,300342,300343,1,8
300334,300341,300343,2,7
300334,300342,300343,1,8
300334,300342,300344,2,8
300334,300334,300344,10,0
300334,300334,300344,10,0
300334,300340,300344,4,6
300334,300341,300344,3,7
300334,300341,300344,3,7
300334,300342,300344,2,8
300334,300343,300345,2,9
300334,300341,300344,3,7
300334,300343,300345,2,9
300334,300344,300345,1,10
300334,300342,300344,2,8
300334,300334,300345,11,0
300334,300334,300345,11,0
300334,300341,300346,5,7
300334,300342,300345,3,8
300334,300334,300345,11,0
300334,300343,300345,2,9
300334,300344,300345,1,10
300334,300344,300345,1,10
300334,300344,300345,1,10
300334,300344,300345,1,10
300334,300345,300346,1,11
300334,300345,300346,1,11
300334,300334,300346,12,0
300334,300345,300346,1,11
300334,300345,300346,1,11
300334,300345,300346,1,11
300334,300345,300346,1,11
300334,300345,300346,1,11
300334,300345,300346,1,11
300334,300345,300346,1,11
300334,300345,300346,1,11
300334,300346,300347,1,12
300334,300345,300346,1,11
300334,300346,300347,1,12
300334,300346,300347,1,12
300334,300334,300347,13,0
300334,300346,300347,1,12
300334,300346,300347,1,12
300334,300346,300347,1,12
300334,300346,300347,1,12
300334,300346,300347,1,12
300334,300346,300347,1,12
300334,300347,300348,1,13
300334,300347,300348,1,13
300334,300346,300347,1,12
300334,300334,300348,14,0
300334,300347,300348,1,13
300334,300347,300348,1,13
300334,300347,300349,2,13
300334,300347,300348,1,13
300358,300358,300359,1,0
300358,300358,300359,1,0
300358,300358,300359,1,0
300358,300358,300359,1,0
300358,300358,300359,1,0
300358,300358,300362,4,0
300358,300359,300361,2,1
300358,300359,300361,2,1
300358,300360,300361,1,2
300358,300360,300361,1,2
300358,300358,300363,5,0
300358,300358,300362,4,0
300358,300360,300362,2,2
300358,300362,300363,1,4
300358,300362,300363,1,4
300358,300358,300363,5,0
300358,300362,300363,1,4
300358,300358,300363,5,0
300358,300358,300363,5,0
300358,300362,300364,2,4
300358,300358,300364,6,0
300358,300358,300365,7,0
300358,300358,300366,8,0
300358,300363,300365,2,5
300358,300363,300365,2,5
300358,300362,300366,4,4
300358,300363,300366,3,5
300358,300363,300365,2,5
300358,300358,300366,8,0
300358,300363,300365,2,5
300358,300358,300367,9,0
300358,300358,300367,9,0
300358,300358,300366,8,0
300358,300363,300366,3,5
300358,300365,300367,2,7
300358,300366,300367,1,8
300358,300358,300368,10,0
300358,300363,300367,4,5
300358,300358,300367,9,0
300358,300366,300368,2,8
300358,300366,300368,2,8
300358,300366,300368,2,8
300358,300364,300367,3,6
300358,300366,300367,1,8
300358,300366,300368,2,8
300358,300366,300368,2,8
300358,300358,300369,11,0
300358,300358,300369,11,0
300358,300358,300369,11,0
300358,300364,300368,4,6
300358,300366,300369,3,8
300358,300366,300368,2,8
300358,300367,300369,2,9
300358,300367,300369,2,9
300358,300367,300369,2,9
300358,300368,300369,1,10
300358,300367,300369,2,9
300358,300368,300369,1,10
300358,300365,300369,4,7
300358,300367,300369,2,9
300358,300368,300370,2,10
300358,300368,300370,2,10
300358,300368,300370,2,10
300358,300368,300370,2,10
300358,300368,300370,2,10
300358,300368,300369,1,10
300358,300369,300370,1,11
300358,300369,300370,1,11
300358,300369,300370,1,11
300358,300367,300370,3,9
300358,300368,300370,2,10
300358,300368,300371,3,10
300358,300369,300370,1,11
300358,300358,300371,13,0
300358,300369,300371,2,11
300358,300369,300370,1,11
300358,300369,300371,2,11
300358,300369,300370,1,11
300358,300369,300371,2,11
300379,300379,300380,1,0
300379,300379,300380,1,0
300379,300379,300380,1,0
300379,300379,300380,1,0
300379,300379,300381,2,0
300379,300379,300383,4,0
300379,300379,300384,5,0
300379,300379,300384,5,0
300379,300380,300384,4,1
300379,300379,300384,5,0
300379,300380,300383,3,1
300379,300379,300384,5,0
300379,300379,300384,5,0
300379,300379,300386,7,0
300379,300379,300385,6,0
300379,300379,300386,7,0
300379,300379,300386,7,0
300379,300379,300386,7,0
300379,300381,300387,6,2
300379,300379,300387,8,0
300379,300384,300387,3,5
300379,300385,300387,2,6
300379,300379,300387,8,0
300379,300386,300388,2,7
300379,300384,300387,3,5
300379,300384,300388,4,5
300379,300385,300388,3,6
300379,300383,300387,4,4
300379,300384,300388,4,5
300379,300381,300389,8,2
300379,300379,300388,9,0
300379,300379,300389,10,0
300379,300381,300388,7,2
300379,300386,300390,4,7
300379,300384,300390,6,5
300379,300386,300390,4,7
300379,300387,300390,3,8
300379,300387,300390,3,8
300379,300388,300390,2,9
300379,300387,300390,3,8
300379,300387,300390,3,8
300379,300387,300390,3,8
300379,300388,300390,2,9
300379,300388,300390,2,9
300379,300379,300390,11,0
300379,300379,300391,12,0
300379,300386,300391,5,7
300379,300388,300391,3,9
300379,300388,300391,3,9
300379,300388,300391,3,9
300379,300388,300391,3,9
300379,300391,300392,1,12
300379,300390,300392,2,11
300379,300389,300392,3,10
300379,300389,300392,3,10
300379,300389,300392,3,10
300379,300390,300392,2,11
300379,300390,300392,2,11
300379,300390,300392,2,11
300379,300390,300392,2,11
300379,300390,300392,2,11
300379,300391,300392,1,12
300379,300391,300392,1,12
300379,300391,300392,1,12
300379,300392,300393,1,13
300379,300391,300393,2,12
300379,300391,300393,2,12
300379,300389,300392,3,10
300379,300390,300393,3,11
300379,300379,300393,14,0
300379,300391,300393,2,12
300379,300392,300393,1,13
300379,300392,300393,1,13
300379,300379,300394,15,0
300379,300392,300394,2,13
300379,300392,300394,2,13
300379,300392,300394,2,13
300403,300403,300404,1,0
300403,300403,300404,1,0
300403,300403,300404,1,0
300403,300403,300404,1,0
300403,300403,300404,1,0
300403,300403,300406,3,0
300403,300403,300408,5,0
300403,300404,300407,3,1
300403,300403,300409,6,0
300403,300403,300408,5,0
300403,300404,300408,4,1
300403,300403,300408,5,0
300403,300403,300409,6,0
300403,300403,300408,5,0
300403,300403,300410,7,0
300403,300403,300409,6,0
300403,300404,300409,5,1
300403,300403,300409,6,0
300403,300403,300411,8,0
300403,300405,300411,6,2
300403,300403,300411,8,0
300403,300403,300411,8,0
300403,300403,300410,7,0
300403,300407,300412,5,4
300403,300408,300412,4,5
300403,300409,300412,3,6
300403,300403,300413,10,0
300403,300403,300413,10,0
300403,300405,300412,7,2
300403,300408,300412,4,5
300403,300409,300413,4,6
300403,300410,300413,3,7
300403,300409,300413,4,6
300403,300409,300413,4,6
300403,300409,300412,3,6
300403,300410,300413,3,7
300403,300403,300413,10,0
300403,300403,300414,11,0
300403,300409,300414,5,6
300403,300410,300414,4,7
300403,300410,300415,5,7
300403,300411,300415,4,8
300403,300412,300415,3,9
300403,300412,300415,3,9
300403,300413,300415,2,10
300403,300413,300415,2,10
300403,300413,300415,2,10
300403,300413,300415,2,10
300403,300412,300414,2,9
300403,300413,300415,2,10
300403,300413,300415,2,10
300403,300413,300415,2,10
300403,300413,300416,3,10
300403,300413,300416,3,10
300403,300411,300416,5,8
300403,300413,300416,3,10
300403,300414,300416,2,11
300403,300411,300415,4,8
300403,300414,300415,1,11
300403,300415,300416,1,12
300403,300415,300416,1,12
300403,300414,300416,2,11
300403,300416,300417,1,13
300403,300414,300416,2,11
300403,300415,300417,2,12
300403,300415,300417,2,12
300403,300403,300416,13,0
300403,300416,300417,1,13
300403,300416,300417,1,13
300403,300416,300417,1,13
300403,300416,300417,1,13
300403,300416,300417,1,13
300403,300416,300418,2,13
300403,300411,300418,7,8
300403,300416,300418,2,13
300403,300416,300418,2,13
300403,300411,300419,8,8
300428,300428,300429,1,0
300428,300428,300429,1,0
300428,300428,300429,1,0
300428,300428,300429,1,0
300428,300428,300429,1,0
300428,300428,300429,1,0
300428,300428,300431,3,0
300428,300428,300433,5,0
300428,300428,300432,4,0
300428,300429,300432,3,1
300428,300428,300433,5,0
300428,300428,300433,5,0
300428,300429,300433,4,1
300428,300428,300434,6,0
300428,300430,300433,3,2
300428,300428,300433,5,0
300428,300428,300435,7,0
300428,300428,300435,7,0
300428,300430,300434,4,2
300428,300428,300435,7,0
300428,300428,300435,7,0
300428,300428,300436,8,0
300428,300428,300435,7,0
300428,300428,300436,8,0
300428,300428,300436,8,0
300428,300433,300437,4,5
300428,300430,300437,7,2
300428,300432,300437,5,4
300428,300434,300437,3,6
300428,300433,300437,4,5
300428,300434,300437,3,6
300428,300428,300438,10,0
300428,300428,300438,10,0
300428,300434,300437,3,6
300428,300434,300438,4,6
300428,300434,300437,3,6
300428,300433,300437,4,5
300428,300434,300438,4,6
300428,300435,300438,3,7
300428,300437,300439,2,9
300428,300435,300438,3,7
300428,300437,300439,2,9
300428,300437,300439,2,9
300428,300437,300439,2,9
300428,300437,300439,2,9
300428,300438,300439,1,10
300428,300430,300440,10,2
300428,300436,300440,4,8
300428,300436,300440,4,8
300428,300435,300439,4,7
300428,300436,300440,4,8
300428,300436,300440,4,8
300428,300438,300440,2,10
300428,300438,300440,2,10
300428,300438,300440,2,10
300428,300438,300440,2,10
300428,300439,300440,1,11
300428,300439,300440,1,11
300428,300439,300440,1,11
300428,300438,300440,2,10
300428,300439,300440,1,11
300428,300428,300441,13,0
300428,300436,300441,5,8
300428,300437,300440,3,9
300428,300438,300441,3,10
300428,300438,300441,3,10
300428,300437,300440,3,9
300428,300439,300441,2,11
300428,300440,300441,1,12
300428,300440,300441,1,12
300428,300439,300440,1,11
300428,300439,300441,2,11
300428,300440,300442,2,12
300428,300440,300441,1,12
300428,300440,300442,2,12
300428,300440,300442,2,12
300428,300440,300442,2,12
300428,300440,300442,2,12
300428,300440,300442,2,12
300451,300451,300452,1,0
300451,300451,300452,1,0
300451,300451,300453,2,0
300451,300451,300453,2,0
300451,300451,300453,2,0
300451,300451,300453,2,0
300451,300451,300455,4,0
300451,300451,300456,5,0
300451,300451,300456,5,0
300451,300451,300456,5,0
300451,300451,300456,5,0
300451,300453,300457,4,2
300451,300453,300457,4,2
300451,300451,300458,7,0
300451,300451,300458,7,0
300451,300451,300458,7,0
300451,300454,300458,4,3
300451,300451,300458,7,0
300451,300451,300458,7,0
300451,300451,300458,7,0
300451,300451,300459,8,0
300451,300454,300459,5,3
300451,300451,300460,9,0
300451,300451,300460,9,0
300451,300457,300460,3,6
300451,300457,300460,3,6
300451,300451,300461,10,0
300451,300451,300461,10,0
300451,300456,300461,5,5
300451,300457,300461,4,6
300451,300457,300461,4,6
300451,300458,300462,4,7
300451,300459,300462,3,8
300451,300458,300461,3,7
300451,300459,300461,2,8
300451,300459,300461,2,8
300451,300451,300462,11,0
300451,300451,300463,12,0
300451,300454,300462,8,3
300451,300459,300463,4,8
300451,300460,300462,2,9
300451,300461,300463,2,10
300451,300461,300463,2,10
300451,300461,300463,2,10
300451,300460,300463,3,9
300451,300461,300463,2,10
300451,300462,300463,1,11
300451,300462,300463,1,11
300451,300462,300463,1,11
300451,300463,300464,1,12
300451,300462,300463,1,11
300451,300462,300464,2,11
300451,300462,300463,1,11
300451,300463,300464,1,12
300451,300454,300464,10,3
300451,300459,300464,5,8
300451,300462,300464,2,11
300451,300463,300464,1,12
300451,300463,300464,1,12
300451,300463,300464,1,12
300451,300462,300464,2,11
300451,300462,300464,2,11
300451,300464,300465,1,13
300451,300464,300465,1,13
300451,300463,300464,1,12
300451,300463,300464,1,12
300451,300464,300465,1,13
300451,300464,300465,1,13
300451,300464,300465,1,13
300451,300464,300465,1,13
300451,300462,300465,3,11
300451,300464,300465,1,13
300451,300459,300466,7,8
300451,300464,300465,1,13
300451,300464,300466,2,13
300451,300464,300465,1,13
300451,300465,300466,1,14
300451,300464,300466,2,13
300451,300459,300470,11,8
300479,300479,300480,1,0
300479,300479,300480,1,0
300479,300479,300480,1,0
300479,300479,300481,2,0
300479,300479,300485,6,0
300479,300480,300485,5,1
300479,300480,300485,5,1
300479,300479,300485,6,0
300479,300479,300486,7,0
300479,300479,300486,7,0
300479,300479,300486,7,0
300479,300479,300486,7,0
300479,300479,300486,7,0
300479,300479,300487,8,0
300479,300479,300486,7,0
300479,300479,300487,8,0
300479,300479,300487,8,0
300479,300479,300488,9,0
300479,300479,300488,9,0
300479,300479,300488,9,0
300479,300481,300487,6,2
300479,300486,300488,2,7
300479,300486,300488,2,7
300479,300479,300489,10,0
300479,300481,300489,8,2
300479,300485,300489,4,6
300479,300486,300489,3,7
300479,300487,300489,2,8
300479,300485,300489,4,6
300479,300486,300489,3,7
300479,300486,300489,3,7
300479,300487,300489,2,8
300479,300479,300490,11,0
300479,300479,300490,11,0
300479,300479,300490,11,0
300479,300485,300490,5,6
300479,300487,300490,3,8
300479,300479,300491,12,0
300479,300488,300491,3,9
300479,300488,300491,3,9
300479,300488,300491,3,9
300479,300488,300491,3,9
300479,300488,300491,3,9
300479,300487,300491,4,8
300479,300489,300491,2,10
300479,300489,300491,2,10
300479,300490,300491,1,11
300479,300491,300492,1,12
300479,300490,300491,1,11
300479,300490,300491,1,11
300479,300490,300492,2,11
300479,300490,300492,2,11
300479,300488,300492,4,9
300479,300490,300492,2,11
300479,300489,300492,3,10
300479,300491,300492,1,12
300479,300490,300492,2,11
300479,300490,300492,2,11
300479,300491,300492,1,12
300479,300492,300493,1,13
300479,300492,300493,1,13
300479,300492,300493,1,13
300479,300485,300493,8,6
300479,300492,300493,1,13
300479,300492,300493,1,13
300479,300492,300493,1,13
300479,300492,300493,1,13
300479,300492,300493,1,13
300479,300492,300493,1,13
300479,300492,300493,1,13
300479,300492,300493,1,13
300479,300492,300493,1,13
300479,300492,300493,1,13
300479,300492,300493,1,13
300479,300493,300494,1,14
300479,300493,300494,1,14
300479,300493,300494,1,14
300479,300479,300500,21,0
300509,300509,300510,1,0
300509,300509,300510,1,0
300509,300509,300510,1,0
300509,300509,300510,1,0
300509,300509,300510,1,0
300509,300509,300513,4,0
300509,300509,300513,4,0
300509,300509,300514,5,0
300509,300509,300514,5,0
300509,300511,300514,3,2
300509,300509,300515,6,0
300509,300510,300515,5,1
300509,300509,300515,6,0
300509,300509,300516,7,0
300509,300511,300515,4,2
300509,300509,300516,7,0
300509,300509,300517,8,0
300509,300511,300516,5,2
300509,300511,300516,5,2
300509,300515,300517,2,6
300509,300509,300516,7,0
300509,300514,300516,2,5
300509,300509,300517,8,0
300509,300509,300517,8,0
300509,300515,300517,2,6
300509,300515,300517,2,6
300509,300509,300518,9,0
300509,300513,300518,5,4
300509,300509,300518,9,0
300509,300516,300519,3,7
300509,300517,300519,2,8
300509,300516,300518,2,7
300509,300517,300519,2,8
300509,300517,300519,2,8
300509,300516,300518,2,7
300509,300516,300518,2,7
300509,300517,300520,3,8
300509,300509,300519,10,0
300509,300517,300520,3,8
300509,300518,300520,2,9
300509,300516,300519,3,7
300509,300517,300519,2,8
300509,300518,300519,1,9
300509,300518,300520,2,9
300509,300518,300519,1,9
300509,300517,300520,3,8
300509,300519,300521,2,10
300509,300519,300521,2,10
300509,300519,300521,2,10
300509,300519,300521,2,10
300509,300519,300521,2,10
300509,300520,300521,1,11
300509,300519,300520,1,10
300509,300519,300520,1,10
300509,300520,300521,1,11
300509,300519,300521,2,10
300509,300520,300521,1,11
300509,300519,300522,3,10
300509,300520,300522,2,11
300509,300520,300521,1,11
300509,300520,300521,1,11
300509,300520,300521,1,11
300509,300521,300522,1,12
300509,300520,300522,2,11
300509,300509,300522,13,0
300509,300519,300522,3,10
300509,300509,300522,13,0
300509,300520,300522,2,11
300509,300521,300523,2,12
300509,300509,300523,14,0
300509,300521,300523,2,12
300509,300521,300523,2,12
300509,300521,300523,2,12
300509,300521,300523,2,12
300509,300521,300523,2,12
300509,300521,300522,1,12
300509,300521,300523,2,12
300509,300521,300522,1,12
300509,300509,300531,22,0
300539,300540,300541,1,1
300539,300540,300541,1,1
300539,300540,300541,1,1
300539,300540,300542,2,1
300539,300540,300543,3,1
300539,300540,300543,3,1
300539,300540,300544,4,1
300539,300541,300544,3,2
300539,300540,300545,5,1
300539,300542,300545,3,3
300539,300541,300546,5,2
300539,300543,300546,3,4
300539,300540,300547,7,1
300539,300540,300547,7,1
300539,300545,300548,3,6
300539,300545,300547,2,6
300539,300540,300547,7,1
300539,300540,300548,8,1
300539,300540,300548,8,1
300539,300540,300548,8,1
300539,300540,300548,8,1
300539,300546,300548,2,7
300539,300546,300548,2,7
300539,300540,300549,9,1
300539,300542,300550,8,3
300539,300544,300550,6,5
300539,300540,300549,9,1
300539,300548,300549,1,9
300539,300540,300549,9,1
300539,300547,300549,2,8
300539,300547,300549,2,8
300539,300548,300550,2,9
300539,300540,300549,9,1
300539,300540,300550,10,1
300539,300544,300551,7,5
300539,300548,300551,3,9
300539,300548,300550,2,9
300539,300548,300550,2,9
300539,300549,300551,2,10
300539,300549,300550,1,10
300539,300550,300552,2,11
300539,300551,300552,1,12
300539,300551,300552,1,12
300539,300550,300551,1,11
300539,300550,300552,2,11
300539,300550,300552,2,11
300539,300550,300552,2,11
300539,300550,300552,2,11
300539,300551,300552,1,12
300539,300548,300552,4,9
300539,300549,300552,3,10
300539,300551,300552,1,12
300539,300540,300552,12,1
300539,300549,300552,3,10
300539,300550,300552,2,11
300539,300550,300552,2,11
300539,300550,300552,2,11
300539,300551,300552,1,12
300539,300550,300552,2,11
300539,300552,300553,1,13
300539,300551,300552,1,12
300539,300551,300552,1,12
300539,300552,300553,1,13
300539,300549,300553,4,10
300539,300540,300553,13,1
300539,300552,300553,1,13
300539,300552,300553,1,13
300539,300552,300553,1,13
300539,300552,300554,2,13
300539,300552,300553,1,13
300539,300552,300554,2,13
300539,300552,300553,1,13
300539,300553,300554,1,14
300539,300553,300554,1,14
300539,300553,300554,1,14
300539,300553,300554,1,14
300539,300553,300554,1,14
300539,300540,300555,15,1
300565,300565,300566,1,0
300565,300565,300566,1,0
300565,300565,300567,2,0
300565,300565,300566,1,0
300565,300565,300568,3,0
300565,300565,300569,4,0
300565,300565,300569,4,0
300565,300565,300570,5,0
300565,300565,300570,5,0
300565,300565,300570,5,0
300565,300567,300570,3,2
300565,300565,300571,6,0
300565,300567,300571,4,2
300565,300565,300571,6,0
300565,300565,300572,7,0
300565,300567,300572,5,2
300565,300565,300572,7,0
300565,300571,300572,1,6
300565,300565,300573,8,0
300565,300567,300573,6,2
300565,300571,300573,2,6
300565,300570,300573,3,5
300565,300565,300573,8,0
300565,300570,300573,3,5
300565,300572,300573,1,7
300565,300565,300574,9,0
300565,300568,300575,7,3
300565,300565,300575,10,0
300565,300570,300574,4,5
300565,300570,300574,4,5
300565,300573,300574,1,8
300565,300565,300574,9,0
300565,300569,300574,5,4
300565,300573,300574,1,8
300565,300573,300574,1,8
300565,300572,300575,3,7
300565,300573,300575,2,8
300565,300573,300575,2,8
300565,300574,300576,2,9
300565,300574,300575,1,9
300565,300574,300575,1,9
300565,300565,300576,11,0
300565,300575,300576,1,10
300565,300575,300576,1,10
300565,300575,300576,1,10
300565,300575,300576,1,10
300565,300575,300576,1,10
300565,300576,300577,1,11
300565,300575,300576,1,10
300565,300575,300576,1,10
300565,300575,300576,1,10
300565,300574,300577,3,9
300565,300575,300577,2,10
300565,300576,300577,1,11
300565,300576,300577,1,11
300565,300574,300577,3,9
300565,300575,300577,2,10
300565,300576,300577,1,11
300565,300576,300577,1,11
300565,300577,300578,1,12
300565,300576,300577,1,11
300565,300577,300578,1,12
300565,300577,300578,1,12
300565,300565,300578,13,0
300565,300574,300578,4,9
300565,300565,300578,13,0
300565,300577,300578,1,12
300565,300577,300578,1,12
300565,300577,300578,1,12
300565,300577,300578,1,12
300565,300577,300578,1,12
300565,300577,300578,1,12
300565,300578,300579,1,13
300565,300577,300579,2,12
300565,300565,300579,14,0
300565,300578,300579,1,13
300565,300578,300579,1,13
300565,300565,300584,19,0
300593,300593,300594,1,0
300593,300593,300594,1,0
300593,300593,300594,1,0
300593,300593,300594,1,0
300593,300593,300596,3,0
300593,300593,300598,5,0
300593,300594,300598,4,1
300593,300593,300598,5,0
300593,300595,300597,2,2
300593,300593,300598,5,0
300593,300595,300598,3,2
300593,300593,300599,6,0
300593,300593,300598,5,0
300593,300593,300598,5,0
300593,300593,300599,6,0
300593,300593,300599,6,0
300593,300593,300600,7,0
300593,300593,300599,6,0
300593,300593,300601,8,0
300593,300593,300600,7,0
300593,300599,300601,2,6
300593,300598,300601,3,5
300593,300598,300600,2,5
300593,300599,300600,1,6
300593,300599,300602,3,6
300593,300598,300601,3,5
300593,300598,300602,4,5
300593,300599,300601,2,6
300593,300600,300602,2,7
300593,300598,300601,3,5
300593,300600,300601,1,7
300593,300593,300602,9,0
300593,300598,300602,4,5
300593,300600,300603,3,7
300593,300602,300603,1,9
300593,300593,300603,10,0
300593,300593,300604,11,0
300593,300601,300603,2,8
300593,300602,300603,1,9
300593,300602,300603,1,9
300593,300601,300603,2,8
300593,300601,300603,2,8
300593,300602,300604,2,9
300593,300602,300604,2,9
300593,300593,300604,11,0
300593,300593,300604,11,0
300593,300603,300605,2,10
300593,300597,300605,8,4
300593,300602,300605,3,9
300593,300603,300604,1,10
300593,300604,300605,1,11
300593,300603,300604,1,10
300593,300604,300605,1,11
300593,300604,300605,1,11
300593,300603,300605,2,10
300593,300604,300605,1,11
300593,300602,300606,4,9
300593,300595,300606,11,2
300593,300601,300605,4,8
300593,300604,300605,1,11
300593,300605,300606,1,12
300593,300604,300606,2,11
300593,300605,300606,1,12
300593,300605,300606,1,12
300593,300604,300606,2,11
300593,300605,300606,1,12
300593,300605,300606,1,12
300593,300593,300607,14,0
300593,300601,300607,6,8
300593,300604,300607,3,11
300593,300605,300607,2,12
300593,300593,300607,14,0
300593,300604,300606,2,11
300593,300605,300606,1,12
300593,300605,300607,2,12
300593,300605,300607,2,12
300593,300605,300607,2,12
300593,300601,300607,6,8
300593,300605,300607,2,12
300617,300617,300618,1,0
300617,300617,300618,1,0
300617,300617,300619,2,0
300617,300617,300619,2,0
300617,300617,300622,5,0
300617,300618,300622,4,1
300617,300617,300623,6,0
300617,300617,300623,6,0
300617,300619,300623,4,2
300617,300617,300622,5,0
300617,300617,300623,6,0
300617,300617,300623,6,0
300617,300617,300624,7,0
300617,300617,300623,6,0
300617,300619,300624,5,2
300617,300617,300623,6,0
300617,300617,300623,6,0
300617,300617,300624,7,0
300617,300617,300625,8,0
300617,300617,300626,9,0
300617,300617,300626,9,0
300617,300617,300626,9,0
300617,300623,300626,3,6
300617,300624,300626,2,7
300617,300624,300626,2,7
300617,300623,300625,2,6
300617,300619,300627,8,2
300617,300617,300626,9,0
300617,300617,300626,9,0
300617,300624,300627,3,7
300617,300622,300626,4,5
300617,300617,300627,10,0
300617,300623,300628,5,6
300617,300623,300628,5,6
300617,300624,300628,4,7
300617,300626,300628,2,9
300617,300623,300627,4,6
300617,300617,300629,12,0
300617,300625,300629,4,8
300617,300627,300629,2,10
300617,300626,300629,3,9
300617,300626,300629,3,9
300617,300626,300628,2,9
300617,300627,300629,2,10
300617,300624,300629,5,7
300617,300626,300629,3,9
300617,300627,300629,2,10
300617,300626,300629,3,9
300617,300628,300629,1,11
300617,300626,300630,4,9
300617,300627,300629,2,10
300617,300622,300630,8,5
300617,300627,300629,2,10
300617,300628,300630,2,11
300617,300628,300630,2,11
300617,300629,300630,1,12
300617,300629,300630,1,12
300617,300623,300629,6,6
300617,300628,300630,2,11
300617,300628,300630,2,11
300617,300629,300630,1,12
300617,300629,300630,1,12
300617,300617,300631,14,0
300617,300629,300631,2,12
300617,300629,300631,2,12
300617,300629,300631,2,12
300617,300625,300630,5,8
300617,300628,300630,2,11
300617,300630,300631,1,13
300617,300630,300632,2,13
300617,300630,300632,2,13
300617,300629,300632,3,12
300617,300629,300632,3,12
300617,300631,300632,1,14
300617,300631,300632,1,14
300617,300631,300632,1,14
300617,300631,300632,1,14
300642,300642,300643,1,0
300642,300642,300643,1,0
300642,300642,300643,1,0
300642,300642,300644,2,0
300642,300642,300646,4,0
300642,300643,300647,4,1
300642,300642,300648,6,0
300642,300644,300647,3,2
300642,300642,300648,6,0
300642,300642,300647,5,0
300642,300642,300648,6,0
300642,300642,300648,6,0
300642,300642,300648,6,0
300642,300642,300649,7,0
300642,300642,300649,7,0
300642,300644,300649,5,2
300642,300642,300649,7,0
300642,300642,300649,7,0
300642,300642,300650,8,0
300642,300648,300650,2,6
300642,300648,300651,3,6
300642,300642,300652,10,0
300642,300642,300652,10,0
300642,300648,300651,3,6
300642,300649,300652,3,7
300642,300648,300651,3,6
300642,300648,300652,4,6
300642,300647,300652,5,5
300642,300648,300652,4,6
300642,300642,300653,11,0
300642,300642,300652,10,0
300642,300642,300653,11,0
300642,300649,300652,3,7
300642,300652,300653,1,10
300642,300646,300654,8,4
300642,300652,300654,2,10
300642,300651,300654,3,9
300642,300652,300654,2,10
300642,300649,300654,5,7
300642,300652,300654,2,10
300642,300652,300653,1,10
300642,300651,300654,3,9
300642,300652,300654,2,10
300642,300642,300655,13,0
300642,300653,300655,2,11
300642,300642,300654,12,0
300642,300644,300655,11,2
300642,300652,300655,3,10
300642,300652,300655,3,10
300642,300653,300655,2,11
300642,300654,300655,1,12
300642,300649,300655,6,7
300642,300653,300655,2,11
300642,300653,300655,2,11
300642,300655,300656,1,13
300642,300653,300656,3,11
300642,300654,300656,2,12
300642,300654,300656,2,12
300642,300654,300656,2,12
300642,300654,300656,2,12
300642,300654,300656,2,12
300642,300654,300656,2,12
300642,300656,300657,1,14
300642,300655,300656,1,13
300642,300656,300657,1,14
300642,300656,300657,1,14
300642,300655,300657,2,13
300642,300655,300656,1,13
300642,300655,300656,1,13
300642,300655,300657,2,13
300642,300655,300657,2,13
300642,300656,300657,1,14
300642,300650,300658,8,8
300642,300655,300658,3,13
300642,300650,300658,8,8
300642,300651,300657,6,9
300642,300642,300659,17,0
300668,300668,300669,1,0
300668,300668,300669,1,0
300668,300668,300669,1,0
300668,300668,300670,2,0
300668,300668,300671,3,0
300668,300668,300673,5,0
300668,300668,300674,6,0
300668,300669,300673,4,1
300668,300668,300674,6,0
300668,300668,300674,6,0
300668,300670,300674,4,2
300668,300668,300675,7,0
300668,300668,300675,7,0
300668,300668,300676,8,0
300668,300668,300676,8,0
300668,300668,300676,8,0
300668,300674,300676,2,6
300668,300668,300676,8,0
300668,300674,300676,2,6
300668,300668,300677,9,0
300668,300668,300677,9,0
300668,300668,300677,9,0
300668,300668,300677,9,0
300668,300668,300677,9,0
300668,300670,300677,7,2
300668,300674,300677,3,6
300668,300674,300677,3,6
300668,300668,300678,10,0
300668,300668,300678,10,0
300668,300675,300678,3,7
300668,300670,300678,8,2
300668,300673,300678,5,5
300668,300674,300679,5,6
300668,300675,300679,4,7
300668,300678,300679,1,10
300668,300678,300679,1,10
300668,300678,300679,1,10
300668,300677,300679,2,9
300668,300677,300679,2,9
300668,300679,300680,1,11
300668,300679,300680,1,11
300668,300668,300680,12,0
300668,300677,300680,3,9
300668,300676,300680,4,8
300668,300678,300680,2,10
300668,300668,300680,12,0
300668,300678,300680,2,10
300668,300679,300680,1,11
300668,300677,300681,4,9
300668,300680,300681,1,12
300668,300678,300680,2,10
300668,300679,300680,1,11
300668,300680,300681,1,12
300668,300678,300681,3,10
300668,300677,300681,4,9
300668,300680,300681,1,12
300668,300681,300682,1,13
300668,300679,300681,2,11
300668,300680,300681,1,12
300668,300680,300681,1,12
300668,300680,300681,1,12
300668,300680,300681,1,12
300668,300672,300683,11,4
300668,300681,300682,1,13
300668,300681,300682,1,13
300668,300677,300683,6,9
300668,300681,300682,1,13
300668,300681,300682,1,13
300668,300681,300682,1,13
300668,300681,300682,1,13
300668,300681,300682,1,13
300668,300681,300682,1,13
300668,300681,300682,1,13
300668,300681,300682,1,13
300668,300681,300682,1,13
300668,300681,300682,1,13
300668,300681,300682,1,13
300668,300682,300683,1,14
300668,300682,300683,1,14
300692,300692,300693,1,0
300692,300692,300694,2,0
300692,300692,300694,2,0
300692,300692,300694,2,0
300692,300692,300695,3,0
300692,300692,300697,5,0
300692,300692,300698,6,0
300692,300692,300698,6,0
300692,300692,300698,6,0
300692,300692,300698,6,0
300692,300694,300698,4,2
300692,300692,300699,7,0
300692,300693,300699,6,1
300692,300692,300699,7,0
300692,300692,300700,8,0
300692,300692,300700,8,0
300692,300692,300700,8,0
300692,300699,300701,2,7
300692,300698,300701,3,6
300692,300699,300700,1,7
300692,300692,300701,9,0
300692,300699,300701,2,7
300692,300692,300701,9,0
300692,300692,300701,9,0
300692,300699,300701,2,7
300692,300699,300701,2,7
300692,300700,300702,2,8
300692,300694,300702,8,2
300692,300692,300702,10,0
300692,300692,300702,10,0
300692,300692,300702,10,0
300692,300694,300702,8,2
300692,300700,300702,2,8
300692,300701,300703,2,9
300692,300692,300703,11,0
300692,300702,300704,2,10
300692,300702,300703,1,10
300692,300701,300704,3,9
300692,300702,300703,1,10
300692,300701,300704,3,9
300692,300702,300703,1,10
300692,300703,300704,1,11
300692,300692,300704,12,0
300692,300700,300704,4,8
300692,300702,300704,2,10
300692,300692,300704,12,0
300692,300701,300704,3,9
300692,300702,300704,2,10
300692,300703,300705,2,11
300692,300703,300704,1,11
300692,300703,300704,1,11
300692,300701,300704,3,9
300692,300703,300704,1,11
300692,300702,300704,2,10
300692,300703,300705,2,11
300692,300704,300705,1,12
300692,300703,300705,2,11
300692,300704,300705,1,12
300692,300704,300705,1,12
300692,300705,300706,1,13
300692,300705,300706,1,13
300692,300704,300705,1,12
300692,300704,300705,1,12
300692,300705,300706,1,13
300692,300704,300705,1,12
300692,300704,300706,2,12
300692,300704,300705,1,12
300692,300705,300706,1,13
300692,300705,300706,1,13
300692,300705,300706,1,13
300692,300705,300706,1,13
300692,300697,300707,10,5
300692,300705,300706,1,13
300692,300705,300706,1,13
300692,300705,300706,1,13
300692,300705,300706,1,13
300692,300705,300706,1,13
300692,300701,300707,6,9
300692,300706,300707,1,14
300716,300716,300717,1,0
300716,300716,300717,1,0
300716,300716,300718,2,0
300716,300716,300718,2,0
300716,300716,300719,3,0
300716,300716,300720,4,0
300716,300716,300721,5,0
300716,300716,300721,5,0
300716,300716,300721,5,0
300716,300716,300722,6,0
300716,300717,300722,5,1
300716,300716,300722,6,0
300716,300716,300723,7,0
300716,300716,300723,7,0
300716,300718,300723,5,2
300716,300718,300723,5,2
300716,300716,300723,7,0
300716,300716,300724,8,0
300716,300716,300724,8,0
300716,300716,300724,8,0
300716,300723,300724,1,7
300716,300723,300724,1,7
300716,300716,300725,9,0
300716,300721,300725,4,5
300716,300724,300725,1,8
300716,300721,300725,4,5
300716,300724,300726,2,8
300716,300720,300725,5,4
300716,300725,300726,1,9
300716,300716,300726,10,0
300716,300716,300726,10,0
300716,300719,300727,8,3
300716,300725,300726,1,9
300716,300724,300726,2,8
300716,300723,300726,3,7
300716,300724,300726,2,8
300716,300725,300727,2,9
300716,300721,300726,5,5
300716,300725,300726,1,9
300716,300716,300727,11,0
300716,300716,300727,11,0
300716,300718,300727,9,2
300716,300726,300728,2,10
300716,300726,300728,2,10
300716,300727,300728,1,11
300716,300726,300727,1,10
300716,300727,300728,1,11
300716,300726,300728,2,10
300716,300726,300727,1,10
300716,300727,300728,1,11
300716,300724,300728,4,8
300716,300727,300728,1,11
300716,300727,300729,2,11
300716,300727,300729,2,11
300716,300727,300728,1,11
300716,300727,300728,1,11
300716,300724,300728,4,8
300716,300728,300729,1,12
300716,300728,300729,1,12
300716,300727,300728,1,11
300716,300727,300728,1,11
300716,300728,300729,1,12
300716,300728,300729,1,12
300716,300727,300728,1,11
300716,300728,300729,1,12
300716,300728,300729,1,12
300716,300728,300729,1,12
300716,300728,300729,1,12
300716,300728,300729,1,12
300716,300726,300730,4,10
300716,300728,300731,3,12
300716,300729,300730,1,13
300716,300728,300730,2,12
300716,300729,300730,1,13
300716,300729,300730,1,13
300716,300729,300730,1,13
300716,300729,300730,1,13
300716,300716,300731,15,0
300716,300716,300735,19,0
300743,300743,300744,1,0
300743,300743,300744,1,0
300743,300743,300744,1,0
300743,300743,300744,1,0
300743,300743,300747,4,0
300743,300743,300746,3,0
300743,300743,300746,3,0
300743,300743,300748,5,0
300743,300743,300749,6,0
300743,300743,300748,5,0
300743,300743,300748,5,0
300743,300744,300749,5,1
300743,300744,300749,5,1
300743,300743,300750,7,0
300743,300743,300750,7,0
300743,300743,300750,7,0
300743,300744,300749,5,1
300743,300743,300749,6,0
300743,300743,300750,7,0
300743,300747,300751,4,4
300743,300747,300751,4,4
300743,300743,300751,8,0
300743,300743,300751,8,0
300743,300743,300751,8,0
300743,300745,300751,6,2
300743,300750,300752,2,7
300743,300750,300752,2,7
300743,300748,300752,4,5
300743,300749,300752,3,6
300743,300750,300751,1,7
300743,300743,300753,10,0
300743,300749,300753,4,6
300743,300749,300753,4,6
300743,300749,300753,4,6
300743,300749,300753,4,6
300743,300751,300753,2,8
300743,300751,300753,2,8
300743,300751,300753,2,8
300743,300750,300754,4,7
300743,300752,300754,2,9
300743,300752,300754,2,9
300743,300753,300754,1,10
300743,300753,300754,1,10
300743,300752,300754,2,9
300743,300752,300754,2,9
300743,300752,300754,2,9
300743,300753,300754,1,10
300743,300753,300754,1,10
300743,300753,300754,1,10
300743,300753,300754,1,10
300743,300750,300754,4,7
300743,300753,300754,1,10
300743,300743,300754,11,0
300743,300743,300754,11,0
300743,300747,300755,8,4
300743,300752,300755,3,9
300743,300753,300755,2,10
300743,300755,300756,1,12
300743,300752,300756,4,9
300743,300743,300755,12,0
300743,300752,300756,4,9
300743,300752,300756,4,9
300743,300754,300755,1,11
300743,300754,300756,2,11
300743,300754,300756,2,11
300743,300755,300756,1,12
300743,300755,300756,1,12
300743,300755,300756,1,12
300743,300755,300756,1,12
300743,300755,300756,1,12
300743,300755,300757,2,12
300743,300755,300756,1,12
300743,300755,300757,2,12
300743,300755,300756,1,12
300743,300755,300757,2,12
300743,300743,300760,17,0
300769,300769,300770,1,0
300769,300769,300770,1,0
300769,300769,300770,1,0
300769,300769,300770,1,0
300769,300769,300772,3,0
300769,300769,300772,3,0
300769,300769,300774,5,0
300769,300769,300774,5,0
300769,300769,300773,4,0
300769,300769,300774,5,0
300769,300770,300774,4,1
300769,300770,300774,4,1
300769,300769,300775,6,0
300769,300769,300774,5,0
300769,300769,300774,5,0
300769,300769,300776,7,0
300769,300771,300776,5,2
300769,300769,300775,6,0
300769,300769,300776,7,0
300769,300774,300776,2,5
300769,300769,300776,7,0
300769,300769,300777,8,0
300769,300772,300776,4,3
300769,300774,300776,2,5
300769,300772,300777,5,3
300769,300776,300777,1,7
300769,300769,300777,8,0
300769,300771,300778,7,2
300769,300769,300777,8,0
300769,300776,300777,1,7
300769,300776,300777,1,7
300769,300774,300777,3,5
300769,300774,300777,3,5
300769,300776,300777,1,7
300769,300775,300778,3,6
300769,300776,300777,1,7
300769,300777,300778,1,8
300769,300769,300779,10,0
300769,300774,300779,5,5
300769,300777,300778,1,8
300769,300777,300779,2,8
300769,300778,300779,1,9
300769,300778,300779,1,9
300769,300777,300779,2,8
300769,300778,300779,1,9
300769,300777,300779,2,8
300769,300777,300778,1,8
300769,300778,300779,1,9
300769,300778,300779,1,9
300769,300775,300780,5,6
300769,300778,300780,2,9
300769,300778,300780,2,9
300769,300775,300779,4,6
300769,300779,300780,1,10
300769,300779,300780,1,10
300769,300778,300779,1,9
300769,300778,300780,2,9
300769,300779,300780,1,10
300769,300779,300780,1,10
300769,300779,300780,1,10
300769,300769,300780,11,0
300769,300769,300780,11,0
300769,300779,300780,1,10
300769,300778,300780,2,9
300769,300779,300781,2,10
300769,300779,300781,2,10
300769,300779,300781,2,10
300769,300779,300781,2,10
300769,300780,300781,1,11
300769,300779,300780,1,10
300769,300780,300781,1,11
300769,300780,300781,1,11
300769,300774,300782,8,5
300769,300769,300781,12,0
300769,300780,300781,1,11
300769,300780,300781,1,11
300769,300780,300782,2,11
300790,300790,300791,1,0
300790,300790,300791,1,0
300790,300790,300791,1,0
300790,300790,300791,1,0
300790,300790,300794,4,0
300790,300792,300794,2,2
300790,300790,300793,3,0
300790,300791,300794,3,1
300790,300792,300794,2,2
300790,300790,300794,4,0
300790,300790,300795,5,0
300790,300790,300795,5,0
300790,300790,300795,5,0
300790,300790,300796,6,0
300790,300790,300796,6,0
300790,300790,300796,6,0
300790,300790,300796,6,0
300790,300794,300796,2,4
300790,300790,300797,7,0
300790,300790,300797,7,0
300790,300794,300797,3,4
300790,300790,300796,6,0
300790,300794,300797,3,4
300790,300794,300797,3,4
300790,300790,300798,8,0
300790,300794,300797,3,4
300790,300792,300797,5,2
300790,300796,300798,2,6
300790,300796,300798,2,6
300790,300796,300798,2,6
300790,300795,300799,4,5
300790,300797,300799,2,7
300790,300797,300799,2,7
300790,300796,300799,3,6
300790,300797,300798,1,7
300790,300797,300799,2,7
300790,300797,300799,2,7
300790,300795,300799,4,5
300790,300798,300799,1,8
300790,300790,300800,10,0
300790,300798,300799,1,8
300790,300798,300799,1,8
300790,300798,300800,2,8
300790,300797,300799,2,7
300790,300799,300800,1,9
300790,300799,300800,1,9
300790,300798,300800,2,8
300790,300798,300800,2,8
300790,300799,300800,1,9
300790,300800,300801,1,10
300790,300790,300801,11,0
300790,300796,300801,5,6
300790,300800,300801,1,10
300790,300801,300802,1,11
300790,300801,300802,1,11
300790,300795,300802,7,5
300790,300800,300802,2,10
300790,300795,300801,6,5
300790,300800,300802,2,10
300790,300800,300802,2,10
300790,300790,300801,11,0
300790,300800,300802,2,10
300790,300801,300802,1,11
300790,300801,300802,1,11
300790,300801,300802,1,11
300790,300801,300802,1,11
300790,300801,300802,1,11
300790,300801,300802,1,11
300790,300801,300802,1,11
300790,300801,300802,1,11
300790,300790,300803,13,0
300790,300801,300803,2,11
300790,300790,300804,14,0
300790,300790,300806,16,0
300815,300815,300816,1,0
300815,300815,300816,1,0
300815,300815,300817,2,0
300815,300815,300817,2,0
300815,300815,300818,3,0
300815,300815,300819,4,0
300815,300815,300819,4,0
300815,300815,300818,3,0
300815,300817,300819,2,2
300815,300815,300819,4,0
300815,300815,300819,4,0
300815,300815,300819,4,0
300815,300816,300819,3,1
300815,300817,300820,3,2
300815,300815,300820,5,0
300815,300815,300821,6,0
300815,300815,300821,6,0
300815,300815,300821,6,0
300815,300815,300821,6,0
300815,300815,300822,7,0
300815,300815,300823,8,0
300815,300815,300823,8,0
300815,300817,300823,6,2
300815,300819,300823,4,4
300815,300820,300823,3,5
300815,300822,300823,1,7
300815,300820,300823,3,5
300815,300820,300823,3,5
300815,300822,300823,1,7
300815,300822,300823,1,7
300815,300822,300823,1,7
300815,300815,300824,9,0
300815,300815,300824,9,0
300815,300821,300824,3,6
300815,300815,300824,9,0
300815,300823,300824,1,8
300815,300820,300824,4,5
300815,300820,300824,4,5
300815,300820,300824,4,5
300815,300821,300824,3,6
300815,300824,300825,1,9
300815,300824,300825,1,9
300815,300815,300825,10,0
300815,300824,300825,1,9
300815,300819,300825,6,4
300815,300824,300825,1,9
300815,300824,300825,1,9
300815,300824,300825,1,9
300815,300824,300825,1,9
300815,300824,300825,1,9
300815,300824,300825,1,9
300815,300824,300825,1,9
300815,300825,300826,1,10
300815,300825,300826,1,10
300815,300824,300825,1,9
300815,300825,300826,1,10
300815,300815,300826,11,0
300815,300818,300826,8,3
300815,300825,300826,1,10
300815,300825,300826,1,10
300815,300825,300827,2,10
300815,300825,300826,1,10
300815,300825,300826,1,10
300815,300825,300826,1,10
300815,300826,300827,1,11
300815,300826,300827,1,11
300815,300825,300826,1,10
300815,300825,300826,1,10
300815,300826,300827,1,11
300815,300826,300827,1,11
300815,300826,300827,1,11
300815,300826,300827,1,11
300815,300826,300827,1,11
300815,300826,300827,1,11
300815,300826,300827,1,11
300815,300826,300827,1,11
300815,300826,300827,1,11
300815,300826,300827,1,11
300815,300826,300827,1,11
300836,300836,300837,1,0
300836,300836,300837,1,0
300836,300836,300838,2,0
300836,300836,300838,2,0
300836,300836,300839,3,0
300836,300838,300840,2,2
300836,300837,300841,4,1
300836,300836,300842,6,0
300836,300837,300841,4,1
300836,300838,300841,3,2
300836,300837,300842,5,1
300836,300836,300842,6,0
300836,300837,300842,5,1
300836,300836,300843,7,0
300836,300836,300843,7,0
300836,300836,300844,8,0
300836,300837,300843,6,1
300836,300839,300843,4,3
300836,300837,300844,7,1
300836,300837,300844,7,1
300836,300839,300844,5,3
300836,300841,300844,3,5
300836,300840,300845,5,4
300836,300842,300845,3,6
300836,300842,300846,4,6
300836,300842,300846,4,6
300836,300842,300845,3,6
300836,300837,300845,8,1
300836,300836,300846,10,0
300836,300837,300846,9,1
300836,300837,300846,9,1
300836,300844,300847,3,8
300836,300845,300846,1,9
300836,300846,300847,1,10
300836,300843,300846,3,7
300836,300844,300846,2,8
300836,300844,300846,2,8
300836,300843,300846,3,7
300836,300846,300847,1,10
300836,300837,300847,10,1
300836,300837,300847,10,1
300836,300845,300848,3,9
300836,300843,300848,5,7
300836,300847,300848,1,11
300836,300847,300848,1,11
300836,300846,300848,2,10
300836,300846,300847,1,10
300836,300847,300848,1,11
300836,300847,300848,1,11
300836,300846,300847,1,10
300836,300845,300848,3,9
300836,300847,300848,1,11
300836,300844,300848,4,8
300836,300845,300848,3,9
300836,300847,300848,1,11
300836,300844,300848,4,8
300836,300846,300849,3,10
300836,300847,300848,1,11
300836,300847,300848,1,11
300836,300847,300848,1,11
300836,300847,300848,1,11
300836,300848,300849,1,12
300836,300847,300848,1,11
300836,300848,300849,1,12
300836,300848,300849,1,12
300836,300848,300849,1,12
300836,300848,300849,1,12
300836,300848,300849,1,12
300836,300848,300849,1,12
300836,300848,300849,1,12
300836,300848,300849,1,12
300836,300848,300849,1,12
300836,300848,300849,1,12
300836,300849,300850,1,13
300836,300849,300850,1,13
300836,300849,300850,1,13
300836,300849,300850,1,13
300836,300849,300850,1,13
300836,300836,300851,15,0
300860,300860,300862,2,0
300860,300860,300861,1,0
300860,300860,300861,1,0
300860,300860,300861,1,0
300860,300860,300861,1,0
300860,300860,300863,3,0
300860,300860,300865,5,0
300860,300860,300865,5,0
300860,300862,300866,4,2
300860,300860,300865,5,0
300860,300860,300866,6,0
300860,300862,300866,4,2
300860,300862,300867,5,2
300860,300860,300868,8,0
300860,300860,300867,7,0
300860,300860,300868,8,0
300860,300860,300867,7,0
300860,300864,300868,4,4
300860,300860,300869,9,0
300860,300865,300869,4,5
300860,300860,300868,8,0
300860,300866,300869,3,6
300860,300860,300870,10,0
300860,300860,300869,9,0
300860,300862,300870,8,2
300860,300860,300869,9,0
300860,300860,300869,9,0
300860,300866,300869,3,6
300860,300867,300870,3,7
300860,300866,300869,3,6
300860,300860,300870,10,0
300860,300860,300871,11,0
300860,300868,300871,3,8
300860,300860,300870,10,0
300860,300862,300871,9,2
300860,300866,300871,5,6
300860,300866,300871,5,6
300860,300868,300871,3,8
300860,300868,300870,2,8
300860,300868,300871,3,8
300860,300869,300871,2,9
300860,300870,300871,1,10
300860,300869,300871,2,9
300860,300870,300871,1,10
300860,300868,300872,4,8
300860,300870,300872,2,10
300860,300870,300872,2,10
300860,300871,300872,1,11
300860,300870,300872,2,10
300860,300870,300872,2,10
300860,300871,300872,1,11
300860,300869,300871,2,9
300860,300870,300873,3,10
300860,300871,300872,1,11
300860,300871,300872,1,11
300860,300871,300872,1,11
300860,300871,300873,2,11
300860,300871,300873,2,11
300860,300871,300873,2,11
300860,300871,300873,2,11
300860,300871,300873,2,11
300860,300872,300873,1,12
300860,300871,300873,2,11
300860,300871,300873,2,11
300860,300871,300873,2,11
300860,300871,300873,2,11
300860,300870,300873,3,10
300860,300872,300873,1,12
300860,300869,300874,5,9
300860,300872,300874,2,12
300860,300872,300873,1,12
300860,300873,300874,1,13
300860,300873,300874,1,13
300860,300873,300874,1,13
300860,300873,300875,2,13
300860,300873,300875,2,13
300860,300860,300875,15,0
300860,300873,300875,2,13
300884,300884,300885,1,0
300884,300884,300885,1,0
300884,300884,300885,1,0
300884,300884,300885,1,0
300884,300884,300885,1,0
300884,300884,300887,3,0
300884,300884,300888,4,0
300884,300885,300887,2,1
300884,300885,300888,3,1
300884,300884,300888,4,0
300884,300884,300889,5,0
300884,300886,300889,3,2
300884,300884,300889,5,0
300884,300884,300890,6,0
300884,300884,300890,6,0
300884,300884,300891,7,0
300884,300884,300891,7,0
300884,300884,300891,7,0
300884,300889,300892,3,5
300884,300888,300891,3,4
300884,300890,300891,1,6
300884,300884,300892,8,0
300884,300890,300893,3,6
300884,300890,300892,2,6
300884,300891,300893,2,7
300884,300888,300893,5,4
300884,300891,300892,1,7
300884,300886,300893,7,2
300884,300884,300893,9,0
300884,300884,300894,10,0
300884,300884,300895,11,0
300884,300886,300894,8,2
300884,300892,300894,2,8
300884,300892,300894,2,8
300884,300892,300895,3,8
300884,300893,300894,1,9
300884,300892,300894,2,8
300884,300893,300895,2,9
300884,300893,300895,2,9
300884,300893,300895,2,9
300884,300892,300894,2,8
300884,300892,300894,2,8
300884,300893,300895,2,9
300884,300884,300895,11,0
300884,300884,300895,11,0
300884,300884,300895,11,0
300884,300888,300895,7,4
300884,300894,300895,1,10
300884,300893,300896,3,9
300884,300894,300895,1,10
300884,300889,300896,7,5
300884,300895,300896,1,11
300884,300895,300897,2,11
300884,300895,300897,2,11
300884,300895,300897,2,11
300884,300895,300897,2,11
300884,300895,300897,2,11
300884,300895,300897,2,11
300884,300895,300896,1,11
300884,300895,300897,2,11
300884,300895,300897,2,11
300884,300895,300897,2,11
300884,300895,300897,2,11
300884,300896,300897,1,12
300884,300896,300897,1,12
300884,300896,300898,2,12
300884,300884,300897,13,0
300884,300896,300897,1,12
300884,300895,300898,3,11
300884,300896,300897,1,12
300884,300896,300897,1,12
300884,300897,300898,1,13
300884,300897,300898,1,13
300884,300897,300898,1,13
300884,300896,300898,2,12
300884,300884,300899,15,0
300884,300897,300898,1,13
300884,300895,300899,4,11
300884,300897,300898,1,13
300908,300908,300910,2,0
300908,300908,300909,1,0
300908,300908,300909,1,0
300908,300908,300910,2,0
300908,300908,300909,1,0
300908,300908,300910,2,0
300908,300908,300911,3,0
300908,300910,300912,2,2
300908,300908,300912,4,0
300908,300910,300913,3,2
300908,300910,300913,3,2
300908,300908,300913,5,0
300908,300911,300914,3,3
300908,300910,300915,5,2
300908,300908,300915,7,0
300908,300910,300915,5,2
300908,300908,300915,7,0
300908,300908,300915,7,0
300908,300912,300915,3,4
300908,300908,300916,8,0
300908,300908,300915,7,0
300908,300908,300916,8,0
300908,300908,300916,8,0
300908,300912,300915,3,4
300908,300913,300915,2,5
300908,300908,300915,7,0
300908,300913,300916,3,5
300908,300913,300916,3,5
300908,300908,300916,8,0
300908,300915,300917,2,7
300908,300915,300917,2,7
300908,300915,300917,2,7
300908,300915,300918,3,7
300908,300915,300917,2,7
300908,300916,300918,2,8
300908,300916,300918,2,8
300908,300916,300918,2,8
300908,300916,300918,2,8
300908,300917,300918,1,9
300908,300917,300918,1,9
300908,300917,300918,1,9
300908,300908,300918,10,0
300908,300917,300919,2,9
300908,300914,300919,5,6
300908,300914,300918,4,6
300908,300908,300919,11,0
300908,300915,300919,4,7
300908,300918,300919,1,10
300908,300918,300919,1,10
300908,300918,300919,1,10
300908,300916,300920,4,8
300908,300908,300920,12,0
300908,300908,300919,11,0
300908,300908,300920,12,0
300908,300916,300920,4,8
300908,300919,300920,1,11
300908,300919,300920,1,11
300908,300919,300920,1,11
300908,300919,300920,1,11
300908,300919,300920,1,11
300908,300919,300920,1,11
300908,300919,300920,1,11
300908,300919,300920,1,11
300908,300908,300920,12,0
300908,300919,300921,2,11
300908,300919,300921,2,11
300908,300919,300921,2,11
300908,300919,300921,2,11
300908,300919,300921,2,11
300908,300920,300921,1,12
300908,300920,300921,1,12
300908,300920,300921,1,12
300908,300920,300922,2,12
300908,300919,300922,3,11
300908,300919,300922,3,11
300908,300921,300922,1,13
300908,300921,300922,1,13
300908,300921,300922,1,13
300908,300921,300922,1,13
300932,300932,300933,1,0
300932,300932,300933,1,0
300932,300932,300933,1,0
300932,300932,300933,1,0
300932,300932,300935,3,0
300932,300932,300936,4,0
300932,300932,300937,5,0
300932,300932,300937,5,0
300932,300934,300937,3,2
300932,300934,300937,3,2
300932,300932,300938,6,0
300932,300934,300937,3,2
300932,300932,300938,6,0
300932,300932,300939,7,0
300932,300932,300939,7,0
300932,300932,300939,7,0
300932,300932,300939,7,0
300932,300932,300938,6,0
300932,300932,300940,8,0
300932,300932,300939,7,0
300932,300932,300940,8,0
300932,300937,300940,3,5
300932,300938,300940,2,6
300932,300938,300940,2,6
300932,300936,300940,4,4
300932,300934,300941,7,2
300932,300938,300940,2,6
300932,300939,300941,2,7
300932,300938,300941,3,6
300932,300939,300941,2,7
300932,300939,300941,2,7
300932,300932,300941,9,0
300932,300932,300942,10,0
300932,300932,300942,10,0
300932,300939,300942,3,7
300932,300940,300942,2,8
300932,300940,300942,2,8
300932,300940,300942,2,8
300932,300940,300942,2,8
300932,300938,300942,4,6
300932,300940,300942,2,8
300932,300932,300943,11,0
300932,300932,300942,10,0
300932,300932,300943,11,0
300932,300941,300942,1,9
300932,300940,300943,3,8
300932,300940,300943,3,8
300932,300941,300943,2,9
300932,300941,300943,2,9
300932,300941,300943,2,9
300932,300941,300943,2,9
300932,300941,300943,2,9
300932,300939,300944,5,7
300932,300939,300944,5,7
300932,300936,300944,8,4
300932,300942,300944,2,10
300932,300942,300944,2,10
300932,300943,300944,1,11
300932,300942,300944,2,10
300932,300942,300944,2,10
300932,300942,300944,2,10
300932,300942,300945,3,10
300932,300942,300945,3,10
300932,300942,300945,3,10
300932,300942,300945,3,10
300932,300943,300945,2,11
300932,300943,300945,2,11
300932,300942,300944,2,10
300932,300943,300945,2,11
300932,300943,300945,2,11
300932,300943,300945,2,11
300932,300944,300945,1,12
300932,300944,300945,1,12
300932,300943,300946,3,11
300932,300943,300946,3,11
300932,300943,300946,3,11
300932,300943,300946,3,11
300932,300944,300945,1,12
300932,300943,300948,5,11
300957,300957,300958,1,0
300957,300957,300958,1,0
300957,300957,300958,1,0
300957,300957,300958,1,0
300957,300957,300960,3,0
300957,300958,300962,4,1
300957,300957,300962,5,0
300957,300957,300963,6,0
300957,300957,300963,6,0
300957,300958,300963,5,1
300957,300957,300964,7,0
300957,300957,300964,7,0
300957,300957,300964,7,0
300957,300959,300964,5,2
300957,300957,300964,7,0
300957,300957,300965,8,0
300957,300957,300964,7,0
300957,300957,300965,8,0
300957,300957,300965,8,0
300957,300957,300966,9,0
300957,300957,300966,9,0
300957,300960,300966,6,3
300957,300963,300966,3,6
300957,300957,300966,9,0
300957,300962,300966,4,5
300957,300962,300966,4,5
300957,300963,300966,3,6
300957,300965,300966,1,8
300957,300957,300966,9,0
300957,300959,300966,7,2
300957,300957,300967,10,0
300957,300957,300967,10,0
300957,300964,300967,3,7
300957,300966,300967,1,9
300957,300967,300968,1,10
300957,300967,300968,1,10
300957,300957,300968,11,0
300957,300957,300968,11,0
300957,300965,300968,3,8
300957,300965,300968,3,8
300957,300964,300968,4,7
300957,300967,300968,1,10
300957,300967,300968,1,10
300957,300964,300968,4,7
300957,300967,300968,1,10
300957,300963,300968,5,6
300957,300967,300968,1,10
300957,300964,300969,5,7
300957,300965,300969,4,8
300957,300967,300969,2,10
300957,300968,300970,2,11
300957,300968,300970,2,11
300957,300968,300970,2,11
300957,300968,300970,2,11
300957,300967,300970,3,10
300957,300968,300970,2,11
300957,300968,300970,2,11
300957,300969,300970,1,12
300957,300969,300970,1,12
300957,300969,300970,1,12
300957,300968,300970,2,11
300957,300969,300971,2,12
300957,300969,300971,2,12
300957,300970,300971,1,13
300957,300969,300970,1,12
300957,300969,300970,1,12
300957,300970,300971,1,13
300957,300970,300971,1,13
300957,300966,300971,5,9
300957,300969,300971,2,12
300957,300970,300971,1,13
300957,300969,300971,2,12
300957,300970,300971,1,13
300957,300969,300971,2,12
300957,300969,300971,2,12
300957,300970,300971,1,13
300957,300971,300972,1,14
300957,300971,300972,1,14
300957,300968,300972,4,11
300982,300982,300983,1,0
300982,300982,300983,1,0
300982,300982,300983,1,0
300982,300982,300983,1,0
300982,300982,300984,2,0
300982,300982,300985,3,0
300982,300982,300987,5,0
300982,300983,300986,3,1
300982,300984,300987,3,2
300982,300984,300987,3,2
300982,300984,300987,3,2
300982,300982,300989,7,0
300982,300982,300988,6,0
300982,300982,300989,7,0
300982,300982,300988,6,0
300982,300982,300988,6,0
300982,300985,300989,4,3
300982,300982,300990,8,0
300982,300986,300990,4,4
300982,300982,300991,9,0
300982,300982,300991,9,0
300982,300982,300990,8,0
300982,300988,300990,2,6
300982,300988,300990,2,6
300982,300989,300991,2,7
300982,300989,300991,2,7
300982,300987,300990,3,5
300982,300982,300991,9,0
300982,300989,300991,2,7
300982,300982,300992,10,0
300982,300987,300991,4,5
300982,300991,300992,1,9
300982,300982,300993,11,0
300982,300990,300993,3,8
300982,300982,300993,11,0
300982,300989,300993,4,7
300982,300990,300993,3,8
300982,300991,300993,2,9
300982,300982,300993,11,0
300982,300991,300992,1,9
300982,300991,300993,2,9
300982,300991,300993,2,9
300982,300990,300993,3,8
300982,300992,300994,2,10
300982,300988,300994,6,6
300982,300991,300994,3,9
300982,300989,300993,4,7
300982,300992,300994,2,10
300982,300992,300994,2,10
300982,300982,300995,13,0
300982,300991,300995,4,9
300982,300991,300995,4,9
300982,300982,300995,13,0
300982,300982,300994,12,0
300982,300993,300995,2,11
300982,300993,300995,2,11
300982,300993,300995,2,11
300982,300993,300995,2,11
300982,300993,300995,2,11
300982,300993,300995,2,11
300982,300992,300994,2,10
300982,300992,300994,2,10
300982,300993,300995,2,11
300982,300994,300996,2,12
300982,300994,300996,2,12
300982,300993,300996,3,11
300982,300994,300995,1,12
300982,300995,300996,1,13
300982,300993,300996,3,11
300982,300994,300995,1,12
300982,300995,300997,2,13
300982,300995,300997,2,13
300982,300995,300996,1,13
300982,300993,300996,3,11
300982,300995,300996,1,13
300982,300994,300997,3,12
300982,300994,300996,2,12
300982,300995,300997,2,13
300982,300993,300998,5,11
301008,301008,301009,1,0
301008,301008,301009,1,0
301008,301008,301009,1,0
301008,301008,301009,1,0
301008,301008,301011,3,0
301008,301008,301012,4,0
301008,301008,301013,5,0
301008,301008,301013,5,0
301008,301008,301014,6,0
301008,301008,301013,5,0
301008,301008,301014,6,0
301008,301008,301014,6,0
301008,301009,301013,4,1
301008,301008,301014,6,0
301008,301008,301015,7,0
301008,301009,301014,5,1
301008,301013,301015,2,5
301008,301012,301015,3,4
301008,301010,301015,5,2
301008,301008,301015,7,0
301008,301014,301016,2,6
301008,301015,301016,1,7
301008,301010,301016,6,2
301008,301013,301015,2,5
301008,301014,301015,1,6
301008,301014,301015,1,6
301008,301014,301015,1,6
301008,301014,301015,1,6
301008,301008,301017,9,0
301008,301015,301016,1,7
301008,301008,301017,9,0
301008,301008,301016,8,0
301008,301015,301017,2,7
301008,301008,301017,9,0
301008,301008,301018,10,0
301008,301012,301017,5,4
301008,301016,301018,2,8
301008,301016,301018,2,8
301008,301015,301017,2,7
301008,301016,301018,2,8
301008,301016,301018,2,8
301008,301015,301017,2,7
301008,301016,301018,2,8
301008,301016,301018,2,8
301008,301016,301018,2,8
301008,301008,301018,10,0
301008,301008,301018,10,0
301008,301017,301019,2,9
301008,301017,301019,2,9
301008,301016,301019,3,8
301008,301017,301020,3,9
301008,301008,301019,11,0
301008,301016,301020,4,8
301008,301017,301020,3,9
301008,301018,301020,2,10
301008,301018,301020,2,10
301008,301018,301020,2,10
301008,301018,301020,2,10
301008,301018,301020,2,10
301008,301018,301020,2,10
301008,301018,301020,2,10
301008,301018,301020,2,10
301008,301018,301021,3,10
301008,301016,301021,5,8
301008,301019,301021,2,11
301008,301018,301021,3,10
301008,301018,301020,2,10
301008,301019,301021,2,11
301008,301019,301021,2,11
301008,301020,301021,1,12
301008,301019,301021,2,11
301008,301017,301022,5,9
301008,301020,301022,2,12
301008,301020,301021,1,12
301008,301019,301021,2,11
301008,301020,301021,1,12
301008,301020,301022,2,12
301008,301018,301022,4,10
301008,301008,301026,18,0
301036,301036,301037,1,0
301036,301036,301037,1,0
301036,301036,301037,1,0
301036,301036,301037,1,0
301036,301036,301038,2,0
301036,301036,301040,4,0
301036,301037,301041,4,1
301036,301036,301042,6,0
301036,301036,301041,5,0
301036,301038,301042,4,2
301036,301036,301041,5,0
301036,301038,301042,4,2
301036,301036,301042,6,0
301036,301042,301043,1,6
301036,301036,301043,7,0
301036,301038,301044,6,2
301036,301036,301043,7,0
301036,301042,301044,2,6
301036,301042,301043,1,6
301036,301043,301044,1,7
301036,301042,301044,2,6
301036,301042,301043,1,6
301036,301042,301044,2,6
301036,301043,301044,1,7
301036,301036,301045,9,0
301036,301036,301044,8,0
301036,301040,301044,4,4
301036,301043,301044,1,7
301036,301036,301046,10,0
301036,301036,301046,10,0
301036,301036,301046,10,0
301036,301036,301045,9,0
301036,301036,301046,10,0
301036,301044,301046,2,8
301036,301036,301046,10,0
301036,301044,301046,2,8
301036,301044,301046,2,8
301036,301036,301046,10,0
301036,301044,301046,2,8
301036,301044,301046,2,8
301036,301039,301046,7,3
301036,301036,301047,11,0
301036,301045,301047,2,9
301036,301044,301046,2,8
301036,301045,301046,1,9
301036,301044,301047,3,8
301036,301044,301047,3,8
301036,301045,301047,2,9
301036,301036,301048,12,0
301036,301046,301048,2,10
301036,301046,301048,2,10
301036,301046,301048,2,10
301036,301046,301048,2,10
301036,301045,301049,4,9
301036,301045,301048,3,9
301036,301046,301049,3,10
301036,301046,301049,3,10
301036,301046,301049,3,10
301036,301046,301048,2,10
301036,301047,301049,2,11
301036,301047,301049,2,11
301036,301047,301049,2,11
301036,301048,301049,1,12
301036,301049,301050,1,13
301036,301046,301049,3,10
301036,301046,301050,4,10
301036,301047,301050,3,11
301036,301047,301050,3,11
301036,301048,301050,2,12
301036,301047,301049,2,11
301036,301048,301049,1,12
301036,301049,301050,1,13
301036,301046,301051,5,10
301036,301046,301051,5,10
301036,301036,301053,17,0
301062,301062,301063,1,0
301062,301062,301063,1,0
301062,301062,301063,1,0
301062,301062,301063,1,0
301062,301062,301063,1,0
301062,301062,301067,5,0
301062,301063,301067,4,1
301062,301062,301068,6,0
301062,301063,301068,5,1
301062,301062,301067,5,0
301062,301062,301068,6,0
301062,301063,301068,5,1
301062,301062,301069,7,0
301062,301062,301068,6,0
301062,301062,301070,8,0
301062,301064,301070,6,2
301062,301064,301070,6,2
301062,301068,301070,2,6
301062,301062,301071,9,0
301062,301068,301071,3,6
301062,301062,301071,9,0
301062,301062,301071,9,0
301062,301062,301071,9,0
301062,301062,301071,9,0
301062,301067,301071,4,5
301062,301069,301071,2,7
301062,301062,301071,9,0
301062,301067,301071,4,5
301062,301070,301072,2,8
301062,301062,301071,9,0
301062,301068,301072,4,6
301062,301070,301072,2,8
301062,301070,301072,2,8
301062,301068,301072,4,6
301062,301068,301072,4,6
301062,301070,301072,2,8
301062,301069,301072,3,7
301062,301072,301073,1,10
301062,301062,301072,10,0
301062,301071,301073,2,9
301062,301071,301073,2,9
301062,301072,301073,1,10
301062,301072,301073,1,10
301062,301072,301073,1,10
301062,301062,301074,12,0
301062,301062,301075,13,0
301062,301071,301074,3,9
301062,301071,301074,3,9
301062,301062,301074,12,0
301062,301071,301074,3,9
301062,301071,301074,3,9
301062,301073,301074,1,11
301062,301073,301074,1,11
301062,301073,301074,1,11
301062,301073,301074,1,11
301062,301073,301074,1,11
301062,301072,301075,3,10
301062,301073,301075,2,11
301062,301074,301075,1,12
301062,301074,301075,1,12
301062,301075,301076,1,13
301062,301075,301076,1,13
301062,301073,301075,2,11
301062,301073,301075,2,11
301062,301074,301075,1,12
301062,301075,301076,1,13
301062,301073,301075,2,11
301062,301074,301075,1,12
301062,301074,301075,1,12
301062,301073,301076,3,11
301062,301075,301076,1,13
301062,301075,301076,1,13
301062,301075,301076,1,13
301062,301075,301076,1,13
301062,301075,301076,1,13
301062,301075,301076,1,13
301062,301075,301076,1,13
301062,301075,301076,1,13
301062,301062,301081,19,0
301090,301090,301091,1,0
301090,301090,301091,1,0
301090,301090,301091,1,0
301090,301090,301091,1,0
301090,301090,301093,3,0
301090,301090,301095,5,0
301090,301090,301096,6,0
301090,301091,301095,4,1
301090,301090,301096,6,0
301090,301090,301096,6,0
301090,301091,301096,5,1
301090,301091,301096,5,1
301090,301090,301097,7,0
301090,301090,301096,6,0
301090,301090,301097,7,0
301090,301090,301097,7,0
301090,301090,301098,8,0
301090,301090,301098,8,0
301090,301090,301099,9,0
301090,301096,301099,3,6
301090,301090,301098,8,0
301090,301097,301099,2,7
301090,301096,301099,3,6
301090,301097,301098,1,7
301090,301098,301100,2,8
301090,301090,301100,10,0
301090,301092,301100,8,2
301090,301096,301100,4,6
301090,301096,301099,3,6
301090,301096,301099,3,6
301090,301095,301100,5,5
301090,301098,301100,2,8
301090,301093,301101,8,3
301090,301098,301100,2,8
301090,301099,301101,2,9
301090,301096,301100,4,6
301090,301099,301101,2,9
301090,301099,301101,2,9
301090,301099,301101,2,9
301090,301090,301102,12,0
301090,301090,301102,12,0
301090,301099,301102,3,9
301090,301090,301102,12,0
301090,301100,301102,2,10
301090,301100,301102,2,10
301090,301099,301102,3,9
301090,301100,301102,2,10
301090,301100,301102,2,10
301090,301090,301103,13,0
301090,301090,301103,13,0
301090,301100,301103,3,10
301090,301098,301103,5,8
301090,301090,301103,13,0
301090,301100,301103,3,10
301090,301100,301103,3,10
301090,301101,301103,2,11
301090,301101,301103,2,11
301090,301101,301103,2,11
301090,301101,301103,2,11
301090,301102,301103,1,12
301090,301101,301104,3,11
301090,301102,301104,2,12
301090,301101,301104,3,11
301090,301100,301103,3,10
301090,301102,301104,2,12
301090,301102,301104,2,12
301090,301102,301104,2,12
301090,301103,301104,1,13
301090,301103,301104,1,13
301090,301103,301104,1,13
301090,301102,301105,3,12
301090,301103,301105,2,13
301090,301103,301105,2,13
301090,301103,301105,2,13
301090,301103,301105,2,13
301090,301103,301105,2,13
301090,301103,301105,2,13
301115,301115,301116,1,0
301115,301115,301116,1,0
301115,301115,301116,1,0
301115,301115,301116,1,0
301115,301115,301118,3,0
301115,301115,301120,5,0
301115,301115,301121,6,0
301115,301116,301120,4,1
301115,301115,301121,6,0
301115,301115,301121,6,0
301115,301115,301122,7,0
301115,301117,301122,5,2
301115,301116,301121,5,1
301115,301115,301123,8,0
301115,301115,301122,7,0
301115,301115,301123,8,0
301115,301115,301124,9,0
301115,301115,301124,9,0
301115,301121,301124,3,6
301115,301115,301124,9,0
301115,301122,301124,2,7
301115,301122,301124,2,7
301115,301115,301125,10,0
301115,301115,301125,10,0
301115,301121,301125,4,6
301115,301122,301124,2,7
301115,301115,301125,10,0
301115,301121,301124,3,6
301115,301123,301126,3,8
301115,301123,301125,2,8
301115,301123,301126,3,8
301115,301117,301126,9,2
301115,301121,301126,5,6
301115,301124,301126,2,9
301115,301115,301126,11,0
301115,301121,301126,5,6
301115,301124,301126,2,9
301115,301115,301127,12,0
301115,301115,301127,12,0
301115,301119,301126,7,4
301115,301115,301126,11,0
301115,301115,301126,11,0
301115,301124,301126,2,9
301115,301124,301127,3,9
301115,301124,301127,3,9
301115,301125,301127,2,10
301115,301124,301127,3,9
301115,301125,301127,2,10
301115,301125,301127,2,10
301115,301126,301128,2,11
301115,301125,301128,3,10
301115,301126,301128,2,11
301115,301126,301128,2,11
301115,301126,301128,2,11
301115,301127,301128,1,12
301115,301127,301128,1,12
301115,301126,301128,2,11
301115,301126,301128,2,11
301115,301126,301128,2,11
301115,301127,301128,1,12
301115,301126,301129,3,11
301115,301125,301129,4,10
301115,301126,301129,3,11
301115,301127,301129,2,12
301115,301127,301128,1,12
301115,301127,301129,2,12
301115,301127,301129,2,12
301115,301128,301129,1,13
301115,301128,301129,1,13
301115,301127,301130,3,12
301115,301127,301130,3,12
301115,301128,301130,2,13
301115,301125,301129,4,10
301115,301128,301130,2,13
301115,301128,301130,2,13
301115,301127,301131,4,12
301115,301127,301131,4,12
301140,301140,301141,1,0
301140,301140,301141,1,0
301140,301140,301142,2,0
301140,301140,301141,1,0
301140,301140,301145,5,0
301140,301140,301147,7,0
301140,301140,301147,7,0
301140,301142,301147,5,2
301140,301140,301147,7,0
301140,301140,301147,7,0
301140,301140,301147,7,0
301140,301140,301147,7,0
301140,301142,301147,5,2
301140,301142,301148,6,2
301140,301140,301149,9,0
301140,301140,301149,9,0
301140,301142,301150,8,2
301140,301140,301150,10,0
301140,301140,301150,10,0
301140,301147,301150,3,7
301140,301148,301150,2,8
301140,301148,301150,2,8
301140,301140,301150,10,0
301140,301140,301150,10,0
301140,301148,301150,2,8
301140,301148,301150,2,8
301140,301148,301150,2,8
301140,301147,301150,3,7
301140,301148,301150,2,8
301140,301140,301151,11,0
301140,301140,301151,11,0
301140,301140,301151,11,0
301140,301140,301151,11,0
301140,301140,301151,11,0
301140,301149,301151,2,9
301140,301140,301152,12,0
301140,301145,301152,7,5
301140,301150,301152,2,10
301140,301151,301152,1,11
301140,301151,301152,1,11
301140,301151,301152,1,11
301140,301151,301153,2,11
301140,301151,301152,1,11
301140,301151,301152,1,11
301140,301151,301153,2,11
301140,301151,301153,2,11
301140,301149,301153,4,9
301140,301151,301153,2,11
301140,301152,301154,2,12
301140,301151,301153,2,11
301140,301152,301153,1,12
301140,301152,301154,2,12
301140,301152,301154,2,12
301140,301151,301153,2,11
301140,301151,301153,2,11
301140,301152,301153,1,12
301140,301152,301154,2,12
301140,301153,301154,1,13
301140,301140,301154,14,0
301140,301151,301154,3,11
301140,301153,301154,1,13
301140,301154,301155,1,14
301140,301154,301155,1,14
301140,301153,301154,1,13
301140,301153,301154,1,13
301140,301153,301154,1,13
301140,301153,301154,1,13
301140,301154,301156,2,14
301140,301154,301155,1,14
301140,301154,301155,1,14
301140,301153,301156,3,13
301140,301154,301155,1,14
301140,301154,301155,1,14
301140,301154,301155,1,14
301140,301153,301156,3,13
301140,301154,301155,1,14
301140,301153,301155,2,13
301140,301153,301155,2,13
301140,301153,301156,3,13
301166,301166,301167,1,0
301166,301166,301167,1,0
301166,301166,301167,1,0
301166,301166,301167,1,0
301166,301166,301168,2,0
301166,301166,301170,4,0
301166,301166,301172,6,0
301166,301166,301172,6,0
301166,301166,301171,5,0
301166,301166,301172,6,0
301166,301166,301172,6,0
301166,301166,301172,6,0
301166,301166,301173,7,0
301166,301166,301172,6,0
301166,301167,301172,5,1
301166,301166,301173,7,0
301166,301168,301173,5,2
301166,301166,301174,8,0
301166,301168,301174,6,2
301166,301166,301174,8,0
301166,301168,301174,6,2
301166,301171,301174,3,5
301166,301166,301174,8,0
301166,301172,301175,3,6
301166,301172,301175,3,6
301166,301173,301175,2,7
301166,301166,301176,10,0
301166,301172,301176,4,6
301166,301173,301176,3,7
301166,301173,301176,3,7
301166,301173,301176,3,7
301166,301173,301176,3,7
301166,301174,301176,2,8
301166,301173,301176,3,7
301166,301174,301176,2,8
301166,301166,301177,11,0
301166,301172,301177,5,6
301166,301174,301177,3,8
301166,301166,301177,11,0
301166,301174,301177,3,8
301166,301168,301177,9,2
301166,301174,301177,3,8
301166,301173,301177,4,7
301166,301175,301177,2,9
301166,301177,301178,1,11
301166,301176,301177,1,10
301166,301175,301178,3,9
301166,301177,301178,1,11
301166,301177,301178,1,11
301166,301176,301178,2,10
301166,301177,301178,1,11
301166,301177,301178,1,11
301166,301178,301179,1,12
301166,301177,301178,1,11
301166,301177,301178,1,11
301166,301178,301179,1,12
301166,301177,301179,2,11
301166,301177,301179,2,11
301166,301176,301179,3,10
301166,301177,301179,2,11
301166,301177,301179,2,11
301166,301178,301179,1,12
301166,301177,301179,2,11
301166,301178,301179,1,12
301166,301179,301180,1,13
301166,301179,301180,1,13
301166,301179,301180,1,13
301166,301179,301180,1,13
301166,301178,301179,1,12
301166,301179,301180,1,13
301166,301177,301180,3,11
301166,301166,301180,14,0
301166,301166,301180,14,0
301166,301177,301180,3,11
301166,301179,301180,1,13
301166,301179,301180,1,13
301166,301179,301180,1,13
301166,301179,301180,1,13
301166,301166,301183,17,0
301192,301192,301193,1,0
301192,301192,301194,2,0
301192,301192,301193,1,0
301192,301192,301194,2,0
301192,301192,301194,2,0
301192,301192,301196,4,0
301192,301192,301197,5,0
301192,301194,301197,3,2
301192,301192,301197,5,0
301192,301193,301196,3,1
301192,301192,301197,5,0
301192,301192,301197,5,0
301192,301192,301197,5,0
301192,301194,301198,4,2
301192,301192,301198,6,0
301192,301192,301197,5,0
301192,301192,301198,6,0
301192,301192,301198,6,0
301192,301192,301199,7,0
301192,301194,301199,5,2
301192,301192,301199,7,0
301192,301196,301199,3,4
301192,301192,301199,7,0
301192,301192,301200,8,0
301192,301197,301200,3,5
301192,301198,301200,2,6
301192,301198,301200,2,6
301192,301192,301200,8,0
301192,301197,301200,3,5
301192,301198,301200,2,6
301192,301192,301201,9,0
301192,301194,301201,7,2
301192,301198,301201,3,6
301192,301198,301201,3,6
301192,301192,301201,9,0
301192,301197,301201,4,5
301192,301197,301201,4,5
301192,301199,301201,2,7
301192,301192,301202,10,0
301192,301199,301202,3,7
301192,301199,301202,3,7
301192,301200,301202,2,8
301192,301200,301202,2,8
301192,301201,301202,1,9
301192,301201,301202,1,9
301192,301201,301202,1,9
301192,301199,301202,3,7
301192,301200,301202,2,8
301192,301198,301203,5,6
301192,301198,301203,5,6
301192,301201,301203,2,9
301192,301200,301203,3,8
301192,301201,301203,2,9
301192,301199,301203,4,7
301192,301202,301203,1,10
301192,301202,301203,1,10
301192,301203,301204,1,11
301192,301202,301203,1,10
301192,301202,301203,1,10
301192,301202,301203,1,10
301192,301202,301203,1,10
301192,301203,301204,1,11
301192,301203,301204,1,11
301192,301192,301204,12,0
301192,301203,301204,1,11
301192,301203,301204,1,11
301192,301203,301204,1,11
301192,301202,301204,2,10
301192,301203,301204,1,11
301192,301203,301204,1,11
301192,301203,301204,1,11
301192,301203,301204,1,11
301192,301203,301205,2,11
301192,301203,301205,2,11
301192,301204,301205,1,12
301192,301204,301205,1,12
301192,301204,301205,1,12
301192,301204,301205,1,12
301215,301215,301216,1,0
301215,301215,301216,1,0
301215,301215,301216,1,0
301215,301215,301217,2,0
301215,301215,301216,1,0
301215,301215,301219,4,0
301215,301215,301220,5,0
301215,301215,301219,4,0
301215,301216,301220,4,1
301215,301215,301220,5,0
301215,301215,301221,6,0
301215,301215,301221,6,0
301215,301216,301220,4,1
301215,301215,301220,5,0
301215,301215,301220,5,0
301215,301215,301221,6,0
301215,301215,301221,6,0
301215,301217,301221,4,2
301215,301215,301223,8,0
301215,301217,301223,6,2
301215,301215,301223,8,0
301215,301217,301223,6,2
301215,301221,301223,2,6
301215,301221,301223,2,6
301215,301219,301223,4,4
301215,301220,301223,3,5
301215,301215,301223,8,0
301215,301215,301223,8,0
301215,301215,301224,9,0
301215,301215,301224,9,0
301215,301215,301223,8,0
301215,301220,301224,4,5
301215,301220,301224,4,5
301215,301221,301223,2,6
301215,301220,301224,4,5
301215,301221,301224,3,6
301215,301221,301223,2,6
301215,301215,301224,9,0
301215,301215,301225,10,0
301215,301223,301225,2,8
301215,301223,301225,2,8
301215,301221,301224,3,6
301215,301222,301224,2,7
301215,301223,301225,2,8
301215,301223,301224,1,8
301215,301223,301224,1,8
301215,301222,301226,4,7
301215,301223,301226,3,8
301215,301223,301225,2,8
301215,301224,301226,2,9
301215,301224,301226,2,9
301215,301224,301226,2,9
301215,301224,301226,2,9
301215,301224,301226,2,9
301215,301224,301226,2,9
301215,301224,301226,2,9
301215,301224,301226,2,9
301215,301224,301226,2,9
301215,301224,301226,2,9
301215,301223,301225,2,8
301215,301225,301226,1,10
301215,301224,301227,3,9
301215,301225,301226,1,10
301215,301225,301227,2,10
301215,301225,301227,2,10
301215,301225,301227,2,10
301215,301225,301227,2,10
301215,301225,301227,2,10
301215,301226,301227,1,11
301215,301226,301227,1,11
301215,301225,301227,2,10
301215,301226,301228,2,11
301215,301225,301228,3,10
301215,301226,301228,2,11
301215,301226,301228,2,11
301215,301226,301228,2,11
301215,301226,301228,2,11
301215,301227,301228,1,12
301215,301226,301228,2,11
301238,301238,301239,1,0
301238,301238,301239,1,0
301238,301238,301240,2,0
301238,301238,301239,1,0
301238,301238,301239,1,0
301238,301238,301242,4,0
301238,301238,301241,3,0
301238,301238,301243,5,0
301238,301238,301243,5,0
301238,301238,301243,5,0
301238,301238,301243,5,0
301238,301238,301244,6,0
301238,301238,301244,6,0
301238,301238,301243,5,0
301238,301239,301244,5,1
301238,301238,301244,6,0
301238,301239,301244,5,1
301238,301238,301244,6,0
301238,301238,301246,8,0
301238,301240,301246,6,2
301238,301238,301246,8,0
301238,301238,301246,8,0
301238,301238,301246,8,0
301238,301240,301246,6,2
301238,301238,301245,7,0
301238,301240,301246,6,2
301238,301242,301246,4,4
301238,301242,301246,4,4
301238,301243,301246,3,5
301238,301244,301247,3,6
301238,301244,301247,3,6
301238,301238,301246,8,0
301238,301243,301246,3,5
301238,301244,301247,3,6
301238,301244,301247,3,6
301238,301246,301247,1,8
301238,301244,301247,3,6
301238,301244,301247,3,6
301238,301238,301248,10,0
301238,301238,301247,9,0
301238,301246,301248,2,8
301238,301244,301248,4,6
301238,301246,301248,2,8
301238,301246,301248,2,8
301238,301246,301248,2,8
301238,301246,301248,2,8
301238,301246,301248,2,8
301238,301247,301248,1,9
301238,301245,301249,4,7
301238,301246,301248,2,8
301238,301247,301249,2,9
301238,301247,301249,2,9
301238,301246,301248,2,8
301238,301247,301249,2,9
301238,301246,301249,3,8
301238,301246,301249,3,8
301238,301247,301249,2,9
301238,301247,301249,2,9
301238,301247,301249,2,9
301238,301248,301249,1,10
301238,301244,301249,5,6
301238,301248,301250,2,10
301238,301248,301250,2,10
301238,301248,301250,2,10
301238,301248,301250,2,10
301238,301248,301250,2,10
301238,301248,301250,2,10
301238,301248,301250,2,10
301238,301248,301251,3,10
301238,301249,301251,2,11
301238,301249,301251,2,11
301238,301250,301251,1,12
301238,301250,301251,1,12
301238,301250,301251,1,12
301238,301250,301251,1,12
301261,301261,301262,1,0
301261,301261,301262,1,0
301261,301261,301262,1,0
301261,301261,301262,1,0
301261,301261,301262,1,0
301261,301261,301264,3,0
301261,301261,301265,4,0
301261,301261,301265,4,0
301261,301262,301266,4,1
301261,301261,301266,5,0
301261,301263,301266,3,2
301261,301261,301266,5,0
301261,301261,301267,6,0
301261,301262,301266,4,1
301261,301261,301266,5,0
301261,301261,301267,6,0
301261,301261,301266,5,0
301261,301261,301268,7,0
301261,301261,301268,7,0
301261,301261,301268,7,0
301261,301261,301268,7,0
301261,301263,301268,5,2
301261,301263,301268,5,2
301261,301265,301268,3,4
301261,301266,301268,2,5
301261,301261,301269,8,0
301261,301265,301268,3,4
301261,301267,301269,2,6
301261,301267,301268,1,6
301261,301265,301269,4,4
301261,301266,301269,3,5
301261,301267,301269,2,6
301261,301266,301269,3,5
301261,301267,301269,2,6
301261,301261,301269,8,0
301261,301268,301270,2,7
301261,301261,301269,8,0
301261,301261,301270,9,0
301261,301268,301270,2,7
301261,301267,301270,3,6
301261,301269,301270,1,8
301261,301267,301270,3,6
301261,301268,301270,2,7
301261,301268,301270,2,7
301261,301261,301271,10,0
301261,301268,301270,2,7
301261,301268,301271,3,7
301261,301269,301271,2,8
301261,301269,301271,2,8
301261,301269,301271,2,8
301261,301269,301271,2,8
301261,301269,301270,1,8
301261,301269,301271,2,8
301261,301269,301271,2,8
301261,301269,301271,2,8
301261,301271,301272,1,10
301261,301268,301272,4,7
301261,301268,301271,3,7
301261,301270,301272,2,9
301261,301261,301272,11,0
301261,301270,301272,2,9
301261,301270,301272,2,9
301261,301270,301272,2,9
301261,301271,301272,1,10
301261,301270,301272,2,9
301261,301272,301273,1,11
301261,301272,301273,1,11
301261,301271,301272,1,10
301261,301270,301273,3,9
301261,301271,301273,2,10
301261,301271,301273,2,10
301261,301270,301273,3,9
301261,301271,301273,2,10
301261,301271,301273,2,10
301261,301272,301273,1,11
301261,301272,301273,1,11
301261,301272,301273,1,11
301261,301272,301273,1,11
301283,301283,301284,1,0
301283,301283,301284,1,0
301283,301283,301284,1,0
301283,301283,301284,1,0
301283,301283,301284,1,0
301283,301283,301288,5,0
301283,301283,301287,4,0
301283,301283,301288,5,0
301283,301283,301287,4,0
301283,301283,301287,4,0
301283,301285,301287,2,2
301283,301284,301288,4,1
301283,301283,301288,5,0
301283,301283,301289,6,0
301283,301283,301290,7,0
301283,301283,301290,7,0
301283,301288,301290,2,5
301283,301283,301289,6,0
301283,301285,301289,4,2
301283,301288,301289,1,5
301283,301288,301289,1,5
301283,301283,301290,7,0
301283,301283,301290,7,0
301283,301288,301290,2,5
301283,301289,301291,2,6
301283,301288,301290,2,5
301283,301289,301291,2,6
301283,301290,301291,1,7
301283,301290,301291,1,7
301283,301288,301290,2,5
301283,301289,301291,2,6
301283,301283,301291,8,0
301283,301283,301291,8,0
301283,301283,301291,8,0
301283,301285,301292,7,2
301283,301285,301291,6,2
301283,301283,301291,8,0
301283,301290,301291,1,7
301283,301291,301292,1,8
301283,301290,301291,1,7
301283,301290,301291,1,7
301283,301291,301292,1,8
301283,301283,301292,9,0
301283,301290,301292,2,7
301283,301291,301292,1,8
301283,301291,301292,1,8
301283,301291,301292,1,8
301283,301291,301292,1,8
301283,301291,301293,2,8
301283,301292,301293,1,9
301283,301292,301293,1,9
301283,301292,301293,1,9
301283,301291,301293,2,8
301283,301292,301293,1,9
301283,301292,301293,1,9
301283,301283,301293,10,0
301283,301292,301293,1,9
301283,301292,301293,1,9
301283,301292,301293,1,9
301283,301283,301293,10,0
301283,301291,301293,2,8
301283,301291,301294,3,8
301283,301292,301293,1,9
301283,301290,301293,3,7
301283,301292,301293,1,9
301283,301293,301294,1,10
301283,301293,301294,1,10
301283,301293,301294,1,10
301283,301293,301294,1,10
301283,301292,301293,1,9
301283,301293,301294,1,10
301283,301293,301294,1,10
301283,301293,301295,2,10
301283,301293,301294,1,10
301283,301293,301294,1,10
301283,301293,301295,2,10
301283,301293,301294,1,10
301283,301293,301294,1,10
301283,301293,301295,2,10
301304,301304,301305,1,0
301304,301304,301305,1,0
301304,301304,301305,1,0
301304,301304,301305,1,0
301304,301304,301306,2,0
301304,301304,301307,3,0
301304,301304,301309,5,0
301304,301304,301308,4,0
301304,301304,301309,5,0
301304,301304,301310,6,0
301304,301304,301310,6,0
301304,301304,301309,5,0
301304,301309,301310,1,5
301304,301304,301309,5,0
301304,301304,301309,5,0
301304,301305,301309,4,1
301304,301308,301309,1,4
301304,301304,301309,5,0
301304,301304,301310,6,0
301304,301305,301310,5,1
301304,301304,301311,7,0
301304,301307,301310,3,3
301304,301306,301310,4,2
301304,301309,301311,2,5
301304,301304,301312,8,0
301304,301304,301311,7,0
301304,301310,301311,1,6
301304,301304,301312,8,0
301304,301306,301313,7,2
301304,301311,301313,2,7
301304,301304,301313,9,0
301304,301309,301312,3,5
301304,301310,301313,3,6
301304,301310,301312,2,6
301304,301310,301313,3,6
301304,301311,301313,2,7
301304,301310,301313,3,6
301304,301311,301312,1,7
301304,301304,301313,9,0
301304,301312,301313,1,8
301304,301312,301313,1,8
301304,301304,301314,10,0
301304,301311,301314,3,7
301304,301310,301313,3,6
301304,301310,301313,3,6
301304,301313,301314,1,9
301304,301313,301314,1,9
301304,301310,301313,3,6
301304,301310,301313,3,6
301304,301313,301314,1,9
301304,301313,301314,1,9
301304,301310,301314,4,6
301304,301312,301313,1,8
301304,301313,301314,1,9
301304,301310,301314,4,6
301304,301313,301314,1,9
301304,301313,301314,1,9
301304,301313,301314,1,9
301304,301313,301314,1,9
301304,301313,301315,2,9
301304,301314,301315,1,10
301304,301314,301315,1,10
301304,301314,301315,1,10
301304,301314,301315,1,10
301304,301314,301315,1,10
301304,301313,301314,1,9
301304,301314,301315,1,10
301304,301314,301316,2,10
301304,301314,301315,1,10
301304,301314,301316,2,10
301304,301314,301315,1,10
301304,301314,301316,2,10
301304,301314,301316,2,10
301304,301314,301315,1,10
301304,301314,301316,2,10
301304,301314,301315,1,10
301304,301314,301315,1,10
301304,301315,301317,2,11
301304,301304,301319,15,0
301327,301327,301328,1,0
301327,301327,301328,1,0
301327,301327,301328,1,0
301327,301327,301328,1,0
301327,301327,301329,2,0
301327,301327,301331,4,0
301327,301327,301332,5,0
301327,301327,301332,5,0
301327,301327,301332,5,0
301327,301327,301331,4,0
301327,301327,301332,5,0
301327,301327,301332,5,0
301327,301327,301333,6,0
301327,301327,301333,6,0
301327,301328,301333,5,1
301327,301331,301333,2,4
301327,301327,301334,7,0
301327,301327,301334,7,0
301327,301327,301333,6,0
301327,301327,301334,7,0
301327,301329,301333,4,2
301327,301327,301335,8,0
301327,301327,301334,7,0
301327,301329,301334,5,2
301327,301328,301335,7,1
301327,301332,301335,3,5
301327,301332,301335,3,5
301327,301332,301335,3,5
301327,301333,301335,2,6
301327,301327,301336,9,0
301327,301329,301336,7,2
301327,301327,301335,8,0
301327,301327,301336,9,0
301327,301332,301336,4,5
301327,301334,301335,1,7
301327,301334,301336,2,7
301327,301335,301336,1,8
301327,301332,301335,3,5
301327,301335,301336,1,8
301327,301335,301336,1,8
301327,301332,301336,4,5
301327,301333,301336,3,6
301327,301333,301336,3,6
301327,301335,301337,2,8
301327,301327,301337,10,0
301327,301334,301336,2,7
301327,301335,301337,2,8
301327,301335,301337,2,8
301327,301335,301337,2,8
301327,301336,301337,1,9
301327,301335,301337,2,8
301327,301337,301338,1,10
301327,301337,301338,1,10
301327,301334,301338,4,7
301327,301334,301338,4,7
301327,301336,301338,2,9
301327,301336,301338,2,9
301327,301336,301338,2,9
301327,301336,301338,2,9
301327,301336,301338,2,9
301327,301337,301338,1,10
301327,301336,301338,2,9
301327,301336,301338,2,9
301327,301337,301338,1,10
301327,301337,301338,1,10
301327,301338,301339,1,11
301327,301337,301338,1,10
301327,301333,301339,6,6
301327,301337,301339,2,10
301327,301337,301339,2,10
301327,301338,301339,1,11
301327,301338,301339,1,11
301327,301338,301339,1,11
301327,301338,301339,1,11
301327,301338,301339,1,11
301327,301338,301339,1,11
301327,301338,301340,2,11
301327,301339,301340,1,12
301348,301349,301350,1,1
301348,301348,301350,2,0
301348,301349,301350,1,1
301348,301349,301350,1,1
301348,301349,301350,1,1
301348,301349,301353,4,1
301348,301350,301352,2,2
301348,301349,301354,5,1
301348,301351,301354,3,3
301348,301349,301354,5,1
301348,301349,301354,5,1
301348,301351,301354,3,3
301348,301349,301354,5,1
301348,301349,301354,5,1
301348,301349,301354,5,1
301348,301351,301354,3,3
301348,301351,301355,4,3
301348,301349,301354,5,1
301348,301349,301354,5,1
301348,301353,301354,1,5
301348,301353,301355,2,5
301348,301349,301355,6,1
301348,301349,301355,6,1
301348,301349,301355,6,1
301348,301354,301357,3,6
301348,301355,301356,1,7
301348,301355,301356,1,7
301348,301355,301356,1,7
301348,301355,301356,1,7
301348,301355,301356,1,7
301348,301355,301357,2,7
301348,301355,301357,2,7
301348,301355,301357,2,7
301348,301349,301357,8,1
301348,301354,301358,4,6
301348,301356,301358,2,8
301348,301355,301357,2,7
301348,301357,301358,1,9
301348,301357,301358,1,9
301348,301349,301359,10,1
301348,301349,301358,9,1
301348,301349,301358,9,1
301348,301355,301358,3,7
301348,301355,301358,3,7
301348,301356,301358,2,8
301348,301357,301358,1,9
301348,301357,301358,1,9
301348,301357,301358,1,9
301348,301357,301358,1,9
301348,301357,301358,1,9
301348,301356,301360,4,8
301348,301358,301359,1,10
301348,301357,301360,3,9
301348,301349,301359,10,1
301348,301358,301359,1,10
301348,301358,301359,1,10
301348,301359,301360,1,11
301348,301358,301360,2,10
301348,301358,301359,1,10
301348,301358,301359,1,10
301348,301359,301360,1,11
301348,301359,301360,1,11
301348,301357,301360,3,9
301348,301359,301361,2,11
301348,301359,301361,2,11
301348,301359,301360,1,11
301348,301359,301360,1,11
301348,301359,301360,1,11
301348,301359,301361,2,11
301348,301359,301360,1,11
301348,301349,301361,12,1
301348,301355,301361,6,7
301348,301360,301361,1,12
301348,301360,301361,1,12
301348,301360,301361,1,12
301348,301359,301362,3,11
301348,301360,301361,1,12
301348,301360,301361,1,12
301348,301349,301364,15,1
301373,301373,301374,1,0
301373,301373,301374,1,0
301373,301373,301374,1,0
301373,301373,301374,1,0
301373,301373,301375,2,0
301373,301373,301377,4,0
301373,301374,301377,3,1
301373,301373,301378,5,0
301373,301374,301378,4,1
301373,301375,301378,3,2
301373,301376,301378,2,3
301373,301373,301378,5,0
301373,301373,301379,6,0
301373,301375,301379,4,2
301373,301373,301379,6,0
301373,301373,301380,7,0
301373,301377,301380,3,4
301373,301373,301380,7,0
301373,301373,301380,7,0
301373,301373,301380,7,0
301373,301373,301380,7,0
301373,301373,301380,7,0
301373,301373,301380,7,0
301373,301378,301380,2,5
301373,301373,301381,8,0
301373,301377,301381,4,4
301373,301378,301381,3,5
301373,301379,301381,2,6
301373,301373,301382,9,0
301373,301378,301382,4,5
301373,301380,301383,3,7
301373,301381,301383,2,8
301373,301379,301383,4,6
301373,301379,301383,4,6
301373,301373,301384,11,0
301373,301379,301383,4,6
301373,301381,301383,2,8
301373,301381,301383,2,8
301373,301382,301384,2,9
301373,301381,301383,2,8
301373,301381,301383,2,8
301373,301382,301383,1,9
301373,301381,301383,2,8
301373,301381,301383,2,8
301373,301373,301384,11,0
301373,301381,301385,4,8
301373,301381,301384,3,8
301373,301382,301384,2,9
301373,301382,301384,2,9
301373,301383,301384,1,10
301373,301383,301385,2,10
301373,301383,301385,2,10
301373,301373,301385,12,0
301373,301383,301385,2,10
301373,301373,301386,13,0
301373,301384,301386,2,11
301373,301384,301385,1,11
301373,301384,301385,1,11
301373,301384,301385,1,11
301373,301385,301386,1,12
301373,301384,301385,1,11
301373,301384,301385,1,11
301373,301384,301385,1,11
301373,301385,301386,1,12
301373,301384,301385,1,11
301373,301384,301385,1,11
301373,301385,301386,1,12
301373,301373,301386,13,0
301373,301384,301386,2,11
301373,301384,301386,2,11
301373,301384,301386,2,11
301373,301385,301386,1,12
301373,301385,301386,1,12
301373,301385,301386,1,12
301373,301385,301386,1,12
301373,301386,301387,1,13
301373,301386,301387,1,13
301373,301386,301387,1,13
301373,301386,301387,1,13
301397,301397,301398,1,0
301397,301397,301398,1,0
301397,301397,301398,1,0
301397,301397,301398,1,0
301397,301397,301398,1,0
301397,301398,301401,3,1
301397,301397,301401,4,0
301397,301397,301402,5,0
301397,301397,301402,5,0
301397,301397,301403,6,0
301397,301397,301403,6,0
301397,301398,301403,5,1
301397,301397,301403,6,0
301397,301399,301403,4,2
301397,301397,301404,7,0
301397,301397,301403,6,0
301397,301397,301405,8,0
301397,301397,301405,8,0
301397,301397,301405,8,0
301397,301397,301404,7,0
301397,301397,301404,7,0
301397,301397,301404,7,0
301397,301397,301405,8,0
301397,301399,301406,7,2
301397,301404,301406,2,7
301397,301401,301406,5,4
301397,301403,301406,3,6
301397,301404,301406,2,7
301397,301401,301405,4,4
301397,301403,301406,3,6
301397,301399,301406,7,2
301397,301404,301407,3,7
301397,301402,301407,5,5
301397,301404,301408,4,7
301397,301402,301407,5,5
301397,301405,301408,3,8
301397,301406,301408,2,9
301397,301405,301408,3,8
301397,301406,301408,2,9
301397,301406,301408,2,9
301397,301405,301408,3,8
301397,301406,301408,2,9
301397,301406,301408,2,9
301397,301403,301408,5,6
301397,301405,301409,4,8
301397,301405,301409,4,8
301397,301397,301409,12,0
301397,301405,301409,4,8
301397,301407,301409,2,10
301397,301408,301409,1,11
301397,301406,301409,3,9
301397,301407,301409,2,10
301397,301408,301409,1,11
301397,301397,301409,12,0
301397,301405,301409,4,8
301397,301406,301410,4,9
301397,301407,301410,3,10
301397,301408,301410,2,11
301397,301408,301410,2,11
301397,301409,301410,1,12
301397,301409,301410,1,12
301397,301408,301410,2,11
301397,301408,301410,2,11
301397,301408,301410,2,11
301397,301408,301410,2,11
301397,301408,301409,1,11
301397,301397,301410,13,0
301397,301409,301410,1,12
301397,301409,301411,2,12
301397,301409,301411,2,12
301397,301408,301410,2,11
301397,301409,301411,2,12
301397,301409,301411,2,12
301397,301409,301411,2,12
301397,301409,301411,2,12
301397,301409,301411,2,12
301397,301410,301411,1,13
301397,301410,301411,1,13
301397,301397,301412,15,0
301421,301421,301422,1,0
301421,301421,301422,1,0
301421,301421,301422,1,0
301421,301421,301423,2,0
301421,301421,301423,2,0
301421,301421,301426,5,0
301421,301421,301426,5,0
301421,301421,301426,5,0
301421,301421,301426,5,0
301421,301421,301427,6,0
301421,301421,301427,6,0
301421,301421,301426,5,0
301421,301421,301427,6,0
301421,301421,301428,7,0
301421,301421,301427,6,0
301421,301423,301428,5,2
301421,301421,301428,7,0
301421,301421,301428,7,0
301421,301423,301428,5,2
301421,301421,301428,7,0
301421,301423,301428,5,2
301421,301423,301428,5,2
301421,301421,301428,7,0
301421,301423,301429,6,2
301421,301421,301429,8,0
301421,301426,301430,4,5
301421,301426,301430,4,5
301421,301421,301431,10,0
301421,301421,301431,10,0
301421,301427,301431,4,6
301421,301428,301431,3,7
301421,301426,301431,5,5
301421,301428,301431,3,7
301421,301428,301431,3,7
301421,301421,301431,10,0
301421,301427,301432,5,6
301421,301427,301432,5,6
301421,301428,301432,4,7
301421,301429,301432,3,8
301421,301430,301432,2,9
301421,301429,301433,4,8
301421,301421,301433,12,0
301421,301430,301433,3,9
301421,301429,301433,4,8
301421,301429,301432,3,8
301421,301430,301433,3,9
301421,301431,301433,2,10
301421,301431,301433,2,10
301421,301431,301433,2,10
301421,301431,301433,2,10
301421,301426,301434,8,5
301421,301432,301434,2,11
301421,301428,301434,6,7
301421,301428,301433,5,7
301421,301430,301434,4,9
301421,301431,301434,3,10
301421,301432,301434,2,11
301421,301432,301434,2,11
301421,301432,301434,2,11
301421,301433,301434,1,12
301421,301433,301434,1,12
301421,301433,301434,1,12
301421,301434,301435,1,13
301421,301431,301434,3,10
301421,301434,301435,1,13
301421,301431,301434,3,10
301421,301433,301435,2,12
301421,301433,301435,2,12
301421,301433,301435,2,12
301421,301433,301435,2,12
301421,301434,301435,1,13
301421,301434,301435,1,13
301421,301434,301436,2,13
301421,301434,301436,2,13
301421,301435,301436,1,14
301421,301428,301436,8,7
301421,301435,301436,1,14
301421,301435,301436,1,14
301446,301446,301447,1,0
301446,301446,301447,1,0
301446,301446,301447,1,0
301446,301446,301447,1,0
301446,301446,301447,1,0
301446,301446,301450,4,0
301446,301446,301450,4,0
301446,301446,301450,4,0
301446,301446,301450,4,0
301446,301446,301451,5,0
301446,301446,301451,5,0
301446,301446,301451,5,0
301446,301446,301452,6,0
301446,301446,301451,5,0
301446,301448,301451,3,2
301446,301446,301452,6,0
301446,301446,301452,6,0
301446,301446,301453,7,0
301446,301446,301453,7,0
301446,301448,301452,4,2
301446,301448,301453,5,2
301446,301446,301452,6,0
301446,301446,301453,7,0
301446,301448,301454,6,2
301446,301446,301454,8,0
301446,301446,301454,8,0
301446,301451,301455,4,5
301446,301452,301454,2,6
301446,301453,301455,2,7
301446,301452,301455,3,6
301446,301448,301456,8,2
301446,301452,301456,4,6
301446,301451,301455,4,5
301446,301453,301455,2,7
301446,301451,301456,5,5
301446,301452,301455,3,6
301446,301453,301457,4,7
301446,301446,301457,11,0
301446,301452,301457,5,6
301446,301453,301456,3,7
301446,301455,301457,2,9
301446,301455,301457,2,9
301446,301455,301457,2,9
301446,301452,301456,4,6
301446,301455,301457,2,9
301446,301451,301457,6,5
301446,301455,301458,3,9
301446,301454,301457,3,8
301446,301456,301458,2,10
301446,301457,301458,1,11
301446,301456,301458,2,10
301446,301456,301458,2,10
301446,301457,301458,1,11
301446,301457,301458,1,11
301446,301456,301458,2,10
301446,301456,301458,2,10
301446,301453,301459,6,7
301446,301455,301459,4,9
301446,301457,301459,2,11
301446,301453,301458,5,7
301446,301453,301458,5,7
301446,301456,301459,3,10
301446,301457,301458,1,11
301446,301457,301459,2,11
301446,301458,301459,1,12
301446,301458,301459,1,12
301446,301457,301458,1,11
301446,301457,301458,1,11
301446,301458,301459,1,12
301446,301458,301459,1,12
301446,301458,301459,1,12
301446,301458,301459,1,12
301446,301458,301459,1,12
301446,301458,301459,1,12
301446,301458,301459,1,12
301446,301454,301460,6,8
301446,301458,301459,1,12
301446,301457,301459,2,11
301446,301446,301464,18,0
301473,301474,301475,1,1
301473,301474,301475,1,1
301473,301474,301475,1,1
301473,301474,301475,1,1
301473,301474,301477,3,1
301473,301474,301478,4,1
301473,301474,301478,4,1
301473,301474,301478,4,1
301473,301474,301478,4,1
301473,301475,301478,3,2
301473,301474,301478,4,1
301473,301474,301479,5,1
301473,301474,301479,5,1
301473,301475,301479,4,2
301473,301474,301479,5,1
301473,301474,301480,6,1
301473,301474,301480,6,1
301473,301476,301480,4,3
301473,301474,301482,8,1
301473,301474,301481,7,1
301473,301479,301483,4,6
301473,301474,301482,8,1
301473,301476,301483,7,3
301473,301479,301482,3,6
301473,301479,301482,3,6
301473,301479,301482,3,6
301473,301478,301482,4,5
301473,301479,301482,3,6
301473,301474,301483,9,1
301473,301476,301483,7,3
301473,301479,301483,4,6
301473,301480,301483,3,7
301473,301481,301483,2,8
301473,301480,301484,4,7
301473,301480,301484,4,7
301473,301474,301484,10,1
301473,301480,301484,4,7
301473,301482,301485,3,9
301473,301483,301485,2,10
301473,301483,301485,2,10
301473,301481,301486,5,8
301473,301483,301486,3,10
301473,301483,301485,2,10
301473,301483,301485,2,10
301473,301483,301485,2,10
301473,301484,301485,1,11
301473,301483,301486,3,10
301473,301484,301486,2,11
301473,301484,301486,2,11
301473,301484,301486,2,11
301473,301484,301486,2,11
301473,301485,301486,1,12
301473,301474,301486,12,1
301473,301481,301486,5,8
301473,301484,301486,2,11
301473,301484,301487,3,11
301473,301485,301487,2,12
301473,301485,301487,2,12
301473,301483,301487,4,10
301473,301486,301487,1,13
301473,301486,301487,1,13
301473,301486,301487,1,13
301473,301486,301487,1,13
301473,301486,301487,1,13
301473,301485,301486,1,12
301473,301485,301486,1,12
301473,301486,301487,1,13
301473,301482,301488,6,9
301473,301486,301488,2,13
301473,301486,301488,2,13
301473,301486,301487,1,13
301473,301486,301487,1,13
301473,301486,301487,1,13
301473,301486,301487,1,13
301473,301476,301488,12,3
301473,301487,301488,1,14
301473,301474,301491,17,1
301501,301501,301502,1,0
301501,301501,301502,1,0
301501,301501,301502,1,0
301501,301501,301502,1,0
301501,301501,301506,5,0
301501,301501,301506,5,0
301501,301503,301506,3,2
301501,301502,301507,5,1
301501,301501,301508,7,0
301501,301501,301507,6,0
301501,301501,301507,6,0
301501,301503,301507,4,2
301501,301501,301508,7,0
301501,301501,301507,6,0
301501,301501,301507,6,0
301501,301501,301508,7,0
301501,301501,301508,7,0
301501,301501,301508,7,0
301501,301501,301510,9,0
301501,301508,301509,1,7
301501,301501,301510,9,0
301501,301508,301509,1,7
301501,301508,301509,1,7
301501,301508,301510,2,7
301501,301501,301511,10,0
301501,301501,301510,9,0
301501,301503,301510,7,2
301501,301507,301510,3,6
301501,301508,301510,2,7
301501,301506,301511,5,5
301501,301507,301510,3,6
301501,301508,301510,2,7
301501,301507,301512,5,6
301501,301508,301511,3,7
301501,301508,301511,3,7
301501,301509,301511,2,8
301501,301501,301512,11,0
301501,301501,301512,11,0
301501,301509,301513,4,8
301501,301510,301512,2,9
301501,301510,301512,2,9
301501,301510,301512,2,9
301501,301511,301513,2,10
301501,301511,301513,2,10
301501,301511,301513,2,10
301501,301511,301513,2,10
301501,301512,301513,1,11
301501,301501,301513,12,0
301501,301501,301514,13,0
301501,301510,301514,4,9
301501,301511,301514,3,10
301501,301510,301514,4,9
301501,301511,301514,3,10
301501,301512,301514,2,11
301501,301512,301514,2,11
301501,301512,301513,1,11
301501,301511,301513,2,10
301501,301511,301515,4,10
301501,301513,301514,1,12
301501,301513,301514,1,12
301501,301513,301515,2,12
301501,301513,301514,1,12
301501,301514,301515,1,13
301501,301513,301514,1,12
301501,301513,301514,1,12
301501,301514,301515,1,13
301501,301513,301515,2,12
301501,301513,301514,1,12
301501,301513,301514,1,12
301501,301513,301515,2,12
301501,301514,301515,1,13
301501,301511,301516,5,10
301501,301514,301516,2,13
301501,301513,301516,3,12
301501,301514,301515,1,13
301501,301514,301515,1,13
301501,301514,301515,1,13
301501,301501,301517,16,0
301501,301514,301516,2,13
301526,301526,301527,1,0
301526,301526,301527,1,0
301526,301526,301527,1,0
301526,301526,301528,2,0
301526,301526,301531,5,0
301526,301526,301531,5,0
301526,301528,301531,3,2
301526,301526,301531,5,0
301526,301526,301532,6,0
301526,301526,301532,6,0
301526,301526,301532,6,0
301526,301526,301532,6,0
301526,301528,301533,5,2
301526,301529,301532,3,3
301526,301526,301532,6,0
301526,301526,301532,6,0
301526,301528,301532,4,2
301526,301526,301533,7,0
301526,301526,301534,8,0
301526,301526,301534,8,0
301526,301526,301533,7,0
301526,301531,301533,2,5
301526,301531,301534,3,5
301526,301531,301534,3,5
301526,301526,301535,9,0
301526,301532,301534,2,6
301526,301533,301535,2,7
301526,301533,301535,2,7
301526,301533,301535,2,7
301526,301533,301535,2,7
301526,301532,301534,2,6
301526,301533,301536,3,7
301526,301533,301536,3,7
301526,301526,301537,11,0
301526,301532,301536,4,6
301526,301533,301536,3,7
301526,301534,301537,3,8
301526,301535,301537,2,9
301526,301535,301537,2,9
301526,301533,301536,3,7
301526,301535,301536,1,9
301526,301534,301537,3,8
301526,301534,301537,3,8
301526,301535,301537,2,9
301526,301526,301538,12,0
301526,301534,301538,4,8
301526,301535,301538,3,9
301526,301535,301538,3,9
301526,301536,301538,2,10
301526,301537,301538,1,11
301526,301536,301538,2,10
301526,301537,301539,2,11
301526,301537,301539,2,11
301526,301537,301539,2,11
301526,301537,301539,2,11
301526,301538,301540,2,12
301526,301538,301540,2,12
301526,301537,301539,2,11
301526,301538,301539,1,12
301526,301538,301539,1,12
301526,301534,301540,6,8
301526,301535,301539,4,9
301526,301537,301539,2,11
301526,301526,301540,14,0
301526,301537,301540,3,11
301526,301538,301540,2,12
301526,301540,301541,1,14
301526,301539,301540,1,13
301526,301537,301540,3,11
301526,301538,301540,2,12
301526,301526,301541,15,0
301526,301538,301540,2,12
301526,301540,301541,1,14
301526,301540,301541,1,14
301526,301540,301541,1,14
301526,301526,301541,15,0
301526,301534,301542,8,8
301526,301526,301545,19,0
301554,301554,301555,1,0
301554,301554,301555,1,0
301554,301554,301555,1,0
301554,301554,301555,1,0
301554,301554,301557,3,0
301554,301554,301559,5,0
301554,301556,301560,4,2
301554,301554,301560,6,0
301554,301554,301559,5,0
301554,301556,301559,3,2
301554,301554,301560,6,0
301554,301554,301560,6,0
301554,301556,301559,3,2
301554,301554,301560,6,0
301554,301554,301560,6,0
301554,301554,301561,7,0
301554,301554,301561,7,0
301554,301556,301560,4,2
301554,301554,301560,6,0
301554,301554,301561,7,0
301554,301554,301562,8,0
301554,301554,301562,8,0
301554,301554,301562,8,0
301554,301554,301562,8,0
301554,301558,301563,5,4
301554,301560,301562,2,6
301554,301560,301563,3,6
301554,301560,301563,3,6
301554,301560,301562,2,6
301554,301560,301563,3,6
301554,301561,301564,3,7
301554,301560,301563,3,6
301554,301560,301564,4,6
301554,301561,301564,3,7
301554,301560,301564,4,6
301554,301560,301564,4,6
301554,301561,301564,3,7
301554,301554,301565,11,0
301554,301561,301565,4,7
301554,301561,301565,4,7
301554,301562,301565,3,8
301554,301562,301565,3,8
301554,301563,301565,2,9
301554,301564,301565,1,10
301554,301563,301565,2,9
301554,301563,301565,2,9
301554,301563,301566,3,9
301554,301561,301566,5,7
301554,301562,301566,4,8
301554,301564,301566,2,10
301554,301564,301566,2,10
301554,301564,301566,2,10
301554,301564,301566,2,10
301554,301566,301567,1,12
301554,301566,301567,1,12
301554,301566,301567,1,12
301554,301554,301566,12,0
301554,301564,301566,2,10
301554,301565,301566,1,11
301554,301565,301567,2,11
301554,301562,301567,5,8
301554,301565,301567,2,11
301554,301566,301567,1,12
301554,301567,301568,1,13
301554,301566,301567,1,12
301554,301566,301567,1,12
301554,301554,301568,14,0
301554,301554,301568,14,0
301554,301566,301568,2,12
301554,301566,301568,2,12
301554,301567,301568,1,13
301554,301567,301568,1,13
301554,301567,301568,1,13
301554,301563,301569,6,9
301554,301563,301569,6,9
301579,301579,301580,1,0
301579,301579,301580,1,0
301579,301579,301580,1,0
301579,301579,301580,1,0
301579,301579,301583,4,0
301579,301579,301584,5,0
301579,301579,301585,6,0
301579,301579,301584,5,0
301579,301579,301584,5,0
301579,301579,301584,5,0
301579,301579,301585,6,0
301579,301579,301584,5,0
301579,301581,301585,4,2
301579,301581,301586,5,2
301579,301581,301585,4,2
301579,301579,301586,7,0
301579,301579,301586,7,0
301579,301579,301587,8,0
301579,301579,301586,7,0
301579,301585,301587,2,6
301579,301586,301587,1,7
301579,301579,301588,9,0
301579,301579,301587,8,0
301579,301579,301588,9,0
301579,301579,301587,8,0
301579,301585,301588,3,6
301579,301586,301587,1,7
301579,301586,301588,2,7
301579,301584,301588,4,5
301579,301579,301588,9,0
301579,301587,301588,1,8
301579,301581,301589,8,2
301579,301585,301589,4,6
301579,301587,301589,2,8
301579,301585,301589,4,6
301579,301587,301589,2,8
301579,301579,301590,11,0
301579,301587,301589,2,8
301579,301588,301590,2,9
301579,301588,301590,2,9
301579,301589,301590,1,10
301579,301585,301589,4,6
301579,301588,301590,2,9
301579,301589,301590,1,10
301579,301589,301590,1,10
301579,301587,301589,2,8
301579,301588,301590,2,9
301579,301584,301590,6,5
301579,301585,301590,5,6
301579,301589,301591,2,10
301579,301590,301591,1,11
301579,301590,301591,1,11
301579,301587,301590,3,8
301579,301589,301590,1,10
301579,301590,301591,1,11
301579,301588,301592,4,9
301579,301589,301591,2,10
301579,301589,301591,2,10
301579,301588,301592,4,9
301579,301590,301592,2,11
301579,301590,301592,2,11
301579,301588,301592,4,9
301579,301590,301591,1,11
301579,301590,301592,2,11
301579,301591,301592,1,12
301579,301590,301592,2,11
301579,301590,301592,2,11
301579,301590,301591,1,11
301579,301590,301591,1,11
301579,301591,301592,1,12
301579,301579,301592,13,0
301579,301579,301593,14,0
301579,301588,301592,4,9
301579,301591,301592,1,12
301579,301591,301593,2,12
301579,301591,301593,2,12
301579,301591,301593,2,12
301579,301591,301593,2,12
301579,301591,301592,1,12
301602,301602,301603,1,0
301602,301602,301603,1,0
301602,301602,301603,1,0
301602,301602,301603,1,0
301602,301602,301606,4,0
301602,301602,301607,5,0
301602,301604,301607,3,2
301602,301602,301607,5,0
301602,301603,301607,4,1
301602,301603,301607,4,1
301602,301602,301608,6,0
301602,301606,301608,2,4
301602,301604,301608,4,2
301602,301602,301608,6,0
301602,301607,301608,1,5
301602,301607,301609,2,5
301602,301607,301609,2,5
301602,301607,301609,2,5
301602,301602,301610,8,0
301602,301602,301610,8,0
301602,301602,301610,8,0
301602,301607,301610,3,5
301602,301608,301610,2,6
301602,301602,301609,7,0
301602,301602,301610,8,0
301602,301609,301610,1,7
301602,301602,301611,9,0
301602,301602,301611,9,0
301602,301608,301611,3,6
301602,301602,301611,9,0
301602,301602,301611,9,0
301602,301609,301611,2,7
301602,301602,301611,9,0
301602,301610,301611,1,8
301602,301608,301612,4,6
301602,301602,301612,10,0
301602,301602,301612,10,0
301602,301602,301612,10,0
301602,301611,301612,1,9
301602,301611,301612,1,9
301602,301611,301612,1,9
301602,301609,301612,3,7
301602,301611,301612,1,9
301602,301602,301613,11,0
301602,301610,301613,3,8
301602,301612,301613,1,10
301602,301611,301613,2,9
301602,301611,301613,2,9
301602,301612,301613,1,10
301602,301612,301613,1,10
301602,301613,301614,1,11
301602,301611,301613,2,9
301602,301612,301614,2,10
301602,301612,301613,1,10
301602,301611,301613,2,9
301602,301613,301614,1,11
301602,301613,301614,1,11
301602,301613,301614,1,11
301602,301611,301614,3,9
301602,301613,301614,1,11
301602,301613,301614,1,11
301602,301608,301614,6,6
301602,301613,301614,1,11
301602,301613,301614,1,11
301602,301614,301615,1,12
301602,301614,301615,1,12
301602,301614,301615,1,12
301602,301614,301615,1,12
301602,301611,301615,4,9
301602,301614,301615,1,12
301602,301613,301615,2,11
301602,301614,301615,1,12
301602,301614,301615,1,12
301602,301614,301615,1,12
301602,301614,301615,1,12
301602,301614,301615,1,12
301602,301614,301615,1,12
301602,301614,301616,2,12
301602,301602,301617,15,0
301626,301626,301627,1,0
301626,301626,301628,2,0
301626,301626,301628,2,0
301626,301626,301628,2,0
301626,301626,301630,4,0
301626,301626,301631,5,0
301626,301626,301632,6,0
301626,301626,301632,6,0
301626,301626,301633,7,0
301626,301626,301633,7,0
301626,301626,301633,7,0
301626,301627,301633,6,1
301626,301626,301633,7,0
301626,301626,301633,7,0
301626,301628,301633,5,2
301626,301628,301633,5,2
301626,301626,301634,8,0
301626,301626,301634,8,0
301626,301626,301634,8,0
301626,301630,301634,4,4
301626,301626,301635,9,0
301626,301626,301635,9,0
301626,301626,301635,9,0
301626,301626,301635,9,0
301626,301628,301635,7,2
301626,301626,301636,10,0
301626,301633,301637,4,7
301626,301634,301636,2,8
301626,301634,301637,3,8
301626,301634,301636,2,8
301626,301635,301636,1,9
301626,301634,301636,2,8
301626,301634,301636,2,8
301626,301634,301637,3,8
301626,301637,301638,1,11
301626,301635,301637,2,9
301626,301626,301638,12,0
301626,301636,301638,2,10
301626,301632,301638,6,6
301626,301626,301638,12,0
301626,301636,301638,2,10
301626,301637,301638,1,11
301626,301637,301638,1,11
301626,301632,301638,6,6
301626,301633,301638,5,7
301626,301637,301638,1,11
301626,301634,301638,4,8
301626,301637,301638,1,11
301626,301637,301638,1,11
301626,301638,301639,1,12
301626,301634,301639,5,8
301626,301635,301639,4,9
301626,301636,301639,3,10
301626,301637,301639,2,11
301626,301638,301639,1,12
301626,301639,301640,1,13
301626,301638,301639,1,12
301626,301639,301640,1,13
301626,301636,301640,4,10
301626,301637,301641,4,11
301626,301639,301640,1,13
301626,301626,301640,14,0
301626,301639,301640,1,13
301626,301639,301640,1,13
301626,301639,301640,1,13
301626,301639,301641,2,13
301626,301639,301640,1,13
301626,301639,301640,1,13
301626,301639,301640,1,13
301626,301640,301641,1,14
301626,301640,301641,1,14
301626,301639,301640,1,13
301626,301639,301640,1,13
301626,301639,301640,1,13
301626,301640,301641,1,14
301626,301639,301641,2,13
301626,301640,301641,1,14
301626,301640,301641,1,14
301626,301635,301642,7,9
301651,301651,301652,1,0
301651,301651,301653,2,0
301651,301651,301653,2,0
301651,301651,301653,2,0
301651,301651,301655,4,0
301651,301651,301656,5,0
301651,301651,301656,5,0
301651,301651,301657,6,0
301651,301651,301657,6,0
301651,301651,301658,7,0
301651,301652,301658,6,1
301651,301651,301658,7,0
301651,301653,301658,5,2
301651,301651,301658,7,0
301651,301651,301659,8,0
301651,301651,301659,8,0
301651,301653,301659,6,2
301651,301657,301659,2,6
301651,301651,301659,8,0
301651,301651,301660,9,0
301651,301651,301660,9,0
301651,301651,301660,9,0
301651,301656,301660,4,5
301651,301658,301660,2,7
301651,301658,301660,2,7
301651,301651,301661,10,0
301651,301651,301661,10,0
301651,301659,301661,2,8
301651,301659,301661,2,8
301651,301659,301661,2,8
301651,301659,301661,2,8
301651,301651,301662,11,0
301651,301651,301662,11,0
301651,301651,301662,11,0
301651,301653,301662,9,2
301651,301659,301662,3,8
301651,301661,301662,1,10
301651,301661,301662,1,10
301651,301662,301663,1,11
301651,301661,301662,1,10
301651,301655,301663,8,4
301651,301660,301663,3,9
301651,301660,301664,4,9
301651,301663,301664,1,12
301651,301662,301663,1,11
301651,301663,301664,1,12
301651,301662,301663,1,11
301651,301662,301664,2,11
301651,301663,301664,1,12
301651,301662,301664,2,11
301651,301663,301665,2,12
301651,301662,301664,2,11
301651,301663,301664,1,12
301651,301660,301665,5,9
301651,301660,301665,5,9
301651,301663,301664,1,12
301651,301663,301664,1,12
301651,301664,301665,1,13
301651,301664,301665,1,13
301651,301660,301664,4,9
301651,301664,301665,1,13
301651,301661,301665,4,10
301651,301664,301665,1,13
301651,301664,301665,1,13
301651,301663,301665,2,12
301651,301661,301666,5,10
301651,301663,301665,2,12
301651,301664,301665,1,13
301651,301664,301665,1,13
301651,301665,301666,1,14
301651,301665,301666,1,14
301651,301664,301665,1,13
301651,301664,301665,1,13
301651,301665,301666,1,14
301651,301665,301666,1,14
301651,301665,301666,1,14
301651,301665,301666,1,14
301651,301661,301668,7,10
301651,301651,301669,18,0
301678,301678,301679,1,0
301678,301678,301679,1,0
301678,301678,301679,1,0
301678,301678,301679,1,0
301678,301678,301682,4,0
301678,301678,301682,4,0
301678,301678,301684,6,0
301678,301678,301683,5,0
301678,301679,301684,5,1
301678,301678,301685,7,0
301678,301678,301685,7,0
301678,301678,301684,6,0
301678,301679,301685,6,1
301678,301678,301685,7,0
301678,301680,301685,5,2
301678,301678,301685,7,0
301678,301678,301686,8,0
301678,301678,301686,8,0
301678,301685,301687,2,7
301678,301685,301687,2,7
301678,301685,301686,1,7
301678,301678,301688,10,0
301678,301678,301688,10,0
301678,301680,301688,8,2
301678,301684,301687,3,6
301678,301678,301687,9,0
301678,301683,301688,5,5
301678,301685,301688,3,7
301678,301685,301687,2,7
301678,301678,301688,10,0
301678,301678,301689,11,0
301678,301678,301688,10,0
301678,301686,301688,2,8
301678,301678,301688,10,0
301678,301684,301688,4,6
301678,301684,301688,4,6
301678,301685,301689,4,7
301678,301678,301690,12,0
301678,301678,301689,11,0
301678,301688,301690,2,10
301678,301688,301689,1,10
301678,301686,301690,4,8
301678,301688,301689,1,10
301678,301689,301690,1,11
301678,301687,301690,3,9
301678,301688,301689,1,10
301678,301686,301690,4,8
301678,301689,301691,2,11
301678,301688,301691,3,10
301678,301688,301690,2,10
301678,301689,301691,2,11
301678,301687,301691,4,9
301678,301687,301690,3,9
301678,301690,301691,1,12
301678,301688,301691,3,10
301678,301689,301691,2,11
301678,301690,301691,1,12
301678,301689,301690,1,11
301678,301690,301691,1,12
301678,301689,301691,2,11
301678,301689,301692,3,11
301678,301688,301692,4,10
301678,301689,301691,2,11
301678,301690,301692,2,12
301678,301690,301691,1,12
301678,301690,301692,2,12
301678,301690,301691,1,12
301678,301690,301691,1,12
301678,301691,301692,1,13
301678,301691,301692,1,13
301678,301691,301692,1,13
301678,301691,301693,2,13
301678,301691,301692,1,13
301678,301691,301692,1,13
301678,301691,301692,1,13
301678,301691,301692,1,13
301678,301691,301692,1,13
301678,301683,301693,10,5
301678,301690,301693,3,12
301704,301704,301705,1,0
301704,301704,301705,1,0
301704,301704,301705,1,0
301704,301704,301705,1,0
301704,301704,301707,3,0
301704,301704,301708,4,0
301704,301704,301708,4,0
301704,301705,301708,3,1
301704,301704,301710,6,0
301704,301705,301709,4,1
301704,301704,301710,6,0
301704,301704,301710,6,0
301704,301705,301710,5,1
301704,301704,301711,7,0
301704,301704,301710,6,0
301704,301704,301711,7,0
301704,301704,301712,8,0
301704,301704,301712,8,0
301704,301704,301712,8,0
301704,301704,301712,8,0
301704,301704,301713,9,0
301704,301711,301713,2,7
301704,301710,301713,3,6
301704,301711,301713,2,7
301704,301709,301713,4,5
301704,301710,301713,3,6
301704,301711,301713,2,7
301704,301711,301713,2,7
301704,301712,301714,2,8
301704,301704,301715,11,0
301704,301712,301714,2,8
301704,301712,301714,2,8
301704,301706,301714,8,2
301704,301707,301715,8,3
301704,301712,301714,2,8
301704,301704,301714,10,0
301704,301709,301714,5,5
301704,301713,301715,2,9
301704,301713,301715,2,9
301704,301709,301715,6,5
301704,301713,301715,2,9
301704,301713,301715,2,9
301704,301713,301715,2,9
301704,301713,301715,2,9
301704,301713,301715,2,9
301704,301704,301716,12,0
301704,301710,301716,6,6
301704,301704,301715,11,0
301704,301715,301716,1,11
301704,301714,301716,2,10
301704,301715,301716,1,11
301704,301714,301716,2,10
301704,301715,301716,1,11
301704,301704,301716,12,0
301704,301715,301717,2,11
301704,301715,301716,1,11
301704,301704,301716,12,0
301704,301713,301717,4,9
301704,301715,301716,1,11
301704,301715,301717,2,11
301704,301715,301717,2,11
301704,301715,301716,1,11
301704,301715,301716,1,11
301704,301716,301717,1,12
301704,301715,301717,2,11
301704,301715,301717,2,11
301704,301716,301717,1,12
301704,301715,301717,2,11
301704,301715,301717,2,11
301704,301716,301717,1,12
301704,301715,301717,2,11
301704,301716,301717,1,12
301704,301716,301718,2,12
301704,301715,301717,2,11
301704,301716,301717,1,12
301704,301716,301717,1,12
301704,301716,301718,2,12
301704,301717,301718,1,13
301704,301717,301718,1,13
301728,301728,301729,1,0
301728,301728,301729,1,0
301728,301728,301729,1,0
301728,301728,301729,1,0
301728,301728,301731,3,0
301728,301728,301731,3,0
301728,301728,301733,5,0
301728,301728,301733,5,0
301728,301729,301733,4,1
301728,301728,301733,5,0
301728,301728,301733,5,0
301728,301728,301734,6,0
301728,301729,301734,5,1
301728,301728,301734,6,0
301728,301728,301734,6,0
301728,301728,301734,6,0
301728,301728,301735,7,0
301728,301731,301735,4,3
301728,301728,301735,7,0
301728,301728,301736,8,0
301728,301728,301736,8,0
301728,301734,301736,2,6
301728,301730,301736,6,2
301728,301728,301736,8,0
301728,301728,301737,9,0
301728,301733,301737,4,5
301728,301734,301737,3,6
301728,301734,301737,3,6
301728,301734,301737,3,6
301728,301736,301737,1,8
301728,301733,301737,4,5
301728,301728,301738,10,0
301728,301736,301738,2,8
301728,301735,301738,3,7
301728,301735,301738,3,7
301728,301737,301738,1,9
301728,301733,301738,5,5
301728,301737,301738,1,9
301728,301734,301738,4,6
301728,301728,301739,11,0
301728,301736,301739,3,8
301728,301734,301739,5,6
301728,301738,301739,1,10
301728,301738,301739,1,10
301728,301738,301740,2,10
301728,301738,301739,1,10
301728,301739,301740,1,11
301728,301738,301739,1,10
301728,301739,301740,1,11
301728,301739,301740,1,11
301728,301737,301740,3,9
301728,301738,301740,2,10
301728,301731,301740,9,3
301728,301730,301740,10,2
301728,301739,301740,1,11
301728,301738,301740,2,10
301728,301739,301740,1,11
301728,301739,301740,1,11
301728,301740,301741,1,12
301728,301739,301740,1,11
301728,301740,301741,1,12
301728,301740,301741,1,12
301728,301740,301741,1,12
301728,301740,301741,1,12
301728,301740,301741,1,12
301728,301740,301741,1,12
301728,301740,301741,1,12
301728,301740,301741,1,12
301728,301728,301742,14,0
301728,301733,301742,9,5
301728,301741,301742,1,13
301728,301741,301742,1,13
301728,301737,301742,5,9
301728,301740,301742,2,12
301728,301741,301742,1,13
301728,301740,301742,2,12
301728,301741,301742,1,13
301728,301741,301742,1,13
301728,301728,301745,17,0
301754,301754,301755,1,0
301754,301754,301755,1,0
301754,301754,301755,1,0
301754,301754,301755,1,0
301754,301754,301757,3,0
301754,301754,301758,4,0
301754,301754,301759,5,0
301754,301754,301759,5,0
301754,301754,301760,6,0
301754,301754,301759,5,0
301754,301754,301760,6,0
301754,301754,301760,6,0
301754,301756,301761,5,2
301754,301754,301761,7,0
301754,301754,301760,6,0
301754,301756,301760,4,2
301754,301754,301760,6,0
301754,301756,301761,5,2
301754,301754,301763,9,0
301754,301754,301762,8,0
301754,301754,301762,8,0
301754,301754,301763,9,0
301754,301757,301762,5,3
301754,301759,301763,4,5
301754,301761,301763,2,7
301754,301761,301763,2,7
301754,301760,301764,4,6
301754,301761,301763,2,7
301754,301761,301764,3,7
301754,301761,301763,2,7
301754,301761,301764,3,7
301754,301754,301764,10,0
301754,301756,301764,8,2
301754,301761,301764,3,7
301754,301763,301764,1,9
301754,301763,301765,2,9
301754,301763,301765,2,9
301754,301763,301765,2,9
301754,301754,301766,12,0
301754,301754,301765,11,0
301754,301763,301765,2,9
301754,301763,301765,2,9
301754,301764,301766,2,10
301754,301764,301766,2,10
301754,301760,301766,6,6
301754,301763,301766,3,9
301754,301765,301766,1,11
301754,301765,301766,1,11
301754,301764,301766,2,10
301754,301764,301766,2,10
301754,301764,301766,2,10
301754,301765,301766,1,11
301754,301754,301767,13,0
301754,301761,301767,6,7
301754,301763,301766,3,9
301754,301765,301767,2,11
301754,301760,301767,7,6
301754,301765,301766,1,11
301754,301765,301767,2,11
301754,301765,301767,2,11
301754,301766,301767,1,12
301754,301767,301768,1,13
301754,301766,301768,2,12
301754,301766,301768,2,12
301754,301754,301768,14,0
301754,301766,301768,2,12
301754,301766,301768,2,12
301754,301766,301768,2,12
301754,301767,301768,1,13
301754,301767,301768,1,13
301754,301766,301768,2,12
301754,301767,301768,1,13
301754,301767,301768,1,13
301754,301766,301768,2,12
301754,301767,301769,2,13
301754,301767,301769,2,13
301754,301767,301769,2,13
301754,301759,301769,10,5
301779,301779,301781,2,0
301779,301779,301781,2,0
301779,301779,301780,1,0
301779,301779,301781,2,0
301779,301779,301783,4,0
301779,301779,301784,5,0
301779,301779,301785,6,0
301779,301779,301784,5,0
301779,301779,301785,6,0
301779,301779,301786,7,0
301779,301779,301785,6,0
301779,301779,301785,6,0
301779,301779,301785,6,0
301779,301779,301786,7,0
301779,301781,301786,5,2
301779,301781,301785,4,2
301779,301779,301787,8,0
301779,301779,301788,9,0
301779,301781,301788,7,2
301779,301786,301788,2,7
301779,301786,301789,3,7
301779,301783,301789,6,4
301779,301786,301789,3,7
301779,301786,301789,3,7
301779,301779,301790,11,0
301779,301779,301790,11,0
301779,301779,301789,10,0
301779,301779,301790,11,0
301779,301787,301790,3,8
301779,301788,301790,2,9
301779,301788,301790,2,9
301779,301779,301790,11,0
301779,301785,301790,5,6
301779,301788,301790,2,9
301779,301789,301790,1,10
301779,301781,301791,10,2
301779,301785,301791,6,6
301779,301789,301791,2,10
301779,301790,301791,1,11
301779,301786,301791,5,7
301779,301790,301791,1,11
301779,301789,301791,2,10
301779,301789,301791,2,10
301779,301791,301792,1,12
301779,301779,301792,13,0
301779,301790,301792,2,11
301779,301790,301792,2,11
301779,301779,301792,13,0
301779,301790,301792,2,11
301779,301790,301792,2,11
301779,301790,301791,1,11
301779,301792,301793,1,13
301779,301792,301793,1,13
301779,301786,301793,7,7
301779,301790,301793,3,11
301779,301785,301793,8,6
301779,301790,301793,3,11
301779,301791,301793,2,12
301779,301791,301793,2,12
301779,301792,301793,1,13
301779,301792,301793,1,13
301779,301793,301794,1,14
301779,301792,301793,1,13
301779,301792,301793,1,13
301779,301793,301794,1,14
301779,301786,301794,8,7
301779,301792,301794,2,13
301779,301792,301794,2,13
301779,301792,301794,2,13
301779,301792,301794,2,13
301779,301793,301794,1,14
301779,301793,301794,1,14
301779,301793,301794,1,14
301779,301793,301794,1,14
301779,301779,301795,16,0
301779,301785,301795,10,6
301803,301804,301805,1,1
301803,301804,301805,1,1
301803,301804,301805,1,1
301803,301804,301805,1,1
301803,301804,301807,3,1
301803,301804,301807,3,1
301803,301804,301808,4,1
301803,301804,301809,5,1
301803,301804,301809,5,1
301803,301804,301809,5,1
301803,301804,301810,6,1
301803,301805,301809,4,2
301803,301805,301810,5,2
301803,301804,301810,6,1
301803,301806,301811,5,3
301803,301809,301810,1,6
301803,301804,301810,6,1
301803,301804,301810,6,1
301803,301804,301810,6,1
301803,301804,301811,7,1
301803,301808,301811,3,5
301803,301810,301811,1,7
301803,301808,301811,3,5
301803,301811,301812,1,8
301803,301804,301812,8,1
301803,301804,301812,8,1
301803,301810,301812,2,7
301803,301811,301812,1,8
301803,301811,301812,1,8
301803,301811,301812,1,8
301803,301810,301813,3,7
301803,301810,301813,3,7
301803,301804,301813,9,1
301803,301804,301813,9,1
301803,301806,301813,7,3
301803,301810,301813,3,7
301803,301813,301814,1,10
301803,301813,301814,1,10
301803,301811,301813,2,8
301803,301812,301813,1,9
301803,301812,301813,1,9
301803,301811,301813,2,8
301803,301812,301813,1,9
301803,301812,301813,1,9
301803,301804,301815,11,1
301803,301813,301815,2,10
301803,301813,301814,1,10
301803,301804,301815,11,1
301803,301804,301814,10,1
301803,301810,301815,5,7
301803,301813,301814,1,10
301803,301804,301814,10,1
301803,301813,301814,1,10
301803,301812,301815,3,9
301803,301814,301815,1,11
301803,301813,301814,1,10
301803,301814,301815,1,11
301803,301814,301815,1,11
301803,301814,301815,1,11
301803,301813,301814,1,10
301803,301814,301815,1,11
301803,301814,301815,1,11
301803,301814,301815,1,11
301803,301814,301816,2,11
301803,301814,301815,1,11
301803,301814,301815,1,11
301803,301814,301815,1,11
301803,301814,301815,1,11
301803,301815,301816,1,12
301803,301815,301816,1,12
301803,301815,301816,1,12
301803,301815,301816,1,12
301803,301815,301816,1,12
301803,301815,301816,1,12
301803,301815,301816,1,12
301803,301815,301816,1,12
301803,301815,301816,1,12
301803,301815,301816,1,12
301803,301815,301817,2,12
301825,301825,301826,1,0
301825,301825,301826,1,0
301825,301825,301827,2,0
301825,301825,301827,2,0
301825,301825,301828,3,0
301825,301825,301829,4,0
301825,301825,301830,5,0
301825,301825,301830,5,0
301825,301825,301830,5,0
301825,301826,301830,4,1
301825,301825,301831,6,0
301825,301826,301831,5,1
301825,301825,301831,6,0
301825,301827,301831,4,2
301825,301825,301831,6,0
301825,301825,301831,6,0
301825,301825,301831,6,0
301825,301825,301832,7,0
301825,301832,301834,2,7
301825,301825,301834,9,0
301825,301825,301834,9,0
301825,301825,301834,9,0
301825,301828,301834,6,3
301825,301825,301834,9,0
301825,301830,301834,4,5
301825,301832,301834,2,7
301825,301831,301834,3,6
301825,301832,301834,2,7
301825,301825,301835,10,0
301825,301833,301835,2,8
301825,301832,301836,4,7
301825,301835,301836,1,10
301825,301835,301836,1,10
301825,301831,301835,4,6
301825,301834,301835,1,9
301825,301835,301836,1,10
301825,301835,301836,1,10
301825,301825,301836,11,0
301825,301829,301836,7,4
301825,301835,301836,1,10
301825,301825,301836,11,0
301825,301833,301836,3,8
301825,301825,301836,11,0
301825,301835,301836,1,10
301825,301831,301837,6,6
301825,301831,301836,5,6
301825,301832,301836,4,7
301825,301835,301836,1,10
301825,301832,301836,4,7
301825,301836,301837,1,11
301825,301835,301837,2,10
301825,301825,301837,12,0
301825,301836,301837,1,11
301825,301837,301838,1,12
301825,301837,301838,1,12
301825,301837,301838,1,12
301825,301836,301837,1,11
301825,301836,301837,1,11
301825,301836,301837,1,11
301825,301836,301837,1,11
301825,301836,301837,1,11
301825,301836,301837,1,11
301825,301836,301837,1,11
301825,301835,301838,3,10
301825,301837,301838,1,12
301825,301837,301838,1,12
301825,301837,301838,1,12
301825,301837,301838,1,12
301825,301837,301838,1,12
301825,301837,301838,1,12
301825,301837,301838,1,12
301825,301837,301838,1,12
301825,301838,301839,1,13
301825,301837,301838,1,12
301825,301838,301839,1,13
301825,301838,301839,1,13
301825,301838,301839,1,13
301825,301838,301839,1,13
301825,301838,301839,1,13
301849,301849,301850,1,0
301849,301849,301850,1,0
301849,301849,301850,1,0
301849,301849,301850,1,0
301849,301849,301850,1,0
301849,301849,301851,2,0
301849,301849,301851,2,0
301849,301849,301852,3,0
301849,301849,301854,5,0
301849,301849,301854,5,0
301849,301849,301854,5,0
301849,301849,301854,5,0
301849,301849,301854,5,0
301849,301849,301854,5,0
301849,301849,301855,6,0
301849,301849,301856,7,0
301849,301849,301855,6,0
301849,301850,301856,6,1
301849,301851,301855,4,2
301849,301850,301855,5,1
301849,301851,301856,5,2
301849,301849,301856,7,0
301849,301849,301856,7,0
301849,301854,301857,3,5
301849,301849,301857,8,0
301849,301849,301857,8,0
301849,301849,301857,8,0
301849,301851,301857,6,2
301849,301855,301858,3,6
301849,301856,301858,2,7
301849,301853,301857,4,4
301849,301855,301858,3,6
301849,301856,301858,2,7
301849,301849,301858,9,0
301849,301849,301859,10,0
301849,301851,301859,8,2
301849,301852,301859,7,3
301849,301856,301859,3,7
301849,301856,301858,2,7
301849,301857,301858,1,8
301849,301855,301858,3,6
301849,301856,301858,2,7
301849,301857,301858,1,8
301849,301858,301859,1,9
301849,301857,301858,1,8
301849,301858,301859,1,9
301849,301858,301859,1,9
301849,301858,301860,2,9
301849,301858,301859,1,9
301849,301855,301860,5,6
301849,301858,301860,2,9
301849,301856,301860,4,7
301849,301857,301860,3,8
301849,301858,301859,1,9
301849,301858,301859,1,9
301849,301859,301860,1,10
301849,301859,301860,1,10
301849,301858,301859,1,9
301849,301859,301860,1,10
301849,301859,301860,1,10
301849,301859,301860,1,10
301849,301859,301860,1,10
301849,301859,301860,1,10
301849,301859,301860,1,10
301849,301859,301860,1,10
301849,301859,301860,1,10
301849,301859,301860,1,10
301849,301860,301861,1,11
301849,301860,301861,1,11
301849,301859,301860,1,10
301849,301859,301860,1,10
301849,301859,301861,2,10
301849,301855,301861,6,6
301849,301860,301861,1,11
301849,301860,301861,1,11
301849,301860,301861,1,11
301849,301860,301861,1,11
301849,301860,301861,1,11
301849,301860,301861,1,11
301871,301871,301872,1,0
301871,301871,301872,1,0
301871,301871,301873,2,0
301871,301871,301873,2,0
301871,301871,301874,3,0
301871,301871,301876,5,0
301871,301871,301876,5,0
301871,301872,301876,4,1
301871,301871,301877,6,0
301871,301871,301877,6,0
301871,301871,301877,6,0
301871,301871,301876,5,0
301871,301871,301878,7,0
301871,301871,301878,7,0
301871,301873,301878,5,2
301871,301873,301878,5,2
301871,301871,301879,8,0
301871,301871,301879,8,0
301871,301871,301879,8,0
301871,301871,301879,8,0
301871,301871,301880,9,0
301871,301871,301880,9,0
301871,301871,301880,9,0
301871,301879,301880,1,8
301871,301873,301881,8,2
301871,301876,301881,5,5
301871,301878,301881,3,7
301871,301879,301881,2,8
301871,301880,301882,2,9
301871,301878,301882,4,7
301871,301878,301881,3,7
301871,301871,301882,11,0
301871,301879,301882,3,8
301871,301876,301882,6,5
301871,301876,301882,6,5
301871,301877,301882,5,6
301871,301877,301882,5,6
301871,301880,301882,2,9
301871,301881,301882,1,10
301871,301871,301883,12,0
301871,301875,301883,8,4
301871,301881,301883,2,10
301871,301877,301883,6,6
301871,301881,301883,2,10
301871,301879,301883,4,8
301871,301881,301883,2,10
301871,301882,301883,1,11
301871,301882,301883,1,11
301871,301883,301884,1,12
301871,301883,301884,1,12
301871,301882,301883,1,11
301871,301882,301883,1,11
301871,301882,301883,1,11
301871,301882,301883,1,11
301871,301883,301884,1,12
301871,301883,301884,1,12
301871,301883,301884,1,12
301871,301883,301884,1,12
301871,301882,301884,2,11
301871,301883,301884,1,12
301871,301883,301884,1,12
301871,301884,301885,1,13
301871,301884,301885,1,13
301871,301884,301885,1,13
301871,301884,301885,1,13
301871,301884,301885,1,13
301871,301884,301885,1,13
301871,301884,301885,1,13
301871,301884,301885,1,13
301871,301884,301885,1,13
301871,301884,301885,1,13
301871,301884,301885,1,13
301871,301884,301885,1,13
301871,301884,301885,1,13
301871,301884,301885,1,13
301871,301884,301885,1,13
301871,301884,301885,1,13
301871,301871,301886,15,0
301871,301871,301887,16,0
301896,301896,301897,1,0
301896,301896,301897,1,0
301896,301896,301897,1,0
301896,301896,301897,1,0
301896,301896,301898,2,0
301896,301897,301901,4,1
301896,301897,301900,3,1
301896,301896,301902,6,0
301896,301896,301903,7,0
301896,301896,301903,7,0
301896,301896,301902,6,0
301896,301898,301902,4,2
301896,301896,301902,6,0
301896,301896,301903,7,0
301896,301898,301904,6,2
301896,301896,301903,7,0
301896,301896,301904,8,0
301896,301896,301904,8,0
301896,301896,301904,8,0
301896,301898,301905,7,2
301896,301896,301904,8,0
301896,301896,301905,9,0
301896,301896,301905,9,0
301896,301896,301906,10,0
301896,301896,301905,9,0
301896,301901,301906,5,5
301896,301903,301905,2,7
301896,301901,301905,4,5
301896,301904,301906,2,8
301896,301903,301906,3,7
301896,301904,301907,3,8
301896,301904,301907,3,8
301896,301902,301907,5,6
301896,301905,301907,2,9
301896,301905,301907,2,9
301896,301903,301907,4,7
301896,301903,301907,4,7
301896,301904,301906,2,8
301896,301896,301908,12,0
301896,301905,301907,2,9
301896,301905,301907,2,9
301896,301906,301908,2,10
301896,301906,301908,2,10
301896,301906,301908,2,10
301896,301906,301908,2,10
301896,301906,301908,2,10
301896,301906,301907,1,10
301896,301896,301909,13,0
301896,301907,301908,1,11
301896,301896,301909,13,0
301896,301906,301909,3,10
301896,301907,301909,2,11
301896,301905,301909,4,9
301896,301907,301909,2,11
301896,301907,301909,2,11
301896,301907,301909,2,11
301896,301907,301909,2,11
301896,301907,301909,2,11
301896,301907,301909,2,11
301896,301908,301909,1,12
301896,301896,301910,14,0
301896,301908,301910,2,12
301896,301908,301910,2,12
301896,301908,301910,2,12
301896,301908,301910,2,12
301896,301908,301910,2,12
301896,301908,301910,2,12
301896,301908,301910,2,12
301896,301909,301911,2,13
301896,301909,301910,1,13
301896,301906,301910,4,10
301896,301909,301910,1,13
301896,301909,301911,2,13
301896,301909,301911,2,13
301896,301908,301910,2,12
301896,301909,301910,1,13
301896,301909,301911,2,13
301896,301909,301910,1,13
301896,301903,301911,8,7
301921,301921,301922,1,0
301921,301921,301922,1,0
301921,301921,301922,1,0
301921,301921,301923,2,0
301921,301921,301923,2,0
301921,301921,301925,4,0
301921,301921,301925,4,0
301921,301923,301926,3,2
301921,301922,301926,4,1
301921,301923,301926,3,2
301921,301921,301927,6,0
301921,301922,301927,5,1
301921,301923,301927,4,2
301921,301921,301928,7,0
301921,301921,301928,7,0
301921,301921,301928,7,0
301921,301921,301928,7,0
301921,301925,301928,3,4
301921,301921,301928,7,0
301921,301925,301928,3,4
301921,301926,301928,2,5
301921,301921,301929,8,0
301921,301921,301929,8,0
301921,301921,301929,8,0
301921,301926,301929,3,5
301921,301927,301929,2,6
301921,301927,301929,2,6
301921,301921,301929,8,0
301921,301928,301930,2,7
301921,301921,301930,9,0
301921,301928,301930,2,7
301921,301928,301930,2,7
301921,301928,301930,2,7
301921,301927,301931,4,6
301921,301928,301931,3,7
301921,301927,301930,3,6
301921,301928,301931,3,7
301921,301928,301931,3,7
301921,301930,301931,1,9
301921,301930,301931,1,9
301921,301930,301931,1,9
301921,301928,301931,3,7
301921,301930,301932,2,9
301921,301921,301932,11,0
301921,301921,301932,11,0
301921,301921,301932,11,0
301921,301931,301932,1,10
301921,301931,301932,1,10
301921,301931,301932,1,10
301921,301931,301932,1,10
301921,301931,301932,1,10
301921,301921,301933,12,0
301921,301929,301933,4,8
301921,301932,301933,1,11
301921,301932,301933,1,11
301921,301932,301933,1,11
301921,301932,301933,1,11
301921,301932,301934,2,11
301921,301932,301933,1,11
301921,301932,301933,1,11
301921,301929,301934,5,8
301921,301929,301934,5,8
301921,301921,301934,13,0
301921,301931,301934,3,10
301921,301932,301934,2,11
301921,301932,301934,2,11
301921,301933,301935,2,12
301921,301933,301935,2,12
301921,301933,301934,1,12
301921,301933,301934,1,12
301921,301933,301935,2,12
301921,301933,301934,1,12
301921,301934,301935,1,13
301921,301932,301935,3,11
301921,301933,301935,2,12
301921,301934,301935,1,13
301921,301934,301935,1,13
301921,301921,301936,15,0
301921,301934,301936,2,13
301946,301946,301947,1,0
301946,301946,301947,1,0
301946,301946,301947,1,0
301946,301946,301947,1,0
301946,301946,301948,2,0
301946,301946,301950,4,0
301946,301946,301949,3,0
301946,301946,301950,4,0
301946,301946,301952,6,0
301946,301946,301952,6,0
301946,301947,301951,4,1
301946,301946,301952,6,0
301946,301947,301953,6,1
301946,301946,301953,7,0
301946,301946,301953,7,0
301946,301946,301953,7,0
301946,301948,301953,5,2
301946,301950,301952,2,4
301946,301950,301952,2,4
301946,301946,301953,7,0
301946,301946,301953,7,0
301946,301946,301954,8,0
301946,301951,301954,3,5
301946,301946,301953,7,0
301946,301952,301954,2,6
301946,301948,301955,7,2
301946,301949,301955,6,3
301946,301952,301954,2,6
301946,301953,301955,2,7
301946,301946,301956,10,0
301946,301952,301955,3,6
301946,301946,301955,9,0
301946,301946,301955,9,0
301946,301953,301956,3,7
301946,301953,301955,2,7
301946,301954,301956,2,8
301946,301953,301956,3,7
301946,301953,301955,2,7
301946,301953,301956,3,7
301946,301954,301956,2,8
301946,301946,301957,11,0
301946,301946,301957,11,0
301946,301946,301956,10,0
301946,301954,301957,3,8
301946,301953,301957,4,7
301946,301955,301957,2,9
301946,301954,301957,3,8
301946,301954,301956,2,8
301946,301953,301956,3,7
301946,301954,301956,2,8
301946,301955,301957,2,9
301946,301955,301956,1,9
301946,301955,301958,3,9
301946,301956,301958,2,10
301946,301956,301958,2,10
301946,301956,301958,2,10
301946,301956,301958,2,10
301946,301956,301958,2,10
301946,301956,301958,2,10
301946,301958,301959,1,12
301946,301956,301958,2,10
301946,301956,301958,2,10
301946,301956,301959,3,10
301946,301956,301959,3,10
301946,301957,301959,2,11
301946,301957,301959,2,11
301946,301957,301959,2,11
301946,301958,301960,2,12
301946,301958,301959,1,12
301946,301957,301960,3,11
301946,301957,301960,3,11
301946,301956,301960,4,10
301946,301957,301959,2,11
301946,301957,301960,3,11
301946,301957,301960,3,11
301946,301958,301960,2,12
301946,301958,301960,2,12
301969,301970,301971,1,1
301969,301970,301971,1,1
301969,301970,301971,1,1
301969,301970,301972,2,1
301969,301970,301974,4,1
301969,301970,301974,4,1
301969,301971,301974,3,2
301969,301970,301974,4,1
301969,301970,301975,5,1
301969,301970,301975,5,1
301969,301971,301975,4,2
301969,301970,301976,6,1
301969,301970,301976,6,1
301969,301970,301976,6,1
301969,301972,301976,4,3
301969,301970,301977,7,1
301969,301970,301978,8,1
301969,301972,301978,6,3
301969,301975,301978,3,6
301969,301970,301977,7,1
301969,301975,301977,2,6
301969,301970,301978,8,1
301969,301973,301978,5,4
301969,301970,301978,8,1
301969,301970,301978,8,1
301969,301975,301978,3,6
301969,301976,301979,3,7
301969,301976,301978,2,7
301969,301976,301978,2,7
301969,301976,301978,2,7
301969,301977,301979,2,8
301969,301975,301979,4,6
301969,301977,301979,2,8
301969,301977,301980,3,8
301969,301978,301979,1,9
301969,301978,301979,1,9
301969,301979,301980,1,10
301969,301978,301980,2,9
301969,301970,301980,10,1
301969,301970,301981,11,1
301969,301970,301981,11,1
301969,301979,301981,2,10
301969,301970,301981,11,1
301969,301979,301980,1,10
301969,301979,301980,1,10
301969,301979,301980,1,10
301969,301979,301981,2,10
301969,301979,301980,1,10
301969,301979,301980,1,10
301969,301970,301982,12,1
301969,301977,301981,4,8
301969,301978,301981,3,9
301969,301979,301982,3,10
301969,301980,301982,2,11
301969,301980,301982,2,11
301969,301980,301982,2,11
301969,301981,301982,1,12
301969,301979,301982,3,10
301969,301978,301982,4,9
301969,301981,301983,2,12
301969,301980,301982,2,11
301969,301980,301982,2,11
301969,301980,301983,3,11
301969,301981,301982,1,12
301969,301981,301983,2,12
301969,301981,301983,2,12
301969,301981,301983,2,12
301969,301981,301982,1,12
301969,301981,301983,2,12
301969,301981,301983,2,12
301969,301981,301984,3,12
301969,301981,301984,3,12
301969,301982,301984,2,13
301969,301982,301983,1,13
301969,301982,301983,1,13
301969,301980,301983,3,11
301969,301982,301983,1,13
301969,301982,301983,1,13
301994,301994,301995,1,0
301994,301994,301995,1,0
301994,301994,301995,1,0
301994,301994,301995,1,0
301994,301994,301997,3,0
301994,301994,301997,3,0
301994,301995,301998,3,1
301994,301994,301999,5,0
301994,301994,301999,5,0
301994,301995,301999,4,1
301994,301994,302000,6,0
301994,301994,302000,6,0
301994,301994,302001,7,0
301994,301996,302001,5,2
301994,301998,302000,2,4
301994,301994,302001,7,0
301994,301994,302002,8,0
301994,301994,302001,7,0
301994,301998,302002,4,4
301994,301994,302002,8,0
301994,302000,302002,2,6
301994,301994,302001,7,0
301994,301999,302001,2,5
301994,302000,302002,2,6
301994,301996,302002,6,2
301994,301994,302002,8,0
301994,302000,302002,2,6
301994,302001,302002,1,7
301994,302001,302003,2,7
301994,301994,302004,10,0
301994,302000,302004,4,6
301994,302002,302004,2,8
301994,302002,302004,2,8
301994,302001,302003,2,7
301994,302001,302003,2,7
301994,302002,302004,2,8
301994,302002,302004,2,8
301994,302002,302004,2,8
301994,301994,302004,10,0
301994,302002,302004,2,8
301994,302003,302005,2,9
301994,302003,302005,2,9
301994,302003,302004,1,9
301994,302003,302004,1,9
301994,302003,302006,3,9
301994,302004,302006,2,10
301994,302004,302006,2,10
301994,302004,302006,2,10
301994,302004,302006,2,10
301994,302004,302006,2,10
301994,302002,302006,4,8
301994,302002,302006,4,8
301994,301994,302006,12,0
301994,302002,302006,4,8
301994,301994,302006,12,0
301994,302004,302006,2,10
301994,302004,302006,2,10
301994,302004,302006,2,10
301994,302004,302007,3,10
301994,302005,302007,2,11
301994,302006,302007,1,12
301994,302005,302007,2,11
301994,302005,302007,2,11
301994,302006,302007,1,12
301994,302006,302008,2,12
301994,301994,302008,14,0
301994,302005,302008,3,11
301994,302005,302008,3,11
301994,302006,302008,2,12
301994,302006,302007,1,12
301994,302007,302008,1,13
301994,302006,302008,2,12
301994,301994,302009,15,0
301994,302007,302008,1,13
301994,302007,302009,2,13
301994,302007,302008,1,13
301994,302005,302008,3,11
301994,302007,302009,2,13
301994,301994,302012,18,0
302021,302021,302022,1,0
302021,302021,302022,1,0
302021,302021,302023,2,0
302021,302021,302023,2,0
302021,302021,302025,4,0
302021,302022,302025,3,1
302021,302021,302026,5,0
302021,302023,302027,4,2
302021,302021,302027,6,0
302021,302021,302027,6,0
302021,302021,302028,7,0
302021,302021,302027,6,0
302021,302023,302027,4,2
302021,302023,302028,5,2
302021,302021,302027,6,0
302021,302026,302028,2,5
302021,302021,302029,8,0
302021,302027,302029,2,6
302021,302021,302029,8,0
302021,302027,302029,2,6
302021,302026,302029,3,5
302021,302021,302030,9,0
302021,302027,302029,2,6
302021,302028,302030,2,7
302021,302028,302030,2,7
302021,302028,302030,2,7
302021,302028,302030,2,7
302021,302028,302030,2,7
302021,302028,302030,2,7
302021,302028,302030,2,7
302021,302021,302030,9,0
302021,302021,302030,9,0
302021,302029,302031,2,8
302021,302021,302031,10,0
302021,302021,302030,9,0
302021,302021,302031,10,0
302021,302021,302031,10,0
302021,302029,302030,1,8
302021,302029,302031,2,8
302021,302029,302031,2,8
302021,302021,302032,11,0
302021,302021,302032,11,0
302021,302030,302032,2,9
302021,302030,302032,2,9
302021,302030,302032,2,9
302021,302030,302032,2,9
302021,302030,302032,2,9
302021,302030,302032,2,9
302021,302021,302033,12,0
302021,302030,302032,2,9
302021,302030,302033,3,9
302021,302031,302033,2,10
302021,302031,302033,2,10
302021,302030,302033,3,9
302021,302031,302034,3,10
302021,302031,302034,3,10
302021,302021,302034,13,0
302021,302032,302034,2,11
302021,302032,302034,2,11
302021,302033,302034,1,12
302021,302033,302034,1,12
302021,302033,302034,1,12
302021,302032,302034,2,11
302021,302032,302034,2,11
302021,302033,302034,1,12
302021,302031,302035,4,10
302021,302033,302035,2,12
302021,302031,302035,4,10
302021,302031,302035,4,10
302021,302032,302035,3,11
302021,302030,302034,4,9
302021,302031,302035,4,10
302021,302033,302035,2,12
302021,302033,302035,2,12
302021,302034,302035,1,13
302021,302034,302035,1,13
302021,302032,302036,4,11
302021,302034,302036,2,13
302046,302046,302047,1,0
302046,302046,302048,2,0
302046,302046,302048,2,0
302046,302046,302048,2,0
302046,302046,302049,3,0
302046,302046,302050,4,0
302046,302046,302051,5,0
302046,302046,302052,6,0
302046,302047,302052,5,1
302046,302047,302052,5,1
302046,302047,302052,5,1
302046,302049,302052,3,3
302046,302048,302053,5,2
302046,302049,302053,4,3
302046,302052,302054,2,6
302046,302051,302053,2,5
302046,302046,302054,8,0
302046,302053,302054,1,7
302046,302053,302054,1,7
302046,302054,302055,1,8
302046,302054,302055,1,8
302046,302046,302054,8,0
302046,302053,302054,1,7
302046,302053,302054,1,7
302046,302054,302055,1,8
302046,302046,302055,9,0
302046,302047,302055,8,1
302046,302053,302055,2,7
302046,302050,302055,5,4
302046,302049,302055,6,3
302046,302054,302055,1,8
302046,302046,302055,9,0
302046,302046,302056,10,0
302046,302047,302056,9,1
302046,302046,302056,10,0
302046,302055,302056,1,9
302046,302055,302056,1,9
302046,302055,302056,1,9
302046,302055,302056,1,9
302046,302055,302056,1,9
302046,302055,302056,1,9
302046,302055,302056,1,9
302046,302055,302057,2,9
302046,302055,302056,1,9
302046,302047,302057,10,1
302046,302047,302057,10,1
302046,302056,302057,1,10
302046,302056,302058,2,10
302046,302056,302057,1,10
302046,302056,302058,2,10
302046,302056,302058,2,10
302046,302056,302059,3,10
302046,302046,302058,12,0
302046,302046,302059,13,0
302046,302057,302059,2,11
302046,302057,302059,2,11
302046,302057,302059,2,11
302046,302057,302059,2,11
302046,302057,302059,2,11
302046,302057,302059,2,11
302046,302057,302059,2,11
302046,302057,302059,2,11
302046,302057,302059,2,11
302046,302057,302059,2,11
302046,302058,302059,1,12
302046,302056,302059,3,10
302046,302058,302060,2,12
302046,302058,302059,1,12
302046,302057,302059,2,11
302046,302058,302059,1,12
302046,302059,302060,1,13
302046,302059,302060,1,13
302046,302058,302059,1,12
302046,302057,302060,3,11
302046,302059,302060,1,13
302046,302059,302060,1,13
302046,302058,302061,3,12
302046,302059,302060,1,13
302046,302047,302062,15,1
302072,302072,302073,1,0
302072,302072,302073,1,0
302072,302072,302073,1,0
302072,302072,302074,2,0
302072,302072,302074,2,0
302072,302072,302077,5,0
302072,302072,302077,5,0
302072,302073,302078,5,1
302072,302072,302078,6,0
302072,302072,302078,6,0
302072,302073,302077,4,1
302072,302074,302078,4,2
302072,302072,302079,7,0
302072,302072,302078,6,0
302072,302072,302079,7,0
302072,302078,302079,1,6
302072,302078,302079,1,6
302072,302072,302080,8,0
302072,302078,302080,2,6
302072,302072,302081,9,0
302072,302072,302081,9,0
302072,302074,302081,7,2
302072,302072,302081,9,0
302072,302075,302081,6,3
302072,302079,302080,1,7
302072,302079,302081,2,7
302072,302072,302081,9,0
302072,302077,302081,4,5
302072,302079,302081,2,7
302072,302077,302081,4,5
302072,302078,302081,3,6
302072,302080,302081,1,8
302072,302080,302081,1,8
302072,302072,302082,10,0
302072,302072,302082,10,0
302072,302080,302082,2,8
302072,302078,302082,4,6
302072,302082,302083,1,10
302072,302072,302082,10,0
302072,302081,302083,2,9
302072,302081,302083,2,9
302072,302081,302083,2,9
302072,302082,302083,1,10
302072,302082,302083,1,10
302072,302082,302083,1,10
302072,302082,302083,1,10
302072,302082,302083,1,10
302072,302082,302083,1,10
302072,302082,302084,2,10
302072,302081,302084,3,9
302072,302072,302084,12,0
302072,302083,302084,1,11
302072,302072,302084,12,0
302072,302082,302084,2,10
302072,302082,302084,2,10
302072,302082,302084,2,10
302072,302083,302084,1,11
302072,302084,302085,1,12
302072,302084,302085,1,12
302072,302072,302085,13,0
302072,302083,302086,3,11
302072,302084,302085,1,12
302072,302084,302085,1,12
302072,302084,302085,1,12
302072,302085,302086,1,13
302072,302084,302085,1,12
302072,302084,302085,1,12
302072,302082,302086,4,10
302072,302082,302086,4,10
302072,302084,302086,2,12
302072,302085,302086,1,13
302072,302084,302086,2,12
302072,302085,302086,1,13
302072,302085,302086,1,13
302072,302085,302086,1,13
302072,302084,302087,3,12
302072,302084,302088,4,12
302072,302072,302091,19,0
302100,302100,302102,2,0
302100,302100,302102,2,0
302100,302100,302102,2,0
302100,302100,302102,2,0
302100,302100,302103,3,0
302100,302100,302105,5,0
302100,302100,302106,6,0
302100,302100,302106,6,0
302100,302100,302106,6,0
302100,302100,302106,6,0
302100,302103,302106,3,3
302100,302100,302107,7,0
302100,302102,302107,5,2
302100,302100,302107,7,0
302100,302103,302107,4,3
302100,302100,302107,7,0
302100,302100,302108,8,0
302100,302100,302108,8,0
302100,302100,302108,8,0
302100,302100,302108,8,0
302100,302100,302108,8,0
302100,302100,302109,9,0
302100,302100,302109,9,0
302100,302104,302109,5,4
302100,302108,302109,1,8
302100,302108,302109,1,8
302100,302108,302109,1,8
302100,302108,302109,1,8
302100,302100,302110,10,0
302100,302109,302110,1,9
302100,302109,302110,1,9
302100,302109,302110,1,9
302100,302109,302110,1,9
302100,302109,302110,1,9
302100,302106,302110,4,6
302100,302107,302110,3,7
302100,302100,302112,12,0
302100,302110,302111,1,10
302100,302103,302111,8,3
302100,302107,302111,4,7
302100,302107,302111,4,7
302100,302110,302112,2,10
302100,302110,302111,1,10
302100,302107,302112,5,7
302100,302108,302111,3,8
302100,302110,302111,1,10
302100,302107,302111,4,7
302100,302110,302111,1,10
302100,302110,302112,2,10
302100,302110,302112,2,10
302100,302111,302112,1,11
302100,302111,302112,1,11
302100,302112,302113,1,12
302100,302111,302113,2,11
302100,302111,302113,2,11
302100,302112,302114,2,12
302100,302112,302114,2,12
302100,302112,302113,1,12
302100,302112,302113,1,12
302100,302112,302113,1,12
302100,302112,302114,2,12
302100,302113,302114,1,13
302100,302112,302113,1,12
302100,302113,302114,1,13
302100,302111,302114,3,11
302100,302111,302114,3,11
302100,302112,302114,2,12
302100,302111,302114,3,11
302100,302112,302114,2,12
302100,302111,302114,3,11
302100,302113,302114,1,13
302100,302113,302114,1,13
302100,302112,302114,2,12
302100,302112,302114,2,12
302100,302113,302114,1,13
302100,302113,302114,1,13
302100,302114,302115,1,14
302100,302100,302116,16,0
302100,302100,302117,17,0
302127,302127,302128,1,0
302127,302127,302128,1,0
302127,302127,302128,1,0
302127,302127,302128,1,0
302127,302127,302130,3,0
302127,302127,302131,4,0
302127,302127,302132,5,0
302127,302127,302132,5,0
302127,302129,302133,4,2
302127,302127,302132,5,0
302127,302128,302132,4,1
302127,302127,302133,6,0
302127,302127,302133,6,0
302127,302128,302132,4,1
302127,302127,302134,7,0
302127,302127,302133,6,0
302127,302127,302134,7,0
302127,302127,302134,7,0
302127,302127,302133,6,0
302127,302127,302134,7,0
302127,302127,302135,8,0
302127,302131,302135,4,4
302127,302129,302136,7,2
302127,302133,302136,3,6
302127,302134,302136,2,7
302127,302134,302136,2,7
302127,302133,302136,3,6
302127,302133,302136,3,6
302127,302133,302136,3,6
302127,302133,302136,3,6
302127,302134,302136,2,7
302127,302127,302136,9,0
302127,302134,302137,3,7
302127,302127,302137,10,0
302127,302134,302137,3,7
302127,302132,302137,5,5
302127,302133,302137,4,6
302127,302134,302137,3,7
302127,302133,302137,4,6
302127,302136,302137,1,9
302127,302130,302138,8,3
302127,302127,302138,11,0
302127,302136,302138,2,9
302127,302137,302138,1,10
302127,302137,302138,1,10
302127,302137,302138,1,10
302127,302137,302138,1,10
302127,302137,302138,1,10
302127,302137,302138,1,10
302127,302127,302138,11,0
302127,302136,302139,3,9
302127,302137,302139,2,10
302127,302135,302139,4,8
302127,302137,302139,2,10
302127,302137,302139,2,10
302127,302138,302139,1,11
302127,302138,302140,2,11
302127,302138,302139,1,11
302127,302138,302139,1,11
302127,302139,302140,1,12
302127,302138,302139,1,11
302127,302139,302140,1,12
302127,302139,302140,1,12
302127,302137,302140,3,10
302127,302138,302140,2,11
302127,302139,302140,1,12
302127,302139,302140,1,12
302127,302139,302140,1,12
302127,302139,302140,1,12
302127,302139,302140,1,12
302127,302140,302141,1,13
302127,302127,302141,14,0
302127,302140,302141,1,13
302127,302140,302141,1,13
302127,302140,302141,1,13
302127,302140,302141,1,13
302127,302140,302141,1,13
302127,302138,302142,4,11
302127,302127,302144,17,0
302153,302153,302154,1,0
302153,302153,302154,1,0
302153,302153,302154,1,0
302153,302153,302155,2,0
302153,302153,302157,4,0
302153,302153,302157,4,0
302153,302153,302158,5,0
302153,302153,302159,6,0
302153,302153,302159,6,0
302153,302153,302159,6,0
302153,302153,302159,6,0
302153,302153,302159,6,0
302153,302155,302159,4,2
302153,302153,302160,7,0
302153,302153,302160,7,0
302153,302155,302159,4,2
302153,302155,302160,5,2
302153,302153,302161,8,0
302153,302153,302161,8,0
302153,302157,302161,4,4
302153,302158,302161,3,5
302153,302159,302162,3,6
302153,302159,302162,3,6
302153,302159,302162,3,6
302153,302160,302162,2,7
302153,302153,302163,10,0
302153,302155,302162,7,2
302153,302153,302163,10,0
302153,302159,302163,4,6
302153,302160,302163,3,7
302153,302153,302163,10,0
302153,302159,302163,4,6
302153,302159,302163,4,6
302153,302162,302163,1,9
302153,302153,302164,11,0
302153,302161,302164,3,8
302153,302153,302164,11,0
302153,302161,302164,3,8
302153,302160,302164,4,7
302153,302163,302164,1,10
302153,302163,302164,1,10
302153,302153,302165,12,0
302153,302161,302165,4,8
302153,302153,302165,12,0
302153,302164,302165,1,11
302153,302164,302165,1,11
302153,302163,302165,2,10
302153,302163,302165,2,10
302153,302164,302165,1,11
302153,302164,302165,1,11
302153,302164,302165,1,11
302153,302164,302165,1,11
302153,302153,302166,13,0
302153,302160,302166,6,7
302153,302163,302166,3,10
302153,302163,302166,3,10
302153,302157,302166,9,4
302153,302164,302166,2,11
302153,302165,302166,1,12
302153,302165,302166,1,12
302153,302165,302166,1,12
302153,302166,302167,1,13
302153,302166,302167,1,13
302153,302166,302167,1,13
302153,302165,302167,2,12
302153,302165,302168,3,12
302153,302166,302167,1,13
302153,302166,302167,1,13
302153,302166,302167,1,13
302153,302166,302167,1,13
302153,302166,302167,1,13
302153,302166,302167,1,13
302153,302166,302167,1,13
302153,302167,302168,1,14
302153,302167,302168,1,14
302153,302165,302168,3,12
302153,302165,302168,3,12
302153,302167,302168,1,14
302153,302165,302169,4,12
302178,302178,302179,1,0
302178,302178,302179,1,0
302178,302178,302179,1,0
302178,302178,302179,1,0
302178,302178,302180,2,0
302178,302179,302183,4,1
302178,302178,302183,5,0
302178,302180,302183,3,2
302178,302178,302184,6,0
302178,302178,302184,6,0
302178,302178,302183,5,0
302178,302178,302184,6,0
302178,302178,302185,7,0
302178,302178,302185,7,0
302178,302179,302185,6,1
302178,302180,302185,5,2
302178,302178,302185,7,0
302178,302179,302184,5,1
302178,302178,302186,8,0
302178,302178,302186,8,0
302178,302178,302186,8,0
302178,302183,302186,3,5
302178,302178,302185,7,0
302178,302183,302186,3,5
302178,302178,302187,9,0
302178,302184,302187,3,6
302178,302184,302187,3,6
302178,302178,302187,9,0
302178,302185,302187,2,7
302178,302178,302188,10,0
302178,302183,302188,5,5
302178,302185,302188,3,7
302178,302186,302188,2,8
302178,302184,302188,4,6
302178,302187,302188,1,9
302178,302186,302188,2,8
302178,302187,302188,1,9
302178,302178,302189,11,0
302178,302185,302189,4,7
302178,302178,302189,11,0
302178,302185,302189,4,7
302178,302187,302189,2,9
302178,302185,302189,4,7
302178,302187,302189,2,9
302178,302188,302189,1,10
302178,302188,302190,2,10
302178,302188,302189,1,10
302178,302189,302190,1,11
302178,302189,302190,1,11
302178,302178,302190,12,0
302178,302189,302190,1,11
302178,302178,302190,12,0
302178,302189,302190,1,11
302178,302189,302190,1,11
302178,302189,302190,1,11
302178,302188,302190,2,10
302178,302189,302190,1,11
302178,302189,302190,1,11
302178,302190,302191,1,12
302178,302186,302191,5,8
302178,302188,302191,3,10
302178,302190,302191,1,12
302178,302190,302191,1,12
302178,302190,302191,1,12
302178,302190,302191,1,12
302178,302187,302191,4,9
302178,302190,302191,1,12
302178,302190,302191,1,12
302178,302190,302191,1,12
302178,302191,302192,1,13
302178,302190,302191,1,12
302178,302190,302191,1,12
302178,302190,302191,1,12
302178,302190,302191,1,12
302178,302191,302192,1,13
302178,302191,302192,1,13
302178,302191,302192,1,13
302178,302191,302192,1,13
302178,302191,302192,1,13
302201,302202,302203,1,1
302201,302202,302203,1,1
302201,302202,302203,1,1
302201,302202,302203,1,1
302201,302202,302206,4,1
302201,302202,302206,4,1
302201,302202,302207,5,1
302201,302202,302207,5,1
302201,302202,302207,5,1
302201,302202,302207,5,1
302201,302202,302208,6,1
302201,302202,302208,6,1
302201,302202,302208,6,1
302201,302204,302209,5,3
302201,302204,302209,5,3
302201,302203,302208,5,2
302201,302202,302209,7,1
302201,302204,302209,5,3
302201,302202,302209,7,1
302201,302204,302209,5,3
302201,302202,302209,7,1
302201,302207,302210,3,6
302201,302202,302210,8,1
302201,302202,302210,8,1
302201,302202,302211,9,1
302201,302208,302211,3,7
302201,302207,302210,3,6
302201,302208,302210,2,7
302201,302209,302210,1,8
302201,302208,302211,3,7
302201,302202,302211,9,1
302201,302210,302212,2,9
302201,302210,302212,2,9
302201,302208,302211,3,7
302201,302211,302212,1,10
302201,302211,302212,1,10
302201,302210,302212,2,9
302201,302210,302212,2,9
302201,302210,302212,2,9
302201,302210,302212,2,9
302201,302209,302212,3,8
302201,302211,302213,2,10
302201,302211,302213,2,10
302201,302212,302213,1,11
302201,302209,302212,3,8
302201,302212,302213,1,11
302201,302212,302213,1,11
302201,302211,302212,1,10
302201,302209,302213,4,8
302201,302209,302214,5,8
302201,302211,302213,2,10
302201,302211,302213,2,10
302201,302213,302214,1,12
302201,302212,302213,1,11
302201,302212,302214,2,11
302201,302212,302214,2,11
302201,302212,302213,1,11
302201,302202,302214,12,1
302201,302213,302215,2,12
302201,302213,302215,2,12
302201,302213,302214,1,12
302201,302213,302215,2,12
302201,302213,302215,2,12
302201,302213,302214,1,12
302201,302214,302215,1,13
302201,302213,302214,1,12
302201,302213,302215,2,12
302201,302213,302214,1,12
302201,302214,302215,1,13
302201,302209,302215,6,8
302201,302214,302215,1,13
302201,302214,302215,1,13
302201,302213,302215,2,12
302201,302213,302216,3,12
302201,302214,302215,1,13
302201,302214,302215,1,13
302201,302202,302217,15,1
302201,302202,302218,16,1
302227,302227,302228,1,0
302227,302227,302228,1,0
302227,302227,302228,1,0
302227,302227,302228,1,0
302227,302227,302228,1,0
302227,302227,302231,4,0
302227,302227,302232,5,0
302227,302228,302232,4,1
302227,302227,302231,4,0
302227,302227,302232,5,0
302227,302227,302232,5,0
302227,302227,302233,6,0
302227,302228,302232,4,1
302227,302227,302232,5,0
302227,302227,302233,6,0
302227,302227,302232,5,0
302227,302227,302234,7,0
302227,302227,302233,6,0
302227,302229,302233,4,2
302227,302229,302234,5,2
302227,302231,302234,3,4
302227,302232,302235,3,5
302227,302232,302235,3,5
302227,302233,302235,2,6
302227,302227,302236,9,0
302227,302232,302235,3,5
302227,302232,302235,3,5
302227,302233,302236,3,6
302227,302234,302236,2,7
302227,302235,302236,1,8
302227,302227,302236,9,0
302227,302227,302236,9,0
302227,302227,302237,10,0
302227,302234,302237,3,7
302227,302233,302236,3,6
302227,302233,302237,4,6
302227,302235,302236,1,8
302227,302234,302237,3,7
302227,302235,302237,2,8
302227,302235,302237,2,8
302227,302227,302237,10,0
302227,302229,302237,8,2
302227,302227,302237,10,0
302227,302227,302237,10,0
302227,302235,302237,2,8
302227,302236,302237,1,9
302227,302236,302238,2,9
302227,302236,302238,2,9
302227,302236,302238,2,9
302227,302237,302238,1,10
302227,302236,302238,2,9
302227,302237,302238,1,10
302227,302236,302238,2,9
302227,302237,302239,2,10
302227,302237,302239,2,10
302227,302237,302238,1,10
302227,302233,302239,6,6
302227,302237,302238,1,10
302227,302237,302239,2,10
302227,302238,302239,1,11
302227,302237,302239,2,10
302227,302237,302239,2,10
302227,302238,302239,1,11
302227,302233,302239,6,6
302227,302238,302240,2,11
302227,302238,302240,2,11
302227,302238,302240,2,11
302227,302238,302240,2,11
302227,302238,302240,2,11
302227,302238,302240,2,11
302227,302238,302240,2,11
302227,302238,302240,2,11
302227,302239,302240,1,12
302227,302239,302240,1,12
302227,302239,302241,2,12
302227,302227,302241,14,0
302251,302251,302252,1,0
302251,302251,302252,1,0
302251,302251,302252,1,0
302251,302251,302252,1,0
302251,302251,302253,2,0
302251,302251,302255,4,0
302251,302251,302255,4,0
302251,302251,302256,5,0
302251,302251,302256,5,0
302251,302251,302256,5,0
302251,302251,302257,6,0
302251,302251,302257,6,0
302251,302251,302256,5,0
302251,302253,302256,3,2
302251,302251,302256,5,0
302251,302251,302257,6,0
302251,302251,302257,6,0
302251,302251,302258,7,0
302251,302253,302257,4,2
302251,302253,302258,5,2
302251,302252,302257,5,1
302251,302251,302259,8,0
302251,302251,302259,8,0
302251,302255,302259,4,4
302251,302256,302259,3,5
302251,302258,302259,1,7
302251,302253,302259,6,2
302251,302251,302259,8,0
302251,302251,302260,9,0
302251,302258,302259,1,7
302251,302256,302259,3,5
302251,302257,302260,3,6
302251,302257,302259,2,6
302251,302257,302260,3,6
302251,302259,302261,2,8
302251,302251,302260,9,0
302251,302251,302261,10,0
302251,302259,302260,1,8
302251,302258,302261,3,7
302251,302257,302261,4,6
302251,302257,302261,4,6
302251,302258,302261,3,7
302251,302260,302261,1,9
302251,302257,302261,4,6
302251,302260,302261,1,9
302251,302259,302261,2,8
302251,302259,302261,2,8
302251,302259,302261,2,8
302251,302260,302261,1,9
302251,302258,302261,3,7
302251,302258,302262,4,7
302251,302257,302262,5,6
302251,302260,302262,2,9
302251,302260,302262,2,9
302251,302260,302261,1,9
302251,302261,302262,1,10
302251,302261,302262,1,10
302251,302261,302263,2,10
302251,302260,302262,2,9
302251,302260,302263,3,9
302251,302261,302263,2,10
302251,302261,302263,2,10
302251,302261,302263,2,10
302251,302261,302262,1,10
302251,302261,302263,2,10
302251,302262,302263,1,11
302251,302262,302263,1,11
302251,302262,302263,1,11
302251,302251,302264,13,0
302251,302262,302264,2,11
302251,302262,302264,2,11
302251,302261,302263,2,10
302251,302261,302263,2,10
302251,302261,302264,3,10
302251,302261,302264,3,10
302251,302262,302264,2,11
302251,302262,302264,2,11
302274,302274,302275,1,0
302274,302274,302275,1,0
302274,302274,302275,1,0
302274,302274,302276,2,0
302274,302274,302275,1,0
302274,302274,302278,4,0
302274,302274,302279,5,0
302274,302275,302279,4,1
302274,302274,302279,5,0
302274,302274,302279,5,0
302274,302274,302279,5,0
302274,302274,302280,6,0
302274,302274,302280,6,0
302274,302274,302279,5,0
302274,302275,302280,5,1
302274,302274,302281,7,0
302274,302276,302281,5,2
302274,302275,302281,6,1
302274,302274,302281,7,0
302274,302274,302282,8,0
302274,302274,302282,8,0
302274,302274,302282,8,0
302274,302280,302282,2,6
302274,302279,302282,3,5
302274,302279,302282,3,5
302274,302280,302282,2,6
302274,302278,302281,3,4
302274,302279,302282,3,5
302274,302280,302281,1,6
302274,302274,302283,9,0
302274,302274,302282,8,0
302274,302280,302283,3,6
302274,302280,302282,2,6
302274,302281,302283,2,7
302274,302274,302283,9,0
302274,302282,302284,2,8
302274,302276,302283,7,2
302274,302281,302284,3,7
302274,302282,302284,2,8
302274,302282,302284,2,8
302274,302280,302284,4,6
302274,302281,302283,2,7
302274,302282,302284,2,8
302274,302283,302284,1,9
302274,302282,302284,2,8
302274,302283,302284,1,9
302274,302282,302284,2,8
302274,302282,302284,2,8
302274,302282,302284,2,8
302274,302283,302284,1,9
302274,302274,302285,11,0
302274,302281,302285,4,7
302274,302283,302285,2,9
302274,302283,302285,2,9
302274,302282,302285,3,8
302274,302282,302285,3,8
302274,302284,302285,1,10
302274,302274,302286,12,0
302274,302274,302286,12,0
302274,302284,302285,1,10
302274,302284,302286,2,10
302274,302284,302286,2,10
302274,302284,302286,2,10
302274,302284,302286,2,10
302274,302284,302286,2,10
302274,302284,302286,2,10
302274,302284,302286,2,10
302274,302284,302285,1,10
302274,302284,302286,2,10
302274,302286,302287,1,12
302274,302285,302286,1,11
302274,302285,302286,1,11
302274,302285,302286,1,11
302274,302285,302286,1,11
302274,302285,302287,2,11
302274,302285,302287,2,11
302274,302285,302287,2,11
302274,302286,302287,1,12
302297,302297,302298,1,0
302297,302297,302298,1,0
302297,302297,302298,1,0
302297,302297,302298,1,0
302297,302297,302299,2,0
302297,302297,302301,4,0
302297,302297,302302,5,0
302297,302297,302302,5,0
302297,302297,302302,5,0
302297,302298,302302,4,1
302297,302297,302303,6,0
302297,302297,302302,5,0
302297,302298,302302,4,1
302297,302297,302303,6,0
302297,302298,302303,5,1
302297,302301,302303,2,4
302297,302297,302304,7,0
302297,302299,302303,4,2
302297,302300,302304,4,3
302297,302297,302304,7,0
302297,302303,302305,2,6
302297,302302,302304,2,5
302297,302303,302304,1,6
302297,302303,302305,2,6
302297,302303,302305,2,6
302297,302302,302305,3,5
302297,302303,302305,2,6
302297,302303,302305,2,6
302297,302303,302305,2,6
302297,302297,302306,9,0
302297,302297,302305,8,0
302297,302297,302306,9,0
302297,302304,302306,2,7
302297,302303,302306,3,6
302297,302297,302306,9,0
302297,302297,302307,10,0
302297,302304,302307,3,7
302297,302297,302307,10,0
302297,302305,302307,2,8
302297,302297,302306,9,0
302297,302297,302307,10,0
302297,302305,302307,2,8
302297,302305,302307,2,8
302297,302305,302307,2,8
302297,302305,302307,2,8
302297,302306,302307,1,9
302297,302306,302308,2,9
302297,302306,302307,1,9
302297,302306,302307,1,9
302297,302306,302307,1,9
302297,302297,302308,11,0
302297,302306,302308,2,9
302297,302306,302308,2,9
302297,302306,302308,2,9
302297,302306,302308,2,9
302297,302305,302308,3,8
302297,302308,302309,1,11
302297,302308,302309,1,11
302297,302308,302309,1,11
302297,302307,302309,2,10
302297,302307,302309,2,10
302297,302307,302309,2,10
302297,302306,302309,3,9
302297,302307,302309,2,10
302297,302307,302309,2,10
302297,302307,302309,2,10
302297,302307,302309,2,10
302297,302308,302309,1,11
302297,302309,302310,1,12
302297,302308,302309,1,11
302297,302308,302309,1,11
302297,302308,302309,1,11
302297,302308,302309,1,11
302297,302308,302310,2,11
302297,302309,302310,1,12
302297,302309,302310,1,12
302297,302309,302310,1,12
302297,302297,302312,15,0
302321,302321,302322,1,0
302321,302321,302322,1,0
302321,302321,302322,1,0
302321,302321,302322,1,0
302321,302321,302323,2,0
302321,302321,302324,3,0
302321,302321,302325,4,0
302321,302321,302326,5,0
302321,302325,302326,1,4
302321,302321,302327,6,0
302321,302321,302326,5,0
302321,302322,302327,5,1
302321,302325,302327,2,4
302321,302321,302327,6,0
302321,302321,302327,6,0
302321,302323,302328,5,2
302321,302321,302328,7,0
302321,302321,302327,6,0
302321,302323,302328,5,2
302321,302327,302328,1,6
302321,302327,302328,1,6
302321,302321,302328,7,0
302321,302321,302329,8,0
302321,302321,302329,8,0
302321,302324,302329,5,3
302321,302327,302328,1,6
302321,302327,302328,1,6
302321,302327,302328,1,6
302321,302327,302329,2,6
302321,302321,302329,8,0
302321,302321,302330,9,0
302321,302328,302330,2,7
302321,302328,302329,1,7
302321,302328,302330,2,7
302321,302328,302330,2,7
302321,302328,302330,2,7
302321,302328,302329,1,7
302321,302328,302330,2,7
302321,302321,302331,10,0
302321,302323,302330,7,2
302321,302321,302330,9,0
302321,302321,302330,9,0
302321,302329,302331,2,8
302321,302328,302331,3,7
302321,302329,302330,1,8
302321,302330,302331,1,9
302321,302330,302331,1,9
302321,302330,302331,1,9
302321,302329,302330,1,8
302321,302329,302330,1,8
302321,302329,302330,1,8
302321,302330,302331,1,9
302321,302321,302332,11,0
302321,302329,302332,3,8
302321,302330,302331,1,9
302321,302321,302332,11,0
302321,302329,302331,2,8
302321,302329,302331,2,8
302321,302330,302332,2,9
302321,302330,302331,1,9
302321,302331,302332,1,10
302321,302330,302331,1,9
302321,302330,302331,1,9
302321,302331,302332,1,10
302321,302331,302332,1,10
302321,302331,302332,1,10
302321,302331,302332,1,10
302321,302331,302332,1,10
302321,302331,302332,1,10
302321,302331,302332,1,10
302321,302331,302332,1,10
302321,302331,302333,2,10
302321,302331,302333,2,10
302321,302332,302333,1,11
302321,302332,302333,1,11
302321,302332,302333,1,11
302321,302332,302333,1,11
302321,302332,302333,1,11
302342,302342,302344,2,0
302342,302342,302343,1,0
302342,302342,302344,2,0
302342,302342,302344,2,0
302342,302342,302344,2,0
302342,302345,302346,1,3
302342,302343,302347,4,1
302342,302344,302347,3,2
302342,302343,302347,4,1
302342,302345,302347,2,3
302342,302342,302347,5,0
302342,302344,302347,3,2
302342,302345,302347,2,3
302342,302343,302347,4,1
302342,302342,302348,6,0
302342,302343,302348,5,1
302342,302343,302348,5,1
302342,302343,302348,5,1
302342,302343,302348,5,1
302342,302342,302348,6,0
302342,302343,302348,5,1
302342,302347,302348,1,5
302342,302343,302349,6,1
302342,302342,302349,7,0
302342,302348,302349,1,6
302342,302348,302349,1,6
302342,302348,302349,1,6
302342,302348,302349,1,6
302342,302348,302350,2,6
302342,302348,302350,2,6
302342,302349,302350,1,7
302342,302348,302350,2,6
302342,302349,302350,1,7
302342,302349,302350,1,7
302342,302349,302350,1,7
302342,302349,302350,1,7
302342,302350,302351,1,8
302342,302350,302351,1,8
302342,302343,302351,8,1
302342,302343,302351,8,1
302342,302349,302351,2,7
302342,302349,302351,2,7
302342,302343,302351,8,1
302342,302350,302351,1,8
302342,302349,302351,2,7
302342,302350,302352,2,8
302342,302350,302351,1,8
302342,302350,302351,1,8
302342,302348,302351,3,6
302342,302350,302351,1,8
302342,302351,302352,1,9
302342,302351,302352,1,9
302342,302351,302352,1,9
302342,302351,302352,1,9
302342,302343,302353,10,1
302342,302343,302352,9,1
302342,302351,302352,1,9
302342,302352,302353,1,10
302342,302351,302352,1,9
302342,302351,302353,2,9
302342,302351,302353,2,9
302342,302351,302352,1,9
302342,302352,302353,1,10
302342,302352,302353,1,10
302342,302352,302353,1,10
302342,302352,302353,1,10
302342,302352,302353,1,10
302342,302352,302353,1,10
302342,302352,302353,1,10
302342,302352,302353,1,10
302342,302352,302353,1,10
302342,302352,302354,2,10
302342,302352,302353,1,10
302342,302352,302354,2,10
302342,302352,302353,1,10
302342,302352,302353,1,10
302342,302353,302354,1,11
302342,302353,302354,1,11
302342,302343,302356,13,1
302365,302365,302366,1,0
302365,302365,302366,1,0
302365,302365,302366,1,0
302365,302365,302366,1,0
302365,302365,302367,2,0
302365,302366,302369,3,1
302365,302365,302369,4,0
302365,302366,302370,4,1
302365,302365,302370,5,0
302365,302365,302371,6,0
302365,302365,302371,6,0
302365,302367,302370,3,2
302365,302365,302371,6,0
302365,302365,302371,6,0
302365,302365,302370,5,0
302365,302370,302371,1,5
302365,302365,302370,5,0
302365,302370,302371,1,5
302365,302367,302372,5,2
302365,302365,302372,7,0
302365,302365,302372,7,0
302365,302370,302372,2,5
302365,302369,302371,2,4
302365,302365,302373,8,0
302365,302367,302372,5,2
302365,302365,302373,8,0
302365,302365,302373,8,0
302365,302371,302372,1,6
302365,302371,302373,2,6
302365,302371,302373,2,6
302365,302365,302372,7,0
302365,302371,302373,2,6
302365,302371,302373,2,6
302365,302371,302373,2,6
302365,302371,302373,2,6
302365,302371,302373,2,6
302365,302371,302373,2,6
302365,302365,302374,9,0
302365,302365,302373,8,0
302365,302365,302373,8,0
302365,302373,302374,1,8
302365,302372,302374,2,7
302365,302374,302375,1,9
302365,302365,302374,9,0
302365,302372,302375,3,7
302365,302372,302375,3,7
302365,302372,302375,3,7
302365,302373,302375,2,8
302365,302374,302375,1,9
302365,302374,302375,1,9
302365,302374,302375,1,9
302365,302374,302375,1,9
302365,302374,302375,1,9
302365,302374,302375,1,9
302365,302375,302376,1,10
302365,302374,302376,2,9
302365,302372,302376,4,7
302365,302373,302376,3,8
302365,302374,302376,2,9
302365,302373,302376,3,8
302365,302373,302376,3,8
302365,302374,302376,2,9
302365,302375,302376,1,10
302365,302375,302376,1,10
302365,302376,302377,1,11
302365,302376,302377,1,11
302365,302376,302377,1,11
302365,302376,302377,1,11
302365,302376,302377,1,11
302365,302376,302377,1,11
302365,302376,302377,1,11
302365,302373,302377,4,8
302365,302373,302377,4,8
302365,302375,302377,2,10
302365,302376,302377,1,11
302365,302376,302377,1,11
302365,302376,302377,1,11
302365,302376,302377,1,11
302365,302365,302379,14,0
302388,302388,302389,1,0
302388,302388,302389,1,0
302388,302388,302389,1,0
302388,302388,302389,1,0
302388,302388,302390,2,0
302388,302388,302392,4,0
302388,302388,302393,5,0
302388,302389,302393,4,1
302388,302389,302393,4,1
302388,302388,302393,5,0
302388,302388,302393,5,0
302388,302388,302394,6,0
302388,302388,302394,6,0
302388,302388,302394,6,0
302388,302388,302394,6,0
302388,302390,302394,4,2
302388,302388,302394,6,0
302388,302391,302395,4,3
302388,302388,302395,7,0
302388,302390,302395,5,2
302388,302388,302395,7,0
302388,302388,302396,8,0
302388,302388,302396,8,0
302388,302388,302395,7,0
302388,302392,302396,4,4
302388,302393,302397,4,5
302388,302393,302397,4,5
302388,302393,302397,4,5
302388,302394,302397,3,6
302388,302395,302397,2,7
302388,302393,302397,4,5
302388,302395,302397,2,7
302361,302362,302397,35,1
302388,302388,302398,10,0
302388,302394,302398,4,6
302388,302396,302399,3,8
302388,302397,302398,1,9
302388,302394,302398,4,6
302388,302388,302399,11,0
302388,302394,302399,5,6
302388,302388,302399,11,0
302388,302395,302399,4,7
302388,302395,302399,4,7
302388,302395,302399,4,7
302388,302397,302399,2,9
302388,302398,302399,1,10
302388,302398,302400,2,10
302388,302398,302400,2,10
302388,302398,302399,1,10
302388,302398,302399,1,10
302388,302395,302400,5,7
302388,302398,302401,3,10
302388,302388,302400,12,0
302388,302397,302400,3,9
302388,302398,302400,2,10
302388,302399,302400,1,11
302388,302399,302400,1,11
302388,302399,302400,1,11
302388,302398,302400,2,10
302388,302399,302400,1,11
302388,302400,302401,1,12
302388,302400,302401,1,12
302388,302400,302401,1,12
302388,302400,302401,1,12
302388,302400,302402,2,12
302388,302400,302401,1,12
302388,302397,302401,4,9
302388,302400,302401,1,12
302388,302400,302401,1,12
302388,302400,302401,1,12
302388,302400,302401,1,12
302388,302401,302402,1,13
302388,302401,302402,1,13
302388,302400,302401,1,12
302388,302400,302401,1,12
302388,302401,302402,1,13
302388,302401,302402,1,13
302388,302401,302402,1,13
302388,302388,302402,14,0
302388,302401,302402,1,13
302412,302412,302413,1,0
302412,302412,302413,1,0
302412,302412,302413,1,0
302412,302412,302413,1,0
302412,302412,302413,1,0
302412,302412,302416,4,0
302412,302412,302416,4,0
302412,302412,302416,4,0
302412,302412,302416,4,0
302412,302412,302417,5,0
302412,302412,302416,4,0
302412,302413,302417,4,1
302412,302413,302416,3,1
302412,302412,302416,4,0
302412,302412,302418,6,0
302412,302412,302417,5,0
302412,302414,302418,4,2
302412,302412,302417,5,0
302412,302412,302419,7,0
302412,302416,302420,4,4
302412,302417,302419,2,5
302412,302417,302419,2,5
302412,302412,302421,9,0
302412,302412,302420,8,0
302412,302412,302420,8,0
302412,302412,302420,8,0
302412,302417,302421,4,5
302412,302418,302420,2,6
302412,302417,302420,3,5
302412,302417,302421,4,5
302412,302418,302420,2,6
302412,302416,302421,5,4
302412,302418,302421,3,6
302412,302418,302420,2,6
302412,302412,302421,9,0
302412,302412,302421,9,0
302412,302414,302422,8,2
302412,302412,302422,10,0
302412,302414,302421,7,2
302412,302416,302421,5,4
302412,302420,302422,2,8
302412,302412,302422,10,0
302412,302420,302423,3,8
302412,302421,302423,2,9
302412,302421,302423,2,9
302412,302420,302422,2,8
302412,302421,302423,2,9
302412,302421,302423,2,9
302412,302421,302423,2,9
302412,302421,302423,2,9
302412,302421,302423,2,9
302412,302421,302423,2,9
302412,302420,302424,4,8
302412,302421,302424,3,9
302412,302422,302424,2,10
302412,302422,302424,2,10
302412,302423,302424,1,11
302412,302423,302424,1,11
302412,302423,302424,1,11
302412,302423,302424,1,11
302412,302422,302423,1,10
302412,302423,302424,1,11
302412,302423,302424,1,11
302412,302421,302425,4,9
302412,302422,302424,2,10
302412,302422,302425,3,10
302412,302422,302424,2,10
302412,302416,302425,9,4
302412,302422,302424,2,10
302412,302423,302424,1,11
302412,302421,302424,3,9
302412,302423,302424,1,11
302412,302423,302424,1,11
302412,302423,302424,1,11
302412,302423,302424,1,11
302412,302421,302426,5,9
302412,302424,302425,1,12
302412,302424,302425,1,12
302412,302424,302425,1,12
302435,302436,302437,1,1
302435,302436,302437,1,1
302435,302436,302437,1,1
302435,302436,302437,1,1
302435,302436,302437,1,1
302435,302436,302440,4,1
302435,302436,302440,4,1
302435,302436,302440,4,1
302435,302436,302440,4,1
302435,302437,302441,4,2
302435,302436,302441,5,1
302435,302436,302441,5,1
302435,302437,302441,4,2
302435,302436,302441,5,1
302435,302436,302443,7,1
302435,302436,302443,7,1
302435,302436,302442,6,1
302435,302436,302442,6,1
302435,302436,302442,6,1
302435,302436,302443,7,1
302435,302436,302443,7,1
302435,302436,302443,7,1
302435,302436,302443,7,1
302435,302438,302445,7,3
302435,302442,302444,2,7
302435,302442,302445,3,7
302435,302441,302446,5,6
302435,302443,302446,3,8
302435,302441,302445,4,6
302435,302441,302445,4,6
302435,302443,302445,2,8
302435,302442,302445,3,7
302435,302443,302446,3,8
302435,302438,302446,8,3
302435,302436,302447,11,1
302435,302438,302446,8,3
302435,302441,302447,6,6
302435,302445,302447,2,10
302435,302441,302446,5,6
302435,302443,302447,4,8
302435,302442,302447,5,7
302435,302444,302448,4,9
302435,302444,302447,3,9
302435,302446,302448,2,11
302435,302446,302447,1,11
302435,302446,302448,2,11
302435,302445,302448,3,10
302435,302445,302448,3,10
302435,302446,302448,2,11
302435,302446,302448,2,11
302435,302436,302448,12,1
302435,302444,302448,4,9
302435,302446,302448,2,11
302435,302447,302449,2,12
302435,302447,302449,2,12
302435,302448,302449,1,13
302435,302446,302448,2,11
302435,302447,302448,1,12
302435,302448,302449,1,13
302435,302448,302449,1,13
302435,302448,302449,1,13
302435,302444,302449,5,9
302435,302448,302450,2,13
302435,302447,302450,3,12
302435,302448,302449,1,13
302435,302448,302449,1,13
302435,302447,302450,3,12
302435,302448,302450,2,13
302435,302448,302449,1,13
302435,302449,302450,1,14
302435,302448,302449,1,13
302435,302448,302450,2,13
302435,302443,302450,7,8
302435,302449,302450,1,14
302435,302447,302450,3,12
302435,302449,302450,1,14
302435,302449,302450,1,14
302435,302449,302451,2,14
302435,302436,302451,15,1
302461,302461,302462,1,0
302461,302461,302462,1,0
302461,302461,302462,1,0
302461,302461,302462,1,0
302461,302461,302463,2,0
302461,302461,302465,4,0
302461,302461,302465,4,0
302461,302461,302465,4,0
302461,302461,302465,4,0
302461,302461,302466,5,0
302461,302461,302465,4,0
302461,302461,302465,4,0
302461,302461,302465,4,0
302461,302461,302467,6,0
302461,302461,302466,5,0
302461,302462,302466,4,1
302461,302463,302467,4,2
302461,302461,302468,7,0
302461,302461,302467,6,0
302461,302462,302467,5,1
302461,302461,302469,8,0
302461,302461,302468,7,0
302461,302461,302469,8,0
302461,302461,302469,8,0
302461,302466,302470,4,5
302461,302463,302469,6,2
302461,302466,302470,4,5
302461,302467,302470,3,6
302461,302467,302470,3,6
302461,302465,302470,5,4
302461,302466,302470,4,5
302461,302467,302470,3,6
302461,302461,302470,9,0
302461,302466,302470,4,5
302461,302468,302470,2,7
302461,302466,302471,5,5
302461,302466,302472,6,5
302461,302470,302472,2,9
302461,302466,302471,5,5
302461,302470,302472,2,9
302461,302470,302472,2,9
302461,302470,302472,2,9
302461,302470,302472,2,9
302461,302470,302472,2,9
302461,302467,302472,5,6
302461,302468,302473,5,7
302461,302469,302473,4,8
302461,302469,302472,3,8
302461,302469,302472,3,8
302461,302471,302473,2,10
302461,302472,302473,1,11
302461,302470,302472,2,9
302461,302471,302473,2,10
302461,302472,302473,1,11
302461,302472,302473,1,11
302461,302461,302474,13,0
302461,302463,302473,10,2
302461,302468,302473,5,7
302461,302470,302474,4,9
302461,302471,302473,2,10
302461,302472,302474,2,11
302461,302472,302474,2,11
302461,302473,302474,1,12
302461,302472,302474,2,11
302461,302472,302473,1,11
302461,302472,302474,2,11
302461,302473,302474,1,12
302461,302473,302474,1,12
302461,302473,302474,1,12
302461,302473,302474,1,12
302461,302471,302475,4,10
302461,302469,302474,5,8
302461,302473,302475,2,12
302461,302473,302475,2,12
302461,302473,302474,1,12
302461,302473,302474,1,12
302461,302473,302475,2,12
302461,302473,302474,1,12
302461,302461,302475,14,0
302485,302485,302486,1,0
302485,302485,302486,1,0
302485,302485,302486,1,0
302485,302485,302486,1,0
302485,302485,302486,1,0
302485,302485,302489,4,0
302485,302485,302489,4,0
302485,302485,302489,4,0
302485,302485,302489,4,0
302485,302485,302490,5,0
302485,302486,302490,4,1
302485,302486,302490,4,1
302485,302485,302490,5,0
302485,302485,302490,5,0
302485,302485,302489,4,0
302485,302485,302491,6,0
302485,302487,302491,4,2
302485,302485,302491,6,0
302485,302487,302491,4,2
302485,302485,302491,6,0
302485,302485,302492,7,0
302485,302485,302493,8,0
302485,302485,302492,7,0
302485,302485,302493,8,0
302485,302490,302493,3,5
302485,302489,302493,4,4
302485,302490,302493,3,5
302485,302485,302493,8,0
302485,302489,302493,4,4
302485,302490,302494,4,5
302485,302491,302494,3,6
302485,302492,302495,3,7
302485,302490,302495,5,5
302485,302490,302494,4,5
302485,302492,302495,3,7
302485,302490,302495,5,5
302485,302491,302495,4,6
302485,302494,302495,1,9
302485,302491,302496,5,6
302485,302494,302496,2,9
302485,302494,302496,2,9
302485,302495,302496,1,10
302485,302493,302496,3,8
302485,302494,302496,2,9
302485,302495,302496,1,10
302485,302485,302496,11,0
302485,302485,302497,12,0
302485,302487,302497,10,2
302485,302493,302497,4,8
302485,302493,302497,4,8
302485,302485,302497,12,0
302485,302495,302497,2,10
302485,302496,302497,1,11
302485,302496,302498,2,11
302485,302491,302497,6,6
302485,302496,302497,1,11
302485,302496,302497,1,11
302485,302496,302497,1,11
302485,302497,302498,1,12
302485,302496,302498,2,11
302485,302497,302498,1,12
302485,302497,302498,1,12
302485,302498,302499,1,13
302485,302496,302498,2,11
302485,302497,302498,1,12
302485,302498,302499,1,13
302485,302498,302499,1,13
302485,302497,302498,1,12
302485,302490,302499,9,5
302485,302497,302499,2,12
302485,302497,302499,2,12
302485,302497,302499,2,12
302485,302489,302499,10,4
302485,302498,302499,1,13
302485,302498,302499,1,13
302485,302493,302499,6,8
302485,302498,302499,1,13
302485,302498,302499,1,13
302485,302497,302499,2,12
302510,302510,302511,1,0
302510,302510,302511,1,0
302510,302510,302511,1,0
302510,302510,302511,1,0
302510,302510,302513,3,0
302510,302511,302513,2,1
302510,302510,302513,3,0
302510,302510,302514,4,0
302510,302510,302514,4,0
302510,302511,302513,2,1
302510,302511,302514,3,1
302510,302513,302515,2,3
302510,302510,302515,5,0
302510,302513,302515,2,3
302510,302514,302516,2,4
302510,302514,302516,2,4
302510,302512,302517,5,2
302510,302513,302517,4,3
302510,302510,302516,6,0
302510,302515,302517,2,5
302510,302510,302517,7,0
302510,302514,302516,2,4
302510,302510,302517,7,0
302510,302515,302517,2,5
302510,302514,302517,3,4
302510,302510,302519,9,0
302510,302510,302519,9,0
302510,302510,302519,9,0
302510,302517,302519,2,7
302510,302518,302519,1,8
302510,302518,302520,2,8
302510,302510,302520,10,0
302510,302510,302520,10,0
302510,302510,302520,10,0
302510,302510,302520,10,0
302510,302517,302520,3,7
302510,302517,302520,3,7
302510,302510,302520,10,0
302510,302516,302520,4,6
302510,302517,302520,3,7
302510,302515,302520,5,5
302510,302510,302521,11,0
302510,302518,302521,3,8
302510,302520,302521,1,10
302510,302520,302521,1,10
302510,302517,302521,4,7
302510,302520,302521,1,10
302510,302520,302522,2,10
302510,302510,302522,12,0
302510,302517,302521,4,7
302510,302517,302522,5,7
302510,302519,302522,3,9
302510,302519,302522,3,9
302510,302520,302522,2,10
302510,302521,302522,1,11
302510,302521,302522,1,11
302510,302521,302522,1,11
302510,302522,302523,1,12
302510,302521,302522,1,11
302510,302522,302523,1,12
302510,302522,302523,1,12
302510,302522,302523,1,12
302510,302520,302523,3,10
302510,302522,302524,2,12
302510,302522,302523,1,12
302510,302521,302523,2,11
302510,302522,302523,1,12
302510,302522,302523,1,12
302510,302510,302524,14,0
302510,302520,302524,4,10
302510,302522,302524,2,12
302510,302523,302524,1,13
302510,302523,302524,1,13
302510,302523,302524,1,13
302510,302522,302524,2,12
302510,302523,302524,1,13
302510,302510,302529,19,0
302538,302538,302539,1,0
302538,302538,302539,1,0
302538,302538,302539,1,0
302538,302538,302540,2,0
302538,302538,302542,4,0
302538,302538,302542,4,0
302538,302538,302542,4,0
302538,302539,302543,4,1
302538,302538,302544,6,0
302538,302539,302543,4,1
302538,302538,302544,6,0
302538,302538,302544,6,0
302538,302540,302544,4,2
302538,302538,302545,7,0
302538,302538,302545,7,0
302538,302538,302545,7,0
302538,302538,302545,7,0
302538,302538,302546,8,0
302538,302543,302546,3,5
302538,302542,302546,4,4
302538,302538,302546,8,0
302538,302542,302547,5,4
302538,302538,302547,9,0
302538,302538,302547,9,0
302538,302538,302547,9,0
302538,302544,302547,3,6
302538,302545,302547,2,7
302538,302538,302547,9,0
302538,302544,302547,3,6
302538,302545,302547,2,7
302538,302546,302548,2,8
302538,302545,302548,3,7
302538,302538,302549,11,0
302538,302540,302549,9,2
302538,302545,302549,4,7
302538,302547,302549,2,9
302538,302548,302549,1,10
302538,302548,302550,2,10
302538,302549,302550,1,11
302538,302546,302549,3,8
302538,302547,302549,2,9
302538,302548,302549,1,10
302538,302548,302550,2,10
302538,302547,302549,2,9
302538,302547,302549,2,9
302538,302538,302550,12,0
302538,302538,302550,12,0
302538,302548,302551,3,10
302538,302548,302550,2,10
302538,302550,302551,1,12
302538,302550,302551,1,12
302538,302550,302551,1,12
302538,302548,302550,2,10
302538,302549,302550,1,11
302538,302550,302551,1,12
302538,302548,302551,3,10
302538,302538,302551,13,0
302538,302550,302551,1,12
302538,302550,302551,1,12
302538,302550,302551,1,12
302538,302550,302551,1,12
302538,302551,302552,1,13
302538,302551,302552,1,13
302538,302550,302551,1,12
302538,302550,302551,1,12
302538,302551,302552,1,13
302538,302550,302551,1,12
302538,302550,302551,1,12
302538,302550,302551,1,12
302538,302551,302552,1,13
302538,302545,302552,7,7
302538,302551,302552,1,13
302538,302551,302552,1,13
302538,302546,302552,6,8
302538,302551,302552,1,13
302538,302551,302552,1,13
302538,302551,302552,1,13
302538,302551,302552,1,13
302538,302546,302553,7,8
302562,302563,302564,1,1
302562,302563,302564,1,1
302562,302563,302564,1,1
302562,302563,302565,2,1
302562,302563,302567,4,1
302562,302563,302567,4,1
302562,302563,302568,5,1
302562,302563,302568,5,1
302562,302563,302568,5,1
302562,302563,302568,5,1
302562,302564,302568,4,2
302562,302563,302569,6,1
302562,302563,302569,6,1
302562,302563,302569,6,1
302562,302563,302569,6,1
302562,302565,302569,4,3
302562,302564,302569,5,2
302562,302566,302569,3,4
302562,302563,302570,7,1
302562,302563,302570,7,1
302562,302563,302571,8,1
302562,302563,302571,8,1
302562,302568,302571,3,6
302562,302568,302571,3,6
302562,302569,302572,3,7
302562,302568,302572,4,6
302562,302563,302573,10,1
302562,302563,302572,9,1
302562,302563,302572,9,1
302562,302565,302573,8,3
302562,302569,302572,3,7
302562,302570,302573,3,8
302562,302569,302572,3,7
302562,302569,302572,3,7
302562,302563,302574,11,1
302562,302570,302573,3,8
302562,302573,302574,1,11
302562,302570,302573,3,8
302562,302571,302574,3,9
302562,302573,302574,1,11
302562,302570,302574,4,8
302562,302573,302574,1,11
302562,302571,302575,4,9
302562,302570,302575,5,8
302562,302573,302575,2,11
302562,302573,302574,1,11
302562,302572,302574,2,10
302562,302573,302574,1,11
302562,302572,302574,2,10
302562,302572,302574,2,10
302562,302574,302575,1,12
302562,302572,302575,3,10
302562,302574,302575,1,12
302562,302570,302575,5,8
302562,302570,302576,6,8
302562,302572,302575,3,10
302562,302574,302575,1,12
302562,302574,302575,1,12
302562,302574,302575,1,12
302562,302574,302575,1,12
302562,302575,302576,1,13
302562,302575,302576,1,13
302562,302574,302575,1,12
302562,302574,302575,1,12
302562,302575,302576,1,13
302562,302572,302577,5,10
302562,302575,302576,1,13
302562,302575,302576,1,13
302562,302575,302577,2,13
302562,302575,302577,2,13
302562,302575,302576,1,13
302562,302575,302577,2,13
302562,302575,302576,1,13
302562,302575,302576,1,13
302562,302563,302577,14,1
302562,302576,302577,1,14
302562,302573,302578,5,11
302562,302573,302579,6,11
302588,302588,302589,1,0
302588,302588,302589,1,0
302588,302588,302589,1,0
302588,302588,302590,2,0
302588,302588,302592,4,0
302588,302588,302593,5,0
302588,302588,302594,6,0
302588,302588,302594,6,0
302588,302590,302594,4,2
302588,302590,302594,4,2
302588,302588,302594,6,0
302588,302590,302595,5,2
302588,302588,302595,7,0
302588,302588,302595,7,0
302588,302588,302595,7,0
302588,302588,302595,7,0
302588,302588,302595,7,0
302588,302591,302596,5,3
302588,302588,302596,8,0
302588,302589,302597,8,1
302588,302588,302597,9,0
302588,302595,302597,2,7
302588,302595,302598,3,7
302588,302588,302597,9,0
302588,302594,302598,4,6
302588,302595,302597,2,7
302588,302588,302598,10,0
302588,302588,302598,10,0
302588,302593,302598,5,5
302588,302595,302598,3,7
302588,302595,302598,3,7
302588,302595,302598,3,7
302588,302596,302598,2,8
302588,302596,302598,2,8
302588,302596,302598,2,8
302588,302588,302599,11,0
302588,302588,302599,11,0
302588,302599,302600,1,11
302588,302599,302600,1,11
302588,302599,302600,1,11
302588,302597,302599,2,9
302588,302599,302600,1,11
302588,302599,302600,1,11
302588,302596,302600,4,8
302588,302596,302600,4,8
302588,302597,302600,3,9
302588,302598,302600,2,10
302588,302598,302600,2,10
302588,302598,302600,2,10
302588,302598,302600,2,10
302588,302599,302600,1,11
302588,302600,302601,1,12
302588,302600,302601,1,12
302588,302598,302600,2,10
302588,302600,302601,1,12
302588,302600,302601,1,12
302588,302600,302601,1,12
302588,302588,302602,14,0
302588,302598,302601,3,10
302588,302598,302602,4,10
302588,302600,302601,1,12
302588,302600,302601,1,12
302588,302601,302602,1,13
302588,302601,302602,1,13
302588,302601,302602,1,13
302588,302600,302601,1,12
302588,302601,302602,1,13
302588,302601,302602,1,13
302588,302599,302602,3,11
302588,302601,302602,1,13
302588,302599,302602,3,11
302588,302601,302602,1,13
302588,302599,302602,3,11
302588,302601,302602,1,13
302588,302601,302602,1,13
302588,302601,302602,1,13
302588,302601,302603,2,13
302588,302601,302603,2,13
302588,302588,302604,16,0
302613,302613,302614,1,0
302613,302613,302614,1,0
302613,302613,302614,1,0
302613,302613,302614,1,0
302613,302614,302615,1,1
302613,302614,302616,2,1
302613,302614,302616,2,1
302613,302613,302616,3,0
302613,302613,302617,4,0
302613,302613,302617,4,0
302613,302613,302618,5,0
302613,302613,302619,6,0
302613,302616,302619,3,3
302613,302613,302620,7,0
302613,302617,302620,3,4
302613,302613,302619,6,0
302613,302613,302620,7,0
302613,302615,302620,5,2
302613,302613,302620,7,0
302613,302619,302620,1,6
302613,302613,302621,8,0
302613,302618,302620,2,5
302613,302618,302621,3,5
302613,302619,302620,1,6
302613,302617,302620,3,4
302613,302619,302621,2,6
302613,302613,302621,8,0
302613,302613,302621,8,0
302613,302617,302621,4,4
302613,302620,302622,2,7
302613,302613,302621,8,0
302613,302620,302621,1,7
302613,302621,302622,1,8
302613,302621,302623,2,8
302613,302622,302623,1,9
302613,302622,302623,1,9
302613,302620,302622,2,7
302613,302621,302622,1,8
302613,302621,302623,2,8
302613,302622,302623,1,9
302613,302613,302623,10,0
302613,302621,302623,2,8
302613,302621,302622,1,8
302613,302622,302623,1,9
302613,302621,302624,3,8
302613,302621,302623,2,8
302613,302621,302624,3,8
302613,302622,302623,1,9
302613,302621,302623,2,8
302613,302623,302624,1,10
302613,302623,302624,1,10
302613,302623,302624,1,10
302613,302623,302624,1,10
302613,302623,302624,1,10
302613,302622,302624,2,9
302613,302623,302624,1,10
302613,302623,302624,1,10
302613,302623,302624,1,10
302613,302623,302624,1,10
302613,302623,302625,2,10
302613,302623,302625,2,10
302613,302623,302625,2,10
302613,302624,302625,1,11
302613,302624,302625,1,11
302613,302613,302625,12,0
302613,302624,302625,1,11
302613,302613,302626,13,0
302613,302624,302625,1,11
302613,302624,302625,1,11
302613,302624,302626,2,11
302613,302624,302625,1,11
302613,302624,302625,1,11
302613,302624,302626,2,11
302613,302625,302626,1,12
302613,302624,302626,2,11
302613,302613,302628,15,0
302613,302613,302628,15,0
302613,302613,302628,15,0
302613,302613,302629,16,0
302638,302638,302639,1,0
302638,302638,302639,1,0
302638,302638,302639,1,0
302638,302638,302639,1,0
302638,302638,302640,2,0
302638,302638,302642,4,0
302638,302639,302643,4,1
302638,302638,302644,6,0
302638,302638,302644,6,0
302638,302639,302645,6,1
302638,302638,302645,7,0
302638,302640,302644,4,2
302638,302638,302644,6,0
302638,302641,302645,4,3
302638,302638,302646,8,0
302638,302638,302646,8,0
302638,302638,302646,8,0
302638,302638,302645,7,0
302638,302638,302646,8,0
302638,302638,302646,8,0
302638,302638,302646,8,0
302638,302644,302647,3,6
302638,302643,302647,4,5
302638,302643,302646,3,5
302638,302638,302647,9,0
302638,302638,302648,10,0
302638,302644,302648,4,6
302638,302645,302648,3,7
302638,302645,302648,3,7
302638,302645,302648,3,7
302638,302638,302648,10,0
302638,302646,302649,3,8
302638,302638,302649,11,0
302638,302640,302648,8,2
302638,302646,302649,3,8
302638,302645,302649,4,7
302638,302646,302649,3,8
302638,302645,302649,4,7
302638,302646,302649,3,8
302638,302647,302649,2,9
302638,302646,302649,3,8
302638,302646,302649,3,8
302638,302646,302650,4,8
302638,302647,302650,3,9
302638,302648,302650,2,10
302638,302648,302650,2,10
302638,302649,302650,1,11
302638,302648,302650,2,10
302638,302649,302651,2,11
302638,302649,302650,1,11
302638,302648,302651,3,10
302638,302649,302651,2,11
302638,302649,302650,1,11
302638,302649,302651,2,11
302638,302647,302651,4,9
302638,302649,302651,2,11
302638,302649,302651,2,11
302638,302651,302652,1,13
302638,302651,302652,1,13
302638,302651,302652,1,13
302638,302650,302651,1,12
302638,302650,302651,1,12
302638,302651,302652,1,13
302638,302650,302652,2,12
302638,302648,302652,4,10
302638,302651,302652,1,13
302638,302651,302652,1,13
302638,302651,302652,1,13
302638,302638,302653,15,0
302638,302651,302653,2,13
302638,302651,302653,2,13
302638,302638,302652,14,0
302638,302650,302653,3,12
302638,302651,302653,2,13
302638,302651,302653,2,13
302638,302651,302653,2,13
302638,302652,302653,1,14
302638,302638,302653,15,0
302664,302664,302665,1,0
302664,302664,302665,1,0
302664,302664,302665,1,0
302664,302664,302668,4,0
302664,302665,302669,4,1
302664,302664,302669,5,0
302664,302664,302669,5,0
302664,302665,302669,4,1
302664,302664,302670,6,0
302664,302665,302670,5,1
302664,302664,302670,6,0
302664,302664,302670,6,0
302664,302666,302672,6,2
302664,302664,302671,7,0
302664,302671,302672,1,7
302664,302664,302671,7,0
302664,302664,302671,7,0
302664,302664,302672,8,0
302664,302664,302672,8,0
302664,302664,302673,9,0
302664,302670,302673,3,6
302664,302671,302673,2,7
302664,302664,302673,9,0
302664,302664,302673,9,0
302664,302664,302673,9,0
302664,302670,302674,4,6
302664,302672,302674,2,8
302664,302670,302674,4,6
302664,302672,302674,2,8
302664,302669,302673,4,5
302664,302672,302674,2,8
302664,302664,302674,10,0
302664,302670,302674,4,6
302664,302670,302675,5,6
302664,302672,302674,2,8
302664,302664,302674,10,0
302664,302664,302674,10,0
302664,302674,302675,1,10
302664,302672,302674,2,8
302664,302664,302676,12,0
302664,302674,302676,2,10
302664,302673,302676,3,9
302664,302674,302675,1,10
302664,302673,302676,3,9
302664,302674,302675,1,10
302664,302674,302676,2,10
302664,302669,302676,7,5
302664,302674,302677,3,10
302664,302674,302676,2,10
302664,302675,302677,2,11
302664,302675,302676,1,11
302664,302675,302677,2,11
302664,302675,302676,1,11
302664,302676,302677,1,12
302664,302675,302676,1,11
302664,302675,302676,1,11
302664,302676,302677,1,12
302664,302673,302678,5,9
302664,302674,302677,3,10
302664,302674,302678,4,10
302664,302675,302677,2,11
302664,302676,302677,1,12
302664,302675,302677,2,11
302664,302676,302677,1,12
302664,302676,302678,2,12
302664,302677,302678,1,13
302664,302677,302678,1,13
302664,302677,302678,1,13
302664,302676,302677,1,12
302664,302676,302677,1,12
302664,302673,302678,5,9
302664,302677,302678,1,13
302664,302677,302678,1,13
302664,302677,302679,2,13
302664,302677,302679,2,13
302664,302677,302679,2,13
302664,302664,302681,17,0
302664,302673,302682,9,9
302692,302692,302693,1,0
302692,302692,302693,1,0
302692,302692,302693,1,0
302692,302692,302693,1,0
302692,302692,302696,4,0
302692,302694,302698,4,2
302692,302692,302699,7,0
302692,302692,302698,6,0
302692,302692,302698,6,0
302692,302692,302699,7,0
302692,302694,302698,4,2
302692,302692,302699,7,0
302692,302692,302699,7,0
302692,302692,302700,8,0
302692,302692,302700,8,0
302692,302692,302701,9,0
302692,302694,302700,6,2
302692,302699,302701,2,7
302692,302692,302701,9,0
302692,302694,302701,7,2
302692,302692,302702,10,0
302692,302698,302702,4,6
302692,302699,302702,3,7
302692,302699,302701,2,7
302692,302700,302702,2,8
302692,302699,302702,3,7
302692,302692,302703,11,0
302692,302692,302702,10,0
302692,302692,302702,10,0
302692,302699,302702,3,7
302692,302699,302702,3,7
302692,302700,302703,3,8
302692,302692,302704,12,0
302692,302696,302703,7,4
302692,302692,302704,12,0
302692,302692,302703,11,0
302692,302699,302703,4,7
302692,302701,302704,3,9
302692,302702,302704,2,10
302692,302702,302704,2,10
302692,302701,302704,3,9
302692,302702,302704,2,10
302692,302703,302704,1,11
302692,302692,302705,13,0
302692,302701,302705,4,9
302692,302702,302705,3,10
302692,302702,302705,3,10
302692,302704,302705,1,12
302692,302704,302705,1,12
302692,302703,302705,2,11
302692,302692,302706,14,0
302692,302703,302706,3,11
302692,302704,302706,2,12
302692,302704,302706,2,12
302692,302704,302706,2,12
302692,302702,302705,3,10
302692,302703,302705,2,11
302692,302705,302706,1,13
302692,302704,302705,1,12
302692,302704,302706,2,12
302692,302705,302706,1,13
302692,302705,302706,1,13
302692,302704,302706,2,12
302692,302704,302706,2,12
302669,302670,302706,36,1
302692,302703,302706,3,11
302692,302705,302706,1,13
302692,302703,302707,4,11
302692,302704,302706,2,12
302692,302705,302706,1,13
302692,302705,302707,2,13
302692,302704,302706,2,12
302692,302706,302707,1,14
302692,302702,302707,5,10
302692,302706,302708,2,14
302692,302706,302707,1,14
302692,302706,302708,2,14
302692,302706,302707,1,14
302692,302706,302708,2,14
302692,302702,302710,8,10
302720,302720,302721,1,0
302720,302720,302721,1,0
302720,302720,302721,1,0
302720,302720,302722,2,0
302720,302720,302724,4,0
302720,302720,302725,5,0
302720,302720,302725,5,0
302720,302720,302725,5,0
302720,302720,302726,6,0
302720,302720,302726,6,0
302720,302721,302726,5,1
302720,302720,302727,7,0
302720,302720,302726,6,0
302720,302722,302727,5,2
302720,302720,302726,6,0
302720,302721,302727,6,1
302720,302720,302727,7,0
302720,302720,302726,6,0
302720,302720,302729,9,0
302720,302720,302729,9,0
302720,302727,302729,2,7
302720,302727,302729,2,7
302720,302727,302729,2,7
302720,302720,302730,10,0
302720,302720,302730,10,0
302720,302725,302730,5,5
302720,302727,302730,3,7
302720,302726,302730,4,6
302720,302727,302729,2,7
302720,302726,302730,4,6
302720,302720,302731,11,0
302720,302725,302730,5,5
302720,302726,302731,5,6
302720,302726,302731,5,6
302720,302727,302730,3,7
302720,302720,302731,11,0
302720,302724,302732,8,4
302720,302727,302732,5,7
302720,302720,302732,12,0
302720,302722,302731,9,2
302720,302730,302732,2,10
302720,302730,302732,2,10
302720,302729,302731,2,9
302720,302730,302732,2,10
302720,302730,302732,2,10
302720,302729,302732,3,9
302720,302730,302732,2,10
302720,302731,302732,1,11
302720,302731,302732,1,11
302720,302730,302732,2,10
302720,302720,302733,13,0
302720,302729,302732,3,9
302720,302731,302733,2,11
302720,302732,302733,1,12
302720,302731,302733,2,11
302720,302732,302733,1,12
302720,302733,302734,1,13
302720,302733,302734,1,13
302720,302733,302734,1,13
302720,302732,302734,2,12
302720,302730,302734,4,10
302720,302731,302734,3,11
302720,302732,302734,2,12
302720,302732,302734,2,12
302720,302734,302735,1,14
302720,302729,302735,6,9
302720,302729,302735,6,9
302720,302732,302735,3,12
302720,302733,302735,2,13
302720,302720,302735,15,0
302720,302732,302735,3,12
302720,302733,302735,2,13
302720,302734,302735,1,14
302720,302734,302735,1,14
302720,302732,302736,4,12
302745,302745,302746,1,0
302745,302745,302746,1,0
302745,302745,302747,2,0
302745,302745,302747,2,0
302745,302745,302750,5,0
302745,302745,302750,5,0
302745,302745,302750,5,0
302745,302745,302750,5,0
302745,302745,302750,5,0
302745,302745,302751,6,0
302745,302745,302751,6,0
302745,302745,302751,6,0
302745,302745,302751,6,0
302745,302745,302753,8,0
302745,302745,302752,7,0
302745,302747,302752,5,2
302745,302745,302752,7,0
302745,302747,302752,5,2
302745,302746,302753,7,1
302745,302745,302754,9,0
302745,302745,302754,9,0
302745,302753,302755,2,8
302745,302745,302755,10,0
302745,302745,302755,10,0
302745,302752,302755,3,7
302745,302751,302755,4,6
302745,302751,302755,4,6
302745,302753,302755,2,8
302745,302751,302756,5,6
302745,302753,302756,3,8
302745,302751,302756,5,6
302745,302752,302756,4,7
302745,302752,302756,4,7
302745,302745,302757,12,0
302745,302745,302757,12,0
302745,302756,302757,1,11
302745,302748,302757,9,3
302745,302745,302758,13,0
302745,302756,302758,2,11
302745,302754,302757,3,9
302745,302756,302757,1,11
302745,302755,302757,2,10
302745,302756,302757,1,11
302745,302756,302758,2,11
302745,302756,302758,2,11
302745,302752,302758,6,7
302745,302753,302759,6,8
302745,302753,302758,5,8
302745,302757,302758,1,12
302745,302757,302759,2,12
302745,302758,302759,1,13
302745,302757,302758,1,12
302745,302757,302758,1,12
302745,302758,302759,1,13
302745,302757,302758,1,12
302745,302758,302759,1,13
302745,302758,302759,1,13
302745,302758,302759,1,13
302745,302758,302759,1,13
302745,302758,302759,1,13
302745,302751,302759,8,6
302745,302755,302759,4,10
302745,302758,302759,1,13
302745,302759,302760,1,14
302745,302759,302760,1,14
302745,302758,302759,1,13
302745,302759,302760,1,14
302745,302759,302760,1,14
302745,302759,302760,1,14
302745,302758,302759,1,13
302745,302758,302759,1,13
302745,302759,302760,1,14
302745,302759,302760,1,14
302745,302755,302760,5,10
302745,302759,302760,1,14
302745,302759,302760,1,14
302745,302759,302760,1,14
302745,302759,302760,1,14
302745,302745,302761,16,0
302770,302770,302772,2,0
302770,302771,302772,1,1
302770,302771,302775,4,1
302770,302771,302775,4,1
302770,302771,302776,5,1
302770,302771,302776,5,1
302770,302771,302776,5,1
302770,302771,302776,5,1
302770,302771,302776,5,1
302770,302771,302776,5,1
302770,302772,302776,4,2
302770,302771,302778,7,1
302770,302772,302777,5,2
302770,302772,302777,5,2
302770,302771,302777,6,1
302770,302771,302778,7,1
302770,302771,302779,8,1
302770,302771,302779,8,1
302770,302771,302779,8,1
302770,302771,302779,8,1
302770,302776,302780,4,6
302770,302778,302779,1,8
302770,302778,302780,2,8
302770,302771,302781,10,1
302770,302773,302780,7,3
302770,302777,302781,4,7
302770,302778,302780,2,8
302770,302780,302781,1,10
302770,302776,302780,4,6
302770,302777,302781,4,7
302770,302777,302780,3,7
302770,302771,302781,10,1
302770,302780,302782,2,10
302770,302778,302781,3,8
302770,302779,302781,2,9
302770,302777,302782,5,7
302770,302777,302782,5,7
302770,302780,302781,1,10
302770,302780,302781,1,10
302770,302781,302782,1,11
302770,302780,302783,3,10
302770,302771,302782,11,1
302770,302780,302782,2,10
302770,302781,302783,2,11
302770,302781,302783,2,11
302770,302782,302783,1,12
302770,302781,302782,1,11
302770,302782,302783,1,12
302770,302781,302782,1,11
302770,302781,302782,1,11
302770,302782,302783,1,12
302770,302777,302784,7,7
302770,302782,302783,1,12
302770,302781,302783,2,11
302770,302782,302783,1,12
302770,302780,302783,3,10
302770,302781,302784,3,11
302770,302782,302783,1,12
302770,302782,302783,1,12
302770,302782,302783,1,12
302770,302782,302784,2,12
302770,302783,302784,1,13
302770,302783,302784,1,13
302770,302783,302784,1,13
302770,302771,302784,13,1
302770,302783,302784,1,13
302770,302776,302784,8,6
302770,302783,302784,1,13
302770,302783,302785,2,13
302770,302783,302784,1,13
302770,302783,302784,1,13
302770,302783,302784,1,13
302770,302783,302784,1,13
302770,302783,302784,1,13
302770,302784,302785,1,14
302770,302784,302785,1,14
302770,302771,302788,17,1
302796,302796,302797,1,0
302796,302796,302797,1,0
302796,302796,302798,2,0
302796,302796,302798,2,0
302796,302796,302800,4,0
302796,302796,302801,5,0
302796,302796,302802,6,0
302796,302796,302802,6,0
302796,302796,302802,6,0
302796,302797,302802,5,1
302796,302796,302802,6,0
302796,302797,302802,5,1
302796,302796,302803,7,0
302796,302796,302803,7,0
302796,302796,302803,7,0
302796,302796,302803,7,0
302796,302796,302803,7,0
302796,302796,302804,8,0
302796,302796,302804,8,0
302796,302796,302805,9,0
302796,302796,302805,9,0
302796,302796,302805,9,0
302796,302801,302806,5,5
302796,302796,302806,10,0
302796,302798,302806,8,2
302796,302804,302806,2,8
302796,302799,302806,7,3
302796,302803,302807,4,7
302796,302804,302806,2,8
302796,302804,302806,2,8
302796,302802,302806,4,6
302796,302803,302806,3,7
302796,302805,302806,1,9
302796,302796,302807,11,0
302796,302796,302807,11,0
302796,302805,302807,2,9
302796,302803,302807,4,7
302796,302803,302808,5,7
302796,302807,302808,1,11
302796,302807,302808,1,11
302796,302806,302807,1,10
302796,302804,302807,3,8
302796,302806,302807,1,10
302796,302806,302808,2,10
302796,302807,302808,1,11
302796,302806,302808,2,10
302796,302807,302808,1,11
302796,302808,302809,1,12
302796,302807,302808,1,11
302796,302807,302809,2,11
302796,302807,302808,1,11
302796,302808,302809,1,12
302796,302807,302808,1,11
302796,302807,302808,1,11
302796,302807,302808,1,11
302796,302808,302809,1,12
302796,302804,302809,5,8
302796,302808,302809,1,12
302796,302808,302809,1,12
302796,302808,302809,1,12
302796,302808,302809,1,12
302796,302808,302809,1,12
302796,302809,302810,1,13
302796,302809,302810,1,13
302796,302809,302810,1,13
302796,302809,302810,1,13
302796,302808,302810,2,12
302796,302808,302810,2,12
302796,302809,302810,1,13
302796,302809,302810,1,13
302796,302803,302810,7,7
302796,302809,302810,1,13
302796,302809,302811,2,13
302796,302809,302810,1,13
302796,302809,302810,1,13
302796,302809,302810,1,13
302796,302809,302810,1,13
302796,302796,302811,15,0
302796,302803,302812,9,7
302821,302821,302822,1,0
302821,302821,302822,1,0
302821,302821,302822,1,0
302821,302821,302822,1,0
302821,302821,302824,3,0
302821,302821,302823,2,0
302821,302821,302826,5,0
302821,302821,302826,5,0
302821,302821,302826,5,0
302821,302821,302826,5,0
302821,302822,302826,4,1
302821,302822,302826,4,1
302821,302821,302827,6,0
302821,302821,302827,6,0
302821,302821,302827,6,0
302821,302824,302827,3,3
302821,302821,302828,7,0
302821,302826,302828,2,5
302821,302824,302829,5,3
302821,302826,302829,3,5
302821,302826,302829,3,5
302821,302821,302830,9,0
302821,302823,302830,7,2
302821,302827,302830,3,6
302821,302826,302829,3,5
302821,302827,302830,3,6
302821,302828,302830,2,7
302821,302821,302831,10,0
302821,302826,302831,5,5
302821,302821,302830,9,0
302821,302829,302831,2,8
302821,302828,302831,3,7
302821,302829,302831,2,8
302821,302829,302831,2,8
302821,302821,302830,9,0
302821,302827,302830,3,6
302821,302821,302832,11,0
302821,302827,302831,4,6
302821,302821,302831,10,0
302821,302830,302832,2,9
302821,302830,302832,2,9
302821,302830,302832,2,9
302821,302831,302832,1,10
302821,302830,302832,2,9
302821,302831,302833,2,10
302821,302831,302833,2,10
302821,302831,302833,2,10
302821,302831,302833,2,10
302821,302832,302833,1,11
302821,302832,302833,1,11
302821,302832,302833,1,11
302821,302833,302834,1,12
302821,302832,302833,1,11
302821,302832,302833,1,11
302821,302833,302834,1,12
302821,302833,302834,1,12
302821,302821,302834,13,0
302821,302821,302834,13,0
302821,302826,302833,7,5
302821,302823,302834,11,2
302821,302832,302834,2,11
302821,302832,302834,2,11
302821,302832,302834,2,11
302821,302834,302835,1,13
302821,302834,302835,1,13
302821,302834,302835,1,13
302821,302834,302835,1,13
302821,302834,302835,1,13
302821,302821,302834,13,0
302821,302833,302835,2,12
302821,302833,302835,2,12
302821,302834,302835,1,13
302821,302834,302835,1,13
302821,302834,302835,1,13
302821,302834,302835,1,13
302821,302830,302836,6,9
302821,302821,302837,16,0
302846,302846,302847,1,0
302846,302846,302847,1,0
302846,302846,302848,2,0
302846,302846,302848,2,0
302846,302846,302849,3,0
302846,302846,302849,3,0
302846,302846,302850,4,0
302846,302846,302850,4,0
302846,302846,302851,5,0
302846,302847,302851,4,1
302846,302846,302850,4,0
302846,302848,302852,4,2
302846,302846,302851,5,0
302846,302847,302851,4,1
302846,302849,302852,3,3
302846,302846,302853,7,0
302846,302846,302852,6,0
302846,302846,302853,7,0
302846,302849,302852,3,3
302846,302846,302853,7,0
302846,302848,302854,6,2
302846,302846,302853,7,0
302846,302850,302854,4,4
302846,302846,302854,8,0
302846,302846,302854,8,0
302846,302852,302855,3,6
302846,302853,302855,2,7
302846,302851,302855,4,5
302846,302853,302854,1,7
302846,302846,302856,10,0
302846,302853,302856,3,7
302846,302854,302856,2,8
302846,302854,302856,2,8
302846,302854,302856,2,8
302846,302851,302856,5,5
302846,302852,302856,4,6
302846,302855,302856,1,9
302846,302846,302857,11,0
302846,302850,302856,6,4
302846,302853,302857,4,7
302846,302852,302857,5,6
302846,302855,302857,2,9
302846,302857,302858,1,11
302846,302852,302857,5,6
302846,302857,302858,1,11
302846,302856,302857,1,10
302846,302857,302858,1,11
302846,302857,302858,1,11
302846,302857,302858,1,11
302846,302846,302858,12,0
302846,302846,302858,12,0
302846,302846,302858,12,0
302846,302851,302858,7,5
302846,302857,302858,1,11
302846,302857,302858,1,11
302846,302857,302858,1,11
302846,302857,302858,1,11
302846,302857,302858,1,11
302846,302857,302858,1,11
302846,302858,302859,1,12
302846,302857,302858,1,11
302846,302858,302859,1,12
302846,302858,302859,1,12
302846,302858,302859,1,12
302846,302858,302859,1,12
302846,302858,302859,1,12
302846,302857,302859,2,11
302846,302857,302859,2,11
302846,302857,302859,2,11
302846,302858,302859,1,12
302846,302858,302859,1,12
302846,302858,302859,1,12
302846,302846,302860,14,0
302846,302858,302860,2,12
302846,302858,302860,2,12
302869,302869,302870,1,0
302869,302869,302870,1,0
302869,302869,302871,2,0
302869,302869,302871,2,0
302869,302869,302871,2,0
302869,302869,302871,2,0
302869,302869,302872,3,0
302869,302869,302873,4,0
302869,302869,302873,4,0
302869,302869,302873,4,0
302869,302869,302874,5,0
302869,302869,302874,5,0
302869,302869,302873,4,0
302869,302869,302873,4,0
302869,302869,302874,5,0
302869,302869,302875,6,0
302869,302870,302875,5,1
302869,302870,302876,6,1
302869,302869,302876,7,0
302869,302871,302876,5,2
302869,302874,302876,2,5
302869,302869,302876,7,0
302869,302872,302877,5,3
302869,302874,302877,3,5
302869,302871,302877,6,2
302869,302873,302878,5,4
302869,302871,302878,7,2
302869,302872,302878,6,3
302869,302877,302878,1,8
302869,302873,302878,5,4
302869,302877,302878,1,8
302869,302876,302878,2,7
302869,302876,302878,2,7
302869,302878,302879,1,9
302869,302869,302879,10,0
302869,302869,302879,10,0
302869,302869,302879,10,0
302869,302874,302879,5,5
302869,302878,302880,2,9
302869,302877,302879,2,8
302869,302877,302879,2,8
302869,302878,302879,1,9
302869,302874,302880,6,5
302869,302869,302880,11,0
302869,302878,302880,2,9
302869,302878,302880,2,9
302869,302879,302880,1,10
302869,302879,302880,1,10
302869,302879,302880,1,10
302869,302879,302880,1,10
302869,302880,302881,1,11
302869,302880,302881,1,11
302869,302879,302880,1,10
302869,302879,302880,1,10
302869,302879,302880,1,10
302869,302880,302881,1,11
302869,302880,302881,1,11
302869,302877,302881,4,8
302869,302880,302881,1,11
302869,302880,302881,1,11
302869,302880,302881,1,11
302869,302880,302881,1,11
302869,302881,302882,1,12
302869,302881,302882,1,12
302869,302881,302882,1,12
302869,302881,302882,1,12
302869,302881,302882,1,12
302869,302869,302882,13,0
302869,302881,302882,1,12
302869,302881,302882,1,12
302869,302881,302882,1,12
302869,302881,302882,1,12
302869,302881,302882,1,12
302869,302881,302882,1,12
302869,302881,302882,1,12
302869,302881,302882,1,12
302869,302873,302883,10,4
302869,302874,302883,9,5
302869,302869,302883,14,0
302892,302892,302893,1,0
302892,302892,302894,2,0
302892,302892,302893,1,0
302892,302892,302894,2,0
302892,302892,302894,2,0
302892,302892,302896,4,0
302892,302892,302896,4,0
302892,302892,302897,5,0
302892,302892,302897,5,0
302892,302892,302897,5,0
302892,302892,302898,6,0
302892,302892,302898,6,0
302892,302892,302898,6,0
302892,302894,302898,4,2
302892,302892,302899,7,0
302892,302895,302900,5,3
302892,302895,302899,4,3
302892,302895,302899,4,3
302892,302892,302900,8,0
302892,302897,302900,3,5
302892,302892,302901,9,0
302892,302892,302901,9,0
302892,302892,302901,9,0
302892,302899,302901,2,7
302892,302900,302901,1,8
302892,302897,302902,5,5
302892,302892,302902,10,0
302892,302892,302902,10,0
302892,302900,302903,3,8
302892,302892,302902,10,0
302892,302895,302902,7,3
302892,302899,302902,3,7
302892,302898,302902,4,6
302892,302900,302902,2,8
302892,302898,302902,4,6
302892,302900,302902,2,8
302892,302901,302903,2,9
302892,302892,302903,11,0
302892,302892,302903,11,0
302892,302899,302903,4,7
302892,302902,302903,1,10
302892,302898,302903,5,6
302892,302903,302904,1,11
302892,302902,302903,1,10
302892,302903,302904,1,11
302892,302892,302904,12,0
302892,302901,302904,3,9
302892,302902,302904,2,10
302892,302902,302905,3,10
302892,302903,302904,1,11
302892,302903,302905,2,11
302892,302899,302904,5,7
302892,302903,302904,1,11
302892,302902,302904,2,10
302892,302903,302905,2,11
302892,302904,302905,1,12
302892,302903,302904,1,11
302892,302903,302904,1,11
302892,302904,302905,1,12
302892,302904,302905,1,12
302892,302903,302905,2,11
302892,302902,302905,3,10
302892,302903,302905,2,11
302892,302904,302905,1,12
302892,302903,302905,2,11
302892,302904,302905,1,12
302892,302904,302905,1,12
302892,302904,302905,1,12
302892,302905,302906,1,13
302892,302905,302906,1,13
302892,302904,302905,1,12
302892,302905,302906,1,13
302892,302905,302906,1,13
302892,302905,302906,1,13
302892,302905,302906,1,13
302892,302905,302906,1,13
302892,302905,302906,1,13
302892,302905,302906,1,13
302892,302905,302906,1,13
302916,302916,302917,1,0
302916,302916,302917,1,0
302916,302916,302917,1,0
302916,302916,302917,1,0
302916,302916,302917,1,0
302916,302916,302919,3,0
302916,302916,302920,4,0
302916,302917,302920,3,1
302916,302918,302922,4,2
302916,302916,302922,6,0
302916,302916,302922,6,0
302916,302916,302923,7,0
302916,302918,302923,5,2
302916,302916,302922,6,0
302916,302918,302922,4,2
302916,302916,302923,7,0
302916,302916,302922,6,0
302916,302918,302923,5,2
302916,302916,302924,8,0
302916,302916,302923,7,0
302916,302920,302923,3,4
302916,302921,302924,3,5
302916,302916,302925,9,0
302916,302923,302925,2,7
302916,302923,302924,1,7
302916,302921,302924,3,5
302916,302922,302925,3,6
302916,302922,302925,3,6
302916,302923,302925,2,7
302916,302916,302926,10,0
302916,302916,302925,9,0
302916,302923,302926,3,7
302916,302923,302926,3,7
302916,302923,302926,3,7
302916,302916,302926,10,0
302916,302924,302927,3,8
302916,302923,302926,3,7
302916,302924,302927,3,8
302916,302922,302926,4,6
302916,302916,302926,10,0
302916,302925,302927,2,9
302916,302925,302927,2,9
302916,302925,302927,2,9
302916,302924,302926,2,8
302916,302924,302926,2,8
302916,302925,302927,2,9
302916,302925,302928,3,9
302916,302916,302927,11,0
302916,302916,302927,11,0
302916,302925,302928,3,9
302916,302926,302928,2,10
302916,302926,302928,2,10
302916,302916,302929,13,0
302916,302916,302929,13,0
302916,302926,302928,2,10
302916,302926,302928,2,10
302916,302926,302928,2,10
302916,302927,302929,2,11
302916,302925,302928,3,9
302916,302927,302928,1,11
302916,302928,302929,1,12
302916,302927,302929,2,11
302916,302927,302929,2,11
302916,302927,302929,2,11
302916,302928,302929,1,12
302916,302927,302929,2,11
302916,302927,302929,2,11
302916,302927,302929,2,11
302916,302927,302930,3,11
302916,302927,302929,2,11
302916,302928,302930,2,12
302916,302927,302930,3,11
302916,302927,302930,3,11
302916,302928,302929,1,12
302916,302928,302930,2,12
302916,302929,302930,1,13
302916,302929,302931,2,13
302916,302929,302931,2,13
302940,302940,302941,1,0
302940,302940,302941,1,0
302940,302940,302941,1,0
302940,302940,302941,1,0
302940,302940,302942,2,0
302940,302940,302943,3,0
302940,302940,302944,4,0
302940,302942,302945,3,2
302940,302943,302945,2,3
302940,302940,302946,6,0
302940,302941,302945,4,1
302940,302941,302946,5,1
302940,302941,302945,4,1
302940,302940,302947,7,0
302940,302940,302947,7,0
302940,302940,302946,6,0
302940,302940,302947,7,0
302940,302940,302947,7,0
302940,302945,302948,3,5
302940,302940,302948,8,0
302940,302940,302948,8,0
302940,302942,302948,6,2
302940,302946,302948,2,6
302940,302945,302948,3,5
302940,302940,302948,8,0
302940,302945,302948,3,5
302940,302946,302948,2,6
302940,302940,302948,8,0
302940,302946,302948,2,6
302940,302940,302949,9,0
302940,302946,302949,3,6
302940,302947,302949,2,7
302940,302948,302949,1,8
302940,302948,302949,1,8
302940,302948,302949,1,8
302940,302947,302950,3,7
302940,302940,302950,10,0
302940,302940,302950,10,0
302940,302948,302950,2,8
302940,302947,302950,3,7
302940,302949,302950,1,9
302940,302949,302951,2,9
302940,302949,302950,1,9
302940,302949,302950,1,9
302940,302940,302951,11,0
302940,302948,302951,3,8
302940,302948,302951,3,8
302940,302949,302951,2,9
302940,302949,302951,2,9
302940,302949,302951,2,9
302940,302950,302951,1,10
302940,302949,302951,2,9
302940,302950,302951,1,10
302940,302950,302951,1,10
302940,302950,302951,1,10
302940,302949,302952,3,9
302940,302951,302952,1,11
302940,302951,302952,1,11
302940,302951,302952,1,11
302940,302951,302952,1,11
302940,302952,302953,1,12
302940,302951,302952,1,11
302940,302951,302952,1,11
302940,302952,302953,1,12
302940,302952,302953,1,12
302940,302940,302953,13,0
302940,302950,302953,3,10
302940,302951,302953,2,11
302940,302951,302953,2,11
302940,302952,302953,1,12
302940,302952,302953,1,12
302940,302952,302953,1,12
302940,302952,302953,1,12
302940,302952,302953,1,12
302940,302952,302954,2,12
302940,302952,302955,3,12
302940,302940,302954,14,0
302940,302952,302954,2,12
302940,302940,302954,14,0
302964,302964,302965,1,0
302964,302964,302965,1,0
302964,302964,302965,1,0
302964,302964,302966,2,0
302964,302964,302966,2,0
302964,302964,302968,4,0
302964,302964,302969,5,0
302964,302964,302969,5,0
302964,302965,302970,5,1
302964,302964,302970,6,0
302964,302964,302970,6,0
302964,302964,302971,7,0
302964,302965,302971,6,1
302964,302964,302971,7,0
302964,302964,302970,6,0
302964,302965,302970,5,1
302964,302964,302972,8,0
302964,302964,302971,7,0
302964,302970,302972,2,6
302964,302964,302971,7,0
302964,302969,302972,3,5
302964,302970,302972,2,6
302964,302964,302973,9,0
302964,302964,302973,9,0
302964,302964,302973,9,0
302964,302966,302973,7,2
302964,302964,302973,9,0
302964,302969,302973,4,5
302964,302970,302973,3,6
302964,302971,302973,2,7
302964,302966,302972,6,2
302964,302970,302973,3,6
302964,302971,302973,2,7
302964,302971,302973,2,7
302964,302964,302973,9,0
302964,302964,302974,10,0
302964,302964,302974,10,0
302964,302971,302974,3,7
302964,302972,302974,2,8
302964,302972,302974,2,8
302964,302972,302974,2,8
302964,302972,302975,3,8
302964,302973,302975,2,9
302964,302973,302975,2,9
302964,302973,302975,2,9
302964,302973,302975,2,9
302964,302971,302975,4,7
302964,302973,302975,2,9
302964,302973,302975,2,9
302964,302972,302975,3,8
302964,302973,302975,2,9
302964,302972,302975,3,8
302964,302974,302975,1,10
302964,302973,302976,3,9
302964,302973,302976,3,9
302964,302975,302976,1,11
302964,302975,302976,1,11
302964,302975,302977,2,11
302964,302975,302976,1,11
302964,302974,302977,3,10
302964,302964,302977,13,0
302964,302976,302978,2,12
302964,302976,302977,1,12
302964,302976,302977,1,12
302964,302976,302977,1,12
302964,302975,302977,2,11
302964,302976,302978,2,12
302964,302976,302978,2,12
302964,302976,302977,1,12
302964,302976,302977,1,12
302964,302976,302977,1,12
302964,302976,302977,1,12
302964,302973,302978,5,9
302964,302973,302977,4,9
302964,302976,302978,2,12
302964,302974,302978,4,10
302964,302975,302978,3,11
302964,302977,302978,1,13
302964,302976,302980,4,12
302990,302990,302991,1,0
302990,302990,302991,1,0
302990,302990,302991,1,0
302990,302990,302991,1,0
302990,302990,302993,3,0
302990,302990,302994,4,0
302990,302990,302994,4,0
302990,302990,302994,4,0
302990,302990,302994,4,0
302990,302990,302994,4,0
302990,302990,302995,5,0
302990,302991,302995,4,1
302990,302990,302995,5,0
302990,302991,302995,4,1
302990,302991,302995,4,1
302990,302990,302997,7,0
302990,302990,302997,7,0
302990,302993,302997,4,3
302990,302995,302997,2,5
302990,302990,302998,8,0
302990,302990,302998,8,0
302990,302995,302997,2,5
302990,302996,302998,2,6
302990,302990,302998,8,0
302990,302992,302998,6,2
302990,302990,302998,8,0
302990,302995,302997,2,5
302990,302990,302998,8,0
302990,302994,302997,3,4
302990,302996,302998,2,6
302990,302996,302999,3,6
302990,302996,302999,3,6
302990,302990,302998,8,0
302990,302996,302999,3,6
302990,302998,302999,1,8
302990,302998,302999,1,8
302990,302990,303000,10,0
302990,302994,303000,6,4
302990,302997,303000,3,7
302990,302998,303000,2,8
302990,302998,303000,2,8
302990,302997,303000,3,7
302990,302998,303000,2,8
302990,302998,303000,2,8
302990,302997,302999,2,7
302990,302998,302999,1,8
302990,302990,303000,10,0
302990,302999,303001,2,9
302990,302990,303001,11,0
302990,302997,303001,4,7
302990,302998,303001,3,8
302990,302999,303001,2,9
302990,302998,303001,3,8
302990,302999,303001,2,9
302990,302999,303001,2,9
302990,302999,303001,2,9
302990,302998,303002,4,8
302990,303001,303002,1,11
302990,302999,303002,3,9
302990,303000,303002,2,10
302990,303000,303002,2,10
302990,303001,303002,1,11
302990,303001,303002,1,11
302990,303001,303002,1,11
302990,303002,303003,1,12
302990,302998,303002,4,8
302990,303000,303003,3,10
302990,303001,303003,2,11
302990,303000,303003,3,10
302990,303000,303003,3,10
302990,303001,303003,2,11
302990,303001,303003,2,11
302990,303001,303003,2,11
302990,303000,303003,3,10
302990,303000,303003,3,10
302990,303001,303003,2,11
302990,302990,303004,14,0
302990,303001,303004,3,11
303014,303014,303015,1,0
303014,303015,303016,1,1
303014,303014,303016,2,0
303014,303015,303016,1,1
303014,303015,303017,2,1
303014,303015,303019,4,1
303014,303015,303020,5,1
303014,303015,303020,5,1
303014,303016,303020,4,2
303014,303015,303020,5,1
303014,303016,303020,4,2
303014,303015,303020,5,1
303014,303015,303020,5,1
303014,303016,303020,4,2
303014,303015,303021,6,1
303014,303015,303021,6,1
303014,303020,303022,2,6
303014,303015,303021,6,1
303014,303018,303022,4,4
303014,303015,303021,6,1
303014,303015,303022,7,1
303014,303021,303023,2,7
303014,303021,303022,1,7
303014,303021,303023,2,7
303014,303021,303022,1,7
303014,303021,303022,1,7
303014,303021,303023,2,7
303014,303021,303022,1,7
303014,303022,303024,2,8
303014,303015,303025,10,1
303014,303015,303024,9,1
303014,303021,303024,3,7
303014,303023,303025,2,9
303014,303022,303024,2,8
303014,303022,303025,3,8
303014,303023,303025,2,9
303014,303022,303024,2,8
303014,303022,303024,2,8
303014,303023,303025,2,9
303014,303023,303025,2,9
303014,303023,303025,2,9
303014,303023,303025,2,9
303014,303024,303025,1,10
303014,303015,303026,11,1
303014,303022,303025,3,8
303014,303015,303025,10,1
303014,303017,303025,8,3
303014,303023,303025,2,9
303014,303023,303025,2,9
303014,303015,303026,11,1
303014,303025,303026,1,11
303014,303025,303026,1,11
303014,303025,303027,2,11
303014,303025,303027,2,11
303014,303025,303027,2,11
303014,303025,303027,2,11
303014,303025,303027,2,11
303014,303025,303027,2,11
303014,303025,303027,2,11
303014,303025,303027,2,11
303014,303025,303027,2,11
303014,303026,303028,2,12
303014,303026,303028,2,12
303014,303025,303027,2,11
303014,303026,303027,1,12
303014,303026,303027,1,12
303014,303027,303028,1,13
303014,303027,303028,1,13
303014,303015,303028,13,1
303014,303026,303029,3,12
303014,303026,303028,2,12
303014,303027,303028,1,13
303014,303025,303028,3,11
303014,303027,303028,1,13
303014,303015,303028,13,1
303014,303027,303028,1,13
303014,303027,303029,2,13
303014,303025,303030,5,11
303014,303015,303031,16,1
303040,303040,303041,1,0
303040,303040,303041,1,0
303040,303040,303041,1,0
303040,303040,303041,1,0
303040,303040,303044,4,0
303040,303040,303045,5,0
303040,303040,303045,5,0
303040,303040,303045,5,0
303040,303041,303044,3,1
303040,303041,303045,4,1
303040,303040,303045,5,0
303040,303041,303046,5,1
303040,303040,303046,6,0
303040,303042,303046,4,2
303040,303040,303045,5,0
303040,303040,303047,7,0
303040,303045,303047,2,5
303040,303040,303046,6,0
303040,303045,303047,2,5
303040,303045,303047,2,5
303040,303045,303047,2,5
303040,303045,303047,2,5
303040,303040,303047,7,0
303040,303040,303047,7,0
303040,303046,303047,1,6
303040,303047,303048,1,7
303040,303046,303048,2,6
303040,303046,303048,2,6
303040,303046,303048,2,6
303040,303044,303049,5,4
303040,303047,303049,2,7
303040,303046,303048,2,6
303040,303048,303049,1,8
303040,303047,303048,1,7
303040,303047,303048,1,7
303040,303047,303048,1,7
303040,303047,303048,1,7
303040,303048,303049,1,8
303040,303048,303050,2,8
303040,303040,303049,9,0
303040,303040,303049,9,0
303040,303040,303050,10,0
303040,303048,303050,2,8
303040,303040,303050,10,0
303040,303048,303050,2,8
303040,303048,303049,1,8
303040,303048,303049,1,8
303040,303047,303049,2,7
303040,303040,303050,10,0
303040,303040,303051,11,0
303040,303049,303050,1,9
303040,303049,303051,2,9
303040,303049,303052,3,9
303040,303049,303051,2,9
303040,303050,303051,1,10
303040,303040,303051,11,0
303040,303049,303052,3,9
303040,303049,303052,3,9
303040,303050,303052,2,10
303040,303050,303052,2,10
303040,303051,303052,1,11
303040,303051,303052,1,11
303040,303049,303052,3,9
303040,303051,303052,1,11
303040,303052,303053,1,12
303040,303052,303053,1,12
303040,303050,303053,3,10
303040,303051,303053,2,11
303040,303051,303053,2,11
303040,303040,303053,13,0
303040,303051,303053,2,11
303040,303049,303053,4,9
303040,303050,303053,3,10
303040,303050,303053,3,10
303040,303050,303053,3,10
303040,303052,303053,1,12
303040,303052,303053,1,12
303040,303040,303053,13,0
303040,303050,303055,5,10
303064,303064,303065,1,0
303064,303064,303065,1,0
303064,303064,303065,1,0
303064,303064,303065,1,0
303064,303064,303066,2,0
303064,303065,303068,3,1
303064,303066,303067,1,2
303064,303064,303069,5,0
303064,303065,303069,4,1
303064,303067,303070,3,3
303064,303064,303070,6,0
303064,303064,303070,6,0
303064,303064,303070,6,0
303064,303065,303070,5,1
303064,303068,303070,2,4
303064,303064,303070,6,0
303064,303064,303071,7,0
303064,303064,303071,7,0
303064,303069,303071,2,5
303064,303069,303071,2,5
303064,303068,303071,3,4
303064,303064,303072,8,0
303064,303064,303072,8,0
303064,303064,303071,7,0
303064,303070,303072,2,6
303064,303070,303072,2,6
303064,303070,303072,2,6
303064,303071,303072,1,7
303064,303064,303072,8,0
303064,303070,303072,2,6
303064,303070,303072,2,6
303064,303064,303073,9,0
303064,303064,303073,9,0
303064,303070,303073,3,6
303064,303071,303073,2,7
303064,303071,303073,2,7
303064,303071,303073,2,7
303064,303072,303073,1,8
303064,303064,303073,9,0
303064,303073,303074,1,9
303064,303073,303074,1,9
303064,303064,303074,10,0
303064,303072,303074,2,8
303064,303073,303074,1,9
303064,303073,303074,1,9
303064,303073,303074,1,9
303064,303073,303074,1,9
303064,303073,303074,1,9
303064,303072,303075,3,8
303064,303072,303075,3,8
303064,303074,303075,1,10
303064,303074,303075,1,10
303064,303074,303075,1,10
303064,303074,303075,1,10
303064,303074,303075,1,10
303064,303073,303075,2,9
303064,303074,303075,1,10
303064,303075,303076,1,11
303064,303073,303076,3,9
303064,303064,303076,12,0
303064,303073,303076,3,9
303064,303073,303076,3,9
303064,303073,303076,3,9
303064,303075,303076,1,11
303064,303075,303076,1,11
303064,303075,303076,1,11
303064,303076,303077,1,12
303064,303075,303076,1,11
303064,303076,303077,1,12
303064,303076,303077,1,12
303064,303074,303077,3,10
303064,303074,303077,3,10
303064,303064,303077,13,0
303064,303076,303078,2,12
303064,303076,303077,1,12
303064,303076,303077,1,12
303064,303064,303079,15,0
303064,303064,303081,17,0
303090,303090,303091,1,0
303090,303090,303091,1,0
303090,303090,303091,1,0
303090,303090,303092,2,0
303090,303090,303094,4,0
303090,303090,303095,5,0
303090,303090,303096,6,0
303090,303090,303096,6,0
303090,303091,303096,5,1
303090,303090,303097,7,0
303090,303091,303097,6,1
303090,303092,303097,5,2
303090,303090,303098,8,0
303090,303090,303098,8,0
303090,303090,303098,8,0
303090,303097,303098,1,7
303090,303090,303099,9,0
303090,303090,303099,9,0
303090,303090,303098,8,0
303090,303090,303099,9,0
303090,303095,303099,4,5
303090,303098,303099,1,8
303090,303098,303099,1,8
303090,303091,303099,8,1
303090,303097,303099,2,7
303090,303098,303099,1,8
303090,303090,303099,9,0
303090,303090,303099,9,0
303090,303096,303100,4,6
303090,303099,303100,1,9
303090,303099,303100,1,9
303090,303099,303100,1,9
303090,303099,303100,1,9
303090,303090,303101,11,0
303090,303100,303101,1,10
303090,303100,303101,1,10
303090,303090,303101,11,0
303090,303100,303101,1,10
303090,303100,303102,2,10
303090,303100,303101,1,10
303090,303100,303101,1,10
303090,303100,303101,1,10
303090,303100,303101,1,10
303090,303100,303101,1,10
303090,303100,303101,1,10
303090,303090,303102,12,0
303090,303101,303102,1,11
303090,303090,303102,12,0
303090,303101,303102,1,11
303090,303090,303102,12,0
303090,303094,303102,8,4
303090,303101,303102,1,11
303090,303101,303102,1,11
303090,303101,303102,1,11
303090,303101,303103,2,11
303090,303102,303104,2,12
303090,303102,303104,2,12
303090,303102,303104,2,12
303090,303101,303103,2,11
303090,303102,303104,2,12
303090,303103,303104,1,13
303090,303103,303104,1,13
303090,303103,303104,1,13
303090,303102,303104,2,12
303090,303103,303104,1,13
303090,303103,303104,1,13
303090,303102,303104,2,12
303090,303102,303104,2,12
303090,303103,303104,1,13
303090,303103,303104,1,13
303090,303102,303104,2,12
303090,303102,303104,2,12
303090,303102,303104,2,12
303090,303103,303104,1,13
303090,303103,303104,1,13
303090,303102,303105,3,12
303090,303103,303105,2,13
303090,303102,303106,4,12
303090,303090,303111,21,0
303121,303121,303122,1,0
303121,303121,303122,1,0
303121,303121,303122,1,0
303121,303121,303122,1,0
303121,303121,303123,2,0
303121,303121,303125,4,0
303121,303121,303125,4,0
303121,303121,303127,6,0
303121,303121,303127,6,0
303121,303121,303127,6,0
303121,303122,303126,4,1
303121,303121,303127,6,0
303121,303121,303126,5,0
303121,303121,303127,6,0
303121,303124,303128,4,3
303121,303121,303128,7,0
303121,303121,303129,8,0
303121,303121,303128,7,0
303121,303121,303129,8,0
303121,303123,303129,6,2
303121,303123,303129,6,2
303121,303127,303129,2,6
303121,303123,303128,5,2
303121,303127,303128,1,6
303121,303127,303129,2,6
303121,303121,303129,8,0
303121,303128,303130,2,7
303121,303128,303129,1,7
303121,303126,303130,4,5
303121,303129,303130,1,8
303121,303129,303130,1,8
303121,303129,303130,1,8
303121,303129,303130,1,8
303121,303129,303130,1,8
303121,303129,303130,1,8
303121,303129,303130,1,8
303121,303127,303131,4,6
303121,303129,303130,1,8
303121,303130,303131,1,9
303121,303126,303130,4,5
303121,303129,303131,2,8
303121,303129,303130,1,8
303121,303121,303131,10,0
303121,303130,303131,1,9
303121,303130,303131,1,9
303121,303127,303131,4,6
303121,303130,303131,1,9
303121,303121,303132,11,0
303121,303130,303132,2,9
303121,303121,303132,11,0
303121,303131,303133,2,10
303121,303127,303132,5,6
303121,303132,303133,1,11
303121,303132,303133,1,11
303121,303131,303133,2,10
303121,303131,303133,2,10
303121,303131,303133,2,10
303121,303131,303133,2,10
303121,303131,303133,2,10
303121,303121,303134,13,0
303121,303131,303133,2,10
303121,303132,303134,2,11
303121,303131,303134,3,10
303121,303131,303134,3,10
303121,303131,303134,3,10
303121,303121,303134,13,0
303121,303131,303133,2,10
303121,303133,303134,1,12
303121,303133,303134,1,12
303121,303131,303133,2,10
303121,303132,303133,1,11
303121,303133,303134,1,12
303121,303132,303133,1,11
303121,303121,303135,14,0
303121,303132,303134,2,11
303121,303132,303135,3,11
303121,303133,303135,2,12
303121,303133,303134,1,12
303121,303133,303134,1,12
303145,303145,303146,1,0
303145,303145,303146,1,0
303145,303145,303146,1,0
303145,303145,303146,1,0
303145,303145,303148,3,0
303145,303145,303148,3,0
303145,303145,303149,4,0
303145,303146,303149,3,1
303145,303145,303150,5,0
303145,303146,303150,4,1
303145,303145,303151,6,0
303145,303145,303150,5,0
303145,303147,303150,3,2
303145,303145,303150,5,0
303145,303145,303151,6,0
303145,303145,303152,7,0
303145,303145,303152,7,0
303145,303145,303152,7,0
303145,303145,303152,7,0
303145,303145,303151,6,0
303145,303147,303152,5,2
303145,303145,303152,7,0
303145,303148,303152,4,3
303145,303145,303152,7,0
303145,303149,303152,3,4
303145,303145,303153,8,0
303145,303150,303152,2,5
303145,303150,303153,3,5
303145,303149,303153,4,4
303145,303148,303154,6,3
303145,303152,303153,1,7
303145,303152,303154,2,7
303145,303151,303154,3,6
303145,303152,303154,2,7
303145,303152,303154,2,7
303145,303151,303153,2,6
303145,303152,303153,1,7
303145,303152,303154,2,7
303145,303152,303155,3,7
303145,303152,303154,2,7
303145,303152,303155,3,7
303145,303151,303154,3,6
303145,303151,303154,3,6
303145,303153,303155,2,8
303145,303153,303155,2,8
303145,303154,303155,1,9
303145,303153,303155,2,8
303145,303145,303155,10,0
303145,303152,303156,4,7
303145,303145,303156,11,0
303145,303154,303155,1,9
303145,303154,303156,2,9
303145,303154,303156,2,9
303145,303154,303156,2,9
303145,303154,303156,2,9
303145,303154,303156,2,9
303145,303155,303157,2,10
303145,303153,303157,4,8
303145,303151,303157,6,6
303145,303155,303157,2,10
303145,303155,303157,2,10
303145,303154,303157,3,9
303145,303154,303157,3,9
303145,303155,303157,2,10
303145,303155,303157,2,10
303145,303155,303156,1,10
303145,303155,303156,1,10
303145,303156,303157,1,11
303145,303155,303157,2,10
303145,303156,303157,1,11
303145,303157,303158,1,12
303145,303157,303158,1,12
303145,303156,303157,1,11
303145,303156,303157,1,11
303145,303156,303158,2,11
303145,303145,303160,15,0
303145,303145,303162,17,0
303171,303171,303172,1,0
303171,303171,303172,1,0
303171,303171,303172,1,0
303171,303171,303172,1,0
303171,303171,303174,3,0
303171,303171,303175,4,0
303171,303171,303175,4,0
303171,303172,303176,4,1
303171,303171,303175,4,0
303171,303172,303175,3,1
303171,303171,303177,6,0
303171,303171,303176,5,0
303171,303171,303176,5,0
303171,303173,303177,4,2
303171,303171,303176,5,0
303171,303173,303177,4,2
303171,303171,303177,6,0
303171,303171,303177,6,0
303171,303174,303178,4,3
303171,303171,303178,7,0
303171,303171,303178,7,0
303171,303171,303178,7,0
303171,303175,303179,4,4
303171,303176,303179,3,5
303171,303171,303180,9,0
303171,303177,303180,3,6
303171,303177,303179,2,6
303171,303177,303180,3,6
303171,303171,303180,9,0
303171,303176,303180,4,5
303171,303176,303180,4,5
303171,303177,303180,3,6
303171,303176,303179,3,5
303171,303178,303180,2,7
303171,303171,303180,9,0
303171,303178,303181,3,7
303171,303171,303180,9,0
303171,303178,303181,3,7
303171,303179,303181,2,8
303171,303179,303181,2,8
303171,303180,303181,1,9
303171,303171,303182,11,0
303171,303178,303181,3,7
303171,303177,303182,5,6
303171,303177,303182,5,6
303171,303179,303182,3,8
303171,303180,303182,2,9
303171,303180,303182,2,9
303171,303180,303181,1,9
303171,303180,303182,2,9
303171,303180,303182,2,9
303171,303180,303182,2,9
303171,303180,303182,2,9
303171,303181,303183,2,10
303171,303180,303182,2,9
303171,303182,303183,1,11
303171,303180,303183,3,9
303171,303182,303183,1,11
303171,303182,303183,1,11
303171,303182,303183,1,11
303171,303181,303183,2,10
303171,303181,303183,2,10
303171,303181,303183,2,10
303171,303182,303183,1,11
303171,303179,303183,4,8
303171,303181,303184,3,10
303171,303182,303184,2,11
303171,303181,303183,2,10
303171,303182,303183,1,11
303171,303182,303183,1,11
303171,303182,303184,2,11
303171,303183,303184,1,12
303171,303182,303184,2,11
303171,303183,303184,1,12
303171,303181,303185,4,10
303171,303182,303185,3,11
303171,303182,303185,3,11
303171,303171,303188,17,0
303171,303171,303190,19,0
303200,303200,303201,1,0
303200,303200,303201,1,0
303200,303200,303201,1,0
303200,303200,303201,1,0
303200,303200,303203,3,0
303200,303201,303203,2,1
303200,303200,303204,4,0
303200,303200,303204,4,0
303200,303201,303204,3,1
303200,303200,303205,5,0
303200,303200,303205,5,0
303200,303200,303205,5,0
303200,303200,303205,5,0
303200,303202,303206,4,2
303200,303202,303206,4,2
303200,303200,303207,7,0
303200,303200,303208,8,0
303200,303200,303208,8,0
303200,303204,303208,4,4
303200,303200,303207,7,0
303200,303205,303208,3,5
303200,303200,303208,8,0
303200,303200,303208,8,0
303200,303205,303208,3,5
303200,303206,303209,3,6
303200,303200,303209,9,0
303200,303206,303209,3,6
303200,303208,303210,2,8
303200,303208,303210,2,8
303200,303207,303210,3,7
303200,303206,303210,4,6
303200,303206,303210,4,6
303200,303200,303211,11,0
303200,303205,303210,5,5
303200,303200,303210,10,0
303200,303203,303211,8,3
303200,303200,303210,10,0
303200,303208,303210,2,8
303200,303209,303211,2,9
303200,303208,303210,2,8
303200,303209,303211,2,9
303200,303210,303211,1,10
303200,303200,303211,11,0
303200,303206,303211,5,6
303200,303209,303212,3,9
303200,303210,303212,2,10
303200,303210,303212,2,10
303200,303210,303212,2,10
303200,303210,303212,2,10
303200,303210,303211,1,10
303200,303210,303212,2,10
303200,303211,303212,1,11
303200,303208,303213,5,8
303200,303208,303213,5,8
303200,303211,303212,1,11
303200,303211,303212,1,11
303200,303211,303212,1,11
303200,303209,303213,4,9
303200,303211,303212,1,11
303200,303211,303212,1,11
303200,303211,303213,2,11
303200,303211,303213,2,11
303200,303212,303213,1,12
303200,303212,303213,1,12
303200,303211,303213,2,11
303200,303211,303213,2,11
303200,303212,303213,1,12
303200,303212,303213,1,12
303200,303212,303213,1,12
303200,303212,303213,1,12
303200,303212,303214,2,12
303200,303200,303214,14,0
303200,303212,303214,2,12
303200,303212,303214,2,12
303200,303212,303213,1,12
303200,303213,303214,1,13
303200,303213,303214,1,13
303200,303213,303215,2,13
303200,303200,303215,15,0
303225,303225,303226,1,0
303225,303225,303226,1,0
303225,303225,303226,1,0
303225,303225,303226,1,0
303225,303225,303227,2,0
303225,303225,303229,4,0
303225,303226,303229,3,1
303225,303226,303230,4,1
303225,303225,303230,5,0
303225,303225,303230,5,0
303225,303227,303231,4,2
303225,303227,303232,5,2
303225,303225,303231,6,0
303225,303225,303231,6,0
303225,303225,303232,7,0
303225,303225,303233,8,0
303225,303225,303232,7,0
303225,303229,303233,4,4
303225,303230,303233,3,5
303225,303225,303234,9,0
303225,303225,303234,9,0
303225,303228,303234,6,3
303225,303230,303233,3,5
303225,303230,303233,3,5
303225,303231,303234,3,6
303225,303225,303235,10,0
303225,303225,303234,9,0
303225,303225,303234,9,0
303225,303225,303234,9,0
303225,303231,303234,3,6
303225,303232,303234,2,7
303225,303232,303235,3,7
303225,303232,303235,3,7
303225,303233,303235,2,8
303225,303233,303235,2,8
303225,303225,303236,11,0
303225,303233,303236,3,8
303225,303235,303236,1,10
303225,303232,303235,3,7
303225,303234,303236,2,9
303225,303234,303236,2,9
303225,303235,303236,1,10
303225,303225,303237,12,0
303225,303234,303236,2,9
303225,303235,303236,1,10
303225,303235,303236,1,10
303225,303235,303237,2,10
303225,303235,303236,1,10
303225,303236,303237,1,11
303225,303236,303237,1,11
303225,303236,303237,1,11
303225,303234,303236,2,9
303225,303235,303236,1,10
303225,303235,303237,2,10
303225,303235,303237,2,10
303225,303235,303236,1,10
303225,303234,303237,3,9
303225,303233,303238,5,8
303225,303236,303237,1,11
303225,303236,303238,2,11
303225,303237,303238,1,12
303225,303237,303238,1,12
303225,303236,303237,1,11
303225,303237,303238,1,12
303225,303225,303239,14,0
303225,303234,303239,5,9
303225,303237,303238,1,12
303225,303237,303238,1,12
303225,303237,303238,1,12
303225,303237,303239,2,12
303225,303237,303239,2,12
303225,303237,303239,2,12
303225,303237,303239,2,12
303225,303237,303238,1,12
303225,303237,303238,1,12
303225,303237,303239,2,12
303225,303237,303239,2,12
303225,303225,303239,14,0
303225,303225,303243,18,0
303253,303253,303254,1,0
303253,303253,303254,1,0
303253,303253,303254,1,0
303253,303253,303254,1,0
303253,303253,303255,2,0
303253,303254,303258,4,1
303253,303253,303257,4,0
303253,303255,303258,3,2
303253,303253,303257,4,0
303253,303254,303257,3,1
303253,303253,303258,5,0
303253,303253,303259,6,0
303253,303253,303259,6,0
303253,303255,303258,3,2
303253,303253,303261,8,0
303253,303253,303261,8,0
303253,303253,303260,7,0
303253,303253,303261,8,0
303253,303253,303261,8,0
303253,303258,303261,3,5
303253,303258,303261,3,5
303253,303253,303262,9,0
303253,303253,303261,8,0
303253,303256,303262,6,3
303253,303258,303262,4,5
303253,303259,303262,3,6
303253,303258,303261,3,5
303253,303259,303262,3,6
303253,303258,303262,4,5
303253,303253,303262,9,0
303253,303253,303263,10,0
303253,303262,303263,1,9
303253,303259,303262,3,6
303253,303259,303262,3,6
303253,303261,303263,2,8
303253,303261,303262,1,8
303253,303262,303263,1,9
303253,303253,303263,10,0
303253,303262,303263,1,9
303253,303262,303263,1,9
303253,303253,303264,11,0
303253,303261,303264,3,8
303253,303262,303264,2,9
303253,303261,303263,2,8
303253,303262,303264,2,9
303253,303263,303264,1,10
303253,303261,303264,3,8
303253,303262,303264,2,9
303253,303263,303264,1,10
303253,303263,303264,1,10
303253,303262,303264,2,9
303253,303263,303264,1,10
303253,303264,303265,1,11
303253,303263,303265,2,10
303253,303263,303264,1,10
303253,303264,303265,1,11
303253,303264,303265,1,11
303253,303264,303265,1,11
303253,303264,303265,1,11
303253,303264,303265,1,11
303253,303261,303265,4,8
303253,303263,303266,3,10
303253,303264,303266,2,11
303253,303263,303266,3,10
303253,303264,303266,2,11
303253,303264,303266,2,11
303253,303264,303266,2,11
303253,303253,303266,13,0
303253,303264,303266,2,11
303253,303264,303265,1,11
303253,303265,303266,1,12
303253,303264,303266,2,11
303253,303264,303266,2,11
303253,303264,303266,2,11
303253,303253,303266,13,0
303253,303261,303266,5,8
303253,303253,303269,16,0
303279,303279,303280,1,0
303279,303279,303280,1,0
303279,303279,303280,1,0
303279,303279,303280,1,0
303279,303279,303283,4,0
303279,303279,303282,3,0
303279,303279,303283,4,0
303279,303279,303284,5,0
303279,303280,303284,4,1
303279,303279,303284,5,0
303279,303279,303285,6,0
303279,303279,303285,6,0
303279,303281,303285,4,2
303279,303280,303284,4,1
303279,303279,303286,7,0
303279,303280,303286,6,1
303279,303279,303287,8,0
303279,303279,303287,8,0
303279,303283,303286,3,4
303279,303284,303287,3,5
303279,303283,303286,3,4
303279,303279,303287,8,0
303279,303279,303288,9,0
303279,303285,303288,3,6
303279,303279,303288,9,0
303279,303284,303288,4,5
303279,303285,303288,3,6
303279,303279,303288,9,0
303279,303279,303289,10,0
303279,303279,303288,9,0
303279,303285,303288,3,6
303279,303286,303289,3,7
303279,303287,303289,2,8
303279,303287,303289,2,8
303279,303287,303289,2,8
303279,303287,303289,2,8
303279,303279,303290,11,0
303279,303285,303290,5,6
303279,303288,303290,2,9
303279,303279,303289,10,0
303279,303285,303289,4,6
303279,303279,303290,11,0
303279,303284,303290,6,5
303279,303286,303290,4,7
303279,303288,303290,2,9
303279,303288,303290,2,9
303279,303288,303290,2,9
303279,303288,303290,2,9
303279,303287,303290,3,8
303279,303289,303290,1,10
303279,303289,303290,1,10
303279,303288,303290,2,9
303279,303289,303291,2,10
303279,303289,303291,2,10
303279,303290,303291,1,11
303279,303291,303292,1,12
303279,303291,303292,1,12
303279,303290,303292,2,11
303279,303290,303292,2,11
303279,303290,303292,2,11
303279,303289,303292,3,10
303279,303290,303292,2,11
303279,303290,303292,2,11
303279,303289,303291,2,10
303279,303289,303292,3,10
303279,303290,303292,2,11
303279,303290,303292,2,11
303279,303291,303292,1,12
303279,303291,303292,1,12
303279,303291,303292,1,12
303279,303291,303292,1,12
303279,303291,303292,1,12
303279,303279,303293,14,0
303279,303291,303293,2,12
303279,303292,303293,1,13
303303,303303,303304,1,0
303303,303303,303304,1,0
303303,303303,303304,1,0
303303,303303,303304,1,0
303303,303303,303305,2,0
303303,303303,303307,4,0
303303,303303,303307,4,0
303303,303303,303309,6,0
303303,303303,303309,6,0
303303,303303,303309,6,0
303303,303303,303308,5,0
303303,303305,303309,4,2
303303,303303,303309,6,0
303303,303304,303309,5,1
303303,303303,303310,7,0
303303,303304,303310,6,1
303303,303307,303310,3,4
303303,303303,303311,8,0
303303,303303,303311,8,0
303303,303303,303311,8,0
303303,303307,303311,4,4
303303,303303,303311,8,0
303303,303303,303311,8,0
303303,303309,303311,2,6
303303,303309,303311,2,6
303303,303303,303312,9,0
303303,303303,303312,9,0
303303,303305,303311,6,2
303303,303304,303311,7,1
303303,303310,303312,2,7
303303,303309,303312,3,6
303303,303303,303313,10,0
303303,303310,303313,3,7
303303,303312,303313,1,9
303303,303311,303313,2,8
303303,303311,303313,2,8
303303,303312,303313,1,9
303303,303312,303313,1,9
303303,303312,303313,1,9
303303,303309,303314,5,6
303303,303311,303314,3,8
303303,303311,303314,3,8
303303,303303,303314,11,0
303303,303311,303314,3,8
303303,303313,303314,1,10
303303,303313,303314,1,10
303303,303309,303314,5,6
303303,303313,303314,1,10
303303,303314,303315,1,11
303303,303314,303315,1,11
303303,303314,303315,1,11
303303,303309,303315,6,6
303303,303312,303314,2,9
303303,303313,303315,2,10
303303,303309,303315,6,6
303303,303312,303315,3,9
303303,303312,303315,3,9
303303,303314,303315,1,11
303303,303315,303316,1,12
303303,303315,303316,1,12
303303,303315,303316,1,12
303303,303314,303315,1,11
303303,303315,303316,1,12
303303,303314,303315,1,11
303303,303314,303315,1,11
303303,303315,303316,1,12
303303,303315,303316,1,12
303303,303303,303316,13,0
303303,303315,303316,1,12
303303,303315,303316,1,12
303303,303315,303316,1,12
303303,303315,303316,1,12
303303,303315,303316,1,12
303303,303315,303316,1,12
303303,303315,303317,2,12
303303,303316,303317,1,13
303303,303316,303317,1,13
303303,303316,303317,1,13
303303,303303,303317,14,0
303327,303327,303328,1,0
303327,303327,303328,1,0
303327,303327,303328,1,0
303327,303327,303328,1,0
303327,303327,303329,2,0
303327,303327,303331,4,0
303327,303327,303331,4,0
303327,303327,303332,5,0
303327,303327,303332,5,0
303327,303327,303332,5,0
303327,303328,303333,5,1
303327,303327,303332,5,0
303327,303327,303333,6,0
303327,303327,303334,7,0
303327,303327,303333,6,0
303327,303329,303333,4,2
303327,303330,303334,4,3
303327,303328,303333,5,1
303327,303333,303334,1,6
303327,303327,303333,6,0
303327,303327,303335,8,0
303327,303327,303335,8,0
303327,303327,303334,7,0
303327,303332,303335,3,5
303327,303333,303334,1,6
303327,303327,303336,9,0
303327,303333,303336,3,6
303327,303334,303335,1,7
303327,303334,303336,2,7
303327,303332,303335,3,5
303327,303334,303336,2,7
303327,303334,303335,1,7
303327,303333,303336,3,6
303327,303334,303336,2,7
303327,303334,303336,2,7
303327,303329,303336,7,2
303327,303335,303337,2,8
303327,303334,303336,2,7
303327,303334,303336,2,7
303327,303336,303337,1,9
303327,303335,303336,1,8
303327,303336,303337,1,9
303327,303335,303337,2,8
303327,303335,303337,2,8
303327,303333,303337,4,6
303327,303327,303338,11,0
303327,303336,303338,2,9
303327,303337,303338,1,10
303327,303336,303338,2,9
303327,303336,303338,2,9
303327,303337,303338,1,10
303327,303337,303338,1,10
303327,303336,303338,2,9
303327,303336,303337,1,9
303327,303337,303338,1,10
303327,303335,303338,3,8
303327,303337,303338,1,10
303327,303337,303339,2,10
303327,303337,303338,1,10
303327,303327,303338,11,0
303327,303336,303338,2,9
303327,303337,303338,1,10
303327,303337,303338,1,10
303327,303336,303338,2,9
303327,303338,303339,1,11
303327,303338,303339,1,11
303327,303337,303339,2,10
303327,303338,303339,1,11
303327,303338,303339,1,11
303327,303338,303339,1,11
303327,303338,303339,1,11
303327,303327,303340,13,0
303327,303327,303340,13,0
303327,303338,303339,1,11
303327,303338,303339,1,11
303327,303338,303339,1,11
303327,303338,303340,2,11
303327,303338,303340,2,11
303327,303327,303344,17,0
303353,303353,303354,1,0
303353,303353,303354,1,0
303353,303353,303354,1,0
303353,303353,303354,1,0
303353,303353,303355,2,0
303353,303354,303356,2,1
303353,303354,303356,2,1
303353,303354,303357,3,1
303353,303356,303358,2,3
303353,303353,303359,6,0
303353,303353,303359,6,0
303353,303353,303359,6,0
303353,303356,303359,3,3
303353,303353,303359,6,0
303353,303355,303358,3,2
303353,303358,303359,1,5
303353,303353,303359,6,0
303353,303355,303359,4,2
303353,303353,303360,7,0
303353,303353,303359,6,0
303353,303358,303360,2,5
303353,303359,303360,1,6
303353,303353,303359,6,0
303353,303359,303360,1,6
303353,303353,303361,8,0
303353,303353,303360,7,0
303353,303353,303360,7,0
303353,303359,303361,2,6
303353,303359,303361,2,6
303353,303359,303361,2,6
303353,303359,303361,2,6
303353,303359,303361,2,6
303353,303360,303362,2,7
303353,303360,303362,2,7
303353,303360,303362,2,7
303353,303360,303362,2,7
303353,303360,303362,2,7
303353,303353,303361,8,0
303353,303360,303362,2,7
303353,303361,303362,1,8
303353,303362,303363,1,9
303353,303353,303363,10,0
303353,303353,303363,10,0
303353,303360,303363,3,7
303353,303361,303363,2,8
303353,303361,303363,2,8
303353,303361,303363,2,8
303353,303363,303364,1,10
303353,303363,303364,1,10
303353,303363,303364,1,10
303353,303363,303364,1,10
303353,303353,303364,11,0
303353,303362,303364,2,9
303353,303361,303364,3,8
303353,303353,303363,10,0
303353,303361,303364,3,8
303353,303363,303364,1,10
303353,303363,303364,1,10
303353,303363,303364,1,10
303353,303364,303365,1,11
303353,303364,303365,1,11
303353,303364,303365,1,11
303353,303364,303365,1,11
303353,303364,303365,1,11
303353,303364,303365,1,11
303353,303364,303365,1,11
303353,303364,303365,1,11
303353,303361,303364,3,8
303353,303363,303365,2,10
303353,303363,303365,2,10
303353,303363,303365,2,10
303353,303364,303365,1,11
303353,303353,303366,13,0
303353,303364,303366,2,11
303353,303353,303368,15,0
303353,303353,303369,16,0
303379,303379,303380,1,0
303379,303379,303380,1,0
303379,303379,303380,1,0
303379,303379,303380,1,0
303379,303379,303381,2,0
303379,303379,303383,4,0
303379,303379,303383,4,0
303379,303379,303384,5,0
303379,303381,303384,3,2
303379,303379,303384,5,0
303379,303381,303384,3,2
303379,303381,303384,3,2
303379,303379,303385,6,0
303379,303383,303385,2,4
303379,303379,303385,6,0
303379,303380,303385,5,1
303379,303384,303385,1,5
303379,303379,303386,7,0
303379,303381,303385,4,2
303379,303384,303385,1,5
303379,303384,303385,1,5
303379,303384,303385,1,5
303379,303379,303386,7,0
303379,303379,303385,6,0
303379,303384,303386,2,5
303379,303384,303385,1,5
303379,303385,303386,1,6
303379,303385,303387,2,6
303379,303385,303386,1,6
303379,303385,303386,1,6
303379,303386,303387,1,7
303379,303385,303386,1,6
303379,303379,303388,9,0
303379,303379,303387,8,0
303379,303379,303387,8,0
303379,303386,303388,2,7
303379,303379,303387,8,0
303379,303379,303388,9,0
303379,303386,303388,2,7
303379,303386,303387,1,7
303379,303386,303387,1,7
303379,303386,303388,2,7
303379,303386,303388,2,7
303379,303387,303388,1,8
303379,303386,303388,2,7
303379,303386,303388,2,7
303379,303379,303389,10,0
303379,303379,303388,9,0
303379,303379,303388,9,0
303379,303379,303389,10,0
303379,303387,303389,2,8
303379,303387,303389,2,8
303379,303387,303389,2,8
303379,303388,303389,1,9
303379,303387,303389,2,8
303379,303387,303389,2,8
303379,303388,303389,1,9
303379,303388,303390,2,9
303379,303388,303390,2,9
303379,303388,303390,2,9
303379,303388,303389,1,9
303379,303388,303390,2,9
303379,303388,303389,1,9
303379,303388,303389,1,9
303379,303388,303390,2,9
303379,303389,303390,1,10
303379,303388,303390,2,9
303379,303388,303390,2,9
303379,303388,303389,1,9
303379,303388,303390,2,9
303379,303389,303390,1,10
303379,303379,303391,12,0
303379,303389,303390,1,10
303379,303389,303390,1,10
303379,303389,303390,1,10
303379,303389,303390,1,10
303379,303389,303391,2,10
303379,303389,303391,2,10
303379,303389,303391,2,10
303401,303401,303402,1,0
303401,303401,303402,1,0
303401,303401,303402,1,0
303401,303401,303402,1,0
303401,303401,303403,2,0
303401,303401,303405,4,0
303401,303402,303405,3,1
303401,303402,303405,3,1
303401,303401,303406,5,0
303401,303402,303406,4,1
303401,303403,303406,3,2
303401,303401,303405,4,0
303401,303403,303407,4,2
303401,303401,303407,6,0
303401,303401,303406,5,0
303401,303405,303407,2,4
303401,303401,303407,6,0
303401,303401,303407,6,0
303401,303401,303408,7,0
303401,303401,303408,7,0
303401,303406,303408,2,5
303401,303406,303408,2,5
303401,303405,303408,3,4
303401,303405,303408,3,4
303401,303406,303408,2,5
303401,303401,303409,8,0
303401,303401,303409,8,0
303401,303401,303409,8,0
303401,303401,303409,8,0
303401,303401,303408,7,0
303401,303406,303409,3,5
303401,303407,303409,2,6
303401,303407,303409,2,6
303401,303407,303409,2,6
303401,303407,303409,2,6
303401,303408,303409,1,7
303401,303401,303410,9,0
303401,303407,303410,3,6
303401,303408,303411,3,7
303401,303409,303410,1,8
303401,303409,303410,1,8
303401,303409,303410,1,8
303401,303409,303410,1,8
303401,303409,303410,1,8
303401,303401,303411,10,0
303401,303410,303411,1,9
303401,303411,303412,1,10
303401,303410,303411,1,9
303401,303410,303411,1,9
303401,303410,303411,1,9
303401,303411,303412,1,10
303401,303410,303411,1,9
303401,303410,303411,1,9
303401,303409,303412,3,8
303401,303409,303412,3,8
303401,303401,303412,11,0
303401,303408,303412,4,7
303401,303409,303412,3,8
303401,303410,303412,2,9
303401,303409,303412,3,8
303401,303409,303412,3,8
303401,303411,303412,1,10
303401,303411,303412,1,10
303401,303411,303412,1,10
303401,303411,303412,1,10
303401,303411,303412,1,10
303401,303412,303413,1,11
303401,303412,303413,1,11
303401,303412,303413,1,11
303401,303412,303413,1,11
303401,303412,303413,1,11
303401,303412,303413,1,11
303401,303401,303413,12,0
303401,303411,303413,2,10
303401,303401,303413,12,0
303401,303412,303413,1,11
303401,303412,303413,1,11
303401,303412,303414,2,11
303401,303413,303414,1,12
303424,303424,303425,1,0
303424,303424,303425,1,0
303424,303424,303425,1,0
303424,303424,303426,2,0
303424,303424,303425,1,0
303424,303424,303428,4,0
303424,303424,303429,5,0
303424,303424,303428,4,0
303424,303424,303429,5,0
303424,303425,303429,4,1
303424,303426,303429,3,2
303424,303424,303428,4,0
303424,303424,303430,6,0
303424,303426,303429,3,2
303424,303426,303429,3,2
303424,303428,303430,2,4
303424,303424,303429,5,0
303424,303424,303430,6,0
303424,303424,303432,8,0
303424,303424,303431,7,0
303424,303424,303432,8,0
303424,303426,303431,5,2
303424,303424,303432,8,0
303424,303424,303431,7,0
303424,303429,303432,3,5
303424,303429,303432,3,5
303424,303424,303432,8,0
303424,303424,303432,8,0
303424,303424,303432,8,0
303424,303424,303433,9,0
303424,303424,303432,8,0
303424,303429,303433,4,5
303424,303430,303432,2,6
303424,303430,303432,2,6
303424,303430,303433,3,6
303424,303429,303432,3,5
303424,303429,303432,3,5
303424,303430,303433,3,6
303424,303424,303434,10,0
303424,303432,303434,2,8
303424,303430,303433,3,6
303424,303432,303434,2,8
303424,303432,303434,2,8
303424,303433,303434,1,9
303424,303432,303434,2,8
303424,303432,303435,3,8
303424,303433,303435,2,9
303424,303433,303435,2,9
303424,303433,303435,2,9
303424,303433,303435,2,9
303424,303434,303435,1,10
303424,303434,303435,1,10
303424,303434,303435,1,10
303424,303432,303434,2,8
303424,303433,303435,2,9
303424,303433,303435,2,9
303424,303434,303435,1,10
303424,303429,303436,7,5
303424,303431,303436,5,7
303424,303432,303435,3,8
303424,303433,303436,3,9
303424,303433,303436,3,9
303424,303434,303436,2,10
303424,303432,303436,4,8
303424,303433,303436,3,9
303424,303434,303436,2,10
303424,303435,303436,1,11
303424,303435,303436,1,11
303424,303435,303436,1,11
303424,303435,303436,1,11
303424,303435,303437,2,11
303424,303435,303436,1,11
303424,303435,303437,2,11
303424,303436,303437,1,12
303424,303435,303437,2,11
303424,303436,303437,1,12
303424,303433,303438,5,9
303424,303433,303437,4,9
303447,303448,303449,1,1
303447,303448,303449,1,1
303447,303448,303449,1,1
303447,303448,303451,3,1
303447,303448,303451,3,1
303447,303448,303451,3,1
303447,303448,303452,4,1
303447,303448,303452,4,1
303447,303449,303452,3,2
303447,303448,303452,4,1
303447,303449,303452,3,2
303447,303448,303453,5,1
303447,303448,303453,5,1
303447,303450,303453,3,3
303447,303448,303453,5,1
303447,303448,303455,7,1
303447,303448,303455,7,1
303447,303448,303455,7,1
303447,303448,303455,7,1
303447,303448,303455,7,1
303447,303452,303456,4,5
303447,303448,303456,8,1
303447,303448,303457,9,1
303447,303448,303456,8,1
303447,303450,303456,6,3
303447,303454,303456,2,7
303447,303452,303456,4,5
303447,303453,303456,3,6
303447,303455,303457,2,8
303447,303455,303457,2,8
303447,303453,303457,4,6
303447,303454,303456,2,7
303447,303454,303456,2,7
303447,303448,303457,9,1
303447,303453,303457,4,6
303447,303453,303457,4,6
303447,303456,303458,2,9
303447,303448,303458,10,1
303447,303455,303458,3,8
303447,303453,303459,6,6
303447,303457,303459,2,10
303447,303457,303459,2,10
303447,303457,303458,1,10
303447,303457,303458,1,10
303447,303454,303459,5,7
303447,303455,303459,4,8
303447,303457,303460,3,10
303447,303456,303459,3,9
303447,303457,303459,2,10
303447,303458,303460,2,11
303447,303458,303460,2,11
303447,303457,303459,2,10
303447,303457,303460,3,10
303447,303457,303459,2,10
303447,303458,303459,1,11
303447,303459,303460,1,12
303447,303459,303460,1,12
303447,303448,303461,13,1
303447,303457,303460,3,10
303447,303457,303460,3,10
303447,303457,303460,3,10
303447,303459,303460,1,12
303447,303459,303461,2,12
303447,303459,303460,1,12
303447,303460,303461,1,13
303447,303459,303460,1,12
303447,303459,303460,1,12
303447,303460,303461,1,13
303447,303458,303461,3,11
303447,303460,303461,1,13
303447,303460,303461,1,13
303447,303451,303461,10,4
303447,303460,303461,1,13
303447,303460,303461,1,13
303447,303460,303461,1,13
303447,303460,303461,1,13
303447,303460,303461,1,13
303447,303460,303461,1,13
303472,303472,303473,1,0
303472,303472,303473,1,0
303472,303472,303473,1,0
303472,303472,303474,2,0
303472,303472,303473,1,0
303472,303472,303476,4,0
303472,303472,303475,3,0
303472,303472,303476,4,0
303472,303472,303477,5,0
303472,303472,303477,5,0
303472,303473,303476,3,1
303472,303472,303477,5,0
303472,303472,303476,4,0
303472,303472,303478,6,0
303472,303472,303478,6,0
303472,303472,303477,5,0
303472,303472,303477,5,0
303472,303472,303477,5,0
303472,303474,303478,4,2
303472,303472,303478,6,0
303472,303472,303478,6,0
303472,303477,303479,2,5
303472,303472,303480,8,0
303472,303474,303479,5,2
303472,303476,303480,4,4
303472,303472,303481,9,0
303472,303476,303481,5,4
303472,303477,303481,4,5
303472,303477,303481,4,5
303472,303478,303481,3,6
303472,303478,303481,3,6
303472,303476,303481,5,4
303472,303478,303481,3,6
303472,303478,303481,3,6
303472,303478,303482,4,6
303472,303474,303482,8,2
303472,303478,303481,3,6
303472,303479,303482,3,7
303472,303479,303482,3,7
303472,303472,303483,11,0
303472,303477,303483,6,5
303472,303479,303483,4,7
303472,303481,303483,2,9
303472,303481,303483,2,9
303472,303480,303482,2,8
303472,303480,303483,3,8
303472,303481,303483,2,9
303472,303481,303483,2,9
303472,303481,303483,2,9
303472,303481,303483,2,9
303472,303482,303484,2,10
303472,303481,303484,3,9
303472,303481,303483,2,9
303472,303483,303484,1,11
303472,303483,303484,1,11
303472,303482,303484,2,10
303472,303483,303484,1,11
303472,303482,303484,2,10
303472,303484,303485,1,12
303472,303477,303485,8,5
303472,303483,303485,2,11
303472,303482,303485,3,10
303472,303483,303485,2,11
303472,303483,303485,2,11
303472,303483,303485,2,11
303472,303483,303485,2,11
303472,303485,303486,1,13
303472,303484,303485,1,12
303472,303484,303485,1,12
303472,303472,303485,13,0
303472,303474,303486,12,2
303472,303480,303486,6,8
303472,303484,303486,2,12
303472,303485,303486,1,13
303472,303485,303486,1,13
303472,303481,303487,6,9
303472,303472,303489,17,0
303499,303499,303500,1,0
303499,303499,303500,1,0
303499,303499,303500,1,0
303499,303499,303500,1,0
303499,303499,303500,1,0
303499,303499,303503,4,0
303499,303499,303503,4,0
303499,303499,303504,5,0
303499,303499,303504,5,0
303499,303500,303504,4,1
303499,303499,303504,5,0
303499,303499,303503,4,0
303499,303499,303503,4,0
303499,303500,303504,4,1
303499,303499,303505,6,0
303499,303499,303505,6,0
303499,303499,303505,6,0
303499,303500,303504,4,1
303499,303499,303506,7,0
303499,303499,303506,7,0
303499,303499,303506,7,0
303499,303501,303506,5,2
303499,303501,303506,5,2
303499,303503,303506,3,4
303499,303499,303506,7,0
303499,303499,303506,7,0
303499,303504,303507,3,5
303499,303504,303507,3,5
303499,303499,303507,8,0
303499,303499,303508,9,0
303499,303499,303508,9,0
303499,303504,303508,4,5
303499,303504,303508,4,5
303499,303505,303508,3,6
303499,303503,303508,5,4
303499,303504,303508,4,5
303499,303506,303508,2,7
303499,303506,303508,2,7
303499,303499,303509,10,0
303499,303504,303509,5,5
303499,303504,303508,4,5
303499,303505,303509,4,6
303499,303508,303509,1,9
303499,303505,303510,5,6
303499,303508,303510,2,9
303499,303508,303510,2,9
303499,303508,303510,2,9
303499,303508,303510,2,9
303499,303508,303510,2,9
303499,303509,303510,1,10
303499,303509,303510,1,10
303499,303507,303510,3,8
303499,303508,303511,3,9
303499,303508,303511,3,9
303499,303505,303511,6,6
303499,303506,303511,5,7
303499,303506,303511,5,7
303499,303508,303511,3,9
303499,303508,303511,3,9
303499,303510,303511,1,11
303499,303511,303512,1,12
303499,303510,303511,1,11
303499,303510,303511,1,11
303499,303510,303511,1,11
303499,303511,303512,1,12
303499,303507,303511,4,8
303499,303510,303512,2,11
303499,303506,303512,6,7
303499,303509,303511,2,10
303499,303511,303512,1,12
303499,303511,303512,1,12
303499,303511,303512,1,12
303499,303511,303512,1,12
303499,303511,303512,1,12
303499,303511,303513,2,12
303499,303506,303513,7,7
303499,303511,303513,2,12
303499,303511,303513,2,12
303499,303512,303513,1,13
303523,303523,303524,1,0
303523,303523,303524,1,0
303523,303523,303524,1,0
303523,303523,303524,1,0
303523,303523,303524,1,0
303523,303523,303526,3,0
303523,303523,303526,3,0
303523,303523,303526,3,0
303523,303524,303526,2,1
303523,303523,303528,5,0
303523,303523,303528,5,0
303523,303523,303527,4,0
303523,303523,303527,4,0
303523,303524,303527,3,1
303523,303524,303527,3,1
303523,303523,303528,5,0
303523,303523,303529,6,0
303523,303523,303529,6,0
303523,303523,303528,5,0
303523,303524,303528,4,1
303523,303523,303529,6,0
303523,303523,303529,6,0
303523,303523,303529,6,0
303523,303523,303531,8,0
303523,303523,303530,7,0
303523,303525,303530,5,2
303523,303528,303531,3,5
303523,303528,303530,2,5
303523,303528,303531,3,5
303523,303527,303531,4,4
303523,303527,303531,4,4
303523,303529,303531,2,6
303523,303529,303531,2,6
303523,303523,303532,9,0
303523,303523,303533,10,0
303523,303528,303533,5,5
303523,303528,303532,4,5
303523,303530,303532,2,7
303523,303531,303533,2,8
303523,303528,303533,5,5
303523,303531,303533,2,8
303523,303531,303533,2,8
303523,303532,303534,2,9
303523,303532,303534,2,9
303523,303532,303533,1,9
303523,303532,303533,1,9
303523,303529,303533,4,6
303523,303533,303534,1,10
303523,303530,303535,5,7
303523,303531,303534,3,8
303523,303529,303534,5,6
303523,303530,303534,4,7
303523,303533,303535,2,10
303523,303529,303534,5,6
303523,303531,303534,3,8
303523,303531,303534,3,8
303523,303533,303535,2,10
303523,303533,303534,1,10
303523,303533,303534,1,10
303523,303533,303535,2,10
303523,303533,303535,2,10
303523,303533,303535,2,10
303523,303533,303534,1,10
303523,303534,303535,1,11
303523,303534,303535,1,11
303523,303534,303535,1,11
303523,303534,303536,2,11
303523,303534,303536,2,11
303523,303534,303535,1,11
303523,303523,303536,13,0
303523,303535,303536,1,12
303523,303535,303536,1,12
303523,303535,303536,1,12
303523,303535,303537,2,12
303523,303535,303536,1,12
303523,303535,303536,1,12
303523,303535,303536,1,12
303523,303527,303539,12,4
303523,303527,303540,13,4
303550,303550,303551,1,0
303550,303550,303551,1,0
303550,303550,303552,2,0
303550,303550,303552,2,0
303550,303550,303552,2,0
303550,303550,303553,3,0
303550,303550,303555,5,0
303550,303550,303555,5,0
303550,303550,303555,5,0
303550,303551,303555,4,1
303550,303550,303555,5,0
303550,303550,303555,5,0
303550,303552,303556,4,2
303550,303552,303556,4,2
303550,303550,303556,6,0
303550,303550,303557,7,0
303550,303550,303556,6,0
303550,303550,303557,7,0
303550,303550,303557,7,0
303550,303550,303557,7,0
303550,303553,303557,4,3
303550,303556,303557,1,6
303550,303550,303558,8,0
303550,303552,303558,6,2
303550,303550,303558,8,0
303550,303552,303558,6,2
303550,303556,303558,2,6
303550,303556,303558,2,6
303550,303550,303558,8,0
303550,303556,303558,2,6
303550,303557,303558,1,7
303550,303557,303558,1,7
303550,303556,303560,4,6
303550,303557,303559,2,7
303550,303559,303560,1,9
303550,303550,303560,10,0
303550,303550,303560,10,0
303550,303550,303560,10,0
303550,303559,303561,2,9
303550,303558,303560,2,8
303550,303558,303560,2,8
303550,303558,303560,2,8
303550,303559,303560,1,9
303550,303559,303560,1,9
303550,303559,303560,1,9
303550,303559,303560,1,9
303550,303559,303561,2,9
303550,303559,303561,2,9
303550,303558,303562,4,8
303550,303559,303561,2,9
303550,303560,303561,1,10
303550,303560,303561,1,10
303550,303560,303561,1,10
303550,303561,303562,1,11
303550,303550,303562,12,0
303550,303556,303562,6,6
303550,303561,303562,1,11
303550,303559,303562,3,9
303550,303561,303562,1,11
303550,303561,303562,1,11
303550,303561,303562,1,11
303550,303561,303563,2,11
303550,303561,303562,1,11
303550,303562,303563,1,12
303550,303561,303563,2,11
303550,303561,303562,1,11
303550,303561,303563,2,11
303550,303562,303563,1,12
303550,303561,303562,1,11
303550,303562,303563,1,12
303550,303562,303563,1,12
303550,303562,303563,1,12
303550,303562,303563,1,12
303550,303562,303563,1,12
303550,303562,303563,1,12
303550,303558,303564,6,8
303550,303563,303564,1,13
303550,303558,303564,6,8
303550,303558,303565,7,8
303573,303574,303575,1,1
303573,303574,303575,1,1
303573,303574,303575,1,1
303573,303574,303575,1,1
303573,303574,303575,1,1
303573,303574,303578,4,1
303573,303574,303577,3,1
303573,303574,303578,4,1
303573,303574,303578,4,1
303573,303574,303578,4,1
303573,303575,303578,3,2
303573,303574,303580,6,1
303573,303574,303579,5,1
303573,303574,303579,5,1
303573,303574,303579,5,1
303573,303576,303579,3,3
303573,303574,303579,5,1
303573,303574,303580,6,1
303573,303574,303581,7,1
303573,303574,303580,6,1
303573,303574,303581,7,1
303573,303576,303580,4,3
303573,303576,303580,4,3
303573,303579,303581,2,6
303573,303574,303581,7,1
303573,303574,303581,7,1
303573,303578,303581,3,5
303573,303578,303581,3,5
303573,303578,303581,3,5
303573,303579,303581,2,6
303573,303579,303581,2,6
303573,303580,303582,2,7
303573,303574,303582,8,1
303573,303580,303582,2,7
303573,303581,303583,2,8
303573,303574,303583,9,1
303573,303581,303584,3,8
303573,303580,303583,3,7
303573,303582,303584,2,9
303573,303582,303583,1,9
303573,303582,303584,2,9
303573,303582,303584,2,9
303573,303582,303583,1,9
303573,303581,303583,2,8
303573,303582,303583,1,9
303573,303583,303584,1,10
303573,303583,303584,1,10
303573,303582,303585,3,9
303573,303576,303584,8,3
303573,303582,303585,3,9
303573,303583,303584,1,10
303573,303574,303584,10,1
303573,303580,303584,4,7
303573,303580,303584,4,7
303573,303584,303585,1,11
303573,303584,303585,1,11
303573,303580,303584,4,7
303573,303581,303585,4,8
303573,303584,303585,1,11
303573,303581,303585,4,8
303573,303584,303586,2,11
303573,303584,303585,1,11
303573,303584,303585,1,11
303573,303584,303585,1,11
303573,303584,303585,1,11
303573,303585,303586,1,12
303573,303584,303585,1,11
303573,303584,303586,2,11
303573,303584,303586,2,11
303573,303584,303585,1,11
303573,303581,303586,5,8
303573,303585,303586,1,12
303573,303585,303587,2,12
303573,303585,303586,1,12
303573,303585,303586,1,12
303573,303581,303586,5,8
303573,303585,303586,1,12
303573,303585,303586,1,12
303573,303585,303586,1,12
303596,303596,303597,1,0
303596,303596,303597,1,0
303596,303596,303598,2,0
303596,303596,303598,2,0
303596,303596,303597,1,0
303596,303596,303597,1,0
303596,303596,303600,4,0
303596,303596,303600,4,0
303596,303596,303600,4,0
303596,303596,303601,5,0
303596,303597,303600,3,1
303596,303596,303601,5,0
303596,303596,303601,5,0
303596,303596,303602,6,0
303596,303596,303602,6,0
303596,303598,303602,4,2
303596,303596,303603,7,0
303596,303596,303603,7,0
303596,303596,303603,7,0
303596,303598,303603,5,2
303596,303596,303602,6,0
303596,303596,303603,7,0
303596,303598,303602,4,2
303596,303596,303603,7,0
303596,303602,303604,2,6
303596,303601,303604,3,5
303596,303601,303604,3,5
303596,303601,303604,3,5
303596,303602,303604,2,6
303596,303601,303604,3,5
303596,303596,303604,8,0
303596,303596,303604,8,0
303596,303598,303604,6,2
303596,303596,303605,9,0
303596,303598,303605,7,2
303596,303602,303605,3,6
303596,303601,303604,3,5
303596,303602,303604,2,6
303596,303604,303606,2,8
303596,303604,303606,2,8
303596,303603,303606,3,7
303596,303603,303606,3,7
303596,303604,303606,2,8
303596,303605,303606,1,9
303596,303596,303607,11,0
303596,303603,303606,3,7
303596,303605,303607,2,9
303596,303605,303607,2,9
303596,303605,303606,1,9
303596,303605,303607,2,9
303596,303603,303606,3,7
303596,303604,303606,2,8
303596,303605,303606,1,9
303596,303606,303607,1,10
303596,303603,303606,3,7
303596,303604,303606,2,8
303596,303605,303607,2,9
303596,303606,303607,1,10
303596,303606,303607,1,10
303596,303606,303607,1,10
303596,303601,303607,6,5
303596,303605,303607,2,9
303596,303603,303607,4,7
303596,303603,303607,4,7
303596,303606,303607,1,10
303596,303607,303608,1,11
303596,303607,303608,1,11
303596,303607,303608,1,11
303596,303606,303608,2,10
303596,303607,303609,2,11
303596,303607,303609,2,11
303596,303604,303609,5,8
303596,303607,303609,2,11
303596,303607,303609,2,11
303596,303607,303609,2,11
303596,303607,303609,2,11
303596,303607,303609,2,11
303596,303607,303609,2,11
303596,303604,303610,6,8
303620,303620,303621,1,0
303620,303620,303621,1,0
303620,303620,303621,1,0
303620,303620,303622,2,0
303620,303620,303622,2,0
303620,303620,303623,3,0
303620,303620,303625,5,0
303620,303620,303626,6,0
303620,303620,303626,6,0
303620,303620,303626,6,0
303620,303620,303626,6,0
303620,303622,303626,4,2
303620,303620,303626,6,0
303620,303622,303626,4,2
303620,303620,303627,7,0
303620,303622,303626,4,2
303620,303620,303626,6,0
303620,303620,303628,8,0
303620,303620,303628,8,0
303620,303622,303628,6,2
303620,303624,303628,4,4
303620,303625,303628,3,5
303620,303626,303628,2,6
303620,303620,303629,9,0
303620,303620,303628,8,0
303620,303620,303629,9,0
303620,303622,303629,7,2
303620,303620,303629,9,0
303620,303626,303629,3,6
303620,303626,303629,3,6
303620,303626,303629,3,6
303620,303627,303630,3,7
303620,303626,303630,4,6
303620,303626,303630,4,6
303620,303627,303630,3,7
303620,303628,303630,2,8
303620,303629,303630,1,9
303620,303629,303630,1,9
303620,303620,303630,10,0
303620,303627,303631,4,7
303620,303628,303631,3,8
303620,303626,303631,5,6
303620,303629,303631,2,9
303620,303630,303631,1,10
303620,303631,303632,1,11
303620,303620,303632,12,0
303620,303628,303632,4,8
303620,303628,303632,4,8
303620,303629,303632,3,9
303620,303620,303632,12,0
303620,303620,303632,12,0
303620,303630,303632,2,10
303620,303632,303633,1,12
303620,303630,303632,2,10
303620,303631,303632,1,11
303620,303631,303632,1,11
303620,303631,303632,1,11
303620,303631,303632,1,11
303620,303632,303633,1,12
303620,303631,303633,2,11
303620,303629,303633,4,9
303620,303629,303633,4,9
303620,303631,303633,2,11
303620,303632,303633,1,12
303620,303632,303633,1,12
303620,303632,303633,1,12
303620,303633,303634,1,13
303620,303633,303634,1,13
303620,303632,303633,1,12
303620,303633,303634,1,13
303620,303633,303634,1,13
303620,303633,303634,1,13
303620,303633,303634,1,13
303620,303629,303635,6,9
303620,303632,303635,3,12
303620,303633,303635,2,13
303644,303644,303645,1,0
303644,303644,303645,1,0
303644,303644,303646,2,0
303644,303644,303646,2,0
303644,303644,303646,2,0
303644,303644,303647,3,0
303644,303646,303648,2,2
303644,303646,303648,2,2
303644,303645,303649,4,1
303644,303644,303650,6,0
303644,303645,303650,5,1
303644,303644,303651,7,0
303644,303644,303651,7,0
303644,303647,303651,4,3
303644,303644,303651,7,0
303644,303648,303651,3,4
303644,303644,303652,8,0
303644,303644,303652,8,0
303644,303645,303652,7,1
303644,303647,303652,5,3
303644,303650,303652,2,6
303644,303644,303652,8,0
303644,303649,303652,3,5
303644,303652,303653,1,8
303644,303645,303653,8,1
303644,303645,303654,9,1
303644,303647,303653,6,3
303644,303644,303653,9,0
303644,303644,303653,9,0
303644,303649,303653,4,5
303644,303651,303653,2,7
303644,303651,303653,2,7
303644,303652,303653,1,8
303644,303652,303653,1,8
303644,303652,303653,1,8
303644,303652,303653,1,8
303644,303644,303654,10,0
303644,303653,303654,1,9
303644,303653,303654,1,9
303644,303653,303654,1,9
303644,303653,303655,2,9
303644,303654,303655,1,10
303644,303654,303655,1,10
303644,303654,303655,1,10
303644,303644,303655,11,0
303644,303654,303655,1,10
303644,303644,303656,12,0
303644,303654,303655,1,10
303644,303654,303655,1,10
303644,303653,303655,2,9
303644,303654,303655,1,10
303644,303654,303655,1,10
303644,303654,303655,1,10
303644,303654,303655,1,10
303644,303655,303656,1,11
303644,303653,303655,2,9
303644,303653,303655,2,9
303644,303653,303655,2,9
303644,303655,303656,1,11
303644,303654,303655,1,10
303644,303654,303655,1,10
303644,303655,303656,1,11
303644,303655,303656,1,11
303644,303655,303656,1,11
303644,303644,303656,12,0
303644,303655,303657,2,11
303644,303655,303656,1,11
303644,303655,303656,1,11
303644,303656,303657,1,12
303644,303656,303657,1,12
303644,303656,303657,1,12
303644,303656,303657,1,12
303644,303656,303657,1,12
303644,303656,303657,1,12
303644,303656,303657,1,12
303644,303656,303657,1,12
303644,303656,303657,1,12
303644,303656,303657,1,12
303644,303656,303657,1,12
303666,303666,303667,1,0
303666,303666,303668,2,0
303666,303666,303668,2,0
303666,303666,303668,2,0
303666,303666,303668,2,0
303666,303667,303672,5,1
303666,303666,303672,6,0
303666,303668,303672,4,2
303666,303668,303672,4,2
303666,303666,303673,7,0
303666,303666,303673,7,0
303666,303666,303673,7,0
303666,303668,303673,5,2
303666,303666,303673,7,0
303666,303666,303673,7,0
303666,303666,303673,7,0
303666,303666,303674,8,0
303666,303672,303674,2,6
303666,303666,303674,8,0
303666,303666,303674,8,0
303666,303666,303674,8,0
303666,303668,303675,7,2
303666,303666,303675,9,0
303666,303674,303676,2,8
303666,303673,303675,2,7
303666,303674,303675,1,8
303666,303674,303676,2,8
303666,303673,303675,2,7
303666,303674,303675,1,8
303666,303666,303676,10,0
303666,303666,303676,10,0
303666,303674,303676,2,8
303666,303675,303676,1,9
303666,303675,303676,1,9
303666,303675,303676,1,9
303666,303673,303676,3,7
303666,303675,303676,1,9
303666,303675,303677,2,9
303666,303666,303677,11,0
303666,303666,303677,11,0
303666,303674,303677,3,8
303666,303677,303678,1,11
303666,303677,303678,1,11
303666,303677,303678,1,11
303666,303676,303678,2,10
303666,303676,303677,1,10
303666,303676,303677,1,10
303666,303677,303678,1,11
303666,303676,303678,2,10
303666,303676,303678,2,10
303666,303677,303678,1,11
303666,303677,303678,1,11
303666,303676,303678,2,10
303666,303677,303678,1,11
303666,303678,303679,1,12
303666,303678,303679,1,12
303666,303678,303679,1,12
303666,303678,303679,1,12
303666,303678,303679,1,12
303666,303676,303679,3,10
303666,303677,303679,2,11
303666,303678,303679,1,12
303666,303677,303679,2,11
303666,303678,303679,1,12
303666,303676,303679,3,10
303666,303678,303679,1,12
303666,303678,303679,1,12
303666,303679,303680,1,13
303666,303678,303679,1,12
303666,303678,303679,1,12
303666,303678,303679,1,12
303666,303678,303680,2,12
303666,303678,303679,1,12
303666,303674,303680,6,8
303666,303679,303680,1,13
303666,303679,303680,1,13
303666,303666,303681,15,0
303666,303666,303683,17,0
303666,303666,303683,17,0
303691,303692,303693,1,1
303691,303692,303693,1,1
303691,303692,303693,1,1
303691,303692,303693,1,1
303691,303692,303695,3,1
303691,303692,303697,5,1
303691,303692,303698,6,1
303691,303693,303698,5,2
303691,303692,303698,6,1
303691,303692,303699,7,1
303691,303692,303698,6,1
303691,303692,303698,6,1
303691,303694,303698,4,3
303691,303692,303698,6,1
303691,303692,303698,6,1
303691,303694,303699,5,3
303691,303692,303700,8,1
303691,303692,303700,8,1
303691,303699,303701,2,8
303691,303694,303701,7,3
303691,303699,303700,1,8
303691,303692,303701,9,1
303691,303692,303701,9,1
303691,303692,303701,9,1
303691,303699,303701,2,8
303691,303692,303701,9,1
303691,303698,303701,3,7
303691,303698,303701,3,7
303691,303692,303702,10,1
303691,303696,303702,6,5
303691,303701,303702,1,10
303691,303699,303703,4,8
303691,303699,303702,3,8
303691,303699,303702,3,8
303691,303698,303703,5,7
303691,303701,303702,1,10
303691,303692,303703,11,1
303691,303699,303703,4,8
303691,303703,303704,1,12
303691,303703,303704,1,12
303691,303701,303703,2,10
303691,303701,303703,2,10
303691,303703,303704,1,12
303691,303701,303703,2,10
303691,303702,303704,2,11
303691,303702,303703,1,11
303691,303703,303704,1,12
303691,303698,303704,6,7
303691,303703,303704,1,12
303691,303702,303705,3,11
303691,303703,303704,1,12
303691,303702,303704,2,11
303691,303703,303705,2,12
303691,303703,303705,2,12
303691,303692,303706,14,1
303691,303702,303705,3,11
303691,303702,303706,4,11
303691,303704,303705,1,13
303691,303704,303705,1,13
303691,303704,303705,1,13
303691,303704,303705,1,13
303691,303705,303706,1,14
303691,303704,303706,2,13
303691,303704,303705,1,13
303691,303704,303706,2,13
303691,303704,303705,1,13
303691,303704,303705,1,13
303691,303704,303705,1,13
303691,303704,303705,1,13
303691,303705,303706,1,14
303691,303702,303707,5,11
303691,303705,303706,1,14
303691,303705,303706,1,14
303691,303705,303707,2,14
303691,303706,303707,1,15
303691,303706,303707,1,15
303691,303706,303707,1,15
303691,303692,303709,17,1
303691,303692,303710,18,1
303718,303718,303719,1,0
303718,303718,303720,2,0
303718,303718,303719,1,0
303718,303718,303719,1,0
303718,303718,303721,3,0
303718,303720,303724,4,2
303718,303718,303724,6,0
303718,303719,303724,5,1
303718,303718,303725,7,0
303718,303718,303725,7,0
303718,303718,303724,6,0
303718,303718,303725,7,0
303718,303720,303725,5,2
303718,303718,303725,7,0
303718,303718,303725,7,0
303718,303718,303725,7,0
303718,303718,303725,7,0
303718,303718,303727,9,0
303718,303724,303727,3,6
303718,303726,303727,1,8
303718,303718,303728,10,0
303718,303724,303728,4,6
303718,303725,303728,3,7
303718,303725,303728,3,7
303718,303725,303728,3,7
303718,303724,303728,4,6
303718,303725,303728,3,7
303718,303726,303728,2,8
303718,303726,303728,2,8
303718,303718,303729,11,0
303718,303721,303729,8,3
303718,303718,303729,11,0
303718,303726,303729,3,8
303718,303718,303729,11,0
303718,303725,303729,4,7
303718,303718,303730,12,0
303718,303718,303730,12,0
303718,303720,303730,10,2
303718,303727,303730,3,9
303718,303729,303731,2,11
303718,303729,303730,1,11
303718,303729,303730,1,11
303718,303729,303730,1,11
303718,303729,303730,1,11
303718,303728,303730,2,10
303718,303728,303730,2,10
303718,303729,303730,1,11
303718,303718,303731,13,0
303718,303730,303731,1,12
303718,303730,303731,1,12
303718,303718,303731,13,0
303718,303729,303731,2,11
303718,303729,303732,3,11
303718,303729,303731,2,11
303718,303730,303731,1,12
303718,303730,303731,1,12
303718,303731,303732,1,13
303718,303731,303732,1,13
303718,303729,303732,3,11
303718,303731,303732,1,13
303718,303718,303732,14,0
303718,303731,303732,1,13
303718,303731,303732,1,13
303718,303731,303732,1,13
303718,303728,303732,4,10
303718,303731,303732,1,13
303718,303731,303732,1,13
303718,303731,303732,1,13
303718,303732,303733,1,14
303718,303731,303732,1,13
303718,303731,303732,1,13
303718,303731,303732,1,13
303718,303732,303733,1,14
303718,303732,303733,1,14
303718,303732,303733,1,14
303718,303732,303733,1,14
303718,303732,303733,1,14
303718,303732,303733,1,14
303718,303732,303733,1,14
303742,303742,303743,1,0
303742,303742,303743,1,0
303742,303742,303744,2,0
303742,303742,303744,2,0
303742,303742,303746,4,0
303742,303742,303748,6,0
303742,303742,303748,6,0
303742,303742,303748,6,0
303742,303742,303748,6,0
303742,303742,303749,7,0
303742,303744,303748,4,2
303742,303742,303749,7,0
303742,303745,303749,4,3
303742,303743,303749,6,1
303742,303742,303749,7,0
303742,303744,303749,5,2
303742,303742,303750,8,0
303742,303742,303750,8,0
303742,303742,303751,9,0
303742,303742,303751,9,0
303742,303742,303752,10,0
303742,303749,303752,3,7
303742,303750,303753,3,8
303742,303751,303752,1,9
303742,303750,303752,2,8
303742,303750,303752,2,8
303742,303742,303754,12,0
303742,303742,303753,11,0
303742,303742,303753,11,0
303742,303750,303753,3,8
303742,303742,303754,12,0
303742,303751,303753,2,9
303742,303749,303753,4,7
303742,303749,303754,5,7
303742,303749,303753,4,7
303742,303749,303753,4,7
303742,303753,303754,1,11
303742,303742,303754,12,0
303742,303747,303754,7,5
303742,303753,303755,2,11
303742,303753,303755,2,11
303742,303749,303755,6,7
303742,303754,303755,1,12
303742,303752,303755,3,10
303742,303754,303756,2,12
303742,303742,303755,13,0
303742,303745,303756,11,3
303742,303750,303755,5,8
303742,303753,303756,3,11
303742,303754,303755,1,12
303742,303754,303755,1,12
303742,303754,303755,1,12
303742,303752,303755,3,10
303742,303753,303755,2,11
303742,303754,303755,1,12
303742,303753,303757,4,11
303742,303754,303756,2,12
303742,303754,303756,2,12
303742,303754,303756,2,12
303742,303754,303756,2,12
303742,303754,303757,3,12
303742,303755,303757,2,13
303742,303755,303757,2,13
303742,303755,303757,2,13
303742,303755,303756,1,13
303742,303756,303757,1,14
303742,303755,303756,1,13
303742,303756,303757,1,14
303742,303756,303757,1,14
303742,303755,303756,1,13
303742,303756,303757,1,14
303742,303756,303757,1,14
303742,303756,303757,1,14
303742,303756,303757,1,14
303742,303756,303757,1,14
303742,303756,303757,1,14
303742,303756,303757,1,14
303742,303756,303757,1,14
303742,303756,303757,1,14
303767,303767,303768,1,0
303767,303767,303768,1,0
303767,303767,303768,1,0
303767,303767,303768,1,0
303767,303767,303771,4,0
303767,303767,303771,4,0
303767,303767,303771,4,0
303767,303767,303771,4,0
303767,303767,303773,6,0
303767,303767,303773,6,0
303767,303767,303774,7,0
303767,303767,303774,7,0
303767,303767,303774,7,0
303767,303768,303774,6,1
303767,303767,303775,8,0
303767,303767,303775,8,0
303767,303767,303774,7,0
303767,303769,303775,6,2
303767,303769,303775,6,2
303767,303767,303776,9,0
303767,303767,303776,9,0
303767,303767,303775,8,0
303767,303767,303776,9,0
303767,303769,303776,7,2
303767,303772,303776,4,5
303767,303767,303777,10,0
303767,303771,303777,6,4
303767,303773,303777,4,6
303767,303775,303777,2,8
303767,303767,303777,10,0
303767,303771,303778,7,4
303767,303771,303777,6,4
303767,303774,303778,4,7
303767,303775,303778,3,8
303767,303774,303778,4,7
303767,303773,303778,5,6
303767,303774,303778,4,7
303767,303775,303779,4,8
303767,303777,303779,2,10
303767,303774,303779,5,7
303767,303778,303779,1,11
303767,303778,303779,1,11
303767,303779,303780,1,12
303767,303778,303779,1,11
303767,303778,303779,1,11
303767,303779,303780,1,12
303767,303776,303780,4,9
303767,303776,303780,4,9
303767,303775,303780,5,8
303767,303778,303780,2,11
303767,303779,303780,1,12
303767,303779,303780,1,12
303767,303779,303780,1,12
303767,303780,303781,1,13
303767,303779,303780,1,12
303767,303780,303781,1,13
303767,303780,303781,1,13
303767,303779,303780,1,12
303767,303780,303781,1,13
303767,303780,303781,1,13
303767,303767,303781,14,0
303767,303776,303781,5,9
303767,303776,303781,5,9
303767,303767,303781,14,0
303767,303780,303781,1,13
303767,303780,303781,1,13
303767,303780,303781,1,13
303767,303780,303781,1,13
303767,303775,303782,7,8
303767,303781,303782,1,14
303767,303781,303782,1,14
303767,303781,303782,1,14
303767,303781,303782,1,14
303767,303781,303782,1,14
303767,303781,303782,1,14
303767,303781,303782,1,14
303767,303776,303782,6,9
303792,303792,303793,1,0
303792,303792,303793,1,0
303792,303792,303793,1,0
303792,303792,303793,1,0
303792,303792,303795,3,0
303792,303793,303797,4,1
303792,303792,303797,5,0
303792,303792,303798,6,0
303792,303792,303797,5,0
303792,303793,303798,5,1
303792,303792,303798,6,0
303792,303792,303799,7,0
303792,303792,303799,7,0
303792,303794,303799,5,2
303792,303792,303799,7,0
303792,303792,303799,7,0
303792,303792,303799,7,0
303792,303792,303798,6,0
303792,303792,303799,7,0
303792,303792,303799,7,0
303792,303792,303799,7,0
303792,303794,303801,7,2
303792,303792,303801,9,0
303792,303797,303801,4,5
303792,303792,303802,10,0
303792,303792,303802,10,0
303792,303792,303802,10,0
303792,303797,303802,5,5
303792,303798,303802,4,6
303792,303798,303802,4,6
303792,303799,303802,3,7
303792,303799,303803,4,7
303792,303799,303803,4,7
303792,303799,303803,4,7
303792,303798,303803,5,6
303792,303799,303803,4,7
303792,303800,303803,3,8
303792,303802,303803,1,10
303792,303792,303804,12,0
303792,303800,303804,4,8
303792,303799,303804,5,7
303792,303803,303804,1,11
303792,303803,303804,1,11
303792,303803,303804,1,11
303792,303803,303804,1,11
303792,303799,303805,6,7
303792,303799,303805,6,7
303792,303801,303805,4,9
303792,303801,303805,4,9
303792,303802,303805,3,10
303792,303795,303805,10,3
303792,303802,303805,3,10
303792,303804,303805,1,12
303792,303804,303806,2,12
303792,303805,303806,1,13
303792,303804,303805,1,12
303792,303805,303806,1,13
303792,303805,303806,1,13
303792,303804,303805,1,12
303792,303805,303806,1,13
303792,303805,303806,1,13
303792,303805,303806,1,13
303792,303792,303807,15,0
303792,303804,303806,2,12
303792,303802,303806,4,10
303792,303805,303806,1,13
303792,303805,303806,1,13
303792,303804,303806,2,12
303792,303806,303807,1,14
303792,303799,303807,8,7
303792,303806,303807,1,14
303792,303806,303807,1,14
303792,303806,303807,1,14
303792,303806,303807,1,14
303792,303806,303807,1,14
303792,303806,303807,1,14
303792,303806,303807,1,14
303816,303816,303817,1,0
303816,303816,303817,1,0
303816,303816,303817,1,0
303816,303816,303818,2,0
303816,303816,303820,4,0
303816,303817,303821,4,1
303816,303817,303820,3,1
303816,303816,303822,6,0
303816,303816,303822,6,0
303816,303816,303822,6,0
303816,303817,303822,5,1
303816,303816,303821,5,0
303816,303816,303821,5,0
303816,303816,303822,6,0
303816,303816,303823,7,0
303816,303816,303822,6,0
303816,303816,303823,7,0
303816,303816,303822,6,0
303816,303816,303824,8,0
303816,303818,303825,7,2
303816,303816,303825,9,0
303816,303816,303826,10,0
303816,303816,303826,10,0
303816,303822,303826,4,6
303816,303822,303826,4,6
303816,303822,303826,4,6
303816,303823,303826,3,7
303816,303821,303826,5,5
303816,303823,303826,3,7
303816,303822,303826,4,6
303816,303816,303826,10,0
303816,303821,303827,6,5
303816,303823,303826,3,7
303816,303823,303827,4,7
303816,303822,303827,5,6
303816,303822,303827,5,6
303816,303827,303828,1,11
303816,303827,303828,1,11
303816,303816,303828,12,0
303816,303824,303828,4,8
303816,303826,303828,2,10
303816,303816,303828,12,0
303816,303827,303828,1,11
303816,303827,303828,1,11
303816,303827,303828,1,11
303816,303827,303828,1,11
303816,303827,303828,1,11
303816,303826,303829,3,10
303816,303825,303829,4,9
303816,303826,303829,3,10
303816,303827,303829,2,11
303816,303828,303829,1,12
303816,303828,303829,1,12
303816,303828,303829,1,12
303816,303829,303830,1,13
303816,303828,303829,1,12
303816,303828,303829,1,12
303816,303828,303829,1,12
303816,303828,303829,1,12
303816,303829,303830,1,13
303816,303816,303830,14,0
303816,303828,303830,2,12
303816,303828,303830,2,12
303816,303829,303830,1,13
303816,303829,303830,1,13
303816,303829,303830,1,13
303816,303829,303830,1,13
303816,303829,303830,1,13
303816,303830,303831,1,14
303816,303830,303831,1,14
303816,303821,303831,10,5
303816,303829,303831,2,13
303816,303822,303831,9,6
303816,303830,303831,1,14
303816,303830,303831,1,14
303816,303830,303831,1,14
303816,303830,303831,1,14
303816,303830,303831,1,14
303816,303816,303832,16,0
303841,303841,303842,1,0
303841,303841,303842,1,0
303841,303841,303843,2,0
303841,303841,303843,2,0
303841,303843,303846,3,2
303841,303841,303846,5,0
303841,303843,303846,3,2
303841,303843,303846,3,2
303841,303842,303846,4,1
303841,303842,303847,5,1
303841,303842,303847,5,1
303841,303842,303847,5,1
303841,303842,303848,6,1
303841,303841,303848,7,0
303841,303842,303848,6,1
303841,303842,303848,6,1
303841,303842,303848,6,1
303841,303842,303848,6,1
303841,303842,303849,7,1
303841,303842,303850,8,1
303841,303842,303850,8,1
303841,303847,303850,3,6
303841,303842,303850,8,1
303841,303846,303851,5,5
303841,303847,303852,5,6
303841,303848,303851,3,7
303841,303849,303851,2,8
303841,303848,303852,4,7
303841,303849,303852,3,8
303841,303847,303853,6,6
303841,303849,303852,3,8
303841,303850,303853,3,9
303841,303849,303853,4,8
303841,303851,303853,2,10
303841,303852,303854,2,11
303841,303853,303854,1,12
303841,303849,303853,4,8
303841,303852,303853,1,11
303841,303852,303853,1,11
303841,303852,303853,1,11
303841,303851,303853,2,10
303841,303852,303853,1,11
303841,303842,303854,12,1
303841,303842,303854,12,1
303841,303844,303855,11,3
303841,303851,303854,3,10
303841,303853,303855,2,12
303841,303853,303854,1,12
303841,303841,303855,14,0
303841,303842,303855,13,1
303841,303842,303855,13,1
303841,303847,303856,9,6
303841,303851,303856,5,10
303841,303854,303856,2,13
303841,303854,303855,1,13
303841,303854,303855,1,13
303841,303854,303856,2,13
303841,303854,303856,2,13
303841,303854,303855,1,13
303841,303854,303855,1,13
303841,303854,303855,1,13
303841,303854,303855,1,13
303841,303855,303856,1,14
303841,303855,303856,1,14
303841,303848,303856,8,7
303841,303855,303856,1,14
303841,303849,303856,7,8
303841,303855,303856,1,14
303841,303855,303856,1,14
303841,303855,303856,1,14
303841,303854,303856,2,13
303841,303854,303856,2,13
303841,303856,303857,1,15
303841,303856,303857,1,15
303841,303856,303857,1,15
303841,303856,303857,1,15
303841,303856,303857,1,15
303841,303856,303857,1,15
303841,303856,303857,1,15
303867,303867,303868,1,0
303867,303867,303869,2,0
303867,303867,303869,2,0
303867,303867,303869,2,0
303867,303869,303871,2,2
303867,303867,303871,4,0
303867,303870,303872,2,3
303867,303868,303872,4,1
303867,303868,303873,5,1
303867,303868,303873,5,1
303867,303867,303873,6,0
303867,303868,303873,5,1
303867,303868,303873,5,1
303867,303870,303873,3,3
303867,303868,303874,6,1
303867,303867,303875,8,0
303867,303868,303875,7,1
303867,303870,303875,5,3
303867,303867,303875,8,0
303867,303873,303875,2,6
303867,303868,303875,7,1
303867,303872,303875,3,5
303867,303867,303875,8,0
303867,303874,303876,2,7
303867,303874,303876,2,7
303867,303867,303876,9,0
303867,303874,303877,3,7
303867,303867,303877,10,0
303867,303874,303877,3,7
303867,303876,303877,1,9
303867,303867,303877,10,0
303867,303872,303877,5,5
303867,303873,303877,4,6
303867,303874,303878,4,7
303867,303876,303877,1,9
303867,303875,303877,2,8
303867,303868,303878,10,1
303867,303875,303879,4,8
303867,303876,303878,2,9
303867,303877,303878,1,10
303867,303874,303879,5,7
303867,303876,303878,2,9
303867,303878,303879,1,11
303867,303878,303879,1,11
303867,303876,303878,2,9
303867,303877,303878,1,10
303867,303877,303878,1,10
303867,303877,303878,1,10
303867,303878,303879,1,11
303867,303876,303879,3,9
303867,303867,303879,12,0
303867,303867,303879,12,0
303867,303878,303879,1,11
303867,303878,303879,1,11
303867,303878,303879,1,11
303867,303879,303880,1,12
303867,303878,303879,1,11
303867,303878,303879,1,11
303867,303878,303879,1,11
303867,303867,303880,13,0
303867,303879,303880,1,12
303867,303879,303880,1,12
303867,303879,303880,1,12
303867,303879,303880,1,12
303867,303876,303880,4,9
303867,303879,303881,2,12
303867,303879,303880,1,12
303867,303879,303880,1,12
303867,303879,303880,1,12
303867,303879,303880,1,12
303867,303879,303880,1,12
303867,303879,303880,1,12
303867,303879,303880,1,12
303867,303880,303881,1,13
303867,303880,303881,1,13
303867,303880,303881,1,13
303867,303880,303881,1,13
303867,303880,303881,1,13
303867,303880,303881,1,13
303891,303891,303892,1,0
303891,303892,303893,1,1
303891,303891,303893,2,0
303891,303891,303893,2,0
303891,303891,303894,3,0
303891,303892,303894,2,1
303891,303892,303895,3,1
303891,303892,303895,3,1
303891,303892,303894,2,1
303891,303892,303895,3,1
303891,303892,303895,3,1
303891,303892,303896,4,1
303891,303895,303897,2,4
303891,303892,303897,5,1
303891,303892,303897,5,1
303891,303896,303897,1,5
303891,303892,303897,5,1
303891,303895,303898,3,4
303891,303895,303897,2,4
303891,303892,303897,5,1
303891,303893,303898,5,2
303891,303895,303897,2,4
303891,303891,303898,7,0
303891,303892,303898,6,1
303891,303892,303898,6,1
303891,303894,303898,4,3
303891,303896,303898,2,5
303891,303894,303899,5,3
303891,303895,303900,5,4
303891,303892,303900,8,1
303891,303898,303900,2,7
303891,303898,303899,1,7
303891,303898,303899,1,7
303891,303898,303900,2,7
303891,303892,303900,8,1
303891,303892,303900,8,1
303891,303898,303901,3,7
303891,303898,303900,2,7
303891,303898,303900,2,7
303891,303899,303901,2,8
303891,303898,303900,2,7
303891,303899,303900,1,8
303891,303899,303900,1,8
303891,303897,303900,3,6
303891,303892,303901,9,1
303891,303894,303901,7,3
303891,303897,303901,4,6
303891,303899,303901,2,8
303891,303899,303901,2,8
303891,303900,303902,2,9
303891,303900,303901,1,9
303891,303900,303901,1,9
303891,303901,303902,1,10
303891,303900,303902,2,9
303891,303901,303902,1,10
303891,303901,303902,1,10
303891,303898,303902,4,7
303891,303901,303903,2,10
303891,303899,303902,3,8
303891,303900,303903,3,9
303891,303901,303903,2,10
303891,303901,303902,1,10
303891,303901,303902,1,10
303891,303901,303902,1,10
303891,303901,303902,1,10
303891,303901,303902,1,10
303891,303902,303903,1,11
303891,303902,303903,1,11
303891,303902,303903,1,11
303891,303902,303903,1,11
303891,303902,303903,1,11
303891,303902,303903,1,11
303891,303902,303903,1,11
303891,303902,303903,1,11
303891,303900,303903,3,9
303891,303902,303903,1,11
303891,303902,303903,1,11
303891,303902,303903,1,11
303891,303892,303905,13,1
303914,303914,303915,1,0
303914,303914,303915,1,0
303914,303914,303915,1,0
303914,303914,303915,1,0
303914,303914,303917,3,0
303914,303914,303916,2,0
303914,303914,303917,3,0
303914,303914,303917,3,0
303914,303914,303918,4,0
303914,303914,303918,4,0
303914,303914,303918,4,0
303914,303914,303918,4,0
303914,303914,303918,4,0
303914,303914,303918,4,0
303914,303915,303919,4,1
303914,303914,303918,4,0
303914,303915,303919,4,1
303914,303914,303919,5,0
303914,303914,303919,5,0
303914,303918,303920,2,4
303914,303918,303919,1,4
303914,303917,303919,2,3
303914,303918,303920,2,4
303914,303916,303920,4,2
303914,303914,303921,7,0
303914,303914,303920,6,0
303914,303915,303920,5,1
303914,303919,303921,2,5
303914,303919,303921,2,5
303914,303914,303921,7,0
303914,303914,303921,7,0
303914,303914,303922,8,0
303914,303914,303922,8,0
303914,303919,303921,2,5
303914,303919,303921,2,5
303914,303919,303921,2,5
303914,303919,303921,2,5
303914,303919,303921,2,5
303914,303914,303922,8,0
303914,303920,303922,2,6
303914,303917,303922,5,3
303914,303920,303923,3,6
303914,303920,303922,2,6
303914,303921,303923,2,7
303914,303922,303923,1,8
303914,303920,303922,2,6
303914,303922,303923,1,8
303914,303920,303923,3,6
303914,303920,303923,3,6
303914,303921,303923,2,7
303914,303922,303923,1,8
303914,303921,303924,3,7
303914,303919,303923,4,5
303914,303921,303923,2,7
303914,303921,303923,2,7
303914,303923,303924,1,9
303914,303923,303924,1,9
303914,303922,303923,1,8
303914,303922,303923,1,8
303914,303923,303924,1,9
303914,303923,303924,1,9
303914,303923,303924,1,9
303914,303922,303925,3,8
303914,303922,303924,2,8
303914,303923,303924,1,9
303914,303921,303925,4,7
303914,303923,303924,1,9
303914,303923,303924,1,9
303914,303923,303924,1,9
303914,303923,303924,1,9
303914,303924,303925,1,10
303914,303923,303924,1,9
303914,303923,303924,1,9
303914,303923,303925,2,9
303914,303924,303925,1,10
303914,303922,303925,3,8
303914,303924,303926,2,10
303914,303922,303925,3,8
303914,303924,303925,1,10
303935,303935,303936,1,0
303935,303935,303936,1,0
303935,303935,303937,2,0
303935,303935,303936,1,0
303935,303935,303939,4,0
303935,303935,303939,4,0
303935,303935,303939,4,0
303935,303935,303940,5,0
303935,303935,303940,5,0
303935,303935,303940,5,0
303935,303936,303940,4,1
303935,303935,303941,6,0
303935,303935,303941,6,0
303935,303935,303941,6,0
303935,303937,303941,4,2
303935,303937,303941,4,2
303935,303935,303941,6,0
303935,303935,303942,7,0
303935,303935,303942,7,0
303935,303940,303942,2,5
303935,303935,303942,7,0
303935,303939,303942,3,4
303935,303939,303942,3,4
303935,303940,303943,3,5
303935,303941,303943,2,6
303935,303935,303943,8,0
303935,303940,303943,3,5
303935,303942,303943,1,7
303935,303935,303943,8,0
303935,303942,303943,1,7
303935,303940,303944,4,5
303935,303940,303944,4,5
303935,303935,303944,9,0
303935,303943,303944,1,8
303935,303943,303944,1,8
303935,303943,303944,1,8
303935,303943,303944,1,8
303935,303943,303944,1,8
303935,303941,303945,4,6
303935,303941,303945,4,6
303935,303943,303945,2,8
303935,303944,303946,2,9
303935,303944,303945,1,9
303935,303945,303946,1,10
303935,303944,303945,1,9
303935,303944,303945,1,9
303935,303944,303945,1,9
303935,303944,303945,1,9
303935,303937,303946,9,2
303935,303935,303946,11,0
303935,303941,303946,5,6
303935,303945,303946,1,10
303935,303944,303946,2,9
303935,303945,303946,1,10
303935,303945,303946,1,10
303935,303945,303946,1,10
303935,303946,303947,1,11
303935,303945,303946,1,10
303935,303945,303947,2,10
303935,303945,303947,2,10
303935,303946,303947,1,11
303935,303946,303947,1,11
303935,303946,303948,2,11
303935,303946,303947,1,11
303935,303946,303947,1,11
303935,303946,303948,2,11
303935,303946,303947,1,11
303935,303946,303947,1,11
303935,303946,303948,2,11
303935,303935,303948,13,0
303935,303947,303948,1,12
303935,303935,303949,14,0
303935,303947,303948,1,12
303935,303947,303948,1,12
303935,303947,303948,1,12
303935,303947,303948,1,12
303935,303947,303948,1,12
303935,303947,303948,1,12
303935,303935,303949,14,0
303959,303959,303960,1,0
303959,303959,303960,1,0
303959,303959,303960,1,0
303959,303959,303960,1,0
303959,303959,303961,2,0
303959,303959,303963,4,0
303959,303959,303963,4,0
303959,303959,303963,4,0
303959,303959,303963,4,0
303959,303959,303964,5,0
303959,303959,303965,6,0
303959,303959,303964,5,0
303959,303961,303964,3,2
303959,303960,303965,5,1
303959,303959,303964,5,0
303959,303961,303965,4,2
303959,303961,303965,4,2
303959,303963,303966,3,4
303959,303959,303966,7,0
303959,303959,303966,7,0
303959,303959,303967,8,0
303959,303959,303966,7,0
303959,303964,303967,3,5
303959,303964,303967,3,5
303959,303959,303967,8,0
303959,303965,303967,2,6
303959,303964,303966,2,5
303959,303965,303967,2,6
303959,303965,303967,2,6
303959,303961,303967,6,2
303959,303965,303968,3,6
303959,303964,303967,3,5
303959,303966,303968,2,7
303959,303966,303968,2,7
303959,303965,303967,2,6
303959,303966,303968,2,7
303959,303959,303968,9,0
303959,303959,303968,9,0
303959,303959,303969,10,0
303959,303967,303969,2,8
303959,303967,303969,2,8
303959,303967,303969,2,8
303959,303967,303969,2,8
303959,303967,303969,2,8
303959,303968,303969,1,9
303959,303965,303969,4,6
303959,303959,303970,11,0
303959,303965,303970,5,6
303959,303967,303969,2,8
303959,303968,303970,2,9
303959,303967,303970,3,8
303959,303967,303969,2,8
303959,303968,303970,2,9
303959,303968,303970,2,9
303959,303959,303970,11,0
303959,303967,303970,3,8
303959,303968,303970,2,9
303959,303968,303969,1,9
303959,303959,303971,12,0
303959,303968,303970,2,9
303959,303969,303971,2,10
303959,303969,303971,2,10
303959,303969,303971,2,10
303959,303969,303971,2,10
303959,303969,303971,2,10
303959,303969,303971,2,10
303959,303969,303971,2,10
303959,303969,303971,2,10
303959,303971,303972,1,12
303959,303971,303972,1,12
303959,303969,303972,3,10
303959,303969,303972,3,10
303959,303970,303972,2,11
303959,303971,303972,1,12
303959,303970,303972,2,11
303959,303970,303972,2,11
303959,303970,303973,3,11
303983,303983,303984,1,0
303983,303983,303984,1,0
303983,303983,303985,2,0
303983,303983,303984,1,0
303983,303983,303984,1,0
303983,303983,303987,4,0
303983,303984,303987,3,1
303983,303983,303987,4,0
303983,303983,303987,4,0
303983,303983,303988,5,0
303983,303983,303989,6,0
303983,303983,303990,7,0
303983,303985,303989,4,2
303983,303985,303989,4,2
303983,303983,303989,6,0
303983,303983,303990,7,0
303983,303988,303990,2,5
303983,303983,303990,7,0
303983,303983,303990,7,0
303983,303985,303990,5,2
303983,303983,303991,8,0
303983,303983,303991,8,0
303983,303989,303991,2,6
303983,303990,303991,1,7
303983,303983,303992,9,0
303983,303985,303992,7,2
303983,303988,303992,4,5
303983,303989,303992,3,6
303983,303988,303992,4,5
303983,303990,303992,2,7
303983,303990,303992,2,7
303983,303990,303992,2,7
303983,303988,303991,3,5
303983,303990,303992,2,7
303983,303990,303992,2,7
303983,303990,303992,2,7
303983,303983,303991,8,0
303983,303990,303992,2,7
303983,303991,303993,2,8
303983,303990,303993,3,7
303983,303991,303993,2,8
303983,303991,303993,2,8
303983,303991,303993,2,8
303983,303992,303993,1,9
303983,303992,303993,1,9
303983,303983,303993,10,0
303983,303992,303994,2,9
303983,303992,303994,2,9
303983,303983,303994,11,0
303983,303992,303994,2,9
303983,303992,303994,2,9
303983,303992,303994,2,9
303983,303992,303994,2,9
303983,303992,303994,2,9
303983,303992,303994,2,9
303983,303992,303994,2,9
303983,303992,303994,2,9
303983,303993,303994,1,10
303983,303983,303994,11,0
303983,303992,303994,2,9
303983,303994,303995,1,11
303983,303994,303995,1,11
303983,303994,303995,1,11
303983,303994,303995,1,11
303983,303995,303996,1,12
303983,303983,303996,13,0
303983,303993,303996,3,10
303983,303983,303995,12,0
303983,303994,303996,2,11
303983,303994,303996,2,11
303983,303993,303996,3,10
303983,303993,303996,3,10
303983,303995,303996,1,12
303983,303995,303996,1,12
303983,303995,303996,1,12
303983,303994,303997,3,11
303983,303995,303997,2,12
303983,303995,303997,2,12
303983,303995,303997,2,12
304006,304006,304007,1,0
304006,304006,304007,1,0
304006,304006,304008,2,0
304006,304006,304008,2,0
304006,304006,304008,2,0
304006,304006,304010,4,0
304006,304006,304010,4,0
304006,304006,304011,5,0
304006,304006,304010,4,0
304006,304007,304011,4,1
304006,304007,304011,4,1
304006,304006,304012,6,0
304006,304006,304012,6,0
304006,304006,304012,6,0
304006,304006,304012,6,0
304006,304008,304012,4,2
304006,304006,304013,7,0
304006,304006,304013,7,0
304006,304011,304013,2,5
304006,304006,304013,7,0
304006,304008,304013,5,2
304006,304012,304013,1,6
304006,304006,304014,8,0
304006,304011,304014,3,5
304006,304010,304014,4,4
304006,304013,304014,1,7
304006,304006,304014,8,0
304006,304010,304014,4,4
304006,304013,304015,2,7
304006,304012,304015,3,6
304006,304008,304015,7,2
304006,304012,304015,3,6
304006,304014,304015,1,8
304006,304014,304015,1,8
304006,304014,304015,1,8
304006,304014,304015,1,8
304006,304014,304015,1,8
304006,304015,304016,1,9
304006,304006,304016,10,0
304006,304006,304016,10,0
304006,304006,304016,10,0
304006,304012,304015,3,6
304006,304015,304016,1,9
304006,304015,304016,1,9
304006,304015,304016,1,9
304006,304015,304016,1,9
304006,304015,304016,1,9
304006,304015,304016,1,9
304006,304013,304017,4,7
304006,304006,304017,11,0
304006,304016,304018,2,10
304006,304006,304017,11,0
304006,304011,304017,6,5
304006,304016,304017,1,10
304006,304016,304017,1,10
304006,304016,304017,1,10
304006,304016,304018,2,10
304006,304016,304017,1,10
304006,304016,304018,2,10
304006,304016,304018,2,10
304006,304016,304018,2,10
304006,304006,304018,12,0
304006,304017,304018,1,11
304006,304017,304018,1,11
304006,304017,304019,2,11
304006,304017,304018,1,11
304006,304017,304018,1,11
304006,304017,304018,1,11
304006,304016,304019,3,10
304006,304018,304019,1,12
304006,304018,304019,1,12
304006,304018,304020,2,12
304006,304018,304019,1,12
304006,304018,304019,1,12
304006,304017,304020,3,11
304006,304017,304020,3,11
304006,304017,304020,3,11
304006,304018,304020,2,12
304006,304018,304020,2,12
304030,304030,304031,1,0
304030,304030,304031,1,0
304030,304030,304031,1,0
304030,304030,304031,1,0
304030,304030,304031,1,0
304030,304030,304032,2,0
304030,304030,304033,3,0
304030,304030,304034,4,0
304030,304030,304034,4,0
304030,304030,304034,4,0
304030,304031,304034,3,1
304030,304030,304035,5,0
304030,304031,304035,4,1
304030,304030,304036,6,0
304030,304032,304036,4,2
304030,304030,304036,6,0
304030,304030,304036,6,0
304030,304032,304036,4,2
304030,304034,304036,2,4
304030,304034,304036,2,4
304030,304034,304037,3,4
304030,304032,304037,5,2
304030,304035,304037,2,5
304030,304034,304037,3,4
304030,304035,304037,2,5
304030,304036,304037,1,6
304030,304030,304038,8,0
304030,304030,304037,7,0
304030,304030,304038,8,0
304030,304030,304037,7,0
304030,304036,304038,2,6
304030,304036,304038,2,6
304030,304037,304038,1,7
304030,304036,304038,2,6
304030,304030,304039,9,0
304030,304030,304038,8,0
304030,304033,304038,5,3
304030,304036,304039,3,6
304030,304030,304039,9,0
304030,304030,304039,9,0
304030,304037,304039,2,7
304030,304037,304039,2,7
304030,304037,304039,2,7
304030,304030,304039,9,0
304030,304036,304039,3,6
304030,304039,304040,1,9
304030,304038,304039,1,8
304030,304038,304039,1,8
304030,304038,304039,1,8
304030,304038,304040,2,8
304030,304038,304040,2,8
304030,304038,304040,2,8
304030,304039,304040,1,9
304030,304040,304041,1,10
304030,304040,304041,1,10
304030,304030,304041,11,0
304030,304038,304041,3,8
304030,304032,304041,9,2
304030,304040,304042,2,10
304030,304040,304041,1,10
304030,304040,304041,1,10
304030,304040,304042,2,10
304030,304040,304041,1,10
304030,304040,304041,1,10
304030,304040,304041,1,10
304030,304041,304042,1,11
304030,304040,304042,2,10
304030,304039,304042,3,9
304030,304039,304042,3,9
304030,304040,304042,2,10
304030,304041,304042,1,11
304030,304040,304042,2,10
304030,304041,304042,1,11
304030,304039,304043,4,9
304030,304039,304043,4,9
304030,304039,304043,4,9
304030,304039,304043,4,9
304053,304053,304054,1,0
304053,304053,304055,2,0
304053,304053,304054,1,0
304053,304053,304054,1,0
304053,304053,304056,3,0
304053,304054,304057,3,1
304053,304053,304058,5,0
304053,304053,304058,5,0
304053,304053,304058,5,0
304053,304053,304058,5,0
304053,304053,304058,5,0
304053,304053,304057,4,0
304053,304053,304058,5,0
304053,304053,304058,5,0
304053,304057,304058,1,4
304053,304053,304058,5,0
304053,304055,304058,3,2
304053,304053,304058,5,0
304053,304055,304059,4,2
304053,304057,304059,2,4
304053,304053,304060,7,0
304053,304053,304059,6,0
304053,304058,304060,2,5
304053,304058,304059,1,5
304053,304059,304060,1,6
304053,304059,304060,1,6
304053,304058,304060,2,5
304053,304058,304059,1,5
304053,304059,304060,1,6
304053,304053,304060,7,0
304053,304055,304060,5,2
304053,304058,304061,3,5
304053,304053,304061,8,0
304053,304058,304060,2,5
304053,304059,304061,2,6
304053,304059,304061,2,6
304053,304059,304061,2,6
304053,304053,304061,8,0
304053,304059,304061,2,6
304053,304053,304061,8,0
304053,304060,304061,1,7
304053,304060,304062,2,7
304053,304060,304062,2,7
304053,304060,304062,2,7
304053,304060,304062,2,7
304053,304060,304062,2,7
304053,304060,304062,2,7
304053,304060,304062,2,7
304053,304053,304063,10,0
304053,304061,304063,2,8
304053,304061,304062,1,8
304053,304061,304062,1,8
304053,304061,304063,2,8
304053,304061,304063,2,8
304053,304060,304063,3,7
304053,304060,304063,3,7
304053,304061,304063,2,8
304053,304061,304064,3,8
304053,304061,304064,3,8
304053,304062,304064,2,9
304053,304062,304064,2,9
304053,304062,304064,2,9
304053,304062,304064,2,9
304053,304062,304064,2,9
304053,304062,304064,2,9
304053,304053,304065,12,0
304053,304062,304065,3,9
304053,304062,304065,3,9
304053,304062,304064,2,9
304053,304062,304064,2,9
304053,304063,304065,2,10
304053,304063,304065,2,10
304053,304063,304065,2,10
304053,304063,304065,2,10
304053,304063,304065,2,10
304053,304062,304065,3,9
304053,304063,304064,1,10
304053,304064,304065,1,11
304053,304053,304067,14,0
304076,304076,304077,1,0
304076,304076,304077,1,0
304076,304076,304077,1,0
304076,304076,304077,1,0
304076,304076,304077,1,0
304076,304076,304080,4,0
304076,304076,304081,5,0
304076,304076,304081,5,0
304076,304077,304080,3,1
304076,304076,304080,4,0
304076,304077,304080,3,1
304076,304077,304081,4,1
304076,304076,304082,6,0
304076,304076,304081,5,0
304076,304076,304081,5,0
304076,304076,304081,5,0
304076,304080,304082,2,4
304076,304076,304082,6,0
304076,304076,304082,6,0
304076,304078,304082,4,2
304076,304076,304082,6,0
304076,304081,304082,1,5
304076,304081,304082,1,5
304076,304081,304082,1,5
304076,304081,304082,1,5
304076,304081,304082,1,5
304076,304076,304083,7,0
304076,304081,304084,3,5
304076,304082,304083,1,6
304076,304083,304084,1,7
304076,304076,304084,8,0
304076,304076,304083,7,0
304076,304082,304084,2,6
304076,304082,304083,1,6
304076,304082,304083,1,6
304076,304083,304084,1,7
304076,304078,304085,7,2
304076,304082,304084,2,6
304076,304083,304084,1,7
304076,304076,304085,9,0
304076,304083,304084,1,7
304076,304083,304084,1,7
304076,304083,304084,1,7
304076,304083,304084,1,7
304076,304084,304085,1,8
304076,304083,304085,2,7
304076,304083,304085,2,7
304076,304076,304086,10,0
304076,304076,304085,9,0
304076,304084,304086,2,8
304076,304084,304085,1,8
304076,304084,304086,2,8
304076,304084,304085,1,8
304076,304084,304086,2,8
304076,304084,304086,2,8
304076,304084,304087,3,8
304076,304084,304087,3,8
304076,304076,304087,11,0
304076,304085,304087,2,9
304076,304086,304087,1,10
304076,304085,304087,2,9
304076,304085,304087,2,9
304076,304086,304087,1,10
304076,304085,304087,2,9
304076,304085,304087,2,9
304076,304086,304087,1,10
304076,304085,304088,3,9
304076,304086,304088,2,10
304076,304085,304087,2,9
304076,304085,304087,2,9
304076,304085,304087,2,9
304076,304076,304088,12,0
304076,304085,304087,2,9
304076,304085,304088,3,9
304076,304085,304087,2,9
304076,304086,304087,1,10
304076,304086,304088,2,10
304076,304086,304088,2,10
304076,304086,304087,1,10
304097,304097,304098,1,0
304097,304097,304098,1,0
304097,304097,304099,2,0
304097,304097,304098,1,0
304097,304097,304100,3,0
304097,304099,304101,2,2
304097,304097,304102,5,0
304097,304097,304102,5,0
304097,304098,304102,4,1
304097,304100,304102,2,3
304097,304097,304102,5,0
304097,304097,304103,6,0
304097,304102,304103,1,5
304097,304099,304103,4,2
304097,304097,304103,6,0
304097,304097,304103,6,0
304097,304097,304103,6,0
304097,304101,304103,2,4
304097,304097,304104,7,0
304097,304098,304104,6,1
304097,304103,304105,2,6
304097,304097,304104,7,0
304097,304102,304104,2,5
304097,304103,304104,1,6
304097,304103,304104,1,6
304097,304097,304105,8,0
304097,304103,304105,2,6
304097,304104,304105,1,7
304097,304097,304105,8,0
304097,304104,304105,1,7
304097,304104,304105,1,7
304097,304097,304106,9,0
304097,304097,304106,9,0
304097,304097,304106,9,0
304097,304104,304106,2,7
304097,304104,304106,2,7
304097,304105,304106,1,8
304097,304105,304106,1,8
304097,304105,304106,1,8
304097,304105,304106,1,8
304097,304105,304106,1,8
304097,304105,304106,1,8
304097,304105,304106,1,8
304097,304105,304106,1,8
304097,304097,304107,10,0
304097,304106,304107,1,9
304097,304097,304107,10,0
304097,304097,304107,10,0
304097,304106,304107,1,9
304097,304106,304107,1,9
304097,304106,304107,1,9
304097,304106,304107,1,9
304097,304107,304108,1,10
304097,304107,304108,1,10
304097,304106,304108,2,9
304097,304107,304109,2,10
304097,304107,304108,1,10
304097,304108,304109,1,11
304097,304107,304108,1,10
304097,304107,304108,1,10
304097,304108,304109,1,11
304097,304107,304110,3,10
304097,304107,304109,2,10
304097,304107,304109,2,10
304097,304108,304109,1,11
304097,304108,304109,1,11
304097,304108,304109,1,11
304097,304108,304109,1,11
304097,304109,304110,1,12
304097,304107,304109,2,10
304097,304106,304110,4,9
304097,304106,304111,5,9
304097,304107,304110,3,10
304097,304108,304110,2,11
304097,304109,304110,1,12
304097,304097,304111,14,0
304097,304108,304111,3,11
304097,304097,304112,15,0
304121,304121,304122,1,0
304121,304121,304122,1,0
304121,304121,304122,1,0
304121,304121,304122,1,0
304121,304121,304123,2,0
304121,304122,304124,2,1
304121,304122,304124,2,1
304121,304121,304125,4,0
304121,304122,304125,3,1
304121,304121,304125,4,0
304121,304121,304125,4,0
304121,304121,304126,5,0
304121,304121,304126,5,0
304121,304121,304126,5,0
304121,304121,304127,6,0
304121,304123,304126,3,2
304121,304124,304128,4,3
304121,304121,304127,6,0
304121,304125,304127,2,4
304121,304126,304128,2,5
304121,304121,304127,6,0
304121,304127,304128,1,6
304121,304121,304127,6,0
304121,304125,304127,2,4
304121,304127,304128,1,6
304121,304127,304129,2,6
304121,304121,304128,7,0
304121,304126,304128,2,5
304121,304127,304129,2,6
304121,304128,304129,1,7
304121,304126,304129,3,5
304121,304126,304129,3,5
304121,304127,304128,1,6
304121,304128,304129,1,7
304121,304121,304130,9,0
304121,304128,304129,1,7
304121,304121,304130,9,0
304121,304128,304129,1,7
304121,304128,304130,2,7
304121,304121,304130,9,0
304121,304128,304130,2,7
304121,304128,304129,1,7
304121,304128,304129,1,7
304121,304128,304130,2,7
304121,304121,304131,10,0
304121,304121,304131,10,0
304121,304129,304131,2,8
304121,304129,304130,1,8
304121,304129,304131,2,8
304121,304129,304131,2,8
304121,304129,304131,2,8
304121,304129,304131,2,8
304121,304129,304132,3,8
304121,304129,304132,3,8
304121,304129,304132,3,8
304121,304130,304132,2,9
304121,304130,304132,2,9
304121,304130,304132,2,9
304121,304131,304132,1,10
304121,304130,304132,2,9
304121,304130,304132,2,9
304121,304131,304132,1,10
304121,304130,304132,2,9
304121,304130,304132,2,9
304121,304131,304132,1,10
304121,304131,304132,1,10
304121,304121,304132,11,0
304121,304130,304133,3,9
304121,304131,304133,2,10
304121,304130,304133,3,9
304121,304131,304133,2,10
304121,304130,304133,3,9
304121,304131,304134,3,10
304121,304132,304133,1,11
304121,304132,304133,1,11
304121,304121,304134,13,0
304121,304132,304133,1,11
304121,304132,304134,2,11
304121,304121,304135,14,0
304144,304144,304145,1,0
304144,304144,304145,1,0
304144,304144,304145,1,0
304144,304144,304145,1,0
304144,304144,304147,3,0
304144,304144,304147,3,0
304144,304144,304148,4,0
304144,304146,304149,3,2
304144,304144,304149,5,0
304144,304145,304149,4,1
304144,304144,304149,5,0
304144,304144,304150,6,0
304144,304144,304149,5,0
304144,304144,304150,6,0
304144,304144,304150,6,0
304144,304146,304150,4,2
304144,304148,304150,2,4
304144,304144,304150,6,0
304144,304147,304151,4,3
304144,304146,304151,5,2
304144,304144,304150,6,0
304144,304149,304151,2,5
304144,304149,304151,2,5
304144,304144,304151,7,0
304144,304149,304151,2,5
304144,304150,304152,2,6
304144,304150,304152,2,6
304144,304144,304153,9,0
304144,304144,304153,9,0
304144,304149,304153,4,5
304144,304150,304153,3,6
304144,304151,304153,2,7
304144,304150,304152,2,6
304144,304149,304153,4,5
304144,304151,304153,2,7
304144,304152,304153,1,8
304144,304144,304154,10,0
304144,304150,304154,4,6
304144,304144,304154,10,0
304144,304151,304154,3,7
304144,304144,304153,9,0
304144,304144,304154,10,0
304144,304150,304154,4,6
304144,304152,304154,2,8
304144,304153,304154,1,9
304144,304151,304154,3,7
304144,304152,304153,1,8
304144,304154,304155,1,10
304144,304152,304155,3,8
304144,304153,304155,2,9
304144,304144,304155,11,0
304144,304151,304154,3,7
304144,304144,304155,11,0
304144,304154,304155,1,10
304144,304154,304155,1,10
304144,304154,304155,1,10
304144,304153,304155,2,9
304144,304155,304156,1,11
304144,304155,304156,1,11
304144,304155,304156,1,11
304144,304154,304156,2,10
304144,304154,304156,2,10
304144,304153,304156,3,9
304144,304154,304156,2,10
304144,304154,304156,2,10
304144,304153,304156,3,9
304144,304154,304156,2,10
304144,304155,304156,1,11
304144,304155,304156,1,11
304144,304155,304156,1,11
304144,304156,304157,1,12
304144,304156,304157,1,12
304144,304155,304157,2,11
304144,304155,304157,2,11
304144,304156,304157,1,12
304144,304156,304157,1,12
304144,304156,304157,1,12
304144,304150,304158,8,6
304167,304167,304168,1,0
304167,304167,304168,1,0
304167,304167,304169,2,0
304167,304167,304169,2,0
304167,304167,304170,3,0
304167,304167,304171,4,0
304167,304167,304172,5,0
304167,304168,304172,4,1
304167,304167,304172,5,0
304167,304167,304172,5,0
304167,304167,304173,6,0
304167,304169,304173,4,2
304167,304167,304173,6,0
304167,304167,304173,6,0
304167,304169,304173,4,2
304167,304167,304173,6,0
304167,304170,304173,3,3
304167,304167,304174,7,0
304167,304167,304174,7,0
304167,304171,304174,3,4
304167,304167,304175,8,0
304167,304172,304175,3,5
304167,304167,304175,8,0
304167,304167,304175,8,0
304167,304167,304176,9,0
304167,304173,304176,3,6
304167,304174,304176,2,7
304167,304173,304176,3,6
304167,304174,304176,2,7
304167,304174,304176,2,7
304167,304175,304176,1,8
304167,304167,304177,10,0
304167,304176,304177,1,9
304167,304167,304177,10,0
304167,304169,304177,8,2
304167,304176,304177,1,9
304167,304174,304178,4,7
304167,304174,304177,3,7
304167,304175,304177,2,8
304167,304173,304178,5,6
304167,304174,304178,4,7
304167,304176,304178,2,9
304167,304175,304178,3,8
304167,304167,304178,11,0
304167,304177,304179,2,10
304167,304177,304179,2,10
304167,304178,304179,1,11
304167,304176,304178,2,9
304167,304177,304178,1,10
304167,304177,304178,1,10
304167,304177,304178,1,10
304167,304177,304178,1,10
304167,304178,304179,1,11
304167,304178,304179,1,11
304167,304177,304179,2,10
304167,304178,304179,1,11
304167,304178,304179,1,11
304167,304167,304179,12,0
304167,304178,304179,1,11
304167,304178,304179,1,11
304167,304173,304180,7,6
304167,304179,304180,1,12
304167,304179,304180,1,12
304167,304179,304181,2,12
304167,304179,304181,2,12
304167,304178,304180,2,11
304167,304179,304180,1,12
304167,304179,304180,1,12
304167,304179,304180,1,12
304167,304179,304180,1,12
304167,304179,304181,2,12
304167,304179,304180,1,12
304167,304179,304180,1,12
304167,304179,304180,1,12
304167,304179,304180,1,12
304167,304180,304181,1,13
304167,304180,304181,1,13
304167,304180,304181,1,13
304167,304167,304186,19,0
304196,304196,304197,1,0
304196,304196,304197,1,0
304196,304196,304197,1,0
304196,304196,304197,1,0
304196,304196,304197,1,0
304196,304197,304199,2,1
304196,304196,304200,4,0
304196,304196,304200,4,0
304196,304198,304201,3,2
304196,304197,304200,3,1
304196,304196,304201,5,0
304196,304198,304202,4,2
304196,304196,304202,6,0
304196,304198,304201,3,2
304196,304196,304201,5,0
304196,304199,304201,2,3
304196,304196,304203,7,0
304196,304196,304203,7,0
304196,304196,304204,8,0
304196,304196,304204,8,0
304196,304200,304203,3,4
304196,304196,304204,8,0
304196,304196,304204,8,0
304196,304201,304205,4,5
304196,304201,304204,3,5
304196,304196,304205,9,0
304196,304201,304204,3,5
304196,304202,304205,3,6
304196,304196,304205,9,0
304196,304202,304204,2,6
304196,304196,304206,10,0
304196,304202,304205,3,6
304196,304203,304206,3,7
304196,304204,304205,1,8
304196,304205,304206,1,9
304196,304196,304206,10,0
304196,304202,304206,4,6
304196,304202,304207,5,6
304196,304205,304207,2,9
304196,304205,304207,2,9
304196,304196,304207,11,0
304196,304204,304207,3,8
304196,304205,304207,2,9
304196,304205,304207,2,9
304196,304205,304207,2,9
304196,304205,304207,2,9
304196,304206,304207,1,10
304196,304205,304208,3,9
304196,304206,304207,1,10
304196,304196,304207,11,0
304196,304205,304208,3,9
304196,304207,304208,1,11
304196,304207,304208,1,11
304196,304202,304207,5,6
304196,304206,304207,1,10
304196,304204,304207,3,8
304196,304207,304208,1,11
304196,304207,304208,1,11
304196,304206,304207,1,10
304196,304206,304207,1,10
304196,304207,304208,1,11
304196,304204,304209,5,8
304196,304207,304208,1,11
304196,304207,304209,2,11
304196,304196,304208,12,0
304196,304207,304208,1,11
304196,304207,304208,1,11
304196,304207,304209,2,11
304196,304207,304209,2,11
304196,304208,304209,1,12
304196,304208,304209,1,12
304196,304208,304209,1,12
304196,304207,304208,1,11
304196,304208,304209,1,12
304196,304208,304209,1,12
304196,304208,304209,1,12
304196,304208,304209,1,12
304196,304208,304210,2,12
304196,304196,304211,15,0
304220,304220,304221,1,0
304220,304220,304221,1,0
304220,304220,304221,1,0
304220,304220,304222,2,0
304220,304220,304223,3,0
304220,304221,304224,3,1
304220,304221,304224,3,1
304220,304221,304224,3,1
304220,304220,304225,5,0
304220,304220,304225,5,0
304220,304220,304226,6,0
304220,304220,304226,6,0
304220,304220,304227,7,0
304220,304220,304227,7,0
304220,304220,304227,7,0
304220,304220,304227,7,0
304220,304220,304227,7,0
304220,304220,304228,8,0
304220,304220,304228,8,0
304220,304220,304228,8,0
304220,304223,304228,5,3
304220,304224,304228,4,4
304220,304224,304228,4,4
304220,304226,304228,2,6
304220,304222,304229,7,2
304220,304224,304229,5,4
304220,304227,304229,2,7
304220,304229,304231,2,9
304220,304228,304230,2,8
304220,304228,304230,2,8
304220,304228,304231,3,8
304220,304228,304230,2,8
304220,304229,304230,1,9
304220,304229,304231,2,9
304220,304220,304231,11,0
304220,304225,304231,6,5
304220,304228,304231,3,8
304220,304227,304231,4,7
304220,304229,304231,2,9
304220,304220,304231,11,0
304220,304229,304231,2,9
304220,304230,304231,1,10
304220,304231,304232,1,11
304220,304229,304231,2,9
304220,304231,304232,1,11
304220,304231,304232,1,11
304220,304230,304231,1,10
304220,304229,304232,3,9
304220,304230,304232,2,10
304220,304232,304233,1,12
304220,304231,304232,1,11
304220,304232,304233,1,12
304220,304232,304233,1,12
304220,304232,304233,1,12
304220,304231,304232,1,11
304220,304231,304232,1,11
304220,304231,304232,1,11
304220,304232,304233,1,12
304220,304220,304234,14,0
304220,304232,304233,1,12
304220,304232,304233,1,12
304220,304232,304233,1,12
304220,304232,304233,1,12
304220,304220,304233,13,0
304220,304232,304233,1,12
304220,304232,304233,1,12
304220,304232,304233,1,12
304220,304233,304234,1,13
304220,304233,304234,1,13
304220,304233,304234,1,13
304220,304233,304234,1,13
304220,304233,304234,1,13
304220,304233,304234,1,13
304220,304220,304234,14,0
304220,304220,304234,14,0
304220,304233,304234,1,13
304220,304233,304234,1,13
304220,304220,304234,14,0
304220,304232,304234,2,12
304243,304244,304245,1,1
304243,304244,304245,1,1
304243,304244,304245,1,1
304243,304244,304246,2,1
304243,304244,304248,4,1
304243,304245,304248,3,2
304243,304244,304249,5,1
304243,304244,304248,4,1
304243,304244,304248,4,1
304243,304244,304249,5,1
304243,304246,304250,4,3
304243,304244,304249,5,1
304243,304246,304250,4,3
304243,304244,304250,6,1
304243,304244,304251,7,1
304243,304244,304250,6,1
304243,304244,304251,7,1
304243,304248,304251,3,5
304243,304246,304251,5,3
304243,304246,304252,6,3
304243,304249,304253,4,6
304243,304250,304252,2,7
304243,304244,304252,8,1
304243,304250,304253,3,7
304243,304249,304253,4,6
304243,304250,304252,2,7
304243,304249,304254,5,6
304243,304251,304253,2,8
304243,304253,304254,1,10
304243,304252,304253,1,9
304243,304244,304253,9,1
304243,304251,304253,2,8
304243,304244,304255,11,1
304243,304244,304254,10,1
304243,304250,304254,4,7
304243,304251,304255,4,8
304243,304249,304254,5,6
304243,304253,304254,1,10
304243,304244,304254,10,1
304243,304244,304254,10,1
304243,304244,304254,10,1
304243,304253,304254,1,10
304243,304252,304254,2,9
304243,304253,304255,2,10
304243,304253,304255,2,10
304243,304253,304255,2,10
304243,304253,304254,1,10
304243,304254,304255,1,11
304243,304254,304255,1,11
304243,304254,304255,1,11
304243,304255,304256,1,12
304243,304255,304256,1,12
304243,304254,304255,1,11
304243,304254,304255,1,11
304243,304255,304256,1,12
304243,304255,304256,1,12
304243,304252,304256,4,9
304243,304254,304256,2,11
304243,304255,304257,2,12
304243,304255,304256,1,12
304243,304255,304256,1,12
304243,304255,304257,2,12
304243,304255,304256,1,12
304243,304255,304256,1,12
304243,304255,304257,2,12
304243,304255,304256,1,12
304243,304256,304257,1,13
304243,304255,304256,1,12
304243,304255,304256,1,12
304243,304256,304257,1,13
304243,304256,304257,1,13
304243,304256,304257,1,13
304243,304256,304257,1,13
304243,304244,304257,13,1
304243,304255,304257,2,12
304243,304255,304257,2,12
304243,304256,304257,1,13
304243,304244,304260,16,1
304268,304268,304269,1,0
304268,304268,304269,1,0
304268,304268,304270,2,0
304268,304268,304269,1,0
304268,304268,304271,3,0
304268,304268,304271,3,0
304268,304268,304272,4,0
304268,304268,304272,4,0
304268,304268,304273,5,0
304268,304268,304273,5,0
304268,304269,304273,4,1
304268,304269,304274,5,1
304268,304268,304274,6,0
304268,304270,304274,4,2
304268,304268,304274,6,0
304268,304268,304275,7,0
304268,304268,304274,6,0
304268,304268,304275,7,0
304268,304268,304276,8,0
304268,304272,304275,3,4
304268,304272,304275,3,4
304268,304273,304276,3,5
304268,304268,304277,9,0
304268,304272,304277,5,4
304268,304268,304276,8,0
304268,304273,304277,4,5
304268,304275,304277,2,7
304268,304271,304277,6,3
304268,304268,304277,9,0
304268,304274,304277,3,6
304268,304274,304277,3,6
304268,304274,304276,2,6
304268,304268,304278,10,0
304268,304275,304278,3,7
304268,304276,304278,2,8
304268,304268,304278,10,0
304268,304270,304278,8,2
304268,304268,304278,10,0
304268,304275,304278,3,7
304268,304268,304278,10,0
304268,304274,304278,4,6
304268,304276,304278,2,8
304268,304276,304279,3,8
304268,304276,304279,3,8
304268,304278,304279,1,10
304268,304277,304279,2,9
304268,304277,304279,2,9
304268,304277,304279,2,9
304268,304277,304279,2,9
304268,304278,304279,1,10
304268,304279,304280,1,11
304268,304277,304279,2,9
304268,304278,304279,1,10
304268,304278,304279,1,10
304268,304277,304280,3,9
304268,304279,304280,1,11
304268,304279,304280,1,11
304268,304278,304280,2,10
304268,304279,304280,1,11
304268,304279,304280,1,11
304268,304268,304280,12,0
304268,304280,304281,1,12
304268,304280,304281,1,12
304268,304279,304280,1,11
304268,304279,304280,1,11
304268,304279,304280,1,11
304268,304279,304280,1,11
304268,304280,304281,1,12
304268,304280,304281,1,12
304268,304280,304281,1,12
304268,304273,304281,8,5
304268,304280,304281,1,12
304268,304280,304281,1,12
304268,304280,304281,1,12
304268,304280,304281,1,12
304268,304280,304281,1,12
304268,304280,304281,1,12
304268,304280,304281,1,12
304268,304281,304282,1,13
304291,304291,304292,1,0
304291,304291,304292,1,0
304291,304291,304292,1,0
304291,304291,304293,2,0
304291,304291,304294,3,0
304291,304291,304294,3,0
304291,304291,304296,5,0
304291,304291,304296,5,0
304291,304292,304296,4,1
304291,304291,304297,6,0
304291,304291,304297,6,0
304291,304293,304297,4,2
304291,304291,304298,7,0
304291,304291,304298,7,0
304291,304291,304298,7,0
304291,304291,304298,7,0
304291,304293,304298,5,2
304291,304295,304298,3,4
304291,304291,304298,7,0
304291,304291,304299,8,0
304291,304291,304299,8,0
304291,304291,304299,8,0
304291,304291,304299,8,0
304291,304291,304299,8,0
304291,304296,304299,3,5
304291,304297,304299,2,6
304291,304297,304300,3,6
304291,304298,304300,2,7
304291,304299,304300,1,8
304291,304299,304300,1,8
304291,304299,304300,1,8
304291,304299,304300,1,8
304291,304295,304301,6,4
304291,304300,304301,1,9
304291,304299,304301,2,8
304291,304300,304301,1,9
304291,304300,304302,2,9
304291,304300,304301,1,9
304291,304300,304301,1,9
304291,304291,304302,11,0
304291,304291,304302,11,0
304291,304297,304302,5,6
304291,304299,304302,3,8
304291,304298,304302,4,7
304291,304301,304303,2,10
304291,304301,304303,2,10
304291,304302,304303,1,11
304291,304300,304302,2,9
304291,304302,304303,1,11
304291,304301,304303,2,10
304291,304301,304302,1,10
304291,304293,304304,11,2
304291,304299,304303,4,8
304291,304300,304303,3,9
304291,304302,304303,1,11
304291,304302,304303,1,11
304291,304302,304303,1,11
304291,304302,304303,1,11
304291,304302,304303,1,11
304291,304303,304304,1,12
304291,304301,304303,2,10
304291,304301,304303,2,10
304291,304303,304304,1,12
304291,304303,304304,1,12
304291,304291,304304,13,0
304291,304303,304304,1,12
304291,304303,304304,1,12
304291,304291,304304,13,0
304291,304303,304304,1,12
304291,304303,304304,1,12
304291,304303,304305,2,12
304291,304303,304304,1,12
304291,304303,304304,1,12
304291,304303,304304,1,12
304291,304303,304304,1,12
304291,304304,304305,1,13
304291,304304,304305,1,13
304291,304304,304305,1,13
304291,304304,304305,1,13
304315,304315,304316,1,0
304315,304315,304316,1,0
304315,304315,304316,1,0
304315,304315,304317,2,0
304315,304315,304316,1,0
304315,304315,304320,5,0
304315,304315,304320,5,0
304315,304315,304319,4,0
304315,304316,304320,4,1
304315,304315,304320,5,0
304315,304315,304321,6,0
304315,304316,304320,4,1
304315,304315,304321,6,0
304315,304317,304321,4,2
304315,304315,304321,6,0
304315,304315,304321,6,0
304315,304317,304322,5,2
304315,304315,304323,8,0
304315,304320,304322,2,5
304315,304322,304323,1,7
304315,304315,304322,7,0
304315,304315,304322,7,0
304315,304320,304323,3,5
304315,304321,304323,2,6
304315,304320,304322,2,5
304315,304315,304324,9,0
304315,304315,304323,8,0
304315,304315,304323,8,0
304315,304322,304324,2,7
304315,304322,304323,1,7
304315,304322,304324,2,7
304315,304321,304324,3,6
304315,304315,304324,9,0
304315,304315,304324,9,0
304315,304317,304325,8,2
304315,304321,304324,3,6
304315,304323,304325,2,8
304315,304323,304325,2,8
304315,304323,304325,2,8
304315,304322,304324,2,7
304315,304323,304324,1,8
304315,304323,304325,2,8
304315,304323,304325,2,8
304315,304321,304324,3,6
304315,304323,304324,1,8
304315,304323,304325,2,8
304315,304325,304326,1,10
304315,304325,304326,1,10
304315,304324,304326,2,9
304315,304324,304325,1,9
304315,304325,304326,1,10
304315,304324,304325,1,9
304315,304325,304326,1,10
304315,304324,304326,2,9
304315,304325,304326,1,10
304315,304325,304327,2,10
304315,304324,304327,3,9
304315,304325,304327,2,10
304315,304324,304327,3,9
304315,304325,304326,1,10
304315,304325,304326,1,10
304315,304325,304326,1,10
304315,304326,304327,1,11
304315,304325,304326,1,10
304315,304325,304327,2,10
304315,304325,304326,1,10
304315,304324,304328,4,9
304315,304326,304327,1,11
304315,304326,304327,1,11
304315,304326,304327,1,11
304315,304326,304328,2,11
304315,304326,304327,1,11
304315,304326,304327,1,11
304315,304326,304327,1,11
304315,304315,304328,13,0
304315,304327,304328,1,12
304315,304327,304328,1,12
304315,304315,304331,16,0
304315,304315,304337,22,0
304345,304345,304346,1,0
304345,304345,304346,1,0
304345,304345,304347,2,0
304345,304345,304347,2,0
304345,304345,304347,2,0
304345,304345,304349,4,0
304345,304345,304350,5,0
304345,304347,304350,3,2
304345,304345,304351,6,0
304345,304345,304351,6,0
304345,304346,304351,5,1
304345,304345,304351,6,0
304345,304348,304351,3,3
304345,304345,304351,6,0
304345,304348,304352,4,3
304345,304351,304353,2,6
304345,304345,304352,7,0
304345,304350,304352,2,5
304345,304348,304353,5,3
304345,304352,304353,1,7
304345,304351,304353,2,6
304345,304352,304353,1,7
304345,304353,304354,1,8
304345,304352,304353,1,7
304345,304352,304353,1,7
304345,304345,304354,9,0
304345,304353,304354,1,8
304345,304345,304354,9,0
304345,304352,304354,2,7
304345,304352,304354,2,7
304345,304353,304354,1,8
304345,304353,304354,1,8
304345,304354,304355,1,9
304345,304345,304355,10,0
304345,304345,304355,10,0
304345,304345,304355,10,0
304345,304345,304355,10,0
304345,304345,304355,10,0
304345,304354,304355,1,9
304345,304345,304355,10,0
304345,304354,304355,1,9
304345,304354,304356,2,9
304345,304355,304356,1,10
304345,304354,304356,2,9
304345,304354,304355,1,9
304345,304355,304356,1,10
304345,304345,304356,11,0
304345,304355,304356,1,10
304345,304355,304356,1,10
304345,304356,304357,1,11
304345,304355,304357,2,10
304345,304355,304356,1,10
304345,304355,304357,2,10
304345,304356,304357,1,11
304345,304356,304357,1,11
304345,304356,304357,1,11
304345,304355,304357,2,10
304345,304356,304357,1,11
304345,304345,304358,13,0
304345,304354,304357,3,9
304345,304356,304358,2,11
304345,304356,304357,1,11
304345,304356,304357,1,11
304345,304357,304358,1,12
304345,304356,304357,1,11
304345,304356,304357,1,11
304345,304357,304358,1,12
304345,304356,304357,1,11
304345,304357,304358,1,12
304345,304357,304358,1,12
304345,304345,304359,14,0
304345,304357,304358,1,12
304345,304356,304358,2,11
304345,304357,304358,1,12
304345,304357,304359,2,12
304345,304357,304358,1,12
304345,304357,304358,1,12
304345,304357,304358,1,12
304345,304345,304360,15,0
304369,304369,304370,1,0
304369,304369,304371,2,0
304369,304369,304371,2,0
304369,304369,304371,2,0
304369,304369,304371,2,0
304369,304372,304374,2,3
304369,304369,304374,5,0
304369,304370,304374,4,1
304369,304372,304374,2,3
304369,304369,304375,6,0
304369,304369,304375,6,0
304369,304369,304375,6,0
304369,304369,304375,6,0
304369,304372,304375,3,3
304369,304369,304375,6,0
304369,304369,304375,6,0
304369,304369,304375,6,0
304369,304369,304376,7,0
304369,304375,304376,1,6
304369,304369,304376,7,0
304369,304369,304376,7,0
304369,304369,304376,7,0
304369,304375,304376,1,6
304369,304375,304376,1,6
304369,304369,304377,8,0
304369,304369,304377,8,0
304369,304371,304377,6,2
304369,304376,304377,1,7
304369,304376,304377,1,7
304369,304376,304377,1,7
304369,304376,304377,1,7
304369,304375,304377,2,6
304369,304376,304378,2,7
304369,304376,304378,2,7
304369,304377,304379,2,8
304369,304376,304378,2,7
304369,304377,304378,1,8
304369,304377,304378,1,8
304369,304377,304379,2,8
304369,304377,304378,1,8
304369,304378,304379,1,9
304369,304378,304379,1,9
304369,304377,304379,2,8
304369,304377,304379,2,8
304369,304369,304379,10,0
304369,304377,304379,2,8
304369,304378,304380,2,9
304369,304378,304379,1,9
304369,304378,304379,1,9
304369,304378,304379,1,9
304369,304379,304380,1,10
304369,304378,304379,1,9
304369,304379,304380,1,10
304369,304369,304380,11,0
304369,304378,304380,2,9
304369,304369,304380,11,0
304369,304369,304380,11,0
304369,304378,304381,3,9
304369,304379,304381,2,10
304369,304369,304381,12,0
304369,304378,304380,2,9
304369,304379,304380,1,10
304369,304380,304381,1,11
304369,304379,304380,1,10
304369,304379,304380,1,10
304369,304379,304380,1,10
304369,304379,304380,1,10
304369,304380,304381,1,11
304369,304380,304381,1,11
304369,304380,304381,1,11
304369,304380,304381,1,11
304369,304380,304381,1,11
304369,304380,304381,1,11
304369,304380,304381,1,11
304369,304380,304381,1,11
304369,304380,304381,1,11
304369,304380,304381,1,11
304369,304381,304382,1,12
304369,304381,304382,1,12
304391,304391,304392,1,0
304391,304391,304393,2,0
304391,304391,304392,1,0
304391,304391,304393,2,0
304391,304391,304393,2,0
304391,304391,304396,5,0
304391,304391,304396,5,0
304391,304391,304395,4,0
304391,304391,304397,6,0
304391,304391,304397,6,0
304391,304391,304397,6,0
304391,304393,304397,4,2
304391,304393,304397,4,2
304391,304391,304396,5,0
304391,304391,304397,6,0
304391,304393,304396,3,2
304391,304391,304398,7,0
304391,304393,304398,5,2
304391,304391,304398,7,0
304391,304391,304398,7,0
304391,304393,304398,5,2
304391,304396,304398,2,5
304391,304396,304398,2,5
304391,304396,304398,2,5
304391,304391,304398,7,0
304391,304391,304399,8,0
304391,304391,304399,8,0
304391,304397,304399,2,6
304391,304397,304399,2,6
304391,304397,304399,2,6
304391,304397,304399,2,6
304391,304397,304399,2,6
304391,304397,304399,2,6
304391,304391,304399,8,0
304391,304397,304399,2,6
304391,304397,304400,3,6
304391,304398,304400,2,7
304391,304398,304400,2,7
304391,304398,304400,2,7
304391,304400,304401,1,9
304391,304398,304400,2,7
304391,304399,304400,1,8
304391,304391,304401,10,0
304391,304398,304401,3,7
304391,304391,304400,9,0
304391,304398,304401,3,7
304391,304398,304401,3,7
304391,304400,304401,1,9
304391,304400,304401,1,9
304391,304400,304401,1,9
304391,304400,304401,1,9
304391,304400,304401,1,9
304391,304400,304401,1,9
304391,304401,304402,1,10
304391,304401,304402,1,10
304391,304401,304402,1,10
304391,304401,304402,1,10
304391,304401,304402,1,10
304391,304399,304402,3,8
304391,304399,304402,3,8
304391,304399,304402,3,8
304391,304401,304402,1,10
304391,304401,304402,1,10
304391,304402,304403,1,11
304391,304402,304403,1,11
304391,304402,304403,1,11
304391,304401,304402,1,10
304391,304402,304403,1,11
304391,304401,304403,2,10
304391,304401,304403,2,10
304391,304402,304403,1,11
304391,304402,304403,1,11
304391,304402,304403,1,11
304391,304402,304403,1,11
304391,304402,304403,1,11
304391,304402,304403,1,11
304391,304391,304404,13,0
304391,304391,304406,15,0
304415,304415,304416,1,0
304415,304415,304416,1,0
304415,304415,304416,1,0
304415,304415,304416,1,0
304415,304415,304417,2,0
304415,304415,304419,4,0
304415,304417,304419,2,2
304415,304417,304418,1,2
304415,304417,304419,2,2
304415,304415,304420,5,0
304415,304417,304420,3,2
304415,304415,304419,4,0
304415,304415,304421,6,0
304415,304415,304421,6,0
304415,304416,304421,5,1
304415,304415,304421,6,0
304415,304419,304421,2,4
304415,304415,304420,5,0
304415,304419,304421,2,4
304415,304415,304421,6,0
304415,304415,304422,7,0
304415,304415,304422,7,0
304415,304415,304422,7,0
304415,304415,304422,7,0
304415,304420,304422,2,5
304415,304415,304422,7,0
304415,304415,304422,7,0
304415,304421,304422,1,6
304415,304415,304423,8,0
304415,304415,304423,8,0
304415,304420,304422,2,5
304415,304421,304423,2,6
304415,304420,304423,3,5
304415,304421,304423,2,6
304415,304421,304423,2,6
304415,304421,304424,3,6
304415,304421,304424,3,6
304415,304422,304424,2,7
304415,304421,304424,3,6
304415,304422,304424,2,7
304415,304415,304425,10,0
304415,304419,304425,6,4
304415,304423,304425,2,8
304415,304422,304425,3,7
304415,304423,304425,2,8
304415,304423,304425,2,8
304415,304424,304425,1,9
304415,304424,304425,1,9
304415,304423,304426,3,8
304415,304423,304426,3,8
304415,304415,304425,10,0
304415,304419,304426,7,4
304415,304422,304425,3,7
304415,304423,304426,3,8
304415,304422,304425,3,7
304415,304423,304426,3,8
304415,304424,304426,2,9
304415,304424,304426,2,9
304415,304424,304426,2,9
304415,304424,304426,2,9
304415,304424,304426,2,9
304415,304424,304426,2,9
304415,304426,304427,1,11
304415,304422,304427,5,7
304415,304425,304427,2,10
304415,304415,304426,11,0
304415,304425,304427,2,10
304415,304425,304426,1,10
304415,304426,304427,1,11
304415,304426,304427,1,11
304415,304426,304428,2,11
304415,304426,304428,2,11
304415,304426,304428,2,11
304415,304426,304428,2,11
304415,304426,304428,2,11
304415,304426,304428,2,11
304415,304426,304428,2,11
304437,304437,304438,1,0
304437,304437,304438,1,0
304437,304437,304438,1,0
304437,304437,304438,1,0
304437,304437,304439,2,0
304437,304437,304441,4,0
304437,304437,304441,4,0
304437,304437,304442,5,0
304437,304437,304443,6,0
304437,304439,304443,4,2
304437,304437,304442,5,0
304437,304437,304443,6,0
304437,304437,304442,5,0
304437,304437,304443,6,0
304437,304437,304444,7,0
304437,304437,304443,6,0
304437,304438,304444,6,1
304437,304442,304443,1,5
304437,304437,304443,6,0
304437,304439,304444,5,2
304437,304437,304444,7,0
304437,304437,304444,7,0
304437,304439,304444,5,2
304437,304442,304445,3,5
304437,304437,304446,9,0
304437,304443,304446,3,6
304437,304439,304446,7,2
304437,304437,304447,10,0
304437,304437,304447,10,0
304437,304443,304447,4,6
304437,304443,304447,4,6
304437,304444,304446,2,7
304437,304443,304446,3,6
304437,304444,304447,3,7
304437,304444,304447,3,7
304437,304444,304447,3,7
304437,304443,304447,4,6
304437,304444,304447,3,7
304437,304437,304447,10,0
304437,304437,304447,10,0
304437,304437,304448,11,0
304437,304445,304447,2,8
304437,304444,304448,4,7
304437,304445,304449,4,8
304437,304445,304448,3,8
304437,304444,304448,4,7
304437,304445,304449,4,8
304437,304443,304448,5,6
304437,304447,304449,2,10
304437,304447,304449,2,10
304437,304447,304449,2,10
304437,304447,304449,2,10
304437,304447,304449,2,10
304437,304446,304449,3,9
304437,304447,304449,2,10
304437,304446,304449,3,9
304437,304448,304450,2,11
304437,304447,304450,3,10
304437,304447,304450,3,10
304437,304447,304449,2,10
304437,304449,304450,1,12
304437,304449,304450,1,12
304437,304449,304450,1,12
304437,304447,304450,3,10
304437,304448,304450,2,11
304437,304449,304450,1,12
304437,304448,304450,2,11
304437,304449,304451,2,12
304437,304449,304451,2,12
304437,304448,304451,3,11
304437,304449,304451,2,12
304437,304447,304451,4,10
304437,304449,304451,2,12
304437,304449,304451,2,12
304437,304449,304450,1,12
304437,304449,304451,2,12
304437,304450,304451,1,13
304437,304447,304451,4,10
304461,304461,304462,1,0
304461,304461,304462,1,0
304461,304461,304462,1,0
304461,304461,304463,2,0
304461,304461,304464,3,0
304461,304462,304464,2,1
304461,304461,304465,4,0
304461,304461,304465,4,0
304461,304461,304465,4,0
304461,304462,304465,3,1
304461,304461,304466,5,0
304461,304461,304466,5,0
304461,304461,304466,5,0
304461,304463,304466,3,2
304461,304461,304466,5,0
304461,304461,304467,6,0
304461,304461,304467,6,0
304461,304465,304467,2,4
304461,304461,304468,7,0
304461,304461,304468,7,0
304461,304466,304468,2,5
304461,304467,304469,2,6
304461,304465,304469,4,4
304461,304464,304469,5,3
304461,304461,304469,8,0
304461,304466,304469,3,5
304461,304467,304469,2,6
304461,304466,304470,4,5
304461,304466,304469,3,5
304461,304461,304469,8,0
304461,304461,304470,9,0
304461,304467,304470,3,6
304461,304467,304470,3,6
304461,304468,304471,3,7
304461,304469,304471,2,8
304461,304467,304471,4,6
304461,304468,304471,3,7
304461,304461,304471,10,0
304461,304461,304471,10,0
304461,304469,304471,2,8
304461,304470,304472,2,9
304461,304469,304471,2,8
304461,304469,304471,2,8
304461,304470,304472,2,9
304461,304461,304472,11,0
304461,304461,304472,11,0
304461,304470,304472,2,9
304461,304468,304472,4,7
304461,304470,304472,2,9
304461,304471,304472,1,10
304461,304471,304472,1,10
304461,304470,304472,2,9
304461,304470,304472,2,9
304461,304470,304472,2,9
304461,304461,304473,12,0
304461,304470,304473,3,9
304461,304471,304473,2,10
304461,304471,304474,3,10
304461,304471,304474,3,10
304461,304472,304473,1,11
304461,304472,304473,1,11
304461,304472,304473,1,11
304461,304473,304474,1,12
304461,304472,304473,1,11
304461,304472,304473,1,11
304461,304473,304474,1,12
304461,304473,304474,1,12
304461,304473,304474,1,12
304461,304472,304474,2,11
304461,304473,304474,1,12
304461,304472,304474,2,11
304461,304472,304474,2,11
304461,304473,304474,1,12
304461,304473,304474,1,12
304461,304473,304474,1,12
304461,304473,304474,1,12
304461,304473,304474,1,12
304461,304472,304475,3,11
304461,304474,304475,1,13
304485,304485,304486,1,0
304485,304485,304487,2,0
304485,304485,304486,1,0
304485,304485,304486,1,0
304485,304485,304486,1,0
304485,304485,304486,1,0
304485,304485,304488,3,0
304485,304485,304488,3,0
304485,304485,304488,3,0
304485,304485,304489,4,0
304485,304485,304489,4,0
304485,304486,304489,3,1
304485,304485,304490,5,0
304485,304485,304490,5,0
304485,304485,304489,4,0
304485,304485,304490,5,0
304485,304487,304490,3,2
304485,304485,304489,4,0
304485,304485,304490,5,0
304485,304487,304489,2,2
304485,304487,304490,3,2
304485,304485,304491,6,0
304485,304485,304491,6,0
304485,304485,304492,7,0
304485,304485,304492,7,0
304485,304487,304492,5,2
304485,304487,304492,5,2
304485,304488,304491,3,3
304485,304488,304492,4,3
304485,304489,304493,4,4
304485,304490,304493,3,5
304485,304490,304493,3,5
304485,304490,304492,2,5
304485,304489,304493,4,4
304485,304489,304493,4,4
304485,304490,304493,3,5
304485,304490,304492,2,5
304485,304485,304493,8,0
304485,304485,304494,9,0
304485,304490,304494,4,5
304485,304485,304494,9,0
304485,304490,304494,4,5
304485,304490,304494,4,5
304485,304489,304493,4,4
304485,304491,304494,3,6
304485,304492,304494,2,7
304485,304491,304494,3,6
304485,304492,304495,3,7
304485,304492,304495,3,7
304485,304492,304495,3,7
304485,304493,304495,2,8
304485,304493,304495,2,8
304485,304493,304495,2,8
304485,304493,304495,2,8
304485,304492,304495,3,7
304485,304493,304495,2,8
304485,304493,304495,2,8
304485,304493,304495,2,8
304485,304495,304496,1,10
304485,304490,304496,6,5
304485,304494,304496,2,9
304485,304492,304495,3,7
304485,304494,304496,2,9
304485,304494,304496,2,9
304485,304494,304496,2,9
304485,304494,304496,2,9
304485,304493,304496,3,8
304485,304494,304496,2,9
304485,304496,304497,1,11
304485,304495,304496,1,10
304485,304496,304497,1,11
304485,304495,304497,2,10
304485,304494,304497,3,9
304485,304495,304497,2,10
304485,304495,304497,2,10
304485,304496,304497,1,11
304485,304495,304498,3,10
304507,304507,304508,1,0
304507,304507,304508,1,0
304507,304507,304508,1,0
304507,304508,304509,1,1
304507,304507,304509,2,0
304507,304507,304511,4,0
304507,304507,304511,4,0
304507,304508,304511,3,1
304507,304509,304511,2,2
304507,304509,304511,2,2
304507,304507,304512,5,0
304507,304507,304512,5,0
304507,304508,304512,4,1
304507,304507,304512,5,0
304507,304507,304512,5,0
304507,304507,304512,5,0
304507,304507,304512,5,0
304507,304507,304512,5,0
304507,304508,304513,5,1
304507,304507,304514,7,0
304507,304507,304513,6,0
304507,304507,304513,6,0
304507,304507,304514,7,0
304507,304510,304514,4,3
304507,304510,304514,4,3
304507,304512,304514,2,5
304507,304507,304515,8,0
304507,304512,304515,3,5
304507,304513,304515,2,6
304507,304513,304516,3,6
304507,304512,304515,3,5
304507,304513,304515,2,6
304507,304513,304515,2,6
304507,304508,304515,7,1
304507,304507,304516,9,0
304507,304507,304516,9,0
304507,304512,304516,4,5
304507,304512,304516,4,5
304507,304514,304516,2,7
304507,304514,304516,2,7
304507,304514,304516,2,7
304507,304513,304517,4,6
304507,304514,304517,3,7
304507,304515,304517,2,8
304507,304515,304517,2,8
304507,304516,304518,2,9
304507,304516,304517,1,9
304507,304516,304517,1,9
304507,304516,304518,2,9
304507,304516,304517,1,9
304507,304516,304517,1,9
304507,304517,304518,1,10
304507,304517,304519,2,10
304507,304515,304518,3,8
304507,304515,304518,3,8
304507,304513,304518,5,6
304507,304517,304518,1,10
304507,304517,304518,1,10
304507,304517,304518,1,10
304507,304518,304519,1,11
304507,304517,304518,1,10
304507,304517,304518,1,10
304507,304513,304519,6,6
304507,304513,304519,6,6
304507,304516,304519,3,9
304507,304518,304519,1,11
304507,304516,304519,3,9
304507,304518,304519,1,11
304507,304518,304519,1,11
304507,304518,304519,1,11
304507,304518,304519,1,11
304507,304518,304519,1,11
304507,304518,304519,1,11
304507,304518,304519,1,11
304507,304518,304519,1,11
304507,304519,304520,1,12
304507,304519,304520,1,12
304507,304519,304520,1,12
304507,304519,304520,1,12
304530,304530,304531,1,0
304530,304530,304531,1,0
304530,304530,304531,1,0
304530,304530,304531,1,0
304530,304530,304532,2,0
304530,304530,304532,2,0
304530,304530,304534,4,0
304530,304531,304533,2,1
304530,304531,304534,3,1
304530,304530,304534,4,0
304530,304531,304533,2,1
304530,304530,304535,5,0
304530,304530,304535,5,0
304530,304530,304535,5,0
304530,304530,304536,6,0
304530,304530,304535,5,0
304530,304530,304536,6,0
304530,304530,304536,6,0
304530,304530,304537,7,0
304530,304530,304536,6,0
304530,304534,304537,3,4
304530,304535,304537,2,5
304530,304534,304537,3,4
304530,304530,304538,8,0
304530,304530,304537,7,0
304530,304532,304537,5,2
304530,304534,304538,4,4
304530,304534,304538,4,4
304530,304534,304538,4,4
304530,304536,304538,2,6
304530,304533,304538,5,3
304530,304536,304538,2,6
304530,304533,304539,6,3
304530,304536,304538,2,6
304530,304530,304539,9,0
304530,304536,304539,3,6
304530,304536,304540,4,6
304530,304537,304540,3,7
304530,304538,304540,2,8
304530,304538,304540,2,8
304530,304537,304540,3,7
304530,304537,304540,3,7
304530,304538,304540,2,8
304530,304536,304540,4,6
304530,304537,304540,3,7
304530,304530,304540,10,0
304530,304530,304541,11,0
304530,304530,304541,11,0
304530,304538,304541,3,8
304530,304538,304541,3,8
304530,304538,304541,3,8
304530,304539,304541,2,9
304530,304538,304540,2,8
304530,304540,304541,1,10
304530,304540,304541,1,10
304530,304538,304540,2,8
304530,304539,304541,2,9
304530,304540,304541,1,10
304530,304537,304540,3,7
304530,304540,304541,1,10
304530,304539,304541,2,9
304530,304540,304541,1,10
304530,304538,304541,3,8
304530,304539,304541,2,9
304530,304540,304542,2,10
304530,304540,304542,2,10
304530,304540,304542,2,10
304530,304540,304542,2,10
304530,304541,304542,1,11
304530,304541,304542,1,11
304530,304541,304543,2,11
304530,304541,304543,2,11
304530,304541,304543,2,11
304530,304530,304543,13,0
304530,304541,304542,1,11
304530,304541,304543,2,11
304530,304541,304543,2,11
304530,304541,304544,3,11
304553,304554,304555,1,1
304553,304554,304555,1,1
304553,304553,304555,2,0
304553,304554,304555,1,1
304553,304554,304556,2,1
304553,304554,304556,2,1
304553,304554,304558,4,1
304553,304554,304558,4,1
304553,304555,304558,3,2
304553,304554,304558,4,1
304553,304555,304558,3,2
304553,304554,304558,4,1
304553,304554,304559,5,1
304553,304554,304559,5,1
304553,304554,304559,5,1
304553,304557,304559,2,4
304553,304554,304559,5,1
304553,304556,304560,4,3
304553,304559,304561,2,6
304553,304554,304561,7,1
304553,304556,304561,5,3
304553,304560,304562,2,7
304553,304559,304562,3,6
304553,304559,304561,2,6
304553,304556,304561,5,3
304553,304554,304562,8,1
304553,304554,304562,8,1
304553,304554,304562,8,1
304553,304559,304563,4,6
304553,304559,304563,4,6
304553,304559,304563,4,6
304553,304560,304562,2,7
304553,304560,304562,2,7
304553,304554,304563,9,1
304553,304560,304563,3,7
304553,304554,304563,9,1
304553,304560,304564,4,7
304553,304560,304563,3,7
304553,304562,304564,2,9
304553,304562,304564,2,9
304553,304554,304564,10,1
304553,304557,304564,7,4
304553,304554,304564,10,1
304553,304562,304565,3,9
304553,304563,304565,2,10
304553,304563,304564,1,10
304553,304563,304565,2,10
304553,304562,304564,2,9
304553,304563,304564,1,10
304553,304563,304564,1,10
304553,304564,304565,1,11
304553,304554,304566,12,1
304553,304564,304565,1,11
304553,304562,304565,3,9
304553,304564,304565,1,11
304553,304563,304566,3,10
304553,304564,304565,1,11
304553,304565,304566,1,12
304553,304565,304566,1,12
304553,304561,304566,5,8
304553,304564,304565,1,11
304553,304564,304565,1,11
304553,304564,304565,1,11
304553,304565,304566,1,12
304553,304565,304566,1,12
304553,304563,304566,3,10
304553,304565,304566,1,12
304553,304562,304566,4,9
304553,304563,304566,3,10
304553,304565,304566,1,12
304553,304565,304567,2,12
304553,304565,304566,1,12
304553,304565,304566,1,12
304553,304565,304566,1,12
304553,304565,304566,1,12
304553,304566,304567,1,13
304553,304566,304567,1,13
304553,304566,304567,1,13
304577,304577,304578,1,0
304577,304577,304578,1,0
304577,304577,304578,1,0
304577,304577,304578,1,0
304577,304577,304580,3,0
304577,304577,304579,2,0
304577,304577,304581,4,0
304577,304577,304580,3,0
304577,304577,304580,3,0
304577,304577,304580,3,0
304577,304577,304581,4,0
304577,304577,304581,4,0
304577,304577,304581,4,0
304577,304577,304582,5,0
304577,304577,304583,6,0
304577,304578,304582,4,1
304577,304577,304583,6,0
304577,304577,304584,7,0
304577,304577,304583,6,0
304577,304579,304583,4,2
304577,304580,304583,3,3
304577,304579,304583,4,2
304577,304580,304583,3,3
304577,304581,304584,3,4
304577,304582,304584,2,5
304577,304581,304583,2,4
304577,304577,304584,7,0
304577,304577,304584,7,0
304577,304577,304584,7,0
304577,304577,304585,8,0
304577,304583,304585,2,6
304577,304581,304584,3,4
304577,304582,304585,3,5
304577,304583,304584,1,6
304577,304582,304584,2,5
304577,304577,304585,8,0
304577,304577,304586,9,0
304577,304584,304587,3,7
304577,304585,304586,1,8
304577,304584,304587,3,7
304577,304584,304586,2,7
304577,304584,304587,3,7
304577,304584,304587,3,7
304577,304585,304586,1,8
304577,304585,304586,1,8
304577,304581,304588,7,4
304577,304586,304588,2,9
304577,304586,304587,1,9
304577,304579,304587,8,2
304577,304584,304588,4,7
304577,304584,304587,3,7
304577,304587,304588,1,10
304577,304587,304588,1,10
304577,304585,304587,2,8
304577,304587,304588,1,10
304577,304587,304588,1,10
304577,304585,304589,4,8
304577,304585,304588,3,8
304577,304582,304588,6,5
304577,304584,304589,5,7
304577,304585,304588,3,8
304577,304585,304588,3,8
304577,304585,304589,4,8
304577,304584,304589,5,7
304577,304587,304588,1,10
304577,304587,304589,2,10
304577,304587,304588,1,10
304577,304587,304588,1,10
304577,304588,304589,1,11
304577,304588,304589,1,11
304577,304588,304589,1,11
304577,304588,304589,1,11
304577,304584,304590,6,7
304577,304588,304590,2,11
304577,304588,304589,1,11
304577,304588,304590,2,11
304577,304588,304589,1,11
304577,304588,304589,1,11
304577,304588,304590,2,11
304599,304599,304600,1,0
304599,304599,304600,1,0
304599,304599,304601,2,0
304599,304599,304601,2,0
304599,304599,304602,3,0
304599,304599,304602,3,0
304599,304599,304602,3,0
304599,304599,304603,4,0
304599,304600,304603,3,1
304599,304599,304604,5,0
304599,304599,304604,5,0
304599,304599,304604,5,0
304599,304600,304604,4,1
304599,304599,304605,6,0
304599,304599,304605,6,0
304599,304599,304605,6,0
304599,304599,304606,7,0
304599,304599,304606,7,0
304599,304601,304606,5,2
304599,304599,304606,7,0
304599,304603,304606,3,4
304599,304603,304606,3,4
304599,304605,304606,1,6
304599,304605,304606,1,6
304599,304599,304607,8,0
304599,304599,304607,8,0
304599,304599,304607,8,0
304599,304604,304607,3,5
304599,304605,304607,2,6
304599,304605,304607,2,6
304599,304604,304607,3,5
304599,304606,304607,1,7
304599,304606,304607,1,7
304599,304599,304608,9,0
304599,304607,304609,2,8
304599,304607,304609,2,8
304599,304608,304609,1,9
304599,304599,304609,10,0
304599,304606,304609,3,7
304599,304602,304610,8,3
304599,304607,304610,3,8
304599,304607,304609,2,8
304599,304607,304609,2,8
304599,304608,304610,2,9
304599,304608,304609,1,9
304599,304607,304610,3,8
304599,304609,304610,1,10
304599,304607,304610,3,8
304599,304609,304610,1,10
304599,304599,304610,11,0
304599,304607,304610,3,8
304599,304608,304610,2,9
304599,304608,304610,2,9
304599,304610,304611,1,11
304599,304610,304611,1,11
304599,304609,304610,1,10
304599,304609,304610,1,10
304599,304610,304611,1,11
304599,304610,304611,1,11
304599,304599,304612,13,0
304599,304603,304611,8,4
304599,304608,304612,4,9
304599,304610,304611,1,11
304599,304608,304611,3,9
304599,304611,304612,1,12
304599,304611,304612,1,12
304599,304610,304611,1,11
304599,304610,304611,1,11
304599,304610,304611,1,11
304599,304610,304611,1,11
304599,304610,304611,1,11
304599,304608,304612,4,9
304599,304611,304612,1,12
304599,304611,304612,1,12
304599,304611,304613,2,12
304599,304611,304612,1,12
304599,304611,304612,1,12
304599,304611,304612,1,12
304599,304608,304613,5,9
304622,304622,304623,1,0
304622,304622,304623,1,0
304622,304622,304624,2,0
304622,304622,304625,3,0
304622,304622,304624,2,0
304622,304622,304624,2,0
304622,304622,304626,4,0
304622,304624,304626,2,2
304622,304623,304628,5,1
304622,304623,304627,4,1
304622,304623,304627,4,1
304622,304624,304627,3,2
304622,304625,304627,2,3
304622,304625,304628,3,3
304622,304623,304629,6,1
304622,304623,304629,6,1
304622,304627,304629,2,5
304622,304627,304629,2,5
304622,304623,304629,6,1
304622,304628,304629,1,6
304622,304623,304630,7,1
304622,304623,304630,7,1
304622,304628,304630,2,6
304622,304628,304630,2,6
304622,304629,304631,2,7
304622,304623,304630,7,1
304622,304628,304630,2,6
304622,304628,304630,2,6
304622,304625,304631,6,3
304622,304622,304632,10,0
304622,304630,304631,1,8
304622,304630,304631,1,8
304622,304630,304631,1,8
304622,304622,304631,9,0
304622,304630,304632,2,8
304622,304630,304632,2,8
304622,304625,304632,7,3
304622,304630,304632,2,8
304622,304623,304632,9,1
304622,304631,304632,1,9
304622,304631,304633,2,9
304622,304631,304632,1,9
304622,304631,304633,2,9
304622,304632,304633,1,10
304622,304623,304633,10,1
304622,304623,304633,10,1
304622,304631,304634,3,9
304622,304632,304633,1,10
304622,304631,304633,2,9
304622,304631,304633,2,9
304622,304632,304633,1,10
304622,304632,304634,2,10
304622,304632,304633,1,10
304622,304632,304633,1,10
304622,304632,304634,2,10
304622,304632,304634,2,10
304622,304633,304634,1,11
304622,304633,304634,1,11
304622,304631,304634,3,9
304622,304633,304634,1,11
304622,304633,304634,1,11
304622,304634,304635,1,12
304622,304634,304635,1,12
304622,304633,304634,1,11
304622,304634,304635,1,12
304622,304633,304634,1,11
304622,304633,304634,1,11
304622,304633,304634,1,11
304622,304634,304635,1,12
304622,304623,304635,12,1
304622,304634,304635,1,12
304622,304634,304635,1,12
304622,304634,304635,1,12
304622,304634,304635,1,12
304622,304634,304635,1,12
304622,304634,304635,1,12
304622,304634,304635,1,12
304622,304623,304636,13,1
304622,304623,304639,16,1
304647,304647,304648,1,0
304647,304647,304648,1,0
304647,304647,304649,2,0
304647,304647,304649,2,0
304647,304647,304649,2,0
304647,304647,304648,1,0
304647,304649,304651,2,2
304647,304647,304652,5,0
304647,304647,304652,5,0
304647,304647,304652,5,0
304647,304647,304653,6,0
304647,304647,304653,6,0
304647,304648,304653,5,1
304647,304647,304653,6,0
304647,304648,304653,5,1
304647,304647,304654,7,0
304647,304649,304654,5,2
304647,304647,304654,7,0
304647,304647,304654,7,0
304647,304649,304654,5,2
304647,304647,304654,7,0
304647,304652,304654,2,5
304647,304647,304655,8,0
304647,304649,304655,6,2
304647,304647,304656,9,0
304647,304647,304655,8,0
304647,304654,304655,1,7
304647,304655,304657,2,8
304647,304653,304656,3,6
304647,304655,304656,1,8
304647,304655,304656,1,8
304647,304653,304656,3,6
304647,304654,304657,3,7
304647,304655,304656,1,8
304647,304653,304656,3,6
304647,304654,304656,2,7
304647,304655,304656,1,8
304647,304656,304657,1,9
304647,304647,304657,10,0
304647,304656,304657,1,9
304647,304656,304658,2,9
304647,304655,304657,2,8
304647,304656,304657,1,9
304647,304647,304657,10,0
304647,304656,304657,1,9
304647,304654,304657,3,7
304647,304655,304657,2,8
304647,304657,304658,1,10
304647,304657,304658,1,10
304647,304657,304659,2,10
304647,304657,304658,1,10
304647,304657,304658,1,10
304647,304658,304659,1,11
304647,304657,304658,1,10
304647,304657,304658,1,10
304647,304657,304658,1,10
304647,304658,304659,1,11
304647,304657,304658,1,10
304647,304657,304658,1,10
304647,304658,304659,1,11
304647,304658,304659,1,11
304647,304647,304659,12,0
304647,304658,304659,1,11
304647,304658,304659,1,11
304647,304658,304659,1,11
304647,304658,304659,1,11
304647,304658,304659,1,11
304647,304647,304659,12,0
304647,304657,304659,2,10
304647,304658,304659,1,11
304647,304658,304659,1,11
304647,304659,304660,1,12
304647,304659,304660,1,12
304647,304659,304660,1,12
304647,304653,304660,7,6
304647,304659,304660,1,12
304647,304659,304661,2,12
304647,304659,304660,1,12
304647,304647,304662,15,0
304671,304671,304672,1,0
304671,304671,304672,1,0
304671,304671,304672,1,0
304671,304671,304673,2,0
304671,304671,304672,1,0
304671,304671,304672,1,0
304671,304671,304676,5,0
304671,304671,304675,4,0
304671,304671,304677,6,0
304671,304671,304676,5,0
304671,304672,304676,4,1
304671,304672,304676,4,1
304671,304671,304677,6,0
304671,304671,304677,6,0
304671,304672,304677,5,1
304671,304673,304678,5,2
304671,304671,304677,6,0
304671,304671,304677,6,0
304671,304671,304678,7,0
304671,304671,304678,7,0
304671,304671,304678,7,0
304671,304671,304679,8,0
304671,304673,304679,6,2
304671,304671,304680,9,0
304671,304676,304680,4,5
304671,304673,304680,7,2
304671,304678,304680,2,7
304671,304678,304680,2,7
304671,304676,304680,4,5
304671,304677,304680,3,6
304671,304678,304680,2,7
304671,304671,304681,10,0
304671,304671,304681,10,0
304671,304677,304681,4,6
304671,304677,304681,4,6
304671,304677,304681,4,6
304671,304677,304681,4,6
304671,304677,304681,4,6
304671,304678,304680,2,7
304671,304679,304682,3,8
304671,304679,304681,2,8
304671,304679,304682,3,8
304671,304678,304682,4,7
304671,304680,304682,2,9
304671,304681,304682,1,10
304671,304681,304682,1,10
304671,304677,304682,5,6
304671,304680,304682,2,9
304671,304681,304682,1,10
304671,304681,304682,1,10
304671,304680,304682,2,9
304671,304681,304683,2,10
304671,304680,304683,3,9
304671,304681,304683,2,10
304671,304680,304683,3,9
304671,304681,304683,2,10
304671,304681,304683,2,10
304671,304671,304683,12,0
304671,304680,304683,3,9
304671,304683,304684,1,12
304671,304683,304684,1,12
304671,304683,304684,1,12
304671,304682,304684,2,11
304671,304683,304684,1,12
304671,304683,304684,1,12
304671,304683,304684,1,12
304671,304682,304684,2,11
304671,304683,304684,1,12
304671,304683,304684,1,12
304671,304683,304684,1,12
304671,304683,304684,1,12
304671,304683,304684,1,12
304671,304671,304685,14,0
304671,304684,304685,1,13
304671,304671,304686,15,0
304695,304695,304696,1,0
304695,304695,304697,2,0
304695,304695,304697,2,0
304695,304695,304697,2,0
304695,304695,304697,2,0
304695,304695,304697,2,0
304695,304695,304701,6,0
304695,304695,304701,6,0
304695,304695,304701,6,0
304695,304698,304701,3,3
304695,304695,304701,6,0
304695,304695,304701,6,0
304695,304698,304702,4,3
304695,304695,304701,6,0
304695,304695,304701,6,0
304695,304695,304701,6,0
304695,304697,304701,4,2
304695,304695,304702,7,0
304695,304702,304704,2,7
304695,304702,304703,1,7
304695,304702,304704,2,7
304695,304703,304704,1,8
304695,304695,304704,9,0
304695,304695,304704,9,0
304695,304698,304704,6,3
304695,304695,304704,9,0
304695,304704,304705,1,9
304695,304695,304705,10,0
304695,304695,304705,10,0
304695,304698,304705,7,3
304695,304702,304705,3,7
304695,304702,304705,3,7
304695,304702,304705,3,7
304695,304702,304705,3,7
304695,304702,304705,3,7
304695,304704,304705,1,9
304695,304704,304705,1,9
304695,304702,304705,3,7
304695,304704,304706,2,9
304695,304695,304706,11,0
304695,304695,304707,12,0
304695,304702,304707,5,7
304695,304706,304707,1,11
304695,304702,304707,5,7
304695,304705,304706,1,10
304695,304706,304707,1,11
304695,304706,304707,1,11
304695,304706,304707,1,11
304695,304695,304707,12,0
304695,304706,304707,1,11
304695,304705,304708,3,10
304695,304706,304707,1,11
304695,304706,304707,1,11
304695,304706,304707,1,11
304695,304706,304707,1,11
304695,304706,304707,1,11
304695,304706,304707,1,11
304695,304707,304708,1,12
304695,304707,304708,1,12
304695,304695,304708,13,0
304695,304705,304708,3,10
304695,304705,304708,3,10
304695,304705,304708,3,10
304695,304698,304708,10,3
304695,304707,304708,1,12
304695,304706,304708,2,11
304695,304707,304708,1,12
304695,304707,304708,1,12
304695,304707,304708,1,12
304695,304708,304709,1,13
304695,304708,304709,1,13
304695,304707,304708,1,12
304695,304707,304708,1,12
304695,304708,304709,1,13
304695,304707,304708,1,12
304695,304708,304709,1,13
304695,304708,304709,1,13
304695,304708,304709,1,13
304695,304708,304709,1,13
304719,304719,304720,1,0
304719,304719,304720,1,0
304719,304719,304720,1,0
304719,304719,304720,1,0
304719,304719,304720,1,0
304719,304719,304720,1,0
304719,304720,304722,2,1
304719,304719,304725,6,0
304719,304719,304724,5,0
304719,304719,304724,5,0
304719,304719,304725,6,0
304719,304719,304724,5,0
304719,304719,304725,6,0
304719,304721,304725,4,2
304719,304721,304725,4,2
304719,304719,304725,6,0
304719,304721,304725,4,2
304719,304719,304727,8,0
304719,304719,304726,7,0
304719,304719,304726,7,0
304719,304723,304727,4,4
304719,304719,304727,8,0
304719,304719,304728,9,0
304719,304719,304727,8,0
304719,304719,304728,9,0
304719,304719,304729,10,0
304719,304725,304728,3,6
304719,304726,304728,2,7
304719,304725,304729,4,6
304719,304727,304728,1,8
304719,304726,304728,2,7
304719,304727,304728,1,8
304719,304721,304730,9,2
304719,304727,304730,3,8
304719,304725,304729,4,6
304719,304725,304729,4,6
304719,304725,304729,4,6
304719,304726,304730,4,7
304719,304729,304730,1,10
304719,304726,304729,3,7
304719,304727,304729,2,8
304719,304729,304730,1,10
304719,304729,304730,1,10
304719,304719,304730,11,0
304719,304728,304730,2,9
304719,304729,304730,1,10
304719,304729,304731,2,10
304719,304729,304730,1,10
304719,304730,304731,1,11
304719,304730,304731,1,11
304719,304729,304730,1,10
304719,304730,304731,1,11
304719,304730,304731,1,11
304719,304730,304731,1,11
304719,304730,304731,1,11
304719,304728,304732,4,9
304719,304730,304731,1,11
304719,304730,304732,2,11
304719,304721,304732,11,2
304719,304730,304731,1,11
304719,304731,304732,1,12
304719,304731,304732,1,12
304719,304731,304732,1,12
304719,304730,304731,1,11
304719,304730,304732,2,11
304719,304731,304732,1,12
304719,304719,304733,14,0
304719,304728,304732,4,9
304719,304729,304732,3,10
304719,304731,304733,2,12
304719,304731,304732,1,12
304719,304731,304733,2,12
304719,304731,304733,2,12
304719,304731,304733,2,12
304719,304731,304733,2,12
304719,304731,304733,2,12
304719,304731,304733,2,12
304719,304726,304733,7,7
304719,304719,304734,15,0
304742,304742,304743,1,0
304742,304742,304743,1,0
304742,304742,304744,2,0
304742,304742,304744,2,0
304742,304742,304744,2,0
304742,304742,304745,3,0
304742,304742,304746,4,0
304742,304743,304747,4,1
304742,304742,304748,6,0
304742,304742,304748,6,0
304742,304742,304748,6,0
304742,304742,304748,6,0
304742,304742,304749,7,0
304742,304744,304749,5,2
304742,304746,304749,3,4
304742,304742,304749,7,0
304742,304742,304750,8,0
304742,304742,304750,8,0
304742,304743,304750,7,1
304742,304742,304750,8,0
304742,304742,304751,9,0
304742,304742,304751,9,0
304742,304742,304751,9,0
304742,304747,304751,4,5
304742,304742,304752,10,0
304742,304750,304753,3,8
304742,304751,304752,1,9
304742,304748,304752,4,6
304742,304749,304752,3,7
304742,304749,304752,3,7
304742,304751,304752,1,9
304742,304742,304754,12,0
304742,304742,304754,12,0
304742,304745,304753,8,3
304742,304751,304753,2,9
304742,304749,304753,4,7
304742,304750,304753,3,8
304742,304750,304753,3,8
304742,304752,304754,2,10
304742,304742,304753,11,0
304742,304752,304753,1,10
304742,304753,304754,1,11
304742,304742,304754,12,0
304742,304744,304754,10,2
304742,304751,304755,4,9
304742,304752,304754,2,10
304742,304753,304755,2,11
304742,304753,304755,2,11
304742,304754,304755,1,12
304742,304753,304754,1,11
304742,304753,304754,1,11
304742,304753,304754,1,11
304742,304754,304755,1,12
304742,304754,304755,1,12
304742,304754,304755,1,12
304742,304752,304755,3,10
304742,304753,304755,2,11
304742,304754,304755,1,12
304742,304754,304755,1,12
304742,304755,304756,1,13
304742,304754,304755,1,12
304742,304754,304755,1,12
304742,304754,304755,1,12
304742,304754,304755,1,12
304742,304754,304755,1,12
304742,304755,304756,1,13
304742,304749,304757,8,7
304742,304750,304757,7,8
304742,304755,304756,1,13
304742,304755,304756,1,13
304742,304755,304756,1,13
304742,304755,304756,1,13
304742,304755,304756,1,13
304742,304755,304756,1,13
304742,304755,304756,1,13
304742,304755,304756,1,13
304742,304756,304757,1,14
304742,304756,304757,1,14
304742,304756,304758,2,14
304766,304766,304767,1,0
304766,304766,304767,1,0
304766,304766,304768,2,0
304766,304766,304768,2,0
304766,304766,304768,2,0
304766,304766,304771,5,0
304766,304767,304771,4,1
304766,304766,304772,6,0
304766,304767,304772,5,1
304766,304766,304772,6,0
304766,304766,304772,6,0
304766,304766,304773,7,0
304766,304766,304773,7,0
304766,304766,304772,6,0
304766,304768,304773,5,2
304766,304766,304773,7,0
304766,304766,304774,8,0
304766,304766,304774,8,0
304766,304766,304774,8,0
304766,304766,304774,8,0
304766,304766,304774,8,0
304766,304768,304775,7,2
304766,304771,304775,4,5
304766,304771,304775,4,5
304766,304768,304776,8,2
304766,304774,304776,2,8
304766,304772,304776,4,6
304766,304774,304776,2,8
304766,304775,304776,1,9
304766,304773,304776,3,7
304766,304766,304777,11,0
304766,304773,304777,4,7
304766,304774,304777,3,8
304766,304774,304777,3,8
304766,304773,304778,5,7
304766,304776,304778,2,10
304766,304776,304777,1,10
304766,304775,304777,2,9
304766,304766,304778,12,0
304766,304776,304778,2,10
304766,304778,304779,1,12
304766,304777,304778,1,11
304766,304777,304778,1,11
304766,304777,304778,1,11
304766,304777,304779,2,11
304766,304766,304778,12,0
304766,304776,304779,3,10
304766,304772,304779,7,6
304766,304774,304779,5,8
304766,304778,304779,1,12
304766,304775,304779,4,9
304766,304776,304779,3,10
304766,304777,304779,2,11
304766,304778,304779,1,12
304766,304778,304779,1,12
304766,304778,304779,1,12
304766,304778,304779,1,12
304766,304778,304779,1,12
304766,304778,304779,1,12
304766,304779,304781,2,13
304766,304766,304780,14,0
304766,304779,304780,1,13
304766,304779,304780,1,13
304766,304779,304780,1,13
304766,304779,304780,1,13
304766,304779,304780,1,13
304766,304779,304780,1,13
304766,304780,304781,1,14
304766,304780,304781,1,14
304766,304780,304781,1,14
304766,304780,304781,1,14
304766,304780,304781,1,14
304766,304780,304781,1,14
304766,304766,304782,16,0
304766,304780,304781,1,14
304766,304780,304781,1,14
304766,304780,304781,1,14
304766,304780,304781,1,14
304766,304766,304788,22,0
304797,304797,304798,1,0
304797,304797,304798,1,0
304797,304797,304798,1,0
304797,304797,304799,2,0
304797,304797,304799,2,0
304797,304797,304802,5,0
304797,304797,304802,5,0
304797,304798,304802,4,1
304797,304797,304802,5,0
304797,304798,304802,4,1
304797,304797,304803,6,0
304797,304797,304802,5,0
304797,304798,304803,5,1
304797,304797,304803,6,0
304797,304797,304803,6,0
304797,304797,304803,6,0
304797,304797,304803,6,0
304797,304797,304803,6,0
304797,304797,304804,7,0
304797,304797,304804,7,0
304797,304797,304805,8,0
304797,304799,304806,7,2
304797,304802,304806,4,5
304797,304797,304806,9,0
304797,304802,304806,4,5
304797,304804,304806,2,7
304797,304805,304806,1,8
304797,304797,304807,10,0
304797,304797,304807,10,0
304797,304803,304807,4,6
304797,304803,304807,4,6
304797,304803,304807,4,6
304797,304802,304807,5,5
304797,304802,304807,5,5
304797,304804,304807,3,7
304797,304802,304807,5,5
304797,304805,304808,3,8
304797,304797,304808,11,0
304797,304799,304808,9,2
304797,304805,304808,3,8
304797,304807,304809,2,10
304797,304808,304809,1,11
304797,304804,304808,4,7
304797,304808,304809,1,11
304797,304808,304809,1,11
304797,304807,304808,1,10
304797,304807,304808,1,10
304797,304807,304808,1,10
304797,304797,304809,12,0
304797,304804,304809,5,7
304797,304807,304809,2,10
304797,304808,304809,1,11
304797,304808,304809,1,11
304797,304809,304810,1,12
304797,304809,304810,1,12
304797,304808,304809,1,11
304797,304809,304810,1,12
304797,304809,304810,1,12
304797,304808,304809,1,11
304797,304809,304810,1,12
304797,304809,304810,1,12
304797,304808,304810,2,11
304797,304797,304810,13,0
304797,304807,304810,3,10
304797,304803,304810,7,6
304797,304808,304810,2,11
304797,304809,304810,1,12
304797,304809,304810,1,12
304797,304810,304811,1,13
304797,304810,304811,1,13
304797,304810,304811,1,13
304797,304809,304811,2,12
304797,304810,304811,1,13
304797,304810,304811,1,13
304797,304809,304811,2,12
304797,304809,304811,2,12
304797,304809,304811,2,12
304797,304810,304811,1,13
304797,304810,304811,1,13
304821,304821,304822,1,0
304821,304821,304822,1,0
304821,304821,304823,2,0
304821,304821,304823,2,0
304821,304821,304823,2,0
304821,304822,304825,3,1
304821,304821,304826,5,0
304821,304823,304826,3,2
304821,304821,304826,5,0
304821,304821,304827,6,0
304821,304822,304827,5,1
304821,304821,304827,6,0
304821,304821,304827,6,0
304821,304821,304827,6,0
304821,304823,304828,5,2
304821,304821,304828,7,0
304821,304821,304828,7,0
304821,304821,304828,7,0
304821,304821,304830,9,0
304821,304821,304830,9,0
304821,304821,304830,9,0
304821,304823,304831,8,2
304821,304821,304831,10,0
304821,304828,304831,3,7
304821,304828,304831,3,7
304821,304827,304831,4,6
304821,304828,304831,3,7
304821,304826,304831,5,5
304821,304828,304832,4,7
304821,304829,304831,2,8
304821,304821,304832,11,0
304821,304821,304832,11,0
304821,304829,304832,3,8
304821,304828,304832,4,7
304821,304831,304832,1,10
304821,304827,304832,5,6
304821,304829,304832,3,8
304821,304829,304832,3,8
304821,304832,304833,1,11
304821,304832,304833,1,11
304821,304832,304833,1,11
304821,304821,304833,12,0
304821,304832,304834,2,11
304821,304832,304833,1,11
304821,304832,304833,1,11
304821,304833,304834,1,12
304821,304833,304834,1,12
304821,304821,304834,13,0
304821,304832,304834,2,11
304821,304833,304834,1,12
304821,304833,304835,2,12
304821,304834,304835,1,13
304821,304834,304835,1,13
304821,304833,304835,2,12
304821,304833,304834,1,12
304821,304833,304834,1,12
304821,304834,304835,1,13
304821,304821,304835,14,0
304821,304831,304835,4,10
304821,304833,304835,2,12
304821,304821,304835,14,0
304821,304832,304835,3,11
304821,304834,304835,1,13
304821,304831,304836,5,10
304821,304833,304835,2,12
304821,304833,304835,2,12
304821,304833,304835,2,12
304821,304834,304835,1,13
304821,304835,304836,1,14
304821,304835,304836,1,14
304821,304835,304836,1,14
304821,304835,304836,1,14
304821,304832,304836,4,11
304821,304835,304836,1,14
304821,304835,304836,1,14
304821,304835,304836,1,14
304821,304835,304836,1,14
304821,304835,304836,1,14
304821,304828,304837,9,7
304846,304846,304847,1,0
304846,304846,304847,1,0
304846,304846,304847,1,0
304846,304846,304847,1,0
304846,304846,304847,1,0
304846,304847,304850,3,1
304846,304846,304851,5,0
304846,304846,304851,5,0
304846,304846,304851,5,0
304846,304848,304851,3,2
304846,304846,304851,5,0
304846,304848,304851,3,2
304846,304846,304851,5,0
304846,304846,304852,6,0
304846,304846,304852,6,0
304846,304846,304853,7,0
304846,304846,304852,6,0
304846,304846,304852,6,0
304846,304846,304852,6,0
304846,304846,304853,7,0
304846,304846,304854,8,0
304846,304846,304853,7,0
304846,304852,304853,1,6
304846,304846,304853,7,0
304846,304852,304853,1,6
304846,304853,304855,2,7
304846,304846,304855,9,0
304846,304846,304855,9,0
304846,304853,304854,1,7
304846,304852,304854,2,6
304846,304853,304855,2,7
304846,304852,304855,3,6
304846,304852,304855,3,6
304846,304846,304856,10,0
304846,304846,304856,10,0
304846,304852,304855,3,6
304846,304853,304856,3,7
304846,304855,304856,1,9
304846,304851,304856,5,5
304846,304853,304855,2,7
304846,304853,304856,3,7
304846,304848,304856,8,2
304846,304855,304856,1,9
304846,304855,304856,1,9
304846,304848,304856,8,2
304846,304854,304857,3,8
304846,304855,304856,1,9
304846,304855,304857,2,9
304846,304855,304856,1,9
304846,304856,304857,1,10
304846,304854,304857,3,8
304846,304854,304856,2,8
304820,304820,304857,37,0
304846,304855,304857,2,9
304846,304855,304857,2,9
304846,304854,304858,4,8
304846,304856,304857,1,10
304846,304856,304858,2,10
304846,304857,304858,1,11
304846,304857,304858,1,11
304846,304856,304858,2,10
304846,304856,304858,2,10
304846,304857,304858,1,11
304846,304856,304857,1,10
304846,304857,304858,1,11
304846,304857,304858,1,11
304846,304857,304858,1,11
304846,304854,304858,4,8
304846,304857,304858,1,11
304846,304856,304858,2,10
304846,304856,304858,2,10
304846,304857,304858,1,11
304846,304857,304858,1,11
304846,304857,304859,2,11
304846,304857,304859,2,11
304846,304854,304860,6,8
304846,304858,304859,1,12
304846,304858,304860,2,12
304846,304858,304859,1,12
304846,304852,304861,9,6
304870,304870,304871,1,0
304870,304870,304871,1,0
304870,304870,304871,1,0
304870,304870,304871,1,0
304870,304870,304873,3,0
304870,304870,304874,4,0
304870,304870,304873,3,0
304870,304870,304873,3,0
304870,304870,304874,4,0
304870,304870,304874,4,0
304870,304870,304875,5,0
304870,304870,304875,5,0
304870,304872,304875,3,2
304870,304870,304876,6,0
304870,304872,304876,4,2
304870,304870,304876,6,0
304870,304870,304876,6,0
304870,304872,304876,4,2
304870,304874,304876,2,4
304870,304870,304876,6,0
304870,304870,304877,7,0
304870,304870,304878,8,0
304870,304870,304877,7,0
304870,304876,304878,2,6
304870,304876,304877,1,6
304870,304875,304878,3,5
304870,304874,304877,3,4
304870,304875,304877,2,5
304870,304876,304878,2,6
304870,304870,304878,8,0
304870,304870,304879,9,0
304870,304876,304878,2,6
304870,304876,304878,2,6
304870,304877,304879,2,7
304870,304877,304879,2,7
304870,304877,304879,2,7
304870,304877,304878,1,7
304870,304877,304878,1,7
304870,304878,304879,1,8
304870,304870,304879,9,0
304870,304872,304879,7,2
304870,304874,304880,6,4
304870,304874,304879,5,4
304870,304878,304879,1,8
304870,304878,304879,1,8
304870,304879,304880,1,9
304870,304878,304879,1,8
304870,304878,304879,1,8
304870,304878,304879,1,8
304870,304877,304880,3,7
304870,304878,304880,2,8
304870,304878,304881,3,8
304870,304879,304881,2,9
304870,304879,304881,2,9
304870,304879,304880,1,9
304870,304880,304881,1,10
304870,304879,304880,1,9
304870,304879,304881,2,9
304870,304880,304881,1,10
304870,304880,304881,1,10
304870,304879,304880,1,9
304870,304879,304880,1,9
304870,304880,304881,1,10
304870,304879,304882,3,9
304870,304880,304882,2,10
304870,304880,304881,1,10
304870,304870,304881,11,0
304870,304879,304881,2,9
304870,304880,304882,2,10
304870,304870,304882,12,0
304870,304880,304881,1,10
304870,304880,304881,1,10
304870,304880,304881,1,10
304870,304881,304882,1,11
304870,304881,304882,1,11
304870,304881,304882,1,11
304870,304881,304883,2,11
304870,304881,304883,2,11
304870,304881,304882,1,11
304892,304892,304893,1,0
304892,304892,304893,1,0
304892,304892,304893,1,0
304892,304892,304893,1,0
304892,304892,304894,2,0
304892,304892,304894,2,0
304892,304892,304895,3,0
304892,304892,304895,3,0
304892,304892,304895,3,0
304892,304892,304895,3,0
304892,304892,304895,3,0
304892,304892,304896,4,0
304892,304895,304896,1,3
304892,304893,304897,4,1
304892,304894,304897,3,2
304892,304895,304897,2,3
304892,304892,304897,5,0
304892,304892,304896,4,0
304892,304892,304898,6,0
304892,304892,304898,6,0
304892,304892,304898,6,0
304892,304896,304898,2,4
304892,304896,304898,2,4
304892,304892,304898,6,0
304892,304893,304898,5,1
304892,304894,304898,4,2
304892,304892,304898,6,0
304892,304895,304899,4,3
304892,304892,304898,6,0
304892,304897,304899,2,5
304892,304896,304899,3,4
304892,304897,304899,2,5
304892,304892,304900,8,0
304892,304892,304900,8,0
304892,304894,304900,6,2
304892,304896,304900,4,4
304892,304897,304900,3,5
304892,304898,304899,1,6
304892,304898,304900,2,6
304892,304898,304900,2,6
304892,304897,304900,3,5
304892,304898,304900,2,6
304892,304897,304900,3,5
304892,304898,304900,2,6
304892,304898,304901,3,6
304892,304892,304901,9,0
304892,304898,304900,2,6
304892,304892,304901,9,0
304892,304894,304901,7,2
304892,304898,304901,3,6
304892,304899,304901,2,7
304892,304899,304901,2,7
304892,304899,304901,2,7
304892,304900,304901,1,8
304892,304901,304902,1,9
304892,304900,304901,1,8
304892,304900,304902,2,8
304892,304900,304902,2,8
304892,304900,304902,2,8
304892,304900,304902,2,8
304892,304900,304902,2,8
304892,304900,304902,2,8
304892,304899,304902,3,7
304892,304900,304902,2,8
304892,304901,304902,1,9
304892,304901,304902,1,9
304892,304901,304902,1,9
304892,304902,304903,1,10
304892,304899,304903,4,7
304892,304901,304903,2,9
304892,304901,304903,2,9
304892,304902,304903,1,10
304892,304902,304903,1,10
304892,304902,304903,1,10
304892,304902,304903,1,10
304892,304902,304903,1,10
304892,304902,304903,1,10
304892,304902,304903,1,10
304913,304913,304914,1,0
304913,304913,304914,1,0
304913,304913,304914,1,0
304913,304913,304915,2,0
304913,304913,304915,2,0
304913,304914,304916,2,1
304913,304913,304916,3,0
304913,304913,304916,3,0
304913,304914,304917,3,1
304913,304913,304918,5,0
304913,304913,304917,4,0
304913,304913,304918,5,0
304913,304913,304918,5,0
304913,304915,304918,3,2
304913,304916,304918,2,3
304913,304913,304919,6,0
304913,304913,304919,6,0
304913,304917,304919,2,4
304913,304917,304919,2,4
304913,304916,304920,4,3
304913,304913,304920,7,0
304913,304913,304920,7,0
304913,304913,304920,7,0
304913,304918,304920,2,5
304913,304913,304921,8,0
304913,304919,304921,2,6
304913,304919,304922,3,6
304913,304919,304921,2,6
304913,304920,304922,2,7
304913,304920,304922,2,7
304913,304921,304922,1,8
304913,304913,304921,8,0
304913,304919,304921,2,6
304913,304921,304922,1,8
304913,304919,304922,3,6
304913,304917,304922,5,4
304913,304920,304922,2,7
304913,304921,304922,1,8
304913,304921,304922,1,8
304913,304913,304923,10,0
304913,304913,304923,10,0
304913,304922,304924,2,9
304913,304922,304923,1,9
304913,304922,304924,2,9
304913,304922,304924,2,9
304913,304922,304924,2,9
304913,304922,304924,2,9
304913,304922,304923,1,9
304913,304922,304923,1,9
304913,304922,304923,1,9
304913,304923,304924,1,10
304913,304913,304924,11,0
304913,304920,304924,4,7
304913,304913,304924,11,0
304913,304919,304924,5,6
304913,304923,304924,1,10
304913,304923,304924,1,10
304913,304922,304924,2,9
304913,304923,304924,1,10
304913,304923,304924,1,10
304913,304924,304925,1,11
304913,304924,304925,1,11
304913,304924,304925,1,11
304913,304921,304925,4,8
304913,304924,304926,2,11
304913,304924,304925,1,11
304913,304924,304925,1,11
304913,304924,304926,2,11
304913,304924,304926,2,11
304913,304924,304925,1,11
304913,304924,304926,2,11
304913,304924,304926,2,11
304913,304924,304926,2,11
304913,304925,304926,1,12
304913,304925,304926,1,12
304913,304925,304926,1,12
304913,304925,304926,1,12
304913,304913,304926,13,0
304913,304913,304929,16,0
304937,304937,304938,1,0
304937,304937,304938,1,0
304937,304937,304938,1,0
304937,304937,304938,1,0
304937,304937,304938,1,0
304937,304937,304938,1,0
304937,304937,304940,3,0
304937,304937,304940,3,0
304937,304938,304940,2,1
304937,304938,304941,3,1
304937,304939,304941,2,2
304937,304937,304941,4,0
304937,304939,304942,3,2
304937,304937,304941,4,0
304937,304937,304942,5,0
304937,304937,304943,6,0
304937,304937,304943,6,0
304937,304937,304943,6,0
304937,304937,304942,5,0
304937,304941,304943,2,4
304937,304937,304943,6,0
304937,304941,304943,2,4
304937,304939,304944,5,2
304937,304941,304944,3,4
304937,304937,304944,7,0
304937,304943,304944,1,6
304937,304939,304944,5,2
304937,304941,304944,3,4
304937,304937,304945,8,0
304937,304943,304945,2,6
304937,304942,304945,3,5
304937,304943,304945,2,6
304937,304944,304946,2,7
304937,304937,304945,8,0
304937,304937,304946,9,0
304937,304943,304946,3,6
304937,304944,304946,2,7
304937,304943,304946,3,6
304937,304943,304946,3,6
304937,304944,304946,2,7
304937,304944,304946,2,7
304937,304945,304946,1,8
304937,304944,304946,2,7
304937,304944,304946,2,7
304937,304945,304946,1,8
304937,304945,304946,1,8
304937,304937,304946,9,0
304937,304942,304946,4,5
304937,304945,304947,2,8
304937,304942,304947,5,5
304937,304945,304947,2,8
304937,304945,304947,2,8
304937,304946,304947,1,9
304937,304941,304948,7,4
304937,304946,304947,1,9
304937,304946,304948,2,9
304937,304946,304948,2,9
304937,304946,304948,2,9
304937,304946,304948,2,9
304937,304946,304948,2,9
304937,304947,304948,1,10
304937,304947,304948,1,10
304937,304947,304948,1,10
304937,304947,304948,1,10
304937,304947,304948,1,10
304937,304947,304948,1,10
304937,304946,304949,3,9
304937,304947,304949,2,10
304937,304947,304949,2,10
304937,304947,304949,2,10
304937,304947,304949,2,10
304937,304947,304949,2,10
304937,304947,304949,2,10
304937,304948,304949,1,11
304937,304937,304950,13,0
304937,304948,304950,2,11
304937,304948,304950,2,11
304937,304937,304951,14,0
304937,304937,304952,15,0
304961,304961,304962,1,0
304961,304961,304962,1,0
304961,304961,304962,1,0
304961,304961,304962,1,0
304961,304961,304963,2,0
304961,304961,304964,3,0
304961,304961,304965,4,0
304961,304961,304965,4,0
304961,304961,304965,4,0
304961,304962,304965,3,1
304961,304961,304965,4,0
304961,304962,304966,4,1
304961,304961,304966,5,0
304961,304962,304966,4,1
304961,304965,304967,2,4
304961,304965,304967,2,4
304961,304961,304968,7,0
304961,304961,304967,6,0
304961,304963,304968,5,2
304961,304961,304967,6,0
304961,304966,304968,2,5
304961,304966,304968,2,5
304961,304961,304968,7,0
304961,304961,304969,8,0
304961,304966,304968,2,5
304961,304967,304969,2,6
304961,304967,304969,2,6
304961,304961,304968,7,0
304961,304961,304969,8,0
304961,304967,304969,2,6
304961,304961,304970,9,0
304961,304961,304969,8,0
304961,304964,304970,6,3
304961,304965,304970,5,4
304961,304961,304969,8,0
304961,304966,304969,3,5
304961,304968,304970,2,7
304961,304968,304970,2,7
304961,304968,304970,2,7
304961,304969,304971,2,8
304961,304969,304971,2,8
304961,304969,304971,2,8
304961,304969,304971,2,8
304961,304969,304971,2,8
304961,304969,304971,2,8
304961,304969,304971,2,8
304961,304961,304971,10,0
304961,304970,304972,2,9
304961,304961,304972,11,0
304961,304967,304972,5,6
304961,304970,304972,2,9
304961,304970,304972,2,9
304961,304970,304972,2,9
304961,304970,304972,2,9
304961,304970,304972,2,9
304961,304970,304972,2,9
304961,304970,304972,2,9
304961,304970,304972,2,9
304961,304968,304972,4,7
304961,304969,304973,4,8
304961,304971,304973,2,10
304961,304971,304973,2,10
304961,304972,304973,1,11
304961,304971,304973,2,10
304961,304972,304973,1,11
304961,304972,304973,1,11
304961,304972,304974,2,11
304961,304972,304974,2,11
304961,304968,304974,6,7
304961,304972,304974,2,11
304961,304972,304974,2,11
304961,304972,304974,2,11
304961,304972,304974,2,11
304961,304972,304974,2,11
304961,304972,304974,2,11
304961,304968,304974,6,7
304961,304961,304975,14,0
304961,304972,304975,3,11
304961,304972,304975,3,11
304984,304984,304985,1,0
304984,304984,304985,1,0
304984,304984,304985,1,0
304984,304984,304986,2,0
304984,304984,304987,3,0
304984,304984,304988,4,0
304984,304984,304988,4,0
304984,304984,304987,3,0
304984,304985,304988,3,1
304984,304984,304988,4,0
304984,304984,304988,4,0
304984,304984,304988,4,0
304984,304985,304988,3,1
304984,304985,304989,4,1
304984,304984,304990,6,0
304984,304984,304990,6,0
304984,304984,304991,7,0
304984,304989,304990,1,5
304984,304989,304990,1,5
304984,304984,304991,7,0
304984,304984,304991,7,0
304984,304990,304991,1,6
304984,304984,304991,7,0
304984,304989,304991,2,5
304984,304989,304991,2,5
304984,304987,304991,4,3
304984,304989,304991,2,5
304984,304990,304991,1,6
304984,304991,304992,1,7
304984,304984,304992,8,0
304984,304989,304992,3,5
304984,304991,304992,1,7
304984,304991,304992,1,7
304984,304984,304993,9,0
304984,304989,304993,4,5
304984,304991,304993,2,7
304984,304992,304993,1,8
304984,304992,304994,2,8
304984,304984,304993,9,0
304984,304988,304994,6,4
304984,304992,304993,1,8
304984,304993,304994,1,9
304984,304991,304993,2,7
304984,304992,304993,1,8
304984,304984,304994,10,0
304984,304992,304994,2,8
304984,304984,304994,10,0
304984,304992,304994,2,8
304984,304992,304994,2,8
304984,304992,304994,2,8
304984,304993,304994,1,9
304984,304993,304994,1,9
304984,304993,304994,1,9
304984,304993,304994,1,9
304984,304984,304995,11,0
304984,304994,304995,1,10
304984,304993,304995,2,9
304984,304994,304995,1,10
304984,304994,304996,2,10
304984,304994,304995,1,10
304984,304994,304996,2,10
304984,304994,304996,2,10
304984,304995,304996,1,11
304984,304995,304996,1,11
304984,304994,304996,2,10
304984,304995,304996,1,11
304984,304995,304997,2,11
304984,304994,304996,2,10
304984,304994,304997,3,10
304984,304995,304996,1,11
304984,304995,304996,1,11
304984,304994,304996,2,10
304984,304994,304996,2,10
304984,304995,304997,2,11
304984,304995,304997,2,11
304984,304984,304997,13,0
304984,304995,304998,3,11
304984,304995,304999,4,11
305008,305008,305009,1,0
305008,305008,305009,1,0
305008,305008,305010,2,0
305008,305008,305009,1,0
305008,305008,305009,1,0
305008,305008,305009,1,0
305008,305008,305009,1,0
305008,305008,305011,3,0
305008,305008,305010,2,0
305008,305009,305012,3,1
305008,305008,305013,5,0
305008,305008,305013,5,0
305008,305008,305013,5,0
305008,305010,305013,3,2
305008,305008,305013,5,0
305008,305010,305013,3,2
305008,305010,305013,3,2
305008,305008,305013,5,0
305008,305008,305013,5,0
305008,305012,305013,1,4
305008,305008,305014,6,0
305008,305011,305014,3,3
305008,305010,305014,4,2
305008,305013,305014,1,5
305008,305014,305015,1,6
305008,305014,305015,1,6
305008,305010,305015,5,2
305008,305011,305015,4,3
305008,305008,305016,8,0
305008,305014,305015,1,6
305008,305014,305015,1,6
305008,305014,305016,2,6
305008,305008,305016,8,0
305008,305014,305016,2,6
305008,305014,305015,1,6
305008,305014,305015,1,6
305008,305014,305015,1,6
305008,305010,305016,6,2
305008,305015,305016,1,7
305008,305015,305017,2,7
305008,305008,305016,8,0
305008,305016,305017,1,8
305008,305015,305017,2,7
305008,305015,305017,2,7
305008,305015,305017,2,7
305008,305008,305017,9,0
305008,305015,305017,2,7
305008,305008,305017,9,0
305008,305016,305018,2,8
305008,305016,305018,2,8
305008,305008,305017,9,0
305008,305016,305018,2,8
305008,305016,305018,2,8
305008,305016,305018,2,8
305008,305016,305017,1,8
305008,305016,305018,2,8
305008,305016,305018,2,8
305008,305016,305018,2,8
305008,305017,305019,2,9
305008,305017,305019,2,9
305008,305008,305020,12,0
305008,305017,305020,3,9
305008,305018,305020,2,10
305008,305016,305019,3,8
305008,305018,305020,2,10
305008,305018,305019,1,10
305008,305018,305019,1,10
305008,305017,305019,2,9
305008,305018,305020,2,10
305008,305018,305019,1,10
305008,305018,305019,1,10
305008,305017,305019,2,9
305008,305018,305020,2,10
305008,305018,305020,2,10
305008,305008,305021,13,0
305008,305017,305020,3,9
305008,305017,305021,4,9
305008,305017,305020,3,9
305008,305018,305020,2,10
305030,305030,305031,1,0
305030,305030,305031,1,0
305030,305030,305031,1,0
305030,305030,305031,1,0
305030,305030,305033,3,0
305030,305030,305032,2,0
305030,305030,305034,4,0
305030,305031,305033,2,1
305030,305030,305035,5,0
305030,305030,305035,5,0
305030,305032,305034,2,2
305030,305030,305035,5,0
305030,305030,305035,5,0
305030,305032,305035,3,2
305030,305030,305035,5,0
305030,305030,305036,6,0
305030,305032,305036,4,2
305030,305033,305036,3,3
305030,305030,305037,7,0
305030,305030,305037,7,0
305030,305030,305037,7,0
305030,305035,305037,2,5
305030,305035,305037,2,5
305030,305035,305037,2,5
305030,305034,305037,3,4
305030,305034,305036,2,4
305030,305036,305037,1,6
305030,305035,305037,2,5
305030,305035,305037,2,5
305030,305035,305037,2,5
305030,305036,305037,1,6
305030,305033,305038,5,3
305030,305036,305038,2,6
305030,305030,305038,8,0
305030,305030,305039,9,0
305030,305036,305038,2,6
305030,305037,305038,1,7
305030,305030,305038,8,0
305030,305037,305039,2,7
305030,305037,305039,2,7
305030,305037,305039,2,7
305030,305037,305039,2,7
305030,305037,305039,2,7
305030,305037,305039,2,7
305030,305037,305039,2,7
305030,305037,305039,2,7
305030,305037,305039,2,7
305030,305038,305039,1,8
305030,305037,305040,3,7
305030,305030,305039,9,0
305030,305030,305040,10,0
305030,305037,305039,2,7
305030,305038,305040,2,8
305030,305030,305040,10,0
305030,305037,305039,2,7
305030,305030,305041,11,0
305030,305039,305041,2,9
305030,305030,305040,10,0
305030,305038,305040,2,8
305030,305039,305041,2,9
305030,305039,305041,2,9
305030,305040,305041,1,10
305030,305039,305041,2,9
305030,305039,305041,2,9
305030,305039,305041,2,9
305030,305039,305041,2,9
305030,305039,305041,2,9
305030,305039,305041,2,9
305030,305040,305041,1,10
305030,305039,305041,2,9
305030,305040,305042,2,10
305030,305040,305042,2,10
305030,305039,305042,3,9
305030,305040,305042,2,10
305030,305040,305042,2,10
305030,305040,305042,2,10
305030,305040,305042,2,10
305030,305039,305043,4,9
305030,305039,305043,4,9
305052,305052,305053,1,0
305052,305052,305054,2,0
305052,305052,305054,2,0
305052,305052,305054,2,0
305052,305052,305054,2,0
305052,305055,305057,2,3
305052,305052,305057,5,0
305052,305053,305057,4,1
305052,305052,305057,5,0
305052,305053,305057,4,1
305052,305055,305057,2,3
305052,305053,305058,5,1
305052,305055,305058,3,3
305052,305052,305058,6,0
305052,305052,305058,6,0
305052,305053,305059,6,1
305052,305052,305059,7,0
305052,305054,305059,5,2
305052,305058,305059,1,6
305052,305058,305059,1,6
305052,305053,305059,6,1
305052,305055,305059,4,3
305052,305058,305059,1,6
305052,305058,305060,2,6
305052,305058,305059,1,6
305052,305052,305060,8,0
305052,305053,305061,8,1
305052,305058,305060,2,6
305052,305059,305060,1,7
305052,305059,305060,1,7
305052,305058,305060,2,6
305052,305060,305061,1,8
305052,305059,305060,1,7
305052,305060,305061,1,8
305052,305052,305061,9,0
305052,305052,305061,9,0
305052,305053,305062,9,1
305052,305060,305061,1,8
305052,305060,305062,2,8
305052,305060,305061,1,8
305052,305060,305061,1,8
305052,305060,305061,1,8
305052,305061,305062,1,9
305052,305060,305061,1,8
305052,305060,305061,1,8
305052,305053,305062,9,1
305052,305053,305062,9,1
305052,305060,305062,2,8
305052,305061,305062,1,9
305052,305061,305062,1,9
305052,305061,305062,1,9
305052,305061,305063,2,9
305052,305061,305062,1,9
305052,305061,305062,1,9
305052,305053,305063,10,1
305052,305061,305063,2,9
305052,305061,305064,3,9
305052,305062,305064,2,10
305052,305062,305064,2,10
305052,305062,305063,1,10
305052,305062,305063,1,10
305052,305062,305064,2,10
305052,305062,305064,2,10
305052,305062,305064,2,10
305052,305062,305064,2,10
305052,305052,305064,12,0
305052,305062,305064,2,10
305052,305063,305064,1,11
305052,305063,305065,2,11
305052,305063,305064,1,11
305052,305063,305064,1,11
305052,305062,305064,2,10
305052,305062,305064,2,10
305052,305063,305064,1,11
305052,305063,305064,1,11
305052,305063,305064,1,11
305052,305063,305065,2,11
305052,305064,305065,1,12
305052,305063,305065,2,11
305074,305075,305076,1,1
305074,305075,305076,1,1
305074,305075,305076,1,1
305074,305075,305078,3,1
305074,305076,305078,2,2
305074,305076,305078,2,2
305074,305076,305079,3,2
305074,305077,305079,2,3
305074,305075,305079,4,1
305074,305075,305079,4,1
305074,305075,305080,5,1
305074,305075,305080,5,1
305074,305075,305080,5,1
305074,305075,305081,6,1
305074,305075,305082,7,1
305074,305078,305081,3,4
305074,305075,305081,6,1
305074,305075,305081,6,1
305074,305079,305081,2,5
305074,305080,305081,1,6
305074,305080,305082,2,6
305074,305075,305081,6,1
305074,305079,305081,2,5
305074,305080,305081,1,6
305074,305075,305082,7,1
305074,305075,305082,7,1
305074,305075,305083,8,1
305074,305080,305083,3,6
305074,305081,305082,1,7
305074,305081,305083,2,7
305074,305081,305082,1,7
305074,305081,305083,2,7
305074,305075,305083,8,1
305074,305082,305083,1,8
305074,305075,305083,8,1
305074,305082,305084,2,8
305074,305082,305083,1,8
305074,305082,305083,1,8
305074,305082,305084,2,8
305074,305082,305084,2,8
305074,305082,305084,2,8
305074,305082,305083,1,8
305074,305082,305083,1,8
305074,305075,305084,9,1
305074,305082,305085,3,8
305074,305083,305084,1,9
305074,305083,305084,1,9
305074,305083,305084,1,9
305074,305083,305084,1,9
305074,305075,305085,10,1
305074,305084,305086,2,10
305074,305083,305086,3,9
305074,305083,305086,3,9
305074,305075,305086,11,1
305074,305083,305085,2,9
305074,305083,305085,2,9
305074,305084,305086,2,10
305074,305084,305086,2,10
305074,305084,305086,2,10
305074,305084,305086,2,10
305074,305084,305086,2,10
305074,305085,305086,1,11
305074,305085,305086,1,11
305074,305075,305086,11,1
305074,305084,305087,3,10
305074,305084,305086,2,10
305074,305084,305087,3,10
305074,305084,305086,2,10
305074,305085,305087,2,11
305074,305085,305086,1,11
305074,305085,305087,2,11
305074,305086,305087,1,12
305074,305086,305087,1,12
305074,305085,305088,3,11
305074,305086,305087,1,12
305074,305084,305087,3,10
305074,305086,305087,1,12
305074,305086,305087,1,12
305097,305097,305098,1,0
305097,305097,305098,1,0
305097,305097,305098,1,0
305097,305097,305099,2,0
305097,305097,305101,4,0
305097,305097,305100,3,0
305097,305097,305102,5,0
305097,305097,305102,5,0
305097,305099,305102,3,2
305097,305098,305102,4,1
305097,305097,305103,6,0
305097,305099,305103,4,2
305097,305097,305103,6,0
305097,305097,305103,6,0
305097,305097,305102,5,0
305097,305097,305103,6,0
305097,305099,305103,4,2
305097,305101,305104,3,4
305097,305102,305104,2,5
305097,305102,305104,2,5
305097,305103,305104,1,6
305097,305097,305105,8,0
305097,305101,305105,4,4
305097,305097,305105,8,0
305097,305103,305105,2,6
305097,305097,305105,8,0
305097,305102,305105,3,5
305097,305103,305105,2,6
305097,305104,305105,1,7
305097,305102,305105,3,5
305097,305103,305105,2,6
305097,305097,305106,9,0
305097,305103,305105,2,6
305097,305097,305106,9,0
305097,305104,305106,2,7
305097,305104,305106,2,7
305097,305097,305106,9,0
305097,305104,305105,1,7
305097,305104,305106,2,7
305097,305104,305106,2,7
305097,305105,305107,2,8
305097,305105,305107,2,8
305097,305105,305107,2,8
305097,305105,305107,2,8
305097,305097,305107,10,0
305097,305097,305108,11,0
305097,305105,305107,2,8
305097,305105,305108,3,8
305097,305106,305108,2,9
305097,305106,305108,2,9
305097,305105,305108,3,8
305097,305105,305108,3,8
305097,305106,305108,2,9
305097,305107,305108,1,10
305097,305105,305108,3,8
305097,305107,305108,1,10
305097,305097,305109,12,0
305097,305106,305109,3,9
305097,305097,305109,12,0
305097,305097,305109,12,0
305097,305107,305109,2,10
305097,305107,305109,2,10
305097,305107,305109,2,10
305097,305108,305109,1,11
305097,305106,305110,4,9
305097,305108,305110,2,11
305097,305107,305110,3,10
305097,305108,305110,2,11
305097,305108,305110,2,11
305097,305105,305110,5,8
305097,305106,305110,4,9
305097,305109,305110,1,12
305097,305109,305110,1,12
305097,305109,305110,1,12
305097,305109,305110,1,12
305097,305109,305110,1,12
305097,305109,305110,1,12
305097,305109,305110,1,12
305119,305119,305120,1,0
305119,305119,305120,1,0
305119,305119,305121,2,0
305119,305119,305121,2,0
305119,305119,305123,4,0
305119,305120,305124,4,1
305119,305119,305125,6,0
305119,305119,305125,6,0
305119,305119,305125,6,0
305119,305121,305125,4,2
305119,305119,305125,6,0
305119,305121,305125,4,2
305119,305121,305125,4,2
305119,305124,305126,2,5
305119,305119,305126,7,0
305119,305119,305126,7,0
305119,305119,305127,8,0
305119,305119,305127,8,0
305119,305126,305127,1,7
305119,305124,305127,3,5
305119,305119,305127,8,0
305119,305126,305128,2,7
305119,305119,305128,9,0
305119,305119,305128,9,0
305119,305119,305128,9,0
305119,305119,305128,9,0
305119,305126,305128,2,7
305119,305126,305128,2,7
305119,305126,305128,2,7
305119,305128,305129,1,9
305119,305119,305129,10,0
305119,305119,305129,10,0
305119,305126,305129,3,7
305119,305128,305129,1,9
305119,305128,305129,1,9
305119,305127,305129,2,8
305119,305128,305129,1,9
305119,305127,305130,3,8
305119,305128,305129,1,9
305119,305119,305130,11,0
305119,305129,305130,1,10
305119,305129,305130,1,10
305119,305129,305130,1,10
305119,305129,305130,1,10
305119,305119,305130,11,0
305119,305128,305130,2,9
305119,305119,305131,12,0
305119,305129,305130,1,10
305119,305129,305130,1,10
305119,305129,305131,2,10
305119,305129,305131,2,10
305119,305126,305131,5,7
305119,305127,305131,4,8
305119,305130,305132,2,11
305119,305131,305132,1,12
305119,305130,305132,2,11
305119,305130,305131,1,11
305119,305131,305132,1,12
305119,305131,305132,1,12
305119,305131,305132,1,12
305119,305131,305132,1,12
305119,305131,305133,2,12
305119,305131,305132,1,12
305119,305131,305132,1,12
305119,305131,305132,1,12
305119,305131,305132,1,12
305119,305130,305132,2,11
305119,305130,305132,2,11
305119,305131,305132,1,12
305119,305131,305132,1,12
305119,305130,305132,2,11
305119,305130,305132,2,11
305119,305132,305133,1,13
305119,305132,305133,1,13
305119,305132,305133,1,13
305119,305132,305133,1,13
305119,305119,305135,16,0
305119,305130,305134,4,11
305119,305130,305134,4,11
305144,305144,305145,1,0
305144,305144,305145,1,0
305144,305144,305145,1,0
305144,305144,305145,1,0
305144,305144,305146,2,0
305144,305146,305149,3,2
305144,305144,305148,4,0
305144,305146,305149,3,2
305144,305144,305149,5,0
305144,305144,305150,6,0
305144,305146,305149,3,2
305144,305146,305149,3,2
305144,305144,305149,5,0
305144,305147,305150,3,3
305144,305144,305150,6,0
305144,305144,305152,8,0
305144,305149,305152,3,5
305144,305149,305152,3,5
305144,305149,305151,2,5
305144,305150,305152,2,6
305144,305150,305152,2,6
305144,305150,305152,2,6
305144,305144,305153,9,0
305144,305144,305152,8,0
305144,305144,305153,9,0
305144,305144,305152,8,0
305144,305144,305153,9,0
305144,305150,305152,2,6
305144,305144,305154,10,0
305144,305144,305153,9,0
305144,305144,305154,10,0
305144,305150,305154,4,6
305144,305144,305154,10,0
305144,305151,305154,3,7
305144,305152,305154,2,8
305144,305152,305154,2,8
305144,305152,305154,2,8
305144,305153,305155,2,9
305144,305144,305155,11,0
305144,305151,305155,4,7
305144,305144,305154,10,0
305144,305152,305155,3,8
305144,305144,305155,11,0
305144,305153,305155,2,9
305144,305152,305154,2,8
305144,305153,305155,2,9
305144,305153,305155,2,9
305144,305154,305155,1,10
305144,305153,305155,2,9
305144,305154,305155,1,10
305144,305152,305156,4,8
305144,305154,305156,2,10
305144,305152,305155,3,8
305144,305154,305155,1,10
305144,305155,305156,1,11
305144,305155,305156,1,11
305144,305154,305156,2,10
305144,305154,305156,2,10
305144,305153,305155,2,9
305144,305155,305156,1,11
305144,305155,305156,1,11
305144,305155,305156,1,11
305144,305154,305156,2,10
305144,305154,305155,1,10
305144,305154,305156,2,10
305144,305155,305156,1,11
305144,305155,305156,1,11
305144,305155,305157,2,11
305144,305155,305157,2,11
305144,305155,305156,1,11
305144,305155,305156,1,11
305144,305156,305157,1,12
305144,305156,305157,1,12
305144,305156,305158,2,12
305144,305156,305158,2,12
305144,305156,305157,1,12
305144,305156,305157,1,12
305144,305156,305158,2,12
305144,305144,305159,15,0
305158,305158,305160,2,0
305169,305169,305170,1,0
305169,305169,305170,1,0
305169,305169,305170,1,0
305169,305169,305170,1,0
305169,305169,305171,2,0
305169,305170,305173,3,1
305169,305169,305174,5,0
305169,305169,305173,4,0
305169,305170,305173,3,1
305169,305169,305174,5,0
305169,305171,305174,3,2
305169,305169,305175,6,0
305169,305169,305175,6,0
305169,305169,305175,6,0
305169,305169,305175,6,0
305169,305172,305176,4,3
305169,305169,305175,6,0
305169,305171,305176,5,2
305169,305174,305176,2,5
305169,305169,305176,7,0
305169,305174,305176,2,5
305169,305174,305177,3,5
305169,305174,305176,2,5
305169,305169,305178,9,0
305169,305175,305178,3,6
305169,305175,305177,2,6
305169,305169,305178,9,0
305169,305169,305178,9,0
305169,305176,305179,3,7
305169,305169,305179,10,0
305169,305177,305178,1,8
305169,305176,305179,3,7
305169,305177,305178,1,8
305169,305169,305179,10,0
305169,305176,305179,3,7
305169,305176,305179,3,7
305169,305177,305179,2,8
305169,305177,305180,3,8
305169,305177,305179,2,8
305169,305179,305180,1,10
305169,305178,305179,1,9
305169,305178,305179,1,9
305169,305179,305180,1,10
305169,305176,305180,4,7
305169,305169,305180,11,0
305169,305177,305181,4,8
305169,305178,305180,2,9
305169,305176,305180,4,7
305169,305169,305180,11,0
305169,305179,305180,1,10
305169,305179,305180,1,10
305169,305179,305180,1,10
305169,305180,305181,1,11
305169,305169,305181,12,0
305169,305179,305181,2,10
305169,305180,305181,1,11
305169,305180,305181,1,11
305169,305180,305181,1,11
305169,305180,305181,1,11
305169,305181,305182,1,12
305169,305180,305181,1,11
305169,305180,305182,2,11
305169,305180,305181,1,11
305169,305181,305182,1,12
305169,305180,305182,2,11
305169,305180,305181,1,11
305169,305181,305182,1,12
305169,305179,305182,3,10
305169,305181,305182,1,12
305169,305181,305182,1,12
305169,305181,305182,1,12
305169,305181,305182,1,12
305169,305181,305183,2,12
305169,305181,305182,1,12
305169,305181,305183,2,12
305169,305182,305183,1,13
305169,305182,305183,1,13
305169,305169,305185,16,0
305169,305169,305189,20,0
305197,305197,305198,1,0
305197,305197,305198,1,0
305197,305197,305198,1,0
305197,305197,305198,1,0
305197,305197,305200,3,0
305197,305197,305203,6,0
305197,305199,305203,4,2
305197,305197,305204,7,0
305197,305197,305204,7,0
305197,305199,305204,5,2
305197,305197,305204,7,0
305197,305199,305203,4,2
305197,305199,305204,5,2
305197,305197,305205,8,0
305197,305197,305205,8,0
305197,305197,305204,7,0
305197,305200,305205,5,3
305197,305197,305206,9,0
305197,305197,305206,9,0
305197,305197,305207,10,0
305197,305204,305207,3,7
305197,305204,305207,3,7
305197,305197,305207,10,0
305197,305203,305207,4,6
305197,305203,305207,4,6
305197,305197,305207,10,0
305197,305204,305208,4,7
305197,305204,305208,4,7
305197,305197,305208,11,0
305197,305197,305209,12,0
305197,305197,305209,12,0
305197,305205,305209,4,8
305197,305207,305209,2,10
305197,305197,305209,12,0
305197,305204,305209,5,7
305197,305206,305209,3,9
305197,305207,305209,2,10
305197,305207,305209,2,10
305197,305205,305209,4,8
305197,305207,305209,2,10
305197,305208,305209,1,11
305197,305205,305209,4,8
305197,305208,305210,2,11
305197,305204,305210,6,7
305197,305208,305210,2,11
305197,305197,305210,13,0
305197,305209,305210,1,12
305197,305210,305211,1,13
305197,305207,305211,4,10
305197,305209,305211,2,12
305197,305206,305211,5,9
305197,305210,305211,1,13
305197,305210,305211,1,13
305197,305210,305211,1,13
305197,305210,305211,1,13
305197,305210,305211,1,13
305197,305211,305212,1,14
305197,305210,305211,1,13
305197,305210,305211,1,13
305197,305210,305211,1,13
305197,305210,305211,1,13
305197,305210,305211,1,13
305197,305210,305212,2,13
305197,305211,305212,1,14
305197,305197,305212,15,0
305197,305207,305212,5,10
305197,305211,305212,1,14
305197,305211,305212,1,14
305197,305211,305212,1,14
305197,305211,305213,2,14
305197,305211,305212,1,14
305197,305197,305213,16,0
305197,305212,305213,1,15
305197,305212,305213,1,15
305197,305212,305213,1,15
305197,305212,305213,1,15
305197,305212,305213,1,15
305222,305222,305223,1,0
305222,305222,305223,1,0
305222,305222,305223,1,0
305222,305222,305223,1,0
305222,305222,305224,2,0
305222,305223,305226,3,1
305222,305223,305226,3,1
305222,305222,305227,5,0
305222,305222,305228,6,0
305222,305222,305228,6,0
305222,305222,305228,6,0
305222,305222,305228,6,0
305222,305226,305229,3,4
305222,305224,305229,5,2
305222,305226,305229,3,4
305222,305222,305230,8,0
305222,305224,305230,6,2
305222,305222,305230,8,0
305222,305222,305229,7,0
305222,305222,305229,7,0
305222,305222,305231,9,0
305222,305227,305232,5,5
305222,305225,305232,7,3
305222,305229,305232,3,7
305222,305222,305232,10,0
305222,305228,305231,3,6
305222,305229,305232,3,7
305222,305222,305232,10,0
305222,305229,305232,3,7
305222,305230,305232,2,8
305222,305228,305233,5,6
305222,305222,305233,11,0
305222,305228,305233,5,6
305222,305230,305233,3,8
305222,305230,305233,3,8
305222,305222,305234,12,0
305222,305229,305234,5,7
305222,305232,305234,2,10
305222,305222,305234,12,0
305222,305232,305234,2,10
305222,305222,305234,12,0
305222,305230,305234,4,8
305222,305231,305234,3,9
305222,305233,305234,1,11
305222,305233,305234,1,11
305222,305233,305234,1,11
305222,305233,305234,1,11
305222,305233,305234,1,11
305222,305233,305234,1,11
305222,305233,305234,1,11
305222,305230,305235,5,8
305222,305222,305235,13,0
305222,305235,305236,1,13
305222,305234,305235,1,12
305222,305234,305235,1,12
305222,305234,305235,1,12
305222,305235,305236,1,13
305222,305234,305235,1,12
305222,305235,305236,1,13
305222,305235,305236,1,13
305222,305233,305236,3,11
305222,305235,305236,1,13
305222,305235,305236,1,13
305222,305235,305236,1,13
305222,305235,305236,1,13
305222,305235,305236,1,13
305222,305235,305236,1,13
305222,305235,305236,1,13
305222,305235,305236,1,13
305222,305236,305237,1,14
305222,305236,305237,1,14
305222,305234,305237,3,12
305222,305234,305237,3,12
305222,305236,305237,1,14
305222,305234,305237,3,12
305222,305236,305237,1,14
305222,305236,305237,1,14
305222,305222,305239,17,0
305222,305222,305240,18,0
305249,305249,305250,1,0
305249,305249,305250,1,0
305249,305249,305250,1,0
305249,305249,305251,2,0
305249,305249,305251,2,0
305249,305249,305253,4,0
305249,305250,305253,3,1
305249,305249,305253,4,0
305249,305249,305252,3,0
305249,305249,305254,5,0
305249,305250,305254,4,1
305249,305249,305255,6,0
305249,305250,305255,5,1
305249,305249,305255,6,0
305249,305253,305256,3,4
305249,305249,305256,7,0
305249,305253,305256,3,4
305249,305249,305256,7,0
305249,305249,305256,7,0
305249,305253,305256,3,4
305249,305249,305256,7,0
305249,305249,305257,8,0
305249,305249,305257,8,0
305249,305253,305257,4,4
305249,305251,305258,7,2
305249,305252,305258,6,3
305249,305249,305258,9,0
305249,305254,305258,4,5
305249,305258,305259,1,9
305249,305257,305259,2,8
305249,305257,305258,1,8
305249,305249,305259,10,0
305249,305249,305259,10,0
305249,305257,305259,2,8
305249,305258,305259,1,9
305249,305255,305259,4,6
305249,305257,305259,2,8
305249,305249,305260,11,0
305249,305257,305259,2,8
305249,305255,305260,5,6
305249,305258,305260,2,9
305249,305254,305260,6,5
305249,305259,305260,1,10
305249,305257,305260,3,8
305249,305259,305260,1,10
305249,305259,305260,1,10
305249,305260,305261,1,11
305249,305256,305261,5,7
305249,305258,305260,2,9
305249,305259,305260,1,10
305249,305260,305261,1,11
305249,305259,305261,2,10
305249,305259,305260,1,10
305249,305260,305261,1,11
305249,305261,305262,1,12
305249,305260,305261,1,11
305249,305261,305262,1,12
305249,305261,305262,1,12
305249,305249,305262,13,0
305249,305256,305262,6,7
305249,305261,305262,1,12
305249,305261,305262,1,12
305249,305260,305263,3,11
305249,305261,305262,1,12
305249,305261,305262,1,12
305249,305249,305262,13,0
305249,305261,305262,1,12
305249,305261,305262,1,12
305249,305261,305262,1,12
305249,305261,305262,1,12
305249,305261,305262,1,12
305249,305261,305262,1,12
305249,305261,305262,1,12
305249,305261,305262,1,12
305249,305261,305262,1,12
305249,305262,305263,1,13
305249,305261,305262,1,12
305249,305260,305263,3,11
305249,305249,305264,15,0
305273,305273,305275,2,0
305273,305273,305274,1,0
305273,305273,305275,2,0
305273,305273,305275,2,0
305273,305273,305277,4,0
305273,305273,305277,4,0
305273,305273,305278,5,0
305273,305273,305278,5,0
305273,305273,305277,4,0
305273,305273,305279,6,0
305273,305273,305279,6,0
305273,305273,305279,6,0
305273,305275,305279,4,2
305273,305273,305279,6,0
305273,305275,305280,5,2
305273,305277,305280,3,4
305273,305275,305280,5,2
305273,305273,305280,7,0
305273,305273,305281,8,0
305273,305278,305281,3,5
305273,305280,305282,2,7
305273,305281,305282,1,8
305273,305282,305283,1,9
305273,305282,305283,1,9
305273,305273,305283,10,0
305273,305277,305283,6,4
305273,305273,305283,10,0
305273,305275,305282,7,2
305273,305273,305283,10,0
305273,305280,305283,3,7
305273,305278,305283,5,5
305273,305283,305284,1,10
305273,305281,305283,2,8
305273,305273,305284,11,0
305273,305273,305284,11,0
305273,305273,305284,11,0
305273,305280,305284,4,7
305273,305273,305284,11,0
305273,305283,305284,1,10
305273,305279,305284,5,6
305273,305283,305284,1,10
305273,305283,305284,1,10
305273,305273,305285,12,0
305273,305278,305285,7,5
305273,305284,305285,1,11
305273,305284,305285,1,11
305273,305284,305285,1,11
305273,305284,305285,1,11
305273,305285,305286,1,12
305273,305279,305286,7,6
305273,305283,305286,3,10
305273,305285,305286,1,12
305273,305279,305286,7,6
305273,305283,305286,3,10
305273,305285,305286,1,12
305273,305273,305286,13,0
305273,305284,305286,2,11
305273,305285,305286,1,12
305273,305285,305286,1,12
305273,305286,305287,1,13
305273,305284,305286,2,11
305273,305285,305286,1,12
305273,305285,305286,1,12
305273,305285,305286,1,12
305273,305285,305286,1,12
305273,305286,305287,1,13
305273,305286,305287,1,13
305273,305284,305287,3,11
305273,305286,305287,1,13
305273,305280,305287,7,7
305273,305286,305287,1,13
305273,305286,305287,1,13
305273,305286,305287,1,13
305273,305287,305288,1,14
305273,305287,305288,1,14
305273,305287,305288,1,14
305273,305287,305288,1,14
305273,305287,305288,1,14
305273,305287,305288,1,14
305297,305297,305298,1,0
305297,305297,305298,1,0
305297,305297,305298,1,0
305297,305297,305299,2,0
305297,305297,305299,2,0
305297,305297,305301,4,0
305297,305297,305301,4,0
305297,305297,305302,5,0
305297,305298,305302,4,1
305297,305297,305302,5,0
305297,305298,305301,3,1
305297,305297,305303,6,0
305297,305299,305303,4,2
305297,305297,305302,5,0
305297,305297,305304,7,0
305297,305297,305304,7,0
305297,305297,305304,7,0
305297,305297,305304,7,0
305297,305297,305304,7,0
305297,305297,305304,7,0
305297,305297,305305,8,0
305297,305297,305305,8,0
305297,305301,305305,4,4
305297,305302,305305,3,5
305297,305302,305305,3,5
305297,305304,305305,1,7
305297,305304,305305,1,7
305297,305304,305305,1,7
305297,305299,305306,7,2
305297,305303,305306,3,6
305297,305304,305305,1,7
305297,305302,305306,4,5
305297,305305,305307,2,8
305297,305305,305307,2,8
305297,305297,305307,10,0
305297,305305,305307,2,8
305297,305297,305307,10,0
305297,305305,305307,2,8
305297,305305,305307,2,8
305297,305305,305307,2,8
305297,305302,305307,5,5
305297,305305,305307,2,8
305297,305303,305307,4,6
305297,305305,305307,2,8
305297,305306,305307,1,9
305297,305301,305308,7,4
305297,305297,305308,11,0
305297,305300,305308,8,3
305297,305303,305308,5,6
305297,305304,305308,4,7
305297,305306,305308,2,9
305297,305306,305308,2,9
305297,305308,305309,1,11
305297,305307,305308,1,10
305297,305308,305309,1,11
305297,305308,305309,1,11
305297,305297,305309,12,0
305297,305307,305309,2,10
305297,305307,305309,2,10
305297,305306,305309,3,9
305297,305307,305309,2,10
305297,305308,305309,1,11
305297,305308,305309,1,11
305297,305308,305309,1,11
305297,305308,305309,1,11
305297,305308,305309,1,11
305297,305309,305310,1,12
305297,305309,305310,1,12
305297,305309,305310,1,12
305297,305308,305309,1,11
305297,305308,305310,2,11
305297,305308,305310,2,11
305297,305308,305310,2,11
305297,305309,305310,1,12
305297,305309,305310,1,12
305297,305309,305310,1,12
305297,305309,305310,1,12
305297,305297,305312,15,0
305321,305321,305322,1,0
305321,305321,305322,1,0
305321,305321,305322,1,0
305321,305321,305322,1,0
305321,305321,305324,3,0
305321,305321,305326,5,0
305321,305321,305325,4,0
305321,305321,305326,5,0
305321,305321,305326,5,0
305321,305321,305326,5,0
305321,305322,305327,5,1
305321,305321,305327,6,0
305321,305322,305327,5,1
305321,305322,305327,5,1
305321,305321,305327,6,0
305321,305321,305329,8,0
305321,305326,305329,3,5
305321,305328,305329,1,7
305321,305321,305330,9,0
305321,305321,305330,9,0
305321,305321,305329,8,0
305321,305323,305330,7,2
305321,305326,305329,3,5
305321,305324,305330,6,3
305321,305327,305330,3,6
305321,305328,305330,2,7
305321,305327,305330,3,6
305321,305321,305331,10,0
305321,305321,305331,10,0
305321,305328,305331,3,7
305321,305328,305330,2,7
305321,305329,305331,2,8
305321,305321,305331,10,0
305321,305327,305331,4,6
305321,305327,305331,4,6
305321,305330,305331,1,9
305321,305330,305331,1,9
305321,305330,305332,2,9
305321,305330,305332,2,9
305321,305321,305332,11,0
305321,305321,305332,11,0
305321,305330,305332,2,9
305321,305331,305332,1,10
305321,305330,305332,2,9
305321,305330,305332,2,9
305321,305331,305332,1,10
305321,305332,305333,1,11
305321,305321,305333,12,0
305321,305330,305332,2,9
305321,305330,305333,3,9
305321,305331,305333,2,10
305321,305321,305333,12,0
305321,305330,305333,3,9
305321,305331,305333,2,10
305321,305331,305333,2,10
305321,305333,305334,1,12
305321,305333,305334,1,12
305321,305332,305333,1,11
305321,305332,305333,1,11
305321,305333,305334,1,12
305321,305331,305334,3,10
305321,305332,305334,2,11
305321,305333,305334,1,12
305321,305333,305334,1,12
305321,305333,305334,1,12
305321,305332,305334,2,11
305321,305333,305334,1,12
305321,305333,305334,1,12
305321,305333,305334,1,12
305321,305333,305335,2,12
305321,305334,305335,1,13
305321,305334,305335,1,13
305321,305334,305335,1,13
305321,305321,305335,14,0
305321,305334,305335,1,13
305321,305334,305335,1,13
305344,305344,305346,2,0
305344,305344,305346,2,0
305344,305344,305346,2,0
305344,305344,305346,2,0
305344,305345,305348,3,1
305344,305345,305349,4,1
305344,305344,305349,5,0
305344,305345,305349,4,1
305344,305344,305350,6,0
305344,305345,305350,5,1
305344,305346,305350,4,2
305344,305344,305351,7,0
305344,305345,305352,7,1
305344,305345,305351,6,1
305344,305345,305351,6,1
305344,305347,305351,4,3
305344,305344,305351,7,0
305344,305344,305351,7,0
305344,305347,305351,4,3
305344,305345,305351,6,1
305344,305347,305351,4,3
305344,305350,305351,1,6
305344,305349,305351,2,5
305344,305350,305352,2,6
305344,305345,305353,8,1
305344,305351,305352,1,7
305344,305345,305352,7,1
305344,305351,305352,1,7
305344,305351,305352,1,7
305344,305350,305353,3,6
305344,305352,305353,1,8
305344,305352,305353,1,8
305344,305352,305353,1,8
305344,305352,305354,2,8
305344,305352,305353,1,8
305344,305352,305353,1,8
305344,305352,305353,1,8
305344,305353,305354,1,9
305344,305352,305354,2,8
305344,305352,305354,2,8
305344,305352,305353,1,8
305344,305352,305354,2,8
305344,305345,305354,9,1
305344,305345,305354,9,1
305344,305352,305354,2,8
305344,305354,305355,1,10
305344,305353,305354,1,9
305344,305353,305355,2,9
305344,305354,305355,1,10
305344,305354,305355,1,10
305344,305353,305354,1,9
305344,305353,305355,2,9
305344,305353,305355,2,9
305344,305354,305355,1,10
305344,305345,305356,11,1
305344,305354,305355,1,10
305344,305354,305355,1,10
305344,305354,305355,1,10
305344,305354,305355,1,10
305344,305354,305355,1,10
305344,305354,305356,2,10
305344,305354,305355,1,10
305344,305355,305356,1,11
305344,305355,305356,1,11
305344,305355,305356,1,11
305344,305355,305356,1,11
305344,305355,305356,1,11
305344,305355,305356,1,11
305344,305345,305356,11,1
305344,305354,305356,2,10
305344,305355,305356,1,11
305344,305355,305356,1,11
305344,305355,305356,1,11
305344,305355,305356,1,11
305344,305355,305356,1,11
305344,305355,305356,1,11
305344,305355,305356,1,11
305344,305356,305357,1,12
305344,305345,305358,13,1
305366,305366,305367,1,0
305366,305366,305368,2,0
305366,305366,305367,1,0
305366,305366,305368,2,0
305366,305367,305370,3,1
305366,305366,305371,5,0
305366,305366,305371,5,0
305366,305369,305371,2,3
305366,305369,305371,2,3
305366,305366,305371,5,0
305366,305366,305371,5,0
305366,305368,305371,3,2
305366,305366,305371,5,0
305366,305366,305372,6,0
305366,305366,305372,6,0
305366,305366,305372,6,0
305366,305366,305372,6,0
305366,305366,305372,6,0
305366,305366,305372,6,0
305366,305369,305372,3,3
305366,305371,305372,1,5
305366,305372,305373,1,6
305366,305372,305373,1,6
305366,305372,305373,1,6
305366,305372,305373,1,6
305366,305372,305373,1,6
305366,305373,305374,1,7
305366,305372,305374,2,6
305366,305372,305374,2,6
305366,305372,305374,2,6
305366,305373,305374,1,7
305366,305373,305374,1,7
305366,305373,305374,1,7
305366,305373,305374,1,7
305366,305373,305374,1,7
305366,305373,305374,1,7
305366,305366,305374,8,0
305366,305366,305375,9,0
305366,305373,305375,2,7
305366,305366,305376,10,0
305366,305366,305375,9,0
305366,305373,305375,2,7
305366,305374,305376,2,8
305366,305374,305376,2,8
305366,305374,305376,2,8
305366,305375,305376,1,9
305366,305375,305376,1,9
305366,305366,305377,11,0
305366,305366,305377,11,0
305366,305375,305377,2,9
305366,305375,305376,1,9
305366,305375,305376,1,9
305366,305375,305376,1,9
305366,305375,305376,1,9
305366,305374,305377,3,8
305366,305375,305376,1,9
305366,305376,305377,1,10
305366,305376,305377,1,10
305366,305375,305376,1,9
305366,305375,305376,1,9
305366,305376,305377,1,10
305366,305366,305377,11,0
305366,305375,305377,2,9
305366,305376,305377,1,10
305366,305366,305377,11,0
305366,305376,305377,1,10
305366,305376,305377,1,10
305366,305376,305377,1,10
305366,305376,305377,1,10
305366,305376,305377,1,10
305366,305377,305378,1,11
305366,305377,305378,1,11
305366,305376,305377,1,10
305366,305377,305378,1,11
305366,305377,305378,1,11
305366,305377,305378,1,11
305366,305377,305378,1,11
305366,305377,305378,1,11
305366,305377,305379,2,11
305388,305388,305389,1,0
305388,305388,305389,1,0
305388,305388,305390,2,0
305388,305388,305390,2,0
305388,305388,305390,2,0
305388,305388,305393,5,0
305388,305389,305393,4,1
305388,305390,305394,4,2
305388,305388,305394,6,0
305388,305388,305394,6,0
305388,305389,305394,5,1
305388,305388,305394,6,0
305388,305388,305395,7,0
305388,305391,305394,3,3
305388,305390,305395,5,2
305388,305388,305395,7,0
305388,305388,305395,7,0
305388,305388,305396,8,0
305388,305388,305396,8,0
305388,305388,305396,8,0
305388,305388,305396,8,0
305388,305395,305396,1,7
305388,305395,305396,1,7
305388,305395,305396,1,7
305388,305388,305397,9,0
305388,305388,305397,9,0
305388,305393,305397,4,5
305388,305394,305397,3,6
305388,305396,305397,1,8
305388,305396,305397,1,8
305388,305388,305398,10,0
305388,305388,305398,10,0
305388,305395,305398,3,7
305388,305395,305398,3,7
305388,305388,305398,10,0
305388,305395,305398,3,7
305388,305397,305398,1,9
305388,305394,305399,5,6
305388,305397,305398,1,9
305388,305397,305399,2,9
305388,305388,305399,11,0
305388,305394,305399,5,6
305388,305397,305399,2,9
305388,305397,305399,2,9
305388,305398,305399,1,10
305388,305397,305399,2,9
305388,305398,305399,1,10
305388,305398,305399,1,10
305388,305398,305399,1,10
305388,305399,305400,1,11
305388,305397,305400,3,9
305388,305388,305400,12,0
305388,305398,305400,2,10
305388,305388,305400,12,0
305388,305398,305400,2,10
305388,305399,305401,2,11
305388,305399,305400,1,11
305388,305400,305401,1,12
305388,305400,305401,1,12
305388,305399,305400,1,11
305388,305399,305400,1,11
305388,305399,305401,2,11
305388,305399,305401,2,11
305388,305399,305401,2,11
305388,305400,305401,1,12
305388,305399,305401,2,11
305388,305400,305401,1,12
305388,305400,305401,1,12
305388,305400,305401,1,12
305388,305400,305401,1,12
305388,305400,305401,1,12
305388,305400,305401,1,12
305388,305400,305401,1,12
305388,305401,305402,1,13
305388,305399,305402,3,11
305388,305401,305402,1,13
305388,305401,305402,1,13
305388,305401,305402,1,13
305388,305401,305402,1,13
305412,305412,305413,1,0
305412,305412,305413,1,0
305412,305412,305413,1,0
305412,305412,305413,1,0
305412,305412,305413,1,0
305412,305412,305416,4,0
305412,305412,305417,5,0
305412,305413,305417,4,1
305412,305412,305416,4,0
305412,305413,305416,3,1
305412,305412,305418,6,0
305412,305412,305417,5,0
305412,305412,305417,5,0
305412,305412,305418,6,0
305412,305414,305418,4,2
305412,305412,305419,7,0
305412,305414,305418,4,2
305412,305412,305418,6,0
305412,305412,305418,6,0
305412,305412,305418,6,0
305412,305412,305420,8,0
305412,305414,305419,5,2
305412,305416,305419,3,4
305412,305417,305419,2,5
305412,305417,305420,3,5
305412,305412,305420,8,0
305412,305412,305420,8,0
305412,305417,305420,3,5
305412,305418,305421,3,6
305412,305418,305420,2,6
305412,305412,305422,10,0
305412,305412,305421,9,0
305412,305419,305421,2,7
305412,305420,305422,2,8
305412,305418,305421,3,6
305412,305419,305422,3,7
305412,305420,305422,2,8
305412,305419,305421,2,7
305412,305419,305422,3,7
305412,305420,305423,3,8
305412,305420,305423,3,8
305412,305419,305422,3,7
305412,305421,305423,2,9
305412,305421,305423,2,9
305412,305420,305423,3,8
305412,305422,305423,1,10
305412,305412,305424,12,0
305412,305412,305424,12,0
305412,305419,305423,4,7
305412,305417,305423,6,5
305412,305418,305423,5,6
305412,305422,305424,2,10
305412,305422,305423,1,10
305412,305421,305424,3,9
305412,305422,305424,2,10
305412,305422,305424,2,10
305412,305422,305424,2,10
305412,305422,305423,1,10
305412,305423,305424,1,11
305412,305412,305424,12,0
305412,305421,305424,3,9
305412,305422,305424,2,10
305412,305423,305425,2,11
305412,305421,305424,3,9
305412,305422,305425,3,10
305412,305423,305424,1,11
305412,305423,305424,1,11
305412,305423,305424,1,11
305412,305424,305425,1,12
305412,305424,305425,1,12
305412,305423,305425,2,11
305412,305423,305424,1,11
305412,305424,305425,1,12
305412,305424,305425,1,12
305412,305424,305425,1,12
305412,305424,305425,1,12
305412,305424,305425,1,12
305412,305424,305425,1,12
305412,305424,305425,1,12
305435,305435,305436,1,0
305435,305435,305437,2,0
305435,305435,305437,2,0
305435,305435,305436,1,0
305435,305435,305437,2,0
305435,305435,305437,2,0
305435,305435,305438,3,0
305435,305435,305438,3,0
305435,305435,305439,4,0
305435,305435,305439,4,0
305435,305436,305439,3,1
305435,305435,305440,5,0
305435,305435,305440,5,0
305435,305437,305440,3,2
305435,305435,305440,5,0
305435,305439,305440,1,4
305435,305435,305441,6,0
305435,305437,305441,4,2
305435,305435,305441,6,0
305435,305437,305441,4,2
305435,305437,305442,5,2
305435,305435,305442,7,0
305435,305435,305442,7,0
305435,305439,305442,3,4
305435,305435,305442,7,0
305435,305439,305443,4,4
305435,305439,305443,4,4
305435,305435,305443,8,0
305435,305437,305443,6,2
305435,305435,305443,8,0
305435,305442,305444,2,7
305435,305441,305443,2,6
305435,305441,305443,2,6
305435,305441,305444,3,6
305435,305442,305444,2,7
305435,305443,305445,2,8
305435,305440,305444,4,5
305435,305442,305444,2,7
305435,305442,305444,2,7
305435,305439,305445,6,4
305435,305435,305445,10,0
305435,305444,305446,2,9
305435,305444,305445,1,9
305435,305443,305445,2,8
305435,305443,305445,2,8
305435,305444,305445,1,9
305435,305443,305446,3,8
305435,305435,305446,11,0
305435,305444,305447,3,9
305435,305444,305446,2,9
305435,305435,305446,11,0
305435,305441,305446,5,6
305435,305444,305447,3,9
305435,305444,305446,2,9
305435,305445,305446,1,10
305435,305445,305446,1,10
305435,305445,305447,2,10
305435,305445,305446,1,10
305435,305445,305446,1,10
305435,305446,305447,1,11
305435,305445,305446,1,10
305435,305446,305447,1,11
305435,305446,305447,1,11
305435,305446,305447,1,11
305435,305435,305447,12,0
305435,305444,305447,3,9
305435,305446,305448,2,11
305435,305444,305448,4,9
305435,305446,305447,1,11
305435,305446,305447,1,11
305435,305447,305448,1,12
305435,305447,305448,1,12
305435,305447,305448,1,12
305435,305447,305448,1,12
305435,305447,305448,1,12
305435,305447,305448,1,12
305435,305447,305448,1,12
305435,305447,305448,1,12
305435,305447,305448,1,12
305458,305458,305459,1,0
305458,305458,305459,1,0
305458,305458,305459,1,0
305458,305458,305459,1,0
305458,305458,305459,1,0
305458,305459,305461,2,1
305458,305458,305461,3,0
305458,305458,305461,3,0
305458,305458,305461,3,0
305458,305458,305461,3,0
305458,305458,305461,3,0
305458,305458,305461,3,0
305458,305458,305461,3,0
305458,305458,305461,3,0
305458,305461,305462,1,3
305458,305459,305461,2,1
305458,305461,305462,1,3
305458,305458,305462,4,0
305458,305458,305461,3,0
305458,305460,305462,2,2
305458,305458,305463,5,0
305458,305460,305462,2,2
305458,305461,305463,2,3
305458,305458,305462,4,0
305458,305461,305462,1,3
305458,305458,305462,4,0
305458,305458,305463,5,0
305458,305460,305462,2,2
305458,305461,305463,2,3
305458,305458,305464,6,0
305458,305458,305465,7,0
305458,305462,305465,3,4
305458,305458,305465,7,0
305458,305462,305465,3,4
305458,305462,305465,3,4
305458,305462,305465,3,4
305458,305458,305465,7,0
305458,305462,305466,4,4
305458,305462,305466,4,4
305458,305463,305466,3,5
305458,305465,305466,1,7
305458,305462,305466,4,4
305458,305464,305466,2,6
305458,305462,305466,4,4
305458,305463,305466,3,5
305458,305464,305466,2,6
305458,305462,305466,4,4
305458,305464,305466,2,6
305458,305464,305466,2,6
305458,305464,305466,2,6
305458,305466,305467,1,8
305458,305463,305467,4,5
305458,305466,305467,1,8
305458,305467,305468,1,9
305458,305467,305468,1,9
305458,305467,305468,1,9
305458,305462,305467,5,4
305458,305466,305468,2,8
305458,305466,305467,1,8
305458,305467,305468,1,9
305458,305463,305468,5,5
305458,305465,305468,3,7
305458,305466,305468,2,8
305458,305467,305468,1,9
305458,305467,305468,1,9
305458,305467,305468,1,9
305458,305467,305468,1,9
305458,305467,305468,1,9
305458,305467,305468,1,9
305458,305467,305468,1,9
305458,305467,305468,1,9
305458,305467,305468,1,9
305458,305468,305469,1,10
305458,305468,305469,1,10
305458,305468,305469,1,10
305458,305458,305469,11,0
305458,305465,305469,4,7
305458,305467,305469,2,9
305458,305468,305469,1,10
305479,305479,305480,1,0
305479,305479,305480,1,0
305479,305479,305480,1,0
305479,305479,305481,2,0
305479,305479,305481,2,0
305479,305480,305482,2,1
305479,305479,305482,3,0
305479,305479,305482,3,0
305479,305479,305482,3,0
305479,305481,305482,1,2
305479,305479,305483,4,0
305479,305479,305483,4,0
305479,305479,305483,4,0
305479,305479,305483,4,0
305479,305479,305483,4,0
305479,305481,305483,2,2
305479,305479,305484,5,0
305479,305482,305484,2,3
305479,305479,305484,5,0
305479,305479,305484,5,0
305479,305483,305484,1,4
305479,305483,305484,1,4
305479,305483,305484,1,4
305479,305479,305484,5,0
305479,305483,305484,1,4
305479,305483,305485,2,4
305479,305482,305485,3,3
305479,305479,305486,7,0
305479,305484,305486,2,5
305479,305484,305486,2,5
305479,305485,305487,2,6
305479,305479,305487,8,0
305479,305484,305487,3,5
305479,305484,305488,4,5
305479,305484,305487,3,5
305479,305485,305487,2,6
305479,305485,305487,2,6
305479,305485,305487,2,6
305479,305485,305487,2,6
305479,305485,305487,2,6
305479,305485,305487,2,6
305479,305486,305488,2,7
305479,305479,305488,9,0
305479,305479,305488,9,0
305479,305486,305488,2,7
305479,305487,305489,2,8
305479,305487,305488,1,8
305479,305487,305488,1,8
305479,305479,305489,10,0
305479,305485,305489,4,6
305479,305484,305489,5,5
305479,305488,305490,2,9
305479,305488,305489,1,9
305479,305488,305490,2,9
305479,305488,305489,1,9
305479,305488,305489,1,9
305479,305488,305489,1,9
305479,305488,305490,2,9
305479,305488,305489,1,9
305479,305488,305490,2,9
305479,305488,305489,1,9
305479,305489,305490,1,10
305479,305489,305490,1,10
305479,305489,305490,1,10
305479,305479,305490,11,0
305479,305489,305490,1,10
305479,305487,305490,3,8
305479,305489,305490,1,10
305479,305489,305490,1,10
305479,305489,305490,1,10
305479,305490,305491,1,11
305479,305479,305491,12,0
305479,305490,305491,1,11
305479,305485,305491,6,6
305479,305490,305491,1,11
305479,305490,305491,1,11
305479,305490,305492,2,11
305479,305490,305491,1,11
305479,305490,305491,1,11
305501,305501,305502,1,0
305501,305501,305502,1,0
305501,305501,305502,1,0
305501,305501,305503,2,0
305501,305501,305506,5,0
305501,305501,305506,5,0
305501,305501,305506,5,0
305501,305501,305505,4,0
305501,305501,305506,5,0
305501,305502,305506,4,1
305501,305501,305506,5,0
305501,305501,305506,5,0
305501,305502,305506,4,1
305501,305501,305506,5,0
305501,305503,305506,3,2
305501,305501,305507,6,0
305501,305501,305507,6,0
305501,305501,305508,7,0
305501,305501,305508,7,0
305501,305501,305509,8,0
305501,305501,305508,7,0
305501,305501,305508,7,0
305501,305501,305508,7,0
305501,305506,305508,2,5
305501,305507,305509,2,6
305501,305507,305508,1,6
305501,305507,305509,2,6
305501,305501,305509,8,0
305501,305503,305510,7,2
305501,305507,305509,2,6
305501,305508,305510,2,7
305501,305506,305510,4,5
305501,305508,305510,2,7
305501,305506,305509,3,5
305501,305506,305509,3,5
305501,305501,305511,10,0
305501,305507,305511,4,6
305501,305501,305510,9,0
305501,305508,305510,2,7
305501,305508,305510,2,7
305501,305501,305512,11,0
305501,305506,305511,5,5
305501,305509,305511,2,8
305501,305510,305512,2,9
305501,305509,305511,2,8
305501,305510,305512,2,9
305501,305510,305511,1,9
305501,305510,305512,2,9
305501,305510,305512,2,9
305501,305511,305512,1,10
305501,305506,305513,7,5
305501,305510,305513,3,9
305501,305511,305513,2,10
305501,305511,305513,2,10
305501,305511,305513,2,10
305501,305509,305513,4,8
305501,305510,305513,3,9
305501,305512,305513,1,11
305501,305512,305513,1,11
305501,305509,305512,3,8
305501,305511,305513,2,10
305501,305512,305514,2,11
305501,305509,305513,4,8
305501,305512,305514,2,11
305501,305512,305514,2,11
305501,305512,305514,2,11
305501,305512,305514,2,11
305501,305512,305514,2,11
305501,305512,305514,2,11
305501,305512,305514,2,11
305501,305509,305515,6,8
305501,305509,305515,6,8
305501,305513,305514,1,12
305501,305509,305515,6,8
305501,305513,305515,2,12
305501,305513,305515,2,12
305501,305513,305515,2,12
305501,305513,305515,2,12
305501,305510,305516,6,9
305526,305526,305527,1,0
305526,305526,305527,1,0
305526,305526,305528,2,0
305526,305526,305528,2,0
305526,305527,305529,2,1
305526,305527,305529,2,1
305526,305527,305530,3,1
305526,305526,305532,6,0
305526,305526,305531,5,0
305526,305526,305531,5,0
305526,305526,305532,6,0
305526,305526,305533,7,0
305526,305528,305532,4,2
305526,305527,305532,5,1
305526,305528,305533,5,2
305526,305530,305533,3,4
305526,305526,305533,7,0
305526,305527,305533,6,1
305526,305527,305533,6,1
305526,305526,305534,8,0
305526,305526,305533,7,0
305526,305531,305533,2,5
305526,305529,305533,4,3
305526,305529,305534,5,3
305526,305530,305534,4,4
305526,305532,305534,2,6
305526,305533,305535,2,7
305526,305533,305534,1,7
305526,305533,305535,2,7
305526,305532,305535,3,6
305526,305533,305535,2,7
305526,305532,305536,4,6
305526,305532,305536,4,6
305526,305526,305536,10,0
305526,305533,305536,3,7
305526,305534,305536,2,8
305526,305534,305536,2,8
305526,305526,305538,12,0
305526,305527,305537,10,1
305526,305526,305537,11,0
305526,305534,305537,3,8
305526,305535,305538,3,9
305526,305534,305538,4,8
305526,305535,305537,2,9
305526,305536,305538,2,10
305526,305536,305538,2,10
305526,305535,305537,2,9
305526,305536,305538,2,10
305526,305536,305538,2,10
305526,305526,305538,12,0
305526,305534,305539,5,8
305526,305535,305538,3,9
305526,305537,305538,1,11
305526,305536,305538,2,10
305526,305537,305538,1,11
305526,305537,305538,1,11
305526,305538,305539,1,12
305526,305535,305538,3,9
305526,305538,305539,1,12
305526,305538,305539,1,12
305526,305537,305538,1,11
305526,305538,305539,1,12
305526,305538,305539,1,12
305526,305538,305539,1,12
305526,305526,305539,13,0
305526,305538,305540,2,12
305526,305538,305539,1,12
305526,305538,305539,1,12
305526,305538,305539,1,12
305526,305538,305539,1,12
305526,305539,305540,1,13
305526,305539,305540,1,13
305526,305538,305539,1,12
305526,305539,305540,1,13
305526,305539,305540,1,13
305526,305534,305541,7,8
305526,305539,305540,1,13
305526,305539,305540,1,13
305526,305534,305541,7,8
305551,305551,305553,2,0
305551,305551,305552,1,0
305551,305551,305553,2,0
305551,305551,305553,2,0
305551,305551,305554,3,0
305551,305551,305554,3,0
305551,305551,305555,4,0
305551,305551,305555,4,0
305551,305551,305556,5,0
305551,305551,305557,6,0
305551,305551,305557,6,0
305551,305554,305557,3,3
305551,305551,305557,6,0
305551,305551,305557,6,0
305551,305554,305557,3,3
305551,305551,305557,6,0
305551,305551,305558,7,0
305551,305551,305558,7,0
305551,305554,305558,4,3
305551,305551,305558,7,0
305551,305555,305559,4,4
305551,305555,305558,3,4
305551,305551,305559,8,0
305551,305551,305559,8,0
305551,305551,305559,8,0
305551,305556,305559,3,5
305551,305558,305559,1,7
305551,305558,305559,1,7
305551,305556,305559,3,5
305551,305559,305560,1,8
305551,305554,305561,7,3
305551,305558,305561,3,7
305551,305558,305560,2,7
305551,305558,305560,2,7
305551,305551,305561,10,0
305551,305551,305561,10,0
305551,305551,305561,10,0
305551,305558,305562,4,7
305551,305559,305562,3,8
305551,305559,305561,2,8
305551,305560,305562,2,9
305551,305551,305562,11,0
305551,305558,305562,4,7
305551,305557,305562,5,6
305551,305559,305562,3,8
305551,305562,305563,1,11
305551,305560,305562,2,9
305551,305560,305562,2,9
305551,305560,305562,2,9
305551,305561,305562,1,10
305551,305559,305562,3,8
305551,305561,305563,2,10
305551,305560,305564,4,9
305551,305562,305563,1,11
305551,305560,305564,4,9
305551,305561,305564,3,10
305551,305562,305563,1,11
305551,305562,305563,1,11
305551,305559,305563,4,8
305551,305561,305564,3,10
305551,305563,305564,1,12
305551,305562,305563,1,11
305551,305562,305563,1,11
305551,305563,305564,1,12
305551,305563,305564,1,12
305551,305563,305564,1,12
305551,305563,305564,1,12
305551,305560,305564,4,9
305551,305563,305564,1,12
305551,305561,305565,4,10
305551,305562,305564,2,11
305551,305563,305564,1,12
305551,305563,305564,1,12
305551,305563,305564,1,12
305551,305564,305565,1,13
305551,305564,305566,2,13
305551,305564,305565,1,13
305551,305563,305565,2,12
305551,305563,305565,2,12
305575,305576,305577,1,1
305575,305576,305577,1,1
305575,305576,305577,1,1
305575,305576,305578,2,1
305575,305576,305580,4,1
305575,305576,305579,3,1
305575,305576,305580,4,1
305575,305576,305580,4,1
305575,305576,305580,4,1
305575,305576,305580,4,1
305575,305576,305580,4,1
305575,305576,305582,6,1
305575,305576,305581,5,1
305575,305576,305581,5,1
305575,305577,305581,4,2
305575,305576,305582,6,1
305575,305576,305582,6,1
305575,305576,305582,6,1
305575,305578,305582,4,3
305575,305578,305582,4,3
305575,305578,305583,5,3
305575,305576,305583,7,1
305575,305579,305583,4,4
305575,305581,305583,2,6
305575,305580,305584,4,5
305575,305581,305584,3,6
305575,305582,305583,1,7
305575,305582,305584,2,7
305575,305582,305583,1,7
305575,305582,305584,2,7
305575,305576,305585,9,1
305575,305576,305584,8,1
305575,305581,305585,4,6
305575,305583,305585,2,8
305575,305583,305585,2,8
305575,305583,305585,2,8
305575,305576,305586,10,1
305575,305576,305585,9,1
305575,305581,305586,5,6
305575,305583,305586,3,8
305575,305583,305585,2,8
305575,305585,305586,1,10
305575,305584,305586,2,9
305575,305584,305586,2,9
305575,305584,305586,2,9
305575,305585,305586,1,10
305575,305585,305586,1,10
305575,305581,305587,6,6
305575,305580,305587,7,5
305575,305584,305587,3,9
305575,305584,305586,2,9
305575,305584,305586,2,9
305575,305584,305587,3,9
305575,305584,305587,3,9
305575,305584,305587,3,9
305575,305585,305586,1,10
305575,305586,305587,1,11
305575,305586,305587,1,11
305575,305586,305587,1,11
305575,305586,305587,1,11
305575,305585,305587,2,10
305575,305586,305587,1,11
305575,305586,305587,1,11
305575,305586,305588,2,11
305575,305586,305587,1,11
305575,305586,305587,1,11
305575,305586,305587,1,11
305575,305587,305588,1,12
305575,305586,305587,1,11
305575,305587,305588,1,12
305575,305587,305588,1,12
305575,305585,305588,3,10
305575,305587,305588,1,12
305575,305585,305588,3,10
305575,305587,305588,1,12
305575,305587,305588,1,12
305575,305587,305588,1,12
305575,305576,305589,13,1
305487,305488,305599,111,1
305599,305599,305600,1,0
305599,305599,305600,1,0
305599,305599,305600,1,0
305599,305599,305600,1,0
305599,305599,305602,3,0
305599,305599,305604,5,0
305599,305599,305604,5,0
305599,305601,305603,2,2
305599,305601,305604,3,2
305599,305599,305605,6,0
305599,305599,305605,6,0
305599,305599,305605,6,0
305599,305599,305604,5,0
305599,305601,305605,4,2
305599,305599,305605,6,0
305599,305599,305605,6,0
305599,305601,305606,5,2
305599,305599,305607,8,0
305599,305599,305606,7,0
305599,305603,305607,4,4
305599,305599,305607,8,0
305599,305605,305607,2,6
305599,305605,305607,2,6
305599,305606,305607,1,7
305599,305604,305607,3,5
305599,305604,305607,3,5
305599,305605,305607,2,6
305599,305599,305608,9,0
305599,305599,305607,8,0
305599,305599,305608,9,0
305599,305599,305607,8,0
305599,305604,305607,3,5
305599,305599,305607,8,0
305599,305604,305607,3,5
305599,305605,305608,3,6
305599,305606,305608,2,7
305599,305599,305608,9,0
305599,305607,305608,1,8
305599,305606,305608,2,7
305599,305607,305609,2,8
305599,305607,305608,1,8
305599,305607,305609,2,8
305599,305607,305609,2,8
305599,305608,305609,1,9
305599,305607,305609,2,8
305599,305608,305609,1,9
305599,305599,305610,11,0
305599,305607,305609,2,8
305599,305608,305609,1,9
305599,305608,305610,2,9
305599,305607,305609,2,8
305599,305607,305609,2,8
305599,305607,305609,2,8
305599,305608,305609,1,9
305599,305609,305610,1,10
305599,305609,305610,1,10
305599,305608,305611,3,9
305599,305609,305610,1,10
305599,305608,305610,2,9
305599,305609,305610,1,10
305599,305609,305610,1,10
305599,305609,305611,2,10
305599,305607,305611,4,8
305599,305609,305611,2,10
305599,305609,305611,2,10
305599,305609,305611,2,10
305599,305610,305611,1,11
305599,305610,305611,1,11
305599,305610,305611,1,11
305599,305608,305611,3,9
305599,305610,305611,1,11
305599,305610,305611,1,11
305599,305610,305612,2,11
305599,305609,305611,2,10
305599,305610,305612,2,11
305599,305610,305612,2,11
305599,305610,305612,2,11
305599,305608,305613,5,9
305599,305599,305618,19,0
305627,305627,305628,1,0
305627,305627,305628,1,0
305627,305627,305628,1,0
305627,305627,305628,1,0
305627,305627,305631,4,0
305627,305627,305632,5,0
305627,305627,305631,4,0
305627,305627,305632,5,0
305627,305629,305633,4,2
305627,305627,305633,6,0
305627,305627,305632,5,0
305627,305629,305632,3,2
305627,305632,305633,1,5
305627,305627,305632,5,0
305627,305629,305632,3,2
305627,305627,305633,6,0
305627,305627,305633,6,0
305627,305627,305633,6,0
305627,305629,305633,4,2
305627,305632,305633,1,5
305627,305632,305634,2,5
305627,305627,305634,7,0
305627,305633,305635,2,6
305627,305633,305634,1,6
305627,305627,305634,7,0
305627,305633,305635,2,6
305627,305633,305635,2,6
305627,305634,305635,1,7
305627,305627,305636,9,0
305627,305627,305635,8,0
305627,305627,305636,9,0
305627,305627,305635,8,0
305627,305627,305635,8,0
305627,305634,305636,2,7
305627,305633,305636,3,6
305627,305633,305635,2,6
305627,305635,305636,1,8
305627,305635,305636,1,8
305627,305627,305637,10,0
305627,305632,305636,4,5
305627,305634,305636,2,7
305627,305633,305637,4,6
305627,305634,305636,2,7
305627,305634,305637,3,7
305627,305634,305636,2,7
305627,305635,305637,2,8
305627,305635,305637,2,8
305627,305636,305637,1,9
305627,305635,305637,2,8
305627,305636,305637,1,9
305627,305636,305637,1,9
305627,305636,305637,1,9
305627,305627,305637,10,0
305627,305635,305637,2,8
305627,305636,305637,1,9
305627,305636,305637,1,9
305627,305637,305638,1,10
305627,305637,305638,1,10
305627,305637,305638,1,10
305627,305636,305638,2,9
305627,305637,305638,1,10
305627,305636,305638,2,9
305627,305636,305639,3,9
305627,305637,305638,1,10
305627,305637,305639,2,10
305627,305636,305638,2,9
305627,305636,305639,3,9
305627,305637,305639,2,10
305627,305637,305638,1,10
305627,305638,305639,1,11
305627,305637,305638,1,10
305627,305637,305639,2,10
305627,305637,305638,1,10
305627,305637,305639,2,10
305627,305637,305639,2,10
305627,305637,305639,2,10
305627,305638,305639,1,11
305627,305638,305639,1,11
305627,305627,305646,19,0
305655,305655,305656,1,0
305655,305655,305656,1,0
305655,305655,305656,1,0
305655,305655,305656,1,0
305655,305655,305658,3,0
305655,305655,305658,3,0
305655,305655,305659,4,0
305655,305655,305659,4,0
305655,305655,305659,4,0
305655,305655,305660,5,0
305655,305655,305660,5,0
305655,305657,305659,2,2
305655,305657,305660,3,2
305655,305655,305659,4,0
305655,305657,305660,3,2
305655,305655,305660,5,0
305655,305655,305660,5,0
305655,305655,305660,5,0
305655,305658,305661,3,3
305655,305655,305662,7,0
305655,305655,305663,8,0
305655,305661,305663,2,6
305655,305655,305663,8,0
305655,305658,305662,4,3
305655,305660,305662,2,5
305655,305660,305662,2,5
305655,305660,305663,3,5
305655,305661,305663,2,6
305655,305655,305664,9,0
305655,305657,305663,6,2
305655,305655,305664,9,0
305655,305660,305664,4,5
305655,305660,305664,4,5
305655,305660,305664,4,5
305655,305661,305663,2,6
305655,305655,305665,10,0
305655,305662,305664,2,7
305655,305663,305665,2,8
305655,305663,305665,2,8
305655,305664,305665,1,9
305655,305663,305665,2,8
305655,305663,305665,2,8
305655,305663,305665,2,8
305655,305660,305664,4,5
305655,305655,305665,10,0
305655,305663,305666,3,8
305655,305664,305666,2,9
305655,305664,305666,2,9
305655,305664,305665,1,9
305655,305665,305666,1,10
305655,305665,305666,1,10
305655,305665,305666,1,10
305655,305663,305666,3,8
305655,305665,305666,1,10
305655,305665,305666,1,10
305655,305665,305666,1,10
305655,305655,305667,12,0
305655,305660,305667,7,5
305655,305660,305666,6,5
305655,305664,305666,2,9
305655,305655,305667,12,0
305655,305663,305667,4,8
305655,305664,305667,3,9
305655,305665,305666,1,10
305655,305665,305667,2,10
305655,305665,305667,2,10
305655,305667,305668,1,12
305655,305667,305668,1,12
305655,305667,305668,1,12
305655,305663,305667,4,8
305655,305664,305667,3,9
305655,305666,305667,1,11
305655,305666,305668,2,11
305655,305667,305668,1,12
305655,305667,305668,1,12
305655,305666,305668,2,11
305678,305678,305679,1,0
305678,305678,305679,1,0
305678,305678,305679,1,0
305678,305678,305679,1,0
305678,305678,305682,4,0
305678,305678,305681,3,0
305678,305678,305681,3,0
305678,305678,305682,4,0
305678,305678,305682,4,0
305678,305679,305682,3,1
305678,305678,305682,4,0
305678,305679,305683,4,1
305678,305678,305684,6,0
305678,305678,305683,5,0
305678,305678,305683,5,0
305678,305680,305684,4,2
305678,305678,305684,6,0
305678,305678,305683,5,0
305678,305678,305684,6,0
305678,305678,305685,7,0
305678,305680,305685,5,2
305678,305684,305685,1,6
305678,305684,305686,2,6
305678,305684,305685,1,6
305678,305678,305686,8,0
305678,305678,305686,8,0
305678,305684,305686,2,6
305678,305682,305687,5,4
305678,305683,305686,3,5
305678,305685,305687,2,7
305678,305678,305687,9,0
305678,305684,305688,4,6
305678,305678,305687,9,0
305678,305678,305688,10,0
305678,305682,305687,5,4
305678,305683,305688,5,5
305678,305686,305688,2,8
305678,305686,305688,2,8
305678,305683,305688,5,5
305678,305686,305688,2,8
305678,305687,305688,1,9
305678,305683,305687,4,5
305678,305678,305689,11,0
305678,305687,305688,1,9
305678,305686,305688,2,8
305678,305687,305688,1,9
305678,305686,305689,3,8
305678,305688,305689,1,10
305678,305688,305689,1,10
305678,305688,305689,1,10
305678,305687,305688,1,9
305678,305687,305689,2,9
305678,305687,305689,2,9
305678,305688,305689,1,10
305678,305683,305689,6,5
305678,305688,305689,1,10
305678,305688,305689,1,10
305678,305688,305689,1,10
305678,305684,305690,6,6
305678,305688,305689,1,10
305678,305688,305690,2,10
305678,305688,305690,2,10
305678,305689,305690,1,11
305678,305689,305690,1,11
305678,305689,305690,1,11
305678,305688,305690,2,10
305678,305689,305690,1,11
305678,305689,305690,1,11
305678,305688,305690,2,10
305678,305689,305691,2,11
305678,305678,305691,13,0
305678,305689,305691,2,11
305678,305689,305690,1,11
305678,305689,305690,1,11
305678,305689,305691,2,11
305678,305690,305691,1,12
305678,305690,305691,1,12
305678,305682,305692,10,4
305678,305689,305691,2,11
305701,305701,305702,1,0
305642,305643,305702,59,1
305694,305695,305702,7,1
305701,305701,305703,2,0
305701,305701,305703,2,0
305701,305701,305703,2,0
305701,305701,305704,3,0
305701,305701,305704,3,0
305701,305701,305705,4,0
305701,305701,305706,5,0
305701,305701,305706,5,0
305701,305701,305706,5,0
305701,305701,305706,5,0
305701,305701,305707,6,0
305701,305701,305707,6,0
305701,305702,305707,5,1
305701,305701,305707,6,0
305645,305647,305707,60,2
305701,305701,305708,7,0
305701,305703,305708,5,2
305701,305701,305708,7,0
305701,305703,305708,5,2
305701,305701,305709,8,0
305701,305705,305709,4,4
305701,305707,305709,2,6
305701,305701,305710,9,0
305701,305701,305709,8,0
305701,305701,305710,9,0
305701,305707,305710,3,6
305701,305707,305710,3,6
305701,305708,305711,3,7
305701,305709,305710,1,8
305701,305706,305711,5,5
305701,305709,305711,2,8
305701,305701,305711,10,0
305701,305708,305711,3,7
305701,305709,305711,2,8
305701,305711,305712,1,10
305701,305711,305712,1,10
305701,305711,305712,1,10
305701,305701,305712,11,0
305701,305711,305712,1,10
305701,305710,305713,3,9
305701,305711,305712,1,10
305701,305708,305712,4,7
305701,305710,305712,2,9
305701,305712,305713,1,11
305701,305712,305713,1,11
305701,305709,305712,3,8
305701,305710,305712,2,9
305701,305711,305712,1,10
305701,305711,305712,1,10
305701,305711,305712,1,10
305701,305712,305713,1,11
305701,305703,305713,10,2
305701,305708,305713,5,7
305701,305711,305713,2,10
305701,305712,305713,1,11
305701,305713,305714,1,12
305701,305713,305714,1,12
305701,305712,305713,1,11
305701,305713,305714,1,12
305701,305713,305714,1,12
305701,305712,305713,1,11
305701,305713,305714,1,12
305701,305701,305714,13,0
305701,305713,305714,1,12
305701,305713,305714,1,12
305701,305713,305714,1,12
305701,305713,305714,1,12
305701,305713,305714,1,12
305701,305713,305714,1,12
305701,305713,305714,1,12
305701,305713,305714,1,12
305701,305713,305715,2,12
305701,305714,305715,1,13
305701,305714,305715,1,13
305701,305706,305715,9,5
305701,305704,305715,11,3
305701,305714,305715,1,13
305701,305714,305715,1,13
305701,305701,305716,15,0
305725,305725,305726,1,0
305725,305725,305726,1,0
305725,305725,305726,1,0
305725,305725,305726,1,0
305725,305725,305728,3,0
305725,305725,305728,3,0
305725,305725,305729,4,0
305725,305725,305729,4,0
305725,305726,305729,3,1
305725,305725,305731,6,0
305725,305725,305730,5,0
305725,305725,305731,6,0
305725,305725,305730,5,0
305725,305726,305731,5,1
305725,305725,305732,7,0
305725,305725,305731,6,0
305725,305727,305731,4,2
305725,305725,305733,8,0
305725,305725,305733,8,0
305725,305725,305733,8,0
305725,305725,305734,9,0
305725,305725,305733,8,0
305725,305729,305734,5,4
305725,305731,305734,3,6
305725,305729,305734,5,4
305725,305725,305734,9,0
305725,305730,305734,4,5
305725,305731,305735,4,6
305725,305732,305735,3,7
305725,305731,305735,4,6
305725,305730,305735,5,5
305725,305733,305735,2,8
305725,305727,305735,8,2
305725,305734,305735,1,9
305725,305725,305736,11,0
305725,305734,305736,2,9
305725,305734,305736,2,9
305725,305731,305735,4,6
305725,305732,305736,4,7
305725,305734,305736,2,9
305725,305735,305737,2,10
305725,305734,305737,3,9
305725,305735,305737,2,10
305725,305735,305737,2,10
305725,305735,305737,2,10
305725,305735,305737,2,10
305725,305735,305737,2,10
305725,305736,305737,1,11
305725,305735,305737,2,10
305725,305725,305738,13,0
305725,305731,305738,7,6
305725,305734,305737,3,9
305725,305732,305738,6,7
305725,305736,305738,2,11
305725,305736,305738,2,11
305725,305736,305738,2,11
305725,305737,305738,1,12
305725,305737,305738,1,12
305725,305738,305739,1,13
305725,305738,305739,1,13
305725,305737,305738,1,12
305725,305738,305739,1,13
305725,305737,305739,2,12
305725,305733,305739,6,8
305725,305737,305739,2,12
305725,305738,305739,1,13
305725,305738,305739,1,13
305725,305725,305740,15,0
305725,305729,305740,11,4
305725,305738,305740,2,13
305725,305738,305740,2,13
305725,305738,305740,2,13
305725,305738,305740,2,13
305725,305738,305740,2,13
305725,305725,305742,17,0
305751,305751,305752,1,0
305751,305751,305752,1,0
305751,305751,305753,2,0
305751,305751,305753,2,0
305751,305751,305754,3,0
305751,305752,305756,4,1
305751,305752,305756,4,1
305751,305753,305756,3,2
305751,305753,305756,3,2
305751,305752,305757,5,1
305751,305754,305757,3,3
305751,305752,305757,5,1
305751,305752,305757,5,1
305751,305752,305757,5,1
305751,305752,305757,5,1
305751,305752,305759,7,1
305751,305752,305759,7,1
305751,305752,305759,7,1
305751,305752,305759,7,1
305751,305751,305759,8,0
305751,305752,305760,8,1
305751,305757,305760,3,6
305751,305757,305760,3,6
305751,305757,305760,3,6
305751,305752,305762,10,1
305751,305752,305761,9,1
305751,305757,305761,4,6
305751,305758,305761,3,7
305751,305758,305761,3,7
305751,305758,305761,3,7
305751,305752,305762,10,1
305751,305755,305762,7,4
305751,305758,305762,4,7
305751,305760,305762,2,9
305751,305758,305762,4,7
305751,305760,305763,3,9
305751,305758,305762,4,7
305751,305752,305764,12,1
305751,305760,305764,4,9
305751,305754,305764,10,3
305751,305762,305764,2,11
305751,305762,305764,2,11
305751,305760,305764,4,9
305751,305762,305764,2,11
305751,305762,305763,1,11
305751,305763,305764,1,12
305751,305763,305764,1,12
305751,305761,305763,2,10
305751,305762,305764,2,11
305751,305762,305763,1,11
305751,305761,305763,2,10
305751,305761,305763,2,10
305751,305763,305764,1,12
305751,305751,305764,13,0
305751,305759,305764,5,8
305751,305763,305765,2,12
305751,305763,305764,1,12
305751,305761,305764,3,10
305751,305764,305765,1,13
305751,305764,305765,1,13
305751,305764,305765,1,13
305751,305763,305765,2,12
305751,305764,305765,1,13
305751,305763,305764,1,12
305751,305764,305765,1,13
305751,305764,305765,1,13
305751,305764,305765,1,13
305751,305764,305765,1,13
305751,305764,305765,1,13
305751,305764,305765,1,13
305751,305764,305765,1,13
305751,305764,305765,1,13
305751,305764,305765,1,13
305751,305764,305765,1,13
305751,305764,305766,2,13
305751,305765,305766,1,14
305751,305765,305767,2,14
305751,305764,305766,2,13
305751,305752,305768,16,1
305778,305778,305779,1,0
305778,305778,305779,1,0
305778,305778,305779,1,0
305778,305778,305779,1,0
305778,305778,305782,4,0
305778,305778,305783,5,0
305778,305778,305783,5,0
305778,305778,305783,5,0
305778,305779,305782,3,1
305778,305780,305784,4,2
305778,305778,305783,5,0
305778,305778,305783,5,0
305778,305779,305784,5,1
305778,305778,305783,5,0
305778,305779,305783,4,1
305778,305778,305784,6,0
305778,305778,305784,6,0
305778,305778,305785,7,0
305778,305778,305785,7,0
305778,305778,305786,8,0
305778,305778,305786,8,0
305778,305778,305786,8,0
305778,305784,305787,3,6
305778,305784,305787,3,6
305778,305785,305787,2,7
305778,305778,305788,10,0
305778,305782,305787,5,4
305778,305778,305788,10,0
305778,305783,305787,4,5
305778,305784,305788,4,6
305778,305783,305788,5,5
305778,305784,305788,4,6
305778,305784,305788,4,6
305778,305778,305789,11,0
305778,305778,305789,11,0
305778,305784,305788,4,6
305778,305784,305789,5,6
305778,305788,305789,1,10
305778,305783,305788,5,5
305778,305783,305789,6,5
305778,305787,305789,2,9
305778,305788,305789,1,10
305778,305788,305789,1,10
305778,305788,305790,2,10
305778,305778,305790,12,0
305778,305788,305790,2,10
305778,305788,305789,1,10
305778,305787,305789,2,9
305778,305787,305790,3,9
305778,305788,305789,1,10
305778,305778,305791,13,0
305778,305786,305791,5,8
305778,305788,305790,2,10
305778,305784,305791,7,6
305778,305787,305791,4,9
305778,305789,305791,2,11
305778,305789,305791,2,11
305778,305789,305791,2,11
305778,305789,305791,2,11
305778,305789,305791,2,11
305778,305789,305791,2,11
305778,305789,305791,2,11
305778,305790,305791,1,12
305778,305789,305791,2,11
305778,305790,305791,1,12
305778,305791,305792,1,13
305778,305790,305791,1,12
305778,305787,305792,5,9
305778,305787,305792,5,9
305778,305790,305791,1,12
305778,305790,305792,2,12
305778,305790,305792,2,12
305778,305791,305792,1,13
305778,305791,305792,1,13
305778,305791,305793,2,13
305778,305791,305793,2,13
305778,305791,305793,2,13
305778,305791,305793,2,13
305803,305804,305805,1,1
305803,305804,305805,1,1
305803,305804,305805,1,1
305803,305804,305807,3,1
305803,305804,305808,4,1
305803,305805,305809,4,2
305803,305804,305808,4,1
305803,305805,305808,3,2
305803,305804,305810,6,1
305803,305804,305809,5,1
305803,305804,305809,5,1
305803,305806,305809,3,3
305803,305804,305809,5,1
305803,305806,305810,4,3
305803,305804,305810,6,1
305803,305804,305810,6,1
305803,305804,305810,6,1
305803,305804,305811,7,1
305803,305804,305811,7,1
305803,305804,305811,7,1
305803,305804,305811,7,1
305803,305804,305812,8,1
305803,305804,305812,8,1
305803,305804,305812,8,1
305803,305809,305813,4,6
305803,305809,305812,3,6
305803,305804,305812,8,1
305803,305809,305813,4,6
305803,305810,305814,4,7
305803,305810,305813,3,7
305803,305811,305813,2,8
305803,305810,305813,3,7
305803,305809,305814,5,6
305803,305811,305813,2,8
305803,305811,305813,2,8
305803,305804,305814,10,1
305803,305808,305814,6,5
305803,305812,305815,3,9
305803,305812,305814,2,9
305803,305813,305815,2,10
305803,305814,305815,1,11
305803,305810,305814,4,7
305803,305814,305815,1,11
305803,305814,305815,1,11
305803,305814,305815,1,11
305803,305813,305815,2,10
305803,305814,305815,1,11
305803,305813,305815,2,10
305803,305813,305816,3,10
305803,305804,305815,11,1
305803,305813,305815,2,10
305803,305811,305815,4,8
305803,305812,305815,3,9
305803,305813,305815,2,10
305803,305813,305815,2,10
305803,305815,305816,1,12
305803,305815,305816,1,12
305803,305814,305815,1,11
305803,305814,305815,1,11
305803,305815,305816,1,12
305803,305815,305816,1,12
305803,305815,305816,1,12
305803,305815,305816,1,12
305803,305815,305817,2,12
305803,305815,305816,1,12
305803,305812,305817,5,9
305803,305815,305816,1,12
305803,305815,305816,1,12
305803,305815,305816,1,12
305803,305815,305817,2,12
305803,305816,305817,1,13
305803,305816,305817,1,13
305803,305816,305817,1,13
305803,305816,305817,1,13
305803,305816,305818,2,13
305803,305816,305817,1,13
305803,305816,305818,2,13
305803,305810,305819,9,7
305828,305829,305830,1,1
305828,305829,305830,1,1
305828,305829,305830,1,1
305828,305829,305831,2,1
305828,305829,305830,1,1
305828,305830,305833,3,2
305828,305830,305833,3,2
305828,305829,305834,5,1
305828,305829,305834,5,1
305828,305829,305834,5,1
305828,305829,305834,5,1
305828,305831,305835,4,3
305828,305829,305834,5,1
305828,305829,305834,5,1
305828,305829,305834,5,1
305828,305829,305834,5,1
305828,305830,305834,4,2
305828,305829,305835,6,1
305828,305829,305835,6,1
305828,305831,305836,5,3
305828,305829,305836,7,1
305828,305835,305836,1,7
305828,305835,305837,2,7
305828,305833,305837,4,5
305828,305835,305836,1,7
305828,305829,305837,8,1
305828,305836,305837,1,8
305828,305834,305838,4,6
305828,305835,305837,2,7
305828,305836,305838,2,8
305828,305829,305838,9,1
305828,305835,305838,3,7
305828,305829,305838,9,1
305828,305829,305838,9,1
305828,305835,305839,4,7
305828,305834,305838,4,6
305828,305835,305838,3,7
305828,305837,305838,1,9
305828,305834,305838,4,6
305828,305837,305839,2,9
305828,305837,305839,2,9
305828,305829,305839,10,1
305828,305829,305840,11,1
305828,305829,305839,10,1
305828,305838,305840,2,10
305828,305839,305840,1,11
305828,305839,305840,1,11
305828,305839,305840,1,11
305828,305837,305839,2,9
305828,305838,305839,1,10
305828,305839,305840,1,11
305828,305839,305840,1,11
305828,305837,305840,3,9
305828,305838,305839,1,10
305828,305838,305839,1,10
305828,305839,305840,1,11
305828,305839,305841,2,11
305828,305837,305840,3,9
305828,305839,305841,2,11
305828,305835,305840,5,7
305828,305838,305841,3,10
305828,305839,305840,1,11
305828,305840,305841,1,12
305828,305840,305841,1,12
305828,305840,305841,1,12
305828,305840,305841,1,12
305828,305840,305841,1,12
305828,305839,305840,1,11
305828,305840,305841,1,12
305828,305840,305842,2,12
305828,305839,305841,2,11
305828,305840,305841,1,12
305828,305840,305841,1,12
305828,305840,305841,1,12
305828,305840,305841,1,12
305828,305840,305841,1,12
305828,305840,305841,1,12
305828,305840,305841,1,12
305828,305829,305843,14,1
305853,305853,305854,1,0
305853,305853,305854,1,0
305853,305853,305854,1,0
305853,305853,305855,2,0
305853,305853,305855,2,0
305853,305853,305857,4,0
305853,305853,305857,4,0
305853,305853,305858,5,0
305853,305853,305858,5,0
305853,305853,305857,4,0
305853,305853,305858,5,0
305853,305854,305857,3,1
305853,305853,305857,4,0
305853,305853,305858,5,0
305853,305853,305858,5,0
305853,305857,305859,2,4
305853,305853,305859,6,0
305853,305854,305859,5,1
305853,305857,305859,2,4
305853,305853,305860,7,0
305853,305855,305860,5,2
305853,305853,305860,7,0
305853,305855,305860,5,2
305853,305858,305860,2,5
305853,305853,305860,7,0
305853,305858,305860,2,5
305853,305858,305860,2,5
305853,305853,305860,7,0
305853,305858,305860,2,5
305853,305853,305861,8,0
305853,305859,305861,2,6
305853,305858,305861,3,5
305853,305859,305861,2,6
305853,305858,305861,3,5
305853,305859,305861,2,6
305853,305860,305861,1,7
305853,305855,305862,7,2
305853,305853,305862,9,0
305853,305862,305863,1,9
305853,305861,305862,1,8
305853,305861,305862,1,8
305853,305861,305862,1,8
305853,305862,305863,1,9
305853,305862,305863,1,9
305853,305860,305862,2,7
305853,305861,305863,2,8
305853,305862,305863,1,9
305853,305858,305863,5,5
305853,305859,305863,4,6
305853,305862,305863,1,9
305853,305861,305863,2,8
305853,305861,305863,2,8
305853,305861,305863,2,8
305853,305863,305864,1,10
305853,305861,305863,2,8
305853,305861,305863,2,8
305853,305862,305863,1,9
305853,305863,305864,1,10
305853,305863,305864,1,10
305853,305853,305864,11,0
305853,305860,305864,4,7
305853,305853,305865,12,0
305853,305863,305864,1,10
305853,305863,305864,1,10
305853,305863,305864,1,10
305853,305864,305865,1,11
305853,305863,305864,1,10
305853,305863,305864,1,10
305853,305853,305865,12,0
305853,305864,305865,1,11
305853,305864,305865,1,11
305853,305864,305865,1,11
305853,305864,305865,1,11
305853,305864,305865,1,11
305853,305864,305865,1,11
305853,305864,305865,1,11
305853,305864,305865,1,11
305853,305864,305865,1,11
305853,305864,305865,1,11
305875,305875,305876,1,0
305875,305875,305876,1,0
305875,305875,305877,2,0
305875,305875,305876,1,0
305875,305875,305876,1,0
305875,305875,305877,2,0
305875,305875,305877,2,0
305875,305875,305878,3,0
305875,305875,305878,3,0
305875,305875,305879,4,0
305875,305875,305878,3,0
305875,305875,305878,3,0
305875,305876,305879,3,1
305875,305875,305880,5,0
305875,305877,305880,3,2
305875,305875,305879,4,0
305875,305875,305879,4,0
305875,305877,305880,3,2
305875,305877,305879,2,2
305875,305875,305881,6,0
305875,305875,305880,5,0
305875,305878,305880,2,3
305875,305875,305880,5,0
305875,305878,305881,3,3
305875,305879,305881,2,4
305875,305879,305881,2,4
305875,305875,305881,6,0
305875,305879,305880,1,4
305875,305879,305880,1,4
305875,305879,305880,1,4
305875,305875,305882,7,0
305875,305878,305881,3,3
305875,305881,305882,1,6
305875,305881,305882,1,6
305875,305877,305882,5,2
305875,305875,305882,7,0
305875,305880,305882,2,5
305875,305880,305883,3,5
305875,305881,305883,2,6
305875,305881,305882,1,6
305875,305880,305883,3,5
305875,305881,305882,1,6
305875,305881,305882,1,6
305875,305881,305882,1,6
305875,305881,305882,1,6
305875,305882,305883,1,7
305875,305881,305884,3,6
305875,305882,305883,1,7
305875,305881,305883,2,6
305875,305882,305884,2,7
305875,305883,305884,1,8
305875,305883,305884,1,8
305875,305882,305883,1,7
305875,305883,305884,1,8
305875,305883,305884,1,8
305875,305883,305884,1,8
305875,305880,305885,5,5
305875,305881,305885,4,6
305875,305883,305884,1,8
305875,305880,305885,5,5
305875,305883,305884,1,8
305875,305880,305885,5,5
305875,305883,305885,2,8
305875,305883,305884,1,8
305875,305883,305885,2,8
305875,305883,305885,2,8
305875,305883,305884,1,8
305875,305884,305885,1,9
305875,305884,305885,1,9
305875,305875,305886,11,0
305875,305884,305885,1,9
305875,305884,305885,1,9
305875,305884,305885,1,9
305875,305884,305885,1,9
305875,305884,305886,2,9
305875,305884,305886,2,9
305875,305885,305886,1,10
305875,305875,305887,12,0
305875,305875,305889,14,0
305841,305841,305890,49,0
305898,305898,305899,1,0
305898,305898,305899,1,0
305898,305898,305899,1,0
305898,305898,305900,2,0
305898,305898,305900,2,0
305898,305898,305901,3,0
305898,305898,305901,3,0
305898,305898,305901,3,0
305898,305898,305901,3,0
305898,305900,305902,2,2
305898,305898,305902,4,0
305898,305899,305902,3,1
305898,305901,305903,2,3
305898,305898,305903,5,0
305898,305899,305903,4,1
305898,305902,305903,1,4
305898,305898,305903,5,0
305898,305898,305903,5,0
305898,305900,305903,3,2
305898,305902,305903,1,4
305898,305898,305904,6,0
305898,305898,305905,7,0
305898,305898,305904,6,0
305898,305903,305904,1,5
305898,305898,305905,7,0
305898,305898,305905,7,0
305898,305898,305905,7,0
305898,305902,305905,3,4
305898,305903,305905,2,5
305898,305904,305906,2,6
305898,305904,305905,1,6
305898,305904,305906,2,6
305898,305904,305906,2,6
305898,305900,305906,6,2
305898,305904,305906,2,6
305898,305904,305906,2,6
305898,305905,305906,1,7
305898,305905,305907,2,7
305898,305906,305907,1,8
305898,305906,305907,1,8
305898,305898,305907,9,0
305898,305905,305907,2,7
305898,305903,305907,4,5
305898,305906,305907,1,8
305898,305906,305907,1,8
305898,305904,305907,3,6
305898,305905,305907,2,7
305898,305907,305908,1,9
305898,305906,305907,1,8
305898,305906,305907,1,8
305898,305906,305907,1,8
305898,305906,305907,1,8
305898,305907,305908,1,9
305898,305907,305908,1,9
305898,305907,305908,1,9
305898,305898,305908,10,0
305898,305906,305908,2,8
305898,305907,305908,1,9
305898,305904,305908,4,6
305898,305907,305908,1,9
305898,305907,305908,1,9
305898,305908,305909,1,10
305898,305908,305909,1,10
305898,305908,305909,1,10
305898,305908,305909,1,10
305898,305908,305909,1,10
305898,305898,305909,11,0
305898,305908,305909,1,10
305898,305908,305910,2,10
305898,305908,305910,2,10
305898,305908,305909,1,10
305898,305908,305909,1,10
305898,305908,305909,1,10
305898,305908,305910,2,10
305898,305908,305909,1,10
305898,305908,305909,1,10
305898,305898,305910,12,0
305898,305908,305910,2,10
305898,305898,305913,15,0
305922,305922,305923,1,0
305922,305922,305923,1,0
305922,305922,305924,2,0
305922,305922,305924,2,0
305922,305922,305924,2,0
305922,305922,305923,1,0
305922,305924,305925,1,2
305922,305922,305925,3,0
305922,305922,305926,4,0
305922,305924,305926,2,2
305922,305922,305926,4,0
305922,305924,305926,2,2
305922,305922,305927,5,0
305922,305922,305926,4,0
305922,305922,305928,6,0
305922,305922,305928,6,0
305922,305924,305927,3,2
305922,305922,305928,6,0
305922,305922,305927,5,0
305922,305922,305928,6,0
305922,305922,305928,6,0
305922,305922,305928,6,0
305922,305926,305928,2,4
305922,305922,305929,7,0
305922,305926,305929,3,4
305922,305926,305929,3,4
305922,305922,305930,8,0
305922,305927,305930,3,5
305922,305926,305930,4,4
305922,305928,305930,2,6
305922,305928,305930,2,6
305922,305926,305930,4,4
305922,305928,305930,2,6
305922,305928,305930,2,6
305922,305928,305931,3,6
305922,305928,305930,2,6
305922,305928,305930,2,6
305922,305929,305930,1,7
305922,305922,305931,9,0
305922,305924,305931,7,2
305922,305922,305931,9,0
305922,305924,305930,6,2
305922,305927,305930,3,5
305922,305929,305931,2,7
305922,305931,305932,1,9
305922,305930,305932,2,8
305922,305931,305932,1,9
305922,305931,305932,1,9
305922,305931,305932,1,9
305922,305922,305932,10,0
305922,305928,305932,4,6
305922,305931,305932,1,9
305922,305931,305932,1,9
305922,305931,305932,1,9
305922,305932,305933,1,10
305922,305930,305932,2,8
305922,305931,305932,1,9
305922,305931,305932,1,9
305922,305929,305932,3,7
305922,305931,305933,2,9
305922,305922,305933,11,0
305922,305930,305933,3,8
305922,305930,305933,3,8
305922,305931,305933,2,9
305922,305932,305933,1,10
305922,305932,305933,1,10
305922,305933,305934,1,11
305922,305933,305934,1,11
305922,305933,305934,1,11
305922,305932,305934,2,10
305922,305932,305933,1,10
305922,305932,305933,1,10
305922,305932,305933,1,10
305922,305926,305934,8,4
305922,305932,305934,2,10
305922,305931,305934,3,9
305922,305932,305934,2,10
305922,305933,305934,1,11
305922,305933,305934,1,11
305944,305944,305945,1,0
305944,305944,305945,1,0
305944,305944,305946,2,0
305944,305944,305945,1,0
305944,305944,305945,1,0
305944,305944,305947,3,0
305944,305945,305947,2,1
305944,305945,305947,2,1
305944,305944,305948,4,0
305944,305944,305948,4,0
305944,305944,305948,4,0
305944,305944,305949,5,0
305944,305944,305950,6,0
305944,305946,305950,4,2
305944,305944,305950,6,0
305944,305947,305950,3,3
305944,305944,305950,6,0
305944,305946,305949,3,2
305944,305944,305950,6,0
305944,305947,305950,3,3
305944,305944,305951,7,0
305944,305944,305951,7,0
305944,305947,305951,4,3
305944,305944,305951,7,0
305944,305944,305952,8,0
305944,305950,305952,2,6
305944,305948,305952,4,4
305944,305949,305952,3,5
305944,305950,305952,2,6
305944,305950,305951,1,6
305944,305951,305953,2,7
305944,305944,305953,9,0
305944,305951,305953,2,7
305944,305944,305952,8,0
305944,305948,305953,5,4
305944,305950,305953,3,6
305944,305949,305953,4,5
305944,305950,305954,4,6
305944,305950,305954,4,6
305944,305944,305954,10,0
305944,305950,305954,4,6
305944,305950,305953,3,6
305944,305951,305954,3,7
305944,305952,305954,2,8
305944,305953,305955,2,9
305944,305953,305954,1,9
305944,305953,305954,1,9
305944,305954,305955,1,10
305944,305952,305955,3,8
305944,305953,305955,2,9
305944,305944,305955,11,0
305944,305952,305955,3,8
305944,305954,305955,1,10
305944,305954,305955,1,10
305944,305954,305955,1,10
305944,305946,305956,10,2
305944,305953,305956,3,9
305944,305954,305956,2,10
305944,305955,305956,1,11
305944,305955,305956,1,11
305944,305956,305957,1,12
305944,305956,305957,1,12
305944,305956,305957,1,12
305944,305955,305956,1,11
305944,305955,305956,1,11
305944,305955,305956,1,11
305944,305955,305956,1,11
305944,305955,305957,2,11
305944,305956,305957,1,12
305944,305956,305957,1,12
305944,305951,305957,6,7
305944,305955,305957,2,11
305944,305955,305957,2,11
305944,305955,305958,3,11
305944,305955,305957,2,11
305944,305956,305957,1,12
305944,305944,305958,14,0
305944,305944,305962,18,0
305973,305973,305974,1,0
305973,305973,305974,1,0
305973,305973,305974,1,0
305973,305973,305974,1,0
305973,305973,305974,1,0
305973,305973,305976,3,0
305973,305973,305977,4,0
305973,305973,305976,3,0
305973,305974,305976,2,1
305973,305973,305977,4,0
305973,305973,305977,4,0
305973,305973,305977,4,0
305973,305973,305977,4,0
305973,305975,305977,2,2
305973,305973,305977,4,0
305973,305973,305978,5,0
305973,305973,305978,5,0
305973,305973,305978,5,0
305973,305973,305979,6,0
305973,305977,305978,1,4
305973,305973,305980,7,0
305973,305978,305980,2,5
305973,305973,305979,6,0
305973,305977,305980,3,4
305973,305977,305980,3,4
305973,305978,305980,2,5
305973,305978,305980,2,5
305973,305978,305980,2,5
305973,305975,305979,4,2
305973,305976,305979,3,3
305973,305973,305980,7,0
305973,305975,305980,5,2
305973,305977,305980,3,4
305973,305979,305980,1,6
305973,305979,305980,1,6
305973,305979,305980,1,6
305973,305980,305981,1,7
305973,305973,305981,8,0
305973,305978,305981,3,5
305973,305979,305981,2,6
305973,305979,305981,2,6
305973,305980,305981,1,7
305973,305980,305981,1,7
305973,305980,305981,1,7
305973,305980,305982,2,7
305973,305980,305982,2,7
305973,305980,305981,1,7
305973,305973,305982,9,0
305973,305973,305982,9,0
305973,305981,305982,1,8
305973,305981,305983,2,8
305973,305980,305983,3,7
305973,305981,305982,1,8
305973,305980,305982,2,7
305973,305980,305982,2,7
305973,305981,305983,2,8
305973,305981,305983,2,8
305973,305981,305982,1,8
305973,305975,305984,9,2
305973,305982,305983,1,9
305973,305982,305983,1,9
305973,305982,305984,2,9
305973,305982,305984,2,9
305973,305983,305984,1,10
305973,305983,305984,1,10
305973,305982,305984,2,9
305973,305983,305984,1,10
305973,305983,305984,1,10
305973,305982,305984,2,9
305973,305982,305983,1,9
305973,305973,305985,12,0
305973,305982,305984,2,9
305973,305982,305985,3,9
305973,305982,305984,2,9
305973,305982,305984,2,9
305973,305983,305985,2,10
305973,305983,305986,3,10
305973,305983,305986,3,10
305973,305983,305986,3,10
305996,305996,305997,1,0
305996,305996,305997,1,0
305996,305996,305997,1,0
305996,305996,305997,1,0
305996,305996,305997,1,0
305996,305996,305998,2,0
305996,305996,306000,4,0
305996,305997,305999,2,1
305996,305996,306000,4,0
305996,305997,306000,3,1
305996,305997,306001,4,1
305996,305996,306001,5,0
305996,305996,306000,4,0
305996,305998,306000,2,2
305996,305996,306002,6,0
305996,305996,306002,6,0
305996,305996,306002,6,0
305996,305996,306002,6,0
305996,305996,306002,6,0
305996,306000,306002,2,4
305996,305996,306002,6,0
305996,305998,306003,5,2
305996,306000,306002,2,4
305996,306001,306003,2,5
305996,306000,306003,3,4
305996,306001,306003,2,5
305996,306001,306003,2,5
305996,306001,306003,2,5
305996,306002,306003,1,6
305996,305996,306004,8,0
305996,305998,306004,6,2
305996,306000,306004,4,4
305996,305996,306004,8,0
305996,305996,306004,8,0
305996,306002,306004,2,6
305996,306002,306004,2,6
305996,305996,306003,7,0
305996,306002,306004,2,6
305996,305996,306004,8,0
305996,305996,306005,9,0
305996,306002,306005,3,6
305996,306002,306005,3,6
305996,306003,306005,2,7
305996,306003,306005,2,7
305996,306003,306005,2,7
305996,306003,306005,2,7
305996,306004,306006,2,8
305996,306003,306006,3,7
305996,305996,306006,10,0
305996,306004,306006,2,8
305996,305996,306006,10,0
305996,306003,306006,3,7
305996,306003,306006,3,7
305996,306003,306006,3,7
305996,306004,306006,2,8
305996,306004,306006,2,8
305996,306003,306006,3,7
305996,306005,306006,1,9
305996,306004,306006,2,8
305996,306004,306007,3,8
305996,306004,306007,3,8
305996,306004,306006,2,8
305996,306004,306007,3,8
305996,306007,306008,1,11
305996,306006,306007,1,10
305996,306006,306007,1,10
305996,306006,306007,1,10
305996,306006,306007,1,10
305996,306007,306008,1,11
305996,306007,306008,1,11
305996,306006,306008,2,10
305996,306006,306008,2,10
305996,306005,306008,3,9
305996,306005,306008,3,9
305996,306006,306008,2,10
305996,306006,306008,2,10
305996,306007,306008,1,11
305996,306006,306008,2,10
305996,306005,306009,4,9
306019,306019,306020,1,0
306019,306019,306020,1,0
306019,306019,306020,1,0
306019,306019,306020,1,0
306019,306019,306020,1,0
306019,306019,306023,4,0
306019,306020,306022,2,1
306019,306019,306023,4,0
306019,306019,306024,5,0
306019,306020,306023,3,1
306019,306019,306023,4,0
306019,306021,306023,2,2
306019,306019,306025,6,0
306019,306019,306024,5,0
306019,306019,306024,5,0
306019,306019,306025,6,0
306019,306019,306025,6,0
306019,306024,306025,1,5
306019,306019,306025,6,0
306019,306021,306025,4,2
306019,306019,306025,6,0
306019,306021,306026,5,2
306019,306023,306026,3,4
306019,306023,306026,3,4
306019,306024,306025,1,5
306019,306019,306026,7,0
306019,306019,306026,7,0
306019,306024,306025,1,5
306019,306019,306027,8,0
306019,306024,306026,2,5
306019,306025,306027,2,6
306019,306025,306027,2,6
306019,306024,306026,2,5
306019,306025,306027,2,6
306019,306025,306027,2,6
306019,306025,306027,2,6
306019,306019,306028,9,0
306019,306026,306028,2,7
306019,306019,306027,8,0
306019,306019,306028,9,0
306019,306026,306028,2,7
306019,306026,306028,2,7
306019,306025,306028,3,6
306019,306026,306028,2,7
306019,306026,306028,2,7
306019,306026,306028,2,7
306019,306026,306029,3,7
306019,306026,306029,3,7
306019,306026,306029,3,7
306019,306026,306029,3,7
306019,306027,306029,2,8
306019,306027,306029,2,8
306019,306027,306029,2,8
306019,306027,306029,2,8
306019,306028,306030,2,9
306019,306027,306030,3,8
306019,306029,306030,1,10
306019,306027,306030,3,8
306019,306028,306030,2,9
306019,306029,306030,1,10
306019,306029,306030,1,10
306019,306029,306030,1,10
306019,306030,306031,1,11
306019,306029,306030,1,10
306019,306029,306030,1,10
306019,306029,306030,1,10
306019,306030,306031,1,11
306019,306019,306031,12,0
306019,306028,306031,3,9
306019,306028,306030,2,9
306019,306029,306031,2,10
306019,306029,306031,2,10
306019,306027,306031,4,8
306019,306030,306031,1,11
306019,306030,306031,1,11
306019,306030,306031,1,11
306019,306019,306032,13,0
306019,306029,306033,4,10
306043,306043,306044,1,0
306043,306043,306044,1,0
306043,306043,306045,2,0
306043,306043,306045,2,0
306043,306043,306045,2,0
306043,306044,306047,3,1
306043,306043,306048,5,0
306043,306043,306048,5,0
306043,306045,306048,3,2
306043,306043,306048,5,0
306043,306045,306048,3,2
306043,306045,306048,3,2
306043,306043,306048,5,0
306043,306045,306048,3,2
306043,306043,306049,6,0
306043,306043,306049,6,0
306043,306047,306049,2,4
306043,306043,306048,5,0
306043,306043,306048,5,0
306043,306043,306049,6,0
306043,306043,306050,7,0
306043,306043,306050,7,0
306043,306048,306050,2,5
306043,306048,306050,2,5
306043,306048,306050,2,5
306043,306049,306050,1,6
306042,306042,306050,8,0
306043,306043,306051,8,0
306043,306049,306051,2,6
306043,306049,306051,2,6
306043,306049,306051,2,6
306043,306043,306050,7,0
306043,306048,306051,3,5
306043,306043,306050,7,0
306043,306048,306051,3,5
306043,306048,306051,3,5
306043,306048,306050,2,5
306043,306049,306051,2,6
306043,306050,306051,1,7
306043,306043,306051,8,0
306043,306051,306052,1,8
306009,306010,306051,41,1
306043,306048,306052,4,5
306043,306050,306052,2,7
306043,306050,306052,2,7
306043,306050,306052,2,7
306043,306051,306052,1,8
306043,306043,306053,10,0
306043,306052,306053,1,9
306043,306052,306053,1,9
306043,306052,306053,1,9
306043,306052,306054,2,9
306043,306052,306053,1,9
306043,306052,306053,1,9
306043,306052,306054,2,9
306043,306052,306053,1,9
306043,306052,306054,2,9
306043,306052,306053,1,9
306043,306052,306054,2,9
306043,306043,306054,11,0
306043,306043,306055,12,0
306043,306052,306054,2,9
306043,306053,306054,1,10
306043,306052,306054,2,9
306043,306052,306054,2,9
306043,306053,306054,1,10
306043,306054,306055,1,11
306043,306053,306054,1,10
306043,306054,306055,1,11
306043,306043,306055,12,0
306043,306052,306055,3,9
306043,306053,306055,2,10
306043,306052,306055,3,9
306043,306054,306055,1,11
306043,306054,306055,1,11
306043,306054,306055,1,11
306043,306054,306055,1,11
306043,306054,306055,1,11
306043,306054,306055,1,11
306043,306054,306056,2,11
306065,306065,306066,1,0
306065,306065,306066,1,0
306065,306065,306066,1,0
306065,306065,306066,1,0
306065,306065,306067,2,0
306065,306066,306069,3,1
306065,306065,306070,5,0
306065,306065,306070,5,0
306065,306065,306069,4,0
306065,306066,306070,4,1
306065,306065,306070,5,0
306065,306065,306070,5,0
306065,306065,306070,5,0
306065,306067,306072,5,2
306065,306065,306072,7,0
306065,306066,306072,6,1
306065,306065,306072,7,0
306065,306069,306072,3,4
306065,306070,306072,2,5
306065,306065,306072,7,0
306065,306065,306073,8,0
306065,306067,306072,5,2
306065,306070,306073,3,5
306065,306071,306073,2,6
306065,306065,306073,8,0
306065,306070,306073,3,5
306065,306070,306073,3,5
306065,306071,306073,2,6
306065,306072,306073,1,7
306065,306065,306074,9,0
306065,306070,306074,4,5
306065,306072,306074,2,7
306065,306072,306074,2,7
306065,306072,306074,2,7
306065,306065,306074,9,0
306065,306072,306074,2,7
306065,306065,306074,9,0
306065,306072,306074,2,7
306065,306065,306075,10,0
306065,306073,306075,2,8
306065,306073,306075,2,8
306065,306073,306075,2,8
306065,306074,306075,1,9
306065,306074,306075,1,9
306065,306074,306075,1,9
306065,306074,306075,1,9
306065,306075,306076,1,10
306065,306065,306075,10,0
306065,306074,306076,2,9
306065,306074,306076,2,9
306065,306065,306076,11,0
306065,306073,306076,3,8
306065,306073,306075,2,8
306065,306073,306076,3,8
306065,306075,306076,1,10
306065,306075,306076,1,10
306065,306075,306076,1,10
306065,306075,306076,1,10
306065,306065,306077,12,0
306065,306076,306078,2,11
306065,306076,306077,1,11
306065,306077,306078,1,12
306065,306076,306078,2,11
306065,306076,306077,1,11
306065,306076,306078,2,11
306065,306076,306078,2,11
306065,306076,306077,1,11
306065,306076,306078,2,11
306065,306065,306078,13,0
306065,306075,306078,3,10
306065,306075,306078,3,10
306065,306077,306078,1,12
306065,306077,306078,1,12
306065,306075,306078,3,10
306065,306077,306078,1,12
306065,306077,306078,1,12
306065,306077,306078,1,12
306065,306076,306079,3,11
306065,306076,306079,3,11
306089,306089,306090,1,0
306089,306089,306090,1,0
306089,306089,306090,1,0
306089,306089,306091,2,0
306089,306089,306092,3,0
306089,306089,306093,4,0
306089,306091,306094,3,2
306089,306089,306095,6,0
306089,306091,306094,3,2
306089,306089,306094,5,0
306089,306092,306096,4,3
306089,306091,306096,5,2
306089,306089,306095,6,0
306089,306094,306096,2,5
306089,306089,306096,7,0
306089,306094,306096,2,5
306089,306089,306097,8,0
306089,306089,306096,7,0
306089,306090,306097,7,1
306089,306089,306097,8,0
306089,306095,306097,2,6
306089,306089,306098,9,0
306089,306089,306097,8,0
306089,306089,306098,9,0
306089,306089,306098,9,0
306089,306095,306098,3,6
306089,306095,306097,2,6
306089,306096,306098,2,7
306089,306096,306098,2,7
306089,306096,306098,2,7
306089,306096,306098,2,7
306089,306089,306099,10,0
306089,306089,306099,10,0
306089,306097,306099,2,8
306089,306096,306099,3,7
306089,306089,306099,10,0
306089,306097,306099,2,8
306089,306097,306099,2,8
306089,306089,306099,10,0
306089,306089,306099,10,0
306089,306096,306099,3,7
306089,306098,306099,1,9
306089,306098,306100,2,9
306089,306098,306100,2,9
306089,306099,306100,1,10
306089,306099,306100,1,10
306089,306099,306100,1,10
306089,306099,306100,1,10
306089,306099,306100,1,10
306089,306099,306100,1,10
306089,306100,306101,1,11
306089,306100,306101,1,11
306089,306098,306101,3,9
306089,306098,306101,3,9
306089,306098,306101,3,9
306089,306100,306101,1,11
306089,306100,306101,1,11
306089,306100,306102,2,11
306089,306100,306101,1,11
306089,306101,306102,1,12
306089,306101,306102,1,12
306089,306101,306102,1,12
306089,306101,306102,1,12
306089,306101,306102,1,12
306089,306101,306102,1,12
306089,306099,306102,3,10
306089,306101,306102,1,12
306089,306101,306102,1,12
306089,306101,306102,1,12
306089,306099,306103,4,10
306089,306099,306103,4,10
306089,306102,306103,1,13
306089,306102,306103,1,13
306089,306100,306103,3,11
306089,306102,306103,1,13
306089,306099,306105,6,10
306089,306089,306105,16,0
306089,306099,306106,7,10
306089,306089,306107,18,0
306116,306116,306117,1,0
306116,306116,306118,2,0
306116,306116,306117,1,0
306116,306116,306117,1,0
306116,306116,306119,3,0
306116,306117,306121,4,1
306116,306116,306122,6,0
306116,306116,306121,5,0
306116,306118,306122,4,2
306116,306116,306122,6,0
306116,306116,306122,6,0
306116,306118,306123,5,2
306116,306116,306123,7,0
306116,306116,306123,7,0
306116,306116,306123,7,0
306116,306116,306124,8,0
306116,306118,306124,6,2
306116,306122,306124,2,6
306116,306122,306124,2,6
306116,306121,306124,3,5
306116,306122,306124,2,6
306116,306116,306125,9,0
306116,306119,306124,5,3
306116,306116,306125,9,0
306116,306116,306125,9,0
306116,306123,306124,1,7
306116,306123,306125,2,7
306116,306116,306125,9,0
306116,306123,306125,2,7
306116,306123,306125,2,7
306116,306122,306125,3,6
306116,306123,306125,2,7
306116,306124,306125,1,8
306091,306091,306125,34,0
306116,306116,306125,9,0
306116,306116,306126,10,0
306116,306116,306126,10,0
306116,306124,306126,2,8
306116,306124,306126,2,8
306116,306124,306126,2,8
306116,306116,306126,10,0
306116,306124,306126,2,8
306116,306124,306126,2,8
306116,306125,306127,2,9
306116,306125,306127,2,9
306116,306116,306126,10,0
306116,306125,306127,2,9
306116,306125,306127,2,9
306116,306126,306127,1,10
306116,306126,306127,1,10
306116,306126,306127,1,10
306116,306126,306127,1,10
306116,306125,306128,3,9
306116,306125,306128,3,9
306116,306126,306128,2,10
306116,306127,306128,1,11
306116,306127,306128,1,11
306116,306127,306128,1,11
306116,306127,306128,1,11
306116,306127,306128,1,11
306116,306128,306129,1,12
306116,306128,306129,1,12
306116,306127,306128,1,11
306116,306128,306129,1,12
306116,306125,306128,3,9
306116,306127,306129,2,11
306116,306127,306129,2,11
306116,306127,306129,2,11
306116,306128,306129,1,12
306116,306128,306129,1,12
306116,306128,306129,1,12
306116,306129,306130,1,13
306116,306129,306130,1,13
306116,306126,306130,4,10
306116,306126,306130,4,10
306116,306129,306130,1,13
306116,306129,306130,1,13
306116,306116,306131,15,0
306116,306126,306131,5,10
306116,306116,306132,16,0
306141,306141,306142,1,0
306141,306141,306142,1,0
306141,306141,306142,1,0
306141,306141,306142,1,0
306141,306141,306144,3,0
306141,306142,306146,4,1
306141,306141,306146,5,0
306141,306142,306146,4,1
306141,306141,306146,5,0
306141,306141,306147,6,0
306141,306142,306147,5,1
306141,306141,306146,5,0
306141,306141,306147,6,0
306141,306141,306148,7,0
306141,306141,306147,6,0
306141,306141,306147,6,0
306141,306143,306148,5,2
306141,306141,306149,8,0
306141,306146,306149,3,5
306141,306147,306149,2,6
306141,306147,306148,1,6
306141,306147,306149,2,6
306141,306146,306149,3,5
306141,306146,306149,3,5
306141,306147,306149,2,6
306141,306147,306149,2,6
306141,306141,306150,9,0
306141,306141,306150,9,0
306141,306141,306150,9,0
306141,306148,306150,2,7
306141,306148,306150,2,7
306141,306150,306151,1,9
306141,306145,306151,6,4
306141,306148,306150,2,7
306141,306150,306152,2,9
306141,306149,306151,2,8
306141,306150,306151,1,9
306141,306150,306151,1,9
306141,306150,306152,2,9
306141,306150,306152,2,9
306141,306141,306152,11,0
306141,306149,306152,3,8
306141,306149,306152,3,8
306141,306149,306152,3,8
306141,306151,306152,1,10
306141,306149,306152,3,8
306141,306151,306152,1,10
306141,306152,306153,1,11
306141,306151,306152,1,10
306141,306152,306153,1,11
306141,306152,306153,1,11
306141,306141,306153,12,0
306141,306149,306153,4,8
306141,306153,306154,1,12
306141,306152,306153,1,11
306141,306152,306153,1,11
306141,306153,306154,1,12
306141,306141,306154,13,0
306141,306152,306154,2,11
306141,306141,306154,13,0
306141,306149,306154,5,8
306141,306152,306154,2,11
306141,306151,306154,3,10
306141,306152,306154,2,11
306141,306153,306154,1,12
306141,306153,306154,1,12
306141,306153,306154,1,12
306141,306154,306155,1,13
306141,306153,306154,1,12
306141,306153,306154,1,12
306141,306153,306154,1,12
306141,306154,306155,1,13
306141,306153,306154,1,12
306141,306153,306154,1,12
306141,306141,306155,14,0
306141,306153,306155,2,12
306141,306154,306155,1,13
306141,306141,306156,15,0
306141,306141,306158,17,0
306155,306155,306159,4,0
306135,306135,306160,25,0
306167,306167,306168,1,0
306167,306167,306168,1,0
306167,306167,306168,1,0
306167,306167,306168,1,0
306167,306167,306170,3,0
306167,306167,306172,5,0
306167,306167,306173,6,0
306167,306167,306173,6,0
306167,306169,306173,4,2
306167,306167,306174,7,0
306167,306169,306174,5,2
306167,306167,306173,6,0
306167,306169,306173,4,2
306167,306167,306174,7,0
306167,306167,306174,7,0
306167,306167,306174,7,0
306167,306167,306174,7,0
306167,306167,306175,8,0
306167,306167,306176,9,0
306167,306170,306176,6,3
306167,306170,306176,6,3
306167,306167,306175,8,0
306167,306174,306176,2,7
306167,306173,306176,3,6
306167,306173,306175,2,6
306167,306173,306175,2,6
306167,306174,306177,3,7
306167,306167,306177,10,0
306167,306174,306177,3,7
306167,306173,306176,3,6
306167,306174,306177,3,7
306167,306174,306177,3,7
306167,306167,306178,11,0
306167,306167,306178,11,0
306167,306167,306177,10,0
306167,306175,306178,3,8
306167,306176,306178,2,9
306167,306175,306178,3,8
306167,306176,306177,1,9
306167,306176,306178,2,9
306167,306176,306178,2,9
306167,306177,306178,1,10
306167,306175,306179,4,8
306167,306167,306179,12,0
306167,306177,306179,2,10
306167,306177,306179,2,10
306167,306176,306178,2,9
306167,306177,306179,2,10
306167,306178,306179,1,11
306167,306178,306179,1,11
306167,306177,306179,2,10
306167,306179,306180,1,12
306167,306179,306180,1,12
306167,306176,306180,4,9
306167,306178,306180,2,11
306167,306178,306180,2,11
306167,306167,306179,12,0
306167,306167,306180,13,0
306167,306178,306180,2,11
306167,306180,306181,1,13
306167,306179,306180,1,12
306167,306179,306180,1,12
306167,306179,306180,1,12
306167,306179,306180,1,12
306167,306179,306180,1,12
306167,306175,306181,6,8
306167,306179,306181,2,12
306167,306176,306180,4,9
306167,306179,306181,2,12
306167,306179,306181,2,12
306167,306180,306181,1,13
306167,306180,306181,1,13
306167,306180,306181,1,13
306167,306180,306181,1,13
306167,306180,306181,1,13
306167,306180,306182,2,13
306167,306176,306182,6,9
306192,306192,306193,1,0
306192,306192,306193,1,0
306192,306192,306193,1,0
306192,306192,306193,1,0
306192,306192,306195,3,0
306192,306193,306197,4,1
306192,306192,306199,7,0
306192,306192,306198,6,0
306192,306192,306198,6,0
306192,306192,306198,6,0
306192,306192,306198,6,0
306192,306192,306198,6,0
306192,306193,306198,5,1
306192,306192,306198,6,0
306192,306192,306198,6,0
306192,306193,306199,6,1
306192,306192,306200,8,0
306192,306199,306201,2,7
306192,306192,306202,10,0
306192,306195,306201,6,3
306192,306192,306201,9,0
306192,306192,306201,9,0
306192,306198,306202,4,6
306192,306199,306202,3,7
306192,306199,306201,2,7
306192,306199,306201,2,7
306192,306199,306202,3,7
306192,306199,306201,2,7
306192,306192,306202,10,0
306192,306194,306203,9,2
306192,306192,306202,10,0
306192,306199,306202,3,7
306192,306199,306202,3,7
306192,306199,306202,3,7
306192,306202,306203,1,10
306192,306192,306203,11,0
306192,306192,306203,11,0
306192,306200,306204,4,8
306192,306202,306203,1,10
306192,306203,306204,1,11
306192,306202,306204,2,10
306192,306202,306203,1,10
306192,306202,306203,1,10
306192,306203,306204,1,11
306192,306202,306204,2,10
306192,306202,306204,2,10
306192,306203,306204,1,11
306192,306203,306204,1,11
306192,306201,306205,4,9
306192,306203,306204,1,11
306192,306203,306204,1,11
306192,306203,306205,2,11
306192,306204,306205,1,12
306192,306201,306205,4,9
306192,306204,306205,1,12
306192,306204,306205,1,12
306192,306202,306206,4,10
306192,306204,306206,2,12
306192,306204,306206,2,12
306192,306204,306205,1,12
306192,306204,306206,2,12
306192,306205,306206,1,13
306192,306204,306205,1,12
306192,306204,306206,2,12
306192,306205,306206,1,13
306192,306204,306205,1,12
306192,306205,306206,1,13
306192,306202,306207,5,10
306192,306192,306207,15,0
306192,306204,306206,2,12
306192,306205,306206,1,13
306192,306205,306207,2,13
306192,306205,306206,1,13
306192,306205,306207,2,13
306192,306205,306206,1,13
306192,306205,306207,2,13
306192,306192,306207,15,0
306192,306202,306207,5,10
306192,306192,306209,17,0
306218,306218,306219,1,0
306218,306218,306219,1,0
306218,306218,306220,2,0
306218,306218,306220,2,0
306218,306218,306221,3,0
306218,306220,306223,3,2
306218,306220,306224,4,2
306218,306219,306224,5,1
306218,306219,306225,6,1
306218,306219,306225,6,1
306218,306221,306225,4,3
306218,306221,306225,4,3
306218,306218,306225,7,0
306218,306218,306226,8,0
306218,306219,306226,7,1
306218,306219,306226,7,1
306218,306219,306227,8,1
306218,306219,306227,8,1
306218,306219,306227,8,1
306218,306222,306227,5,4
306218,306224,306227,3,6
306218,306225,306227,2,7
306218,306218,306228,10,0
306218,306219,306228,9,1
306218,306219,306229,10,1
306218,306226,306228,2,8
306218,306226,306229,3,8
306218,306226,306228,2,8
306218,306219,306228,9,1
306218,306225,306228,3,7
306218,306226,306228,2,8
306218,306219,306229,10,1
306218,306219,306230,11,1
306218,306227,306229,2,9
306218,306227,306229,2,9
306218,306227,306230,3,9
306218,306227,306229,2,9
306218,306229,306230,1,11
306218,306229,306230,1,11
306218,306229,306230,1,11
306218,306229,306230,1,11
306218,306229,306230,1,11
306218,306230,306231,1,12
306218,306229,306230,1,11
306218,306229,306230,1,11
306218,306229,306231,2,11
306218,306230,306231,1,12
306218,306228,306230,2,10
306218,306228,306230,2,10
306218,306229,306231,2,11
306218,306226,306232,6,8
306218,306230,306231,1,12
306218,306228,306231,3,10
306218,306228,306231,3,10
306218,306231,306232,1,13
306218,306231,306232,1,13
306218,306231,306232,1,13
306218,306230,306231,1,12
306218,306230,306232,2,12
306218,306230,306232,2,12
306218,306231,306233,2,13
306218,306231,306232,1,13
306218,306231,306232,1,13
306218,306231,306232,1,13
306218,306231,306232,1,13
306218,306232,306233,1,14
306218,306231,306233,2,13
306218,306231,306232,1,13
306218,306231,306232,1,13
306218,306231,306232,1,13
306218,306228,306233,5,10
306218,306232,306233,1,14
306218,306219,306233,14,1
306218,306232,306233,1,14
306218,306232,306233,1,14
306218,306232,306233,1,14
306218,306232,306233,1,14
306218,306219,306235,16,1
306218,306219,306234,15,1
306243,306244,306245,1,1
306243,306244,306245,1,1
306243,306244,306245,1,1
306243,306244,306245,1,1
306243,306244,306246,2,1
306243,306246,306249,3,3
306243,306244,306248,4,1
306243,306244,306249,5,1
306243,306244,306249,5,1
306243,306244,306249,5,1
306243,306245,306249,4,2
306243,306244,306249,5,1
306243,306244,306250,6,1
306243,306244,306250,6,1
306243,306246,306250,4,3
306243,306246,306251,5,3
306243,306244,306251,7,1
306243,306249,306252,3,6
306243,306244,306253,9,1
306243,306244,306252,8,1
306243,306250,306253,3,7
306243,306250,306252,2,7
306243,306244,306253,9,1
306243,306244,306254,10,1
306243,306250,306254,4,7
306243,306250,306253,3,7
306243,306247,306253,6,4
306243,306249,306253,4,6
306243,306244,306254,10,1
306243,306250,306254,4,7
306243,306251,306254,3,8
306243,306244,306255,11,1
306243,306244,306254,10,1
306243,306252,306255,3,9
306243,306253,306255,2,10
306243,306250,306255,5,7
306243,306254,306256,2,11
306243,306252,306255,3,9
306243,306254,306255,1,11
306243,306254,306255,1,11
306243,306254,306256,2,11
306243,306253,306255,2,10
306243,306254,306255,1,11
306243,306254,306255,1,11
306243,306252,306256,4,9
306243,306254,306255,1,11
306243,306254,306256,2,11
306243,306255,306256,1,12
306243,306253,306255,2,10
306243,306253,306256,3,10
306243,306254,306256,2,11
306243,306255,306256,1,12
306243,306244,306257,13,1
306243,306244,306256,12,1
306243,306255,306257,2,12
306243,306256,306257,1,13
306243,306256,306257,1,13
306243,306256,306257,1,13
306243,306256,306257,1,13
306243,306256,306257,1,13
306243,306256,306257,1,13
306243,306256,306258,2,13
306243,306256,306257,1,13
306243,306256,306258,2,13
306243,306251,306257,6,8
306243,306256,306257,1,13
306243,306256,306257,1,13
306243,306256,306257,1,13
306243,306256,306257,1,13
306243,306257,306258,1,14
306243,306256,306257,1,13
306243,306256,306258,2,13
306243,306256,306257,1,13
306243,306256,306257,1,13
306243,306255,306258,3,12
306243,306257,306258,1,14
306243,306244,306259,15,1
306243,306257,306259,2,14
306243,306244,306261,17,1
306270,306270,306271,1,0
306270,306270,306271,1,0
306270,306270,306271,1,0
306270,306270,306271,1,0
306270,306270,306272,2,0
306270,306270,306273,3,0
306270,306270,306274,4,0
306270,306271,306274,3,1
306270,306270,306274,4,0
306270,306270,306275,5,0
306270,306270,306274,4,0
306270,306271,306275,4,1
306270,306272,306275,3,2
306270,306273,306276,3,3
306270,306273,306277,4,3
306270,306272,306277,5,2
306270,306270,306277,7,0
306270,306274,306277,3,4
306270,306270,306277,7,0
306270,306270,306278,8,0
306270,306270,306278,8,0
306270,306274,306278,4,4
306270,306270,306279,9,0
306270,306270,306279,9,0
306270,306276,306279,3,6
306270,306274,306279,5,4
306270,306275,306279,4,5
306270,306270,306279,9,0
306270,306270,306280,10,0
306270,306270,306280,10,0
306270,306275,306280,5,5
306270,306270,306280,10,0
306270,306277,306280,3,7
306270,306277,306280,3,7
306270,306276,306280,4,6
306270,306278,306280,2,8
306270,306270,306280,10,0
306270,306277,306280,3,7
306270,306278,306281,3,8
306270,306279,306281,2,9
306270,306279,306281,2,9
306270,306279,306281,2,9
306270,306279,306281,2,9
306270,306280,306281,1,10
306270,306280,306281,1,10
306270,306281,306282,1,11
306270,306270,306282,12,0
306270,306277,306282,5,7
306270,306277,306282,5,7
306270,306281,306282,1,11
306270,306281,306282,1,11
306270,306282,306283,1,12
306270,306282,306283,1,12
306270,306281,306283,2,11
306270,306281,306282,1,11
306270,306282,306283,1,12
306270,306281,306282,1,11
306270,306282,306283,1,12
306270,306270,306283,13,0
306270,306280,306282,2,10
306270,306281,306283,2,11
306270,306275,306282,7,5
306270,306280,306283,3,10
306270,306281,306283,2,11
306270,306282,306283,1,12
306270,306282,306283,1,12
306270,306283,306284,1,13
306270,306283,306284,1,13
306270,306282,306283,1,12
306270,306282,306283,1,12
306270,306280,306284,4,10
306270,306270,306284,14,0
306270,306282,306284,2,12
306270,306282,306284,2,12
306270,306283,306284,1,13
306270,306283,306284,1,13
306270,306283,306284,1,13
306293,306293,306294,1,0
306293,306293,306294,1,0
306293,306293,306294,1,0
306293,306293,306295,2,0
306293,306293,306296,3,0
306293,306293,306296,3,0
306293,306293,306296,3,0
306293,306293,306296,3,0
306293,306294,306297,3,1
306293,306294,306297,3,1
306293,306293,306297,4,0
306293,306294,306297,3,1
306293,306293,306299,6,0
306293,306293,306299,6,0
306293,306293,306299,6,0
306293,306295,306300,5,2
306293,306293,306300,7,0
306293,306293,306301,8,0
306293,306293,306301,8,0
306293,306298,306301,3,5
306293,306298,306302,4,5
306293,306298,306301,3,5
306293,306293,306302,9,0
306293,306298,306302,4,5
306293,306302,306303,1,9
306293,306298,306302,4,5
306293,306301,306302,1,8
306293,306302,306303,1,9
306293,306300,306303,3,7
306293,306300,306302,2,7
306293,306293,306303,10,0
306293,306303,306304,1,10
306293,306302,306303,1,9
306293,306293,306304,11,0
306293,306302,306303,1,9
306293,306296,306304,8,3
306293,306297,306304,7,4
306293,306302,306304,2,9
306293,306301,306305,4,8
306293,306303,306304,1,10
306293,306293,306304,11,0
306293,306303,306304,1,10
306293,306303,306304,1,10
306293,306303,306305,2,10
306293,306303,306304,1,10
306293,306303,306304,1,10
306293,306293,306305,12,0
306293,306297,306305,8,4
306293,306300,306305,5,7
306293,306293,306305,12,0
306293,306304,306305,1,11
306293,306305,306306,1,12
306293,306305,306306,1,12
306293,306303,306305,2,10
306293,306304,306305,1,11
306293,306304,306305,1,11
306293,306305,306306,1,12
306293,306304,306305,1,11
306293,306305,306306,1,12
306293,306305,306306,1,12
306293,306305,306306,1,12
306293,306293,306306,13,0
306293,306304,306306,2,11
306293,306305,306306,1,12
306293,306305,306306,1,12
306293,306305,306306,1,12
306293,306305,306306,1,12
306293,306305,306306,1,12
306293,306306,306307,1,13
306293,306306,306307,1,13
306293,306306,306307,1,13
306293,306306,306307,1,13
306293,306306,306307,1,13
306293,306306,306307,1,13
306293,306306,306307,1,13
306293,306306,306307,1,13
306293,306306,306307,1,13
306293,306293,306308,15,0
306293,306293,306309,16,0
306318,306318,306319,1,0
306318,306318,306319,1,0
306318,306318,306319,1,0
306318,306318,306319,1,0
306318,306318,306320,2,0
306318,306318,306322,4,0
306318,306318,306322,4,0
306318,306320,306324,4,2
306318,306319,306324,5,1
306318,306320,306324,4,2
306318,306320,306324,4,2
306318,306318,306325,7,0
306318,306318,306325,7,0
306318,306320,306325,5,2
306318,306318,306324,6,0
306318,306318,306325,7,0
306318,306318,306326,8,0
306318,306318,306326,8,0
306318,306318,306326,8,0
306318,306322,306326,4,4
306318,306318,306327,9,0
306318,306323,306327,4,5
306318,306318,306327,9,0
306318,306318,306327,9,0
306318,306318,306327,9,0
306318,306325,306327,2,7
306318,306318,306327,9,0
306318,306326,306327,1,8
306318,306318,306328,10,0
306318,306324,306328,4,6
306318,306327,306328,1,9
306318,306327,306328,1,9
306318,306326,306328,2,8
306318,306324,306328,4,6
306318,306325,306328,3,7
306318,306327,306328,1,9
306318,306324,306328,4,6
306318,306326,306328,2,8
306318,306325,306328,3,7
306318,306326,306328,2,8
306318,306327,306329,2,9
306318,306327,306329,2,9
306318,306329,306330,1,11
306318,306327,306329,2,9
306318,306328,306329,1,10
306318,306328,306329,1,10
306318,306325,306330,5,7
306318,306329,306330,1,11
306318,306329,306330,1,11
306318,306329,306330,1,11
306318,306329,306330,1,11
306318,306330,306331,1,12
306318,306329,306330,1,11
306318,306329,306330,1,11
306318,306329,306330,1,11
306318,306330,306331,1,12
306318,306329,306330,1,11
306318,306329,306330,1,11
306318,306330,306331,1,12
306318,306325,306331,6,7
306318,306318,306331,13,0
306318,306330,306331,1,12
306318,306330,306331,1,12
306318,306330,306331,1,12
306318,306324,306331,7,6
306318,306330,306331,1,12
306318,306330,306331,1,12
306318,306331,306332,1,13
306318,306331,306332,1,13
306318,306331,306332,1,13
306318,306331,306332,1,13
306318,306331,306332,1,13
306318,306318,306332,14,0
306318,306330,306332,2,12
306318,306331,306332,1,13
306318,306331,306332,1,13
306318,306331,306332,1,13
306318,306318,306333,15,0
306318,306318,306334,16,0
306342,306342,306343,1,0
306342,306342,306343,1,0
306342,306342,306343,1,0
306342,306342,306344,2,0
306342,306342,306344,2,0
306342,306342,306347,5,0
306342,306342,306347,5,0
306342,306343,306346,3,1
306342,306342,306347,5,0
306342,306342,306347,5,0
306342,306342,306348,6,0
306342,306343,306347,4,1
306342,306342,306348,6,0
306342,306343,306348,5,1
306342,306342,306350,8,0
306342,306342,306349,7,0
306342,306348,306350,2,6
306342,306347,306350,3,5
306342,306342,306350,8,0
306342,306347,306350,3,5
306342,306349,306350,1,7
306342,306349,306350,1,7
306342,306342,306351,9,0
306342,306342,306351,9,0
306342,306347,306351,4,5
306342,306342,306352,10,0
306342,306342,306351,9,0
306342,306342,306351,9,0
306342,306348,306352,4,6
306342,306344,306352,8,2
306342,306342,306352,10,0
306342,306351,306352,1,9
306342,306351,306352,1,9
306342,306352,306353,1,10
306342,306347,306352,5,5
306342,306351,306352,1,9
306342,306352,306353,1,10
306342,306352,306353,1,10
306342,306351,306352,1,9
306342,306351,306353,2,9
306342,306351,306352,1,9
306342,306351,306352,1,9
306342,306344,306353,9,2
306342,306350,306353,3,8
306342,306342,306353,11,0
306342,306347,306353,6,5
306342,306351,306354,3,9
306342,306353,306354,1,11
306342,306353,306354,1,11
306342,306353,306354,1,11
306342,306351,306354,3,9
306342,306353,306354,1,11
306342,306353,306354,1,11
306342,306342,306354,12,0
306342,306353,306354,1,11
306342,306353,306354,1,11
306342,306353,306354,1,11
306342,306353,306354,1,11
306342,306353,306354,1,11
306342,306353,306354,1,11
306342,306354,306355,1,12
306342,306353,306354,1,11
306342,306353,306354,1,11
306342,306353,306354,1,11
306342,306353,306354,1,11
306342,306354,306355,1,12
306342,306354,306355,1,12
306342,306354,306355,1,12
306342,306354,306355,1,12
306342,306354,306355,1,12
306342,306354,306355,1,12
306342,306354,306356,2,12
306342,306355,306356,1,13
306342,306355,306356,1,13
306342,306355,306356,1,13
306342,306355,306356,1,13
306342,306355,306356,1,13
306342,306342,306357,15,0
306342,306342,306359,17,0
306367,306367,306368,1,0
306367,306367,306369,2,0
306367,306367,306369,2,0
306367,306367,306369,2,0
306367,306367,306371,4,0
306367,306367,306373,6,0
306367,306367,306373,6,0
306367,306370,306373,3,3
306367,306367,306373,6,0
306367,306369,306373,4,2
306367,306367,306373,6,0
306367,306367,306374,7,0
306367,306367,306374,7,0
306367,306370,306374,4,3
306367,306367,306374,7,0
306367,306367,306374,7,0
306367,306367,306375,8,0
306367,306367,306375,8,0
306367,306367,306375,8,0
306367,306374,306376,2,7
306367,306370,306376,6,3
306367,306367,306376,9,0
306367,306374,306377,3,7
306367,306374,306376,2,7
306367,306375,306376,1,8
306367,306374,306377,3,7
306367,306374,306376,2,7
306367,306375,306376,1,8
306367,306375,306376,1,8
306367,306375,306377,2,8
306367,306375,306377,2,8
306367,306367,306377,10,0
306367,306367,306377,10,0
306367,306372,306377,5,5
306367,306374,306377,3,7
306367,306377,306378,1,10
306367,306376,306378,2,9
306367,306376,306377,1,9
306367,306377,306378,1,10
306367,306377,306378,1,10
306367,306377,306378,1,10
306367,306368,306379,11,1
306367,306376,306378,2,9
306367,306377,306378,1,10
306367,306377,306378,1,10
306367,306377,306378,1,10
306367,306378,306379,1,11
306367,306377,306378,1,10
306367,306377,306378,1,10
306367,306377,306378,1,10
306367,306378,306379,1,11
306367,306378,306379,1,11
306367,306367,306379,12,0
306367,306368,306379,11,1
306367,306378,306379,1,11
306367,306378,306379,1,11
306367,306377,306379,2,10
306367,306376,306379,3,9
306367,306378,306379,1,11
306367,306378,306379,1,11
306367,306379,306380,1,12
306367,306379,306380,1,12
306367,306378,306379,1,11
306367,306379,306380,1,12
306367,306378,306380,2,11
306367,306378,306379,1,11
306367,306367,306380,13,0
306367,306379,306380,1,12
306367,306379,306380,1,12
306367,306379,306380,1,12
306367,306379,306380,1,12
306367,306379,306380,1,12
306367,306379,306380,1,12
306367,306379,306380,1,12
306367,306379,306380,1,12
306367,306367,306381,14,0
306367,306380,306381,1,13
306367,306380,306381,1,13
306367,306380,306381,1,13
306390,306390,306391,1,0
306390,306390,306391,1,0
306390,306390,306391,1,0
306390,306390,306391,1,0
306390,306390,306391,1,0
306390,306390,306393,3,0
306390,306390,306395,5,0
306390,306390,306395,5,0
306390,306390,306395,5,0
306390,306391,306395,4,1
306390,306390,306395,5,0
306390,306390,306395,5,0
306390,306392,306395,3,2
306390,306390,306395,5,0
306390,306391,306395,4,1
306390,306390,306396,6,0
306390,306390,306396,6,0
306390,306390,306396,6,0
306390,306396,306397,1,6
306390,306396,306397,1,6
306390,306396,306397,1,6
306390,306395,306397,2,5
306390,306390,306397,7,0
306390,306392,306398,6,2
306390,306395,306398,3,5
306390,306395,306398,3,5
306390,306394,306397,3,4
306390,306395,306398,3,5
306390,306396,306398,2,6
306390,306390,306399,9,0
306390,306397,306399,2,7
306390,306396,306399,3,6
306390,306396,306398,2,6
306390,306397,306399,2,7
306390,306390,306399,9,0
306390,306392,306400,8,2
306390,306390,306400,10,0
306390,306397,306399,2,7
306390,306397,306399,2,7
306390,306397,306400,3,7
306390,306397,306399,2,7
306390,306398,306400,2,8
306390,306398,306400,2,8
306390,306398,306400,2,8
306390,306398,306400,2,8
306390,306398,306400,2,8
306390,306390,306400,10,0
306390,306390,306401,11,0
306390,306390,306401,11,0
306390,306390,306401,11,0
306390,306398,306401,3,8
306390,306398,306400,2,8
306390,306399,306401,2,9
306390,306399,306400,1,9
306390,306400,306401,1,10
306390,306400,306401,1,10
306390,306400,306401,1,10
306390,306400,306401,1,10
306390,306399,306401,2,9
306390,306390,306402,12,0
306390,306399,306401,2,9
306390,306400,306401,1,10
306390,306399,306402,3,9
306390,306400,306401,1,10
306390,306400,306402,2,10
306390,306401,306402,1,11
306390,306401,306402,1,11
306390,306401,306402,1,11
306390,306401,306402,1,11
306390,306401,306402,1,11
306390,306401,306402,1,11
306390,306401,306402,1,11
306390,306401,306402,1,11
306390,306401,306402,1,11
306390,306401,306403,2,11
306390,306401,306403,2,11
306390,306401,306402,1,11
306412,306412,306413,1,0
306412,306412,306413,1,0
306412,306412,306413,1,0
306412,306412,306413,1,0
306412,306412,306415,3,0
306412,306412,306414,2,0
306412,306412,306415,3,0
306412,306412,306416,4,0
306412,306413,306416,3,1
306412,306412,306417,5,0
306412,306413,306416,3,1
306412,306412,306417,5,0
306412,306412,306418,6,0
306412,306412,306417,5,0
306412,306412,306418,6,0
306412,306412,306418,6,0
306412,306417,306418,1,5
306412,306417,306418,1,5
306412,306414,306418,4,2
306412,306417,306419,2,5
306412,306412,306418,6,0
306412,306412,306419,7,0
306412,306415,306419,4,3
306412,306416,306419,3,4
306412,306415,306420,5,3
306412,306418,306420,2,6
306412,306418,306420,2,6
306412,306418,306420,2,6
306412,306412,306420,8,0
306412,306418,306420,2,6
306412,306415,306421,6,3
306412,306418,306421,3,6
306412,306419,306421,2,7
306412,306418,306421,3,6
306412,306419,306421,2,7
306412,306419,306421,2,7
306412,306412,306422,10,0
306412,306416,306421,5,4
306412,306412,306422,10,0
306412,306414,306421,7,2
306412,306420,306422,2,8
306412,306419,306422,3,7
306412,306419,306421,2,7
306412,306420,306422,2,8
306412,306420,306422,2,8
306412,306419,306422,3,7
306412,306412,306423,11,0
306412,306421,306423,2,9
306412,306412,306423,11,0
306412,306421,306423,2,9
306412,306421,306423,2,9
306412,306423,306424,1,11
306412,306422,306423,1,10
306412,306422,306423,1,10
306412,306422,306423,1,10
306412,306423,306424,1,11
306412,306412,306423,11,0
306412,306421,306424,3,9
306412,306422,306423,1,10
306412,306422,306424,2,10
306412,306421,306424,3,9
306412,306422,306424,2,10
306412,306422,306424,2,10
306412,306420,306424,4,8
306412,306424,306425,1,12
306412,306424,306425,1,12
306412,306424,306425,1,12
306412,306423,306424,1,11
306412,306423,306424,1,11
306412,306423,306424,1,11
306412,306424,306425,1,12
306412,306424,306425,1,12
306412,306412,306425,13,0
306412,306423,306425,2,11
306412,306423,306425,2,11
306412,306424,306425,1,12
306412,306424,306425,1,12
306412,306412,306426,14,0
306435,306435,306436,1,0
306435,306435,306436,1,0
306435,306435,306436,1,0
306435,306435,306436,1,0
306435,306435,306436,1,0
306435,306435,306437,2,0
306435,306435,306438,3,0
306435,306435,306439,4,0
306435,306435,306439,4,0
306435,306435,306439,4,0
306435,306435,306439,4,0
306435,306435,306440,5,0
306435,306435,306440,5,0
306435,306436,306440,4,1
306435,306436,306440,4,1
306435,306436,306441,5,1
306435,306439,306441,2,4
306435,306435,306441,6,0
306435,306440,306441,1,5
306435,306435,306441,6,0
306435,306435,306441,6,0
306435,306440,306442,2,5
306435,306435,306442,7,0
306435,306440,306442,2,5
306435,306435,306442,7,0
306435,306435,306442,7,0
306435,306440,306443,3,5
306435,306437,306442,5,2
306435,306441,306442,1,6
306435,306435,306443,8,0
306435,306435,306442,7,0
306435,306438,306443,5,3
306435,306439,306443,4,4
306435,306441,306443,2,6
306435,306442,306443,1,7
306435,306435,306445,10,0
306435,306442,306444,2,7
306435,306442,306444,2,7
306435,306443,306444,1,8
306435,306443,306445,2,8
306435,306443,306445,2,8
306435,306442,306444,2,7
306435,306443,306445,2,8
306435,306443,306444,1,8
306435,306444,306445,1,9
306435,306437,306445,8,2
306435,306443,306445,2,8
306435,306444,306445,1,9
306435,306445,306446,1,10
306435,306444,306445,1,9
306435,306444,306445,1,9
306435,306445,306446,1,10
306435,306443,306446,3,8
306435,306443,306446,3,8
306435,306437,306446,9,2
306435,306443,306446,3,8
306435,306443,306446,3,8
306435,306444,306446,2,9
306435,306445,306446,1,10
306435,306445,306446,1,10
306435,306446,306447,1,11
306435,306446,306447,1,11
306435,306445,306446,1,10
306435,306445,306447,2,10
306435,306445,306446,1,10
306435,306445,306446,1,10
306435,306445,306446,1,10
306435,306446,306447,1,11
306435,306446,306447,1,11
306435,306444,306447,3,9
306435,306445,306447,2,10
306435,306435,306447,12,0
306435,306446,306447,1,11
306435,306446,306447,1,11
306435,306446,306447,1,11
306435,306435,306448,13,0
306435,306447,306448,1,12
306435,306447,306448,1,12
306435,306447,306448,1,12
306458,306458,306459,1,0
306458,306458,306459,1,0
306458,306458,306459,1,0
306458,306458,306459,1,0
306458,306458,306459,1,0
306458,306458,306460,2,0
306458,306458,306460,2,0
306458,306459,306460,1,1
306458,306458,306461,3,0
306458,306458,306460,2,0
306458,306459,306461,2,1
306458,306458,306460,2,0
306458,306458,306460,2,0
306458,306459,306461,2,1
306458,306458,306460,2,0
306458,306458,306461,3,0
306458,306458,306462,4,0
306458,306458,306461,3,0
306458,306458,306461,3,0
306458,306458,306461,3,0
306458,306458,306462,4,0
306458,306461,306463,2,3
306458,306461,306462,1,3
306458,306458,306463,5,0
306458,306461,306462,1,3
306458,306461,306462,1,3
306458,306458,306463,5,0
306458,306460,306463,3,2
306458,306461,306463,2,3
306458,306461,306464,3,3
306458,306461,306464,3,3
306458,306458,306464,6,0
306458,306461,306465,4,3
306458,306462,306464,2,4
306458,306462,306465,3,4
306458,306463,306465,2,5
306458,306463,306465,2,5
306458,306462,306466,4,4
306458,306463,306466,3,5
306458,306458,306466,8,0
306458,306463,306465,2,5
306458,306463,306466,3,5
306458,306464,306466,2,6
306458,306463,306466,3,5
306458,306464,306466,2,6
306458,306465,306466,1,7
306458,306465,306466,1,7
306458,306460,306467,7,2
306458,306462,306466,4,4
306458,306462,306466,4,4
306458,306461,306467,6,3
306458,306464,306467,3,6
306458,306465,306467,2,7
306458,306466,306467,1,8
306458,306466,306467,1,8
306458,306464,306466,2,6
306458,306465,306467,2,7
306458,306465,306466,1,7
306458,306465,306467,2,7
306458,306466,306467,1,8
306458,306466,306468,2,8
306458,306466,306468,2,8
306458,306460,306467,7,2
306458,306466,306467,1,8
306458,306458,306467,9,0
306458,306464,306468,4,6
306458,306466,306467,1,8
306458,306467,306468,1,9
306458,306466,306467,1,8
306458,306467,306468,1,9
306458,306466,306468,2,8
306458,306466,306468,2,8
306458,306458,306468,10,0
306458,306467,306469,2,9
306458,306467,306468,1,9
306458,306467,306468,1,9
306458,306467,306468,1,9
306458,306467,306468,1,9
306458,306467,306469,2,9
306478,306478,306479,1,0
306478,306478,306479,1,0
306478,306478,306480,2,0
306478,306478,306479,1,0
306478,306478,306479,1,0
306478,306478,306479,1,0
306478,306478,306481,3,0
306478,306478,306480,2,0
306478,306478,306480,2,0
306478,306478,306481,3,0
306478,306478,306480,2,0
306478,306478,306481,3,0
306478,306479,306481,2,1
306478,306478,306481,3,0
306478,306480,306482,2,2
306478,306478,306483,5,0
306478,306478,306482,4,0
306478,306480,306482,2,2
306478,306480,306483,3,2
306478,306480,306483,3,2
306478,306481,306483,2,3
306478,306480,306482,2,2
306478,306481,306482,1,3
306478,306478,306483,5,0
306478,306478,306482,4,0
306478,306481,306483,2,3
306478,306481,306483,2,3
306478,306482,306483,1,4
306478,306481,306483,2,3
306478,306482,306484,2,4
306478,306482,306484,2,4
306478,306478,306484,6,0
306478,306481,306485,4,3
306478,306478,306485,7,0
306478,306478,306485,7,0
306478,306483,306485,2,5
306478,306483,306485,2,5
306478,306483,306485,2,5
306478,306483,306485,2,5
306478,306478,306486,8,0
306478,306483,306485,2,5
306478,306484,306486,2,6
306478,306484,306486,2,6
306478,306483,306486,3,5
306478,306484,306486,2,6
306478,306485,306486,1,7
306478,306484,306486,2,6
306478,306484,306486,2,6
306478,306485,306486,1,7
306478,306478,306486,8,0
306478,306483,306487,4,5
306478,306483,306486,3,5
306478,306478,306486,8,0
306478,306483,306486,3,5
306478,306483,306486,3,5
306478,306483,306486,3,5
306478,306485,306487,2,7
306478,306485,306486,1,7
306478,306486,306487,1,8
306478,306486,306487,1,8
306478,306485,306487,2,7
306478,306486,306487,1,8
306478,306486,306487,1,8
306478,306486,306487,1,8
306478,306485,306487,2,7
306478,306486,306487,1,8
306478,306486,306487,1,8
306478,306478,306487,9,0
306478,306485,306488,3,7
306478,306485,306488,3,7
306478,306486,306488,2,8
306478,306486,306488,2,8
306478,306486,306488,2,8
306478,306487,306488,1,9
306478,306487,306489,2,9
306478,306487,306488,1,9
306478,306487,306489,2,9
306478,306487,306488,1,9
306478,306487,306489,2,9
306497,306497,306498,1,0
306497,306497,306498,1,0
306497,306497,306499,2,0
306497,306497,306499,2,0
306497,306499,306501,2,2
306497,306497,306502,5,0
306497,306498,306502,4,1
306497,306498,306502,4,1
306497,306499,306502,3,2
306497,306498,306502,4,1
306497,306500,306502,2,3
306497,306498,306503,5,1
306497,306498,306503,5,1
306497,306498,306503,5,1
306497,306498,306503,5,1
306497,306498,306503,5,1
306497,306498,306503,5,1
306497,306498,306504,6,1
306497,306498,306504,6,1
306497,306500,306504,4,3
306497,306502,306504,2,5
306497,306498,306505,7,1
306497,306503,306506,3,6
306497,306503,306506,3,6
306497,306504,306505,1,7
306497,306503,306506,3,6
306497,306504,306505,1,7
306497,306504,306506,2,7
306497,306497,306507,10,0
306497,306498,306507,9,1
306497,306503,306507,4,6
306497,306503,306507,4,6
306497,306504,306507,3,7
306497,306498,306507,9,1
306497,306498,306507,9,1
306497,306505,306507,2,8
306497,306503,306507,4,6
306497,306505,306508,3,8
306497,306498,306508,10,1
306497,306498,306508,10,1
306497,306503,306509,6,6
306497,306504,306508,4,7
306497,306505,306508,3,8
306497,306505,306509,4,8
306497,306506,306508,2,9
306497,306506,306509,3,9
306497,306506,306508,2,9
306497,306506,306508,2,9
306497,306506,306509,3,9
306497,306507,306510,3,10
306497,306508,306510,2,11
306497,306507,306510,3,10
306497,306507,306510,3,10
306497,306508,306510,2,11
306497,306509,306510,1,12
306497,306508,306509,1,11
306497,306506,306509,3,9
306497,306507,306509,2,10
306497,306509,306510,1,12
306497,306509,306510,1,12
306497,306506,306510,4,9
306497,306508,306509,1,11
306497,306498,306510,12,1
306497,306509,306510,1,12
306497,306509,306510,1,12
306497,306509,306510,1,12
306497,306507,306511,4,10
306497,306509,306510,1,12
306497,306509,306510,1,12
306497,306510,306511,1,13
306497,306509,306510,1,12
306497,306509,306510,1,12
306497,306508,306511,3,11
306497,306509,306512,3,12
306497,306510,306511,1,13
306497,306510,306511,1,13
306497,306510,306511,1,13
306497,306510,306511,1,13
306497,306510,306512,2,13
306521,306521,306522,1,0
306521,306521,306522,1,0
306521,306521,306523,2,0
306521,306521,306523,2,0
306521,306521,306526,5,0
306521,306521,306526,5,0
306521,306521,306526,5,0
306521,306523,306526,3,2
306521,306521,306526,5,0
306521,306523,306526,3,2
306521,306521,306527,6,0
306521,306521,306527,6,0
306521,306521,306527,6,0
306521,306521,306527,6,0
306521,306521,306527,6,0
306521,306521,306527,6,0
306521,306521,306527,6,0
306521,306521,306528,7,0
306521,306521,306528,7,0
306521,306524,306528,4,3
306521,306527,306528,1,6
306521,306527,306529,2,6
306521,306521,306530,9,0
306521,306527,306530,3,6
306521,306527,306529,2,6
306521,306521,306530,9,0
306521,306521,306530,9,0
306521,306521,306531,10,0
306521,306524,306530,6,3
306521,306521,306530,9,0
306521,306527,306530,3,6
306521,306528,306530,2,7
306521,306528,306531,3,7
306521,306528,306530,2,7
306521,306528,306530,2,7
306521,306521,306531,10,0
306521,306529,306531,2,8
306521,306528,306531,3,7
306521,306528,306531,3,7
306521,306529,306531,2,8
306521,306529,306532,3,8
306521,306529,306531,2,8
306521,306529,306531,2,8
306521,306530,306532,2,9
306521,306521,306532,11,0
306521,306527,306532,5,6
306521,306531,306533,2,10
306521,306532,306533,1,11
306521,306530,306532,2,9
306521,306531,306532,1,10
306521,306531,306532,1,10
306521,306531,306533,2,10
306521,306530,306534,4,9
306521,306531,306534,3,10
306521,306532,306533,1,11
306521,306532,306534,2,11
306521,306532,306533,1,11
306521,306532,306533,1,11
306521,306533,306534,1,12
306521,306532,306534,2,11
306521,306532,306533,1,11
306521,306532,306533,1,11
306521,306533,306534,1,12
306521,306532,306533,1,11
306521,306533,306534,1,12
306521,306533,306534,1,12
306521,306531,306534,3,10
306521,306531,306534,3,10
306521,306533,306534,1,12
306521,306533,306534,1,12
306521,306528,306534,6,7
306521,306531,306535,4,10
306521,306531,306535,4,10
306521,306533,306534,1,12
306521,306533,306534,1,12
306521,306531,306535,4,10
306521,306534,306535,1,13
306521,306534,306535,1,13
306521,306534,306535,1,13
306545,306545,306546,1,0
306545,306545,306546,1,0
306545,306545,306546,1,0
306545,306545,306546,1,0
306545,306545,306547,2,0
306545,306545,306549,4,0
306545,306545,306550,5,0
306545,306545,306550,5,0
306545,306545,306550,5,0
306545,306545,306550,5,0
306545,306545,306550,5,0
306545,306545,306550,5,0
306545,306545,306550,5,0
306545,306546,306550,4,1
306545,306545,306550,5,0
306545,306546,306550,4,1
306545,306545,306551,6,0
306545,306545,306551,6,0
306545,306545,306552,7,0
306545,306547,306552,5,2
306545,306545,306552,7,0
306545,306550,306552,2,5
306545,306547,306551,4,2
306545,306545,306552,7,0
306545,306545,306553,8,0
306545,306545,306553,8,0
306545,306547,306553,6,2
306545,306551,306553,2,6
306545,306550,306553,3,5
306545,306550,306552,2,5
306545,306550,306553,3,5
306545,306549,306553,4,4
306545,306550,306553,3,5
306545,306550,306552,2,5
306545,306551,306552,1,6
306545,306545,306554,9,0
306545,306550,306554,4,5
306545,306545,306555,10,0
306545,306550,306554,4,5
306545,306550,306554,4,5
306545,306550,306554,4,5
306545,306552,306555,3,7
306545,306553,306555,2,8
306545,306553,306555,2,8
306545,306552,306555,3,7
306545,306552,306555,3,7
306545,306554,306555,1,9
306545,306552,306555,3,7
306545,306553,306555,2,8
306545,306553,306555,2,8
306545,306553,306556,3,8
306545,306552,306556,4,7
306545,306554,306556,2,9
306545,306553,306556,3,8
306545,306555,306556,1,10
306545,306556,306557,1,11
306545,306556,306557,1,11
306545,306554,306556,2,9
306545,306553,306557,4,8
306545,306555,306557,2,10
306545,306555,306557,2,10
306545,306553,306556,3,8
306545,306553,306556,3,8
306545,306555,306557,2,10
306545,306555,306557,2,10
306545,306556,306557,1,11
306545,306556,306557,1,11
306545,306556,306557,1,11
306545,306557,306558,1,12
306545,306556,306557,1,11
306545,306556,306557,1,11
306545,306556,306557,1,11
306545,306556,306557,1,11
306545,306556,306558,2,11
306545,306545,306558,13,0
306545,306553,306557,4,8
306545,306556,306558,2,11
306545,306557,306558,1,12
306545,306557,306558,1,12
306567,306567,306568,1,0
306567,306567,306569,2,0
306567,306567,306568,1,0
306567,306567,306569,2,0
306455,306456,306570,114,1
306567,306567,306571,4,0
306567,306567,306570,3,0
306567,306567,306571,4,0
306567,306567,306572,5,0
306567,306567,306572,5,0
306567,306567,306572,5,0
306567,306567,306573,6,0
306567,306567,306573,6,0
306567,306567,306573,6,0
306567,306569,306573,4,2
306567,306567,306573,6,0
306567,306569,306573,4,2
306567,306567,306574,7,0
306567,306569,306573,4,2
306567,306567,306574,7,0
306567,306567,306574,7,0
306567,306571,306574,3,4
306567,306567,306575,8,0
306567,306569,306575,6,2
306567,306567,306575,8,0
306567,306571,306575,4,4
306567,306574,306575,1,7
306567,306573,306575,2,6
306567,306574,306575,1,7
306567,306574,306575,1,7
306567,306571,306575,4,4
306567,306573,306575,2,6
306567,306574,306575,1,7
306567,306574,306575,1,7
306567,306567,306576,9,0
306567,306572,306576,4,5
306567,306567,306576,9,0
306567,306567,306576,9,0
306567,306574,306576,2,7
306567,306575,306577,2,8
306567,306575,306577,2,8
306567,306576,306577,1,9
306567,306576,306578,2,9
306567,306577,306578,1,10
306567,306576,306578,2,9
306567,306576,306578,2,9
306567,306576,306578,2,9
306567,306575,306578,3,8
306567,306577,306578,1,10
306567,306577,306578,1,10
306567,306576,306578,2,9
306567,306577,306578,1,10
306567,306573,306578,5,6
306567,306577,306578,1,10
306567,306576,306578,2,9
306567,306578,306579,1,11
306567,306576,306579,3,9
306567,306576,306578,2,9
306567,306576,306578,2,9
306567,306578,306579,1,11
306567,306576,306578,2,9
306567,306577,306578,1,10
306567,306578,306579,1,11
306567,306578,306579,1,11
306567,306567,306579,12,0
306567,306575,306579,4,8
306567,306567,306579,12,0
306567,306573,306579,6,6
306567,306578,306579,1,11
306567,306578,306579,1,11
306567,306578,306579,1,11
306567,306579,306580,1,12
306567,306579,306580,1,12
306567,306579,306580,1,12
306567,306579,306580,1,12
306567,306579,306580,1,12
306567,306579,306580,1,12
306567,306579,306580,1,12
306567,306579,306580,1,12
306567,306579,306580,1,12
306590,306590,306591,1,0
306590,306590,306591,1,0
306590,306590,306591,1,0
306590,306590,306591,1,0
306590,306590,306593,3,0
306590,306590,306595,5,0
306590,306592,306595,3,2
306590,306591,306594,3,1
306590,306590,306596,6,0
306590,306590,306596,6,0
306590,306591,306595,4,1
306590,306590,306595,5,0
306590,306590,306596,6,0
306590,306590,306596,6,0
306590,306590,306596,6,0
306590,306590,306597,7,0
306590,306590,306597,7,0
306590,306590,306596,6,0
306590,306590,306597,7,0
306590,306592,306598,6,2
306590,306590,306597,7,0
306590,306595,306597,2,5
306590,306595,306598,3,5
306590,306595,306598,3,5
306590,306596,306598,2,6
306590,306596,306598,2,6
306590,306590,306598,8,0
306590,306590,306599,9,0
306590,306594,306598,4,4
306590,306596,306598,2,6
306590,306590,306598,8,0
306590,306596,306598,2,6
306590,306596,306598,2,6
306590,306597,306598,1,7
306590,306597,306598,1,7
306590,306597,306598,1,7
306590,306597,306598,1,7
306590,306590,306599,9,0
306590,306597,306599,2,7
306590,306598,306599,1,8
306590,306598,306600,2,8
306590,306590,306599,9,0
306590,306598,306600,2,8
306590,306599,306600,1,9
306590,306598,306600,2,8
306590,306598,306600,2,8
306590,306598,306600,2,8
306590,306590,306601,11,0
306590,306599,306601,2,9
306590,306599,306601,2,9
306590,306599,306601,2,9
306590,306599,306601,2,9
306590,306599,306601,2,9
306590,306599,306600,1,9
306590,306600,306601,1,10
306590,306598,306601,3,8
306590,306598,306601,3,8
306590,306600,306601,1,10
306590,306600,306601,1,10
306590,306600,306601,1,10
306590,306599,306601,2,9
306590,306600,306601,1,10
306590,306600,306602,2,10
306590,306590,306601,11,0
306590,306600,306601,1,10
306590,306600,306601,1,10
306590,306599,306602,3,9
306590,306600,306601,1,10
306590,306600,306602,2,10
306590,306601,306602,1,11
306590,306599,306602,3,9
306590,306601,306603,2,11
306590,306599,306604,5,9
306613,306613,306614,1,0
306613,306613,306615,2,0
306613,306613,306615,2,0
306613,306613,306615,2,0
306613,306613,306615,2,0
306613,306614,306617,3,1
306613,306613,306618,5,0
306613,306616,306618,2,3
306613,306614,306618,4,1
306613,306613,306619,6,0
306613,306613,306618,5,0
306613,306616,306618,2,3
306613,306616,306618,2,3
306613,306615,306619,4,2
306613,306616,306619,3,3
306613,306613,306619,6,0
306613,306613,306619,6,0
306613,306618,306620,2,5
306613,306619,306620,1,6
306613,306619,306620,1,6
306613,306613,306620,7,0
306613,306614,306620,6,1
306613,306619,306620,1,6
306613,306613,306620,7,0
306613,306619,306620,1,6
306613,306613,306621,8,0
306613,306619,306620,1,6
306613,306613,306621,8,0
306613,306613,306621,8,0
306613,306614,306621,7,1
306613,306619,306621,2,6
306613,306619,306621,2,6
306613,306620,306621,1,7
306613,306613,306622,9,0
306613,306620,306622,2,7
306613,306620,306621,1,7
306613,306620,306621,1,7
306613,306619,306622,3,6
306613,306620,306622,2,7
306613,306613,306622,9,0
306613,306621,306623,2,8
306613,306620,306622,2,7
306613,306621,306622,1,8
306613,306621,306623,2,8
306613,306621,306622,1,8
306613,306621,306623,2,8
306613,306622,306623,1,9
306613,306622,306623,1,9
306613,306622,306624,2,9
306613,306622,306623,1,9
306613,306622,306623,1,9
306613,306623,306624,1,10
306613,306623,306624,1,10
306613,306622,306623,1,9
306613,306613,306624,11,0
306613,306614,306625,11,1
306613,306622,306624,2,9
306613,306623,306624,1,10
306613,306622,306625,3,9
306613,306622,306624,2,9
306613,306623,306624,1,10
306613,306621,306625,4,8
306613,306621,306624,3,8
306613,306623,306624,1,10
306613,306622,306624,2,9
306613,306623,306624,1,10
306613,306624,306625,1,11
306613,306623,306624,1,10
306613,306623,306624,1,10
306613,306623,306624,1,10
306613,306624,306625,1,11
306613,306623,306624,1,10
306613,306624,306625,1,11
306613,306624,306625,1,11
306613,306624,306625,1,11
306613,306624,306625,1,11
306613,306624,306626,2,11
306613,306625,306626,1,12
306613,306613,306627,14,0
306636,306636,306637,1,0
306636,306636,306638,2,0
306636,306636,306638,2,0
306636,306636,306638,2,0
306636,306636,306638,2,0
306636,306637,306640,3,1
306636,306637,306640,3,1
306636,306638,306640,2,2
306636,306637,306640,3,1
306636,306639,306641,2,3
306636,306636,306641,5,0
306636,306636,306642,6,0
306636,306639,306641,2,3
306636,306637,306641,4,1
306636,306636,306641,5,0
306636,306636,306642,6,0
306636,306636,306642,6,0
306636,306637,306642,5,1
306636,306639,306642,3,3
306636,306636,306642,6,0
306636,306636,306643,7,0
306636,306639,306643,4,3
306636,306643,306644,1,7
306636,306642,306643,1,6
306636,306636,306645,9,0
306636,306643,306644,1,7
306636,306643,306644,1,7
306636,306643,306644,1,7
306636,306636,306645,9,0
306636,306642,306645,3,6
306636,306642,306646,4,6
306636,306641,306645,4,5
306636,306641,306645,4,5
306636,306644,306646,2,8
306636,306642,306645,3,6
306636,306636,306646,10,0
306636,306641,306647,6,5
306636,306643,306646,3,7
306636,306645,306647,2,9
306636,306644,306646,2,8
306636,306645,306647,2,9
306636,306645,306647,2,9
306636,306645,306646,1,9
306636,306636,306647,11,0
306636,306642,306647,5,6
306636,306642,306647,5,6
306636,306646,306648,2,10
306636,306646,306648,2,10
306636,306646,306647,1,10
306636,306646,306647,1,10
306636,306646,306647,1,10
306636,306641,306648,7,5
306636,306636,306648,12,0
306636,306646,306648,2,10
306636,306636,306649,13,0
306636,306647,306648,1,11
306636,306647,306648,1,11
306636,306647,306648,1,11
306636,306647,306648,1,11
306636,306648,306649,1,12
306636,306648,306649,1,12
306636,306647,306648,1,11
306636,306647,306648,1,11
306636,306647,306648,1,11
306636,306648,306649,1,12
306636,306646,306648,2,10
306636,306647,306648,1,11
306636,306648,306649,1,12
306636,306636,306649,13,0
306636,306644,306649,5,8
306636,306648,306649,1,12
306636,306644,306649,5,8
306636,306648,306649,1,12
306636,306648,306649,1,12
306636,306648,306649,1,12
306636,306649,306650,1,13
306636,306649,306650,1,13
306636,306649,306650,1,13
306636,306649,306650,1,13
306659,306659,306660,1,0
306659,306660,306661,1,1
306659,306660,306661,1,1
306659,306660,306662,2,1
306659,306661,306662,1,2
306659,306660,306662,2,1
306659,306661,306663,2,2
306659,306660,306663,3,1
306659,306660,306663,3,1
306659,306660,306664,4,1
306659,306661,306664,3,2
306659,306660,306664,4,1
306659,306660,306665,5,1
306659,306660,306667,7,1
306659,306660,306666,6,1
306659,306660,306666,6,1
306659,306663,306667,4,4
306659,306663,306667,4,4
306659,306660,306666,6,1
306659,306660,306668,8,1
306659,306660,306667,7,1
306659,306662,306667,5,3
306659,306663,306667,4,4
306659,306664,306667,3,5
306659,306660,306668,8,1
306659,306663,306668,5,4
306659,306664,306669,5,5
306659,306665,306668,3,6
306659,306665,306668,3,6
306659,306667,306669,2,8
306659,306667,306669,2,8
306659,306666,306669,3,7
306659,306667,306669,2,8
306659,306660,306670,10,1
306659,306660,306669,9,1
306659,306660,306669,9,1
306659,306667,306670,3,8
306659,306667,306670,3,8
306659,306667,306669,2,8
306659,306660,306670,10,1
306659,306669,306671,2,10
306659,306669,306670,1,10
306659,306670,306671,1,11
306659,306668,306670,2,9
306659,306668,306670,2,9
306659,306669,306671,2,10
306659,306669,306670,1,10
306659,306669,306670,1,10
306659,306669,306671,2,10
306659,306669,306670,1,10
306659,306670,306671,1,11
306659,306660,306671,11,1
306659,306660,306671,11,1
306659,306669,306671,2,10
306659,306669,306671,2,10
306659,306670,306671,1,11
306659,306670,306671,1,11
306659,306668,306671,3,9
306659,306670,306671,1,11
306659,306670,306671,1,11
306659,306671,306672,1,12
306659,306671,306672,1,12
306659,306671,306672,1,12
306659,306671,306672,1,12
306659,306671,306672,1,12
306659,306671,306672,1,12
306659,306671,306672,1,12
306659,306668,306672,4,9
306659,306665,306672,7,6
306659,306671,306672,1,12
306659,306671,306672,1,12
306659,306671,306672,1,12
306659,306671,306672,1,12
306659,306671,306673,2,12
306659,306672,306673,1,13
306659,306668,306673,5,9
306659,306672,306673,1,13
306659,306672,306673,1,13
306696,306696,306697,1,0
306696,306696,306697,1,0
306696,306696,306697,1,0
306696,306696,306698,2,0
306696,306697,306699,2,1
306696,306696,306700,4,0
306696,306696,306700,4,0
306696,306696,306700,4,0
306696,306696,306700,4,0
306696,306697,306701,4,1
306696,306696,306700,4,0
306696,306696,306701,5,0
306696,306696,306701,5,0
306696,306696,306702,6,0
306696,306696,306703,7,0
306696,306696,306703,7,0
306696,306696,306703,7,0
306696,306700,306703,3,4
306696,306696,306703,7,0
306696,306696,306703,7,0
306696,306696,306704,8,0
306696,306696,306704,8,0
306696,306698,306703,5,2
306696,306699,306704,5,3
306696,306696,306705,9,0
306696,306700,306704,4,4
306696,306701,306705,4,5
306696,306703,306705,2,7
306696,306701,306704,3,5
306696,306703,306704,1,7
306696,306702,306706,4,6
306696,306702,306706,4,6
306696,306703,306706,3,7
306696,306702,306706,4,6
306696,306705,306706,1,9
306696,306703,306706,3,7
306696,306705,306706,1,9
306696,306704,306706,2,8
306696,306704,306707,3,8
306696,306704,306707,3,8
306696,306705,306707,2,9
306696,306705,306707,2,9
306696,306704,306707,3,8
306696,306705,306707,2,9
306696,306696,306708,12,0
306696,306698,306708,10,2
306696,306703,306708,5,7
306696,306704,306708,4,8
306696,306706,306707,1,10
306696,306706,306708,2,10
306696,306706,306708,2,10
306696,306707,306708,1,11
306696,306707,306708,1,11
306696,306708,306709,1,12
306696,306707,306708,1,11
306696,306707,306708,1,11
306696,306708,306709,1,12
306696,306696,306708,12,0
306696,306707,306708,1,11
306696,306707,306709,2,11
306696,306700,306709,9,4
306696,306705,306708,3,9
306696,306709,306710,1,13
306696,306708,306709,1,12
306696,306708,306709,1,12
306696,306708,306709,1,12
306696,306708,306709,1,12
306696,306696,306710,14,0
306696,306708,306710,2,12
306696,306708,306710,2,12
306696,306708,306710,2,12
306696,306709,306710,1,13
306696,306709,306710,1,13
306696,306709,306710,1,13
306696,306709,306710,1,13
306696,306709,306710,1,13
306696,306700,306710,10,4
306696,306696,306714,18,0
306723,306723,306724,1,0
306723,306723,306724,1,0
306723,306723,306724,1,0
306723,306723,306724,1,0
306723,306723,306724,1,0
306723,306723,306726,3,0
306723,306724,306726,2,1
306723,306723,306727,4,0
306723,306723,306727,4,0
306723,306723,306727,4,0
306723,306723,306728,5,0
306723,306723,306727,4,0
306723,306723,306728,5,0
306723,306723,306728,5,0
306723,306725,306728,3,2
306723,306723,306728,5,0
306723,306723,306729,6,0
306723,306723,306730,7,0
306723,306725,306729,4,2
306723,306723,306731,8,0
306723,306723,306730,7,0
306723,306727,306730,3,4
306723,306723,306732,9,0
306723,306723,306731,8,0
306723,306723,306731,8,0
306723,306723,306731,8,0
306723,306728,306731,3,5
306723,306723,306731,8,0
306723,306723,306731,8,0
306723,306728,306732,4,5
306723,306725,306733,8,2
306723,306725,306733,8,2
306723,306731,306733,2,8
306723,306729,306733,4,6
306723,306729,306732,3,6
306723,306731,306732,1,8
306723,306729,306732,3,6
306723,306730,306732,2,7
306723,306728,306734,6,5
306723,306730,306733,3,7
306723,306731,306734,3,8
306723,306732,306733,1,9
306723,306727,306734,7,4
306723,306728,306734,6,5
306723,306732,306733,1,9
306723,306729,306734,5,6
306723,306732,306734,2,9
306723,306732,306733,1,9
306723,306732,306733,1,9
306723,306732,306734,2,9
306723,306732,306734,2,9
306723,306732,306734,2,9
306723,306733,306734,1,10
306723,306728,306734,6,5
306723,306733,306735,2,10
306723,306733,306734,1,10
306723,306728,306734,6,5
306723,306734,306735,1,11
306723,306733,306735,2,10
306723,306733,306734,1,10
306723,306733,306735,2,10
306723,306734,306735,1,11
306723,306733,306734,1,10
306723,306733,306735,2,10
306723,306734,306735,1,11
306723,306734,306735,1,11
306723,306734,306735,1,11
306723,306734,306736,2,11
306723,306734,306736,2,11
306723,306734,306736,2,11
306723,306734,306736,2,11
306723,306734,306735,1,11
306723,306734,306735,1,11
306723,306734,306735,1,11
306723,306734,306736,2,11
306723,306735,306736,1,12
306723,306735,306736,1,12
306723,306735,306736,1,12
306723,306735,306736,1,12
306746,306746,306747,1,0
306746,306746,306747,1,0
306746,306746,306747,1,0
306746,306746,306748,2,0
306746,306747,306750,3,1
306746,306746,306751,5,0
306746,306747,306751,4,1
306746,306746,306751,5,0
306746,306746,306751,5,0
306746,306747,306751,4,1
306746,306746,306752,6,0
306746,306746,306752,6,0
306746,306746,306752,6,0
306746,306746,306752,6,0
306746,306746,306752,6,0
306746,306746,306753,7,0
306746,306748,306753,5,2
306746,306746,306753,7,0
306746,306746,306754,8,0
306746,306746,306755,9,0
306746,306746,306755,9,0
306746,306746,306755,9,0
306746,306752,306755,3,6
306746,306751,306755,4,5
306746,306753,306755,2,7
306746,306752,306755,3,6
306746,306752,306755,3,6
306746,306746,306756,10,0
306746,306746,306756,10,0
306746,306753,306756,3,7
306746,306753,306756,3,7
306746,306756,306757,1,10
306746,306753,306757,4,7
306746,306754,306756,2,8
306746,306752,306757,5,6
306746,306752,306757,5,6
306746,306756,306757,1,10
306746,306756,306758,2,10
306746,306756,306757,1,10
306746,306757,306758,1,11
306746,306754,306758,4,8
306746,306746,306758,12,0
306746,306756,306758,2,10
306746,306757,306758,1,11
306746,306753,306758,5,7
306746,306756,306758,2,10
306746,306757,306758,1,11
306746,306757,306758,1,11
306746,306757,306758,1,11
306746,306757,306758,1,11
306746,306758,306759,1,12
306746,306757,306758,1,11
306746,306758,306759,1,12
306746,306758,306759,1,12
306746,306758,306759,1,12
306746,306755,306759,4,9
306746,306746,306759,13,0
306746,306754,306760,6,8
306746,306756,306759,3,10
306746,306756,306759,3,10
306746,306758,306759,1,12
306746,306758,306759,1,12
306746,306759,306760,1,13
306746,306759,306760,1,13
306746,306759,306760,1,13
306746,306759,306760,1,13
306746,306759,306760,1,13
306746,306759,306760,1,13
306746,306759,306760,1,13
306746,306759,306760,1,13
306746,306759,306760,1,13
306746,306759,306760,1,13
306746,306759,306760,1,13
306746,306759,306760,1,13
306746,306759,306760,1,13
306746,306759,306760,1,13
306746,306759,306760,1,13
306746,306746,306762,16,0
306746,306746,306763,17,0
306772,306772,306773,1,0
306772,306772,306773,1,0
306772,306772,306773,1,0
306772,306772,306774,2,0
306772,306773,306776,3,1
306772,306772,306777,5,0
306772,306773,306777,4,1
306772,306772,306778,6,0
306772,306772,306777,5,0
306772,306772,306777,5,0
306772,306773,306777,4,1
306772,306772,306778,6,0
306772,306772,306778,6,0
306772,306772,306778,6,0
306772,306774,306778,4,2
306772,306772,306778,6,0
306772,306776,306779,3,4
306772,306772,306779,7,0
306772,306772,306780,8,0
306772,306772,306780,8,0
306772,306772,306781,9,0
306772,306772,306781,9,0
306772,306777,306781,4,5
306772,306777,306782,5,5
306772,306778,306781,3,6
306772,306778,306782,4,6
306772,306778,306782,4,6
306772,306780,306782,2,8
306772,306778,306782,4,6
306772,306778,306782,4,6
306772,306779,306782,3,7
306772,306772,306783,11,0
306772,306772,306783,11,0
306772,306772,306782,10,0
306772,306778,306783,5,6
306772,306780,306783,3,8
306772,306779,306783,4,7
306772,306782,306783,1,10
306772,306781,306783,2,9
306772,306772,306783,11,0
306772,306772,306784,12,0
306772,306772,306783,11,0
306772,306782,306784,2,10
306772,306782,306784,2,10
306772,306782,306784,2,10
306772,306782,306784,2,10
306772,306781,306784,3,9
306772,306782,306784,2,10
306772,306782,306784,2,10
306772,306784,306785,1,12
306772,306779,306784,5,7
306772,306783,306785,2,11
306772,306783,306785,2,11
306772,306781,306785,4,9
306772,306783,306785,2,11
306772,306785,306786,1,13
306772,306785,306786,1,13
306772,306781,306786,5,9
306772,306784,306786,2,12
306772,306784,306786,2,12
306772,306782,306785,3,10
306772,306784,306786,2,12
306772,306785,306786,1,13
306772,306785,306786,1,13
306772,306785,306786,1,13
306772,306785,306786,1,13
306772,306785,306786,1,13
306772,306785,306786,1,13
306772,306785,306786,1,13
306772,306785,306786,1,13
306772,306785,306786,1,13
306772,306785,306786,1,13
306772,306785,306787,2,13
306772,306778,306789,11,6
306772,306772,306790,18,0
306799,306799,306800,1,0
306799,306799,306800,1,0
306799,306799,306800,1,0
306799,306799,306801,2,0
306799,306799,306804,5,0
306799,306799,306803,4,0
306799,306800,306804,4,1
306799,306799,306805,6,0
306799,306801,306804,3,2
306799,306799,306805,6,0
306799,306801,306805,4,2
306799,306799,306805,6,0
306799,306799,306805,6,0
306799,306799,306806,7,0
306799,306799,306806,7,0
306799,306799,306806,7,0
306799,306799,306807,8,0
306799,306804,306807,3,5
306799,306804,306807,3,5
306799,306799,306807,8,0
306799,306799,306808,9,0
306799,306801,306807,6,2
306799,306799,306808,9,0
306799,306799,306809,10,0
306799,306804,306808,4,5
306799,306805,306809,4,6
306799,306806,306809,3,7
306799,306799,306809,10,0
306799,306805,306809,4,6
306799,306805,306809,4,6
306799,306807,306810,3,8
306799,306807,306809,2,8
306799,306805,306810,5,6
306799,306805,306810,5,6
306799,306807,306810,3,8
306799,306799,306810,11,0
306799,306799,306811,12,0
306799,306809,306811,2,10
306799,306809,306811,2,10
306799,306810,306811,1,11
306799,306809,306811,2,10
306799,306810,306811,1,11
306799,306810,306811,1,11
306799,306807,306812,5,8
306799,306806,306811,5,7
306799,306809,306811,2,10
306799,306808,306812,4,9
306799,306811,306812,1,12
306799,306810,306812,2,11
306799,306799,306812,13,0
306799,306806,306812,6,7
306799,306811,306813,2,12
306799,306799,306813,14,0
306799,306808,306813,5,9
306799,306809,306813,4,10
306799,306810,306813,3,11
306799,306810,306812,2,11
306799,306812,306813,1,13
306799,306810,306813,3,11
306799,306811,306813,2,12
306799,306811,306813,2,12
306799,306811,306813,2,12
306799,306811,306813,2,12
306799,306811,306813,2,12
306799,306812,306813,1,13
306799,306813,306814,1,14
306799,306810,306813,3,11
306799,306812,306813,1,13
306799,306808,306814,6,9
306799,306812,306814,2,13
306799,306812,306813,1,13
306799,306813,306814,1,14
306799,306813,306815,2,14
306799,306813,306815,2,14
306799,306799,306815,16,0
306799,306813,306814,1,14
306799,306813,306815,2,14
306799,306813,306815,2,14
306824,306824,306825,1,0
306824,306824,306825,1,0
306824,306824,306825,1,0
306824,306824,306825,1,0
306824,306824,306829,5,0
306824,306826,306830,4,2
306824,306824,306830,6,0
306824,306825,306830,5,1
306824,306825,306829,4,1
306824,306824,306831,7,0
306824,306824,306831,7,0
306824,306826,306831,5,2
306824,306824,306830,6,0
306824,306824,306831,7,0
306824,306824,306832,8,0
306824,306824,306831,7,0
306824,306829,306832,3,5
306824,306824,306833,9,0
306824,306824,306832,8,0
306824,306824,306833,9,0
306824,306830,306832,2,6
306824,306824,306833,9,0
306824,306824,306834,10,0
306824,306824,306834,10,0
306824,306830,306834,4,6
306824,306830,306834,4,6
306824,306831,306834,3,7
306824,306824,306834,10,0
306824,306824,306833,9,0
306824,306830,306834,4,6
306824,306832,306834,2,8
306824,306832,306835,3,8
306824,306824,306834,10,0
306824,306832,306835,3,8
306824,306833,306835,2,9
306824,306833,306835,2,9
306824,306824,306836,12,0
306824,306831,306835,4,7
306824,306833,306835,2,9
306824,306833,306836,3,9
306824,306832,306836,4,8
306824,306833,306836,3,9
306824,306834,306836,2,10
306824,306834,306836,2,10
306824,306834,306836,2,10
306824,306824,306837,13,0
306824,306835,306837,2,11
306824,306835,306837,2,11
306824,306836,306837,1,12
306824,306834,306837,3,10
306824,306835,306837,2,11
306824,306835,306837,2,11
306824,306834,306837,3,10
306824,306834,306837,3,10
306824,306835,306837,2,11
306824,306834,306837,3,10
306824,306834,306836,2,10
306824,306836,306837,1,12
306824,306834,306838,4,10
306824,306824,306838,14,0
306824,306836,306838,2,12
306824,306836,306838,2,12
306824,306836,306838,2,12
306824,306836,306837,1,12
306824,306837,306838,1,13
306824,306836,306838,2,12
306824,306836,306838,2,12
306824,306837,306839,2,13
306824,306837,306839,2,13
306824,306831,306839,8,7
306824,306837,306839,2,13
306824,306837,306839,2,13
306824,306837,306839,2,13
306824,306838,306839,1,14
306824,306838,306839,1,14
306824,306838,306839,1,14
306824,306831,306841,10,7
306850,306850,306851,1,0
306850,306850,306851,1,0
306850,306850,306851,1,0
306850,306850,306851,1,0
306850,306851,306854,3,1
306850,306850,306854,4,0
306850,306850,306854,4,0
306850,306850,306855,5,0
306850,306852,306854,2,2
306850,306850,306855,5,0
306850,306850,306856,6,0
306850,306852,306855,3,2
306850,306850,306855,5,0
306850,306852,306857,5,2
306850,306850,306856,6,0
306850,306850,306856,6,0
306850,306850,306857,7,0
306850,306850,306857,7,0
306850,306854,306857,3,4
306850,306850,306857,7,0
306850,306856,306857,1,6
306850,306855,306857,2,5
306850,306857,306858,1,7
306850,306856,306857,1,6
306850,306857,306858,1,7
306850,306857,306858,1,7
306850,306850,306858,8,0
306850,306850,306859,9,0
306850,306857,306858,1,7
306850,306857,306858,1,7
306850,306850,306858,8,0
306850,306858,306860,2,8
306850,306850,306859,9,0
306850,306856,306859,3,6
306850,306858,306860,2,8
306850,306855,306859,4,5
306850,306855,306859,4,5
306850,306858,306860,2,8
306850,306859,306860,1,9
306850,306858,306860,2,8
306850,306858,306860,2,8
306850,306857,306860,3,7
306850,306850,306860,10,0
306850,306858,306861,3,8
306850,306859,306861,2,9
306850,306860,306861,1,10
306850,306858,306860,2,8
306850,306859,306861,2,9
306850,306860,306861,1,10
306850,306860,306861,1,10
306850,306850,306861,11,0
306850,306859,306861,2,9
306850,306856,306861,5,6
306850,306860,306862,2,10
306850,306860,306861,1,10
306850,306860,306861,1,10
306850,306861,306862,1,11
306850,306860,306861,1,10
306850,306860,306861,1,10
306850,306861,306862,1,11
306850,306861,306862,1,11
306850,306860,306861,1,10
306850,306860,306861,1,10
306850,306861,306862,1,11
306850,306859,306863,4,9
306850,306861,306862,1,11
306850,306861,306862,1,11
306850,306861,306862,1,11
306850,306861,306862,1,11
306850,306862,306863,1,12
306850,306861,306862,1,11
306850,306855,306863,8,5
306850,306850,306863,13,0
306850,306862,306863,1,12
306850,306862,306863,1,12
306850,306862,306864,2,12
306850,306862,306863,1,12
306850,306850,306864,14,0
306850,306850,306868,18,0
306876,306876,306877,1,0
306876,306876,306877,1,0
306876,306876,306878,2,0
306876,306876,306878,2,0
306876,306876,306880,4,0
306876,306876,306880,4,0
306876,306877,306880,3,1
306876,306876,306880,4,0
306876,306876,306881,5,0
306876,306876,306881,5,0
306876,306876,306882,6,0
306876,306878,306882,4,2
306876,306876,306882,6,0
306876,306876,306882,6,0
306876,306878,306882,4,2
306876,306878,306883,5,2
306876,306876,306883,7,0
306876,306876,306883,7,0
306876,306876,306884,8,0
306876,306876,306884,8,0
306876,306880,306884,4,4
306876,306876,306885,9,0
306876,306880,306885,5,4
306876,306883,306885,2,7
306876,306884,306885,1,8
306876,306876,306886,10,0
306876,306876,306886,10,0
306876,306876,306886,10,0
306876,306876,306886,10,0
306876,306876,306886,10,0
306876,306882,306886,4,6
306876,306885,306886,1,9
306876,306885,306886,1,9
306876,306883,306886,3,7
306876,306884,306886,2,8
306876,306876,306886,10,0
306876,306880,306887,7,4
306876,306876,306887,11,0
306876,306880,306887,7,4
306876,306885,306887,2,9
306876,306884,306887,3,8
306876,306885,306887,2,9
306876,306887,306888,1,11
306876,306881,306887,6,5
306876,306886,306887,1,10
306876,306887,306888,1,11
306876,306886,306887,1,10
306876,306886,306887,1,10
306876,306883,306888,5,7
306876,306887,306889,2,11
306876,306883,306888,5,7
306876,306887,306888,1,11
306876,306887,306888,1,11
306876,306887,306888,1,11
306876,306887,306888,1,11
306876,306887,306888,1,11
306876,306888,306889,1,12
306876,306888,306889,1,12
306876,306887,306888,1,11
306876,306888,306889,1,12
306876,306888,306889,1,12
306876,306887,306888,1,11
306876,306887,306888,1,11
306876,306888,306889,1,12
306876,306887,306889,2,11
306876,306888,306889,1,12
306876,306888,306889,1,12
306876,306888,306889,1,12
306876,306882,306890,8,6
306876,306888,306889,1,12
306876,306888,306889,1,12
306876,306889,306890,1,13
306876,306888,306889,1,12
306876,306889,306890,1,13
306876,306889,306890,1,13
306876,306889,306890,1,13
306876,306889,306890,1,13
306876,306889,306890,1,13
306876,306889,306890,1,13
306900,306900,306901,1,0
306900,306900,306901,1,0
306900,306900,306901,1,0
306900,306900,306902,2,0
306900,306900,306903,3,0
306900,306900,306903,3,0
306900,306900,306904,4,0
306900,306900,306905,5,0
306900,306900,306905,5,0
306900,306901,306904,3,1
306900,306900,306905,5,0
306900,306900,306905,5,0
306900,306901,306905,4,1
306900,306900,306906,6,0
306900,306900,306906,6,0
306900,306900,306905,5,0
306900,306902,306905,3,2
306900,306900,306906,6,0
306900,306900,306906,6,0
306900,306900,306906,6,0
306900,306900,306908,8,0
306900,306900,306908,8,0
306900,306900,306907,7,0
306900,306903,306908,5,3
306900,306906,306909,3,6
306900,306904,306909,5,4
306900,306906,306909,3,6
306900,306900,306909,9,0
306900,306905,306909,4,5
306900,306906,306909,3,6
306900,306908,306909,1,8
306900,306900,306910,10,0
306900,306900,306910,10,0
306900,306905,306910,5,5
306900,306902,306910,8,2
306900,306906,306910,4,6
306900,306905,306910,5,5
306900,306906,306909,3,6
306900,306907,306910,3,7
306900,306905,306910,5,5
306900,306905,306909,4,5
306900,306905,306911,6,5
306900,306909,306911,2,9
306900,306910,306911,1,10
306900,306910,306911,1,10
306900,306908,306911,3,8
306900,306900,306910,10,0
306900,306909,306911,2,9
306900,306909,306911,2,9
306900,306909,306911,2,9
306900,306909,306911,2,9
306900,306909,306911,2,9
306900,306909,306911,2,9
306900,306907,306911,4,7
306900,306908,306912,4,8
306900,306908,306912,4,8
306900,306910,306912,2,10
306900,306910,306912,2,10
306900,306910,306912,2,10
306900,306910,306912,2,10
306900,306910,306912,2,10
306900,306911,306912,1,11
306900,306911,306912,1,11
306900,306910,306912,2,10
306900,306910,306912,2,10
306900,306905,306912,7,5
306900,306910,306912,2,10
306900,306911,306913,2,11
306900,306911,306913,2,11
306900,306911,306913,2,11
306900,306912,306913,1,12
306900,306912,306913,1,12
306900,306912,306913,1,12
306900,306912,306913,1,12
306900,306912,306913,1,12
306900,306912,306914,2,12
306900,306912,306914,2,12
306923,306923,306924,1,0
306923,306923,306924,1,0
306923,306923,306924,1,0
306923,306923,306924,1,0
306923,306923,306927,4,0
306923,306924,306927,3,1
306923,306923,306927,4,0
306923,306923,306927,4,0
306923,306923,306928,5,0
306923,306923,306928,5,0
306923,306923,306928,5,0
306923,306924,306928,4,1
306923,306923,306928,5,0
306923,306923,306927,4,0
306923,306923,306929,6,0
306923,306923,306929,6,0
306923,306923,306929,6,0
306923,306924,306929,5,1
306923,306923,306929,6,0
306923,306923,306930,7,0
306923,306923,306930,7,0
306923,306925,306930,5,2
306923,306923,306930,7,0
306923,306927,306930,3,4
306923,306927,306930,3,4
306923,306928,306931,3,5
306923,306928,306931,3,5
306923,306928,306931,3,5
306923,306927,306931,4,4
306923,306930,306932,2,7
306923,306930,306931,1,7
306923,306929,306932,3,6
306923,306931,306932,1,8
306923,306931,306933,2,8
306923,306928,306932,4,5
306923,306930,306932,2,7
306923,306931,306932,1,8
306923,306931,306932,1,8
306923,306923,306933,10,0
306923,306923,306933,10,0
306923,306930,306933,3,7
306923,306923,306933,10,0
306923,306928,306933,5,5
306923,306931,306933,2,8
306923,306931,306933,2,8
306923,306932,306933,1,9
306923,306932,306933,1,9
306923,306932,306933,1,9
306923,306932,306934,2,9
306923,306928,306934,6,5
306923,306923,306934,11,0
306923,306928,306934,6,5
306923,306932,306934,2,9
306923,306933,306934,1,10
306923,306933,306934,1,10
306923,306933,306934,1,10
306923,306933,306934,1,10
306923,306933,306934,1,10
306923,306933,306934,1,10
306923,306933,306934,1,10
306923,306934,306935,1,11
306923,306934,306935,1,11
306923,306934,306935,1,11
306923,306934,306935,1,11
306923,306934,306935,1,11
306923,306923,306935,12,0
306923,306934,306935,1,11
306923,306934,306935,1,11
306923,306934,306935,1,11
306923,306934,306935,1,11
306923,306935,306936,1,12
306923,306935,306936,1,12
306923,306934,306935,1,11
306923,306934,306935,1,11
306923,306935,306936,1,12
306923,306935,306936,1,12
306923,306935,306936,1,12
306923,306935,306936,1,12
306923,306929,306937,8,6
306947,306947,306948,1,0
306947,306947,306948,1,0
306947,306947,306948,1,0
306947,306947,306948,1,0
306947,306947,306950,3,0
306947,306947,306950,3,0
306947,306947,306951,4,0
306947,306948,306951,3,1
306947,306949,306951,2,2
306947,306947,306951,4,0
306947,306949,306952,3,2
306947,306947,306952,5,0
306947,306948,306951,3,1
306947,306947,306951,4,0
306947,306947,306951,4,0
306947,306947,306952,5,0
306947,306947,306952,5,0
306947,306947,306953,6,0
306947,306947,306953,6,0
306947,306947,306952,5,0
306947,306947,306953,6,0
306947,306947,306952,5,0
306947,306947,306953,6,0
306947,306952,306954,2,5
306947,306952,306954,2,5
306947,306952,306955,3,5
306947,306953,306955,2,6
306947,306953,306955,2,6
306947,306950,306955,5,3
306947,306951,306955,4,4
306947,306951,306955,4,4
306947,306953,306955,2,6
306947,306953,306956,3,6
306947,306947,306955,8,0
306947,306947,306956,9,0
306947,306952,306955,3,5
306947,306953,306955,2,6
306947,306947,306956,9,0
306947,306953,306956,3,6
306947,306952,306955,3,5
306947,306952,306955,3,5
306947,306951,306955,4,4
306947,306954,306956,2,7
306947,306954,306956,2,7
306947,306953,306957,4,6
306947,306947,306957,10,0
306947,306955,306957,2,8
306947,306956,306957,1,9
306947,306954,306957,3,7
306947,306955,306957,2,8
306947,306955,306957,2,8
306947,306956,306957,1,9
306947,306955,306957,2,8
306947,306951,306958,7,4
306947,306956,306958,2,9
306947,306956,306957,1,9
306947,306956,306958,2,9
306947,306956,306958,2,9
306947,306956,306958,2,9
306947,306956,306958,2,9
306947,306956,306958,2,9
306947,306956,306958,2,9
306947,306956,306958,2,9
306947,306956,306958,2,9
306947,306956,306957,1,9
306947,306957,306959,2,10
306947,306956,306959,3,9
306947,306957,306959,2,10
306947,306957,306959,2,10
306947,306955,306959,4,8
306947,306957,306959,2,10
306947,306957,306959,2,10
306947,306957,306959,2,10
306947,306957,306959,2,10
306947,306958,306959,1,11
306947,306958,306960,2,11
306947,306957,306960,3,10
306947,306957,306960,3,10
306947,306947,306961,14,0
306970,306970,306971,1,0
306970,306970,306971,1,0
306970,306970,306971,1,0
306970,306970,306971,1,0
306970,306970,306972,2,0
306970,306970,306974,4,0
306970,306971,306973,2,1
306970,306970,306975,5,0
306970,306970,306974,4,0
306970,306970,306975,5,0
306970,306970,306975,5,0
306970,306970,306975,5,0
306970,306970,306975,5,0
306970,306970,306975,5,0
306970,306970,306976,6,0
306970,306972,306976,4,2
306970,306972,306975,3,2
306970,306971,306976,5,1
306970,306970,306975,5,0
306970,306970,306975,5,0
306970,306972,306977,5,2
306970,306970,306977,7,0
306970,306974,306977,3,4
306970,306970,306978,8,0
306970,306970,306977,7,0
306970,306975,306978,3,5
306970,306975,306978,3,5
306970,306976,306978,2,6
306970,306974,306978,4,4
306970,306975,306978,3,5
306970,306975,306977,2,5
306970,306976,306978,2,6
306970,306975,306978,3,5
306970,306976,306978,2,6
306970,306976,306978,2,6
306970,306970,306979,9,0
306970,306970,306979,9,0
306970,306976,306978,2,6
306970,306977,306979,2,7
306970,306970,306979,9,0
306970,306975,306979,4,5
306970,306977,306979,2,7
306970,306978,306980,2,8
306970,306976,306979,3,6
306970,306977,306980,3,7
306970,306970,306979,9,0
306970,306978,306980,2,8
306970,306978,306980,2,8
306970,306978,306980,2,8
306970,306978,306980,2,8
306970,306979,306980,1,9
306970,306979,306980,1,9
306970,306979,306980,1,9
306970,306979,306980,1,9
306970,306979,306980,1,9
306970,306976,306980,4,6
306970,306978,306981,3,8
306970,306979,306981,2,9
306970,306979,306981,2,9
306970,306979,306981,2,9
306970,306978,306981,3,8
306970,306979,306981,2,9
306970,306980,306981,1,10
306970,306981,306982,1,11
306970,306979,306982,3,9
306970,306980,306982,2,10
306970,306979,306982,3,9
306970,306981,306982,1,11
306970,306981,306982,1,11
306970,306981,306982,1,11
306970,306981,306982,1,11
306970,306981,306982,1,11
306970,306981,306982,1,11
306970,306981,306982,1,11
306970,306981,306982,1,11
306970,306970,306983,13,0
306970,306980,306983,3,10
306970,306981,306983,2,11
306970,306981,306983,2,11
306993,306993,306994,1,0
306993,306993,306994,1,0
306993,306993,306994,1,0
306993,306993,306994,1,0
306993,306993,306994,1,0
306993,306993,306994,1,0
306993,306993,306996,3,0
306993,306993,306996,3,0
306993,306993,306998,5,0
306993,306993,306997,4,0
306993,306994,306998,4,1
306993,306993,306997,4,0
306993,306993,306999,6,0
306993,306994,306999,5,1
306993,306993,306998,5,0
306993,306993,306999,6,0
306993,306996,306999,3,3
306993,306993,307000,7,0
306993,306995,306999,4,2
306993,306995,307000,5,2
306993,306993,306999,6,0
306993,306995,306999,4,2
306993,306997,307000,3,4
306993,306993,307000,7,0
306993,306993,307001,8,0
306993,306993,307000,7,0
306993,306998,307001,3,5
306993,306998,307000,2,5
306993,306999,307001,2,6
306993,306998,307000,2,5
306993,306999,307001,2,6
306993,306999,307001,2,6
306993,306999,307001,2,6
306993,306998,307000,2,5
306993,306993,307002,9,0
306993,306993,307002,9,0
306993,307000,307002,2,7
306993,307000,307002,2,7
306993,307000,307001,1,7
306993,307000,307002,2,7
306993,307000,307001,1,7
306993,307000,307003,3,7
306993,307000,307002,2,7
306993,306999,307003,4,6
306993,307001,307003,2,8
306993,307001,307003,2,8
306993,307001,307003,2,8
306993,307001,307003,2,8
306993,307001,307003,2,8
306993,307001,307003,2,8
306993,307001,307003,2,8
306993,307002,307003,1,9
306993,306995,307004,9,2
306993,306993,307004,11,0
306993,307001,307003,2,8
306993,307001,307003,2,8
306993,307002,307004,2,9
306993,307002,307003,1,9
306993,307002,307004,2,9
306993,307001,307005,4,8
306993,307002,307004,2,9
306993,307002,307005,3,9
306993,307002,307005,3,9
306993,307003,307005,2,10
306993,307003,307005,2,10
306993,307003,307005,2,10
306993,307003,307005,2,10
306993,307003,307005,2,10
306993,307003,307005,2,10
306993,306993,307006,13,0
306993,307003,307005,2,10
306993,307004,307005,1,11
306993,307004,307006,2,11
306993,307003,307006,3,10
306993,307004,307006,2,11
306993,307003,307005,2,10
306993,307003,307006,3,10
306993,307003,307006,3,10
306993,306993,307008,15,0
307018,307018,307019,1,0
307018,307018,307019,1,0
307018,307018,307019,1,0
307018,307018,307020,2,0
307018,307018,307020,2,0
307018,307018,307020,2,0
307018,307018,307021,3,0
307018,307018,307023,5,0
307018,307018,307023,5,0
307018,307018,307023,5,0
307018,307018,307024,6,0
307018,307018,307024,6,0
307018,307019,307024,5,1
307018,307018,307024,6,0
307018,307018,307024,6,0
307018,307018,307025,7,0
307018,307020,307025,5,2
307018,307018,307025,7,0
307018,307022,307025,3,4
307018,307024,307025,1,6
307018,307019,307025,6,1
307018,307020,307026,6,2
307018,307023,307026,3,5
307018,307025,307027,2,7
307018,307025,307026,1,7
307018,307018,307026,8,0
307018,307024,307026,2,6
307018,307025,307026,1,7
307018,307020,307026,6,2
307018,307020,307027,7,2
307018,307018,307027,9,0
307018,307018,307027,9,0
307018,307025,307027,2,7
307018,307026,307027,1,8
307018,307026,307027,1,8
307018,307026,307027,1,8
307018,307025,307027,2,7
307018,307027,307028,1,9
307018,307026,307027,1,8
307018,307018,307028,10,0
307018,307018,307028,10,0
307018,307026,307028,2,8
307018,307018,307028,10,0
307018,307018,307028,10,0
307018,307027,307029,2,9
307018,307027,307028,1,9
307018,307027,307028,1,9
307018,307027,307028,1,9
307018,307027,307028,1,9
307018,307027,307029,2,9
307018,307026,307029,3,8
307018,307028,307030,2,10
307018,307027,307029,2,9
307018,307028,307029,1,10
307018,307028,307029,1,10
307018,307028,307029,1,10
307018,307028,307029,1,10
307018,307028,307030,2,10
307018,307028,307029,1,10
307018,307028,307030,2,10
307018,307029,307031,2,11
307018,307029,307030,1,11
307018,307028,307030,2,10
307018,307028,307030,2,10
307018,307029,307031,2,11
307018,307029,307030,1,11
307018,307029,307030,1,11
307018,307029,307030,1,11
307018,307029,307030,1,11
307018,307029,307030,1,11
307018,307030,307031,1,12
307018,307029,307031,2,11
307018,307029,307031,2,11
307018,307029,307031,2,11
307018,307030,307031,1,12
307018,307030,307031,1,12
307018,307030,307031,1,12
307018,307030,307031,1,12
307018,307018,307033,15,0
307042,307042,307043,1,0
307042,307042,307044,2,0
307042,307042,307043,1,0
307042,307042,307043,1,0
307042,307042,307044,2,0
307042,307042,307044,2,0
307042,307042,307045,3,0
307042,307042,307047,5,0
307042,307045,307047,2,3
307042,307042,307047,5,0
307042,307042,307047,5,0
307042,307042,307047,5,0
307042,307042,307047,5,0
307042,307042,307047,5,0
307042,307042,307048,6,0
307042,307043,307048,5,1
307042,307042,307048,6,0
307042,307044,307048,4,2
307042,307042,307049,7,0
307042,307042,307049,7,0
307042,307044,307049,5,2
307042,307047,307049,2,5
307042,307048,307049,1,6
307042,307044,307049,5,2
307042,307048,307049,1,6
307042,307048,307049,1,6
307042,307048,307049,1,6
307042,307048,307049,1,6
307042,307042,307050,8,0
307042,307042,307050,8,0
307042,307049,307050,1,7
307042,307048,307050,2,6
307042,307049,307050,1,7
307042,307049,307050,1,7
307042,307050,307051,1,8
307042,307050,307051,1,8
307042,307042,307051,9,0
307042,307049,307051,2,7
307042,307048,307051,3,6
307042,307050,307051,1,8
307042,307044,307051,7,2
307042,307050,307051,1,8
307042,307042,307051,9,0
307042,307050,307051,1,8
307042,307050,307051,1,8
307042,307050,307051,1,8
307042,307050,307051,1,8
307042,307050,307051,1,8
307042,307051,307052,1,9
307042,307042,307052,10,0
307042,307042,307052,10,0
307042,307051,307052,1,9
307042,307051,307052,1,9
307042,307051,307052,1,9
307042,307051,307052,1,9
307042,307051,307052,1,9
307042,307044,307053,9,2
307042,307052,307053,1,10
307042,307051,307053,2,9
307042,307052,307053,1,10
307042,307052,307054,2,10
307042,307052,307054,2,10
307042,307052,307053,1,10
307042,307052,307053,1,10
307042,307052,307053,1,10
307042,307052,307053,1,10
307042,307052,307053,1,10
307042,307051,307053,2,9
307042,307053,307054,1,11
307042,307053,307054,1,11
307042,307053,307054,1,11
307042,307052,307054,2,10
307042,307052,307054,2,10
307042,307053,307054,1,11
307042,307053,307054,1,11
307042,307053,307054,1,11
307042,307053,307054,1,11
307042,307052,307055,3,10
307042,307042,307059,17,0
307068,307068,307069,1,0
307068,307068,307069,1,0
307068,307068,307069,1,0
307068,307068,307069,1,0
307068,307068,307069,1,0
307068,307068,307069,1,0
307068,307068,307072,4,0
307068,307068,307072,4,0
307068,307068,307072,4,0
307068,307068,307073,5,0
307068,307068,307072,4,0
307068,307068,307072,4,0
307068,307069,307073,4,1
307068,307070,307073,3,2
307068,307068,307074,6,0
307068,307070,307074,4,2
307068,307068,307074,6,0
307068,307072,307074,2,4
307068,307070,307074,4,2
307068,307068,307074,6,0
307068,307073,307075,2,5
307068,307073,307075,2,5
307068,307072,307075,3,4
307068,307073,307075,2,5
307068,307068,307075,7,0
307068,307073,307075,2,5
307068,307068,307076,8,0
307068,307068,307075,7,0
307068,307073,307075,2,5
307068,307074,307076,2,6
307068,307074,307076,2,6
307068,307074,307076,2,6
307068,307074,307076,2,6
307068,307074,307076,2,6
307068,307068,307077,9,0
307068,307074,307077,3,6
307068,307068,307077,9,0
307068,307070,307076,6,2
307068,307075,307077,2,7
307068,307075,307077,2,7
307068,307075,307077,2,7
307068,307075,307077,2,7
307068,307075,307077,2,7
307068,307075,307077,2,7
307068,307075,307077,2,7
307068,307076,307078,2,8
307068,307068,307078,10,0
307068,307068,307078,10,0
307068,307076,307078,2,8
307068,307076,307078,2,8
307068,307076,307078,2,8
307068,307076,307078,2,8
307068,307076,307078,2,8
307068,307077,307078,1,9
307068,307070,307079,9,2
307068,307077,307079,2,9
307068,307076,307078,2,8
307068,307077,307079,2,9
307068,307077,307079,2,9
307068,307077,307079,2,9
307068,307077,307079,2,9
307068,307078,307079,1,10
307068,307078,307079,1,10
307068,307078,307079,1,10
307068,307078,307079,1,10
307068,307079,307080,1,11
307068,307078,307079,1,10
307068,307079,307080,1,11
307068,307079,307080,1,11
307068,307068,307080,12,0
307068,307078,307080,2,10
307068,307078,307080,2,10
307068,307078,307080,2,10
307068,307079,307080,1,11
307068,307079,307080,1,11
307068,307079,307080,1,11
307068,307078,307080,2,10
307068,307079,307081,2,11
307068,307068,307082,14,0
307092,307092,307093,1,0
307092,307092,307093,1,0
307092,307092,307093,1,0
307092,307092,307093,1,0
307092,307092,307093,1,0
307092,307092,307095,3,0
307092,307092,307095,3,0
307092,307093,307095,2,1
307092,307093,307096,3,1
307092,307093,307096,3,1
307092,307092,307097,5,0
307092,307092,307097,5,0
307092,307094,307097,3,2
307092,307092,307097,5,0
307092,307092,307098,6,0
307092,307096,307098,2,4
307092,307092,307098,6,0
307092,307096,307098,2,4
307092,307092,307098,6,0
307092,307097,307099,2,5
307092,307092,307099,7,0
307092,307092,307099,7,0
307092,307092,307099,7,0
307092,307096,307099,3,4
307092,307094,307099,5,2
307092,307092,307100,8,0
307092,307097,307099,2,5
307092,307098,307099,1,6
307092,307092,307100,8,0
307092,307097,307099,2,5
307092,307098,307099,1,6
307092,307098,307100,2,6
307092,307092,307100,8,0
307092,307092,307101,9,0
307092,307092,307101,9,0
307092,307098,307100,2,6
307092,307092,307100,8,0
307092,307099,307100,1,7
307092,307098,307100,2,6
307092,307099,307100,1,7
307092,307099,307100,1,7
307092,307099,307100,1,7
307092,307100,307102,2,8
307092,307100,307102,2,8
307092,307100,307101,1,8
307092,307100,307102,2,8
307092,307100,307102,2,8
307092,307100,307102,2,8
307092,307100,307102,2,8
307092,307100,307102,2,8
307092,307100,307102,2,8
307092,307100,307102,2,8
307092,307100,307102,2,8
307092,307100,307102,2,8
307092,307101,307103,2,9
307092,307102,307103,1,10
307092,307101,307103,2,9
307092,307102,307103,1,10
307092,307101,307103,2,9
307092,307101,307102,1,9
307092,307102,307103,1,10
307092,307101,307103,2,9
307092,307092,307103,11,0
307092,307101,307104,3,9
307092,307102,307103,1,10
307092,307102,307103,1,10
307092,307101,307103,2,9
307092,307102,307103,1,10
307092,307103,307104,1,11
307092,307101,307103,2,9
307092,307102,307103,1,10
307092,307102,307103,1,10
307092,307101,307104,3,9
307092,307103,307105,2,11
307092,307101,307104,3,9
307092,307103,307104,1,11
307092,307103,307104,1,11
307092,307103,307104,1,11
307092,307092,307107,15,0
307116,307116,307117,1,0
307116,307116,307117,1,0
307116,307116,307117,1,0
307116,307116,307117,1,0
307116,307116,307117,1,0
307116,307116,307120,4,0
307116,307117,307120,3,1
307116,307117,307121,4,1
307116,307117,307121,4,1
307116,307116,307123,7,0
307116,307116,307123,7,0
307116,307116,307123,7,0
307116,307116,307122,6,0
307116,307116,307123,7,0
307116,307118,307124,6,2
307116,307116,307123,7,0
307116,307116,307123,7,0
307116,307116,307124,8,0
307116,307121,307124,3,5
307116,307118,307124,6,2
307116,307116,307125,9,0
307116,307116,307124,8,0
307116,307122,307125,3,6
307116,307122,307125,3,6
307116,307123,307125,2,7
307116,307123,307125,2,7
307116,307124,307125,1,8
307116,307120,307125,5,4
307116,307116,307126,10,0
307116,307124,307126,2,8
307116,307124,307125,1,8
307116,307123,307125,2,7
307116,307124,307126,2,8
307116,307123,307126,3,7
307116,307123,307126,3,7
307116,307116,307127,11,0
307116,307116,307127,11,0
307116,307125,307127,2,9
307116,307125,307127,2,9
307116,307125,307127,2,9
307116,307125,307127,2,9
307116,307125,307127,2,9
307116,307125,307127,2,9
307116,307125,307127,2,9
307116,307116,307128,12,0
307116,307125,307127,2,9
307116,307124,307127,3,8
307116,307126,307128,2,10
307116,307126,307128,2,10
307116,307126,307128,2,10
307116,307126,307128,2,10
307116,307126,307128,2,10
307116,307126,307128,2,10
307116,307126,307128,2,10
307116,307126,307129,3,10
307116,307128,307129,1,12
307116,307127,307129,2,11
307116,307127,307129,2,11
307116,307129,307130,1,13
307116,307128,307129,1,12
307116,307128,307129,1,12
307116,307128,307129,1,12
307116,307116,307130,14,0
307116,307128,307129,1,12
307116,307127,307130,3,11
307116,307127,307130,3,11
307116,307128,307130,2,12
307116,307129,307130,1,13
307116,307129,307130,1,13
307116,307129,307130,1,13
307116,307129,307130,1,13
307116,307129,307130,1,13
307116,307129,307130,1,13
307116,307116,307131,15,0
307116,307129,307130,1,13
307116,307116,307132,16,0
307116,307116,307132,16,0
307116,307127,307132,5,11
307141,307141,307142,1,0
307141,307141,307142,1,0
307141,307141,307142,1,0
307141,307141,307142,1,0
307141,307141,307142,1,0
307141,307141,307144,3,0
307141,307141,307147,6,0
307141,307142,307147,5,1
307141,307141,307148,7,0
307141,307141,307148,7,0
307141,307142,307147,5,1
307141,307141,307147,6,0
307141,307141,307148,7,0
307141,307145,307148,3,4
307141,307143,307148,5,2
307141,307141,307148,7,0
307141,307143,307148,5,2
307141,307141,307149,8,0
307141,307141,307150,9,0
307141,307141,307149,8,0
307141,307147,307150,3,6
307141,307148,307150,2,7
307141,307141,307150,9,0
307141,307141,307151,10,0
307141,307141,307151,10,0
307141,307143,307151,8,2
307141,307149,307151,2,8
307141,307147,307151,4,6
307141,307149,307151,2,8
307141,307149,307151,2,8
307141,307148,307151,3,7
307141,307148,307151,3,7
307141,307149,307151,2,8
307141,307148,307151,3,7
307141,307141,307151,10,0
307141,307141,307152,11,0
307141,307148,307152,4,7
307141,307148,307152,4,7
307141,307150,307152,2,9
307141,307150,307152,2,9
307141,307141,307152,11,0
307141,307151,307152,1,10
307141,307151,307153,2,10
307141,307151,307153,2,10
307141,307151,307153,2,10
307141,307151,307153,2,10
307141,307151,307152,1,10
307141,307151,307152,1,10
307141,307151,307153,2,10
307141,307151,307153,2,10
307141,307151,307153,2,10
307141,307150,307153,3,9
307141,307152,307153,1,11
307141,307153,307154,1,12
307141,307151,307153,2,10
307141,307141,307154,13,0
307141,307150,307154,4,9
307141,307152,307154,2,11
307141,307154,307155,1,13
307141,307154,307155,1,13
307141,307152,307154,2,11
307141,307154,307155,1,13
307141,307154,307155,1,13
307141,307153,307154,1,12
307141,307154,307155,1,13
307141,307152,307154,2,11
307141,307152,307155,3,11
307141,307153,307154,1,12
307141,307141,307155,14,0
307141,307153,307155,2,12
307141,307153,307155,2,12
307141,307153,307155,2,12
307141,307153,307155,2,12
307141,307154,307155,1,13
307141,307154,307155,1,13
307141,307154,307155,1,13
307141,307154,307156,2,13
307141,307141,307156,15,0
307165,307165,307166,1,0
307165,307165,307166,1,0
307165,307165,307166,1,0
307165,307165,307166,1,0
307165,307165,307167,2,0
307165,307165,307169,4,0
307165,307165,307170,5,0
307165,307165,307171,6,0
307165,307165,307170,5,0
307165,307165,307171,6,0
307165,307165,307171,6,0
307165,307165,307172,7,0
307165,307165,307173,8,0
307165,307167,307173,6,2
307165,307169,307172,3,4
307165,307165,307173,8,0
307165,307166,307173,7,1
307165,307166,307172,6,1
307165,307165,307174,9,0
307165,307165,307173,8,0
307165,307171,307174,3,6
307165,307165,307174,9,0
307165,307165,307174,9,0
307165,307171,307175,4,6
307165,307173,307174,1,8
307165,307173,307175,2,8
307165,307171,307175,4,6
307165,307172,307175,3,7
307165,307173,307175,2,8
307165,307173,307175,2,8
307165,307171,307175,4,6
307165,307165,307175,10,0
307165,307167,307176,9,2
307165,307165,307175,10,0
307165,307167,307176,9,2
307165,307172,307176,4,7
307165,307173,307176,3,8
307165,307173,307176,3,8
307165,307175,307176,1,10
307165,307175,307176,1,10
307165,307175,307176,1,10
307165,307175,307177,2,10
307165,307176,307177,1,11
307165,307165,307177,12,0
307165,307174,307177,3,9
307165,307175,307176,1,10
307165,307174,307177,3,9
307165,307175,307177,2,10
307165,307176,307177,1,11
307165,307176,307177,1,11
307165,307175,307177,2,10
307165,307177,307178,1,12
307165,307177,307178,1,12
307165,307177,307178,1,12
307165,307165,307178,13,0
307165,307174,307177,3,9
307165,307165,307178,13,0
307165,307176,307178,2,11
307165,307176,307178,2,11
307165,307176,307178,2,11
307165,307176,307178,2,11
307165,307178,307179,1,13
307165,307177,307178,1,12
307165,307177,307178,1,12
307165,307178,307179,1,13
307165,307178,307179,1,13
307165,307178,307179,1,13
307165,307178,307179,1,13
307165,307177,307179,2,12
307165,307177,307179,2,12
307165,307175,307179,4,10
307165,307177,307179,2,12
307165,307178,307179,1,13
307165,307178,307179,1,13
307165,307178,307179,1,13
307165,307165,307181,16,0
307190,307190,307191,1,0
307190,307190,307191,1,0
307190,307190,307191,1,0
307190,307190,307192,2,0
307190,307190,307192,2,0
307190,307190,307195,5,0
307190,307190,307196,6,0
307190,307190,307196,6,0
307190,307190,307196,6,0
307190,307190,307196,6,0
307190,307190,307196,6,0
307190,307191,307197,6,1
307190,307190,307197,7,0
307190,307190,307196,6,0
307190,307192,307197,5,2
307190,307190,307198,8,0
307190,307191,307198,7,1
307190,307190,307198,8,0
307190,307196,307198,2,6
307190,307197,307199,2,7
307190,307197,307199,2,7
307190,307197,307199,2,7
307190,307190,307200,10,0
307190,307196,307200,4,6
307190,307197,307200,3,7
307190,307195,307200,5,5
307190,307197,307199,2,7
307190,307190,307200,10,0
307190,307190,307201,11,0
307190,307190,307201,11,0
307190,307196,307201,5,6
307190,307198,307201,3,8
307190,307198,307201,3,8
307190,307199,307201,2,9
307190,307199,307201,2,9
307190,307200,307202,2,10
307190,307198,307201,3,8
307190,307199,307201,2,9
307190,307192,307202,10,2
307190,307198,307202,4,8
307190,307200,307202,2,10
307190,307202,307203,1,12
307190,307202,307203,1,12
307190,307202,307203,1,12
307190,307201,307202,1,11
307190,307202,307203,1,12
307190,307201,307203,2,11
307190,307192,307203,11,2
307190,307190,307203,13,0
307190,307200,307202,2,10
307190,307202,307203,1,12
307190,307202,307203,1,12
307190,307202,307203,1,12
307190,307202,307203,1,12
307190,307202,307203,1,12
307190,307203,307204,1,13
307190,307190,307204,14,0
307190,307190,307203,13,0
307190,307201,307203,2,11
307190,307201,307203,2,11
307190,307202,307203,1,12
307190,307203,307204,1,13
307190,307203,307204,1,13
307190,307203,307204,1,13
307190,307204,307205,1,14
307190,307203,307204,1,13
307190,307203,307204,1,13
307190,307204,307205,1,14
307190,307204,307205,1,14
307190,307203,307204,1,13
307190,307203,307205,2,13
307190,307203,307205,2,13
307190,307203,307205,2,13
307190,307203,307205,2,13
307190,307204,307205,1,14
307190,307196,307206,10,6
307190,307190,307206,16,0
307190,307190,307207,17,0
307216,307216,307217,1,0
307216,307216,307217,1,0
307216,307216,307217,1,0
307216,307216,307218,2,0
307216,307216,307217,1,0
307216,307216,307222,6,0
307216,307216,307222,6,0
307216,307216,307223,7,0
307216,307216,307222,6,0
307216,307216,307223,7,0
307216,307216,307223,7,0
307216,307216,307223,7,0
307216,307218,307224,6,2
307216,307216,307224,8,0
307216,307218,307224,6,2
307216,307216,307225,9,0
307216,307216,307225,9,0
307216,307216,307226,10,0
307216,307218,307225,7,2
307216,307222,307226,4,6
307216,307216,307226,10,0
307216,307218,307226,8,2
307216,307216,307226,10,0
307216,307216,307226,10,0
307216,307223,307226,3,7
307216,307223,307226,3,7
307216,307223,307226,3,7
307216,307216,307226,10,0
307216,307216,307227,11,0
307216,307222,307227,5,6
307216,307223,307227,4,7
307216,307224,307227,3,8
307216,307216,307226,10,0
307216,307226,307227,1,10
307216,307218,307228,10,2
307216,307216,307228,12,0
307216,307227,307228,1,11
307216,307226,307228,2,10
307216,307226,307228,2,10
307216,307227,307228,1,11
307216,307224,307228,4,8
307216,307226,307228,2,10
307216,307227,307228,1,11
307216,307227,307229,2,11
307216,307225,307229,4,9
307216,307227,307229,2,11
307216,307226,307229,3,10
307216,307226,307228,2,10
307216,307227,307228,1,11
307216,307228,307229,1,12
307216,307227,307229,2,11
307216,307228,307229,1,12
307216,307228,307230,2,12
307216,307224,307230,6,8
307216,307226,307230,4,10
307216,307228,307229,1,12
307216,307225,307230,5,9
307216,307226,307230,4,10
307216,307228,307230,2,12
307216,307229,307230,1,13
307216,307230,307231,1,14
307216,307224,307230,6,8
307216,307229,307230,1,13
307216,307229,307230,1,13
307216,307230,307231,1,14
307216,307229,307231,2,13
307216,307229,307231,2,13
307216,307226,307231,5,10
307216,307229,307231,2,13
307216,307230,307231,1,14
307216,307230,307231,1,14
307216,307216,307231,15,0
307216,307226,307232,6,10
307216,307230,307232,2,14
307216,307230,307232,2,14
307242,307242,307243,1,0
307242,307242,307243,1,0
307242,307242,307243,1,0
307242,307242,307243,1,0
307242,307242,307243,1,0
307242,307244,307247,3,2
307242,307242,307248,6,0
307242,307243,307248,5,1
307242,307242,307248,6,0
307242,307242,307248,6,0
307242,307243,307248,5,1
307242,307242,307248,6,0
307242,307242,307248,6,0
307242,307242,307249,7,0
307242,307242,307249,7,0
307242,307244,307250,6,2
307242,307242,307250,8,0
307242,307242,307250,8,0
307242,307242,307250,8,0
307242,307249,307251,2,7
307242,307242,307251,9,0
307242,307242,307252,10,0
307242,307244,307251,7,2
307242,307242,307251,9,0
307242,307242,307251,9,0
307242,307249,307251,2,7
307242,307248,307251,3,6
307242,307249,307252,3,7
307242,307249,307252,3,7
307242,307242,307252,10,0
307242,307249,307252,3,7
307242,307252,307253,1,10
307242,307251,307253,2,9
307242,307252,307253,1,10
307242,307252,307253,1,10
307242,307242,307253,11,0
307242,307242,307253,11,0
307242,307249,307253,4,7
307242,307250,307253,3,8
307242,307252,307253,1,10
307242,307253,307254,1,11
307242,307250,307254,4,8
307242,307251,307254,3,9
307242,307252,307253,1,10
307242,307249,307254,5,7
307242,307251,307255,4,9
307242,307253,307254,1,11
307242,307253,307255,2,11
307242,307254,307255,1,12
307242,307254,307255,1,12
307242,307254,307255,1,12
307242,307254,307255,1,12
307242,307253,307255,2,11
307242,307253,307255,2,11
307242,307253,307255,2,11
307242,307254,307255,1,12
307242,307251,307255,4,9
307242,307254,307255,1,12
307242,307242,307255,13,0
307242,307252,307256,4,10
307242,307250,307256,6,8
307242,307252,307255,3,10
307242,307254,307255,1,12
307242,307254,307255,1,12
307242,307254,307255,1,12
307242,307254,307256,2,12
307242,307255,307256,1,13
307242,307255,307256,1,13
307242,307255,307256,1,13
307242,307242,307256,14,0
307242,307255,307256,1,13
307242,307252,307256,4,10
307242,307255,307256,1,13
307242,307255,307256,1,13
307242,307255,307256,1,13
307242,307255,307257,2,13
307242,307255,307256,1,13
307242,307255,307256,1,13
307242,307250,307257,7,8
307267,307267,307268,1,0
307267,307267,307268,1,0
307267,307267,307268,1,0
307267,307267,307268,1,0
307267,307267,307268,1,0
307267,307267,307271,4,0
307267,307267,307271,4,0
307267,307268,307271,3,1
307267,307268,307271,3,1
307267,307269,307271,2,2
307267,307267,307273,6,0
307267,307267,307272,5,0
307267,307269,307273,4,2
307267,307267,307273,6,0
307267,307267,307273,6,0
307267,307271,307273,2,4
307267,307272,307274,2,5
307267,307271,307274,3,4
307267,307267,307274,7,0
307267,307269,307275,6,2
307267,307267,307276,9,0
307267,307272,307275,3,5
307267,307267,307276,9,0
307267,307267,307276,9,0
307267,307267,307276,9,0
307267,307267,307276,9,0
307267,307267,307277,10,0
307267,307267,307277,10,0
307267,307274,307277,3,7
307267,307276,307277,1,9
307267,307272,307277,5,5
307267,307267,307277,10,0
307267,307276,307277,1,9
307267,307267,307277,10,0
307267,307273,307278,5,6
307267,307276,307278,2,9
307267,307273,307278,5,6
307267,307275,307278,3,8
307267,307277,307278,1,10
307267,307277,307278,1,10
307267,307273,307277,4,6
307267,307275,307278,3,8
307267,307276,307277,1,9
307267,307277,307279,2,10
307267,307274,307278,4,7
307267,307277,307279,2,10
307267,307277,307279,2,10
307267,307278,307279,1,11
307267,307267,307279,12,0
307267,307278,307280,2,11
307267,307276,307279,3,9
307267,307275,307280,5,8
307267,307278,307280,2,11
307267,307278,307280,2,11
307267,307278,307280,2,11
307267,307278,307280,2,11
307267,307278,307279,1,11
307267,307278,307280,2,11
307267,307278,307279,1,11
307267,307278,307280,2,11
307267,307278,307279,1,11
307267,307278,307280,2,11
307267,307278,307280,2,11
307267,307279,307280,1,12
307267,307276,307280,4,9
307267,307279,307280,1,12
307267,307279,307280,1,12
307267,307279,307281,2,12
307267,307280,307281,1,13
307267,307280,307281,1,13
307267,307279,307280,1,12
307267,307280,307281,1,13
307267,307280,307282,2,13
307267,307280,307282,2,13
307267,307267,307283,16,0
307267,307273,307282,9,6
307267,307280,307283,3,13
307267,307280,307283,3,13
307267,307267,307283,16,0
307293,307293,307294,1,0
307293,307293,307294,1,0
307293,307293,307295,2,0
307293,307293,307294,1,0
307293,307293,307294,1,0
307293,307294,307298,4,1
307293,307293,307299,6,0
307293,307293,307299,6,0
307293,307295,307299,4,2
307293,307293,307299,6,0
307293,307293,307299,6,0
307293,307295,307299,4,2
307293,307293,307300,7,0
307293,307293,307300,7,0
307293,307293,307300,7,0
307293,307293,307300,7,0
307293,307295,307301,6,2
307293,307293,307301,8,0
307293,307293,307301,8,0
307293,307295,307301,6,2
307293,307298,307301,3,5
307293,307293,307303,10,0
307293,307299,307303,4,6
307293,307300,307303,3,7
307293,307302,307303,1,9
307293,307293,307304,11,0
307293,307293,307304,11,0
307293,307293,307304,11,0
307293,307302,307304,2,9
307293,307302,307304,2,9
307293,307304,307305,1,11
307293,307300,307304,4,7
307293,307301,307305,4,8
307293,307293,307304,11,0
307293,307299,307304,5,6
307293,307300,307304,4,7
307293,307301,307305,4,8
307293,307293,307305,12,0
307293,307293,307305,12,0
307293,307299,307305,6,6
307293,307300,307305,5,7
307293,307304,307305,1,11
307293,307304,307305,1,11
307293,307299,307306,7,6
307293,307303,307306,3,10
307293,307300,307306,6,7
307293,307302,307306,4,9
307293,307305,307306,1,12
307293,307305,307306,1,12
307293,307305,307306,1,12
307293,307305,307306,1,12
307293,307305,307306,1,12
307293,307305,307306,1,12
307293,307305,307306,1,12
307293,307306,307307,1,13
307293,307305,307306,1,12
307293,307305,307306,1,12
307293,307306,307307,1,13
307293,307293,307307,14,0
307293,307305,307307,2,12
307293,307305,307307,2,12
307293,307306,307307,1,13
307293,307306,307307,1,13
307293,307307,307308,1,14
307293,307307,307308,1,14
307293,307307,307308,1,14
307293,307307,307308,1,14
307293,307306,307308,2,13
307293,307306,307308,2,13
307293,307307,307308,1,14
307293,307307,307308,1,14
307293,307306,307308,2,13
307293,307307,307308,1,14
307293,307307,307308,1,14
307293,307307,307308,1,14
307293,307307,307308,1,14
307293,307307,307308,1,14
307293,307307,307308,1,14
307293,307293,307312,19,0
307321,307321,307322,1,0
307321,307321,307322,1,0
307321,307321,307322,1,0
307321,307321,307323,2,0
307321,307321,307323,2,0
307321,307323,307326,3,2
307321,307321,307327,6,0
307321,307323,307327,4,2
307321,307321,307327,6,0
307321,307322,307327,5,1
307321,307323,307328,5,2
307321,307321,307328,7,0
307321,307321,307328,7,0
307321,307321,307327,6,0
307321,307321,307328,7,0
307321,307321,307328,7,0
307321,307321,307328,7,0
307321,307321,307329,8,0
307321,307323,307329,6,2
307321,307326,307329,3,5
307321,307321,307330,9,0
307321,307321,307330,9,0
307321,307327,307330,3,6
307321,307321,307331,10,0
307321,307321,307331,10,0
307321,307321,307331,10,0
307321,307321,307331,10,0
307321,307327,307331,4,6
307321,307327,307331,4,6
307321,307328,307331,3,7
307321,307329,307331,2,8
307321,307327,307331,4,6
307321,307329,307331,2,8
307321,307330,307331,1,9
307321,307321,307331,10,0
307321,307321,307332,11,0
307321,307331,307333,2,10
307321,307331,307332,1,10
307321,307331,307332,1,10
307321,307328,307332,4,7
307321,307328,307333,5,7
307321,307329,307332,3,8
307321,307332,307333,1,11
307321,307332,307333,1,11
307321,307329,307333,4,8
307321,307331,307333,2,10
307321,307329,307333,4,8
307321,307332,307333,1,11
307321,307332,307333,1,11
307321,307321,307333,12,0
307321,307332,307333,1,11
307321,307332,307333,1,11
307321,307332,307333,1,11
307321,307332,307333,1,11
307321,307332,307333,1,11
307321,307333,307334,1,12
307321,307333,307334,1,12
307321,307332,307334,2,11
307321,307333,307334,1,12
307321,307333,307334,1,12
307321,307334,307335,1,13
307321,307333,307334,1,12
307321,307333,307334,1,12
307321,307333,307334,1,12
307321,307334,307335,1,13
307321,307334,307335,1,13
307321,307328,307335,7,7
307321,307333,307335,2,12
307321,307333,307335,2,12
307321,307333,307335,2,12
307321,307334,307335,1,13
307321,307334,307335,1,13
307321,307334,307335,1,13
307321,307334,307335,1,13
307321,307334,307335,1,13
307321,307334,307335,1,13
307321,307334,307335,1,13
307321,307334,307335,1,13
307321,307321,307344,23,0
307353,307353,307354,1,0
307353,307353,307354,1,0
307353,307353,307354,1,0
307353,307353,307354,1,0
307353,307353,307356,3,0
307353,307355,307358,3,2
307353,307353,307360,7,0
307353,307353,307360,7,0
307353,307353,307359,6,0
307353,307355,307359,4,2
307353,307353,307360,7,0
307353,307353,307360,7,0
307353,307355,307359,4,2
307353,307356,307360,4,3
307353,307355,307361,6,2
307353,307353,307361,8,0
307353,307353,307360,7,0
307353,307353,307361,8,0
307353,307358,307362,4,5
307353,307360,307362,2,7
307353,307353,307363,10,0
307353,307353,307362,9,0
307353,307360,307363,3,7
307353,307360,307363,3,7
307353,307361,307363,2,8
307353,307353,307363,10,0
307353,307353,307363,10,0
307353,307360,307363,3,7
307353,307360,307363,3,7
307353,307361,307363,2,8
307353,307360,307363,3,7
307353,307360,307362,2,7
307353,307361,307363,2,8
307353,307353,307364,11,0
307353,307353,307364,11,0
307353,307363,307364,1,10
307353,307362,307364,2,9
307353,307353,307365,12,0
307353,307353,307365,12,0
307353,307362,307364,2,9
307353,307362,307365,3,9
307353,307363,307365,2,10
307353,307363,307365,2,10
307353,307363,307365,2,10
307353,307363,307365,2,10
307353,307363,307365,2,10
307353,307363,307364,1,10
307353,307353,307365,12,0
307353,307363,307364,1,10
307353,307363,307365,2,10
307353,307364,307365,1,11
307353,307363,307365,2,10
307353,307363,307365,2,10
307353,307364,307365,1,11
307353,307361,307366,5,8
307353,307364,307366,2,11
307353,307363,307365,2,10
307353,307364,307366,2,11
307353,307365,307366,1,12
307353,307365,307366,1,12
307353,307366,307367,1,13
307353,307366,307367,1,13
307353,307365,307366,1,12
307353,307366,307367,1,13
307353,307366,307367,1,13
307353,307366,307367,1,13
307353,307365,307367,2,12
307353,307365,307367,2,12
307353,307365,307367,2,12
307353,307365,307367,2,12
307353,307365,307367,2,12
307353,307366,307367,1,13
307353,307366,307367,1,13
307353,307366,307368,2,13
307353,307365,307368,3,12
307353,307365,307368,3,12
307353,307353,307369,16,0
307353,307353,307371,18,0
307380,307380,307381,1,0
307380,307380,307381,1,0
307380,307380,307381,1,0
307380,307380,307381,1,0
307380,307380,307382,2,0
307380,307382,307383,1,2
307380,307380,307384,4,0
307380,307382,307385,3,2
307380,307380,307385,5,0
307380,307381,307385,4,1
307380,307380,307387,7,0
307380,307380,307386,6,0
307380,307380,307386,6,0
307380,307384,307386,2,4
307380,307385,307387,2,5
307380,307380,307387,7,0
307380,307382,307387,5,2
307380,307380,307388,8,0
307380,307380,307389,9,0
307380,307382,307388,6,2
307380,307380,307388,8,0
307380,307380,307389,9,0
307380,307380,307389,9,0
307380,307386,307388,2,6
307380,307387,307388,1,7
307380,307387,307388,1,7
307380,307380,307389,9,0
307380,307388,307390,2,8
307380,307386,307390,4,6
307380,307386,307389,3,6
307380,307388,307390,2,8
307380,307388,307389,1,8
307380,307387,307390,3,7
307380,307387,307390,3,7
307380,307380,307389,9,0
307380,307387,307389,2,7
307380,307389,307390,1,9
307380,307380,307391,11,0
307380,307389,307391,2,9
307380,307389,307391,2,9
307380,307389,307390,1,9
307380,307389,307390,1,9
307380,307390,307391,1,10
307380,307390,307391,1,10
307380,307389,307392,3,9
307380,307389,307391,2,9
307380,307390,307392,2,10
307380,307390,307392,2,10
307380,307380,307392,12,0
307380,307390,307392,2,10
307380,307390,307392,2,10
307380,307390,307392,2,10
307380,307389,307392,3,9
307380,307390,307392,2,10
307380,307390,307392,2,10
307380,307391,307392,1,11
307380,307390,307392,2,10
307380,307391,307392,1,11
307380,307391,307392,1,11
307380,307391,307392,1,11
307380,307380,307393,13,0
307380,307390,307392,2,10
307380,307391,307392,1,11
307380,307391,307392,1,11
307380,307392,307393,1,12
307380,307391,307393,2,11
307380,307392,307393,1,12
307380,307392,307394,2,12
307380,307392,307394,2,12
307380,307380,307394,14,0
307380,307392,307394,2,12
307380,307392,307393,1,12
307380,307392,307394,2,12
307380,307392,307393,1,12
307380,307392,307393,1,12
307380,307392,307393,1,12
307380,307392,307394,2,12
307380,307380,307397,17,0
307380,307380,307398,18,0
307406,307406,307408,2,0
307406,307406,307407,1,0
307406,307406,307407,1,0
307406,307406,307408,2,0
307406,307406,307408,2,0
307406,307406,307410,4,0
307406,307408,307410,2,2
307406,307406,307410,4,0
307406,307406,307411,5,0
307406,307408,307411,3,2
307406,307406,307410,4,0
307406,307408,307411,3,2
307406,307406,307411,5,0
307406,307406,307412,6,0
307406,307408,307412,4,2
307406,307408,307412,4,2
307406,307406,307412,6,0
307406,307406,307413,7,0
307406,307406,307413,7,0
307406,307411,307413,2,5
307406,307406,307414,8,0
307406,307406,307414,8,0
307406,307412,307414,2,6
307406,307412,307414,2,6
307406,307411,307414,3,5
307406,307411,307414,3,5
307406,307411,307414,3,5
307406,307406,307414,8,0
307406,307411,307415,4,5
307406,307411,307414,3,5
307406,307410,307415,5,4
307406,307410,307414,4,4
307406,307406,307415,9,0
307406,307412,307415,3,6
307406,307406,307415,9,0
307406,307415,307416,1,9
307406,307414,307415,1,8
307406,307415,307416,1,9
307406,307414,307415,1,8
307406,307414,307416,2,8
307406,307406,307416,10,0
307406,307415,307416,1,9
307406,307415,307416,1,9
307406,307415,307416,1,9
307406,307416,307417,1,10
307406,307415,307416,1,9
307406,307415,307416,1,9
307406,307416,307417,1,10
307406,307416,307417,1,10
307406,307415,307416,1,9
307406,307415,307416,1,9
307406,307416,307417,1,10
307406,307415,307417,2,9
307406,307416,307417,1,10
307406,307416,307417,1,10
307406,307406,307417,11,0
307406,307415,307417,2,9
307406,307415,307417,2,9
307406,307415,307417,2,9
307406,307416,307417,1,10
307406,307417,307418,1,11
307406,307417,307418,1,11
307406,307416,307417,1,10
307406,307417,307418,1,11
307406,307406,307418,12,0
307406,307417,307418,1,11
307406,307417,307418,1,11
307406,307417,307418,1,11
307406,307417,307418,1,11
307406,307417,307418,1,11
307406,307417,307418,1,11
307406,307417,307418,1,11
307406,307417,307418,1,11
307406,307417,307418,1,11
307406,307406,307419,13,0
307406,307418,307419,1,12
307406,307406,307424,18,0
307432,307432,307433,1,0
307432,307432,307434,2,0
307432,307432,307434,2,0
307432,307432,307434,2,0
307432,307432,307434,2,0
307432,307432,307435,3,0
307432,307432,307435,3,0
307432,307432,307436,4,0
307432,307435,307436,1,3
307432,307432,307437,5,0
307432,307435,307437,2,3
307432,307435,307437,2,3
307432,307432,307438,6,0
307432,307432,307438,6,0
307432,307432,307438,6,0
307432,307432,307438,6,0
307432,307432,307439,7,0
307432,307435,307439,4,3
307432,307432,307439,7,0
307432,307432,307439,7,0
307432,307432,307439,7,0
307432,307437,307439,2,5
307432,307437,307439,2,5
307432,307432,307439,7,0
307432,307435,307440,5,3
307432,307432,307440,8,0
307432,307436,307440,4,4
307432,307438,307440,2,6
307432,307438,307440,2,6
307432,307436,307440,4,4
307432,307438,307441,3,6
307432,307439,307440,1,7
307432,307439,307440,1,7
307432,307432,307441,9,0
307432,307432,307441,9,0
307432,307440,307441,1,8
307432,307432,307441,9,0
307432,307440,307441,1,8
307432,307439,307441,2,7
307432,307439,307441,2,7
307432,307440,307442,2,8
307432,307440,307441,1,8
307432,307440,307442,2,8
307432,307440,307442,2,8
307432,307440,307442,2,8
307432,307441,307442,1,9
307432,307441,307442,1,9
307432,307441,307442,1,9
307432,307442,307443,1,10
307432,307440,307442,2,8
307432,307441,307442,1,9
307432,307441,307442,1,9
307432,307441,307442,1,9
307432,307441,307442,1,9
307432,307442,307443,1,10
307432,307442,307443,1,10
307432,307442,307443,1,10
307432,307441,307444,3,9
307432,307442,307443,1,10
307432,307442,307443,1,10
307432,307442,307443,1,10
307432,307442,307443,1,10
307432,307442,307443,1,10
307432,307441,307443,2,9
307432,307442,307443,1,10
307432,307442,307443,1,10
307432,307443,307444,1,11
307432,307443,307444,1,11
307432,307443,307444,1,11
307432,307443,307444,1,11
307432,307443,307444,1,11
307432,307443,307444,1,11
307432,307443,307444,1,11
307432,307443,307444,1,11
307432,307443,307444,1,11
307432,307443,307444,1,11
307432,307443,307444,1,11
307432,307432,307445,13,0
307432,307432,307448,16,0
307457,307457,307458,1,0
307457,307457,307458,1,0
307457,307457,307458,1,0
307457,307457,307458,1,0
307457,307457,307458,1,0
307457,307457,307460,3,0
307457,307457,307460,3,0
307457,307457,307461,4,0
307457,307457,307460,3,0
307457,307457,307460,3,0
307457,307457,307461,4,0
307457,307457,307461,4,0
307457,307457,307461,4,0
307457,307459,307462,3,2
307457,307457,307462,5,0
307457,307457,307461,4,0
307457,307457,307461,4,0
307457,307457,307462,5,0
307457,307457,307462,5,0
307457,307457,307463,6,0
307457,307457,307463,6,0
307457,307459,307463,4,2
307457,307462,307463,1,5
307457,307457,307463,6,0
307457,307457,307463,6,0
307457,307459,307463,4,2
307457,307462,307463,1,5
307457,307462,307464,2,5
307457,307461,307464,3,4
307457,307457,307464,7,0
307457,307463,307464,1,6
307457,307463,307465,2,6
307457,307460,307464,4,3
307457,307462,307465,3,5
307457,307462,307465,3,5
307457,307463,307465,2,6
307457,307461,307465,4,4
307457,307461,307465,4,4
307457,307463,307465,2,6
307457,307463,307465,2,6
307457,307459,307465,6,2
307457,307463,307466,3,6
307457,307464,307466,2,7
307457,307465,307466,1,8
307457,307465,307466,1,8
307457,307461,307465,4,4
307457,307459,307467,8,2
307457,307462,307467,5,5
307457,307464,307467,3,7
307457,307464,307467,3,7
307457,307465,307466,1,8
307457,307465,307467,2,8
307457,307465,307467,2,8
307457,307466,307467,1,9
307457,307464,307466,2,7
307457,307465,307466,1,8
307457,307464,307467,3,7
307457,307465,307467,2,8
307457,307465,307467,2,8
307457,307462,307468,6,5
307457,307465,307467,2,8
307457,307465,307467,2,8
307457,307465,307468,3,8
307457,307464,307467,3,7
307457,307466,307468,2,9
307457,307466,307467,1,9
307457,307466,307468,2,9
307457,307466,307467,1,9
307457,307466,307467,1,9
307457,307467,307468,1,10
307457,307467,307468,1,10
307457,307467,307468,1,10
307457,307467,307468,1,10
307457,307467,307469,2,10
307457,307467,307468,1,10
307457,307457,307469,12,0
307457,307467,307469,2,10
307457,307467,307468,1,10
307457,307467,307469,2,10
307479,307479,307480,1,0
307479,307479,307480,1,0
307479,307479,307480,1,0
307479,307479,307480,1,0
307479,307479,307480,1,0
307479,307479,307482,3,0
307479,307479,307481,2,0
307479,307479,307482,3,0
307479,307479,307482,3,0
307479,307479,307482,3,0
307479,307479,307483,4,0
307479,307479,307482,3,0
307479,307479,307483,4,0
307479,307479,307484,5,0
307479,307479,307483,4,0
307479,307481,307484,3,2
307479,307479,307484,5,0
307479,307481,307483,2,2
307479,307481,307483,2,2
307479,307479,307485,6,0
307479,307479,307485,6,0
307479,307479,307484,5,0
307479,307484,307485,1,5
307479,307479,307484,5,0
307479,307479,307485,6,0
307479,307481,307485,4,2
307479,307484,307486,2,5
307479,307483,307486,3,4
307479,307483,307486,3,4
307479,307484,307485,1,5
307479,307482,307485,3,3
307479,307483,307486,3,4
307479,307484,307486,2,5
307479,307483,307486,3,4
307479,307484,307486,2,5
307479,307481,307487,6,2
307479,307484,307487,3,5
307479,307479,307486,7,0
307479,307482,307487,5,3
307479,307479,307488,9,0
307479,307483,307487,4,4
307479,307485,307488,3,6
307479,307483,307488,5,4
307479,307485,307487,2,6
307479,307486,307488,2,7
307479,307486,307488,2,7
307479,307486,307488,2,7
307479,307485,307488,3,6
307479,307486,307488,2,7
307479,307486,307488,2,7
307479,307486,307488,2,7
307479,307485,307487,2,6
307479,307486,307488,2,7
307479,307486,307488,2,7
307479,307486,307489,3,7
307479,307486,307489,3,7
307479,307487,307489,2,8
307479,307488,307489,1,9
307479,307488,307489,1,9
307479,307487,307489,2,8
307479,307488,307489,1,9
307479,307488,307489,1,9
307479,307488,307489,1,9
307479,307488,307489,1,9
307479,307479,307490,11,0
307479,307486,307490,4,7
307479,307487,307489,2,8
307479,307487,307489,2,8
307479,307488,307490,2,9
307479,307488,307490,2,9
307479,307488,307490,2,9
307479,307485,307489,4,6
307479,307488,307490,2,9
307479,307488,307490,2,9
307479,307488,307489,1,9
307479,307488,307490,2,9
307479,307488,307490,2,9
307479,307489,307491,2,10
307500,307500,307501,1,0
307500,307500,307501,1,0
307500,307500,307501,1,0
307500,307500,307502,2,0
307500,307500,307501,1,0
307500,307500,307502,2,0
307500,307500,307501,1,0
307500,307500,307502,2,0
307500,307501,307503,2,1
307500,307500,307503,3,0
307500,307501,307503,2,1
307500,307500,307504,4,0
307500,307502,307504,2,2
307500,307502,307503,1,2
307500,307500,307503,3,0
307500,307500,307504,4,0
307500,307500,307505,5,0
307500,307502,307504,2,2
307500,307500,307506,6,0
307500,307500,307505,5,0
307500,307500,307506,6,0
307500,307503,307506,3,3
307500,307504,307506,2,4
307500,307500,307506,6,0
307500,307500,307506,6,0
307500,307500,307506,6,0
307500,307500,307507,7,0
307500,307504,307507,3,4
307500,307500,307507,7,0
307500,307503,307507,4,3
307500,307504,307507,3,4
307500,307502,307507,5,2
307500,307502,307508,6,2
307500,307505,307508,3,5
307500,307505,307507,2,5
307500,307506,307508,2,6
307500,307500,307507,7,0
307500,307502,307508,6,2
307500,307503,307508,5,3
307500,307504,307507,3,4
307500,307505,307507,2,5
307500,307506,307508,2,6
307500,307506,307508,2,6
307500,307506,307508,2,6
307500,307500,307509,9,0
307500,307507,307509,2,7
307500,307507,307509,2,7
307500,307507,307509,2,7
307500,307507,307509,2,7
307500,307507,307509,2,7
307500,307506,307508,2,6
307500,307507,307509,2,7
307500,307508,307509,1,8
307500,307508,307509,1,8
307500,307508,307509,1,8
307500,307507,307510,3,7
307500,307508,307510,2,8
307500,307508,307510,2,8
307500,307508,307510,2,8
307500,307507,307510,3,7
307500,307508,307510,2,8
307500,307507,307510,3,7
307500,307508,307510,2,8
307500,307508,307510,2,8
307500,307509,307510,1,9
307500,307510,307511,1,10
307500,307500,307511,11,0
307500,307508,307511,3,8
307500,307508,307511,3,8
307500,307509,307511,2,9
307500,307508,307511,3,8
307500,307509,307511,2,9
307500,307509,307511,2,9
307500,307510,307511,1,10
307500,307510,307511,1,10
307500,307510,307511,1,10
307500,307510,307511,1,10
307500,307510,307511,1,10
307521,307521,307522,1,0
307521,307521,307522,1,0
307521,307521,307522,1,0
307521,307521,307524,3,0
307521,307521,307524,3,0
307521,307521,307526,5,0
307521,307521,307525,4,0
307521,307521,307526,5,0
307521,307523,307525,2,2
307521,307521,307526,5,0
307521,307523,307527,4,2
307521,307521,307527,6,0
307521,307522,307527,5,1
307521,307521,307528,7,0
307521,307521,307528,7,0
307521,307524,307528,4,3
307521,307521,307527,6,0
307521,307521,307527,6,0
307521,307521,307529,8,0
307521,307521,307529,8,0
307521,307521,307529,8,0
307521,307521,307529,8,0
307521,307525,307529,4,4
307521,307521,307528,7,0
307521,307526,307529,3,5
307521,307521,307530,9,0
307521,307521,307530,9,0
307521,307526,307530,4,5
307521,307526,307530,4,5
307521,307527,307530,3,6
307521,307526,307530,4,5
307521,307527,307530,3,6
307521,307528,307530,2,7
307521,307521,307531,10,0
307521,307521,307530,9,0
307521,307529,307531,2,8
307521,307529,307531,2,8
307521,307527,307531,4,6
307521,307528,307532,4,7
307521,307529,307532,3,8
307521,307528,307532,4,7
307521,307528,307532,4,7
307521,307529,307532,3,8
307521,307529,307532,3,8
307521,307528,307532,4,7
307521,307531,307532,1,10
307521,307529,307532,3,8
307521,307530,307533,3,9
307521,307530,307533,3,9
307521,307530,307533,3,9
307521,307530,307533,3,9
307521,307529,307533,4,8
307521,307531,307534,3,10
307521,307532,307534,2,11
307521,307532,307534,2,11
307521,307521,307534,13,0
307521,307530,307534,4,9
307521,307531,307534,3,10
307521,307532,307534,2,11
307521,307531,307534,3,10
307521,307532,307534,2,11
307521,307530,307534,4,9
307521,307533,307534,1,12
307521,307533,307534,1,12
307521,307531,307534,3,10
307521,307533,307534,1,12
307521,307534,307535,1,13
307521,307533,307534,1,12
307521,307534,307535,1,13
307521,307534,307535,1,13
307521,307534,307535,1,13
307521,307526,307535,9,5
307521,307530,307535,5,9
307521,307531,307535,4,10
307521,307534,307535,1,13
307521,307534,307535,1,13
307521,307535,307536,1,14
307545,307545,307546,1,0
307545,307545,307546,1,0
307545,307545,307547,2,0
307545,307545,307548,3,0
307545,307546,307549,3,1
307545,307545,307550,5,0
307545,307546,307550,4,1
307545,307545,307550,5,0
307545,307545,307550,5,0
307545,307545,307550,5,0
307545,307545,307551,6,0
307545,307545,307551,6,0
307545,307545,307551,6,0
307545,307547,307551,4,2
307545,307545,307551,6,0
307545,307545,307552,7,0
307545,307545,307552,7,0
307545,307545,307552,7,0
307545,307545,307553,8,0
307545,307545,307553,8,0
307545,307545,307553,8,0
307545,307551,307553,2,6
307545,307551,307553,2,6
307545,307551,307553,2,6
307545,307545,307554,9,0
307545,307552,307554,2,7
307545,307550,307555,5,5
307545,307550,307554,4,5
307545,307552,307554,2,7
307545,307553,307554,1,8
307545,307545,307555,10,0
307545,307545,307555,10,0
307545,307545,307555,10,0
307545,307545,307556,11,0
307545,307551,307555,4,6
307545,307552,307555,3,7
307545,307552,307555,3,7
307545,307552,307555,3,7
307545,307553,307555,2,8
307545,307545,307556,11,0
307545,307548,307557,9,3
307545,307554,307556,2,9
307545,307554,307556,2,9
307545,307556,307557,1,11
307545,307554,307556,2,9
307545,307555,307557,2,10
307545,307554,307556,2,9
307545,307555,307556,1,10
307545,307554,307557,3,9
307545,307555,307558,3,10
307545,307554,307557,3,9
307545,307556,307557,1,11
307545,307556,307557,1,11
307545,307556,307557,1,11
307545,307556,307557,1,11
307545,307555,307557,2,10
307545,307555,307557,2,10
307545,307557,307558,1,12
307545,307557,307558,1,12
307545,307552,307558,6,7
307545,307556,307558,2,11
307545,307556,307558,2,11
307545,307557,307558,1,12
307545,307557,307558,1,12
307545,307557,307558,1,12
307545,307555,307558,3,10
307545,307557,307558,1,12
307545,307557,307558,1,12
307545,307558,307559,1,13
307545,307557,307558,1,12
307545,307557,307558,1,12
307545,307558,307559,1,13
307545,307558,307559,1,13
307545,307556,307559,3,11
307545,307556,307559,3,11
307545,307558,307559,1,13
307545,307558,307559,1,13
307545,307558,307559,1,13
307545,307558,307559,1,13
307569,307569,307570,1,0
307569,307569,307570,1,0
307569,307569,307570,1,0
307569,307569,307570,1,0
307569,307569,307573,4,0
307569,307569,307574,5,0
307569,307569,307573,4,0
307569,307569,307574,5,0
307569,307569,307574,5,0
307569,307569,307573,4,0
307569,307571,307574,3,2
307569,307569,307573,4,0
307569,307569,307574,5,0
307569,307569,307575,6,0
307569,307569,307575,6,0
307569,307569,307575,6,0
307569,307569,307575,6,0
307569,307571,307575,4,2
307569,307569,307576,7,0
307569,307569,307576,7,0
307569,307571,307575,4,2
307569,307575,307576,1,6
307569,307569,307577,8,0
307569,307569,307577,8,0
307569,307571,307577,6,2
307569,307574,307577,3,5
307569,307574,307577,3,5
307569,307574,307577,3,5
307569,307575,307577,2,6
307569,307573,307577,4,4
307569,307575,307577,2,6
307569,307575,307577,2,6
307569,307574,307577,3,5
307569,307574,307577,3,5
307569,307575,307577,2,6
307569,307569,307578,9,0
307569,307569,307578,9,0
307569,307576,307578,2,7
307569,307576,307578,2,7
307569,307569,307579,10,0
307569,307576,307579,3,7
307569,307577,307580,3,8
307569,307578,307580,2,9
307569,307577,307579,2,8
307569,307578,307580,2,9
307569,307577,307579,2,8
307569,307578,307579,1,9
307569,307578,307580,2,9
307569,307578,307580,2,9
307569,307569,307580,11,0
307569,307574,307580,6,5
307569,307578,307580,2,9
307569,307578,307580,2,9
307569,307577,307580,3,8
307569,307578,307580,2,9
307569,307580,307581,1,11
307569,307580,307581,1,11
307569,307578,307580,2,9
307569,307579,307580,1,10
307569,307580,307581,1,11
307569,307580,307581,1,11
307569,307577,307581,4,8
307569,307577,307581,4,8
307569,307574,307580,6,5
307569,307579,307581,2,10
307569,307579,307581,2,10
307569,307574,307581,7,5
307569,307578,307581,3,9
307569,307580,307581,1,11
307569,307581,307582,1,12
307569,307580,307581,1,11
307569,307580,307581,1,11
307569,307580,307581,1,11
307569,307580,307582,2,11
307569,307581,307582,1,12
307569,307581,307582,1,12
307569,307581,307582,1,12
307569,307581,307582,1,12
307569,307577,307584,7,8
307593,307593,307594,1,0
307593,307593,307594,1,0
307593,307593,307594,1,0
307593,307593,307594,1,0
307593,307593,307597,4,0
307593,307594,307597,3,1
307593,307593,307597,4,0
307593,307594,307597,3,1
307593,307593,307596,3,0
307593,307594,307597,3,1
307593,307593,307597,4,0
307593,307593,307598,5,0
307593,307593,307598,5,0
307593,307593,307599,6,0
307593,307593,307599,6,0
307593,307593,307599,6,0
307593,307593,307599,6,0
307593,307593,307599,6,0
307593,307593,307599,6,0
307593,307595,307600,5,2
307593,307593,307600,7,0
307593,307597,307600,3,4
307593,307597,307600,3,4
307593,307593,307600,7,0
307593,307597,307600,3,4
307593,307597,307599,2,4
307593,307593,307601,8,0
307593,307599,307601,2,6
307593,307599,307601,2,6
307593,307599,307601,2,6
307593,307593,307602,9,0
307593,307593,307602,9,0
307593,307597,307602,5,4
307593,307599,307602,3,6
307593,307600,307602,2,7
307593,307600,307602,2,7
307593,307600,307602,2,7
307593,307600,307602,2,7
307593,307600,307602,2,7
307593,307598,307602,4,5
307593,307600,307602,2,7
307593,307593,307603,10,0
307593,307600,307603,3,7
307593,307597,307603,6,4
307593,307601,307603,2,8
307593,307603,307604,1,10
307593,307593,307604,11,0
307593,307601,307604,3,8
307593,307598,307604,6,5
307593,307600,307604,4,7
307593,307603,307604,1,10
307593,307603,307604,1,10
307593,307603,307604,1,10
307593,307603,307604,1,10
307593,307602,307604,2,9
307593,307602,307604,2,9
307593,307603,307604,1,10
307593,307603,307604,1,10
307593,307599,307605,6,6
307593,307603,307604,1,10
307593,307602,307605,3,9
307593,307602,307605,3,9
307593,307602,307605,3,9
307593,307603,307605,2,10
307593,307604,307605,1,11
307593,307604,307605,1,11
307593,307604,307605,1,11
307593,307604,307605,1,11
307593,307605,307606,1,12
307593,307605,307606,1,12
307593,307605,307606,1,12
307593,307604,307606,2,11
307593,307604,307606,2,11
307593,307605,307606,1,12
307593,307593,307606,13,0
307593,307599,307606,7,6
307593,307605,307606,1,12
307593,307605,307606,1,12
307616,307616,307617,1,0
307616,307616,307617,1,0
307616,307616,307617,1,0
307616,307616,307618,2,0
307616,307616,307617,1,0
307616,307617,307619,2,1
307616,307618,307620,2,2
307616,307616,307620,4,0
307616,307616,307620,4,0
307616,307616,307621,5,0
307616,307616,307620,4,0
307616,307616,307621,5,0
307616,307616,307620,4,0
307616,307618,307621,3,2
307616,307616,307622,6,0
307616,307616,307621,5,0
307616,307616,307622,6,0
307616,307616,307622,6,0
307616,307616,307622,6,0
307616,307616,307622,6,0
307616,307618,307622,4,2
307616,307616,307623,7,0
307616,307621,307623,2,5
307616,307622,307624,2,6
307616,307620,307624,4,4
307616,307622,307624,2,6
307616,307619,307623,4,3
307616,307620,307624,4,4
307616,307620,307624,4,4
307616,307621,307624,3,5
307616,307621,307624,3,5
307616,307622,307623,1,6
307616,307616,307625,9,0
307616,307622,307625,3,6
307616,307616,307625,9,0
307616,307622,307624,2,6
307616,307623,307625,2,7
307616,307621,307624,3,5
307616,307623,307625,2,7
307616,307623,307625,2,7
307616,307623,307625,2,7
307616,307616,307626,10,0
307616,307624,307626,2,8
307616,307625,307626,1,9
307616,307624,307626,2,8
307616,307625,307626,1,9
307616,307624,307626,2,8
307616,307625,307626,1,9
307616,307625,307627,2,9
307616,307625,307627,2,9
307616,307616,307627,11,0
307616,307624,307627,3,8
307616,307625,307627,2,9
307616,307626,307627,1,10
307616,307625,307627,2,9
307616,307627,307628,1,11
307616,307624,307627,3,8
307616,307624,307627,3,8
307616,307626,307627,1,10
307616,307627,307628,1,11
307616,307625,307627,2,9
307616,307626,307627,1,10
307616,307618,307628,10,2
307616,307626,307628,2,10
307616,307616,307628,12,0
307616,307625,307628,3,9
307616,307627,307628,1,11
307616,307628,307629,1,12
307616,307627,307628,1,11
307616,307627,307628,1,11
307616,307627,307629,2,11
307616,307627,307629,2,11
307616,307627,307629,2,11
307616,307628,307629,1,12
307616,307628,307629,1,12
307616,307628,307629,1,12
307616,307616,307631,15,0
307616,307621,307632,11,5
307641,307641,307642,1,0
307641,307641,307642,1,0
307641,307641,307642,1,0
307641,307641,307642,1,0
307641,307641,307642,1,0
307641,307641,307645,4,0
307641,307641,307645,4,0
307641,307641,307646,5,0
307641,307641,307645,4,0
307641,307642,307646,4,1
307641,307643,307645,2,2
307641,307643,307645,2,2
307641,307641,307647,6,0
307641,307641,307646,5,0
307641,307643,307646,3,2
307641,307641,307646,5,0
307641,307643,307646,3,2
307641,307641,307647,6,0
307641,307641,307647,6,0
307641,307641,307648,7,0
307641,307641,307648,7,0
307641,307641,307647,6,0
307641,307647,307648,1,6
307641,307641,307647,6,0
307641,307646,307647,1,5
307641,307641,307648,7,0
307641,307646,307649,3,5
307641,307646,307649,3,5
307641,307646,307649,3,5
307641,307647,307648,1,6
307641,307647,307648,1,6
307641,307647,307649,2,6
307641,307645,307648,3,4
307641,307647,307649,2,6
307641,307647,307649,2,6
307641,307641,307650,9,0
307641,307648,307649,1,7
307641,307646,307650,4,5
307641,307648,307650,2,7
307641,307647,307649,2,6
307641,307645,307650,5,4
307641,307648,307651,3,7
307641,307641,307651,10,0
307641,307648,307651,3,7
307641,307649,307651,2,8
307641,307649,307651,2,8
307641,307649,307651,2,8
307641,307649,307651,2,8
307641,307649,307651,2,8
307641,307648,307650,2,7
307641,307649,307651,2,8
307641,307649,307651,2,8
307641,307650,307651,1,9
307641,307648,307650,2,7
307641,307649,307651,2,8
307641,307649,307651,2,8
307641,307650,307651,1,9
307641,307641,307651,10,0
307641,307650,307652,2,9
307641,307650,307651,1,9
307641,307649,307652,3,8
307641,307650,307652,2,9
307641,307651,307652,1,10
307641,307651,307652,1,10
307641,307651,307652,1,10
307641,307651,307652,1,10
307641,307651,307652,1,10
307641,307641,307653,12,0
307641,307651,307653,2,10
307641,307651,307653,2,10
307641,307651,307653,2,10
307641,307651,307653,2,10
307641,307651,307653,2,10
307641,307651,307653,2,10
307641,307651,307653,2,10
307641,307651,307653,2,10
307641,307651,307653,2,10
307641,307651,307653,2,10
307641,307641,307658,17,0
307667,307667,307668,1,0
307667,307667,307668,1,0
307667,307667,307668,1,0
307667,307667,307668,1,0
307667,307667,307669,2,0
307667,307667,307672,5,0
307667,307667,307671,4,0
307667,307667,307672,5,0
307667,307667,307672,5,0
307667,307667,307673,6,0
307667,307667,307673,6,0
307667,307667,307672,5,0
307667,307669,307673,4,2
307667,307667,307674,7,0
307667,307667,307673,6,0
307667,307669,307673,4,2
307667,307667,307674,7,0
307667,307669,307674,5,2
307667,307669,307673,4,2
307667,307669,307674,5,2
307667,307667,307675,8,0
307667,307672,307675,3,5
307667,307674,307675,1,7
307667,307674,307675,1,7
307667,307667,307674,7,0
307667,307674,307675,1,7
307667,307672,307676,4,5
307667,307667,307676,9,0
307667,307667,307677,10,0
307667,307667,307676,9,0
307667,307674,307677,3,7
307667,307672,307676,4,5
307667,307673,307677,4,6
307667,307673,307677,4,6
307667,307673,307677,4,6
307667,307673,307677,4,6
307667,307667,307678,11,0
307667,307674,307677,3,7
307667,307667,307678,11,0
307667,307673,307678,5,6
307667,307675,307677,2,8
307667,307675,307678,3,8
307667,307675,307678,3,8
307667,307675,307678,3,8
307667,307675,307678,3,8
307667,307676,307678,2,9
307667,307667,307678,11,0
307667,307675,307679,4,8
307667,307667,307679,12,0
307667,307675,307679,4,8
307667,307677,307679,2,10
307667,307677,307679,2,10
307667,307677,307679,2,10
307667,307677,307679,2,10
307667,307678,307679,1,11
307667,307678,307679,1,11
307667,307678,307679,1,11
307667,307677,307679,2,10
307667,307678,307679,1,11
307667,307678,307679,1,11
307667,307678,307679,1,11
307667,307677,307679,2,10
307667,307678,307679,1,11
307667,307677,307679,2,10
307667,307678,307679,1,11
307667,307678,307680,2,11
307667,307678,307680,2,11
307667,307679,307680,1,12
307667,307679,307680,1,12
307667,307679,307680,1,12
307667,307679,307680,1,12
307667,307674,307681,7,7
307667,307677,307680,3,10
307667,307679,307681,2,12
307667,307679,307680,1,12
307667,307677,307681,4,10
307667,307679,307680,1,12
307667,307679,307681,2,12
307667,307679,307681,2,12
307690,307690,307691,1,0
307690,307690,307692,2,0
307690,307690,307692,2,0
307690,307690,307692,2,0
307690,307690,307694,4,0
307690,307690,307694,4,0
307690,307690,307694,4,0
307690,307690,307695,5,0
307690,307690,307695,5,0
307690,307690,307696,6,0
307690,307692,307696,4,2
307690,307690,307696,6,0
307690,307691,307696,5,1
307690,307693,307696,3,3
307690,307690,307697,7,0
307690,307691,307697,6,1
307690,307693,307697,4,3
307690,307691,307697,6,1
307690,307691,307698,7,1
307690,307690,307698,8,0
307690,307691,307698,7,1
307690,307691,307699,8,1
307690,307697,307699,2,7
307690,307697,307699,2,7
307690,307698,307700,2,8
307690,307695,307699,4,5
307690,307697,307699,2,7
307690,307695,307699,4,5
307690,307697,307700,3,7
307690,307690,307700,10,0
307690,307690,307700,10,0
307690,307698,307700,2,8
307690,307698,307700,2,8
307690,307696,307700,4,6
307690,307697,307700,3,7
307690,307696,307700,4,6
307690,307690,307701,11,0
307690,307691,307701,10,1
307690,307698,307701,3,8
307690,307693,307701,8,3
307690,307695,307701,6,5
307690,307700,307702,2,10
307690,307700,307702,2,10
307690,307700,307701,1,10
307690,307700,307702,2,10
307690,307699,307702,3,9
307690,307700,307702,2,10
307690,307701,307703,2,11
307690,307701,307703,2,11
307690,307702,307703,1,12
307690,307700,307703,3,10
307690,307700,307702,2,10
307690,307701,307702,1,11
307690,307702,307703,1,12
307690,307701,307703,2,11
307690,307701,307702,1,11
307690,307702,307703,1,12
307690,307702,307703,1,12
307690,307702,307703,1,12
307690,307702,307703,1,12
307690,307699,307703,4,9
307690,307702,307703,1,12
307690,307690,307704,14,0
307690,307699,307703,4,9
307690,307702,307703,1,12
307690,307702,307703,1,12
307690,307703,307704,1,13
307690,307703,307704,1,13
307690,307703,307704,1,13
307690,307703,307704,1,13
307690,307703,307704,1,13
307690,307703,307704,1,13
307690,307700,307705,5,10
307690,307703,307704,1,13
307690,307703,307704,1,13
307690,307703,307704,1,13
307690,307703,307704,1,13
307690,307701,307705,4,11
307690,307701,307706,5,11
307716,307716,307717,1,0
307716,307716,307717,1,0
307716,307716,307718,2,0
307716,307716,307717,1,0
307716,307716,307719,3,0
307716,307716,307720,4,0
307716,307716,307720,4,0
307716,307716,307719,3,0
307716,307716,307721,5,0
307716,307716,307720,4,0
307716,307716,307722,6,0
307716,307717,307721,4,1
307716,307716,307722,6,0
307716,307718,307721,3,2
307716,307716,307723,7,0
307716,307717,307722,5,1
307716,307719,307723,4,3
307716,307716,307723,7,0
307716,307716,307724,8,0
307716,307716,307724,8,0
307716,307716,307724,8,0
307716,307716,307723,7,0
307716,307716,307724,8,0
307716,307716,307725,9,0
307716,307720,307725,5,4
307716,307721,307725,4,5
307716,307722,307725,3,6
307716,307723,307725,2,7
307716,307716,307726,10,0
307716,307716,307726,10,0
307716,307716,307726,10,0
307716,307720,307726,6,4
307716,307722,307726,4,6
307716,307724,307726,2,8
307716,307716,307727,11,0
307716,307724,307727,3,8
307716,307718,307727,9,2
307716,307723,307727,4,7
307716,307724,307727,3,8
307716,307724,307727,3,8
307716,307721,307726,5,5
307716,307722,307727,5,6
307716,307725,307727,2,9
307716,307726,307727,1,10
307716,307726,307727,1,10
307716,307726,307728,2,10
307716,307726,307728,2,10
307716,307724,307728,4,8
307716,307728,307729,1,12
307716,307727,307728,1,11
307716,307728,307729,1,12
307716,307726,307728,2,10
307716,307727,307728,1,11
307716,307728,307729,1,12
307716,307728,307729,1,12
307716,307723,307729,6,7
307716,307724,307728,4,8
307716,307726,307729,3,10
307716,307720,307729,9,4
307716,307725,307729,4,9
307716,307724,307729,5,8
307716,307726,307729,3,10
307716,307728,307729,1,12
307716,307728,307729,1,12
307716,307729,307730,1,13
307716,307728,307729,1,12
307716,307729,307730,1,13
307716,307729,307730,1,13
307716,307729,307730,1,13
307716,307727,307730,3,11
307716,307728,307730,2,12
307716,307729,307730,1,13
307716,307727,307730,3,11
307716,307727,307730,3,11
307716,307729,307730,1,13
307716,307729,307730,1,13
307716,307729,307730,1,13
307716,307729,307730,1,13
307740,307740,307741,1,0
307740,307740,307742,2,0
307740,307740,307741,1,0
307740,307740,307742,2,0
307740,307740,307745,5,0
307740,307740,307745,5,0
307740,307740,307745,5,0
307740,307740,307746,6,0
307740,307740,307746,6,0
307740,307742,307746,4,2
307740,307740,307746,6,0
307740,307740,307746,6,0
307740,307740,307747,7,0
307740,307740,307747,7,0
307740,307741,307747,6,1
307740,307740,307748,8,0
307740,307740,307748,8,0
307740,307740,307748,8,0
307740,307740,307748,8,0
307740,307742,307748,6,2
307740,307740,307749,9,0
307740,307740,307749,9,0
307740,307740,307749,9,0
307740,307740,307749,9,0
307740,307746,307749,3,6
307740,307745,307749,4,5
307740,307740,307750,10,0
307740,307740,307750,10,0
307740,307742,307750,8,2
307740,307745,307750,5,5
307740,307748,307750,2,8
307740,307746,307750,4,6
307740,307746,307751,5,6
307740,307740,307751,11,0
307740,307749,307751,2,9
307740,307749,307751,2,9
307740,307745,307751,6,5
307740,307747,307751,4,7
307740,307750,307752,2,10
307740,307748,307751,3,8
307740,307748,307751,3,8
307740,307748,307751,3,8
307740,307748,307751,3,8
307740,307750,307751,1,10
307740,307749,307752,3,9
307740,307749,307752,3,9
307740,307751,307752,1,11
307740,307751,307752,1,11
307740,307746,307752,6,6
307740,307752,307753,1,12
307740,307751,307752,1,11
307740,307751,307752,1,11
307740,307751,307752,1,11
307740,307751,307752,1,11
307740,307752,307753,1,12
307740,307749,307753,4,9
307740,307752,307753,1,12
307740,307752,307753,1,12
307740,307752,307753,1,12
307740,307752,307753,1,12
307740,307752,307753,1,12
307740,307752,307753,1,12
307740,307753,307754,1,13
307740,307753,307754,1,13
307740,307747,307753,6,7
307740,307752,307753,1,12
307740,307752,307753,1,12
307740,307752,307753,1,12
307740,307753,307754,1,13
307740,307753,307754,1,13
307740,307753,307754,1,13
307740,307753,307754,1,13
307740,307753,307754,1,13
307740,307753,307754,1,13
307740,307753,307754,1,13
307740,307753,307754,1,13
307740,307753,307754,1,13
307740,307746,307755,9,6
307740,307751,307755,4,11
307764,307764,307765,1,0
307764,307764,307765,1,0
307764,307764,307765,1,0
307764,307764,307766,2,0
307764,307764,307768,4,0
307764,307764,307768,4,0
307764,307764,307769,5,0
307764,307765,307769,4,1
307764,307764,307769,5,0
307764,307765,307769,4,1
307764,307764,307770,6,0
307764,307766,307769,3,2
307764,307764,307769,5,0
307764,307766,307770,4,2
307764,307768,307771,3,4
307764,307764,307771,7,0
307764,307764,307771,7,0
307764,307764,307771,7,0
307764,307764,307771,7,0
307764,307764,307772,8,0
307764,307764,307772,8,0
307764,307764,307773,9,0
307764,307769,307773,4,5
307764,307764,307773,9,0
307764,307764,307773,9,0
307764,307769,307773,4,5
307764,307764,307774,10,0
307764,307764,307774,10,0
307764,307768,307774,6,4
307764,307770,307774,4,6
307764,307773,307774,1,9
307764,307769,307774,5,5
307764,307770,307774,4,6
307764,307771,307774,3,7
307764,307764,307774,10,0
307764,307771,307775,4,7
307764,307773,307774,1,9
307764,307774,307775,1,10
307764,307771,307775,4,7
307764,307775,307776,1,11
307764,307775,307776,1,11
307764,307775,307776,1,11
307764,307774,307775,1,10
307764,307775,307776,1,11
307764,307770,307776,6,6
307764,307773,307776,3,9
307764,307769,307776,7,5
307764,307772,307776,4,8
307764,307772,307776,4,8
307764,307774,307776,2,10
307764,307775,307776,1,11
307764,307775,307776,1,11
307764,307776,307777,1,12
307764,307775,307776,1,11
307764,307775,307776,1,11
307764,307775,307776,1,11
307764,307775,307776,1,11
307764,307776,307777,1,12
307764,307770,307777,7,6
307764,307776,307777,1,12
307764,307774,307777,3,10
307764,307776,307777,1,12
307764,307776,307777,1,12
307764,307777,307778,1,13
307764,307776,307777,1,12
307764,307776,307777,1,12
307764,307777,307778,1,13
307764,307777,307778,1,13
307764,307772,307779,7,8
307764,307777,307778,1,13
307764,307777,307778,1,13
307764,307777,307778,1,13
307764,307777,307778,1,13
307764,307777,307778,1,13
307764,307777,307778,1,13
307764,307777,307778,1,13
307764,307777,307778,1,13
307764,307764,307780,16,0
307764,307764,307780,16,0
307789,307789,307790,1,0
307789,307789,307791,2,0
307789,307789,307791,2,0
307789,307789,307791,2,0
307789,307789,307794,5,0
307789,307789,307794,5,0
307789,307789,307795,6,0
307789,307789,307794,5,0
307789,307789,307795,6,0
307789,307791,307795,4,2
307789,307791,307795,4,2
307789,307789,307795,6,0
307789,307791,307794,3,2
307789,307789,307795,6,0
307789,307790,307796,6,1
307789,307789,307796,7,0
307789,307789,307797,8,0
307789,307789,307796,7,0
307789,307789,307796,7,0
307789,307794,307796,2,5
307789,307789,307797,8,0
307789,307789,307798,9,0
307789,307789,307798,9,0
307789,307789,307798,9,0
307789,307794,307798,4,5
307789,307795,307799,4,6
307789,307795,307799,4,6
307789,307796,307799,3,7
307789,307798,307799,1,9
307789,307789,307800,11,0
307789,307797,307800,3,8
307789,307797,307800,3,8
307789,307789,307800,11,0
307789,307798,307800,2,9
307789,307795,307800,5,6
307789,307795,307800,5,6
307789,307795,307800,5,6
307789,307796,307800,4,7
307789,307796,307800,4,7
307789,307799,307800,1,10
307789,307799,307800,1,10
307789,307795,307802,7,6
307789,307798,307801,3,9
307789,307801,307802,1,12
307789,307801,307802,1,12
307789,307801,307802,1,12
307789,307800,307801,1,11
307789,307800,307801,1,11
307789,307800,307801,1,11
307789,307800,307801,1,11
307789,307795,307802,7,6
307789,307798,307802,4,9
307789,307800,307802,2,11
307789,307801,307802,1,12
307789,307801,307802,1,12
307789,307801,307802,1,12
307789,307801,307802,1,12
307789,307801,307802,1,12
307789,307802,307803,1,13
307789,307802,307803,1,13
307789,307801,307802,1,12
307789,307802,307803,1,13
307789,307802,307803,1,13
307789,307802,307803,1,13
307789,307797,307803,6,8
307789,307802,307803,1,13
307789,307802,307803,1,13
307789,307802,307803,1,13
307789,307802,307803,1,13
307789,307802,307803,1,13
307789,307800,307804,4,11
307789,307803,307804,1,14
307789,307789,307804,15,0
307789,307803,307804,1,14
307789,307803,307804,1,14
307789,307803,307804,1,14
307789,307789,307804,15,0
307789,307789,307809,20,0
307818,307818,307819,1,0
307818,307818,307819,1,0
307818,307818,307819,1,0
307818,307818,307820,2,0
307818,307819,307822,3,1
307818,307818,307824,6,0
307818,307818,307824,6,0
307818,307818,307824,6,0
307818,307818,307823,5,0
307818,307820,307824,4,2
307818,307818,307824,6,0
307818,307818,307825,7,0
307818,307818,307825,7,0
307818,307820,307825,5,2
307818,307818,307825,7,0
307818,307818,307826,8,0
307818,307818,307826,8,0
307818,307818,307826,8,0
307818,307824,307827,3,6
307818,307823,307827,4,5
307818,307818,307828,10,0
307818,307818,307828,10,0
307818,307818,307828,10,0
307818,307818,307828,10,0
307818,307824,307828,4,6
307818,307818,307829,11,0
307818,307818,307829,11,0
307818,307820,307829,9,2
307818,307824,307829,5,6
307818,307825,307829,4,7
307818,307824,307829,5,6
307818,307827,307829,2,9
307818,307824,307830,6,6
307818,307828,307829,1,10
307818,307824,307830,6,6
307818,307825,307829,4,7
307818,307827,307830,3,9
307818,307827,307829,2,9
307818,307825,307830,5,7
307818,307826,307830,4,8
307818,307828,307831,3,10
307818,307828,307831,3,10
307818,307829,307831,2,11
307818,307829,307831,2,11
307818,307830,307832,2,12
307818,307829,307832,3,11
307818,307830,307831,1,12
307818,307826,307831,5,8
307818,307828,307832,4,10
307818,307829,307832,3,11
307818,307830,307832,2,12
307818,307830,307832,2,12
307818,307818,307832,14,0
307818,307830,307832,2,12
307818,307831,307833,2,13
307818,307830,307832,2,12
307818,307831,307832,1,13
307818,307831,307832,1,13
307818,307831,307832,1,13
307818,307832,307833,1,14
307818,307832,307833,1,14
307818,307831,307833,2,13
307818,307832,307833,1,14
307818,307833,307834,1,15
307818,307833,307834,1,15
307818,307832,307833,1,14
307818,307832,307833,1,14
307818,307818,307834,16,0
307818,307825,307834,9,7
307818,307828,307833,5,10
307818,307832,307834,2,14
307818,307832,307834,2,14
307818,307833,307834,1,15
307818,307829,307834,5,11
307818,307829,307834,5,11
307818,307833,307834,1,15
307818,307833,307834,1,15
307818,307833,307834,1,15
307818,307818,307839,21,0
307848,307848,307849,1,0
307848,307848,307849,1,0
307848,307848,307850,2,0
307848,307848,307850,2,0
307848,307848,307853,5,0
307848,307849,307854,5,1
307848,307849,307854,5,1
307848,307850,307854,4,2
307848,307848,307855,7,0
307848,307848,307854,6,0
307848,307848,307855,7,0
307848,307848,307854,6,0
307848,307848,307856,8,0
307848,307848,307856,8,0
307848,307848,307857,9,0
307848,307850,307856,6,2
307848,307853,307857,4,5
307848,307848,307856,8,0
307848,307848,307858,10,0
307848,307854,307857,3,6
307848,307848,307858,10,0
307848,307854,307858,4,6
307848,307854,307858,4,6
307848,307848,307858,10,0
307848,307848,307858,10,0
307848,307857,307859,2,9
307848,307856,307859,3,8
307848,307857,307858,1,9
307848,307848,307859,11,0
307848,307857,307859,2,9
307848,307855,307859,4,7
307848,307848,307860,12,0
307848,307848,307860,12,0
307848,307848,307860,12,0
307848,307858,307860,2,10
307848,307858,307860,2,10
307848,307858,307860,2,10
307848,307855,307860,5,7
307848,307858,307860,2,10
307848,307848,307861,13,0
307848,307855,307861,6,7
307848,307860,307861,1,12
307848,307860,307861,1,12
307848,307848,307862,14,0
307848,307859,307862,3,11
307848,307860,307862,2,12
307848,307861,307862,1,13
307848,307861,307862,1,13
307848,307860,307862,2,12
307848,307861,307862,1,13
307848,307861,307862,1,13
307848,307861,307862,1,13
307848,307861,307863,2,13
307848,307848,307863,15,0
307848,307858,307862,4,10
307848,307860,307863,3,12
307848,307860,307862,2,12
307848,307855,307863,8,7
307848,307859,307863,4,11
307848,307861,307863,2,13
307848,307863,307864,1,15
307848,307863,307864,1,15
307848,307862,307863,1,14
307848,307863,307864,1,15
307848,307862,307863,1,14
307848,307862,307863,1,14
307848,307857,307864,7,9
307848,307859,307864,5,11
307848,307859,307864,5,11
307848,307863,307864,1,15
307848,307863,307864,1,15
307848,307863,307864,1,15
307848,307863,307864,1,15
307848,307863,307864,1,15
307848,307863,307864,1,15
307848,307863,307864,1,15
307848,307863,307865,2,15
307848,307863,307865,2,15
307848,307856,307865,9,8
307875,307875,307876,1,0
307875,307875,307876,1,0
307875,307875,307877,2,0
307875,307875,307877,2,0
307875,307875,307879,4,0
307875,307876,307879,3,1
307875,307875,307880,5,0
307875,307877,307880,3,2
307875,307877,307880,3,2
307875,307875,307880,5,0
307875,307875,307881,6,0
307875,307875,307882,7,0
307875,307875,307881,6,0
307875,307875,307882,7,0
307875,307879,307882,3,4
307875,307877,307882,5,2
307875,307875,307883,8,0
307875,307880,307882,2,5
307875,307875,307882,7,0
307875,307875,307884,9,0
307875,307875,307884,9,0
307875,307875,307884,9,0
307875,307880,307884,4,5
307875,307875,307885,10,0
307875,307875,307885,10,0
307875,307875,307885,10,0
307875,307880,307885,5,5
307875,307883,307885,2,8
307875,307883,307885,2,8
307875,307880,307885,5,5
307875,307882,307884,2,7
307875,307875,307886,11,0
307875,307884,307886,2,9
307875,307875,307886,11,0
307875,307882,307886,4,7
307875,307884,307886,2,9
307875,307884,307886,2,9
307875,307882,307886,4,7
307875,307883,307886,3,8
307875,307884,307887,3,9
307875,307882,307887,5,7
307875,307875,307888,13,0
307875,307886,307888,2,11
307875,307886,307888,2,11
307875,307886,307888,2,11
307875,307886,307888,2,11
307875,307886,307888,2,11
307875,307886,307888,2,11
307875,307887,307888,1,12
307875,307887,307888,1,12
307875,307886,307888,2,11
307875,307886,307888,2,11
307875,307887,307888,1,12
307875,307887,307888,1,12
307875,307882,307889,7,7
307875,307875,307889,14,0
307875,307886,307889,3,11
307875,307887,307889,2,12
307875,307886,307889,3,11
307875,307887,307889,2,12
307875,307889,307890,1,14
307875,307889,307890,1,14
307875,307889,307890,1,14
307875,307888,307889,1,13
307875,307889,307890,1,14
307875,307885,307890,5,10
307875,307888,307890,2,13
307875,307881,307890,9,6
307875,307889,307890,1,14
307875,307889,307890,1,14
307875,307889,307890,1,14
307875,307889,307890,1,14
307875,307889,307890,1,14
307875,307889,307890,1,14
307875,307889,307890,1,14
307875,307889,307890,1,14
307875,307890,307891,1,15
307875,307875,307891,16,0
307875,307881,307892,11,6
307901,307901,307902,1,0
307901,307901,307902,1,0
307901,307901,307903,2,0
307901,307901,307903,2,0
307901,307903,307905,2,2
307901,307902,307905,3,1
307901,307902,307906,4,1
307901,307904,307907,3,3
307901,307902,307907,5,1
307901,307903,307906,3,2
307901,307901,307907,6,0
307901,307902,307907,5,1
307901,307902,307907,5,1
307901,307904,307908,4,3
307901,307901,307908,7,0
307901,307906,307908,2,5
307901,307902,307909,7,1
307901,307902,307909,7,1
307901,307901,307909,8,0
307901,307902,307910,8,1
307901,307906,307910,4,5
307901,307907,307911,4,6
307901,307902,307911,9,1
307901,307901,307912,11,0
307901,307901,307911,10,0
307901,307902,307911,9,1
307901,307907,307911,4,6
307901,307907,307911,4,6
307901,307910,307912,2,9
307901,307909,307912,3,8
307901,307909,307911,2,8
307901,307910,307911,1,9
307901,307901,307912,11,0
307901,307911,307913,2,10
307901,307901,307913,12,0
307901,307907,307912,5,6
307901,307911,307912,1,10
307901,307902,307913,11,1
307901,307910,307913,3,9
307901,307901,307913,12,0
307901,307911,307913,2,10
307901,307912,307913,1,11
307901,307901,307913,12,0
307901,307912,307913,1,11
307901,307912,307913,1,11
307901,307908,307913,5,7
307901,307912,307913,1,11
307901,307912,307913,1,11
307901,307912,307913,1,11
307901,307912,307913,1,11
307901,307908,307914,6,7
307901,307908,307914,6,7
307901,307912,307914,2,11
307901,307913,307915,2,12
307901,307913,307915,2,12
307901,307913,307915,2,12
307901,307913,307914,1,12
307901,307913,307914,1,12
307901,307914,307915,1,13
307901,307914,307915,1,13
307901,307912,307915,3,11
307901,307914,307916,2,13
307901,307914,307915,1,13
307901,307914,307915,1,13
307901,307914,307915,1,13
307901,307914,307915,1,13
307901,307914,307915,1,13
307901,307914,307916,2,13
307901,307914,307915,1,13
307901,307914,307915,1,13
307901,307914,307915,1,13
307901,307912,307916,4,11
307901,307915,307916,1,14
307901,307914,307916,2,13
307901,307915,307916,1,14
307901,307915,307916,1,14
307901,307915,307916,1,14
307901,307915,307916,1,14
307901,307908,307917,9,7
307927,307927,307928,1,0
307927,307927,307928,1,0
307927,307927,307928,1,0
307927,307927,307929,2,0
307927,307927,307929,2,0
307927,307928,307929,1,1
307927,307927,307930,3,0
307927,307928,307929,1,1
307927,307927,307930,3,0
307927,307927,307930,3,0
307927,307927,307931,4,0
307927,307928,307931,3,1
307927,307927,307932,5,0
307927,307927,307932,5,0
307927,307927,307933,6,0
307927,307927,307933,6,0
307927,307927,307933,6,0
307927,307927,307933,6,0
307927,307930,307935,5,3
307927,307927,307936,9,0
307927,307927,307935,8,0
307927,307930,307935,5,3
307927,307931,307935,4,4
307927,307932,307935,3,5
307927,307932,307935,3,5
307927,307933,307936,3,6
307927,307931,307936,5,4
307927,307933,307936,3,6
307927,307927,307937,10,0
307927,307931,307937,6,4
307927,307929,307937,8,2
307927,307933,307937,4,6
307927,307927,307937,10,0
307927,307927,307938,11,0
307927,307930,307938,8,3
307927,307933,307938,5,6
307927,307929,307937,8,2
307927,307927,307938,11,0
307927,307936,307938,2,9
307927,307936,307938,2,9
307927,307936,307938,2,9
307927,307936,307938,2,9
307927,307936,307937,1,9
307927,307935,307937,2,8
307927,307936,307938,2,9
307927,307936,307938,2,9
307927,307929,307939,10,2
307927,307937,307939,2,10
307927,307936,307939,3,9
307927,307937,307939,2,10
307927,307937,307939,2,10
307927,307938,307939,1,11
307927,307939,307940,1,12
307927,307938,307939,1,11
307927,307927,307940,13,0
307927,307927,307940,13,0
307927,307938,307940,2,11
307927,307938,307940,2,11
307927,307936,307940,4,9
307927,307938,307940,2,11
307927,307939,307940,1,12
307927,307939,307940,1,12
307927,307939,307940,1,12
307927,307939,307940,1,12
307927,307939,307940,1,12
307927,307939,307940,1,12
307927,307940,307941,1,13
307927,307940,307941,1,13
307927,307940,307941,1,13
307927,307927,307941,14,0
307927,307938,307940,2,11
307927,307939,307941,2,12
307927,307939,307941,2,12
307927,307940,307941,1,13
307927,307940,307941,1,13
307927,307940,307941,1,13
307927,307940,307941,1,13
307950,307951,307952,1,1
307950,307951,307952,1,1
307950,307951,307952,1,1
307950,307951,307952,1,1
307950,307951,307954,3,1
307950,307951,307954,3,1
307950,307951,307954,3,1
307950,307951,307956,5,1
307950,307952,307955,3,2
307950,307951,307957,6,1
307950,307951,307956,5,1
307950,307953,307956,3,3
307950,307951,307956,5,1
307950,307953,307957,4,3
307950,307951,307956,5,1
307950,307951,307957,6,1
307950,307951,307957,6,1
307950,307951,307957,6,1
307950,307951,307957,6,1
307950,307953,307957,4,3
307950,307951,307957,6,1
307950,307951,307957,6,1
307950,307951,307958,7,1
307950,307955,307958,3,5
307950,307957,307959,2,7
307950,307951,307959,8,1
307950,307957,307959,2,7
307950,307955,307960,5,5
307950,307957,307959,2,7
307950,307957,307959,2,7
307950,307956,307960,4,6
307950,307951,307960,9,1
307950,307958,307960,2,8
307950,307959,307960,1,9
307950,307958,307961,3,8
307950,307958,307961,3,8
307950,307957,307960,3,7
307950,307958,307960,2,8
307950,307959,307960,1,9
307950,307958,307960,2,8
307950,307958,307962,4,8
307950,307956,307961,5,6
307950,307960,307962,2,10
307950,307961,307962,1,11
307950,307961,307962,1,11
307950,307959,307961,2,9
307950,307960,307961,1,10
307950,307961,307962,1,11
307950,307960,307962,2,10
307950,307960,307961,1,10
307950,307960,307962,2,10
307950,307961,307962,1,11
307950,307958,307962,4,8
307950,307951,307962,11,1
307950,307955,307963,8,5
307950,307961,307963,2,11
307950,307961,307962,1,11
307950,307962,307963,1,12
307950,307951,307962,11,1
307950,307962,307963,1,12
307950,307962,307963,1,12
307950,307961,307963,2,11
307950,307961,307963,2,11
307950,307962,307963,1,12
307950,307962,307964,2,12
307950,307962,307964,2,12
307950,307962,307964,2,12
307950,307962,307964,2,12
307950,307962,307964,2,12
307950,307962,307963,1,12
307950,307962,307963,1,12
307950,307962,307963,1,12
307950,307951,307964,13,1
307950,307957,307964,7,7
307950,307961,307964,3,11
307950,307963,307964,1,13
307950,307963,307964,1,13
307950,307963,307964,1,13
307950,307960,307965,5,10
307975,307975,307976,1,0
307975,307975,307976,1,0
307975,307975,307976,1,0
307975,307975,307976,1,0
307975,307975,307979,4,0
307975,307975,307979,4,0
307975,307975,307979,4,0
307975,307975,307979,4,0
307975,307975,307980,5,0
307975,307976,307980,4,1
307975,307975,307980,5,0
307975,307975,307980,5,0
307975,307977,307980,3,2
307975,307975,307981,6,0
307975,307977,307982,5,2
307975,307975,307982,7,0
307975,307975,307981,6,0
307975,307980,307982,2,5
307975,307975,307983,8,0
307975,307977,307982,5,2
307975,307980,307982,2,5
307975,307975,307983,8,0
307975,307975,307982,7,0
307975,307980,307982,2,5
307975,307975,307983,8,0
307975,307981,307983,2,6
307975,307981,307983,2,6
307975,307982,307983,1,7
307975,307980,307983,3,5
307975,307980,307983,3,5
307975,307980,307983,3,5
307975,307975,307984,9,0
307975,307982,307985,3,7
307975,307982,307985,3,7
307975,307981,307985,4,6
307975,307983,307985,2,8
307975,307983,307984,1,8
307975,307983,307984,1,8
307975,307983,307985,2,8
307975,307983,307985,2,8
307975,307983,307985,2,8
307975,307982,307985,3,7
307975,307982,307985,3,7
307975,307975,307985,10,0
307975,307984,307985,1,9
307975,307984,307986,2,9
307975,307984,307986,2,9
307975,307984,307986,2,9
307975,307984,307986,2,9
307975,307985,307986,1,10
307975,307975,307986,11,0
307975,307984,307986,2,9
307975,307975,307986,11,0
307975,307985,307986,1,10
307975,307985,307986,1,10
307975,307986,307987,1,11
307975,307984,307986,2,9
307975,307985,307986,1,10
307975,307985,307986,1,10
307975,307975,307988,13,0
307975,307975,307988,13,0
307975,307985,307988,3,10
307975,307986,307987,1,11
307975,307985,307988,3,10
307975,307985,307987,2,10
307975,307985,307987,2,10
307975,307986,307987,1,11
307975,307986,307988,2,11
307975,307986,307987,1,11
307975,307987,307988,1,12
307975,307986,307987,1,11
307975,307986,307987,1,11
307975,307987,307988,1,12
307975,307986,307988,2,11
307975,307986,307988,2,11
307975,307986,307987,1,11
307975,307987,307989,2,12
307975,307987,307988,1,12
307975,307987,307988,1,12
307998,307998,307999,1,0
307998,307998,307999,1,0
307998,307998,307999,1,0
307998,307998,308000,2,0
307998,307998,308002,4,0
307998,307998,308003,5,0
307998,307998,308003,5,0
307998,307998,308003,5,0
307998,308000,308003,3,2
307998,308000,308003,3,2
307998,307998,308004,6,0
307998,307998,308005,7,0
307998,307998,308004,6,0
307998,307998,308005,7,0
307998,307998,308005,7,0
307998,308000,308005,5,2
307998,307998,308005,7,0
307998,307999,308006,7,1
307998,308005,308007,2,7
307998,308003,308007,4,5
307998,307998,308007,9,0
307998,307999,308007,8,1
307998,308001,308007,6,3
307998,308004,308007,3,6
307998,308004,308007,3,6
307998,308004,308007,3,6
307998,308005,308007,2,7
307998,308006,308008,2,8
307998,307998,308008,10,0
307998,307998,308008,10,0
307998,308004,308008,4,6
307998,308006,308008,2,8
307998,308006,308008,2,8
307998,307998,308008,10,0
307998,308007,308008,1,9
307998,308004,308008,4,6
307998,308007,308008,1,9
307998,307998,308009,11,0
307998,308008,308009,1,10
307998,308007,308009,2,9
307998,308008,308009,1,10
307998,308008,308009,1,10
307998,308008,308010,2,10
307998,308008,308009,1,10
307998,308008,308010,2,10
307998,308005,308010,5,7
307998,308008,308010,2,10
307998,308009,308011,2,11
307998,308009,308011,2,11
307998,308009,308010,1,11
307998,308009,308011,2,11
307998,308010,308011,1,12
307998,308010,308011,1,12
307998,308009,308011,2,11
307998,308009,308011,2,11
307998,307998,308012,14,0
307998,308006,308011,5,8
307998,308008,308012,4,10
307998,308009,308011,2,11
307998,308010,308011,1,12
307998,308009,308011,2,11
307998,308010,308012,2,12
307998,308009,308011,2,11
307998,308010,308012,2,12
307998,308010,308011,1,12
307998,308010,308011,1,12
307998,308011,308012,1,13
307998,308011,308012,1,13
307998,308011,308012,1,13
307998,308011,308012,1,13
307998,308011,308013,2,13
307998,308011,308012,1,13
307998,308011,308013,2,13
307998,308011,308012,1,13
307998,308011,308013,2,13
307998,308011,308013,2,13
307998,308010,308013,3,12
307998,307998,308015,17,0
307998,307998,308017,19,0
308026,308026,308027,1,0
308026,308026,308027,1,0
308026,308026,308027,1,0
308026,308026,308028,2,0
308026,308027,308030,3,1
308026,308026,308031,5,0
308026,308027,308031,4,1
308026,308028,308031,3,2
308026,308026,308032,6,0
308026,308027,308032,5,1
308026,308028,308032,4,2
308026,308026,308032,6,0
308026,308028,308032,4,2
308026,308027,308033,6,1
308026,308026,308033,7,0
308026,308026,308034,8,0
308026,308027,308034,7,1
308026,308026,308034,8,0
308026,308026,308035,9,0
308026,308029,308036,7,3
308026,308026,308035,9,0
308026,308027,308035,8,1
308026,308032,308035,3,6
308026,308032,308035,3,6
308026,308034,308035,1,8
308026,308031,308035,4,5
308026,308033,308035,2,7
308026,308033,308035,2,7
308026,308034,308035,1,8
308026,308033,308036,3,7
308026,308033,308036,3,7
308026,308033,308036,3,7
308026,308026,308036,10,0
308026,308027,308037,10,1
308026,308032,308037,5,6
308026,308035,308037,2,9
308026,308036,308037,1,10
308026,308026,308037,11,0
308026,308035,308037,2,9
308026,308036,308038,2,10
308026,308026,308037,11,0
308026,308036,308037,1,10
308026,308036,308038,2,10
308026,308036,308038,2,10
308026,308037,308038,1,11
308026,308036,308037,1,10
308026,308036,308038,2,10
308026,308036,308038,2,10
308026,308036,308038,2,10
308026,308034,308038,4,8
308026,308037,308038,1,11
308026,308037,308038,1,11
308026,308038,308039,1,12
308026,308038,308039,1,12
308026,308038,308039,1,12
308026,308036,308038,2,10
308026,308036,308039,3,10
308026,308038,308040,2,12
308026,308038,308040,2,12
308026,308038,308040,2,12
308026,308038,308040,2,12
308026,308037,308039,2,11
308026,308039,308040,1,13
308026,308039,308040,1,13
308026,308038,308039,1,12
308026,308038,308039,1,12
308026,308039,308040,1,13
308026,308038,308039,1,12
308026,308038,308039,1,12
308026,308038,308040,2,12
308026,308039,308040,1,13
308026,308039,308040,1,13
308026,308038,308040,2,12
308026,308038,308040,2,12
308026,308039,308041,2,13
308026,308039,308041,2,13
308026,308038,308042,4,12
308026,308026,308043,17,0
308026,308026,308043,17,0
308053,308053,308054,1,0
308053,308053,308054,1,0
308053,308053,308054,1,0
308053,308053,308054,1,0
308053,308053,308057,4,0
308053,308053,308058,5,0
308053,308053,308057,4,0
308053,308053,308058,5,0
308053,308053,308057,4,0
308053,308053,308059,6,0
308053,308053,308058,5,0
308053,308054,308059,5,1
308053,308053,308058,5,0
308053,308053,308058,5,0
308053,308054,308059,5,1
308053,308053,308058,5,0
308053,308054,308059,5,1
308053,308053,308060,7,0
308053,308053,308060,7,0
308053,308053,308061,8,0
308053,308059,308061,2,6
308053,308059,308061,2,6
308053,308059,308061,2,6
308053,308053,308062,9,0
308053,308053,308062,9,0
308053,308059,308062,3,6
308053,308058,308062,4,5
308053,308058,308062,4,5
308053,308059,308061,2,6
308053,308058,308062,4,5
308053,308059,308062,3,6
308053,308053,308063,10,0
308053,308053,308062,9,0
308053,308053,308063,10,0
308053,308055,308062,7,2
308053,308060,308063,3,7
308053,308058,308063,5,5
308053,308059,308063,4,6
308053,308059,308063,4,6
308053,308061,308063,2,8
308053,308061,308062,1,8
308053,308061,308063,2,8
308053,308057,308064,7,4
308053,308053,308064,11,0
308053,308061,308064,3,8
308053,308062,308064,2,9
308053,308062,308064,2,9
308053,308062,308064,2,9
308053,308062,308064,2,9
308053,308062,308064,2,9
308053,308062,308064,2,9
308053,308064,308065,1,11
308053,308062,308064,2,9
308053,308061,308065,4,8
308053,308062,308064,2,9
308053,308063,308065,2,10
308053,308063,308065,2,10
308053,308063,308065,2,10
308053,308064,308065,1,11
308053,308065,308066,1,12
308053,308063,308065,2,10
308053,308064,308066,2,11
308053,308063,308066,3,10
308053,308063,308066,3,10
308053,308063,308066,3,10
308053,308064,308066,2,11
308053,308065,308066,1,12
308053,308065,308066,1,12
308053,308065,308066,1,12
308053,308065,308066,1,12
308053,308065,308066,1,12
308053,308065,308066,1,12
308053,308065,308066,1,12
308053,308053,308067,14,0
308053,308065,308067,2,12
308053,308064,308066,2,11
308053,308065,308067,2,12
308053,308063,308068,5,10
308078,308078,308079,1,0
308078,308078,308079,1,0
308078,308078,308079,1,0
308078,308078,308079,1,0
308078,308078,308082,4,0
308078,308078,308082,4,0
308078,308078,308082,4,0
308078,308078,308083,5,0
308078,308078,308083,5,0
308078,308078,308084,6,0
308078,308078,308084,6,0
308078,308078,308084,6,0
308078,308080,308084,4,2
308078,308080,308084,4,2
308078,308078,308085,7,0
308078,308078,308085,7,0
308078,308080,308085,5,2
308078,308078,308085,7,0
308078,308078,308085,7,0
308078,308078,308086,8,0
308078,308078,308085,7,0
308078,308084,308086,2,6
308078,308084,308086,2,6
308078,308078,308087,9,0
308078,308080,308087,7,2
308078,308078,308087,9,0
308078,308083,308087,4,5
308078,308084,308087,3,6
308078,308084,308087,3,6
308078,308085,308087,2,7
308078,308084,308087,3,6
308078,308085,308087,2,7
308078,308085,308087,2,7
308078,308086,308087,1,8
308078,308086,308087,1,8
308078,308085,308088,3,7
308078,308085,308088,3,7
308078,308083,308087,4,5
308078,308086,308088,2,8
308078,308083,308088,5,5
308078,308087,308089,2,9
308078,308087,308089,2,9
308078,308086,308089,3,8
308078,308087,308089,2,9
308078,308084,308089,5,6
308078,308087,308089,2,9
308078,308087,308089,2,9
308078,308087,308089,2,9
308078,308088,308089,1,10
308078,308087,308089,2,9
308078,308087,308089,2,9
308078,308088,308089,1,10
308078,308088,308089,1,10
308078,308088,308089,1,10
308078,308078,308090,12,0
308078,308088,308090,2,10
308078,308089,308090,1,11
308078,308089,308090,1,11
308078,308090,308091,1,12
308078,308089,308090,1,11
308078,308090,308091,1,12
308078,308090,308091,1,12
308078,308078,308091,13,0
308078,308088,308091,3,10
308078,308089,308091,2,11
308078,308090,308091,1,12
308078,308090,308091,1,12
308078,308090,308091,1,12
308078,308090,308091,1,12
308078,308090,308091,1,12
308078,308090,308091,1,12
308078,308089,308092,3,11
308078,308089,308092,3,11
308078,308078,308091,13,0
308078,308082,308092,10,4
308078,308089,308092,3,11
308078,308091,308092,1,13
308078,308089,308093,4,11
308078,308078,308098,20,0
308107,308107,308108,1,0
308107,308107,308108,1,0
308107,308107,308108,1,0
308107,308107,308109,2,0
308107,308107,308109,2,0
308107,308107,308111,4,0
308107,308109,308111,2,2
308107,308107,308112,5,0
308107,308107,308112,5,0
308107,308107,308112,5,0
308107,308107,308113,6,0
308107,308110,308113,3,3
308107,308107,308114,7,0
308107,308107,308114,7,0
308107,308110,308114,4,3
308107,308107,308114,7,0
308107,308107,308114,7,0
308107,308110,308114,4,3
308107,308113,308115,2,6
308107,308107,308115,8,0
308107,308107,308115,8,0
308107,308107,308115,8,0
308107,308113,308115,2,6
308107,308107,308116,9,0
308107,308113,308115,2,6
308107,308114,308115,1,7
308107,308112,308116,4,5
308107,308112,308115,3,5
308107,308114,308115,1,7
308107,308107,308117,10,0
308107,308115,308116,1,8
308107,308107,308116,9,0
308107,308115,308116,1,8
308107,308115,308116,1,8
308107,308107,308116,9,0
308107,308115,308116,1,8
308107,308115,308117,2,8
308107,308115,308116,1,8
308107,308115,308116,1,8
308107,308107,308117,10,0
308107,308116,308117,1,9
308107,308116,308117,1,9
308107,308110,308117,7,3
308107,308116,308117,1,9
308107,308116,308117,1,9
308107,308116,308117,1,9
308107,308116,308117,1,9
308107,308116,308117,1,9
308107,308117,308118,1,10
308107,308107,308118,11,0
308107,308116,308118,2,9
308107,308116,308118,2,9
308107,308117,308118,1,10
308107,308117,308118,1,10
308107,308117,308118,1,10
308107,308116,308118,2,9
308107,308117,308118,1,10
308107,308118,308119,1,11
308107,308118,308119,1,11
308107,308117,308119,2,10
308107,308117,308119,2,10
308107,308119,308120,1,12
308107,308118,308120,2,11
308107,308118,308119,1,11
308107,308118,308119,1,11
308107,308118,308119,1,11
308107,308118,308120,2,11
308107,308118,308120,2,11
308107,308117,308120,3,10
308107,308117,308120,3,10
308107,308119,308120,1,12
308107,308119,308120,1,12
308107,308117,308120,3,10
308107,308118,308121,3,11
308107,308119,308120,1,12
308107,308119,308120,1,12
308107,308119,308120,1,12
308107,308118,308121,3,11
308107,308107,308123,16,0
308133,308133,308134,1,0
308133,308133,308134,1,0
308133,308133,308134,1,0
308133,308133,308134,1,0
308133,308133,308136,3,0
308133,308133,308135,2,0
308133,308134,308137,3,1
308133,308133,308137,4,0
308133,308135,308138,3,2
308133,308133,308138,5,0
308133,308133,308138,5,0
308133,308133,308139,6,0
308133,308133,308139,6,0
308133,308133,308138,5,0
308133,308133,308138,5,0
308133,308137,308139,2,4
308133,308133,308140,7,0
308133,308133,308139,6,0
308133,308134,308139,5,1
308133,308136,308140,4,3
308133,308138,308140,2,5
308133,308133,308139,6,0
308133,308133,308140,7,0
308133,308138,308141,3,5
308133,308139,308141,2,6
308133,308140,308141,1,7
308133,308138,308140,2,5
308133,308138,308141,3,5
308133,308133,308142,9,0
308133,308136,308141,5,3
308133,308133,308141,8,0
308133,308135,308141,6,2
308133,308139,308142,3,6
308133,308139,308142,3,6
308133,308140,308142,2,7
308133,308140,308142,2,7
308133,308140,308141,1,7
308133,308139,308141,2,6
308133,308133,308142,9,0
308133,308140,308142,2,7
308133,308141,308143,2,8
308133,308139,308143,4,6
308133,308141,308143,2,8
308133,308141,308143,2,8
308133,308141,308143,2,8
308133,308141,308143,2,8
308133,308141,308143,2,8
308133,308133,308143,10,0
308133,308142,308144,2,9
308133,308142,308144,2,9
308133,308142,308144,2,9
308133,308142,308144,2,9
308133,308142,308144,2,9
308133,308140,308145,5,7
308133,308142,308145,3,9
308133,308133,308145,12,0
308133,308142,308145,3,9
308133,308142,308145,3,9
308133,308142,308145,3,9
308133,308142,308144,2,9
308133,308144,308145,1,11
308133,308144,308145,1,11
308133,308144,308145,1,11
308133,308143,308144,1,10
308133,308143,308145,2,10
308133,308143,308144,1,10
308133,308144,308145,1,11
308133,308143,308145,2,10
308133,308143,308145,2,10
308133,308143,308145,2,10
308133,308133,308145,12,0
308133,308143,308146,3,10
308133,308144,308146,2,11
308133,308143,308146,3,10
308133,308145,308146,1,12
308133,308133,308147,14,0
308133,308145,308146,1,12
308133,308145,308146,1,12
308133,308143,308147,4,10
308157,308157,308158,1,0
308157,308157,308158,1,0
308157,308157,308158,1,0
308157,308157,308158,1,0
308157,308157,308159,2,0
308157,308157,308160,3,0
308157,308157,308160,3,0
308157,308158,308162,4,1
308157,308159,308162,3,2
308157,308157,308163,6,0
308157,308158,308162,4,1
308157,308159,308163,4,2
308157,308159,308163,4,2
308157,308157,308164,7,0
308157,308157,308163,6,0
308157,308161,308164,3,4
308157,308160,308164,4,3
308157,308157,308165,8,0
308157,308157,308166,9,0
308157,308157,308166,9,0
308157,308157,308166,9,0
308157,308157,308166,9,0
308157,308157,308166,9,0
308157,308157,308166,9,0
308157,308157,308166,9,0
308157,308162,308166,4,5
308157,308164,308166,2,7
308157,308163,308166,3,6
308157,308164,308166,2,7
308157,308162,308166,4,5
308157,308157,308167,10,0
308157,308157,308166,9,0
308157,308157,308167,10,0
308157,308164,308167,3,7
308157,308164,308167,3,7
308157,308165,308167,2,8
308157,308163,308167,4,6
308157,308157,308167,10,0
308157,308166,308168,2,9
308157,308166,308168,2,9
308157,308166,308168,2,9
308157,308157,308168,11,0
308157,308166,308168,2,9
308157,308167,308168,1,10
308157,308166,308168,2,9
308157,308167,308168,1,10
308157,308167,308168,1,10
308157,308167,308168,1,10
308157,308167,308168,1,10
308157,308166,308168,2,9
308157,308166,308169,3,9
308157,308163,308169,6,6
308157,308168,308169,1,11
308157,308168,308169,1,11
308157,308168,308170,2,11
308157,308169,308170,1,12
308157,308168,308169,1,11
308157,308169,308170,1,12
308157,308169,308170,1,12
308157,308167,308170,3,10
308157,308168,308170,2,11
308157,308163,308171,8,6
308157,308169,308171,2,12
308157,308169,308170,1,12
308157,308169,308170,1,12
308157,308168,308170,2,11
308157,308169,308170,1,12
308157,308169,308170,1,12
308157,308169,308170,1,12
308157,308168,308171,3,11
308157,308169,308171,2,12
308157,308169,308171,2,12
308157,308169,308171,2,12
308157,308170,308171,1,13
308157,308169,308171,2,12
308157,308170,308171,1,13
308157,308170,308171,1,13
308157,308170,308171,1,13
308157,308157,308174,17,0
308183,308183,308184,1,0
308183,308183,308184,1,0
308183,308183,308185,2,0
308183,308183,308184,1,0
308183,308183,308184,1,0
308183,308183,308185,2,0
308183,308183,308188,5,0
308183,308183,308188,5,0
308183,308183,308189,6,0
308183,308184,308190,6,1
308183,308183,308190,7,0
308183,308185,308190,5,2
308183,308183,308190,7,0
308183,308183,308191,8,0
308183,308185,308190,5,2
308183,308188,308191,3,5
308183,308188,308191,3,5
308183,308183,308192,9,0
308183,308186,308192,6,3
308183,308183,308191,8,0
308183,308185,308192,7,2
308183,308183,308192,9,0
308183,308185,308191,6,2
308183,308189,308192,3,6
308183,308183,308193,10,0
308183,308191,308193,2,8
308183,308191,308193,2,8
308183,308192,308193,1,9
308183,308183,308194,11,0
308183,308183,308194,11,0
308183,308183,308194,11,0
308183,308183,308194,11,0
308183,308192,308194,2,9
308183,308192,308194,2,9
308183,308190,308194,4,7
308183,308192,308194,2,9
308183,308192,308194,2,9
308183,308190,308194,4,7
308183,308190,308194,4,7
308183,308191,308194,3,8
308183,308192,308195,3,9
308183,308192,308195,3,9
308183,308193,308195,2,10
308183,308194,308195,1,11
308183,308194,308195,1,11
308183,308194,308195,1,11
308183,308195,308196,1,12
308183,308183,308196,13,0
308183,308195,308196,1,12
308183,308195,308196,1,12
308183,308195,308196,1,12
308183,308191,308196,5,8
308183,308196,308197,1,13
308183,308196,308197,1,13
308183,308183,308197,14,0
308183,308194,308196,2,11
308183,308195,308197,2,12
308183,308195,308197,2,12
308183,308194,308197,3,11
308183,308194,308197,3,11
308183,308194,308197,3,11
308183,308195,308197,2,12
308183,308191,308197,6,8
308183,308194,308197,3,11
308183,308195,308197,2,12
308183,308196,308197,1,13
308183,308196,308197,1,13
308183,308197,308198,1,14
308183,308197,308198,1,14
308183,308196,308197,1,13
308183,308197,308198,1,14
308183,308197,308198,1,14
308183,308183,308197,14,0
308183,308183,308197,14,0
308183,308194,308198,4,11
308183,308197,308198,1,14
308183,308197,308198,1,14
308183,308197,308199,2,14
308209,308209,308210,1,0
308209,308209,308210,1,0
308209,308209,308210,1,0
308209,308209,308211,2,0
308209,308209,308211,2,0
308209,308209,308211,2,0
308209,308209,308214,5,0
308209,308209,308215,6,0
308209,308209,308215,6,0
308209,308209,308215,6,0
308209,308209,308216,7,0
308209,308210,308216,6,1
308209,308210,308216,6,1
308209,308211,308216,5,2
308209,308209,308217,8,0
308209,308209,308217,8,0
308209,308209,308217,8,0
308209,308209,308218,9,0
308209,308209,308218,9,0
308209,308209,308218,9,0
308209,308210,308218,8,1
308209,308211,308218,7,2
308209,308209,308219,10,0
308209,308209,308219,10,0
308209,308209,308219,10,0
308209,308209,308219,10,0
308209,308215,308219,4,6
308209,308216,308219,3,7
308209,308214,308219,5,5
308209,308215,308219,4,6
308209,308216,308219,3,7
308209,308216,308219,3,7
308209,308217,308219,2,8
308209,308209,308220,11,0
308209,308218,308220,2,9
308209,308215,308220,5,6
308209,308217,308220,3,8
308209,308218,308220,2,9
308209,308218,308220,2,9
308209,308220,308221,1,11
308209,308218,308221,3,9
308209,308209,308221,12,0
308209,308217,308221,4,8
308209,308219,308221,2,10
308209,308219,308221,2,10
308209,308220,308221,1,11
308209,308220,308221,1,11
308209,308220,308221,1,11
308209,308220,308221,1,11
308209,308220,308221,1,11
308209,308220,308221,1,11
308209,308220,308221,1,11
308209,308221,308222,1,12
308209,308218,308222,4,9
308209,308219,308222,3,10
308209,308220,308222,2,11
308209,308220,308222,2,11
308209,308211,308222,11,2
308209,308221,308222,1,12
308209,308222,308223,1,13
308209,308222,308223,1,13
308209,308222,308223,1,13
308209,308221,308222,1,12
308209,308221,308222,1,12
308209,308222,308223,1,13
308209,308216,308223,7,7
308209,308221,308223,2,12
308209,308222,308223,1,13
308209,308222,308223,1,13
308209,308222,308223,1,13
308209,308222,308223,1,13
308209,308222,308223,1,13
308209,308222,308223,1,13
308209,308222,308223,1,13
308209,308222,308223,1,13
308209,308222,308223,1,13
308209,308223,308224,1,14
308209,308209,308225,16,0
308234,308235,308236,1,1
308234,308235,308236,1,1
308234,308235,308236,1,1
308234,308235,308236,1,1
308234,308235,308236,1,1
308234,308235,308238,3,1
308234,308235,308242,7,1
308234,308235,308241,6,1
308234,308235,308241,6,1
308234,308237,308241,4,3
308234,308235,308242,7,1
308234,308235,308243,8,1
308234,308235,308242,7,1
308234,308237,308242,5,3
308234,308236,308243,7,2
308234,308236,308242,6,2
308234,308235,308244,9,1
308234,308235,308243,8,1
308234,308235,308243,8,1
308234,308243,308244,1,9
308234,308235,308244,9,1
308234,308235,308244,9,1
308234,308235,308245,10,1
308234,308242,308244,2,8
308234,308242,308245,3,8
308234,308243,308244,1,9
308234,308235,308246,11,1
308234,308237,308245,8,3
308234,308243,308245,2,9
308234,308242,308245,3,8
308234,308243,308246,3,9
308234,308243,308245,2,9
308234,308239,308245,6,5
308234,308242,308246,4,8
308234,308235,308247,12,1
308234,308244,308246,2,10
308234,308245,308246,1,11
308234,308246,308247,1,12
308234,308242,308247,5,8
308234,308245,308247,2,11
308234,308245,308246,1,11
308234,308246,308247,1,12
308234,308246,308247,1,12
308234,308246,308247,1,12
308234,308235,308247,12,1
308234,308235,308248,13,1
308234,308237,308248,11,3
308234,308235,308247,12,1
308234,308246,308248,2,12
308234,308246,308247,1,12
308234,308246,308247,1,12
308234,308245,308247,2,11
308234,308246,308247,1,12
308234,308247,308248,1,13
308234,308244,308247,3,10
308234,308247,308248,1,13
308234,308247,308248,1,13
308234,308244,308248,4,10
308234,308247,308248,1,13
308234,308247,308248,1,13
308234,308248,308249,1,14
308234,308247,308248,1,13
308234,308247,308248,1,13
308234,308247,308248,1,13
308234,308248,308249,1,14
308234,308247,308248,1,13
308234,308247,308248,1,13
308234,308244,308249,5,10
308234,308248,308249,1,14
308234,308245,308249,4,11
308234,308248,308249,1,14
308234,308248,308249,1,14
308234,308248,308250,2,14
308234,308248,308250,2,14
308234,308248,308249,1,14
308234,308248,308249,1,14
308234,308248,308249,1,14
308234,308245,308251,6,11
308260,308260,308261,1,0
308260,308260,308261,1,0
308260,308260,308261,1,0
308260,308260,308261,1,0
308260,308260,308261,1,0
308260,308260,308264,4,0
308260,308260,308265,5,0
308260,308260,308265,5,0
308260,308261,308265,4,1
308260,308260,308266,6,0
308260,308260,308266,6,0
308260,308260,308266,6,0
308260,308260,308267,7,0
308260,308262,308267,5,2
308260,308262,308267,5,2
308260,308261,308267,6,1
308260,308260,308268,8,0
308260,308262,308269,7,2
308260,308260,308268,8,0
308260,308265,308269,4,5
308260,308260,308269,9,0
308260,308260,308269,9,0
308260,308260,308269,9,0
308260,308267,308270,3,7
308260,308262,308269,7,2
308260,308267,308270,3,7
308260,308266,308269,3,6
308260,308267,308270,3,7
308260,308260,308270,10,0
308260,308260,308270,10,0
308260,308268,308270,2,8
308260,308267,308270,3,7
308260,308268,308271,3,8
308260,308266,308270,4,6
308260,308260,308272,12,0
308260,308260,308271,11,0
308260,308268,308271,3,8
308260,308269,308271,2,9
308260,308270,308272,2,10
308260,308271,308272,1,11
308260,308270,308271,1,10
308260,308270,308271,1,10
308260,308270,308271,1,10
308260,308271,308272,1,11
308260,308271,308272,1,11
308260,308271,308272,1,11
308260,308270,308273,3,10
308260,308270,308272,2,10
308260,308271,308272,1,11
308260,308271,308272,1,11
308260,308272,308273,1,12
308260,308272,308273,1,12
308260,308272,308273,1,12
308260,308269,308272,3,9
308260,308272,308273,1,12
308260,308270,308273,3,10
308260,308270,308273,3,10
308260,308266,308273,7,6
308260,308272,308273,1,12
308260,308269,308273,4,9
308260,308269,308274,5,9
308260,308272,308273,1,12
308260,308272,308273,1,12
308260,308272,308273,1,12
308260,308272,308273,1,12
308260,308273,308274,1,13
308260,308272,308273,1,12
308260,308273,308274,1,13
308260,308273,308274,1,13
308260,308273,308274,1,13
308260,308273,308274,1,13
308260,308273,308274,1,13
308260,308273,308275,2,13
308260,308273,308274,1,13
308260,308273,308274,1,13
308260,308273,308274,1,13
308260,308260,308276,16,0
308260,308260,308276,16,0
308286,308286,308287,1,0
308286,308286,308287,1,0
308286,308286,308287,1,0
308286,308286,308287,1,0
308286,308286,308287,1,0
308286,308286,308287,1,0
308286,308286,308289,3,0
308286,308288,308291,3,2
308286,308286,308292,6,0
308286,308286,308292,6,0
308286,308286,308292,6,0
308286,308286,308293,7,0
308286,308289,308293,4,3
308286,308287,308293,6,1
308286,308286,308293,7,0
308286,308287,308293,6,1
308286,308286,308293,7,0
308286,308288,308294,6,2
308286,308292,308294,2,6
308286,308286,308295,9,0
308286,308288,308295,7,2
308286,308292,308295,3,6
308286,308291,308295,4,5
308286,308292,308295,3,6
308286,308286,308296,10,0
308286,308286,308295,9,0
308286,308286,308297,11,0
308286,308286,308296,10,0
308286,308286,308297,11,0
308286,308288,308297,9,2
308286,308286,308297,11,0
308286,308294,308297,3,8
308286,308293,308297,4,7
308286,308294,308297,3,8
308286,308293,308297,4,7
308286,308286,308298,12,0
308286,308294,308298,4,8
308286,308295,308298,3,9
308286,308296,308298,2,10
308286,308293,308298,5,7
308286,308294,308298,4,8
308286,308297,308298,1,11
308286,308294,308298,4,8
308286,308295,308298,3,9
308286,308295,308298,3,9
308286,308297,308298,1,11
308286,308297,308299,2,11
308286,308286,308299,13,0
308286,308295,308299,4,9
308286,308286,308299,13,0
308286,308297,308299,2,11
308286,308297,308299,2,11
308286,308297,308298,1,11
308286,308298,308299,1,12
308286,308297,308299,2,11
308286,308299,308300,1,13
308286,308299,308300,1,13
308286,308296,308299,3,10
308286,308297,308299,2,11
308286,308295,308300,5,9
308286,308297,308299,2,11
308286,308298,308300,2,12
308286,308298,308300,2,12
308286,308300,308301,1,14
308286,308299,308300,1,13
308286,308286,308301,15,0
308286,308299,308300,1,13
308286,308299,308301,2,13
308286,308299,308301,2,13
308286,308299,308301,2,13
308286,308299,308301,2,13
308286,308299,308301,2,13
308286,308300,308301,1,14
308311,308311,308312,1,0
308311,308311,308312,1,0
308311,308311,308312,1,0
308311,308311,308312,1,0
308311,308311,308312,1,0
308311,308311,308312,1,0
308311,308311,308314,3,0
308311,308312,308314,2,1
308311,308312,308314,2,1
308311,308313,308315,2,2
308311,308312,308316,4,1
308311,308313,308316,3,2
308311,308311,308316,5,0
308311,308311,308316,5,0
308311,308313,308316,3,2
308311,308311,308317,6,0
308311,308311,308318,7,0
308311,308315,308317,2,4
308311,308311,308317,6,0
308311,308311,308317,6,0
308311,308311,308317,6,0
308311,308315,308318,3,4
308311,308315,308317,2,4
308311,308311,308318,7,0
308311,308311,308318,7,0
308311,308316,308320,4,5
308311,308316,308320,4,5
308311,308318,308320,2,7
308311,308317,308320,3,6
308311,308318,308320,2,7
308311,308311,308321,10,0
308311,308311,308321,10,0
308311,308318,308321,3,7
308311,308318,308321,3,7
308311,308318,308320,2,7
308311,308319,308320,1,8
308311,308318,308320,2,7
308311,308319,308320,1,8
308311,308311,308321,10,0
308311,308311,308321,10,0
308311,308311,308321,10,0
308311,308318,308322,4,7
308311,308311,308321,10,0
308311,308320,308322,2,9
308311,308320,308321,1,9
308311,308321,308322,1,10
308311,308321,308322,1,10
308311,308317,308322,5,6
308311,308320,308322,2,9
308311,308320,308322,2,9
308311,308321,308322,1,10
308311,308311,308322,11,0
308311,308321,308323,2,10
308311,308318,308322,4,7
308311,308320,308322,2,9
308311,308321,308323,2,10
308311,308321,308322,1,10
308311,308321,308322,1,10
308311,308321,308322,1,10
308311,308322,308323,1,11
308311,308322,308323,1,11
308311,308322,308323,1,11
308311,308322,308323,1,11
308311,308317,308323,6,6
308311,308322,308323,1,11
308311,308322,308323,1,11
308311,308322,308323,1,11
308311,308322,308323,1,11
308311,308322,308323,1,11
308311,308322,308324,2,11
308311,308322,308323,1,11
308311,308322,308324,2,11
308311,308323,308324,1,12
308311,308317,308324,7,6
308311,308323,308324,1,12
308311,308323,308325,2,12
308311,308322,308324,2,11
308311,308323,308324,1,12
308311,308311,308325,14,0
308335,308335,308336,1,0
308335,308335,308336,1,0
308335,308335,308336,1,0
308335,308335,308337,2,0
308335,308335,308336,1,0
308335,308335,308336,1,0
308335,308335,308336,1,0
308335,308336,308339,3,1
308335,308336,308339,3,1
308335,308337,308341,4,2
308335,308335,308341,6,0
308335,308337,308340,3,2
308335,308337,308340,3,2
308335,308337,308340,3,2
308335,308337,308341,4,2
308335,308335,308342,7,0
308335,308335,308342,7,0
308335,308340,308342,2,5
308335,308335,308341,6,0
308335,308335,308342,7,0
308335,308335,308342,7,0
308335,308340,308343,3,5
308335,308335,308343,8,0
308335,308335,308344,9,0
308335,308335,308343,8,0
308335,308335,308344,9,0
308335,308341,308344,3,6
308335,308341,308344,3,6
308335,308335,308343,8,0
308335,308342,308345,3,7
308335,308342,308345,3,7
308335,308343,308345,2,8
308335,308341,308345,4,6
308335,308342,308345,3,7
308335,308343,308345,2,8
308335,308344,308345,1,9
308335,308335,308345,10,0
308335,308342,308346,4,7
308335,308344,308345,1,9
308335,308343,308346,3,8
308335,308344,308346,2,9
308335,308345,308346,1,10
308335,308344,308345,1,9
308335,308345,308346,1,10
308335,308345,308346,1,10
308335,308344,308346,2,9
308335,308344,308346,2,9
308335,308344,308346,2,9
308335,308345,308346,1,10
308335,308345,308346,1,10
308335,308345,308346,1,10
308335,308346,308347,1,11
308335,308346,308347,1,11
308335,308335,308348,13,0
308335,308342,308347,5,7
308335,308346,308348,2,11
308335,308341,308348,7,6
308335,308346,308347,1,11
308335,308346,308348,2,11
308335,308346,308348,2,11
308335,308346,308348,2,11
308335,308346,308348,2,11
308335,308346,308348,2,11
308335,308347,308348,1,12
308335,308346,308347,1,11
308335,308347,308348,1,12
308335,308347,308348,1,12
308335,308335,308349,14,0
308335,308341,308348,7,6
308335,308347,308348,1,12
308335,308347,308348,1,12
308335,308347,308348,1,12
308335,308335,308349,14,0
308335,308347,308348,1,12
308335,308347,308348,1,12
308335,308335,308350,15,0
308335,308348,308349,1,13
308335,308348,308350,2,13
308335,308335,308351,16,0
308360,308360,308361,1,0
308360,308360,308361,1,0
308360,308360,308361,1,0
308360,308360,308362,2,0
308360,308360,308361,1,0
308360,308360,308362,2,0
308360,308360,308366,6,0
308360,308361,308366,5,1
308360,308360,308367,7,0
308360,308361,308367,6,1
308360,308360,308367,7,0
308360,308360,308367,7,0
308360,308361,308366,5,1
308360,308360,308367,7,0
308360,308362,308366,4,2
308360,308360,308368,8,0
308360,308362,308367,5,2
308360,308360,308368,8,0
308360,308360,308367,7,0
308360,308366,308368,2,6
308360,308360,308368,8,0
308360,308360,308369,9,0
308360,308362,308368,6,2
308360,308360,308369,9,0
308360,308366,308369,3,6
308360,308367,308369,2,7
308360,308360,308370,10,0
308360,308360,308370,10,0
308360,308360,308369,9,0
308360,308360,308370,10,0
308360,308367,308370,3,7
308360,308360,308370,10,0
308360,308367,308370,3,7
308360,308367,308370,3,7
308360,308367,308370,3,7
308360,308369,308370,1,9
308360,308360,308370,10,0
308360,308369,308371,2,9
308360,308367,308371,4,7
308360,308368,308370,2,8
308360,308370,308371,1,10
308360,308369,308370,1,9
308360,308367,308371,4,7
308360,308368,308371,3,8
308360,308370,308371,1,10
308360,308370,308371,1,10
308360,308368,308371,3,8
308360,308370,308371,1,10
308360,308368,308372,4,8
308360,308370,308372,2,10
308360,308370,308372,2,10
308360,308370,308372,2,10
308360,308369,308371,2,9
308360,308370,308372,2,10
308360,308360,308372,12,0
308360,308368,308372,4,8
308360,308370,308372,2,10
308360,308368,308371,3,8
308360,308371,308372,1,11
308360,308372,308373,1,12
308360,308371,308373,2,11
308360,308371,308373,2,11
308360,308371,308373,2,11
308360,308371,308373,2,11
308360,308371,308373,2,11
308360,308372,308373,1,12
308360,308372,308373,1,12
308360,308372,308373,1,12
308360,308372,308373,1,12
308360,308372,308373,1,12
308360,308372,308373,1,12
308360,308371,308374,3,11
308360,308373,308374,1,13
308360,308373,308374,1,13
308360,308372,308374,2,12
308360,308372,308374,2,12
308360,308372,308374,2,12
308360,308373,308374,1,13
308383,308383,308384,1,0
308383,308383,308384,1,0
308383,308383,308384,1,0
308383,308383,308384,1,0
308383,308383,308385,2,0
308383,308383,308385,2,0
308383,308383,308389,6,0
308383,308383,308389,6,0
308383,308385,308389,4,2
308383,308383,308388,5,0
308383,308386,308388,2,3
308383,308383,308389,6,0
308383,308384,308389,5,1
308383,308383,308389,6,0
308383,308383,308389,6,0
308383,308383,308391,8,0
308383,308389,308391,2,6
308383,308385,308391,6,2
308383,308389,308391,2,6
308383,308385,308391,6,2
308383,308389,308392,3,6
308383,308389,308392,3,6
308383,308390,308392,2,7
308383,308385,308393,8,2
308383,308391,308393,2,8
308383,308390,308393,3,7
308383,308391,308393,2,8
308383,308389,308393,4,6
308383,308390,308393,3,7
308383,308391,308393,2,8
308383,308392,308393,1,9
308383,308392,308393,1,9
308383,308383,308393,10,0
308383,308383,308393,10,0
308383,308383,308394,11,0
308383,308383,308394,11,0
308383,308390,308394,4,7
308383,308392,308393,1,9
308383,308392,308393,1,9
308383,308391,308394,3,8
308383,308383,308395,12,0
308383,308383,308395,12,0
308383,308393,308395,2,10
308383,308383,308395,12,0
308383,308393,308394,1,10
308383,308393,308395,2,10
308383,308393,308395,2,10
308383,308393,308395,2,10
308383,308393,308395,2,10
308383,308393,308395,2,10
308383,308393,308395,2,10
308383,308394,308396,2,11
308383,308394,308396,2,11
308383,308383,308395,12,0
308383,308394,308396,2,11
308383,308394,308396,2,11
308383,308394,308396,2,11
308383,308395,308396,1,12
308383,308394,308396,2,11
308383,308394,308396,2,11
308383,308395,308396,1,12
308383,308395,308396,1,12
308383,308396,308397,1,13
308383,308396,308397,1,13
308383,308395,308396,1,12
308383,308395,308396,1,12
308383,308395,308397,2,12
308383,308395,308397,2,12
308383,308395,308396,1,12
308383,308395,308397,2,12
308383,308395,308397,2,12
308383,308396,308397,1,13
308383,308396,308397,1,13
308383,308396,308398,2,13
308383,308383,308397,14,0
308383,308396,308398,2,13
308383,308383,308399,16,0
308383,308383,308401,18,0
308409,308409,308410,1,0
308409,308409,308410,1,0
308409,308409,308411,2,0
308409,308409,308411,2,0
308409,308409,308411,2,0
308409,308409,308412,3,0
308409,308409,308413,4,0
308409,308409,308415,6,0
308409,308411,308415,4,2
308409,308409,308415,6,0
308409,308409,308416,7,0
308409,308409,308416,7,0
308409,308409,308416,7,0
308409,308411,308416,5,2
308409,308411,308416,5,2
308409,308409,308417,8,0
308409,308411,308417,6,2
308409,308413,308417,4,4
308409,308409,308419,10,0
308409,308409,308419,10,0
308409,308417,308419,2,8
308409,308415,308419,4,6
308409,308417,308419,2,8
308409,308415,308419,4,6
308409,308416,308419,3,7
308409,308417,308419,2,8
308409,308418,308419,1,9
308409,308417,308420,3,8
308409,308409,308420,11,0
308409,308411,308420,9,2
308409,308415,308420,5,6
308409,308416,308420,4,7
308409,308409,308420,11,0
308409,308417,308420,3,8
308409,308420,308421,1,11
308409,308409,308421,12,0
308409,308409,308421,12,0
308409,308409,308421,12,0
308409,308419,308421,2,10
308409,308409,308421,12,0
308409,308420,308421,1,11
308409,308420,308421,1,11
308409,308420,308421,1,11
308409,308420,308421,1,11
308409,308420,308421,1,11
308409,308420,308421,1,11
308409,308409,308422,13,0
308409,308420,308422,2,11
308409,308419,308422,3,10
308409,308412,308423,11,3
308409,308421,308422,1,12
308409,308421,308422,1,12
308409,308422,308423,1,13
308409,308421,308422,1,12
308409,308421,308422,1,12
308409,308421,308422,1,12
308409,308422,308423,1,13
308409,308421,308423,2,12
308409,308422,308423,1,13
308409,308422,308423,1,13
308409,308421,308423,2,12
308409,308422,308423,1,13
308409,308422,308423,1,13
308409,308422,308423,1,13
308409,308422,308423,1,13
308409,308422,308423,1,13
308409,308422,308424,2,13
308409,308423,308424,1,14
308409,308423,308424,1,14
308409,308423,308424,1,14
308409,308422,308424,2,13
308409,308423,308424,1,14
308409,308423,308424,1,14
308409,308423,308424,1,14
308409,308423,308424,1,14
308409,308423,308425,2,14
308409,308409,308425,16,0
308409,308423,308425,2,14
308409,308409,308427,18,0
308436,308436,308437,1,0
308436,308436,308437,1,0
308436,308436,308437,1,0
308436,308436,308438,2,0
308436,308436,308438,2,0
308436,308437,308440,3,1
308436,308436,308441,5,0
308436,308438,308441,3,2
308436,308436,308442,6,0
308436,308436,308442,6,0
308436,308436,308442,6,0
308436,308438,308442,4,2
308436,308438,308442,4,2
308436,308436,308443,7,0
308436,308440,308443,3,4
308436,308436,308443,7,0
308436,308436,308443,7,0
308436,308436,308443,7,0
308436,308438,308444,6,2
308436,308436,308444,8,0
308436,308436,308445,9,0
308436,308442,308444,2,6
308436,308436,308445,9,0
308436,308436,308445,9,0
308436,308443,308446,3,7
308436,308436,308445,9,0
308436,308444,308446,2,8
308436,308445,308446,1,9
308436,308443,308446,3,7
308436,308444,308447,3,8
308436,308445,308446,1,9
308436,308445,308446,1,9
308436,308444,308447,3,8
308436,308444,308446,2,8
308436,308446,308447,1,10
308436,308436,308447,11,0
308436,308436,308447,11,0
308436,308436,308447,11,0
308436,308446,308447,1,10
308436,308446,308447,1,10
308436,308443,308447,4,7
308436,308443,308447,4,7
308436,308436,308448,12,0
308436,308443,308448,5,7
308436,308447,308448,1,11
308436,308441,308448,7,5
308436,308445,308448,3,9
308436,308436,308448,12,0
308436,308447,308448,1,11
308436,308447,308449,2,11
308436,308447,308449,2,11
308436,308447,308448,1,11
308436,308447,308448,1,11
308436,308447,308448,1,11
308436,308447,308448,1,11
308436,308447,308448,1,11
308436,308448,308449,1,12
308436,308448,308449,1,12
308436,308448,308449,1,12
308436,308448,308449,1,12
308436,308448,308449,1,12
308436,308449,308450,1,13
308436,308449,308450,1,13
308436,308447,308449,2,11
308436,308449,308450,1,13
308436,308443,308450,7,7
308436,308448,308450,2,12
308436,308449,308450,1,13
308436,308448,308450,2,12
308436,308449,308450,1,13
308436,308449,308450,1,13
308436,308449,308450,1,13
308436,308436,308451,15,0
308436,308449,308451,2,13
308436,308449,308450,1,13
308436,308449,308450,1,13
308436,308449,308451,2,13
308436,308449,308451,2,13
308436,308449,308450,1,13
308460,308461,308462,1,1
308460,308460,308462,2,0
308460,308461,308462,1,1
308460,308461,308462,1,1
308460,308461,308462,1,1
308460,308461,308462,1,1
308460,308461,308465,4,1
308460,308461,308465,4,1
308460,308462,308466,4,2
308460,308461,308466,5,1
308460,308463,308467,4,3
308460,308461,308466,5,1
308460,308463,308466,3,3
308460,308461,308467,6,1
308460,308461,308467,6,1
308460,308461,308467,6,1
308460,308461,308468,7,1
308460,308461,308468,7,1
308460,308461,308468,7,1
308460,308461,308467,6,1
308460,308463,308467,4,3
308460,308461,308467,6,1
308460,308463,308467,4,3
308460,308461,308468,7,1
308460,308461,308469,8,1
308460,308461,308469,8,1
308460,308461,308470,9,1
308460,308461,308469,8,1
308460,308468,308470,2,8
308460,308468,308469,1,8
308460,308468,308469,1,8
308460,308468,308469,1,8
308460,308463,308470,7,3
308460,308469,308470,1,9
308460,308467,308471,4,7
308460,308470,308471,1,10
308460,308466,308470,4,6
308460,308467,308470,3,7
308460,308467,308471,4,7
308460,308466,308470,4,6
308460,308466,308471,5,6
308460,308467,308470,3,7
308460,308468,308471,3,8
308460,308468,308472,4,8
308460,308470,308471,1,10
308460,308461,308471,10,1
308460,308470,308472,2,10
308460,308470,308472,2,10
308460,308467,308471,4,7
308460,308470,308471,1,10
308460,308470,308471,1,10
308460,308470,308471,1,10
308460,308471,308472,1,11
308460,308470,308472,2,10
308460,308471,308472,1,11
308460,308468,308473,5,8
308460,308471,308472,1,11
308460,308471,308472,1,11
308460,308472,308473,1,12
308460,308471,308472,1,11
308460,308471,308472,1,11
308460,308471,308473,2,11
308460,308472,308473,1,12
308460,308471,308472,1,11
308460,308471,308472,1,11
308460,308471,308472,1,11
308460,308472,308473,1,12
308460,308472,308474,2,12
308460,308468,308473,5,8
308460,308472,308474,2,12
308460,308472,308474,2,12
308460,308472,308474,2,12
308460,308472,308475,3,12
308460,308472,308474,2,12
308460,308472,308474,2,12
308460,308473,308474,1,13
308460,308473,308474,1,13
308460,308473,308474,1,13
308460,308468,308475,7,8
308485,308485,308486,1,0
308485,308485,308486,1,0
308485,308485,308487,2,0
308485,308485,308487,2,0
308485,308485,308486,1,0
308485,308485,308486,1,0
308485,308485,308489,4,0
308485,308486,308489,3,1
308485,308485,308489,4,0
308485,308485,308491,6,0
308485,308485,308491,6,0
308485,308485,308491,6,0
308485,308487,308491,4,2
308485,308485,308491,6,0
308485,308486,308490,4,1
308485,308487,308491,4,2
308485,308485,308491,6,0
308485,308485,308491,6,0
308485,308485,308491,6,0
308485,308485,308492,7,0
308485,308485,308492,7,0
308485,308487,308492,5,2
308485,308485,308492,7,0
308485,308489,308493,4,4
308485,308491,308493,2,6
308485,308491,308493,2,6
308485,308489,308493,4,4
308485,308485,308494,9,0
308485,308485,308494,9,0
308485,308485,308494,9,0
308485,308485,308494,9,0
308485,308491,308494,3,6
308485,308492,308494,2,7
308485,308492,308493,1,7
308485,308491,308494,3,6
308485,308491,308494,3,6
308485,308493,308494,1,8
308485,308490,308494,4,5
308485,308492,308495,3,7
308485,308487,308495,8,2
308485,308493,308495,2,8
308485,308491,308495,4,6
308485,308494,308495,1,9
308485,308494,308495,1,9
308485,308494,308495,1,9
308485,308485,308496,11,0
308485,308493,308496,3,8
308485,308485,308496,11,0
308485,308495,308496,1,10
308485,308495,308496,1,10
308485,308495,308496,1,10
308485,308495,308496,1,10
308485,308495,308496,1,10
308485,308495,308496,1,10
308485,308495,308496,1,10
308485,308494,308497,3,9
308485,308491,308498,7,6
308485,308494,308497,3,9
308485,308494,308497,3,9
308485,308496,308497,1,11
308485,308497,308498,1,12
308485,308497,308498,1,12
308485,308496,308497,1,11
308485,308496,308497,1,11
308485,308496,308497,1,11
308485,308497,308498,1,12
308485,308496,308497,1,11
308485,308497,308498,1,12
308485,308497,308498,1,12
308485,308497,308498,1,12
308485,308491,308498,7,6
308485,308495,308498,3,10
308485,308497,308498,1,12
308485,308491,308498,7,6
308485,308497,308498,1,12
308485,308494,308498,4,9
308485,308496,308498,2,11
308485,308497,308498,1,12
308485,308497,308498,1,12
308508,308508,308509,1,0
308508,308508,308509,1,0
308508,308508,308509,1,0
308508,308508,308509,1,0
308508,308508,308509,1,0
308508,308508,308510,2,0
308508,308508,308512,4,0
308508,308508,308512,4,0
308508,308509,308511,2,1
308508,308508,308512,4,0
308508,308508,308512,4,0
308508,308509,308513,4,1
308508,308508,308512,4,0
308508,308510,308513,3,2
308508,308508,308513,5,0
308508,308508,308513,5,0
308508,308508,308513,5,0
308508,308508,308513,5,0
308508,308508,308513,5,0
308508,308508,308515,7,0
308508,308510,308515,5,2
308508,308508,308515,7,0
308508,308508,308515,7,0
308508,308508,308516,8,0
308508,308514,308516,2,6
308508,308512,308515,3,4
308508,308513,308515,2,5
308508,308508,308516,8,0
308508,308508,308517,9,0
308508,308510,308516,6,2
308508,308514,308516,2,6
308508,308508,308517,9,0
308508,308515,308517,2,7
308508,308513,308516,3,5
308508,308513,308516,3,5
308508,308513,308517,4,5
308508,308513,308517,4,5
308508,308515,308516,1,7
308508,308512,308517,5,4
308508,308513,308516,3,5
308508,308514,308518,4,6
308508,308516,308518,2,8
308508,308516,308517,1,8
308508,308512,308517,5,4
308508,308516,308518,2,8
308508,308516,308518,2,8
308508,308508,308518,10,0
308508,308516,308518,2,8
308508,308517,308519,2,9
308508,308510,308519,9,2
308508,308513,308518,5,5
308508,308517,308519,2,9
308508,308517,308519,2,9
308508,308517,308518,1,9
308508,308517,308519,2,9
308508,308518,308519,1,10
308508,308517,308518,1,9
308508,308517,308519,2,9
308508,308517,308519,2,9
308508,308516,308520,4,8
308508,308517,308520,3,9
308508,308517,308520,3,9
308508,308518,308520,2,10
308508,308517,308519,2,9
308508,308517,308519,2,9
308508,308518,308520,2,10
308508,308518,308519,1,10
308508,308519,308520,1,11
308508,308518,308520,2,10
308508,308519,308520,1,11
308508,308518,308519,1,10
308508,308519,308520,1,11
308508,308519,308521,2,11
308508,308517,308520,3,9
308508,308519,308520,1,11
308508,308519,308520,1,11
308508,308519,308520,1,11
308508,308519,308520,1,11
308508,308519,308521,2,11
308531,308531,308532,1,0
308531,308531,308532,1,0
308531,308531,308532,1,0
308531,308531,308532,1,0
308531,308531,308532,1,0
308531,308531,308532,1,0
308531,308531,308533,2,0
308531,308531,308533,2,0
308531,308531,308534,3,0
308531,308531,308534,3,0
308531,308531,308535,4,0
308531,308531,308535,4,0
308531,308531,308534,3,0
308531,308533,308535,2,2
308531,308533,308535,2,2
308531,308533,308535,2,2
308531,308531,308535,4,0
308531,308531,308536,5,0
308531,308531,308535,4,0
308531,308531,308536,5,0
308531,308533,308537,4,2
308531,308531,308537,6,0
308531,308531,308537,6,0
308531,308531,308537,6,0
308531,308531,308537,6,0
308531,308531,308537,6,0
308531,308533,308537,4,2
308531,308535,308538,3,4
308531,308534,308538,4,3
308531,308536,308538,2,5
308531,308534,308537,3,3
308531,308535,308538,3,4
308531,308535,308537,2,4
308531,308536,308539,3,5
308531,308535,308538,3,4
308531,308537,308538,1,6
308531,308537,308539,2,6
308531,308535,308538,3,4
308531,308535,308538,3,4
308531,308537,308539,2,6
308531,308535,308540,5,4
308531,308538,308540,2,7
308531,308538,308540,2,7
308531,308538,308540,2,7
308531,308538,308540,2,7
308531,308538,308540,2,7
308531,308533,308540,7,2
308531,308537,308540,3,6
308531,308536,308541,5,5
308531,308539,308541,2,8
308531,308539,308540,1,8
308531,308539,308541,2,8
308531,308539,308541,2,8
308531,308538,308541,3,7
308531,308539,308540,1,8
308531,308539,308541,2,8
308531,308539,308541,2,8
308531,308535,308541,6,4
308531,308538,308542,4,7
308531,308540,308542,2,9
308531,308538,308541,3,7
308531,308540,308541,1,9
308531,308541,308542,1,10
308531,308541,308542,1,10
308531,308540,308542,2,9
308531,308541,308542,1,10
308531,308540,308542,2,9
308531,308540,308542,2,9
308531,308540,308541,1,9
308531,308541,308542,1,10
308531,308538,308543,5,7
308531,308541,308543,2,10
308531,308538,308542,4,7
308531,308541,308542,1,10
308531,308541,308542,1,10
308531,308541,308542,1,10
308531,308531,308543,12,0
308531,308541,308544,3,10
308531,308531,308544,13,0
315043,315044,315045,1,1
315043,315044,315045,1,1
315043,315044,315045,1,1
315043,315044,315046,2,1
315043,315044,315046,2,1
315043,315044,315046,2,1
315043,315044,315046,2,1
315043,315044,315046,2,1
315043,315044,315046,2,1
315043,315044,315046,2,1
315043,315046,315047,1,3
315043,315044,315048,4,1
315043,315044,315048,4,1
315043,315044,315047,3,1
315043,315044,315047,3,1
315043,315046,315047,1,3
315043,315046,315047,1,3
315043,315044,315048,4,1
315043,315047,315048,1,4
315043,315044,315048,4,1
315043,315047,315049,2,4
315043,315047,315049,2,4
315043,315044,315049,5,1
315043,315047,315048,1,4
315043,315047,315048,1,4
315043,315047,315048,1,4
315043,315044,315050,6,1
315043,315044,315050,6,1
315043,315048,315049,1,5
315043,315047,315049,2,4
315043,315044,315049,5,1
315043,315044,315049,5,1
315043,315048,315049,1,5
315043,315048,315049,1,5
315043,315048,315049,1,5
315043,315044,315049,5,1
315043,315048,315049,1,5
315043,315044,315051,7,1
315043,315044,315050,6,1
315043,315044,315051,7,1
315043,315048,315050,2,5
315043,315049,315050,1,6
315043,315044,315050,6,1
315043,315049,315050,1,6
315043,315049,315050,1,6
315043,315049,315050,1,6
315043,315049,315050,1,6
315043,315049,315050,1,6
315043,315049,315050,1,6
315043,315044,315051,7,1
315043,315044,315052,8,1
315043,315044,315052,8,1
315043,315044,315051,7,1
315043,315049,315051,2,6
315043,315048,315051,3,5
315043,315044,315052,8,1
315043,315050,315052,2,7
315043,315044,315051,7,1
315043,315050,315051,1,7
315043,315044,315051,7,1
315043,315049,315051,2,6
315043,315044,315051,7,1
315043,315044,315051,7,1
315043,315050,315051,1,7
315043,315050,315051,1,7
315043,315050,315051,1,7
315043,315050,315051,1,7
315043,315050,315052,2,7
315043,315050,315052,2,7
315043,315044,315052,8,1
315043,315044,315052,8,1
315043,315044,315052,8,1
315043,315050,315052,2,7
315043,315044,315053,9,1
315043,315044,315054,10,1
315043,315044,315054,10,1
315043,315044,315065,21,1
315043,315044,315073,29,1
315043,315044,315074,30,1
315077,315077,315079,2,0
315077,315077,315079,2,0
315077,315077,315079,2,0
315077,315077,315079,2,0
315077,315077,315079,2,0
315077,315077,315080,3,0
315077,315079,315081,2,2
315077,315077,315081,4,0
315077,315079,315081,2,2
315077,315077,315081,4,0
315077,315079,315081,2,2
315077,315079,315081,2,2
315077,315077,315081,4,0
315077,315080,315081,1,3
315077,315077,315081,4,0
315077,315077,315082,5,0
315077,315077,315082,5,0
315077,315077,315082,5,0
315077,315077,315083,6,0
315077,315080,315083,3,3
315077,315077,315083,6,0
315077,315082,315083,1,5
315077,315077,315083,6,0
315077,315077,315083,6,0
315077,315082,315083,1,5
315077,315082,315083,1,5
315077,315077,315083,6,0
315077,315077,315083,6,0
315077,315082,315083,1,5
315077,315082,315083,1,5
315077,315077,315083,6,0
315077,315077,315083,6,0
315077,315082,315083,1,5
315077,315082,315083,1,5
315077,315082,315083,1,5
315077,315077,315084,7,0
315077,315077,315084,7,0
315077,315077,315084,7,0
315077,315077,315084,7,0
315077,315077,315085,8,0
315077,315077,315084,7,0
315077,315083,315084,1,6
315077,315083,315084,1,6
315077,315083,315084,1,6
315077,315083,315084,1,6
315077,315077,315085,8,0
315077,315077,315085,8,0
315077,315077,315085,8,0
315077,315084,315085,1,7
315077,315084,315085,1,7
315077,315084,315085,1,7
315077,315077,315085,8,0
315077,315084,315085,1,7
315077,315084,315085,1,7
315077,315084,315085,1,7
315077,315084,315085,1,7
315077,315084,315086,2,7
315077,315084,315085,1,7
315077,315084,315085,1,7
315077,315084,315085,1,7
315077,315084,315085,1,7
315077,315084,315085,1,7
315077,315084,315085,1,7
315077,315084,315085,1,7
315077,315084,315086,2,7
315077,315077,315086,9,0
315077,315077,315086,9,0
315077,315077,315086,9,0
315077,315077,315086,9,0
315077,315084,315086,2,7
315077,315077,315087,10,0
315077,315077,315087,10,0
315077,315077,315089,12,0
315077,315077,315089,12,0
315077,315077,315088,11,0
315077,315077,315090,13,0
315077,315077,315090,13,0
315077,315077,315090,13,0
315077,315077,315097,20,0
315099,315099,315101,2,0
315099,315099,315101,2,0
315099,315099,315101,2,0
315099,315099,315101,2,0
315099,315099,315101,2,0
315099,315099,315102,3,0
315099,315099,315102,3,0
315099,315101,315103,2,2
315099,315101,315103,2,2
315099,315101,315103,2,2
315099,315099,315102,3,0
315099,315101,315103,2,2
315099,315101,315102,1,2
315099,315099,315104,5,0
315099,315102,315104,2,3
315099,315099,315105,6,0
315099,315099,315105,6,0
315099,315099,315105,6,0
315099,315099,315105,6,0
315099,315099,315105,6,0
315099,315099,315105,6,0
315099,315099,315105,6,0
315099,315103,315105,2,4
315099,315099,315105,6,0
315099,315103,315105,2,4
315099,315099,315105,6,0
315099,315103,315105,2,4
315099,315103,315105,2,4
315099,315099,315105,6,0
315099,315103,315105,2,4
315099,315099,315106,7,0
315099,315099,315106,7,0
315099,315099,315106,7,0
315099,315099,315106,7,0
315099,315099,315106,7,0
315099,315099,315106,7,0
315099,315104,315106,2,5
315099,315099,315106,7,0
315099,315103,315106,3,4
315099,315099,315106,7,0
315099,315105,315106,1,6
315099,315099,315107,8,0
315099,315099,315107,8,0
315099,315103,315107,4,4
315099,315099,315107,8,0
315099,315105,315107,2,6
315099,315105,315107,2,6
315099,315105,315107,2,6
315099,315099,315107,8,0
315099,315106,315107,1,7
315099,315106,315107,1,7
315099,315106,315107,1,7
315099,315105,315107,2,6
315099,315105,315107,2,6
315099,315106,315107,1,7
315099,315106,315107,1,7
315099,315099,315108,9,0
315099,315105,315108,3,6
315099,315105,315108,3,6
315099,315105,315108,3,6
315099,315105,315108,3,6
315099,315105,315108,3,6
315099,315106,315108,2,7
315099,315107,315108,1,8
315099,315107,315108,1,8
315099,315099,315109,10,0
315099,315106,315109,3,7
315099,315099,315109,10,0
315099,315106,315109,3,7
315099,315099,315110,11,0
315099,315099,315109,10,0
315099,315099,315109,10,0
315099,315099,315111,12,0
315099,315099,315112,13,0
315099,315099,315111,12,0
315099,315099,315116,17,0
315099,315099,315117,18,0
315099,315099,315118,19,0
315099,315099,315122,23,0
315126,315126,315127,1,0
315126,315126,315127,1,0
315126,315126,315127,1,0
315126,315126,315127,1,0
315126,315126,315127,1,0
315126,315126,315128,2,0
315126,315126,315130,4,0
315126,315128,315130,2,2
315126,315126,315130,4,0
315126,315126,315131,5,0
315126,315128,315130,2,2
315126,315128,315130,2,2
315126,315126,315130,4,0
315126,315126,315130,4,0
315126,315126,315130,4,0
315126,315126,315130,4,0
315126,315126,315131,5,0
315126,315128,315130,2,2
315126,315126,315131,5,0
315126,315126,315132,6,0
315126,315126,315131,5,0
315126,315126,315131,5,0
315126,315126,315132,6,0
315126,315129,315131,2,3
315126,315126,315131,5,0
315126,315126,315132,6,0
315126,315128,315131,3,2
315126,315126,315133,7,0
315126,315126,315132,6,0
315126,315131,315133,2,5
315126,315130,315132,2,4
315126,315131,315133,2,5
315126,315131,315132,1,5
315126,315126,315132,6,0
315126,315126,315134,8,0
315126,315126,315133,7,0
315126,315132,315133,1,6
315126,315126,315134,8,0
315126,315131,315133,2,5
315126,315132,315133,1,6
315126,315131,315133,2,5
315126,315130,315133,3,4
315126,315133,315134,1,7
315126,315126,315133,7,0
315126,315131,315134,3,5
315126,315131,315134,3,5
315126,315132,315134,2,6
315126,315132,315135,3,6
315126,315132,315135,3,6
315126,315132,315134,2,6
315126,315132,315134,2,6
315126,315132,315135,3,6
315126,315132,315134,2,6
315126,315126,315134,8,0
315126,315133,315134,1,7
315126,315133,315134,1,7
315126,315133,315135,2,7
315126,315131,315135,4,5
315126,315133,315135,2,7
315126,315134,315135,1,8
315126,315126,315136,10,0
315126,315133,315135,2,7
315126,315126,315136,10,0
315126,315126,315135,9,0
315126,315133,315135,2,7
315126,315126,315136,10,0
315126,315130,315136,6,4
315126,315131,315137,6,5
315126,315126,315137,11,0
315126,315126,315137,11,0
315126,315126,315137,11,0
315126,315126,315137,11,0
315126,315126,315138,12,0
315126,315126,315138,12,0
315126,315126,315139,13,0
315126,315126,315140,14,0
315126,315126,315141,15,0
315126,315126,315144,18,0
315126,315126,315144,18,0
315147,315147,315149,2,0
315147,315147,315149,2,0
315147,315147,315149,2,0
315147,315147,315149,2,0
315147,315147,315149,2,0
315147,315147,315149,2,0
315147,315150,315151,1,3
315147,315150,315151,1,3
315147,315148,315152,4,1
315147,315148,315153,5,1
315147,315150,315152,2,3
315147,315147,315152,5,0
315147,315150,315152,2,3
315147,315150,315152,2,3
315147,315150,315153,3,3
315147,315148,315153,5,1
315147,315148,315154,6,1
315147,315148,315154,6,1
315147,315148,315154,6,1
315147,315153,315154,1,6
315147,315148,315154,6,1
315147,315153,315154,1,6
315147,315153,315154,1,6
315147,315152,315154,2,5
315147,315153,315154,1,6
315147,315148,315155,7,1
315147,315152,315155,3,5
315147,315148,315155,7,1
315147,315147,315156,9,0
315147,315154,315155,1,7
315147,315148,315155,7,1
315147,315148,315156,8,1
315147,315155,315156,1,8
315147,315154,315156,2,7
315147,315155,315156,1,8
315147,315155,315156,1,8
315147,315155,315156,1,8
315147,315155,315156,1,8
315147,315155,315156,1,8
315147,315155,315157,2,8
315147,315148,315157,9,1
315147,315153,315157,4,6
315147,315155,315157,2,8
315147,315148,315157,9,1
315147,315156,315157,1,9
315147,315155,315157,2,8
315147,315148,315158,10,1
315147,315148,315157,9,1
315147,315157,315158,1,10
315147,315153,315157,4,6
315147,315148,315158,10,1
315147,315156,315157,1,9
315147,315156,315157,1,9
315147,315148,315158,10,1
315147,315156,315158,2,9
315147,315148,315158,10,1
315147,315148,315159,11,1
315147,315156,315158,2,9
315147,315156,315158,2,9
315147,315157,315158,1,10
315147,315147,315159,12,0
315147,315148,315160,12,1
315147,315157,315159,2,10
315147,315147,315159,12,0
315147,315147,315159,12,0
315147,315148,315159,11,1
315147,315147,315160,13,0
315147,315147,315159,12,0
315147,315148,315160,12,1
315147,315157,315159,2,10
315147,315148,315159,11,1
315147,315147,315160,13,0
315147,315148,315160,12,1
315147,315148,315160,12,1
315147,315147,315161,14,0
315147,315148,315161,13,1
315147,315148,315161,13,1
315147,315148,315164,16,1
315147,315147,315171,24,0
315174,315174,315176,2,0
315174,315174,315176,2,0
315174,315174,315177,3,0
315174,315174,315177,3,0
315174,315174,315177,3,0
315174,315174,315177,3,0
315174,315174,315178,4,0
315174,315174,315178,4,0
315174,315177,315178,1,3
315174,315177,315179,2,3
315174,315174,315180,6,0
315174,315174,315180,6,0
315174,315178,315180,2,4
315174,315178,315180,2,4
315174,315178,315180,2,4
315174,315178,315180,2,4
315174,315179,315180,1,5
315174,315179,315180,1,5
315174,315180,315181,1,6
315174,315174,315182,8,0
315174,315179,315182,3,5
315174,315174,315182,8,0
315174,315174,315182,8,0
315174,315174,315182,8,0
315174,315181,315182,1,7
315174,315174,315182,8,0
315174,315181,315183,2,7
315174,315181,315182,1,7
315174,315181,315182,1,7
315174,315174,315183,9,0
315174,315181,315183,2,7
315174,315181,315183,2,7
315174,315182,315183,1,8
315174,315181,315184,3,7
315174,315174,315184,10,0
315174,315174,315184,10,0
315174,315183,315184,1,9
315174,315184,315185,1,10
315174,315183,315184,1,9
315174,315183,315184,1,9
315174,315183,315184,1,9
315174,315183,315184,1,9
315174,315174,315184,10,0
315174,315183,315184,1,9
315174,315183,315184,1,9
315174,315174,315184,10,0
315174,315174,315185,11,0
315174,315174,315185,11,0
315174,315174,315185,11,0
315174,315174,315185,11,0
315174,315183,315185,2,9
315174,315174,315185,11,0
315174,315183,315185,2,9
315174,315174,315185,11,0
315174,315174,315186,12,0
315174,315174,315185,11,0
315174,315174,315185,11,0
315174,315174,315186,12,0
315174,315184,315185,1,10
315174,315184,315185,1,10
315174,315174,315186,12,0
315174,315174,315186,12,0
315174,315184,315186,2,10
315174,315174,315186,12,0
315174,315174,315186,12,0
315174,315174,315187,13,0
315174,315185,315187,2,11
315174,315183,315187,4,9
315174,315185,315187,2,11
315174,315181,315187,6,7
315174,315174,315187,13,0
315174,315174,315187,13,0
315174,315174,315188,14,0
315174,315174,315191,17,0
315174,315174,315191,17,0
315174,315174,315192,18,0
315174,315174,315194,20,0
315174,315174,315196,22,0
315174,315174,315198,24,0
315201,315201,315203,2,0
315201,315201,315203,2,0
315201,315201,315203,2,0
315201,315201,315203,2,0
315201,315201,315203,2,0
315201,315201,315203,2,0
315201,315201,315204,3,0
315201,315203,315205,2,2
315201,315203,315205,2,2
315201,315203,315205,2,2
315201,315203,315205,2,2
315201,315201,315207,6,0
315201,315203,315206,3,2
315201,315203,315207,4,2
315201,315205,315207,2,4
315201,315201,315208,7,0
315201,315201,315207,6,0
315201,315205,315208,3,4
315201,315205,315208,3,4
315201,315206,315208,2,5
315201,315201,315209,8,0
315201,315201,315209,8,0
315201,315201,315209,8,0
315201,315207,315209,2,6
315201,315207,315209,2,6
315201,315207,315209,2,6
315201,315205,315208,3,4
315201,315201,315209,8,0
315201,315201,315210,9,0
315201,315201,315210,9,0
315201,315208,315210,2,7
315201,315208,315210,2,7
315201,315201,315210,9,0
315201,315201,315210,9,0
315201,315201,315210,9,0
315201,315208,315210,2,7
315201,315208,315209,1,7
315201,315201,315210,9,0
315201,315208,315211,3,7
315201,315201,315211,10,0
315201,315209,315211,2,8
315201,315209,315211,2,8
315201,315209,315211,2,8
315201,315201,315211,10,0
315201,315209,315210,1,8
315201,315201,315211,10,0
315201,315209,315210,1,8
315201,315209,315211,2,8
315201,315209,315212,3,8
315201,315201,315212,11,0
315201,315201,315212,11,0
315201,315210,315212,2,9
315201,315210,315211,1,9
315201,315210,315212,2,9
315201,315210,315212,2,9
315201,315210,315212,2,9
315201,315210,315212,2,9
315201,315201,315213,12,0
315201,315209,315212,3,8
315201,315207,315213,6,6
315201,315201,315212,11,0
315201,315210,315212,2,9
315201,315201,315213,12,0
315201,315201,315214,13,0
315201,315201,315213,12,0
315201,315201,315214,13,0
315201,315201,315215,14,0
315201,315201,315214,13,0
315201,315201,315215,14,0
315201,315201,315215,14,0
315201,315201,315215,14,0
315201,315201,315215,14,0
315201,315201,315217,16,0
315201,315201,315219,18,0
315201,315201,315219,18,0
315201,315201,315219,18,0
315201,315201,315219,18,0
315201,315201,315221,20,0
315201,315201,315222,21,0
315226,315226,315228,2,0
315226,315226,315227,1,0
315226,315226,315227,1,0
315226,315226,315228,2,0
315226,315226,315227,1,0
315226,315226,315228,2,0
315226,315226,315229,3,0
315226,315228,315230,2,2
315226,315228,315230,2,2
315226,315228,315231,3,2
315226,315228,315230,2,2
315226,315228,315230,2,2
315226,315229,315230,1,3
315226,315228,315231,3,2
315226,315230,315232,2,4
315226,315230,315232,2,4
315226,315226,315232,6,0
315226,315226,315232,6,0
315226,315231,315232,1,5
315226,315231,315233,2,5
315226,315231,315232,1,5
315226,315231,315232,1,5
315226,315226,315233,7,0
315226,315226,315233,7,0
315226,315226,315234,8,0
315226,315226,315234,8,0
315226,315226,315234,8,0
315226,315226,315234,8,0
315226,315232,315233,1,6
315226,315226,315233,7,0
315226,315232,315234,2,6
315226,315232,315233,1,6
315226,315226,315234,8,0
315226,315226,315235,9,0
315226,315226,315234,8,0
315226,315226,315234,8,0
315226,315226,315234,8,0
315226,315233,315234,1,7
315226,315233,315234,1,7
315226,315226,315235,9,0
315226,315226,315234,8,0
315226,315226,315235,9,0
315226,315233,315235,2,7
315226,315226,315235,9,0
315226,315226,315235,9,0
315226,315233,315235,2,7
315226,315226,315236,10,0
315226,315226,315235,9,0
315226,315233,315236,3,7
315226,315234,315235,1,8
315226,315234,315235,1,8
315226,315234,315236,2,8
315226,315234,315236,2,8
315226,315234,315236,2,8
315226,315233,315235,2,7
315226,315234,315235,1,8
315226,315234,315237,3,8
315226,315226,315237,11,0
315226,315226,315236,10,0
315226,315234,315237,3,8
315226,315234,315237,3,8
315226,315234,315237,3,8
315226,315226,315236,10,0
315226,315226,315237,11,0
315226,315235,315237,2,9
315226,315226,315237,11,0
315226,315235,315237,2,9
315226,315235,315238,3,9
315226,315226,315239,13,0
315226,315226,315239,13,0
315226,315226,315240,14,0
315226,315226,315241,15,0
315226,315226,315241,15,0
315226,315226,315240,14,0
315226,315226,315242,16,0
315226,315226,315242,16,0
315226,315226,315244,18,0
315226,315226,315244,18,0
315226,315226,315248,22,0
315251,315251,315252,1,0
315251,315251,315252,1,0
315251,315251,315252,1,0
315251,315251,315253,2,0
315251,315251,315252,1,0
315251,315251,315253,2,0
315251,315253,315254,1,2
315251,315253,315255,2,2
315251,315251,315254,3,0
315251,315253,315254,1,2
315251,315254,315255,1,3
315251,315253,315256,3,2
315251,315253,315256,3,2
315251,315255,315257,2,4
315251,315255,315256,1,4
315251,315255,315257,2,4
315251,315255,315256,1,4
315251,315256,315257,1,5
315251,315256,315257,1,5
315251,315256,315257,1,5
315251,315251,315259,8,0
315251,315251,315258,7,0
315251,315251,315259,8,0
315251,315251,315258,7,0
315251,315257,315258,1,6
315251,315251,315259,8,0
315251,315257,315259,2,6
315251,315257,315258,1,6
315251,315257,315258,1,6
315251,315251,315259,8,0
315251,315251,315259,8,0
315251,315251,315259,8,0
315251,315251,315259,8,0
315251,315251,315260,9,0
315251,315251,315259,8,0
315251,315258,315259,1,7
315251,315258,315259,1,7
315251,315251,315259,8,0
315251,315258,315259,1,7
315251,315251,315260,9,0
315251,315251,315260,9,0
315251,315251,315260,9,0
315251,315259,315261,2,8
315251,315251,315260,9,0
315251,315259,315261,2,8
315251,315251,315260,9,0
315251,315259,315260,1,8
315251,315259,315260,1,8
315251,315259,315260,1,8
315251,315259,315261,2,8
315251,315251,315261,10,0
315251,315259,315262,3,8
315251,315251,315261,10,0
315251,315251,315262,11,0
315251,315260,315261,1,9
315251,315260,315261,1,9
315251,315251,315261,10,0
315251,315251,315261,10,0
315251,315260,315262,2,9
315251,315260,315262,2,9
315251,315259,315262,3,8
315251,315259,315262,3,8
315251,315251,315263,12,0
315251,315251,315262,11,0
315251,315260,315262,2,9
315251,315260,315262,2,9
315251,315251,315263,12,0
315251,315251,315263,12,0
315251,315251,315263,12,0
315251,315251,315264,13,0
315251,315251,315265,14,0
315251,315251,315265,14,0
315251,315251,315265,14,0
315251,315251,315266,15,0
315251,315251,315266,15,0
315251,315251,315265,14,0
315251,315251,315267,16,0
315251,315251,315270,19,0
315251,315251,315272,21,0
315275,315276,315277,1,1
315275,315276,315278,2,1
315275,315276,315277,1,1
315275,315276,315277,1,1
315275,315276,315277,1,1
315275,315276,315277,1,1
315275,315276,315279,3,1
315275,315278,315279,1,3
315275,315278,315279,1,3
315275,315278,315280,2,3
315275,315278,315280,2,3
315275,315278,315280,2,3
315275,315278,315281,3,3
315275,315280,315281,1,5
315275,315280,315281,1,5
315275,315280,315281,1,5
315275,315281,315282,1,6
315275,315281,315282,1,6
315275,315281,315282,1,6
315275,315281,315282,1,6
315275,315276,315284,8,1
315275,315276,315283,7,1
315275,315276,315283,7,1
315275,315276,315284,8,1
315275,315276,315283,7,1
315275,315282,315283,1,7
315275,315276,315284,8,1
315275,315282,315283,1,7
315275,315276,315284,8,1
315275,315282,315283,1,7
315275,315276,315284,8,1
315275,315276,315285,9,1
315275,315283,315284,1,8
315275,315276,315284,8,1
315275,315283,315285,2,8
315275,315283,315285,2,8
315275,315276,315285,9,1
315275,315276,315285,9,1
315275,315276,315286,10,1
315275,315285,315286,1,10
315275,315276,315285,9,1
315275,315283,315285,2,8
315275,315284,315285,1,9
315275,315276,315286,10,1
315275,315284,315285,1,9
315275,315284,315285,1,9
315275,315276,315286,10,1
315275,315284,315285,1,9
315275,315284,315285,1,9
315275,315284,315285,1,9
315275,315276,315286,10,1
315275,315284,315286,2,9
315275,315276,315286,10,1
315275,315284,315287,3,9
315275,315284,315286,2,9
315275,315276,315286,10,1
315275,315284,315286,2,9
315275,315285,315287,2,10
315275,315276,315286,10,1
315275,315285,315286,1,10
315275,315285,315286,1,10
315275,315276,315287,11,1
315275,315285,315287,2,10
315275,315276,315287,11,1
315275,315276,315287,11,1
315275,315276,315289,13,1
315275,315276,315289,13,1
315275,315276,315290,14,1
315275,315276,315289,13,1
315275,315276,315289,13,1
315275,315276,315289,13,1
315275,315276,315290,14,1
315275,315276,315291,15,1
315275,315276,315292,16,1
315275,315276,315294,18,1
315275,315276,315296,20,1
315275,315276,315296,20,1
315275,315276,315298,22,1
315275,315276,315299,23,1
315302,315302,315304,2,0
315302,315302,315304,2,0
315302,315302,315304,2,0
315302,315302,315304,2,0
315302,315302,315304,2,0
315302,315302,315304,2,0
315302,315304,315306,2,2
315302,315304,315306,2,2
315302,315302,315306,4,0
315302,315304,315306,2,2
315302,315304,315306,2,2
315302,315304,315306,2,2
315302,315302,315307,5,0
315302,315304,315307,3,2
315302,315302,315308,6,0
315302,315302,315308,6,0
315302,315302,315308,6,0
315302,315302,315308,6,0
315302,315307,315308,1,5
315302,315307,315308,1,5
315302,315307,315309,2,5
315302,315308,315309,1,6
315302,315302,315309,7,0
315302,315307,315309,2,5
315302,315307,315309,2,5
315302,315302,315310,8,0
315302,315307,315310,3,5
315302,315302,315310,8,0
315302,315302,315310,8,0
315302,315307,315310,3,5
315302,315309,315311,2,7
315302,315302,315311,9,0
315302,315302,315311,9,0
315302,315302,315311,9,0
315302,315302,315311,9,0
315302,315310,315311,1,8
315302,315302,315311,9,0
315302,315302,315311,9,0
315302,315310,315311,1,8
315302,315302,315311,9,0
315302,315309,315311,2,7
315302,315302,315312,10,0
315302,315310,315312,2,8
315302,315310,315312,2,8
315302,315311,315312,1,9
315302,315302,315312,10,0
315302,315302,315312,10,0
315302,315311,315312,1,9
315302,315311,315312,1,9
315302,315310,315312,2,8
315302,315302,315312,10,0
315302,315312,315313,1,10
315302,315309,315313,4,7
315302,315309,315313,4,7
315302,315302,315313,11,0
315302,315308,315313,5,6
315302,315311,315313,2,9
315302,315309,315313,4,7
315302,315302,315313,11,0
315302,315312,315313,1,10
315302,315302,315314,12,0
315302,315302,315314,12,0
315302,315311,315314,3,9
315302,315302,315314,12,0
315302,315302,315314,12,0
315302,315312,315314,2,10
315302,315312,315314,2,10
315302,315302,315314,12,0
315302,315302,315314,12,0
315302,315310,315316,6,8
315302,315302,315317,15,0
315302,315302,315317,15,0
315302,315302,315317,15,0
315302,315302,315318,16,0
315302,315302,315318,16,0
315302,315302,315319,17,0
315302,315302,315319,17,0
315302,315302,315320,18,0
315302,315302,315321,19,0
315324,315324,315326,2,0
315324,315324,315326,2,0
315324,315324,315326,2,0
315324,315324,315326,2,0
315324,315324,315326,2,0
315324,315324,315326,2,0
315324,315326,315328,2,2
315324,315324,315328,4,0
315324,315326,315328,2,2
315324,315326,315329,3,2
315324,315326,315328,2,2
315324,315326,315329,3,2
315324,315328,315330,2,4
315324,315328,315330,2,4
315324,315326,315329,3,2
315324,315324,315331,7,0
315324,315328,315331,3,4
315324,315330,315331,1,6
315324,315324,315332,8,0
315324,315324,315332,8,0
315324,315329,315332,3,5
315324,315324,315332,8,0
315324,315330,315332,2,6
315324,315329,315332,3,5
315324,315331,315332,1,7
315324,315324,315332,8,0
315324,315324,315332,8,0
315324,315324,315333,9,0
315324,315324,315333,9,0
315324,315324,315333,9,0
315324,315324,315333,9,0
315324,315333,315334,1,9
315324,315324,315333,9,0
315324,315331,315333,2,7
315324,315324,315334,10,0
315324,315324,315334,10,0
315324,315324,315334,10,0
315324,315324,315334,10,0
315324,315332,315334,2,8
315324,315324,315334,10,0
315324,315333,315335,2,9
315324,315333,315334,1,9
315324,315324,315334,10,0
315324,315332,315335,3,8
315324,315333,315334,1,9
315324,315334,315335,1,10
315324,315324,315334,10,0
315324,315324,315335,11,0
315324,315324,315334,10,0
315324,315324,315335,11,0
315324,315324,315335,11,0
315324,315331,315335,4,7
315324,315334,315335,1,10
315324,315334,315335,1,10
315324,315333,315336,3,9
315324,315324,315335,11,0
315324,315334,315335,1,10
315324,315324,315336,12,0
315324,315333,315336,3,9
315324,315324,315336,12,0
315324,315324,315336,12,0
315324,315333,315336,3,9
315324,315334,315336,2,10
315324,315333,315336,3,9
315324,315324,315336,12,0
315324,315324,315337,13,0
315324,315324,315337,13,0
315324,315332,315337,5,8
315324,315324,315337,13,0
315324,315324,315337,13,0
315324,315324,315338,14,0
315324,315332,315338,6,8
315324,315324,315339,15,0
315324,315324,315339,15,0
315324,315331,315341,10,7
315324,315324,315342,18,0
315324,315324,315343,19,0
315324,315324,315344,20,0
315347,315347,315349,2,0
315347,315347,315349,2,0
315347,315347,315349,2,0
315347,315347,315349,2,0
315347,315347,315349,2,0
315347,315347,315350,3,0
315347,315349,315352,3,2
315347,315349,315352,3,2
315347,315349,315352,3,2
315347,315349,315352,3,2
315347,315349,315351,2,2
315347,315347,315353,6,0
315347,315347,315353,6,0
315347,315347,315353,6,0
315347,315350,315353,3,3
315347,315347,315353,6,0
315347,315352,315354,2,5
315347,315352,315354,2,5
315347,315347,315354,7,0
315347,315352,315354,2,5
315347,315352,315354,2,5
315347,315352,315354,2,5
315347,315347,315354,7,0
315347,315347,315354,7,0
315347,315347,315355,8,0
315347,315347,315355,8,0
315347,315347,315355,8,0
315347,315347,315356,9,0
315347,315353,315356,3,6
315347,315353,315356,3,6
315347,315347,315356,9,0
315347,315347,315356,9,0
315347,315354,315356,2,7
315347,315354,315356,2,7
315347,315347,315356,9,0
315347,315347,315356,9,0
315347,315347,315356,9,0
315347,315354,315356,2,7
315347,315354,315356,2,7
315347,315355,315356,1,8
315347,315353,315356,3,6
315347,315355,315356,1,8
315347,315353,315357,4,6
315347,315347,315357,10,0
315347,315347,315357,10,0
315347,315347,315357,10,0
315347,315347,315357,10,0
315347,315347,315357,10,0
315347,315347,315357,10,0
315347,315347,315357,10,0
315347,315347,315358,11,0
315347,315356,315358,2,9
315347,315357,315358,1,10
315347,315357,315358,1,10
315347,315347,315358,11,0
315347,315357,315358,1,10
315347,315347,315359,12,0
315347,315347,315359,12,0
315347,315355,315359,4,8
315347,315347,315359,12,0
315347,315347,315359,12,0
315347,315355,315359,4,8
315347,315355,315360,5,8
315347,315355,315360,5,8
315347,315347,315360,13,0
315347,315356,315360,4,9
315347,315356,315360,4,9
315347,315355,315360,5,8
315347,315356,315360,4,9
315347,315347,315360,13,0
315347,315354,315360,6,7
315347,315347,315361,14,0
315347,315356,315362,6,9
315347,315347,315363,16,0
315347,315347,315363,16,0
315347,315347,315364,17,0
315347,315347,315364,17,0
315347,315347,315367,20,0
315347,315347,315369,22,0
315372,315372,315374,2,0
315372,315372,315374,2,0
315372,315372,315374,2,0
315372,315372,315374,2,0
315372,315372,315375,3,0
315372,315372,315374,2,0
315372,315372,315376,4,0
315372,315374,315376,2,2
315372,315374,315376,2,2
315372,315374,315376,2,2
315372,315374,315375,1,2
315372,315372,315377,5,0
315372,315372,315377,5,0
315372,315375,315377,2,3
315372,315372,315377,5,0
315372,315372,315378,6,0
315372,315376,315378,2,4
315372,315375,315378,3,3
315372,315372,315379,7,0
315372,315376,315379,3,4
315372,315376,315378,2,4
315372,315376,315379,3,4
315372,315377,315379,2,5
315372,315372,315380,8,0
315372,315372,315380,8,0
315372,315372,315380,8,0
315372,315372,315380,8,0
315372,315372,315380,8,0
315372,315378,315380,2,6
315372,315372,315381,9,0
315372,315372,315380,8,0
315372,315376,315381,5,4
315372,315378,315381,3,6
315372,315378,315380,2,6
315372,315379,315381,2,7
315372,315379,315381,2,7
315372,315379,315381,2,7
315372,315377,315382,5,5
315372,315379,315382,3,7
315372,315372,315383,11,0
315372,315380,315383,3,8
315372,315372,315383,11,0
315372,315372,315383,11,0
315372,315379,315383,4,7
315372,315372,315383,11,0
315372,315372,315383,11,0
315372,315372,315383,11,0
315372,315372,315383,11,0
315372,315381,315383,2,9
315372,315372,315383,11,0
315372,315380,315383,3,8
315372,315382,315383,1,10
315372,315382,315383,1,10
315372,315381,315383,2,9
315372,315372,315384,12,0
315372,315372,315383,11,0
315372,315377,315384,7,5
315372,315380,315384,4,8
315372,315372,315384,12,0
315372,315372,315384,12,0
315372,315380,315384,4,8
315372,315372,315384,12,0
315372,315372,315384,12,0
315372,315372,315384,12,0
315372,315380,315385,5,8
315372,315378,315384,6,6
315372,315381,315385,4,9
315372,315381,315385,4,9
315372,315381,315385,4,9
315372,315372,315385,13,0
315372,315372,315386,14,0
315372,315372,315386,14,0
315372,315372,315386,14,0
315372,315372,315386,14,0
315372,315372,315386,14,0
315372,315372,315390,18,0
315372,315372,315392,20,0
315372,315372,315393,21,0
315372,315372,315393,21,0
315396,315396,315398,2,0
315396,315396,315398,2,0
315396,315396,315398,2,0
315396,315396,315398,2,0
315396,315396,315399,3,0
315396,315396,315399,3,0
315396,315398,315400,2,2
315396,315398,315401,3,2
315396,315398,315401,3,2
315396,315396,315402,6,0
315396,315396,315401,5,0
315396,315399,315401,2,3
315396,315399,315401,2,3
315396,315396,315402,6,0
315396,315396,315401,5,0
315396,315399,315402,3,3
315396,315396,315403,7,0
315396,315396,315403,7,0
315396,315396,315403,7,0
315396,315396,315403,7,0
315396,315400,315403,3,4
315396,315401,315403,2,5
315396,315401,315403,2,5
315396,315396,315403,7,0
315396,315396,315404,8,0
315396,315396,315403,7,0
315396,315396,315404,8,0
315396,315396,315404,8,0
315396,315396,315403,7,0
315396,315402,315404,2,6
315396,315396,315404,8,0
315396,315396,315404,8,0
315396,315402,315404,2,6
315396,315396,315404,8,0
315396,315396,315404,8,0
315396,315396,315405,9,0
315396,315396,315405,9,0
315396,315402,315405,3,6
315396,315403,315405,2,7
315396,315396,315405,9,0
315396,315403,315405,2,7
315396,315402,315405,3,6
315396,315403,315405,2,7
315396,315403,315405,2,7
315396,315396,315405,9,0
315396,315402,315405,3,6
315396,315403,315405,2,7
315396,315396,315406,10,0
315396,315402,315406,4,6
315396,315404,315406,2,8
315396,315404,315406,2,8
315396,315403,315405,2,7
315396,315404,315406,2,8
315396,315404,315406,2,8
315396,315404,315406,2,8
315396,315404,315407,3,8
315396,315396,315407,11,0
315396,315402,315406,4,6
315396,315404,315407,3,8
315396,315404,315407,3,8
315396,315396,315407,11,0
315396,315396,315408,12,0
315396,315404,315407,3,8
315396,315396,315407,11,0
315396,315405,315408,3,9
315396,315396,315407,11,0
315396,315396,315408,12,0
315396,315404,315408,4,8
315396,315405,315408,3,9
315396,315396,315408,12,0
315396,315396,315408,12,0
315396,315396,315409,13,0
315396,315396,315408,12,0
315396,315396,315409,13,0
315396,315396,315409,13,0
315396,315396,315409,13,0
315396,315396,315409,13,0
315396,315403,315409,6,7
315396,315396,315411,15,0
315414,315414,315415,1,0
315414,315414,315415,1,0
315414,315414,315416,2,0
315414,315414,315416,2,0
315414,315414,315416,2,0
315414,315414,315417,3,0
315414,315414,315418,4,0
315414,315414,315419,5,0
315414,315416,315418,2,2
315414,315416,315419,3,2
315414,315416,315419,3,2
315414,315414,315420,6,0
315414,315417,315419,2,3
315414,315416,315419,3,2
315414,315417,315419,2,3
315414,315414,315420,6,0
315414,315414,315420,6,0
315414,315414,315420,6,0
315414,315414,315421,7,0
315414,315414,315421,7,0
315414,315414,315421,7,0
315414,315414,315421,7,0
315414,315414,315421,7,0
315414,315414,315422,8,0
315414,315414,315422,8,0
315414,315414,315422,8,0
315414,315414,315422,8,0
315414,315414,315421,7,0
315414,315414,315422,8,0
315414,315420,315422,2,6
315414,315414,315422,8,0
315414,315414,315421,7,0
315414,315419,315421,2,5
315414,315414,315422,8,0
315414,315419,315421,2,5
315414,315414,315422,8,0
315414,315420,315422,2,6
315414,315414,315422,8,0
315414,315419,315422,3,5
315414,315420,315422,2,6
315414,315414,315423,9,0
315414,315414,315422,8,0
315414,315414,315423,9,0
315414,315420,315422,2,6
315414,315421,315423,2,7
315414,315421,315423,2,7
315414,315421,315423,2,7
315414,315421,315423,2,7
315414,315414,315423,9,0
315414,315414,315423,9,0
315414,315419,315423,4,5
315414,315414,315423,9,0
315414,315420,315424,4,6
315414,315414,315423,9,0
315414,315414,315424,10,0
315414,315418,315424,6,4
315414,315421,315423,2,7
315414,315421,315423,2,7
315414,315422,315424,2,8
315414,315422,315423,1,8
315414,315421,315423,2,7
315414,315422,315424,2,8
315414,315422,315424,2,8
315414,315422,315424,2,8
315414,315422,315424,2,8
315414,315422,315424,2,8
315414,315414,315424,10,0
315414,315414,315424,10,0
315414,315414,315424,10,0
315414,315414,315425,11,0
315414,315422,315424,2,8
315414,315422,315425,3,8
315414,315414,315426,12,0
315414,315414,315426,12,0
315414,315422,315426,4,8
315414,315422,315426,4,8
315414,315422,315427,5,8
315414,315414,315430,16,0
315414,315414,315431,17,0
315435,315435,315436,1,0
315435,315435,315437,2,0
315435,315435,315436,1,0
315435,315435,315437,2,0
315435,315435,315437,2,0
315435,315435,315437,2,0
315435,315437,315439,2,2
315435,315437,315439,2,2
315435,315438,315440,2,3
315435,315437,315440,3,2
315435,315437,315440,3,2
315435,315438,315440,2,3
315435,315435,315442,7,0
315435,315435,315442,7,0
315435,315435,315441,6,0
315435,315435,315442,7,0
315435,315435,315442,7,0
315435,315435,315441,6,0
315435,315435,315442,7,0
315435,315439,315441,2,4
315435,315435,315442,7,0
315435,315440,315442,2,5
315435,315441,315443,2,6
315435,315435,315442,7,0
315435,315441,315443,2,6
315435,315435,315443,8,0
315435,315435,315443,8,0
315435,315435,315444,9,0
315435,315435,315444,9,0
315435,315441,315443,2,6
315435,315441,315443,2,6
315435,315435,315444,9,0
315435,315435,315443,8,0
315435,315435,315444,9,0
315435,315435,315444,9,0
315435,315435,315444,9,0
315435,315435,315444,9,0
315435,315435,315444,9,0
315435,315442,315444,2,7
315435,315435,315444,9,0
315435,315442,315444,2,7
315435,315443,315445,2,8
315435,315442,315444,2,7
315435,315435,315445,10,0
315435,315442,315444,2,7
315435,315442,315444,2,7
315435,315443,315445,2,8
315435,315435,315445,10,0
315435,315435,315446,11,0
315435,315435,315446,11,0
315435,315435,315445,10,0
315435,315442,315446,4,7
315435,315444,315445,1,9
315435,315443,315446,3,8
315435,315443,315446,3,8
315435,315444,315445,1,9
315435,315444,315445,1,9
315435,315444,315446,2,9
315435,315444,315445,1,9
315435,315444,315446,2,9
315435,315444,315445,1,9
315435,315435,315446,11,0
315435,315435,315446,11,0
315435,315442,315446,4,7
315435,315435,315447,12,0
315435,315442,315446,4,7
315435,315444,315447,3,9
315435,315435,315446,11,0
315435,315435,315447,12,0
315435,315435,315446,11,0
315435,315435,315448,13,0
315435,315435,315447,12,0
315435,315443,315447,4,8
315435,315435,315448,13,0
315435,315444,315449,5,9
315435,315444,315448,4,9
315435,315435,315450,15,0
315435,315435,315451,16,0
315435,315435,315452,17,0
315456,315456,315458,2,0
315456,315456,315458,2,0
315456,315456,315457,1,0
315456,315456,315458,2,0
315456,315456,315458,2,0
315456,315456,315458,2,0
315456,315456,315460,4,0
315456,315456,315460,4,0
315456,315456,315460,4,0
315456,315456,315460,4,0
315456,315458,315460,2,2
315456,315459,315461,2,3
315456,315458,315460,2,2
315456,315459,315461,2,3
315456,315458,315462,4,2
315456,315456,315461,5,0
315456,315456,315461,5,0
315456,315456,315462,6,0
315456,315459,315461,2,3
315456,315456,315463,7,0
315456,315456,315462,6,0
315456,315456,315462,6,0
315456,315456,315463,7,0
315456,315461,315463,2,5
315456,315456,315462,6,0
315456,315461,315463,2,5
315456,315456,315462,6,0
315456,315461,315463,2,5
315456,315461,315463,2,5
315456,315456,315463,7,0
315456,315456,315463,7,0
315456,315456,315464,8,0
315456,315461,315464,3,5
315456,315456,315463,7,0
315456,315462,315463,1,6
315456,315456,315463,7,0
315456,315462,315463,1,6
315456,315456,315464,8,0
315456,315456,315463,7,0
315456,315456,315464,8,0
315456,315456,315464,8,0
315456,315456,315464,8,0
315456,315456,315465,9,0
315456,315462,315465,3,6
315456,315462,315464,2,6
315456,315456,315465,9,0
315456,315462,315464,2,6
315456,315463,315465,2,7
315456,315456,315465,9,0
315456,315456,315465,9,0
315456,315463,315465,2,7
315456,315463,315464,1,7
315456,315463,315465,2,7
315456,315456,315466,10,0
315456,315461,315466,5,5
315456,315461,315466,5,5
315456,315456,315465,9,0
315456,315464,315466,2,8
315456,315463,315466,3,7
315456,315463,315465,2,7
315456,315463,315465,2,7
315456,315463,315466,3,7
315456,315463,315465,2,7
315456,315464,315465,1,8
315456,315464,315465,1,8
315456,315456,315466,10,0
315456,315456,315466,10,0
315456,315461,315466,5,5
315456,315456,315467,11,0
315456,315456,315466,10,0
315456,315456,315467,11,0
315456,315464,315467,3,8
315456,315464,315467,3,8
315456,315464,315467,3,8
315456,315463,315468,5,7
315456,315456,315468,12,0
315456,315456,315469,13,0
315456,315456,315468,12,0
315456,315456,315469,13,0
315473,315473,315474,1,0
315473,315473,315474,1,0
315473,315473,315474,1,0
315473,315473,315475,2,0
315473,315473,315476,3,0
315473,315473,315477,4,0
315473,315475,315477,2,2
315473,315473,315476,3,0
315473,315475,315477,2,2
315473,315473,315477,4,0
315473,315475,315477,2,2
315473,315473,315477,4,0
315473,315475,315477,2,2
315473,315473,315477,4,0
315473,315476,315477,1,3
315473,315473,315478,5,0
315473,315473,315479,6,0
315473,315473,315478,5,0
315473,315473,315478,5,0
315473,315473,315478,5,0
315473,315477,315478,1,4
315473,315477,315478,1,4
315473,315473,315480,7,0
315473,315477,315479,2,4
315473,315473,315479,6,0
315473,315478,315479,1,5
315473,315478,315479,1,5
315473,315478,315480,2,5
315473,315473,315480,7,0
315473,315473,315481,8,0
315473,315478,315480,2,5
315473,315478,315480,2,5
315473,315473,315480,7,0
315473,315473,315481,8,0
315473,315479,315480,1,6
315473,315479,315480,1,6
315473,315479,315481,2,6
315473,315477,315481,4,4
315473,315473,315481,8,0
315473,315480,315481,1,7
315473,315473,315481,8,0
315473,315473,315482,9,0
315473,315473,315481,8,0
315473,315480,315481,1,7
315473,315479,315481,2,6
315473,315479,315481,2,6
315473,315473,315482,9,0
315473,315473,315482,9,0
315473,315480,315481,1,7
315473,315479,315481,2,6
315473,315480,315481,1,7
315473,315473,315481,8,0
315473,315473,315483,10,0
315473,315480,315482,2,7
315473,315473,315482,9,0
315473,315479,315482,3,6
315473,315480,315482,2,7
315473,315478,315482,4,5
315473,315480,315482,2,7
315473,315473,315482,9,0
315473,315473,315483,10,0
315473,315481,315482,1,8
315473,315473,315482,9,0
315473,315481,315482,1,8
315473,315481,315482,1,8
315473,315473,315483,10,0
315473,315473,315483,10,0
315473,315473,315483,10,0
315473,315481,315484,3,8
315473,315481,315483,2,8
315473,315481,315484,3,8
315473,315473,315484,11,0
315473,315473,315484,11,0
315473,315473,315484,11,0
315473,315473,315484,11,0
315473,315473,315485,12,0
315473,315473,315486,13,0
315473,315473,315491,18,0
315473,315473,315490,17,0
315494,315494,315495,1,0
315494,315494,315495,1,0
315494,315494,315495,1,0
315494,315494,315495,1,0
315494,315494,315496,2,0
315494,315494,315498,4,0
315494,315497,315498,1,3
315494,315496,315497,1,2
315494,315496,315497,1,2
315494,315496,315497,1,2
315494,315496,315497,1,2
315494,315494,315498,4,0
315494,315494,315498,4,0
315494,315494,315498,4,0
315494,315494,315499,5,0
315494,315494,315500,6,0
315494,315494,315500,6,0
315494,315498,315499,1,4
315494,315498,315499,1,4
315494,315498,315499,1,4
315494,315498,315499,1,4
315494,315498,315499,1,4
315494,315494,315500,6,0
315494,315494,315501,7,0
315494,315494,315500,6,0
315494,315494,315500,6,0
315494,315494,315500,6,0
315494,315498,315500,2,4
315494,315494,315501,7,0
315494,315499,315501,2,5
315494,315494,315502,8,0
315494,315499,315502,3,5
315494,315494,315501,7,0
315494,315494,315502,8,0
315494,315499,315501,2,5
315494,315494,315502,8,0
315494,315500,315502,2,6
315494,315500,315502,2,6
315494,315500,315501,1,6
315494,315500,315501,1,6
315494,315494,315501,7,0
315494,315500,315502,2,6
315494,315500,315501,1,6
315494,315494,315502,8,0
315494,315500,315502,2,6
315494,315494,315503,9,0
315494,315494,315503,9,0
315494,315494,315502,8,0
315494,315500,315502,2,6
315494,315494,315503,9,0
315494,315494,315502,8,0
315494,315501,315502,1,7
315494,315494,315502,8,0
315494,315501,315502,1,7
315494,315494,315503,9,0
315494,315501,315503,2,7
315494,315501,315503,2,7
315494,315501,315503,2,7
315494,315501,315503,2,7
315494,315501,315504,3,7
315494,315501,315504,3,7
315494,315494,315503,9,0
315494,315494,315504,10,0
315494,315494,315504,10,0
315494,315502,315504,2,8
315494,315502,315504,2,8
315494,315494,315504,10,0
315494,315502,315504,2,8
315494,315502,315504,2,8
315494,315502,315504,2,8
315494,315494,315505,11,0
315494,315494,315504,10,0
315494,315494,315505,11,0
315494,315494,315505,11,0
315494,315494,315506,12,0
315494,315494,315506,12,0
315494,315494,315508,14,0
315494,315494,315508,14,0
315494,315494,315511,17,0
315514,315514,315516,2,0
315514,315514,315516,2,0
315514,315514,315516,2,0
315514,315514,315516,2,0
315514,315514,315517,3,0
315514,315514,315518,4,0
315514,315514,315519,5,0
315514,315515,315519,4,1
315514,315517,315520,3,3
315514,315517,315519,2,3
315514,315517,315519,2,3
315514,315517,315519,2,3
315514,315518,315520,2,4
315514,315514,315520,6,0
315514,315515,315520,5,1
315514,315514,315520,6,0
315514,315514,315520,6,0
315514,315519,315521,2,5
315514,315514,315521,7,0
315514,315515,315521,6,1
315514,315514,315521,7,0
315514,315515,315521,6,1
315514,315514,315521,7,0
315514,315514,315521,7,0
315514,315520,315521,1,6
315514,315520,315521,1,6
315514,315515,315522,7,1
315514,315514,315522,8,0
315514,315514,315522,8,0
315514,315520,315522,2,6
315514,315514,315523,9,0
315514,315521,315522,1,7
315514,315514,315522,8,0
315514,315520,315522,2,6
315514,315521,315522,1,7
315514,315515,315522,7,1
315514,315520,315523,3,6
315514,315514,315522,8,0
315514,315514,315522,8,0
315514,315521,315522,1,7
315514,315515,315523,8,1
315514,315521,315523,2,7
315514,315514,315523,9,0
315514,315521,315523,2,7
315514,315521,315523,2,7
315514,315514,315523,9,0
315514,315522,315523,1,8
315514,315522,315523,1,8
315514,315522,315523,1,8
315514,315514,315523,9,0
315514,315522,315524,2,8
315514,315514,315524,10,0
315514,315522,315524,2,8
315514,315522,315524,2,8
315514,315523,315524,1,9
315514,315523,315524,1,9
315514,315514,315524,10,0
315514,315514,315524,10,0
315514,315523,315524,1,9
315514,315523,315524,1,9
315514,315523,315524,1,9
315514,315523,315524,1,9
315514,315523,315524,1,9
315514,315514,315525,11,0
315514,315523,315525,2,9
315514,315520,315525,5,6
315514,315523,315525,2,9
315514,315522,315525,3,8
315514,315514,315525,11,0
315514,315514,315527,13,0
315514,315514,315527,13,0
315514,315522,315526,4,8
315514,315514,315527,13,0
315514,315514,315527,13,0
315514,315514,315527,13,0
315514,315514,315528,14,0
315514,315514,315529,15,0
315514,315514,315529,15,0
315514,315514,315532,18,0
315534,315534,315536,2,0
315534,315534,315536,2,0
315534,315534,315536,2,0
315534,315534,315536,2,0
315534,315534,315536,2,0
315534,315534,315536,2,0
315534,315537,315538,1,3
315534,315534,315538,4,0
315534,315537,315538,1,3
315534,315534,315538,4,0
315534,315537,315538,1,3
315534,315534,315539,5,0
315534,315534,315538,4,0
315534,315534,315539,5,0
315534,315536,315539,3,2
315534,315534,315539,5,0
315534,315537,315539,2,3
315534,315537,315539,2,3
315534,315534,315540,6,0
315534,315534,315540,6,0
315534,315534,315540,6,0
315534,315534,315540,6,0
315534,315534,315540,6,0
315534,315534,315540,6,0
315534,315534,315540,6,0
315534,315539,315540,1,5
315534,315534,315540,6,0
315534,315539,315540,1,5
315534,315539,315540,1,5
315534,315534,315540,6,0
315534,315539,315540,1,5
315534,315539,315540,1,5
315534,315534,315541,7,0
315534,315534,315541,7,0
315534,315534,315541,7,0
315534,315534,315541,7,0
315534,315534,315541,7,0
315534,315540,315541,1,6
315534,315540,315541,1,6
315534,315540,315541,1,6
315534,315540,315541,1,6
315534,315534,315541,7,0
315534,315534,315542,8,0
315534,315534,315542,8,0
315534,315540,315542,2,6
315534,315534,315542,8,0
315534,315539,315542,3,5
315534,315534,315542,8,0
315534,315534,315542,8,0
315534,315534,315542,8,0
315534,315540,315542,2,6
315534,315540,315542,2,6
315534,315534,315542,8,0
315534,315541,315542,1,7
315534,315541,315542,1,7
315534,315541,315542,1,7
315534,315541,315542,1,7
315534,315541,315542,1,7
315534,315541,315542,1,7
315534,315541,315542,1,7
315534,315541,315542,1,7
315534,315534,315542,8,0
315534,315541,315542,1,7
315534,315541,315542,1,7
315534,315541,315542,1,7
315534,315534,315543,9,0
315534,315534,315543,9,0
315534,315541,315543,2,7
315534,315534,315543,9,0
315534,315541,315543,2,7
315534,315534,315543,9,0
315534,315534,315543,9,0
315534,315534,315544,10,0
315534,315542,315544,2,8
315534,315542,315544,2,8
315534,315542,315544,2,8
315534,315534,315544,10,0
315534,315534,315547,13,0
315534,315534,315551,17,0
315554,315554,315556,2,0
315554,315554,315556,2,0
315554,315554,315556,2,0
315554,315554,315556,2,0
315554,315554,315556,2,0
315554,315554,315557,3,0
315554,315554,315557,3,0
315554,315554,315557,3,0
315554,315554,315558,4,0
315554,315556,315558,2,2
315554,315556,315558,2,2
315554,315556,315558,2,2
315554,315556,315558,2,2
315554,315554,315558,4,0
315554,315557,315559,2,3
315554,315556,315558,2,2
315554,315554,315559,5,0
315554,315554,315560,6,0
315554,315554,315560,6,0
315554,315554,315559,5,0
315554,315554,315559,5,0
315554,315557,315559,2,3
315554,315554,315560,6,0
315554,315558,315560,2,4
315554,315554,315560,6,0
315554,315558,315560,2,4
315554,315554,315560,6,0
315554,315558,315560,2,4
315554,315558,315560,2,4
315554,315554,315560,6,0
315554,315554,315561,7,0
315554,315554,315560,6,0
315554,315558,315560,2,4
315554,315554,315561,7,0
315554,315554,315561,7,0
315554,315558,315561,3,4
315554,315559,315560,1,5
315554,315554,315561,7,0
315554,315554,315561,7,0
315554,315554,315561,7,0
315554,315554,315561,7,0
315554,315559,315560,1,5
315554,315559,315561,2,5
315554,315554,315561,7,0
315554,315559,315562,3,5
315554,315554,315562,8,0
315554,315554,315561,7,0
315554,315554,315562,8,0
315554,315560,315561,1,6
315554,315560,315562,2,6
315554,315560,315562,2,6
315554,315554,315562,8,0
315554,315554,315561,7,0
315554,315560,315562,2,6
315554,315560,315562,2,6
315554,315554,315562,8,0
315554,315554,315562,8,0
315554,315554,315561,7,0
315554,315554,315562,8,0
315554,315560,315562,2,6
315554,315554,315562,8,0
315554,315560,315562,2,6
315554,315560,315562,2,6
315554,315560,315562,2,6
315554,315554,315563,9,0
315554,315560,315562,2,6
315554,315554,315563,9,0
315554,315554,315563,9,0
315554,315560,315563,3,6
315554,315560,315563,3,6
315554,315554,315562,8,0
315554,315554,315563,9,0
315554,315561,315563,2,7
315554,315561,315564,3,7
315554,315561,315563,2,7
315554,315561,315564,3,7
315554,315561,315564,3,7
315554,315561,315564,3,7
315554,315554,315567,13,0
315570,315570,315572,2,0
315570,315570,315572,2,0
315570,315570,315572,2,0
315570,315570,315572,2,0
315570,315570,315572,2,0
315570,315570,315572,2,0
315570,315572,315574,2,2
315570,315572,315573,1,2
315570,315572,315573,1,2
315570,315572,315574,2,2
315570,315570,315574,4,0
315570,315570,315575,5,0
315570,315570,315574,4,0
315570,315572,315574,2,2
315570,315573,315574,1,3
315570,315570,315576,6,0
315570,315570,315575,5,0
315570,315570,315575,5,0
315570,315570,315576,6,0
315570,315570,315575,5,0
315570,315570,315575,5,0
315570,315570,315576,6,0
315570,315574,315575,1,4
315570,315574,315575,1,4
315570,315574,315576,2,4
315570,315574,315575,1,4
315570,315570,315576,6,0
315570,315570,315576,6,0
315570,315570,315576,6,0
315570,315575,315576,1,5
315570,315570,315577,7,0
315570,315575,315577,2,5
315570,315570,315577,7,0
315570,315575,315577,2,5
315570,315575,315577,2,5
315570,315570,315578,8,0
315570,315570,315578,8,0
315570,315576,315577,1,6
315570,315570,315577,7,0
315570,315576,315577,1,6
315570,315570,315578,8,0
315570,315575,315578,3,5
315570,315570,315577,7,0
315570,315576,315578,2,6
315570,315570,315577,7,0
315570,315576,315577,1,6
315570,315577,315579,2,7
315570,315576,315579,3,6
315570,315570,315579,9,0
315570,315576,315578,2,6
315570,315576,315578,2,6
315570,315570,315579,9,0
315570,315570,315578,8,0
315570,315577,315578,1,7
315570,315577,315578,1,7
315570,315570,315579,9,0
315570,315570,315579,9,0
315570,315576,315578,2,6
315570,315576,315579,3,6
315570,315576,315579,3,6
315570,315570,315578,8,0
315570,315577,315578,1,7
315570,315570,315578,8,0
315570,315577,315578,1,7
315570,315570,315579,9,0
315570,315570,315580,10,0
315570,315576,315579,3,6
315570,315577,315579,2,7
315570,315570,315579,9,0
315570,315570,315580,10,0
315570,315578,315580,2,8
315570,315578,315580,2,8
315570,315578,315580,2,8
315570,315570,315581,11,0
315570,315570,315581,11,0
315570,315570,315581,11,0
315570,315570,315582,12,0
315570,315570,315585,15,0
315570,315570,315586,16,0
315589,315589,315591,2,0
315589,315589,315591,2,0
315589,315589,315591,2,0
315589,315589,315591,2,0
315589,315589,315591,2,0
315589,315589,315592,3,0
315589,315589,315593,4,0
315589,315591,315593,2,2
315589,315591,315593,2,2
315589,315591,315593,2,2
315589,315589,315594,5,0
315589,315589,315594,5,0
315589,315589,315594,5,0
315589,315592,315594,2,3
315589,315591,315594,3,2
315589,315589,315595,6,0
315589,315589,315594,5,0
315589,315589,315595,6,0
315589,315589,315595,6,0
315589,315594,315595,1,5
315589,315593,315595,2,4
315589,315594,315595,1,5
315589,315591,315595,4,2
315589,315594,315595,1,5
315589,315589,315596,7,0
315589,315589,315596,7,0
315589,315589,315596,7,0
315589,315589,315596,7,0
315589,315594,315596,2,5
315589,315589,315596,7,0
315589,315595,315596,1,6
315589,315589,315596,7,0
315589,315589,315596,7,0
315589,315594,315597,3,5
315589,315589,315597,8,0
315589,315594,315597,3,5
315589,315589,315597,8,0
315589,315589,315598,9,0
315589,315589,315597,8,0
315589,315596,315597,1,7
315589,315589,315597,8,0
315589,315589,315597,8,0
315589,315596,315597,1,7
315589,315596,315597,1,7
315589,315596,315597,1,7
315589,315596,315597,1,7
315589,315595,315597,2,6
315589,315589,315598,9,0
315589,315595,315598,3,6
315589,315594,315598,4,5
315589,315595,315598,3,6
315589,315596,315598,2,7
315589,315589,315598,9,0
315589,315597,315598,1,8
315589,315597,315598,1,8
315589,315597,315598,1,8
315589,315597,315598,1,8
315589,315597,315598,1,8
315589,315589,315598,9,0
315589,315597,315598,1,8
315589,315597,315598,1,8
315589,315589,315599,10,0
315589,315589,315599,10,0
315589,315596,315599,3,7
315589,315589,315599,10,0
315589,315589,315599,10,0
315589,315597,315599,2,8
315589,315589,315600,11,0
315589,315589,315600,11,0
315589,315598,315600,2,9
315589,315598,315600,2,9
315589,315589,315600,11,0
315589,315589,315601,12,0
315589,315589,315601,12,0
315589,315589,315602,13,0
315589,315589,315602,13,0
315589,315589,315602,13,0
315589,315589,315604,15,0
315589,315589,315611,22,0
315614,315614,315616,2,0
315614,315614,315616,2,0
315614,315614,315616,2,0
315614,315614,315616,2,0
315614,315614,315616,2,0
315614,315614,315617,3,0
315614,315614,315617,3,0
315614,315614,315618,4,0
315614,315616,315618,2,2
315614,315616,315618,2,2
315614,315616,315618,2,2
315614,315616,315618,2,2
315614,315616,315617,1,2
315614,315614,315618,4,0
315614,315614,315619,5,0
315614,315614,315619,5,0
315614,315614,315619,5,0
315614,315614,315619,5,0
315614,315617,315618,1,3
315614,315614,315619,5,0
315614,315617,315619,2,3
315614,315618,315620,2,4
315614,315618,315620,2,4
315614,315618,315620,2,4
315614,315619,315620,1,5
315614,315618,315620,2,4
315614,315614,315621,7,0
315614,315618,315621,3,4
315614,315614,315621,7,0
315614,315619,315621,2,5
315614,315620,315621,1,6
315614,315621,315622,1,7
315614,315614,315622,8,0
315614,315619,315622,3,5
315614,315614,315622,8,0
315614,315619,315622,3,5
315614,315614,315622,8,0
315614,315620,315622,2,6
315614,315614,315622,8,0
315614,315614,315622,8,0
315614,315614,315622,8,0
315614,315620,315622,2,6
315614,315614,315622,8,0
315614,315621,315622,1,7
315614,315614,315622,8,0
315614,315621,315622,1,7
315614,315614,315623,9,0
315614,315619,315623,4,5
315614,315619,315623,4,5
315614,315614,315623,9,0
315614,315614,315623,9,0
315614,315619,315623,4,5
315614,315614,315623,9,0
315614,315622,315623,1,8
315614,315622,315623,1,8
315614,315622,315623,1,8
315614,315614,315623,9,0
315614,315614,315623,9,0
315614,315622,315623,1,8
315614,315614,315624,10,0
315614,315614,315624,10,0
315614,315614,315623,9,0
315614,315619,315624,5,5
315614,315614,315624,10,0
315614,315614,315624,10,0
315614,315614,315624,10,0
315614,315621,315624,3,7
315614,315621,315624,3,7
315614,315614,315624,10,0
315614,315614,315624,10,0
315614,315614,315625,11,0
315614,315622,315625,3,8
315614,315622,315625,3,8
315614,315622,315625,3,8
315614,315614,315625,11,0
315614,315614,315625,11,0
315614,315614,315628,14,0
315614,315614,315631,17,0
315614,315614,315632,18,0
315635,315635,315637,2,0
315635,315635,315637,2,0
315635,315635,315637,2,0
315635,315635,315637,2,0
315635,315635,315638,3,0
315635,315635,315638,3,0
315635,315635,315639,4,0
315635,315637,315639,2,2
315635,315635,315640,5,0
315635,315637,315639,2,2
315635,315637,315640,3,2
315635,315637,315639,2,2
315635,315635,315641,6,0
315635,315635,315641,6,0
315635,315635,315641,6,0
315635,315639,315641,2,4
315635,315638,315641,3,3
315635,315638,315640,2,3
315635,315635,315642,7,0
315635,315635,315642,7,0
315635,315635,315642,7,0
315635,315635,315642,7,0
315635,315639,315642,3,4
315635,315640,315642,2,5
315635,315635,315642,7,0
315635,315641,315642,1,6
315635,315635,315643,8,0
315635,315635,315643,8,0
315635,315635,315642,7,0
315635,315635,315643,8,0
315635,315640,315643,3,5
315635,315635,315643,8,0
315635,315641,315643,2,6
315635,315635,315643,8,0
315635,315635,315643,8,0
315635,315635,315644,9,0
315635,315635,315644,9,0
315635,315635,315644,9,0
315635,315642,315644,2,7
315635,315635,315644,9,0
315635,315642,315644,2,7
315635,315643,315644,1,8
315635,315635,315644,9,0
315635,315643,315644,1,8
315635,315643,315644,1,8
315635,315635,315644,9,0
315635,315643,315644,1,8
315635,315644,315645,1,9
315635,315642,315644,2,7
315635,315643,315644,1,8
315635,315635,315644,9,0
315635,315635,315644,9,0
315635,315635,315645,10,0
315635,315643,315645,2,8
315635,315641,315645,4,6
315635,315640,315645,5,5
315635,315641,315645,4,6
315635,315644,315645,1,9
315635,315635,315645,10,0
315635,315644,315645,1,9
315635,315644,315645,1,9
315635,315635,315645,10,0
315635,315644,315645,1,9
315635,315635,315646,11,0
315635,315643,315646,3,8
315635,315635,315646,11,0
315635,315635,315646,11,0
315635,315635,315646,11,0
315635,315643,315646,3,8
315635,315635,315645,10,0
315635,315642,315646,4,7
315635,315643,315646,3,8
315635,315642,315647,5,7
315635,315642,315647,5,7
315635,315635,315648,13,0
315635,315635,315648,13,0
315635,315635,315649,14,0
315635,315635,315651,16,0
315635,315635,315654,19,0
315657,315657,315659,2,0
315657,315657,315659,2,0
315657,315657,315659,2,0
315657,315657,315659,2,0
315657,315657,315659,2,0
315657,315657,315659,2,0
315657,315659,315661,2,2
315657,315657,315660,3,0
315657,315659,315661,2,2
315657,315659,315662,3,2
315657,315659,315662,3,2
315657,315659,315662,3,2
315657,315659,315662,3,2
315657,315657,315663,6,0
315657,315661,315663,2,4
315657,315657,315664,7,0
315657,315657,315664,7,0
315657,315662,315664,2,5
315657,315661,315664,3,4
315657,315661,315664,3,4
315657,315657,315664,7,0
315657,315662,315664,2,5
315657,315663,315664,1,6
315657,315657,315664,7,0
315657,315657,315665,8,0
315657,315657,315665,8,0
315657,315657,315665,8,0
315657,315657,315665,8,0
315657,315657,315665,8,0
315657,315665,315666,1,8
315657,315664,315665,1,7
315657,315663,315665,2,6
315657,315664,315665,1,7
315657,315657,315665,8,0
315657,315657,315666,9,0
315657,315657,315665,8,0
315657,315666,315667,1,9
315657,315657,315666,9,0
315657,315657,315666,9,0
315657,315665,315666,1,8
315657,315657,315666,9,0
315657,315665,315666,1,8
315657,315665,315666,1,8
315657,315665,315666,1,8
315657,315663,315667,4,6
315657,315657,315667,10,0
315657,315664,315667,3,7
315657,315657,315667,10,0
315657,315666,315667,1,9
315657,315666,315667,1,9
315657,315666,315667,1,9
315657,315657,315667,10,0
315657,315666,315667,1,9
315657,315666,315667,1,9
315657,315666,315667,1,9
315657,315666,315667,1,9
315657,315666,315667,1,9
315657,315666,315667,1,9
315657,315657,315668,11,0
315657,315657,315668,11,0
315657,315664,315668,4,7
315657,315657,315668,11,0
315657,315665,315668,3,8
315657,315666,315669,3,9
315657,315657,315669,12,0
315657,315657,315670,13,0
315657,315657,315670,13,0
315657,315657,315670,13,0
315657,315657,315671,14,0
315657,315657,315671,14,0
315657,315657,315672,15,0
315657,315657,315673,16,0
315657,315657,315673,16,0
315657,315657,315673,16,0
315657,315657,315674,17,0
315657,315657,315675,18,0
315657,315657,315676,19,0
315657,315657,315679,22,0
315657,315657,315682,25,0
315685,315685,315687,2,0
315685,315685,315687,2,0
315685,315685,315687,2,0
315685,315685,315687,2,0
315685,315685,315687,2,0
315685,315685,315688,3,0
315685,315685,315687,2,0
315685,315687,315690,3,2
315685,315687,315690,3,2
315685,315687,315690,3,2
315685,315687,315690,3,2
315685,315688,315690,2,3
315685,315685,315691,6,0
315685,315687,315691,4,2
315685,315685,315691,6,0
315685,315685,315692,7,0
315685,315690,315692,2,5
315685,315685,315692,7,0
315685,315690,315692,2,5
315685,315691,315692,1,6
315685,315691,315692,1,6
315685,315691,315692,1,6
315685,315685,315693,8,0
315685,315685,315693,8,0
315685,315685,315693,8,0
315685,315693,315694,1,8
315685,315688,315693,5,3
315685,315692,315693,1,7
315685,315685,315693,8,0
315685,315692,315693,1,7
315685,315691,315694,3,6
315685,315685,315694,9,0
315685,315685,315694,9,0
315685,315685,315694,9,0
315685,315693,315694,1,8
315685,315685,315694,9,0
315685,315685,315694,9,0
315685,315693,315694,1,8
315685,315685,315694,9,0
315685,315693,315694,1,8
315685,315693,315694,1,8
315685,315693,315694,1,8
315685,315685,315694,9,0
315685,315685,315695,10,0
315685,315685,315695,10,0
315685,315692,315695,3,7
315685,315685,315695,10,0
315685,315694,315695,1,9
315685,315694,315695,1,9
315685,315694,315695,1,9
315685,315694,315695,1,9
315685,315694,315695,1,9
315685,315694,315695,1,9
315685,315685,315696,11,0
315685,315685,315696,11,0
315685,315685,315696,11,0
315685,315685,315696,11,0
315685,315685,315696,11,0
315685,315695,315696,1,10
315685,315695,315696,1,10
315685,315695,315696,1,10
315685,315695,315696,1,10
315685,315685,315697,12,0
315685,315685,315697,12,0
315685,315685,315697,12,0
315685,315693,315697,4,8
315685,315693,315697,4,8
315685,315685,315697,12,0
315685,315695,315697,2,10
315685,315685,315697,12,0
315685,315685,315697,12,0
315685,315685,315698,13,0
315685,315685,315699,14,0
315685,315685,315699,14,0
315685,315685,315700,15,0
315685,315685,315701,16,0
315685,315685,315701,16,0
315685,315685,315702,17,0
315685,315685,315710,25,0
315713,315713,315715,2,0
315713,315713,315715,2,0
315713,315713,315715,2,0
315713,315713,315715,2,0
315713,315713,315715,2,0
315713,315713,315715,2,0
315713,315713,315716,3,0
315713,315715,315717,2,2
315713,315715,315718,3,2
315713,315715,315718,3,2
315713,315715,315718,3,2
315713,315716,315718,2,3
315713,315715,315718,3,2
315713,315715,315719,4,2
315713,315713,315719,6,0
315713,315717,315719,2,4
315713,315713,315720,7,0
315713,315718,315720,2,5
315713,315718,315720,2,5
315713,315718,315720,2,5
315713,315719,315720,1,6
315713,315713,315721,8,0
315713,315719,315720,1,6
315713,315719,315721,2,6
315713,315718,315721,3,5
315713,315720,315721,1,7
315713,315713,315721,8,0
315713,315713,315722,9,0
315713,315713,315721,8,0
315713,315713,315722,9,0
315713,315713,315721,8,0
315713,315720,315722,2,7
315713,315720,315722,2,7
315713,315720,315722,2,7
315713,315713,315722,9,0
315713,315720,315723,3,7
315713,315713,315723,10,0
315713,315713,315723,10,0
315713,315721,315723,2,8
315713,315721,315723,2,8
315713,315721,315723,2,8
315713,315713,315723,10,0
315713,315722,315723,1,9
315713,315713,315723,10,0
315713,315713,315723,10,0
315713,315722,315723,1,9
315713,315722,315723,1,9
315713,315713,315724,11,0
315713,315713,315723,10,0
315713,315713,315724,11,0
315713,315713,315724,11,0
315713,315713,315723,10,0
315713,315722,315724,2,9
315713,315722,315724,2,9
315713,315723,315724,1,10
315713,315713,315724,11,0
315713,315723,315724,1,10
315713,315723,315724,1,10
315713,315713,315725,12,0
315713,315713,315725,12,0
315713,315722,315725,3,9
315713,315722,315725,3,9
315713,315713,315725,12,0
315713,315713,315726,13,0
315713,315713,315726,13,0
315713,315722,315725,3,9
315713,315723,315726,3,10
315713,315713,315726,13,0
315713,315713,315726,13,0
315713,315713,315728,15,0
315713,315713,315728,15,0
315713,315713,315728,15,0
315713,315713,315729,16,0
315713,315713,315728,15,0
315713,315713,315728,15,0
315713,315713,315729,16,0
315713,315713,315730,17,0
315713,315713,315737,24,0
315713,315713,315737,24,0
315740,315740,315741,1,0
315740,315740,315742,2,0
315740,315740,315742,2,0
315740,315740,315742,2,0
315740,315740,315742,2,0
315740,315740,315743,3,0
315740,315740,315742,2,0
315740,315742,315744,2,2
315740,315742,315744,2,2
315740,315743,315745,2,3
315740,315743,315744,1,3
315740,315743,315745,2,3
315740,315742,315744,2,2
315740,315744,315746,2,4
315740,315743,315745,2,3
315740,315744,315745,1,4
315740,315740,315746,6,0
315740,315745,315747,2,5
315740,315745,315747,2,5
315740,315745,315747,2,5
315740,315745,315747,2,5
315740,315740,315748,8,0
315740,315740,315748,8,0
315740,315740,315748,8,0
315740,315740,315748,8,0
315740,315740,315748,8,0
315740,315746,315748,2,6
315740,315746,315747,1,6
315740,315746,315747,1,6
315740,315740,315749,9,0
315740,315740,315749,9,0
315740,315740,315748,8,0
315740,315740,315749,9,0
315740,315740,315749,9,0
315740,315740,315749,9,0
315740,315740,315750,10,0
315740,315740,315749,9,0
315740,315740,315749,9,0
315740,315748,315750,2,8
315740,315747,315750,3,7
315740,315748,315749,1,8
315740,315740,315750,10,0
315740,315748,315750,2,8
315740,315747,315750,3,7
315740,315748,315750,2,8
315740,315748,315750,2,8
315740,315748,315751,3,8
315740,315740,315750,10,0
315740,315747,315751,4,7
315740,315740,315751,11,0
315740,315749,315751,2,9
315740,315747,315751,4,7
315740,315749,315752,3,9
315740,315748,315752,4,8
315740,315749,315752,3,9
315740,315749,315752,3,9
315740,315747,315752,5,7
315740,315740,315752,12,0
315740,315740,315752,12,0
315740,315740,315752,12,0
315740,315740,315753,13,0
315740,315740,315753,13,0
315740,315748,315752,4,8
315740,315750,315753,3,10
315740,315750,315753,3,10
315740,315740,315753,13,0
315740,315740,315754,14,0
315740,315740,315755,15,0
315740,315740,315754,14,0
315740,315740,315755,15,0
315740,315740,315758,18,0
315740,315740,315758,18,0
315740,315740,315758,18,0
315740,315740,315758,18,0
315740,315740,315758,18,0
315740,315740,315759,19,0
315740,315740,315760,20,0
315740,315740,315760,20,0
315740,315740,315761,21,0
315764,315764,315766,2,0
315764,315764,315766,2,0
315764,315764,315766,2,0
315764,315764,315766,2,0
315764,315764,315766,2,0
315764,315764,315766,2,0
315764,315764,315767,3,0
315764,315766,315768,2,2
315764,315766,315768,2,2
315764,315766,315768,2,2
315764,315766,315768,2,2
315764,315766,315768,2,2
315764,315767,315769,2,3
315764,315764,315770,6,0
315764,315768,315770,2,4
315764,315768,315770,2,4
315764,315767,315770,3,3
315764,315768,315770,2,4
315764,315768,315770,2,4
315764,315764,315771,7,0
315764,315764,315771,7,0
315764,315764,315771,7,0
315764,315764,315771,7,0
315764,315768,315770,2,4
315764,315769,315771,2,5
315764,315764,315772,8,0
315764,315764,315772,8,0
315764,315764,315772,8,0
315764,315770,315772,2,6
315764,315764,315772,8,0
315764,315770,315771,1,6
315764,315770,315772,2,6
315764,315764,315772,8,0
315764,315770,315772,2,6
315764,315764,315772,8,0
315764,315764,315773,9,0
315764,315764,315773,9,0
315764,315764,315773,9,0
315764,315771,315773,2,7
315764,315764,315772,8,0
315764,315764,315773,9,0
315764,315764,315773,9,0
315764,315764,315773,9,0
315764,315770,315773,3,6
315764,315771,315773,2,7
315764,315770,315773,3,6
315764,315764,315774,10,0
315764,315764,315774,10,0
315764,315764,315773,9,0
315764,315764,315774,10,0
315764,315764,315774,10,0
315764,315764,315774,10,0
315764,315764,315773,9,0
315764,315772,315774,2,8
315764,315772,315774,2,8
315764,315772,315774,2,8
315764,315764,315773,9,0
315764,315772,315774,2,8
315764,315772,315774,2,8
315764,315764,315774,10,0
315764,315764,315775,11,0
315764,315771,315775,4,7
315764,315772,315775,3,8
315764,315771,315774,3,7
315764,315771,315776,5,7
315764,315773,315776,3,9
315764,315764,315776,12,0
315764,315772,315776,4,8
315764,315771,315776,5,7
315764,315772,315775,3,8
315764,315764,315776,12,0
315764,315772,315776,4,8
315764,315764,315777,13,0
315764,315764,315776,12,0
315764,315764,315778,14,0
315764,315764,315779,15,0
315764,315764,315781,17,0
315764,315764,315784,20,0
315764,315764,315783,19,0
315787,315787,315789,2,0
315787,315787,315789,2,0
315787,315787,315789,2,0
315787,315787,315789,2,0
315787,315787,315790,3,0
315787,315787,315789,2,0
315787,315789,315791,2,2
315787,315789,315791,2,2
315787,315787,315791,4,0
315787,315789,315791,2,2
315787,315789,315791,2,2
315787,315790,315792,2,3
315787,315790,315792,2,3
315787,315787,315792,5,0
315787,315791,315793,2,4
315787,315791,315793,2,4
315787,315791,315793,2,4
315787,315791,315793,2,4
315787,315787,315794,7,0
315787,315787,315793,6,0
315787,315787,315794,7,0
315787,315792,315794,2,5
315787,315787,315793,6,0
315787,315791,315794,3,4
315787,315792,315794,2,5
315787,315787,315795,8,0
315787,315787,315795,8,0
315787,315787,315794,7,0
315787,315793,315795,2,6
315787,315793,315795,2,6
315787,315787,315795,8,0
315787,315787,315795,8,0
315787,315787,315796,9,0
315787,315787,315795,8,0
315787,315787,315795,8,0
315787,315795,315796,1,8
315787,315787,315796,9,0
315787,315793,315796,3,6
315787,315794,315796,2,7
315787,315794,315796,2,7
315787,315787,315796,9,0
315787,315793,315796,3,6
315787,315794,315796,2,7
315787,315787,315797,10,0
315787,315787,315796,9,0
315787,315787,315797,10,0
315787,315794,315796,2,7
315787,315795,315797,2,8
315787,315787,315797,10,0
315787,315787,315797,10,0
315787,315793,315797,4,6
315787,315795,315797,2,8
315787,315787,315797,10,0
315787,315787,315797,10,0
315787,315795,315797,2,8
315787,315787,315798,11,0
315787,315787,315798,11,0
315787,315787,315798,11,0
315787,315795,315797,2,8
315787,315796,315798,2,9
315787,315787,315799,12,0
315787,315787,315799,12,0
315787,315787,315799,12,0
315787,315796,315799,3,9
315787,315796,315798,2,9
315787,315796,315799,3,9
315787,315796,315799,3,9
315787,315794,315800,6,7
315787,315787,315800,13,0
315787,315794,315801,7,7
315787,315787,315800,13,0
315787,315787,315801,14,0
315787,315787,315801,14,0
315787,315787,315802,15,0
315787,315794,315802,8,7
315787,315787,315802,15,0
315787,315787,315804,17,0
315787,315787,315805,18,0
315787,315787,315805,18,0
315808,315808,315810,2,0
315808,315808,315810,2,0
315808,315808,315810,2,0
315808,315808,315810,2,0
315808,315808,315810,2,0
315808,315808,315810,2,0
315808,315808,315813,5,0
315808,315810,315812,2,2
315808,315810,315812,2,2
315808,315810,315813,3,2
315808,315810,315813,3,2
315808,315810,315812,2,2
315808,315810,315812,2,2
315808,315808,315813,5,0
315808,315808,315814,6,0
315808,315808,315814,6,0
315808,315808,315815,7,0
315808,315813,315815,2,5
315808,315813,315815,2,5
315808,315813,315815,2,5
315808,315808,315815,7,0
315808,315813,315815,2,5
315808,315813,315815,2,5
315808,315813,315815,2,5
315808,315808,315815,7,0
315808,315808,315815,7,0
315808,315808,315816,8,0
315808,315808,315816,8,0
315808,315808,315816,8,0
315808,315814,315815,1,6
315808,315808,315817,9,0
315808,315814,315817,3,6
315808,315814,315817,3,6
315808,315808,315816,8,0
315808,315815,315817,2,7
315808,315815,315817,2,7
315808,315815,315817,2,7
315808,315815,315817,2,7
315808,315815,315817,2,7
315808,315815,315816,1,7
315808,315815,315817,2,7
315808,315813,315817,4,5
315808,315808,315818,10,0
315808,315808,315817,9,0
315808,315808,315818,10,0
315808,315816,315818,2,8
315808,315816,315818,2,8
315808,315808,315818,10,0
315808,315808,315818,10,0
315808,315816,315818,2,8
315808,315808,315819,11,0
315808,315808,315819,11,0
315808,315815,315819,4,7
315808,315808,315819,11,0
315808,315816,315819,3,8
315808,315816,315819,3,8
315808,315808,315819,11,0
315808,315808,315819,11,0
315808,315817,315818,1,9
315808,315817,315819,2,9
315808,315808,315820,12,0
315808,315808,315820,12,0
315808,315817,315820,3,9
315808,315816,315819,3,8
315808,315808,315820,12,0
315808,315808,315821,13,0
315808,315808,315821,13,0
315808,315808,315820,12,0
315808,315817,315820,3,9
315808,315808,315821,13,0
315808,315808,315820,12,0
315808,315808,315820,12,0
315808,315808,315822,14,0
315808,315817,315822,5,9
315808,315808,315825,17,0
315808,315808,315825,17,0
315808,315808,315826,18,0
315808,315808,315825,17,0
315808,315808,315831,23,0
315835,315835,315837,2,0
315835,315835,315837,2,0
315835,315835,315837,2,0
315835,315835,315837,2,0
315835,315835,315837,2,0
315835,315835,315837,2,0
315835,315837,315839,2,2
315835,315837,315838,1,2
315835,315837,315839,2,2
315835,315837,315839,2,2
315835,315837,315839,2,2
315835,315838,315840,2,3
315835,315839,315841,2,4
315835,315839,315841,2,4
315835,315835,315842,7,0
315835,315835,315841,6,0
315835,315835,315842,7,0
315835,315839,315842,3,4
315835,315835,315842,7,0
315835,315839,315842,3,4
315835,315835,315843,8,0
315835,315835,315842,7,0
315835,315835,315842,7,0
315835,315835,315842,7,0
315835,315839,315843,4,4
315835,315841,315843,2,6
315835,315840,315843,3,5
315835,315835,315844,9,0
315835,315835,315844,9,0
315835,315835,315844,9,0
315835,315842,315844,2,7
315835,315835,315844,9,0
315835,315842,315844,2,7
315835,315841,315843,2,6
315835,315835,315845,10,0
315835,315835,315845,10,0
315835,315835,315845,10,0
315835,315835,315844,9,0
315835,315842,315845,3,7
315835,315842,315845,3,7
315835,315843,315845,2,8
315835,315835,315845,10,0
315835,315843,315845,2,8
315835,315835,315846,11,0
315835,315842,315846,4,7
315835,315835,315846,11,0
315835,315843,315846,3,8
315835,315844,315845,1,9
315835,315835,315845,10,0
315835,315844,315846,2,9
315835,315844,315846,2,9
315835,315845,315846,1,10
315835,315843,315847,4,8
315835,315844,315847,3,9
315835,315844,315847,3,9
315835,315843,315847,4,8
315835,315844,315847,3,9
315835,315842,315847,5,7
315835,315835,315847,12,0
315835,315835,315847,12,0
315835,315835,315847,12,0
315835,315835,315847,12,0
315835,315843,315847,4,8
315835,315843,315848,5,8
315835,315845,315847,2,10
315835,315835,315848,13,0
315835,315835,315849,14,0
315835,315835,315849,14,0
315835,315835,315849,14,0
315835,315835,315850,15,0
315835,315835,315851,16,0
315835,315835,315851,16,0
315835,315835,315852,17,0
315835,315835,315853,18,0
315835,315835,315854,19,0
315835,315835,315854,19,0
315835,315835,315854,19,0
315835,315835,315856,21,0
315835,315835,315858,23,0
315861,315861,315863,2,0
315861,315861,315863,2,0
315861,315861,315863,2,0
315861,315861,315863,2,0
315861,315861,315863,2,0
315861,315861,315863,2,0
315861,315861,315865,4,0
315861,315863,315866,3,2
315861,315863,315866,3,2
315861,315863,315866,3,2
315861,315863,315866,3,2
315861,315863,315866,3,2
315861,315861,315867,6,0
315861,315861,315867,6,0
315861,315863,315866,3,2
315861,315861,315868,7,0
315861,315865,315868,3,4
315861,315866,315868,2,5
315861,315861,315868,7,0
315861,315866,315868,2,5
315861,315861,315869,8,0
315861,315866,315869,3,5
315861,315866,315869,3,5
315861,315866,315869,3,5
315861,315867,315869,2,6
315861,315861,315869,8,0
315861,315861,315869,8,0
315861,315861,315869,8,0
315861,315861,315870,9,0
315861,315861,315870,9,0
315861,315861,315869,8,0
315861,315861,315870,9,0
315861,315861,315870,9,0
315861,315861,315870,9,0
315861,315868,315870,2,7
315861,315861,315871,10,0
315861,315861,315870,9,0
315861,315861,315870,9,0
315861,315861,315870,9,0
315861,315867,315871,4,6
315861,315861,315871,10,0
315861,315861,315871,10,0
315861,315861,315871,10,0
315861,315867,315870,3,6
315861,315869,315871,2,8
315861,315868,315871,3,7
315861,315868,315871,3,7
315861,315869,315871,2,8
315861,315869,315871,2,8
315861,315868,315871,3,7
315861,315870,315871,1,9
315861,315871,315872,1,10
315861,315861,315871,10,0
315861,315861,315872,11,0
315861,315861,315872,11,0
315861,315861,315872,11,0
315861,315861,315872,11,0
315861,315861,315872,11,0
315861,315869,315871,2,8
315861,315869,315871,2,8
315861,315869,315872,3,8
315861,315870,315872,2,9
315861,315870,315873,3,9
315861,315861,315873,12,0
315861,315861,315873,12,0
315861,315861,315873,12,0
315861,315869,315873,4,8
315861,315861,315874,13,0
315861,315870,315874,4,9
315861,315868,315874,6,7
315861,315870,315874,4,9
315861,315861,315874,13,0
315861,315861,315874,13,0
315861,315870,315875,5,9
315861,315871,315875,4,10
315861,315861,315875,14,0
315861,315861,315875,14,0
315861,315861,315876,15,0
315861,315861,315885,24,0
315889,315889,315891,2,0
315889,315889,315891,2,0
315889,315889,315891,2,0
315889,315889,315891,2,0
315889,315889,315891,2,0
315889,315889,315892,3,0
315889,315891,315893,2,2
315889,315891,315894,3,2
315889,315889,315894,5,0
315889,315889,315894,5,0
315889,315889,315894,5,0
315889,315889,315895,6,0
315889,315891,315895,4,2
315889,315889,315895,6,0
315889,315891,315895,4,2
315889,315891,315895,4,2
315889,315892,315894,2,3
315889,315889,315896,7,0
315889,315889,315896,7,0
315889,315889,315896,7,0
315889,315893,315896,3,4
315889,315889,315896,7,0
315889,315889,315895,6,0
315889,315889,315896,7,0
315889,315889,315897,8,0
315889,315889,315896,7,0
315889,315889,315897,8,0
315889,315894,315896,2,5
315889,315889,315897,8,0
315889,315895,315897,2,6
315889,315895,315897,2,6
315889,315895,315897,2,6
315889,315889,315897,8,0
315889,315889,315897,8,0
315889,315896,315898,2,7
315889,315896,315898,2,7
315889,315895,315898,3,6
315889,315895,315898,3,6
315889,315896,315898,2,7
315889,315889,315898,9,0
315889,315889,315898,9,0
315889,315895,315897,2,6
315889,315896,315898,2,7
315889,315889,315899,10,0
315889,315895,315899,4,6
315889,315889,315899,10,0
315889,315889,315899,10,0
315889,315897,315899,2,8
315889,315897,315899,2,8
315889,315897,315899,2,8
315889,315889,315900,11,0
315889,315889,315899,10,0
315889,315897,315900,3,8
315889,315895,315900,5,6
315889,315889,315900,11,0
315889,315889,315899,10,0
315889,315895,315900,5,6
315889,315889,315899,10,0
315889,315896,315900,4,7
315889,315898,315899,1,9
315889,315897,315899,2,8
315889,315897,315899,2,8
315889,315897,315899,2,8
315889,315889,315900,11,0
315889,315898,315900,2,9
315889,315889,315900,11,0
315889,315897,315900,3,8
315889,315889,315901,12,0
315889,315889,315900,11,0
315889,315889,315901,12,0
315889,315889,315901,12,0
315889,315889,315900,11,0
315889,315896,315900,4,7
315889,315898,315902,4,9
315889,315889,315901,12,0
315889,315897,315901,4,8
315889,315889,315903,14,0
315889,315889,315904,15,0
315889,315889,315905,16,0
315908,315908,315910,2,0
315908,315908,315909,1,0
315908,315908,315910,2,0
315908,315908,315910,2,0
315908,315908,315910,2,0
315908,315908,315910,2,0
315908,315908,315913,5,0
315908,315910,315913,3,2
315908,315910,315912,2,2
315908,315910,315912,2,2
315908,315910,315912,2,2
315908,315910,315913,3,2
315908,315908,315914,6,0
315908,315908,315913,5,0
315908,315910,315913,3,2
315908,315908,315914,6,0
315908,315908,315915,7,0
315908,315908,315915,7,0
315908,315908,315914,6,0
315908,315908,315915,7,0
315908,315908,315916,8,0
315908,315908,315916,8,0
315908,315908,315916,8,0
315908,315908,315915,7,0
315908,315913,315915,2,5
315908,315908,315915,7,0
315908,315908,315916,8,0
315908,315913,315915,2,5
315908,315913,315915,2,5
315908,315913,315915,2,5
315908,315914,315916,2,6
315908,315908,315917,9,0
315908,315908,315917,9,0
315908,315908,315916,8,0
315908,315908,315917,9,0
315908,315913,315916,3,5
315908,315908,315917,9,0
315908,315908,315917,9,0
315908,315915,315917,2,7
315908,315908,315917,9,0
315908,315915,315917,2,7
315908,315913,315917,4,5
315908,315908,315918,10,0
315908,315914,315918,4,6
315908,315908,315917,9,0
315908,315915,315918,3,7
315908,315914,315917,3,6
315908,315915,315917,2,7
315908,315908,315918,10,0
315908,315908,315918,10,0
315908,315908,315918,10,0
315908,315916,315918,2,8
315908,315916,315918,2,8
315908,315916,315918,2,8
315908,315908,315918,10,0
315908,315908,315919,11,0
315908,315915,315918,3,7
315908,315916,315918,2,8
315908,315916,315918,2,8
315908,315916,315919,3,8
315908,315916,315919,3,8
315908,315916,315919,3,8
315908,315917,315918,1,9
315908,315917,315919,2,9
315908,315917,315918,1,9
315908,315908,315919,11,0
315908,315908,315919,11,0
315908,315916,315920,4,8
315908,315917,315919,2,9
315908,315908,315920,12,0
315908,315908,315921,13,0
315908,315908,315920,12,0
315908,315908,315921,13,0
315908,315908,315921,13,0
315908,315916,315922,6,8
315908,315916,315922,6,8
315908,315908,315923,15,0
315908,315908,315925,17,0
315908,315908,315929,21,0
315932,315932,315934,2,0
315932,315932,315934,2,0
315932,315932,315934,2,0
315932,315932,315934,2,0
315932,315932,315933,1,0
315932,315932,315934,2,0
315932,315932,315935,3,0
315932,315932,315936,4,0
315932,315932,315936,4,0
315932,315932,315937,5,0
315932,315934,315936,2,2
315932,315934,315937,3,2
315932,315934,315936,2,2
315932,315932,315937,5,0
315932,315932,315938,6,0
315932,315934,315937,3,2
315932,315935,315937,2,3
315932,315934,315937,3,2
315932,315932,315939,7,0
315932,315932,315939,7,0
315932,315932,315938,6,0
315932,315937,315939,2,5
315932,315937,315939,2,5
315932,315932,315940,8,0
315932,315932,315939,7,0
315932,315932,315939,7,0
315932,315932,315940,8,0
315932,315932,315939,7,0
315932,315937,315939,2,5
315932,315932,315940,8,0
315932,315938,315939,1,6
315932,315938,315940,2,6
315932,315938,315939,1,6
315932,315936,315941,5,4
315932,315932,315940,8,0
315932,315932,315940,8,0
315932,315932,315941,9,0
315932,315932,315941,9,0
315932,315932,315940,8,0
315932,315932,315941,9,0
315932,315932,315941,9,0
315932,315939,315941,2,7
315932,315932,315941,9,0
315932,315939,315940,1,7
315932,315932,315941,9,0
315932,315932,315942,10,0
315932,315939,315941,2,7
315932,315939,315941,2,7
315932,315937,315942,5,5
315932,315937,315941,4,5
315932,315932,315942,10,0
315932,315932,315941,9,0
315932,315940,315942,2,8
315932,315932,315942,10,0
315932,315940,315942,2,8
315932,315932,315942,10,0
315932,315939,315941,2,7
315932,315940,315942,2,8
315932,315938,315942,4,6
315932,315932,315942,10,0
315932,315937,315943,6,5
315932,315932,315942,10,0
315932,315932,315943,11,0
315932,315940,315942,2,8
315932,315932,315943,11,0
315932,315940,315944,4,8
315932,315932,315943,11,0
315932,315941,315943,2,9
315932,315932,315944,12,0
315932,315940,315944,4,8
315932,315938,315943,5,6
315932,315941,315943,2,9
315932,315940,315944,4,8
315932,315940,315943,3,8
315932,315932,315944,12,0
315932,315940,315945,5,8
315932,315932,315948,16,0
315932,315932,315947,15,0
315932,315940,315947,7,8
315951,315951,315952,1,0
315951,315951,315953,2,0
315951,315951,315952,1,0
315951,315951,315952,1,0
315951,315951,315954,3,0
315951,315951,315954,3,0
315951,315953,315955,2,2
315951,315953,315954,1,2
315951,315953,315955,2,2
315951,315953,315955,2,2
315951,315951,315955,4,0
315951,315954,315956,2,3
315951,315954,315957,3,3
315951,315955,315957,2,4
315951,315951,315957,6,0
315951,315951,315958,7,0
315951,315956,315958,2,5
315951,315951,315957,6,0
315951,315955,315958,3,4
315951,315956,315958,2,5
315951,315951,315957,6,0
315951,315951,315958,7,0
315951,315951,315958,7,0
315951,315951,315958,7,0
315951,315957,315959,2,6
315951,315958,315959,1,7
315951,315951,315959,8,0
315951,315957,315958,1,6
315951,315957,315959,2,6
315951,315951,315960,9,0
315951,315951,315960,9,0
315951,315951,315960,9,0
315951,315951,315959,8,0
315951,315951,315959,8,0
315951,315951,315960,9,0
315951,315951,315959,8,0
315951,315958,315959,1,7
315951,315956,315959,3,5
315951,315951,315960,9,0
315951,315951,315960,9,0
315951,315951,315960,9,0
315951,315958,315959,1,7
315951,315958,315960,2,7
315951,315951,315960,9,0
315951,315958,315960,2,7
315951,315958,315961,3,7
315951,315959,315960,1,8
315951,315959,315961,2,8
315951,315951,315961,10,0
315951,315958,315960,2,7
315951,315959,315961,2,8
315951,315951,315961,10,0
315951,315959,315961,2,8
315951,315951,315961,10,0
315951,315959,315961,2,8
315951,315951,315962,11,0
315951,315959,315961,2,8
315951,315960,315961,1,9
315951,315960,315962,2,9
315951,315959,315962,3,8
315951,315959,315961,2,8
315951,315951,315962,11,0
315951,315951,315962,11,0
315951,315960,315962,2,9
315951,315960,315963,3,9
315951,315960,315963,3,9
315951,315960,315963,3,9
315951,315951,315963,12,0
315951,315951,315963,12,0
315951,315951,315963,12,0
315951,315951,315965,14,0
315951,315951,315964,13,0
315951,315951,315964,13,0
315951,315951,315965,14,0
315951,315951,315966,15,0
315951,315951,315966,15,0
315951,315951,315968,17,0
315951,315951,315968,17,0
315951,315951,315968,17,0
315972,315972,315973,1,0
315972,315972,315973,1,0
315972,315972,315973,1,0
315972,315972,315973,1,0
315972,315972,315973,1,0
315972,315972,315975,3,0
315972,315974,315975,1,2
315972,315974,315975,1,2
315972,315972,315976,4,0
315972,315974,315975,1,2
315972,315974,315975,1,2
315972,315974,315975,1,2
315972,315972,315976,4,0
315972,315972,315976,4,0
315972,315975,315976,1,3
315972,315976,315977,1,4
315972,315976,315977,1,4
315972,315976,315977,1,4
315972,315976,315977,1,4
315972,315976,315977,1,4
315972,315977,315978,1,5
315972,315972,315979,7,0
315972,315972,315979,7,0
315972,315972,315979,7,0
315972,315972,315979,7,0
315972,315972,315978,6,0
315972,315976,315979,3,4
315972,315977,315979,2,5
315972,315972,315979,7,0
315972,315977,315979,2,5
315972,315972,315979,7,0
315972,315978,315979,1,6
315972,315978,315979,1,6
315972,315972,315980,8,0
315972,315978,315979,1,6
315972,315972,315980,8,0
315972,315978,315979,1,6
315972,315972,315980,8,0
315972,315972,315979,7,0
315972,315978,315980,2,6
315972,315978,315980,2,6
315972,315972,315980,8,0
315972,315972,315980,8,0
315972,315972,315980,8,0
315972,315972,315980,8,0
315972,315972,315980,8,0
315972,315972,315981,9,0
315972,315972,315981,9,0
315972,315972,315980,8,0
315972,315972,315981,9,0
315972,315972,315981,9,0
315972,315972,315980,8,0
315972,315972,315982,10,0
315972,315979,315981,2,7
315972,315979,315981,2,7
315972,315972,315981,9,0
315972,315980,315981,1,8
315972,315980,315981,1,8
315972,315979,315981,2,7
315972,315979,315981,2,7
315972,315980,315981,1,8
315972,315980,315981,1,8
315972,315972,315982,10,0
315972,315980,315982,2,8
315972,315979,315982,3,7
315972,315979,315982,3,7
315972,315980,315982,2,8
315972,315972,315982,10,0
315972,315980,315982,2,8
315972,315980,315982,2,8
315972,315972,315983,11,0
315972,315972,315984,12,0
315972,315972,315984,12,0
315972,315972,315983,11,0
315972,315972,315984,12,0
315972,315972,315986,14,0
315972,315972,315986,14,0
315972,315972,315987,15,0
315972,315972,315988,16,0
315991,315991,315993,2,0
315991,315991,315993,2,0
315991,315991,315993,2,0
315991,315991,315993,2,0
315991,315992,315993,1,1
315991,315991,315993,2,0
315991,315992,315995,3,1
315991,315992,315995,3,1
315991,315992,315996,4,1
315991,315992,315996,4,1
315991,315992,315996,4,1
315991,315992,315996,4,1
315991,315994,315996,2,3
315991,315994,315996,2,3
315991,315994,315996,2,3
315991,315992,315997,5,1
315991,315992,315997,5,1
315991,315992,315997,5,1
315991,315992,315997,5,1
315991,315992,315997,5,1
315991,315994,315997,3,3
315991,315992,315998,6,1
315991,315994,315998,4,3
315991,315992,315998,6,1
315991,315996,315998,2,5
315991,315996,315999,3,5
315991,315997,315998,1,6
315991,315992,315998,6,1
315991,315994,315998,4,3
315991,315997,315998,1,6
315991,315997,315998,1,6
315991,315992,315999,7,1
315991,315997,315999,2,6
315991,315997,316000,3,6
315991,315992,315999,7,1
315991,315998,315999,1,7
315991,315998,316000,2,7
315991,315998,316000,2,7
315991,315999,316000,1,8
315991,315992,316000,8,1
315991,315992,316000,8,1
315991,315999,316000,1,8
315991,315998,316000,2,7
315991,315997,316000,3,6
315991,315998,316001,3,7
315991,315999,316000,1,8
315991,315999,316000,1,8
315991,315999,316000,1,8
315991,315992,316001,9,1
315991,315999,316001,2,8
315991,315992,316001,9,1
315991,315999,316001,2,8
315991,315992,316001,9,1
315991,315997,316001,4,6
315991,316000,316002,2,9
315991,315992,316001,9,1
315991,315992,316001,9,1
315991,315992,316001,9,1
315991,315992,316002,10,1
315991,315999,316001,2,8
315991,315999,316002,3,8
315991,315999,316001,2,8
315991,315992,316001,9,1
315991,315998,316002,4,7
315991,315992,316003,11,1
315991,315991,316002,11,0
315991,316000,316002,2,9
315991,316000,316002,2,9
315991,316000,316002,2,9
315991,315992,316003,11,1
315991,315992,316002,10,1
315991,315992,316003,11,1
315991,315992,316004,12,1
315991,315992,316003,11,1
315991,315992,316004,12,1
315991,315992,316004,12,1
315991,315992,316004,12,1
315991,315992,316008,16,1
315991,315991,316010,19,0
316013,316013,316015,2,0
316013,316013,316015,2,0
316013,316013,316015,2,0
316013,316013,316015,2,0
316013,316013,316015,2,0
316013,316014,316015,1,1
316013,316014,316017,3,1
316013,316014,316017,3,1
316013,316014,316017,3,1
316013,316016,316017,1,3
316013,316016,316017,1,3
316013,316016,316019,3,3
316013,316014,316018,4,1
316013,316016,316019,3,3
316013,316016,316018,2,3
316013,316016,316018,2,3
316013,316014,316019,5,1
316013,316014,316019,5,1
316013,316014,316019,5,1
316013,316014,316019,5,1
316013,316014,316019,5,1
316013,316014,316020,6,1
316013,316014,316019,5,1
316013,316018,316019,1,5
316013,316014,316019,5,1
316013,316018,316019,1,5
316013,316018,316019,1,5
316013,316013,316020,7,0
316013,316014,316020,6,1
316013,316018,316020,2,5
316013,316014,316020,6,1
316013,316014,316020,6,1
316013,316018,316020,2,5
316013,316014,316021,7,1
316013,316014,316020,6,1
316013,316013,316020,7,0
316013,316014,316020,6,1
316013,316019,316021,2,6
316013,316019,316020,1,6
316013,316019,316020,1,6
316013,316019,316020,1,6
316013,316019,316020,1,6
316013,316014,316021,7,1
316013,316014,316021,7,1
316013,316020,316021,1,7
316013,316013,316021,8,0
316013,316014,316022,8,1
316013,316014,316021,7,1
316013,316020,316021,1,7
316013,316020,316021,1,7
316013,316014,316022,8,1
316013,316020,316021,1,7
316013,316020,316022,2,7
316013,316020,316021,1,7
316013,316020,316021,1,7
316013,316014,316022,8,1
316013,316020,316022,2,7
316013,316014,316022,8,1
316013,316020,316022,2,7
316013,316020,316022,2,7
316013,316013,316022,9,0
316013,316014,316022,8,1
316013,316020,316022,2,7
316013,316014,316022,8,1
316013,316014,316022,8,1
316013,316014,316022,8,1
316013,316021,316023,2,8
316013,316021,316023,2,8
316013,316021,316023,2,8
316013,316021,316023,2,8
316013,316021,316023,2,8
316013,316021,316023,2,8
316013,316013,316023,10,0
316013,316021,316023,2,8
316013,316021,316023,2,8
316013,316014,316024,10,1
316013,316014,316023,9,1
316013,316013,316025,12,0
316013,316013,316027,14,0
316030,316030,316032,2,0
316030,316030,316032,2,0
316030,316030,316032,2,0
316030,316030,316032,2,0
316030,316030,316032,2,0
316030,316030,316032,2,0
316030,316030,316033,3,0
316030,316030,316034,4,0
316030,316030,316034,4,0
316030,316030,316034,4,0
316030,316032,316034,2,2
316030,316033,316034,1,3
316030,316033,316034,1,3
316030,316033,316034,1,3
316030,316032,316035,3,2
316030,316032,316034,2,2
316030,316030,316035,5,0
316030,316030,316036,6,0
316030,316030,316036,6,0
316030,316035,316036,1,5
316030,316035,316036,1,5
316030,316035,316036,1,5
316030,316030,316036,6,0
316030,316034,316036,2,4
316030,316035,316036,1,5
316030,316030,316037,7,0
316030,316030,316037,7,0
316030,316030,316037,7,0
316030,316030,316037,7,0
316030,316036,316037,1,6
316030,316036,316037,1,6
316030,316037,316038,1,7
316030,316035,316038,3,5
316030,316030,316038,8,0
316030,316030,316038,8,0
316030,316030,316039,9,0
316030,316034,316038,4,4
316030,316035,316038,3,5
316030,316030,316038,8,0
316030,316030,316038,8,0
316030,316037,316038,1,7
316030,316037,316038,1,7
316030,316030,316038,8,0
316030,316036,316038,2,6
316030,316037,316038,1,7
316030,316037,316038,1,7
316030,316030,316038,8,0
316030,316030,316040,10,0
316030,316030,316039,9,0
316030,316030,316039,9,0
316030,316030,316039,9,0
316030,316030,316039,9,0
316030,316030,316039,9,0
316030,316038,316039,1,8
316030,316038,316039,1,8
316030,316037,316039,2,7
316030,316037,316039,2,7
316030,316030,316039,9,0
316030,316038,316039,1,8
316030,316030,316040,10,0
316030,316037,316040,3,7
316030,316038,316040,2,8
316030,316030,316040,10,0
316030,316038,316040,2,8
316030,316038,316040,2,8
316030,316037,316040,3,7
316030,316030,316040,10,0
316030,316030,316040,10,0
316030,316030,316041,11,0
316030,316030,316040,10,0
316030,316030,316041,11,0
316030,316039,316041,2,9
316030,316039,316041,2,9
316030,316039,316041,2,9
316030,316030,316042,12,0
316030,316030,316043,13,0
316030,316030,316045,15,0
316030,316030,316044,14,0
316030,316030,316049,19,0
316052,316052,316054,2,0
316052,316052,316054,2,0
316052,316052,316054,2,0
316052,316052,316054,2,0
316052,316052,316054,2,0
316052,316052,316055,3,0
316052,316052,316056,4,0
316052,316052,316055,3,0
316052,316052,316056,4,0
316052,316054,316056,2,2
316052,316055,316056,1,3
316052,316052,316057,5,0
316052,316054,316056,2,2
316052,316052,316057,5,0
316052,316054,316056,2,2
316052,316054,316057,3,2
316052,316052,316057,5,0
316052,316056,316057,1,4
316052,316052,316058,6,0
316052,316052,316058,6,0
316052,316052,316057,5,0
316052,316056,316058,2,4
316052,316057,316058,1,5
316052,316058,316059,1,6
316052,316052,316058,6,0
316052,316052,316059,7,0
316052,316052,316059,7,0
316052,316057,316059,2,5
316052,316052,316059,7,0
316052,316056,316059,3,4
316052,316056,316059,3,4
316052,316052,316059,7,0
316052,316057,316059,2,5
316052,316052,316059,7,0
316052,316057,316059,2,5
316052,316052,316059,7,0
316052,316052,316059,7,0
316052,316052,316060,8,0
316052,316052,316060,8,0
316052,316052,316060,8,0
316052,316052,316060,8,0
316052,316057,316060,3,5
316052,316057,316060,3,5
316052,316056,316060,4,4
316052,316057,316060,3,5
316052,316052,316060,8,0
316052,316052,316060,8,0
316052,316058,316059,1,6
316052,316052,316060,8,0
316052,316059,316060,1,7
316052,316059,316060,1,7
316052,316058,316061,3,6
316052,316052,316061,9,0
316052,316052,316061,9,0
316052,316058,316061,3,6
316052,316059,316061,2,7
316052,316052,316061,9,0
316052,316058,316061,3,6
316052,316052,316061,9,0
316052,316060,316061,1,8
316052,316060,316061,1,8
316052,316052,316061,9,0
316052,316060,316061,1,8
316052,316060,316061,1,8
316052,316052,316061,9,0
316052,316052,316062,10,0
316052,316059,316062,3,7
316052,316059,316062,3,7
316052,316059,316062,3,7
316052,316052,316062,10,0
316052,316052,316062,10,0
316052,316059,316062,3,7
316052,316060,316062,2,8
316052,316052,316062,10,0
316052,316059,316063,4,7
316052,316052,316064,12,0
316052,316052,316064,12,0
316052,316052,316065,13,0
316052,316052,316069,17,0
316072,316072,316074,2,0
316072,316072,316074,2,0
316072,316072,316074,2,0
316072,316072,316074,2,0
316072,316072,316074,2,0
316072,316072,316074,2,0
316072,316072,316076,4,0
316072,316074,316076,2,2
316072,316074,316076,2,2
316072,316072,316076,4,0
316072,316074,316076,2,2
316072,316074,316077,3,2
316072,316072,316077,5,0
316072,316072,316077,5,0
316072,316074,316077,3,2
316072,316074,316077,3,2
316072,316072,316078,6,0
316072,316072,316078,6,0
316072,316072,316077,5,0
316072,316072,316078,6,0
316072,316076,316078,2,4
316072,316072,316078,6,0
316072,316072,316078,6,0
316072,316076,316078,2,4
316072,316072,316078,6,0
316072,316072,316079,7,0
316072,316072,316079,7,0
316072,316076,316079,3,4
316072,316072,316079,7,0
316072,316072,316079,7,0
316072,316072,316078,6,0
316072,316072,316079,7,0
316072,316077,316079,2,5
316072,316077,316079,2,5
316072,316077,316079,2,5
316072,316077,316079,2,5
316072,316077,316079,2,5
316072,316072,316080,8,0
316072,316072,316080,8,0
316072,316077,316080,3,5
316072,316072,316080,8,0
316072,316072,316080,8,0
316072,316072,316080,8,0
316072,316072,316080,8,0
316072,316078,316080,2,6
316072,316077,316080,3,5
316072,316078,316080,2,6
316072,316072,316080,8,0
316072,316072,316080,8,0
316072,316079,316080,1,7
316072,316072,316081,9,0
316072,316072,316081,9,0
316072,316078,316081,3,6
316072,316072,316081,9,0
316072,316078,316081,3,6
316072,316080,316081,1,8
316072,316078,316081,3,6
316072,316078,316081,3,6
316072,316072,316081,9,0
316072,316080,316081,1,8
316072,316072,316081,9,0
316072,316079,316081,2,7
316072,316080,316081,1,8
316072,316079,316081,2,7
316072,316078,316082,4,6
316072,316079,316082,3,7
316072,316079,316082,3,7
316072,316072,316081,9,0
316072,316079,316082,3,7
316072,316079,316082,3,7
316072,316079,316082,3,7
316072,316079,316082,3,7
316072,316072,316082,10,0
316072,316072,316082,10,0
316072,316072,316082,10,0
316072,316072,316083,11,0
316072,316072,316083,11,0
316072,316072,316084,12,0
316072,316072,316088,16,0
316091,316091,316093,2,0
316091,316091,316093,2,0
316091,316091,316093,2,0
316091,316091,316093,2,0
316091,316091,316093,2,0
316091,316091,316093,2,0
316091,316093,316095,2,2
316091,316093,316095,2,2
316091,316091,316095,4,0
316091,316091,316095,4,0
316091,316091,316096,5,0
316091,316091,316095,4,0
316091,316091,316096,5,0
316091,316093,316095,2,2
316091,316093,316096,3,2
316091,316093,316096,3,2
316091,316091,316096,5,0
316091,316093,316095,2,2
316091,316091,316097,6,0
316091,316091,316096,5,0
316091,316095,316096,1,4
316091,316095,316097,2,4
316091,316091,316098,7,0
316091,316091,316097,6,0
316091,316096,316098,2,5
316091,316096,316098,2,5
316091,316096,316098,2,5
316091,316091,316098,7,0
316091,316096,316098,2,5
316091,316096,316098,2,5
316091,316096,316099,3,5
316091,316091,316098,7,0
316091,316096,316098,2,5
316091,316096,316098,2,5
316091,316096,316099,3,5
316091,316091,316099,8,0
316091,316091,316099,8,0
316091,316091,316099,8,0
316091,316091,316099,8,0
316091,316097,316099,2,6
316091,316091,316099,8,0
316091,316097,316099,2,6
316091,316095,316098,3,4
316091,316097,316099,2,6
316091,316097,316100,3,6
316091,316091,316099,8,0
316091,316091,316099,8,0
316091,316098,316099,1,7
316091,316091,316100,9,0
316091,316098,316100,2,7
316091,316091,316100,9,0
316091,316091,316100,9,0
316091,316091,316099,8,0
316091,316098,316100,2,7
316091,316098,316100,2,7
316091,316091,316100,9,0
316091,316091,316100,9,0
316091,316098,316100,2,7
316091,316098,316100,2,7
316091,316098,316101,3,7
316091,316091,316101,10,0
316091,316091,316100,9,0
316091,316091,316101,10,0
316091,316098,316101,3,7
316091,316091,316101,10,0
316091,316091,316102,11,0
316091,316099,316102,3,8
316091,316091,316102,11,0
316091,316099,316102,3,8
316091,316091,316102,11,0
316091,316099,316102,3,8
316091,316099,316102,3,8
316091,316099,316102,3,8
316091,316091,316102,11,0
316091,316091,316104,13,0
316091,316091,316104,13,0
316091,316091,316106,15,0
316091,316091,316107,16,0
316091,316091,316108,17,0
316111,316111,316113,2,0
316111,316111,316113,2,0
316111,316111,316113,2,0
316111,316111,316113,2,0
316111,316111,316113,2,0
316111,316111,316113,2,0
316111,316111,316114,3,0
316111,316114,316115,1,3
316111,316113,316115,2,2
316111,316111,316115,4,0
316111,316111,316116,5,0
316111,316113,316116,3,2
316111,316114,316115,1,3
316111,316113,316115,2,2
316111,316113,316115,2,2
316111,316111,316116,5,0
316111,316111,316117,6,0
316111,316111,316117,6,0
316111,316111,316116,5,0
316111,316115,316117,2,4
316111,316111,316117,6,0
316111,316111,316118,7,0
316111,316111,316118,7,0
316111,316111,316118,7,0
316111,316116,316118,2,5
316111,316111,316118,7,0
316111,316116,316118,2,5
316111,316115,316117,2,4
316111,316115,316118,3,4
316111,316111,316117,6,0
316111,316116,316118,2,5
316111,316116,316118,2,5
316111,316111,316118,7,0
316111,316111,316118,7,0
316111,316111,316118,7,0
316111,316111,316118,7,0
316111,316111,316118,7,0
316111,316111,316119,8,0
316111,316111,316119,8,0
316111,316111,316119,8,0
316111,316111,316119,8,0
316111,316117,316119,2,6
316111,316115,316119,4,4
316111,316111,316120,9,0
316111,316111,316119,8,0
316111,316117,316120,3,6
316111,316117,316120,3,6
316111,316116,316120,4,5
316111,316111,316120,9,0
316111,316118,316120,2,7
316111,316111,316119,8,0
316111,316111,316119,8,0
316111,316118,316119,1,7
316111,316118,316120,2,7
316111,316118,316119,1,7
316111,316111,316120,9,0
316111,316111,316120,9,0
316111,316118,316120,2,7
316111,316118,316120,2,7
316111,316111,316120,9,0
316111,316111,316120,9,0
316111,316118,316119,1,7
316111,316118,316120,2,7
316111,316116,316119,3,5
316111,316117,316120,3,6
316111,316118,316121,3,7
316111,316118,316120,2,7
316111,316111,316121,10,0
316111,316117,316120,3,6
316111,316118,316120,2,7
316111,316111,316121,10,0
316111,316118,316120,2,7
316111,316111,316122,11,0
316111,316119,316122,3,8
316111,316119,316122,3,8
316111,316111,316124,13,0
316111,316111,316125,14,0
316111,316111,316124,13,0
316111,316111,316129,18,0
316132,316132,316134,2,0
316132,316132,316134,2,0
316132,316132,316134,2,0
316132,316132,316134,2,0
316132,316132,316134,2,0
316132,316132,316134,2,0
316132,316134,316136,2,2
316132,316134,316136,2,2
316132,316134,316136,2,2
316132,316132,316135,3,0
316132,316134,316136,2,2
316132,316134,316136,2,2
316132,316135,316137,2,3
316132,316132,316138,6,0
316132,316132,316138,6,0
316132,316132,316137,5,0
316132,316136,316137,1,4
316132,316136,316138,2,4
316132,316132,316137,5,0
316132,316136,316138,2,4
316132,316132,316138,6,0
316132,316132,316139,7,0
316132,316132,316138,6,0
316132,316137,316139,2,5
316132,316137,316139,2,5
316132,316136,316139,3,4
316132,316136,316139,3,4
316132,316138,316140,2,6
316132,316138,316140,2,6
316132,316138,316140,2,6
316132,316132,316140,8,0
316132,316138,316139,1,6
316132,316132,316140,8,0
316132,316132,316140,8,0
316132,316132,316140,8,0
316132,316132,316140,8,0
316132,316139,316140,1,7
316132,316132,316141,9,0
316132,316139,316141,2,7
316132,316139,316141,2,7
316132,316132,316141,9,0
316132,316139,316140,1,7
316132,316139,316141,2,7
316132,316139,316141,2,7
316132,316132,316142,10,0
316132,316132,316142,10,0
316132,316132,316141,9,0
316132,316132,316142,10,0
316132,316138,316141,3,6
316132,316138,316141,3,6
316132,316139,316142,3,7
316132,316132,316142,10,0
316132,316140,316141,1,8
316132,316140,316141,1,8
316132,316140,316142,2,8
316132,316132,316142,10,0
316132,316140,316141,1,8
316132,316140,316141,1,8
316132,316140,316142,2,8
316132,316140,316142,2,8
316132,316140,316142,2,8
316132,316132,316143,11,0
316132,316132,316142,10,0
316132,316132,316143,11,0
316132,316138,316143,5,6
316132,316132,316143,11,0
316132,316132,316143,11,0
316132,316132,316143,11,0
316132,316132,316145,13,0
316132,316132,316144,12,0
316132,316132,316146,14,0
316132,316132,316147,15,0
316132,316132,316148,16,0
316132,316132,316148,16,0
316132,316132,316149,17,0
316132,316132,316149,17,0
316132,316132,316149,17,0
316132,316132,316151,19,0
316132,316132,316152,20,0
316155,316155,316157,2,0
316155,316155,316157,2,0
316155,316155,316157,2,0
316155,316155,316157,2,0
316155,316155,316157,2,0
316155,316155,316157,2,0
316155,316155,316158,3,0
316155,316157,316158,1,2
316155,316157,316159,2,2
316155,316155,316159,4,0
316155,316157,316159,2,2
316155,316157,316160,3,2
316155,316158,316160,2,3
316155,316157,316160,3,2
316155,316157,316160,3,2
316155,316159,316161,2,4
316155,316155,316162,7,0
316155,316155,316162,7,0
316155,316155,316162,7,0
316155,316160,316161,1,5
316155,316160,316162,2,5
316155,316160,316162,2,5
316155,316160,316161,1,5
316155,316160,316162,2,5
316155,316155,316162,7,0
316155,316155,316163,8,0
316155,316155,316162,7,0
316155,316155,316163,8,0
316155,316161,316162,1,6
316155,316155,316162,7,0
316155,316161,316162,1,6
316155,316161,316163,2,6
316155,316155,316163,8,0
316155,316155,316162,7,0
316155,316155,316162,7,0
316155,316155,316163,8,0
316155,316155,316163,8,0
316155,316155,316164,9,0
316155,316155,316163,8,0
316155,316162,316163,1,7
316155,316162,316164,2,7
316155,316162,316164,2,7
316155,316162,316163,1,7
316155,316162,316164,2,7
316155,316162,316164,2,7
316155,316162,316164,2,7
316155,316155,316165,10,0
316155,316155,316165,10,0
316155,316162,316164,2,7
316155,316163,316164,1,8
316155,316163,316165,2,8
316155,316163,316165,2,8
316155,316163,316165,2,8
316155,316163,316165,2,8
316155,316163,316165,2,8
316155,316163,316165,2,8
316155,316155,316165,10,0
316155,316163,316165,2,8
316155,316155,316166,11,0
316155,316155,316166,11,0
316155,316163,316165,2,8
316155,316163,316166,3,8
316155,316155,316166,11,0
316155,316155,316167,12,0
316155,316155,316167,12,0
316155,316163,316166,3,8
316155,316155,316167,12,0
316155,316155,316168,13,0
316155,316155,316168,13,0
316155,316155,316168,13,0
316155,316155,316168,13,0
316155,316155,316169,14,0
316155,316155,316170,15,0
316155,316155,316170,15,0
316155,316155,316171,16,0
316155,316155,316171,16,0
316155,316155,316172,17,0
316155,316155,316172,17,0
316155,316155,316175,20,0
316178,316178,316179,1,0
316178,316178,316180,2,0
316178,316178,316180,2,0
316178,316178,316180,2,0
316178,316178,316180,2,0
316178,316178,316180,2,0
316178,316178,316180,2,0
316178,316178,316183,5,0
316178,316180,316182,2,2
316178,316180,316183,3,2
316178,316180,316182,2,2
316178,316180,316182,2,2
316178,316180,316182,2,2
316178,316181,316183,2,3
316178,316180,316183,3,2
316178,316183,316185,2,5
316178,316183,316185,2,5
316178,316183,316185,2,5
316178,316183,316185,2,5
316178,316183,316185,2,5
316178,316183,316185,2,5
316178,316183,316185,2,5
316178,316178,316186,8,0
316178,316178,316185,7,0
316178,316178,316186,8,0
316178,316178,316185,7,0
316178,316184,316185,1,6
316178,316178,316186,8,0
316178,316178,316187,9,0
316178,316178,316187,9,0
316178,316185,316186,1,7
316178,316185,316186,1,7
316178,316185,316186,1,7
316178,316178,316187,9,0
316178,316185,316186,1,7
316178,316178,316187,9,0
316178,316185,316186,1,7
316178,316185,316186,1,7
316178,316185,316187,2,7
316178,316178,316187,9,0
316178,316178,316187,9,0
316178,316178,316188,10,0
316178,316178,316188,10,0
316178,316186,316187,1,8
316178,316178,316187,9,0
316178,316186,316188,2,8
316178,316186,316187,1,8
316178,316178,316188,10,0
316178,316178,316188,10,0
316178,316186,316189,3,8
316178,316178,316188,10,0
316178,316178,316188,10,0
316178,316186,316188,2,8
316178,316187,316189,2,9
316178,316187,316188,1,9
316178,316178,316189,11,0
316178,316187,316189,2,9
316178,316187,316189,2,9
316178,316178,316189,11,0
316178,316187,316189,2,9
316178,316187,316189,2,9
316178,316178,316190,12,0
316178,316187,316189,2,9
316178,316178,316190,12,0
316178,316178,316189,11,0
316178,316186,316189,3,8
316178,316178,316189,11,0
316178,316178,316190,12,0
316178,316178,316190,12,0
316178,316178,316191,13,0
316178,316178,316191,13,0
316178,316178,316192,14,0
316178,316178,316191,13,0
316178,316178,316193,15,0
316178,316178,316194,16,0
316178,316178,316194,16,0
316178,316178,316195,17,0
316178,316178,316197,19,0
316178,316178,316199,21,0
316203,316203,316204,1,0
316203,316203,316204,1,0
316203,316203,316204,1,0
316203,316203,316204,1,0
316203,316203,316205,2,0
316203,316203,316205,2,0
316203,316203,316206,3,0
316203,316205,316207,2,2
316203,316205,316207,2,2
316203,316206,316208,2,3
316203,316205,316207,2,2
316203,316205,316208,3,2
316203,316206,316208,2,3
316203,316207,316208,1,4
316203,316208,316209,1,5
316203,316208,316209,1,5
316203,316203,316209,6,0
316203,316208,316209,1,5
316203,316208,316209,1,5
316203,316208,316209,1,5
316203,316208,316210,2,5
316203,316203,316210,7,0
316203,316203,316210,7,0
316203,316203,316210,7,0
316203,316203,316211,8,0
316203,316203,316211,8,0
316203,316203,316211,8,0
316203,316210,316211,1,7
316203,316209,316210,1,6
316203,316203,316211,8,0
316203,316203,316211,8,0
316203,316203,316212,9,0
316203,316210,316211,1,7
316203,316203,316212,9,0
316203,316210,316211,1,7
316203,316210,316211,1,7
316203,316203,316211,8,0
316203,316203,316212,9,0
316203,316203,316212,9,0
316203,316203,316212,9,0
316203,316210,316213,3,7
316203,316211,316212,1,8
316203,316210,316213,3,7
316203,316210,316213,3,7
316203,316203,316213,10,0
316203,316211,316213,2,8
316203,316211,316213,2,8
316203,316211,316213,2,8
316203,316203,316213,10,0
316203,316203,316213,10,0
316203,316212,316213,1,9
316203,316203,316213,10,0
316203,316203,316213,10,0
316203,316212,316213,1,9
316203,316212,316213,1,9
316203,316211,316213,2,8
316203,316203,316214,11,0
316203,316212,316215,3,9
316203,316203,316214,11,0
316203,316212,316214,2,9
316203,316212,316215,3,9
316203,316211,316214,3,8
316203,316203,316216,13,0
316203,316203,316215,12,0
316203,316203,316216,13,0
316203,316203,316216,13,0
316203,316203,316217,14,0
316203,316211,316217,6,8
316203,316203,316219,16,0
316203,316211,316219,8,8
316203,316203,316220,17,0
316203,316203,316220,17,0
316203,316203,316222,19,0
316203,316203,316222,19,0
316203,316203,316222,19,0
316203,316203,316221,18,0
316203,316203,316222,19,0
316203,316203,316222,19,0
316203,316203,316224,21,0
316227,316227,316228,1,0
316227,316227,316228,1,0
316227,316227,316229,2,0
316227,316227,316229,2,0
316227,316227,316229,2,0
316227,316227,316228,1,0
316227,316227,316230,3,0
316227,316227,316230,3,0
316227,316229,316231,2,2
316227,316229,316230,1,2
316227,316229,316231,2,2
316227,316227,316231,4,0
316227,316229,316231,2,2
316227,316229,316231,2,2
316227,316229,316231,2,2
316227,316227,316231,4,0
316227,316230,316232,2,3
316227,316231,316232,1,4
316227,316231,316233,2,4
316227,316227,316233,6,0
316227,316227,316233,6,0
316227,316231,316233,2,4
316227,316232,316234,2,5
316227,316227,316233,6,0
316227,316232,316233,1,5
316227,316232,316233,1,5
316227,316232,316233,1,5
316227,316232,316233,1,5
316227,316227,316235,8,0
316227,316227,316234,7,0
316227,316227,316234,7,0
316227,316232,316234,2,5
316227,316233,316234,1,6
316227,316227,316235,8,0
316227,316227,316235,8,0
316227,316227,316235,8,0
316227,316233,316235,2,6
316227,316227,316236,9,0
316227,316233,316235,2,6
316227,316234,316236,2,7
316227,316227,316236,9,0
316227,316234,316236,2,7
316227,316234,316236,2,7
316227,316227,316235,8,0
316227,316227,316236,9,0
316227,316234,316236,2,7
316227,316234,316236,2,7
316227,316234,316235,1,7
316227,316227,316236,9,0
316227,316227,316236,9,0
316227,316227,316236,9,0
316227,316227,316237,10,0
316227,316235,316237,2,8
316227,316235,316236,1,8
316227,316235,316236,1,8
316227,316235,316238,3,8
316227,316227,316238,11,0
316227,316235,316238,3,8
316227,316235,316238,3,8
316227,316227,316237,10,0
316227,316227,316238,11,0
316227,316234,316238,4,7
316227,316234,316238,4,7
316227,316235,316238,3,8
316227,316234,316238,4,7
316227,316227,316239,12,0
316227,316227,316240,13,0
316227,316227,316239,12,0
316227,316227,316241,14,0
316227,316227,316241,14,0
316227,316227,316240,13,0
316227,316227,316241,14,0
316227,316227,316242,15,0
316227,316227,316243,16,0
316227,316227,316244,17,0
316227,316227,316245,18,0
316227,316227,316246,19,0
316227,316227,316247,20,0
316227,316227,316248,21,0
316251,316251,316253,2,0
316251,316251,316253,2,0
316251,316251,316252,1,0
316251,316251,316252,1,0
316251,316251,316253,2,0
316251,316251,316253,2,0
316251,316253,316255,2,2
316251,316251,316255,4,0
316251,316253,316256,3,2
316251,316253,316255,2,2
316251,316251,316256,5,0
316251,316253,316257,4,2
316251,316253,316256,3,2
316251,316255,316257,2,4
316251,316251,316258,7,0
316251,316251,316257,6,0
316251,316251,316258,7,0
316251,316256,316258,2,5
316251,316256,316258,2,5
316251,316256,316257,1,5
316251,316253,316257,4,2
316251,316251,316258,7,0
316251,316251,316258,7,0
316251,316257,316258,1,6
316251,316251,316258,7,0
316251,316257,316258,1,6
316251,316251,316259,8,0
316251,316257,316258,1,6
316251,316257,316259,2,6
316251,316251,316259,8,0
316251,316258,316260,2,7
316251,316251,316260,9,0
316251,316251,316259,8,0
316251,316258,316260,2,7
316251,316251,316261,10,0
316251,316251,316260,9,0
316251,316258,316260,2,7
316251,316258,316261,3,7
316251,316251,316260,9,0
316251,316251,316260,9,0
316251,316258,316260,2,7
316251,316251,316260,9,0
316251,316251,316261,10,0
316251,316258,316260,2,7
316251,316259,316261,2,8
316251,316259,316261,2,8
316251,316251,316260,9,0
316251,316258,316260,2,7
316251,316259,316261,2,8
316251,316259,316261,2,8
316251,316251,316262,11,0
316251,316251,316261,10,0
316251,316251,316262,11,0
316251,316260,316262,2,9
316251,316260,316261,1,9
316251,316251,316261,10,0
316251,316251,316261,10,0
316251,316259,316261,2,8
316251,316260,316261,1,9
316251,316260,316262,2,9
316251,316251,316263,12,0
316251,316260,316263,3,9
316251,316251,316262,11,0
316251,316259,316263,4,8
316251,316261,316264,3,10
316251,316259,316265,6,8
316251,316261,316265,4,10
316251,316251,316265,14,0
316251,316251,316267,16,0
316251,316251,316267,16,0
316251,316251,316267,16,0
316251,316251,316268,17,0
316251,316251,316267,16,0
316251,316251,316269,18,0
316251,316251,316269,18,0
316251,316251,316272,21,0
316251,316251,316272,21,0
316251,316251,316273,22,0
316251,316251,316273,22,0
316276,316276,316277,1,0
316276,316276,316277,1,0
316276,316276,316278,2,0
316276,316276,316277,1,0
316276,316276,316278,2,0
316276,316276,316278,2,0
316276,316278,316280,2,2
316276,316276,316281,5,0
316276,316276,316281,5,0
316276,316278,316280,2,2
316276,316278,316280,2,2
316276,316279,316281,2,3
316276,316276,316281,5,0
316276,316278,316282,4,2
316276,316276,316281,5,0
316276,316278,316281,3,2
316276,316280,316281,1,4
316276,316276,316282,6,0
316276,316276,316282,6,0
316276,316276,316283,7,0
316276,316276,316282,6,0
316276,316281,316283,2,5
316276,316276,316283,7,0
316276,316281,316282,1,5
316276,316281,316283,2,5
316276,316276,316283,7,0
316276,316276,316284,8,0
316276,316276,316284,8,0
316276,316276,316284,8,0
316276,316282,316283,1,6
316276,316282,316283,1,6
316276,316282,316284,2,6
316276,316276,316284,8,0
316276,316282,316283,1,6
316276,316276,316283,7,0
316276,316283,316284,1,7
316276,316276,316284,8,0
316276,316282,316285,3,6
316276,316281,316284,3,5
316276,316281,316284,3,5
316276,316283,316285,2,7
316276,316283,316285,2,7
316276,316276,316284,8,0
316276,316276,316285,9,0
316276,316283,316285,2,7
316276,316283,316284,1,7
316276,316283,316285,2,7
316276,316283,316286,3,7
316276,316283,316285,2,7
316276,316284,316285,1,8
316276,316284,316285,1,8
316276,316284,316286,2,8
316276,316284,316286,2,8
316276,316284,316285,1,8
316276,316284,316286,2,8
316276,316276,316286,10,0
316276,316276,316287,11,0
316276,316284,316287,3,8
316276,316276,316287,11,0
316276,316284,316287,3,8
316276,316276,316286,10,0
316276,316276,316287,11,0
316276,316276,316287,11,0
316276,316284,316287,3,8
316276,316276,316288,12,0
316276,316276,316287,11,0
316276,316276,316289,13,0
316276,316284,316288,4,8
316276,316276,316290,14,0
316276,316276,316290,14,0
316276,316276,316292,16,0
316276,316276,316292,16,0
316276,316276,316293,17,0
316276,316276,316294,18,0
316276,316276,316297,21,0
316276,316276,316297,21,0
316276,316276,316297,21,0
316276,316276,316298,22,0
316276,316276,316301,25,0
316304,316304,316306,2,0
316304,316304,316306,2,0
316304,316304,316306,2,0
316304,316304,316306,2,0
316304,316304,316306,2,0
316304,316304,316306,2,0
316304,316304,316308,4,0
316304,316306,316307,1,2
316304,316306,316307,1,2
316304,316306,316308,2,2
316304,316306,316309,3,2
316304,316307,316308,1,3
316304,316304,316309,5,0
316304,316304,316309,5,0
316304,316304,316309,5,0
316304,316304,316310,6,0
316304,316304,316310,6,0
316304,316306,316309,3,2
316304,316308,316310,2,4
316304,316304,316310,6,0
316304,316304,316310,6,0
316304,316308,316310,2,4
316304,316309,316311,2,5
316304,316309,316311,2,5
316304,316304,316312,8,0
316304,316304,316311,7,0
316304,316304,316311,7,0
316304,316304,316312,8,0
316304,316304,316311,7,0
316304,316304,316311,7,0
316304,316309,316311,2,5
316304,316309,316311,2,5
316304,316310,316312,2,6
316304,316304,316312,8,0
316304,316308,316313,5,4
316304,316304,316313,9,0
316304,316304,316313,9,0
316304,316304,316312,8,0
316304,316310,316313,3,6
316304,316311,316313,2,7
316304,316310,316313,3,6
316304,316304,316314,10,0
316304,316311,316314,3,7
316304,316312,316314,2,8
316304,316304,316315,11,0
316304,316312,316315,3,8
316304,316304,316315,11,0
316304,316312,316314,2,8
316304,316304,316315,11,0
316304,316311,316315,4,7
316304,316304,316315,11,0
316304,316312,316314,2,8
316304,316304,316316,12,0
316304,316311,316316,5,7
316304,316312,316315,3,8
316304,316312,316316,4,8
316304,316312,316315,3,8
316304,316313,316315,2,9
316304,316304,316316,12,0
316304,316311,316315,4,7
316304,316312,316315,3,8
316304,316304,316316,12,0
316304,316304,316316,12,0
316304,316304,316316,12,0
316304,316304,316316,12,0
316304,316304,316316,12,0
316304,316304,316316,12,0
316304,316304,316317,13,0
316304,316313,316316,3,9
316304,316304,316317,13,0
316304,316310,316318,8,6
316304,316310,316317,7,6
316304,316310,316318,8,6
316304,316304,316317,13,0
316304,316312,316318,6,8
316304,316304,316319,15,0
316304,316304,316321,17,0
316304,316304,316324,20,0
316304,316304,316330,26,0
316333,316333,316335,2,0
316333,316333,316335,2,0
316333,316333,316335,2,0
316333,316333,316335,2,0
316333,316333,316335,2,0
316333,316333,316335,2,0
316333,316333,316336,3,0
316333,316333,316337,4,0
316333,316335,316338,3,2
316333,316335,316338,3,2
316333,316335,316338,3,2
316333,316335,316338,3,2
316333,316335,316338,3,2
316333,316333,316339,6,0
316333,316335,316338,3,2
316333,316333,316340,7,0
316333,316333,316340,7,0
316333,316333,316340,7,0
316333,316333,316341,8,0
316333,316339,316341,2,6
316333,316333,316341,8,0
316333,316338,316341,3,5
316333,316338,316340,2,5
316333,316339,316341,2,6
316333,316338,316341,3,5
316333,316333,316341,8,0
316333,316333,316342,9,0
316333,316339,316342,3,6
316333,316339,316341,2,6
316333,316333,316343,10,0
316333,316333,316343,10,0
316333,316333,316342,9,0
316333,316333,316343,10,0
316333,316333,316342,9,0
316333,316333,316342,9,0
316333,316340,316342,2,7
316333,316341,316343,2,8
316333,316333,316343,10,0
316333,316340,316343,3,7
316333,316333,316343,10,0
316333,316337,316344,7,4
316333,316340,316343,3,7
316333,316338,316344,6,5
316333,316333,316343,10,0
316333,316333,316344,11,0
316333,316341,316344,3,8
316333,316342,316344,2,9
316333,316333,316343,10,0
316333,316333,316343,10,0
316333,316341,316344,3,8
316333,316341,316343,2,8
316333,316341,316344,3,8
316333,316333,316344,11,0
316333,316341,316343,2,8
316333,316342,316344,2,9
316333,316333,316344,11,0
316333,316333,316345,12,0
316333,316333,316344,11,0
316333,316333,316345,12,0
316333,316333,316345,12,0
316333,316333,316344,11,0
316333,316333,316345,12,0
316333,316343,316345,2,10
316333,316343,316345,2,10
316333,316333,316344,11,0
316333,316333,316346,13,0
316333,316343,316346,3,10
316333,316333,316347,14,0
316333,316333,316347,14,0
316333,316343,316347,4,10
316333,316343,316346,3,10
316333,316343,316346,3,10
316333,316342,316347,5,9
316333,316341,316348,7,8
316333,316333,316347,14,0
316333,316333,316347,14,0
316333,316333,316348,15,0
316333,316342,316350,8,9
316333,316333,316350,17,0
316354,316354,316355,1,0
316354,316354,316356,2,0
316354,316354,316356,2,0
316354,316354,316356,2,0
316354,316354,316356,2,0
316354,316354,316357,3,0
316354,316354,316358,4,0
316354,316356,316359,3,2
316354,316356,316359,3,2
316354,316356,316359,3,2
316354,316354,316359,5,0
316354,316354,316359,5,0
316354,316356,316360,4,2
316354,316356,316359,3,2
316354,316354,316361,7,0
316354,316357,316360,3,3
316354,316354,316361,7,0
316354,316354,316361,7,0
316354,316359,316361,2,5
316354,316354,316362,8,0
316354,316354,316362,8,0
316354,316354,316361,7,0
316354,316354,316362,8,0
316354,316354,316362,8,0
316354,316359,316361,2,5
316354,316359,316361,2,5
316354,316360,316362,2,6
316354,316354,316362,8,0
316354,316354,316363,9,0
316354,316354,316362,8,0
316354,316361,316362,1,7
316354,316361,316363,2,7
316354,316360,316363,3,6
316354,316360,316362,2,6
316354,316354,316362,8,0
316354,316361,316363,2,7
316354,316361,316363,2,7
316354,316354,316363,9,0
316354,316361,316363,2,7
316354,316354,316363,9,0
316354,316354,316363,9,0
316354,316354,316364,10,0
316354,316354,316364,10,0
316354,316354,316363,9,0
316354,316362,316364,2,8
316354,316354,316364,10,0
316354,316362,316364,2,8
316354,316362,316364,2,8
316354,316354,316365,11,0
316354,316354,316365,11,0
316354,316360,316364,4,6
316354,316354,316365,11,0
316354,316354,316365,11,0
316354,316363,316365,2,9
316354,316363,316365,2,9
316354,316363,316365,2,9
316354,316363,316365,2,9
316354,316362,316365,3,8
316354,316362,316365,3,8
316354,316354,316364,10,0
316354,316363,316365,2,9
316354,316354,316366,12,0
316354,316354,316366,12,0
316354,316354,316366,12,0
316354,316363,316365,2,9
316354,316354,316367,13,0
316354,316354,316366,12,0
316354,316362,316367,5,8
316354,316359,316366,7,5
316354,316363,316367,4,9
316354,316354,316367,13,0
316354,316354,316368,14,0
316354,316354,316367,13,0
316354,316362,316367,5,8
316354,316354,316368,14,0
316354,316354,316369,15,0
316354,316362,316369,7,8
316354,316363,316368,5,9
316354,316354,316368,14,0
316372,316372,316374,2,0
316372,316372,316374,2,0
316372,316372,316374,2,0
316372,316372,316374,2,0
316372,316372,316374,2,0
316372,316372,316374,2,0
316372,316372,316376,4,0
316372,316372,316377,5,0
316372,316374,316377,3,2
316372,316372,316377,5,0
316372,316374,316377,3,2
316372,316374,316376,2,2
316372,316372,316378,6,0
316372,316374,316377,3,2
316372,316374,316377,3,2
316372,316374,316378,4,2
316372,316372,316378,6,0
316372,316372,316379,7,0
316372,316372,316379,7,0
316372,316377,316379,2,5
316372,316372,316379,7,0
316372,316372,316380,8,0
316372,316372,316379,7,0
316372,316372,316380,8,0
316372,316372,316380,8,0
316372,316378,316380,2,6
316372,316377,316380,3,5
316372,316372,316380,8,0
316372,316377,316380,3,5
316372,316372,316380,8,0
316372,316377,316379,2,5
316372,316378,316380,2,6
316372,316372,316380,8,0
316372,316372,316380,8,0
316372,316378,316380,2,6
316372,316376,316380,4,4
316372,316372,316381,9,0
316372,316378,316380,2,6
316372,316372,316381,9,0
316372,316379,316381,2,7
316372,316379,316381,2,7
316372,316379,316381,2,7
316372,316372,316381,9,0
316372,316377,316382,5,5
316372,316372,316382,10,0
316372,316380,316382,2,8
316372,316372,316382,10,0
316372,316380,316382,2,8
316372,316380,316382,2,8
316372,316380,316382,2,8
316372,316380,316382,2,8
316372,316380,316382,2,8
316372,316380,316382,2,8
316372,316380,316382,2,8
316372,316372,316383,11,0
316372,316372,316382,10,0
316372,316372,316383,11,0
316372,316380,316383,3,8
316372,316380,316382,2,8
316372,316372,316383,11,0
316372,316380,316383,3,8
316372,316380,316383,3,8
316372,316372,316383,11,0
316372,316372,316384,12,0
316372,316372,316383,11,0
316372,316372,316383,11,0
316372,316379,316383,4,7
316372,316372,316384,12,0
316372,316372,316385,13,0
316372,316372,316385,13,0
316372,316372,316386,14,0
316372,316372,316386,14,0
316372,316380,316386,6,8
316372,316380,316386,6,8
316372,316380,316386,6,8
316372,316372,316386,14,0
316372,316372,316387,15,0
316372,316372,316388,16,0
316372,316372,316391,19,0
316394,316394,316396,2,0
316394,316394,316396,2,0
316394,316394,316396,2,0
316394,316394,316396,2,0
316394,316394,316396,2,0
316394,316394,316397,3,0
316394,316394,316399,5,0
316394,316394,316399,5,0
316394,316394,316399,5,0
316394,316394,316399,5,0
316394,316396,316399,3,2
316394,316396,316399,3,2
316394,316394,316399,5,0
316394,316396,316400,4,2
316394,316396,316399,3,2
316394,316397,316400,3,3
316394,316394,316399,5,0
316394,316394,316399,5,0
316394,316394,316399,5,0
316394,316394,316401,7,0
316394,316394,316401,7,0
316394,316394,316400,6,0
316394,316394,316400,6,0
316394,316394,316400,6,0
316394,316394,316401,7,0
316394,316398,316401,3,4
316394,316399,316401,2,5
316394,316394,316401,7,0
316394,316394,316401,7,0
316394,316400,316402,2,6
316394,316394,316402,8,0
316394,316399,316402,3,5
316394,316400,316402,2,6
316394,316394,316402,8,0
316394,316400,316402,2,6
316394,316394,316402,8,0
316394,316394,316402,8,0
316394,316400,316402,2,6
316394,316394,316402,8,0
316394,316394,316402,8,0
316394,316394,316403,9,0
316394,316394,316403,9,0
316394,316400,316403,3,6
316394,316400,316403,3,6
316394,316394,316403,9,0
316394,316401,316402,1,7
316394,316401,316403,2,7
316394,316394,316403,9,0
316394,316401,316403,2,7
316394,316394,316404,10,0
316394,316401,316404,3,7
316394,316401,316404,3,7
316394,316399,316404,5,5
316394,316401,316404,3,7
316394,316402,316404,2,8
316394,316402,316404,2,8
316394,316401,316404,3,7
316394,316394,316404,10,0
316394,316402,316404,2,8
316394,316394,316403,9,0
316394,316402,316404,2,8
316394,316402,316404,2,8
316394,316402,316404,2,8
316394,316399,316405,6,5
316394,316394,316404,10,0
316394,316400,316404,4,6
316394,316394,316406,12,0
316394,316402,316406,4,8
316394,316402,316406,4,8
316394,316399,316406,7,5
316394,316399,316406,7,5
316394,316394,316407,13,0
316394,316401,316407,6,7
316394,316394,316410,16,0
316394,316394,316410,16,0
316394,316394,316410,16,0
316394,316394,316411,17,0
316394,316394,316414,20,0
316394,316394,316414,20,0
316418,316418,316420,2,0
316418,316418,316420,2,0
316418,316418,316420,2,0
316418,316418,316420,2,0
316418,316418,316420,2,0
316418,316418,316421,3,0
316418,316420,316422,2,2
316418,316420,316423,3,2
316418,316420,316423,3,2
316418,316418,316423,5,0
316418,316420,316423,3,2
316418,316418,316424,6,0
316418,316418,316424,6,0
316418,316422,316424,2,4
316418,316418,316424,6,0
316418,316420,316424,4,2
316418,316421,316423,2,3
316418,316418,316425,7,0
316418,316418,316425,7,0
316418,316418,316425,7,0
316418,316418,316425,7,0
316418,316418,316425,7,0
316418,316423,316425,2,5
316418,316418,316425,7,0
316418,316423,316425,2,5
316418,316418,316426,8,0
316418,316418,316426,8,0
316418,316418,316426,8,0
316418,316418,316426,8,0
316418,316424,316426,2,6
316418,316424,316426,2,6
316418,316424,316426,2,6
316418,316424,316426,2,6
316418,316418,316426,8,0
316418,316425,316426,1,7
316418,316418,316426,8,0
316418,316418,316426,8,0
316418,316418,316427,9,0
316418,316418,316427,9,0
316418,316418,316427,9,0
316418,316423,316427,4,5
316418,316423,316427,4,5
316418,316425,316427,2,7
316418,316418,316427,9,0
316418,316426,316427,1,8
316418,316425,316428,3,7
316418,316425,316428,3,7
316418,316418,316428,10,0
316418,316425,316428,3,7
316418,316424,316428,4,6
316418,316418,316428,10,0
316418,316425,316428,3,7
316418,316425,316428,3,7
316418,316418,316428,10,0
316418,316426,316427,1,8
316418,316425,316428,3,7
316418,316418,316428,10,0
316418,316418,316428,10,0
316418,316426,316428,2,8
316418,316427,316428,1,9
316418,316427,316428,1,9
316418,316427,316429,2,9
316418,316427,316428,1,9
316418,316427,316428,1,9
316418,316427,316428,1,9
316418,316426,316429,3,8
316418,316418,316429,11,0
316418,316427,316429,2,9
316418,316418,316430,12,0
316418,316418,316431,13,0
316418,316418,316431,13,0
316418,316418,316431,13,0
316418,316418,316431,13,0
316418,316418,316432,14,0
316418,316418,316432,14,0
316418,316418,316432,14,0
316418,316418,316432,14,0
316418,316418,316436,18,0
316418,316418,316441,23,0
316444,316444,316446,2,0
316444,316444,316446,2,0
316444,316444,316446,2,0
316444,316444,316446,2,0
316444,316444,316446,2,0
316444,316444,316448,4,0
316444,316444,316448,4,0
316444,316446,316448,2,2
316444,316446,316447,1,2
316444,316446,316448,2,2
316444,316446,316448,2,2
316444,316444,316447,3,0
316444,316446,316448,2,2
316444,316444,316449,5,0
316444,316444,316450,6,0
316444,316448,316450,2,4
316444,316448,316450,2,4
316444,316448,316450,2,4
316444,316444,316450,6,0
316444,316448,316450,2,4
316444,316448,316450,2,4
316444,316448,316450,2,4
316444,316444,316451,7,0
316444,316444,316451,7,0
316444,316444,316450,6,0
316444,316448,316451,3,4
316444,316444,316452,8,0
316444,316444,316452,8,0
316444,316444,316452,8,0
316444,316444,316452,8,0
316444,316444,316452,8,0
316444,316450,316452,2,6
316444,316450,316452,2,6
316444,316444,316452,8,0
316444,316450,316451,1,6
316444,316444,316452,8,0
316444,316444,316452,8,0
316444,316444,316452,8,0
316444,316450,316452,2,6
316444,316450,316452,2,6
316444,316450,316452,2,6
316444,316450,316452,2,6
316444,316444,316453,9,0
316444,316444,316453,9,0
316444,316444,316452,8,0
316444,316450,316453,3,6
316444,316444,316453,9,0
316444,316448,316453,5,4
316444,316449,316453,4,5
316444,316444,316453,9,0
316444,316444,316452,8,0
316444,316444,316453,9,0
316444,316444,316453,9,0
316444,316444,316453,9,0
316444,316451,316453,2,7
316444,316444,316454,10,0
316444,316451,316454,3,7
316444,316444,316454,10,0
316444,316444,316453,9,0
316444,316452,316453,1,8
316444,316452,316453,1,8
316444,316444,316454,10,0
316444,316444,316454,10,0
316444,316452,316454,2,8
316444,316452,316454,2,8
316444,316444,316454,10,0
316444,316452,316454,2,8
316444,316452,316455,3,8
316444,316452,316454,2,8
316444,316452,316455,3,8
316444,316452,316455,3,8
316444,316451,316455,4,7
316444,316451,316454,3,7
316444,316444,316455,11,0
316444,316444,316456,12,0
316444,316444,316457,13,0
316444,316444,316457,13,0
316444,316444,316458,14,0
316444,316444,316459,15,0
316462,316462,316464,2,0
316462,316462,316464,2,0
316462,316462,316464,2,0
316462,316462,316464,2,0
316462,316462,316464,2,0
316462,316462,316464,2,0
316462,316462,316466,4,0
316462,316464,316467,3,2
316462,316465,316467,2,3
316462,316464,316467,3,2
316462,316464,316466,2,2
316462,316465,316466,1,3
316462,316464,316467,3,2
316462,316462,316467,5,0
316462,316467,316468,1,5
316462,316462,316467,5,0
316462,316462,316469,7,0
316462,316462,316469,7,0
316462,316462,316469,7,0
316462,316462,316469,7,0
316462,316467,316468,1,5
316462,316462,316468,6,0
316462,316467,316468,1,5
316462,316462,316469,7,0
316462,316462,316469,7,0
316462,316467,316469,2,5
316462,316467,316469,2,5
316462,316462,316468,6,0
316462,316467,316469,2,5
316462,316467,316470,3,5
316462,316462,316469,7,0
316462,316462,316469,7,0
316462,316462,316469,7,0
316462,316462,316470,8,0
316462,316462,316470,8,0
316462,316468,316470,2,6
316462,316462,316470,8,0
316462,316468,316470,2,6
316462,316462,316470,8,0
316462,316462,316470,8,0
316462,316462,316471,9,0
316462,316462,316470,8,0
316462,316469,316470,1,7
316462,316469,316471,2,7
316462,316462,316470,8,0
316462,316469,316471,2,7
316462,316469,316471,2,7
316462,316469,316471,2,7
316462,316469,316471,2,7
316462,316469,316471,2,7
316462,316469,316471,2,7
316462,316469,316471,2,7
316462,316462,316471,9,0
316462,316462,316471,9,0
316462,316462,316471,9,0
316462,316470,316472,2,8
316462,316469,316471,2,7
316462,316462,316471,9,0
316462,316469,316472,3,7
316462,316469,316471,2,7
316462,316470,316471,1,8
316462,316462,316472,10,0
316462,316470,316471,1,8
316462,316470,316471,1,8
316462,316462,316472,10,0
316462,316469,316473,4,7
316462,316468,316472,4,6
316462,316470,316472,2,8
316462,316470,316472,2,8
316462,316462,316473,11,0
316462,316462,316474,12,0
316462,316462,316473,11,0
316462,316462,316473,11,0
316462,316462,316474,12,0
316462,316462,316474,12,0
316462,316462,316476,14,0
316462,316462,316476,14,0
316462,316462,316477,15,0
316462,316462,316478,16,0
316482,316482,316484,2,0
316482,316482,316484,2,0
316482,316482,316484,2,0
316482,316482,316484,2,0
316482,316482,316484,2,0
316482,316482,316484,2,0
316482,316482,316485,3,0
316482,316482,316485,3,0
316482,316484,316486,2,2
316482,316484,316485,1,2
316482,316484,316486,2,2
316482,316482,316486,4,0
316482,316484,316486,2,2
316482,316484,316486,2,2
316482,316484,316486,2,2
316482,316482,316487,5,0
316482,316482,316488,6,0
316482,316486,316488,2,4
316482,316482,316487,5,0
316482,316482,316487,5,0
316482,316486,316488,2,4
316482,316482,316488,6,0
316482,316482,316489,7,0
316482,316482,316489,7,0
316482,316482,316489,7,0
316482,316482,316488,6,0
316482,316482,316488,6,0
316482,316487,316489,2,5
316482,316482,316489,7,0
316482,316482,316489,7,0
316482,316486,316488,2,4
316482,316488,316489,1,6
316482,316482,316489,7,0
316482,316487,316489,2,5
316482,316487,316488,1,5
316482,316488,316489,1,6
316482,316482,316490,8,0
316482,316482,316490,8,0
316482,316486,316490,4,4
316482,316482,316490,8,0
316482,316482,316490,8,0
316482,316482,316490,8,0
316482,316488,316489,1,6
316482,316489,316490,1,7
316482,316488,316489,1,6
316482,316488,316490,2,6
316482,316482,316491,9,0
316482,316486,316490,4,4
316482,316488,316490,2,6
316482,316482,316490,8,0
316482,316482,316491,9,0
316482,316482,316490,8,0
316482,316489,316491,2,7
316482,316482,316490,8,0
316482,316489,316490,1,7
316482,316489,316491,2,7
316482,316489,316491,2,7
316482,316489,316491,2,7
316482,316489,316491,2,7
316482,316489,316491,2,7
316482,316489,316491,2,7
316482,316482,316492,10,0
316482,316487,316492,5,5
316482,316489,316492,3,7
316482,316489,316492,3,7
316482,316482,316492,10,0
316482,316489,316491,2,7
316482,316489,316492,3,7
316482,316489,316492,3,7
316482,316482,316492,10,0
316482,316482,316492,10,0
316482,316482,316493,11,0
316482,316482,316492,10,0
316482,316482,316492,10,0
316482,316482,316493,11,0
316482,316482,316494,12,0
316482,316482,316494,12,0
316482,316482,316494,12,0
316482,316482,316495,13,0
316498,316498,316499,1,0
316498,316498,316500,2,0
316498,316498,316500,2,0
316498,316498,316500,2,0
316498,316498,316500,2,0
316498,316498,316500,2,0
316498,316500,316501,1,2
316498,316500,316501,1,2
316498,316500,316503,3,2
316498,316500,316502,2,2
316498,316500,316502,2,2
316498,316500,316502,2,2
316498,316498,316503,5,0
316498,316498,316503,5,0
316498,316498,316504,6,0
316498,316498,316505,7,0
316498,316498,316504,6,0
316498,316498,316505,7,0
316498,316502,316504,2,4
316498,316498,316505,7,0
316498,316503,316505,2,5
316498,316498,316504,6,0
316498,316498,316505,7,0
316498,316498,316505,7,0
316498,316503,316505,2,5
316498,316502,316505,3,4
316498,316503,316505,2,5
316498,316498,316505,7,0
316498,316498,316505,7,0
316498,316498,316506,8,0
316498,316503,316505,2,5
316498,316498,316506,8,0
316498,316498,316505,7,0
316498,316498,316505,7,0
316498,316498,316505,7,0
316498,316498,316506,8,0
316498,316498,316506,8,0
316498,316498,316507,9,0
316498,316505,316506,1,7
316498,316505,316507,2,7
316498,316498,316507,9,0
316498,316503,316507,4,5
316498,316505,316507,2,7
316498,316505,316507,2,7
316498,316505,316507,2,7
316498,316498,316507,9,0
316498,316505,316507,2,7
316498,316505,316507,2,7
316498,316505,316507,2,7
316498,316505,316507,2,7
316498,316498,316508,10,0
316498,316498,316508,10,0
316498,316505,316508,3,7
316498,316498,316507,9,0
316498,316498,316507,9,0
316498,316505,316507,2,7
316498,316498,316507,9,0
316498,316505,316507,2,7
316498,316504,316508,4,6
316498,316505,316507,2,7
316498,316506,316508,2,8
316498,316506,316507,1,8
316498,316498,316508,10,0
316498,316506,316508,2,8
316498,316506,316508,2,8
316498,316498,316507,9,0
316498,316506,316508,2,8
316498,316506,316508,2,8
316498,316506,316508,2,8
316498,316498,316508,10,0
316498,316498,316508,10,0
316498,316506,316508,2,8
316498,316498,316509,11,0
316498,316498,316510,12,0
316498,316498,316511,13,0
316498,316498,316510,12,0
316498,316498,316511,13,0
316498,316498,316512,14,0
316498,316498,316523,25,0
316526,316526,316528,2,0
316526,316526,316528,2,0
316526,316526,316528,2,0
316526,316526,316528,2,0
316526,316526,316528,2,0
316526,316526,316528,2,0
316526,316526,316529,3,0
316526,316526,316529,3,0
316526,316526,316530,4,0
316526,316526,316530,4,0
316526,316526,316530,4,0
316526,316528,316530,2,2
316526,316528,316530,2,2
316526,316528,316530,2,2
316526,316528,316530,2,2
316526,316528,316530,2,2
316526,316526,316530,4,0
316526,316526,316530,4,0
316526,316526,316530,4,0
316526,316528,316530,2,2
316526,316526,316531,5,0
316526,316526,316532,6,0
316526,316526,316531,5,0
316526,316526,316532,6,0
316526,316526,316532,6,0
316526,316526,316531,5,0
316526,316530,316532,2,4
316526,316526,316532,6,0
316526,316530,316532,2,4
316526,316530,316532,2,4
316526,316531,316533,2,5
316526,316531,316533,2,5
316526,316526,316533,7,0
316526,316526,316532,6,0
316526,316530,316533,3,4
316526,316526,316532,6,0
316526,316529,316533,4,3
316526,316526,316533,7,0
316526,316531,316532,1,5
316526,316526,316534,8,0
316526,316526,316534,8,0
316526,316526,316533,7,0
316526,316526,316534,8,0
316526,316530,316534,4,4
316526,316526,316534,8,0
316526,316531,316534,3,5
316526,316531,316534,3,5
316526,316526,316534,8,0
316526,316526,316533,7,0
316526,316532,316533,1,6
316526,316526,316534,8,0
316526,316526,316534,8,0
316526,316532,316533,1,6
316526,316532,316533,1,6
316526,316531,316533,2,5
316526,316532,316534,2,6
316526,316533,316534,1,7
316526,316530,316535,5,4
316526,316532,316535,3,6
316526,316526,316535,9,0
316526,316526,316535,9,0
316526,316533,316534,1,7
316526,316532,316535,3,6
316526,316532,316535,3,6
316526,316532,316534,2,6
316526,316532,316535,3,6
316526,316530,316535,5,4
316526,316526,316535,9,0
316526,316532,316535,3,6
316526,316526,316535,9,0
316526,316526,316536,10,0
316526,316526,316535,9,0
316526,316533,316535,2,7
316526,316533,316535,2,7
316526,316533,316535,2,7
316526,316526,316538,12,0
316526,316526,316539,13,0
316526,316526,316540,14,0
316526,316526,316542,16,0
316545,316545,316547,2,0
316545,316545,316547,2,0
316545,316545,316547,2,0
316545,316545,316546,1,0
316545,316545,316547,2,0
316545,316545,316548,3,0
316545,316545,316548,3,0
316545,316545,316548,3,0
316545,316545,316548,3,0
316545,316545,316549,4,0
316545,316545,316549,4,0
316545,316545,316549,4,0
316545,316547,316549,2,2
316545,316545,316549,4,0
316545,316545,316548,3,0
316545,316545,316549,4,0
316545,316545,316549,4,0
316545,316547,316549,2,2
316545,316547,316549,2,2
316545,316545,316550,5,0
316545,316545,316550,5,0
316545,316548,316550,2,3
316545,316547,316549,2,2
316545,316547,316550,3,2
316545,316548,316550,2,3
316545,316545,316551,6,0
316545,316545,316550,5,0
316545,316549,316551,2,4
316545,316545,316551,6,0
316545,316545,316551,6,0
316545,316549,316551,2,4
316545,316545,316551,6,0
316545,316545,316552,7,0
316545,316549,316552,3,4
316545,316549,316552,3,4
316545,316550,316551,1,5
316545,316550,316552,2,5
316545,316545,316552,7,0
316545,316548,316552,4,3
316545,316550,316552,2,5
316545,316548,316551,3,3
316545,316549,316551,2,4
316545,316545,316552,7,0
316545,316549,316552,3,4
316545,316549,316552,3,4
316545,316549,316552,3,4
316545,316550,316552,2,5
316545,316545,316553,8,0
316545,316549,316552,3,4
316545,316545,316553,8,0
316545,316551,316552,1,6
316545,316545,316553,8,0
316545,316545,316553,8,0
316545,316551,316553,2,6
316545,316551,316553,2,6
316545,316550,316553,3,5
316545,316550,316553,3,5
316545,316550,316553,3,5
316545,316545,316553,8,0
316545,316551,316552,1,6
316545,316545,316553,8,0
316545,316551,316554,3,6
316545,316545,316554,9,0
316545,316552,316554,2,7
316545,316551,316554,3,6
316545,316545,316554,9,0
316545,316545,316554,9,0
316545,316545,316555,10,0
316545,316552,316555,3,7
316545,316552,316555,3,7
316545,316552,316555,3,7
316545,316545,316555,10,0
316545,316545,316556,11,0
316545,316545,316556,11,0
316545,316545,316557,12,0
316545,316545,316557,12,0
316545,316545,316557,12,0
316545,316545,316561,16,0
316545,316545,316562,17,0
316565,316565,316567,2,0
316565,316565,316567,2,0
316565,316565,316567,2,0
316565,316565,316567,2,0
316565,316565,316567,2,0
316565,316565,316567,2,0
316565,316567,316569,2,2
316565,316565,316569,4,0
316565,316567,316569,2,2
316565,316567,316569,2,2
316565,316565,316570,5,0
316565,316565,316569,4,0
316565,316565,316570,5,0
316565,316567,316569,2,2
316565,316567,316569,2,2
316565,316567,316569,2,2
316565,316565,316571,6,0
316565,316569,316571,2,4
316565,316569,316571,2,4
316565,316565,316571,6,0
316565,316565,316572,7,0
316565,316565,316572,7,0
316565,316565,316572,7,0
316565,316565,316572,7,0
316565,316565,316572,7,0
316565,316569,316571,2,4
316565,316565,316572,7,0
316565,316569,316571,2,4
316565,316570,316571,1,5
316565,316570,316572,2,5
316565,316570,316572,2,5
316565,316571,316572,1,6
316565,316570,316571,1,5
316565,316565,316572,7,0
316565,316570,316573,3,5
316565,316565,316573,8,0
316565,316565,316573,8,0
316565,316565,316573,8,0
316565,316570,316573,3,5
316565,316565,316572,7,0
316565,316565,316573,8,0
316565,316565,316573,8,0
316565,316565,316573,8,0
316565,316571,316572,1,6
316565,316565,316573,8,0
316565,316571,316574,3,6
316565,316565,316574,9,0
316565,316565,316574,9,0
316565,316565,316574,9,0
316565,316572,316574,2,7
316565,316565,316574,9,0
316565,316565,316574,9,0
316565,316572,316573,1,7
316565,316565,316574,9,0
316565,316572,316574,2,7
316565,316572,316574,2,7
316565,316565,316573,8,0
316565,316572,316574,2,7
316565,316565,316574,9,0
316565,316572,316574,2,7
316565,316565,316574,9,0
316565,316571,316574,3,6
316565,316565,316574,9,0
316565,316572,316575,3,7
316565,316572,316575,3,7
316565,316572,316574,2,7
316565,316572,316575,3,7
316565,316572,316575,3,7
316565,316572,316575,3,7
316565,316572,316575,3,7
316565,316565,316574,9,0
316565,316565,316575,10,0
316565,316573,316575,2,8
316565,316565,316576,11,0
316565,316573,316575,2,8
316565,316565,316576,11,0
316565,316565,316576,11,0
316565,316565,316579,14,0
316565,316565,316579,14,0
316583,316583,316585,2,0
316583,316583,316585,2,0
316583,316583,316585,2,0
316583,316583,316585,2,0
316583,316583,316585,2,0
316583,316583,316585,2,0
316583,316583,316587,4,0
316583,316583,316587,4,0
316583,316583,316587,4,0
316583,316583,316586,3,0
316583,316585,316587,2,2
316583,316585,316586,1,2
316583,316585,316587,2,2
316583,316585,316586,1,2
316583,316585,316587,2,2
316583,316585,316586,1,2
316583,316583,316588,5,0
316583,316583,316587,4,0
316583,316583,316588,5,0
316583,316583,316588,5,0
316583,316583,316587,4,0
316583,316583,316589,6,0
316583,316587,316589,2,4
316583,316587,316589,2,4
316583,316587,316588,1,4
316583,316587,316589,2,4
316583,316587,316589,2,4
316583,316587,316589,2,4
316583,316587,316589,2,4
316583,316583,316590,7,0
316583,316587,316589,2,4
316583,316587,316589,2,4
316583,316587,316590,3,4
316583,316583,316590,7,0
316583,316588,316590,2,5
316583,316588,316591,3,5
316583,316583,316590,7,0
316583,316588,316591,3,5
316583,316588,316591,3,5
316583,316588,316591,3,5
316583,316589,316590,1,6
316583,316583,316591,8,0
316583,316589,316590,1,6
316583,316583,316591,8,0
316583,316583,316591,8,0
316583,316589,316591,2,6
316583,316589,316590,1,6
316583,316589,316591,2,6
316583,316589,316591,2,6
316583,316589,316591,2,6
316583,316583,316592,9,0
316583,316589,316591,2,6
316583,316583,316592,9,0
316583,316583,316591,8,0
316583,316583,316592,9,0
316583,316583,316592,9,0
316583,316583,316591,8,0
316583,316583,316591,8,0
316583,316583,316591,8,0
316583,316583,316591,8,0
316583,316583,316592,9,0
316583,316583,316592,9,0
316583,316591,316593,2,8
316583,316590,316592,2,7
316583,316590,316592,2,7
316583,316590,316592,2,7
316583,316583,316593,10,0
316583,316590,316592,2,7
316583,316583,316593,10,0
316583,316583,316593,10,0
316583,316583,316593,10,0
316583,316583,316593,10,0
316583,316591,316593,2,8
316583,316583,316594,11,0
316583,316583,316594,11,0
316583,316583,316595,12,0
316583,316583,316596,13,0
316583,316583,316597,14,0
316583,316583,316599,16,0
316602,316602,316604,2,0
316602,316602,316604,2,0
316602,316602,316603,1,0
316602,316602,316603,1,0
316602,316602,316604,2,0
316602,316602,316604,2,0
316602,316602,316604,2,0
316602,316604,316607,3,2
316602,316604,316606,2,2
316602,316604,316606,2,2
316602,316604,316606,2,2
316602,316604,316606,2,2
316602,316604,316606,2,2
316602,316602,316608,6,0
316602,316602,316608,6,0
316602,316602,316607,5,0
316602,316604,316607,3,2
316602,316602,316609,7,0
316602,316602,316608,6,0
316602,316607,316609,2,5
316602,316607,316608,1,5
316602,316607,316609,2,5
316602,316607,316609,2,5
316602,316607,316608,1,5
316602,316607,316608,1,5
316602,316602,316609,7,0
316602,316602,316610,8,0
316602,316602,316609,7,0
316602,316602,316609,7,0
316602,316608,316610,2,6
316602,316602,316610,8,0
316602,316602,316610,8,0
316602,316602,316610,8,0
316602,316608,316609,1,6
316602,316602,316610,8,0
316602,316602,316611,9,0
316602,316609,316610,1,7
316602,316609,316611,2,7
316602,316602,316611,9,0
316602,316609,316610,1,7
316602,316602,316611,9,0
316602,316609,316611,2,7
316602,316602,316610,8,0
316602,316609,316610,1,7
316602,316609,316611,2,7
316602,316602,316610,8,0
316602,316609,316611,2,7
316602,316602,316611,9,0
316602,316608,316612,4,6
316602,316609,316611,2,7
316602,316610,316612,2,8
316602,316602,316612,10,0
316602,316610,316612,2,8
316602,316602,316611,9,0
316602,316610,316611,1,8
316602,316610,316611,1,8
316602,316610,316612,2,8
316602,316610,316612,2,8
316602,316610,316612,2,8
316602,316610,316612,2,8
316602,316610,316613,3,8
316602,316608,316612,4,6
316602,316602,316613,11,0
316602,316602,316613,11,0
316602,316602,316613,11,0
316602,316602,316614,12,0
316602,316602,316613,11,0
316602,316611,316613,2,9
316602,316602,316615,13,0
316602,316602,316615,13,0
316602,316602,316616,14,0
316602,316602,316617,15,0
316602,316602,316616,14,0
316602,316602,316617,15,0
316602,316602,316619,17,0
316602,316602,316619,17,0
316602,316602,316620,18,0
316602,316602,316619,17,0
316602,316602,316628,26,0
316632,316632,316633,1,0
316632,316632,316633,1,0
316632,316632,316634,2,0
316632,316632,316634,2,0
316632,316632,316634,2,0
316632,316632,316633,1,0
316632,316632,316634,2,0
316632,316632,316635,3,0
316632,316634,316636,2,2
316632,316634,316636,2,2
316632,316634,316636,2,2
316632,316634,316636,2,2
316632,316634,316636,2,2
316632,316634,316636,2,2
316632,316634,316636,2,2
316632,316632,316637,5,0
316632,316632,316637,5,0
316632,316636,316637,1,4
316632,316632,316638,6,0
316632,316637,316638,1,5
316632,316637,316638,1,5
316632,316636,316638,2,4
316632,316637,316638,1,5
316632,316637,316639,2,5
316632,316637,316638,1,5
316632,316637,316638,1,5
316632,316638,316639,1,6
316632,316632,316639,7,0
316632,316632,316639,7,0
316632,316632,316640,8,0
316632,316632,316641,9,0
316632,316632,316640,8,0
316632,316638,316640,2,6
316632,316638,316640,2,6
316632,316632,316640,8,0
316632,316632,316640,8,0
316632,316639,316640,1,7
316632,316639,316640,1,7
316632,316632,316641,9,0
316632,316639,316640,1,7
316632,316632,316640,8,0
316632,316639,316640,1,7
316632,316639,316641,2,7
316632,316632,316641,9,0
316632,316639,316640,1,7
316632,316639,316641,2,7
316632,316632,316641,9,0
316632,316639,316640,1,7
316632,316639,316640,1,7
316632,316632,316641,9,0
316632,316632,316641,9,0
316632,316640,316642,2,8
316632,316632,316642,10,0
316632,316640,316642,2,8
316632,316632,316641,9,0
316632,316632,316643,11,0
316632,316632,316643,11,0
316632,316641,316644,3,9
316632,316632,316643,11,0
316632,316641,316643,2,9
316632,316641,316643,2,9
316632,316641,316643,2,9
316632,316641,316644,3,9
316632,316641,316644,3,9
316632,316632,316644,12,0
316632,316632,316645,13,0
316632,316632,316645,13,0
316632,316632,316644,12,0
316632,316632,316645,13,0
316632,316632,316645,13,0
316632,316632,316645,13,0
316632,316632,316646,14,0
316632,316632,316647,15,0
316632,316632,316648,16,0
316632,316632,316650,18,0
316632,316632,316654,22,0
316632,316632,316654,22,0
316632,316632,316656,24,0
316632,316632,316657,25,0
316660,316660,316662,2,0
316660,316660,316662,2,0
316660,316660,316662,2,0
316660,316660,316662,2,0
316660,316660,316662,2,0
316660,316661,316662,1,1
316660,316661,316663,2,1
316660,316663,316665,2,3
316660,316663,316665,2,3
316660,316663,316665,2,3
316660,316663,316665,2,3
316660,316663,316666,3,3
316660,316661,316666,5,1
316660,316663,316666,3,3
316660,316664,316666,2,4
316660,316661,316667,6,1
316660,316666,316667,1,6
316660,316667,316668,1,7
316660,316666,316668,2,6
316660,316666,316667,1,6
316660,316666,316667,1,6
316660,316661,316668,7,1
316660,316661,316668,7,1
316660,316661,316668,7,1
316660,316667,316668,1,7
316660,316661,316668,7,1
316660,316661,316668,7,1
316660,316667,316668,1,7
316660,316667,316668,1,7
316660,316661,316669,8,1
316660,316661,316669,8,1
316660,316661,316669,8,1
316660,316668,316669,1,8
316660,316668,316669,1,8
316660,316668,316669,1,8
316660,316668,316669,1,8
316660,316661,316670,9,1
316660,316668,316669,1,8
316660,316668,316670,2,8
316660,316661,316670,9,1
316660,316661,316670,9,1
316660,316669,316670,1,9
316660,316661,316670,9,1
316660,316661,316670,9,1
316660,316669,316670,1,9
316660,316661,316671,10,1
316660,316669,316670,1,9
316660,316669,316670,1,9
316660,316661,316670,9,1
316660,316669,316670,1,9
316660,316661,316670,9,1
316660,316661,316670,9,1
316660,316670,316671,1,10
316660,316669,316672,3,9
316660,316669,316671,2,9
316660,316661,316671,10,1
316660,316661,316671,10,1
316660,316669,316671,2,9
316660,316670,316671,1,10
316660,316670,316671,1,10
316660,316670,316672,2,10
316660,316660,316672,12,0
316660,316661,316672,11,1
316660,316670,316672,2,10
316660,316670,316672,2,10
316660,316661,316673,12,1
316660,316661,316674,13,1
316660,316661,316674,13,1
316660,316661,316674,13,1
316660,316661,316675,14,1
316660,316661,316676,15,1
316660,316661,316677,16,1
316660,316661,316677,16,1
316660,316660,316677,17,0
316660,316661,316679,18,1
316660,316661,316678,17,1
316660,316661,316678,17,1
316660,316661,316679,18,1
316660,316660,316682,22,0
316685,316686,316687,1,1
316685,316686,316687,1,1
316685,316686,316687,1,1
316685,316686,316687,1,1
316685,316686,316688,2,1
316685,316686,316688,2,1
316685,316686,316688,2,1
316685,316688,316690,2,3
316685,316688,316690,2,3
316685,316688,316690,2,3
316685,316688,316690,2,3
316685,316689,316691,2,4
316685,316689,316691,2,4
316685,316689,316691,2,4
316685,316691,316692,1,6
316685,316686,316693,7,1
316685,316691,316693,2,6
316685,316691,316692,1,6
316685,316691,316693,2,6
316685,316686,316693,7,1
316685,316692,316693,1,7
316685,316692,316693,1,7
316685,316692,316693,1,7
316685,316686,316694,8,1
316685,316686,316694,8,1
316685,316693,316694,1,8
316685,316686,316695,9,1
316685,316686,316694,8,1
316685,316693,316694,1,8
316685,316693,316694,1,8
316685,316686,316695,9,1
316685,316693,316694,1,8
316685,316686,316694,8,1
316685,316686,316694,8,1
316685,316686,316695,9,1
316685,316694,316695,1,9
316685,316686,316695,9,1
316685,316694,316695,1,9
316685,316694,316696,2,9
316685,316695,316696,1,10
316685,316686,316696,10,1
316685,316686,316697,11,1
316685,316686,316696,10,1
316685,316686,316696,10,1
316685,316696,316697,1,11
316685,316686,316696,10,1
316685,316695,316697,2,10
316685,316694,316696,2,9
316685,316695,316696,1,10
316685,316695,316696,1,10
316685,316694,316696,2,9
316685,316695,316696,1,10
316685,316695,316697,2,10
316685,316695,316697,2,10
316685,316695,316697,2,10
316685,316686,316698,12,1
316685,316686,316697,11,1
316685,316686,316698,12,1
316685,316686,316698,12,1
316685,316695,316697,2,10
316685,316686,316698,12,1
316685,316686,316700,14,1
316685,316686,316700,14,1
316685,316686,316700,14,1
316685,316686,316699,13,1
316685,316686,316701,15,1
316685,316695,316700,5,10
316685,316686,316700,14,1
316685,316686,316701,15,1
316685,316686,316701,15,1
316685,316686,316701,15,1
316685,316686,316701,15,1
316685,316695,316701,6,10
316685,316686,316703,17,1
316685,316686,316702,16,1
316685,316686,316702,16,1
316685,316686,316702,16,1
316685,316686,316703,17,1
316685,316686,316704,18,1
316707,316708,316709,1,1
316707,316708,316710,2,1
316707,316708,316709,1,1
316707,316708,316709,1,1
316707,316708,316709,1,1
316707,316708,316710,2,1
316707,316710,316711,1,3
316707,316708,316711,3,1
316707,316710,316712,2,3
316707,316711,316712,1,4
316707,316710,316713,3,3
316707,316708,316713,5,1
316707,316710,316713,3,3
316707,316712,316713,1,5
316707,316710,316713,3,3
316707,316712,316713,1,5
316707,316708,316714,6,1
316707,316708,316714,6,1
316707,316708,316715,7,1
316707,316713,316714,1,6
316707,316708,316715,7,1
316707,316713,316714,1,6
316707,316713,316714,1,6
316707,316708,316716,8,1
316707,316714,316715,1,7
316707,316714,316715,1,7
316707,316714,316715,1,7
316707,316708,316715,7,1
316707,316708,316716,8,1
316707,316714,316715,1,7
316707,316708,316715,7,1
316707,316714,316715,1,7
316707,316708,316716,8,1
316707,316708,316716,8,1
316707,316708,316716,8,1
316707,316708,316717,9,1
316707,316715,316716,1,8
316707,316715,316716,1,8
316707,316715,316717,2,8
316707,316715,316716,1,8
316707,316715,316716,1,8
316707,316715,316717,2,8
316707,316716,316718,2,9
316707,316716,316717,1,9
316707,316716,316718,2,9
316707,316708,316718,10,1
316707,316716,316718,2,9
316707,316716,316717,1,9
316707,316716,316717,1,9
316707,316716,316717,1,9
316707,316708,316718,10,1
316707,316715,316718,3,8
316707,316708,316718,10,1
316707,316708,316719,11,1
316707,316716,316718,2,9
316707,316716,316719,3,9
316707,316717,316718,1,10
316707,316717,316718,1,10
316707,316708,316719,11,1
316707,316708,316719,11,1
316707,316717,316720,3,10
316707,316708,316720,12,1
316707,316708,316719,11,1
316707,316708,316720,12,1
316707,316708,316720,12,1
316707,316708,316720,12,1
316707,316708,316720,12,1
316707,316708,316721,13,1
316707,316708,316721,13,1
316707,316708,316721,13,1
316707,316708,316723,15,1
316707,316708,316724,16,1
316707,316708,316724,16,1
316707,316708,316724,16,1
316707,316708,316724,16,1
316707,316708,316726,18,1
316707,316708,316726,18,1
316707,316708,316727,19,1
316707,316708,316728,20,1
316730,316731,316732,1,1
316730,316731,316732,1,1
316730,316731,316732,1,1
316730,316731,316732,1,1
316730,316731,316732,1,1
316730,316731,316733,2,1
316730,316731,316734,3,1
316730,316733,316734,1,3
316730,316733,316734,1,3
316730,316731,316735,4,1
316730,316733,316735,2,3
316730,316733,316735,2,3
316730,316731,316735,4,1
316730,316733,316735,2,3
316730,316731,316736,5,1
316730,316734,316737,3,4
316730,316731,316737,6,1
316730,316735,316736,1,5
316730,316735,316736,1,5
316730,316731,316737,6,1
316730,316736,316738,2,6
316730,316736,316737,1,6
316730,316731,316737,6,1
316730,316736,316737,1,6
316730,316737,316738,1,7
316730,316731,316738,7,1
316730,316737,316738,1,7
316730,316737,316738,1,7
316730,316737,316738,1,7
316730,316731,316738,7,1
316730,316731,316739,8,1
316730,316736,316739,3,6
316730,316735,316740,5,5
316730,316736,316739,3,6
316730,316731,316739,8,1
316730,316731,316739,8,1
316730,316738,316739,1,8
316730,316731,316739,8,1
316730,316738,316740,2,8
316730,316731,316739,8,1
316730,316731,316739,8,1
316730,316738,316740,2,8
316730,316738,316740,2,8
316730,316738,316740,2,8
316730,316731,316741,10,1
316730,316737,316740,3,7
316730,316731,316740,9,1
316730,316739,316741,2,9
316730,316731,316741,10,1
316730,316740,316741,1,10
316730,316739,316741,2,9
316730,316739,316741,2,9
316730,316731,316741,10,1
316730,316739,316741,2,9
316730,316739,316741,2,9
316730,316731,316742,11,1
316730,316740,316742,2,10
316730,316738,316742,4,8
316730,316740,316742,2,10
316730,316740,316742,2,10
316730,316740,316743,3,10
316730,316731,316743,12,1
316730,316731,316743,12,1
316730,316731,316744,13,1
316730,316731,316746,15,1
316730,316731,316745,14,1
316730,316731,316745,14,1
316730,316731,316745,14,1
316730,316731,316747,16,1
316730,316731,316746,15,1
316730,316731,316746,15,1
316730,316731,316747,16,1
316730,316731,316747,16,1
316730,316731,316747,16,1
316730,316731,316748,17,1
316730,316731,316748,17,1
316730,316731,316749,18,1
316730,316731,316750,19,1
316730,316731,316750,19,1
316754,316754,316755,1,0
316754,316754,316755,1,0
316754,316754,316755,1,0
316754,316754,316755,1,0
316754,316754,316756,2,0
316754,316754,316755,1,0
316754,316754,316757,3,0
316754,316754,316757,3,0
316754,316754,316758,4,0
316754,316756,316757,1,2
316754,316756,316757,1,2
316754,316756,316757,1,2
316754,316756,316757,1,2
316754,316754,316758,4,0
316754,316756,316758,2,2
316754,316756,316758,2,2
316754,316754,316759,5,0
316754,316754,316758,4,0
316754,316754,316759,5,0
316754,316754,316759,5,0
316754,316758,316759,1,4
316754,316758,316760,2,4
316754,316758,316759,1,4
316754,316759,316760,1,5
316754,316754,316761,7,0
316754,316759,316760,1,5
316754,316758,316760,2,4
316754,316758,316760,2,4
316754,316759,316760,1,5
316754,316758,316761,3,4
316754,316754,316761,7,0
316754,316758,316761,3,4
316754,316759,316761,2,5
316754,316760,316762,2,6
316754,316759,316761,2,5
316754,316754,316761,7,0
316754,316760,316761,1,6
316754,316760,316761,1,6
316754,316760,316762,2,6
316754,316760,316763,3,6
316754,316754,316762,8,0
316754,316754,316762,8,0
316754,316761,316762,1,7
316754,316761,316762,1,7
316754,316761,316762,1,7
316754,316761,316762,1,7
316754,316761,316763,2,7
316754,316754,316763,9,0
316754,316754,316763,9,0
316754,316762,316763,1,8
316754,316761,316764,3,7
316754,316754,316765,11,0
316754,316762,316765,3,8
316754,316754,316765,11,0
316754,316754,316764,10,0
316754,316754,316765,11,0
316754,316762,316766,4,8
316754,316762,316766,4,8
316754,316762,316766,4,8
316754,316754,316765,11,0
316754,316762,316766,4,8
316754,316754,316765,11,0
316754,316754,316765,11,0
316754,316754,316768,14,0
316754,316754,316768,14,0
316754,316754,316768,14,0
316754,316754,316768,14,0
316754,316754,316769,15,0
316754,316754,316769,15,0
316754,316754,316769,15,0
316754,316754,316769,15,0
316754,316754,316770,16,0
316754,316754,316770,16,0
316754,316754,316771,17,0
316754,316754,316775,21,0
316754,316754,316775,21,0
316754,316754,316777,23,0
316754,316754,316780,26,0
316754,316754,316783,29,0
316785,316786,316787,1,1
316785,316786,316787,1,1
316785,316785,316787,2,0
316785,316785,316787,2,0
316785,316785,316787,2,0
316785,316786,316789,3,1
316785,316786,316790,4,1
316785,316788,316790,2,3
316785,316788,316789,1,3
316785,316788,316790,2,3
316785,316788,316790,2,3
316785,316788,316790,2,3
316785,316790,316791,1,5
316785,316790,316792,2,5
316785,316789,316791,2,4
316785,316786,316792,6,1
316785,316790,316792,2,5
316785,316791,316793,2,6
316785,316791,316793,2,6
316785,316786,316792,6,1
316785,316791,316793,2,6
316785,316786,316793,7,1
316785,316786,316793,7,1
316785,316786,316793,7,1
316785,316786,316793,7,1
316785,316786,316793,7,1
316785,316792,316793,1,7
316785,316792,316794,2,7
316785,316786,316794,8,1
316785,316786,316794,8,1
316785,316786,316794,8,1
316785,316786,316795,9,1
316785,316792,316794,2,7
316785,316793,316795,2,8
316785,316793,316795,2,8
316785,316786,316795,9,1
316785,316793,316795,2,8
316785,316786,316795,9,1
316785,316793,316796,3,8
316785,316786,316796,10,1
316785,316786,316796,10,1
316785,316793,316795,2,8
316785,316786,316795,9,1
316785,316793,316795,2,8
316785,316794,316796,2,9
316785,316786,316797,11,1
316785,316786,316796,10,1
316785,316786,316796,10,1
316785,316786,316797,11,1
316785,316794,316797,3,9
316785,316786,316797,11,1
316785,316794,316796,2,9
316785,316795,316796,1,10
316785,316786,316796,10,1
316785,316786,316796,10,1
316785,316795,316797,2,10
316785,316795,316797,2,10
316785,316794,316798,4,9
316785,316795,316797,2,10
316785,316786,316797,11,1
316785,316795,316797,2,10
316785,316794,316797,3,9
316785,316795,316797,2,10
316785,316795,316798,3,10
316785,316786,316798,12,1
316785,316786,316798,12,1
316785,316794,316800,6,9
316785,316794,316800,6,9
316785,316786,316801,15,1
316785,316786,316801,15,1
316785,316786,316801,15,1
316785,316786,316801,15,1
316785,316786,316803,17,1
316785,316786,316803,17,1
316785,316786,316804,18,1
316785,316786,316805,19,1
316785,316786,316806,20,1
316785,316786,316806,20,1
316785,316786,316810,24,1
316812,316812,316814,2,0
316812,316812,316814,2,0
316812,316812,316814,2,0
316812,316812,316814,2,0
316812,316812,316814,2,0
316812,316812,316816,4,0
316812,316813,316816,3,1
316812,316815,316817,2,3
316812,316815,316817,2,3
316812,316812,316818,6,0
316812,316815,316818,3,3
316812,316815,316818,3,3
316812,316815,316819,4,3
316812,316816,316818,2,4
316812,316813,316819,6,1
316812,316813,316819,6,1
316812,316813,316819,6,1
316812,316813,316819,6,1
316812,316812,316819,7,0
316812,316813,316820,7,1
316812,316818,316820,2,6
316812,316812,316820,8,0
316812,316812,316820,8,0
316812,316818,316820,2,6
316812,316819,316820,1,7
316812,316819,316821,2,7
316812,316813,316821,8,1
316812,316812,316821,9,0
316812,316817,316821,4,5
316812,316819,316821,2,7
316812,316819,316821,2,7
316812,316820,316822,2,8
316812,316812,316822,10,0
316812,316820,316823,3,8
316812,316820,316822,2,8
316812,316812,316822,10,0
316812,316812,316822,10,0
316812,316813,316822,9,1
316812,316821,316823,2,9
316812,316813,316822,9,1
316812,316821,316822,1,9
316812,316813,316823,10,1
316812,316821,316823,2,9
316812,316812,316823,11,0
316812,316812,316824,12,0
316812,316820,316823,3,8
316812,316812,316823,11,0
316812,316821,316823,2,9
316812,316821,316823,2,9
316812,316822,316824,2,10
316812,316822,316823,1,10
316812,316813,316824,11,1
316812,316820,316824,4,8
316812,316812,316824,12,0
316812,316822,316824,2,10
316812,316812,316824,12,0
316812,316813,316824,11,1
316812,316812,316824,12,0
316812,316821,316824,3,9
316812,316822,316824,2,10
316812,316822,316826,4,10
316812,316812,316825,13,0
316812,316821,316825,4,9
316812,316812,316825,13,0
316812,316812,316825,13,0
316812,316812,316825,13,0
316812,316813,316827,14,1
316812,316812,316826,14,0
316812,316823,316826,3,11
316812,316822,316826,4,10
316812,316813,316826,13,1
316812,316823,316826,3,11
316812,316812,316827,15,0
316812,316823,316827,4,11
316812,316812,316827,15,0
316812,316812,316827,15,0
316812,316812,316827,15,0
316812,316812,316827,15,0
316812,316819,316829,10,7
316832,316833,316834,1,1
316832,316833,316834,1,1
316832,316833,316834,1,1
316832,316833,316834,1,1
316832,316833,316834,1,1
316832,316833,316836,3,1
316832,316833,316838,5,1
316832,316835,316837,2,3
316832,316833,316837,4,1
316832,316835,316837,2,3
316832,316833,316838,5,1
316832,316833,316838,5,1
316832,316833,316838,5,1
316832,316835,316838,3,3
316832,316835,316838,3,3
316832,316833,316838,5,1
316832,316835,316838,3,3
316832,316833,316838,5,1
316832,316833,316839,6,1
316832,316838,316840,2,6
316832,316833,316840,7,1
316832,316833,316841,8,1
316832,316833,316840,7,1
316832,316833,316840,7,1
316832,316833,316840,7,1
316832,316833,316841,8,1
316832,316833,316841,8,1
316832,316838,316840,2,6
316832,316836,316840,4,4
316832,316839,316841,2,7
316832,316833,316840,7,1
316832,316839,316840,1,7
316832,316833,316841,8,1
316832,316839,316841,2,7
316832,316839,316841,2,7
316832,316839,316841,2,7
316832,316833,316842,9,1
316832,316839,316841,2,7
316832,316840,316841,1,8
316832,316833,316843,10,1
316832,316838,316842,4,6
316832,316833,316842,9,1
316832,316840,316842,2,8
316832,316840,316842,2,8
316832,316841,316843,2,9
316832,316841,316843,2,9
316832,316841,316843,2,9
316832,316833,316842,9,1
316832,316841,316842,1,9
316832,316841,316843,2,9
316832,316833,316843,10,1
316832,316841,316843,2,9
316832,316841,316843,2,9
316832,316833,316844,11,1
316832,316833,316843,10,1
316832,316833,316843,10,1
316832,316839,316843,4,7
316832,316833,316843,10,1
316832,316833,316844,11,1
316832,316842,316844,2,10
316832,316842,316843,1,10
316832,316842,316843,1,10
316832,316833,316843,10,1
316832,316841,316843,2,9
316832,316833,316844,11,1
316832,316833,316844,11,1
316832,316833,316844,11,1
316832,316833,316844,11,1
316832,316833,316844,11,1
316832,316833,316845,12,1
316832,316833,316845,12,1
316832,316841,316845,4,9
316832,316833,316846,13,1
316832,316841,316845,4,9
316832,316838,316846,8,6
316832,316841,316848,7,9
316832,316839,316847,8,7
316832,316833,316849,16,1
316832,316833,316850,17,1
316853,316853,316855,2,0
316853,316854,316855,1,1
316853,316854,316855,1,1
316853,316854,316855,1,1
316853,316854,316855,1,1
316853,316854,316856,2,1
316853,316854,316858,4,1
316853,316854,316858,4,1
316853,316854,316859,5,1
316853,316854,316859,5,1
316853,316856,316859,3,3
316853,316856,316859,3,3
316853,316856,316859,3,3
316853,316854,316859,5,1
316853,316854,316861,7,1
316853,316856,316860,4,3
316853,316856,316860,4,3
316853,316854,316861,7,1
316853,316856,316861,5,3
316853,316854,316862,8,1
316853,316854,316861,7,1
316853,316854,316862,8,1
316853,316860,316862,2,7
316853,316854,316861,7,1
316853,316859,316862,3,6
316853,316860,316862,2,7
316853,316854,316862,8,1
316853,316854,316862,8,1
316853,316854,316862,8,1
316853,316854,316862,8,1
316853,316854,316862,8,1
316853,316860,316862,2,7
316853,316861,316862,1,8
316853,316860,316862,2,7
316853,316861,316863,2,8
316853,316861,316862,1,8
316853,316854,316863,9,1
316853,316854,316863,9,1
316853,316854,316863,9,1
316853,316861,316863,2,8
316853,316861,316863,2,8
316853,316854,316863,9,1
316853,316854,316864,10,1
316853,316862,316863,1,9
316853,316862,316863,1,9
316853,316863,316864,1,10
316853,316854,316864,10,1
316853,316854,316864,10,1
316853,316863,316865,2,10
316853,316860,316864,4,7
316853,316863,316864,1,10
316853,316863,316864,1,10
316853,316862,316864,2,9
316853,316862,316864,2,9
316853,316862,316864,2,9
316853,316862,316864,2,9
316853,316863,316864,1,10
316853,316854,316865,11,1
316853,316854,316865,11,1
316853,316854,316866,12,1
316853,316854,316866,12,1
316853,316854,316865,11,1
316853,316854,316865,11,1
316853,316854,316866,12,1
316853,316854,316866,12,1
316853,316862,316866,4,9
316853,316854,316866,12,1
316853,316863,316866,3,10
316853,316859,316866,7,6
316853,316854,316866,12,1
316853,316854,316867,13,1
316853,316854,316867,13,1
316853,316863,316867,4,10
316853,316863,316867,4,10
316853,316854,316868,14,1
316853,316863,316867,4,10
316853,316854,316868,14,1
316853,316860,316869,9,7
316853,316854,316871,17,1
316873,316873,316875,2,0
316873,316873,316875,2,0
316873,316873,316875,2,0
316873,316873,316875,2,0
316873,316873,316876,3,0
316873,316873,316876,3,0
316873,316874,316877,3,1
316873,316874,316878,4,1
316873,316876,316878,2,3
316873,316874,316878,4,1
316873,316876,316879,3,3
316873,316877,316879,2,4
316873,316874,316879,5,1
316873,316874,316879,5,1
316873,316874,316879,5,1
316873,316874,316879,5,1
316873,316874,316879,5,1
316873,316877,316879,2,4
316873,316874,316880,6,1
316873,316874,316879,5,1
316873,316874,316880,6,1
316873,316876,316879,3,3
316873,316874,316880,6,1
316873,316876,316880,4,3
316873,316874,316881,7,1
316873,316874,316881,7,1
316873,316874,316881,7,1
316873,316874,316881,7,1
316873,316879,316881,2,6
316873,316874,316881,7,1
316873,316880,316882,2,7
316873,316880,316881,1,7
316873,316874,316882,8,1
316873,316880,316881,1,7
316873,316874,316881,7,1
316873,316874,316881,7,1
316873,316879,316881,2,6
316873,316879,316881,2,6
316873,316874,316882,8,1
316873,316880,316882,2,7
316873,316874,316882,8,1
316873,316881,316882,1,8
316873,316874,316882,8,1
316873,316874,316882,8,1
316873,316874,316883,9,1
316873,316874,316883,9,1
316873,316880,316883,3,7
316873,316881,316883,2,8
316873,316880,316883,3,7
316873,316879,316884,5,6
316873,316880,316883,3,7
316873,316878,316883,5,5
316873,316882,316883,1,9
316873,316882,316883,1,9
316873,316882,316883,1,9
316873,316874,316883,9,1
316873,316882,316883,1,9
316873,316882,316883,1,9
316873,316882,316883,1,9
316873,316882,316883,1,9
316873,316882,316883,1,9
316873,316880,316884,4,7
316873,316880,316884,4,7
316873,316874,316885,11,1
316873,316879,316884,5,6
316873,316874,316884,10,1
316873,316874,316885,11,1
316873,316881,316884,3,8
316873,316880,316885,5,7
316873,316873,316886,13,0
316873,316874,316886,12,1
316873,316882,316886,4,9
316873,316874,316887,13,1
316873,316874,316886,12,1
316873,316882,316886,4,9
316873,316873,316887,14,0
316873,316873,316889,16,0
316873,316873,316890,17,0
316873,316873,316891,18,0
316894,316895,316896,1,1
316894,316895,316896,1,1
316894,316895,316896,1,1
316894,316895,316896,1,1
316894,316895,316896,1,1
316894,316897,316898,1,3
316894,316895,316898,3,1
316894,316897,316900,3,3
316894,316895,316899,4,1
316894,316895,316899,4,1
316894,316897,316899,2,3
316894,316897,316899,2,3
316894,316897,316899,2,3
316894,316895,316900,5,1
316894,316899,316900,1,5
316894,316895,316901,6,1
316894,316895,316902,7,1
316894,316895,316901,6,1
316894,316895,316901,6,1
316894,316895,316901,6,1
316894,316899,316901,2,5
316894,316900,316901,1,6
316894,316895,316902,7,1
316894,316895,316902,7,1
316894,316895,316902,7,1
316894,316900,316902,2,6
316894,316900,316902,2,6
316894,316900,316902,2,6
316894,316900,316902,2,6
316894,316901,316903,2,7
316894,316895,316903,8,1
316894,316895,316903,8,1
316894,316902,316903,1,8
316894,316902,316903,1,8
316894,316902,316903,1,8
316894,316902,316903,1,8
316894,316902,316903,1,8
316894,316895,316904,9,1
316894,316895,316904,9,1
316894,316902,316904,2,8
316894,316895,316904,9,1
316894,316895,316904,9,1
316894,316902,316904,2,8
316894,316900,316905,5,6
316894,316895,316905,10,1
316894,316895,316904,9,1
316894,316903,316904,1,9
316894,316903,316904,1,9
316894,316903,316904,1,9
316894,316903,316904,1,9
316894,316903,316904,1,9
316894,316895,316904,9,1
316894,316903,316904,1,9
316894,316903,316904,1,9
316894,316895,316904,9,1
316894,316895,316905,10,1
316894,316895,316905,10,1
316894,316901,316905,4,7
316894,316903,316905,2,9
316894,316895,316905,10,1
316894,316904,316905,1,10
316894,316895,316905,10,1
316894,316895,316906,11,1
316894,316904,316905,1,10
316894,316904,316905,1,10
316894,316904,316906,2,10
316894,316904,316905,1,10
316894,316895,316906,11,1
316894,316895,316906,11,1
316894,316895,316906,11,1
316894,316895,316908,13,1
316894,316895,316908,13,1
316894,316895,316907,12,1
316894,316895,316908,13,1
316894,316895,316908,13,1
316894,316895,316909,14,1
316894,316895,316909,14,1
316894,316895,316910,15,1
316894,316895,316917,22,1
316920,316920,316922,2,0
316920,316920,316922,2,0
316920,316920,316922,2,0
316920,316920,316922,2,0
316920,316920,316922,2,0
316920,316920,316922,2,0
316920,316923,316924,1,3
316920,316923,316924,1,3
316920,316923,316924,1,3
316920,316923,316924,1,3
316920,316923,316924,1,3
316920,316920,316925,5,0
316920,316920,316925,5,0
316920,316923,316925,2,3
316920,316920,316926,6,0
316920,316925,316927,2,5
316920,316925,316927,2,5
316920,316925,316927,2,5
316920,316920,316927,7,0
316920,316920,316927,7,0
316920,316920,316927,7,0
316920,316920,316927,7,0
316920,316926,316928,2,6
316920,316920,316927,7,0
316920,316926,316927,1,6
316920,316925,316927,2,5
316920,316925,316927,2,5
316920,316920,316928,8,0
316920,316920,316928,8,0
316920,316920,316928,8,0
316920,316920,316928,8,0
316920,316927,316928,1,7
316920,316920,316928,8,0
316920,316920,316928,8,0
316920,316920,316928,8,0
316920,316920,316928,8,0
316920,316927,316928,1,7
316920,316927,316928,1,7
316920,316920,316928,8,0
316920,316927,316929,2,7
316920,316920,316929,9,0
316920,316920,316929,9,0
316920,316926,316929,3,6
316920,316920,316929,9,0
316920,316929,316930,1,9
316920,316920,316930,10,0
316920,316928,316929,1,8
316920,316928,316929,1,8
316920,316928,316929,1,8
316920,316920,316930,10,0
316920,316920,316930,10,0
316920,316920,316930,10,0
316920,316920,316930,10,0
316920,316928,316930,2,8
316920,316928,316930,2,8
316920,316920,316931,11,0
316920,316920,316930,10,0
316920,316920,316930,10,0
316920,316920,316930,10,0
316920,316928,316930,2,8
316920,316920,316930,10,0
316920,316928,316930,2,8
316920,316929,316931,2,9
316920,316928,316931,3,8
316920,316928,316931,3,8
316920,316920,316931,11,0
316920,316929,316931,2,9
316920,316929,316931,2,9
316920,316929,316931,2,9
316920,316929,316931,2,9
316920,316920,316931,11,0
316920,316920,316932,12,0
316920,316920,316932,12,0
316920,316920,316932,12,0
316920,316929,316932,3,9
316920,316929,316932,3,9
316920,316920,316934,14,0
316920,316920,316934,14,0
316920,316920,316936,16,0
316939,316939,316941,2,0
316939,316939,316941,2,0
316939,316939,316941,2,0
316939,316939,316941,2,0
316939,316939,316941,2,0
316939,316939,316941,2,0
316939,316941,316943,2,2
316939,316941,316943,2,2
316939,316941,316943,2,2
316939,316941,316943,2,2
316939,316939,316944,5,0
316939,316939,316944,5,0
316939,316941,316944,3,2
316939,316942,316944,2,3
316939,316943,316945,2,4
316939,316943,316945,2,4
316939,316944,316945,1,5
316939,316944,316945,1,5
316939,316939,316946,7,0
316939,316939,316946,7,0
316939,316945,316946,1,6
316939,316939,316946,7,0
316939,316945,316946,1,6
316939,316939,316946,7,0
316939,316939,316947,8,0
316939,316939,316947,8,0
316939,316946,316947,1,7
316939,316946,316947,1,7
316939,316939,316947,8,0
316939,316946,316947,1,7
316939,316946,316947,1,7
316939,316939,316947,8,0
316939,316944,316948,4,5
316939,316939,316948,9,0
316939,316939,316947,8,0
316939,316939,316948,9,0
316939,316939,316948,9,0
316939,316939,316948,9,0
316939,316944,316948,4,5
316939,316947,316948,1,8
316939,316939,316948,9,0
316939,316947,316948,1,8
316939,316939,316948,9,0
316939,316947,316948,1,8
316939,316939,316949,10,0
316939,316939,316949,10,0
316939,316947,316949,2,8
316939,316939,316949,10,0
316939,316948,316949,1,9
316939,316939,316950,11,0
316939,316948,316949,1,9
316939,316948,316949,1,9
316939,316948,316949,1,9
316939,316948,316949,1,9
316939,316939,316949,10,0
316939,316948,316949,1,9
316939,316947,316950,3,8
316939,316946,316950,4,7
316939,316939,316950,11,0
316939,316939,316950,11,0
316939,316939,316950,11,0
316939,316949,316951,2,10
316939,316939,316950,11,0
316939,316939,316951,12,0
316939,316939,316950,11,0
316939,316939,316950,11,0
316939,316939,316950,11,0
316939,316939,316952,13,0
316939,316949,316951,2,10
316939,316948,316951,3,9
316939,316949,316951,2,10
316939,316939,316951,12,0
316939,316939,316952,13,0
316939,316939,316952,13,0
316939,316947,316953,6,8
316939,316939,316954,15,0
316939,316939,316955,16,0
316939,316939,316958,19,0
316939,316939,316965,26,0
316968,316968,316970,2,0
316968,316968,316970,2,0
316968,316968,316970,2,0
316968,316968,316970,2,0
316968,316968,316970,2,0
316968,316968,316970,2,0
316968,316968,316972,4,0
316968,316968,316972,4,0
316968,316968,316973,5,0
316968,316968,316973,5,0
316968,316968,316973,5,0
316968,316968,316973,5,0
316968,316971,316973,2,3
316968,316970,316972,2,2
316968,316970,316973,3,2
316968,316968,316974,6,0
316968,316968,316974,6,0
316968,316970,316974,4,2
316968,316968,316974,6,0
316968,316970,316974,4,2
316968,316970,316974,4,2
316968,316968,316974,6,0
316968,316968,316975,7,0
316968,316968,316974,6,0
316968,316968,316975,7,0
316968,316972,316975,3,4
316968,316968,316975,7,0
316968,316968,316975,7,0
316968,316968,316976,8,0
316968,316972,316976,4,4
316968,316974,316975,1,6
316968,316974,316976,2,6
316968,316968,316976,8,0
316968,316973,316976,3,5
316968,316975,316976,1,7
316968,316974,316977,3,6
316968,316974,316976,2,6
316968,316974,316976,2,6
316968,316975,316976,1,7
316968,316968,316976,8,0
316968,316968,316976,8,0
316968,316973,316976,3,5
316968,316973,316977,4,5
316968,316968,316977,9,0
316968,316968,316977,9,0
316968,316968,316977,9,0
316968,316973,316977,4,5
316968,316968,316977,9,0
316968,316968,316977,9,0
316968,316976,316977,1,8
316968,316968,316977,9,0
316968,316976,316977,1,8
316968,316968,316978,10,0
316968,316977,316978,1,9
316968,316968,316978,10,0
316968,316975,316978,3,7
316968,316975,316978,3,7
316968,316968,316978,10,0
316968,316973,316978,5,5
316968,316976,316978,2,8
316968,316973,316978,5,5
316968,316975,316978,3,7
316968,316977,316978,1,9
316968,316977,316978,1,9
316968,316977,316978,1,9
316968,316977,316978,1,9
316968,316968,316979,11,0
316968,316976,316979,3,8
316968,316968,316979,11,0
316968,316968,316979,11,0
316968,316968,316980,12,0
316968,316974,316980,6,6
316968,316975,316980,5,7
316968,316968,316980,12,0
316968,316968,316981,13,0
316968,316968,316982,14,0
316968,316968,316983,15,0
316968,316968,316984,16,0
316968,316968,316987,19,0
316990,316990,316992,2,0
316990,316990,316992,2,0
316990,316990,316992,2,0
316990,316990,316992,2,0
316990,316990,316992,2,0
316990,316990,316992,2,0
316990,316990,316994,4,0
316990,316990,316993,3,0
316990,316992,316994,2,2
316990,316990,316993,3,0
316990,316992,316994,2,2
316990,316990,316994,4,0
316990,316992,316994,2,2
316990,316992,316994,2,2
316990,316992,316994,2,2
316990,316990,316996,6,0
316990,316990,316996,6,0
316990,316990,316996,6,0
316990,316990,316995,5,0
316990,316990,316996,6,0
316990,316994,316996,2,4
316990,316990,316996,6,0
316990,316993,316995,2,3
316990,316990,316997,7,0
316990,316994,316997,3,4
316990,316990,316997,7,0
316990,316990,316996,6,0
316990,316990,316997,7,0
316990,316995,316997,2,5
316990,316990,316998,8,0
316990,316990,316998,8,0
316990,316990,316998,8,0
316990,316995,316998,3,5
316990,316990,316998,8,0
316990,316994,316997,3,4
316990,316990,316998,8,0
316990,316990,316998,8,0
316990,316996,316997,1,6
316990,316996,316998,2,6
316990,316995,316998,3,5
316990,316996,316998,2,6
316990,316990,316998,8,0
316990,316996,316999,3,6
316990,316990,316999,9,0
316990,316990,316999,9,0
316990,316990,316998,8,0
316990,316990,316999,9,0
316990,316996,316999,3,6
316990,316996,316998,2,6
316990,316996,316999,3,6
316990,316990,316999,9,0
316990,316997,316998,1,7
316990,316990,316999,9,0
316990,316990,316999,9,0
316990,316997,316999,2,7
316990,316990,316998,8,0
316990,316990,316999,9,0
316990,316996,317000,4,6
316990,316997,317000,3,7
316990,316990,316999,9,0
316990,316995,316999,4,5
316990,316998,317000,2,8
316990,316997,316999,2,7
316990,316994,316999,5,4
316990,316997,316999,2,7
316990,316990,317000,10,0
316990,316997,316999,2,7
316990,316998,317000,2,8
316990,316998,317000,2,8
316990,316998,317000,2,8
316990,316998,317000,2,8
316990,316998,317000,2,8
316990,316994,317001,7,4
316990,316990,317000,10,0
316990,316990,317000,10,0
316990,316990,317001,11,0
316990,316990,317001,11,0
316990,316990,317005,15,0
316990,316990,317006,16,0
317009,317009,317011,2,0
317009,317009,317011,2,0
317009,317009,317011,2,0
317009,317009,317011,2,0
317009,317009,317011,2,0
317009,317009,317011,2,0
317009,317009,317013,4,0
317009,317009,317013,4,0
317009,317009,317013,4,0
317009,317011,317013,2,2
317009,317009,317014,5,0
317009,317009,317013,4,0
317009,317009,317014,5,0
317009,317011,317014,3,2
317009,317009,317013,4,0
317009,317009,317014,5,0
317009,317011,317013,2,2
317009,317009,317014,5,0
317009,317011,317013,2,2
317009,317011,317013,2,2
317009,317011,317013,2,2
317009,317009,317015,6,0
317009,317009,317015,6,0
317009,317009,317015,6,0
317009,317013,317015,2,4
317009,317009,317015,6,0
317009,317009,317016,7,0
317009,317013,317016,3,4
317009,317009,317016,7,0
317009,317014,317016,2,5
317009,317013,317016,3,4
317009,317009,317016,7,0
317009,317013,317016,3,4
317009,317014,317016,2,5
317009,317014,317016,2,5
317009,317014,317016,2,5
317009,317014,317017,3,5
317009,317014,317016,2,5
317009,317009,317017,8,0
317009,317014,317017,3,5
317009,317009,317017,8,0
317009,317015,317017,2,6
317009,317009,317016,7,0
317009,317009,317018,9,0
317009,317015,317018,3,6
317009,317015,317018,3,6
317009,317009,317018,9,0
317009,317009,317018,9,0
317009,317016,317018,2,7
317009,317009,317018,9,0
317009,317014,317018,4,5
317009,317009,317018,9,0
317009,317016,317018,2,7
317009,317009,317018,9,0
317009,317016,317018,2,7
317009,317016,317018,2,7
317009,317009,317017,8,0
317009,317009,317018,9,0
317009,317016,317018,2,7
317009,317016,317018,2,7
317009,317014,317019,5,5
317009,317015,317018,3,6
317009,317009,317019,10,0
317009,317014,317019,5,5
317009,317016,317019,3,7
317009,317016,317019,3,7
317009,317016,317019,3,7
317009,317009,317019,10,0
317009,317009,317018,9,0
317009,317016,317019,3,7
317009,317009,317019,10,0
317009,317009,317019,10,0
317009,317014,317020,6,5
317009,317009,317020,11,0
317009,317009,317019,10,0
317009,317009,317022,13,0
317009,317009,317023,14,0
317009,317009,317024,15,0
317009,317009,317024,15,0
317027,317027,317029,2,0
317027,317027,317029,2,0
317027,317027,317029,2,0
317027,317027,317029,2,0
317027,317027,317029,2,0
317027,317027,317029,2,0
317027,317027,317030,3,0
317027,317027,317031,4,0
317027,317029,317031,2,2
317027,317027,317030,3,0
317027,317027,317031,4,0
317027,317027,317031,4,0
317027,317027,317031,4,0
317027,317027,317031,4,0
317027,317027,317031,4,0
317027,317027,317031,4,0
317027,317029,317031,2,2
317027,317027,317031,4,0
317027,317029,317031,2,2
317027,317029,317031,2,2
317027,317029,317031,2,2
317027,317029,317032,3,2
317027,317027,317032,5,0
317027,317027,317033,6,0
317027,317030,317032,2,3
317027,317031,317033,2,4
317027,317031,317033,2,4
317027,317031,317033,2,4
317027,317031,317033,2,4
317027,317031,317033,2,4
317027,317031,317033,2,4
317027,317027,317033,6,0
317027,317031,317033,2,4
317027,317032,317033,1,5
317027,317031,317034,3,4
317027,317031,317035,4,4
317027,317033,317035,2,6
317027,317027,317035,8,0
317027,317031,317035,4,4
317027,317031,317035,4,4
317027,317031,317035,4,4
317027,317032,317035,3,5
317027,317027,317035,8,0
317027,317031,317035,4,4
317027,317033,317035,2,6
317027,317033,317035,2,6
317027,317033,317035,2,6
317027,317033,317035,2,6
317027,317033,317035,2,6
317027,317027,317036,9,0
317027,317027,317036,9,0
317027,317031,317036,5,4
317027,317034,317036,2,7
317027,317027,317036,9,0
317027,317033,317036,3,6
317027,317033,317036,3,6
317027,317027,317036,9,0
317027,317034,317036,2,7
317027,317027,317036,9,0
317027,317027,317035,8,0
317027,317034,317036,2,7
317027,317027,317036,9,0
317027,317027,317036,9,0
317027,317027,317037,10,0
317027,317027,317037,10,0
317027,317034,317037,3,7
317027,317027,317037,10,0
317027,317027,317037,10,0
317027,317027,317037,10,0
317027,317027,317037,10,0
317027,317027,317037,10,0
317027,317027,317038,11,0
317027,317027,317038,11,0
317027,317027,317038,11,0
317027,317027,317038,11,0
317027,317027,317040,13,0
317027,317027,317040,13,0
317027,317027,317045,18,0
317027,317027,317044,17,0
317048,317048,317050,2,0
317048,317048,317050,2,0
317048,317048,317050,2,0
317048,317048,317050,2,0
317048,317048,317050,2,0
317048,317048,317051,3,0
317048,317048,317052,4,0
317048,317048,317051,3,0
317048,317048,317052,4,0
317048,317050,317052,2,2
317048,317050,317052,2,2
317048,317050,317052,2,2
317048,317050,317052,2,2
317048,317048,317053,5,0
317048,317048,317052,4,0
317048,317050,317053,3,2
317048,317048,317053,5,0
317048,317051,317053,2,3
317048,317052,317054,2,4
317048,317052,317053,1,4
317048,317052,317053,1,4
317048,317052,317054,2,4
317048,317048,317055,7,0
317048,317048,317055,7,0
317048,317052,317054,2,4
317048,317048,317055,7,0
317048,317053,317055,2,5
317048,317048,317055,7,0
317048,317053,317054,1,5
317048,317053,317055,2,5
317048,317053,317056,3,5
317048,317052,317056,4,4
317048,317048,317056,8,0
317048,317053,317056,3,5
317048,317048,317056,8,0
317048,317054,317056,2,6
317048,317054,317056,2,6
317048,317048,317056,8,0
317048,317054,317055,1,6
317048,317055,317056,1,7
317048,317048,317057,9,0
317048,317048,317057,9,0
317048,317052,317057,5,4
317048,317048,317057,9,0
317048,317048,317057,9,0
317048,317055,317056,1,7
317048,317048,317056,8,0
317048,317055,317057,2,7
317048,317048,317057,9,0
317048,317055,317057,2,7
317048,317048,317057,9,0
317048,317056,317057,1,8
317048,317055,317057,2,7
317048,317048,317058,10,0
317048,317055,317057,2,7
317048,317048,317058,10,0
317048,317055,317058,3,7
317048,317048,317058,10,0
317048,317048,317058,10,0
317048,317056,317058,2,8
317048,317055,317058,3,7
317048,317048,317059,11,0
317048,317056,317058,2,8
317048,317056,317059,3,8
317048,317048,317059,11,0
317048,317056,317059,3,8
317048,317056,317059,3,8
317048,317048,317059,11,0
317048,317048,317060,12,0
317048,317048,317061,13,0
317048,317048,317060,12,0
317048,317048,317061,13,0
317048,317048,317062,14,0
317048,317048,317062,14,0
317048,317048,317063,15,0
317048,317048,317063,15,0
317048,317048,317063,15,0
317048,317048,317063,15,0
317048,317048,317064,16,0
317067,317067,317069,2,0
317067,317067,317069,2,0
317067,317067,317069,2,0
317067,317067,317069,2,0
317067,317067,317069,2,0
317067,317067,317070,3,0
317067,317067,317070,3,0
317067,317067,317070,3,0
317067,317067,317071,4,0
317067,317069,317071,2,2
317067,317069,317070,1,2
317067,317069,317071,2,2
317067,317067,317072,5,0
317067,317070,317072,2,3
317067,317069,317071,2,2
317067,317069,317071,2,2
317067,317067,317073,6,0
317067,317071,317073,2,4
317067,317071,317073,2,4
317067,317067,317073,6,0
317067,317067,317073,6,0
317067,317067,317074,7,0
317067,317067,317074,7,0
317067,317070,317074,4,3
317067,317067,317074,7,0
317067,317072,317074,2,5
317067,317071,317074,3,4
317067,317072,317073,1,5
317067,317072,317074,2,5
317067,317071,317074,3,4
317067,317071,317073,2,4
317067,317073,317074,1,6
317067,317067,317075,8,0
317067,317067,317075,8,0
317067,317067,317075,8,0
317067,317067,317075,8,0
317067,317067,317075,8,0
317067,317067,317075,8,0
317067,317073,317074,1,6
317067,317067,317076,9,0
317067,317073,317076,3,6
317067,317067,317075,8,0
317067,317067,317076,9,0
317067,317067,317076,9,0
317067,317074,317076,2,7
317067,317067,317076,9,0
317067,317074,317076,2,7
317067,317067,317076,9,0
317067,317074,317075,1,7
317067,317074,317076,2,7
317067,317067,317076,9,0
317067,317074,317076,2,7
317067,317074,317076,2,7
317067,317074,317076,2,7
317067,317072,317077,5,5
317067,317074,317077,3,7
317067,317067,317077,10,0
317067,317074,317077,3,7
317067,317074,317077,3,7
317067,317074,317077,3,7
317067,317074,317077,3,7
317067,317067,317077,10,0
317067,317074,317077,3,7
317067,317075,317077,2,8
317067,317075,317077,2,8
317067,317067,317077,10,0
317067,317067,317077,10,0
317067,317075,317078,3,8
317067,317067,317077,10,0
317067,317067,317079,12,0
317067,317067,317080,13,0
317067,317067,317081,14,0
317067,317067,317080,13,0
317067,317067,317081,14,0
317067,317067,317081,14,0
317067,317067,317081,14,0
317067,317067,317082,15,0
317067,317067,317082,15,0
317067,317067,317082,15,0
317085,317085,317087,2,0
317085,317085,317087,2,0
317085,317085,317087,2,0
317085,317085,317087,2,0
317085,317085,317087,2,0
317085,317085,317087,2,0
317085,317085,317088,3,0
317085,317085,317089,4,0
317085,317087,317089,2,2
317085,317087,317089,2,2
317085,317085,317090,5,0
317085,317087,317089,2,2
317085,317085,317090,5,0
317085,317085,317090,5,0
317085,317087,317090,3,2
317085,317087,317089,2,2
317085,317087,317089,2,2
317085,317085,317091,6,0
317085,317085,317091,6,0
317085,317088,317091,3,3
317085,317089,317090,1,4
317085,317085,317091,6,0
317085,317085,317092,7,0
317085,317085,317092,7,0
317085,317085,317092,7,0
317085,317085,317091,6,0
317085,317089,317092,3,4
317085,317090,317092,2,5
317085,317090,317092,2,5
317085,317085,317093,8,0
317085,317085,317093,8,0
317085,317085,317093,8,0
317085,317085,317093,8,0
317085,317085,317093,8,0
317085,317089,317093,4,4
317085,317085,317093,8,0
317085,317085,317093,8,0
317085,317085,317093,8,0
317085,317090,317093,3,5
317085,317091,317093,2,6
317085,317085,317093,8,0
317085,317092,317093,1,7
317085,317092,317093,1,7
317085,317091,317094,3,6
317085,317085,317094,9,0
317085,317085,317094,9,0
317085,317085,317094,9,0
317085,317092,317094,2,7
317085,317090,317094,4,5
317085,317092,317094,2,7
317085,317093,317094,1,8
317085,317085,317094,9,0
317085,317093,317094,1,8
317085,317085,317095,10,0
317085,317092,317095,3,7
317085,317092,317095,3,7
317085,317085,317095,10,0
317085,317092,317095,3,7
317085,317092,317095,3,7
317085,317094,317095,1,9
317085,317085,317095,10,0
317085,317085,317095,10,0
317085,317085,317096,11,0
317085,317085,317095,10,0
317085,317093,317095,2,8
317085,317093,317096,3,8
317085,317094,317096,2,9
317085,317094,317096,2,9
317085,317094,317096,2,9
317085,317085,317097,12,0
317085,317085,317098,13,0
317085,317090,317097,7,5
317085,317090,317098,8,5
317085,317090,317098,8,5
317085,317085,317098,13,0
317085,317085,317098,13,0
317085,317085,317099,14,0
317085,317085,317100,15,0
317085,317085,317101,16,0
317104,317104,317106,2,0
317104,317104,317106,2,0
317104,317104,317106,2,0
317104,317104,317106,2,0
317104,317104,317106,2,0
317104,317104,317106,2,0
317104,317104,317106,2,0
317104,317106,317108,2,2
317104,317106,317108,2,2
317104,317106,317108,2,2
317104,317104,317109,5,0
317104,317106,317108,2,2
317104,317106,317109,3,2
317104,317104,317109,5,0
317104,317106,317108,2,2
317104,317104,317109,5,0
317104,317106,317109,3,2
317104,317104,317110,6,0
317104,317104,317109,5,0
317104,317104,317110,6,0
317104,317104,317109,5,0
317104,317104,317110,6,0
317104,317108,317110,2,4
317104,317104,317111,7,0
317104,317104,317110,6,0
317104,317104,317111,7,0
317104,317104,317111,7,0
317104,317104,317110,6,0
317104,317109,317111,2,5
317104,317108,317110,2,4
317104,317108,317111,3,4
317104,317109,317111,2,5
317104,317109,317111,2,5
317104,317104,317111,7,0
317104,317104,317111,7,0
317104,317104,317112,8,0
317104,317109,317112,3,5
317104,317110,317112,2,6
317104,317104,317112,8,0
317104,317109,317112,3,5
317104,317109,317111,2,5
317104,317110,317112,2,6
317104,317104,317112,8,0
317104,317110,317111,1,6
317104,317104,317112,8,0
317104,317104,317113,9,0
317104,317110,317113,3,6
317104,317104,317113,9,0
317104,317109,317113,4,5
317104,317111,317113,2,7
317104,317111,317113,2,7
317104,317104,317113,9,0
317104,317111,317113,2,7
317104,317104,317113,9,0
317104,317111,317113,2,7
317104,317111,317113,2,7
317104,317112,317113,1,8
317104,317104,317113,9,0
317104,317104,317113,9,0
317104,317112,317114,2,8
317104,317104,317114,10,0
317104,317111,317113,2,7
317104,317104,317114,10,0
317104,317110,317113,3,6
317104,317111,317114,3,7
317104,317111,317114,3,7
317104,317104,317114,10,0
317104,317111,317114,3,7
317104,317104,317114,10,0
317104,317104,317115,11,0
317104,317104,317115,11,0
317104,317104,317115,11,0
317104,317110,317114,4,6
317104,317112,317114,2,8
317104,317104,317116,12,0
317104,317104,317116,12,0
317104,317104,317117,13,0
317104,317104,317117,13,0
317104,317104,317118,14,0
317122,317122,317124,2,0
317122,317122,317124,2,0
317122,317122,317124,2,0
317122,317122,317124,2,0
317122,317122,317124,2,0
317122,317122,317124,2,0
317122,317122,317125,3,0
317122,317122,317126,4,0
317122,317124,317127,3,2
317122,317124,317126,2,2
317122,317124,317127,3,2
317122,317125,317127,2,3
317122,317124,317126,2,2
317122,317122,317128,6,0
317122,317122,317127,5,0
317122,317122,317128,6,0
317122,317124,317128,4,2
317122,317122,317127,5,0
317122,317125,317128,3,3
317122,317122,317128,6,0
317122,317122,317128,6,0
317122,317127,317129,2,5
317122,317126,317128,2,4
317122,317127,317129,2,5
317122,317122,317129,7,0
317122,317127,317129,2,5
317122,317127,317129,2,5
317122,317122,317130,8,0
317122,317122,317130,8,0
317122,317122,317130,8,0
317122,317122,317130,8,0
317122,317128,317130,2,6
317122,317129,317130,1,7
317122,317128,317129,1,6
317122,317128,317130,2,6
317122,317128,317130,2,6
317122,317127,317129,2,5
317122,317122,317129,7,0
317122,317122,317130,8,0
317122,317128,317129,1,6
317122,317128,317129,1,6
317122,317122,317131,9,0
317122,317122,317131,9,0
317122,317122,317131,9,0
317122,317128,317131,3,6
317122,317122,317130,8,0
317122,317122,317131,9,0
317122,317122,317131,9,0
317122,317129,317131,2,7
317122,317130,317131,1,8
317122,317129,317130,1,7
317122,317129,317131,2,7
317122,317129,317131,2,7
317122,317129,317131,2,7
317122,317122,317131,9,0
317122,317129,317131,2,7
317122,317122,317131,9,0
317122,317130,317131,1,8
317122,317122,317132,10,0
317122,317130,317131,1,8
317122,317122,317132,10,0
317122,317130,317132,2,8
317122,317130,317132,2,8
317122,317122,317133,11,0
317122,317122,317132,10,0
317122,317130,317133,3,8
317122,317130,317132,2,8
317122,317130,317133,3,8
317122,317122,317134,12,0
317122,317122,317133,11,0
317122,317122,317135,13,0
317122,317122,317135,13,0
317122,317122,317135,13,0
317122,317122,317136,14,0
317122,317122,317136,14,0
317122,317122,317139,17,0
317122,317122,317139,17,0
317122,317122,317140,18,0
317122,317122,317150,28,0
317153,317153,317155,2,0
317153,317153,317155,2,0
317153,317153,317155,2,0
317153,317153,317155,2,0
317153,317153,317155,2,0
317153,317153,317155,2,0
317153,317153,317155,2,0
317153,317155,317158,3,2
317153,317153,317158,5,0
317153,317155,317158,3,2
317153,317155,317158,3,2
317153,317155,317157,2,2
317153,317155,317158,3,2
317153,317153,317159,6,0
317153,317156,317159,3,3
317153,317156,317158,2,3
317153,317158,317160,2,5
317153,317158,317160,2,5
317153,317153,317159,6,0
317153,317158,317160,2,5
317153,317159,317160,1,6
317153,317153,317161,8,0
317153,317153,317161,8,0
317153,317153,317161,8,0
317153,317159,317160,1,6
317153,317159,317161,2,6
317153,317153,317161,8,0
317153,317153,317161,8,0
317153,317153,317160,7,0
317153,317153,317161,8,0
317153,317158,317160,2,5
317153,317158,317161,3,5
317153,317153,317161,8,0
317153,317158,317160,2,5
317153,317160,317161,1,7
317153,317153,317162,9,0
317153,317153,317162,9,0
317153,317160,317161,1,7
317153,317160,317161,1,7
317153,317153,317162,9,0
317153,317160,317162,2,7
317153,317160,317162,2,7
317153,317153,317162,9,0
317153,317153,317163,10,0
317153,317161,317163,2,8
317153,317161,317163,2,8
317153,317161,317163,2,8
317153,317161,317163,2,8
317153,317161,317163,2,8
317153,317161,317163,2,8
317153,317162,317163,1,9
317153,317153,317163,10,0
317153,317153,317164,11,0
317153,317161,317164,3,8
317153,317161,317164,3,8
317153,317161,317164,3,8
317153,317153,317164,11,0
317153,317161,317164,3,8
317153,317161,317164,3,8
317153,317161,317164,3,8
317153,317153,317165,12,0
317153,317153,317165,12,0
317153,317153,317165,12,0
317153,317153,317165,12,0
317153,317153,317165,12,0
317153,317153,317165,12,0
317153,317153,317165,12,0
317153,317153,317167,14,0
317153,317153,317167,14,0
317153,317153,317166,13,0
317153,317153,317168,15,0
317153,317161,317168,7,8
317153,317153,317168,15,0
317153,317153,317168,15,0
317153,317153,317168,15,0
317153,317153,317169,16,0
317153,317153,317169,16,0
317153,317153,317172,19,0
317153,317153,317176,23,0
317180,317180,317181,1,0
317180,317180,317182,2,0
317180,317180,317181,1,0
317180,317180,317182,2,0
317180,317180,317182,2,0
317180,317180,317182,2,0
317180,317180,317183,3,0
317180,317182,317184,2,2
317180,317182,317183,1,2
317180,317182,317183,1,2
317180,317182,317183,1,2
317180,317183,317184,1,3
317180,317180,317185,5,0
317180,317183,317184,1,3
317180,317184,317185,1,4
317180,317180,317185,5,0
317180,317180,317186,6,0
317180,317180,317186,6,0
317180,317184,317185,1,4
317180,317182,317186,4,2
317180,317185,317186,1,5
317180,317184,317186,2,4
317180,317180,317185,5,0
317180,317185,317186,1,5
317180,317180,317186,6,0
317180,317184,317185,1,4
317180,317184,317185,1,4
317180,317180,317186,6,0
317180,317180,317187,7,0
317180,317180,317187,7,0
317180,317180,317186,6,0
317180,317180,317187,7,0
317180,317180,317187,7,0
317180,317185,317187,2,5
317180,317180,317188,8,0
317180,317180,317188,8,0
317180,317186,317187,1,6
317180,317186,317188,2,6
317180,317186,317188,2,6
317180,317186,317188,2,6
317180,317186,317187,1,6
317180,317186,317188,2,6
317180,317186,317188,2,6
317180,317186,317188,2,6
317180,317186,317188,2,6
317180,317180,317188,8,0
317180,317186,317189,3,6
317180,317186,317189,3,6
317180,317180,317188,8,0
317180,317187,317189,2,7
317180,317187,317189,2,7
317180,317187,317189,2,7
317180,317180,317189,9,0
317180,317187,317189,2,7
317180,317186,317189,3,6
317180,317180,317190,10,0
317180,317180,317190,10,0
317180,317188,317191,3,8
317180,317180,317190,10,0
317180,317188,317190,2,8
317180,317188,317191,3,8
317180,317180,317191,11,0
317180,317180,317191,11,0
317180,317180,317192,12,0
317180,317180,317193,13,0
317180,317187,317193,6,7
317180,317180,317194,14,0
317180,317180,317194,14,0
317180,317180,317194,14,0
317180,317180,317194,14,0
317180,317180,317194,14,0
317180,317180,317195,15,0
317180,317180,317196,16,0
317180,317180,317198,18,0
317180,317180,317198,18,0
317180,317180,317198,18,0
317180,317180,317199,19,0
317180,317180,317199,19,0
317180,317180,317201,21,0
317204,317204,317206,2,0
317204,317204,317206,2,0
317204,317204,317206,2,0
317204,317204,317205,1,0
317204,317204,317206,2,0
317204,317204,317206,2,0
317204,317204,317209,5,0
317204,317206,317208,2,2
317204,317206,317208,2,2
317204,317204,317208,4,0
317204,317206,317209,3,2
317204,317204,317209,5,0
317204,317206,317209,3,2
317204,317207,317209,2,3
317204,317204,317210,6,0
317204,317204,317210,6,0
317204,317207,317210,3,3
317204,317204,317211,7,0
317204,317204,317210,6,0
317204,317204,317211,7,0
317204,317209,317210,1,5
317204,317204,317211,7,0
317204,317209,317210,1,5
317204,317204,317211,7,0
317204,317209,317210,1,5
317204,317209,317211,2,5
317204,317209,317210,1,5
317204,317209,317211,2,5
317204,317209,317212,3,5
317204,317209,317212,3,5
317204,317204,317211,7,0
317204,317204,317212,8,0
317204,317204,317212,8,0
317204,317204,317212,8,0
317204,317210,317211,1,6
317204,317204,317212,8,0
317204,317204,317212,8,0
317204,317210,317213,3,6
317204,317204,317212,8,0
317204,317211,317213,2,7
317204,317211,317213,2,7
317204,317211,317213,2,7
317204,317211,317213,2,7
317204,317210,317213,3,6
317204,317211,317214,3,7
317204,317204,317213,9,0
317204,317211,317214,3,7
317204,317211,317214,3,7
317204,317211,317214,3,7
317204,317211,317214,3,7
317204,317211,317214,3,7
317204,317211,317213,2,7
317204,317212,317214,2,8
317204,317212,317214,2,8
317204,317212,317213,1,8
317204,317212,317214,2,8
317204,317212,317214,2,8
317204,317204,317215,11,0
317204,317204,317215,11,0
317204,317204,317215,11,0
317204,317204,317214,10,0
317204,317204,317217,13,0
317204,317204,317217,13,0
317204,317204,317217,13,0
317204,317212,317217,5,8
317204,317204,317218,14,0
317204,317204,317218,14,0
317204,317204,317218,14,0
317204,317204,317219,15,0
317204,317204,317219,15,0
317204,317212,317220,8,8
317204,317204,317221,17,0
317204,317204,317221,17,0
317204,317204,317223,19,0
317204,317204,317222,18,0
317204,317204,317225,21,0
317204,317204,317227,23,0
317204,317204,317228,24,0
317204,317204,317228,24,0
317231,317231,317233,2,0
317231,317231,317232,1,0
317231,317231,317233,2,0
317231,317231,317233,2,0
317231,317231,317233,2,0
317231,317231,317234,3,0
317231,317231,317235,4,0
317231,317233,317235,2,2
317231,317231,317235,4,0
317231,317233,317235,2,2
317231,317233,317236,3,2
317231,317233,317235,2,2
317231,317233,317236,3,2
317231,317234,317236,2,3
317231,317231,317236,5,0
317231,317235,317237,2,4
317231,317231,317237,6,0
317231,317231,317238,7,0
317231,317236,317237,1,5
317231,317236,317237,1,5
317231,317236,317237,1,5
317231,317236,317237,1,5
317231,317236,317237,1,5
317231,317231,317238,7,0
317231,317235,317238,3,4
317231,317231,317238,7,0
317231,317237,317238,1,6
317231,317231,317239,8,0
317231,317231,317239,8,0
317231,317237,317239,2,6
317231,317238,317240,2,7
317231,317231,317239,8,0
317231,317238,317240,2,7
317231,317238,317240,2,7
317231,317238,317240,2,7
317231,317238,317240,2,7
317231,317238,317241,3,7
317231,317236,317240,4,5
317231,317238,317241,3,7
317231,317239,317241,2,8
317231,317239,317241,2,8
317231,317231,317241,10,0
317231,317239,317241,2,8
317231,317231,317241,10,0
317231,317231,317242,11,0
317231,317231,317242,11,0
317231,317240,317241,1,9
317231,317231,317242,11,0
317231,317240,317242,2,9
317231,317239,317242,3,8
317231,317240,317242,2,9
317231,317231,317241,10,0
317231,317240,317242,2,9
317231,317240,317242,2,9
317231,317239,317243,4,8
317231,317231,317243,12,0
317231,317231,317242,11,0
317231,317231,317243,12,0
317231,317239,317243,4,8
317231,317240,317243,3,9
317231,317231,317244,13,0
317231,317231,317244,13,0
317231,317231,317245,14,0
317231,317231,317245,14,0
317231,317231,317245,14,0
317231,317231,317245,14,0
317231,317231,317245,14,0
317231,317231,317246,15,0
317231,317231,317247,16,0
317231,317231,317247,16,0
317231,317231,317247,16,0
317231,317231,317246,15,0
317231,317231,317248,17,0
317231,317231,317249,18,0
317231,317231,317249,18,0
317231,317231,317249,18,0
317231,317231,317248,17,0
317231,317231,317253,22,0
317231,317231,317256,25,0
317260,317260,317261,1,0
317260,317260,317261,1,0
317260,317260,317262,2,0
317260,317260,317262,2,0
317260,317260,317262,2,0
317260,317260,317262,2,0
317260,317262,317263,1,2
317260,317262,317263,1,2
317260,317262,317263,1,2
317260,317262,317263,1,2
317260,317260,317264,4,0
317260,317263,317264,1,3
317260,317263,317264,1,3
317260,317260,317265,5,0
317260,317260,317265,5,0
317260,317260,317266,6,0
317260,317264,317266,2,4
317260,317264,317266,2,4
317260,317260,317267,7,0
317260,317260,317266,6,0
317260,317260,317266,6,0
317260,317260,317266,6,0
317260,317265,317266,1,5
317260,317264,317266,2,4
317260,317264,317266,2,4
317260,317265,317267,2,5
317260,317266,317267,1,6
317260,317260,317268,8,0
317260,317266,317268,2,6
317260,317266,317268,2,6
317260,317260,317268,8,0
317260,317260,317268,8,0
317260,317260,317268,8,0
317260,317267,317268,1,7
317260,317260,317268,8,0
317260,317267,317269,2,7
317260,317260,317269,9,0
317260,317267,317268,1,7
317260,317260,317268,8,0
317260,317267,317268,1,7
317260,317267,317269,2,7
317260,317266,317269,3,6
317260,317267,317270,3,7
317260,317267,317270,3,7
317260,317267,317269,2,7
317260,317265,317269,4,5
317260,317268,317269,1,8
317260,317268,317270,2,8
317260,317268,317270,2,8
317260,317267,317271,4,7
317260,317266,317270,4,6
317260,317260,317271,11,0
317260,317269,317270,1,9
317260,317269,317270,1,9
317260,317260,317271,11,0
317260,317269,317270,1,9
317260,317260,317271,11,0
317260,317260,317271,11,0
317260,317269,317272,3,9
317260,317269,317272,3,9
317260,317260,317271,11,0
317260,317260,317273,13,0
317260,317260,317272,12,0
317260,317260,317274,14,0
317260,317260,317275,15,0
317260,317260,317274,14,0
317260,317260,317275,15,0
317260,317260,317276,16,0
317260,317260,317276,16,0
317260,317260,317276,16,0
317260,317260,317277,17,0
317260,317260,317277,17,0
317260,317260,317277,17,0
317260,317260,317278,18,0
317260,317260,317279,19,0
317260,317260,317279,19,0
317260,317260,317281,21,0
317260,317260,317283,23,0
317260,317260,317284,24,0
317288,317288,317290,2,0
317288,317288,317290,2,0
317288,317288,317290,2,0
317288,317288,317290,2,0
317288,317288,317290,2,0
317288,317288,317290,2,0
317288,317288,317292,4,0
317288,317290,317292,2,2
317288,317290,317293,3,2
317288,317288,317293,5,0
317288,317288,317294,6,0
317288,317291,317293,2,3
317288,317288,317293,5,0
317288,317290,317293,3,2
317288,317290,317293,3,2
317288,317288,317295,7,0
317288,317288,317295,7,0
317288,317288,317295,7,0
317288,317288,317294,6,0
317288,317290,317294,4,2
317288,317288,317295,7,0
317288,317288,317295,7,0
317288,317294,317296,2,6
317288,317288,317295,7,0
317288,317293,317296,3,5
317288,317294,317296,2,6
317288,317293,317295,2,5
317288,317295,317296,1,7
317288,317288,317297,9,0
317288,317288,317296,8,0
317288,317294,317296,2,6
317288,317288,317298,10,0
317288,317294,317298,4,6
317288,317288,317298,10,0
317288,317296,317297,1,8
317288,317288,317297,9,0
317288,317296,317297,1,8
317288,317296,317298,2,8
317288,317296,317298,2,8
317288,317296,317298,2,8
317288,317296,317298,2,8
317288,317296,317298,2,8
317288,317288,317298,10,0
317288,317296,317298,2,8
317288,317292,317299,7,4
317288,317295,317299,4,7
317288,317288,317299,11,0
317288,317295,317298,3,7
317288,317288,317299,11,0
317288,317288,317298,10,0
317288,317288,317298,10,0
317288,317297,317299,2,9
317288,317297,317299,2,9
317288,317288,317299,11,0
317288,317288,317299,11,0
317288,317288,317299,11,0
317288,317288,317299,11,0
317288,317295,317299,4,7
317288,317294,317299,5,6
317288,317288,317299,11,0
317288,317288,317299,11,0
317288,317288,317300,12,0
317288,317288,317300,12,0
317288,317298,317299,1,10
317288,317298,317300,2,10
317288,317288,317300,12,0
317288,317288,317300,12,0
317288,317288,317301,13,0
317288,317294,317301,7,6
317288,317297,317300,3,9
317288,317298,317300,2,10
317288,317295,317302,7,7
317288,317298,317302,4,10
317288,317288,317303,15,0
317288,317288,317303,15,0
317288,317288,317303,15,0
317288,317288,317306,18,0
317288,317288,317309,21,0
317288,317288,317309,21,0
317312,317312,317314,2,0
317312,317312,317314,2,0
317312,317312,317314,2,0
317312,317312,317314,2,0
317312,317312,317314,2,0
317312,317312,317314,2,0
317312,317312,317316,4,0
317312,317312,317317,5,0
317312,317314,317317,3,2
317312,317314,317317,3,2
317312,317312,317318,6,0
317312,317314,317318,4,2
317312,317312,317318,6,0
317312,317314,317318,4,2
317312,317314,317317,3,2
317312,317314,317317,3,2
317312,317312,317319,7,0
317312,317312,317318,6,0
317312,317312,317319,7,0
317312,317312,317320,8,0
317312,317312,317320,8,0
317312,317312,317319,7,0
317312,317317,317320,3,5
317312,317312,317319,7,0
317312,317317,317320,3,5
317312,317318,317320,2,6
317312,317319,317321,2,7
317312,317318,317320,2,6
317312,317318,317321,3,6
317312,317319,317321,2,7
317312,317319,317321,2,7
317312,317312,317321,9,0
317312,317312,317321,9,0
317312,317312,317321,9,0
317312,317312,317322,10,0
317312,317312,317322,10,0
317312,317312,317321,9,0
317312,317312,317321,9,0
317312,317318,317321,3,6
317312,317320,317321,1,8
317312,317312,317321,9,0
317312,317320,317321,1,8
317312,317320,317321,1,8
317312,317312,317322,10,0
317312,317312,317322,10,0
317312,317320,317322,2,8
317312,317318,317322,4,6
317312,317312,317322,10,0
317312,317320,317323,3,8
317312,317321,317323,2,9
317312,317312,317322,10,0
317312,317321,317323,2,9
317312,317321,317323,2,9
317312,317312,317324,12,0
317312,317312,317324,12,0
317312,317316,317323,7,4
317312,317312,317323,11,0
317312,317312,317324,12,0
317312,317312,317324,12,0
317312,317317,317324,7,5
317312,317312,317324,12,0
317312,317320,317323,3,8
317312,317312,317323,11,0
317312,317321,317324,3,9
317312,317321,317323,2,9
317312,317321,317323,2,9
317312,317312,317324,12,0
317312,317322,317325,3,10
317312,317312,317325,13,0
317312,317318,317324,6,6
317312,317322,317325,3,10
317312,317322,317325,3,10
317312,317312,317325,13,0
317312,317312,317324,12,0
317312,317312,317325,13,0
317312,317322,317326,4,10
317312,317312,317327,15,0
317312,317312,317328,16,0
317312,317312,317330,18,0
317333,317333,317335,2,0
317333,317333,317335,2,0
317333,317333,317335,2,0
317333,317333,317335,2,0
317333,317333,317336,3,0
317333,317333,317335,2,0
317333,317333,317337,4,0
317333,317333,317338,5,0
317333,317333,317339,6,0
317333,317335,317338,3,2
317333,317335,317339,4,2
317333,317335,317339,4,2
317333,317333,317339,6,0
317333,317336,317339,3,3
317333,317333,317340,7,0
317333,317333,317339,6,0
317333,317336,317339,3,3
317333,317336,317339,3,3
317333,317333,317340,7,0
317333,317333,317341,8,0
317333,317333,317341,8,0
317333,317333,317342,9,0
317333,317333,317342,9,0
317333,317333,317341,8,0
317333,317333,317342,9,0
317333,317333,317342,9,0
317333,317339,317342,3,6
317333,317333,317342,9,0
317333,317333,317342,9,0
317333,317339,317341,2,6
317333,317340,317342,2,7
317333,317333,317341,8,0
317333,317340,317342,2,7
317333,317333,317342,9,0
317333,317339,317341,2,6
317333,317340,317342,2,7
317333,317340,317342,2,7
317333,317341,317343,2,8
317333,317333,317343,10,0
317333,317333,317344,11,0
317333,317342,317344,2,9
317333,317333,317343,10,0
317333,317333,317343,10,0
317333,317339,317344,5,6
317333,317342,317344,2,9
317333,317333,317344,11,0
317333,317342,317343,1,9
317333,317342,317344,2,9
317333,317342,317344,2,9
317333,317342,317344,2,9
317333,317333,317345,12,0
317333,317333,317344,11,0
317333,317340,317344,4,7
317333,317338,317344,6,5
317333,317341,317345,4,8
317333,317342,317345,3,9
317333,317342,317345,3,9
317333,317342,317345,3,9
317333,317342,317345,3,9
317333,317342,317345,3,9
317333,317342,317345,3,9
317333,317342,317345,3,9
317333,317340,317345,5,7
317333,317333,317346,13,0
317333,317341,317345,4,8
317333,317333,317346,13,0
317333,317333,317345,12,0
317333,317338,317346,8,5
317333,317342,317346,4,9
317333,317333,317346,13,0
317333,317333,317346,13,0
317333,317333,317346,13,0
317333,317333,317346,13,0
317333,317333,317347,14,0
317333,317333,317346,13,0
317333,317333,317346,13,0
317333,317333,317347,14,0
317333,317333,317348,15,0
317333,317333,317348,15,0
317352,317352,317354,2,0
317352,317352,317354,2,0
317352,317352,317354,2,0
317352,317352,317354,2,0
317352,317352,317354,2,0
317352,317352,317354,2,0
317352,317352,317356,4,0
317352,317352,317357,5,0
317352,317352,317357,5,0
317352,317354,317357,3,2
317352,317354,317357,3,2
317352,317352,317357,5,0
317352,317352,317358,6,0
317352,317354,317357,3,2
317352,317354,317357,3,2
317352,317354,317357,3,2
317352,317355,317357,2,3
317352,317352,317358,6,0
317352,317352,317359,7,0
317352,317352,317359,7,0
317352,317352,317358,6,0
317352,317352,317359,7,0
317352,317352,317359,7,0
317352,317352,317360,8,0
317352,317357,317359,2,5
317352,317358,317360,2,6
317352,317352,317359,7,0
317352,317352,317360,8,0
317352,317358,317360,2,6
317352,317352,317360,8,0
317352,317357,317360,3,5
317352,317358,317360,2,6
317352,317352,317360,8,0
317352,317352,317360,8,0
317352,317352,317361,9,0
317352,317352,317361,9,0
317352,317352,317361,9,0
317352,317352,317361,9,0
317352,317352,317361,9,0
317352,317358,317360,2,6
317352,317352,317361,9,0
317352,317352,317361,9,0
317352,317352,317361,9,0
317352,317352,317362,10,0
317352,317352,317362,10,0
317352,317352,317362,10,0
317352,317358,317362,4,6
317352,317352,317362,10,0
317352,317360,317361,1,8
317352,317352,317362,10,0
317352,317360,317362,2,8
317352,317352,317361,9,0
317352,317360,317362,2,8
317352,317359,317361,2,7
317352,317357,317363,6,5
317352,317358,317363,5,6
317352,317360,317362,2,8
317352,317359,317362,3,7
317352,317352,317362,10,0
317352,317359,317363,4,7
317352,317359,317362,3,7
317352,317359,317362,3,7
317352,317352,317362,10,0
317352,317352,317363,11,0
317352,317360,317363,3,8
317352,317360,317363,3,8
317352,317360,317362,2,8
317352,317360,317363,3,8
317352,317360,317362,2,8
317352,317361,317363,2,9
317352,317356,317364,8,4
317352,317358,317364,6,6
317352,317361,317363,2,9
317352,317361,317363,2,9
317352,317357,317365,8,5
317352,317352,317365,13,0
317352,317352,317365,13,0
317352,317352,317369,17,0
317352,317352,317368,16,0
317372,317372,317374,2,0
317372,317372,317374,2,0
317372,317372,317374,2,0
317372,317372,317374,2,0
317372,317372,317374,2,0
317372,317372,317375,3,0
317372,317374,317376,2,2
317372,317372,317376,4,0
317372,317374,317376,2,2
317372,317374,317377,3,2
317372,317374,317376,2,2
317372,317375,317377,2,3
317372,317372,317379,7,0
317372,317377,317379,2,5
317372,317372,317379,7,0
317372,317377,317379,2,5
317372,317376,317378,2,4
317372,317372,317380,8,0
317372,317372,317380,8,0
317372,317372,317379,7,0
317372,317372,317380,8,0
317372,317372,317380,8,0
317372,317377,317379,2,5
317372,317372,317379,7,0
317372,317372,317380,8,0
317372,317376,317380,4,4
317372,317377,317380,3,5
317372,317372,317381,9,0
317372,317372,317380,8,0
317372,317372,317380,8,0
317372,317372,317381,9,0
317372,317372,317380,8,0
317372,317372,317381,9,0
317372,317372,317380,8,0
317372,317379,317381,2,7
317372,317372,317381,9,0
317372,317372,317381,9,0
317372,317372,317381,9,0
317372,317372,317382,10,0
317372,317372,317382,10,0
317372,317372,317382,10,0
317372,317372,317382,10,0
317372,317379,317381,2,7
317372,317379,317382,3,7
317372,317380,317381,1,8
317372,317379,317382,3,7
317372,317380,317381,1,8
317372,317372,317382,10,0
317372,317380,317382,2,8
317372,317380,317382,2,8
317372,317380,317381,1,8
317372,317377,317383,6,5
317372,317380,317383,3,8
317372,317380,317383,3,8
317372,317379,317383,4,7
317372,317380,317383,3,8
317372,317372,317382,10,0
317372,317380,317383,3,8
317372,317381,317383,2,9
317372,317372,317383,11,0
317372,317381,317382,1,9
317372,317381,317383,2,9
317372,317372,317383,11,0
317372,317381,317382,1,9
317372,317380,317384,4,8
317372,317381,317384,3,9
317372,317372,317384,12,0
317372,317381,317383,2,9
317372,317381,317384,3,9
317372,317381,317384,3,9
317372,317372,317385,13,0
317372,317372,317385,13,0
317372,317372,317386,14,0
317372,317372,317387,15,0
317372,317372,317387,15,0
317372,317372,317388,16,0
317372,317372,317390,18,0
317372,317372,317392,20,0
317372,317372,317399,27,0
317402,317402,317404,2,0
317402,317402,317404,2,0
317402,317402,317404,2,0
317402,317402,317404,2,0
317402,317402,317404,2,0
317402,317402,317404,2,0
317402,317404,317406,2,2
317402,317402,317406,4,0
317402,317404,317407,3,2
317402,317404,317406,2,2
317402,317404,317407,3,2
317402,317405,317406,1,3
317402,317404,317407,3,2
317402,317406,317408,2,4
317402,317402,317409,7,0
317402,317402,317408,6,0
317402,317402,317408,6,0
317402,317402,317408,6,0
317402,317402,317409,7,0
317402,317407,317409,2,5
317402,317407,317409,2,5
317402,317407,317409,2,5
317402,317402,317409,7,0
317402,317402,317409,7,0
317402,317407,317409,2,5
317402,317402,317409,7,0
317402,317402,317409,7,0
317402,317402,317409,7,0
317402,317407,317410,3,5
317402,317402,317410,8,0
317402,317408,317410,2,6
317402,317402,317409,7,0
317402,317402,317411,9,0
317402,317402,317411,9,0
317402,317402,317410,8,0
317402,317408,317410,2,6
317402,317402,317411,9,0
317402,317409,317411,2,7
317402,317402,317411,9,0
317402,317409,317411,2,7
317402,317409,317410,1,7
317402,317402,317410,8,0
317402,317409,317411,2,7
317402,317409,317410,1,7
317402,317402,317411,9,0
317402,317402,317412,10,0
317402,317409,317411,2,7
317402,317409,317411,2,7
317402,317409,317412,3,7
317402,317402,317412,10,0
317402,317402,317412,10,0
317402,317410,317412,2,8
317402,317410,317412,2,8
317402,317402,317411,9,0
317402,317402,317412,10,0
317402,317402,317411,9,0
317402,317410,317411,1,8
317402,317402,317412,10,0
317402,317410,317411,1,8
317402,317410,317412,2,8
317402,317410,317412,2,8
317402,317410,317413,3,8
317402,317410,317413,3,8
317402,317411,317412,1,9
317402,317402,317413,11,0
317402,317402,317413,11,0
317402,317402,317413,11,0
317402,317402,317414,12,0
317402,317410,317414,4,8
317402,317411,317414,3,9
317402,317410,317414,4,8
317402,317402,317414,12,0
317402,317411,317413,2,9
317402,317402,317416,14,0
317402,317402,317418,16,0
317402,317402,317418,16,0
317402,317402,317419,17,0
317402,317402,317420,18,0
317402,317402,317424,22,0
317428,317428,317429,1,0
317428,317428,317429,1,0
317428,317428,317430,2,0
317428,317428,317430,2,0
317428,317428,317430,2,0
317428,317428,317430,2,0
317428,317430,317432,2,2
317428,317430,317431,1,2
317428,317430,317432,2,2
317428,317430,317433,3,2
317428,317431,317432,1,3
317428,317430,317433,3,2
317428,317428,317434,6,0
317428,317432,317433,1,4
317428,317432,317434,2,4
317428,317428,317435,7,0
317428,317428,317435,7,0
317428,317432,317435,3,4
317428,317433,317434,1,5
317428,317433,317434,1,5
317428,317433,317434,1,5
317428,317428,317435,7,0
317428,317428,317435,7,0
317428,317428,317436,8,0
317428,317428,317435,7,0
317428,317434,317436,2,6
317428,317428,317435,7,0
317428,317434,317436,2,6
317428,317428,317436,8,0
317428,317434,317436,2,6
317428,317428,317436,8,0
317428,317428,317436,8,0
317428,317428,317437,9,0
317428,317428,317437,9,0
317428,317428,317437,9,0
317428,317435,317437,2,7
317428,317428,317437,9,0
317428,317435,317437,2,7
317428,317435,317437,2,7
317428,317435,317437,2,7
317428,317435,317437,2,7
317428,317435,317438,3,7
317428,317428,317438,10,0
317428,317436,317438,2,8
317428,317428,317438,10,0
317428,317428,317437,9,0
317428,317436,317438,2,8
317428,317436,317438,2,8
317428,317436,317437,1,8
317428,317436,317438,2,8
317428,317436,317438,2,8
317428,317428,317439,11,0
317428,317436,317439,3,8
317428,317436,317439,3,8
317428,317436,317438,2,8
317428,317428,317438,10,0
317428,317428,317438,10,0
317428,317428,317439,11,0
317428,317428,317439,11,0
317428,317437,317438,1,9
317428,317428,317440,12,0
317428,317428,317439,11,0
317428,317437,317439,2,9
317428,317428,317439,11,0
317428,317428,317439,11,0
317428,317437,317439,2,9
317428,317437,317439,2,9
317428,317437,317440,3,9
317428,317428,317440,12,0
317428,317428,317439,11,0
317428,317428,317441,13,0
317428,317428,317440,12,0
317428,317428,317442,14,0
317428,317428,317442,14,0
317428,317428,317443,15,0
317428,317428,317445,17,0
317428,317428,317446,18,0
317428,317428,317450,22,0
317428,317428,317452,24,0
317455,317455,317457,2,0
317455,317455,317457,2,0
317455,317455,317457,2,0
317455,317455,317457,2,0
317455,317455,317458,3,0
317455,317455,317458,3,0
317455,317455,317460,5,0
317455,317458,317460,2,3
317455,317457,317460,3,2
317455,317455,317461,6,0
317455,317455,317461,6,0
317455,317457,317461,4,2
317455,317458,317461,3,3
317455,317455,317460,5,0
317455,317455,317461,6,0
317455,317457,317460,3,2
317455,317457,317461,4,2
317455,317455,317462,7,0
317455,317455,317461,6,0
317455,317455,317461,6,0
317455,317455,317461,6,0
317455,317460,317462,2,5
317455,317455,317462,7,0
317455,317455,317462,7,0
317455,317460,317462,2,5
317455,317460,317463,3,5
317455,317455,317463,8,0
317455,317455,317462,7,0
317455,317461,317463,2,6
317455,317455,317463,8,0
317455,317461,317463,2,6
317455,317455,317463,8,0
317455,317461,317463,2,6
317455,317455,317464,9,0
317455,317455,317464,9,0
317455,317455,317464,9,0
317455,317461,317463,2,6
317455,317455,317463,8,0
317455,317455,317464,9,0
317455,317455,317464,9,0
317455,317462,317464,2,7
317455,317461,317464,3,6
317455,317462,317463,1,7
317455,317462,317464,2,7
317455,317462,317463,1,7
317455,317462,317464,2,7
317455,317455,317464,9,0
317455,317462,317464,2,7
317455,317462,317465,3,7
317455,317455,317464,9,0
317455,317455,317465,10,0
317455,317455,317464,9,0
317455,317455,317464,9,0
317455,317463,317464,1,8
317455,317463,317465,2,8
317455,317463,317465,2,8
317455,317463,317465,2,8
317455,317455,317465,10,0
317455,317463,317465,2,8
317455,317461,317466,5,6
317455,317463,317466,3,8
317455,317464,317465,1,9
317455,317455,317465,10,0
317455,317462,317465,3,7
317455,317464,317467,3,9
317455,317464,317467,3,9
317455,317455,317467,12,0
317455,317455,317467,12,0
317455,317461,317467,6,6
317455,317455,317466,11,0
317455,317464,317467,3,9
317455,317455,317468,13,0
317455,317461,317468,7,6
317455,317455,317469,14,0
317455,317455,317468,13,0
317455,317455,317469,14,0
317455,317455,317471,16,0
317455,317455,317473,18,0
317455,317455,317474,19,0
317477,317477,317479,2,0
317477,317477,317479,2,0
317477,317477,317479,2,0
317477,317477,317479,2,0
317477,317477,317479,2,0
317477,317477,317480,3,0
317477,317477,317481,4,0
317477,317477,317480,3,0
317477,317477,317481,4,0
317477,317479,317481,2,2
317477,317477,317482,5,0
317477,317477,317481,4,0
317477,317479,317481,2,2
317477,317479,317482,3,2
317477,317479,317482,3,2
317477,317480,317481,1,3
317477,317477,317482,5,0
317477,317477,317482,5,0
317477,317477,317482,5,0
317477,317477,317482,5,0
317477,317479,317483,4,2
317477,317477,317482,5,0
317477,317477,317482,5,0
317477,317477,317483,6,0
317477,317477,317483,6,0
317477,317477,317483,6,0
317477,317481,317482,1,4
317477,317477,317483,6,0
317477,317477,317483,6,0
317477,317477,317483,6,0
317477,317477,317483,6,0
317477,317477,317484,7,0
317477,317481,317484,3,4
317477,317482,317484,2,5
317477,317481,317484,3,4
317477,317477,317484,7,0
317477,317481,317484,3,4
317477,317477,317484,7,0
317477,317482,317484,2,5
317477,317477,317484,7,0
317477,317477,317485,8,0
317477,317477,317485,8,0
317477,317483,317485,2,6
317477,317477,317484,7,0
317477,317482,317484,2,5
317477,317483,317484,1,6
317477,317477,317485,8,0
317477,317482,317485,3,5
317477,317477,317484,7,0
317477,317477,317484,7,0
317477,317482,317484,2,5
317477,317483,317485,2,6
317477,317483,317485,2,6
317477,317483,317485,2,6
317477,317483,317485,2,6
317477,317477,317485,8,0
317477,317483,317485,2,6
317477,317482,317486,4,5
317477,317483,317486,3,6
317477,317484,317486,2,7
317477,317483,317485,2,6
317477,317482,317486,4,5
317477,317482,317485,3,5
317477,317483,317486,3,6
317477,317484,317485,1,7
317477,317477,317485,8,0
317477,317484,317486,2,7
317477,317477,317486,9,0
317477,317482,317486,4,5
317477,317484,317487,3,7
317477,317484,317487,3,7
317477,317477,317488,11,0
317477,317477,317488,11,0
317477,317477,317488,11,0
317477,317477,317487,10,0
317477,317484,317488,4,7
317477,317477,317490,13,0
317477,317477,317492,15,0
317477,317477,317493,16,0
317496,317496,317498,2,0
317496,317496,317498,2,0
317496,317496,317498,2,0
317496,317496,317498,2,0
317496,317496,317498,2,0
317496,317496,317498,2,0
317496,317496,317500,4,0
317496,317496,317500,4,0
317496,317496,317500,4,0
317496,317496,317499,3,0
317496,317496,317500,4,0
317496,317496,317499,3,0
317496,317498,317499,1,2
317496,317498,317500,2,2
317496,317498,317499,1,2
317496,317498,317499,1,2
317496,317498,317500,2,2
317496,317496,317500,4,0
317496,317496,317500,4,0
317496,317496,317500,4,0
317496,317496,317500,4,0
317496,317496,317500,4,0
317496,317498,317500,2,2
317496,317496,317501,5,0
317496,317496,317500,4,0
317496,317496,317501,5,0
317496,317496,317502,6,0
317496,317496,317502,6,0
317496,317500,317502,2,4
317496,317500,317503,3,4
317496,317501,317503,2,5
317496,317500,317502,2,4
317496,317500,317503,3,4
317496,317496,317503,7,0
317496,317500,317503,3,4
317496,317500,317502,2,4
317496,317500,317502,2,4
317496,317500,317503,3,4
317496,317501,317502,1,5
317496,317496,317503,7,0
317496,317496,317503,7,0
317496,317500,317502,2,4
317496,317502,317503,1,6
317496,317500,317503,3,4
317496,317500,317504,4,4
317496,317501,317504,3,5
317496,317496,317504,8,0
317496,317496,317504,8,0
317496,317501,317503,2,5
317496,317501,317504,3,5
317496,317501,317503,2,5
317496,317500,317504,4,4
317496,317501,317504,3,5
317496,317496,317505,9,0
317496,317502,317504,2,6
317496,317496,317504,8,0
317496,317503,317504,1,7
317496,317500,317505,5,4
317496,317496,317505,9,0
317496,317503,317505,2,7
317496,317496,317506,10,0
317496,317503,317505,2,7
317496,317496,317505,9,0
317496,317496,317505,9,0
317496,317496,317505,9,0
317496,317496,317506,10,0
317496,317503,317506,3,7
317496,317496,317505,9,0
317496,317496,317505,9,0
317496,317502,317506,4,6
317496,317503,317506,3,7
317496,317503,317506,3,7
317496,317496,317506,10,0
317496,317496,317511,15,0
317496,317496,317512,16,0
317496,317496,317512,16,0
317496,317496,317513,17,0
317496,317496,317515,19,0
317496,317496,317515,19,0
317518,317518,317520,2,0
317518,317518,317520,2,0
317518,317518,317520,2,0
317518,317518,317520,2,0
317518,317518,317521,3,0
317518,317518,317520,2,0
317518,317518,317522,4,0
317518,317520,317522,2,2
317518,317518,317522,4,0
317518,317518,317521,3,0
317518,317518,317522,4,0
317518,317521,317523,2,3
317518,317520,317523,3,2
317518,317518,317523,5,0
317518,317521,317523,2,3
317518,317521,317522,1,3
317518,317518,317524,6,0
317518,317518,317524,6,0
317518,317518,317524,6,0
317518,317520,317523,3,2
317518,317522,317524,2,4
317518,317518,317523,5,0
317518,317518,317525,7,0
317518,317523,317525,2,5
317518,317518,317525,7,0
317518,317522,317524,2,4
317518,317518,317525,7,0
317518,317523,317525,2,5
317518,317518,317525,7,0
317518,317522,317525,3,4
317518,317522,317525,3,4
317518,317518,317525,7,0
317518,317518,317526,8,0
317518,317518,317525,7,0
317518,317518,317526,8,0
317518,317523,317526,3,5
317518,317518,317525,7,0
317518,317518,317526,8,0
317518,317523,317525,2,5
317518,317518,317526,8,0
317518,317518,317525,7,0
317518,317524,317526,2,6
317518,317524,317526,2,6
317518,317523,317525,2,5
317518,317524,317525,1,6
317518,317518,317527,9,0
317518,317523,317527,4,5
317518,317518,317527,9,0
317518,317525,317527,2,7
317518,317518,317526,8,0
317518,317518,317526,8,0
317518,317524,317527,3,6
317518,317518,317527,9,0
317518,317518,317527,9,0
317518,317525,317526,1,7
317518,317525,317527,2,7
317518,317524,317527,3,6
317518,317524,317528,4,6
317518,317518,317528,10,0
317518,317518,317527,9,0
317518,317525,317527,2,7
317518,317518,317527,9,0
317518,317525,317528,3,7
317518,317525,317528,3,7
317518,317518,317528,10,0
317518,317525,317528,3,7
317518,317525,317528,3,7
317518,317525,317528,3,7
317518,317518,317528,10,0
317518,317526,317529,3,8
317518,317526,317529,3,8
317518,317526,317529,3,8
317518,317526,317528,2,8
317518,317518,317531,13,0
317518,317518,317533,15,0
317518,317518,317535,17,0
317518,317518,317535,17,0
317518,317518,317536,18,0
317518,317518,317542,24,0
317545,317545,317547,2,0
317545,317545,317547,2,0
317545,317545,317547,2,0
317545,317545,317547,2,0
317545,317545,317547,2,0
317545,317545,317548,3,0
317545,317545,317549,4,0
317545,317548,317550,2,3
317545,317547,317550,3,2
317545,317547,317550,3,2
317545,317547,317550,3,2
317545,317545,317551,6,0
317545,317547,317550,3,2
317545,317547,317550,3,2
317545,317545,317551,6,0
317545,317545,317552,7,0
317545,317545,317551,6,0
317545,317545,317552,7,0
317545,317550,317552,2,5
317545,317550,317552,2,5
317545,317545,317552,7,0
317545,317550,317552,2,5
317545,317550,317552,2,5
317545,317545,317553,8,0
317545,317545,317552,7,0
317545,317545,317553,8,0
317545,317549,317553,4,4
317545,317545,317553,8,0
317545,317545,317553,8,0
317545,317545,317553,8,0
317545,317545,317553,8,0
317545,317551,317553,2,6
317545,317551,317553,2,6
317545,317545,317553,8,0
317545,317551,317553,2,6
317545,317545,317553,8,0
317545,317545,317554,9,0
317545,317545,317554,9,0
317545,317545,317554,9,0
317545,317552,317553,1,7
317545,317552,317554,2,7
317545,317553,317554,1,8
317545,317553,317554,1,8
317545,317553,317554,1,8
317545,317552,317555,3,7
317545,317545,317555,10,0
317545,317552,317554,2,7
317545,317545,317555,10,0
317545,317551,317555,4,6
317545,317552,317555,3,7
317545,317554,317555,1,9
317545,317545,317555,10,0
317545,317545,317555,10,0
317545,317554,317555,1,9
317545,317554,317555,1,9
317545,317554,317555,1,9
317545,317554,317555,1,9
317545,317545,317555,10,0
317545,317554,317555,1,9
317545,317553,317556,3,8
317545,317553,317556,3,8
317545,317553,317556,3,8
317545,317553,317556,3,8
317545,317553,317556,3,8
317545,317545,317556,11,0
317545,317553,317556,3,8
317545,317545,317556,11,0
317545,317545,317556,11,0
317545,317545,317557,12,0
317545,317545,317557,12,0
317545,317545,317557,12,0
317545,317545,317558,13,0
317545,317545,317558,13,0
317545,317545,317558,13,0
317545,317545,317558,13,0
317545,317545,317558,13,0
317545,317545,317559,14,0
317545,317545,317559,14,0
317545,317545,317562,17,0
317565,317565,317567,2,0
317565,317565,317567,2,0
317565,317565,317567,2,0
317565,317565,317567,2,0
317565,317565,317567,2,0
317565,317565,317568,3,0
317565,317565,317569,4,0
317565,317567,317570,3,2
317565,317567,317570,3,2
317565,317567,317570,3,2
317565,317568,317570,2,3
317565,317565,317571,6,0
317565,317568,317570,2,3
317565,317565,317571,6,0
317565,317567,317571,4,2
317565,317565,317571,6,0
317565,317565,317571,6,0
317565,317565,317572,7,0
317565,317565,317572,7,0
317565,317565,317572,7,0
317565,317565,317572,7,0
317565,317569,317572,3,4
317565,317570,317572,2,5
317565,317570,317572,2,5
317565,317570,317572,2,5
317565,317570,317572,2,5
317565,317571,317573,2,6
317565,317565,317573,8,0
317565,317571,317573,2,6
317565,317565,317573,8,0
317565,317565,317573,8,0
317565,317565,317573,8,0
317565,317565,317573,8,0
317565,317565,317573,8,0
317565,317565,317574,9,0
317565,317565,317574,9,0
317565,317571,317573,2,6
317565,317571,317574,3,6
317565,317573,317574,1,8
317565,317573,317574,1,8
317565,317573,317574,1,8
317565,317573,317574,1,8
317565,317572,317575,3,7
317565,317572,317575,3,7
317565,317573,317575,2,8
317565,317571,317575,4,6
317565,317572,317575,3,7
317565,317575,317576,1,10
317565,317574,317575,1,9
317565,317574,317575,1,9
317565,317574,317575,1,9
317565,317574,317575,1,9
317565,317574,317575,1,9
317565,317574,317575,1,9
317565,317565,317575,10,0
317565,317565,317576,11,0
317565,317565,317576,11,0
317565,317565,317576,11,0
317565,317572,317576,4,7
317565,317565,317576,11,0
317565,317565,317576,11,0
317565,317572,317576,4,7
317565,317565,317576,11,0
317565,317565,317577,12,0
317565,317565,317577,12,0
317565,317565,317577,12,0
317565,317565,317577,12,0
317565,317565,317577,12,0
317565,317574,317577,3,9
317565,317565,317578,13,0
317565,317565,317578,13,0
317565,317571,317578,7,6
317565,317565,317578,13,0
317565,317565,317579,14,0
317565,317565,317579,14,0
317565,317565,317580,15,0
317565,317565,317580,15,0
317565,317565,317581,16,0
317565,317565,317584,19,0
317587,317587,317589,2,0
317587,317587,317589,2,0
317587,317587,317589,2,0
317587,317587,317589,2,0
317587,317587,317589,2,0
317587,317587,317590,3,0
317587,317590,317591,1,3
317587,317590,317591,1,3
317587,317590,317591,1,3
317587,317587,317592,5,0
317587,317590,317592,2,3
317587,317591,317592,1,4
317587,317587,317592,5,0
317587,317590,317592,2,3
317587,317587,317593,6,0
317587,317592,317593,1,5
317587,317592,317593,1,5
317587,317592,317594,2,5
317587,317587,317594,7,0
317587,317587,317595,8,0
317587,317593,317595,2,6
317587,317587,317595,8,0
317587,317587,317595,8,0
317587,317594,317596,2,7
317587,317587,317595,8,0
317587,317593,317596,3,6
317587,317593,317596,3,6
317587,317587,317596,9,0
317587,317593,317596,3,6
317587,317594,317596,2,7
317587,317587,317596,9,0
317587,317594,317596,2,7
317587,317587,317596,9,0
317587,317587,317597,10,0
317587,317587,317597,10,0
317587,317587,317597,10,0
317587,317587,317597,10,0
317587,317587,317597,10,0
317587,317593,317597,4,6
317587,317587,317597,10,0
317587,317587,317597,10,0
317587,317595,317597,2,8
317587,317596,317598,2,9
317587,317587,317598,11,0
317587,317587,317597,10,0
317587,317596,317597,1,9
317587,317596,317597,1,9
317587,317596,317597,1,9
317587,317596,317597,1,9
317587,317596,317597,1,9
317587,317587,317598,11,0
317587,317587,317598,11,0
317587,317594,317598,4,7
317587,317587,317598,11,0
317587,317587,317598,11,0
317587,317597,317598,1,10
317587,317597,317598,1,10
317587,317597,317598,1,10
317587,317597,317598,1,10
317587,317597,317598,1,10
317587,317597,317598,1,10
317587,317587,317599,12,0
317587,317587,317599,12,0
317587,317587,317599,12,0
317587,317587,317600,13,0
317587,317587,317600,13,0
317587,317587,317600,13,0
317587,317598,317600,2,11
317587,317598,317600,2,11
317587,317598,317600,2,11
317587,317587,317600,13,0
317587,317587,317601,14,0
317587,317596,317601,5,9
317587,317587,317601,14,0
317587,317587,317601,14,0
317587,317587,317602,15,0
317587,317587,317602,15,0
317587,317587,317602,15,0
317587,317587,317605,18,0
317608,317608,317610,2,0
317608,317608,317610,2,0
317608,317608,317610,2,0
317608,317608,317610,2,0
317608,317608,317610,2,0
317608,317608,317611,3,0
317608,317608,317611,3,0
317608,317608,317612,4,0
317608,317610,317612,2,2
317608,317608,317613,5,0
317608,317608,317613,5,0
317608,317610,317613,3,2
317608,317610,317613,3,2
317608,317610,317612,2,2
317608,317608,317614,6,0
317608,317611,317614,3,3
317608,317610,317614,4,2
317608,317611,317614,3,3
317608,317613,317614,1,5
317608,317608,317615,7,0
317608,317608,317615,7,0
317608,317608,317615,7,0
317608,317608,317615,7,0
317608,317608,317615,7,0
317608,317608,317616,8,0
317608,317608,317616,8,0
317608,317608,317616,8,0
317608,317608,317616,8,0
317608,317612,317616,4,4
317608,317608,317616,8,0
317608,317608,317616,8,0
317608,317614,317616,2,6
317608,317608,317616,8,0
317608,317614,317616,2,6
317608,317614,317616,2,6
317608,317608,317616,8,0
317608,317608,317617,9,0
317608,317608,317617,9,0
317608,317608,317617,9,0
317608,317608,317617,9,0
317608,317615,317617,2,7
317608,317613,317617,4,5
317608,317608,317617,9,0
317608,317608,317617,9,0
317608,317608,317617,9,0
317608,317616,317617,1,8
317608,317608,317618,10,0
317608,317615,317617,2,7
317608,317615,317617,2,7
317608,317615,317617,2,7
317608,317613,317618,5,5
317608,317617,317618,1,9
317608,317608,317618,10,0
317608,317617,317618,1,9
317608,317617,317618,1,9
317608,317617,317618,1,9
317608,317608,317619,11,0
317608,317615,317619,4,7
317608,317608,317619,11,0
317608,317616,317619,3,8
317608,317616,317619,3,8
317608,317616,317619,3,8
317608,317608,317619,11,0
317608,317608,317619,11,0
317608,317617,317619,2,9
317608,317617,317620,3,9
317608,317608,317620,12,0
317608,317608,317620,12,0
317608,317617,317620,3,9
317608,317617,317620,3,9
317608,317617,317620,3,9
317608,317608,317620,12,0
317608,317608,317620,12,0
317608,317614,317621,7,6
317608,317615,317621,6,7
317608,317608,317622,14,0
317608,317608,317623,15,0
317608,317615,317623,8,7
317608,317608,317624,16,0
317627,317627,317629,2,0
317627,317627,317629,2,0
317627,317627,317629,2,0
317627,317627,317629,2,0
317627,317627,317629,2,0
317627,317627,317629,2,0
317627,317627,317629,2,0
317627,317627,317631,4,0
317627,317629,317631,2,2
317627,317629,317631,2,2
317627,317629,317631,2,2
317627,317629,317632,3,2
317627,317629,317631,2,2
317627,317629,317632,3,2
317627,317629,317632,3,2
317627,317627,317634,7,0
317627,317627,317633,6,0
317627,317627,317634,7,0
317627,317632,317634,2,5
317627,317631,317634,3,4
317627,317632,317634,2,5
317627,317631,317634,3,4
317627,317627,317635,8,0
317627,317627,317634,7,0
317627,317627,317635,8,0
317627,317627,317635,8,0
317627,317632,317635,3,5
317627,317627,317635,8,0
317627,317627,317635,8,0
317627,317627,317635,8,0
317627,317627,317635,8,0
317627,317627,317635,8,0
317627,317627,317635,8,0
317627,317627,317636,9,0
317627,317627,317636,9,0
317627,317627,317636,9,0
317627,317627,317636,9,0
317627,317632,317636,4,5
317627,317635,317636,1,8
317627,317633,317636,3,6
317627,317635,317636,1,8
317627,317627,317637,10,0
317627,317634,317637,3,7
317627,317636,317637,1,9
317627,317636,317637,1,9
317627,317635,317637,2,8
317627,317636,317637,1,9
317627,317636,317637,1,9
317627,317636,317637,1,9
317627,317627,317637,10,0
317627,317636,317637,1,9
317627,317636,317637,1,9
317627,317637,317638,1,10
317627,317635,317638,3,8
317627,317635,317638,3,8
317627,317627,317639,12,0
317627,317627,317639,12,0
317627,317631,317639,8,4
317627,317627,317639,12,0
317627,317635,317638,3,8
317627,317636,317639,3,9
317627,317627,317639,12,0
317627,317636,317639,3,9
317627,317627,317640,13,0
317627,317627,317640,13,0
317627,317627,317641,14,0
317627,317627,317641,14,0
317627,317627,317641,14,0
317627,317627,317641,14,0
317627,317627,317641,14,0
317627,317627,317641,14,0
317627,317627,317642,15,0
317627,317627,317641,14,0
317627,317634,317642,8,7
317627,317634,317643,9,7
317627,317627,317644,17,0
317627,317627,317646,19,0
317627,317634,317646,12,7
317627,317627,317649,22,0
317652,317652,317654,2,0
317652,317652,317654,2,0
317652,317652,317654,2,0
317652,317652,317654,2,0
317652,317652,317655,3,0
317652,317652,317655,3,0
317652,317652,317656,4,0
317652,317652,317656,4,0
317652,317654,317656,2,2
317652,317652,317657,5,0
317652,317654,317657,3,2
317652,317654,317657,3,2
317652,317652,317657,5,0
317652,317654,317656,2,2
317652,317652,317658,6,0
317652,317652,317658,6,0
317652,317656,317658,2,4
317652,317652,317658,6,0
317652,317655,317658,3,3
317652,317656,317658,2,4
317652,317652,317657,5,0
317652,317655,317658,3,3
317652,317657,317658,1,5
317652,317652,317659,7,0
317652,317652,317659,7,0
317652,317657,317659,2,5
317652,317652,317659,7,0
317652,317652,317659,7,0
317652,317657,317659,2,5
317652,317657,317659,2,5
317652,317652,317659,7,0
317652,317652,317659,7,0
317652,317652,317659,7,0
317652,317657,317659,2,5
317652,317652,317660,8,0
317652,317652,317660,8,0
317652,317652,317660,8,0
317652,317652,317660,8,0
317652,317652,317660,8,0
317652,317652,317660,8,0
317652,317658,317660,2,6
317652,317658,317660,2,6
317652,317659,317660,1,7
317652,317659,317660,1,7
317652,317659,317660,1,7
317652,317659,317660,1,7
317652,317658,317660,2,6
317652,317659,317660,1,7
317652,317652,317661,9,0
317652,317652,317660,8,0
317652,317658,317661,3,6
317652,317660,317661,1,8
317652,317660,317661,1,8
317652,317660,317661,1,8
317652,317660,317661,1,8
317652,317660,317661,1,8
317652,317660,317661,1,8
317652,317660,317662,2,8
317652,317652,317662,10,0
317652,317652,317662,10,0
317652,317659,317662,3,7
317652,317660,317662,2,8
317652,317659,317662,3,7
317652,317652,317662,10,0
317652,317660,317663,3,8
317652,317652,317662,10,0
317652,317656,317662,6,4
317652,317652,317664,12,0
317652,317652,317664,12,0
317652,317652,317664,12,0
317652,317652,317665,13,0
317652,317659,317665,6,7
317652,317652,317666,14,0
317652,317652,317666,14,0
317652,317652,317667,15,0
317652,317652,317669,17,0
317652,317652,317670,18,0
317652,317652,317669,17,0
317652,317652,317673,21,0
317676,317676,317678,2,0
317676,317676,317678,2,0
317676,317676,317678,2,0
317676,317676,317678,2,0
317676,317676,317678,2,0
317676,317676,317679,3,0
317676,317676,317678,2,0
317676,317678,317680,2,2
317676,317678,317680,2,2
317676,317678,317679,1,2
317676,317678,317680,2,2
317676,317678,317680,2,2
317676,317676,317680,4,0
317676,317676,317680,4,0
317676,317676,317681,5,0
317676,317679,317681,2,3
317676,317679,317680,1,3
317676,317676,317681,5,0
317676,317676,317682,6,0
317676,317676,317682,6,0
317676,317680,317681,1,4
317676,317680,317681,1,4
317676,317680,317681,1,4
317676,317680,317682,2,4
317676,317680,317682,2,4
317676,317681,317683,2,5
317676,317681,317683,2,5
317676,317676,317683,7,0
317676,317676,317683,7,0
317676,317681,317684,3,5
317676,317681,317684,3,5
317676,317681,317683,2,5
317676,317676,317683,7,0
317676,317676,317684,8,0
317676,317682,317684,2,6
317676,317682,317684,2,6
317676,317676,317684,8,0
317676,317682,317684,2,6
317676,317676,317684,8,0
317676,317682,317685,3,6
317676,317682,317685,3,6
317676,317676,317685,9,0
317676,317676,317685,9,0
317676,317683,317685,2,7
317676,317676,317685,9,0
317676,317676,317685,9,0
317676,317676,317685,9,0
317676,317682,317685,3,6
317676,317682,317685,3,6
317676,317682,317685,3,6
317676,317676,317686,10,0
317676,317684,317685,1,8
317676,317676,317686,10,0
317676,317683,317686,3,7
317676,317684,317686,2,8
317676,317684,317686,2,8
317676,317683,317686,3,7
317676,317676,317686,10,0
317676,317684,317687,3,8
317676,317684,317687,3,8
317676,317684,317688,4,8
317676,317676,317688,12,0
317676,317684,317688,4,8
317676,317676,317688,12,0
317676,317676,317688,12,0
317676,317676,317689,13,0
317676,317676,317689,13,0
317676,317676,317690,14,0
317676,317676,317690,14,0
317676,317676,317690,14,0
317676,317676,317690,14,0
317676,317676,317690,14,0
317676,317676,317690,14,0
317676,317676,317692,16,0
317676,317676,317692,16,0
317676,317676,317694,18,0
317676,317676,317694,18,0
317676,317676,317698,22,0
317676,317676,317699,23,0
317702,317702,317704,2,0
317702,317702,317704,2,0
317702,317702,317704,2,0
317702,317702,317704,2,0
317702,317702,317704,2,0
317702,317702,317704,2,0
317702,317702,317704,2,0
317702,317702,317706,4,0
317702,317704,317706,2,2
317702,317704,317706,2,2
317702,317702,317707,5,0
317702,317702,317707,5,0
317702,317702,317706,4,0
317702,317704,317706,2,2
317702,317704,317707,3,2
317702,317704,317706,2,2
317702,317702,317707,5,0
317702,317702,317708,6,0
317702,317702,317707,5,0
317702,317705,317707,2,3
317702,317702,317708,6,0
317702,317705,317707,2,3
317702,317706,317708,2,4
317702,317706,317707,1,4
317702,317706,317707,1,4
317702,317702,317709,7,0
317702,317702,317708,6,0
317702,317707,317709,2,5
317702,317707,317708,1,5
317702,317702,317709,7,0
317702,317707,317709,2,5
317702,317702,317710,8,0
317702,317702,317709,7,0
317702,317708,317709,1,6
317702,317708,317710,2,6
317702,317708,317710,2,6
317702,317702,317710,8,0
317702,317702,317710,8,0
317702,317702,317710,8,0
317702,317702,317710,8,0
317702,317708,317709,1,6
317702,317708,317710,2,6
317702,317707,317711,4,5
317702,317708,317710,2,6
317702,317707,317711,4,5
317702,317708,317710,2,6
317702,317707,317710,3,5
317702,317709,317711,2,7
317702,317709,317711,2,7
317702,317708,317710,2,6
317702,317709,317711,2,7
317702,317702,317711,9,0
317702,317708,317710,2,6
317702,317709,317711,2,7
317702,317709,317710,1,7
317702,317709,317712,3,7
317702,317710,317712,2,8
317702,317710,317712,2,8
317702,317710,317712,2,8
317702,317702,317713,11,0
317702,317702,317714,12,0
317702,317702,317715,13,0
317702,317710,317714,4,8
317702,317702,317715,13,0
317702,317702,317715,13,0
317702,317702,317717,15,0
317702,317702,317717,15,0
317702,317702,317718,16,0
317702,317702,317718,16,0
317702,317702,317718,16,0
317702,317702,317717,15,0
317702,317702,317717,15,0
317702,317702,317719,17,0
317702,317702,317719,17,0
317702,317702,317720,18,0
317702,317702,317721,19,0
317702,317702,317722,20,0
317702,317702,317723,21,0
317702,317702,317726,24,0
317729,317729,317730,1,0
317729,317729,317730,1,0
317729,317729,317730,1,0
317729,317729,317730,1,0
317729,317729,317731,2,0
317729,317729,317731,2,0
317729,317731,317733,2,2
317729,317729,317733,4,0
317729,317729,317733,4,0
317729,317731,317733,2,2
317729,317731,317734,3,2
317729,317731,317733,2,2
317729,317731,317734,3,2
317729,317732,317733,1,3
317729,317729,317734,5,0
317729,317729,317734,5,0
317729,317733,317734,1,4
317729,317734,317735,1,5
317729,317729,317736,7,0
317729,317734,317735,1,5
317729,317729,317736,7,0
317729,317734,317735,1,5
317729,317729,317736,7,0
317729,317734,317735,1,5
317729,317734,317735,1,5
317729,317729,317736,7,0
317729,317735,317736,1,6
317729,317729,317736,7,0
317729,317735,317737,2,6
317729,317735,317737,2,6
317729,317734,317737,3,5
317729,317734,317738,4,5
317729,317729,317738,9,0
317729,317736,317737,1,7
317729,317736,317737,1,7
317729,317736,317737,1,7
317729,317736,317737,1,7
317729,317736,317737,1,7
317729,317736,317737,1,7
317729,317736,317737,1,7
317729,317736,317738,2,7
317729,317729,317738,9,0
317729,317737,317739,2,8
317729,317729,317739,10,0
317729,317729,317740,11,0
317729,317738,317740,2,9
317729,317738,317740,2,9
317729,317729,317740,11,0
317729,317738,317740,2,9
317729,317729,317740,11,0
317729,317737,317739,2,8
317729,317729,317740,11,0
317729,317729,317741,12,0
317729,317729,317740,11,0
317729,317738,317742,4,9
317729,317737,317741,4,8
317729,317738,317743,5,9
317729,317738,317743,5,9
317729,317729,317742,13,0
317729,317729,317743,14,0
317729,317738,317743,5,9
317729,317729,317744,15,0
317729,317729,317745,16,0
317729,317729,317745,16,0
317729,317729,317744,15,0
317729,317729,317744,15,0
317729,317729,317745,16,0
317729,317729,317746,17,0
317729,317729,317745,16,0
317729,317729,317746,17,0
317729,317729,317746,17,0
317729,317729,317745,16,0
317729,317729,317747,18,0
317729,317729,317746,17,0
317729,317729,317747,18,0
317729,317729,317747,18,0
317729,317729,317748,19,0
317729,317729,317748,19,0
317729,317729,317749,20,0
317753,317753,317754,1,0
317753,317753,317754,1,0
317753,317753,317754,1,0
317753,317753,317755,2,0
317753,317753,317754,1,0
317753,317753,317755,2,0
317753,317755,317757,2,2
317753,317755,317757,2,2
317753,317755,317757,2,2
317753,317756,317757,1,3
317753,317755,317757,2,2
317753,317755,317757,2,2
317753,317753,317758,5,0
317753,317753,317758,5,0
317753,317753,317758,5,0
317753,317757,317758,1,4
317753,317757,317758,1,4
317753,317753,317759,6,0
317753,317753,317760,7,0
317753,317758,317759,1,5
317753,317758,317759,1,5
317753,317759,317760,1,6
317753,317753,317759,6,0
317753,317758,317759,1,5
317753,317758,317760,2,5
317753,317753,317761,8,0
317753,317753,317760,7,0
317753,317753,317760,7,0
317753,317759,317761,2,6
317753,317753,317762,9,0
317753,317753,317761,8,0
317753,317760,317761,1,7
317753,317760,317761,1,7
317753,317760,317761,1,7
317753,317753,317762,9,0
317753,317760,317761,1,7
317753,317761,317762,1,8
317753,317760,317761,1,7
317753,317759,317763,4,6
317753,317760,317762,2,7
317753,317761,317763,2,8
317753,317760,317763,3,7
317753,317759,317763,4,6
317753,317759,317763,4,6
317753,317761,317764,3,8
317753,317761,317763,2,8
317753,317753,317763,10,0
317753,317762,317763,1,9
317753,317753,317764,11,0
317753,317762,317763,1,9
317753,317762,317763,1,9
317753,317762,317763,1,9
317753,317762,317763,1,9
317753,317762,317763,1,9
317753,317760,317764,4,7
317753,317753,317764,11,0
317753,317753,317765,12,0
317753,317753,317765,12,0
317753,317753,317764,11,0
317753,317753,317766,13,0
317753,317753,317766,13,0
317753,317753,317766,13,0
317753,317753,317767,14,0
317753,317753,317767,14,0
317753,317753,317767,14,0
317753,317753,317767,14,0
317753,317753,317768,15,0
317753,317753,317768,15,0
317753,317753,317769,16,0
317753,317753,317769,16,0
317753,317753,317770,17,0
317753,317753,317770,17,0
317753,317753,317770,17,0
317753,317753,317769,16,0
317753,317753,317770,17,0
317753,317753,317773,20,0
317753,317753,317772,19,0
317753,317753,317774,21,0
317753,317753,317775,22,0
317778,317778,317779,1,0
317778,317778,317780,2,0
317778,317778,317780,2,0
317778,317778,317780,2,0
317778,317778,317780,2,0
317778,317778,317780,2,0
317778,317778,317783,5,0
317778,317778,317782,4,0
317778,317780,317782,2,2
317778,317780,317782,2,2
317778,317780,317782,2,2
317778,317780,317783,3,2
317778,317778,317783,5,0
317778,317778,317784,6,0
317778,317778,317783,5,0
317778,317780,317783,3,2
317778,317780,317783,3,2
317778,317778,317784,6,0
317778,317778,317785,7,0
317778,317778,317785,7,0
317778,317783,317785,2,5
317778,317778,317785,7,0
317778,317783,317785,2,5
317778,317778,317786,8,0
317778,317783,317786,3,5
317778,317784,317786,2,6
317778,317778,317786,8,0
317778,317778,317786,8,0
317778,317778,317787,9,0
317778,317778,317787,9,0
317778,317778,317786,8,0
317778,317778,317786,8,0
317778,317783,317787,4,5
317778,317778,317786,8,0
317778,317778,317787,9,0
317778,317784,317786,2,6
317778,317778,317787,9,0
317778,317785,317787,2,7
317778,317783,317788,5,5
317778,317778,317788,10,0
317778,317778,317787,9,0
317778,317784,317787,3,6
317778,317786,317787,1,8
317778,317778,317787,9,0
317778,317786,317787,1,8
317778,317778,317788,10,0
317778,317786,317787,1,8
317778,317786,317787,1,8
317778,317786,317788,2,8
317778,317784,317788,4,6
317778,317783,317788,5,5
317778,317785,317789,4,7
317778,317787,317789,2,9
317778,317787,317788,1,9
317778,317787,317789,2,9
317778,317787,317789,2,9
317778,317778,317789,11,0
317778,317784,317789,5,6
317778,317786,317789,3,8
317778,317787,317789,2,9
317778,317785,317790,5,7
317778,317787,317789,2,9
317778,317778,317789,11,0
317778,317778,317790,12,0
317778,317787,317789,2,9
317778,317778,317791,13,0
317778,317787,317790,3,9
317778,317778,317791,13,0
317778,317778,317791,13,0
317778,317778,317792,14,0
317778,317784,317791,7,6
317778,317778,317792,14,0
317778,317778,317791,13,0
317778,317778,317792,14,0
317778,317778,317794,16,0
317778,317778,317795,17,0
317778,317778,317797,19,0
317778,317778,317798,20,0
317778,317778,317805,27,0
317808,317808,317809,1,0
317808,317808,317809,1,0
317808,317808,317810,2,0
317808,317808,317809,1,0
317808,317808,317810,2,0
317808,317808,317811,3,0
317808,317808,317812,4,0
317808,317808,317814,6,0
317808,317808,317813,5,0
317808,317808,317813,5,0
317808,317810,317813,3,2
317808,317810,317814,4,2
317808,317808,317813,5,0
317808,317810,317814,4,2
317808,317808,317813,5,0
317808,317808,317814,6,0
317808,317811,317814,3,3
317808,317812,317815,3,4
317808,317810,317814,4,2
317808,317808,317816,8,0
317808,317808,317816,8,0
317808,317808,317816,8,0
317808,317808,317816,8,0
317808,317808,317817,9,0
317808,317808,317817,9,0
317808,317808,317817,9,0
317808,317814,317817,3,6
317808,317808,317817,9,0
317808,317814,317817,3,6
317808,317815,317817,2,7
317808,317808,317817,9,0
317808,317814,317816,2,6
317808,317808,317817,9,0
317808,317808,317817,9,0
317808,317808,317817,9,0
317808,317808,317817,9,0
317808,317815,317817,2,7
317808,317814,317817,3,6
317808,317816,317818,2,8
317808,317815,317818,3,7
317808,317808,317818,10,0
317808,317812,317819,7,4
317808,317808,317819,11,0
317808,317808,317819,11,0
317808,317808,317818,10,0
317808,317808,317818,10,0
317808,317817,317818,1,9
317808,317816,317818,2,8
317808,317817,317819,2,9
317808,317808,317819,11,0
317808,317817,317818,1,9
317808,317817,317818,1,9
317808,317817,317819,2,9
317808,317818,317819,1,10
317808,317817,317818,1,9
317808,317817,317819,2,9
317808,317817,317819,2,9
317808,317817,317819,2,9
317808,317808,317819,11,0
317808,317808,317820,12,0
317808,317815,317819,4,7
317808,317817,317819,2,9
317808,317814,317820,6,6
317808,317816,317820,4,8
317808,317808,317821,13,0
317808,317808,317820,12,0
317808,317818,317821,3,10
317808,317814,317820,6,6
317808,317817,317820,3,9
317808,317808,317821,13,0
317808,317808,317821,13,0
317808,317808,317821,13,0
317808,317814,317822,8,6
317808,317808,317822,14,0
317808,317808,317822,14,0
317808,317808,317822,14,0
317808,317814,317823,9,6
317808,317808,317824,16,0
317808,317808,317824,16,0
317827,317827,317829,2,0
317827,317827,317829,2,0
317827,317827,317828,1,0
317827,317827,317829,2,0
317827,317827,317829,2,0
317827,317827,317829,2,0
317827,317827,317831,4,0
317827,317827,317831,4,0
317827,317827,317831,4,0
317827,317827,317832,5,0
317827,317827,317832,5,0
317827,317829,317832,3,2
317827,317829,317833,4,2
317827,317829,317832,3,2
317827,317829,317832,3,2
317827,317827,317834,7,0
317827,317827,317834,7,0
317827,317827,317833,6,0
317827,317827,317834,7,0
317827,317829,317833,4,2
317827,317827,317835,8,0
317827,317827,317835,8,0
317827,317830,317834,4,3
317827,317834,317836,2,7
317827,317827,317835,8,0
317827,317833,317835,2,6
317827,317834,317836,2,7
317827,317833,317836,3,6
317827,317834,317836,2,7
317827,317834,317835,1,7
317827,317827,317836,9,0
317827,317827,317837,10,0
317827,317827,317837,10,0
317827,317833,317836,3,6
317827,317835,317837,2,8
317827,317827,317837,10,0
317827,317836,317837,1,9
317827,317833,317836,3,6
317827,317827,317837,10,0
317827,317827,317837,10,0
317827,317827,317838,11,0
317827,317827,317838,11,0
317827,317836,317837,1,9
317827,317836,317838,2,9
317827,317827,317837,10,0
317827,317836,317838,2,9
317827,317827,317837,10,0
317827,317836,317838,2,9
317827,317827,317837,10,0
317827,317836,317838,2,9
317827,317827,317838,11,0
317827,317832,317838,6,5
317827,317834,317838,4,7
317827,317827,317838,11,0
317827,317833,317839,6,6
317827,317835,317838,3,8
317827,317835,317839,4,8
317827,317827,317838,11,0
317827,317827,317838,11,0
317827,317836,317838,2,9
317827,317837,317839,2,10
317827,317837,317838,1,10
317827,317837,317839,2,10
317827,317827,317839,12,0
317827,317833,317839,6,6
317827,317832,317839,7,5
317827,317827,317839,12,0
317827,317831,317840,9,4
317827,317827,317840,13,0
317827,317837,317839,2,10
317827,317827,317840,13,0
317827,317827,317840,13,0
317827,317827,317841,14,0
317827,317827,317842,15,0
317827,317827,317842,15,0
317827,317837,317843,6,10
317827,317827,317843,16,0
317827,317827,317843,16,0
317827,317827,317848,21,0
317851,317851,317852,1,0
317851,317851,317853,2,0
317851,317851,317853,2,0
317851,317851,317853,2,0
317851,317851,317853,2,0
317851,317851,317853,2,0
317851,317851,317855,4,0
317851,317851,317856,5,0
317851,317851,317855,4,0
317851,317851,317856,5,0
317851,317851,317856,5,0
317851,317851,317855,4,0
317851,317851,317856,5,0
317851,317853,317856,3,2
317851,317853,317856,3,2
317851,317853,317857,4,2
317851,317853,317856,3,2
317851,317851,317856,5,0
317851,317851,317857,6,0
317851,317851,317857,6,0
317851,317851,317857,6,0
317851,317853,317857,4,2
317851,317853,317857,4,2
317851,317856,317858,2,5
317851,317857,317859,2,6
317851,317857,317859,2,6
317851,317851,317859,8,0
317851,317857,317859,2,6
317851,317851,317859,8,0
317851,317856,317859,3,5
317851,317856,317860,4,5
317851,317856,317859,3,5
317851,317858,317860,2,7
317851,317851,317860,9,0
317851,317851,317860,9,0
317851,317858,317859,1,7
317851,317851,317860,9,0
317851,317851,317860,9,0
317851,317859,317860,1,8
317851,317851,317860,9,0
317851,317851,317861,10,0
317851,317851,317861,10,0
317851,317859,317860,1,8
317851,317851,317861,10,0
317851,317851,317861,10,0
317851,317855,317862,7,4
317851,317858,317861,3,7
317851,317856,317861,5,5
317851,317851,317861,10,0
317851,317860,317861,1,9
317851,317851,317861,10,0
317851,317860,317862,2,9
317851,317860,317862,2,9
317851,317860,317862,2,9
317851,317860,317862,2,9
317851,317856,317862,6,5
317851,317851,317862,11,0
317851,317851,317862,11,0
317851,317860,317862,2,9
317851,317851,317862,11,0
317851,317860,317862,2,9
317851,317856,317864,8,5
317851,317857,317863,6,6
317851,317851,317864,13,0
317851,317860,317864,4,9
317851,317860,317864,4,9
317851,317851,317863,12,0
317851,317858,317864,6,7
317851,317860,317864,4,9
317851,317851,317866,15,0
317851,317856,317866,10,5
317851,317851,317866,15,0
317851,317851,317868,17,0
317851,317851,317868,17,0
317851,317851,317868,17,0
317851,317851,317868,17,0
317851,317851,317869,18,0
317851,317851,317868,17,0
317851,317851,317868,17,0
317872,317872,317874,2,0
317872,317872,317874,2,0
317872,317872,317874,2,0
317872,317872,317874,2,0
317872,317872,317874,2,0
317872,317872,317874,2,0
317872,317872,317875,3,0
317872,317874,317877,3,2
317872,317874,317877,3,2
317872,317874,317876,2,2
317872,317874,317877,3,2
317872,317872,317878,6,0
317872,317872,317878,6,0
317872,317874,317877,3,2
317872,317874,317878,4,2
317872,317872,317878,6,0
317872,317872,317879,7,0
317872,317876,317879,3,4
317872,317872,317880,8,0
317872,317872,317880,8,0
317872,317872,317879,7,0
317872,317872,317880,8,0
317872,317872,317880,8,0
317872,317877,317880,3,5
317872,317877,317880,3,5
317872,317877,317879,2,5
317872,317872,317880,8,0
317872,317872,317880,8,0
317872,317878,317880,2,6
317872,317878,317880,2,6
317872,317872,317881,9,0
317872,317872,317881,9,0
317872,317872,317880,8,0
317872,317872,317880,8,0
317872,317872,317880,8,0
317872,317877,317881,4,5
317872,317878,317881,3,6
317872,317872,317881,9,0
317872,317872,317882,10,0
317872,317880,317882,2,8
317872,317880,317882,2,8
317872,317880,317882,2,8
317872,317880,317881,1,8
317872,317872,317882,10,0
317872,317880,317882,2,8
317872,317872,317881,9,0
317872,317880,317882,2,8
317872,317872,317882,10,0
317872,317872,317883,11,0
317872,317872,317883,11,0
317872,317880,317883,3,8
317872,317872,317883,11,0
317872,317879,317882,3,7
317872,317880,317883,3,8
317872,317881,317883,2,9
317872,317879,317883,4,7
317872,317879,317883,4,7
317872,317880,317883,3,8
317872,317872,317883,11,0
317872,317881,317882,1,9
317872,317872,317882,10,0
317872,317881,317882,1,9
317872,317881,317882,1,9
317872,317880,317883,3,8
317872,317872,317883,11,0
317872,317880,317884,4,8
317872,317880,317883,3,8
317872,317881,317883,2,9
317872,317872,317883,11,0
317872,317872,317884,12,0
317872,317872,317884,12,0
317872,317878,317884,6,6
317872,317872,317885,13,0
317872,317872,317885,13,0
317872,317872,317886,14,0
317872,317872,317886,14,0
317872,317872,317885,13,0
317872,317872,317886,14,0
317872,317872,317887,15,0
317890,317890,317892,2,0
317890,317890,317892,2,0
317890,317890,317892,2,0
317890,317890,317892,2,0
317890,317890,317892,2,0
317890,317890,317892,2,0
317890,317892,317894,2,2
317890,317890,317894,4,0
317890,317892,317895,3,2
317890,317890,317896,6,0
317890,317890,317895,5,0
317890,317890,317895,5,0
317890,317890,317895,5,0
317890,317892,317895,3,2
317890,317890,317896,6,0
317890,317892,317895,3,2
317890,317892,317895,3,2
317890,317892,317895,3,2
317890,317894,317896,2,4
317890,317895,317896,1,5
317890,317895,317896,1,5
317890,317890,317898,8,0
317890,317890,317897,7,0
317890,317890,317897,7,0
317890,317896,317898,2,6
317890,317896,317898,2,6
317890,317896,317897,1,6
317890,317890,317898,8,0
317890,317890,317899,9,0
317890,317890,317898,8,0
317890,317890,317898,8,0
317890,317890,317899,9,0
317890,317896,317898,2,6
317890,317890,317899,9,0
317890,317890,317898,8,0
317890,317897,317898,1,7
317890,317890,317898,8,0
317890,317898,317899,1,8
317890,317897,317898,1,7
317890,317897,317898,1,7
317890,317890,317899,9,0
317890,317890,317900,10,0
317890,317890,317900,10,0
317890,317898,317899,1,8
317890,317898,317900,2,8
317890,317890,317900,10,0
317890,317898,317900,2,8
317890,317890,317901,11,0
317890,317896,317901,5,6
317890,317896,317900,4,6
317890,317898,317900,2,8
317890,317898,317901,3,8
317890,317890,317901,11,0
317890,317896,317901,5,6
317890,317890,317901,11,0
317890,317890,317901,11,0
317890,317890,317901,11,0
317890,317899,317900,1,9
317890,317899,317900,1,9
317890,317899,317901,2,9
317890,317890,317900,10,0
317890,317899,317900,1,9
317890,317899,317900,1,9
317890,317890,317901,11,0
317890,317896,317902,6,6
317890,317899,317902,3,9
317890,317890,317902,12,0
317890,317899,317902,3,9
317890,317899,317902,3,9
317890,317890,317902,12,0
317890,317890,317903,13,0
317890,317890,317904,14,0
317890,317890,317904,14,0
317890,317890,317904,14,0
317890,317890,317905,15,0
317890,317896,317904,8,6
317890,317890,317905,15,0
317890,317890,317907,17,0
317890,317890,317914,24,0
317918,317918,317919,1,0
317918,317918,317920,2,0
317918,317918,317919,1,0
317918,317918,317920,2,0
317918,317918,317921,3,0
317918,317918,317920,2,0
317918,317920,317921,1,2
317918,317918,317922,4,0
317918,317920,317922,2,2
317918,317920,317923,3,2
317918,317920,317923,3,2
317918,317921,317922,1,3
317918,317921,317923,2,3
317918,317918,317924,6,0
317918,317918,317924,6,0
317918,317922,317923,1,4
317918,317918,317924,6,0
317918,317918,317924,6,0
317918,317918,317924,6,0
317918,317918,317925,7,0
317918,317923,317924,1,5
317918,317923,317924,1,5
317918,317923,317924,1,5
317918,317923,317924,1,5
317918,317918,317925,7,0
317918,317923,317926,3,5
317918,317924,317925,1,6
317918,317918,317925,7,0
317918,317918,317926,8,0
317918,317924,317926,2,6
317918,317918,317926,8,0
317918,317918,317926,8,0
317918,317924,317925,1,6
317918,317918,317927,9,0
317918,317918,317926,8,0
317918,317918,317926,8,0
317918,317918,317927,9,0
317918,317918,317927,9,0
317918,317918,317927,9,0
317918,317925,317926,1,7
317918,317925,317927,2,7
317918,317925,317926,1,7
317918,317925,317927,2,7
317918,317925,317926,1,7
317918,317918,317927,9,0
317918,317925,317927,2,7
317918,317924,317927,3,6
317918,317925,317927,2,7
317918,317925,317927,2,7
317918,317918,317927,9,0
317918,317926,317927,1,8
317918,317926,317928,2,8
317918,317926,317927,1,8
317918,317926,317928,2,8
317918,317926,317927,1,8
317918,317926,317928,2,8
317918,317926,317927,1,8
317918,317918,317928,10,0
317918,317926,317929,3,8
317918,317918,317929,11,0
317918,317918,317929,11,0
317918,317927,317929,2,9
317918,317926,317929,3,8
317918,317927,317930,3,9
317918,317918,317930,12,0
317918,317918,317930,12,0
317918,317918,317931,13,0
317918,317918,317931,13,0
317918,317918,317932,14,0
317918,317918,317931,13,0
317918,317918,317932,14,0
317918,317918,317932,14,0
317918,317918,317931,13,0
317918,317918,317933,15,0
317918,317918,317935,17,0
317918,317918,317935,17,0
317918,317918,317935,17,0
317918,317918,317936,18,0
317918,317918,317936,18,0
317940,317940,317941,1,0
317940,317940,317941,1,0
317940,317940,317941,1,0
317940,317940,317941,1,0
317940,317940,317941,1,0
317940,317940,317942,2,0
317940,317940,317944,4,0
317940,317942,317944,2,2
317940,317942,317944,2,2
317940,317942,317944,2,2
317940,317942,317944,2,2
317940,317943,317944,1,3
317940,317940,317946,6,0
317940,317940,317945,5,0
317940,317940,317945,5,0
317940,317940,317946,6,0
317940,317940,317945,5,0
317940,317940,317945,5,0
317940,317942,317945,3,2
317940,317940,317945,5,0
317940,317940,317946,6,0
317940,317945,317946,1,5
317940,317940,317946,6,0
317940,317940,317946,6,0
317940,317940,317946,6,0
317940,317940,317946,6,0
317940,317945,317946,1,5
317940,317940,317947,7,0
317940,317940,317946,6,0
317940,317940,317946,6,0
317940,317945,317946,1,5
317940,317940,317947,7,0
317940,317945,317946,1,5
317940,317945,317946,1,5
317940,317940,317947,7,0
317940,317940,317947,7,0
317940,317940,317948,8,0
317940,317940,317947,7,0
317940,317940,317947,7,0
317940,317946,317947,1,6
317940,317945,317947,2,5
317940,317946,317948,2,6
317940,317940,317948,8,0
317940,317940,317947,7,0
317940,317940,317947,7,0
317940,317946,317947,1,6
317940,317940,317948,8,0
317940,317940,317948,8,0
317940,317940,317948,8,0
317940,317940,317948,8,0
317940,317946,317948,2,6
317940,317946,317948,2,6
317940,317946,317948,2,6
317940,317947,317948,1,7
317940,317948,317949,1,8
317940,317946,317949,3,6
317940,317940,317948,8,0
317940,317946,317948,2,6
317940,317947,317948,1,7
317940,317947,317948,1,7
317940,317947,317949,2,7
317940,317947,317948,1,7
317940,317946,317950,4,6
317940,317947,317949,2,7
317940,317940,317949,9,0
317940,317947,317949,2,7
317940,317947,317949,2,7
317940,317947,317949,2,7
317940,317947,317949,2,7
317940,317946,317950,4,6
317940,317947,317949,2,7
317940,317940,317951,11,0
317940,317940,317951,11,0
317940,317946,317950,4,6
317940,317940,317954,14,0
317940,317940,317954,14,0
317940,317940,317958,18,0
317940,317940,317959,19,0
317940,317940,317960,20,0
317963,317964,317965,1,1
317963,317964,317965,1,1
317963,317964,317965,1,1
317963,317964,317965,1,1
317963,317964,317966,2,1
317963,317964,317968,4,1
317963,317964,317967,3,1
317963,317966,317968,2,3
317963,317964,317968,4,1
317963,317966,317969,3,3
317963,317967,317969,2,4
317963,317964,317969,5,1
317963,317969,317970,1,6
317963,317966,317969,3,3
317963,317968,317969,1,5
317963,317964,317970,6,1
317963,317964,317970,6,1
317963,317966,317970,4,3
317963,317964,317970,6,1
317963,317969,317970,1,6
317963,317964,317972,8,1
317963,317964,317971,7,1
317963,317964,317972,8,1
317963,317964,317971,7,1
317963,317964,317971,7,1
317963,317970,317971,1,7
317963,317964,317971,7,1
317963,317964,317971,7,1
317963,317970,317971,1,7
317963,317970,317971,1,7
317963,317964,317973,9,1
317963,317968,317972,4,5
317963,317969,317972,3,6
317963,317964,317972,8,1
317963,317964,317972,8,1
317963,317964,317972,8,1
317963,317964,317972,8,1
317963,317971,317972,1,8
317963,317971,317972,1,8
317963,317964,317973,9,1
317963,317964,317973,9,1
317963,317970,317972,2,7
317963,317970,317972,2,7
317963,317964,317972,8,1
317963,317964,317973,9,1
317963,317964,317973,9,1
317963,317972,317973,1,9
317963,317972,317973,1,9
317963,317964,317973,9,1
317963,317964,317973,9,1
317963,317964,317973,9,1
317963,317964,317973,9,1
317963,317971,317974,3,8
317963,317972,317974,2,9
317963,317964,317974,10,1
317963,317972,317973,1,9
317963,317972,317974,2,9
317963,317972,317973,1,9
317963,317964,317974,10,1
317963,317964,317974,10,1
317963,317964,317974,10,1
317963,317972,317974,2,9
317963,317972,317974,2,9
317963,317972,317974,2,9
317963,317964,317975,11,1
317963,317972,317974,2,9
317963,317973,317975,2,10
317963,317964,317976,12,1
317963,317971,317976,5,8
317963,317971,317975,4,8
317963,317973,317975,2,10
317963,317973,317975,2,10
317963,317973,317975,2,10
317963,317973,317975,2,10
317963,317964,317976,12,1
317963,317964,317977,13,1
317963,317964,317978,14,1
317963,317964,317978,14,1
317963,317964,317980,16,1
317982,317982,317984,2,0
317982,317982,317984,2,0
317982,317982,317984,2,0
317982,317982,317984,2,0
317982,317982,317984,2,0
317982,317982,317985,3,0
317982,317983,317986,3,1
317982,317983,317986,3,1
317982,317985,317986,1,3
317982,317985,317986,1,3
317982,317985,317986,1,3
317982,317985,317986,1,3
317982,317985,317986,1,3
317982,317986,317987,1,4
317982,317983,317987,4,1
317982,317983,317987,4,1
317982,317982,317988,6,0
317982,317983,317989,6,1
317982,317983,317988,5,1
317982,317987,317988,1,5
317982,317987,317988,1,5
317982,317983,317988,5,1
317982,317987,317988,1,5
317982,317987,317988,1,5
317982,317987,317988,1,5
317982,317987,317988,1,5
317982,317987,317990,3,5
317982,317983,317989,6,1
317982,317987,317989,2,5
317982,317983,317989,6,1
317982,317983,317990,7,1
317982,317983,317990,7,1
317982,317983,317990,7,1
317982,317989,317990,1,7
317982,317989,317990,1,7
317982,317989,317990,1,7
317982,317983,317991,8,1
317982,317989,317990,1,7
317982,317989,317990,1,7
317982,317989,317990,1,7
317982,317989,317990,1,7
317982,317988,317991,3,6
317982,317989,317992,3,7
317982,317983,317992,9,1
317982,317983,317991,8,1
317982,317983,317991,8,1
317982,317991,317992,1,9
317982,317983,317991,8,1
317982,317983,317991,8,1
317982,317983,317991,8,1
317982,317983,317991,8,1
317982,317990,317991,1,8
317982,317983,317992,9,1
317982,317983,317992,9,1
317982,317990,317992,2,8
317982,317983,317993,10,1
317982,317989,317992,3,7
317982,317990,317992,2,8
317982,317990,317992,2,8
317982,317983,317992,9,1
317982,317991,317992,1,9
317982,317991,317992,1,9
317982,317983,317992,9,1
317982,317991,317993,2,9
317982,317988,317993,5,6
317982,317982,317993,11,0
317982,317983,317994,11,1
317982,317991,317993,2,9
317982,317983,317993,10,1
317982,317983,317994,11,1
317982,317983,317994,11,1
317982,317989,317994,5,7
317982,317983,317996,13,1
317982,317983,317997,14,1
317982,317982,317998,16,0
317982,317982,317997,15,0
317982,317983,317999,16,1
317982,317982,318002,20,0
317982,317982,318003,21,0
318006,318006,318008,2,0
318006,318006,318008,2,0
318006,318006,318008,2,0
318006,318006,318008,2,0
318006,318006,318008,2,0
318006,318006,318008,2,0
318006,318006,318010,4,0
318006,318006,318010,4,0
318006,318006,318010,4,0
318006,318008,318010,2,2
318006,318008,318010,2,2
318006,318008,318010,2,2
318006,318008,318010,2,2
318006,318008,318010,2,2
318006,318008,318010,2,2
318006,318006,318011,5,0
318006,318006,318011,5,0
318006,318006,318011,5,0
318006,318006,318011,5,0
318006,318006,318012,6,0
318006,318011,318012,1,5
318006,318006,318013,7,0
318006,318011,318012,1,5
318006,318011,318012,1,5
318006,318011,318012,1,5
318006,318006,318013,7,0
318006,318006,318013,7,0
318006,318006,318013,7,0
318006,318006,318013,7,0
318006,318006,318013,7,0
318006,318006,318013,7,0
318006,318006,318013,7,0
318006,318011,318013,2,5
318006,318011,318013,2,5
318006,318011,318014,3,5
318006,318010,318015,5,4
318006,318006,318014,8,0
318006,318011,318015,4,5
318006,318012,318014,2,6
318006,318006,318014,8,0
318006,318013,318014,1,7
318006,318006,318014,8,0
318006,318013,318014,1,7
318006,318013,318014,1,7
318006,318013,318014,1,7
318006,318013,318014,1,7
318006,318013,318015,2,7
318006,318006,318015,9,0
318006,318012,318015,3,6
318006,318011,318015,4,5
318006,318013,318015,2,7
318006,318006,318015,9,0
318006,318006,318015,9,0
318006,318006,318015,9,0
318006,318014,318015,1,8
318006,318006,318015,9,0
318006,318006,318015,9,0
318006,318014,318015,1,8
318006,318006,318015,9,0
318006,318006,318016,10,0
318006,318013,318016,3,7
318006,318014,318016,2,8
318006,318014,318016,2,8
318006,318014,318016,2,8
318006,318014,318016,2,8
318006,318014,318016,2,8
318006,318011,318016,5,5
318006,318006,318016,10,0
318006,318006,318016,10,0
318006,318015,318017,2,9
318006,318006,318017,11,0
318006,318006,318018,12,0
318006,318006,318020,14,0
318006,318006,318020,14,0
318006,318006,318021,15,0
318006,318006,318021,15,0
318006,318006,318022,16,0
318006,318006,318023,17,0
318006,318006,318026,20,0
318029,318029,318031,2,0
318029,318029,318031,2,0
318029,318029,318031,2,0
318029,318029,318031,2,0
318029,318029,318031,2,0
318029,318029,318032,3,0
318029,318029,318033,4,0
318029,318029,318034,5,0
318029,318029,318034,5,0
318029,318029,318033,4,0
318029,318029,318034,5,0
318029,318031,318034,3,2
318029,318029,318034,5,0
318029,318031,318034,3,2
318029,318033,318035,2,4
318029,318029,318035,6,0
318029,318031,318035,4,2
318029,318031,318035,4,2
318029,318031,318035,4,2
318029,318029,318036,7,0
318029,318033,318036,3,4
318029,318035,318036,1,6
318029,318029,318037,8,0
318029,318029,318037,8,0
318029,318035,318037,2,6
318029,318029,318037,8,0
318029,318036,318037,1,7
318029,318029,318037,8,0
318029,318036,318037,1,7
318029,318029,318037,8,0
318029,318036,318037,1,7
318029,318029,318037,8,0
318029,318035,318037,2,6
318029,318029,318038,9,0
318029,318029,318038,9,0
318029,318035,318038,3,6
318029,318029,318038,9,0
318029,318037,318038,1,8
318029,318029,318038,9,0
318029,318037,318038,1,8
318029,318029,318039,10,0
318029,318034,318038,4,5
318029,318029,318039,10,0
318029,318029,318039,10,0
318029,318029,318039,10,0
318029,318035,318038,3,6
318029,318029,318039,10,0
318029,318034,318039,5,5
318029,318029,318039,10,0
318029,318029,318039,10,0
318029,318038,318039,1,9
318029,318038,318039,1,9
318029,318029,318040,11,0
318029,318038,318039,1,9
318029,318037,318039,2,8
318029,318029,318039,10,0
318029,318038,318039,1,9
318029,318038,318039,1,9
318029,318038,318039,1,9
318029,318038,318039,1,9
318029,318038,318039,1,9
318029,318029,318040,11,0
318029,318029,318040,11,0
318029,318034,318040,6,5
318029,318029,318040,11,0
318029,318035,318040,5,6
318029,318037,318040,3,8
318029,318038,318040,2,9
318029,318038,318040,2,9
318029,318029,318040,11,0
318029,318039,318040,1,10
318029,318039,318040,1,10
318029,318029,318040,11,0
318029,318029,318042,13,0
318029,318029,318045,16,0
318029,318029,318045,16,0
318029,318029,318046,17,0
318029,318029,318046,17,0
318029,318029,318047,18,0
318049,318049,318051,2,0
318049,318049,318051,2,0
318049,318049,318051,2,0
318049,318049,318051,2,0
318049,318049,318052,3,0
318049,318049,318051,2,0
318049,318049,318052,3,0
318049,318051,318053,2,2
318049,318049,318054,5,0
318049,318049,318054,5,0
318049,318051,318053,2,2
318049,318051,318054,3,2
318049,318051,318054,3,2
318049,318049,318055,6,0
318049,318049,318054,5,0
318049,318052,318055,3,3
318049,318053,318055,2,4
318049,318052,318055,3,3
318049,318049,318056,7,0
318049,318049,318056,7,0
318049,318049,318056,7,0
318049,318049,318056,7,0
318049,318054,318056,2,5
318049,318054,318056,2,5
318049,318054,318056,2,5
318049,318049,318056,7,0
318049,318049,318057,8,0
318049,318049,318057,8,0
318049,318054,318057,3,5
318049,318049,318057,8,0
318049,318055,318057,2,6
318049,318055,318057,2,6
318049,318055,318056,1,6
318049,318054,318057,3,5
318049,318049,318057,8,0
318049,318049,318057,8,0
318049,318055,318057,2,6
318049,318049,318058,9,0
318049,318049,318058,9,0
318049,318049,318058,9,0
318049,318049,318058,9,0
318049,318049,318058,9,0
318049,318049,318058,9,0
318049,318056,318058,2,7
318049,318049,318058,9,0
318049,318056,318058,2,7
318049,318056,318058,2,7
318049,318056,318058,2,7
318049,318056,318059,3,7
318049,318057,318059,2,8
318049,318049,318058,9,0
318049,318049,318059,10,0
318049,318057,318059,2,8
318049,318057,318059,2,8
318049,318057,318059,2,8
318049,318057,318059,2,8
318049,318049,318059,10,0
318049,318049,318059,10,0
318049,318057,318059,2,8
318049,318058,318059,1,9
318049,318055,318060,5,6
318049,318056,318060,4,7
318049,318053,318060,7,4
318049,318057,318060,3,8
318049,318056,318060,4,7
318049,318057,318060,3,8
318049,318057,318060,3,8
318049,318049,318060,11,0
318049,318049,318061,12,0
318049,318049,318060,11,0
318049,318049,318061,12,0
318049,318049,318061,12,0
318049,318049,318061,12,0
318049,318049,318062,13,0
318049,318049,318061,12,0
318049,318049,318062,13,0
318049,318049,318063,14,0
318049,318049,318064,15,0
318049,318049,318066,17,0
318070,318070,318072,2,0
318070,318070,318072,2,0
318070,318070,318072,2,0
318070,318070,318072,2,0
318070,318070,318072,2,0
318070,318070,318072,2,0
318070,318070,318073,3,0
318070,318070,318074,4,0
318070,318072,318074,2,2
318070,318070,318074,4,0
318070,318072,318074,2,2
318070,318070,318075,5,0
318070,318070,318075,5,0
318070,318072,318074,2,2
318070,318070,318075,5,0
318070,318072,318074,2,2
318070,318072,318074,2,2
318070,318072,318075,3,2
318070,318070,318076,6,0
318070,318074,318076,2,4
318070,318070,318076,6,0
318070,318074,318075,1,4
318070,318070,318076,6,0
318070,318070,318076,6,0
318070,318070,318076,6,0
318070,318073,318075,2,3
318070,318074,318077,3,4
318070,318075,318077,2,5
318070,318070,318077,7,0
318070,318075,318077,2,5
318070,318070,318078,8,0
318070,318070,318078,8,0
318070,318070,318078,8,0
318070,318070,318078,8,0
318070,318076,318078,2,6
318070,318076,318078,2,6
318070,318076,318078,2,6
318070,318076,318078,2,6
318070,318076,318078,2,6
318070,318070,318079,9,0
318070,318070,318079,9,0
318070,318070,318079,9,0
318070,318075,318079,4,5
318070,318075,318079,4,5
318070,318075,318079,4,5
318070,318075,318079,4,5
318070,318075,318078,3,5
318070,318070,318078,8,0
318070,318076,318079,3,6
318070,318076,318079,3,6
318070,318077,318079,2,7
318070,318070,318079,9,0
318070,318076,318079,3,6
318070,318077,318078,1,7
318070,318078,318079,1,8
318070,318077,318079,2,7
318070,318078,318079,1,8
318070,318070,318079,9,0
318070,318070,318080,10,0
318070,318078,318080,2,8
318070,318070,318081,11,0
318070,318070,318081,11,0
318070,318078,318081,3,8
318070,318070,318081,11,0
318070,318070,318081,11,0
318070,318078,318081,3,8
318070,318078,318081,3,8
318070,318070,318081,11,0
318070,318074,318082,8,4
318070,318070,318082,12,0
318070,318070,318082,12,0
318070,318070,318082,12,0
318070,318070,318082,12,0
318070,318070,318082,12,0
318070,318070,318083,13,0
318070,318070,318083,13,0
318070,318070,318083,13,0
318070,318070,318083,13,0
318070,318070,318086,16,0
318089,318089,318091,2,0
318089,318089,318091,2,0
318089,318089,318091,2,0
318089,318089,318091,2,0
318089,318089,318091,2,0
318089,318089,318091,2,0
318089,318089,318093,4,0
318089,318089,318093,4,0
318089,318091,318093,2,2
318089,318091,318094,3,2
318089,318091,318093,2,2
318089,318091,318093,2,2
318089,318091,318094,3,2
318089,318091,318093,2,2
318089,318089,318095,6,0
318089,318089,318095,6,0
318089,318089,318095,6,0
318089,318089,318095,6,0
318089,318093,318095,2,4
318089,318093,318095,2,4
318089,318089,318096,7,0
318089,318094,318095,1,5
318089,318089,318096,7,0
318089,318093,318096,3,4
318089,318089,318097,8,0
318089,318089,318096,7,0
318089,318089,318097,8,0
318089,318089,318097,8,0
318089,318094,318096,2,5
318089,318089,318096,7,0
318089,318094,318097,3,5
318089,318094,318097,3,5
318089,318095,318097,2,6
318089,318089,318098,9,0
318089,318096,318098,2,7
318089,318089,318098,9,0
318089,318089,318098,9,0
318089,318089,318097,8,0
318089,318094,318097,3,5
318089,318089,318098,9,0
318089,318089,318099,10,0
318089,318089,318099,10,0
318089,318089,318099,10,0
318089,318089,318098,9,0
318089,318089,318098,9,0
318089,318097,318099,2,8
318089,318097,318098,1,8
318089,318097,318099,2,8
318089,318095,318099,4,6
318089,318097,318099,2,8
318089,318097,318098,1,8
318089,318089,318100,11,0
318089,318089,318100,11,0
318089,318089,318099,10,0
318089,318098,318099,1,9
318089,318097,318100,3,8
318089,318097,318100,3,8
318089,318097,318099,2,8
318089,318089,318100,11,0
318089,318098,318101,3,9
318089,318097,318101,4,8
318089,318089,318101,12,0
318089,318095,318101,6,6
318089,318095,318100,5,6
318089,318096,318101,5,7
318089,318095,318101,6,6
318089,318089,318100,11,0
318089,318095,318102,7,6
318089,318089,318102,13,0
318089,318089,318101,12,0
318089,318096,318101,5,7
318089,318089,318102,13,0
318089,318089,318102,13,0
318089,318089,318103,14,0
318089,318097,318103,6,8
318089,318089,318103,14,0
318089,318089,318103,14,0
318089,318089,318105,16,0
318089,318089,318107,18,0
318110,318110,318111,1,0
318110,318110,318112,2,0
318110,318110,318112,2,0
318110,318110,318112,2,0
318110,318110,318112,2,0
318110,318110,318112,2,0
318110,318110,318113,3,0
318110,318110,318113,3,0
318110,318110,318114,4,0
318110,318110,318114,4,0
318110,318112,318114,2,2
318110,318112,318114,2,2
318110,318110,318114,4,0
318110,318110,318115,5,0
318110,318110,318114,4,0
318110,318110,318114,4,0
318110,318112,318114,2,2
318110,318110,318114,4,0
318110,318112,318114,2,2
318110,318110,318115,5,0
318110,318112,318114,2,2
318110,318113,318115,2,3
318110,318112,318115,3,2
318110,318114,318116,2,4
318110,318114,318116,2,4
318110,318110,318116,6,0
318110,318114,318117,3,4
318110,318115,318117,2,5
318110,318115,318117,2,5
318110,318115,318117,2,5
318110,318110,318117,7,0
318110,318110,318118,8,0
318110,318116,318118,2,6
318110,318110,318118,8,0
318110,318115,318118,3,5
318110,318110,318117,7,0
318110,318114,318117,3,4
318110,318114,318118,4,4
318110,318115,318118,3,5
318110,318110,318118,8,0
318110,318116,318118,2,6
318110,318117,318118,1,7
318110,318110,318119,9,0
318110,318110,318119,9,0
318110,318110,318119,9,0
318110,318110,318118,8,0
318110,318110,318118,8,0
318110,318110,318118,8,0
318110,318110,318119,9,0
318110,318110,318118,8,0
318110,318117,318118,1,7
318110,318117,318118,1,7
318110,318110,318120,10,0
318110,318110,318119,9,0
318110,318110,318119,9,0
318110,318110,318120,10,0
318110,318118,318119,1,8
318110,318117,318120,3,7
318110,318118,318119,1,8
318110,318118,318119,1,8
318110,318118,318120,2,8
318110,318115,318121,6,5
318110,318115,318120,5,5
318110,318115,318121,6,5
318110,318118,318120,2,8
318110,318117,318120,3,7
318110,318110,318121,11,0
318110,318110,318121,11,0
318110,318115,318121,6,5
318110,318110,318122,12,0
318110,318110,318122,12,0
318110,318110,318121,11,0
318110,318115,318121,6,5
318110,318110,318122,12,0
318110,318110,318125,15,0
318110,318110,318124,14,0
318110,318110,318125,15,0
318110,318115,318128,13,5
318110,318110,318130,20,0
318134,318134,318135,1,0
318134,318134,318135,1,0
318134,318134,318135,1,0
318134,318134,318135,1,0
318134,318134,318135,1,0
318134,318134,318136,2,0
318134,318134,318138,4,0
318134,318134,318137,3,0
318134,318136,318138,2,2
318134,318134,318138,4,0
318134,318136,318137,1,2
318134,318136,318137,1,2
318134,318134,318137,3,0
318134,318134,318139,5,0
318134,318134,318138,4,0
318134,318134,318138,4,0
318134,318134,318138,4,0
318134,318134,318138,4,0
318134,318136,318139,3,2
318134,318136,318138,2,2
318134,318134,318140,6,0
318134,318138,318139,1,4
318134,318138,318140,2,4
318134,318136,318139,3,2
318134,318138,318140,2,4
318134,318138,318141,3,4
318134,318138,318140,2,4
318134,318134,318141,7,0
318134,318134,318141,7,0
318134,318134,318141,7,0
318134,318134,318142,8,0
318134,318134,318141,7,0
318134,318134,318142,8,0
318134,318140,318142,2,6
318134,318139,318141,2,5
318134,318139,318142,3,5
318134,318140,318141,1,6
318134,318134,318142,8,0
318134,318140,318141,1,6
318134,318140,318141,1,6
318134,318134,318142,8,0
318134,318134,318142,8,0
318134,318134,318143,9,0
318134,318138,318143,5,4
318134,318134,318143,9,0
318134,318134,318142,8,0
318134,318141,318142,1,7
318134,318141,318142,1,7
318134,318134,318143,9,0
318134,318140,318142,2,6
318134,318134,318143,9,0
318134,318134,318143,9,0
318134,318134,318142,8,0
318134,318141,318143,2,7
318134,318142,318143,1,8
318134,318142,318144,2,8
318134,318142,318143,1,8
318134,318142,318143,1,8
318134,318142,318144,2,8
318134,318134,318144,10,0
318134,318134,318144,10,0
318134,318138,318144,6,4
318134,318134,318145,11,0
318134,318134,318144,10,0
318134,318142,318144,2,8
318134,318134,318146,12,0
318134,318134,318146,12,0
318134,318134,318145,11,0
318134,318142,318145,3,8
318134,318139,318146,7,5
318134,318134,318146,12,0
318134,318139,318147,8,5
318134,318139,318148,9,5
318134,318139,318149,10,5
318134,318134,318149,15,0
318134,318134,318150,16,0
318134,318134,318153,19,0
318134,318134,318153,19,0
318134,318139,318154,15,5
318157,318157,318158,1,0
318157,318157,318158,1,0
318157,318157,318158,1,0
318157,318157,318158,1,0
318157,318157,318158,1,0
318157,318157,318159,2,0
318157,318159,318161,2,2
318157,318157,318160,3,0
318157,318159,318160,1,2
318157,318159,318160,1,2
318157,318159,318161,2,2
318157,318159,318160,1,2
318157,318157,318161,4,0
318157,318157,318161,4,0
318157,318160,318161,1,3
318157,318157,318162,5,0
318157,318157,318162,5,0
318157,318157,318163,6,0
318157,318161,318162,1,4
318157,318157,318162,5,0
318157,318161,318162,1,4
318157,318157,318162,5,0
318157,318161,318162,1,4
318157,318161,318163,2,4
318157,318161,318162,1,4
318157,318161,318163,2,4
318157,318157,318164,7,0
318157,318157,318163,6,0
318157,318157,318164,7,0
318157,318162,318163,1,5
318157,318157,318165,8,0
318157,318162,318164,2,5
318157,318162,318164,2,5
318157,318157,318164,7,0
318157,318163,318164,1,6
318157,318163,318164,1,6
318157,318157,318165,8,0
318157,318163,318164,1,6
318157,318163,318165,2,6
318157,318163,318164,1,6
318157,318163,318165,2,6
318157,318157,318164,7,0
318157,318163,318164,1,6
318157,318163,318164,1,6
318157,318157,318165,8,0
318157,318163,318165,2,6
318157,318157,318165,8,0
318157,318157,318165,8,0
318157,318157,318165,8,0
318157,318157,318165,8,0
318157,318164,318166,2,7
318157,318164,318166,2,7
318157,318157,318165,8,0
318157,318157,318165,8,0
318157,318164,318165,1,7
318157,318164,318165,1,7
318157,318157,318166,9,0
318157,318164,318167,3,7
318157,318165,318166,1,8
318157,318165,318166,1,8
318157,318163,318167,4,6
318157,318165,318167,2,8
318157,318165,318168,3,8
318157,318157,318168,11,0
318157,318157,318168,11,0
318157,318165,318168,3,8
318157,318157,318170,13,0
318157,318157,318170,13,0
318157,318157,318169,12,0
318157,318157,318170,13,0
318157,318157,318171,14,0
318157,318157,318172,15,0
318157,318157,318173,16,0
318157,318157,318173,16,0
318157,318157,318173,16,0
318157,318157,318174,17,0
318157,318157,318176,19,0
318157,318157,318178,21,0
318157,318157,318177,20,0
318180,318180,318182,2,0
318180,318181,318182,1,1
318180,318180,318182,2,0
318180,318181,318182,1,1
318180,318181,318183,2,1
318180,318181,318182,1,1
318180,318181,318185,4,1
318180,318183,318184,1,3
318180,318183,318184,1,3
318180,318183,318184,1,3
318180,318181,318184,3,1
318180,318183,318184,1,3
318180,318183,318184,1,3
318180,318183,318184,1,3
318180,318181,318185,4,1
318180,318181,318185,4,1
318180,318181,318185,4,1
318180,318181,318186,5,1
318180,318181,318185,4,1
318180,318185,318186,1,5
318180,318185,318186,1,5
318180,318181,318187,6,1
318180,318185,318186,1,5
318180,318185,318186,1,5
318180,318185,318186,1,5
318180,318185,318186,1,5
318180,318181,318188,7,1
318180,318185,318187,2,5
318180,318181,318187,6,1
318180,318185,318187,2,5
318180,318186,318187,1,6
318180,318186,318187,1,6
318180,318181,318188,7,1
318180,318186,318188,2,6
318180,318186,318188,2,6
318180,318181,318188,7,1
318180,318187,318188,1,7
318180,318187,318188,1,7
318180,318188,318189,1,8
318180,318181,318188,7,1
318180,318187,318188,1,7
318180,318187,318188,1,7
318180,318187,318188,1,7
318180,318187,318188,1,7
318180,318186,318190,4,6
318180,318181,318189,8,1
318180,318188,318189,1,8
318180,318181,318189,8,1
318180,318188,318189,1,8
318180,318181,318189,8,1
318180,318187,318189,2,7
318180,318188,318189,1,8
318180,318181,318190,9,1
318180,318188,318189,1,8
318180,318188,318189,1,8
318180,318181,318190,9,1
318180,318189,318191,2,9
318180,318189,318191,2,9
318180,318181,318191,10,1
318180,318189,318191,2,9
318180,318181,318192,11,1
318180,318181,318193,12,1
318180,318181,318193,12,1
318180,318181,318194,13,1
318180,318181,318195,14,1
318180,318181,318195,14,1
318180,318181,318197,16,1
318180,318181,318196,15,1
318180,318181,318197,16,1
318180,318181,318197,16,1
318180,318181,318197,16,1
318180,318181,318198,17,1
318180,318181,318199,18,1
318180,318181,318199,18,1
318180,318181,318201,20,1
318180,318181,318201,20,1
318180,318181,318203,22,1
318180,318181,318206,25,1
318180,318181,318214,33,1
318217,318217,318219,2,0
318217,318217,318219,2,0
318217,318217,318219,2,0
318217,318217,318219,2,0
318217,318217,318219,2,0
318217,318220,318221,1,3
318217,318220,318221,1,3
318217,318217,318221,4,0
318217,318220,318221,1,3
318217,318220,318221,1,3
318217,318217,318222,5,0
318217,318217,318222,5,0
318217,318217,318223,6,0
318217,318221,318223,2,4
318217,318222,318224,2,5
318217,318222,318223,1,5
318217,318222,318223,1,5
318217,318222,318224,2,5
318217,318217,318224,7,0
318217,318217,318224,7,0
318217,318222,318224,2,5
318217,318217,318225,8,0
318217,318223,318225,2,6
318217,318223,318225,2,6
318217,318224,318225,1,7
318217,318217,318225,8,0
318217,318224,318225,1,7
318217,318217,318225,8,0
318217,318224,318225,1,7
318217,318217,318226,9,0
318217,318224,318225,1,7
318217,318224,318226,2,7
318217,318217,318226,9,0
318217,318217,318227,10,0
318217,318225,318226,1,8
318217,318225,318226,1,8
318217,318217,318227,10,0
318217,318226,318227,1,9
318217,318225,318226,1,8
318217,318225,318226,1,8
318217,318217,318227,10,0
318217,318226,318227,1,9
318217,318217,318227,10,0
318217,318226,318227,1,9
318217,318226,318227,1,9
318217,318226,318227,1,9
318217,318226,318227,1,9
318217,318226,318227,1,9
318217,318226,318228,2,9
318217,318226,318228,2,9
318217,318217,318228,11,0
318217,318227,318228,1,10
318217,318227,318228,1,10
318217,318227,318228,1,10
318217,318217,318228,11,0
318217,318217,318229,12,0
318217,318227,318229,2,10
318217,318226,318229,3,9
318217,318217,318229,12,0
318217,318217,318230,13,0
318217,318217,318230,13,0
318217,318217,318230,13,0
318217,318217,318231,14,0
318217,318217,318231,14,0
318217,318217,318231,14,0
318217,318217,318232,15,0
318217,318217,318232,15,0
318217,318217,318233,16,0
318217,318217,318233,16,0
318217,318217,318233,16,0
318217,318217,318234,17,0
318217,318217,318234,17,0
318217,318217,318234,17,0
318217,318217,318234,17,0
318217,318217,318235,18,0
318217,318217,318236,19,0
318217,318217,318237,20,0
318217,318217,318240,23,0
318217,318217,318241,24,0
318244,318244,318246,2,0
318244,318244,318246,2,0
318244,318244,318246,2,0
318244,318244,318246,2,0
318244,318244,318246,2,0
318244,318246,318248,2,2
318244,318246,318248,2,2
318244,318246,318248,2,2
318244,318246,318248,2,2
318244,318246,318248,2,2
318244,318244,318249,5,0
318244,318244,318250,6,0
318244,318248,318250,2,4
318244,318248,318250,2,4
318244,318248,318250,2,4
318244,318248,318250,2,4
318244,318249,318250,1,5
318244,318249,318251,2,5
318244,318244,318251,7,0
318244,318244,318252,8,0
318244,318250,318252,2,6
318244,318251,318252,1,7
318244,318244,318252,8,0
318244,318251,318252,1,7
318244,318244,318253,9,0
318244,318251,318252,1,7
318244,318250,318253,3,6
318244,318244,318253,9,0
318244,318251,318253,2,7
318244,318244,318253,9,0
318244,318244,318253,9,0
318244,318244,318253,9,0
318244,318252,318253,1,8
318244,318244,318253,9,0
318244,318244,318255,11,0
318244,318253,318254,1,9
318244,318253,318254,1,9
318244,318244,318254,10,0
318244,318253,318254,1,9
318244,318253,318254,1,9
318244,318253,318254,1,9
318244,318244,318254,10,0
318244,318253,318254,1,9
318244,318253,318254,1,9
318244,318244,318255,11,0
318244,318244,318255,11,0
318244,318254,318255,1,10
318244,318254,318255,1,10
318244,318244,318256,12,0
318244,318254,318255,1,10
318244,318254,318255,1,10
318244,318254,318255,1,10
318244,318254,318255,1,10
318244,318252,318256,4,8
318244,318253,318256,3,9
318244,318255,318256,1,11
318244,318254,318257,3,10
318244,318244,318258,14,0
318244,318244,318258,14,0
318244,318244,318258,14,0
318244,318244,318258,14,0
318244,318244,318259,15,0
318244,318244,318259,15,0
318244,318244,318260,16,0
318244,318244,318260,16,0
318244,318244,318261,17,0
318244,318244,318261,17,0
318244,318244,318261,17,0
318244,318244,318261,17,0
318244,318244,318261,17,0
318244,318244,318262,18,0
318244,318244,318263,19,0
318244,318244,318263,19,0
318244,318244,318265,21,0
318244,318244,318267,23,0
318244,318244,318268,24,0
318244,318244,318270,26,0
318244,318244,318272,28,0
318244,318244,318272,28,0
318275,318275,318277,2,0
318275,318275,318277,2,0
318275,318275,318277,2,0
318275,318275,318277,2,0
318275,318275,318277,2,0
318275,318275,318279,4,0
318275,318275,318278,3,0
318275,318277,318279,2,2
318275,318277,318280,3,2
318275,318277,318279,2,2
318275,318277,318279,2,2
318275,318277,318279,2,2
318275,318275,318281,6,0
318275,318275,318280,5,0
318275,318275,318281,6,0
318275,318275,318281,6,0
318275,318275,318282,7,0
318275,318280,318282,2,5
318275,318279,318282,3,4
318275,318279,318282,3,4
318275,318275,318283,8,0
318275,318275,318283,8,0
318275,318280,318282,2,5
318275,318275,318283,8,0
318275,318280,318282,2,5
318275,318275,318283,8,0
318275,318275,318283,8,0
318275,318280,318283,3,5
318275,318275,318283,8,0
318275,318275,318284,9,0
318275,318275,318284,9,0
318275,318282,318284,2,7
318275,318275,318284,9,0
318275,318279,318285,6,4
318275,318283,318285,2,8
318275,318275,318285,10,0
318275,318283,318285,2,8
318275,318275,318285,10,0
318275,318275,318285,10,0
318275,318282,318284,2,7
318275,318284,318285,1,9
318275,318275,318285,10,0
318275,318283,318285,2,8
318275,318283,318285,2,8
318275,318283,318285,2,8
318275,318282,318284,2,7
318275,318275,318285,10,0
318275,318275,318285,10,0
318275,318281,318286,5,6
318275,318275,318286,11,0
318275,318275,318286,11,0
318275,318283,318285,2,8
318275,318284,318286,2,9
318275,318284,318286,2,9
318275,318284,318286,2,9
318275,318275,318287,12,0
318275,318283,318287,4,8
318275,318275,318286,11,0
318275,318282,318287,5,7
318275,318283,318287,4,8
318275,318285,318287,2,10
318275,318275,318287,12,0
318275,318275,318288,13,0
318275,318282,318288,6,7
318275,318281,318288,7,6
318275,318285,318288,3,10
318275,318282,318289,7,7
318275,318285,318289,4,10
318275,318275,318290,15,0
318275,318275,318290,15,0
318275,318275,318289,14,0
318275,318275,318290,15,0
318275,318275,318291,16,0
318275,318275,318292,17,0
318275,318275,318293,18,0
318275,318275,318293,18,0
318275,318275,318293,18,0
318275,318275,318295,20,0
318275,318275,318301,26,0
318304,318304,318306,2,0
318304,318304,318306,2,0
318304,318304,318306,2,0
318304,318304,318306,2,0
318304,318304,318306,2,0
318304,318304,318306,2,0
318304,318304,318309,5,0
318304,318304,318309,5,0
318304,318306,318309,3,2
318304,318306,318309,3,2
318304,318306,318308,2,2
318304,318306,318309,3,2
318304,318307,318309,2,3
318304,318307,318310,3,3
318304,318304,318312,8,0
318304,318304,318312,8,0
318304,318304,318312,8,0
318304,318309,318312,3,5
318304,318309,318312,3,5
318304,318304,318313,9,0
318304,318310,318313,3,6
318304,318304,318313,9,0
318304,318309,318313,4,5
318304,318311,318313,2,7
318304,318304,318313,9,0
318304,318304,318312,8,0
318304,318310,318313,3,6
318304,318304,318313,9,0
318304,318304,318313,9,0
318304,318304,318314,10,0
318304,318304,318313,9,0
318304,318304,318314,10,0
318304,318312,318314,2,8
318304,318304,318314,10,0
318304,318304,318314,10,0
318304,318304,318315,11,0
318304,318304,318314,10,0
318304,318313,318315,2,9
318304,318313,318315,2,9
318304,318313,318315,2,9
318304,318313,318315,2,9
318304,318313,318315,2,9
318304,318313,318315,2,9
318304,318313,318315,2,9
318304,318313,318314,1,9
318304,318312,318315,3,8
318304,318312,318314,2,8
318304,318313,318315,2,9
318304,318313,318315,2,9
318304,318304,318315,11,0
318304,318304,318316,12,0
318304,318304,318316,12,0
318304,318304,318316,12,0
318304,318314,318316,2,10
318304,318314,318316,2,10
318304,318314,318315,1,10
318304,318314,318315,1,10
318304,318314,318316,2,10
318304,318304,318317,13,0
318304,318304,318317,13,0
318304,318304,318316,12,0
318304,318314,318316,2,10
318304,318312,318317,5,8
318304,318304,318317,13,0
318304,318304,318318,14,0
318304,318304,318318,14,0
318304,318312,318318,6,8
318304,318304,318320,16,0
318304,318304,318319,15,0
318304,318309,318320,11,5
318304,318304,318320,16,0
318304,318304,318321,17,0
318304,318309,318322,13,5
318304,318304,318322,18,0
318304,318304,318324,20,0
318304,318304,318326,22,0
318304,318304,318327,23,0
318304,318304,318326,22,0
318304,318304,318333,29,0
318336,318336,318337,1,0
318336,318336,318337,1,0
318336,318336,318337,1,0
318336,318336,318337,1,0
318336,318336,318337,1,0
318336,318336,318338,2,0
318336,318336,318340,4,0
318336,318338,318340,2,2
318336,318338,318341,3,2
318336,318336,318341,5,0
318336,318338,318342,4,2
318336,318338,318342,4,2
318336,318336,318342,6,0
318336,318336,318342,6,0
318336,318338,318342,4,2
318336,318338,318343,5,2
318336,318336,318343,7,0
318336,318336,318344,8,0
318336,318336,318344,8,0
318336,318336,318344,8,0
318336,318341,318344,3,5
318336,318336,318343,7,0
318336,318342,318344,2,6
318336,318336,318345,9,0
318336,318336,318344,8,0
318336,318336,318345,9,0
318336,318341,318345,4,5
318336,318336,318345,9,0
318336,318336,318345,9,0
318336,318343,318345,2,7
318336,318343,318345,2,7
318336,318336,318345,9,0
318336,318336,318345,9,0
318336,318342,318346,4,6
318336,318343,318345,2,7
318336,318344,318346,2,8
318336,318344,318346,2,8
318336,318342,318345,3,6
318336,318344,318346,2,8
318336,318336,318346,10,0
318336,318344,318346,2,8
318336,318336,318347,11,0
318336,318336,318347,11,0
318336,318336,318346,10,0
318336,318344,318346,2,8
318336,318336,318347,11,0
318336,318345,318347,2,9
318336,318345,318347,2,9
318336,318345,318347,2,9
318336,318336,318347,11,0
318336,318346,318348,2,10
318336,318346,318348,2,10
318336,318346,318348,2,10
318336,318346,318348,2,10
318336,318346,318348,2,10
318336,318336,318348,12,0
318336,318346,318348,2,10
318336,318336,318349,13,0
318336,318345,318349,4,9
318336,318344,318349,5,8
318336,318336,318348,12,0
318336,318346,318349,3,10
318336,318336,318349,13,0
318336,318336,318350,14,0
318336,318336,318349,13,0
318336,318340,318350,10,4
318336,318336,318349,13,0
318336,318344,318351,7,8
318336,318336,318351,15,0
318336,318336,318351,15,0
318336,318336,318352,16,0
318336,318346,318352,6,10
318336,318342,318352,10,6
318336,318336,318352,16,0
318336,318336,318352,16,0
318336,318336,318354,18,0
318336,318336,318354,18,0
318336,318336,318354,18,0
318336,318336,318357,21,0
318360,318360,318362,2,0
318360,318360,318361,1,0
318360,318360,318362,2,0
318360,318360,318362,2,0
318360,318360,318362,2,0
318360,318360,318362,2,0
318360,318360,318363,3,0
318360,318360,318365,5,0
318360,318362,318364,2,2
318360,318362,318365,3,2
318360,318362,318364,2,2
318360,318362,318364,2,2
318360,318360,318365,5,0
318360,318362,318365,3,2
318360,318360,318367,7,0
318360,318360,318366,6,0
318360,318360,318367,7,0
318360,318360,318366,6,0
318360,318360,318367,7,0
318360,318360,318366,6,0
318360,318363,318367,4,3
318360,318360,318368,8,0
318360,318364,318368,4,4
318360,318365,318368,3,5
318360,318366,318368,2,6
318360,318360,318368,8,0
318360,318360,318368,8,0
318360,318360,318369,9,0
318360,318365,318368,3,5
318360,318360,318368,8,0
318360,318360,318368,8,0
318360,318365,318368,3,5
318360,318360,318368,8,0
318360,318365,318368,3,5
318360,318367,318369,2,7
318360,318367,318369,2,7
318360,318360,318368,8,0
318360,318360,318370,10,0
318360,318360,318369,9,0
318360,318360,318369,9,0
318360,318367,318369,2,7
318360,318368,318369,1,8
318360,318360,318370,10,0
318360,318368,318370,2,8
318360,318368,318370,2,8
318360,318360,318369,9,0
318360,318368,318370,2,8
318360,318360,318370,10,0
318360,318367,318370,3,7
318360,318360,318371,11,0
318360,318360,318371,11,0
318360,318360,318370,10,0
318360,318369,318370,1,9
318360,318369,318371,2,9
318360,318369,318371,2,9
318360,318369,318371,2,9
318360,318369,318371,2,9
318360,318369,318370,1,9
318360,318367,318371,4,7
318360,318369,318371,2,9
318360,318367,318371,4,7
318360,318367,318371,4,7
318360,318369,318371,2,9
318360,318369,318371,2,9
318360,318360,318373,13,0
318360,318360,318373,13,0
318360,318360,318374,14,0
318360,318360,318374,14,0
318360,318360,318374,14,0
318360,318360,318375,15,0
318360,318360,318375,15,0
318360,318366,318375,9,6
318360,318369,318374,5,9
318360,318360,318376,16,0
318360,318360,318377,17,0
318360,318365,318378,13,5
318360,318360,318380,20,0
318360,318360,318380,20,0
318360,318360,318379,19,0
318383,318383,318384,1,0
318383,318383,318385,2,0
318383,318383,318384,1,0
318383,318383,318384,1,0
318383,318383,318384,1,0
318383,318383,318385,2,0
318383,318383,318386,3,0
318383,318385,318388,3,2
318383,318383,318388,5,0
318383,318383,318389,6,0
318383,318383,318388,5,0
318383,318385,318388,3,2
318383,318385,318388,3,2
318383,318383,318388,5,0
318383,318385,318388,3,2
318383,318383,318389,6,0
318383,318385,318388,3,2
318383,318386,318389,3,3
318383,318383,318390,7,0
318383,318383,318390,7,0
318383,318388,318389,1,5
318383,318383,318390,7,0
318383,318383,318390,7,0
318383,318383,318391,8,0
318383,318383,318390,7,0
318383,318383,318390,7,0
318383,318383,318390,7,0
318383,318383,318390,7,0
318383,318383,318391,8,0
318383,318383,318390,7,0
318383,318383,318391,8,0
318383,318389,318391,2,6
318383,318387,318391,4,4
318383,318383,318391,8,0
318383,318389,318391,2,6
318383,318383,318391,8,0
318383,318383,318391,8,0
318383,318383,318391,8,0
318383,318389,318392,3,6
318383,318383,318391,8,0
318383,318389,318391,2,6
318383,318390,318392,2,7
318383,318389,318391,2,6
318383,318390,318391,1,7
318383,318390,318392,2,7
318383,318383,318393,10,0
318383,318383,318392,9,0
318383,318383,318393,10,0
318383,318390,318392,2,7
318383,318391,318392,1,8
318383,318389,318392,3,6
318383,318383,318392,9,0
318383,318391,318392,1,8
318383,318391,318392,1,8
318383,318391,318392,1,8
318383,318391,318393,2,8
318383,318389,318393,4,6
318383,318391,318393,2,8
318383,318383,318393,10,0
318383,318391,318393,2,8
318383,318389,318393,4,6
318383,318392,318393,1,9
318383,318392,318393,1,9
318383,318383,318395,12,0
318383,318391,318394,3,8
318383,318391,318394,3,8
318383,318389,318394,5,6
318383,318392,318394,2,9
318383,318392,318394,2,9
318383,318383,318395,12,0
318383,318392,318394,2,9
318383,318383,318396,13,0
318383,318383,318396,13,0
318383,318383,318398,15,0
318383,318383,318399,16,0
318383,318383,318399,16,0
318383,318383,318401,18,0
318383,318383,318401,18,0
318383,318383,318402,19,0
318404,318405,318406,1,1
318404,318405,318406,1,1
318404,318405,318406,1,1
318404,318405,318407,2,1
318404,318405,318406,1,1
318404,318405,318406,1,1
318404,318407,318409,2,3
318404,318407,318410,3,3
318404,318407,318410,3,3
318404,318405,318410,5,1
318404,318407,318410,3,3
318404,318405,318411,6,1
318404,318405,318411,6,1
318404,318407,318411,4,3
318404,318407,318411,4,3
318404,318405,318412,7,1
318404,318405,318411,6,1
318404,318410,318412,2,6
318404,318405,318412,7,1
318404,318405,318412,7,1
318404,318410,318412,2,6
318404,318405,318412,7,1
318404,318405,318412,7,1
318404,318411,318413,2,7
318404,318411,318412,1,7
318404,318411,318413,2,7
318404,318405,318412,7,1
318404,318405,318414,9,1
318404,318405,318413,8,1
318404,318413,318414,1,9
318404,318405,318413,8,1
318404,318412,318413,1,8
318404,318405,318413,8,1
318404,318412,318414,2,8
318404,318412,318413,1,8
318404,318405,318413,8,1
318404,318412,318413,1,8
318404,318405,318414,9,1
318404,318405,318415,10,1
318404,318413,318414,1,9
318404,318414,318415,1,10
318404,318412,318414,2,8
318404,318413,318414,1,9
318404,318413,318414,1,9
318404,318413,318414,1,9
318404,318405,318414,9,1
318404,318413,318414,1,9
318404,318413,318414,1,9
318404,318413,318414,1,9
318404,318405,318415,10,1
318404,318413,318415,2,9
318404,318412,318415,3,8
318404,318414,318415,1,10
318404,318414,318415,1,10
318404,318414,318415,1,10
318404,318414,318415,1,10
318404,318414,318415,1,10
318404,318414,318415,1,10
318404,318405,318417,12,1
318404,318405,318416,11,1
318404,318405,318416,11,1
318404,318414,318416,2,10
318404,318412,318417,5,8
318404,318405,318418,13,1
318404,318405,318418,13,1
318404,318405,318420,15,1
318404,318405,318419,14,1
318404,318405,318420,15,1
318404,318405,318420,15,1
318404,318405,318422,17,1
318404,318405,318421,16,1
318404,318405,318422,17,1
318404,318405,318423,18,1
318404,318405,318423,18,1
318404,318405,318424,19,1
318404,318405,318425,20,1
318404,318405,318424,19,1
318404,318405,318426,21,1
318404,318405,318427,22,1
318429,318429,318431,2,0
318429,318429,318431,2,0
318429,318429,318431,2,0
318429,318429,318431,2,0
318429,318429,318431,2,0
318429,318429,318431,2,0
318429,318432,318433,1,3
318429,318432,318434,2,3
318429,318432,318434,2,3
318429,318432,318434,2,3
318429,318432,318434,2,3
318429,318432,318434,2,3
318429,318430,318434,4,1
318429,318430,318435,5,1
318429,318429,318435,6,0
318429,318429,318436,7,0
318429,318429,318436,7,0
318429,318435,318436,1,6
318429,318429,318436,7,0
318429,318434,318436,2,5
318429,318435,318436,1,6
318429,318429,318436,7,0
318429,318435,318436,1,6
318429,318436,318437,1,7
318429,318435,318436,1,6
318429,318435,318436,1,6
318429,318429,318437,8,0
318429,318429,318437,8,0
318429,318435,318438,3,6
318429,318429,318438,9,0
318429,318429,318438,9,0
318429,318436,318438,2,7
318429,318430,318438,8,1
318429,318429,318438,9,0
318429,318437,318438,1,8
318429,318437,318438,1,8
318429,318437,318438,1,8
318429,318437,318438,1,8
318429,318429,318438,9,0
318429,318429,318439,10,0
318429,318437,318438,1,8
318429,318437,318438,1,8
318429,318437,318439,2,8
318429,318437,318438,1,8
318429,318437,318438,1,8
318429,318437,318438,1,8
318429,318438,318439,1,9
318429,318437,318439,2,8
318429,318438,318439,1,9
318429,318429,318439,10,0
318429,318429,318439,10,0
318429,318438,318439,1,9
318429,318438,318440,2,9
318429,318429,318440,11,0
318429,318429,318441,12,0
318429,318439,318440,1,10
318429,318439,318440,1,10
318429,318438,318440,2,9
318429,318430,318441,11,1
318429,318430,318441,11,1
318429,318429,318441,12,0
318429,318439,318441,2,10
318429,318429,318441,12,0
318429,318439,318441,2,10
318429,318429,318441,12,0
318429,318429,318442,13,0
318429,318430,318442,12,1
318429,318429,318442,13,0
318429,318429,318443,14,0
318429,318429,318443,14,0
318429,318429,318443,14,0
318429,318429,318445,16,0
318429,318429,318445,16,0
318429,318430,318445,15,1
318429,318429,318445,16,0
318429,318429,318447,18,0
318429,318429,318448,19,0
318429,318429,318448,19,0
318429,318429,318449,20,0
318452,318452,318454,2,0
318452,318452,318454,2,0
318452,318452,318454,2,0
318452,318452,318454,2,0
318452,318452,318455,3,0
318452,318452,318456,4,0
318452,318452,318455,3,0
318452,318454,318456,2,2
318452,318454,318456,2,2
318452,318454,318456,2,2
318452,318454,318456,2,2
318452,318452,318457,5,0
318452,318455,318457,2,3
318452,318452,318457,5,0
318452,318452,318458,6,0
318452,318452,318458,6,0
318452,318452,318458,6,0
318452,318456,318458,2,4
318452,318456,318458,2,4
318452,318456,318458,2,4
318452,318456,318458,2,4
318452,318456,318458,2,4
318452,318457,318459,2,5
318452,318452,318459,7,0
318452,318457,318459,2,5
318452,318452,318460,8,0
318452,318456,318460,4,4
318452,318452,318460,8,0
318452,318452,318460,8,0
318452,318452,318460,8,0
318452,318458,318460,2,6
318452,318458,318460,2,6
318452,318459,318460,1,7
318452,318458,318460,2,6
318452,318459,318460,1,7
318452,318457,318461,4,5
318452,318458,318461,3,6
318452,318458,318461,3,6
318452,318452,318461,9,0
318452,318459,318461,2,7
318452,318452,318461,9,0
318452,318460,318461,1,8
318452,318452,318461,9,0
318452,318460,318461,1,8
318452,318452,318462,10,0
318452,318452,318462,10,0
318452,318452,318462,10,0
318452,318452,318462,10,0
318452,318458,318462,4,6
318452,318460,318462,2,8
318452,318461,318462,1,9
318452,318461,318462,1,9
318452,318461,318462,1,9
318452,318452,318462,10,0
318452,318452,318462,10,0
318452,318461,318462,1,9
318452,318461,318462,1,9
318452,318461,318462,1,9
318452,318461,318462,1,9
318452,318452,318463,11,0
318452,318452,318463,11,0
318452,318460,318463,3,8
318452,318452,318463,11,0
318452,318460,318464,4,8
318452,318452,318464,12,0
318452,318452,318464,12,0
318452,318452,318465,13,0
318452,318452,318465,13,0
318452,318452,318465,13,0
318452,318452,318466,14,0
318452,318452,318466,14,0
318452,318452,318466,14,0
318452,318452,318467,15,0
318452,318452,318467,15,0
318452,318452,318469,17,0
318452,318452,318469,17,0
318452,318452,318471,19,0
318452,318452,318477,25,0
318452,318452,318477,25,0
318480,318480,318482,2,0
318480,318480,318482,2,0
318480,318480,318482,2,0
318480,318480,318482,2,0
318480,318480,318482,2,0
318480,318482,318483,1,2
318480,318480,318484,4,0
318480,318482,318484,2,2
318480,318480,318485,5,0
318480,318480,318485,5,0
318480,318482,318484,2,2
318480,318483,318485,2,3
318480,318482,318485,3,2
318480,318484,318486,2,4
318480,318484,318486,2,4
318480,318480,318487,7,0
318480,318480,318487,7,0
318480,318485,318487,2,5
318480,318480,318486,6,0
318480,318484,318486,2,4
318480,318485,318487,2,5
318480,318485,318488,3,5
318480,318480,318488,8,0
318480,318486,318487,1,6
318480,318480,318488,8,0
318480,318486,318488,2,6
318480,318480,318487,7,0
318480,318480,318488,8,0
318480,318480,318488,8,0
318480,318480,318488,8,0
318480,318486,318488,2,6
318480,318486,318488,2,6
318480,318480,318489,9,0
318480,318480,318488,8,0
318480,318480,318488,8,0
318480,318487,318489,2,7
318480,318480,318489,9,0
318480,318487,318489,2,7
318480,318487,318489,2,7
318480,318487,318489,2,7
318480,318480,318490,10,0
318480,318487,318490,3,7
318480,318488,318489,1,8
318480,318488,318490,2,8
318480,318480,318490,10,0
318480,318488,318489,1,8
318480,318488,318490,2,8
318480,318488,318490,2,8
318480,318488,318490,2,8
318480,318488,318490,2,8
318480,318488,318490,2,8
318480,318488,318490,2,8
318480,318488,318490,2,8
318480,318480,318490,10,0
318480,318488,318491,3,8
318480,318489,318490,1,9
318480,318480,318492,12,0
318480,318480,318492,12,0
318480,318480,318492,12,0
318480,318480,318492,12,0
318480,318488,318492,4,8
318480,318489,318492,3,9
318480,318480,318491,11,0
318480,318489,318492,3,9
318480,318480,318492,12,0
318480,318480,318492,12,0
318480,318480,318493,13,0
318480,318480,318493,13,0
318480,318480,318493,13,0
318480,318480,318493,13,0
318480,318480,318494,14,0
318480,318480,318493,13,0
318480,318480,318494,14,0
318480,318480,318496,16,0
318480,318480,318496,16,0
318480,318480,318500,20,0
318480,318480,318501,21,0
318480,318480,318501,21,0
318480,318480,318501,21,0
318505,318505,318506,1,0
318505,318505,318507,2,0
318505,318505,318507,2,0
318505,318505,318507,2,0
318505,318505,318507,2,0
318505,318505,318508,3,0
318505,318507,318509,2,2
318505,318507,318509,2,2
318505,318507,318508,1,2
318505,318507,318509,2,2
318505,318505,318510,5,0
318505,318505,318510,5,0
318505,318507,318509,2,2
318505,318505,318509,4,0
318505,318508,318509,1,3
318505,318509,318510,1,4
318505,318509,318511,2,4
318505,318509,318510,1,4
318505,318505,318510,5,0
318505,318509,318510,1,4
318505,318505,318511,6,0
318505,318505,318511,6,0
318505,318510,318511,1,5
318505,318510,318511,1,5
318505,318505,318512,7,0
318505,318510,318511,1,5
318505,318510,318511,1,5
318505,318505,318513,8,0
318505,318505,318513,8,0
318505,318505,318513,8,0
318505,318505,318512,7,0
318505,318510,318512,2,5
318505,318511,318512,1,6
318505,318505,318513,8,0
318505,318511,318512,1,6
318505,318511,318513,2,6
318505,318511,318513,2,6
318505,318505,318513,8,0
318505,318505,318513,8,0
318505,318505,318513,8,0
318505,318505,318514,9,0
318505,318512,318513,1,7
318505,318512,318514,2,7
318505,318512,318513,1,7
318505,318505,318513,8,0
318505,318511,318513,2,6
318505,318512,318514,2,7
318505,318512,318513,1,7
318505,318505,318514,9,0
318505,318512,318513,1,7
318505,318505,318514,9,0
318505,318505,318515,10,0
318505,318512,318514,2,7
318505,318505,318515,10,0
318505,318505,318514,9,0
318505,318513,318514,1,8
318505,318513,318514,1,8
318505,318513,318514,1,8
318505,318505,318515,10,0
318505,318505,318515,10,0
318505,318513,318515,2,8
318505,318505,318516,11,0
318505,318513,318515,2,8
318505,318513,318515,2,8
318505,318505,318515,10,0
318505,318513,318516,3,8
318505,318513,318515,2,8
318505,318505,318516,11,0
318505,318505,318517,12,0
318505,318505,318517,12,0
318505,318505,318517,12,0
318505,318505,318518,13,0
318505,318505,318518,13,0
318505,318505,318518,13,0
318505,318505,318519,14,0
318505,318505,318519,14,0
318505,318505,318521,16,0
318505,318505,318524,19,0
318505,318505,318531,26,0
318534,318534,318535,1,0
318534,318534,318535,1,0
318534,318534,318535,1,0
318534,318534,318535,1,0
318534,318534,318536,2,0
318534,318534,318536,2,0
318534,318536,318537,1,2
318534,318536,318538,2,2
318534,318537,318538,1,3
318534,318534,318539,5,0
318534,318536,318538,2,2
318534,318536,318538,2,2
318534,318536,318538,2,2
318534,318534,318538,4,0
318534,318534,318538,4,0
318534,318534,318539,5,0
318534,318534,318539,5,0
318534,318534,318540,6,0
318534,318534,318539,5,0
318534,318534,318539,5,0
318534,318534,318540,6,0
318534,318538,318539,1,4
318534,318538,318540,2,4
318534,318534,318540,6,0
318534,318534,318540,6,0
318534,318539,318541,2,5
318534,318539,318540,1,5
318534,318534,318541,7,0
318534,318534,318541,7,0
318534,318534,318541,7,0
318534,318539,318541,2,5
318534,318534,318540,6,0
318534,318538,318540,2,4
318534,318534,318541,7,0
318534,318534,318541,7,0
318534,318534,318541,7,0
318534,318539,318541,2,5
318534,318540,318542,2,6
318534,318534,318542,8,0
318534,318540,318541,1,6
318534,318534,318541,7,0
318534,318540,318541,1,6
318534,318540,318541,1,6
318534,318534,318543,9,0
318534,318534,318542,8,0
318534,318534,318542,8,0
318534,318534,318542,8,0
318534,318541,318542,1,7
318534,318541,318542,1,7
318534,318541,318542,1,7
318534,318539,318543,4,5
318534,318540,318543,3,6
318534,318541,318542,1,7
318534,318541,318542,1,7
318534,318541,318542,1,7
318534,318541,318542,1,7
318534,318534,318544,10,0
318534,318534,318543,9,0
318534,318534,318543,9,0
318534,318540,318543,3,6
318534,318541,318543,2,7
318534,318534,318543,9,0
318534,318540,318544,4,6
318534,318541,318544,3,7
318534,318534,318543,9,0
318534,318541,318543,2,7
318534,318534,318544,10,0
318534,318539,318544,5,5
318534,318542,318545,3,8
318534,318542,318544,2,8
318534,318540,318545,5,6
318534,318534,318546,12,0
318534,318534,318546,12,0
318534,318534,318546,12,0
318534,318534,318547,13,0
318534,318534,318547,13,0
318534,318534,318547,13,0
318534,318534,318548,14,0
318534,318534,318554,20,0
318557,318557,318559,2,0
318557,318557,318559,2,0
318557,318557,318559,2,0
318557,318557,318559,2,0
318557,318557,318559,2,0
318557,318558,318560,2,1
318557,318558,318562,4,1
318557,318558,318562,4,1
318557,318560,318562,2,3
318557,318560,318562,2,3
318557,318560,318562,2,3
318557,318560,318563,3,3
318557,318561,318563,2,4
318557,318558,318563,5,1
318557,318558,318564,6,1
318557,318557,318563,6,0
318557,318560,318563,3,3
318557,318558,318563,5,1
318557,318558,318564,6,1
318557,318558,318564,6,1
318557,318558,318564,6,1
318557,318558,318564,6,1
318557,318558,318564,6,1
318557,318563,318565,2,6
318557,318563,318565,2,6
318557,318563,318565,2,6
318557,318563,318565,2,6
318557,318563,318565,2,6
318557,318564,318566,2,7
318557,318558,318565,7,1
318557,318563,318565,2,6
318557,318564,318565,1,7
318557,318558,318565,7,1
318557,318558,318566,8,1
318557,318558,318566,8,1
318557,318558,318566,8,1
318557,318558,318566,8,1
318557,318558,318566,8,1
318557,318558,318566,8,1
318557,318558,318566,8,1
318557,318565,318566,1,8
318557,318565,318566,1,8
318557,318558,318566,8,1
318557,318564,318566,2,7
318557,318558,318566,8,1
318557,318565,318566,1,8
318557,318558,318567,9,1
318557,318565,318566,1,8
318557,318565,318566,1,8
318557,318557,318567,10,0
318557,318558,318568,10,1
318557,318558,318568,10,1
318557,318564,318567,3,7
318557,318565,318567,2,8
318557,318558,318568,10,1
318557,318565,318567,2,8
318557,318558,318567,9,1
318557,318566,318567,1,9
318557,318566,318567,1,9
318557,318566,318567,1,9
318557,318566,318567,1,9
318557,318566,318567,1,9
318557,318566,318567,1,9
318557,318566,318567,1,9
318557,318558,318568,10,1
318557,318558,318568,10,1
318557,318563,318568,5,6
318557,318564,318568,4,7
318557,318557,318568,11,0
318557,318558,318569,11,1
318557,318565,318568,3,8
318557,318558,318568,10,1
318557,318566,318568,2,9
318557,318558,318568,10,1
318557,318558,318569,11,1
318557,318565,318570,5,8
318557,318557,318574,17,0
318557,318557,318577,20,0
318557,318557,318580,23,0
318583,318583,318585,2,0
318583,318583,318585,2,0
318583,318583,318585,2,0
318583,318583,318585,2,0
318583,318583,318586,3,0
318583,318583,318586,3,0
318583,318583,318588,5,0
318583,318586,318588,2,3
318583,318583,318588,5,0
318583,318584,318589,5,1
318583,318584,318588,4,1
318583,318586,318588,2,3
318583,318587,318588,1,4
318583,318583,318589,6,0
318583,318586,318589,3,3
318583,318586,318589,3,3
318583,318584,318590,6,1
318583,318586,318590,4,3
318583,318584,318590,6,1
318583,318583,318590,7,0
318583,318588,318590,2,5
318583,318589,318590,1,6
318583,318584,318591,7,1
318583,318589,318591,2,6
318583,318589,318592,3,6
318583,318583,318592,9,0
318583,318583,318591,8,0
318583,318590,318591,1,7
318583,318583,318591,8,0
318583,318590,318591,1,7
318583,318584,318591,7,1
318583,318583,318592,9,0
318583,318589,318591,2,6
318583,318583,318592,9,0
318583,318583,318592,9,0
318583,318583,318592,9,0
318583,318584,318592,8,1
318583,318590,318592,2,7
318583,318591,318592,1,8
318583,318584,318592,8,1
318583,318591,318592,1,8
318583,318583,318593,10,0
318583,318591,318592,1,8
318583,318591,318592,1,8
318583,318584,318592,8,1
318583,318591,318592,1,8
318583,318584,318593,9,1
318583,318588,318593,5,5
318583,318583,318593,10,0
318583,318584,318593,9,1
318583,318583,318593,10,0
318583,318592,318593,1,9
318583,318592,318593,1,9
318583,318592,318593,1,9
318583,318583,318593,10,0
318583,318592,318593,1,9
318583,318592,318593,1,9
318583,318592,318593,1,9
318583,318592,318593,1,9
318583,318592,318593,1,9
318583,318583,318594,11,0
318583,318584,318594,10,1
318583,318583,318594,11,0
318583,318592,318594,2,9
318583,318592,318594,2,9
318583,318583,318594,11,0
318583,318583,318594,11,0
318583,318592,318594,2,9
318583,318589,318595,6,6
318583,318591,318595,4,8
318583,318583,318596,13,0
318583,318593,318595,2,10
318583,318593,318595,2,10
318583,318583,318596,13,0
318583,318584,318596,12,1
318583,318583,318596,13,0
318583,318583,318597,14,0
318583,318583,318598,15,0
318583,318583,318599,16,0
318602,318602,318604,2,0
318602,318602,318604,2,0
318602,318602,318604,2,0
318602,318602,318604,2,0
318602,318602,318605,3,0
318602,318602,318604,2,0
318602,318602,318606,4,0
318602,318604,318607,3,2
318602,318604,318607,3,2
318602,318604,318607,3,2
318602,318605,318607,2,3
318602,318605,318608,3,3
318602,318602,318607,5,0
318602,318606,318608,2,4
318602,318602,318609,7,0
318602,318602,318609,7,0
318602,318604,318608,4,2
318602,318607,318609,2,5
318602,318608,318609,1,6
318602,318608,318609,1,6
318602,318608,318609,1,6
318602,318602,318610,8,0
318602,318602,318610,8,0
318602,318602,318610,8,0
318602,318608,318610,2,6
318602,318602,318610,8,0
318602,318602,318611,9,0
318602,318602,318611,9,0
318602,318602,318611,9,0
318602,318602,318611,9,0
318602,318602,318611,9,0
318602,318602,318611,9,0
318602,318611,318612,1,9
318602,318602,318611,9,0
318602,318609,318611,2,7
318602,318610,318611,1,8
318602,318602,318611,9,0
318602,318610,318611,1,8
318602,318602,318612,10,0
318602,318602,318612,10,0
318602,318609,318612,3,7
318602,318602,318612,10,0
318602,318602,318612,10,0
318602,318602,318612,10,0
318602,318610,318612,2,8
318602,318611,318612,1,9
318602,318610,318612,2,8
318602,318612,318613,1,10
318602,318612,318613,1,10
318602,318612,318613,1,10
318602,318612,318613,1,10
318602,318612,318613,1,10
318602,318612,318613,1,10
318602,318612,318613,1,10
318602,318612,318613,1,10
318602,318610,318614,4,8
318602,318602,318614,12,0
318602,318602,318614,12,0
318602,318610,318614,4,8
318602,318609,318614,5,7
318602,318611,318614,3,9
318602,318602,318615,13,0
318602,318602,318615,13,0
318602,318610,318615,5,8
318602,318602,318615,13,0
318602,318609,318615,6,7
318602,318602,318615,13,0
318602,318602,318616,14,0
318602,318608,318616,8,6
318602,318602,318616,14,0
318602,318602,318617,15,0
318602,318602,318617,15,0
318602,318602,318619,17,0
318602,318602,318619,17,0
318602,318602,318621,19,0
318602,318602,318622,20,0
318602,318602,318622,20,0
318602,318602,318624,22,0
318602,318602,318628,26,0
318631,318631,318632,1,0
318631,318631,318633,2,0
318631,318631,318633,2,0
318631,318631,318633,2,0
318631,318631,318634,3,0
318631,318631,318634,3,0
318631,318631,318634,3,0
318631,318631,318636,5,0
318631,318633,318635,2,2
318631,318634,318636,2,3
318631,318631,318637,6,0
318631,318633,318637,4,2
318631,318633,318637,4,2
318631,318634,318637,3,3
318631,318631,318638,7,0
318631,318633,318638,5,2
318631,318636,318638,2,5
318631,318637,318638,1,6
318631,318631,318639,8,0
318631,318631,318639,8,0
318631,318637,318638,1,6
318631,318637,318639,2,6
318631,318631,318639,8,0
318631,318637,318639,2,6
318631,318631,318639,8,0
318631,318631,318640,9,0
318631,318631,318640,9,0
318631,318631,318640,9,0
318631,318631,318639,8,0
318631,318636,318640,4,5
318631,318631,318640,9,0
318631,318631,318639,8,0
318631,318631,318640,9,0
318631,318631,318640,9,0
318631,318631,318640,9,0
318631,318631,318639,8,0
318631,318637,318640,3,6
318631,318631,318640,9,0
318631,318631,318641,10,0
318631,318631,318641,10,0
318631,318631,318641,10,0
318631,318631,318641,10,0
318631,318638,318641,3,7
318631,318640,318641,1,9
318631,318631,318641,10,0
318631,318640,318641,1,9
318631,318631,318641,10,0
318631,318639,318641,2,8
318631,318631,318641,10,0
318631,318639,318641,2,8
318631,318639,318641,2,8
318631,318639,318642,3,8
318631,318640,318642,2,9
318631,318641,318642,1,10
318631,318631,318642,11,0
318631,318639,318642,3,8
318631,318641,318642,1,10
318631,318640,318643,3,9
318631,318635,318643,8,4
318631,318640,318643,3,9
318631,318640,318643,3,9
318631,318640,318643,3,9
318631,318640,318643,3,9
318631,318631,318644,13,0
318631,318640,318644,4,9
318631,318631,318644,13,0
318631,318631,318645,14,0
318631,318638,318645,7,7
318631,318640,318645,5,9
318631,318631,318645,14,0
318631,318639,318645,6,8
318631,318631,318646,15,0
318631,318639,318646,7,8
318631,318631,318647,16,0
318631,318631,318647,16,0
318631,318631,318647,16,0
318631,318631,318648,17,0
318631,318631,318648,17,0
318631,318631,318656,25,0
318659,318659,318661,2,0
318659,318659,318661,2,0
318659,318659,318661,2,0
318659,318659,318661,2,0
318659,318659,318661,2,0
318659,318659,318661,2,0
318659,318659,318663,4,0
318659,318661,318663,2,2
318659,318661,318663,2,2
318659,318659,318664,5,0
318659,318659,318664,5,0
318659,318659,318664,5,0
318659,318659,318663,4,0
318659,318659,318664,5,0
318659,318659,318664,5,0
318659,318659,318663,4,0
318659,318659,318664,5,0
318659,318661,318663,2,2
318659,318659,318664,5,0
318659,318659,318665,6,0
318659,318661,318664,3,2
318659,318659,318664,5,0
318659,318659,318665,6,0
318659,318661,318665,4,2
318659,318661,318664,3,2
318659,318659,318664,5,0
318659,318663,318665,2,4
318659,318663,318665,2,4
318659,318664,318666,2,5
318659,318659,318667,8,0
318659,318663,318667,4,4
318659,318659,318667,8,0
318659,318659,318667,8,0
318659,318659,318667,8,0
318659,318659,318667,8,0
318659,318659,318667,8,0
318659,318659,318668,9,0
318659,318664,318668,4,5
318659,318664,318668,4,5
318659,318665,318667,2,6
318659,318665,318668,3,6
318659,318659,318668,9,0
318659,318666,318668,2,7
318659,318659,318668,9,0
318659,318666,318668,2,7
318659,318666,318668,2,7
318659,318665,318668,3,6
318659,318665,318668,3,6
318659,318659,318669,10,0
318659,318664,318669,5,5
318659,318664,318669,5,5
318659,318664,318669,5,5
318659,318664,318669,5,5
318659,318667,318669,2,8
318659,318659,318669,10,0
318659,318668,318669,1,9
318659,318668,318669,1,9
318659,318668,318669,1,9
318659,318668,318669,1,9
318659,318659,318670,11,0
318659,318659,318670,11,0
318659,318659,318670,11,0
318659,318668,318671,3,9
318659,318659,318671,12,0
318659,318659,318672,13,0
318659,318664,318672,8,5
318659,318665,318672,7,6
318659,318664,318673,9,5
318659,318664,318673,9,5
318659,318659,318673,14,0
318659,318659,318674,15,0
318659,318659,318673,14,0
318659,318665,318674,9,6
318659,318659,318675,16,0
318659,318665,318676,11,6
318659,318659,318677,18,0
318659,318659,318677,18,0
318659,318659,318677,18,0
318659,318659,318677,18,0
318680,318680,318682,2,0
318680,318680,318682,2,0
318680,318680,318682,2,0
318680,318680,318682,2,0
318680,318680,318682,2,0
318680,318680,318682,2,0
318680,318680,318684,4,0
318680,318682,318684,2,2
318680,318680,318684,4,0
318680,318682,318684,2,2
318680,318682,318684,2,2
318680,318682,318684,2,2
318680,318682,318684,2,2
318680,318682,318684,2,2
318680,318680,318685,5,0
318680,318680,318685,5,0
318680,318680,318685,5,0
318680,318680,318685,5,0
318680,318680,318686,6,0
318680,318684,318686,2,4
318680,318680,318685,5,0
318680,318684,318686,2,4
318680,318684,318686,2,4
318680,318684,318686,2,4
318680,318684,318687,3,4
318680,318680,318686,6,0
318680,318680,318687,7,0
318680,318680,318687,7,0
318680,318684,318687,3,4
318680,318684,318687,3,4
318680,318684,318687,3,4
318680,318680,318688,8,0
318680,318686,318688,2,6
318680,318680,318688,8,0
318680,318686,318688,2,6
318680,318687,318688,1,7
318680,318680,318688,8,0
318680,318686,318688,2,6
318680,318680,318689,9,0
318680,318685,318688,3,5
318680,318680,318689,9,0
318680,318680,318689,9,0
318680,318680,318689,9,0
318680,318687,318689,2,7
318680,318687,318689,2,7
318680,318680,318689,9,0
318680,318680,318690,10,0
318680,318680,318689,9,0
318680,318689,318690,1,9
318680,318680,318689,9,0
318680,318688,318689,1,8
318680,318687,318690,3,7
318680,318686,318690,4,6
318680,318687,318690,3,7
318680,318680,318690,10,0
318680,318689,318690,1,9
318680,318689,318690,1,9
318680,318680,318690,10,0
318680,318680,318690,10,0
318680,318680,318690,10,0
318680,318689,318690,1,9
318680,318686,318691,5,6
318680,318680,318691,11,0
318680,318685,318691,6,5
318680,318687,318691,4,7
318680,318680,318691,11,0
318680,318680,318692,12,0
318680,318680,318692,12,0
318680,318680,318692,12,0
318680,318680,318692,12,0
318680,318680,318692,12,0
318680,318686,318693,7,6
318680,318680,318693,13,0
318680,318680,318693,13,0
318680,318685,318694,9,5
318680,318685,318694,9,5
318680,318680,318695,15,0
318680,318680,318696,16,0
318680,318680,318697,17,0
318700,318700,318702,2,0
318700,318700,318702,2,0
318700,318700,318702,2,0
318700,318700,318702,2,0
318700,318700,318702,2,0
318700,318700,318703,3,0
318700,318702,318704,2,2
318700,318702,318703,1,2
318700,318702,318704,2,2
318700,318702,318704,2,2
318700,318700,318704,4,0
318700,318700,318704,4,0
318700,318700,318704,4,0
318700,318702,318704,2,2
318700,318700,318705,5,0
318700,318700,318705,5,0
318700,318704,318706,2,4
318700,318704,318706,2,4
318700,318704,318706,2,4
318700,318704,318706,2,4
318700,318704,318706,2,4
318700,318700,318706,6,0
318700,318700,318707,7,0
318700,318705,318707,2,5
318700,318700,318707,7,0
318700,318700,318707,7,0
318700,318705,318707,2,5
318700,318705,318708,3,5
318700,318705,318707,2,5
318700,318700,318708,8,0
318700,318706,318708,2,6
318700,318700,318708,8,0
318700,318706,318708,2,6
318700,318706,318708,2,6
318700,318706,318707,1,6
318700,318700,318707,7,0
318700,318706,318708,2,6
318700,318706,318709,3,6
318700,318700,318709,9,0
318700,318707,318709,2,7
318700,318707,318709,2,7
318700,318707,318709,2,7
318700,318705,318709,4,5
318700,318700,318709,9,0
318700,318700,318709,9,0
318700,318707,318708,1,7
318700,318700,318709,9,0
318700,318707,318709,2,7
318700,318700,318710,10,0
318700,318700,318710,10,0
318700,318708,318710,2,8
318700,318708,318710,2,8
318700,318708,318710,2,8
318700,318708,318710,2,8
318700,318708,318710,2,8
318700,318708,318710,2,8
318700,318708,318710,2,8
318700,318700,318711,11,0
318700,318708,318711,3,8
318700,318708,318711,3,8
318700,318700,318711,11,0
318700,318700,318711,11,0
318700,318700,318711,11,0
318700,318700,318711,11,0
318700,318700,318713,13,0
318700,318700,318713,13,0
318700,318700,318714,14,0
318700,318700,318714,14,0
318700,318700,318713,13,0
318700,318700,318714,14,0
318700,318700,318714,14,0
318700,318700,318714,14,0
318700,318700,318714,14,0
318700,318700,318716,16,0
318700,318700,318719,19,0
318700,318700,318720,20,0
318700,318700,318720,20,0
318700,318700,318721,21,0
318700,318700,318722,22,0
318726,318726,318727,1,0
318726,318726,318728,2,0
318726,318726,318728,2,0
318726,318726,318728,2,0
318726,318726,318729,3,0
318726,318726,318729,3,0
318726,318728,318730,2,2
318726,318728,318730,2,2
318726,318728,318729,1,2
318726,318728,318729,1,2
318726,318726,318730,4,0
318726,318726,318730,4,0
318726,318726,318730,4,0
318726,318729,318731,2,3
318726,318726,318731,5,0
318726,318726,318732,6,0
318726,318730,318732,2,4
318726,318726,318732,6,0
318726,318730,318732,2,4
318726,318730,318732,2,4
318726,318730,318731,1,4
318726,318730,318732,2,4
318726,318726,318733,7,0
318726,318731,318733,2,5
318726,318731,318732,1,5
318726,318726,318732,6,0
318726,318726,318734,8,0
318726,318726,318734,8,0
318726,318731,318733,2,5
318726,318731,318734,3,5
318726,318731,318734,3,5
318726,318726,318734,8,0
318726,318732,318734,2,6
318726,318732,318734,2,6
318726,318726,318733,7,0
318726,318732,318734,2,6
318726,318732,318734,2,6
318726,318726,318734,8,0
318726,318732,318734,2,6
318726,318726,318734,8,0
318726,318732,318733,1,6
318726,318732,318734,2,6
318726,318726,318735,9,0
318726,318733,318735,2,7
318726,318733,318734,1,7
318726,318733,318734,1,7
318726,318726,318735,9,0
318726,318733,318734,1,7
318726,318726,318734,8,0
318726,318726,318736,10,0
318726,318726,318736,10,0
318726,318734,318735,1,8
318726,318734,318736,2,8
318726,318734,318736,2,8
318726,318734,318736,2,8
318726,318726,318737,11,0
318726,318726,318736,10,0
318726,318726,318737,11,0
318726,318726,318736,10,0
318726,318734,318737,3,8
318726,318734,318737,3,8
318726,318734,318737,3,8
318726,318734,318737,3,8
318726,318734,318737,3,8
318726,318726,318737,11,0
318726,318726,318738,12,0
318726,318726,318739,13,0
318726,318726,318741,15,0
318726,318726,318740,14,0
318726,318726,318741,15,0
318726,318726,318741,15,0
318726,318726,318743,17,0
318726,318726,318743,17,0
318726,318726,318744,18,0
318726,318726,318745,19,0
318726,318726,318744,18,0
318726,318726,318746,20,0
318726,318726,318746,20,0
318726,318726,318754,28,0
318758,318758,318759,1,0
318758,318758,318760,2,0
318758,318758,318760,2,0
318758,318758,318760,2,0
318758,318758,318760,2,0
318758,318758,318759,1,0
318758,318758,318762,4,0
318758,318760,318761,1,2
318758,318760,318761,1,2
318758,318760,318761,1,2
318758,318760,318762,2,2
318758,318760,318762,2,2
318758,318758,318762,4,0
318758,318760,318761,1,2
318758,318758,318762,4,0
318758,318762,318764,2,4
318758,318762,318764,2,4
318758,318762,318763,1,4
318758,318762,318764,2,4
318758,318762,318763,1,4
318758,318762,318763,1,4
318758,318764,318766,2,6
318758,318764,318766,2,6
318758,318758,318766,8,0
318758,318764,318765,1,6
318758,318758,318766,8,0
318758,318764,318765,1,6
318758,318764,318765,1,6
318758,318764,318765,1,6
318758,318763,318766,3,5
318758,318762,318767,5,4
318758,318762,318766,4,4
318758,318758,318767,9,0
318758,318758,318766,8,0
318758,318758,318767,9,0
318758,318758,318767,9,0
318758,318766,318767,1,8
318758,318766,318767,1,8
318758,318766,318767,1,8
318758,318766,318768,2,8
318758,318766,318767,1,8
318758,318766,318767,1,8
318758,318758,318768,10,0
318758,318766,318768,2,8
318758,318766,318768,2,8
318758,318758,318769,11,0
318758,318758,318769,11,0
318758,318767,318768,1,9
318758,318767,318768,1,9
318758,318758,318769,11,0
318758,318758,318768,10,0
318758,318767,318768,1,9
318758,318758,318769,11,0
318758,318758,318769,11,0
318758,318767,318770,3,9
318758,318767,318769,2,9
318758,318758,318769,11,0
318758,318758,318770,12,0
318758,318758,318770,12,0
318758,318767,318770,3,9
318758,318758,318771,13,0
318758,318758,318771,13,0
318758,318758,318771,13,0
318758,318758,318772,14,0
318758,318758,318773,15,0
318758,318758,318773,15,0
318758,318758,318773,15,0
318758,318758,318775,17,0
318758,318758,318777,19,0
318758,318758,318777,19,0
318758,318758,318778,20,0
318758,318758,318778,20,0
318758,318758,318779,21,0
318758,318758,318779,21,0
318758,318758,318782,24,0
318758,318758,318784,26,0
318758,318758,318784,26,0
318758,318758,318787,29,0
318758,318758,318789,31,0
318792,318792,318793,1,0
318792,318792,318793,1,0
318792,318792,318793,1,0
318792,318792,318793,1,0
318792,318792,318793,1,0
318792,318792,318795,3,0
318792,318794,318795,1,2
318792,318794,318795,1,2
318792,318794,318795,1,2
318792,318794,318795,1,2
318792,318794,318795,1,2
318792,318795,318796,1,3
318792,318796,318797,1,4
318792,318796,318798,2,4
318792,318796,318798,2,4
318792,318792,318798,6,0
318792,318792,318799,7,0
318792,318792,318798,6,0
318792,318796,318798,2,4
318792,318792,318798,6,0
318792,318792,318798,6,0
318792,318796,318798,2,4
318792,318797,318799,2,5
318792,318792,318800,8,0
318792,318792,318799,7,0
318792,318792,318800,8,0
318792,318798,318799,1,6
318792,318792,318799,7,0
318792,318798,318800,2,6
318792,318798,318799,1,6
318792,318792,318800,8,0
318792,318792,318800,8,0
318792,318799,318801,2,7
318792,318792,318801,9,0
318792,318799,318801,2,7
318792,318792,318801,9,0
318792,318799,318800,1,7
318792,318799,318801,2,7
318792,318799,318800,1,7
318792,318792,318801,9,0
318792,318800,318801,1,8
318792,318800,318801,1,8
318792,318792,318802,10,0
318792,318800,318801,1,8
318792,318801,318802,1,9
318792,318800,318801,1,8
318792,318800,318801,1,8
318792,318800,318801,1,8
318792,318800,318801,1,8
318792,318799,318802,3,7
318792,318799,318802,3,7
318792,318800,318802,2,8
318792,318801,318802,1,9
318792,318801,318802,1,9
318792,318792,318802,10,0
318792,318801,318802,1,9
318792,318792,318802,10,0
318792,318792,318803,11,0
318792,318792,318803,11,0
318792,318792,318804,12,0
318792,318792,318805,13,0
318792,318792,318804,12,0
318792,318799,318804,5,7
318792,318792,318805,13,0
318792,318792,318806,14,0
318792,318792,318806,14,0
318792,318792,318807,15,0
318792,318792,318806,14,0
318792,318792,318806,14,0
318792,318792,318808,16,0
318792,318792,318808,16,0
318792,318792,318809,17,0
318792,318792,318809,17,0
318792,318792,318812,20,0
318792,318792,318812,20,0
318792,318792,318813,21,0
318792,318792,318815,23,0
318792,318792,318815,23,0
318792,318792,318817,25,0
318820,318820,318822,2,0
318820,318820,318822,2,0
318820,318820,318822,2,0
318820,318820,318822,2,0
318820,318820,318822,2,0
318820,318820,318823,3,0
318820,318823,318824,1,3
318820,318823,318824,1,3
318820,318823,318824,1,3
318820,318823,318824,1,3
318820,318823,318824,1,3
318820,318823,318825,2,3
318820,318825,318827,2,5
318820,318825,318826,1,5
318820,318825,318826,1,5
318820,318821,318827,6,1
318820,318825,318827,2,5
318820,318820,318828,8,0
318820,318825,318827,2,5
318820,318821,318828,7,1
318820,318820,318828,8,0
318820,318820,318828,8,0
318820,318821,318828,7,1
318820,318826,318828,2,6
318820,318821,318830,9,1
318820,318820,318830,10,0
318820,318820,318829,9,0
318820,318827,318829,2,7
318820,318820,318829,9,0
318820,318827,318829,2,7
318820,318827,318829,2,7
318820,318828,318829,1,8
318820,318821,318830,9,1
318820,318820,318830,10,0
318820,318821,318830,9,1
318820,318828,318831,3,8
318820,318820,318830,10,0
318820,318820,318830,10,0
318820,318829,318830,1,9
318820,318828,318830,2,8
318820,318829,318830,1,9
318820,318829,318830,1,9
318820,318820,318830,10,0
318820,318829,318830,1,9
318820,318821,318831,10,1
318820,318830,318831,1,10
318820,318830,318831,1,10
318820,318830,318831,1,10
318820,318830,318831,1,10
318820,318830,318831,1,10
318820,318830,318831,1,10
318820,318830,318831,1,10
318820,318820,318832,12,0
318820,318820,318832,12,0
318820,318829,318832,3,9
318820,318820,318832,12,0
318820,318831,318832,1,11
318820,318831,318832,1,11
318820,318820,318833,13,0
318820,318831,318833,2,11
318820,318828,318833,5,8
318820,318820,318833,13,0
318820,318820,318834,14,0
318820,318830,318834,4,10
318820,318820,318834,14,0
318820,318820,318836,16,0
318820,318821,318837,16,1
318820,318820,318838,18,0
318820,318820,318838,18,0
318820,318820,318839,19,0
318820,318820,318839,19,0
318820,318820,318839,19,0
318820,318821,318840,19,1
318820,318820,318840,20,0
318820,318820,318843,23,0
318820,318820,318843,23,0
318820,318820,318844,24,0
318820,318820,318844,24,0
318820,318820,318847,27,0
318850,318850,318852,2,0
318850,318850,318852,2,0
318850,318850,318852,2,0
318850,318850,318852,2,0
318850,318850,318852,2,0
318850,318850,318852,2,0
318850,318852,318854,2,2
318850,318850,318855,5,0
318850,318852,318855,3,2
318850,318853,318855,2,3
318850,318850,318855,5,0
318850,318852,318855,3,2
318850,318853,318856,3,3
318850,318853,318856,3,3
318850,318850,318857,7,0
318850,318850,318858,8,0
318850,318856,318858,2,6
318850,318850,318859,9,0
318850,318855,318858,3,5
318850,318856,318858,2,6
318850,318850,318859,9,0
318850,318850,318859,9,0
318850,318857,318859,2,7
318850,318850,318859,9,0
318850,318850,318859,9,0
318850,318856,318860,4,6
318850,318850,318859,9,0
318850,318850,318859,9,0
318850,318856,318859,3,6
318850,318857,318859,2,7
318850,318850,318859,9,0
318850,318850,318860,10,0
318850,318850,318860,10,0
318850,318850,318860,10,0
318850,318850,318860,10,0
318850,318859,318861,2,9
318850,318859,318860,1,9
318850,318850,318860,10,0
318850,318859,318860,1,9
318850,318850,318861,11,0
318850,318850,318862,12,0
318850,318860,318861,1,10
318850,318860,318861,1,10
318850,318859,318861,2,9
318850,318860,318861,1,10
318850,318860,318861,1,10
318850,318859,318861,2,9
318850,318860,318861,1,10
318850,318860,318861,1,10
318850,318861,318862,1,11
318850,318860,318861,1,10
318850,318860,318861,1,10
318850,318860,318862,2,10
318850,318860,318861,1,10
318850,318850,318862,12,0
318850,318850,318862,12,0
318850,318850,318862,12,0
318850,318861,318862,1,11
318850,318850,318863,13,0
318850,318857,318863,6,7
318850,318855,318863,8,5
318850,318861,318863,2,11
318850,318850,318863,13,0
318850,318861,318863,2,11
318850,318850,318864,14,0
318850,318850,318864,14,0
318850,318850,318864,14,0
318850,318850,318864,14,0
318850,318850,318864,14,0
318850,318850,318864,14,0
318850,318859,318864,5,9
318850,318850,318865,15,0
318850,318850,318866,16,0
318850,318850,318867,17,0
318850,318850,318868,18,0
318850,318850,318868,18,0
318850,318850,318871,21,0
318850,318850,318873,23,0
318850,318850,318874,24,0
318877,318877,318879,2,0
318877,318877,318879,2,0
318877,318877,318879,2,0
318877,318877,318879,2,0
318877,318877,318879,2,0
318877,318877,318879,2,0
318877,318879,318881,2,2
318877,318877,318882,5,0
318877,318879,318882,3,2
318877,318879,318882,3,2
318877,318877,318883,6,0
318877,318879,318883,4,2
318877,318879,318883,4,2
318877,318877,318883,6,0
318877,318877,318884,7,0
318877,318879,318884,5,2
318877,318877,318884,7,0
318877,318877,318884,7,0
318877,318882,318884,2,5
318877,318881,318884,3,4
318877,318877,318885,8,0
318877,318877,318886,9,0
318877,318877,318886,9,0
318877,318877,318886,9,0
318877,318877,318886,9,0
318877,318877,318887,10,0
318877,318883,318886,3,6
318877,318885,318886,1,8
318877,318885,318886,1,8
318877,318877,318886,9,0
318877,318877,318886,9,0
318877,318885,318886,1,8
318877,318877,318887,10,0
318877,318884,318886,2,7
318877,318877,318887,10,0
318877,318877,318887,10,0
318877,318884,318887,3,7
318877,318883,318887,4,6
318877,318887,318888,1,10
318877,318877,318887,10,0
318877,318877,318887,10,0
318877,318884,318887,3,7
318877,318885,318887,2,8
318877,318885,318887,2,8
318877,318886,318887,1,9
318877,318877,318888,11,0
318877,318887,318888,1,10
318877,318887,318889,2,10
318877,318887,318888,1,10
318877,318887,318888,1,10
318877,318887,318888,1,10
318877,318887,318888,1,10
318877,318887,318889,2,10
318877,318887,318888,1,10
318877,318877,318889,12,0
318877,318886,318889,3,9
318877,318877,318889,12,0
318877,318887,318890,3,10
318877,318887,318890,3,10
318877,318877,318890,13,0
318877,318886,318890,4,9
318877,318883,318890,7,6
318877,318877,318891,14,0
318877,318887,318891,4,10
318877,318884,318891,7,7
318877,318877,318892,15,0
318877,318877,318894,17,0
318877,318877,318894,17,0
318877,318877,318894,17,0
318877,318877,318895,18,0
318877,318877,318898,21,0
318877,318877,318899,22,0
318877,318877,318899,22,0
318877,318877,318900,23,0
318877,318877,318902,25,0
318877,318877,318902,25,0
318877,318877,318902,25,0
318877,318877,318903,26,0
318877,318877,318904,27,0
318907,318907,318909,2,0
318907,318907,318909,2,0
318907,318907,318909,2,0
318907,318907,318909,2,0
318907,318907,318909,2,0
318907,318907,318909,2,0
318907,318909,318911,2,2
318907,318907,318911,4,0
318907,318910,318911,1,3
318907,318910,318911,1,3
318907,318909,318912,3,2
318907,318907,318913,6,0
318907,318909,318913,4,2
318907,318910,318913,3,3
318907,318907,318914,7,0
318907,318907,318914,7,0
318907,318907,318914,7,0
318907,318907,318914,7,0
318907,318907,318915,8,0
318907,318907,318915,8,0
318907,318907,318915,8,0
318907,318912,318915,3,5
318907,318913,318915,2,6
318907,318907,318915,8,0
318907,318907,318915,8,0
318907,318912,318915,3,5
318907,318912,318915,3,5
318907,318912,318915,3,5
318907,318907,318916,9,0
318907,318907,318916,9,0
318907,318907,318916,9,0
318907,318907,318916,9,0
318907,318907,318916,9,0
318907,318907,318916,9,0
318907,318914,318916,2,7
318907,318915,318916,1,8
318907,318907,318916,9,0
318907,318915,318916,1,8
318907,318907,318917,10,0
318907,318907,318917,10,0
318907,318907,318917,10,0
318907,318914,318917,3,7
318907,318916,318917,1,9
318907,318916,318917,1,9
318907,318916,318917,1,9
318907,318907,318917,10,0
318907,318916,318917,1,9
318907,318916,318917,1,9
318907,318916,318917,1,9
318907,318916,318917,1,9
318907,318907,318918,11,0
318907,318917,318918,1,10
318907,318917,318918,1,10
318907,318917,318918,1,10
318907,318917,318918,1,10
318907,318916,318919,3,9
318907,318914,318919,5,7
318907,318917,318919,2,10
318907,318907,318919,12,0
318907,318917,318919,2,10
318907,318915,318919,4,8
318907,318916,318919,3,9
318907,318907,318920,13,0
318907,318916,318920,4,9
318907,318907,318920,13,0
318907,318907,318920,13,0
318907,318915,318921,6,8
318907,318913,318921,8,6
318907,318907,318921,14,0
318907,318907,318921,14,0
318907,318907,318922,15,0
318907,318907,318923,16,0
318907,318907,318923,16,0
318907,318907,318924,17,0
318907,318907,318931,24,0
318907,318907,318934,27,0
318907,318907,318937,30,0
318907,318907,318939,32,0
318907,318907,318941,34,0
318944,318944,318946,2,0
318944,318944,318946,2,0
318944,318944,318946,2,0
318944,318944,318947,3,0
318944,318944,318946,2,0
318944,318944,318947,3,0
318944,318944,318948,4,0
318944,318946,318949,3,2
318944,318946,318949,3,2
318944,318946,318949,3,2
318944,318944,318949,5,0
318944,318944,318950,6,0
318944,318944,318950,6,0
318944,318947,318950,3,3
318944,318944,318950,6,0
318944,318944,318950,6,0
318944,318947,318950,3,3
318944,318944,318951,7,0
318944,318944,318951,7,0
318944,318944,318950,6,0
318944,318944,318951,7,0
318944,318950,318951,1,6
318944,318944,318951,7,0
318944,318947,318951,4,3
318944,318950,318951,1,6
318944,318944,318952,8,0
318944,318944,318952,8,0
318944,318944,318952,8,0
318944,318950,318952,2,6
318944,318944,318952,8,0
318944,318949,318952,3,5
318944,318944,318952,8,0
318944,318944,318953,9,0
318944,318950,318953,3,6
318944,318944,318953,9,0
318944,318944,318953,9,0
318944,318951,318953,2,7
318944,318951,318953,2,7
318944,318944,318953,9,0
318944,318944,318954,10,0
318944,318952,318953,1,8
318944,318952,318953,1,8
318944,318952,318953,1,8
318944,318952,318953,1,8
318944,318944,318954,10,0
318944,318944,318954,10,0
318944,318944,318954,10,0
318944,318944,318954,10,0
318944,318953,318954,1,9
318944,318944,318954,10,0
318944,318952,318954,2,8
318944,318953,318954,1,9
318944,318953,318954,1,9
318944,318953,318954,1,9
318944,318950,318955,5,6
318944,318944,318955,11,0
318944,318953,318956,3,9
318944,318953,318955,2,9
318944,318954,318955,1,10
318944,318954,318955,1,10
318944,318954,318955,1,10
318944,318944,318956,12,0
318944,318951,318955,4,7
318944,318944,318956,12,0
318944,318952,318956,4,8
318944,318950,318956,6,6
318944,318952,318956,4,8
318944,318944,318957,13,0
318944,318951,318957,6,7
318944,318944,318957,13,0
318944,318944,318958,14,0
318944,318951,318958,7,7
318944,318944,318959,15,0
318944,318950,318959,9,6
318944,318944,318960,16,0
318944,318944,318961,17,0
318944,318944,318962,18,0
318944,318944,318963,19,0
318944,318944,318963,19,0
318966,318966,318968,2,0
318966,318966,318968,2,0
318966,318966,318968,2,0
318966,318966,318968,2,0
318966,318966,318968,2,0
318966,318966,318968,2,0
318966,318968,318971,3,2
318966,318968,318971,3,2
318966,318968,318971,3,2
318966,318968,318970,2,2
318966,318968,318971,3,2
318966,318966,318972,6,0
318966,318966,318972,6,0
318966,318968,318972,4,2
318966,318966,318972,6,0
318966,318966,318972,6,0
318966,318966,318973,7,0
318966,318966,318973,7,0
318966,318966,318973,7,0
318966,318966,318973,7,0
318966,318966,318972,6,0
318966,318971,318973,2,5
318966,318966,318973,7,0
318966,318966,318974,8,0
318966,318966,318974,8,0
318966,318972,318974,2,6
318966,318966,318974,8,0
318966,318971,318974,3,5
318966,318966,318974,8,0
318966,318966,318974,8,0
318966,318971,318974,3,5
318966,318971,318974,3,5
318966,318973,318974,1,7
318966,318966,318974,8,0
318966,318971,318974,3,5
318966,318966,318975,9,0
318966,318972,318975,3,6
318966,318966,318975,9,0
318966,318972,318975,3,6
318966,318972,318975,3,6
318966,318973,318975,2,7
318966,318966,318975,9,0
318966,318974,318975,1,8
318966,318966,318975,9,0
318966,318975,318976,1,9
318966,318974,318975,1,8
318966,318974,318975,1,8
318966,318966,318975,9,0
318966,318974,318975,1,8
318966,318974,318975,1,8
318966,318966,318976,10,0
318966,318973,318976,3,7
318966,318966,318975,9,0
318966,318974,318976,2,8
318966,318975,318976,1,9
318966,318975,318976,1,9
318966,318975,318976,1,9
318966,318975,318976,1,9
318966,318975,318976,1,9
318966,318975,318976,1,9
318966,318975,318976,1,9
318966,318975,318976,1,9
318966,318966,318977,11,0
318966,318974,318976,2,8
318966,318966,318978,12,0
318966,318966,318978,12,0
318966,318966,318978,12,0
318966,318966,318978,12,0
318966,318966,318980,14,0
318966,318966,318981,15,0
318966,318966,318981,15,0
318966,318966,318981,15,0
318966,318966,318982,16,0
318966,318966,318983,17,0
318966,318966,318984,18,0
318966,318966,318983,17,0
318966,318966,318985,19,0
318966,318966,318986,20,0
318989,318989,318991,2,0
318989,318989,318991,2,0
318989,318989,318991,2,0
318989,318989,318991,2,0
318989,318989,318991,2,0
318989,318989,318992,3,0
318989,318989,318992,3,0
318989,318989,318993,4,0
318989,318989,318993,4,0
318989,318989,318994,5,0
318989,318989,318994,5,0
318989,318991,318994,3,2
318989,318991,318994,3,2
318989,318989,318993,4,0
318989,318991,318994,3,2
318989,318991,318994,3,2
318989,318991,318994,3,2
318989,318989,318994,5,0
318989,318989,318994,5,0
318989,318989,318995,6,0
318989,318992,318995,3,3
318989,318989,318995,6,0
318989,318989,318995,6,0
318989,318989,318995,6,0
318989,318992,318994,2,3
318989,318989,318996,7,0
318989,318989,318995,6,0
318989,318989,318996,7,0
318989,318989,318996,7,0
318989,318994,318995,1,5
318989,318989,318995,6,0
318989,318989,318996,7,0
318989,318994,318996,2,5
318989,318989,318996,7,0
318989,318989,318995,6,0
318989,318994,318995,1,5
318989,318989,318996,7,0
318989,318989,318996,7,0
318989,318994,318996,2,5
318989,318994,318996,2,5
318989,318989,318997,8,0
318989,318994,318997,3,5
318989,318994,318997,3,5
318989,318993,318997,4,4
318989,318994,318997,3,5
318989,318995,318997,2,6
318989,318989,318997,8,0
318989,318995,318997,2,6
318989,318995,318997,2,6
318989,318995,318997,2,6
318989,318996,318997,1,7
318989,318994,318997,3,5
318989,318995,318998,3,6
318989,318995,318998,3,6
318989,318995,318998,3,6
318989,318993,318998,5,4
318989,318989,318998,9,0
318989,318996,318998,2,7
318989,318996,318998,2,7
318989,318996,318998,2,7
318989,318996,318998,2,7
318989,318996,318998,2,7
318989,318996,318998,2,7
318989,318989,318997,8,0
318989,318996,318998,2,7
318989,318996,318998,2,7
318989,318989,318999,10,0
318989,318996,318999,3,7
318989,318989,319000,11,0
318989,318989,319001,12,0
318989,318989,319001,12,0
318989,318989,319003,14,0
318989,318989,319004,15,0
318989,318989,319004,15,0
318989,318989,319004,15,0
318989,318989,319005,16,0
318989,318989,319005,16,0
318989,318989,319007,18,0
318989,318989,319007,18,0
319011,319011,319013,2,0
319011,319011,319013,2,0
319011,319011,319013,2,0
319011,319011,319013,2,0
319011,319011,319013,2,0
319011,319011,319013,2,0
319011,319011,319015,4,0
319011,319013,319015,2,2
319011,319013,319014,1,2
319011,319013,319016,3,2
319011,319013,319016,3,2
319011,319013,319015,2,2
319011,319011,319017,6,0
319011,319014,319017,3,3
319011,319015,319017,2,4
319011,319011,319017,6,0
319011,319011,319018,7,0
319011,319011,319018,7,0
319011,319015,319017,2,4
319011,319016,319018,2,5
319011,319016,319018,2,5
319011,319016,319017,1,5
319011,319011,319018,7,0
319011,319011,319019,8,0
319011,319011,319018,7,0
319011,319017,319019,2,6
319011,319017,319018,1,6
319011,319017,319019,2,6
319011,319011,319019,8,0
319011,319011,319020,9,0
319011,319018,319020,2,7
319011,319018,319020,2,7
319011,319011,319020,9,0
319011,319018,319019,1,7
319011,319011,319020,9,0
319011,319018,319019,1,7
319011,319011,319020,9,0
319011,319011,319020,9,0
319011,319011,319021,10,0
319011,319011,319020,9,0
319011,319018,319021,3,7
319011,319019,319021,2,8
319011,319011,319020,9,0
319011,319011,319020,9,0
319011,319018,319021,3,7
319011,319018,319021,3,7
319011,319011,319021,10,0
319011,319011,319021,10,0
319011,319019,319020,1,8
319011,319019,319021,2,8
319011,319019,319021,2,8
319011,319019,319020,1,8
319011,319011,319022,11,0
319011,319015,319021,6,4
319011,319011,319022,11,0
319011,319019,319022,3,8
319011,319020,319022,2,9
319011,319020,319021,1,9
319011,319011,319021,10,0
319011,319020,319022,2,9
319011,319020,319021,1,9
319011,319020,319022,2,9
319011,319020,319021,1,9
319011,319020,319022,2,9
319011,319011,319023,12,0
319011,319011,319023,12,0
319011,319011,319023,12,0
319011,319011,319024,13,0
319011,319011,319024,13,0
319011,319011,319025,14,0
319011,319011,319025,14,0
319011,319011,319026,15,0
319011,319011,319025,14,0
319011,319011,319026,15,0
319011,319011,319028,17,0
319011,319011,319029,18,0
319011,319011,319029,18,0
319011,319011,319032,21,0
319011,319011,319034,23,0
319037,319037,319038,1,0
319037,319037,319039,2,0
319037,319037,319039,2,0
319037,319037,319039,2,0
319037,319037,319039,2,0
319037,319037,319040,3,0
319037,319039,319041,2,2
319037,319039,319040,1,2
319037,319039,319041,2,2
319037,319039,319041,2,2
319037,319037,319042,5,0
319037,319040,319041,1,3
319037,319041,319043,2,4
319037,319037,319043,6,0
319037,319042,319044,2,5
319037,319042,319043,1,5
319037,319041,319043,2,4
319037,319037,319043,6,0
319037,319041,319043,2,4
319037,319041,319043,2,4
319037,319041,319043,2,4
319037,319037,319044,7,0
319037,319037,319044,7,0
319037,319037,319045,8,0
319037,319044,319045,1,7
319037,319037,319045,8,0
319037,319043,319044,1,6
319037,319037,319045,8,0
319037,319037,319045,8,0
319037,319037,319045,8,0
319037,319037,319045,8,0
319037,319044,319045,1,7
319037,319044,319045,1,7
319037,319044,319045,1,7
319037,319044,319045,1,7
319037,319045,319046,1,8
319037,319037,319046,9,0
319037,319037,319046,9,0
319037,319044,319045,1,7
319037,319044,319045,1,7
319037,319044,319046,2,7
319037,319044,319047,3,7
319037,319037,319046,9,0
319037,319037,319047,10,0
319037,319037,319046,9,0
319037,319037,319046,9,0
319037,319045,319047,2,8
319037,319045,319047,2,8
319037,319045,319046,1,8
319037,319045,319046,1,8
319037,319037,319048,11,0
319037,319037,319047,10,0
319037,319037,319047,10,0
319037,319037,319047,10,0
319037,319045,319048,3,8
319037,319037,319047,10,0
319037,319046,319048,2,9
319037,319046,319047,1,9
319037,319046,319047,1,9
319037,319037,319047,10,0
319037,319046,319047,1,9
319037,319037,319048,11,0
319037,319046,319047,1,9
319037,319046,319047,1,9
319037,319037,319049,12,0
319037,319046,319048,2,9
319037,319037,319049,12,0
319037,319037,319049,12,0
319037,319037,319049,12,0
319037,319037,319049,12,0
319037,319037,319050,13,0
319037,319037,319051,14,0
319037,319037,319051,14,0
319037,319037,319051,14,0
319037,319037,319053,16,0
319037,319037,319052,15,0
319037,319037,319053,16,0
319037,319037,319055,18,0
319037,319037,319061,24,0
319065,319065,319066,1,0
319065,319065,319066,1,0
319065,319065,319066,1,0
319065,319065,319066,1,0
319065,319065,319067,2,0
319065,319067,319069,2,2
319065,319067,319068,1,2
319065,319065,319069,4,0
319065,319065,319069,4,0
319065,319065,319069,4,0
319065,319065,319069,4,0
319065,319067,319069,2,2
319065,319065,319069,4,0
319065,319068,319069,1,3
319065,319065,319070,5,0
319065,319065,319070,5,0
319065,319065,319070,5,0
319065,319067,319070,3,2
319065,319065,319070,5,0
319065,319065,319070,5,0
319065,319065,319070,5,0
319065,319069,319070,1,4
319065,319069,319070,1,4
319065,319065,319071,6,0
319065,319065,319072,7,0
319065,319070,319071,1,5
319065,319065,319071,6,0
319065,319070,319071,1,5
319065,319070,319071,1,5
319065,319065,319072,7,0
319065,319070,319072,2,5
319065,319070,319072,2,5
319065,319065,319072,7,0
319065,319065,319072,7,0
319065,319071,319072,1,6
319065,319065,319072,7,0
319065,319065,319072,7,0
319065,319070,319072,2,5
319065,319071,319072,1,6
319065,319070,319072,2,5
319065,319065,319072,7,0
319065,319071,319072,1,6
319065,319071,319072,1,6
319065,319065,319074,9,0
319065,319065,319074,9,0
319065,319071,319073,2,6
319065,319071,319073,2,6
319065,319065,319073,8,0
319065,319071,319073,2,6
319065,319071,319073,2,6
319065,319065,319073,8,0
319065,319065,319073,8,0
319065,319071,319074,3,6
319065,319065,319073,8,0
319065,319072,319073,1,7
319065,319072,319073,1,7
319065,319065,319074,9,0
319065,319072,319073,1,7
319065,319072,319073,1,7
319065,319073,319075,2,8
319065,319072,319074,2,7
319065,319065,319074,9,0
319065,319072,319074,2,7
319065,319065,319075,10,0
319065,319073,319074,1,8
319065,319073,319075,2,8
319065,319073,319074,1,8
319065,319065,319075,10,0
319065,319065,319075,10,0
319065,319073,319075,2,8
319065,319073,319075,2,8
319065,319065,319075,10,0
319065,319065,319076,11,0
319065,319065,319075,10,0
319065,319065,319076,11,0
319065,319065,319077,12,0
319065,319065,319077,12,0
319065,319065,319078,13,0
319065,319065,319078,13,0
319081,319082,319083,1,1
319081,319082,319083,1,1
319081,319082,319083,1,1
319081,319082,319083,1,1
319081,319082,319083,1,1
319081,319084,319086,2,3
319081,319084,319086,2,3
319081,319084,319086,2,3
319081,319084,319085,1,3
319081,319082,319086,4,1
319081,319084,319086,2,3
319081,319082,319086,4,1
319081,319082,319087,5,1
319081,319086,319088,2,5
319081,319086,319087,1,5
319081,319082,319088,6,1
319081,319086,319087,1,5
319081,319082,319088,6,1
319081,319086,319088,2,5
319081,319082,319089,7,1
319081,319082,319088,6,1
319081,319082,319088,6,1
319081,319087,319088,1,6
319081,319087,319089,2,6
319081,319087,319088,1,6
319081,319082,319090,8,1
319081,319082,319089,7,1
319081,319082,319089,7,1
319081,319082,319089,7,1
319081,319082,319089,7,1
319081,319088,319090,2,7
319081,319088,319090,2,7
319081,319088,319090,2,7
319081,319088,319090,2,7
319081,319088,319090,2,7
319081,319088,319090,2,7
319081,319082,319090,8,1
319081,319089,319090,1,8
319081,319089,319090,1,8
319081,319082,319091,9,1
319081,319090,319091,1,9
319081,319088,319090,2,7
319081,319089,319090,1,8
319081,319082,319091,9,1
319081,319082,319091,9,1
319081,319089,319091,2,8
319081,319082,319091,9,1
319081,319082,319091,9,1
319081,319090,319091,1,9
319081,319082,319092,10,1
319081,319090,319091,1,9
319081,319090,319091,1,9
319081,319090,319091,1,9
319081,319090,319091,1,9
319081,319090,319091,1,9
319081,319082,319092,10,1
319081,319089,319092,3,8
319081,319090,319092,2,9
319081,319082,319092,10,1
319081,319089,319092,3,8
319081,319090,319092,2,9
319081,319082,319093,11,1
319081,319082,319093,11,1
319081,319082,319093,11,1
319081,319082,319093,11,1
319081,319090,319093,3,9
319081,319082,319093,11,1
319081,319082,319095,13,1
319081,319082,319096,14,1
319081,319082,319095,13,1
319081,319082,319096,14,1
319081,319082,319097,15,1
319081,319082,319097,15,1
319081,319082,319097,15,1
319081,319082,319098,16,1
319081,319082,319099,17,1
319081,319082,319104,22,1
319081,319082,319105,23,1
319081,319082,319108,26,1
319111,319111,319113,2,0
319111,319111,319113,2,0
319111,319111,319113,2,0
319111,319111,319113,2,0
319111,319111,319113,2,0
319111,319111,319114,3,0
319111,319111,319115,4,0
319111,319114,319115,1,3
319111,319111,319116,5,0
319111,319111,319116,5,0
319111,319111,319116,5,0
319111,319111,319116,5,0
319111,319114,319116,2,3
319111,319114,319116,2,3
319111,319111,319116,5,0
319111,319114,319116,2,3
319111,319111,319116,5,0
319111,319111,319117,6,0
319111,319114,319117,3,3
319111,319111,319117,6,0
319111,319111,319117,6,0
319111,319111,319117,6,0
319111,319111,319117,6,0
319111,319115,319117,2,4
319111,319112,319118,6,1
319111,319112,319118,6,1
319111,319116,319118,2,5
319111,319117,319119,2,6
319111,319111,319118,7,0
319111,319117,319118,1,6
319111,319111,319118,7,0
319111,319117,319118,1,6
319111,319118,319119,1,7
319111,319111,319119,8,0
319111,319117,319119,2,6
319111,319118,319119,1,7
319111,319118,319119,1,7
319111,319118,319119,1,7
319111,319112,319120,8,1
319111,319117,319120,3,6
319111,319111,319120,9,0
319111,319117,319120,3,6
319111,319111,319120,9,0
319111,319120,319121,1,9
319111,319111,319120,9,0
319111,319119,319120,1,8
319111,319119,319120,1,8
319111,319111,319121,10,0
319111,319119,319120,1,8
319111,319119,319120,1,8
319111,319119,319120,1,8
319111,319119,319120,1,8
319111,319118,319121,3,7
319111,319117,319121,4,6
319111,319119,319121,2,8
319111,319112,319121,9,1
319111,319118,319121,3,7
319111,319111,319121,10,0
319111,319120,319121,1,9
319111,319120,319121,1,9
319111,319117,319122,5,6
319111,319118,319122,4,7
319111,319116,319122,6,5
319111,319112,319123,11,1
319111,319111,319122,11,0
319111,319117,319122,5,6
319111,319119,319122,3,8
319111,319111,319122,11,0
319111,319111,319123,12,0
319111,319111,319123,12,0
319111,319111,319123,12,0
319111,319112,319124,12,1
319111,319111,319124,13,0
319111,319112,319125,13,1
319111,319111,319125,14,0
319111,319111,319126,15,0
319111,319111,319127,16,0
319111,319111,319129,18,0
319111,319111,319130,19,0
319133,319133,319135,2,0
319133,319133,319135,2,0
319133,319133,319135,2,0
319133,319133,319134,1,0
319133,319133,319135,2,0
319133,319133,319137,4,0
319133,319133,319137,4,0
319133,319133,319137,4,0
319133,319133,319138,5,0
319133,319135,319138,3,2
319133,319133,319139,6,0
319133,319133,319139,6,0
319133,319135,319139,4,2
319133,319135,319139,4,2
319133,319137,319139,2,4
319133,319133,319140,7,0
319133,319133,319139,6,0
319133,319133,319140,7,0
319133,319133,319140,7,0
319133,319133,319140,7,0
319133,319133,319140,7,0
319133,319133,319139,6,0
319133,319135,319140,5,2
319133,319133,319140,7,0
319133,319133,319141,8,0
319133,319133,319141,8,0
319133,319133,319141,8,0
319133,319139,319141,2,6
319133,319133,319141,8,0
319133,319135,319141,6,2
319133,319133,319141,8,0
319133,319139,319141,2,6
319133,319133,319141,8,0
319133,319138,319141,3,5
319133,319141,319142,1,8
319133,319139,319141,2,6
319133,319140,319141,1,7
319133,319139,319142,3,6
319133,319133,319142,9,0
319133,319133,319142,9,0
319133,319137,319142,5,4
319133,319133,319142,9,0
319133,319141,319142,1,8
319133,319133,319142,9,0
319133,319141,319142,1,8
319133,319141,319142,1,8
319133,319133,319142,9,0
319133,319133,319143,10,0
319133,319133,319143,10,0
319133,319140,319143,3,7
319133,319140,319143,3,7
319133,319133,319143,10,0
319133,319142,319143,1,9
319133,319142,319143,1,9
319133,319142,319143,1,9
319133,319142,319143,1,9
319133,319142,319143,1,9
319133,319133,319143,10,0
319133,319142,319143,1,9
319133,319142,319143,1,9
319133,319142,319143,1,9
319133,319133,319144,11,0
319133,319141,319144,3,8
319133,319141,319144,3,8
319133,319140,319144,4,7
319133,319142,319144,2,9
319133,319133,319144,11,0
319133,319133,319144,11,0
319133,319139,319145,6,6
319133,319138,319145,7,5
319133,319133,319145,12,0
319133,319140,319146,6,7
319133,319140,319146,6,7
319133,319133,319146,13,0
319133,319133,319147,14,0
319133,319133,319147,14,0
319133,319133,319148,15,0
319133,319133,319149,16,0
319133,319133,319153,20,0
319156,319156,319158,2,0
319156,319156,319158,2,0
319156,319156,319158,2,0
319156,319156,319158,2,0
319156,319156,319158,2,0
319156,319156,319159,3,0
319156,319156,319160,4,0
319156,319156,319161,5,0
319156,319158,319161,3,2
319156,319158,319162,4,2
319156,319158,319161,3,2
319156,319156,319163,7,0
319156,319156,319163,7,0
319156,319156,319163,7,0
319156,319158,319162,4,2
319156,319161,319163,2,5
319156,319156,319163,7,0
319156,319156,319163,7,0
319156,319158,319163,5,2
319156,319159,319163,4,3
319156,319156,319163,7,0
319156,319156,319164,8,0
319156,319156,319164,8,0
319156,319156,319164,8,0
319156,319156,319163,7,0
319156,319156,319164,8,0
319156,319156,319164,8,0
319156,319162,319163,1,6
319156,319162,319164,2,6
319156,319156,319165,9,0
319156,319160,319165,5,4
319156,319156,319165,9,0
319156,319156,319165,9,0
319156,319163,319165,2,7
319156,319163,319165,2,7
319156,319163,319165,2,7
319156,319163,319165,2,7
319156,319156,319165,9,0
319156,319163,319165,2,7
319156,319163,319165,2,7
319156,319156,319166,10,0
319156,319156,319166,10,0
319156,319156,319166,10,0
319156,319163,319166,3,7
319156,319163,319166,3,7
319156,319156,319166,10,0
319156,319164,319166,2,8
319156,319164,319166,2,8
319156,319165,319166,1,9
319156,319164,319166,2,8
319156,319156,319166,10,0
319156,319156,319166,10,0
319156,319164,319166,2,8
319156,319164,319166,2,8
319156,319165,319166,1,9
319156,319164,319167,3,8
319156,319161,319167,6,5
319156,319163,319167,4,7
319156,319156,319167,11,0
319156,319164,319167,3,8
319156,319164,319167,3,8
319156,319165,319167,2,9
319156,319166,319167,1,10
319156,319156,319167,11,0
319156,319156,319168,12,0
319156,319164,319168,4,8
319156,319165,319168,3,9
319156,319165,319167,2,9
319156,319156,319168,12,0
319156,319156,319168,12,0
319156,319156,319169,13,0
319156,319156,319171,15,0
319156,319156,319171,15,0
319156,319156,319171,15,0
319156,319156,319171,15,0
319156,319156,319172,16,0
319156,319156,319173,17,0
319156,319156,319175,19,0
319156,319156,319176,20,0
319179,319179,319181,2,0
319179,319179,319181,2,0
319179,319179,319181,2,0
319179,319179,319181,2,0
319179,319179,319181,2,0
319179,319179,319181,2,0
319179,319179,319183,4,0
319179,319179,319184,5,0
319179,319179,319184,5,0
319179,319179,319184,5,0
319179,319179,319183,4,0
319179,319179,319184,5,0
319179,319179,319184,5,0
319179,319181,319184,3,2
319179,319181,319183,2,2
319179,319181,319184,3,2
319179,319179,319185,6,0
319179,319181,319184,3,2
319179,319181,319184,3,2
319179,319179,319185,6,0
319179,319184,319185,1,5
319179,319179,319186,7,0
319179,319181,319185,4,2
319179,319184,319185,1,5
319179,319184,319186,2,5
319179,319184,319185,1,5
319179,319179,319187,8,0
319179,319184,319187,3,5
319179,319179,319187,8,0
319179,319184,319188,4,5
319179,319183,319187,4,4
319179,319184,319187,3,5
319179,319184,319187,3,5
319179,319184,319187,3,5
319179,319179,319187,8,0
319179,319185,319188,3,6
319179,319179,319188,9,0
319179,319185,319188,3,6
319179,319179,319188,9,0
319179,319187,319188,1,8
319179,319179,319188,9,0
319179,319186,319187,1,7
319179,319186,319188,2,7
319179,319179,319188,9,0
319179,319186,319187,1,7
319179,319179,319189,10,0
319179,319179,319189,10,0
319179,319186,319189,3,7
319179,319179,319189,10,0
319179,319186,319188,2,7
319179,319187,319190,3,8
319179,319179,319190,11,0
319179,319187,319189,2,8
319179,319179,319189,10,0
319179,319188,319189,1,9
319179,319179,319190,11,0
319179,319179,319190,11,0
319179,319188,319190,2,9
319179,319179,319190,11,0
319179,319188,319190,2,9
319179,319188,319191,3,9
319179,319188,319191,3,9
319179,319188,319191,3,9
319179,319185,319191,6,6
319179,319179,319193,14,0
319179,319186,319193,7,7
319179,319179,319192,13,0
319179,319179,319194,15,0
319179,319179,319194,15,0
319179,319179,319194,15,0
319179,319179,319195,16,0
319179,319179,319195,16,0
319179,319179,319196,17,0
319179,319179,319197,18,0
319179,319185,319197,12,6
319179,319179,319198,19,0
319179,319179,319200,21,0
319179,319179,319201,22,0
319179,319179,319204,25,0
319207,319207,319209,2,0
319207,319207,319209,2,0
319207,319207,319208,1,0
319207,319207,319208,1,0
319207,319207,319209,2,0
319207,319207,319209,2,0
319207,319207,319210,3,0
319207,319207,319211,4,0
319207,319207,319211,4,0
319207,319207,319211,4,0
319207,319209,319210,1,2
319207,319209,319211,2,2
319207,319209,319210,1,2
319207,319209,319212,3,2
319207,319207,319212,5,0
319207,319207,319212,5,0
319207,319207,319213,6,0
319207,319207,319212,5,0
319207,319207,319213,6,0
319207,319210,319213,3,3
319207,319211,319212,1,4
319207,319211,319213,2,4
319207,319210,319213,3,3
319207,319211,319212,1,4
319207,319207,319213,6,0
319207,319212,319213,1,5
319207,319207,319214,7,0
319207,319211,319214,3,4
319207,319211,319215,4,4
319207,319207,319214,7,0
319207,319211,319215,4,4
319207,319207,319215,8,0
319207,319207,319215,8,0
319207,319207,319215,8,0
319207,319212,319215,3,5
319207,319207,319215,8,0
319207,319207,319215,8,0
319207,319213,319215,2,6
319207,319207,319215,8,0
319207,319207,319215,8,0
319207,319207,319216,9,0
319207,319207,319216,9,0
319207,319213,319215,2,6
319207,319213,319216,3,6
319207,319214,319215,1,7
319207,319214,319216,2,7
319207,319214,319216,2,7
319207,319213,319215,2,6
319207,319213,319215,2,6
319207,319207,319217,10,0
319207,319214,319217,3,7
319207,319215,319216,1,8
319207,319215,319217,2,8
319207,319215,319216,1,8
319207,319215,319216,1,8
319207,319215,319217,2,8
319207,319207,319217,10,0
319207,319207,319218,11,0
319207,319207,319218,11,0
319207,319207,319218,11,0
319207,319211,319218,7,4
319207,319212,319219,7,5
319207,319213,319220,7,6
319207,319207,319219,12,0
319207,319213,319219,6,6
319207,319213,319220,7,6
319207,319215,319220,5,8
319207,319207,319220,13,0
319207,319207,319220,13,0
319207,319207,319221,14,0
319207,319215,319222,7,8
319207,319207,319222,15,0
319207,319207,319223,16,0
319207,319207,319223,16,0
319207,319207,319224,17,0
319207,319207,319224,17,0
319207,319207,319226,19,0
319207,319207,319227,20,0
319207,319207,319229,22,0
319233,319233,319234,1,0
319233,319233,319235,2,0
319233,319233,319235,2,0
319233,319233,319235,2,0
319233,319233,319234,1,0
319233,319233,319236,3,0
319233,319233,319237,4,0
319233,319235,319237,2,2
319233,319235,319237,2,2
319233,319235,319236,1,2
319233,319235,319236,1,2
319233,319235,319236,1,2
319233,319233,319237,4,0
319233,319233,319238,5,0
319233,319233,319237,4,0
319233,319233,319238,5,0
319233,319233,319237,4,0
319233,319236,319238,2,3
319233,319233,319238,5,0
319233,319237,319238,1,4
319233,319233,319239,6,0
319233,319237,319238,1,4
319233,319233,319239,6,0
319233,319237,319238,1,4
319233,319237,319238,1,4
319233,319237,319238,1,4
319233,319233,319239,6,0
319233,319233,319240,7,0
319233,319233,319239,6,0
319233,319233,319240,7,0
319233,319238,319240,2,5
319233,319233,319240,7,0
319233,319237,319240,3,4
319233,319233,319241,8,0
319233,319238,319240,2,5
319233,319233,319240,7,0
319233,319238,319240,2,5
319233,319233,319240,7,0
319233,319233,319241,8,0
319233,319233,319240,7,0
319233,319239,319241,2,6
319233,319239,319241,2,6
319233,319233,319240,7,0
319233,319233,319240,7,0
319233,319239,319241,2,6
319233,319239,319240,1,6
319233,319238,319241,3,5
319233,319233,319241,8,0
319233,319233,319242,9,0
319233,319239,319242,3,6
319233,319233,319242,9,0
319233,319238,319242,4,5
319233,319233,319242,9,0
319233,319239,319241,2,6
319233,319240,319241,1,7
319233,319240,319241,1,7
319233,319240,319241,1,7
319233,319240,319242,2,7
319233,319233,319242,9,0
319233,319233,319243,10,0
319233,319233,319243,10,0
319233,319241,319244,3,8
319233,319241,319243,2,8
319233,319241,319243,2,8
319233,319238,319243,5,5
319233,319241,319243,2,8
319233,319233,319244,11,0
319233,319233,319245,12,0
319233,319240,319245,5,7
319233,319233,319244,11,0
319233,319233,319245,12,0
319233,319239,319244,5,6
319233,319233,319245,12,0
319233,319233,319246,13,0
319233,319233,319245,12,0
319233,319233,319246,13,0
319233,319233,319247,14,0
319233,319233,319247,14,0
319233,319239,319248,9,6
319252,319252,319253,1,0
319252,319252,319253,1,0
319252,319252,319253,1,0
319252,319252,319253,1,0
319252,319252,319253,1,0
319252,319252,319255,3,0
319252,319254,319255,1,2
319252,319252,319255,3,0
319252,319254,319255,1,2
319252,319254,319256,2,2
319252,319252,319255,3,0
319252,319254,319256,2,2
319252,319254,319256,2,2
319252,319252,319257,5,0
319252,319252,319258,6,0
319252,319256,319258,2,4
319252,319256,319258,2,4
319252,319256,319257,1,4
319252,319256,319257,1,4
319252,319256,319257,1,4
319252,319256,319257,1,4
319252,319252,319259,7,0
319252,319256,319259,3,4
319252,319252,319259,7,0
319252,319252,319258,6,0
319252,319252,319259,7,0
319252,319258,319260,2,6
319252,319252,319259,7,0
319252,319258,319259,1,6
319252,319252,319260,8,0
319252,319258,319259,1,6
319252,319252,319260,8,0
319252,319252,319260,8,0
319252,319252,319260,8,0
319252,319258,319259,1,6
319252,319252,319259,7,0
319252,319258,319259,1,6
319252,319258,319260,2,6
319252,319252,319261,9,0
319252,319252,319260,8,0
319252,319252,319261,9,0
319252,319252,319260,8,0
319252,319259,319260,1,7
319252,319252,319261,9,0
319252,319259,319260,1,7
319252,319258,319262,4,6
319252,319252,319262,10,0
319252,319259,319261,2,7
319252,319258,319261,3,6
319252,319259,319261,2,7
319252,319260,319261,1,8
319252,319260,319261,1,8
319252,319260,319261,1,8
319252,319260,319261,1,8
319252,319260,319261,1,8
319252,319260,319262,2,8
319252,319260,319262,2,8
319252,319260,319262,2,8
319252,319260,319262,2,8
319252,319252,319262,10,0
319252,319260,319263,3,8
319252,319252,319262,10,0
319252,319252,319264,12,0
319252,319252,319263,11,0
319252,319252,319265,13,0
319252,319252,319266,14,0
319252,319252,319266,14,0
319252,319252,319266,14,0
319252,319252,319267,15,0
319252,319252,319267,15,0
319252,319252,319268,16,0
319252,319252,319268,16,0
319252,319252,319268,16,0
319252,319252,319270,18,0
319252,319256,319270,14,4
319252,319252,319271,19,0
319252,319252,319272,20,0
319252,319252,319277,25,0
319252,319252,319276,24,0
319279,319280,319281,1,1
319279,319280,319281,1,1
319279,319280,319281,1,1
319279,319280,319281,1,1
319279,319280,319281,1,1
319279,319282,319283,1,3
319279,319282,319283,1,3
319279,319282,319283,1,3
319279,319282,319283,1,3
319279,319280,319284,4,1
319279,319282,319283,1,3
319279,319280,319284,4,1
319279,319280,319284,4,1
319279,319280,319285,5,1
319279,319284,319286,2,5
319279,319284,319286,2,5
319279,319280,319285,5,1
319279,319284,319285,1,5
319279,319284,319285,1,5
319279,319284,319285,1,5
319279,319280,319286,6,1
319279,319280,319286,6,1
319279,319280,319286,6,1
319279,319284,319286,2,5
319279,319280,319286,6,1
319279,319280,319286,6,1
319279,319280,319287,7,1
319279,319285,319288,3,6
319279,319286,319287,1,7
319279,319286,319287,1,7
319279,319286,319287,1,7
319279,319286,319287,1,7
319279,319286,319287,1,7
319279,319286,319288,2,7
319279,319280,319288,8,1
319279,319280,319288,8,1
319279,319287,319288,1,8
319279,319287,319288,1,8
319279,319280,319289,9,1
319279,319287,319288,1,8
319279,319288,319289,1,9
319279,319280,319289,9,1
319279,319280,319289,9,1
319279,319280,319289,9,1
319279,319287,319288,1,8
319279,319287,319288,1,8
319279,319280,319289,9,1
319279,319285,319289,4,6
319279,319287,319289,2,8
319279,319280,319289,9,1
319279,319280,319290,10,1
319279,319280,319289,9,1
319279,319288,319289,1,9
319279,319288,319290,2,9
319279,319280,319290,10,1
319279,319288,319289,1,9
319279,319280,319290,10,1
319279,319288,319289,1,9
319279,319288,319289,1,9
319279,319288,319290,2,9
319279,319286,319290,4,7
319279,319280,319290,10,1
319279,319288,319290,2,9
319279,319280,319290,10,1
319279,319289,319291,2,10
319279,319280,319292,12,1
319279,319280,319292,12,1
319279,319280,319293,13,1
319279,319280,319293,13,1
319279,319280,319294,14,1
319279,319280,319296,16,1
319279,319280,319296,16,1
319279,319280,319297,17,1
319279,319280,319297,17,1
319279,319280,319299,19,1
319279,319280,319298,18,1
319279,319280,319299,19,1
319279,319280,319299,19,1
319279,319280,319303,23,1
319305,319305,319307,2,0
319305,319305,319307,2,0
319305,319305,319307,2,0
319305,319305,319307,2,0
319305,319305,319307,2,0
319305,319305,319309,4,0
319305,319308,319309,1,3
319305,319308,319309,1,3
319305,319305,319309,4,0
319305,319308,319309,1,3
319305,319308,319309,1,3
319305,319305,319309,4,0
319305,319309,319310,1,4
319305,319310,319311,1,5
319305,319305,319311,6,0
319305,319310,319311,1,5
319305,319310,319311,1,5
319305,319310,319311,1,5
319305,319305,319312,7,0
319305,319305,319312,7,0
319305,319310,319312,2,5
319305,319311,319312,1,6
319305,319305,319312,7,0
319305,319305,319312,7,0
319305,319305,319312,7,0
319305,319305,319313,8,0
319305,319305,319312,7,0
319305,319310,319314,4,5
319305,319305,319313,8,0
319305,319305,319313,8,0
319305,319312,319313,1,7
319305,319312,319313,1,7
319305,319305,319313,8,0
319305,319312,319313,1,7
319305,319305,319313,8,0
319305,319312,319313,1,7
319305,319305,319314,9,0
319305,319305,319314,9,0
319305,319312,319314,2,7
319305,319313,319314,1,8
319305,319313,319314,1,8
319305,319305,319315,10,0
319305,319313,319314,1,8
319305,319313,319314,1,8
319305,319313,319314,1,8
319305,319313,319314,1,8
319305,319313,319314,1,8
319305,319313,319315,2,8
319305,319313,319315,2,8
319305,319314,319316,2,9
319305,319305,319315,10,0
319305,319314,319315,1,9
319305,319314,319315,1,9
319305,319314,319315,1,9
319305,319314,319315,1,9
319305,319314,319315,1,9
319305,319314,319315,1,9
319305,319310,319316,6,5
319305,319305,319316,11,0
319305,319305,319317,12,0
319305,319305,319317,12,0
319305,319305,319318,13,0
319305,319305,319318,13,0
319305,319305,319320,15,0
319305,319305,319322,17,0
319305,319305,319323,18,0
319305,319305,319324,19,0
319305,319305,319324,19,0
319305,319305,319324,19,0
319305,319305,319324,19,0
319305,319305,319325,20,0
319305,319305,319326,21,0
319305,319305,319326,21,0
319305,319305,319327,22,0
319305,319305,319326,21,0
319305,319305,319328,23,0
319305,319305,319332,27,0
319305,319305,319334,29,0
319337,319337,319339,2,0
319337,319337,319339,2,0
319337,319337,319339,2,0
319337,319337,319339,2,0
319337,319337,319339,2,0
319337,319337,319341,4,0
319337,319339,319340,1,2
319337,319339,319341,2,2
319337,319339,319341,2,2
319337,319339,319341,2,2
319337,319339,319341,2,2
319337,319341,319343,2,4
319337,319341,319343,2,4
319337,319341,319343,2,4
319337,319341,319343,2,4
319337,319341,319344,3,4
319337,319342,319344,2,5
319337,319337,319344,7,0
319337,319344,319345,1,7
319337,319337,319345,8,0
319337,319344,319345,1,7
319337,319337,319345,8,0
319337,319337,319345,8,0
319337,319344,319345,1,7
319337,319344,319345,1,7
319337,319337,319346,9,0
319337,319337,319346,9,0
319337,319345,319346,1,8
319337,319337,319346,9,0
319337,319337,319346,9,0
319337,319345,319346,1,8
319337,319337,319347,10,0
319337,319337,319347,10,0
319337,319337,319347,10,0
319337,319346,319347,1,9
319337,319346,319347,1,9
319337,319337,319347,10,0
319337,319345,319347,2,8
319337,319337,319347,10,0
319337,319346,319347,1,9
319337,319347,319348,1,10
319337,319346,319347,1,9
319337,319346,319347,1,9
319337,319346,319347,1,9
319337,319337,319348,11,0
319337,319337,319348,11,0
319337,319347,319348,1,10
319337,319347,319348,1,10
319337,319347,319348,1,10
319337,319347,319348,1,10
319337,319346,319348,2,9
319337,319347,319348,1,10
319337,319346,319349,3,9
319337,319348,319349,1,11
319337,319337,319349,12,0
319337,319348,319349,1,11
319337,319337,319349,12,0
319337,319347,319350,3,10
319337,319337,319350,13,0
319337,319337,319351,14,0
319337,319337,319352,15,0
319337,319337,319353,16,0
319337,319337,319353,16,0
319337,319337,319353,16,0
319337,319337,319354,17,0
319337,319337,319354,17,0
319337,319337,319355,18,0
319337,319337,319356,19,0
319337,319337,319356,19,0
319337,319337,319357,20,0
319337,319337,319359,22,0
319337,319337,319359,22,0
319337,319337,319359,22,0
319337,319337,319360,23,0
319337,319337,319362,25,0
319337,319337,319363,26,0
319337,319337,319364,27,0
319337,319337,319364,27,0
319337,319337,319366,29,0
319369,319369,319371,2,0
319369,319369,319371,2,0
319369,319369,319371,2,0
319369,319369,319371,2,0
319369,319369,319372,3,0
319369,319369,319372,3,0
319369,319369,319373,4,0
319369,319371,319373,2,2
319369,319371,319373,2,2
319369,319371,319373,2,2
319369,319369,319374,5,0
319369,319372,319374,2,3
319369,319372,319373,1,3
319369,319369,319375,6,0
319369,319373,319375,2,4
319369,319369,319375,6,0
319369,319373,319375,2,4
319369,319369,319376,7,0
319369,319369,319376,7,0
319369,319369,319376,7,0
319369,319373,319376,3,4
319369,319373,319376,3,4
319369,319369,319377,8,0
319369,319369,319377,8,0
319369,319369,319377,8,0
319369,319369,319377,8,0
319369,319374,319377,3,5
319369,319369,319377,8,0
319369,319373,319377,4,4
319369,319375,319377,2,6
319369,319375,319377,2,6
319369,319374,319377,3,5
319369,319369,319378,9,0
319369,319375,319378,3,6
319369,319369,319378,9,0
319369,319369,319378,9,0
319369,319369,319378,9,0
319369,319369,319378,9,0
319369,319377,319378,1,8
319369,319369,319379,10,0
319369,319374,319379,5,5
319369,319369,319379,10,0
319369,319378,319379,1,9
319369,319377,319379,2,8
319369,319377,319379,2,8
319369,319378,319379,1,9
319369,319377,319379,2,8
319369,319378,319379,1,9
319369,319369,319379,10,0
319369,319378,319379,1,9
319369,319378,319379,1,9
319369,319369,319379,10,0
319369,319378,319379,1,9
319369,319376,319380,4,7
319369,319376,319380,4,7
319369,319376,319380,4,7
319369,319369,319380,11,0
319369,319378,319380,2,9
319369,319379,319380,1,10
319369,319369,319381,12,0
319369,319377,319381,4,8
319369,319375,319381,6,6
319369,319376,319381,5,7
319369,319369,319381,12,0
319369,319369,319381,12,0
319369,319369,319382,13,0
319369,319369,319382,13,0
319369,319369,319384,15,0
319369,319369,319384,15,0
319369,319377,319384,7,8
319369,319369,319384,15,0
319369,319369,319385,16,0
319369,319369,319385,16,0
319369,319369,319385,16,0
319369,319369,319385,16,0
319369,319369,319386,17,0
319369,319369,319386,17,0
319369,319369,319386,17,0
319369,319369,319388,19,0
319391,319391,319393,2,0
319391,319391,319393,2,0
319391,319391,319393,2,0
319391,319391,319393,2,0
319391,319391,319394,3,0
319391,319393,319394,1,2
319391,319393,319395,2,2
319391,319391,319396,5,0
319391,319393,319395,2,2
319391,319393,319395,2,2
319391,319391,319398,7,0
319391,319395,319398,3,4
319391,319395,319398,3,4
319391,319391,319398,7,0
319391,319391,319399,8,0
319391,319395,319399,4,4
319391,319396,319398,2,5
319391,319391,319398,7,0
319391,319396,319399,3,5
319391,319396,319399,3,5
319391,319391,319398,7,0
319391,319391,319399,8,0
319391,319391,319400,9,0
319391,319391,319400,9,0
319391,319391,319400,9,0
319391,319391,319400,9,0
319391,319391,319399,8,0
319391,319391,319400,9,0
319391,319398,319401,3,7
319391,319398,319401,3,7
319391,319399,319401,2,8
319391,319391,319400,9,0
319391,319399,319401,2,8
319391,319399,319401,2,8
319391,319399,319401,2,8
319391,319391,319400,9,0
319391,319399,319401,2,8
319391,319391,319401,10,0
319391,319391,319402,11,0
319391,319391,319402,11,0
319391,319400,319402,2,9
319391,319399,319401,2,8
319391,319400,319402,2,9
319391,319400,319402,2,9
319391,319399,319401,2,8
319391,319400,319402,2,9
319391,319400,319402,2,9
319391,319391,319403,12,0
319391,319391,319403,12,0
319391,319391,319403,12,0
319391,319401,319402,1,10
319391,319391,319403,12,0
319391,319401,319403,2,10
319391,319401,319403,2,10
319391,319401,319403,2,10
319391,319401,319403,2,10
319391,319401,319403,2,10
319391,319402,319403,1,11
319391,319399,319403,4,8
319391,319391,319404,13,0
319391,319398,319404,6,7
319391,319400,319403,3,9
319391,319391,319404,13,0
319391,319391,319404,13,0
319391,319391,319405,14,0
319391,319391,319406,15,0
319391,319391,319405,14,0
319391,319391,319406,15,0
319391,319391,319408,17,0
319391,319399,319409,10,8
319391,319391,319410,19,0
319391,319391,319410,19,0
319391,319391,319411,20,0
319391,319391,319413,22,0
319391,319391,319416,25,0
319391,319391,319418,27,0
319391,319391,319418,27,0
319391,319391,319419,28,0
319391,319391,319424,33,0
319428,319428,319430,2,0
319428,319428,319430,2,0
319428,319428,319430,2,0
319428,319428,319430,2,0
319428,319428,319430,2,0
319428,319428,319430,2,0
319428,319430,319431,1,2
319428,319430,319432,2,2
319428,319430,319433,3,2
319428,319430,319432,2,2
319428,319430,319433,3,2
319428,319428,319435,7,0
319428,319428,319434,6,0
319428,319430,319434,4,2
319428,319428,319435,7,0
319428,319432,319435,3,4
319428,319432,319435,3,4
319428,319428,319435,7,0
319428,319428,319434,6,0
319428,319428,319435,7,0
319428,319428,319436,8,0
319428,319428,319436,8,0
319428,319428,319436,8,0
319428,319428,319436,8,0
319428,319428,319436,8,0
319428,319428,319435,7,0
319428,319433,319436,3,5
319428,319428,319436,8,0
319428,319428,319436,8,0
319428,319428,319436,8,0
319428,319428,319437,9,0
319428,319433,319437,4,5
319428,319435,319437,2,7
319428,319435,319437,2,7
319428,319428,319437,9,0
319428,319435,319437,2,7
319428,319428,319437,9,0
319428,319428,319438,10,0
319428,319428,319437,9,0
319428,319435,319438,3,7
319428,319436,319438,2,8
319428,319435,319438,3,7
319428,319436,319438,2,8
319428,319436,319438,2,8
319428,319436,319438,2,8
319428,319434,319438,4,6
319428,319436,319438,2,8
319428,319436,319438,2,8
319428,319435,319438,3,7
319428,319436,319438,2,8
319428,319435,319437,2,7
319428,319428,319438,10,0
319428,319435,319439,4,7
319428,319437,319439,2,9
319428,319437,319438,1,9
319428,319437,319439,2,9
319428,319437,319439,2,9
319428,319428,319440,12,0
319428,319436,319440,4,8
319428,319428,319440,12,0
319428,319436,319440,4,8
319428,319435,319440,5,7
319428,319428,319441,13,0
319428,319437,319441,4,9
319428,319428,319440,12,0
319428,319437,319440,3,9
319428,319428,319442,14,0
319428,319428,319442,14,0
319428,319428,319444,16,0
319428,319428,319444,16,0
319428,319428,319445,17,0
319428,319428,319446,18,0
319428,319428,319447,19,0
319428,319428,319447,19,0
319428,319428,319448,20,0
319428,319428,319448,20,0
319428,319428,319449,21,0
319428,319428,319452,24,0
319428,319428,319453,25,0
319456,319456,319458,2,0
319456,319456,319458,2,0
319456,319456,319458,2,0
319456,319456,319458,2,0
319456,319456,319458,2,0
319456,319456,319459,3,0
319456,319458,319460,2,2
319456,319456,319461,5,0
319456,319458,319460,2,2
319456,319458,319460,2,2
319456,319458,319460,2,2
319456,319458,319460,2,2
319456,319456,319461,5,0
319456,319460,319461,1,4
319456,319459,319462,3,3
319456,319456,319462,6,0
319456,319456,319462,6,0
319456,319456,319463,7,0
319456,319456,319463,7,0
319456,319456,319463,7,0
319456,319456,319463,7,0
319456,319456,319463,7,0
319456,319456,319464,8,0
319456,319461,319464,3,5
319456,319461,319464,3,5
319456,319456,319464,8,0
319456,319456,319465,9,0
319456,319463,319465,2,7
319456,319456,319465,9,0
319456,319463,319465,2,7
319456,319462,319465,3,6
319456,319463,319465,2,7
319456,319461,319465,4,5
319456,319463,319465,2,7
319456,319456,319466,10,0
319456,319456,319465,9,0
319456,319456,319466,10,0
319456,319456,319466,10,0
319456,319462,319465,3,6
319456,319464,319466,2,8
319456,319464,319466,2,8
319456,319464,319466,2,8
319456,319456,319466,10,0
319456,319461,319465,4,5
319456,319456,319466,10,0
319456,319464,319466,2,8
319456,319456,319467,11,0
319456,319456,319467,11,0
319456,319456,319467,11,0
319456,319456,319466,10,0
319456,319456,319467,11,0
319456,319456,319466,10,0
319456,319456,319466,10,0
319456,319465,319466,1,9
319456,319456,319467,11,0
319456,319464,319466,2,8
319456,319456,319467,11,0
319456,319465,319467,2,9
319456,319465,319467,2,9
319456,319465,319467,2,9
319456,319465,319467,2,9
319456,319465,319467,2,9
319456,319465,319467,2,9
319456,319456,319468,12,0
319456,319462,319468,6,6
319456,319456,319469,13,0
319456,319463,319468,5,7
319456,319465,319469,4,9
319456,319461,319469,8,5
319456,319456,319471,15,0
319456,319466,319470,4,10
319456,319463,319471,8,7
319456,319456,319472,16,0
319456,319456,319472,16,0
319456,319456,319473,17,0
319456,319456,319474,18,0
319456,319456,319476,20,0
319456,319456,319478,22,0
319456,319456,319482,26,0
319486,319486,319488,2,0
319486,319486,319488,2,0
319486,319486,319488,2,0
319486,319486,319488,2,0
319486,319486,319488,2,0
319486,319488,319490,2,2
319486,319486,319489,3,0
319486,319488,319491,3,2
319486,319488,319490,2,2
319486,319488,319490,2,2
319486,319488,319491,3,2
319486,319486,319492,6,0
319486,319486,319493,7,0
319486,319486,319493,7,0
319486,319486,319493,7,0
319486,319486,319492,6,0
319486,319486,319493,7,0
319486,319491,319493,2,5
319486,319486,319492,6,0
319486,319486,319492,6,0
319486,319486,319493,7,0
319486,319490,319493,3,4
319486,319490,319492,2,4
319486,319486,319493,7,0
319486,319492,319494,2,6
319486,319486,319494,8,0
319486,319491,319493,2,5
319486,319486,319494,8,0
319486,319491,319493,2,5
319486,319486,319494,8,0
319486,319492,319494,2,6
319486,319486,319494,8,0
319486,319486,319495,9,0
319486,319486,319495,9,0
319486,319486,319494,8,0
319486,319486,319495,9,0
319486,319493,319495,2,7
319486,319486,319495,9,0
319486,319493,319495,2,7
319486,319486,319495,9,0
319486,319493,319495,2,7
319486,319486,319494,8,0
319486,319493,319495,2,7
319486,319493,319495,2,7
319486,319486,319495,9,0
319486,319493,319495,2,7
319486,319486,319495,9,0
319486,319486,319495,9,0
319486,319494,319495,1,8
319486,319493,319495,2,7
319486,319494,319496,2,8
319486,319494,319495,1,8
319486,319494,319495,1,8
319486,319494,319495,1,8
319486,319493,319495,2,7
319486,319494,319496,2,8
319486,319494,319496,2,8
319486,319494,319496,2,8
319486,319493,319497,4,7
319486,319495,319497,2,9
319486,319486,319496,10,0
319486,319486,319497,11,0
319486,319493,319497,4,7
319486,319493,319497,4,7
319486,319495,319497,2,9
319486,319486,319497,11,0
319486,319495,319497,2,9
319486,319495,319498,3,9
319486,319486,319499,13,0
319486,319486,319498,12,0
319486,319486,319499,13,0
319486,319486,319500,14,0
319486,319486,319499,13,0
319486,319486,319499,13,0
319486,319486,319501,15,0
319486,319486,319500,14,0
319486,319486,319501,15,0
319486,319486,319503,17,0
319486,319486,319508,22,0
319511,319511,319512,1,0
319511,319511,319512,1,0
319511,319511,319512,1,0
319511,319511,319512,1,0
319511,319511,319513,2,0
319511,319511,319513,2,0
319511,319511,319515,4,0
319511,319513,319515,2,2
319511,319511,319516,5,0
319511,319513,319517,4,2
319511,319513,319516,3,2
319511,319513,319517,4,2
319511,319513,319517,4,2
319511,319511,319517,6,0
319511,319511,319518,7,0
319511,319514,319517,3,3
319511,319516,319518,2,5
319511,319511,319518,7,0
319511,319511,319518,7,0
319511,319517,319518,1,6
319511,319511,319518,7,0
319511,319511,319518,7,0
319511,319511,319519,8,0
319511,319517,319518,1,6
319511,319511,319519,8,0
319511,319517,319518,1,6
319511,319511,319518,7,0
319511,319517,319518,1,6
319511,319511,319520,9,0
319511,319511,319519,8,0
319511,319511,319520,9,0
319511,319511,319519,8,0
319511,319511,319519,8,0
319511,319511,319519,8,0
319511,319511,319519,8,0
319511,319511,319519,8,0
319511,319517,319519,2,6
319511,319517,319520,3,6
319511,319511,319519,8,0
319511,319518,319520,2,7
319511,319518,319519,1,7
319511,319518,319520,2,7
319511,319511,319521,10,0
319511,319511,319520,9,0
319511,319511,319521,10,0
319511,319516,319520,4,5
319511,319511,319520,9,0
319511,319519,319520,1,8
319511,319519,319520,1,8
319511,319519,319520,1,8
319511,319519,319521,2,8
319511,319519,319521,2,8
319511,319519,319520,1,8
319511,319519,319520,1,8
319511,319520,319521,1,9
319511,319519,319520,1,8
319511,319519,319520,1,8
319511,319519,319521,2,8
319511,319519,319522,3,8
319511,319520,319521,1,9
319511,319520,319522,2,9
319511,319520,319522,2,9
319511,319511,319522,11,0
319511,319520,319522,2,9
319511,319520,319522,2,9
319511,319520,319523,3,9
319511,319511,319523,12,0
319511,319511,319523,12,0
319511,319511,319523,12,0
319511,319511,319524,13,0
319511,319511,319524,13,0
319511,319511,319524,13,0
319511,319511,319525,14,0
319511,319511,319526,15,0
319511,319511,319526,15,0
319511,319511,319526,15,0
319511,319511,319533,22,0
319511,319511,319534,23,0
319511,319511,319533,22,0
319537,319537,319539,2,0
319537,319537,319539,2,0
319537,319537,319538,1,0
319537,319537,319539,2,0
319537,319537,319539,2,0
319537,319537,319541,4,0
319537,319539,319540,1,2
319537,319539,319541,2,2
319537,319539,319541,2,2
319537,319537,319541,4,0
319537,319537,319542,5,0
319537,319539,319541,2,2
319537,319537,319543,6,0
319537,319537,319543,6,0
319537,319537,319543,6,0
319537,319539,319542,3,2
319537,319541,319543,2,4
319537,319537,319543,6,0
319537,319541,319542,1,4
319537,319541,319542,1,4
319537,319537,319543,6,0
319537,319541,319542,1,4
319537,319537,319543,6,0
319537,319537,319543,6,0
319537,319542,319544,2,5
319537,319537,319544,7,0
319537,319537,319544,7,0
319537,319537,319544,7,0
319537,319537,319543,6,0
319537,319537,319545,8,0
319537,319537,319544,7,0
319537,319537,319544,7,0
319537,319542,319545,3,5
319537,319537,319545,8,0
319537,319537,319544,7,0
319537,319537,319544,7,0
319537,319544,319545,1,7
319537,319537,319545,8,0
319537,319543,319545,2,6
319537,319543,319545,2,6
319537,319543,319545,2,6
319537,319543,319544,1,6
319537,319543,319545,2,6
319537,319543,319545,2,6
319537,319543,319545,2,6
319537,319543,319545,2,6
319537,319537,319546,9,0
319537,319543,319546,3,6
319537,319543,319546,3,6
319537,319544,319546,2,7
319537,319537,319546,9,0
319537,319537,319545,8,0
319537,319544,319545,1,7
319537,319544,319546,2,7
319537,319544,319546,2,7
319537,319544,319546,2,7
319537,319544,319547,3,7
319537,319542,319546,4,5
319537,319537,319546,9,0
319537,319537,319546,9,0
319537,319545,319547,2,8
319537,319545,319547,2,8
319537,319537,319547,10,0
319537,319545,319547,2,8
319537,319545,319547,2,8
319537,319537,319547,10,0
319537,319545,319547,2,8
319537,319545,319547,2,8
319537,319537,319549,12,0
319537,319537,319548,11,0
319537,319537,319548,11,0
319537,319537,319549,12,0
319537,319537,319549,12,0
319537,319537,319550,13,0
319537,319537,319550,13,0
319537,319537,319551,14,0
319537,319537,319551,14,0
319537,319537,319553,16,0
319537,319537,319552,15,0
319555,319556,319557,1,1
319555,319556,319557,1,1
319555,319556,319557,1,1
319555,319556,319557,1,1
319555,319556,319557,1,1
319555,319558,319560,2,3
319555,319556,319559,3,1
319555,319558,319560,2,3
319555,319558,319560,2,3
319555,319558,319560,2,3
319555,319558,319560,2,3
319555,319556,319561,5,1
319555,319556,319562,6,1
319555,319556,319561,5,1
319555,319556,319562,6,1
319555,319556,319562,6,1
319555,319556,319562,6,1
319555,319556,319562,6,1
319555,319561,319563,2,6
319555,319561,319563,2,6
319555,319556,319563,7,1
319555,319560,319563,3,5
319555,319560,319562,2,5
319555,319561,319562,1,6
319555,319560,319563,3,5
319555,319563,319564,1,8
319555,319562,319564,2,7
319555,319556,319564,8,1
319555,319563,319564,1,8
319555,319563,319564,1,8
319555,319563,319564,1,8
319555,319563,319564,1,8
319555,319563,319565,2,8
319555,319556,319566,10,1
319555,319556,319565,9,1
319555,319556,319565,9,1
319555,319563,319565,2,8
319555,319562,319565,3,7
319555,319563,319565,2,8
319555,319563,319565,2,8
319555,319563,319566,3,8
319555,319556,319565,9,1
319555,319562,319565,3,7
319555,319556,319565,9,1
319555,319556,319566,10,1
319555,319556,319566,10,1
319555,319564,319566,2,9
319555,319556,319566,10,1
319555,319565,319566,1,10
319555,319556,319566,10,1
319555,319565,319566,1,10
319555,319565,319566,1,10
319555,319565,319566,1,10
319555,319556,319566,10,1
319555,319565,319566,1,10
319555,319565,319566,1,10
319555,319556,319566,10,1
319555,319565,319566,1,10
319555,319556,319567,11,1
319555,319566,319568,2,11
319555,319556,319568,12,1
319555,319565,319568,3,10
319555,319556,319567,11,1
319555,319556,319567,11,1
319555,319556,319568,12,1
319555,319566,319568,2,11
319555,319556,319568,12,1
319555,319556,319568,12,1
319555,319556,319568,12,1
319555,319556,319569,13,1
319555,319556,319569,13,1
319555,319556,319570,14,1
319555,319556,319570,14,1
319555,319556,319570,14,1
319555,319556,319570,14,1
319555,319556,319574,18,1
319555,319556,319573,17,1
319555,319556,319574,18,1
319555,319556,319574,18,1
319577,319577,319579,2,0
319577,319577,319579,2,0
319577,319577,319579,2,0
319577,319577,319579,2,0
319577,319577,319580,3,0
319577,319577,319580,3,0
319577,319580,319581,1,3
319577,319580,319581,1,3
319577,319581,319583,2,4
319577,319580,319582,2,3
319577,319580,319582,2,3
319577,319581,319582,1,4
319577,319578,319583,5,1
319577,319578,319583,5,1
319577,319582,319583,1,5
319577,319582,319583,1,5
319577,319578,319584,6,1
319577,319578,319584,6,1
319577,319578,319584,6,1
319577,319583,319584,1,6
319577,319578,319584,6,1
319577,319583,319584,1,6
319577,319583,319584,1,6
319577,319583,319584,1,6
319577,319578,319584,6,1
319577,319578,319585,7,1
319577,319584,319585,1,7
319577,319584,319585,1,7
319577,319577,319586,9,0
319577,319584,319585,1,7
319577,319585,319586,1,8
319577,319585,319586,1,8
319577,319577,319586,9,0
319577,319585,319586,1,8
319577,319586,319587,1,9
319577,319577,319586,9,0
319577,319578,319586,8,1
319577,319585,319586,1,8
319577,319585,319586,1,8
319577,319585,319586,1,8
319577,319586,319587,1,9
319577,319578,319587,9,1
319577,319585,319587,2,8
319577,319577,319587,10,0
319577,319584,319587,3,7
319577,319585,319587,2,8
319577,319585,319587,2,8
319577,319586,319587,1,9
319577,319577,319587,10,0
319577,319577,319587,10,0
319577,319577,319588,11,0
319577,319586,319587,1,9
319577,319586,319588,2,9
319577,319578,319588,10,1
319577,319587,319588,1,10
319577,319587,319588,1,10
319577,319587,319588,1,10
319577,319587,319588,1,10
319577,319587,319588,1,10
319577,319578,319589,11,1
319577,319578,319589,11,1
319577,319577,319589,12,0
319577,319577,319590,13,0
319577,319577,319590,13,0
319577,319578,319590,12,1
319577,319578,319590,12,1
319577,319578,319591,13,1
319577,319578,319591,13,1
319577,319577,319592,15,0
319577,319577,319592,15,0
319577,319577,319592,15,0
319577,319577,319593,16,0
319577,319577,319594,17,0
319577,319578,319595,17,1
319577,319577,319595,18,0
319577,319577,319596,19,0
319577,319577,319597,20,0
319577,319577,319600,23,0
319577,319577,319602,25,0
319605,319605,319607,2,0
319605,319605,319607,2,0
319605,319605,319607,2,0
319605,319605,319607,2,0
319605,319605,319607,2,0
319605,319605,319608,3,0
319605,319607,319610,3,2
319605,319608,319610,2,3
319605,319608,319610,2,3
319605,319608,319610,2,3
319605,319607,319610,3,2
319605,319609,319610,1,4
319605,319611,319612,1,6
319605,319605,319612,7,0
319605,319611,319612,1,6
319605,319611,319612,1,6
319605,319611,319612,1,6
319605,319611,319612,1,6
319605,319611,319612,1,6
319605,319605,319613,8,0
319605,319605,319613,8,0
319605,319605,319613,8,0
319605,319605,319613,8,0
319605,319605,319613,8,0
319605,319605,319613,8,0
319605,319605,319613,8,0
319605,319605,319614,9,0
319605,319605,319613,8,0
319605,319605,319615,10,0
319605,319613,319614,1,8
319605,319605,319614,9,0
319605,319605,319615,10,0
319605,319613,319614,1,8
319605,319605,319614,9,0
319605,319613,319614,1,8
319605,319613,319614,1,8
319605,319613,319614,1,8
319605,319605,319614,9,0
319605,319613,319614,1,8
319605,319613,319614,1,8
319605,319605,319615,10,0
319605,319605,319615,10,0
319605,319605,319615,10,0
319605,319605,319615,10,0
319605,319605,319616,11,0
319605,319614,319615,1,9
319605,319605,319615,10,0
319605,319614,319615,1,9
319605,319614,319615,1,9
319605,319614,319615,1,9
319605,319614,319615,1,9
319605,319614,319615,1,9
319605,319605,319616,11,0
319605,319605,319616,11,0
319605,319605,319616,11,0
319605,319614,319616,2,9
319605,319614,319616,2,9
319605,319614,319616,2,9
319605,319615,319616,1,10
319605,319615,319616,1,10
319605,319615,319616,1,10
319605,319615,319616,1,10
319605,319615,319616,1,10
319605,319615,319616,1,10
319605,319615,319616,1,10
319605,319605,319617,12,0
319605,319605,319618,13,0
319605,319605,319618,13,0
319605,319605,319618,13,0
319605,319605,319619,14,0
319605,319605,319619,14,0
319605,319605,319619,14,0
319605,319605,319620,15,0
319605,319605,319620,15,0
319605,319605,319621,16,0
319605,319605,319621,16,0
319605,319605,319622,17,0
319605,319605,319625,20,0
319605,319605,319627,22,0
319630,319630,319632,2,0
319630,319630,319632,2,0
319630,319630,319632,2,0
319630,319630,319632,2,0
319630,319630,319632,2,0
319630,319632,319634,2,2
319630,319632,319635,3,2
319630,319632,319635,3,2
319630,319632,319634,2,2
319630,319632,319635,3,2
319630,319630,319636,6,0
319630,319634,319636,2,4
319630,319630,319636,6,0
319630,319630,319637,7,0
319630,319630,319637,7,0
319630,319635,319637,2,5
319630,319635,319637,2,5
319630,319635,319637,2,5
319630,319630,319637,7,0
319630,319635,319637,2,5
319630,319630,319637,7,0
319630,319630,319638,8,0
319630,319630,319638,8,0
319630,319636,319638,2,6
319630,319636,319638,2,6
319630,319630,319639,9,0
319630,319630,319638,8,0
319630,319630,319639,9,0
319630,319630,319639,9,0
319630,319636,319639,3,6
319630,319630,319639,9,0
319630,319637,319639,2,7
319630,319630,319639,9,0
319630,319637,319639,2,7
319630,319637,319639,2,7
319630,319637,319639,2,7
319630,319630,319640,10,0
319630,319639,319640,1,9
319630,319638,319639,1,8
319630,319630,319639,9,0
319630,319638,319639,1,8
319630,319630,319639,9,0
319630,319630,319640,10,0
319630,319630,319639,9,0
319630,319630,319640,10,0
319630,319630,319640,10,0
319630,319630,319640,10,0
319630,319639,319640,1,9
319630,319639,319640,1,9
319630,319630,319641,11,0
319630,319639,319640,1,9
319630,319630,319641,11,0
319630,319630,319641,11,0
319630,319637,319641,4,7
319630,319638,319641,3,8
319630,319630,319641,11,0
319630,319640,319641,1,10
319630,319640,319641,1,10
319630,319640,319641,1,10
319630,319630,319641,11,0
319630,319640,319641,1,10
319630,319640,319641,1,10
319630,319630,319641,11,0
319630,319639,319642,3,9
319630,319639,319642,3,9
319630,319639,319642,3,9
319630,319630,319642,12,0
319630,319639,319642,3,9
319630,319640,319642,2,10
319630,319630,319643,13,0
319630,319630,319644,14,0
319630,319630,319643,13,0
319630,319630,319647,17,0
319630,319630,319647,17,0
319630,319630,319648,18,0
319630,319630,319649,19,0
319630,319630,319650,20,0
319630,319630,319653,23,0
319630,319630,319658,28,0
319661,319661,319663,2,0
319661,319661,319663,2,0
319661,319661,319663,2,0
319661,319661,319663,2,0
319661,319661,319663,2,0
319661,319661,319665,4,0
319661,319663,319665,2,2
319661,319663,319665,2,2
319661,319661,319666,5,0
319661,319663,319665,2,2
319661,319663,319666,3,2
319661,319663,319665,2,2
319661,319665,319666,1,4
319661,319661,319668,7,0
319661,319665,319668,3,4
319661,319666,319668,2,5
319661,319665,319667,2,4
319661,319666,319668,2,5
319661,319661,319668,7,0
319661,319666,319668,2,5
319661,319661,319668,7,0
319661,319661,319669,8,0
319661,319661,319669,8,0
319661,319661,319669,8,0
319661,319661,319669,8,0
319661,319667,319669,2,6
319661,319661,319668,7,0
319661,319661,319668,7,0
319661,319661,319668,7,0
319661,319661,319669,8,0
319661,319661,319669,8,0
319661,319661,319670,9,0
319661,319661,319670,9,0
319661,319661,319670,9,0
319661,319661,319670,9,0
319661,319661,319669,8,0
319661,319668,319670,2,7
319661,319661,319669,8,0
319661,319668,319670,2,7
319661,319668,319670,2,7
319661,319668,319670,2,7
319661,319661,319670,9,0
319661,319668,319670,2,7
319661,319666,319671,5,5
319661,319669,319670,1,8
319661,319661,319670,9,0
319661,319669,319671,2,8
319661,319669,319671,2,8
319661,319669,319671,2,8
319661,319669,319671,2,8
319661,319669,319671,2,8
319661,319669,319671,2,8
319661,319669,319671,2,8
319661,319661,319671,10,0
319661,319669,319672,3,8
319661,319661,319671,10,0
319661,319668,319672,4,7
319661,319668,319672,4,7
319661,319661,319672,11,0
319661,319661,319673,12,0
319661,319669,319673,4,8
319661,319661,319673,12,0
319661,319670,319673,3,9
319661,319670,319673,3,9
319661,319661,319673,12,0
319661,319670,319673,3,9
319661,319670,319673,3,9
319661,319670,319673,3,9
319661,319661,319674,13,0
319661,319661,319674,13,0
319661,319661,319675,14,0
319661,319661,319675,14,0
319661,319661,319676,15,0
319661,319661,319679,18,0
319661,319661,319680,19,0
319661,319661,319680,19,0
319661,319661,319681,20,0
319661,319661,319682,21,0
319661,319661,319684,23,0
319688,319688,319690,2,0
319688,319688,319690,2,0
319688,319688,319690,2,0
319688,319688,319690,2,0
319688,319688,319691,3,0
319688,319688,319692,4,0
319688,319688,319691,3,0
319688,319690,319692,2,2
319688,319688,319692,4,0
319688,319690,319693,3,2
319688,319688,319692,4,0
319688,319688,319693,5,0
319688,319688,319693,5,0
319688,319688,319694,6,0
319688,319688,319693,5,0
319688,319690,319693,3,2
319688,319690,319693,3,2
319688,319688,319694,6,0
319688,319691,319695,4,3
319688,319688,319694,6,0
319688,319693,319695,2,5
319688,319692,319695,3,4
319688,319688,319695,7,0
319688,319688,319695,7,0
319688,319688,319695,7,0
319688,319688,319696,8,0
319688,319688,319695,7,0
319688,319694,319696,2,6
319688,319688,319696,8,0
319688,319688,319696,8,0
319688,319688,319695,7,0
319688,319692,319695,3,4
319688,319694,319696,2,6
319688,319688,319697,9,0
319688,319688,319697,9,0
319688,319694,319697,3,6
319688,319688,319696,8,0
319688,319694,319696,2,6
319688,319695,319697,2,7
319688,319695,319697,2,7
319688,319694,319697,3,6
319688,319688,319697,9,0
319688,319695,319697,2,7
319688,319695,319697,2,7
319688,319688,319697,9,0
319688,319695,319696,1,7
319688,319688,319697,9,0
319688,319688,319698,10,0
319688,319696,319697,1,8
319688,319693,319698,5,5
319688,319695,319698,3,7
319688,319688,319698,10,0
319688,319696,319697,1,8
319688,319688,319697,9,0
319688,319696,319698,2,8
319688,319696,319698,2,8
319688,319696,319697,1,8
319688,319696,319698,2,8
319688,319696,319698,2,8
319688,319696,319698,2,8
319688,319696,319698,2,8
319688,319688,319698,10,0
319688,319688,319699,11,0
319688,319688,319699,11,0
319688,319695,319698,3,7
319688,319688,319699,11,0
319688,319697,319700,3,9
319688,319693,319700,7,5
319688,319693,319699,6,5
319688,319697,319699,2,9
319688,319692,319700,8,4
319688,319688,319702,14,0
319688,319688,319701,13,0
319688,319688,319701,13,0
319688,319688,319702,14,0
319688,319688,319705,17,0
319688,319688,319705,17,0
319688,319688,319706,18,0
319688,319688,319709,21,0
319712,319712,319713,1,0
319712,319712,319713,1,0
319712,319712,319713,1,0
319712,319712,319713,1,0
319712,319712,319714,2,0
319712,319712,319715,3,0
319712,319712,319716,4,0
319712,319712,319716,4,0
319712,319712,319716,4,0
319712,319712,319717,5,0
319712,319712,319718,6,0
319712,319712,319717,5,0
319712,319712,319717,5,0
319712,319714,319717,3,2
319712,319714,319717,3,2
319712,319714,319717,3,2
319712,319712,319718,6,0
319712,319714,319718,4,2
319712,319712,319718,6,0
319712,319714,319718,4,2
319712,319715,319719,4,3
319712,319712,319719,7,0
319712,319712,319720,8,0
319712,319718,319720,2,6
319712,319718,319719,1,6
319712,319718,319719,1,6
319712,319718,319719,1,6
319712,319712,319720,8,0
319712,319718,319721,3,6
319712,319716,319720,4,4
319712,319712,319720,8,0
319712,319712,319720,8,0
319712,319719,319720,1,7
319712,319719,319720,1,7
319712,319719,319721,2,7
319712,319712,319721,9,0
319712,319712,319721,9,0
319712,319712,319720,8,0
319712,319719,319720,1,7
319712,319719,319721,2,7
319712,319712,319721,9,0
319712,319718,319722,4,6
319712,319717,319721,4,5
319712,319712,319721,9,0
319712,319720,319721,1,8
319712,319720,319721,1,8
319712,319720,319721,1,8
319712,319712,319721,9,0
319712,319720,319721,1,8
319712,319720,319721,1,8
319712,319720,319723,3,8
319712,319716,319723,7,4
319712,319720,319722,2,8
319712,319721,319722,1,9
319712,319721,319722,1,9
319712,319721,319722,1,9
319712,319712,319722,10,0
319712,319712,319723,11,0
319712,319721,319722,1,9
319712,319712,319723,11,0
319712,319712,319724,12,0
319712,319721,319724,3,9
319712,319712,319723,11,0
319712,319721,319723,2,9
319712,319721,319723,2,9
319712,319712,319723,11,0
319712,319712,319724,12,0
319712,319712,319724,12,0
319712,319712,319726,14,0
319712,319712,319726,14,0
319712,319712,319727,15,0
319712,319712,319728,16,0
319712,319712,319729,17,0
319712,319712,319729,17,0
319712,319712,319728,16,0
319712,319712,319729,17,0
319712,319716,319731,15,4
319712,319712,319731,19,0
319712,319712,319734,22,0
319738,319738,319739,1,0
319738,319738,319739,1,0
319738,319738,319739,1,0
319738,319738,319739,1,0
319738,319738,319739,1,0
319738,319738,319740,2,0
319738,319738,319742,4,0
319738,319738,319741,3,0
319738,319738,319741,3,0
319738,319738,319742,4,0
319738,319738,319742,4,0
319738,319740,319742,2,2
319738,319740,319743,3,2
319738,319738,319743,5,0
319738,319738,319742,4,0
319738,319740,319742,2,2
319738,319738,319743,5,0
319738,319738,319744,6,0
319738,319738,319743,5,0
319738,319740,319743,3,2
319738,319738,319745,7,0
319738,319743,319744,1,5
319738,319743,319744,1,5
319738,319740,319745,5,2
319738,319743,319744,1,5
319738,319741,319744,3,3
319738,319743,319745,2,5
319738,319738,319746,8,0
319738,319738,319746,8,0
319738,319743,319745,2,5
319738,319738,319745,7,0
319738,319744,319746,2,6
319738,319738,319745,7,0
319738,319742,319746,4,4
319738,319744,319747,3,6
319738,319744,319746,2,6
319738,319738,319746,8,0
319738,319743,319747,4,5
319738,319744,319746,2,6
319738,319745,319747,2,7
319738,319738,319746,8,0
319738,319745,319747,2,7
319738,319738,319747,9,0
319738,319738,319747,9,0
319738,319745,319747,2,7
319738,319738,319746,8,0
319738,319745,319747,2,7
319738,319743,319747,4,5
319738,319738,319747,9,0
319738,319745,319748,3,7
319738,319746,319748,2,8
319738,319746,319747,1,8
319738,319746,319747,1,8
319738,319746,319747,1,8
319738,319746,319747,1,8
319738,319738,319749,11,0
319738,319742,319748,6,4
319738,319738,319748,10,0
319738,319738,319748,10,0
319738,319747,319749,2,9
319738,319747,319749,2,9
319738,319746,319749,3,8
319738,319746,319749,3,8
319738,319738,319750,12,0
319738,319738,319750,12,0
319738,319738,319751,13,0
319738,319738,319752,14,0
319738,319738,319753,15,0
319738,319745,319753,8,7
319738,319738,319753,15,0
319738,319738,319754,16,0
319738,319738,319756,18,0
319738,319738,319756,18,0
319738,319738,319759,21,0
319738,319738,319763,25,0
319738,319742,319777,35,4
319738,319738,319780,42,0
319738,319738,319780,42,0
319738,319738,319783,45,0
319787,319787,319789,2,0
319787,319787,319789,2,0
319787,319787,319788,1,0
319787,319787,319788,1,0
319787,319787,319790,3,0
319787,319787,319789,2,0
319787,319789,319791,2,2
319787,319789,319790,1,2
319787,319789,319790,1,2
319787,319789,319790,1,2
319787,319787,319791,4,0
319787,319787,319791,4,0
319787,319787,319791,4,0
319787,319790,319792,2,3
319787,319787,319792,5,0
319787,319787,319792,5,0
319787,319787,319792,5,0
319787,319787,319792,5,0
319787,319787,319793,6,0
319787,319790,319793,3,3
319787,319791,319793,2,4
319787,319791,319793,2,4
319787,319791,319792,1,4
319787,319787,319793,6,0
319787,319791,319794,3,4
319787,319787,319793,6,0
319787,319787,319794,7,0
319787,319792,319793,1,5
319787,319787,319794,7,0
319787,319792,319795,3,5
319787,319792,319795,3,5
319787,319792,319795,3,5
319787,319787,319795,8,0
319787,319787,319795,8,0
319787,319793,319794,1,6
319787,319793,319795,2,6
319787,319793,319795,2,6
319787,319787,319795,8,0
319787,319787,319796,9,0
319787,319793,319796,3,6
319787,319787,319796,9,0
319787,319787,319796,9,0
319787,319794,319795,1,7
319787,319787,319795,8,0
319787,319787,319796,9,0
319787,319787,319795,8,0
319787,319793,319795,2,6
319787,319794,319795,1,7
319787,319795,319796,1,8
319787,319794,319795,1,7
319787,319795,319796,1,8
319787,319787,319797,10,0
319787,319793,319797,4,6
319787,319793,319797,4,6
319787,319787,319796,9,0
319787,319795,319796,1,8
319787,319787,319797,10,0
319787,319794,319798,4,7
319787,319787,319797,10,0
319787,319794,319798,4,7
319787,319795,319798,3,8
319787,319793,319799,6,6
319787,319787,319798,11,0
319787,319795,319799,4,8
319787,319793,319799,6,6
319787,319795,319800,5,8
319787,319787,319800,13,0
319787,319795,319801,6,8
319787,319787,319801,14,0
319787,319787,319800,13,0
319787,319787,319801,14,0
319787,319787,319803,16,0
319787,319787,319802,15,0
319787,319787,319803,16,0
319787,319787,319803,16,0
319787,319787,319806,19,0
319787,319787,319808,21,0
319787,319787,319811,24,0
319787,319787,319815,28,0
319818,319819,319820,1,1
319818,319819,319820,1,1
319818,319819,319820,1,1
319818,319819,319820,1,1
319818,319819,319821,2,1
319818,319819,319822,3,1
319818,319821,319823,2,3
319818,319821,319822,1,3
319818,319819,319822,3,1
319818,319819,319823,4,1
319818,319819,319823,4,1
319818,319821,319822,1,3
319818,319821,319822,1,3
319818,319819,319824,5,1
319818,319819,319823,4,1
319818,319819,319823,4,1
319818,319819,319823,4,1
319818,319819,319823,4,1
319818,319822,319823,1,4
319818,319819,319824,5,1
319818,319819,319824,5,1
319818,319823,319824,1,5
319818,319823,319825,2,5
319818,319823,319824,1,5
319818,319823,319824,1,5
319818,319823,319824,1,5
319818,319819,319825,6,1
319818,319819,319826,7,1
319818,319823,319826,3,5
319818,319819,319826,7,1
319818,319819,319825,6,1
319818,319819,319826,7,1
319818,319819,319825,6,1
319818,319819,319826,7,1
319818,319824,319826,2,6
319818,319824,319826,2,6
319818,319819,319826,7,1
319818,319819,319826,7,1
319818,319823,319827,4,5
319818,319819,319826,7,1
319818,319824,319827,3,6
319818,319825,319827,2,7
319818,319825,319827,2,7
319818,319825,319827,2,7
319818,319824,319827,3,6
319818,319824,319827,3,6
319818,319823,319827,4,5
319818,319819,319827,8,1
319818,319819,319827,8,1
319818,319819,319827,8,1
319818,319825,319827,2,7
319818,319826,319828,2,8
319818,319826,319827,1,8
319818,319826,319827,1,8
319818,319826,319827,1,8
319818,319826,319827,1,8
319818,319826,319828,2,8
319818,319819,319828,9,1
319818,319825,319828,3,7
319818,319819,319829,10,1
319818,319819,319829,10,1
319818,319824,319829,5,6
319818,319826,319830,4,8
319818,319826,319829,3,8
319818,319827,319829,2,9
319818,319819,319829,10,1
319818,319819,319831,12,1
319818,319825,319831,6,7
319818,319819,319832,13,1
319818,319819,319831,12,1
319818,319819,319832,13,1
319818,319819,319833,14,1
319818,319819,319833,14,1
319818,319819,319834,15,1
319818,319819,319833,14,1
319818,319819,319834,15,1
319818,319819,319834,15,1
319818,319819,319835,16,1
319818,319825,319836,11,7
319839,319839,319841,2,0
319839,319839,319841,2,0
319839,319839,319841,2,0
319839,319839,319841,2,0
319839,319839,319842,3,0
319839,319840,319843,3,1
319839,319840,319843,3,1
319839,319842,319843,1,3
319839,319842,319843,1,3
319839,319842,319843,1,3
319839,319842,319843,1,3
319839,319843,319844,1,4
319839,319839,319845,6,0
319839,319840,319846,6,1
319839,319844,319845,1,5
319839,319844,319846,2,5
319839,319840,319845,5,1
319839,319844,319846,2,5
319839,319840,319846,6,1
319839,319845,319846,1,6
319839,319840,319846,6,1
319839,319840,319846,6,1
319839,319846,319847,1,7
319839,319840,319846,6,1
319839,319840,319846,6,1
319839,319844,319846,2,5
319839,319845,319846,1,6
319839,319844,319847,3,5
319839,319840,319848,8,1
319839,319840,319848,8,1
319839,319846,319847,1,7
319839,319839,319847,8,0
319839,319840,319847,7,1
319839,319846,319847,1,7
319839,319840,319847,7,1
319839,319846,319847,1,7
319839,319839,319848,9,0
319839,319839,319849,10,0
319839,319840,319848,8,1
319839,319840,319848,8,1
319839,319839,319848,9,0
319839,319847,319848,1,8
319839,319847,319848,1,8
319839,319839,319849,10,0
319839,319847,319848,1,8
319839,319847,319849,2,8
319839,319847,319848,1,8
319839,319847,319848,1,8
319839,319847,319849,2,8
319839,319847,319848,1,8
319839,319839,319849,10,0
319839,319847,319848,1,8
319839,319840,319849,9,1
319839,319840,319849,9,1
319839,319846,319850,4,7
319839,319848,319849,1,9
319839,319848,319849,1,9
319839,319848,319849,1,9
319839,319848,319849,1,9
319839,319848,319849,1,9
319839,319848,319849,1,9
319839,319848,319849,1,9
319839,319840,319851,11,1
319839,319844,319850,6,5
319839,319848,319851,3,9
319839,319840,319851,11,1
319839,319840,319852,12,1
319839,319840,319852,12,1
319839,319840,319852,12,1
319839,319840,319852,12,1
319839,319839,319854,15,0
319839,319839,319853,14,0
319839,319840,319855,15,1
319839,319840,319854,14,1
319839,319840,319855,15,1
319839,319840,319855,15,1
319839,319840,319856,16,1
319839,319840,319856,16,1
319839,319840,319857,17,1
319860,319860,319862,2,0
319860,319860,319862,2,0
319860,319860,319862,2,0
319860,319860,319862,2,0
319860,319860,319863,3,0
319860,319860,319864,4,0
319860,319860,319864,4,0
319860,319863,319864,1,3
319860,319863,319864,1,3
319860,319863,319864,1,3
319860,319863,319864,1,3
319860,319860,319865,5,0
319860,319864,319865,1,4
319860,319860,319865,5,0
319860,319860,319866,6,0
319860,319865,319866,1,5
319860,319860,319867,7,0
319860,319860,319867,7,0
319860,319860,319867,7,0
319860,319860,319867,7,0
319860,319860,319867,7,0
319860,319865,319867,2,5
319860,319865,319867,2,5
319860,319860,319867,7,0
319860,319866,319867,1,6
319860,319865,319867,2,5
319860,319865,319867,2,5
319860,319860,319867,7,0
319860,319860,319868,8,0
319860,319860,319868,8,0
319860,319860,319868,8,0
319860,319866,319868,2,6
319860,319860,319868,8,0
319860,319860,319868,8,0
319860,319866,319868,2,6
319860,319867,319868,1,7
319860,319860,319869,9,0
319860,319868,319869,1,8
319860,319868,319869,1,8
319860,319868,319869,1,8
319860,319860,319869,9,0
319860,319868,319869,1,8
319860,319868,319869,1,8
319860,319860,319870,10,0
319860,319868,319869,1,8
319860,319860,319869,9,0
319860,319868,319869,1,8
319860,319860,319869,9,0
319860,319865,319870,5,5
319860,319860,319871,11,0
319860,319860,319870,10,0
319860,319860,319871,11,0
319860,319860,319870,10,0
319860,319869,319870,1,9
319860,319869,319870,1,9
319860,319860,319870,10,0
319860,319869,319870,1,9
319860,319869,319871,2,9
319860,319860,319871,11,0
319860,319869,319871,2,9
319860,319868,319871,3,8
319860,319869,319871,2,9
319860,319860,319871,11,0
319860,319867,319871,4,7
319860,319869,319871,2,9
319860,319868,319871,3,8
319860,319869,319871,2,9
319860,319860,319871,11,0
319860,319868,319871,3,8
319860,319860,319872,12,0
319860,319868,319872,4,8
319860,319860,319872,12,0
319860,319860,319873,13,0
319860,319860,319874,14,0
319860,319860,319874,14,0
319860,319860,319875,15,0
319860,319860,319875,15,0
319860,319860,319876,16,0
319860,319860,319880,20,0
319882,319882,319884,2,0
319882,319882,319884,2,0
319882,319882,319884,2,0
319882,319882,319884,2,0
319882,319882,319884,2,0
319882,319884,319886,2,2
319882,319882,319886,4,0
319882,319884,319886,2,2
319882,319885,319887,2,3
319882,319887,319888,1,5
319882,319887,319888,1,5
319882,319882,319888,6,0
319882,319887,319888,1,5
319882,319882,319889,7,0
319882,319882,319889,7,0
319882,319884,319888,4,2
319882,319882,319889,7,0
319882,319887,319889,2,5
319882,319882,319889,7,0
319882,319882,319889,7,0
319882,319884,319889,5,2
319882,319882,319889,7,0
319882,319882,319890,8,0
319882,319882,319890,8,0
319882,319882,319890,8,0
319882,319882,319890,8,0
319882,319882,319890,8,0
319882,319889,319890,1,7
319882,319889,319890,1,7
319882,319889,319890,1,7
319882,319889,319890,1,7
319882,319890,319891,1,8
319882,319890,319891,1,8
319882,319882,319891,9,0
319882,319890,319891,1,8
319882,319890,319891,1,8
319882,319882,319892,10,0
319882,319890,319891,1,8
319882,319890,319891,1,8
319882,319890,319891,1,8
319882,319890,319891,1,8
319882,319891,319892,1,9
319882,319891,319892,1,9
319882,319891,319892,1,9
319882,319891,319892,1,9
319882,319891,319892,1,9
319882,319891,319892,1,9
319882,319882,319892,10,0
319882,319891,319892,1,9
319882,319891,319892,1,9
319882,319882,319893,11,0
319882,319889,319893,4,7
319882,319890,319893,3,8
319882,319892,319893,1,10
319882,319892,319893,1,10
319882,319892,319893,1,10
319882,319892,319893,1,10
319882,319882,319893,11,0
319882,319882,319894,12,0
319882,319882,319894,12,0
319882,319882,319895,13,0
319882,319882,319896,14,0
319882,319882,319897,15,0
319882,319882,319897,15,0
319882,319882,319899,17,0
319882,319882,319899,17,0
319882,319882,319899,17,0
319882,319882,319901,19,0
319882,319882,319901,19,0
319882,319882,319901,19,0
319882,319882,319902,20,0
319882,319882,319903,21,0
319882,319882,319904,22,0
319882,319882,319906,24,0
319882,319882,319907,25,0
319882,319882,319907,25,0
319882,319882,319908,26,0
319882,319882,319913,31,0
319882,319882,319921,39,0
319924,319924,319926,2,0
319924,319924,319926,2,0
319924,319924,319926,2,0
319924,319924,319926,2,0
319924,319924,319926,2,0
319924,319924,319928,4,0
319924,319926,319928,2,2
319924,319927,319928,1,3
319924,319924,319928,4,0
319924,319926,319929,3,2
319924,319926,319928,2,2
319924,319924,319930,6,0
319924,319928,319930,2,4
319924,319924,319930,6,0
319924,319928,319930,2,4
319924,319924,319930,6,0
319924,319924,319929,5,0
319924,319924,319931,7,0
319924,319924,319930,6,0
319924,319924,319930,6,0
319924,319929,319931,2,5
319924,319926,319931,5,2
319924,319924,319931,7,0
319924,319929,319931,2,5
319924,319929,319931,2,5
319924,319929,319931,2,5
319924,319924,319931,7,0
319924,319930,319931,1,6
319924,319924,319931,7,0
319924,319930,319932,2,6
319924,319930,319932,2,6
319924,319930,319932,2,6
319924,319924,319932,8,0
319924,319930,319932,2,6
319924,319924,319932,8,0
319924,319930,319932,2,6
319924,319924,319933,9,0
319924,319931,319933,2,7
319924,319931,319933,2,7
319924,319924,319933,9,0
319924,319931,319933,2,7
319924,319924,319933,9,0
319924,319932,319933,1,8
319924,319932,319933,1,8
319924,319932,319933,1,8
319924,319932,319933,1,8
319924,319932,319933,1,8
319924,319931,319934,3,7
319924,319931,319934,3,7
319924,319924,319933,9,0
319924,319932,319934,2,8
319924,319933,319934,1,9
319924,319933,319934,1,9
319924,319933,319934,1,9
319924,319933,319934,1,9
319924,319933,319934,1,9
319924,319933,319934,1,9
319924,319933,319934,1,9
319924,319924,319936,12,0
319924,319924,319937,13,0
319924,319924,319938,14,0
319924,319924,319938,14,0
319924,319924,319941,17,0
319924,319924,319941,17,0
319924,319924,319942,18,0
319924,319924,319943,19,0
319924,319924,319944,20,0
319924,319924,319945,21,0
319924,319924,319948,24,0
319924,319924,319949,25,0
319924,319924,319951,27,0
319924,319924,319951,27,0
319924,319924,319951,27,0
319924,319924,319953,29,0
319924,319924,319955,31,0
319924,319924,319955,31,0
319924,319924,319956,32,0
319924,319924,319960,36,0
319924,319924,319968,44,0
319971,319971,319973,2,0
319971,319971,319973,2,0
319971,319971,319973,2,0
319971,319971,319973,2,0
319971,319971,319973,2,0
319971,319971,319974,3,0
319971,319973,319974,1,2
319971,319973,319975,2,2
319971,319971,319976,5,0
319971,319973,319975,2,2
319971,319973,319975,2,2
319971,319971,319976,5,0
319971,319973,319975,2,2
319971,319975,319976,1,4
319971,319974,319976,2,3
319971,319971,319976,5,0
319971,319971,319977,6,0
319971,319975,319977,2,4
319971,319971,319978,7,0
319971,319971,319978,7,0
319971,319976,319978,2,5
319971,319976,319978,2,5
319971,319971,319978,7,0
319971,319971,319978,7,0
319971,319971,319979,8,0
319971,319971,319978,7,0
319971,319976,319979,3,5
319971,319971,319979,8,0
319971,319976,319978,2,5
319971,319976,319979,3,5
319971,319976,319979,3,5
319971,319971,319979,8,0
319971,319976,319979,3,5
319971,319977,319979,2,6
319971,319971,319979,8,0
319971,319977,319979,2,6
319971,319978,319980,2,7
319971,319978,319980,2,7
319971,319971,319980,9,0
319971,319978,319980,2,7
319971,319979,319980,1,8
319971,319978,319980,2,7
319971,319971,319980,9,0
319971,319971,319981,10,0
319971,319971,319981,10,0
319971,319971,319981,10,0
319971,319979,319981,2,8
319971,319979,319981,2,8
319971,319980,319981,1,9
319971,319980,319981,1,9
319971,319980,319981,1,9
319971,319978,319982,4,7
319971,319977,319982,5,6
319971,319971,319982,11,0
319971,319978,319982,4,7
319971,319980,319982,2,9
319971,319971,319982,11,0
319971,319971,319983,12,0
319971,319971,319983,12,0
319971,319979,319983,4,8
319971,319971,319983,12,0
319971,319979,319983,4,8
319971,319979,319983,4,8
319971,319979,319984,5,8
319971,319971,319984,13,0
319971,319971,319985,14,0
319971,319971,319985,14,0
319971,319971,319985,14,0
319971,319971,319985,14,0
319971,319971,319985,14,0
319971,319971,319986,15,0
319971,319971,319987,16,0
319971,319971,319987,16,0
319971,319971,319987,16,0
319971,319971,319989,18,0
319971,319971,319991,20,0
319971,319971,319991,20,0
319971,319971,319993,22,0
319971,319971,320001,30,0
320004,320004,320006,2,0
320004,320004,320006,2,0
320004,320004,320006,2,0
320004,320004,320006,2,0
320004,320004,320006,2,0
320004,320004,320007,3,0
320004,320006,320008,2,2
320004,320006,320008,2,2
320004,320006,320007,1,2
320004,320006,320008,2,2
320004,320006,320008,2,2
320004,320007,320009,2,3
320004,320008,320009,1,4
320004,320008,320010,2,4
320004,320008,320009,1,4
320004,320008,320010,2,4
320004,320004,320011,7,0
320004,320004,320010,6,0
320004,320004,320011,7,0
320004,320004,320012,8,0
320004,320004,320012,8,0
320004,320004,320012,8,0
320004,320004,320011,7,0
320004,320009,320012,3,5
320004,320004,320012,8,0
320004,320004,320011,7,0
320004,320004,320012,8,0
320004,320004,320012,8,0
320004,320004,320011,7,0
320004,320010,320012,2,6
320004,320009,320012,3,5
320004,320010,320012,2,6
320004,320004,320013,9,0
320004,320004,320013,9,0
320004,320004,320012,8,0
320004,320010,320013,3,6
320004,320011,320013,2,7
320004,320010,320013,3,6
320004,320004,320013,9,0
320004,320004,320013,9,0
320004,320011,320013,2,7
320004,320004,320013,9,0
320004,320004,320013,9,0
320004,320004,320014,10,0
320004,320004,320014,10,0
320004,320004,320014,10,0
320004,320004,320014,10,0
320004,320012,320014,2,8
320004,320012,320014,2,8
320004,320012,320014,2,8
320004,320012,320014,2,8
320004,320012,320014,2,8
320004,320013,320014,1,9
320004,320013,320014,1,9
320004,320004,320015,11,0
320004,320012,320015,3,8
320004,320012,320014,2,8
320004,320012,320015,3,8
320004,320012,320015,3,8
320004,320004,320015,11,0
320004,320012,320015,3,8
320004,320004,320015,11,0
320004,320004,320016,12,0
320004,320004,320016,12,0
320004,320013,320015,2,9
320004,320013,320016,3,9
320004,320013,320015,2,9
320004,320004,320016,12,0
320004,320004,320017,13,0
320004,320012,320016,4,8
320004,320012,320016,4,8
320004,320004,320018,14,0
320004,320004,320018,14,0
320004,320004,320018,14,0
320004,320004,320020,16,0
320004,320004,320019,15,0
320004,320004,320020,16,0
320004,320004,320023,19,0
320004,320004,320026,22,0
320029,320029,320031,2,0
320029,320029,320031,2,0
320029,320029,320031,2,0
320029,320029,320030,1,0
320029,320029,320031,2,0
320029,320029,320032,3,0
320029,320031,320033,2,2
320029,320031,320033,2,2
320029,320031,320033,2,2
320029,320031,320032,1,2
320029,320031,320033,2,2
320029,320029,320034,5,0
320029,320029,320035,6,0
320029,320029,320035,6,0
320029,320033,320035,2,4
320029,320033,320035,2,4
320029,320033,320035,2,4
320029,320029,320035,6,0
320029,320029,320036,7,0
320029,320029,320035,6,0
320029,320029,320036,7,0
320029,320033,320035,2,4
320029,320029,320035,6,0
320029,320029,320036,7,0
320029,320033,320035,2,4
320029,320029,320036,7,0
320029,320033,320036,3,4
320029,320029,320036,7,0
320029,320029,320037,8,0
320029,320029,320036,7,0
320029,320029,320037,8,0
320029,320035,320037,2,6
320029,320029,320036,7,0
320029,320029,320036,7,0
320029,320029,320037,8,0
320029,320029,320036,7,0
320029,320029,320037,8,0
320029,320035,320037,2,6
320029,320029,320037,8,0
320029,320029,320038,9,0
320029,320029,320038,9,0
320029,320036,320038,2,7
320029,320036,320038,2,7
320029,320034,320037,3,5
320029,320036,320038,2,7
320029,320036,320038,2,7
320029,320035,320038,3,6
320029,320036,320038,2,7
320029,320036,320038,2,7
320029,320029,320038,9,0
320029,320029,320038,9,0
320029,320029,320039,10,0
320029,320029,320039,10,0
320029,320029,320038,9,0
320029,320029,320039,10,0
320029,320029,320039,10,0
320029,320036,320038,2,7
320029,320037,320039,2,8
320029,320037,320039,2,8
320029,320037,320039,2,8
320029,320037,320039,2,8
320029,320037,320039,2,8
320029,320036,320038,2,7
320029,320036,320038,2,7
320029,320037,320038,1,8
320029,320029,320039,10,0
320029,320036,320039,3,7
320029,320029,320040,11,0
320029,320037,320040,3,8
320029,320029,320041,12,0
320029,320029,320041,12,0
320029,320035,320041,6,6
320029,320035,320041,6,6
320029,320029,320041,12,0
320029,320036,320042,6,7
320029,320029,320043,14,0
320029,320029,320043,14,0
320029,320029,320044,15,0
320029,320029,320047,18,0
320050,320050,320052,2,0
320050,320050,320052,2,0
320050,320050,320052,2,0
320050,320050,320052,2,0
320050,320050,320052,2,0
320050,320050,320052,2,0
320050,320052,320054,2,2
320050,320052,320054,2,2
320050,320052,320054,2,2
320050,320053,320055,2,3
320050,320050,320056,6,0
320050,320050,320056,6,0
320050,320052,320056,4,2
320050,320054,320056,2,4
320050,320054,320056,2,4
320050,320052,320055,3,2
320050,320050,320057,7,0
320050,320050,320056,6,0
320050,320050,320057,7,0
320050,320055,320056,1,5
320050,320055,320057,2,5
320050,320050,320057,7,0
320050,320050,320058,8,0
320050,320050,320057,7,0
320050,320050,320057,7,0
320050,320050,320058,8,0
320050,320050,320058,8,0
320050,320050,320057,7,0
320050,320056,320058,2,6
320050,320056,320059,3,6
320050,320050,320059,9,0
320050,320056,320059,3,6
320050,320050,320059,9,0
320050,320050,320059,9,0
320050,320056,320059,3,6
320050,320057,320059,2,7
320050,320057,320059,2,7
320050,320050,320058,8,0
320050,320057,320059,2,7
320050,320050,320060,10,0
320050,320050,320060,10,0
320050,320056,320059,3,6
320050,320058,320060,2,8
320050,320050,320059,9,0
320050,320058,320060,2,8
320050,320058,320059,1,8
320050,320059,320060,1,9
320050,320058,320060,2,8
320050,320058,320060,2,8
320050,320059,320060,1,9
320050,320050,320060,10,0
320050,320050,320061,11,0
320050,320050,320060,10,0
320050,320050,320061,11,0
320050,320057,320061,4,7
320050,320059,320061,2,9
320050,320059,320060,1,9
320050,320059,320061,2,9
320050,320050,320061,11,0
320050,320059,320060,1,9
320050,320050,320062,12,0
320050,320050,320061,11,0
320050,320050,320061,11,0
320050,320050,320062,12,0
320050,320057,320062,5,7
320050,320050,320061,11,0
320050,320058,320062,4,8
320050,320050,320062,12,0
320050,320050,320063,13,0
320050,320050,320063,13,0
320050,320056,320063,7,6
320050,320058,320062,4,8
320050,320058,320062,4,8
320050,320050,320063,13,0
320050,320050,320064,14,0
320050,320050,320064,14,0
320050,320050,320064,14,0
320050,320050,320065,15,0
320050,320050,320066,16,0
320069,320069,320070,1,0
320069,320069,320070,1,0
320069,320069,320070,1,0
320069,320069,320070,1,0
320069,320069,320070,1,0
320069,320069,320072,3,0
320069,320071,320073,2,2
320069,320071,320073,2,2
320069,320071,320073,2,2
320069,320071,320073,2,2
320069,320069,320074,5,0
320069,320071,320074,3,2
320069,320069,320075,6,0
320069,320069,320075,6,0
320069,320069,320075,6,0
320069,320069,320076,7,0
320069,320073,320076,3,4
320069,320069,320076,7,0
320069,320073,320076,3,4
320069,320069,320076,7,0
320069,320073,320075,2,4
320069,320069,320077,8,0
320069,320069,320076,7,0
320069,320069,320076,7,0
320069,320075,320076,1,6
320069,320074,320077,3,5
320069,320069,320077,8,0
320069,320069,320077,8,0
320069,320074,320076,2,5
320069,320069,320077,8,0
320069,320069,320077,8,0
320069,320069,320077,8,0
320069,320069,320077,8,0
320069,320069,320077,8,0
320069,320069,320077,8,0
320069,320069,320077,8,0
320069,320076,320078,2,7
320069,320069,320077,8,0
320069,320076,320077,1,7
320069,320069,320078,9,0
320069,320076,320078,2,7
320069,320076,320077,1,7
320069,320076,320078,2,7
320069,320076,320077,1,7
320069,320076,320078,2,7
320069,320069,320078,9,0
320069,320077,320078,1,8
320069,320069,320079,10,0
320069,320077,320078,1,8
320069,320077,320078,1,8
320069,320077,320078,1,8
320069,320077,320078,1,8
320069,320077,320079,2,8
320069,320077,320078,1,8
320069,320077,320079,2,8
320069,320076,320079,3,7
320069,320069,320079,10,0
320069,320076,320080,4,7
320069,320077,320080,3,8
320069,320077,320080,3,8
320069,320075,320080,5,6
320069,320069,320080,11,0
320069,320069,320081,12,0
320069,320078,320080,2,9
320069,320078,320080,2,9
320069,320078,320080,2,9
320069,320069,320081,12,0
320069,320077,320080,3,8
320069,320069,320081,12,0
320069,320069,320082,13,0
320069,320069,320082,13,0
320069,320069,320083,14,0
320069,320069,320083,14,0
320069,320069,320083,14,0
320069,320069,320083,14,0
320069,320069,320085,16,0
320069,320069,320084,15,0
320069,320069,320088,19,0
320069,320069,320090,21,0
320093,320093,320094,1,0
320093,320093,320094,1,0
320093,320093,320095,2,0
320093,320093,320094,1,0
320093,320093,320094,1,0
320093,320093,320096,3,0
320093,320093,320097,4,0
320093,320095,320096,1,2
320093,320093,320098,5,0
320093,320093,320098,5,0
320093,320093,320097,4,0
320093,320093,320098,5,0
320093,320095,320097,2,2
320093,320095,320098,3,2
320093,320095,320098,3,2
320093,320093,320098,5,0
320093,320093,320099,6,0
320093,320095,320098,3,2
320093,320093,320099,6,0
320093,320093,320099,6,0
320093,320093,320099,6,0
320093,320093,320099,6,0
320093,320093,320099,6,0
320093,320099,320100,1,6
320093,320093,320099,6,0
320093,320098,320099,1,5
320093,320093,320100,7,0
320093,320098,320100,2,5
320093,320098,320100,2,5
320093,320097,320099,2,4
320093,320093,320101,8,0
320093,320093,320101,8,0
320093,320098,320101,3,5
320093,320097,320101,4,4
320093,320093,320100,7,0
320093,320099,320100,1,6
320093,320093,320100,7,0
320093,320093,320101,8,0
320093,320100,320101,1,7
320093,320093,320101,8,0
320093,320100,320101,1,7
320093,320100,320101,1,7
320093,320098,320102,4,5
320093,320099,320101,2,6
320093,320100,320101,1,7
320093,320093,320101,8,0
320093,320093,320102,9,0
320093,320100,320101,1,7
320093,320100,320101,1,7
320093,320093,320101,8,0
320093,320093,320101,8,0
320093,320100,320101,1,7
320093,320100,320101,1,7
320093,320101,320102,1,8
320093,320100,320102,2,7
320093,320093,320102,9,0
320093,320099,320102,3,6
320093,320099,320102,3,6
320093,320093,320103,10,0
320093,320098,320102,4,5
320093,320100,320102,2,7
320093,320093,320102,9,0
320093,320098,320102,4,5
320093,320101,320103,2,8
320093,320093,320103,10,0
320093,320101,320102,1,8
320093,320093,320104,11,0
320093,320101,320103,2,8
320093,320101,320104,3,8
320093,320093,320104,11,0
320093,320093,320104,11,0
320093,320093,320104,11,0
320093,320093,320104,11,0
320093,320093,320105,12,0
320093,320093,320104,11,0
320093,320097,320105,8,4
320093,320093,320107,14,0
320093,320093,320108,15,0
320093,320093,320110,17,0
320113,320114,320115,1,1
320113,320113,320115,2,0
320113,320114,320115,1,1
320113,320114,320115,1,1
320113,320114,320115,1,1
320113,320114,320117,3,1
320113,320114,320117,3,1
320113,320114,320117,3,1
320113,320114,320118,4,1
320113,320114,320117,3,1
320113,320114,320118,4,1
320113,320114,320118,4,1
320113,320114,320118,4,1
320113,320114,320118,4,1
320113,320114,320119,5,1
320113,320114,320119,5,1
320113,320116,320120,4,3
320113,320114,320120,6,1
320113,320114,320119,5,1
320113,320116,320121,5,3
320113,320114,320120,6,1
320113,320114,320120,6,1
320113,320114,320120,6,1
320113,320114,320120,6,1
320113,320116,320120,4,3
320113,320114,320121,7,1
320113,320114,320121,7,1
320113,320116,320120,4,3
320113,320118,320120,2,5
320113,320114,320120,6,1
320113,320114,320121,7,1
320113,320119,320121,2,6
320113,320119,320121,2,6
320113,320119,320121,2,6
320113,320114,320121,7,1
320113,320114,320121,7,1
320113,320114,320121,7,1
320113,320116,320121,5,3
320113,320114,320121,7,1
320113,320119,320122,3,6
320113,320120,320121,1,7
320113,320120,320121,1,7
320113,320114,320121,7,1
320113,320121,320122,1,8
320113,320120,320123,3,7
320113,320120,320122,2,7
320113,320120,320122,2,7
320113,320121,320122,1,8
320113,320121,320122,1,8
320113,320121,320122,1,8
320113,320121,320122,1,8
320113,320121,320122,1,8
320113,320121,320122,1,8
320113,320121,320123,2,8
320113,320121,320122,1,8
320113,320118,320123,5,5
320113,320114,320123,9,1
320113,320114,320123,9,1
320113,320118,320123,5,5
320113,320121,320123,2,8
320113,320121,320123,2,8
320113,320114,320123,9,1
320113,320114,320123,9,1
320113,320122,320123,1,9
320113,320118,320124,6,5
320113,320122,320124,2,9
320113,320114,320124,10,1
320113,320122,320124,2,9
320113,320114,320124,10,1
320113,320114,320124,10,1
320113,320122,320124,2,9
320113,320122,320124,2,9
320113,320114,320124,10,1
320113,320114,320126,12,1
320113,320114,320127,13,1
320113,320114,320126,12,1
320113,320118,320126,8,5
320113,320114,320127,13,1
320113,320114,320128,14,1
320131,320131,320133,2,0
320131,320131,320133,2,0
320131,320131,320133,2,0
320131,320131,320133,2,0
320131,320131,320133,2,0
320131,320132,320135,3,1
320131,320134,320136,2,3
320131,320134,320135,1,3
320131,320131,320135,4,0
320131,320132,320136,4,1
320131,320134,320136,2,3
320131,320134,320136,2,3
320131,320134,320136,2,3
320131,320132,320137,5,1
320131,320132,320137,5,1
320131,320136,320137,1,5
320131,320136,320137,1,5
320131,320136,320137,1,5
320131,320132,320138,6,1
320131,320132,320138,6,1
320131,320132,320138,6,1
320131,320132,320138,6,1
320131,320137,320139,2,6
320131,320137,320138,1,6
320131,320137,320139,2,6
320131,320132,320139,7,1
320131,320132,320139,7,1
320131,320132,320139,7,1
320131,320131,320139,8,0
320131,320138,320139,1,7
320131,320138,320139,1,7
320131,320138,320139,1,7
320131,320132,320140,8,1
320131,320131,320140,9,0
320131,320136,320140,4,5
320131,320137,320140,3,6
320131,320138,320140,2,7
320131,320139,320140,1,8
320131,320131,320140,9,0
320131,320131,320140,9,0
320131,320139,320140,1,8
320131,320132,320140,8,1
320131,320139,320140,1,8
320131,320138,320141,3,7
320131,320139,320141,2,8
320131,320131,320142,11,0
320131,320139,320141,2,8
320131,320139,320141,2,8
320131,320139,320141,2,8
320131,320140,320142,2,9
320131,320131,320141,10,0
320131,320131,320141,10,0
320131,320132,320142,10,1
320131,320140,320141,1,9
320131,320131,320141,10,0
320131,320132,320141,9,1
320131,320131,320141,10,0
320131,320140,320141,1,9
320131,320140,320141,1,9
320131,320141,320143,2,10
320131,320140,320142,2,9
320131,320140,320142,2,9
320131,320132,320142,10,1
320131,320140,320143,3,9
320131,320131,320142,11,0
320131,320131,320143,12,0
320131,320141,320143,2,10
320131,320141,320143,2,10
320131,320131,320143,12,0
320131,320132,320143,11,1
320131,320131,320146,15,0
320131,320131,320146,15,0
320131,320131,320147,16,0
320131,320131,320147,16,0
320131,320131,320149,18,0
320131,320131,320150,19,0
320131,320131,320150,19,0
320131,320131,320153,22,0
320131,320131,320155,24,0
320158,320158,320160,2,0
320158,320158,320160,2,0
320158,320158,320160,2,0
320158,320158,320160,2,0
320158,320158,320160,2,0
320158,320160,320162,2,2
320158,320158,320161,3,0
320158,320160,320162,2,2
320158,320160,320162,2,2
320158,320160,320163,3,2
320158,320160,320163,3,2
320158,320163,320164,1,5
320158,320163,320164,1,5
320158,320163,320164,1,5
320158,320158,320165,7,0
320158,320163,320165,2,5
320158,320164,320165,1,6
320158,320158,320166,8,0
320158,320158,320165,7,0
320158,320158,320166,8,0
320158,320158,320166,8,0
320158,320164,320166,2,6
320158,320158,320166,8,0
320158,320165,320166,1,7
320158,320165,320166,1,7
320158,320165,320166,1,7
320158,320158,320167,9,0
320158,320158,320167,9,0
320158,320166,320167,1,8
320158,320166,320167,1,8
320158,320166,320167,1,8
320158,320158,320168,10,0
320158,320158,320168,10,0
320158,320158,320168,10,0
320158,320167,320168,1,9
320158,320167,320168,1,9
320158,320167,320168,1,9
320158,320158,320168,10,0
320158,320167,320168,1,9
320158,320158,320168,10,0
320158,320167,320168,1,9
320158,320158,320168,10,0
320158,320158,320169,11,0
320158,320158,320169,11,0
320158,320166,320169,3,8
320158,320166,320169,3,8
320158,320166,320169,3,8
320158,320158,320169,11,0
320158,320166,320169,3,8
320158,320158,320170,12,0
320158,320168,320169,1,10
320158,320158,320169,11,0
320158,320168,320169,1,10
320158,320168,320169,1,10
320158,320158,320170,12,0
320158,320168,320169,1,10
320158,320168,320169,1,10
320158,320158,320171,13,0
320158,320158,320170,12,0
320158,320169,320170,1,11
320158,320169,320170,1,11
320158,320168,320171,3,10
320158,320158,320171,13,0
320158,320168,320171,3,10
320158,320158,320171,13,0
320158,320158,320171,13,0
320158,320158,320171,13,0
320158,320158,320171,13,0
320158,320158,320172,14,0
320158,320158,320173,15,0
320158,320158,320173,15,0
320158,320158,320174,16,0
320158,320158,320176,18,0
320158,320158,320176,18,0
320158,320158,320177,19,0
320158,320158,320180,22,0
320158,320158,320181,23,0
320158,320158,320181,23,0
320158,320158,320183,25,0
320186,320186,320188,2,0
320186,320186,320188,2,0
320186,320186,320188,2,0
320186,320186,320188,2,0
320186,320186,320189,3,0
320186,320188,320191,3,2
320186,320188,320191,3,2
320186,320188,320191,3,2
320186,320188,320191,3,2
320186,320189,320192,3,3
320186,320186,320192,6,0
320186,320186,320192,6,0
320186,320186,320192,6,0
320186,320186,320193,7,0
320186,320191,320193,2,5
320186,320191,320193,2,5
320186,320186,320194,8,0
320186,320186,320194,8,0
320186,320186,320193,7,0
320186,320186,320194,8,0
320186,320186,320194,8,0
320186,320186,320193,7,0
320186,320186,320194,8,0
320186,320191,320193,2,5
320186,320186,320194,8,0
320186,320186,320194,8,0
320186,320186,320194,8,0
320186,320192,320193,1,6
320186,320191,320193,2,5
320186,320186,320194,8,0
320186,320192,320193,1,6
320186,320192,320194,2,6
320186,320186,320195,9,0
320186,320186,320194,8,0
320186,320186,320195,9,0
320186,320186,320195,9,0
320186,320193,320195,2,7
320186,320186,320195,9,0
320186,320193,320195,2,7
320186,320186,320195,9,0
320186,320193,320195,2,7
320186,320186,320196,10,0
320186,320194,320195,1,8
320186,320194,320196,2,8
320186,320194,320196,2,8
320186,320194,320196,2,8
320186,320195,320196,1,9
320186,320194,320196,2,8
320186,320194,320196,2,8
320186,320194,320196,2,8
320186,320195,320196,1,9
320186,320186,320195,9,0
320186,320186,320196,10,0
320186,320186,320196,10,0
320186,320195,320196,1,9
320186,320195,320196,1,9
320186,320195,320196,1,9
320186,320194,320197,3,8
320186,320186,320196,10,0
320186,320194,320197,3,8
320186,320194,320197,3,8
320186,320194,320197,3,8
320186,320186,320198,12,0
320186,320186,320197,11,0
320186,320193,320197,4,7
320186,320186,320198,12,0
320186,320186,320198,12,0
320186,320195,320198,3,9
320186,320195,320198,3,9
320186,320195,320198,3,9
320186,320186,320199,13,0
320186,320186,320199,13,0
320186,320186,320199,13,0
320186,320186,320200,14,0
320186,320186,320200,14,0
320186,320186,320201,15,0
320186,320186,320201,15,0
320186,320186,320202,16,0
320186,320186,320207,21,0
320211,320211,320213,2,0
320211,320211,320213,2,0
320211,320211,320213,2,0
320211,320211,320213,2,0
320211,320211,320213,2,0
320211,320211,320216,5,0
320211,320213,320216,3,2
320211,320213,320216,3,2
320211,320213,320216,3,2
320211,320213,320216,3,2
320211,320213,320216,3,2
320211,320211,320217,6,0
320211,320211,320218,7,0
320211,320211,320218,7,0
320211,320211,320218,7,0
320211,320211,320218,7,0
320211,320216,320218,2,5
320211,320216,320218,2,5
320211,320216,320218,2,5
320211,320211,320219,8,0
320211,320211,320219,8,0
320211,320211,320218,7,0
320211,320216,320218,2,5
320211,320211,320219,8,0
320211,320216,320219,3,5
320211,320211,320219,8,0
320211,320211,320219,8,0
320211,320218,320219,1,7
320211,320211,320219,8,0
320211,320216,320219,3,5
320211,320217,320219,2,6
320211,320211,320220,9,0
320211,320211,320220,9,0
320211,320211,320220,9,0
320211,320211,320220,9,0
320211,320219,320220,1,8
320211,320218,320220,2,7
320211,320211,320220,9,0
320211,320218,320220,2,7
320211,320211,320219,8,0
320211,320218,320219,1,7
320211,320211,320220,9,0
320211,320218,320221,3,7
320211,320219,320221,2,8
320211,320219,320221,2,8
320211,320211,320221,10,0
320211,320219,320221,2,8
320211,320219,320221,2,8
320211,320219,320221,2,8
320211,320219,320221,2,8
320211,320219,320221,2,8
320211,320219,320221,2,8
320211,320219,320222,3,8
320211,320218,320222,4,7
320211,320218,320222,4,7
320211,320219,320222,3,8
320211,320211,320222,11,0
320211,320219,320221,2,8
320211,320211,320222,11,0
320211,320220,320222,2,9
320211,320220,320222,2,9
320211,320221,320222,1,10
320211,320211,320223,12,0
320211,320220,320222,2,9
320211,320211,320223,12,0
320211,320211,320224,13,0
320211,320211,320225,14,0
320211,320211,320224,13,0
320211,320211,320226,15,0
320211,320211,320227,16,0
320211,320211,320227,16,0
320211,320211,320227,16,0
320211,320211,320229,18,0
320211,320211,320230,19,0
320211,320211,320231,20,0
320211,320211,320232,21,0
320211,320211,320232,21,0
320211,320211,320232,21,0
320211,320211,320240,29,0
320243,320243,320245,2,0
320243,320243,320245,2,0
320243,320243,320245,2,0
320243,320243,320245,2,0
320243,320243,320245,2,0
320243,320245,320248,3,2
320243,320245,320248,3,2
320243,320245,320247,2,2
320243,320245,320248,3,2
320243,320245,320248,3,2
320243,320243,320248,5,0
320243,320248,320250,2,5
320243,320243,320250,7,0
320243,320243,320249,6,0
320243,320248,320249,1,5
320243,320248,320250,2,5
320243,320243,320251,8,0
320243,320248,320251,3,5
320243,320243,320251,8,0
320243,320249,320250,1,6
320243,320243,320251,8,0
320243,320243,320251,8,0
320243,320243,320251,8,0
320243,320249,320251,2,6
320243,320243,320251,8,0
320243,320243,320252,9,0
320243,320243,320252,9,0
320243,320251,320252,1,8
320243,320250,320251,1,7
320243,320250,320252,2,7
320243,320250,320251,1,7
320243,320250,320251,1,7
320243,320250,320252,2,7
320243,320243,320252,9,0
320243,320243,320253,10,0
320243,320243,320252,9,0
320243,320251,320253,2,8
320243,320243,320253,10,0
320243,320251,320253,2,8
320243,320251,320253,2,8
320243,320243,320253,10,0
320243,320251,320253,2,8
320243,320251,320253,2,8
320243,320251,320253,2,8
320243,320251,320253,2,8
320243,320243,320254,11,0
320243,320252,320254,2,9
320243,320252,320254,2,9
320243,320252,320253,1,9
320243,320252,320254,2,9
320243,320252,320254,2,9
320243,320252,320254,2,9
320243,320252,320254,2,9
320243,320253,320254,1,10
320243,320251,320255,4,8
320243,320243,320255,12,0
320243,320243,320255,12,0
320243,320243,320256,13,0
320243,320243,320256,13,0
320243,320253,320256,3,10
320243,320243,320256,13,0
320243,320253,320255,2,10
320243,320243,320256,13,0
320243,320243,320257,14,0
320243,320243,320259,16,0
320243,320243,320261,18,0
320243,320243,320261,18,0
320243,320243,320262,19,0
320243,320243,320263,20,0
320243,320243,320264,21,0
320243,320243,320264,21,0
320243,320243,320266,23,0
320243,320243,320266,23,0
320243,320243,320268,25,0
320243,320243,320269,26,0
320243,320243,320270,27,0
320243,320243,320272,29,0
320243,320243,320274,31,0
320243,320243,320276,33,0
320280,320280,320281,1,0
320280,320280,320282,2,0
320280,320280,320282,2,0
320280,320280,320283,3,0
320280,320280,320282,2,0
320280,320282,320284,2,2
320280,320282,320283,1,2
320280,320282,320283,1,2
320280,320280,320285,5,0
320280,320283,320284,1,3
320280,320283,320285,2,3
320280,320280,320285,5,0
320280,320280,320286,6,0
320280,320284,320287,3,4
320280,320284,320287,3,4
320280,320280,320287,7,0
320280,320280,320286,6,0
320280,320284,320286,2,4
320280,320285,320287,2,5
320280,320287,320288,1,7
320280,320280,320288,8,0
320280,320285,320287,2,5
320280,320280,320287,7,0
320280,320280,320287,7,0
320280,320280,320288,8,0
320280,320280,320288,8,0
320280,320286,320288,2,6
320280,320280,320289,9,0
320280,320280,320289,9,0
320280,320280,320289,9,0
320280,320287,320288,1,7
320280,320287,320288,1,7
320280,320280,320289,9,0
320280,320287,320288,1,7
320280,320280,320289,9,0
320280,320287,320288,1,7
320280,320287,320288,1,7
320280,320280,320290,10,0
320280,320280,320290,10,0
320280,320288,320289,1,8
320280,320288,320290,2,8
320280,320289,320290,1,9
320280,320288,320290,2,8
320280,320288,320290,2,8
320280,320288,320289,1,8
320280,320288,320290,2,8
320280,320288,320290,2,8
320280,320288,320290,2,8
320280,320288,320290,2,8
320280,320280,320290,10,0
320280,320280,320290,10,0
320280,320289,320291,2,9
320280,320289,320290,1,9
320280,320289,320290,1,9
320280,320289,320290,1,9
320280,320289,320291,2,9
320280,320289,320291,2,9
320280,320289,320292,3,9
320280,320280,320292,12,0
320280,320280,320294,14,0
320280,320280,320293,13,0
320280,320280,320295,15,0
320280,320280,320295,15,0
320280,320280,320294,14,0
320280,320280,320294,14,0
320280,320280,320294,14,0
320280,320280,320296,16,0
320280,320280,320296,16,0
320280,320280,320296,16,0
320280,320280,320296,16,0
320280,320280,320297,17,0
320280,320280,320298,18,0
320280,320280,320297,17,0
320280,320280,320299,19,0
320280,320280,320298,18,0
320280,320285,320298,13,5
320280,320280,320300,20,0
320280,320280,320300,20,0
320280,320280,320303,23,0
320306,320306,320307,1,0
320306,320306,320308,2,0
320306,320306,320308,2,0
320306,320306,320308,2,0
320306,320306,320308,2,0
320306,320306,320309,3,0
320306,320308,320310,2,2
320306,320306,320310,4,0
320306,320308,320310,2,2
320306,320306,320311,5,0
320306,320306,320311,5,0
320306,320308,320311,3,2
320306,320308,320312,4,2
320306,320308,320312,4,2
320306,320306,320312,6,0
320306,320310,320312,2,4
320306,320306,320313,7,0
320306,320306,320313,7,0
320306,320306,320313,7,0
320306,320306,320313,7,0
320306,320306,320313,7,0
320306,320306,320314,8,0
320306,320312,320314,2,6
320306,320306,320313,7,0
320306,320306,320313,7,0
320306,320310,320313,3,4
320306,320306,320314,8,0
320306,320306,320313,7,0
320306,320311,320314,3,5
320306,320306,320314,8,0
320306,320306,320315,9,0
320306,320306,320314,8,0
320306,320313,320315,2,7
320306,320306,320314,8,0
320306,320313,320314,1,7
320306,320306,320314,8,0
320306,320306,320314,8,0
320306,320313,320314,1,7
320306,320313,320315,2,7
320306,320306,320316,10,0
320306,320306,320316,10,0
320306,320306,320315,9,0
320306,320314,320316,2,8
320306,320314,320315,1,8
320306,320306,320315,9,0
320306,320314,320315,1,8
320306,320314,320315,1,8
320306,320314,320315,1,8
320306,320314,320315,1,8
320306,320314,320316,2,8
320306,320314,320316,2,8
320306,320313,320315,2,7
320306,320312,320317,5,6
320306,320314,320316,2,8
320306,320314,320317,3,8
320306,320314,320316,2,8
320306,320314,320317,3,8
320306,320306,320316,10,0
320306,320315,320316,1,9
320306,320315,320316,1,9
320306,320315,320316,1,9
320306,320315,320316,1,9
320306,320314,320317,3,8
320306,320306,320317,11,0
320306,320312,320318,6,6
320306,320306,320318,12,0
320306,320311,320318,7,5
320306,320315,320317,2,9
320306,320306,320318,12,0
320306,320306,320319,13,0
320306,320306,320320,14,0
320306,320306,320319,13,0
320306,320306,320320,14,0
320306,320306,320319,13,0
320306,320306,320322,16,0
320306,320306,320323,17,0
320306,320306,320323,17,0
320306,320306,320327,21,0
320306,320306,320328,22,0
320331,320331,320333,2,0
320331,320331,320333,2,0
320331,320331,320333,2,0
320331,320331,320333,2,0
320331,320331,320333,2,0
320331,320331,320333,2,0
320331,320333,320335,2,2
320331,320331,320335,4,0
320331,320333,320334,1,2
320331,320331,320335,4,0
320331,320331,320335,4,0
320331,320331,320336,5,0
320331,320331,320336,5,0
320331,320331,320335,4,0
320331,320333,320336,3,2
320331,320331,320337,6,0
320331,320331,320337,6,0
320331,320333,320336,3,2
320331,320331,320337,6,0
320331,320331,320337,6,0
320331,320331,320336,5,0
320331,320331,320337,6,0
320331,320335,320338,3,4
320331,320331,320338,7,0
320331,320335,320338,3,4
320331,320335,320338,3,4
320331,320336,320338,2,5
320331,320336,320338,2,5
320331,320333,320337,4,2
320331,320334,320337,3,3
320331,320337,320338,1,6
320331,320336,320339,3,5
320331,320331,320338,7,0
320331,320337,320338,1,6
320331,320331,320339,8,0
320331,320331,320339,8,0
320331,320337,320339,2,6
320331,320336,320340,4,5
320331,320337,320339,2,6
320331,320331,320340,9,0
320331,320338,320339,1,7
320331,320331,320339,8,0
320331,320331,320340,9,0
320331,320338,320340,2,7
320331,320338,320340,2,7
320331,320338,320340,2,7
320331,320338,320340,2,7
320331,320338,320340,2,7
320331,320338,320340,2,7
320331,320338,320340,2,7
320331,320337,320339,2,6
320331,320338,320341,3,7
320331,320337,320341,4,6
320331,320331,320340,9,0
320331,320339,320340,1,8
320331,320331,320340,9,0
320331,320338,320340,2,7
320331,320339,320340,1,8
320331,320339,320341,2,8
320331,320331,320340,9,0
320331,320339,320341,2,8
320331,320331,320343,12,0
320331,320331,320345,14,0
320331,320331,320344,13,0
320331,320331,320346,15,0
320331,320335,320345,10,4
320331,320331,320345,14,0
320331,320331,320347,16,0
320331,320331,320346,15,0
320331,320331,320348,17,0
320331,320331,320349,18,0
320331,320331,320348,17,0
320331,320331,320350,19,0
320331,320336,320350,14,5
320331,320331,320351,20,0
320331,320331,320353,22,0
320331,320331,320353,22,0
320331,320331,320354,23,0
320331,320331,320355,24,0
320358,320358,320359,1,0
320358,320358,320359,1,0
320358,320358,320359,1,0
320358,320358,320360,2,0
320358,320358,320359,1,0
320358,320358,320362,4,0
320358,320358,320362,4,0
320358,320358,320361,3,0
320358,320360,320362,2,2
320358,320360,320361,1,2
320358,320360,320361,1,2
320358,320360,320362,2,2
320358,320360,320361,1,2
320358,320358,320362,4,0
320358,320358,320362,4,0
320358,320358,320363,5,0
320358,320358,320364,6,0
320358,320358,320364,6,0
320358,320362,320364,2,4
320358,320358,320363,5,0
320358,320362,320364,2,4
320358,320362,320363,1,4
320358,320362,320364,2,4
320358,320358,320364,6,0
320358,320362,320364,2,4
320358,320358,320365,7,0
320358,320363,320365,2,5
320358,320358,320365,7,0
320358,320362,320365,3,4
320358,320362,320365,3,4
320358,320358,320366,8,0
320358,320358,320366,8,0
320358,320364,320365,1,6
320358,320364,320365,1,6
320358,320363,320366,3,5
320358,320364,320366,2,6
320358,320358,320366,8,0
320358,320364,320367,3,6
320358,320365,320366,1,7
320358,320365,320367,2,7
320358,320358,320366,8,0
320358,320364,320367,3,6
320358,320365,320367,2,7
320358,320366,320367,1,8
320358,320358,320368,10,0
320358,320364,320367,3,6
320358,320365,320367,2,7
320358,320358,320368,10,0
320358,320364,320368,4,6
320358,320366,320367,1,8
320358,320366,320367,1,8
320358,320366,320368,2,8
320358,320363,320368,5,5
320358,320358,320369,11,0
320358,320367,320369,2,9
320358,320366,320369,3,8
320358,320358,320369,11,0
320358,320366,320370,4,8
320358,320358,320370,12,0
320358,320358,320369,11,0
320358,320362,320370,8,4
320358,320358,320371,13,0
320358,320358,320371,13,0
320358,320358,320370,12,0
320358,320358,320371,13,0
320358,320366,320372,6,8
320358,320358,320372,14,0
320358,320358,320372,14,0
320358,320358,320373,15,0
320358,320358,320374,16,0
320358,320358,320374,16,0
320358,320358,320374,16,0
320358,320358,320374,16,0
320358,320358,320374,16,0
320358,320358,320376,18,0
320358,320358,320378,20,0
320358,320358,320379,21,0
320358,320358,320381,23,0
320358,320358,320382,24,0
320384,320385,320386,1,1
320384,320385,320386,1,1
320384,320385,320386,1,1
320384,320385,320386,1,1
320384,320385,320386,1,1
320384,320385,320388,3,1
320384,320385,320389,4,1
320384,320387,320388,1,3
320384,320387,320388,1,3
320384,320387,320388,1,3
320384,320387,320388,1,3
320384,320385,320389,4,1
320384,320387,320389,2,3
320384,320385,320389,4,1
320384,320385,320390,5,1
320384,320385,320390,5,1
320384,320385,320390,5,1
320384,320385,320390,5,1
320384,320385,320390,5,1
320384,320390,320391,1,6
320384,320389,320390,1,5
320384,320385,320390,5,1
320384,320389,320390,1,5
320384,320389,320390,1,5
320384,320389,320390,1,5
320384,320385,320391,6,1
320384,320389,320391,2,5
320384,320389,320392,3,5
320384,320385,320391,6,1
320384,320385,320392,7,1
320384,320385,320391,6,1
320384,320385,320392,7,1
320384,320390,320391,1,6
320384,320385,320392,7,1
320384,320390,320393,3,6
320384,320385,320392,7,1
320384,320385,320393,8,1
320384,320385,320392,7,1
320384,320385,320393,8,1
320384,320385,320393,8,1
320384,320385,320392,7,1
320384,320385,320393,8,1
320384,320391,320393,2,7
320384,320391,320393,2,7
320384,320391,320392,1,7
320384,320391,320393,2,7
320384,320385,320393,8,1
320384,320385,320393,8,1
320384,320391,320393,2,7
320384,320385,320393,8,1
320384,320391,320393,2,7
320384,320391,320393,2,7
320384,320385,320393,8,1
320384,320392,320393,1,8
320384,320392,320393,1,8
320384,320392,320393,1,8
320384,320392,320393,1,8
320384,320392,320393,1,8
320384,320385,320393,8,1
320384,320391,320393,2,7
320384,320391,320394,3,7
320384,320391,320394,3,7
320384,320392,320394,2,8
320384,320391,320394,3,7
320384,320393,320395,2,9
320384,320385,320396,11,1
320384,320385,320395,10,1
320384,320392,320396,4,8
320384,320392,320395,3,8
320384,320385,320396,11,1
320384,320392,320395,3,8
320384,320385,320395,10,1
320384,320385,320395,10,1
320384,320385,320397,12,1
320384,320385,320397,12,1
320384,320385,320397,12,1
320384,320385,320397,12,1
320384,320385,320398,13,1
320384,320385,320400,15,1
320403,320403,320405,2,0
320403,320403,320405,2,0
320403,320403,320405,2,0
320403,320403,320405,2,0
320403,320403,320405,2,0
320403,320405,320406,1,2
320403,320405,320406,1,2
320403,320403,320407,4,0
320403,320405,320406,1,2
320403,320405,320406,1,2
320403,320403,320407,4,0
320403,320405,320406,1,2
320403,320406,320408,2,3
320403,320403,320408,5,0
320403,320403,320409,6,0
320403,320403,320408,5,0
320403,320407,320409,2,4
320403,320407,320409,2,4
320403,320407,320409,2,4
320403,320407,320409,2,4
320403,320407,320409,2,4
320403,320403,320409,6,0
320403,320403,320410,7,0
320403,320403,320409,6,0
320403,320408,320409,1,5
320403,320409,320410,1,6
320403,320409,320410,1,6
320403,320403,320410,7,0
320403,320403,320411,8,0
320403,320403,320411,8,0
320403,320403,320411,8,0
320403,320403,320410,7,0
320403,320407,320411,4,4
320403,320408,320410,2,5
320403,320403,320411,8,0
320403,320403,320410,7,0
320403,320403,320410,7,0
320403,320403,320411,8,0
320403,320403,320411,8,0
320403,320403,320411,8,0
320403,320409,320411,2,6
320403,320410,320411,1,7
320403,320403,320410,7,0
320403,320403,320411,8,0
320403,320409,320410,1,6
320403,320409,320410,1,6
320403,320403,320412,9,0
320403,320403,320412,9,0
320403,320403,320411,8,0
320403,320409,320411,2,6
320403,320403,320411,8,0
320403,320409,320412,3,6
320403,320403,320411,8,0
320403,320410,320411,1,7
320403,320410,320412,2,7
320403,320410,320411,1,7
320403,320403,320412,9,0
320403,320410,320411,1,7
320403,320410,320412,2,7
320403,320403,320413,10,0
320403,320403,320413,10,0
320403,320403,320413,10,0
320403,320410,320413,3,7
320403,320403,320413,10,0
320403,320403,320413,10,0
320403,320411,320413,2,8
320403,320403,320414,11,0
320403,320411,320414,3,8
320403,320411,320414,3,8
320403,320411,320414,3,8
320403,320403,320414,11,0
320403,320411,320414,3,8
320403,320411,320414,3,8
320403,320411,320414,3,8
320403,320403,320415,12,0
320403,320403,320415,12,0
320403,320403,320415,12,0
320403,320403,320416,13,0
320403,320403,320418,15,0
320421,320421,320422,1,0
320421,320421,320423,2,0
320421,320421,320423,2,0
320421,320421,320423,2,0
320421,320421,320423,2,0
320421,320423,320425,2,2
320421,320423,320425,2,2
320421,320423,320425,2,2
320421,320421,320424,3,0
320421,320423,320424,1,2
320421,320424,320425,1,3
320421,320421,320425,4,0
320421,320425,320427,2,4
320421,320425,320427,2,4
320421,320425,320427,2,4
320421,320425,320427,2,4
320421,320421,320428,7,0
320421,320421,320427,6,0
320421,320426,320427,1,5
320421,320421,320428,7,0
320421,320426,320427,1,5
320421,320421,320429,8,0
320421,320421,320428,7,0
320421,320421,320429,8,0
320421,320427,320428,1,6
320421,320421,320429,8,0
320421,320427,320428,1,6
320421,320427,320429,2,6
320421,320427,320429,2,6
320421,320421,320429,8,0
320421,320421,320429,8,0
320421,320425,320430,5,4
320421,320421,320430,9,0
320421,320428,320429,1,7
320421,320428,320429,1,7
320421,320421,320429,8,0
320421,320421,320430,9,0
320421,320421,320429,8,0
320421,320421,320430,9,0
320421,320421,320430,9,0
320421,320428,320430,2,7
320421,320421,320430,9,0
320421,320421,320431,10,0
320421,320429,320430,1,8
320421,320429,320430,1,8
320421,320421,320431,10,0
320421,320430,320431,1,9
320421,320429,320430,1,8
320421,320429,320431,2,8
320421,320429,320430,1,8
320421,320421,320431,10,0
320421,320428,320430,2,7
320421,320429,320430,1,8
320421,320430,320432,2,9
320421,320429,320432,3,8
320421,320428,320431,3,7
320421,320429,320431,2,8
320421,320430,320432,2,9
320421,320430,320431,1,9
320421,320421,320432,11,0
320421,320421,320432,11,0
320421,320421,320433,12,0
320421,320421,320433,12,0
320421,320421,320432,11,0
320421,320430,320432,2,9
320421,320430,320433,3,9
320421,320421,320433,12,0
320421,320421,320433,12,0
320421,320421,320434,13,0
320421,320421,320434,13,0
320421,320421,320435,14,0
320421,320421,320435,14,0
320421,320421,320436,15,0
320421,320421,320436,15,0
320421,320421,320439,18,0
320421,320421,320441,20,0
320421,320421,320442,21,0
320421,320421,320445,24,0
320421,320421,320447,26,0
320451,320451,320452,1,0
320451,320451,320452,1,0
320451,320451,320452,1,0
320451,320451,320452,1,0
320451,320451,320453,2,0
320451,320451,320455,4,0
320451,320453,320455,2,2
320451,320453,320454,1,2
320451,320451,320455,4,0
320451,320453,320456,3,2
320451,320453,320456,3,2
320451,320451,320455,4,0
320451,320454,320455,1,3
320451,320455,320456,1,4
320451,320451,320456,5,0
320451,320451,320457,6,0
320451,320455,320456,1,4
320451,320451,320458,7,0
320451,320451,320457,6,0
320451,320451,320458,7,0
320451,320456,320457,1,5
320451,320456,320457,1,5
320451,320451,320458,7,0
320451,320456,320457,1,5
320451,320451,320457,6,0
320451,320456,320457,1,5
320451,320456,320457,1,5
320451,320451,320458,7,0
320451,320456,320457,1,5
320451,320451,320458,7,0
320451,320451,320458,7,0
320451,320451,320459,8,0
320451,320457,320459,2,6
320451,320457,320458,1,6
320451,320451,320459,8,0
320451,320451,320459,8,0
320451,320451,320459,8,0
320451,320455,320459,4,4
320451,320451,320459,8,0
320451,320451,320459,8,0
320451,320458,320459,1,7
320451,320451,320460,9,0
320451,320458,320459,1,7
320451,320458,320460,2,7
320451,320458,320460,2,7
320451,320458,320459,1,7
320451,320458,320460,2,7
320451,320458,320460,2,7
320451,320458,320459,1,7
320451,320458,320460,2,7
320451,320459,320460,1,8
320451,320451,320461,10,0
320451,320457,320460,3,6
320451,320451,320460,9,0
320451,320451,320460,9,0
320451,320458,320460,2,7
320451,320458,320461,3,7
320451,320451,320461,10,0
320451,320459,320460,1,8
320451,320459,320460,1,8
320451,320459,320461,2,8
320451,320459,320461,2,8
320451,320458,320461,3,7
320451,320451,320461,10,0
320451,320459,320461,2,8
320451,320451,320462,11,0
320451,320451,320463,12,0
320451,320451,320463,12,0
320451,320451,320463,12,0
320451,320451,320465,14,0
320451,320451,320464,13,0
320451,320451,320465,14,0
320451,320451,320466,15,0
320451,320451,320466,15,0
320451,320451,320467,16,0
320451,320451,320466,15,0
320451,320451,320467,16,0
320451,320451,320468,17,0
320451,320451,320471,20,0
320473,320474,320475,1,1
320473,320474,320475,1,1
320473,320474,320475,1,1
320473,320474,320475,1,1
320473,320474,320475,1,1
320473,320474,320478,4,1
320473,320474,320478,4,1
320473,320474,320477,3,1
320473,320474,320479,5,1
320473,320476,320478,2,3
320473,320474,320478,4,1
320473,320476,320478,2,3
320473,320476,320478,2,3
320473,320476,320479,3,3
320473,320478,320479,1,5
320473,320476,320479,3,3
320473,320478,320479,1,5
320473,320478,320479,1,5
320473,320474,320480,6,1
320473,320474,320480,6,1
320473,320479,320481,2,6
320473,320479,320480,1,6
320473,320479,320480,1,6
320473,320474,320480,6,1
320473,320479,320480,1,6
320473,320479,320480,1,6
320473,320479,320481,2,6
320473,320480,320481,1,7
320473,320480,320481,1,7
320473,320480,320481,1,7
320473,320474,320481,7,1
320473,320480,320481,1,7
320473,320474,320482,8,1
320473,320481,320482,1,8
320473,320474,320482,8,1
320473,320474,320482,8,1
320473,320474,320483,9,1
320473,320481,320482,1,8
320473,320474,320483,9,1
320473,320481,320482,1,8
320473,320482,320483,1,9
320473,320474,320482,8,1
320473,320474,320482,8,1
320473,320474,320483,9,1
320473,320481,320482,1,8
320473,320481,320483,2,8
320473,320481,320482,1,8
320473,320481,320483,2,8
320473,320474,320483,9,1
320473,320481,320483,2,8
320473,320474,320483,9,1
320473,320482,320483,1,9
320473,320482,320483,1,9
320473,320482,320483,1,9
320473,320482,320483,1,9
320473,320482,320483,1,9
320473,320482,320483,1,9
320473,320474,320484,10,1
320473,320482,320484,2,9
320473,320474,320484,10,1
320473,320474,320485,11,1
320473,320474,320485,11,1
320473,320474,320485,11,1
320473,320483,320485,2,10
320473,320474,320487,13,1
320473,320474,320486,12,1
320473,320474,320486,12,1
320473,320474,320486,12,1
320473,320474,320488,14,1
320473,320474,320488,14,1
320473,320474,320488,14,1
320473,320474,320489,15,1
320473,320474,320489,15,1
320473,320474,320489,15,1
320473,320474,320490,16,1
320473,320474,320492,18,1
320473,320474,320493,19,1
320473,320474,320494,20,1
320473,320474,320494,20,1
320497,320497,320499,2,0
320497,320497,320499,2,0
320497,320497,320499,2,0
320497,320497,320499,2,0
320497,320497,320499,2,0
320497,320497,320499,2,0
320497,320500,320501,1,3
320497,320500,320501,1,3
320497,320498,320502,4,1
320497,320500,320502,2,3
320497,320498,320502,4,1
320497,320500,320502,2,3
320497,320497,320502,5,0
320497,320500,320502,2,3
320497,320498,320502,4,1
320497,320500,320502,2,3
320497,320497,320503,6,0
320497,320497,320504,7,0
320497,320497,320503,6,0
320497,320498,320503,5,1
320497,320502,320503,1,5
320497,320502,320503,1,5
320497,320498,320504,6,1
320497,320498,320504,6,1
320497,320497,320504,7,0
320497,320503,320504,1,6
320497,320503,320504,1,6
320497,320503,320504,1,6
320497,320503,320504,1,6
320497,320498,320505,7,1
320497,320503,320505,2,6
320497,320498,320505,7,1
320497,320503,320505,2,6
320497,320503,320505,2,6
320497,320504,320506,2,7
320497,320503,320505,2,6
320497,320504,320506,2,7
320497,320497,320505,8,0
320497,320497,320505,8,0
320497,320504,320506,2,7
320497,320504,320506,2,7
320497,320497,320506,9,0
320497,320505,320506,1,8
320497,320505,320506,1,8
320497,320505,320506,1,8
320497,320504,320506,2,7
320497,320505,320506,1,8
320497,320505,320507,2,8
320497,320504,320506,2,7
320497,320505,320506,1,8
320497,320505,320506,1,8
320497,320497,320507,10,0
320497,320497,320508,11,0
320497,320497,320507,10,0
320497,320506,320507,1,9
320497,320497,320507,10,0
320497,320497,320508,11,0
320497,320498,320508,10,1
320497,320506,320508,2,9
320497,320506,320508,2,9
320497,320506,320508,2,9
320497,320497,320509,12,0
320497,320505,320509,4,8
320497,320497,320509,12,0
320497,320497,320509,12,0
320497,320497,320511,14,0
320497,320505,320510,5,8
320497,320497,320511,14,0
320497,320498,320511,13,1
320497,320497,320511,14,0
320497,320497,320511,14,0
320497,320497,320512,15,0
320497,320497,320513,16,0
320497,320498,320514,16,1
320497,320497,320515,18,0
320497,320497,320515,18,0
320497,320497,320515,18,0
320497,320497,320516,19,0
320497,320497,320518,21,0
320521,320521,320523,2,0
320521,320521,320523,2,0
320521,320521,320523,2,0
320521,320521,320523,2,0
320521,320521,320523,2,0
320521,320523,320525,2,2
320521,320523,320525,2,2
320521,320521,320526,5,0
320521,320521,320526,5,0
320521,320523,320526,3,2
320521,320523,320526,3,2
320521,320521,320526,5,0
320521,320521,320526,5,0
320521,320521,320525,4,0
320521,320521,320526,5,0
320521,320521,320527,6,0
320521,320521,320527,6,0
320521,320521,320527,6,0
320521,320521,320527,6,0
320521,320525,320527,2,4
320521,320521,320527,6,0
320521,320523,320527,4,2
320521,320525,320527,2,4
320521,320521,320527,6,0
320521,320521,320528,7,0
320521,320521,320528,7,0
320521,320521,320528,7,0
320521,320526,320528,2,5
320521,320526,320528,2,5
320521,320521,320528,7,0
320521,320526,320528,2,5
320521,320521,320528,7,0
320521,320526,320528,2,5
320521,320521,320528,7,0
320521,320521,320529,8,0
320521,320521,320529,8,0
320521,320521,320529,8,0
320521,320521,320529,8,0
320521,320528,320529,1,7
320521,320527,320529,2,6
320521,320527,320529,2,6
320521,320528,320529,1,7
320521,320528,320530,2,7
320521,320521,320529,8,0
320521,320528,320529,1,7
320521,320521,320529,8,0
320521,320528,320529,1,7
320521,320521,320530,9,0
320521,320521,320530,9,0
320521,320521,320530,9,0
320521,320526,320529,3,5
320521,320529,320530,1,8
320521,320529,320530,1,8
320521,320529,320530,1,8
320521,320529,320531,2,8
320521,320529,320530,1,8
320521,320529,320530,1,8
320521,320529,320530,1,8
320521,320529,320530,1,8
320521,320529,320530,1,8
320521,320527,320531,4,6
320521,320527,320531,4,6
320521,320526,320531,5,5
320521,320529,320531,2,8
320521,320528,320531,3,7
320521,320521,320532,11,0
320521,320521,320532,11,0
320521,320521,320532,11,0
320521,320526,320532,6,5
320521,320521,320532,11,0
320521,320521,320532,11,0
320521,320528,320533,5,7
320521,320521,320533,12,0
320521,320521,320535,14,0
320521,320521,320535,14,0
320521,320521,320536,15,0
320521,320521,320537,16,0
320521,320521,320538,17,0
320521,320521,320545,24,0
320548,320548,320550,2,0
320548,320548,320550,2,0
320548,320548,320550,2,0
320548,320548,320550,2,0
320548,320548,320550,2,0
320548,320548,320551,3,0
320548,320550,320552,2,2
320548,320550,320552,2,2
320548,320550,320553,3,2
320548,320550,320553,3,2
320548,320548,320553,5,0
320548,320548,320553,5,0
320548,320550,320553,3,2
320548,320548,320554,6,0
320548,320548,320554,6,0
320548,320552,320554,2,4
320548,320551,320554,3,3
320548,320552,320554,2,4
320548,320548,320555,7,0
320548,320548,320555,7,0
320548,320554,320555,1,6
320548,320548,320555,7,0
320548,320554,320555,1,6
320548,320548,320555,7,0
320548,320548,320556,8,0
320548,320548,320556,8,0
320548,320554,320556,2,6
320548,320548,320556,8,0
320548,320553,320556,3,5
320548,320555,320556,1,7
320548,320548,320557,9,0
320548,320548,320556,8,0
320548,320548,320556,8,0
320548,320555,320556,1,7
320548,320548,320556,8,0
320548,320548,320556,8,0
320548,320555,320556,1,7
320548,320548,320557,9,0
320548,320556,320557,1,8
320548,320556,320557,1,8
320548,320556,320557,1,8
320548,320555,320557,2,7
320548,320556,320557,1,8
320548,320556,320557,1,8
320548,320556,320557,1,8
320548,320557,320558,1,9
320548,320557,320558,1,9
320548,320557,320558,1,9
320548,320555,320558,3,7
320548,320557,320558,1,9
320548,320557,320558,1,9
320548,320557,320558,1,9
320548,320557,320558,1,9
320548,320557,320558,1,9
320548,320557,320558,1,9
320548,320557,320558,1,9
320548,320548,320559,11,0
320548,320557,320559,2,9
320548,320548,320560,12,0
320548,320548,320560,12,0
320548,320548,320560,12,0
320548,320554,320560,6,6
320548,320548,320560,12,0
320548,320548,320561,13,0
320548,320548,320561,13,0
320548,320548,320561,13,0
320548,320548,320561,13,0
320548,320548,320561,13,0
320548,320548,320561,13,0
320548,320548,320562,14,0
320548,320548,320562,14,0
320548,320548,320563,15,0
320548,320548,320565,17,0
320548,320548,320567,19,0
320548,320548,320568,20,0
320548,320548,320568,20,0
320548,320548,320571,23,0
320548,320548,320571,23,0
320548,320548,320575,27,0
320578,320578,320580,2,0
320578,320578,320580,2,0
320578,320578,320580,2,0
320578,320578,320580,2,0
320578,320578,320580,2,0
320578,320578,320582,4,0
320578,320580,320582,2,2
320578,320580,320583,3,2
320578,320580,320583,3,2
320578,320580,320582,2,2
320578,320578,320584,6,0
320578,320578,320584,6,0
320578,320581,320583,2,3
320578,320582,320584,2,4
320578,320578,320584,6,0
320578,320578,320585,7,0
320578,320583,320585,2,5
320578,320578,320585,7,0
320578,320582,320584,2,4
320578,320583,320585,2,5
320578,320578,320585,7,0
320578,320578,320585,7,0
320578,320578,320585,7,0
320578,320578,320585,7,0
320578,320583,320585,2,5
320578,320578,320586,8,0
320578,320584,320586,2,6
320578,320584,320586,2,6
320578,320584,320585,1,6
320578,320578,320586,8,0
320578,320584,320585,1,6
320578,320578,320587,9,0
320578,320585,320587,2,7
320578,320585,320587,2,7
320578,320584,320587,3,6
320578,320585,320587,2,7
320578,320585,320587,2,7
320578,320585,320587,2,7
320578,320585,320587,2,7
320578,320585,320587,2,7
320578,320585,320587,2,7
320578,320585,320587,2,7
320578,320585,320587,2,7
320578,320578,320587,9,0
320578,320586,320588,2,8
320578,320586,320588,2,8
320578,320586,320588,2,8
320578,320578,320588,10,0
320578,320586,320588,2,8
320578,320587,320588,1,9
320578,320587,320588,1,9
320578,320578,320589,11,0
320578,320578,320589,11,0
320578,320578,320589,11,0
320578,320578,320589,11,0
320578,320587,320588,1,9
320578,320587,320589,2,9
320578,320588,320589,1,10
320578,320578,320589,11,0
320578,320578,320589,11,0
320578,320587,320590,3,9
320578,320578,320590,12,0
320578,320578,320591,13,0
320578,320578,320590,12,0
320578,320578,320591,13,0
320578,320578,320592,14,0
320578,320578,320592,14,0
320578,320578,320592,14,0
320578,320578,320592,14,0
320578,320578,320593,15,0
320578,320578,320592,14,0
320578,320578,320594,16,0
320578,320578,320595,17,0
320578,320578,320595,17,0
320578,320578,320600,22,0
320578,320578,320603,25,0
320578,320578,320604,26,0
320578,320578,320608,30,0
320578,320578,320613,35,0
320617,320617,320619,2,0
320617,320617,320619,2,0
320617,320617,320619,2,0
320617,320617,320619,2,0
320617,320617,320619,2,0
320617,320619,320621,2,2
320617,320619,320621,2,2
320617,320619,320622,3,2
320617,320619,320622,3,2
320617,320617,320621,4,0
320617,320619,320621,2,2
320617,320621,320622,1,4
320617,320621,320623,2,4
320617,320622,320623,1,5
320617,320617,320623,6,0
320617,320622,320623,1,5
320617,320617,320624,7,0
320617,320622,320624,2,5
320617,320622,320623,1,5
320617,320617,320623,6,0
320617,320617,320623,6,0
320617,320617,320625,8,0
320617,320617,320625,8,0
320617,320617,320625,8,0
320617,320617,320624,7,0
320617,320623,320624,1,6
320617,320617,320625,8,0
320617,320623,320625,2,6
320617,320617,320625,8,0
320617,320617,320626,9,0
320617,320617,320625,8,0
320617,320617,320626,9,0
320617,320617,320625,8,0
320617,320624,320626,2,7
320617,320624,320625,1,7
320617,320624,320626,2,7
320617,320624,320626,2,7
320617,320617,320625,8,0
320617,320624,320626,2,7
320617,320624,320626,2,7
320617,320624,320626,2,7
320617,320617,320626,9,0
320617,320624,320625,1,7
320617,320617,320626,9,0
320617,320617,320626,9,0
320617,320617,320627,10,0
320617,320625,320627,2,8
320617,320625,320627,2,8
320617,320617,320626,9,0
320617,320625,320626,1,8
320617,320625,320626,1,8
320617,320617,320626,9,0
320617,320626,320627,1,9
320617,320625,320626,1,8
320617,320625,320627,2,8
320617,320617,320627,10,0
320617,320617,320628,11,0
320617,320617,320628,11,0
320617,320617,320627,10,0
320617,320617,320627,10,0
320617,320617,320627,10,0
320617,320625,320627,2,8
320617,320625,320628,3,8
320617,320626,320628,2,9
320617,320617,320627,10,0
320617,320617,320629,12,0
320617,320617,320629,12,0
320617,320617,320628,11,0
320617,320626,320628,2,9
320617,320617,320628,11,0
320617,320617,320629,12,0
320617,320617,320628,11,0
320617,320626,320628,2,9
320617,320626,320629,3,9
320617,320626,320628,2,9
320617,320617,320628,11,0
320617,320617,320630,13,0
320617,320617,320633,16,0
320617,320617,320633,16,0
320636,320636,320637,1,0
320636,320636,320637,1,0
320636,320636,320637,1,0
320636,320636,320637,1,0
320636,320636,320638,2,0
320636,320636,320640,4,0
320636,320636,320639,3,0
320636,320636,320639,3,0
320636,320636,320640,4,0
320636,320636,320640,4,0
320636,320638,320640,2,2
320636,320638,320641,3,2
320636,320636,320641,5,0
320636,320638,320641,3,2
320636,320638,320641,3,2
320636,320639,320641,2,3
320636,320636,320641,5,0
320636,320636,320642,6,0
320636,320636,320642,6,0
320636,320636,320642,6,0
320636,320641,320642,1,5
320636,320641,320642,1,5
320636,320636,320642,6,0
320636,320641,320642,1,5
320636,320641,320642,1,5
320636,320636,320644,8,0
320636,320642,320643,1,6
320636,320636,320643,7,0
320636,320636,320644,8,0
320636,320636,320643,7,0
320636,320641,320644,3,5
320636,320641,320643,2,5
320636,320636,320644,8,0
320636,320642,320643,1,6
320636,320636,320644,8,0
320636,320642,320643,1,6
320636,320636,320644,8,0
320636,320636,320644,8,0
320636,320636,320644,8,0
320636,320636,320644,8,0
320636,320636,320645,9,0
320636,320643,320644,1,7
320636,320643,320644,1,7
320636,320642,320644,2,6
320636,320636,320644,8,0
320636,320643,320644,1,7
320636,320643,320644,1,7
320636,320636,320646,10,0
320636,320636,320646,10,0
320636,320643,320646,3,7
320636,320636,320645,9,0
320636,320640,320645,5,4
320636,320644,320645,1,8
320636,320644,320645,1,8
320636,320644,320645,1,8
320636,320644,320645,1,8
320636,320644,320645,1,8
320636,320643,320646,3,7
320636,320644,320645,1,8
320636,320636,320645,9,0
320636,320644,320646,2,8
320636,320644,320646,2,8
320636,320636,320646,10,0
320636,320644,320647,3,8
320636,320636,320647,11,0
320636,320644,320646,2,8
320636,320636,320648,12,0
320636,320636,320648,12,0
320636,320636,320648,12,0
320636,320636,320648,12,0
320636,320636,320648,12,0
320636,320640,320648,8,4
320636,320636,320649,13,0
320636,320641,320650,9,5
320636,320636,320649,13,0
320636,320636,320650,14,0
320636,320640,320651,11,4
320636,320636,320653,17,0
320636,320636,320656,20,0
320659,320660,320661,1,1
320659,320660,320661,1,1
320659,320660,320661,1,1
320659,320660,320661,1,1
320659,320660,320661,1,1
320659,320660,320663,3,1
320659,320660,320665,5,1
320659,320660,320665,5,1
320659,320660,320665,5,1
320659,320660,320666,6,1
320659,320660,320665,5,1
320659,320660,320665,5,1
320659,320662,320665,3,3
320659,320660,320665,5,1
320659,320662,320665,3,3
320659,320662,320666,4,3
320659,320662,320666,4,3
320659,320660,320666,6,1
320659,320660,320666,6,1
320659,320660,320667,7,1
320659,320667,320668,1,8
320659,320660,320667,7,1
320659,320660,320667,7,1
320659,320660,320667,7,1
320659,320660,320667,7,1
320659,320660,320667,7,1
320659,320660,320667,7,1
320659,320666,320667,1,7
320659,320660,320668,8,1
320659,320660,320668,8,1
320659,320660,320669,9,1
320659,320666,320668,2,7
320659,320660,320668,8,1
320659,320662,320668,6,3
320659,320667,320668,1,8
320659,320666,320668,2,7
320659,320666,320668,2,7
320659,320667,320668,1,8
320659,320660,320669,9,1
320659,320665,320668,3,6
320659,320660,320669,9,1
320659,320660,320670,10,1
320659,320667,320670,3,8
320659,320660,320669,9,1
320659,320660,320669,9,1
320659,320667,320669,2,8
320659,320660,320669,9,1
320659,320668,320669,1,9
320659,320668,320669,1,9
320659,320668,320669,1,9
320659,320660,320669,9,1
320659,320668,320669,1,9
320659,320668,320669,1,9
320659,320668,320669,1,9
320659,320660,320670,10,1
320659,320660,320670,10,1
320659,320668,320670,2,9
320659,320668,320670,2,9
320659,320660,320670,10,1
320659,320669,320670,1,10
320659,320669,320670,1,10
320659,320669,320670,1,10
320659,320669,320672,3,10
320659,320669,320671,2,10
320659,320669,320671,2,10
320659,320660,320671,11,1
320659,320664,320671,7,5
320659,320660,320671,11,1
320659,320669,320671,2,10
320659,320666,320672,6,7
320659,320660,320671,11,1
320659,320660,320672,12,1
320659,320660,320672,12,1
320659,320660,320672,12,1
320659,320660,320674,14,1
320659,320665,320675,10,6
320659,320666,320675,9,7
320659,320665,320675,10,6
320659,320660,320677,17,1
320679,320679,320681,2,0
320679,320680,320681,1,1
320679,320680,320681,1,1
320679,320680,320681,1,1
320679,320680,320681,1,1
320679,320682,320683,1,3
320679,320680,320683,3,1
320679,320682,320683,1,3
320679,320682,320683,1,3
320679,320680,320684,4,1
320679,320680,320684,4,1
320679,320682,320684,2,3
320679,320682,320684,2,3
320679,320680,320686,6,1
320679,320680,320685,5,1
320679,320684,320685,1,5
320679,320684,320685,1,5
320679,320680,320686,6,1
320679,320680,320687,7,1
320679,320680,320687,7,1
320679,320684,320686,2,5
320679,320685,320687,2,6
320679,320680,320687,7,1
320679,320680,320687,7,1
320679,320684,320687,3,5
320679,320680,320687,7,1
320679,320686,320687,1,7
320679,320685,320687,2,6
320679,320680,320687,7,1
320679,320680,320687,7,1
320679,320686,320688,2,7
320679,320685,320688,3,6
320679,320687,320688,1,8
320679,320680,320688,8,1
320679,320680,320689,9,1
320679,320680,320688,8,1
320679,320687,320688,1,8
320679,320680,320689,9,1
320679,320680,320689,9,1
320679,320687,320689,2,8
320679,320680,320689,9,1
320679,320685,320689,4,6
320679,320688,320689,1,9
320679,320688,320689,1,9
320679,320680,320690,10,1
320679,320680,320689,9,1
320679,320689,320690,1,10
320679,320680,320689,9,1
320679,320680,320689,9,1
320679,320688,320689,1,9
320679,320688,320689,1,9
320679,320680,320690,10,1
320679,320688,320689,1,9
320679,320689,320690,1,10
320679,320680,320689,9,1
320679,320680,320691,11,1
320679,320687,320690,3,8
320679,320688,320690,2,9
320679,320686,320690,4,7
320679,320688,320690,2,9
320679,320680,320690,10,1
320679,320680,320690,10,1
320679,320689,320690,1,10
320679,320689,320691,2,10
320679,320680,320691,11,1
320679,320688,320692,4,9
320679,320687,320692,5,8
320679,320686,320693,7,7
320679,320688,320692,4,9
320679,320680,320694,14,1
320679,320680,320696,16,1
320679,320680,320697,17,1
320679,320680,320697,17,1
320679,320680,320698,18,1
320679,320680,320698,18,1
320679,320680,320699,19,1
320679,320680,320698,18,1
320679,320680,320706,26,1
320679,320680,320707,27,1
320710,320710,320712,2,0
320710,320710,320712,2,0
320710,320710,320712,2,0
320710,320710,320712,2,0
320710,320710,320712,2,0
320710,320713,320715,2,3
320710,320713,320714,1,3
320710,320713,320715,2,3
320710,320713,320715,2,3
320710,320711,320715,4,1
320710,320713,320715,2,3
320710,320711,320716,5,1
320710,320711,320716,5,1
320710,320711,320717,6,1
320710,320715,320716,1,5
320710,320715,320716,1,5
320710,320710,320716,6,0
320710,320711,320717,6,1
320710,320711,320717,6,1
320710,320716,320717,1,6
320710,320716,320718,2,6
320710,320716,320717,1,6
320710,320711,320718,7,1
320710,320711,320718,7,1
320710,320711,320718,7,1
320710,320711,320719,8,1
320710,320718,320719,1,8
320710,320717,320718,1,7
320710,320717,320718,1,7
320710,320710,320718,8,0
320710,320717,320718,1,7
320710,320710,320719,9,0
320710,320716,320719,3,6
320710,320710,320719,9,0
320710,320710,320719,9,0
320710,320711,320719,8,1
320710,320710,320719,9,0
320710,320711,320720,9,1
320710,320718,320719,1,8
320710,320718,320719,1,8
320710,320717,320720,3,7
320710,320717,320720,3,7
320710,320718,320720,2,8
320710,320717,320720,3,7
320710,320718,320720,2,8
320710,320710,320720,10,0
320710,320711,320720,9,1
320710,320719,320720,1,9
320710,320719,320720,1,9
320710,320720,320721,1,10
320710,320719,320720,1,9
320710,320719,320720,1,9
320710,320719,320720,1,9
320710,320711,320720,9,1
320710,320719,320721,2,9
320710,320719,320721,2,9
320710,320719,320721,2,9
320710,320719,320721,2,9
320710,320710,320721,11,0
320710,320720,320721,1,10
320710,320711,320721,10,1
320710,320710,320721,11,0
320710,320711,320721,10,1
320710,320720,320721,1,10
320710,320720,320722,2,10
320710,320710,320723,13,0
320710,320710,320723,13,0
320710,320710,320724,14,0
320710,320711,320724,13,1
320710,320710,320724,14,0
320710,320710,320727,17,0
320710,320710,320727,17,0
320710,320710,320727,17,0
320710,320710,320728,18,0
320710,320710,320729,19,0
320710,320711,320734,23,1
320710,320711,320737,26,1
320710,320710,320742,32,0
320710,320710,320745,35,0
320748,320748,320750,2,0
320748,320748,320750,2,0
320748,320748,320750,2,0
320748,320748,320750,2,0
320748,320748,320750,2,0
320748,320750,320752,2,2
320748,320750,320752,2,2
320748,320748,320753,5,0
320748,320750,320753,3,2
320748,320750,320753,3,2
320748,320750,320754,4,2
320748,320748,320755,7,0
320748,320752,320754,2,4
320748,320748,320755,7,0
320748,320748,320755,7,0
320748,320753,320755,2,5
320748,320748,320755,7,0
320748,320748,320755,7,0
320748,320753,320755,2,5
320748,320753,320755,2,5
320748,320748,320756,8,0
320748,320748,320756,8,0
320748,320748,320755,7,0
320748,320748,320755,7,0
320748,320748,320756,8,0
320748,320748,320756,8,0
320748,320748,320756,8,0
320748,320748,320756,8,0
320748,320753,320756,3,5
320748,320748,320756,8,0
320748,320748,320757,9,0
320748,320748,320757,9,0
320748,320754,320757,3,6
320748,320748,320757,9,0
320748,320748,320757,9,0
320748,320755,320757,2,7
320748,320756,320757,1,8
320748,320756,320757,1,8
320748,320756,320757,1,8
320748,320756,320757,1,8
320748,320756,320757,1,8
320748,320756,320757,1,8
320748,320748,320758,10,0
320748,320755,320758,3,7
320748,320756,320758,2,8
320748,320756,320758,2,8
320748,320748,320758,10,0
320748,320748,320759,11,0
320748,320757,320758,1,9
320748,320757,320758,1,9
320748,320757,320758,1,9
320748,320757,320758,1,9
320748,320756,320759,3,8
320748,320748,320758,10,0
320748,320756,320759,3,8
320748,320758,320759,1,10
320748,320758,320759,1,10
320748,320758,320759,1,10
320748,320748,320759,11,0
320748,320758,320759,1,10
320748,320748,320760,12,0
320748,320756,320760,4,8
320748,320756,320760,4,8
320748,320757,320760,3,9
320748,320748,320760,12,0
320748,320748,320761,13,0
320748,320748,320763,15,0
320748,320748,320764,16,0
320748,320748,320763,15,0
320748,320756,320764,8,8
320748,320748,320766,18,0
320748,320748,320769,21,0
320748,320748,320769,21,0
320748,320748,320770,22,0
320748,320748,320771,23,0
320748,320748,320782,34,0
320748,320748,320783,35,0
320748,320748,320783,35,0
320748,320748,320784,36,0
320787,320787,320789,2,0
320787,320787,320789,2,0
320787,320787,320789,2,0
320787,320787,320789,2,0
320787,320787,320789,2,0
320787,320789,320791,2,2
320787,320789,320791,2,2
320787,320789,320791,2,2
320787,320789,320792,3,2
320787,320789,320792,3,2
320787,320787,320792,5,0
320787,320791,320793,2,4
320787,320791,320793,2,4
320787,320791,320793,2,4
320787,320787,320794,7,0
320787,320787,320794,7,0
320787,320792,320794,2,5
320787,320792,320794,2,5
320787,320792,320794,2,5
320787,320787,320795,8,0
320787,320787,320795,8,0
320787,320787,320795,8,0
320787,320787,320795,8,0
320787,320787,320795,8,0
320787,320787,320795,8,0
320787,320787,320795,8,0
320787,320793,320795,2,6
320787,320793,320795,2,6
320787,320793,320795,2,6
320787,320787,320795,8,0
320787,320794,320796,2,7
320787,320794,320796,2,7
320787,320794,320796,2,7
320787,320787,320796,9,0
320787,320787,320796,9,0
320787,320787,320796,9,0
320787,320794,320796,2,7
320787,320787,320797,10,0
320787,320787,320796,9,0
320787,320795,320797,2,8
320787,320796,320797,1,9
320787,320787,320797,10,0
320787,320795,320797,2,8
320787,320796,320797,1,9
320787,320797,320798,1,10
320787,320795,320797,2,8
320787,320795,320797,2,8
320787,320787,320797,10,0
320787,320796,320797,1,9
320787,320787,320797,10,0
320787,320796,320797,1,9
320787,320787,320798,11,0
320787,320795,320798,3,8
320787,320794,320798,4,7
320787,320787,320798,11,0
320787,320787,320798,11,0
320787,320797,320798,1,10
320787,320797,320798,1,10
320787,320797,320798,1,10
320787,320797,320798,1,10
320787,320787,320799,12,0
320787,320787,320799,12,0
320787,320787,320799,12,0
320787,320787,320799,12,0
320787,320787,320799,12,0
320787,320796,320799,3,9
320787,320787,320800,13,0
320787,320795,320800,5,8
320787,320787,320801,14,0
320787,320787,320801,14,0
320787,320787,320801,14,0
320787,320787,320802,15,0
320787,320787,320802,15,0
320787,320787,320803,16,0
320787,320787,320803,16,0
320787,320787,320804,17,0
320787,320787,320804,17,0
320787,320787,320807,20,0
320787,320787,320807,20,0
320810,320810,320811,1,0
320810,320810,320812,2,0
320810,320810,320812,2,0
320810,320810,320812,2,0
320810,320810,320812,2,0
320810,320810,320815,5,0
320810,320812,320815,3,2
320810,320812,320815,3,2
320810,320812,320816,4,2
320810,320812,320816,4,2
320810,320812,320816,4,2
320810,320810,320816,6,0
320810,320815,320817,2,5
320810,320810,320817,7,0
320810,320815,320817,2,5
320810,320810,320818,8,0
320810,320810,320818,8,0
320810,320816,320818,2,6
320810,320816,320818,2,6
320810,320810,320818,8,0
320810,320815,320818,3,5
320810,320816,320817,1,6
320810,320810,320818,8,0
320810,320810,320818,8,0
320810,320816,320817,1,6
320810,320810,320819,9,0
320810,320810,320819,9,0
320810,320817,320819,2,7
320810,320810,320818,8,0
320810,320817,320819,2,7
320810,320817,320819,2,7
320810,320810,320820,10,0
320810,320810,320820,10,0
320810,320818,320819,1,8
320810,320818,320820,2,8
320810,320810,320820,10,0
320810,320818,320820,2,8
320810,320818,320820,2,8
320810,320818,320819,1,8
320810,320818,320820,2,8
320810,320818,320820,2,8
320810,320818,320819,1,8
320810,320818,320820,2,8
320810,320810,320821,11,0
320810,320810,320821,11,0
320810,320810,320820,10,0
320810,320818,320821,3,8
320810,320810,320821,11,0
320810,320819,320820,1,9
320810,320819,320821,2,9
320810,320819,320821,2,9
320810,320819,320821,2,9
320810,320820,320821,1,10
320810,320820,320821,1,10
320810,320820,320821,1,10
320810,320820,320822,2,10
320810,320820,320822,2,10
320810,320821,320822,1,11
320810,320810,320822,12,0
320810,320810,320823,13,0
320810,320810,320822,12,0
320810,320810,320823,13,0
320810,320810,320823,13,0
320810,320810,320824,14,0
320810,320810,320824,14,0
320810,320810,320824,14,0
320810,320810,320824,14,0
320810,320810,320825,15,0
320810,320810,320826,16,0
320810,320810,320827,17,0
320810,320810,320827,17,0
320810,320810,320828,18,0
320810,320810,320828,18,0
320810,320810,320828,18,0
320810,320810,320828,18,0
320810,320810,320829,19,0
320810,320810,320828,18,0
320810,320810,320830,20,0
320810,320810,320833,23,0
320837,320837,320839,2,0
320837,320837,320839,2,0
320837,320837,320839,2,0
320837,320837,320839,2,0
320837,320837,320839,2,0
320837,320839,320840,1,2
320837,320839,320841,2,2
320837,320839,320840,1,2
320837,320839,320841,2,2
320837,320837,320842,5,0
320837,320839,320841,2,2
320837,320837,320842,5,0
320837,320841,320843,2,4
320837,320841,320843,2,4
320837,320841,320842,1,4
320837,320837,320843,6,0
320837,320837,320844,7,0
320837,320837,320844,7,0
320837,320842,320844,2,5
320837,320837,320844,7,0
320837,320841,320843,2,4
320837,320837,320844,7,0
320837,320837,320845,8,0
320837,320837,320845,8,0
320837,320837,320844,7,0
320837,320843,320844,1,6
320837,320837,320844,7,0
320837,320843,320844,1,6
320837,320837,320845,8,0
320837,320843,320844,1,6
320837,320837,320846,9,0
320837,320844,320845,1,7
320837,320844,320845,1,7
320837,320837,320845,8,0
320837,320837,320845,8,0
320837,320844,320845,1,7
320837,320844,320845,1,7
320837,320837,320846,9,0
320837,320844,320845,1,7
320837,320844,320846,2,7
320837,320837,320846,9,0
320837,320843,320846,3,6
320837,320844,320847,3,7
320837,320837,320846,9,0
320837,320845,320846,1,8
320837,320845,320846,1,8
320837,320837,320847,10,0
320837,320845,320846,1,8
320837,320837,320847,10,0
320837,320837,320846,9,0
320837,320845,320846,1,8
320837,320845,320846,1,8
320837,320845,320847,2,8
320837,320837,320848,11,0
320837,320845,320848,3,8
320837,320845,320848,3,8
320837,320846,320847,1,9
320837,320846,320848,2,9
320837,320846,320847,1,9
320837,320846,320847,1,9
320837,320846,320847,1,9
320837,320837,320849,12,0
320837,320837,320849,12,0
320837,320837,320849,12,0
320837,320837,320849,12,0
320837,320837,320850,13,0
320837,320837,320850,13,0
320837,320837,320849,12,0
320837,320842,320850,8,5
320837,320837,320850,13,0
320837,320837,320850,13,0
320837,320837,320850,13,0
320837,320837,320852,15,0
320837,320837,320852,15,0
320837,320837,320853,16,0
320837,320837,320853,16,0
320837,320837,320854,17,0
320837,320837,320856,19,0
320837,320837,320860,23,0
320863,320864,320865,1,1
320863,320864,320865,1,1
320863,320864,320865,1,1
320863,320864,320865,1,1
320863,320864,320865,1,1
320863,320866,320867,1,3
320863,320866,320868,2,3
320863,320864,320869,5,1
320863,320866,320868,2,3
320863,320866,320868,2,3
320863,320864,320869,5,1
320863,320864,320869,5,1
320863,320864,320869,5,1
320863,320866,320869,3,3
320863,320864,320869,5,1
320863,320864,320870,6,1
320863,320864,320871,7,1
320863,320864,320870,6,1
320863,320864,320870,6,1
320863,320868,320871,3,5
320863,320864,320871,7,1
320863,320868,320870,2,5
320863,320864,320871,7,1
320863,320869,320871,2,6
320863,320864,320871,7,1
320863,320864,320871,7,1
320863,320869,320872,3,6
320863,320864,320871,7,1
320863,320864,320872,8,1
320863,320870,320871,1,7
320863,320870,320871,1,7
320863,320871,320872,1,8
320863,320864,320872,8,1
320863,320864,320872,8,1
320863,320864,320872,8,1
320863,320864,320873,9,1
320863,320871,320872,1,8
320863,320871,320872,1,8
320863,320871,320872,1,8
320863,320864,320872,8,1
320863,320871,320872,1,8
320863,320864,320873,9,1
320863,320871,320873,2,8
320863,320864,320873,9,1
320863,320869,320873,4,6
320863,320871,320873,2,8
320863,320870,320874,4,7
320863,320864,320873,9,1
320863,320864,320873,9,1
320863,320872,320873,1,9
320863,320864,320873,9,1
320863,320872,320873,1,9
320863,320872,320873,1,9
320863,320872,320873,1,9
320863,320872,320873,1,9
320863,320872,320873,1,9
320863,320872,320873,1,9
320863,320864,320874,10,1
320863,320872,320873,1,9
320863,320872,320873,1,9
320863,320864,320874,10,1
320863,320872,320874,2,9
320863,320864,320874,10,1
320863,320873,320874,1,10
320863,320864,320875,11,1
320863,320873,320875,2,10
320863,320873,320876,3,10
320863,320864,320876,12,1
320863,320864,320877,13,1
320863,320870,320877,7,7
320863,320870,320877,7,7
320863,320864,320877,13,1
320863,320864,320878,14,1
320863,320864,320878,14,1
320863,320864,320879,15,1
320863,320864,320881,17,1
320863,320864,320883,19,1
320863,320864,320883,19,1
320863,320864,320883,19,1
320886,320886,320888,2,0
320886,320886,320888,2,0
320886,320886,320888,2,0
320886,320886,320888,2,0
320886,320886,320888,2,0
320886,320889,320890,1,3
320886,320887,320891,4,1
320886,320889,320891,2,3
320886,320889,320891,2,3
320886,320889,320891,2,3
320886,320889,320891,2,3
320886,320891,320892,1,5
320886,320887,320892,5,1
320886,320887,320893,6,1
320886,320887,320893,6,1
320886,320887,320893,6,1
320886,320887,320893,6,1
320886,320887,320893,6,1
320886,320886,320893,7,0
320886,320886,320893,7,0
320886,320886,320893,7,0
320886,320886,320893,7,0
320886,320886,320893,7,0
320886,320892,320895,3,6
320886,320893,320894,1,7
320886,320892,320894,2,6
320886,320887,320894,7,1
320886,320892,320894,2,6
320886,320893,320894,1,7
320886,320887,320895,8,1
320886,320892,320894,2,6
320886,320894,320895,1,8
320886,320887,320895,8,1
320886,320894,320895,1,8
320886,320894,320895,1,8
320886,320894,320895,1,8
320886,320886,320895,9,0
320886,320887,320896,9,1
320886,320887,320896,9,1
320886,320887,320896,9,1
320886,320894,320897,3,8
320886,320894,320896,2,8
320886,320886,320897,11,0
320886,320887,320897,10,1
320886,320894,320896,2,8
320886,320895,320896,1,9
320886,320895,320896,1,9
320886,320886,320897,11,0
320886,320895,320896,1,9
320886,320896,320897,1,10
320886,320895,320896,1,9
320886,320895,320896,1,9
320886,320895,320896,1,9
320886,320895,320896,1,9
320886,320895,320896,1,9
320886,320886,320897,11,0
320886,320894,320897,3,8
320886,320894,320898,4,8
320886,320886,320897,11,0
320886,320894,320897,3,8
320886,320896,320897,1,10
320886,320896,320897,1,10
320886,320896,320897,1,10
320886,320887,320898,11,1
320886,320886,320899,13,0
320886,320886,320899,13,0
320886,320887,320898,11,1
320886,320886,320899,13,0
320886,320892,320899,7,6
320886,320886,320899,13,0
320886,320886,320901,15,0
320886,320886,320902,16,0
320886,320886,320902,16,0
320886,320886,320904,18,0
320886,320886,320904,18,0
320886,320887,320906,19,1
320886,320887,320907,20,1
320886,320886,320914,28,0
320886,320886,320917,31,0
320919,320919,320921,2,0
320919,320919,320921,2,0
320919,320919,320921,2,0
320919,320919,320921,2,0
320919,320919,320921,2,0
320919,320919,320923,4,0
320919,320921,320923,2,2
320919,320922,320923,1,3
320919,320922,320923,1,3
320919,320922,320923,1,3
320919,320922,320923,1,3
320919,320919,320924,5,0
320919,320919,320924,5,0
320919,320919,320925,6,0
320919,320919,320925,6,0
320919,320919,320925,6,0
320919,320919,320925,6,0
320919,320919,320925,6,0
320919,320924,320925,1,5
320919,320919,320925,6,0
320919,320919,320925,6,0
320919,320919,320926,7,0
320919,320919,320926,7,0
320919,320924,320926,2,5
320919,320924,320926,2,5
320919,320919,320926,7,0
320919,320924,320926,2,5
320919,320919,320926,7,0
320919,320919,320926,7,0
320919,320924,320926,2,5
320919,320919,320927,8,0
320919,320924,320926,2,5
320919,320919,320927,8,0
320919,320926,320927,1,7
320919,320926,320928,2,7
320919,320926,320927,1,7
320919,320926,320927,1,7
320919,320925,320928,3,6
320919,320927,320928,1,8
320919,320928,320929,1,9
320919,320919,320929,10,0
320919,320927,320929,2,8
320919,320927,320929,2,8
320919,320927,320928,1,8
320919,320927,320928,1,8
320919,320919,320929,10,0
320919,320927,320928,1,8
320919,320927,320928,1,8
320919,320927,320928,1,8
320919,320925,320929,4,6
320919,320926,320929,3,7
320919,320926,320929,3,7
320919,320926,320929,3,7
320919,320927,320929,2,8
320919,320927,320930,3,8
320919,320919,320929,10,0
320919,320919,320929,10,0
320919,320928,320929,1,9
320919,320928,320929,1,9
320919,320919,320930,11,0
320919,320919,320930,11,0
320919,320927,320931,4,8
320919,320919,320930,11,0
320919,320919,320932,13,0
320919,320925,320932,7,6
320919,320919,320933,14,0
320919,320919,320932,13,0
320919,320919,320933,14,0
320919,320919,320933,14,0
320919,320919,320933,14,0
320919,320919,320933,14,0
320919,320919,320935,16,0
320919,320919,320935,16,0
320919,320919,320935,16,0
320919,320919,320935,16,0
320919,320919,320936,17,0
320919,320919,320936,17,0
320919,320919,320937,18,0
320919,320919,320943,24,0
320946,320946,320948,2,0
320946,320946,320948,2,0
320946,320946,320948,2,0
320946,320946,320948,2,0
320946,320946,320948,2,0
320946,320946,320950,4,0
320946,320946,320950,4,0
320946,320946,320950,4,0
320946,320948,320950,2,2
320946,320948,320950,2,2
320946,320948,320950,2,2
320946,320948,320950,2,2
320946,320946,320950,4,0
320946,320948,320950,2,2
320946,320946,320951,5,0
320946,320946,320950,4,0
320946,320946,320951,5,0
320946,320946,320952,6,0
320946,320950,320952,2,4
320946,320946,320952,6,0
320946,320951,320952,1,5
320946,320951,320952,1,5
320946,320951,320952,1,5
320946,320950,320953,3,4
320946,320946,320953,7,0
320946,320950,320953,3,4
320946,320946,320953,7,0
320946,320951,320953,2,5
320946,320946,320953,7,0
320946,320946,320953,7,0
320946,320946,320953,7,0
320946,320946,320953,7,0
320946,320951,320953,2,5
320946,320946,320954,8,0
320946,320950,320954,4,4
320946,320946,320954,8,0
320946,320951,320954,3,5
320946,320946,320954,8,0
320946,320946,320954,8,0
320946,320953,320954,1,7
320946,320946,320955,9,0
320946,320946,320954,8,0
320946,320946,320954,8,0
320946,320953,320954,1,7
320946,320953,320954,1,7
320946,320953,320954,1,7
320946,320946,320955,9,0
320946,320951,320955,4,5
320946,320946,320955,9,0
320946,320946,320955,9,0
320946,320951,320955,4,5
320946,320946,320955,9,0
320946,320946,320955,9,0
320946,320952,320955,3,6
320946,320946,320955,9,0
320946,320954,320956,2,8
320946,320954,320955,1,8
320946,320946,320955,9,0
320946,320954,320955,1,8
320946,320954,320955,1,8
320946,320954,320955,1,8
320946,320946,320955,9,0
320946,320954,320955,1,8
320946,320954,320955,1,8
320946,320946,320956,10,0
320946,320946,320956,10,0
320946,320946,320956,10,0
320946,320954,320956,2,8
320946,320953,320957,4,7
320946,320954,320957,3,8
320946,320946,320957,11,0
320946,320946,320957,11,0
320946,320954,320957,3,8
320946,320946,320958,12,0
320946,320946,320958,12,0
320946,320946,320959,13,0
320946,320946,320959,13,0
320946,320953,320959,6,7
320962,320962,320964,2,0
320962,320962,320964,2,0
320962,320962,320964,2,0
320962,320962,320964,2,0
320962,320962,320964,2,0
320962,320962,320965,3,0
320962,320962,320965,3,0
320962,320962,320965,3,0
320962,320962,320966,4,0
320962,320964,320966,2,2
320962,320964,320966,2,2
320962,320962,320966,4,0
320962,320964,320966,2,2
320962,320962,320966,4,0
320962,320964,320966,2,2
320962,320964,320966,2,2
320962,320962,320966,4,0
320962,320962,320967,5,0
320962,320962,320967,5,0
320962,320962,320966,4,0
320962,320962,320968,6,0
320962,320965,320967,2,3
320962,320962,320968,6,0
320962,320966,320968,2,4
320962,320966,320968,2,4
320962,320966,320968,2,4
320962,320966,320968,2,4
320962,320966,320968,2,4
320962,320966,320968,2,4
320962,320962,320968,6,0
320962,320965,320968,3,3
320962,320962,320969,7,0
320962,320962,320968,6,0
320962,320962,320969,7,0
320962,320965,320969,4,3
320962,320966,320969,3,4
320962,320966,320969,3,4
320962,320968,320969,1,6
320962,320962,320968,6,0
320962,320962,320969,7,0
320962,320962,320969,7,0
320962,320962,320969,7,0
320962,320967,320969,2,5
320962,320962,320970,8,0
320962,320962,320970,8,0
320962,320966,320969,3,4
320962,320967,320970,3,5
320962,320962,320970,8,0
320962,320967,320970,3,5
320962,320968,320970,2,6
320962,320968,320970,2,6
320962,320962,320970,8,0
320962,320968,320969,1,6
320962,320962,320970,8,0
320962,320962,320970,8,0
320962,320962,320970,8,0
320962,320962,320970,8,0
320962,320968,320970,2,6
320962,320968,320970,2,6
320962,320968,320971,3,6
320962,320968,320970,2,6
320962,320968,320971,3,6
320962,320962,320970,8,0
320962,320962,320971,9,0
320962,320969,320970,1,7
320962,320969,320971,2,7
320962,320969,320971,2,7
320962,320969,320971,2,7
320962,320962,320972,10,0
320962,320969,320972,3,7
320962,320969,320972,3,7
320962,320962,320972,10,0
320962,320962,320972,10,0
320962,320962,320972,10,0
320962,320962,320973,11,0
320962,320962,320973,11,0
320962,320962,320977,15,0
320962,320962,320978,16,0
320962,320962,320983,21,0
320986,320986,320988,2,0
320986,320986,320988,2,0
320986,320986,320988,2,0
320986,320986,320988,2,0
320986,320986,320988,2,0
320986,320986,320988,2,0
320986,320988,320990,2,2
320986,320988,320990,2,2
320986,320988,320989,1,2
320986,320988,320990,2,2
320986,320988,320990,2,2
320986,320989,320990,1,3
320986,320986,320991,5,0
320986,320990,320992,2,4
320986,320990,320992,2,4
320986,320990,320992,2,4
320986,320990,320992,2,4
320986,320990,320991,1,4
320986,320986,320993,7,0
320986,320986,320992,6,0
320986,320986,320993,7,0
320986,320986,320993,7,0
320986,320986,320993,7,0
320986,320991,320992,1,5
320986,320986,320993,7,0
320986,320986,320994,8,0
320986,320986,320994,8,0
320986,320992,320993,1,6
320986,320986,320994,8,0
320986,320986,320993,7,0
320986,320992,320993,1,6
320986,320986,320994,8,0
320986,320986,320994,8,0
320986,320992,320993,1,6
320986,320986,320994,8,0
320986,320992,320993,1,6
320986,320992,320994,2,6
320986,320986,320995,9,0
320986,320992,320995,3,6
320986,320986,320995,9,0
320986,320986,320994,8,0
320986,320993,320994,1,7
320986,320986,320995,9,0
320986,320993,320995,2,7
320986,320986,320995,9,0
320986,320993,320995,2,7
320986,320993,320995,2,7
320986,320986,320996,10,0
320986,320986,320995,9,0
320986,320986,320996,10,0
320986,320993,320996,3,7
320986,320993,320995,2,7
320986,320994,320995,1,8
320986,320994,320996,2,8
320986,320994,320996,2,8
320986,320994,320996,2,8
320986,320994,320995,1,8
320986,320994,320996,2,8
320986,320994,320996,2,8
320986,320994,320996,2,8
320986,320986,320997,11,0
320986,320986,320996,10,0
320986,320994,320996,2,8
320986,320994,320996,2,8
320986,320994,320996,2,8
320986,320986,320997,11,0
320986,320986,320998,12,0
320986,320986,320997,11,0
320986,320986,320998,12,0
320986,320986,320998,12,0
320986,320986,320999,13,0
320986,320986,321001,15,0
320986,320986,321000,14,0
320986,320986,321000,14,0
320986,320986,321002,16,0
320986,320986,321003,17,0
320986,320986,321005,19,0
320986,320986,321006,20,0
320986,320986,321011,25,0
321014,321014,321015,1,0
321014,321014,321016,2,0
321014,321014,321016,2,0
321014,321014,321015,1,0
321014,321014,321016,2,0
321014,321014,321018,4,0
321014,321016,321017,1,2
321014,321016,321018,2,2
321014,321016,321018,2,2
321014,321016,321018,2,2
321014,321016,321018,2,2
321014,321014,321020,6,0
321014,321014,321020,6,0
321014,321014,321021,7,0
321014,321014,321020,6,0
321014,321014,321020,6,0
321014,321014,321020,6,0
321014,321018,321020,2,4
321014,321018,321020,2,4
321014,321014,321020,6,0
321014,321019,321021,2,5
321014,321014,321020,6,0
321014,321019,321020,1,5
321014,321019,321021,2,5
321014,321019,321021,2,5
321014,321021,321022,1,7
321014,321020,321022,2,6
321014,321020,321021,1,6
321014,321014,321022,8,0
321014,321021,321022,1,7
321014,321021,321022,1,7
321014,321014,321022,8,0
321014,321021,321022,1,7
321014,321021,321022,1,7
321014,321021,321022,1,7
321014,321021,321022,1,7
321014,321014,321023,9,0
321014,321021,321022,1,7
321014,321021,321022,1,7
321014,321022,321023,1,8
321014,321014,321023,9,0
321014,321021,321023,2,7
321014,321021,321023,2,7
321014,321022,321024,2,8
321014,321023,321024,1,9
321014,321014,321023,9,0
321014,321014,321024,10,0
321014,321023,321024,1,9
321014,321022,321024,2,8
321014,321022,321023,1,8
321014,321014,321024,10,0
321014,321014,321024,10,0
321014,321014,321025,11,0
321014,321023,321024,1,9
321014,321023,321025,2,9
321014,321023,321025,2,9
321014,321023,321024,1,9
321014,321014,321025,11,0
321014,321014,321026,12,0
321014,321023,321025,2,9
321014,321014,321027,13,0
321014,321014,321026,12,0
321014,321014,321026,12,0
321014,321014,321027,13,0
321014,321014,321028,14,0
321014,321014,321028,14,0
321014,321014,321027,13,0
321014,321014,321027,13,0
321014,321014,321029,15,0
321014,321014,321030,16,0
321014,321014,321029,15,0
321014,321014,321030,16,0
321014,321014,321029,15,0
321014,321014,321029,15,0
321014,321014,321031,17,0
321014,321014,321030,16,0
321014,321014,321031,17,0
321014,321014,321032,18,0
321014,321014,321032,18,0
321035,321035,321036,1,0
321035,321035,321036,1,0
321035,321035,321036,1,0
321035,321035,321036,1,0
321035,321035,321037,2,0
321035,321035,321037,2,0
321035,321037,321039,2,2
321035,321037,321039,2,2
321035,321035,321039,4,0
321035,321037,321039,2,2
321035,321038,321040,2,3
321035,321037,321039,2,2
321035,321038,321040,2,3
321035,321035,321040,5,0
321035,321040,321041,1,5
321035,321039,321040,1,4
321035,321035,321041,6,0
321035,321040,321041,1,5
321035,321040,321041,1,5
321035,321035,321041,6,0
321035,321035,321041,6,0
321035,321040,321041,1,5
321035,321040,321041,1,5
321035,321035,321042,7,0
321035,321035,321042,7,0
321035,321035,321043,8,0
321035,321041,321042,1,6
321035,321035,321043,8,0
321035,321041,321042,1,6
321035,321041,321042,1,6
321035,321041,321042,1,6
321035,321035,321042,7,0
321035,321035,321043,8,0
321035,321035,321044,9,0
321035,321035,321043,8,0
321035,321035,321044,9,0
321035,321035,321044,9,0
321035,321035,321043,8,0
321035,321035,321044,9,0
321035,321042,321043,1,7
321035,321042,321043,1,7
321035,321035,321044,9,0
321035,321042,321043,1,7
321035,321042,321043,1,7
321035,321042,321043,1,7
321035,321042,321043,1,7
321035,321035,321044,9,0
321035,321035,321044,9,0
321035,321043,321045,2,8
321035,321042,321044,2,7
321035,321043,321044,1,8
321035,321043,321045,2,8
321035,321043,321044,1,8
321035,321043,321044,1,8
321035,321043,321045,2,8
321035,321043,321044,1,8
321035,321043,321045,2,8
321035,321035,321045,10,0
321035,321035,321045,10,0
321035,321035,321045,10,0
321035,321035,321045,10,0
321035,321035,321045,10,0
321035,321043,321045,2,8
321035,321044,321046,2,9
321035,321035,321045,10,0
321035,321035,321045,10,0
321035,321044,321047,3,9
321035,321044,321046,2,9
321035,321035,321048,13,0
321035,321035,321048,13,0
321035,321035,321047,12,0
321035,321035,321047,12,0
321035,321035,321048,13,0
321035,321035,321049,14,0
321035,321035,321051,16,0
321035,321035,321060,25,0
321035,321035,321061,26,0
321035,321035,321062,27,0
321035,321035,321067,32,0
321071,321071,321072,1,0
321071,321071,321072,1,0
321071,321071,321072,1,0
321071,321071,321073,2,0
321071,321071,321073,2,0
321071,321071,321075,4,0
321071,321073,321074,1,2
321071,321071,321075,4,0
321071,321073,321075,2,2
321071,321073,321076,3,2
321071,321071,321077,6,0
321071,321071,321076,5,0
321071,321073,321076,3,2
321071,321074,321077,3,3
321071,321071,321076,5,0
321071,321071,321076,5,0
321071,321071,321077,6,0
321071,321071,321077,6,0
321071,321075,321078,3,4
321071,321071,321078,7,0
321071,321071,321077,6,0
321071,321076,321078,2,5
321071,321071,321078,7,0
321071,321071,321078,7,0
321071,321075,321077,2,4
321071,321076,321077,1,5
321071,321071,321079,8,0
321071,321071,321079,8,0
321071,321071,321078,7,0
321071,321071,321078,7,0
321071,321071,321079,8,0
321071,321075,321078,3,4
321071,321071,321078,7,0
321071,321077,321078,1,6
321071,321077,321079,2,6
321071,321077,321078,1,6
321071,321077,321079,2,6
321071,321077,321078,1,6
321071,321077,321079,2,6
321071,321078,321079,1,7
321071,321071,321080,9,0
321071,321078,321080,2,7
321071,321078,321080,2,7
321071,321078,321080,2,7
321071,321078,321080,2,7
321071,321078,321080,2,7
321071,321071,321079,8,0
321071,321078,321080,2,7
321071,321078,321080,2,7
321071,321078,321080,2,7
321071,321078,321080,2,7
321071,321071,321080,9,0
321071,321071,321080,9,0
321071,321071,321080,9,0
321071,321071,321081,10,0
321071,321071,321081,10,0
321071,321079,321080,1,8
321071,321079,321080,1,8
321071,321079,321080,1,8
321071,321071,321080,9,0
321071,321079,321080,1,8
321071,321079,321080,1,8
321071,321071,321081,10,0
321071,321079,321082,3,8
321071,321071,321082,11,0
321071,321071,321081,10,0
321071,321071,321082,11,0
321071,321079,321082,3,8
321071,321071,321081,10,0
321071,321071,321083,12,0
321071,321071,321082,11,0
321071,321079,321082,3,8
321071,321071,321082,11,0
321071,321079,321082,3,8
321071,321071,321085,14,0
321071,321071,321085,14,0
321071,321071,321087,16,0
321071,321071,321087,16,0
321071,321071,321094,23,0
321096,321097,321098,1,1
321096,321097,321098,1,1
321096,321097,321098,1,1
321096,321097,321099,2,1
321096,321097,321099,2,1
321096,321097,321100,3,1
321096,321097,321100,3,1
321096,321097,321100,3,1
321096,321097,321101,4,1
321096,321099,321101,2,3
321096,321097,321101,4,1
321096,321097,321101,4,1
321096,321097,321102,5,1
321096,321099,321102,3,3
321096,321099,321103,4,3
321096,321099,321102,3,3
321096,321097,321104,7,1
321096,321100,321103,3,4
321096,321097,321103,6,1
321096,321101,321103,2,5
321096,321097,321103,6,1
321096,321102,321104,2,6
321096,321102,321103,1,6
321096,321097,321103,6,1
321096,321097,321103,6,1
321096,321102,321103,1,6
321096,321097,321103,6,1
321096,321097,321103,6,1
321096,321102,321104,2,6
321096,321097,321104,7,1
321096,321103,321104,1,7
321096,321097,321105,8,1
321096,321103,321104,1,7
321096,321103,321104,1,7
321096,321103,321104,1,7
321096,321097,321105,8,1
321096,321097,321106,9,1
321096,321097,321105,8,1
321096,321097,321105,8,1
321096,321104,321105,1,8
321096,321097,321105,8,1
321096,321104,321105,1,8
321096,321104,321106,2,8
321096,321104,321105,1,8
321096,321104,321105,1,8
321096,321104,321106,2,8
321096,321104,321106,2,8
321096,321104,321106,2,8
321096,321104,321106,2,8
321096,321104,321106,2,8
321096,321104,321106,2,8
321096,321097,321106,9,1
321096,321101,321106,5,5
321096,321105,321107,2,9
321096,321105,321106,1,9
321096,321104,321106,2,8
321096,321105,321106,1,9
321096,321105,321106,1,9
321096,321104,321106,2,8
321096,321105,321106,1,9
321096,321105,321106,1,9
321096,321097,321107,10,1
321096,321097,321108,11,1
321096,321097,321109,12,1
321096,321101,321109,8,5
321096,321097,321110,13,1
321096,321097,321110,13,1
321096,321097,321112,15,1
321096,321097,321111,14,1
321096,321097,321112,15,1
321096,321097,321114,17,1
321096,321097,321114,17,1
321096,321097,321114,17,1
321096,321097,321114,17,1
321096,321097,321115,18,1
321096,321097,321115,18,1
321096,321097,321116,19,1
321096,321097,321117,20,1
321096,321097,321119,22,1
321122,321122,321124,2,0
321122,321122,321124,2,0
321122,321122,321124,2,0
321122,321122,321124,2,0
321122,321122,321124,2,0
321122,321125,321126,1,3
321122,321125,321127,2,3
321122,321125,321127,2,3
321122,321122,321128,6,0
321122,321122,321128,6,0
321122,321122,321128,6,0
321122,321125,321128,3,3
321122,321122,321128,6,0
321122,321122,321129,7,0
321122,321122,321130,8,0
321122,321125,321129,4,3
321122,321122,321130,8,0
321122,321122,321129,7,0
321122,321122,321129,7,0
321122,321122,321129,7,0
321122,321122,321130,8,0
321122,321128,321130,2,6
321122,321123,321130,7,1
321122,321127,321130,3,5
321122,321122,321130,8,0
321122,321123,321130,7,1
321122,321129,321130,1,7
321122,321129,321130,1,7
321122,321122,321131,9,0
321122,321129,321131,2,7
321122,321130,321131,1,8
321122,321130,321131,1,8
321122,321130,321131,1,8
321122,321130,321131,1,8
321122,321130,321131,1,8
321122,321130,321132,2,8
321122,321130,321131,1,8
321122,321130,321131,1,8
321122,321123,321132,9,1
321122,321122,321133,11,0
321122,321131,321132,1,9
321122,321131,321132,1,9
321122,321129,321132,3,7
321122,321129,321132,3,7
321122,321128,321132,4,6
321122,321131,321132,1,9
321122,321131,321132,1,9
321122,321130,321132,2,8
321122,321131,321132,1,9
321122,321131,321133,2,9
321122,321122,321133,11,0
321122,321122,321133,11,0
321122,321122,321133,11,0
321122,321132,321133,1,10
321122,321132,321133,1,10
321122,321132,321133,1,10
321122,321132,321133,1,10
321122,321132,321133,1,10
321122,321132,321133,1,10
321122,321123,321134,11,1
321122,321122,321134,12,0
321122,321123,321134,11,1
321122,321122,321134,12,0
321122,321123,321134,11,1
321122,321123,321135,12,1
321122,321122,321135,13,0
321122,321132,321135,3,10
321122,321122,321136,14,0
321122,321122,321136,14,0
321122,321123,321136,13,1
321122,321122,321137,15,0
321122,321122,321137,15,0
321122,321122,321137,15,0
321122,321122,321137,15,0
321122,321122,321139,17,0
321122,321123,321146,23,1
321122,321122,321152,30,0
321122,321122,321153,31,0
321122,321122,321153,31,0
321156,321156,321158,2,0
321156,321156,321158,2,0
321156,321156,321158,2,0
321156,321156,321158,2,0
321156,321156,321158,2,0
321156,321158,321160,2,2
321156,321158,321161,3,2
321156,321156,321161,5,0
321156,321156,321162,6,0
321156,321156,321162,6,0
321156,321158,321161,3,2
321156,321156,321162,6,0
321156,321156,321163,7,0
321156,321156,321163,7,0
321156,321156,321162,6,0
321156,321156,321163,7,0
321156,321160,321163,3,4
321156,321156,321164,8,0
321156,321158,321164,6,2
321156,321156,321164,8,0
321156,321156,321163,7,0
321156,321156,321163,7,0
321156,321156,321164,8,0
321156,321158,321164,6,2
321156,321156,321164,8,0
321156,321156,321164,8,0
321156,321156,321165,9,0
321156,321163,321165,2,7
321156,321163,321166,3,7
321156,321162,321165,3,6
321156,321164,321165,1,8
321156,321161,321165,4,5
321156,321162,321165,3,6
321156,321162,321165,3,6
321156,321164,321165,1,8
321156,321164,321165,1,8
321156,321162,321165,3,6
321156,321164,321165,1,8
321156,321156,321166,10,0
321156,321165,321166,1,9
321156,321165,321166,1,9
321156,321165,321166,1,9
321156,321165,321166,1,9
321156,321165,321166,1,9
321156,321165,321166,1,9
321156,321165,321166,1,9
321156,321165,321166,1,9
321156,321165,321166,1,9
321156,321156,321167,11,0
321156,321166,321167,1,10
321156,321166,321167,1,10
321156,321166,321167,1,10
321156,321166,321167,1,10
321156,321166,321167,1,10
321156,321166,321167,1,10
321156,321166,321167,1,10
321156,321166,321167,1,10
321156,321156,321167,11,0
321156,321156,321168,12,0
321156,321156,321168,12,0
321156,321156,321169,13,0
321156,321156,321169,13,0
321156,321165,321169,4,9
321156,321156,321169,13,0
321156,321156,321169,13,0
321156,321156,321170,14,0
321156,321156,321170,14,0
321156,321156,321170,14,0
321156,321156,321170,14,0
321156,321156,321172,16,0
321156,321156,321171,15,0
321156,321156,321172,16,0
321156,321156,321174,18,0
321156,321156,321175,19,0
321156,321156,321176,20,0
321156,321156,321179,23,0
321156,321156,321181,25,0
321156,321156,321181,25,0
321156,321156,321188,32,0
321191,321191,321193,2,0
321191,321191,321193,2,0
321191,321191,321193,2,0
321191,321191,321193,2,0
321191,321191,321193,2,0
321191,321193,321195,2,2
321191,321193,321195,2,2
321191,321193,321195,2,2
321191,321191,321195,4,0
321191,321193,321195,2,2
321191,321191,321197,6,0
321191,321195,321197,2,4
321191,321191,321197,6,0
321191,321193,321196,3,2
321191,321195,321197,2,4
321191,321191,321198,7,0
321191,321191,321198,7,0
321191,321196,321197,1,5
321191,321191,321198,7,0
321191,321191,321198,7,0
321191,321196,321198,2,5
321191,321191,321197,6,0
321191,321191,321198,7,0
321191,321196,321198,2,5
321191,321198,321199,1,7
321191,321191,321199,8,0
321191,321191,321199,8,0
321191,321191,321199,8,0
321191,321197,321199,2,6
321191,321191,321199,8,0
321191,321198,321199,1,7
321191,321199,321200,1,8
321191,321191,321199,8,0
321191,321197,321199,2,6
321191,321198,321199,1,7
321191,321191,321199,8,0
321191,321191,321200,9,0
321191,321199,321200,1,8
321191,321199,321200,1,8
321191,321199,321200,1,8
321191,321199,321200,1,8
321191,321199,321200,1,8
321191,321200,321201,1,9
321191,321199,321200,1,8
321191,321199,321201,2,8
321191,321199,321200,1,8
321191,321191,321201,10,0
321191,321191,321201,10,0
321191,321191,321201,10,0
321191,321200,321201,1,9
321191,321200,321201,1,9
321191,321200,321201,1,9
321191,321200,321201,1,9
321191,321200,321201,1,9
321191,321200,321201,1,9
321191,321200,321201,1,9
321191,321200,321201,1,9
321191,321191,321202,11,0
321191,321191,321202,11,0
321191,321191,321202,11,0
321191,321199,321202,3,8
321191,321191,321202,11,0
321191,321191,321203,12,0
321191,321191,321203,12,0
321191,321191,321202,11,0
321191,321191,321202,11,0
321191,321197,321203,6,6
321191,321191,321203,12,0
321191,321191,321202,11,0
321191,321191,321204,13,0
321191,321191,321205,14,0
321191,321191,321206,15,0
321191,321191,321206,15,0
321191,321191,321209,18,0
321191,321191,321214,23,0
321191,321191,321219,28,0
321191,321191,321220,29,0
321191,321191,321221,30,0
321191,321191,321223,32,0
321226,321226,321228,2,0
321226,321226,321228,2,0
321226,321226,321228,2,0
321226,321226,321228,2,0
321226,321226,321228,2,0
321226,321226,321231,5,0
321226,321228,321231,3,2
321226,321228,321231,3,2
321226,321226,321231,5,0
321226,321228,321232,4,2
321226,321228,321231,3,2
321226,321228,321232,4,2
321226,321226,321232,6,0
321226,321226,321233,7,0
321226,321226,321233,7,0
321226,321226,321233,7,0
321226,321226,321233,7,0
321226,321226,321233,7,0
321226,321226,321233,7,0
321226,321226,321234,8,0
321226,321226,321234,8,0
321226,321226,321234,8,0
321226,321226,321234,8,0
321226,321226,321234,8,0
321226,321233,321234,1,7
321226,321226,321235,9,0
321226,321226,321235,9,0
321226,321226,321234,8,0
321226,321226,321235,9,0
321226,321226,321235,9,0
321226,321226,321235,9,0
321226,321226,321235,9,0
321226,321226,321235,9,0
321226,321231,321235,4,5
321226,321233,321234,1,7
321226,321233,321234,1,7
321226,321226,321234,8,0
321226,321231,321235,4,5
321226,321232,321235,3,6
321226,321232,321235,3,6
321226,321226,321236,10,0
321226,321226,321236,10,0
321226,321226,321236,10,0
321226,321226,321236,10,0
321226,321231,321235,4,5
321226,321234,321235,1,8
321226,321232,321236,4,6
321226,321234,321235,1,8
321226,321234,321235,1,8
321226,321234,321236,2,8
321226,321234,321236,2,8
321226,321234,321236,2,8
321226,321234,321237,3,8
321226,321226,321237,11,0
321226,321233,321237,4,7
321226,321234,321237,3,8
321226,321226,321237,11,0
321226,321233,321237,4,7
321226,321235,321237,2,9
321226,321235,321236,1,9
321226,321235,321236,1,9
321226,321226,321237,11,0
321226,321235,321237,2,9
321226,321235,321237,2,9
321226,321235,321238,3,9
321226,321235,321238,3,9
321226,321235,321238,3,9
321226,321235,321237,2,9
321226,321235,321238,3,9
321226,321226,321239,13,0
321226,321226,321240,14,0
321226,321226,321240,14,0
321226,321226,321239,13,0
321226,321232,321240,8,6
321226,321226,321240,14,0
321226,321226,321241,15,0
321226,321226,321240,14,0
321226,321226,321241,15,0
321226,321226,321241,15,0
321244,321244,321246,2,0
321244,321244,321246,2,0
321244,321244,321246,2,0
321244,321244,321246,2,0
321244,321244,321246,2,0
321244,321244,321247,3,0
321244,321246,321249,3,2
321244,321244,321248,4,0
321244,321244,321250,6,0
321244,321244,321249,5,0
321244,321244,321250,6,0
321244,321246,321249,3,2
321244,321244,321250,6,0
321244,321246,321249,3,2
321244,321244,321251,7,0
321244,321244,321250,6,0
321244,321247,321251,4,3
321244,321248,321250,2,4
321244,321244,321251,7,0
321244,321244,321251,7,0
321244,321246,321250,4,2
321244,321244,321251,7,0
321244,321244,321252,8,0
321244,321251,321252,1,7
321244,321244,321252,8,0
321244,321244,321253,9,0
321244,321244,321253,9,0
321244,321244,321253,9,0
321244,321244,321253,9,0
321244,321244,321252,8,0
321244,321251,321253,2,7
321244,321251,321252,1,7
321244,321250,321253,3,6
321244,321250,321253,3,6
321244,321244,321253,9,0
321244,321249,321252,3,5
321244,321251,321252,1,7
321244,321251,321252,1,7
321244,321244,321252,8,0
321244,321249,321252,3,5
321244,321252,321253,1,8
321244,321244,321253,9,0
321244,321244,321254,10,0
321244,321244,321254,10,0
321244,321244,321253,9,0
321244,321244,321253,9,0
321244,321244,321254,10,0
321244,321244,321254,10,0
321244,321250,321254,4,6
321244,321252,321253,1,8
321244,321250,321254,4,6
321244,321250,321254,4,6
321244,321252,321253,1,8
321244,321244,321255,11,0
321244,321244,321255,11,0
321244,321253,321255,2,9
321244,321251,321255,4,7
321244,321253,321255,2,9
321244,321253,321254,1,9
321244,321253,321255,2,9
321244,321250,321255,5,6
321244,321253,321255,2,9
321244,321253,321255,2,9
321244,321244,321255,11,0
321244,321253,321255,2,9
321244,321244,321256,12,0
321244,321251,321256,5,7
321244,321253,321255,2,9
321244,321253,321255,2,9
321244,321244,321255,11,0
321244,321253,321256,3,9
321244,321253,321256,3,9
321244,321244,321257,13,0
321244,321244,321257,13,0
321244,321244,321258,14,0
321244,321244,321259,15,0
321244,321244,321260,16,0
321244,321244,321261,17,0
321244,321244,321261,17,0
321265,321265,321267,2,0
321265,321265,321267,2,0
321265,321265,321266,1,0
321265,321265,321267,2,0
321265,321265,321267,2,0
321265,321265,321268,3,0
321265,321267,321268,1,2
321265,321267,321269,2,2
321265,321265,321269,4,0
321265,321267,321268,1,2
321265,321267,321269,2,2
321265,321265,321269,4,0
321265,321265,321269,4,0
321265,321265,321270,5,0
321265,321267,321269,2,2
321265,321265,321270,5,0
321265,321269,321271,2,4
321265,321269,321271,2,4
321265,321269,321271,2,4
321265,321270,321272,2,5
321265,321269,321271,2,4
321265,321265,321272,7,0
321265,321269,321273,4,4
321265,321265,321273,8,0
321265,321265,321273,8,0
321265,321269,321272,3,4
321265,321265,321272,7,0
321265,321265,321273,8,0
321265,321271,321273,2,6
321265,321265,321273,8,0
321265,321265,321273,8,0
321265,321270,321273,3,5
321265,321270,321273,3,5
321265,321269,321274,5,4
321265,321265,321273,8,0
321265,321272,321274,2,7
321265,321265,321274,9,0
321265,321271,321273,2,6
321265,321272,321273,1,7
321265,321272,321274,2,7
321265,321265,321274,9,0
321265,321265,321273,8,0
321265,321265,321274,9,0
321265,321265,321275,10,0
321265,321265,321275,10,0
321265,321265,321274,9,0
321265,321273,321274,1,8
321265,321265,321275,10,0
321265,321265,321274,9,0
321265,321272,321274,2,7
321265,321265,321275,10,0
321265,321265,321275,10,0
321265,321265,321275,10,0
321265,321273,321275,2,8
321265,321265,321274,9,0
321265,321273,321274,1,8
321265,321273,321275,2,8
321265,321273,321275,2,8
321265,321265,321276,11,0
321265,321274,321275,1,9
321265,321274,321276,2,9
321265,321265,321276,11,0
321265,321274,321276,2,9
321265,321274,321277,3,9
321265,321274,321277,3,9
321265,321273,321276,3,8
321265,321273,321276,3,8
321265,321273,321276,3,8
321265,321274,321276,2,9
321265,321265,321277,12,0
321265,321265,321278,13,0
321265,321265,321279,14,0
321265,321265,321279,14,0
321265,321265,321279,14,0
321265,321265,321280,15,0
321265,321265,321280,15,0
321265,321265,321281,16,0
321265,321265,321285,20,0
321265,321265,321288,23,0
321291,321291,321292,1,0
321291,321291,321292,1,0
321291,321291,321292,1,0
321291,321291,321292,1,0
321291,321291,321292,1,0
321291,321293,321294,1,2
321291,321293,321295,2,2
321291,321293,321295,2,2
321291,321293,321295,2,2
321291,321293,321295,2,2
321291,321291,321296,5,0
321291,321296,321297,1,5
321291,321295,321297,2,4
321291,321295,321296,1,4
321291,321291,321297,6,0
321291,321291,321297,6,0
321291,321291,321298,7,0
321291,321296,321297,1,5
321291,321291,321298,7,0
321291,321296,321297,1,5
321291,321291,321298,7,0
321291,321291,321298,7,0
321291,321291,321299,8,0
321291,321291,321299,8,0
321291,321291,321299,8,0
321291,321291,321298,7,0
321291,321297,321298,1,6
321291,321291,321299,8,0
321291,321297,321299,2,6
321291,321297,321299,2,6
321291,321291,321299,8,0
321291,321291,321300,9,0
321291,321291,321299,8,0
321291,321297,321299,2,6
321291,321291,321299,8,0
321291,321298,321299,1,7
321291,321291,321299,8,0
321291,321291,321300,9,0
321291,321291,321299,8,0
321291,321298,321299,1,7
321291,321298,321299,1,7
321291,321291,321301,10,0
321291,321298,321300,2,7
321291,321299,321300,1,8
321291,321299,321300,1,8
321291,321291,321301,10,0
321291,321291,321300,9,0
321291,321291,321300,9,0
321291,321299,321300,1,8
321291,321299,321300,1,8
321291,321299,321300,1,8
321291,321291,321301,10,0
321291,321299,321300,1,8
321291,321291,321301,10,0
321291,321291,321302,11,0
321291,321291,321301,10,0
321291,321298,321301,3,7
321291,321291,321301,10,0
321291,321299,321301,2,8
321291,321299,321301,2,8
321291,321299,321301,2,8
321291,321298,321302,4,7
321291,321299,321302,3,8
321291,321291,321301,10,0
321291,321291,321301,10,0
321291,321300,321301,1,9
321291,321291,321302,11,0
321291,321300,321302,2,9
321291,321291,321303,12,0
321291,321300,321302,2,9
321291,321300,321302,2,9
321291,321291,321302,11,0
321291,321300,321302,2,9
321291,321291,321304,13,0
321291,321291,321304,13,0
321291,321291,321307,16,0
321291,321291,321309,18,0
321291,321291,321311,20,0
321291,321291,321312,21,0
321314,321314,321316,2,0
321314,321314,321316,2,0
321314,321314,321316,2,0
321314,321314,321316,2,0
321314,321314,321316,2,0
321314,321314,321318,4,0
321314,321314,321319,5,0
321314,321317,321319,2,3
321314,321317,321319,2,3
321314,321314,321320,6,0
321314,321317,321319,2,3
321314,321314,321319,5,0
321314,321317,321319,2,3
321314,321314,321320,6,0
321314,321314,321320,6,0
321314,321314,321320,6,0
321314,321314,321320,6,0
321314,321314,321320,6,0
321314,321317,321320,3,3
321314,321314,321321,7,0
321314,321314,321321,7,0
321314,321314,321321,7,0
321314,321320,321321,1,6
321314,321314,321321,7,0
321314,321320,321322,2,6
321314,321314,321321,7,0
321314,321320,321321,1,6
321314,321314,321321,7,0
321314,321319,321321,2,5
321314,321320,321321,1,6
321314,321314,321322,8,0
321314,321315,321322,7,1
321314,321314,321322,8,0
321314,321314,321322,8,0
321314,321320,321322,2,6
321314,321314,321322,8,0
321314,321314,321322,8,0
321314,321314,321322,8,0
321314,321320,321322,2,6
321314,321314,321323,9,0
321314,321321,321323,2,7
321314,321321,321323,2,7
321314,321314,321323,9,0
321314,321314,321323,9,0
321314,321320,321323,3,6
321314,321322,321323,1,8
321314,321323,321324,1,9
321314,321322,321323,1,8
321314,321314,321323,9,0
321314,321322,321323,1,8
321314,321322,321323,1,8
321314,321322,321323,1,8
321314,321322,321323,1,8
321314,321322,321323,1,8
321314,321322,321323,1,8
321314,321314,321324,10,0
321314,321314,321324,10,0
321314,321314,321324,10,0
321314,321321,321324,3,7
321314,321314,321324,10,0
321314,321323,321324,1,9
321314,321323,321324,1,9
321314,321315,321325,10,1
321314,321322,321326,4,8
321314,321323,321325,2,9
321314,321314,321325,11,0
321314,321321,321325,4,7
321314,321323,321325,2,9
321314,321321,321325,4,7
321314,321321,321325,4,7
321314,321322,321325,3,8
321314,321314,321325,11,0
321314,321314,321326,12,0
321314,321314,321326,12,0
321314,321314,321326,12,0
321314,321321,321326,5,7
321314,321314,321332,18,0
321314,321314,321332,18,0
321314,321314,321336,22,0
321339,321339,321341,2,0
321339,321339,321341,2,0
321339,321339,321341,2,0
321339,321339,321341,2,0
321339,321339,321341,2,0
321339,321341,321344,3,2
321339,321341,321344,3,2
321339,321339,321345,6,0
321339,321341,321345,4,2
321339,321341,321345,4,2
321339,321341,321345,4,2
321339,321339,321346,7,0
321339,321339,321346,7,0
321339,321339,321346,7,0
321339,321339,321346,7,0
321339,321339,321345,6,0
321339,321339,321347,8,0
321339,321339,321347,8,0
321339,321339,321347,8,0
321339,321339,321347,8,0
321339,321339,321347,8,0
321339,321345,321347,2,6
321339,321339,321347,8,0
321339,321344,321347,3,5
321339,321339,321347,8,0
321339,321339,321347,8,0
321339,321339,321347,8,0
321339,321345,321347,2,6
321339,321346,321348,2,7
321339,321345,321347,2,6
321339,321339,321347,8,0
321339,321339,321347,8,0
321339,321339,321348,9,0
321339,321339,321348,9,0
321339,321339,321348,9,0
321339,321339,321349,10,0
321339,321347,321349,2,8
321339,321339,321349,10,0
321339,321339,321348,9,0
321339,321347,321348,1,8
321339,321345,321348,3,6
321339,321347,321348,1,8
321339,321346,321349,3,7
321339,321348,321349,1,9
321339,321348,321349,1,9
321339,321348,321349,1,9
321339,321348,321349,1,9
321339,321348,321349,1,9
321339,321348,321349,1,9
321339,321348,321349,1,9
321339,321348,321349,1,9
321339,321349,321350,1,10
321339,321348,321349,1,9
321339,321348,321350,2,9
321339,321348,321350,2,9
321339,321339,321350,11,0
321339,321339,321350,11,0
321339,321339,321350,11,0
321339,321339,321350,11,0
321339,321348,321350,2,9
321339,321339,321350,11,0
321339,321339,321351,12,0
321339,321347,321351,4,8
321339,321348,321351,3,9
321339,321347,321351,4,8
321339,321347,321351,4,8
321339,321339,321351,12,0
321339,321347,321351,4,8
321339,321348,321351,3,9
321339,321345,321352,7,6
321339,321339,321352,13,0
321339,321339,321352,13,0
321339,321339,321353,14,0
321339,321339,321353,14,0
321339,321339,321354,15,0
321339,321339,321355,16,0
321339,321339,321355,16,0
321339,321339,321356,17,0
321339,321339,321357,18,0
321360,321360,321362,2,0
321360,321360,321362,2,0
321360,321360,321362,2,0
321360,321360,321362,2,0
321360,321360,321362,2,0
321360,321360,321363,3,0
321360,321360,321364,4,0
321360,321362,321365,3,2
321360,321362,321365,3,2
321360,321360,321366,6,0
321360,321360,321366,6,0
321360,321362,321365,3,2
321360,321362,321365,3,2
321360,321362,321365,3,2
321360,321363,321366,3,3
321360,321360,321367,7,0
321360,321360,321367,7,0
321360,321365,321368,3,5
321360,321366,321368,2,6
321360,321360,321368,8,0
321360,321360,321368,8,0
321360,321360,321368,8,0
321360,321366,321368,2,6
321360,321360,321368,8,0
321360,321366,321367,1,6
321360,321360,321368,8,0
321360,321360,321368,8,0
321360,321365,321368,3,5
321360,321367,321368,1,7
321360,321367,321368,1,7
321360,321360,321369,9,0
321360,321360,321369,9,0
321360,321360,321369,9,0
321360,321360,321370,10,0
321360,321360,321369,9,0
321360,321366,321370,4,6
321360,321368,321370,2,8
321360,321368,321370,2,8
321360,321369,321370,1,9
321360,321369,321370,1,9
321360,321369,321370,1,9
321360,321369,321370,1,9
321360,321369,321370,1,9
321360,321369,321370,1,9
321360,321369,321370,1,9
321360,321369,321370,1,9
321360,321369,321370,1,9
321360,321369,321370,1,9
321360,321369,321370,1,9
321360,321369,321370,1,9
321360,321360,321371,11,0
321360,321364,321370,6,4
321360,321360,321371,11,0
321360,321360,321371,11,0
321360,321360,321371,11,0
321360,321370,321371,1,10
321360,321370,321371,1,10
321360,321370,321371,1,10
321360,321360,321372,12,0
321360,321366,321372,6,6
321360,321360,321372,12,0
321360,321369,321372,3,9
321360,321360,321373,13,0
321360,321360,321373,13,0
321360,321360,321373,13,0
321360,321370,321373,3,10
321360,321360,321374,14,0
321360,321360,321373,13,0
321360,321360,321374,14,0
321360,321360,321375,15,0
321360,321360,321374,14,0
321360,321360,321375,15,0
321360,321360,321375,15,0
321360,321360,321376,16,0
321360,321360,321376,16,0
321360,321360,321377,17,0
321360,321360,321379,19,0
321360,321360,321381,21,0
321360,321360,321382,22,0
321385,321385,321387,2,0
321385,321385,321387,2,0
321385,321385,321387,2,0
321385,321385,321387,2,0
321385,321385,321387,2,0
321385,321387,321389,2,2
321385,321387,321389,2,2
321385,321387,321389,2,2
321385,321385,321389,4,0
321385,321385,321390,5,0
321385,321387,321389,2,2
321385,321387,321389,2,2
321385,321385,321391,6,0
321385,321385,321390,5,0
321385,321389,321391,2,4
321385,321385,321391,6,0
321385,321385,321392,7,0
321385,321385,321392,7,0
321385,321389,321392,3,4
321385,321390,321392,2,5
321385,321385,321391,6,0
321385,321389,321392,3,4
321385,321390,321392,2,5
321385,321385,321393,8,0
321385,321391,321392,1,6
321385,321385,321393,8,0
321385,321385,321392,7,0
321385,321385,321393,8,0
321385,321385,321393,8,0
321385,321385,321393,8,0
321385,321391,321393,2,6
321385,321385,321393,8,0
321385,321385,321394,9,0
321385,321390,321394,4,5
321385,321391,321394,3,6
321385,321385,321394,9,0
321385,321385,321393,8,0
321385,321392,321393,1,7
321385,321392,321394,2,7
321385,321392,321393,1,7
321385,321392,321393,1,7
321385,321392,321394,2,7
321385,321391,321395,4,6
321385,321392,321395,3,7
321385,321392,321395,3,7
321385,321393,321395,2,8
321385,321393,321395,2,8
321385,321385,321395,10,0
321385,321385,321395,10,0
321385,321393,321395,2,8
321385,321393,321395,2,8
321385,321393,321395,2,8
321385,321393,321395,2,8
321385,321394,321395,1,9
321385,321394,321395,1,9
321385,321385,321395,10,0
321385,321385,321396,11,0
321385,321390,321396,6,5
321385,321394,321397,3,9
321385,321394,321397,3,9
321385,321385,321397,12,0
321385,321385,321397,12,0
321385,321394,321397,3,9
321385,321394,321397,3,9
321385,321385,321397,12,0
321385,321385,321398,13,0
321385,321385,321398,13,0
321385,321385,321398,13,0
321385,321385,321398,13,0
321385,321385,321399,14,0
321385,321385,321400,15,0
321385,321385,321400,15,0
321385,321385,321401,16,0
321385,321385,321401,16,0
321385,321385,321402,17,0
321385,321385,321402,17,0
321385,321385,321402,17,0
321385,321385,321402,17,0
321385,321385,321405,20,0
321409,321409,321411,2,0
321409,321409,321411,2,0
321409,321409,321411,2,0
321409,321409,321411,2,0
321409,321409,321411,2,0
321409,321411,321413,2,2
321409,321411,321413,2,2
321409,321411,321413,2,2
321409,321409,321414,5,0
321409,321411,321414,3,2
321409,321411,321413,2,2
321409,321409,321415,6,0
321409,321409,321414,5,0
321409,321413,321415,2,4
321409,321409,321415,6,0
321409,321409,321416,7,0
321409,321409,321415,6,0
321409,321409,321416,7,0
321409,321413,321416,3,4
321409,321409,321416,7,0
321409,321413,321415,2,4
321409,321409,321416,7,0
321409,321409,321416,7,0
321409,321409,321416,7,0
321409,321414,321416,2,5
321409,321409,321416,7,0
321409,321409,321417,8,0
321409,321414,321417,3,5
321409,321409,321417,8,0
321409,321415,321416,1,6
321409,321415,321417,2,6
321409,321409,321418,9,0
321409,321415,321418,3,6
321409,321409,321418,9,0
321409,321416,321418,2,7
321409,321416,321418,2,7
321409,321409,321418,9,0
321409,321416,321418,2,7
321409,321409,321418,9,0
321409,321409,321418,9,0
321409,321416,321418,2,7
321409,321416,321417,1,7
321409,321416,321418,2,7
321409,321416,321418,2,7
321409,321416,321418,2,7
321409,321416,321419,3,7
321409,321415,321419,4,6
321409,321417,321419,2,8
321409,321417,321418,1,8
321409,321417,321418,1,8
321409,321417,321419,2,8
321409,321409,321420,11,0
321409,321409,321420,11,0
321409,321417,321420,3,8
321409,321417,321420,3,8
321409,321416,321420,4,7
321409,321418,321420,2,9
321409,321409,321420,11,0
321409,321418,321419,1,9
321409,321418,321420,2,9
321409,321409,321420,11,0
321409,321409,321420,11,0
321409,321409,321421,12,0
321409,321418,321420,2,9
321409,321409,321421,12,0
321409,321409,321422,13,0
321409,321409,321422,13,0
321409,321409,321422,13,0
321409,321409,321422,13,0
321409,321409,321422,13,0
321409,321409,321423,14,0
321409,321409,321422,13,0
321409,321409,321423,14,0
321409,321409,321424,15,0
321409,321409,321423,14,0
321409,321414,321424,10,5
321409,321409,321424,15,0
321409,321409,321427,18,0
321409,321409,321428,19,0
321431,321431,321433,2,0
321431,321431,321433,2,0
321431,321431,321433,2,0
321431,321431,321433,2,0
321431,321431,321433,2,0
321431,321431,321435,4,0
321431,321433,321435,2,2
321431,321433,321434,1,2
321431,321433,321435,2,2
321431,321433,321436,3,2
321431,321431,321436,5,0
321431,321431,321436,5,0
321431,321431,321436,5,0
321431,321431,321436,5,0
321431,321431,321437,6,0
321431,321435,321437,2,4
321431,321435,321437,2,4
321431,321434,321436,2,3
321431,321431,321437,6,0
321431,321431,321437,6,0
321431,321436,321438,2,5
321431,321431,321437,6,0
321431,321431,321437,6,0
321431,321436,321438,2,5
321431,321431,321438,7,0
321431,321431,321437,6,0
321431,321431,321437,6,0
321431,321431,321438,7,0
321431,321431,321438,7,0
321431,321435,321439,4,4
321431,321431,321438,7,0
321431,321437,321438,1,6
321431,321437,321438,1,6
321431,321437,321438,1,6
321431,321431,321439,8,0
321431,321431,321439,8,0
321431,321431,321440,9,0
321431,321438,321439,1,7
321431,321438,321439,1,7
321431,321431,321439,8,0
321431,321438,321440,2,7
321431,321438,321439,1,7
321431,321431,321439,8,0
321431,321431,321440,9,0
321431,321438,321439,1,7
321431,321438,321439,1,7
321431,321438,321440,2,7
321431,321438,321440,2,7
321431,321438,321440,2,7
321431,321431,321440,9,0
321431,321437,321441,4,6
321431,321438,321441,3,7
321431,321437,321441,4,6
321431,321438,321441,3,7
321431,321439,321440,1,8
321431,321439,321440,1,8
321431,321439,321440,1,8
321431,321431,321441,10,0
321431,321439,321440,1,8
321431,321431,321442,11,0
321431,321437,321442,5,6
321431,321437,321441,4,6
321431,321431,321443,12,0
321431,321440,321443,3,9
321431,321431,321443,12,0
321431,321439,321443,4,8
321431,321431,321442,11,0
321431,321431,321443,12,0
321431,321431,321445,14,0
321431,321437,321444,7,6
321431,321431,321445,14,0
321431,321431,321447,16,0
321431,321431,321447,16,0
321431,321431,321447,16,0
321431,321431,321449,18,0
321431,321431,321450,19,0
321431,321431,321449,18,0
321431,321431,321451,20,0
321431,321431,321452,21,0
321456,321456,321458,2,0
321456,321456,321457,1,0
321456,321456,321457,1,0
321456,321456,321457,1,0
321456,321456,321458,2,0
321456,321458,321459,1,2
321456,321458,321459,1,2
321456,321458,321459,1,2
321456,321458,321459,1,2
321456,321456,321460,4,0
321456,321456,321460,4,0
321456,321459,321460,1,3
321456,321456,321460,4,0
321456,321456,321461,5,0
321456,321456,321461,5,0
321456,321456,321461,5,0
321456,321460,321461,1,4
321456,321460,321462,2,4
321456,321460,321462,2,4
321456,321460,321462,2,4
321456,321456,321462,6,0
321456,321456,321463,7,0
321456,321456,321463,7,0
321456,321456,321463,7,0
321456,321456,321463,7,0
321456,321461,321463,2,5
321456,321456,321463,7,0
321456,321461,321463,2,5
321456,321456,321463,7,0
321456,321462,321463,1,6
321456,321456,321464,8,0
321456,321462,321463,1,6
321456,321462,321463,1,6
321456,321463,321464,1,7
321456,321462,321463,1,6
321456,321456,321465,9,0
321456,321462,321465,3,6
321456,321456,321465,9,0
321456,321463,321464,1,7
321456,321456,321464,8,0
321456,321456,321465,9,0
321456,321463,321464,1,7
321456,321463,321464,1,7
321456,321461,321465,4,5
321456,321461,321466,5,5
321456,321463,321465,2,7
321456,321463,321465,2,7
321456,321464,321465,1,8
321456,321464,321465,1,8
321456,321456,321465,9,0
321456,321464,321465,1,8
321456,321464,321465,1,8
321456,321464,321465,1,8
321456,321464,321465,1,8
321456,321464,321465,1,8
321456,321464,321465,1,8
321456,321464,321465,1,8
321456,321462,321466,4,6
321456,321462,321466,4,6
321456,321456,321466,10,0
321456,321456,321467,11,0
321456,321456,321467,11,0
321456,321456,321469,13,0
321456,321456,321469,13,0
321456,321456,321468,12,0
321456,321456,321470,14,0
321456,321456,321469,13,0
321456,321456,321470,14,0
321456,321456,321471,15,0
321456,321456,321470,14,0
321456,321456,321471,15,0
321456,321456,321472,16,0
321456,321456,321471,15,0
321456,321456,321471,15,0
321456,321456,321471,15,0
321456,321456,321473,17,0
321456,321456,321474,18,0
321456,321456,321475,19,0
321456,321456,321475,19,0
321478,321478,321480,2,0
321478,321478,321480,2,0
321478,321478,321480,2,0
321478,321478,321480,2,0
321478,321478,321480,2,0
321478,321478,321482,4,0
321478,321478,321483,5,0
321478,321478,321483,5,0
321478,321478,321483,5,0
321478,321478,321483,5,0
321478,321481,321483,2,3
321478,321481,321483,2,3
321478,321481,321483,2,3
321478,321480,321483,3,2
321478,321478,321484,6,0
321478,321482,321484,2,4
321478,321478,321484,6,0
321478,321478,321484,6,0
321478,321478,321484,6,0
321478,321483,321484,1,5
321478,321478,321485,7,0
321478,321478,321485,7,0
321478,321484,321485,1,6
321478,321478,321485,7,0
321478,321484,321485,1,6
321478,321484,321485,1,6
321478,321478,321486,8,0
321478,321484,321486,2,6
321478,321484,321486,2,6
321478,321485,321486,1,7
321478,321478,321486,8,0
321478,321484,321486,2,6
321478,321484,321486,2,6
321478,321484,321486,2,6
321478,321485,321486,1,7
321478,321478,321486,8,0
321478,321485,321486,1,7
321478,321485,321486,1,7
321478,321478,321486,8,0
321478,321485,321487,2,7
321478,321478,321486,8,0
321478,321485,321487,2,7
321478,321486,321487,1,8
321478,321486,321487,1,8
321478,321486,321487,1,8
321478,321486,321487,1,8
321478,321478,321487,9,0
321478,321486,321487,1,8
321478,321486,321487,1,8
321478,321478,321489,11,0
321478,321487,321488,1,9
321478,321487,321488,1,9
321478,321487,321488,1,9
321478,321478,321489,11,0
321478,321487,321489,2,9
321478,321478,321489,11,0
321478,321487,321489,2,9
321478,321478,321489,11,0
321478,321478,321489,11,0
321478,321487,321489,2,9
321478,321487,321490,3,9
321478,321487,321489,2,9
321478,321478,321489,11,0
321478,321478,321489,11,0
321478,321478,321489,11,0
321478,321478,321490,12,0
321478,321478,321490,12,0
321478,321478,321490,12,0
321478,321478,321490,12,0
321478,321478,321491,13,0
321478,321478,321492,14,0
321478,321487,321493,6,9
321478,321478,321493,15,0
321478,321478,321495,17,0
321478,321478,321497,19,0
321478,321478,321497,19,0
321478,321478,321499,21,0
321478,321478,321500,22,0
321478,321478,321501,23,0
321504,321504,321506,2,0
321504,321504,321506,2,0
321504,321504,321506,2,0
321504,321504,321506,2,0
321504,321504,321506,2,0
321504,321504,321508,4,0
321504,321504,321508,4,0
321504,321506,321508,2,2
321504,321506,321508,2,2
321504,321506,321508,2,2
321504,321507,321509,2,3
321504,321506,321508,2,2
321504,321504,321510,6,0
321504,321504,321510,6,0
321504,321508,321510,2,4
321504,321508,321510,2,4
321504,321508,321510,2,4
321504,321508,321510,2,4
321504,321504,321510,6,0
321504,321509,321511,2,5
321504,321504,321511,7,0
321504,321509,321511,2,5
321504,321504,321511,7,0
321504,321504,321511,7,0
321504,321504,321512,8,0
321504,321504,321511,7,0
321504,321504,321512,8,0
321504,321504,321512,8,0
321504,321504,321512,8,0
321504,321504,321512,8,0
321504,321510,321512,2,6
321504,321510,321512,2,6
321504,321511,321512,1,7
321504,321511,321512,1,7
321504,321511,321512,1,7
321504,321511,321512,1,7
321504,321504,321513,9,0
321504,321504,321513,9,0
321504,321508,321513,5,4
321504,321510,321513,3,6
321504,321511,321512,1,7
321504,321512,321513,1,8
321504,321504,321513,9,0
321504,321512,321513,1,8
321504,321512,321513,1,8
321504,321512,321513,1,8
321504,321512,321513,1,8
321504,321512,321513,1,8
321504,321512,321513,1,8
321504,321504,321514,10,0
321504,321504,321514,10,0
321504,321504,321513,9,0
321504,321512,321514,2,8
321504,321504,321513,9,0
321504,321504,321514,10,0
321504,321513,321514,1,9
321504,321504,321514,10,0
321504,321513,321514,1,9
321504,321513,321514,1,9
321504,321513,321514,1,9
321504,321513,321514,1,9
321504,321513,321514,1,9
321504,321504,321514,10,0
321504,321504,321515,11,0
321504,321512,321515,3,8
321504,321504,321516,12,0
321504,321504,321516,12,0
321504,321504,321516,12,0
321504,321504,321516,12,0
321504,321504,321517,13,0
321504,321504,321516,12,0
321504,321504,321517,13,0
321504,321504,321517,13,0
321504,321504,321517,13,0
321504,321504,321517,13,0
321504,321504,321517,13,0
321504,321504,321517,13,0
321504,321504,321518,14,0
321504,321504,321520,16,0
321523,321523,321525,2,0
321523,321523,321525,2,0
321523,321523,321525,2,0
321523,321523,321525,2,0
321523,321523,321525,2,0
321523,321525,321526,1,2
321523,321523,321526,3,0
321523,321525,321527,2,2
321523,321525,321527,2,2
321523,321523,321528,5,0
321523,321525,321527,2,2
321523,321527,321528,1,4
321523,321527,321528,1,4
321523,321527,321529,2,4
321523,321523,321529,6,0
321523,321528,321530,2,5
321523,321525,321529,4,2
321523,321523,321530,7,0
321523,321523,321530,7,0
321523,321523,321530,7,0
321523,321523,321530,7,0
321523,321528,321531,3,5
321523,321523,321531,8,0
321523,321523,321531,8,0
321523,321523,321530,7,0
321523,321523,321531,8,0
321523,321523,321531,8,0
321523,321529,321530,1,6
321523,321523,321531,8,0
321523,321527,321530,3,4
321523,321523,321531,8,0
321523,321529,321530,1,6
321523,321529,321531,2,6
321523,321530,321532,2,7
321523,321530,321531,1,7
321523,321530,321531,1,7
321523,321530,321532,2,7
321523,321530,321531,1,7
321523,321523,321533,10,0
321523,321530,321533,3,7
321523,321523,321533,10,0
321523,321531,321532,1,8
321523,321531,321533,2,8
321523,321523,321533,10,0
321523,321531,321533,2,8
321523,321531,321533,2,8
321523,321531,321533,2,8
321523,321531,321533,2,8
321523,321531,321533,2,8
321523,321531,321533,2,8
321523,321531,321533,2,8
321523,321532,321533,1,9
321523,321532,321533,1,9
321523,321523,321533,10,0
321523,321531,321533,2,8
321523,321523,321534,11,0
321523,321523,321533,10,0
321523,321531,321534,3,8
321523,321532,321533,1,9
321523,321532,321533,1,9
321523,321523,321535,12,0
321523,321523,321535,12,0
321523,321523,321535,12,0
321523,321523,321535,12,0
321523,321523,321536,13,0
321523,321523,321536,13,0
321523,321523,321535,12,0
321523,321523,321536,13,0
321523,321523,321537,14,0
321523,321523,321536,13,0
321523,321523,321538,15,0
321523,321523,321537,14,0
321523,321523,321539,16,0
321523,321523,321541,18,0
321523,321523,321541,18,0
321523,321523,321542,19,0
321523,321523,321543,20,0
321523,321523,321543,20,0
321523,321523,321543,20,0
321546,321546,321548,2,0
321546,321546,321548,2,0
321546,321546,321548,2,0
321546,321546,321548,2,0
321546,321546,321548,2,0
321546,321546,321548,2,0
321546,321548,321550,2,2
321546,321548,321550,2,2
321546,321548,321550,2,2
321546,321546,321550,4,0
321546,321546,321551,5,0
321546,321548,321550,2,2
321546,321548,321550,2,2
321546,321546,321551,5,0
321546,321548,321551,3,2
321546,321546,321552,6,0
321546,321550,321552,2,4
321546,321546,321552,6,0
321546,321550,321552,2,4
321546,321546,321553,7,0
321546,321550,321552,2,4
321546,321551,321552,1,5
321546,321546,321552,6,0
321546,321551,321552,1,5
321546,321551,321552,1,5
321546,321551,321553,2,5
321546,321546,321553,7,0
321546,321551,321554,3,5
321546,321546,321554,8,0
321546,321551,321553,2,5
321546,321546,321554,8,0
321546,321546,321553,7,0
321546,321552,321553,1,6
321546,321546,321554,8,0
321546,321552,321553,1,6
321546,321552,321554,2,6
321546,321546,321554,8,0
321546,321546,321555,9,0
321546,321546,321555,9,0
321546,321553,321555,2,7
321546,321552,321555,3,6
321546,321553,321554,1,7
321546,321553,321555,2,7
321546,321553,321555,2,7
321546,321546,321554,8,0
321546,321553,321554,1,7
321546,321546,321555,9,0
321546,321553,321554,1,7
321546,321546,321555,9,0
321546,321546,321556,10,0
321546,321546,321556,10,0
321546,321553,321556,3,7
321546,321546,321556,10,0
321546,321546,321556,10,0
321546,321546,321556,10,0
321546,321554,321555,1,8
321546,321546,321556,10,0
321546,321546,321556,10,0
321546,321546,321556,10,0
321546,321546,321556,10,0
321546,321546,321555,9,0
321546,321554,321556,2,8
321546,321554,321556,2,8
321546,321554,321555,1,8
321546,321554,321556,2,8
321546,321546,321556,10,0
321546,321546,321556,10,0
321546,321554,321556,2,8
321546,321554,321557,3,8
321546,321554,321556,2,8
321546,321554,321557,3,8
321546,321546,321557,11,0
321546,321546,321558,12,0
321546,321546,321558,12,0
321546,321546,321559,13,0
321546,321546,321562,16,0
321546,321546,321562,16,0
321546,321546,321567,21,0
321546,321546,321568,22,0
321572,321572,321574,2,0
321572,321572,321574,2,0
321572,321572,321574,2,0
321572,321572,321574,2,0
321572,321572,321574,2,0
321572,321572,321575,3,0
321572,321574,321576,2,2
321572,321574,321575,1,2
321572,321574,321576,2,2
321572,321574,321577,3,2
321572,321575,321576,1,3
321572,321574,321577,3,2
321572,321572,321578,6,0
321572,321572,321578,6,0
321572,321572,321578,6,0
321572,321577,321579,2,5
321572,321576,321578,2,4
321572,321576,321578,2,4
321572,321577,321579,2,5
321572,321572,321580,8,0
321572,321572,321580,8,0
321572,321572,321579,7,0
321572,321572,321579,7,0
321572,321572,321580,8,0
321572,321572,321580,8,0
321572,321578,321579,1,6
321572,321572,321580,8,0
321572,321572,321580,8,0
321572,321572,321580,8,0
321572,321572,321579,7,0
321572,321577,321580,3,5
321572,321572,321580,8,0
321572,321572,321580,8,0
321572,321579,321581,2,7
321572,321579,321580,1,7
321572,321579,321580,1,7
321572,321579,321580,1,7
321572,321579,321580,1,7
321572,321572,321581,9,0
321572,321572,321582,10,0
321572,321580,321581,1,8
321572,321572,321581,9,0
321572,321580,321581,1,8
321572,321580,321581,1,8
321572,321572,321582,10,0
321572,321572,321581,9,0
321572,321580,321582,2,8
321572,321580,321582,2,8
321572,321580,321582,2,8
321572,321580,321582,2,8
321572,321579,321583,4,7
321572,321580,321582,2,8
321572,321580,321582,2,8
321572,321580,321583,3,8
321572,321572,321582,10,0
321572,321572,321582,10,0
321572,321580,321582,2,8
321572,321580,321583,3,8
321572,321572,321583,11,0
321572,321572,321582,10,0
321572,321581,321582,1,9
321572,321581,321582,1,9
321572,321572,321584,12,0
321572,321572,321583,11,0
321572,321572,321583,11,0
321572,321579,321584,5,7
321572,321581,321583,2,9
321572,321581,321583,2,9
321572,321572,321583,11,0
321572,321572,321584,12,0
321572,321572,321585,13,0
321572,321572,321585,13,0
321572,321572,321586,14,0
321572,321572,321586,14,0
321572,321572,321586,14,0
321572,321572,321587,15,0
321572,321572,321586,14,0
321572,321572,321587,15,0
321572,321572,321597,25,0
321600,321600,321601,1,0
321600,321600,321601,1,0
321600,321600,321601,1,0
321600,321600,321602,2,0
321600,321600,321601,1,0
321600,321600,321603,3,0
321600,321602,321604,2,2
321600,321602,321603,1,2
321600,321600,321604,4,0
321600,321602,321604,2,2
321600,321602,321604,2,2
321600,321600,321604,4,0
321600,321600,321604,4,0
321600,321600,321605,5,0
321600,321600,321606,6,0
321600,321600,321606,6,0
321600,321600,321606,6,0
321600,321602,321606,4,2
321600,321600,321606,6,0
321600,321600,321607,7,0
321600,321600,321606,6,0
321600,321604,321606,2,4
321600,321605,321607,2,5
321600,321605,321607,2,5
321600,321604,321607,3,4
321600,321605,321607,2,5
321600,321600,321608,8,0
321600,321600,321607,7,0
321600,321600,321608,8,0
321600,321600,321607,7,0
321600,321605,321607,2,5
321600,321606,321607,1,6
321600,321606,321607,1,6
321600,321600,321608,8,0
321600,321600,321609,9,0
321600,321607,321608,1,7
321600,321607,321608,1,7
321600,321600,321608,8,0
321600,321607,321608,1,7
321600,321607,321608,1,7
321600,321607,321609,2,7
321600,321607,321608,1,7
321600,321607,321608,1,7
321600,321600,321608,8,0
321600,321607,321608,1,7
321600,321607,321608,1,7
321600,321607,321609,2,7
321600,321600,321609,9,0
321600,321600,321609,9,0
321600,321600,321609,9,0
321600,321600,321609,9,0
321600,321607,321610,3,7
321600,321608,321609,1,8
321600,321600,321609,9,0
321600,321600,321609,9,0
321600,321608,321609,1,8
321600,321608,321609,1,8
321600,321600,321610,10,0
321600,321600,321610,10,0
321600,321600,321611,11,0
321600,321600,321610,10,0
321600,321605,321610,5,5
321600,321600,321610,10,0
321600,321604,321611,7,4
321600,321608,321610,2,8
321600,321608,321611,3,8
321600,321608,321611,3,8
321600,321609,321610,1,9
321600,321608,321611,3,8
321600,321609,321611,2,9
321600,321600,321612,12,0
321600,321600,321611,11,0
321600,321600,321613,13,0
321600,321600,321612,12,0
321600,321600,321617,17,0
321600,321600,321620,20,0
321600,321600,321622,22,0
321600,321600,321622,22,0
321600,321600,321624,24,0
321626,321626,321628,2,0
321626,321626,321628,2,0
321626,321626,321628,2,0
321626,321626,321628,2,0
321626,321626,321629,3,0
321626,321629,321630,1,3
321626,321627,321631,4,1
321626,321629,321631,2,3
321626,321629,321631,2,3
321626,321629,321631,2,3
321626,321627,321631,4,1
321626,321627,321632,5,1
321626,321630,321632,2,4
321626,321627,321632,5,1
321626,321626,321632,6,0
321626,321626,321632,6,0
321626,321626,321633,7,0
321626,321626,321633,7,0
321626,321626,321634,8,0
321626,321626,321635,9,0
321626,321627,321634,7,1
321626,321633,321634,1,7
321626,321626,321634,8,0
321626,321632,321634,2,6
321626,321633,321634,1,7
321626,321632,321634,2,6
321626,321626,321634,8,0
321626,321631,321634,3,5
321626,321632,321634,2,6
321626,321633,321634,1,7
321626,321633,321634,1,7
321626,321626,321635,9,0
321626,321627,321635,8,1
321626,321627,321636,9,1
321626,321633,321635,2,7
321626,321632,321635,3,6
321626,321634,321635,1,8
321626,321632,321635,3,6
321626,321634,321636,2,8
321626,321626,321635,9,0
321626,321627,321635,8,1
321626,321627,321636,9,1
321626,321635,321637,2,9
321626,321635,321636,1,9
321626,321627,321636,9,1
321626,321635,321636,1,9
321626,321635,321637,2,9
321626,321635,321637,2,9
321626,321635,321636,1,9
321626,321635,321636,1,9
321626,321635,321636,1,9
321626,321635,321636,1,9
321626,321635,321636,1,9
321626,321626,321637,11,0
321626,321635,321637,2,9
321626,321635,321637,2,9
321626,321626,321638,12,0
321626,321636,321637,1,10
321626,321636,321637,1,10
321626,321636,321638,2,10
321626,321627,321638,11,1
321626,321635,321638,3,9
321626,321636,321638,2,10
321626,321626,321638,12,0
321626,321626,321639,13,0
321626,321626,321639,13,0
321626,321627,321640,13,1
321626,321626,321641,15,0
321626,321626,321641,15,0
321626,321626,321641,15,0
321626,321626,321642,16,0
321626,321627,321643,16,1
321626,321626,321644,18,0
321626,321626,321644,18,0
321626,321626,321644,18,0
321626,321627,321645,18,1
321626,321627,321645,18,1
321626,321626,321647,21,0
321626,321626,321651,25,0
321654,321654,321656,2,0
321654,321654,321656,2,0
321654,321654,321656,2,0
321654,321654,321656,2,0
321654,321654,321656,2,0
321654,321654,321658,4,0
321654,321656,321659,3,2
321654,321656,321659,3,2
321654,321656,321658,2,2
321654,321656,321659,3,2
321654,321656,321659,3,2
321654,321654,321660,6,0
321654,321654,321660,6,0
321654,321654,321659,5,0
321654,321654,321661,7,0
321654,321654,321661,7,0
321654,321654,321661,7,0
321654,321654,321661,7,0
321654,321654,321661,7,0
321654,321654,321661,7,0
321654,321654,321661,7,0
321654,321654,321662,8,0
321654,321654,321662,8,0
321654,321654,321662,8,0
321654,321660,321663,3,6
321654,321661,321662,1,7
321654,321661,321662,1,7
321654,321661,321662,1,7
321654,321659,321663,4,5
321654,321660,321663,3,6
321654,321654,321663,9,0
321654,321659,321663,4,5
321654,321661,321663,2,7
321654,321662,321663,1,8
321654,321659,321663,4,5
321654,321659,321663,4,5
321654,321662,321663,1,8
321654,321662,321663,1,8
321654,321654,321664,10,0
321654,321654,321664,10,0
321654,321654,321664,10,0
321654,321654,321664,10,0
321654,321662,321664,2,8
321654,321663,321664,1,9
321654,321662,321664,2,8
321654,321662,321664,2,8
321654,321663,321664,1,9
321654,321663,321664,1,9
321654,321663,321664,1,9
321654,321663,321664,1,9
321654,321663,321664,1,9
321654,321663,321664,1,9
321654,321654,321665,11,0
321654,321654,321665,11,0
321654,321662,321665,3,8
321654,321664,321665,1,10
321654,321654,321665,11,0
321654,321664,321665,1,10
321654,321664,321665,1,10
321654,321664,321665,1,10
321654,321654,321666,12,0
321654,321663,321666,3,9
321654,321654,321667,13,0
321654,321654,321667,13,0
321654,321654,321667,13,0
321654,321654,321667,13,0
321654,321654,321667,13,0
321654,321654,321667,13,0
321654,321654,321668,14,0
321654,321654,321667,13,0
321654,321654,321669,15,0
321654,321654,321669,15,0
321654,321654,321669,15,0
321654,321654,321670,16,0
321654,321654,321670,16,0
321654,321654,321670,16,0
321654,321654,321671,17,0
321654,321654,321674,20,0
321677,321677,321679,2,0
321677,321677,321679,2,0
321677,321677,321679,2,0
321677,321677,321679,2,0
321677,321677,321679,2,0
321677,321679,321682,3,2
321677,321677,321682,5,0
321677,321677,321682,5,0
321677,321677,321683,6,0
321677,321677,321683,6,0
321677,321679,321683,4,2
321677,321679,321682,3,2
321677,321679,321683,4,2
321677,321677,321683,6,0
321677,321679,321683,4,2
321677,321677,321683,6,0
321677,321677,321684,7,0
321677,321682,321684,2,5
321677,321677,321683,6,0
321677,321677,321684,7,0
321677,321677,321684,7,0
321677,321677,321685,8,0
321677,321682,321684,2,5
321677,321683,321685,2,6
321677,321677,321685,8,0
321677,321682,321685,3,5
321677,321683,321685,2,6
321677,321677,321685,8,0
321677,321684,321686,2,7
321677,321685,321686,1,8
321677,321683,321686,3,6
321677,321683,321686,3,6
321677,321684,321686,2,7
321677,321684,321686,2,7
321677,321677,321686,9,0
321677,321683,321686,3,6
321677,321684,321686,2,7
321677,321677,321686,9,0
321677,321684,321685,1,7
321677,321684,321686,2,7
321677,321685,321686,1,8
321677,321677,321686,9,0
321677,321677,321687,10,0
321677,321684,321686,2,7
321677,321685,321686,1,8
321677,321685,321687,2,8
321677,321685,321687,2,8
321677,321685,321687,2,8
321677,321686,321687,1,9
321677,321677,321688,11,0
321677,321677,321687,10,0
321677,321677,321687,10,0
321677,321686,321687,1,9
321677,321686,321688,2,9
321677,321686,321688,2,9
321677,321686,321688,2,9
321677,321686,321688,2,9
321677,321686,321688,2,9
321677,321686,321688,2,9
321677,321687,321688,1,10
321677,321677,321688,11,0
321677,321677,321689,12,0
321677,321677,321689,12,0
321677,321677,321689,12,0
321677,321677,321689,12,0
321677,321677,321689,12,0
321677,321677,321689,12,0
321677,321677,321690,13,0
321677,321677,321691,14,0
321677,321677,321691,14,0
321677,321677,321692,15,0
321677,321677,321692,15,0
321677,321677,321692,15,0
321677,321677,321693,16,0
321677,321677,321693,16,0
321677,321677,321693,16,0
321677,321677,321694,17,0
321677,321677,321694,17,0
321677,321677,321697,20,0
321700,321700,321702,2,0
321700,321700,321702,2,0
321700,321700,321702,2,0
321700,321700,321702,2,0
321700,321700,321702,2,0
321700,321702,321704,2,2
321700,321702,321704,2,2
321700,321702,321704,2,2
321700,321702,321704,2,2
321700,321702,321705,3,2
321700,321700,321704,4,0
321700,321700,321706,6,0
321700,321704,321705,1,4
321700,321700,321706,6,0
321700,321700,321706,6,0
321700,321700,321706,6,0
321700,321705,321706,1,5
321700,321704,321706,2,4
321700,321700,321706,6,0
321700,321705,321706,1,5
321700,321700,321706,6,0
321700,321705,321706,1,5
321700,321700,321707,7,0
321700,321700,321707,7,0
321700,321700,321707,7,0
321700,321706,321708,2,6
321700,321707,321708,1,7
321700,321700,321708,8,0
321700,321706,321708,2,6
321700,321706,321708,2,6
321700,321705,321707,2,5
321700,321706,321707,1,6
321700,321700,321709,9,0
321700,321700,321709,9,0
321700,321700,321709,9,0
321700,321700,321708,8,0
321700,321700,321709,9,0
321700,321707,321708,1,7
321700,321707,321708,1,7
321700,321706,321709,3,6
321700,321707,321708,1,7
321700,321706,321709,3,6
321700,321707,321708,1,7
321700,321707,321708,1,7
321700,321706,321709,3,6
321700,321700,321709,9,0
321700,321700,321710,10,0
321700,321708,321709,1,8
321700,321708,321710,2,8
321700,321708,321710,2,8
321700,321700,321710,10,0
321700,321708,321710,2,8
321700,321708,321710,2,8
321700,321708,321709,1,8
321700,321708,321709,1,8
321700,321708,321710,2,8
321700,321700,321711,11,0
321700,321700,321710,10,0
321700,321700,321710,10,0
321700,321700,321711,11,0
321700,321700,321711,11,0
321700,321700,321712,12,0
321700,321700,321712,12,0
321700,321700,321712,12,0
321700,321709,321712,3,9
321700,321709,321712,3,9
321700,321709,321712,3,9
321700,321700,321714,14,0
321700,321700,321714,14,0
321700,321700,321713,13,0
321700,321700,321713,13,0
321700,321700,321714,14,0
321700,321700,321715,15,0
321700,321700,321715,15,0
321700,321700,321715,15,0
321700,321700,321716,16,0
321700,321700,321716,16,0
321700,321700,321717,17,0
321700,321700,321718,18,0
321721,321721,321722,1,0
321721,321721,321722,1,0
321721,321721,321722,1,0
321721,321721,321722,1,0
321721,321721,321722,1,0
321721,321723,321724,1,2
321721,321723,321724,1,2
321721,321721,321726,5,0
321721,321721,321726,5,0
321721,321723,321725,2,2
321721,321721,321726,5,0
321721,321721,321726,5,0
321721,321721,321726,5,0
321721,321721,321726,5,0
321721,321723,321727,4,2
321721,321721,321726,5,0
321721,321723,321726,3,2
321721,321724,321728,4,3
321721,321721,321728,7,0
321721,321721,321727,6,0
321721,321721,321727,6,0
321721,321721,321727,6,0
321721,321721,321728,7,0
321721,321721,321728,7,0
321721,321721,321729,8,0
321721,321721,321728,7,0
321721,321726,321728,2,5
321721,321725,321728,3,4
321721,321728,321729,1,7
321721,321726,321728,2,5
321721,321728,321729,1,7
321721,321721,321729,8,0
321721,321721,321729,8,0
321721,321721,321730,9,0
321721,321721,321729,8,0
321721,321721,321729,8,0
321721,321727,321729,2,6
321721,321728,321729,1,7
321721,321721,321730,9,0
321721,321727,321729,2,6
321721,321728,321729,1,7
321721,321727,321729,2,6
321721,321728,321729,1,7
321721,321726,321730,4,5
321721,321727,321729,2,6
321721,321721,321730,9,0
321721,321721,321731,10,0
321721,321721,321730,9,0
321721,321729,321730,1,8
321721,321729,321730,1,8
321721,321729,321730,1,8
321721,321729,321730,1,8
321721,321729,321730,1,8
321721,321729,321730,1,8
321721,321729,321730,1,8
321721,321730,321732,2,9
321721,321729,321731,2,8
321721,321721,321732,11,0
321721,321729,321731,2,8
321721,321721,321731,10,0
321721,321730,321732,2,9
321721,321721,321733,12,0
321721,321726,321732,6,5
321721,321730,321732,2,9
321721,321721,321732,11,0
321721,321727,321733,6,6
321721,321730,321732,2,9
321721,321721,321733,12,0
321721,321721,321733,12,0
321721,321721,321734,13,0
321721,321727,321733,6,6
321721,321721,321733,12,0
321721,321721,321733,12,0
321721,321721,321735,14,0
321721,321721,321734,13,0
321721,321721,321734,13,0
321721,321721,321737,16,0
321721,321721,321738,17,0
321721,321721,321739,18,0
321742,321742,321744,2,0
321742,321742,321744,2,0
321742,321742,321745,3,0
321742,321742,321744,2,0
321742,321742,321745,3,0
321742,321742,321747,5,0
321742,321742,321747,5,0
321742,321745,321747,2,3
321742,321743,321748,5,1
321742,321743,321748,5,1
321742,321742,321748,6,0
321742,321745,321748,3,3
321742,321745,321748,3,3
321742,321742,321749,7,0
321742,321745,321749,4,3
321742,321742,321750,8,0
321742,321743,321749,6,1
321742,321743,321749,6,1
321742,321743,321749,6,1
321742,321742,321750,8,0
321742,321743,321750,7,1
321742,321743,321750,7,1
321742,321743,321750,7,1
321742,321743,321750,7,1
321742,321748,321750,2,6
321742,321746,321750,4,4
321742,321742,321750,8,0
321742,321742,321750,8,0
321742,321749,321751,2,7
321742,321742,321750,8,0
321742,321749,321751,2,7
321742,321749,321751,2,7
321742,321743,321751,8,1
321742,321743,321751,8,1
321742,321743,321751,8,1
321742,321743,321751,8,1
321742,321742,321751,9,0
321742,321743,321751,8,1
321742,321743,321751,8,1
321742,321748,321751,3,6
321742,321749,321751,2,7
321742,321750,321752,2,8
321742,321750,321752,2,8
321742,321742,321752,10,0
321742,321743,321752,9,1
321742,321742,321752,10,0
321742,321742,321752,10,0
321742,321742,321753,11,0
321742,321750,321752,2,8
321742,321750,321752,2,8
321742,321751,321752,1,9
321742,321751,321752,1,9
321742,321750,321752,2,8
321742,321751,321752,1,9
321742,321751,321752,1,9
321742,321751,321752,1,9
321742,321751,321752,1,9
321742,321751,321752,1,9
321742,321751,321752,1,9
321742,321751,321752,1,9
321742,321743,321753,10,1
321742,321742,321753,11,0
321742,321742,321753,11,0
321742,321742,321753,11,0
321742,321751,321753,2,9
321742,321751,321753,2,9
321742,321751,321753,2,9
321742,321743,321753,10,1
321742,321752,321754,2,10
321742,321752,321754,2,10
321742,321752,321754,2,10
321742,321751,321754,3,9
321742,321750,321754,4,8
321742,321742,321755,13,0
321742,321742,321755,13,0
321742,321748,321755,7,6
321742,321742,321756,14,0
321742,321749,321756,7,7
321742,321742,321758,16,0
321761,321761,321763,2,0
321761,321761,321763,2,0
321761,321761,321763,2,0
321761,321761,321763,2,0
321761,321761,321763,2,0
321761,321761,321765,4,0
321761,321763,321766,3,2
321761,321763,321766,3,2
321761,321763,321765,2,2
321761,321761,321766,5,0
321761,321761,321766,5,0
321761,321763,321766,3,2
321761,321763,321766,3,2
321761,321761,321767,6,0
321761,321761,321767,6,0
321761,321761,321768,7,0
321761,321766,321768,2,5
321761,321767,321768,1,6
321761,321761,321768,7,0
321761,321767,321768,1,6
321761,321761,321768,7,0
321761,321767,321769,2,6
321761,321765,321769,4,4
321761,321769,321770,1,8
321761,321761,321770,9,0
321761,321767,321770,3,6
321761,321761,321770,9,0
321761,321769,321770,1,8
321761,321769,321770,1,8
321761,321761,321771,10,0
321761,321761,321771,10,0
321761,321767,321771,4,6
321761,321761,321771,10,0
321761,321771,321772,1,10
321761,321761,321771,10,0
321761,321761,321771,10,0
321761,321761,321771,10,0
321761,321761,321771,10,0
321761,321770,321771,1,9
321761,321761,321771,10,0
321761,321761,321771,10,0
321761,321761,321772,11,0
321761,321769,321771,2,8
321761,321761,321772,11,0
321761,321767,321772,5,6
321761,321767,321772,5,6
321761,321761,321772,11,0
321761,321761,321772,11,0
321761,321772,321773,1,11
321761,321771,321772,1,10
321761,321761,321772,11,0
321761,321771,321772,1,10
321761,321771,321773,2,10
321761,321761,321772,11,0
321761,321771,321772,1,10
321761,321771,321772,1,10
321761,321761,321773,12,0
321761,321761,321773,12,0
321761,321768,321773,5,7
321761,321769,321773,4,8
321761,321761,321773,12,0
321761,321772,321773,1,11
321761,321770,321773,3,9
321761,321772,321773,1,11
321761,321772,321773,1,11
321761,321772,321774,2,11
321761,321772,321774,2,11
321761,321761,321775,14,0
321761,321761,321776,15,0
321761,321768,321776,8,7
321761,321761,321777,16,0
321761,321761,321778,17,0
321761,321761,321780,19,0
321761,321761,321779,18,0
321761,321761,321781,20,0
321761,321761,321781,20,0
321761,321761,321784,23,0
321761,321761,321785,24,0
321761,321761,321792,31,0
321795,321795,321797,2,0
321795,321795,321797,2,0
321795,321795,321797,2,0
321795,321795,321797,2,0
321795,321795,321797,2,0
321795,321797,321799,2,2
321795,321797,321799,2,2
321795,321797,321799,2,2
321795,321797,321799,2,2
321795,321797,321800,3,2
321795,321795,321801,6,0
321795,321799,321801,2,4
321795,321799,321801,2,4
321795,321795,321802,7,0
321795,321795,321802,7,0
321795,321795,321802,7,0
321795,321795,321802,7,0
321795,321800,321802,2,5
321795,321800,321802,2,5
321795,321800,321802,2,5
321795,321795,321803,8,0
321795,321795,321803,8,0
321795,321801,321803,2,6
321795,321795,321803,8,0
321795,321795,321803,8,0
321795,321801,321803,2,6
321795,321801,321803,2,6
321795,321802,321804,2,7
321795,321795,321804,9,0
321795,321795,321804,9,0
321795,321802,321804,2,7
321795,321795,321804,9,0
321795,321795,321804,9,0
321795,321795,321804,9,0
321795,321802,321803,1,7
321795,321803,321804,1,8
321795,321795,321805,10,0
321795,321802,321805,3,7
321795,321795,321805,10,0
321795,321795,321804,9,0
321795,321802,321805,3,7
321795,321795,321805,10,0
321795,321803,321805,2,8
321795,321795,321805,10,0
321795,321795,321804,9,0
321795,321803,321805,2,8
321795,321803,321805,2,8
321795,321803,321805,2,8
321795,321805,321806,1,10
321795,321795,321806,11,0
321795,321802,321806,4,7
321795,321795,321806,11,0
321795,321802,321806,4,7
321795,321795,321806,11,0
321795,321795,321806,11,0
321795,321803,321806,3,8
321795,321795,321806,11,0
321795,321795,321806,11,0
321795,321795,321806,11,0
321795,321804,321806,2,9
321795,321805,321806,1,10
321795,321804,321806,2,9
321795,321805,321806,1,10
321795,321805,321806,1,10
321795,321805,321806,1,10
321795,321805,321806,1,10
321795,321803,321807,4,8
321795,321795,321807,12,0
321795,321795,321807,12,0
321795,321795,321807,12,0
321795,321795,321808,13,0
321795,321795,321808,13,0
321795,321795,321808,13,0
321795,321795,321809,14,0
321795,321795,321810,15,0
321795,321795,321811,16,0
321795,321795,321811,16,0
321795,321795,321813,18,0
321795,321795,321818,23,0
321821,321821,321823,2,0
321821,321821,321823,2,0
321821,321821,321823,2,0
321821,321821,321823,2,0
321821,321821,321823,2,0
321821,321823,321825,2,2
321821,321821,321825,4,0
321821,321823,321825,2,2
321821,321823,321826,3,2
321821,321823,321825,2,2
321821,321823,321826,3,2
321821,321821,321826,5,0
321821,321821,321827,6,0
321821,321821,321826,5,0
321821,321825,321826,1,4
321821,321821,321828,7,0
321821,321821,321828,7,0
321821,321821,321827,6,0
321821,321825,321828,3,4
321821,321826,321827,1,5
321821,321821,321827,6,0
321821,321827,321828,1,6
321821,321826,321827,1,5
321821,321825,321827,2,4
321821,321821,321829,8,0
321821,321826,321828,2,5
321821,321821,321829,8,0
321821,321827,321828,1,6
321821,321821,321829,8,0
321821,321827,321829,2,6
321821,321821,321829,8,0
321821,321821,321830,9,0
321821,321821,321829,8,0
321821,321821,321830,9,0
321821,321821,321829,8,0
321821,321827,321830,3,6
321821,321821,321830,9,0
321821,321821,321829,8,0
321821,321821,321830,9,0
321821,321828,321830,2,7
321821,321828,321830,2,7
321821,321828,321830,2,7
321821,321821,321830,9,0
321821,321828,321830,2,7
321821,321828,321830,2,7
321821,321821,321830,9,0
321821,321828,321830,2,7
321821,321828,321830,2,7
321821,321821,321831,10,0
321821,321828,321831,3,7
321821,321829,321830,1,8
321821,321829,321831,2,8
321821,321829,321831,2,8
321821,321829,321831,2,8
321821,321829,321831,2,8
321821,321821,321831,10,0
321821,321821,321831,10,0
321821,321821,321832,11,0
321821,321828,321832,4,7
321821,321821,321831,10,0
321821,321821,321831,10,0
321821,321821,321832,11,0
321821,321821,321832,11,0
321821,321821,321832,11,0
321821,321821,321833,12,0
321821,321830,321833,3,9
321821,321830,321833,3,9
321821,321830,321832,2,9
321821,321830,321833,3,9
321821,321830,321833,3,9
321821,321821,321834,13,0
321821,321829,321834,5,8
321821,321821,321834,13,0
321821,321821,321835,14,0
321821,321821,321836,15,0
321821,321821,321838,17,0
321821,321821,321840,19,0
321821,321821,321841,20,0
321821,321821,321847,26,0
321850,321850,321852,2,0
321850,321850,321851,1,0
321850,321850,321852,2,0
321850,321850,321852,2,0
321850,321850,321852,2,0
321850,321852,321854,2,2
321850,321850,321855,5,0
321850,321850,321854,4,0
321850,321852,321854,2,2
321850,321852,321854,2,2
321850,321852,321855,3,2
321850,321852,321855,3,2
321850,321850,321856,6,0
321850,321850,321855,5,0
321850,321850,321856,6,0
321850,321854,321856,2,4
321850,321850,321856,6,0
321850,321850,321856,6,0
321850,321855,321857,2,5
321850,321850,321857,7,0
321850,321850,321858,8,0
321850,321850,321858,8,0
321850,321850,321858,8,0
321850,321855,321858,3,5
321850,321850,321858,8,0
321850,321855,321858,3,5
321850,321850,321857,7,0
321850,321850,321858,8,0
321850,321850,321859,9,0
321850,321856,321858,2,6
321850,321856,321858,2,6
321850,321850,321858,8,0
321850,321855,321859,4,5
321850,321857,321858,1,7
321850,321857,321859,2,7
321850,321850,321859,9,0
321850,321857,321859,2,7
321850,321857,321859,2,7
321850,321857,321859,2,7
321850,321850,321860,10,0
321850,321850,321859,9,0
321850,321850,321860,10,0
321850,321850,321860,10,0
321850,321850,321859,9,0
321850,321850,321860,10,0
321850,321858,321859,1,8
321850,321858,321860,2,8
321850,321850,321859,9,0
321850,321858,321859,1,8
321850,321850,321860,10,0
321850,321858,321860,2,8
321850,321858,321860,2,8
321850,321850,321859,9,0
321850,321858,321860,2,8
321850,321850,321860,10,0
321850,321855,321861,6,5
321850,321850,321860,10,0
321850,321859,321861,2,9
321850,321850,321860,10,0
321850,321858,321861,3,8
321850,321850,321860,10,0
321850,321850,321860,10,0
321850,321859,321860,1,9
321850,321859,321860,1,9
321850,321859,321860,1,9
321850,321859,321861,2,9
321850,321858,321861,3,8
321850,321850,321862,12,0
321850,321858,321861,3,8
321850,321859,321861,2,9
321850,321855,321861,6,5
321850,321859,321861,2,9
321850,321850,321861,11,0
321850,321850,321863,13,0
321850,321850,321863,13,0
321850,321850,321867,17,0
321850,321850,321868,18,0
321850,321850,321873,23,0
321850,321850,321876,26,0
321879,321879,321880,1,0
321879,321879,321880,1,0
321879,321879,321880,1,0
321879,321879,321880,1,0
321879,321879,321880,1,0
321879,321879,321882,3,0
321879,321879,321883,4,0
321879,321881,321882,1,2
321879,321881,321882,1,2
321879,321879,321882,3,0
321879,321881,321882,1,2
321879,321881,321882,1,2
321879,321881,321882,1,2
321879,321879,321883,4,0
321879,321879,321884,5,0
321879,321879,321885,6,0
321879,321879,321885,6,0
321879,321883,321884,1,4
321879,321879,321884,5,0
321879,321883,321884,1,4
321879,321883,321884,1,4
321879,321883,321885,2,4
321879,321883,321885,2,4
321879,321879,321885,6,0
321879,321883,321884,1,4
321879,321879,321885,6,0
321879,321883,321885,2,4
321879,321884,321886,2,5
321879,321879,321886,7,0
321879,321883,321885,2,4
321879,321885,321886,1,6
321879,321879,321887,8,0
321879,321879,321886,7,0
321879,321884,321886,2,5
321879,321879,321887,8,0
321879,321879,321886,7,0
321879,321879,321887,8,0
321879,321879,321887,8,0
321879,321885,321886,1,6
321879,321885,321886,1,6
321879,321885,321887,2,6
321879,321879,321887,8,0
321879,321879,321887,8,0
321879,321885,321887,2,6
321879,321885,321887,2,6
321879,321885,321887,2,6
321879,321885,321887,2,6
321879,321879,321888,9,0
321879,321885,321888,3,6
321879,321879,321887,8,0
321879,321885,321887,2,6
321879,321879,321887,8,0
321879,321879,321887,8,0
321879,321886,321887,1,7
321879,321879,321888,9,0
321879,321879,321889,10,0
321879,321879,321888,9,0
321879,321886,321889,3,7
321879,321886,321889,3,7
321879,321886,321888,2,7
321879,321887,321889,2,8
321879,321886,321888,2,7
321879,321886,321888,2,7
321879,321879,321888,9,0
321879,321879,321888,9,0
321879,321879,321888,9,0
321879,321879,321889,10,0
321879,321887,321889,2,8
321879,321879,321889,10,0
321879,321887,321889,2,8
321879,321879,321890,11,0
321879,321879,321890,11,0
321879,321879,321890,11,0
321879,321887,321890,3,8
321879,321879,321890,11,0
321879,321879,321894,15,0
321879,321879,321894,15,0
321879,321879,321895,16,0
321879,321879,321895,16,0
321898,321899,321900,1,1
321898,321899,321900,1,1
321898,321899,321900,1,1
321898,321899,321900,1,1
321898,321899,321901,2,1
321898,321901,321902,1,3
321898,321901,321902,1,3
321898,321899,321903,4,1
321898,321901,321903,2,3
321898,321901,321903,2,3
321898,321902,321904,2,4
321898,321903,321905,2,5
321898,321903,321904,1,5
321898,321899,321905,6,1
321898,321899,321905,6,1
321898,321899,321905,6,1
321898,321899,321905,6,1
321898,321899,321905,6,1
321898,321899,321906,7,1
321898,321904,321906,2,6
321898,321899,321905,6,1
321898,321899,321906,7,1
321898,321899,321907,8,1
321898,321899,321906,7,1
321898,321899,321906,7,1
321898,321904,321906,2,6
321898,321899,321906,7,1
321898,321905,321907,2,7
321898,321905,321907,2,7
321898,321905,321907,2,7
321898,321899,321907,8,1
321898,321899,321907,8,1
321898,321899,321907,8,1
321898,321904,321907,3,6
321898,321899,321907,8,1
321898,321906,321907,1,8
321898,321906,321907,1,8
321898,321906,321907,1,8
321898,321906,321907,1,8
321898,321899,321907,8,1
321898,321906,321907,1,8
321898,321906,321907,1,8
321898,321906,321908,2,8
321898,321899,321908,9,1
321898,321906,321908,2,8
321898,321906,321908,2,8
321898,321899,321908,9,1
321898,321899,321908,9,1
321898,321907,321908,1,9
321898,321907,321908,1,9
321898,321907,321908,1,9
321898,321907,321908,1,9
321898,321907,321908,1,9
321898,321899,321909,10,1
321898,321899,321909,10,1
321898,321907,321908,1,9
321898,321899,321909,10,1
321898,321899,321909,10,1
321898,321907,321909,2,9
321898,321899,321909,10,1
321898,321908,321910,2,10
321898,321899,321910,11,1
321898,321907,321909,2,9
321898,321899,321910,11,1
321898,321899,321910,11,1
321898,321908,321910,2,10
321898,321899,321910,11,1
321898,321908,321910,2,10
321898,321908,321910,2,10
321898,321908,321910,2,10
321898,321899,321910,11,1
321898,321899,321911,12,1
321898,321899,321911,12,1
321898,321899,321912,13,1
321898,321899,321911,12,1
321898,321899,321912,13,1
321898,321899,321913,14,1
321898,321899,321915,16,1
321898,321899,321916,17,1
321919,321919,321921,2,0
321919,321919,321921,2,0
321919,321919,321921,2,0
321919,321919,321921,2,0
321919,321919,321921,2,0
321919,321921,321923,2,2
321919,321919,321924,5,0
321919,321921,321924,3,2
321919,321919,321924,5,0
321919,321921,321924,3,2
321919,321922,321924,2,3
321919,321919,321925,6,0
321919,321919,321925,6,0
321919,321919,321925,6,0
321919,321921,321925,4,2
321919,321923,321925,2,4
321919,321919,321925,6,0
321919,321919,321925,6,0
321919,321919,321926,7,0
321919,321919,321926,7,0
321919,321919,321926,7,0
321919,321919,321926,7,0
321919,321925,321926,1,6
321919,321925,321926,1,6
321919,321919,321927,8,0
321919,321919,321927,8,0
321919,321919,321927,8,0
321919,321919,321927,8,0
321919,321919,321927,8,0
321919,321926,321927,1,7
321919,321926,321927,1,7
321919,321925,321927,2,6
321919,321919,321927,8,0
321919,321926,321928,2,7
321919,321919,321927,8,0
321919,321926,321927,1,7
321919,321919,321928,9,0
321919,321919,321928,9,0
321919,321924,321928,4,5
321919,321925,321928,3,6
321919,321919,321928,9,0
321919,321927,321928,1,8
321919,321927,321928,1,8
321919,321919,321928,9,0
321919,321927,321928,1,8
321919,321927,321928,1,8
321919,321919,321929,10,0
321919,321925,321929,4,6
321919,321926,321929,3,7
321919,321926,321929,3,7
321919,321926,321929,3,7
321919,321919,321929,10,0
321919,321919,321929,10,0
321919,321928,321929,1,9
321919,321925,321930,5,6
321919,321928,321929,1,9
321919,321928,321929,1,9
321919,321919,321929,10,0
321919,321919,321929,10,0
321919,321928,321929,1,9
321919,321928,321929,1,9
321919,321919,321930,11,0
321919,321928,321929,1,9
321919,321928,321929,1,9
321919,321919,321930,11,0
321919,321928,321930,2,9
321919,321927,321930,3,8
321919,321928,321930,2,9
321919,321928,321930,2,9
321919,321919,321930,11,0
321919,321919,321931,12,0
321919,321919,321931,12,0
321919,321919,321932,13,0
321919,321919,321932,13,0
321919,321919,321932,13,0
321919,321919,321933,14,0
321919,321919,321934,15,0
321919,321919,321934,15,0
321919,321919,321936,17,0
321939,321939,321941,2,0
321939,321939,321941,2,0
321939,321939,321941,2,0
321939,321939,321941,2,0
321939,321939,321941,2,0
321939,321939,321942,3,0
321939,321941,321943,2,2
321939,321941,321943,2,2
321939,321941,321943,2,2
321939,321941,321943,2,2
321939,321941,321943,2,2
321939,321939,321944,5,0
321939,321939,321944,5,0
321939,321939,321945,6,0
321939,321939,321945,6,0
321939,321943,321945,2,4
321939,321939,321945,6,0
321939,321944,321945,1,5
321939,321939,321945,6,0
321939,321944,321945,1,5
321939,321942,321945,3,3
321939,321944,321945,1,5
321939,321939,321946,7,0
321939,321939,321946,7,0
321939,321939,321946,7,0
321939,321943,321946,3,4
321939,321939,321946,7,0
321939,321939,321947,8,0
321939,321939,321947,8,0
321939,321946,321947,1,7
321939,321939,321947,8,0
321939,321946,321947,1,7
321939,321946,321947,1,7
321939,321939,321947,8,0
321939,321939,321947,8,0
321939,321946,321947,1,7
321939,321946,321947,1,7
321939,321939,321947,8,0
321939,321946,321947,1,7
321939,321946,321947,1,7
321939,321939,321948,9,0
321939,321939,321947,8,0
321939,321939,321948,9,0
321939,321939,321948,9,0
321939,321939,321948,9,0
321939,321939,321948,9,0
321939,321947,321948,1,8
321939,321939,321948,9,0
321939,321947,321948,1,8
321939,321946,321949,3,7
321939,321946,321949,3,7
321939,321946,321949,3,7
321939,321944,321949,5,5
321939,321947,321949,2,8
321939,321939,321950,11,0
321939,321948,321949,1,9
321939,321948,321949,1,9
321939,321948,321949,1,9
321939,321948,321949,1,9
321939,321948,321949,1,9
321939,321948,321949,1,9
321939,321939,321950,11,0
321939,321939,321950,11,0
321939,321947,321950,3,8
321939,321939,321950,11,0
321939,321939,321950,11,0
321939,321945,321950,5,6
321939,321945,321950,5,6
321939,321939,321950,11,0
321939,321939,321951,12,0
321939,321939,321951,12,0
321939,321939,321952,13,0
321939,321939,321952,13,0
321939,321939,321953,14,0
321939,321939,321953,14,0
321939,321945,321953,8,6
321939,321939,321954,15,0
321939,321939,321955,16,0
321939,321939,321956,17,0
321959,321959,321961,2,0
321959,321959,321961,2,0
321959,321959,321961,2,0
321959,321959,321961,2,0
321959,321959,321961,2,0
321959,321961,321963,2,2
321959,321961,321963,2,2
321959,321961,321963,2,2
321959,321961,321963,2,2
321959,321959,321963,4,0
321959,321961,321963,2,2
321959,321959,321965,6,0
321959,321959,321965,6,0
321959,321959,321965,6,0
321959,321959,321965,6,0
321959,321963,321965,2,4
321959,321963,321965,2,4
321959,321963,321965,2,4
321959,321959,321965,6,0
321959,321963,321965,2,4
321959,321963,321965,2,4
321959,321959,321966,7,0
321959,321963,321966,3,4
321959,321959,321967,8,0
321959,321959,321967,8,0
321959,321959,321967,8,0
321959,321959,321967,8,0
321959,321966,321967,1,7
321959,321959,321967,8,0
321959,321966,321967,1,7
321959,321959,321967,8,0
321959,321966,321967,1,7
321959,321966,321967,1,7
321959,321959,321967,8,0
321959,321966,321967,1,7
321959,321959,321967,8,0
321959,321959,321968,9,0
321959,321966,321968,2,7
321959,321959,321968,9,0
321959,321965,321968,3,6
321959,321965,321968,3,6
321959,321959,321968,9,0
321959,321959,321968,9,0
321959,321967,321968,1,8
321959,321959,321968,9,0
321959,321959,321969,10,0
321959,321959,321969,10,0
321959,321959,321969,10,0
321959,321959,321969,10,0
321959,321959,321969,10,0
321959,321965,321969,4,6
321959,321968,321969,1,9
321959,321968,321969,1,9
321959,321959,321969,10,0
321959,321968,321969,1,9
321959,321968,321969,1,9
321959,321968,321969,1,9
321959,321968,321969,1,9
321959,321968,321969,1,9
321959,321968,321969,1,9
321959,321968,321969,1,9
321959,321968,321969,1,9
321959,321959,321970,11,0
321959,321959,321970,11,0
321959,321967,321970,3,8
321959,321967,321970,3,8
321959,321959,321970,11,0
321959,321965,321971,6,6
321959,321959,321971,12,0
321959,321959,321971,12,0
321959,321959,321971,12,0
321959,321959,321971,12,0
321959,321965,321971,6,6
321959,321959,321971,12,0
321959,321959,321972,13,0
321959,321959,321972,13,0
321959,321959,321973,14,0
321959,321959,321974,15,0
321959,321959,321974,15,0
321977,321977,321979,2,0
321977,321977,321979,2,0
321977,321977,321979,2,0
321977,321977,321979,2,0
321977,321977,321979,2,0
321977,321977,321980,3,0
321977,321979,321981,2,2
321977,321977,321980,3,0
321977,321979,321981,2,2
321977,321977,321981,4,0
321977,321977,321982,5,0
321977,321979,321981,2,2
321977,321979,321982,3,2
321977,321979,321982,3,2
321977,321980,321981,1,3
321977,321981,321982,1,4
321977,321977,321983,6,0
321977,321977,321983,6,0
321977,321977,321983,6,0
321977,321977,321982,5,0
321977,321977,321983,6,0
321977,321981,321983,2,4
321977,321977,321983,6,0
321977,321977,321983,6,0
321977,321981,321982,1,4
321977,321977,321984,7,0
321977,321977,321984,7,0
321977,321977,321984,7,0
321977,321977,321983,6,0
321977,321977,321984,7,0
321977,321977,321984,7,0
321977,321982,321984,2,5
321977,321982,321984,2,5
321977,321977,321984,7,0
321977,321982,321984,2,5
321977,321982,321984,2,5
321977,321982,321984,2,5
321977,321977,321985,8,0
321977,321982,321984,2,5
321977,321982,321984,2,5
321977,321977,321985,8,0
321977,321977,321985,8,0
321977,321983,321985,2,6
321977,321977,321985,8,0
321977,321977,321985,8,0
321977,321983,321985,2,6
321977,321983,321985,2,6
321977,321983,321985,2,6
321977,321983,321985,2,6
321977,321983,321986,3,6
321977,321977,321985,8,0
321977,321983,321986,3,6
321977,321977,321986,9,0
321977,321983,321986,3,6
321977,321977,321986,9,0
321977,321977,321985,8,0
321977,321983,321986,3,6
321977,321977,321986,9,0
321977,321984,321986,2,7
321977,321984,321986,2,7
321977,321977,321986,9,0
321977,321984,321986,2,7
321977,321984,321986,2,7
321977,321977,321986,9,0
321977,321984,321986,2,7
321977,321984,321986,2,7
321977,321984,321986,2,7
321977,321977,321987,10,0
321977,321984,321987,3,7
321977,321984,321987,3,7
321977,321984,321986,2,7
321977,321977,321987,10,0
321977,321977,321987,10,0
321977,321977,321987,10,0
321977,321977,321988,11,0
321977,321977,321988,11,0
321977,321977,321989,12,0
321977,321977,321989,12,0
321977,321977,321992,15,0
321995,321995,321997,2,0
321995,321995,321997,2,0
321995,321995,321997,2,0
321995,321995,321997,2,0
321995,321995,321997,2,0
321995,321995,321997,2,0
321995,321997,321999,2,2
321995,321997,321999,2,2
321995,321998,322000,2,3
321995,321997,322000,3,2
321995,321998,322000,2,3
321995,321995,322001,6,0
321995,321995,322001,6,0
321995,321995,322002,7,0
321995,321997,322001,4,2
321995,322000,322001,1,5
321995,321995,322001,6,0
321995,322000,322002,2,5
321995,321995,322003,8,0
321995,321995,322002,7,0
321995,321995,322002,7,0
321995,322000,322002,2,5
321995,322001,322002,1,6
321995,322001,322002,1,6
321995,321995,322002,7,0
321995,321995,322003,8,0
321995,321995,322003,8,0
321995,321995,322004,9,0
321995,321995,322003,8,0
321995,321995,322003,8,0
321995,321995,322004,9,0
321995,322002,322003,1,7
321995,322002,322003,1,7
321995,322002,322004,2,7
321995,321995,322003,8,0
321995,322002,322004,2,7
321995,322002,322004,2,7
321995,321995,322004,9,0
321995,322002,322003,1,7
321995,322002,322003,1,7
321995,321995,322004,9,0
321995,321995,322004,9,0
321995,321995,322004,9,0
321995,322003,322004,1,8
321995,322003,322004,1,8
321995,322003,322004,1,8
321995,321995,322004,9,0
321995,321995,322005,10,0
321995,322003,322004,1,8
321995,321995,322005,10,0
321995,322003,322004,1,8
321995,322003,322005,2,8
321995,322003,322005,2,8
321995,322004,322005,1,9
321995,321995,322005,10,0
321995,322004,322005,1,9
321995,322004,322005,1,9
321995,322004,322006,2,9
321995,322004,322006,2,9
321995,321995,322007,12,0
321995,322004,322007,3,9
321995,322004,322007,3,9
321995,322004,322006,2,9
321995,322004,322007,3,9
321995,322004,322007,3,9
321995,321995,322007,12,0
321995,321995,322007,12,0
321995,321995,322008,13,0
321995,321995,322008,13,0
321995,321995,322008,13,0
321995,321995,322009,14,0
321995,321995,322008,13,0
321995,321995,322008,13,0
321995,321995,322009,14,0
321995,321995,322009,14,0
321995,321995,322010,15,0
321995,321995,322012,17,0
321995,321995,322012,17,0
321995,321995,322012,17,0
322015,322016,322017,1,1
322015,322016,322017,1,1
322015,322016,322017,1,1
322015,322016,322017,1,1
322015,322016,322018,2,1
322015,322016,322018,2,1
322015,322016,322018,2,1
322015,322019,322020,1,4
322015,322018,322021,3,3
322015,322018,322020,2,3
322015,322018,322020,2,3
322015,322016,322022,6,1
322015,322016,322021,5,1
322015,322018,322022,4,3
322015,322019,322021,2,4
322015,322019,322021,2,4
322015,322016,322022,6,1
322015,322016,322022,6,1
322015,322016,322022,6,1
322015,322021,322022,1,6
322015,322021,322022,1,6
322015,322021,322023,2,6
322015,322021,322022,1,6
322015,322016,322023,7,1
322015,322022,322023,1,7
322015,322016,322023,7,1
322015,322022,322023,1,7
322015,322016,322023,7,1
322015,322016,322023,7,1
322015,322022,322023,1,7
322015,322016,322024,8,1
322015,322016,322024,8,1
322015,322016,322024,8,1
322015,322022,322024,2,7
322015,322016,322024,8,1
322015,322022,322025,3,7
322015,322016,322024,8,1
322015,322016,322025,9,1
322015,322023,322024,1,8
322015,322016,322024,8,1
322015,322023,322024,1,8
322015,322024,322025,1,9
322015,322023,322024,1,8
322015,322023,322024,1,8
322015,322016,322024,8,1
322015,322016,322024,8,1
322015,322023,322024,1,8
322015,322023,322025,2,8
322015,322016,322025,9,1
322015,322024,322025,1,9
322015,322016,322025,9,1
322015,322024,322025,1,9
322015,322024,322025,1,9
322015,322016,322025,9,1
322015,322024,322025,1,9
322015,322024,322025,1,9
322015,322016,322027,11,1
322015,322016,322026,10,1
322015,322024,322026,2,9
322015,322016,322027,11,1
322015,322023,322026,3,8
322015,322016,322026,10,1
322015,322016,322027,11,1
322015,322025,322027,2,10
322015,322025,322027,2,10
322015,322025,322027,2,10
322015,322025,322027,2,10
322015,322025,322027,2,10
322015,322016,322029,13,1
322015,322016,322028,12,1
322015,322016,322029,13,1
322015,322016,322029,13,1
322015,322016,322030,14,1
322015,322016,322032,16,1
322015,322016,322032,16,1
322015,322016,322033,17,1
322015,322016,322034,18,1
322015,322016,322036,20,1
322015,322016,322036,20,1
322039,322039,322041,2,0
322039,322039,322041,2,0
322039,322039,322041,2,0
322039,322039,322041,2,0
322039,322039,322041,2,0
322039,322039,322043,4,0
322039,322042,322043,1,3
322039,322042,322043,1,3
322039,322042,322043,1,3
322039,322042,322044,2,3
322039,322042,322044,2,3
322039,322043,322044,1,4
322039,322040,322045,5,1
322039,322045,322046,1,6
322039,322039,322045,6,0
322039,322044,322045,1,5
322039,322039,322046,7,0
322039,322039,322046,7,0
322039,322044,322046,2,5
322039,322044,322046,2,5
322039,322045,322046,1,6
322039,322045,322046,1,6
322039,322040,322047,7,1
322039,322040,322047,7,1
322039,322046,322047,1,7
322039,322046,322047,1,7
322039,322046,322047,1,7
322039,322039,322048,9,0
322039,322040,322048,8,1
322039,322046,322048,2,7
322039,322039,322049,10,0
322039,322039,322048,9,0
322039,322047,322048,1,8
322039,322039,322048,9,0
322039,322040,322049,9,1
322039,322047,322048,1,8
322039,322039,322048,9,0
322039,322047,322048,1,8
322039,322047,322048,1,8
322039,322039,322049,10,0
322039,322047,322049,2,8
322039,322048,322049,1,9
322039,322048,322049,1,9
322039,322039,322049,10,0
322039,322049,322050,1,10
322039,322048,322049,1,9
322039,322039,322050,11,0
322039,322040,322050,10,1
322039,322047,322050,3,8
322039,322039,322050,11,0
322039,322048,322050,2,9
322039,322048,322050,2,9
322039,322039,322050,11,0
322039,322049,322050,1,10
322039,322039,322050,11,0
322039,322039,322050,11,0
322039,322049,322050,1,10
322039,322049,322050,1,10
322039,322049,322050,1,10
322039,322040,322051,11,1
322039,322049,322051,2,10
322039,322049,322051,2,10
322039,322039,322051,12,0
322039,322049,322051,2,10
322039,322039,322051,12,0
322039,322039,322051,12,0
322039,322039,322052,13,0
322039,322040,322052,12,1
322039,322040,322052,12,1
322039,322040,322053,13,1
322039,322039,322053,14,0
322039,322039,322054,15,0
322039,322039,322055,16,0
322039,322039,322057,18,0
322039,322039,322059,20,0
322039,322039,322060,21,0
322039,322039,322061,22,0
322039,322039,322061,22,0
322039,322039,322061,22,0
322064,322064,322066,2,0
322064,322064,322066,2,0
322064,322064,322066,2,0
322064,322064,322066,2,0
322064,322064,322066,2,0
322064,322067,322068,1,3
322064,322064,322068,4,0
322064,322067,322068,1,3
322064,322067,322069,2,3
322064,322067,322069,2,3
322064,322067,322069,2,3
322064,322064,322070,6,0
322064,322069,322071,2,5
322064,322069,322070,1,5
322064,322064,322071,7,0
322064,322064,322071,7,0
322064,322069,322071,2,5
322064,322064,322072,8,0
322064,322064,322072,8,0
322064,322064,322072,8,0
322064,322070,322072,2,6
322064,322064,322072,8,0
322064,322070,322072,2,6
322064,322064,322072,8,0
322064,322064,322072,8,0
322064,322064,322072,8,0
322064,322064,322072,8,0
322064,322070,322072,2,6
322064,322071,322073,2,7
322064,322064,322073,9,0
322064,322064,322073,9,0
322064,322064,322073,9,0
322064,322064,322073,9,0
322064,322064,322074,10,0
322064,322064,322073,9,0
322064,322064,322073,9,0
322064,322071,322073,2,7
322064,322064,322073,9,0
322064,322064,322073,9,0
322064,322072,322073,1,8
322064,322072,322073,1,8
322064,322064,322074,10,0
322064,322064,322074,10,0
322064,322072,322074,2,8
322064,322073,322074,1,9
322064,322064,322074,10,0
322064,322073,322074,1,9
322064,322073,322074,1,9
322064,322073,322074,1,9
322064,322073,322074,1,9
322064,322073,322074,1,9
322064,322073,322074,1,9
322064,322073,322074,1,9
322064,322073,322074,1,9
322064,322064,322075,11,0
322064,322064,322076,12,0
322064,322064,322075,11,0
322064,322071,322075,4,7
322064,322072,322075,3,8
322064,322074,322075,1,10
322064,322074,322075,1,10
322064,322074,322075,1,10
322064,322064,322076,12,0
322064,322073,322076,3,9
322064,322074,322076,2,10
322064,322073,322076,3,9
322064,322074,322076,2,10
322064,322074,322076,2,10
322064,322064,322076,12,0
322064,322064,322077,13,0
322064,322064,322077,13,0
322064,322064,322078,14,0
322064,322064,322078,14,0
322064,322064,322078,14,0
322064,322064,322079,15,0
322064,322064,322079,15,0
322064,322064,322081,17,0
322064,322064,322085,21,0
322064,322064,322092,28,0
322095,322095,322097,2,0
322095,322095,322097,2,0
322095,322095,322097,2,0
322095,322095,322097,2,0
322095,322095,322097,2,0
322095,322095,322099,4,0
322095,322097,322099,2,2
322095,322095,322099,4,0
322095,322097,322099,2,2
322095,322097,322100,3,2
322095,322097,322100,3,2
322095,322095,322100,5,0
322095,322095,322101,6,0
322095,322095,322101,6,0
322095,322095,322101,6,0
322095,322095,322101,6,0
322095,322095,322101,6,0
322095,322095,322101,6,0
322095,322095,322101,6,0
322095,322095,322101,6,0
322095,322097,322101,4,2
322095,322095,322102,7,0
322095,322095,322102,7,0
322095,322095,322102,7,0
322095,322099,322102,3,4
322095,322100,322102,2,5
322095,322095,322102,7,0
322095,322100,322102,2,5
322095,322095,322103,8,0
322095,322095,322103,8,0
322095,322095,322103,8,0
322095,322099,322103,4,4
322095,322102,322103,1,7
322095,322102,322103,1,7
322095,322102,322103,1,7
322095,322102,322103,1,7
322095,322103,322104,1,8
322095,322095,322104,9,0
322095,322095,322104,9,0
322095,322095,322104,9,0
322095,322095,322104,9,0
322095,322102,322104,2,7
322095,322103,322104,1,8
322095,322100,322104,4,5
322095,322102,322104,2,7
322095,322102,322104,2,7
322095,322102,322104,2,7
322095,322101,322104,3,6
322095,322103,322104,1,8
322095,322103,322104,1,8
322095,322104,322105,1,9
322095,322095,322105,10,0
322095,322102,322105,3,7
322095,322095,322105,10,0
322095,322102,322105,3,7
322095,322095,322105,10,0
322095,322102,322105,3,7
322095,322095,322105,10,0
322095,322101,322105,4,6
322095,322104,322105,1,9
322095,322104,322105,1,9
322095,322104,322105,1,9
322095,322095,322106,11,0
322095,322103,322106,3,8
322095,322103,322106,3,8
322095,322104,322106,2,9
322095,322095,322106,11,0
322095,322095,322107,12,0
322095,322095,322108,13,0
322095,322095,322108,13,0
322095,322095,322108,13,0
322095,322095,322109,14,0
322095,322095,322109,14,0
322095,322095,322110,15,0
322095,322095,322111,16,0
322095,322101,322111,10,6
322095,322095,322112,17,0
322095,322095,322113,18,0
322095,322095,322113,18,0
322116,322116,322118,2,0
322116,322116,322118,2,0
322116,322116,322118,2,0
322116,322116,322118,2,0
322116,322116,322118,2,0
322116,322118,322120,2,2
322116,322118,322120,2,2
322116,322118,322120,2,2
322116,322118,322121,3,2
322116,322116,322122,6,0
322116,322119,322122,3,3
322116,322116,322122,6,0
322116,322116,322122,6,0
322116,322116,322123,7,0
322116,322116,322123,7,0
322116,322116,322122,6,0
322116,322116,322123,7,0
322116,322116,322123,7,0
322116,322120,322123,3,4
322116,322116,322123,7,0
322116,322116,322123,7,0
322116,322116,322123,7,0
322116,322116,322123,7,0
322116,322116,322124,8,0
322116,322116,322124,8,0
322116,322116,322124,8,0
322116,322120,322124,4,4
322116,322121,322124,3,5
322116,322116,322124,8,0
322116,322116,322125,9,0
322116,322116,322125,9,0
322116,322116,322125,9,0
322116,322123,322125,2,7
322116,322116,322125,9,0
322116,322116,322125,9,0
322116,322124,322125,1,8
322116,322124,322125,1,8
322116,322121,322125,4,5
322116,322124,322125,1,8
322116,322123,322126,3,7
322116,322123,322126,3,7
322116,322123,322126,3,7
322116,322125,322126,1,9
322116,322122,322126,4,6
322116,322125,322126,1,9
322116,322126,322127,1,10
322116,322125,322126,1,9
322116,322125,322126,1,9
322116,322116,322126,10,0
322116,322122,322126,4,6
322116,322125,322126,1,9
322116,322123,322126,3,7
322116,322125,322126,1,9
322116,322116,322126,10,0
322116,322116,322127,11,0
322116,322116,322127,11,0
322116,322116,322127,11,0
322116,322126,322127,1,10
322116,322126,322127,1,10
322116,322126,322127,1,10
322116,322116,322127,11,0
322116,322116,322128,12,0
322116,322116,322127,11,0
322116,322116,322127,11,0
322116,322116,322128,12,0
322116,322125,322128,3,9
322116,322116,322128,12,0
322116,322123,322128,5,7
322116,322116,322129,13,0
322116,322125,322129,4,9
322116,322122,322130,8,6
322116,322116,322130,14,0
322116,322116,322130,14,0
322116,322123,322130,7,7
322116,322123,322131,8,7
322116,322116,322132,16,0
322116,322116,322132,16,0
322116,322116,322133,17,0
322116,322116,322135,19,0
322138,322138,322140,2,0
322138,322138,322140,2,0
322138,322138,322140,2,0
322138,322138,322140,2,0
322138,322138,322140,2,0
322138,322138,322142,4,0
322138,322140,322143,3,2
322138,322138,322143,5,0
322138,322138,322142,4,0
322138,322140,322142,2,2
322138,322138,322144,6,0
322138,322140,322143,3,2
322138,322140,322143,3,2
322138,322142,322144,2,4
322138,322140,322144,4,2
322138,322138,322145,7,0
322138,322138,322145,7,0
322138,322138,322145,7,0
322138,322138,322145,7,0
322138,322138,322145,7,0
322138,322138,322145,7,0
322138,322138,322144,6,0
322138,322143,322145,2,5
322138,322138,322146,8,0
322138,322143,322146,3,5
322138,322144,322146,2,6
322138,322144,322147,3,6
322138,322144,322146,2,6
322138,322138,322147,9,0
322138,322144,322146,2,6
322138,322138,322146,8,0
322138,322146,322147,1,8
322138,322143,322147,4,5
322138,322143,322147,4,5
322138,322145,322147,2,7
322138,322145,322147,2,7
322138,322138,322147,9,0
322138,322145,322146,1,7
322138,322145,322147,2,7
322138,322146,322147,1,8
322138,322138,322148,10,0
322138,322138,322148,10,0
322138,322144,322147,3,6
322138,322145,322147,2,7
322138,322145,322148,3,7
322138,322145,322148,3,7
322138,322138,322149,11,0
322138,322138,322148,10,0
322138,322138,322149,11,0
322138,322138,322148,10,0
322138,322146,322149,3,8
322138,322147,322149,2,9
322138,322147,322149,2,9
322138,322147,322149,2,9
322138,322147,322149,2,9
322138,322147,322149,2,9
322138,322147,322149,2,9
322138,322147,322149,2,9
322138,322147,322149,2,9
322138,322148,322149,1,10
322138,322138,322150,12,0
322138,322138,322149,11,0
322138,322138,322149,11,0
322138,322138,322150,12,0
322138,322138,322149,11,0
322138,322138,322149,11,0
322138,322145,322149,4,7
322138,322138,322151,13,0
322138,322138,322151,13,0
322138,322138,322152,14,0
322138,322138,322152,14,0
322138,322138,322152,14,0
322138,322138,322152,14,0
322138,322138,322158,20,0
322138,322138,322158,20,0
322138,322138,322161,23,0
322138,322138,322164,26,0
322138,322138,322164,26,0
322138,322138,322165,27,0
322169,322169,322171,2,0
322169,322169,322171,2,0
322169,322169,322171,2,0
322169,322169,322171,2,0
322169,322169,322171,2,0
322169,322169,322172,3,0
322169,322169,322174,5,0
322169,322169,322175,6,0
322169,322171,322175,4,2
322169,322171,322175,4,2
322169,322169,322175,6,0
322169,322169,322174,5,0
322169,322171,322175,4,2
322169,322171,322175,4,2
322169,322172,322175,3,3
322169,322169,322176,7,0
322169,322169,322176,7,0
322169,322172,322176,4,3
322169,322169,322176,7,0
322169,322169,322176,7,0
322169,322169,322176,7,0
322169,322174,322176,2,5
322169,322169,322177,8,0
322169,322175,322177,2,6
322169,322169,322177,8,0
322169,322169,322177,8,0
322169,322169,322176,7,0
322169,322169,322177,8,0
322169,322169,322178,9,0
322169,322169,322178,9,0
322169,322176,322178,2,7
322169,322176,322178,2,7
322169,322176,322178,2,7
322169,322175,322177,2,6
322169,322176,322178,2,7
322169,322169,322178,9,0
322169,322175,322178,3,6
322169,322176,322178,2,7
322169,322176,322178,2,7
322169,322175,322178,3,6
322169,322175,322178,3,6
322169,322175,322178,3,6
322169,322175,322178,3,6
322169,322175,322177,2,6
322169,322176,322178,2,7
322169,322169,322178,9,0
322169,322169,322179,10,0
322169,322169,322178,9,0
322169,322177,322178,1,8
322169,322177,322179,2,8
322169,322177,322179,2,8
322169,322177,322178,1,8
322169,322177,322179,2,8
322169,322178,322180,2,9
322169,322178,322180,2,9
322169,322178,322180,2,9
322169,322178,322180,2,9
322169,322178,322180,2,9
322169,322169,322181,12,0
322169,322169,322180,11,0
322169,322169,322180,11,0
322169,322169,322180,11,0
322169,322169,322180,11,0
322169,322169,322180,11,0
322169,322178,322181,3,9
322169,322178,322181,3,9
322169,322178,322181,3,9
322169,322169,322181,12,0
322169,322169,322182,13,0
322169,322169,322183,14,0
322169,322169,322183,14,0
322169,322169,322183,14,0
322169,322169,322184,15,0
322169,322169,322184,15,0
322169,322169,322184,15,0
322169,322169,322185,16,0
322169,322169,322186,17,0
322169,322169,322185,16,0
322169,322169,322188,19,0
322191,322191,322192,1,0
322191,322191,322193,2,0
322191,322191,322193,2,0
322191,322191,322193,2,0
322191,322191,322193,2,0
322191,322193,322194,1,2
322191,322194,322196,2,3
322191,322193,322196,3,2
322191,322191,322196,5,0
322191,322191,322196,5,0
322191,322191,322197,6,0
322191,322191,322197,6,0
322191,322191,322197,6,0
322191,322191,322197,6,0
322191,322195,322196,1,4
322191,322191,322198,7,0
322191,322191,322198,7,0
322191,322193,322198,5,2
322191,322193,322198,5,2
322191,322196,322198,2,5
322191,322191,322198,7,0
322191,322196,322198,2,5
322191,322191,322198,7,0
322191,322191,322197,6,0
322191,322196,322198,2,5
322191,322191,322198,7,0
322191,322191,322198,7,0
322191,322197,322198,1,6
322191,322197,322198,1,6
322191,322197,322198,1,6
322191,322197,322199,2,6
322191,322197,322199,2,6
322191,322197,322199,2,6
322191,322191,322200,9,0
322191,322191,322199,8,0
322191,322191,322200,9,0
322191,322198,322199,1,7
322191,322198,322200,2,7
322191,322199,322200,1,8
322191,322198,322200,2,7
322191,322198,322200,2,7
322191,322198,322200,2,7
322191,322198,322200,2,7
322191,322198,322200,2,7
322191,322198,322200,2,7
322191,322191,322200,9,0
322191,322191,322200,9,0
322191,322191,322200,9,0
322191,322191,322200,9,0
322191,322191,322200,9,0
322191,322199,322200,1,8
322191,322199,322200,1,8
322191,322199,322201,2,8
322191,322198,322201,3,7
322191,322198,322201,3,7
322191,322199,322200,1,8
322191,322199,322200,1,8
322191,322199,322200,1,8
322191,322199,322201,2,8
322191,322191,322201,10,0
322191,322191,322202,11,0
322191,322191,322202,11,0
322191,322191,322201,10,0
322191,322191,322201,10,0
322191,322191,322202,11,0
322191,322200,322203,3,9
322191,322200,322202,2,9
322191,322191,322203,12,0
322191,322191,322204,13,0
322191,322191,322203,12,0
322191,322191,322203,12,0
322191,322191,322203,12,0
322191,322191,322203,12,0
322191,322191,322204,13,0
322191,322191,322204,13,0
322191,322191,322205,14,0
322191,322191,322205,14,0
322191,322191,322204,13,0
322191,322191,322207,16,0
322210,322210,322211,1,0
322210,322210,322211,1,0
322210,322210,322211,1,0
322210,322210,322211,1,0
322210,322212,322213,1,2
322210,322210,322213,3,0
322210,322212,322213,1,2
322210,322212,322214,2,2
322210,322212,322214,2,2
322210,322210,322215,5,0
322210,322210,322216,6,0
322210,322210,322216,6,0
322210,322210,322216,6,0
322210,322210,322216,6,0
322210,322210,322216,6,0
322210,322214,322216,2,4
322210,322214,322217,3,4
322210,322210,322217,7,0
322210,322214,322217,3,4
322210,322214,322217,3,4
322210,322210,322218,8,0
322210,322210,322218,8,0
322210,322210,322218,8,0
322210,322214,322218,4,4
322210,322217,322219,2,7
322210,322210,322219,9,0
322210,322216,322219,3,6
322210,322216,322218,2,6
322210,322210,322219,9,0
322210,322210,322220,10,0
322210,322210,322220,10,0
322210,322210,322219,9,0
322210,322210,322220,10,0
322210,322217,322219,2,7
322210,322218,322220,2,8
322210,322218,322220,2,8
322210,322217,322219,2,7
322210,322217,322220,3,7
322210,322217,322219,2,7
322210,322218,322220,2,8
322210,322210,322220,10,0
322210,322210,322220,10,0
322210,322210,322221,11,0
322210,322210,322220,10,0
322210,322210,322220,10,0
322210,322210,322220,10,0
322210,322210,322221,11,0
322210,322210,322220,10,0
322210,322210,322221,11,0
322210,322210,322221,11,0
322210,322219,322220,1,9
322210,322219,322220,1,9
322210,322218,322220,2,8
322210,322219,322220,1,9
322210,322219,322220,1,9
322210,322218,322220,2,8
322210,322219,322220,1,9
322210,322219,322220,1,9
322210,322219,322220,1,9
322210,322210,322221,11,0
322210,322210,322222,12,0
322210,322210,322221,11,0
322210,322220,322221,1,10
322210,322220,322221,1,10
322210,322220,322221,1,10
322210,322220,322222,2,10
322210,322210,322222,12,0
322210,322210,322222,12,0
322210,322210,322222,12,0
322210,322220,322222,2,10
322210,322220,322224,4,10
322210,322210,322224,14,0
322210,322220,322223,3,10
322210,322210,322224,14,0
322210,322210,322227,17,0
322210,322210,322228,18,0
322210,322210,322229,19,0
322210,322210,322233,23,0
322210,322210,322234,24,0
322236,322236,322238,2,0
322236,322236,322238,2,0
322236,322236,322238,2,0
322236,322236,322238,2,0
322236,322237,322240,3,1
322236,322236,322240,4,0
322236,322239,322240,1,3
322236,322239,322240,1,3
322236,322239,322240,1,3
322236,322239,322241,2,3
322236,322237,322242,5,1
322236,322237,322243,6,1
322236,322241,322243,2,5
322236,322241,322243,2,5
322236,322241,322244,3,5
322236,322241,322243,2,5
322236,322237,322244,7,1
322236,322236,322244,8,0
322236,322236,322244,8,0
322236,322236,322245,9,0
322236,322237,322245,8,1
322236,322237,322245,8,1
322236,322237,322246,9,1
322236,322236,322245,9,0
322236,322237,322246,9,1
322236,322244,322245,1,8
322236,322242,322245,3,6
322236,322237,322245,8,1
322236,322244,322246,2,8
322236,322237,322246,9,1
322236,322237,322246,9,1
322236,322237,322246,9,1
322236,322236,322246,10,0
322236,322244,322246,2,8
322236,322236,322246,10,0
322236,322237,322246,9,1
322236,322244,322246,2,8
322236,322237,322247,10,1
322236,322245,322246,1,9
322236,322236,322246,10,0
322236,322245,322247,2,9
322236,322237,322247,10,1
322236,322236,322247,11,0
322236,322236,322247,11,0
322236,322241,322247,6,5
322236,322246,322247,1,10
322236,322246,322247,1,10
322236,322246,322247,1,10
322236,322237,322247,10,1
322236,322237,322248,11,1
322236,322237,322248,11,1
322236,322246,322247,1,10
322236,322247,322248,1,11
322236,322237,322247,10,1
322236,322246,322247,1,10
322236,322246,322247,1,10
322236,322237,322248,11,1
322236,322237,322248,11,1
322236,322236,322248,12,0
322236,322244,322249,5,8
322236,322236,322248,12,0
322236,322247,322248,1,11
322236,322247,322248,1,11
322236,322247,322249,2,11
322236,322237,322249,12,1
322236,322237,322249,12,1
322236,322246,322249,3,10
322236,322246,322249,3,10
322236,322245,322249,4,9
322236,322247,322249,2,11
322236,322237,322249,12,1
322236,322236,322250,14,0
322236,322237,322250,13,1
322236,322246,322250,4,10
322236,322247,322250,3,11
322236,322243,322250,7,7
322236,322236,322251,15,0
322236,322236,322252,16,0
322236,322246,322253,7,10
322256,322256,322258,2,0
322256,322256,322258,2,0
322256,322256,322258,2,0
322256,322256,322258,2,0
322256,322256,322259,3,0
322256,322256,322261,5,0
322256,322258,322261,3,2
322256,322258,322261,3,2
322256,322259,322261,2,3
322256,322258,322262,4,2
322256,322258,322262,4,2
322256,322256,322262,6,0
322256,322256,322262,6,0
322256,322256,322262,6,0
322256,322256,322263,7,0
322256,322256,322263,7,0
322256,322256,322263,7,0
322256,322256,322263,7,0
322256,322262,322264,2,6
322256,322262,322263,1,6
322256,322256,322264,8,0
322256,322263,322264,1,7
322256,322262,322264,2,6
322256,322256,322264,8,0
322256,322263,322264,1,7
322256,322256,322265,9,0
322256,322256,322266,10,0
322256,322256,322265,9,0
322256,322264,322265,1,8
322256,322256,322265,9,0
322256,322264,322265,1,8
322256,322261,322266,5,5
322256,322256,322266,10,0
322256,322263,322266,3,7
322256,322256,322266,10,0
322256,322256,322266,10,0
322256,322265,322266,1,9
322256,322263,322266,3,7
322256,322256,322266,10,0
322256,322265,322266,1,9
322256,322264,322266,2,8
322256,322256,322267,11,0
322256,322256,322266,10,0
322256,322265,322266,1,9
322256,322263,322267,4,7
322256,322263,322267,4,7
322256,322256,322267,11,0
322256,322264,322267,3,8
322256,322265,322267,2,9
322256,322256,322267,11,0
322256,322266,322267,1,10
322256,322266,322267,1,10
322256,322256,322267,11,0
322256,322256,322267,11,0
322256,322266,322267,1,10
322256,322266,322267,1,10
322256,322266,322267,1,10
322256,322265,322268,3,9
322256,322266,322268,2,10
322256,322267,322268,1,11
322256,322264,322268,4,8
322256,322256,322268,12,0
322256,322256,322268,12,0
322256,322267,322269,2,11
322256,322267,322269,2,11
322256,322256,322270,14,0
322256,322267,322270,3,11
322256,322256,322270,14,0
322256,322256,322270,14,0
322256,322256,322270,14,0
322256,322256,322271,15,0
322256,322256,322272,16,0
322256,322256,322272,16,0
322256,322256,322272,16,0
322256,322256,322272,16,0
322256,322256,322273,17,0
322256,322256,322273,17,0
322256,322256,322275,19,0
322256,322256,322276,20,0
322279,322279,322281,2,0
322279,322279,322281,2,0
322279,322279,322281,2,0
322279,322279,322281,2,0
322279,322279,322282,3,0
322279,322279,322285,6,0
322279,322282,322284,2,3
322279,322281,322285,4,2
322279,322281,322285,4,2
322279,322281,322285,4,2
322279,322281,322285,4,2
322279,322279,322286,7,0
322279,322279,322286,7,0
322279,322279,322286,7,0
322279,322285,322287,2,6
322279,322279,322287,8,0
322279,322285,322287,2,6
322279,322285,322287,2,6
322279,322285,322287,2,6
322279,322279,322288,9,0
322279,322279,322287,8,0
322279,322279,322288,9,0
322279,322279,322288,9,0
322279,322286,322288,2,7
322279,322279,322288,9,0
322279,322286,322288,2,7
322279,322286,322288,2,7
322279,322279,322288,9,0
322279,322279,322289,10,0
322279,322279,322289,10,0
322279,322279,322289,10,0
322279,322285,322289,4,6
322279,322279,322289,10,0
322279,322279,322289,10,0
322279,322287,322289,2,8
322279,322287,322289,2,8
322279,322279,322289,10,0
322279,322279,322289,10,0
322279,322287,322289,2,8
322279,322279,322289,10,0
322279,322279,322289,10,0
322279,322288,322289,1,9
322279,322287,322289,2,8
322279,322279,322290,11,0
322279,322279,322290,11,0
322279,322279,322290,11,0
322279,322286,322290,4,7
322279,322279,322290,11,0
322279,322288,322289,1,9
322279,322289,322290,1,10
322279,322289,322290,1,10
322279,322289,322290,1,10
322279,322289,322290,1,10
322279,322289,322290,1,10
322279,322289,322290,1,10
322279,322279,322291,12,0
322279,322279,322290,11,0
322279,322279,322290,11,0
322279,322279,322291,12,0
322279,322290,322291,1,11
322279,322290,322291,1,11
322279,322279,322291,12,0
322279,322279,322292,13,0
322279,322289,322292,3,10
322279,322289,322291,2,10
322279,322288,322292,4,9
322279,322289,322292,3,10
322279,322289,322292,3,10
322279,322289,322292,3,10
322279,322289,322292,3,10
322279,322279,322293,14,0
322279,322279,322293,14,0
322279,322279,322294,15,0
322279,322279,322293,14,0
322279,322279,322295,16,0
322279,322279,322295,16,0
322279,322279,322297,18,0
322279,322279,322298,19,0
322279,322279,322300,21,0
322303,322303,322305,2,0
322303,322303,322305,2,0
322303,322303,322305,2,0
322303,322303,322305,2,0
322303,322303,322305,2,0
322303,322305,322308,3,2
322303,322303,322307,4,0
322303,322305,322308,3,2
322303,322306,322308,2,3
322303,322303,322308,5,0
322303,322305,322307,2,2
322303,322305,322308,3,2
322303,322303,322309,6,0
322303,322303,322310,7,0
322303,322303,322310,7,0
322303,322303,322310,7,0
322303,322303,322310,7,0
322303,322303,322310,7,0
322303,322308,322310,2,5
322303,322303,322309,6,0
322303,322308,322310,2,5
322303,322303,322310,7,0
322303,322308,322310,2,5
322303,322309,322310,1,6
322303,322308,322310,2,5
322303,322308,322310,2,5
322303,322303,322311,8,0
322303,322308,322310,2,5
322303,322303,322311,8,0
322303,322303,322311,8,0
322303,322303,322311,8,0
322303,322309,322311,2,6
322303,322303,322312,9,0
322303,322303,322311,8,0
322303,322303,322311,8,0
322303,322310,322312,2,7
322303,322310,322312,2,7
322303,322310,322312,2,7
322303,322310,322312,2,7
322303,322310,322312,2,7
322303,322310,322312,2,7
322303,322310,322312,2,7
322303,322310,322312,2,7
322303,322311,322312,1,8
322303,322311,322312,1,8
322303,322311,322312,1,8
322303,322303,322313,10,0
322303,322303,322313,10,0
322303,322303,322313,10,0
322303,322310,322313,3,7
322303,322303,322313,10,0
322303,322310,322313,3,7
322303,322311,322312,1,8
322303,322312,322313,1,9
322303,322312,322313,1,9
322303,322312,322313,1,9
322303,322312,322313,1,9
322303,322303,322314,11,0
322303,322311,322314,3,8
322303,322312,322314,2,9
322303,322303,322314,11,0
322303,322312,322314,2,9
322303,322303,322314,11,0
322303,322303,322314,11,0
322303,322303,322315,12,0
322303,322303,322315,12,0
322303,322312,322315,3,9
322303,322303,322314,11,0
322303,322303,322315,12,0
322303,322303,322315,12,0
322303,322303,322315,12,0
322303,322303,322316,13,0
322303,322303,322316,13,0
322303,322303,322318,15,0
322303,322303,322318,15,0
322303,322303,322318,15,0
322303,322303,322319,16,0
322303,322303,322319,16,0
322303,322303,322320,17,0
322324,322324,322326,2,0
322324,322324,322326,2,0
322324,322324,322326,2,0
322324,322324,322326,2,0
322324,322324,322326,2,0
322324,322326,322328,2,2
322324,322326,322327,1,2
322324,322326,322328,2,2
322324,322327,322328,1,3
322324,322326,322328,2,2
322324,322324,322328,4,0
322324,322324,322329,5,0
322324,322324,322329,5,0
322324,322324,322330,6,0
322324,322324,322330,6,0
322324,322324,322329,5,0
322324,322328,322329,1,4
322324,322324,322330,6,0
322324,322328,322329,1,4
322324,322324,322330,6,0
322324,322328,322330,2,4
322324,322324,322331,7,0
322324,322324,322331,7,0
322324,322324,322330,6,0
322324,322329,322330,1,5
322324,322324,322331,7,0
322324,322329,322330,1,5
322324,322329,322330,1,5
322324,322329,322330,1,5
322324,322329,322330,1,5
322324,322324,322332,8,0
322324,322331,322332,1,7
322324,322330,322331,1,6
322324,322324,322332,8,0
322324,322330,322332,2,6
322324,322330,322332,2,6
322324,322324,322331,7,0
322324,322330,322332,2,6
322324,322330,322332,2,6
322324,322330,322332,2,6
322324,322330,322332,2,6
322324,322324,322333,9,0
322324,322324,322332,8,0
322324,322324,322333,9,0
322324,322324,322333,9,0
322324,322330,322333,3,6
322324,322324,322333,9,0
322324,322331,322332,1,7
322324,322332,322333,1,8
322324,322331,322333,2,7
322324,322331,322333,2,7
322324,322331,322332,1,7
322324,322331,322332,1,7
322324,322331,322333,2,7
322324,322324,322334,10,0
322324,322331,322334,3,7
322324,322324,322334,10,0
322324,322332,322334,2,8
322324,322324,322334,10,0
322324,322332,322334,2,8
322324,322332,322333,1,8
322324,322332,322334,2,8
322324,322324,322334,10,0
322324,322331,322335,4,7
322324,322324,322336,12,0
322324,322324,322336,12,0
322324,322324,322335,11,0
322324,322324,322336,12,0
322324,322324,322335,11,0
322324,322324,322337,13,0
322324,322324,322338,14,0
322324,322324,322338,14,0
322324,322324,322338,14,0
322324,322324,322339,15,0
322324,322324,322339,15,0
322324,322324,322340,16,0
322324,322324,322340,16,0
322324,322324,322341,17,0
322324,322324,322344,20,0
322347,322347,322348,1,0
322347,322347,322349,2,0
322347,322347,322348,1,0
322347,322347,322348,1,0
322347,322347,322349,2,0
322347,322349,322351,2,2
322347,322349,322351,2,2
322347,322349,322350,1,2
322347,322349,322350,1,2
322347,322349,322350,1,2
322347,322347,322352,5,0
322347,322347,322351,4,0
322347,322347,322353,6,0
322347,322347,322352,5,0
322347,322351,322352,1,4
322347,322351,322353,2,4
322347,322351,322353,2,4
322347,322351,322353,2,4
322347,322351,322352,1,4
322347,322347,322353,6,0
322347,322347,322353,6,0
322347,322347,322354,7,0
322347,322352,322353,1,5
322347,322347,322354,7,0
322347,322347,322354,7,0
322347,322347,322354,7,0
322347,322347,322355,8,0
322347,322352,322355,3,5
322347,322353,322354,1,6
322347,322347,322355,8,0
322347,322353,322354,1,6
322347,322347,322355,8,0
322347,322347,322355,8,0
322347,322353,322354,1,6
322347,322347,322355,8,0
322347,322353,322354,1,6
322347,322353,322354,1,6
322347,322347,322355,8,0
322347,322347,322356,9,0
322347,322347,322355,8,0
322347,322347,322356,9,0
322347,322347,322356,9,0
322347,322354,322355,1,7
322347,322354,322355,1,7
322347,322347,322355,8,0
322347,322347,322356,9,0
322347,322354,322356,2,7
322347,322347,322356,9,0
322347,322353,322356,3,6
322347,322353,322356,3,6
322347,322354,322356,2,7
322347,322347,322356,9,0
322347,322347,322357,10,0
322347,322355,322356,1,8
322347,322355,322356,1,8
322347,322355,322356,1,8
322347,322355,322356,1,8
322347,322355,322356,1,8
322347,322355,322356,1,8
322347,322355,322357,2,8
322347,322347,322357,10,0
322347,322347,322357,10,0
322347,322355,322357,2,8
322347,322347,322357,10,0
322347,322355,322357,2,8
322347,322355,322358,3,8
322347,322355,322358,3,8
322347,322347,322357,10,0
322347,322347,322357,10,0
322347,322355,322358,3,8
322347,322347,322359,12,0
322347,322347,322360,13,0
322347,322347,322361,14,0
322347,322347,322360,13,0
322347,322347,322362,15,0
322347,322347,322362,15,0
322347,322347,322362,15,0
322347,322347,322364,17,0
322347,322347,322368,21,0
322372,322372,322374,2,0
322372,322372,322373,1,0
322372,322372,322373,1,0
322372,322372,322373,1,0
322372,322372,322373,1,0
322372,322372,322375,3,0
322372,322372,322375,3,0
322372,322374,322375,1,2
322372,322372,322376,4,0
322372,322374,322375,1,2
322372,322374,322375,1,2
322372,322374,322375,1,2
322372,322372,322376,4,0
322372,322372,322376,4,0
322372,322372,322376,4,0
322372,322374,322376,2,2
322372,322372,322377,5,0
322372,322372,322378,6,0
322372,322376,322377,1,4
322372,322372,322378,6,0
322372,322376,322377,1,4
322372,322376,322377,1,4
322372,322372,322377,5,0
322372,322372,322378,6,0
322372,322376,322379,3,4
322372,322376,322378,2,4
322372,322377,322378,1,5
322372,322372,322379,7,0
322372,322372,322379,7,0
322372,322372,322379,7,0
322372,322372,322379,7,0
322372,322377,322379,2,5
322372,322372,322379,7,0
322372,322378,322379,1,6
322372,322378,322379,1,6
322372,322376,322379,3,4
322372,322378,322379,1,6
322372,322378,322379,1,6
322372,322377,322380,3,5
322372,322376,322380,4,4
322372,322377,322380,3,5
322372,322378,322381,3,6
322372,322378,322381,3,6
322372,322372,322381,9,0
322372,322379,322380,1,7
322372,322380,322381,1,8
322372,322372,322381,9,0
322372,322372,322380,8,0
322372,322372,322380,8,0
322372,322376,322380,4,4
322372,322379,322380,1,7
322372,322372,322381,9,0
322372,322372,322381,9,0
322372,322372,322382,10,0
322372,322380,322381,1,8
322372,322380,322381,1,8
322372,322380,322382,2,8
322372,322380,322381,1,8
322372,322380,322382,2,8
322372,322379,322382,3,7
322372,322379,322383,4,7
322372,322380,322383,3,8
322372,322372,322383,11,0
322372,322380,322382,2,8
322372,322372,322382,10,0
322372,322372,322382,10,0
322372,322372,322383,11,0
322372,322372,322383,11,0
322372,322372,322383,11,0
322372,322372,322383,11,0
322372,322372,322384,12,0
322372,322372,322385,13,0
322372,322372,322386,14,0
322372,322372,322386,14,0
322372,322372,322385,13,0
322372,322372,322388,16,0
322372,322372,322389,17,0
322372,322372,322389,17,0
322372,322372,322391,19,0
322393,322394,322395,1,1
322393,322394,322395,1,1
322393,322394,322395,1,1
322393,322393,322395,2,0
322393,322393,322396,3,0
322393,322394,322398,4,1
322393,322396,322397,1,3
322393,322396,322397,1,3
322393,322396,322397,1,3
322393,322396,322397,1,3
322393,322394,322398,4,1
322393,322397,322398,1,4
322393,322394,322399,5,1
322393,322394,322399,5,1
322393,322394,322399,5,1
322393,322398,322399,1,5
322393,322398,322399,1,5
322393,322398,322399,1,5
322393,322398,322400,2,5
322393,322398,322399,1,5
322393,322394,322400,6,1
322393,322394,322400,6,1
322393,322399,322401,2,6
322393,322394,322402,8,1
322393,322394,322401,7,1
322393,322394,322401,7,1
322393,322394,322401,7,1
322393,322394,322402,8,1
322393,322400,322402,2,7
322393,322400,322401,1,7
322393,322400,322401,1,7
322393,322394,322401,7,1
322393,322394,322402,8,1
322393,322400,322401,1,7
322393,322400,322402,2,7
322393,322399,322402,3,6
322393,322394,322402,8,1
322393,322394,322402,8,1
322393,322401,322402,1,8
322393,322394,322402,8,1
322393,322394,322403,9,1
322393,322394,322403,9,1
322393,322401,322402,1,8
322393,322394,322402,8,1
322393,322394,322403,9,1
322393,322400,322403,3,7
322393,322400,322403,3,7
322393,322394,322403,9,1
322393,322394,322403,9,1
322393,322402,322404,2,9
322393,322394,322403,9,1
322393,322402,322403,1,9
322393,322402,322403,1,9
322393,322402,322403,1,9
322393,322402,322403,1,9
322393,322402,322403,1,9
322393,322402,322403,1,9
322393,322402,322403,1,9
322393,322402,322403,1,9
322393,322394,322404,10,1
322393,322401,322404,3,8
322393,322402,322405,3,9
322393,322394,322405,11,1
322393,322402,322404,2,9
322393,322400,322404,4,7
322393,322402,322404,2,9
322393,322394,322404,10,1
322393,322394,322404,10,1
322393,322394,322405,11,1
322393,322394,322406,12,1
322393,322394,322405,11,1
322393,322394,322406,12,1
322393,322394,322407,13,1
322393,322394,322407,13,1
322393,322394,322407,13,1
322393,322394,322407,13,1
322393,322394,322408,14,1
322393,322394,322409,15,1
322393,322394,322419,25,1
322422,322422,322424,2,0
322422,322422,322424,2,0
322422,322422,322424,2,0
322422,322422,322424,2,0
322422,322422,322424,2,0
322422,322424,322426,2,2
322422,322424,322426,2,2
322422,322424,322426,2,2
322422,322425,322426,1,3
322422,322425,322426,1,3
322422,322422,322427,5,0
322422,322422,322427,5,0
322422,322422,322427,5,0
322422,322422,322428,6,0
322422,322422,322428,6,0
322422,322422,322428,6,0
322422,322422,322428,6,0
322422,322422,322428,6,0
322422,322422,322428,6,0
322422,322422,322428,6,0
322422,322427,322428,1,5
322422,322422,322428,6,0
322422,322427,322428,1,5
322422,322427,322428,1,5
322422,322427,322428,1,5
322422,322422,322429,7,0
322422,322422,322429,7,0
322422,322422,322429,7,0
322422,322422,322429,7,0
322422,322427,322429,2,5
322422,322422,322429,7,0
322422,322422,322429,7,0
322422,322422,322430,8,0
322422,322422,322430,8,0
322422,322422,322430,8,0
322422,322427,322430,3,5
322422,322422,322430,8,0
322422,322429,322430,1,7
322422,322429,322430,1,7
322422,322429,322431,2,7
322422,322429,322430,1,7
322422,322429,322430,1,7
322422,322429,322430,1,7
322422,322429,322430,1,7
322422,322427,322431,4,5
322422,322430,322431,1,8
322422,322430,322431,1,8
322422,322430,322431,1,8
322422,322430,322431,1,8
322422,322422,322432,10,0
322422,322422,322431,9,0
322422,322430,322431,1,8
322422,322422,322432,10,0
322422,322429,322432,3,7
322422,322422,322432,10,0
322422,322429,322432,3,7
322422,322430,322432,2,8
322422,322428,322432,4,6
322422,322429,322432,3,7
322422,322422,322432,10,0
322422,322422,322432,10,0
322422,322422,322432,10,0
322422,322431,322433,2,9
322422,322422,322434,12,0
322422,322431,322433,2,9
322422,322422,322433,11,0
322422,322429,322433,4,7
322422,322429,322433,4,7
322422,322431,322433,2,9
322422,322422,322433,11,0
322422,322422,322434,12,0
322422,322422,322434,12,0
322422,322422,322435,13,0
322422,322429,322435,6,7
322422,322422,322435,13,0
322422,322422,322436,14,0
322422,322422,322436,14,0
322422,322422,322437,15,0
322422,322422,322439,17,0
322442,322442,322444,2,0
322442,322442,322444,2,0
322442,322442,322444,2,0
322442,322442,322444,2,0
322442,322442,322444,2,0
322442,322444,322445,1,2
322442,322444,322446,2,2
322442,322444,322446,2,2
322442,322444,322446,2,2
322442,322442,322446,4,0
322442,322444,322446,2,2
322442,322442,322447,5,0
322442,322442,322447,5,0
322442,322442,322447,5,0
322442,322442,322446,4,0
322442,322442,322446,4,0
322442,322442,322447,5,0
322442,322442,322448,6,0
322442,322442,322448,6,0
322442,322442,322448,6,0
322442,322442,322448,6,0
322442,322442,322448,6,0
322442,322442,322448,6,0
322442,322446,322448,2,4
322442,322446,322448,2,4
322442,322446,322448,2,4
322442,322446,322448,2,4
322442,322446,322448,2,4
322442,322442,322449,7,0
322442,322442,322448,6,0
322442,322442,322449,7,0
322442,322447,322449,2,5
322442,322442,322449,7,0
322442,322448,322449,1,6
322442,322447,322449,2,5
322442,322442,322449,7,0
322442,322442,322450,8,0
322442,322447,322450,3,5
322442,322442,322450,8,0
322442,322447,322450,3,5
322442,322442,322450,8,0
322442,322448,322450,2,6
322442,322448,322450,2,6
322442,322448,322450,2,6
322442,322449,322450,1,7
322442,322442,322450,8,0
322442,322449,322450,1,7
322442,322448,322450,2,6
322442,322449,322450,1,7
322442,322448,322451,3,6
322442,322442,322451,9,0
322442,322448,322451,3,6
322442,322448,322451,3,6
322442,322442,322451,9,0
322442,322442,322451,9,0
322442,322448,322451,3,6
322442,322446,322451,5,4
322442,322442,322451,9,0
322442,322450,322451,1,8
322442,322442,322451,9,0
322442,322450,322451,1,8
322442,322442,322451,9,0
322442,322450,322451,1,8
322442,322450,322451,1,8
322442,322449,322452,3,7
322442,322442,322452,10,0
322442,322449,322452,3,7
322442,322449,322452,3,7
322442,322442,322452,10,0
322442,322442,322452,10,0
322442,322442,322453,11,0
322442,322448,322453,5,6
322442,322442,322453,11,0
322442,322442,322453,11,0
322442,322442,322453,11,0
322442,322442,322453,11,0
322442,322442,322454,12,0
322442,322442,322455,13,0
322442,322442,322455,13,0
322458,322458,322459,1,0
322458,322458,322460,2,0
322458,322458,322460,2,0
322458,322458,322460,2,0
322458,322458,322460,2,0
322458,322458,322462,4,0
322458,322458,322462,4,0
322458,322458,322462,4,0
322458,322458,322462,4,0
322458,322458,322462,4,0
322458,322460,322462,2,2
322458,322458,322463,5,0
322458,322458,322463,5,0
322458,322458,322463,5,0
322458,322458,322463,5,0
322458,322460,322463,3,2
322458,322458,322463,5,0
322458,322460,322463,3,2
322458,322460,322463,3,2
322458,322460,322463,3,2
322458,322458,322464,6,0
322458,322458,322464,6,0
322458,322462,322464,2,4
322458,322462,322464,2,4
322458,322458,322464,6,0
322458,322458,322465,7,0
322458,322458,322464,6,0
322458,322458,322465,7,0
322458,322458,322465,7,0
322458,322458,322465,7,0
322458,322463,322465,2,5
322458,322458,322465,7,0
322458,322463,322465,2,5
322458,322463,322465,2,5
322458,322458,322465,7,0
322458,322463,322465,2,5
322458,322458,322465,7,0
322458,322463,322466,3,5
322458,322458,322466,8,0
322458,322458,322466,8,0
322458,322463,322466,3,5
322458,322463,322466,3,5
322458,322463,322466,3,5
322458,322462,322465,3,4
322458,322463,322466,3,5
322458,322464,322466,2,6
322458,322462,322465,3,4
322458,322458,322466,8,0
322458,322464,322466,2,6
322458,322464,322466,2,6
322458,322464,322466,2,6
322458,322458,322467,9,0
322458,322458,322466,8,0
322458,322462,322466,4,4
322458,322458,322467,9,0
322458,322465,322467,2,7
322458,322465,322467,2,7
322458,322458,322467,9,0
322458,322458,322467,9,0
322458,322465,322467,2,7
322458,322465,322467,2,7
322458,322465,322467,2,7
322458,322458,322467,9,0
322458,322465,322467,2,7
322458,322465,322467,2,7
322458,322465,322468,3,7
322458,322465,322468,3,7
322458,322465,322468,3,7
322458,322465,322467,2,7
322458,322462,322467,5,4
322458,322458,322468,10,0
322458,322458,322469,11,0
322458,322458,322469,11,0
322458,322458,322469,11,0
322458,322458,322469,11,0
322458,322458,322469,11,0
322458,322458,322470,12,0
322458,322458,322470,12,0
322458,322458,322471,13,0
322474,322474,322476,2,0
322474,322474,322476,2,0
322474,322474,322476,2,0
322474,322474,322476,2,0
322474,322474,322476,2,0
322474,322474,322478,4,0
322474,322474,322477,3,0
322474,322474,322478,4,0
322474,322476,322479,3,2
322474,322474,322479,5,0
322474,322477,322480,3,3
322474,322476,322479,3,2
322474,322476,322480,4,2
322474,322474,322480,6,0
322474,322474,322481,7,0
322474,322474,322480,6,0
322474,322476,322481,5,2
322474,322474,322480,6,0
322474,322479,322481,2,5
322474,322474,322481,7,0
322474,322474,322481,7,0
322474,322479,322482,3,5
322474,322480,322481,1,6
322474,322474,322482,8,0
322474,322474,322481,7,0
322474,322474,322482,8,0
322474,322474,322481,7,0
322474,322480,322482,2,6
322474,322479,322482,3,5
322474,322480,322481,1,6
322474,322474,322483,9,0
322474,322474,322483,9,0
322474,322481,322483,2,7
322474,322481,322483,2,7
322474,322481,322482,1,7
322474,322481,322483,2,7
322474,322474,322482,8,0
322474,322481,322483,2,7
322474,322481,322483,2,7
322474,322481,322482,1,7
322474,322474,322483,9,0
322474,322474,322483,9,0
322474,322478,322484,6,4
322474,322474,322484,10,0
322474,322474,322484,10,0
322474,322481,322484,3,7
322474,322474,322484,10,0
322474,322474,322484,10,0
322474,322474,322484,10,0
322474,322474,322484,10,0
322474,322482,322484,2,8
322474,322483,322484,1,9
322474,322482,322483,1,8
322474,322482,322484,2,8
322474,322482,322484,2,8
322474,322482,322484,2,8
322474,322482,322484,2,8
322474,322482,322483,1,8
322474,322482,322484,2,8
322474,322474,322485,11,0
322474,322474,322484,10,0
322474,322482,322485,3,8
322474,322474,322484,10,0
322474,322483,322485,2,9
322474,322483,322484,1,9
322474,322483,322484,1,9
322474,322474,322485,11,0
322474,322474,322485,11,0
322474,322478,322485,7,4
322474,322474,322485,11,0
322474,322474,322485,11,0
322474,322474,322485,11,0
322474,322483,322485,2,9
322474,322474,322487,13,0
322474,322474,322487,13,0
322474,322474,322489,15,0
322474,322474,322488,14,0
322474,322474,322491,17,0
322474,322474,322497,23,0
322501,322501,322502,1,0
322501,322501,322503,2,0
322501,322501,322502,1,0
322501,322501,322502,1,0
322501,322501,322503,2,0
322501,322501,322505,4,0
322501,322501,322506,5,0
322501,322501,322505,4,0
322501,322503,322506,3,2
322501,322503,322505,2,2
322501,322501,322505,4,0
322501,322501,322505,4,0
322501,322503,322506,3,2
322501,322501,322506,5,0
322501,322503,322506,3,2
322501,322501,322507,6,0
322501,322504,322507,3,3
322501,322501,322507,6,0
322501,322506,322507,1,5
322501,322501,322508,7,0
322501,322501,322507,6,0
322501,322506,322508,2,5
322501,322506,322509,3,5
322501,322506,322509,3,5
322501,322508,322509,1,7
322501,322501,322508,7,0
322501,322506,322509,3,5
322501,322507,322508,1,6
322501,322507,322508,1,6
322501,322501,322509,8,0
322501,322501,322508,7,0
322501,322507,322508,1,6
322501,322506,322508,2,5
322501,322501,322509,8,0
322501,322501,322509,8,0
322501,322501,322510,9,0
322501,322501,322510,9,0
322501,322501,322509,8,0
322501,322508,322509,1,7
322501,322501,322510,9,0
322501,322508,322509,1,7
322501,322508,322510,2,7
322501,322508,322509,1,7
322501,322508,322509,1,7
322501,322501,322509,8,0
322501,322508,322510,2,7
322501,322506,322510,4,5
322501,322501,322511,10,0
322501,322501,322510,9,0
322501,322501,322511,10,0
322501,322509,322510,1,8
322501,322501,322511,10,0
322501,322509,322510,1,8
322501,322509,322511,2,8
322501,322501,322510,9,0
322501,322509,322510,1,8
322501,322509,322510,1,8
322501,322509,322510,1,8
322501,322509,322510,1,8
322501,322501,322511,10,0
322501,322501,322512,11,0
322501,322509,322511,2,8
322501,322509,322511,2,8
322501,322509,322511,2,8
322501,322509,322511,2,8
322501,322510,322512,2,9
322501,322510,322512,2,9
322501,322501,322513,12,0
322501,322501,322513,12,0
322501,322501,322515,14,0
322501,322501,322515,14,0
322501,322501,322515,14,0
322501,322501,322515,14,0
322501,322501,322515,14,0
322501,322501,322517,16,0
322501,322501,322517,16,0
322501,322501,322517,16,0
322501,322501,322517,16,0
322501,322501,322522,21,0
322525,322525,322527,2,0
322525,322525,322527,2,0
322525,322525,322527,2,0
322525,322525,322527,2,0
322525,322525,322527,2,0
322525,322528,322529,1,3
322525,322528,322529,1,3
322525,322528,322529,1,3
322525,322528,322529,1,3
322525,322528,322529,1,3
322525,322525,322530,5,0
322525,322526,322531,5,1
322525,322526,322531,5,1
322525,322530,322531,1,5
322525,322530,322531,1,5
322525,322530,322531,1,5
322525,322530,322531,1,5
322525,322530,322531,1,5
322525,322526,322532,6,1
322525,322525,322532,7,0
322525,322525,322532,7,0
322525,322526,322533,7,1
322525,322531,322532,1,6
322525,322525,322533,8,0
322525,322526,322533,7,1
322525,322526,322534,8,1
322525,322532,322533,1,7
322525,322532,322533,1,7
322525,322526,322533,7,1
322525,322532,322533,1,7
322525,322526,322533,7,1
322525,322532,322533,1,7
322525,322532,322534,2,7
322525,322526,322534,8,1
322525,322526,322534,8,1
322525,322526,322534,8,1
322525,322526,322534,8,1
322525,322526,322534,8,1
322525,322533,322534,1,8
322525,322525,322535,10,0
322525,322534,322535,1,9
322525,322533,322534,1,8
322525,322533,322535,2,8
322525,322533,322534,1,8
322525,322526,322535,9,1
322525,322525,322535,10,0
322525,322534,322536,2,9
322525,322532,322535,3,7
322525,322533,322535,2,8
322525,322525,322536,11,0
322525,322532,322535,3,7
322525,322534,322535,1,9
322525,322525,322536,11,0
322525,322526,322535,9,1
322525,322525,322535,10,0
322525,322534,322535,1,9
322525,322534,322535,1,9
322525,322534,322535,1,9
322525,322534,322535,1,9
322525,322534,322535,1,9
322525,322526,322536,10,1
322525,322534,322536,2,9
322525,322534,322536,2,9
322525,322525,322536,11,0
322525,322535,322537,2,10
322525,322535,322537,2,10
322525,322525,322537,12,0
322525,322526,322538,12,1
322525,322526,322537,11,1
322525,322526,322537,11,1
322525,322526,322538,12,1
322525,322525,322540,15,0
322525,322525,322539,14,0
322525,322525,322541,16,0
322525,322525,322544,19,0
322525,322525,322544,19,0
322525,322525,322546,21,0
322525,322525,322550,25,0
322525,322525,322562,37,0
322565,322565,322567,2,0
322565,322565,322567,2,0
322565,322565,322567,2,0
322565,322565,322567,2,0
322565,322565,322568,3,0
322565,322567,322569,2,2
322565,322568,322570,2,3
322565,322567,322570,3,2
322565,322567,322570,3,2
322565,322565,322571,6,0
322565,322567,322571,4,2
322565,322565,322571,6,0
322565,322565,322572,7,0
322565,322565,322572,7,0
322565,322570,322572,2,5
322565,322565,322572,7,0
322565,322565,322573,8,0
322565,322565,322573,8,0
322565,322565,322573,8,0
322565,322572,322573,1,7
322565,322565,322573,8,0
322565,322565,322573,8,0
322565,322571,322573,2,6
322565,322565,322573,8,0
322565,322571,322573,2,6
322565,322571,322573,2,6
322565,322565,322574,9,0
322565,322573,322574,1,8
322565,322572,322574,2,7
322565,322573,322574,1,8
322565,322573,322574,1,8
322565,322565,322574,9,0
322565,322565,322574,9,0
322565,322572,322574,2,7
322565,322565,322575,10,0
322565,322565,322575,10,0
322565,322565,322575,10,0
322565,322565,322575,10,0
322565,322565,322574,9,0
322565,322565,322575,10,0
322565,322574,322576,2,9
322565,322574,322575,1,9
322565,322574,322575,1,9
322565,322565,322575,10,0
322565,322574,322575,1,9
322565,322565,322575,10,0
322565,322574,322575,1,9
322565,322565,322575,10,0
322565,322574,322575,1,9
322565,322574,322575,1,9
322565,322565,322576,11,0
322565,322565,322576,11,0
322565,322565,322576,11,0
322565,322565,322576,11,0
322565,322565,322575,10,0
322565,322574,322576,2,9
322565,322575,322576,1,10
322565,322575,322576,1,10
322565,322575,322576,1,10
322565,322575,322576,1,10
322565,322575,322576,1,10
322565,322575,322576,1,10
322565,322575,322576,1,10
322565,322575,322576,1,10
322565,322565,322577,12,0
322565,322573,322577,4,8
322565,322565,322577,12,0
322565,322573,322577,4,8
322565,322565,322577,12,0
322565,322565,322578,13,0
322565,322572,322578,6,7
322565,322565,322580,15,0
322565,322565,322581,16,0
322565,322565,322581,16,0
322565,322565,322583,18,0
322565,322565,322586,21,0
322565,322565,322589,24,0
322565,322565,322591,26,0
322595,322595,322597,2,0
322595,322595,322597,2,0
322595,322595,322597,2,0
322595,322595,322597,2,0
322595,322595,322598,3,0
322595,322595,322599,4,0
322595,322595,322600,5,0
322595,322597,322600,3,2
322595,322595,322601,6,0
322595,322595,322601,6,0
322595,322595,322601,6,0
322595,322595,322601,6,0
322595,322595,322600,5,0
322595,322597,322600,3,2
322595,322595,322601,6,0
322595,322595,322601,6,0
322595,322597,322600,3,2
322595,322598,322600,2,3
322595,322597,322601,4,2
322595,322599,322601,2,4
322595,322595,322601,6,0
322595,322595,322602,7,0
322595,322595,322602,7,0
322595,322595,322602,7,0
322595,322595,322602,7,0
322595,322600,322602,2,5
322595,322595,322602,7,0
322595,322595,322601,6,0
322595,322595,322602,7,0
322595,322595,322602,7,0
322595,322595,322603,8,0
322595,322595,322603,8,0
322595,322595,322602,7,0
322595,322595,322603,8,0
322595,322595,322603,8,0
322595,322601,322603,2,6
322595,322595,322603,8,0
322595,322595,322602,7,0
322595,322595,322603,8,0
322595,322595,322604,9,0
322595,322595,322604,9,0
322595,322601,322604,3,6
322595,322602,322604,2,7
322595,322601,322604,3,6
322595,322602,322604,2,7
322595,322601,322604,3,6
322595,322603,322604,1,8
322595,322602,322603,1,7
322595,322602,322604,2,7
322595,322602,322604,2,7
322595,322595,322604,9,0
322595,322601,322604,3,6
322595,322601,322604,3,6
322595,322602,322604,2,7
322595,322602,322605,3,7
322595,322602,322605,3,7
322595,322601,322605,4,6
322595,322601,322605,4,6
322595,322603,322606,3,8
322595,322603,322606,3,8
322595,322603,322606,3,8
322595,322595,322606,11,0
322595,322603,322606,3,8
322595,322600,322606,6,5
322595,322602,322606,4,7
322595,322603,322606,3,8
322595,322601,322606,5,6
322595,322601,322607,6,6
322595,322595,322607,12,0
322595,322595,322608,13,0
322595,322595,322608,13,0
322595,322601,322609,8,6
322595,322595,322609,14,0
322595,322595,322610,15,0
322595,322601,322610,9,6
322595,322595,322611,16,0
322595,322595,322612,17,0
322595,322595,322613,18,0
322595,322595,322615,20,0
322618,322618,322620,2,0
322618,322618,322620,2,0
322618,322618,322620,2,0
322618,322618,322620,2,0
322618,322618,322621,3,0
322618,322620,322622,2,2
322618,322620,322621,1,2
322618,322620,322622,2,2
322618,322618,322623,5,0
322618,322621,322622,1,3
322618,322620,322623,3,2
322618,322622,322624,2,4
322618,322618,322624,6,0
322618,322618,322625,7,0
322618,322618,322625,7,0
322618,322618,322625,7,0
322618,322618,322624,6,0
322618,322618,322625,7,0
322618,322618,322625,7,0
322618,322618,322625,7,0
322618,322622,322625,3,4
322618,322618,322625,7,0
322618,322618,322625,7,0
322618,322622,322625,3,4
322618,322618,322626,8,0
322618,322618,322626,8,0
322618,322618,322625,7,0
322618,322618,322626,8,0
322618,322618,322625,7,0
322618,322618,322626,8,0
322618,322618,322626,8,0
322618,322618,322627,9,0
322618,322623,322626,3,5
322618,322623,322627,4,5
322618,322625,322627,2,7
322618,322618,322627,9,0
322618,322625,322627,2,7
322618,322625,322627,2,7
322618,322618,322627,9,0
322618,322624,322627,3,6
322618,322625,322627,2,7
322618,322624,322627,3,6
322618,322625,322627,2,7
322618,322625,322627,2,7
322618,322625,322627,2,7
322618,322618,322628,10,0
322618,322618,322628,10,0
322618,322626,322628,2,8
322618,322626,322628,2,8
322618,322626,322628,2,8
322618,322625,322628,3,7
322618,322626,322628,2,8
322618,322627,322628,1,9
322618,322618,322629,11,0
322618,322618,322628,10,0
322618,322626,322629,3,8
322618,322627,322629,2,9
322618,322627,322629,2,9
322618,322628,322629,1,10
322618,322628,322629,1,10
322618,322618,322630,12,0
322618,322618,322630,12,0
322618,322627,322630,3,9
322618,322618,322631,13,0
322618,322623,322632,9,5
322618,322618,322632,14,0
322618,322618,322632,14,0
322618,322625,322633,8,7
322618,322625,322633,8,7
322618,322618,322633,15,0
322618,322618,322633,15,0
322618,322618,322634,16,0
322618,322618,322633,15,0
322618,322625,322634,9,7
322618,322618,322635,17,0
322618,322618,322635,17,0
322618,322618,322637,19,0
322618,322618,322638,20,0
322618,322618,322638,20,0
322641,322641,322643,2,0
322641,322641,322643,2,0
322641,322641,322643,2,0
322641,322641,322643,2,0
322641,322641,322645,4,0
322641,322641,322645,4,0
322641,322641,322646,5,0
322641,322641,322645,4,0
322641,322643,322646,3,2
322641,322643,322646,3,2
322641,322643,322647,4,2
322641,322641,322646,5,0
322641,322643,322646,3,2
322641,322641,322647,6,0
322641,322641,322648,7,0
322641,322641,322648,7,0
322641,322641,322647,6,0
322641,322641,322647,6,0
322641,322641,322648,7,0
322641,322646,322648,2,5
322641,322645,322648,3,4
322641,322641,322648,7,0
322641,322646,322649,3,5
322641,322646,322649,3,5
322641,322641,322649,8,0
322641,322646,322649,3,5
322641,322641,322650,9,0
322641,322641,322649,8,0
322641,322647,322650,3,6
322641,322647,322650,3,6
322641,322641,322650,9,0
322641,322649,322650,1,8
322641,322641,322649,8,0
322641,322648,322650,2,7
322641,322641,322651,10,0
322641,322646,322651,5,5
322641,322649,322650,1,8
322641,322648,322651,3,7
322641,322648,322651,3,7
322641,322648,322651,3,7
322641,322649,322650,1,8
322641,322641,322651,10,0
322641,322641,322651,10,0
322641,322648,322651,3,7
322641,322650,322651,1,9
322641,322649,322650,1,8
322641,322649,322651,2,8
322641,322641,322652,11,0
322641,322641,322652,11,0
322641,322648,322652,4,7
322641,322641,322651,10,0
322641,322641,322651,10,0
322641,322641,322652,11,0
322641,322647,322651,4,6
322641,322650,322651,1,9
322641,322650,322652,2,9
322641,322650,322652,2,9
322641,322650,322651,1,9
322641,322650,322651,1,9
322641,322650,322652,2,9
322641,322641,322652,11,0
322641,322641,322653,12,0
322641,322648,322652,4,7
322641,322641,322652,11,0
322641,322650,322653,3,9
322641,322651,322653,2,10
322641,322641,322653,12,0
322641,322641,322653,12,0
322641,322641,322655,14,0
322641,322648,322655,7,7
322641,322641,322656,15,0
322641,322641,322656,15,0
322641,322641,322657,16,0
322641,322641,322657,16,0
322641,322641,322658,17,0
322641,322641,322658,17,0
322641,322641,322659,18,0
322641,322641,322661,20,0
322641,322641,322663,22,0
322666,322666,322668,2,0
322666,322666,322668,2,0
322666,322666,322667,1,0
322666,322666,322668,2,0
322666,322666,322670,4,0
322666,322666,322669,3,0
322666,322666,322671,5,0
322666,322666,322670,4,0
322666,322666,322671,5,0
322666,322666,322671,5,0
322666,322666,322671,5,0
322666,322668,322671,3,2
322666,322666,322672,6,0
322666,322666,322672,6,0
322666,322666,322671,5,0
322666,322666,322672,6,0
322666,322666,322672,6,0
322666,322666,322673,7,0
322666,322666,322672,6,0
322666,322666,322673,7,0
322666,322668,322673,5,2
322666,322668,322672,4,2
322666,322670,322673,3,4
322666,322671,322673,2,5
322666,322671,322672,1,5
322666,322671,322673,2,5
322666,322671,322673,2,5
322666,322668,322673,5,2
322666,322672,322674,2,6
322666,322671,322674,3,5
322666,322672,322674,2,6
322666,322673,322674,1,7
322666,322666,322673,7,0
322666,322670,322673,3,4
322666,322672,322673,1,6
322666,322673,322674,1,7
322666,322671,322673,2,5
322666,322672,322673,1,6
322666,322666,322674,8,0
322666,322666,322675,9,0
322666,322673,322674,1,7
322666,322673,322674,1,7
322666,322674,322675,1,8
322666,322673,322675,2,7
322666,322673,322674,1,7
322666,322673,322674,1,7
322666,322673,322675,2,7
322666,322673,322675,2,7
322666,322673,322675,2,7
322666,322666,322675,9,0
322666,322666,322676,10,0
322666,322672,322675,3,6
322666,322674,322675,1,8
322666,322674,322675,1,8
322666,322674,322676,2,8
322666,322674,322676,2,8
322666,322674,322675,1,8
322666,322674,322675,1,8
322666,322666,322675,9,0
322666,322666,322676,10,0
322666,322666,322677,11,0
322666,322666,322677,11,0
322666,322666,322677,11,0
322666,322674,322677,3,8
322666,322666,322678,12,0
322666,322666,322677,11,0
322666,322666,322678,12,0
322666,322666,322677,11,0
322666,322666,322679,13,0
322666,322666,322678,12,0
322666,322666,322679,13,0
322666,322666,322678,12,0
322666,322666,322680,14,0
322666,322666,322679,13,0
322666,322666,322681,15,0
322666,322666,322680,14,0
322666,322666,322682,16,0
322666,322666,322685,19,0
322666,322666,322686,20,0
322689,322689,322690,1,0
322689,322689,322691,2,0
322689,322689,322690,1,0
322689,322689,322690,1,0
322689,322689,322691,2,0
322689,322689,322694,5,0
322689,322689,322694,5,0
322689,322689,322695,6,0
322689,322692,322694,2,3
322689,322689,322695,6,0
322689,322689,322694,5,0
322689,322691,322694,3,2
322689,322689,322695,6,0
322689,322689,322696,7,0
322689,322691,322695,4,2
322689,322689,322695,6,0
322689,322691,322695,4,2
322689,322689,322696,7,0
322689,322689,322696,7,0
322689,322689,322695,6,0
322689,322691,322695,4,2
322689,322689,322697,8,0
322689,322689,322696,7,0
322689,322695,322696,1,6
322689,322689,322696,7,0
322689,322695,322696,1,6
322689,322695,322696,1,6
322689,322695,322696,1,6
322689,322695,322697,2,6
322689,322695,322697,2,6
322689,322695,322697,2,6
322689,322689,322698,9,0
322689,322696,322697,1,7
322689,322696,322698,2,7
322689,322696,322698,2,7
322689,322696,322698,2,7
322689,322696,322698,2,7
322689,322697,322698,1,8
322689,322696,322698,2,7
322689,322689,322698,9,0
322689,322696,322698,2,7
322689,322689,322699,10,0
322689,322697,322699,2,8
322689,322697,322699,2,8
322689,322696,322698,2,7
322689,322696,322698,2,7
322689,322697,322698,1,8
322689,322697,322699,2,8
322689,322697,322699,2,8
322689,322697,322698,1,8
322689,322697,322699,2,8
322689,322697,322699,2,8
322689,322697,322699,2,8
322689,322689,322699,10,0
322689,322689,322699,10,0
322689,322689,322699,10,0
322689,322689,322700,11,0
322689,322689,322700,11,0
322689,322689,322699,10,0
322689,322689,322699,10,0
322689,322698,322699,1,9
322689,322698,322700,2,9
322689,322698,322700,2,9
322689,322689,322700,11,0
322689,322689,322701,12,0
322689,322689,322700,11,0
322689,322689,322700,11,0
322689,322689,322701,12,0
322689,322689,322701,12,0
322689,322689,322701,12,0
322689,322689,322701,12,0
322689,322689,322701,12,0
322689,322698,322701,3,9
322689,322689,322704,15,0
322689,322689,322704,15,0
322689,322689,322705,16,0
322689,322689,322707,18,0
322689,322689,322706,17,0
322689,322689,322714,25,0
322716,322716,322718,2,0
322716,322716,322718,2,0
322716,322716,322718,2,0
322716,322717,322719,2,1
322716,322719,322720,1,3
322716,322716,322721,5,0
322716,322720,322721,1,4
322716,322719,322721,2,3
322716,322719,322721,2,3
322716,322717,322722,5,1
322716,322721,322722,1,5
322716,322722,322723,1,6
322716,322722,322723,1,6
322716,322717,322725,8,1
322716,322722,322724,2,6
322716,322717,322725,8,1
322716,322716,322725,9,0
322716,322717,322725,8,1
322716,322717,322725,8,1
322716,322717,322725,8,1
322716,322717,322726,9,1
322716,322717,322726,9,1
322716,322722,322725,3,6
322716,322717,322725,8,1
322716,322717,322725,8,1
322716,322724,322726,2,8
322716,322723,322725,2,7
322716,322723,322726,3,7
322716,322717,322726,9,1
322716,322717,322726,9,1
322716,322716,322726,10,0
322716,322717,322727,10,1
322716,322724,322727,3,8
322716,322717,322727,10,1
322716,322716,322727,11,0
322716,322717,322727,10,1
322716,322725,322727,2,9
322716,322725,322728,3,9
322716,322717,322727,10,1
322716,322726,322727,1,10
322716,322726,322728,2,10
322716,322726,322728,2,10
322716,322726,322727,1,10
322716,322717,322727,10,1
322716,322725,322727,2,9
322716,322726,322727,1,10
322716,322717,322729,12,1
322716,322716,322728,12,0
322716,322717,322728,11,1
322716,322717,322728,11,1
322716,322717,322728,11,1
322716,322716,322728,12,0
322716,322727,322728,1,11
322716,322726,322728,2,10
322716,322726,322728,2,10
322716,322726,322728,2,10
322716,322716,322728,12,0
322716,322727,322728,1,11
322716,322727,322728,1,11
322716,322717,322729,12,1
322716,322727,322729,2,11
322716,322727,322729,2,11
322716,322717,322729,12,1
322716,322717,322729,12,1
322716,322717,322729,12,1
322716,322716,322730,14,0
322716,322717,322730,13,1
322716,322717,322730,13,1
322716,322716,322731,15,0
322716,322717,322730,13,1
322716,322726,322730,4,10
322716,322728,322730,2,12
322716,322726,322731,5,10
322716,322728,322730,2,12
322716,322717,322732,15,1
322716,322717,322732,15,1
322716,322726,322731,5,10
322716,322726,322731,5,10
322716,322717,322732,15,1
322735,322735,322737,2,0
322735,322735,322737,2,0
322735,322735,322737,2,0
322735,322735,322737,2,0
322735,322735,322739,4,0
322735,322737,322739,2,2
322735,322737,322739,2,2
322735,322737,322739,2,2
322735,322737,322739,2,2
322735,322735,322740,5,0
322735,322735,322740,5,0
322735,322735,322741,6,0
322735,322735,322741,6,0
322735,322735,322741,6,0
322735,322735,322741,6,0
322735,322735,322741,6,0
322735,322735,322741,6,0
322735,322735,322740,5,0
322735,322740,322741,1,5
322735,322740,322741,1,5
322735,322735,322742,7,0
322735,322740,322742,2,5
322735,322740,322742,2,5
322735,322735,322742,7,0
322735,322735,322743,8,0
322735,322735,322743,8,0
322735,322735,322743,8,0
322735,322735,322743,8,0
322735,322741,322744,3,6
322735,322735,322744,9,0
322735,322739,322744,5,4
322735,322735,322744,9,0
322735,322742,322744,2,7
322735,322735,322744,9,0
322735,322735,322744,9,0
322735,322742,322744,2,7
322735,322743,322744,1,8
322735,322743,322744,1,8
322735,322735,322745,10,0
322735,322735,322745,10,0
322735,322745,322746,1,10
322735,322735,322745,10,0
322735,322735,322745,10,0
322735,322735,322745,10,0
322735,322735,322745,10,0
322735,322740,322746,6,5
322735,322742,322747,5,7
322735,322735,322746,11,0
322735,322742,322746,4,7
322735,322744,322747,3,9
322735,322743,322746,3,8
322735,322735,322746,11,0
322735,322735,322746,11,0
322735,322735,322746,11,0
322735,322745,322746,1,10
322735,322745,322746,1,10
322735,322745,322746,1,10
322735,322741,322747,6,6
322735,322742,322747,5,7
322735,322735,322748,13,0
322735,322745,322747,2,10
322735,322743,322747,4,8
322735,322742,322747,5,7
322735,322745,322748,3,10
322735,322744,322748,4,9
322735,322745,322748,3,10
322735,322735,322748,13,0
322735,322742,322748,6,7
322735,322741,322748,7,6
322735,322735,322748,13,0
322735,322744,322749,5,9
322735,322744,322750,6,9
322735,322735,322750,15,0
322735,322735,322750,15,0
322735,322735,322750,15,0
322735,322735,322751,16,0
322735,322735,322752,17,0
322735,322735,322753,18,0
322735,322735,322755,20,0
322758,322758,322760,2,0
322758,322758,322760,2,0
322758,322758,322760,2,0
322758,322758,322760,2,0
322758,322758,322760,2,0
322758,322761,322762,1,3
322758,322760,322762,2,2
322758,322761,322762,1,3
322758,322761,322762,1,3
322758,322758,322763,5,0
322758,322760,322762,2,2
322758,322758,322762,4,0
322758,322758,322763,5,0
322758,322758,322764,6,0
322758,322758,322764,6,0
322758,322763,322764,1,5
322758,322763,322764,1,5
322758,322763,322764,1,5
322758,322758,322765,7,0
322758,322758,322765,7,0
322758,322764,322765,1,6
322758,322758,322765,7,0
322758,322763,322765,2,5
322758,322764,322765,1,6
322758,322765,322766,1,7
322758,322765,322766,1,7
322758,322765,322766,1,7
322758,322758,322766,8,0
322758,322758,322767,9,0
322758,322765,322766,1,7
322758,322764,322767,3,6
322758,322758,322767,9,0
322758,322766,322768,2,8
322758,322766,322767,1,8
322758,322758,322767,9,0
322758,322758,322767,9,0
322758,322767,322768,1,9
322758,322766,322767,1,8
322758,322766,322767,1,8
322758,322766,322767,1,8
322758,322764,322768,4,6
322758,322765,322768,3,7
322758,322758,322768,10,0
322758,322767,322768,1,9
322758,322758,322768,10,0
322758,322758,322768,10,0
322758,322767,322768,1,9
322758,322758,322768,10,0
322758,322767,322768,1,9
322758,322758,322769,11,0
322758,322767,322768,1,9
322758,322767,322768,1,9
322758,322758,322769,11,0
322758,322758,322769,11,0
322758,322758,322769,11,0
322758,322758,322769,11,0
322758,322766,322769,3,8
322758,322758,322769,11,0
322758,322768,322769,1,10
322758,322768,322769,1,10
322758,322768,322770,2,10
322758,322768,322769,1,10
322758,322758,322770,12,0
322758,322758,322770,12,0
322758,322758,322770,12,0
322758,322768,322770,2,10
322758,322758,322771,13,0
322758,322758,322771,13,0
322758,322758,322771,13,0
322758,322758,322772,14,0
322758,322758,322772,14,0
322758,322758,322772,14,0
322758,322758,322775,17,0
322758,322758,322775,17,0
322758,322758,322778,20,0
322758,322758,322779,21,0
322758,322758,322781,23,0
322758,322758,322783,25,0
322758,322758,322783,25,0
322786,322786,322788,2,0
322786,322786,322788,2,0
322786,322786,322788,2,0
322786,322786,322788,2,0
322786,322786,322789,3,0
322786,322788,322791,3,2
322786,322788,322791,3,2
322786,322788,322791,3,2
322786,322788,322791,3,2
322786,322786,322792,6,0
322786,322786,322792,6,0
322786,322786,322793,7,0
322786,322786,322793,7,0
322786,322786,322793,7,0
322786,322791,322793,2,5
322786,322786,322793,7,0
322786,322789,322792,3,3
322786,322786,322793,7,0
322786,322786,322793,7,0
322786,322791,322793,2,5
322786,322791,322793,2,5
322786,322786,322793,7,0
322786,322791,322793,2,5
322786,322786,322793,7,0
322786,322786,322794,8,0
322786,322786,322794,8,0
322786,322786,322794,8,0
322786,322786,322794,8,0
322786,322786,322794,8,0
322786,322786,322795,9,0
322786,322786,322795,9,0
322786,322786,322795,9,0
322786,322793,322795,2,7
322786,322793,322795,2,7
322786,322793,322795,2,7
322786,322793,322795,2,7
322786,322793,322795,2,7
322786,322794,322795,1,8
322786,322786,322795,9,0
322786,322786,322795,9,0
322786,322793,322795,2,7
322786,322786,322795,9,0
322786,322794,322795,1,8
322786,322794,322795,1,8
322786,322786,322796,10,0
322786,322786,322795,9,0
322786,322786,322796,10,0
322786,322792,322796,4,6
322786,322786,322796,10,0
322786,322794,322796,2,8
322786,322795,322796,1,9
322786,322795,322796,1,9
322786,322795,322796,1,9
322786,322786,322796,10,0
322786,322793,322797,4,7
322786,322786,322797,11,0
322786,322793,322796,3,7
322786,322786,322796,10,0
322786,322794,322797,3,8
322786,322793,322797,4,7
322786,322794,322797,3,8
322786,322796,322797,1,10
322786,322796,322797,1,10
322786,322796,322797,1,10
322786,322795,322798,3,9
322786,322786,322797,11,0
322786,322792,322798,6,6
322786,322795,322797,2,9
322786,322786,322798,12,0
322786,322795,322798,3,9
322786,322786,322798,12,0
322786,322786,322798,12,0
322786,322786,322798,12,0
322786,322786,322798,12,0
322786,322786,322801,15,0
322786,322786,322803,17,0
322786,322786,322803,17,0
322786,322786,322805,19,0
322786,322786,322805,19,0
322808,322808,322810,2,0
322808,322808,322810,2,0
322808,322808,322810,2,0
322808,322808,322810,2,0
322808,322808,322810,2,0
322808,322810,322812,2,2
322808,322808,322812,4,0
322808,322808,322813,5,0
322808,322810,322812,2,2
322808,322808,322813,5,0
322808,322810,322813,3,2
322808,322808,322813,5,0
322808,322810,322812,2,2
322808,322810,322812,2,2
322808,322808,322814,6,0
322808,322812,322814,2,4
322808,322808,322814,6,0
322808,322808,322814,6,0
322808,322812,322814,2,4
322808,322808,322815,7,0
322808,322813,322814,1,5
322808,322813,322814,1,5
322808,322808,322814,6,0
322808,322813,322814,1,5
322808,322813,322815,2,5
322808,322813,322815,2,5
322808,322813,322815,2,5
322808,322813,322815,2,5
322808,322808,322816,8,0
322808,322808,322815,7,0
322808,322815,322816,1,7
322808,322808,322816,8,0
322808,322814,322816,2,6
322808,322814,322816,2,6
322808,322814,322816,2,6
322808,322808,322817,9,0
322808,322808,322816,8,0
322808,322808,322817,9,0
322808,322815,322817,2,7
322808,322815,322817,2,7
322808,322815,322817,2,7
322808,322815,322816,1,7
322808,322815,322817,2,7
322808,322815,322817,2,7
322808,322815,322816,1,7
322808,322815,322817,2,7
322808,322815,322817,2,7
322808,322815,322817,2,7
322808,322808,322818,10,0
322808,322808,322817,9,0
322808,322808,322818,10,0
322808,322808,322818,10,0
322808,322808,322818,10,0
322808,322808,322817,9,0
322808,322816,322817,1,8
322808,322816,322817,1,8
322808,322816,322817,1,8
322808,322816,322818,2,8
322808,322808,322818,10,0
322808,322816,322818,2,8
322808,322816,322818,2,8
322808,322808,322818,10,0
322808,322816,322818,2,8
322808,322808,322820,12,0
322808,322808,322820,12,0
322808,322808,322821,13,0
322808,322808,322822,14,0
322808,322808,322821,13,0
322808,322808,322822,14,0
322808,322808,322822,14,0
322808,322808,322823,15,0
322808,322808,322823,15,0
322808,322808,322824,16,0
322808,322808,322824,16,0
322808,322808,322825,17,0
322808,322808,322827,19,0
322808,322808,322829,21,0
322808,322808,322830,22,0
322808,322808,322830,22,0
322834,322834,322836,2,0
322834,322834,322836,2,0
322834,322834,322836,2,0
322834,322834,322836,2,0
322834,322834,322836,2,0
322834,322834,322837,3,0
322834,322836,322837,1,2
322834,322836,322838,2,2
322834,322836,322838,2,2
322834,322834,322838,4,0
322834,322836,322838,2,2
322834,322837,322839,2,3
322834,322834,322839,5,0
322834,322837,322839,2,3
322834,322834,322840,6,0
322834,322834,322839,5,0
322834,322834,322839,5,0
322834,322834,322840,6,0
322834,322834,322840,6,0
322834,322838,322840,2,4
322834,322834,322839,5,0
322834,322838,322840,2,4
322834,322834,322840,6,0
322834,322834,322841,7,0
322834,322839,322840,1,5
322834,322838,322841,3,4
322834,322839,322840,1,5
322834,322839,322840,1,5
322834,322834,322840,6,0
322834,322839,322840,1,5
322834,322834,322842,8,0
322834,322839,322842,3,5
322834,322834,322842,8,0
322834,322840,322841,1,6
322834,322840,322842,2,6
322834,322834,322842,8,0
322834,322840,322841,1,6
322834,322840,322841,1,6
322834,322840,322841,1,6
322834,322840,322841,1,6
322834,322834,322842,8,0
322834,322834,322842,8,0
322834,322834,322842,8,0
322834,322840,322842,2,6
322834,322840,322843,3,6
322834,322834,322842,8,0
322834,322841,322842,1,7
322834,322834,322843,9,0
322834,322841,322842,1,7
322834,322841,322843,2,7
322834,322834,322842,8,0
322834,322841,322843,2,7
322834,322841,322842,1,7
322834,322841,322843,2,7
322834,322841,322844,3,7
322834,322841,322844,3,7
322834,322834,322843,9,0
322834,322842,322843,1,8
322834,322842,322843,1,8
322834,322834,322844,10,0
322834,322834,322845,11,0
322834,322834,322844,10,0
322834,322842,322844,2,8
322834,322834,322845,11,0
322834,322842,322844,2,8
322834,322842,322844,2,8
322834,322834,322845,11,0
322834,322834,322845,11,0
322834,322834,322845,11,0
322834,322834,322845,11,0
322834,322834,322846,12,0
322834,322834,322846,12,0
322834,322834,322846,12,0
322834,322834,322847,13,0
322834,322834,322849,15,0
322834,322834,322849,15,0
322834,322834,322849,15,0
322834,322834,322853,19,0
322834,322834,322854,20,0
322857,322857,322859,2,0
322857,322857,322858,1,0
322857,322857,322859,2,0
322857,322857,322858,1,0
322857,322857,322858,1,0
322857,322857,322860,3,0
322857,322857,322860,3,0
322857,322859,322861,2,2
322857,322857,322860,3,0
322857,322859,322860,1,2
322857,322857,322860,3,0
322857,322859,322861,2,2
322857,322859,322860,1,2
322857,322857,322862,5,0
322857,322857,322862,5,0
322857,322857,322861,4,0
322857,322859,322861,2,2
322857,322860,322862,2,3
322857,322857,322862,5,0
322857,322857,322862,5,0
322857,322861,322863,2,4
322857,322861,322862,1,4
322857,322861,322862,1,4
322857,322861,322863,2,4
322857,322861,322862,1,4
322857,322861,322863,2,4
322857,322862,322864,2,5
322857,322857,322864,7,0
322857,322862,322864,2,5
322857,322862,322863,1,5
322857,322862,322863,1,5
322857,322857,322864,7,0
322857,322857,322865,8,0
322857,322860,322864,4,3
322857,322863,322864,1,6
322857,322863,322864,1,6
322857,322863,322864,1,6
322857,322863,322864,1,6
322857,322863,322865,2,6
322857,322857,322864,7,0
322857,322857,322865,8,0
322857,322857,322865,8,0
322857,322863,322864,1,6
322857,322864,322865,1,7
322857,322857,322865,8,0
322857,322857,322865,8,0
322857,322862,322865,3,5
322857,322863,322866,3,6
322857,322864,322865,1,7
322857,322864,322865,1,7
322857,322857,322866,9,0
322857,322864,322865,1,7
322857,322864,322865,1,7
322857,322864,322865,1,7
322857,322857,322866,9,0
322857,322857,322866,9,0
322857,322857,322866,9,0
322857,322857,322867,10,0
322857,322865,322866,1,8
322857,322857,322867,10,0
322857,322865,322867,2,8
322857,322857,322867,10,0
322857,322857,322867,10,0
322857,322865,322867,2,8
322857,322857,322867,10,0
322857,322857,322868,11,0
322857,322857,322868,11,0
322857,322865,322867,2,8
322857,322857,322868,11,0
322857,322857,322868,11,0
322857,322857,322869,12,0
322857,322857,322869,12,0
322857,322857,322869,12,0
322857,322857,322869,12,0
322857,322857,322871,14,0
322857,322857,322872,15,0
322857,322857,322871,14,0
322857,322857,322872,15,0
322857,322857,322875,18,0
322878,322878,322880,2,0
322878,322879,322880,1,1
322878,322878,322880,2,0
322878,322878,322880,2,0
322878,322878,322881,3,0
322878,322881,322882,1,3
322878,322881,322882,1,3
322878,322881,322883,2,3
322878,322881,322882,1,3
322878,322879,322883,4,1
322878,322882,322883,1,4
322878,322879,322884,5,1
322878,322883,322884,1,5
322878,322879,322885,6,1
322878,322879,322885,6,1
322878,322879,322885,6,1
322878,322883,322885,2,5
322878,322879,322885,6,1
322878,322879,322885,6,1
322878,322884,322885,1,6
322878,322883,322885,2,5
322878,322879,322885,6,1
322878,322883,322885,2,5
322878,322879,322886,7,1
322878,322879,322886,7,1
322878,322879,322886,7,1
322878,322879,322887,8,1
322878,322879,322886,7,1
322878,322885,322886,1,7
322878,322879,322886,7,1
322878,322885,322886,1,7
322878,322884,322887,3,6
322878,322878,322887,9,0
322878,322879,322887,8,1
322878,322879,322887,8,1
322878,322886,322887,1,8
322878,322886,322887,1,8
322878,322879,322887,8,1
322878,322879,322887,8,1
322878,322886,322887,1,8
322878,322886,322887,1,8
322878,322886,322887,1,8
322878,322886,322888,2,8
322878,322879,322888,9,1
322878,322886,322887,1,8
322878,322886,322887,1,8
322878,322879,322888,9,1
322878,322886,322888,2,8
322878,322878,322889,11,0
322878,322879,322888,9,1
322878,322879,322888,9,1
322878,322879,322888,9,1
322878,322888,322889,1,10
322878,322879,322888,9,1
322878,322887,322888,1,9
322878,322887,322888,1,9
322878,322887,322888,1,9
322878,322879,322889,10,1
322878,322887,322889,2,9
322878,322887,322890,3,9
322878,322879,322889,10,1
322878,322879,322889,10,1
322878,322879,322890,11,1
322878,322887,322890,3,9
322878,322888,322890,2,10
322878,322888,322890,2,10
322878,322885,322891,6,7
322878,322887,322890,3,9
322878,322888,322890,2,10
322878,322878,322891,13,0
322878,322887,322891,4,9
322878,322879,322891,12,1
322878,322879,322892,13,1
322878,322879,322892,13,1
322878,322879,322892,13,1
322878,322879,322893,14,1
322878,322878,322893,15,0
322878,322879,322894,15,1
322878,322878,322896,18,0
322899,322899,322901,2,0
322899,322899,322901,2,0
322899,322899,322901,2,0
322899,322899,322901,2,0
322899,322899,322902,3,0
322899,322902,322903,1,3
322899,322902,322903,1,3
322899,322902,322903,1,3
322899,322902,322903,1,3
322899,322899,322904,5,0
322899,322903,322904,1,4
322899,322899,322905,6,0
322899,322899,322905,6,0
322899,322899,322905,6,0
322899,322899,322905,6,0
322899,322899,322905,6,0
322899,322899,322905,6,0
322899,322904,322905,1,5
322899,322904,322905,1,5
322899,322904,322905,1,5
322899,322899,322905,6,0
322899,322904,322905,1,5
322899,322905,322906,1,6
322899,322899,322906,7,0
322899,322899,322906,7,0
322899,322899,322906,7,0
322899,322899,322906,7,0
322899,322905,322906,1,6
322899,322905,322907,2,6
322899,322899,322907,8,0
322899,322899,322907,8,0
322899,322906,322907,1,7
322899,322906,322907,1,7
322899,322899,322907,8,0
322899,322906,322907,1,7
322899,322906,322907,1,7
322899,322906,322907,1,7
322899,322899,322908,9,0
322899,322907,322908,1,8
322899,322907,322908,1,8
322899,322907,322909,2,8
322899,322899,322908,9,0
322899,322900,322908,8,1
322899,322907,322908,1,8
322899,322907,322908,1,8
322899,322907,322909,2,8
322899,322906,322909,3,7
322899,322906,322909,3,7
322899,322906,322909,3,7
322899,322908,322909,1,9
322899,322899,322910,11,0
322899,322908,322909,1,9
322899,322908,322909,1,9
322899,322908,322909,1,9
322899,322908,322909,1,9
322899,322908,322909,1,9
322899,322899,322910,11,0
322899,322899,322910,11,0
322899,322899,322910,11,0
322899,322908,322910,2,9
322899,322899,322911,12,0
322899,322899,322911,12,0
322899,322899,322912,13,0
322899,322899,322911,12,0
322899,322899,322911,12,0
322899,322899,322911,12,0
322899,322906,322912,6,7
322899,322899,322912,13,0
322899,322899,322913,14,0
322899,322899,322913,14,0
322899,322899,322914,15,0
322899,322899,322914,15,0
322899,322899,322914,15,0
322899,322899,322915,16,0
322899,322899,322916,17,0
322899,322899,322916,17,0
322899,322906,322916,10,7
322899,322899,322918,19,0
322899,322899,322918,19,0
322921,322921,322923,2,0
322921,322921,322923,2,0
322921,322921,322923,2,0
322921,322921,322923,2,0
322921,322921,322923,2,0
322921,322923,322925,2,2
322921,322923,322925,2,2
322921,322921,322925,4,0
322921,322923,322925,2,2
322921,322924,322925,1,3
322921,322921,322926,5,0
322921,322924,322926,2,3
322921,322921,322927,6,0
322921,322921,322927,6,0
322921,322921,322927,6,0
322921,322926,322927,1,5
322921,322926,322927,1,5
322921,322926,322927,1,5
322921,322926,322927,1,5
322921,322926,322927,1,5
322921,322921,322928,7,0
322921,322921,322928,7,0
322921,322921,322928,7,0
322921,322927,322928,1,6
322921,322921,322929,8,0
322921,322921,322929,8,0
322921,322921,322929,8,0
322921,322921,322929,8,0
322921,322927,322929,2,6
322921,322921,322929,8,0
322921,322921,322930,9,0
322921,322921,322929,8,0
322921,322928,322929,1,7
322921,322921,322929,8,0
322921,322928,322930,2,7
322921,322928,322929,1,7
322921,322928,322929,1,7
322921,322921,322929,8,0
322921,322928,322929,1,7
322921,322921,322930,9,0
322921,322921,322930,9,0
322921,322927,322930,3,6
322921,322928,322930,2,7
322921,322921,322931,10,0
322921,322929,322930,1,8
322921,322921,322930,9,0
322921,322929,322930,1,8
322921,322929,322930,1,8
322921,322921,322930,9,0
322921,322929,322930,1,8
322921,322927,322930,3,6
322921,322921,322931,10,0
322921,322921,322932,11,0
322921,322921,322931,10,0
322921,322930,322931,1,9
322921,322930,322931,1,9
322921,322930,322931,1,9
322921,322930,322931,1,9
322921,322930,322931,1,9
322921,322930,322931,1,9
322921,322921,322932,11,0
322921,322921,322932,11,0
322921,322921,322932,11,0
322921,322921,322932,11,0
322921,322930,322932,2,9
322921,322921,322932,11,0
322921,322930,322932,2,9
322921,322930,322932,2,9
322921,322921,322933,12,0
322921,322930,322933,3,9
322921,322930,322934,4,9
322921,322921,322933,12,0
322921,322921,322934,13,0
322921,322921,322934,13,0
322921,322921,322935,14,0
322921,322921,322935,14,0
322921,322921,322935,14,0
322921,322921,322936,15,0
322921,322921,322937,16,0
322940,322940,322942,2,0
322940,322940,322942,2,0
322940,322940,322942,2,0
322940,322940,322942,2,0
322940,322940,322942,2,0
322940,322942,322944,2,2
322940,322942,322943,1,2
322940,322942,322943,1,2
322940,322942,322944,2,2
322940,322942,322944,2,2
322940,322940,322944,4,0
322940,322940,322945,5,0
322940,322940,322945,5,0
322940,322944,322945,1,4
322940,322944,322946,2,4
322940,322940,322946,6,0
322940,322944,322946,2,4
322940,322940,322946,6,0
322940,322944,322946,2,4
322940,322940,322946,6,0
322940,322944,322946,2,4
322940,322940,322946,6,0
322940,322940,322947,7,0
322940,322940,322947,7,0
322940,322940,322947,7,0
322940,322940,322947,7,0
322940,322940,322947,7,0
322940,322940,322947,7,0
322940,322945,322948,3,5
322940,322940,322948,8,0
322940,322940,322948,8,0
322940,322946,322947,1,6
322940,322940,322947,7,0
322940,322940,322948,8,0
322940,322946,322948,2,6
322940,322940,322948,8,0
322940,322946,322948,2,6
322940,322946,322948,2,6
322940,322944,322948,4,4
322940,322946,322947,1,6
322940,322946,322948,2,6
322940,322940,322948,8,0
322940,322946,322948,2,6
322940,322940,322949,9,0
322940,322940,322949,9,0
322940,322946,322949,3,6
322940,322940,322949,9,0
322940,322940,322948,8,0
322940,322947,322949,2,7
322940,322940,322949,9,0
322940,322947,322948,1,7
322940,322947,322948,1,7
322940,322948,322949,1,8
322940,322946,322949,3,6
322940,322947,322949,2,7
322940,322947,322948,1,7
322940,322940,322950,10,0
322940,322940,322949,9,0
322940,322940,322950,10,0
322940,322940,322950,10,0
322940,322947,322949,2,7
322940,322940,322950,10,0
322940,322947,322950,3,7
322940,322940,322950,10,0
322940,322940,322950,10,0
322940,322948,322950,2,8
322940,322948,322950,2,8
322940,322948,322950,2,8
322940,322948,322950,2,8
322940,322948,322950,2,8
322940,322948,322950,2,8
322940,322940,322951,11,0
322940,322940,322952,12,0
322940,322940,322954,14,0
322940,322940,322954,14,0
322940,322940,322954,14,0
322940,322940,322956,16,0
322940,322940,322957,17,0
322940,322940,322961,21,0
322964,322964,322965,1,0
322964,322964,322966,2,0
322964,322964,322966,2,0
322964,322964,322966,2,0
322964,322964,322965,1,0
322964,322964,322967,3,0
322964,322964,322967,3,0
322964,322964,322967,3,0
322964,322964,322968,4,0
322964,322964,322969,5,0
322964,322964,322969,5,0
322964,322966,322969,3,2
322964,322964,322968,4,0
322964,322966,322969,3,2
322964,322964,322969,5,0
322964,322964,322969,5,0
322964,322966,322969,3,2
322964,322966,322970,4,2
322964,322964,322970,6,0
322964,322964,322969,5,0
322964,322964,322970,6,0
322964,322964,322970,6,0
322964,322964,322970,6,0
322964,322966,322971,5,2
322964,322964,322971,7,0
322964,322964,322971,7,0
322964,322964,322971,7,0
322964,322964,322970,6,0
322964,322964,322970,6,0
322964,322964,322970,6,0
322964,322969,322970,1,5
322964,322969,322970,1,5
322964,322969,322970,1,5
322964,322964,322971,7,0
322964,322964,322971,7,0
322964,322964,322972,8,0
322964,322968,322972,4,4
322964,322968,322971,3,4
322964,322969,322972,3,5
322964,322964,322971,7,0
322964,322964,322971,7,0
322964,322964,322972,8,0
322964,322970,322971,1,6
322964,322970,322971,1,6
322964,322970,322972,2,6
322964,322964,322972,8,0
322964,322969,322972,3,5
322964,322964,322971,7,0
322964,322970,322972,2,6
322964,322970,322972,2,6
322964,322970,322972,2,6
322964,322964,322973,9,0
322964,322964,322972,8,0
322964,322969,322973,4,5
322964,322964,322972,8,0
322964,322971,322972,1,7
322964,322971,322972,1,7
322964,322971,322972,1,7
322964,322971,322972,1,7
322964,322971,322973,2,7
322964,322964,322972,8,0
322964,322971,322972,1,7
322964,322971,322973,2,7
322964,322971,322973,2,7
322964,322971,322973,2,7
322964,322970,322973,3,6
322964,322964,322973,9,0
322964,322964,322974,10,0
322964,322971,322974,3,7
322964,322964,322973,9,0
322964,322971,322973,2,7
322964,322967,322974,7,3
322964,322971,322973,2,7
322964,322964,322975,11,0
322964,322972,322974,2,8
322964,322972,322974,2,8
322964,322964,322974,10,0
322964,322964,322975,11,0
322964,322964,322976,12,0
322980,322980,322981,1,0
322980,322980,322981,1,0
322980,322980,322981,1,0
322980,322980,322981,1,0
322980,322980,322981,1,0
322980,322980,322984,4,0
322980,322982,322985,3,2
322980,322980,322985,5,0
322980,322982,322985,3,2
322980,322980,322986,6,0
322980,322982,322985,3,2
322980,322982,322986,4,2
322980,322980,322985,5,0
322980,322982,322986,4,2
322980,322980,322986,6,0
322980,322980,322986,6,0
322980,322980,322987,7,0
322980,322980,322986,6,0
322980,322980,322986,6,0
322980,322985,322986,1,5
322980,322980,322987,7,0
322980,322980,322987,7,0
322980,322986,322987,1,6
322980,322980,322987,7,0
322980,322986,322987,1,6
322980,322986,322987,1,6
322980,322986,322987,1,6
322980,322980,322988,8,0
322980,322980,322987,7,0
322980,322985,322987,2,5
322980,322980,322988,8,0
322980,322980,322989,9,0
322980,322980,322988,8,0
322980,322980,322989,9,0
322980,322980,322988,8,0
322980,322980,322988,8,0
322980,322986,322988,2,6
322980,322987,322988,1,7
322980,322980,322989,9,0
322980,322986,322988,2,6
322980,322987,322988,1,7
322980,322987,322988,1,7
322980,322987,322988,1,7
322980,322980,322990,10,0
322980,322987,322990,3,7
322980,322987,322989,2,7
322980,322988,322989,1,8
322980,322980,322989,9,0
322980,322988,322989,1,8
322980,322980,322989,9,0
322980,322988,322989,1,8
322980,322988,322989,1,8
322980,322988,322989,1,8
322980,322988,322989,1,8
322980,322988,322989,1,8
322980,322988,322990,2,8
322980,322988,322990,2,8
322980,322980,322991,11,0
322980,322988,322991,3,8
322980,322986,322990,4,6
322980,322989,322990,1,9
322980,322989,322990,1,9
322980,322980,322991,11,0
322980,322980,322991,11,0
322980,322989,322991,2,9
322980,322989,322991,2,9
322980,322989,322991,2,9
322980,322980,322993,13,0
322980,322980,322994,14,0
322980,322980,322994,14,0
322980,322980,322995,15,0
322980,322980,322994,14,0
322980,322980,322995,15,0
322980,322980,322996,16,0
322980,322980,322998,18,0
322980,322980,322997,17,0
322980,322980,322998,18,0
322980,322980,323001,21,0
322980,322980,323002,22,0
323005,323006,323007,1,1
323005,323006,323007,1,1
323005,323006,323007,1,1
323005,323006,323007,1,1
323005,323006,323007,1,1
323005,323008,323010,2,3
323005,323008,323010,2,3
323005,323008,323011,3,3
323005,323008,323010,2,3
323005,323006,323011,5,1
323005,323006,323011,5,1
323005,323006,323011,5,1
323005,323006,323012,6,1
323005,323008,323011,3,3
323005,323006,323011,5,1
323005,323006,323011,5,1
323005,323006,323012,6,1
323005,323012,323013,1,7
323005,323011,323013,2,6
323005,323006,323013,7,1
323005,323006,323013,7,1
323005,323011,323013,2,6
323005,323006,323013,7,1
323005,323006,323013,7,1
323005,323006,323013,7,1
323005,323006,323013,7,1
323005,323006,323013,7,1
323005,323011,323013,2,6
323005,323006,323013,7,1
323005,323011,323014,3,6
323005,323012,323013,1,7
323005,323006,323013,7,1
323005,323013,323014,1,8
323005,323012,323014,2,7
323005,323012,323015,3,7
323005,323006,323014,8,1
323005,323012,323014,2,7
323005,323006,323014,8,1
323005,323013,323014,1,8
323005,323006,323015,9,1
323005,323006,323015,9,1
323005,323013,323016,3,8
323005,323006,323015,9,1
323005,323012,323015,3,7
323005,323006,323015,9,1
323005,323014,323015,1,9
323005,323014,323015,1,9
323005,323014,323015,1,9
323005,323014,323015,1,9
323005,323014,323015,1,9
323005,323014,323015,1,9
323005,323014,323016,2,9
323005,323006,323016,10,1
323005,323014,323015,1,9
323005,323014,323015,1,9
323005,323014,323015,1,9
323005,323014,323016,2,9
323005,323014,323016,2,9
323005,323006,323017,11,1
323005,323014,323016,2,9
323005,323012,323016,4,7
323005,323014,323016,2,9
323005,323006,323018,12,1
323005,323015,323017,2,10
323005,323015,323017,2,10
323005,323006,323018,12,1
323005,323006,323018,12,1
323005,323006,323018,12,1
323005,323006,323018,12,1
323005,323006,323019,13,1
323005,323006,323020,14,1
323005,323006,323020,14,1
323005,323006,323020,14,1
323005,323006,323022,16,1
323005,323006,323022,16,1
323005,323006,323023,17,1
323005,323006,323024,18,1
323005,323006,323026,20,1
323005,323006,323032,26,1
323034,323034,323036,2,0
323034,323034,323036,2,0
323034,323034,323036,2,0
323034,323034,323036,2,0
323034,323034,323037,3,0
323034,323036,323038,2,2
323034,323037,323038,1,3
323034,323037,323038,1,3
323034,323037,323038,1,3
323034,323037,323039,2,3
323034,323034,323039,5,0
323034,323034,323040,6,0
323034,323039,323040,1,5
323034,323039,323040,1,5
323034,323039,323040,1,5
323034,323034,323041,7,0
323034,323034,323041,7,0
323034,323040,323041,1,6
323034,323034,323041,7,0
323034,323039,323041,2,5
323034,323034,323041,7,0
323034,323034,323041,7,0
323034,323034,323042,8,0
323034,323040,323042,2,6
323034,323034,323042,8,0
323034,323041,323042,1,7
323034,323034,323042,8,0
323034,323034,323042,8,0
323034,323034,323042,8,0
323034,323041,323042,1,7
323034,323034,323042,8,0
323034,323034,323042,8,0
323034,323041,323042,1,7
323034,323034,323043,9,0
323034,323034,323043,9,0
323034,323034,323043,9,0
323034,323041,323043,2,7
323034,323034,323043,9,0
323034,323034,323043,9,0
323034,323042,323043,1,8
323034,323042,323043,1,8
323034,323042,323043,1,8
323034,323042,323043,1,8
323034,323042,323043,1,8
323034,323042,323044,2,8
323034,323034,323044,10,0
323034,323034,323044,10,0
323034,323043,323044,1,9
323034,323043,323044,1,9
323034,323043,323044,1,9
323034,323043,323044,1,9
323034,323043,323044,1,9
323034,323043,323044,1,9
323034,323043,323044,1,9
323034,323043,323044,1,9
323034,323043,323044,1,9
323034,323034,323045,11,0
323034,323034,323045,11,0
323034,323034,323045,11,0
323034,323042,323045,3,8
323034,323043,323045,2,9
323034,323034,323045,11,0
323034,323034,323045,11,0
323034,323044,323046,2,10
323034,323043,323046,3,9
323034,323034,323046,12,0
323034,323044,323046,2,10
323034,323034,323048,14,0
323034,323034,323047,13,0
323034,323034,323048,14,0
323034,323034,323048,14,0
323034,323034,323049,15,0
323034,323034,323049,15,0
323034,323034,323049,15,0
323034,323034,323049,15,0
323034,323034,323050,16,0
323034,323034,323052,18,0
323034,323034,323056,22,0
323034,323034,323061,27,0
323064,323064,323066,2,0
323064,323064,323066,2,0
323064,323064,323066,2,0
323064,323064,323066,2,0
323064,323064,323066,2,0
323064,323066,323068,2,2
323064,323066,323068,2,2
323064,323066,323068,2,2
323064,323066,323069,3,2
323064,323066,323070,4,2
323064,323068,323070,2,4
323064,323064,323070,6,0
323064,323068,323069,1,4
323064,323064,323071,7,0
323064,323064,323071,7,0
323064,323064,323071,7,0
323064,323069,323071,2,5
323064,323069,323071,2,5
323064,323064,323071,7,0
323064,323064,323071,7,0
323064,323064,323072,8,0
323064,323064,323072,8,0
323064,323064,323072,8,0
323064,323064,323072,8,0
323064,323064,323072,8,0
323064,323070,323072,2,6
323064,323064,323072,8,0
323064,323070,323072,2,6
323064,323071,323072,1,7
323064,323064,323073,9,0
323064,323070,323073,3,6
323064,323064,323073,9,0
323064,323071,323073,2,7
323064,323071,323073,2,7
323064,323064,323073,9,0
323064,323064,323073,9,0
323064,323071,323073,2,7
323064,323064,323073,9,0
323064,323064,323073,9,0
323064,323072,323073,1,8
323064,323072,323073,1,8
323064,323064,323073,9,0
323064,323071,323074,3,7
323064,323064,323074,10,0
323064,323072,323074,2,8
323064,323072,323074,2,8
323064,323073,323074,1,9
323064,323073,323074,1,9
323064,323073,323074,1,9
323064,323074,323075,1,10
323064,323073,323074,1,9
323064,323073,323074,1,9
323064,323064,323075,11,0
323064,323064,323074,10,0
323064,323071,323075,4,7
323064,323064,323075,11,0
323064,323073,323075,2,9
323064,323073,323075,2,9
323064,323074,323075,1,10
323064,323074,323075,1,10
323064,323074,323075,1,10
323064,323064,323075,11,0
323064,323064,323076,12,0
323064,323064,323076,12,0
323064,323064,323076,12,0
323064,323072,323076,4,8
323064,323072,323076,4,8
323064,323064,323077,13,0
323064,323064,323078,14,0
323064,323064,323078,14,0
323064,323064,323078,14,0
323064,323064,323080,16,0
323064,323064,323080,16,0
323064,323064,323080,16,0
323064,323064,323081,17,0
323064,323064,323083,19,0
323064,323064,323085,21,0
323064,323064,323085,21,0
323064,323064,323088,24,0
323091,323091,323093,2,0
323091,323091,323093,2,0
323091,323091,323093,2,0
323091,323091,323093,2,0
323091,323091,323093,2,0
323091,323093,323095,2,2
323091,323093,323095,2,2
323091,323093,323095,2,2
323091,323091,323096,5,0
323091,323093,323096,3,2
323091,323093,323096,3,2
323091,323091,323097,6,0
323091,323091,323096,5,0
323091,323091,323097,6,0
323091,323091,323096,5,0
323091,323091,323097,6,0
323091,323091,323097,6,0
323091,323091,323097,6,0
323091,323095,323097,2,4
323091,323091,323098,7,0
323091,323091,323098,7,0
323091,323096,323098,2,5
323091,323091,323098,7,0
323091,323095,323098,3,4
323091,323091,323097,6,0
323091,323096,323098,2,5
323091,323095,323097,2,4
323091,323091,323098,7,0
323091,323091,323098,7,0
323091,323091,323099,8,0
323091,323091,323099,8,0
323091,323091,323099,8,0
323091,323091,323099,8,0
323091,323091,323099,8,0
323091,323099,323100,1,8
323091,323091,323099,8,0
323091,323097,323100,3,6
323091,323098,323100,2,7
323091,323098,323100,2,7
323091,323098,323100,2,7
323091,323097,323100,3,6
323091,323098,323100,2,7
323091,323098,323100,2,7
323091,323097,323100,3,6
323091,323097,323100,3,6
323091,323097,323099,2,6
323091,323097,323100,3,6
323091,323091,323100,9,0
323091,323091,323100,9,0
323091,323098,323100,2,7
323091,323099,323100,1,8
323091,323099,323101,2,8
323091,323099,323101,2,8
323091,323091,323101,10,0
323091,323100,323102,2,9
323091,323099,323101,2,8
323091,323091,323102,11,0
323091,323097,323102,5,6
323091,323098,323101,3,7
323091,323100,323101,1,9
323091,323100,323101,1,9
323091,323097,323103,6,6
323091,323091,323103,12,0
323091,323096,323104,8,5
323091,323098,323104,6,7
323091,323091,323105,14,0
323091,323091,323104,13,0
323091,323091,323105,14,0
323091,323091,323106,15,0
323091,323091,323106,15,0
323091,323091,323106,15,0
323091,323091,323107,16,0
323091,323091,323107,16,0
323091,323091,323108,17,0
323091,323091,323111,20,0
323091,323091,323111,20,0
323091,323091,323113,22,0
323091,323091,323116,25,0
323091,323091,323117,26,0
323121,323121,323123,2,0
323121,323121,323123,2,0
323121,323121,323123,2,0
323121,323121,323123,2,0
323121,323121,323125,4,0
323121,323123,323125,2,2
323121,323123,323125,2,2
323121,323123,323126,3,2
323121,323124,323126,2,3
323121,323121,323127,6,0
323121,323121,323126,5,0
323121,323125,323127,2,4
323121,323125,323127,2,4
323121,323121,323127,6,0
323121,323125,323127,2,4
323121,323121,323128,7,0
323121,323121,323128,7,0
323121,323121,323128,7,0
323121,323121,323127,6,0
323121,323121,323128,7,0
323121,323121,323128,7,0
323121,323121,323128,7,0
323121,323121,323129,8,0
323121,323126,323128,2,5
323121,323121,323128,7,0
323121,323127,323129,2,6
323121,323121,323129,8,0
323121,323121,323128,7,0
323121,323121,323130,9,0
323121,323121,323129,8,0
323121,323121,323129,8,0
323121,323127,323130,3,6
323121,323126,323129,3,5
323121,323127,323130,3,6
323121,323121,323129,8,0
323121,323127,323129,2,6
323121,323127,323129,2,6
323121,323128,323130,2,7
323121,323121,323131,10,0
323121,323121,323131,10,0
323121,323121,323131,10,0
323121,323129,323131,2,8
323121,323129,323131,2,8
323121,323129,323131,2,8
323121,323129,323131,2,8
323121,323128,323131,3,7
323121,323128,323131,3,7
323121,323129,323131,2,8
323121,323128,323131,3,7
323121,323129,323130,1,8
323121,323121,323132,11,0
323121,323130,323131,1,9
323121,323130,323132,2,9
323121,323130,323132,2,9
323121,323130,323132,2,9
323121,323121,323132,11,0
323121,323121,323132,11,0
323121,323130,323132,2,9
323121,323130,323132,2,9
323121,323121,323133,12,0
323121,323130,323132,2,9
323121,323121,323133,12,0
323121,323121,323132,11,0
323121,323121,323133,12,0
323121,323128,323133,5,7
323121,323128,323135,7,7
323121,323121,323134,13,0
323121,323121,323135,14,0
323121,323127,323136,9,6
323121,323121,323137,16,0
323121,323121,323137,16,0
323121,323121,323138,17,0
323121,323121,323138,17,0
323121,323121,323139,18,0
323121,323121,323139,18,0
323121,323129,323139,10,8
323121,323121,323141,20,0
323121,323121,323144,23,0
323121,323121,323144,23,0
323148,323148,323149,1,0
323148,323148,323150,2,0
323148,323148,323149,1,0
323148,323148,323150,2,0
323148,323148,323151,3,0
323148,323148,323151,3,0
323148,323150,323152,2,2
323148,323148,323153,5,0
323148,323148,323152,4,0
323148,323148,323153,5,0
323148,323148,323153,5,0
323148,323148,323153,5,0
323148,323150,323153,3,2
323148,323148,323154,6,0
323148,323150,323153,3,2
323148,323150,323153,3,2
323148,323148,323155,7,0
323148,323148,323155,7,0
323148,323152,323154,2,4
323148,323148,323155,7,0
323148,323148,323156,8,0
323148,323148,323155,7,0
323148,323148,323155,7,0
323148,323153,323156,3,5
323148,323148,323157,9,0
323148,323153,323157,4,5
323148,323148,323156,8,0
323148,323154,323157,3,6
323148,323154,323157,3,6
323148,323148,323157,9,0
323148,323154,323157,3,6
323148,323156,323157,1,8
323148,323148,323157,9,0
323148,323154,323157,3,6
323148,323155,323157,2,7
323148,323148,323156,8,0
323148,323153,323156,3,5
323148,323155,323157,2,7
323148,323148,323157,9,0
323148,323148,323157,9,0
323148,323152,323157,5,4
323148,323148,323157,9,0
323148,323155,323158,3,7
323148,323156,323157,1,8
323148,323148,323157,9,0
323148,323148,323157,9,0
323148,323148,323158,10,0
323148,323156,323157,1,8
323148,323156,323159,3,8
323148,323148,323159,11,0
323148,323153,323158,5,5
323148,323157,323158,1,9
323148,323157,323158,1,9
323148,323157,323158,1,9
323148,323157,323159,2,9
323148,323157,323159,2,9
323148,323157,323158,1,9
323148,323157,323158,1,9
323148,323157,323158,1,9
323148,323157,323159,2,9
323148,323157,323159,2,9
323148,323157,323159,2,9
323148,323148,323159,11,0
323148,323148,323160,12,0
323148,323148,323159,11,0
323148,323148,323159,11,0
323148,323148,323159,11,0
323148,323148,323159,11,0
323148,323157,323159,2,9
323148,323148,323161,13,0
323148,323148,323160,12,0
323148,323148,323161,13,0
323148,323152,323161,9,4
323148,323148,323162,14,0
323148,323148,323162,14,0
323148,323148,323162,14,0
323148,323154,323163,9,6
323148,323148,323164,16,0
323148,323148,323168,20,0
323170,323171,323172,1,1
323170,323171,323172,1,1
323170,323171,323173,2,1
323170,323171,323173,2,1
323170,323171,323174,3,1
323170,323171,323175,4,1
323170,323171,323176,5,1
323170,323171,323177,6,1
323170,323171,323176,5,1
323170,323171,323176,5,1
323170,323173,323176,3,3
323170,323171,323177,6,1
323170,323171,323176,5,1
323170,323171,323176,5,1
323170,323171,323177,6,1
323170,323171,323178,7,1
323170,323173,323177,4,3
323170,323171,323177,6,1
323170,323171,323177,6,1
323170,323171,323177,6,1
323170,323174,323178,4,4
323170,323171,323178,7,1
323170,323171,323178,7,1
323170,323174,323178,4,4
323170,323171,323177,6,1
323170,323171,323178,7,1
323170,323171,323178,7,1
323170,323171,323179,8,1
323170,323175,323178,3,5
323170,323177,323178,1,7
323170,323176,323178,2,6
323170,323177,323178,1,7
323170,323177,323178,1,7
323170,323171,323179,8,1
323170,323177,323178,1,7
323170,323171,323179,8,1
323170,323171,323179,8,1
323170,323178,323179,1,8
323170,323178,323179,1,8
323170,323178,323179,1,8
323170,323177,323179,2,7
323170,323178,323179,1,8
323170,323178,323179,1,8
323170,323178,323180,2,8
323170,323178,323180,2,8
323170,323171,323180,9,1
323170,323171,323180,9,1
323170,323178,323180,2,8
323170,323171,323180,9,1
323170,323178,323180,2,8
323170,323179,323180,1,9
323170,323171,323180,9,1
323170,323179,323180,1,9
323170,323171,323180,9,1
323170,323179,323181,2,9
323170,323179,323180,1,9
323170,323179,323181,2,9
323170,323179,323180,1,9
323170,323179,323180,1,9
323170,323179,323181,2,9
323170,323171,323182,11,1
323170,323171,323182,11,1
323170,323179,323181,2,9
323170,323171,323181,10,1
323170,323171,323181,10,1
323170,323171,323182,11,1
323170,323171,323181,10,1
323170,323178,323181,3,8
323170,323179,323181,2,9
323170,323178,323181,3,8
323170,323171,323181,10,1
323170,323171,323182,11,1
323170,323177,323183,6,7
323170,323177,323183,6,7
323170,323171,323184,13,1
323170,323176,323185,9,6
323170,323171,323185,14,1
323170,323171,323187,16,1
323170,323171,323188,17,1
323191,323192,323193,1,1
323191,323192,323193,1,1
323191,323192,323193,1,1
323191,323192,323194,2,1
323191,323192,323194,2,1
323191,323195,323198,3,4
323191,323195,323198,3,4
323191,323192,323198,6,1
323191,323194,323198,4,3
323191,323192,323197,5,1
323191,323194,323197,3,3
323191,323192,323198,6,1
323191,323192,323199,7,1
323191,323192,323198,6,1
323191,323192,323199,7,1
323191,323192,323198,6,1
323191,323194,323198,4,3
323191,323192,323198,6,1
323191,323192,323199,7,1
323191,323192,323199,7,1
323191,323192,323200,8,1
323191,323192,323199,7,1
323191,323198,323200,2,7
323191,323198,323200,2,7
323191,323192,323200,8,1
323191,323192,323199,7,1
323191,323198,323200,2,7
323191,323198,323199,1,7
323191,323198,323199,1,7
323191,323192,323201,9,1
323191,323192,323200,8,1
323191,323192,323200,8,1
323191,323198,323200,2,7
323191,323199,323200,1,8
323191,323199,323200,1,8
323191,323199,323200,1,8
323191,323199,323200,1,8
323191,323199,323201,2,8
323191,323199,323201,2,8
323191,323192,323201,9,1
323191,323192,323201,9,1
323191,323192,323201,9,1
323191,323192,323201,9,1
323191,323192,323202,10,1
323191,323192,323201,9,1
323191,323192,323201,9,1
323191,323199,323201,2,8
323191,323200,323201,1,9
323191,323200,323202,2,9
323191,323200,323201,1,9
323191,323199,323201,2,8
323191,323200,323201,1,9
323191,323200,323201,1,9
323191,323200,323201,1,9
323191,323200,323201,1,9
323191,323192,323202,10,1
323191,323192,323203,11,1
323191,323192,323202,10,1
323191,323192,323202,10,1
323191,323201,323202,1,10
323191,323201,323202,1,10
323191,323201,323203,2,10
323191,323201,323203,2,10
323191,323200,323203,3,9
323191,323192,323203,11,1
323191,323200,323203,3,9
323191,323201,323203,2,10
323191,323201,323203,2,10
323191,323200,323204,4,9
323191,323192,323204,12,1
323191,323192,323204,12,1
323191,323192,323205,13,1
323191,323192,323204,12,1
323191,323192,323205,13,1
323191,323192,323205,13,1
323191,323192,323206,14,1
323191,323192,323205,13,1
323191,323192,323207,15,1
323191,323192,323209,17,1
323212,323213,323214,1,1
323212,323213,323214,1,1
323212,323213,323214,1,1
323212,323213,323214,1,1
323212,323213,323216,3,1
323212,323213,323217,4,1
323212,323213,323216,3,1
323212,323213,323217,4,1
323212,323213,323217,4,1
323212,323215,323216,1,3
323212,323215,323216,1,3
323212,323215,323216,1,3
323212,323213,323217,4,1
323212,323213,323217,4,1
323212,323215,323217,2,3
323212,323217,323218,1,5
323212,323213,323218,5,1
323212,323213,323218,5,1
323212,323217,323219,2,5
323212,323217,323219,2,5
323212,323217,323219,2,5
323212,323217,323219,2,5
323212,323213,323220,7,1
323212,323217,323220,3,5
323212,323217,323220,3,5
323212,323213,323220,7,1
323212,323213,323220,7,1
323212,323218,323220,2,6
323212,323213,323220,7,1
323212,323213,323221,8,1
323212,323219,323221,2,7
323212,323213,323221,8,1
323212,323213,323222,9,1
323212,323213,323221,8,1
323212,323213,323221,8,1
323212,323213,323221,8,1
323212,323213,323221,8,1
323212,323220,323221,1,8
323212,323213,323222,9,1
323212,323213,323223,10,1
323212,323213,323222,9,1
323212,323213,323222,9,1
323212,323217,323222,5,5
323212,323221,323223,2,9
323212,323221,323223,2,9
323212,323221,323223,2,9
323212,323213,323222,9,1
323212,323221,323222,1,9
323212,323213,323223,10,1
323212,323213,323223,10,1
323212,323220,323223,3,8
323212,323213,323224,11,1
323212,323213,323223,10,1
323212,323213,323223,10,1
323212,323222,323223,1,10
323212,323222,323223,1,10
323212,323220,323223,3,8
323212,323213,323224,11,1
323212,323221,323223,2,9
323212,323222,323223,1,10
323212,323222,323223,1,10
323212,323222,323223,1,10
323212,323213,323224,11,1
323212,323221,323223,2,9
323212,323220,323225,5,8
323212,323213,323224,11,1
323212,323213,323224,11,1
323212,323218,323224,6,6
323212,323218,323224,6,6
323212,323219,323224,5,7
323212,323221,323224,3,9
323212,323222,323224,2,10
323212,323213,323224,11,1
323212,323213,323224,11,1
323212,323219,323226,7,7
323212,323213,323228,15,1
323212,323213,323228,15,1
323212,323213,323229,16,1
323212,323213,323229,16,1
323232,323233,323234,1,1
323232,323233,323234,1,1
323232,323233,323234,1,1
323232,323233,323234,1,1
323232,323233,323237,4,1
323232,323235,323236,1,3
323232,323235,323236,1,3
323232,323235,323236,1,3
323232,323235,323237,2,3
323232,323233,323238,5,1
323232,323233,323238,5,1
323232,323237,323238,1,5
323232,323237,323238,1,5
323232,323237,323238,1,5
323232,323237,323238,1,5
323232,323233,323240,7,1
323232,323233,323239,6,1
323232,323238,323239,1,6
323232,323233,323240,7,1
323232,323233,323241,8,1
323232,323233,323240,7,1
323232,323233,323240,7,1
323232,323233,323241,8,1
323232,323233,323240,7,1
323232,323233,323241,8,1
323232,323233,323241,8,1
323232,323233,323241,8,1
323232,323233,323242,9,1
323232,323239,323241,2,7
323232,323239,323242,3,7
323232,323233,323241,8,1
323232,323239,323241,2,7
323232,323233,323242,9,1
323232,323233,323243,10,1
323232,323233,323242,9,1
323232,323239,323242,3,7
323232,323233,323243,10,1
323232,323240,323242,2,8
323232,323241,323243,2,9
323232,323233,323242,9,1
323232,323241,323243,2,9
323232,323233,323242,9,1
323232,323233,323242,9,1
323232,323241,323243,2,9
323232,323233,323243,10,1
323232,323233,323243,10,1
323232,323239,323243,4,7
323232,323233,323243,10,1
323232,323242,323243,1,10
323232,323242,323243,1,10
323232,323242,323243,1,10
323232,323240,323244,4,8
323232,323233,323244,11,1
323232,323239,323244,5,7
323232,323242,323245,3,10
323232,323243,323244,1,11
323232,323243,323244,1,11
323232,323243,323244,1,11
323232,323242,323245,3,10
323232,323233,323245,12,1
323232,323240,323246,6,8
323232,323241,323246,5,9
323232,323241,323245,4,9
323232,323242,323245,3,10
323232,323233,323245,12,1
323232,323242,323246,4,10
323232,323233,323246,13,1
323232,323233,323246,13,1
323232,323241,323246,5,9
323232,323233,323247,14,1
323232,323233,323246,13,1
323232,323242,323247,5,10
323232,323233,323248,15,1
323232,323233,323249,16,1
323232,323233,323250,17,1
323232,323233,323250,17,1
323232,323233,323252,19,1
323232,323233,323252,19,1
323232,323233,323254,21,1
323257,323258,323259,1,1
323257,323258,323259,1,1
323257,323258,323259,1,1
323257,323258,323259,1,1
323257,323260,323261,1,3
323257,323260,323262,2,3
323257,323260,323262,2,3
323257,323260,323262,2,3
323257,323258,323263,5,1
323257,323258,323263,5,1
323257,323262,323263,1,5
323257,323262,323263,1,5
323257,323258,323264,6,1
323257,323258,323264,6,1
323257,323258,323264,6,1
323257,323263,323265,2,6
323257,323258,323266,8,1
323257,323263,323265,2,6
323257,323264,323266,2,7
323257,323264,323266,2,7
323257,323258,323267,9,1
323257,323258,323266,8,1
323257,323265,323267,2,8
323257,323258,323266,8,1
323257,323264,323266,2,7
323257,323258,323267,9,1
323257,323258,323266,8,1
323257,323265,323266,1,8
323257,323258,323267,9,1
323257,323265,323267,2,8
323257,323258,323267,9,1
323257,323258,323268,10,1
323257,323258,323268,10,1
323257,323266,323267,1,9
323257,323258,323267,9,1
323257,323265,323267,2,8
323257,323258,323267,9,1
323257,323266,323267,1,9
323257,323258,323267,9,1
323257,323266,323267,1,9
323257,323264,323268,4,7
323257,323258,323268,10,1
323257,323258,323268,10,1
323257,323267,323268,1,10
323257,323267,323268,1,10
323257,323258,323268,10,1
323257,323258,323269,11,1
323257,323267,323268,1,10
323257,323267,323268,1,10
323257,323267,323269,2,10
323257,323268,323269,1,11
323257,323266,323269,3,9
323257,323258,323269,11,1
323257,323258,323269,11,1
323257,323258,323270,12,1
323257,323268,323270,2,11
323257,323268,323269,1,11
323257,323268,323270,2,11
323257,323258,323270,12,1
323257,323258,323270,12,1
323257,323267,323270,3,10
323257,323268,323270,2,11
323257,323267,323270,3,10
323257,323268,323271,3,11
323257,323268,323270,2,11
323257,323258,323271,13,1
323257,323258,323271,13,1
323257,323258,323271,13,1
323257,323258,323272,14,1
323257,323258,323271,13,1
323257,323258,323272,14,1
323257,323258,323273,15,1
323257,323258,323272,14,1
323257,323258,323273,15,1
323257,323258,323273,15,1
323257,323258,323272,14,1
323257,323258,323272,14,1
323257,323267,323273,6,10
323257,323258,323276,18,1
323278,323278,323280,2,0
323278,323278,323280,2,0
323278,323278,323280,2,0
323278,323278,323281,3,0
323278,323278,323281,3,0
323278,323281,323282,1,3
323278,323281,323282,1,3
323278,323281,323282,1,3
323278,323281,323282,1,3
323278,323279,323283,4,1
323278,323282,323283,1,4
323278,323279,323284,5,1
323278,323283,323284,1,5
323278,323279,323284,5,1
323278,323279,323284,5,1
323278,323278,323284,6,0
323278,323283,323284,1,5
323278,323279,323285,6,1
323278,323278,323285,7,0
323278,323279,323285,6,1
323278,323279,323285,6,1
323278,323284,323285,1,6
323278,323283,323285,2,5
323278,323283,323285,2,5
323278,323284,323285,1,6
323278,323279,323286,7,1
323278,323284,323286,2,6
323278,323278,323286,8,0
323278,323285,323286,1,7
323278,323285,323286,1,7
323278,323285,323286,1,7
323278,323279,323286,7,1
323278,323285,323286,1,7
323278,323279,323286,7,1
323278,323285,323286,1,7
323278,323286,323287,1,8
323278,323279,323288,9,1
323278,323279,323287,8,1
323278,323279,323287,8,1
323278,323279,323287,8,1
323278,323286,323287,1,8
323278,323286,323287,1,8
323278,323286,323287,1,8
323278,323286,323287,1,8
323278,323279,323287,8,1
323278,323286,323287,1,8
323278,323286,323287,1,8
323278,323286,323287,1,8
323278,323287,323288,1,9
323278,323278,323288,10,0
323278,323279,323288,9,1
323278,323279,323288,9,1
323278,323286,323288,2,8
323278,323279,323289,10,1
323278,323287,323288,1,9
323278,323287,323288,1,9
323278,323287,323288,1,9
323278,323287,323288,1,9
323278,323287,323288,1,9
323278,323278,323288,10,0
323278,323287,323288,1,9
323278,323287,323288,1,9
323278,323279,323290,11,1
323278,323279,323290,11,1
323278,323287,323289,2,9
323278,323279,323290,11,1
323278,323279,323290,11,1
323278,323279,323292,13,1
323278,323279,323291,12,1
323278,323278,323291,13,0
323278,323279,323292,13,1
323278,323279,323292,13,1
323278,323278,323293,15,0
323278,323279,323293,14,1
323278,323279,323293,14,1
323278,323278,323295,17,0
323278,323278,323299,21,0
323278,323279,323299,20,1
323278,323278,323300,22,0
323302,323302,323304,2,0
323302,323302,323304,2,0
323302,323302,323304,2,0
323302,323302,323304,2,0
323302,323302,323304,2,0
323302,323302,323306,4,0
323302,323305,323306,1,3
323302,323305,323306,1,3
323302,323302,323306,4,0
323302,323305,323307,2,3
323302,323302,323307,5,0
323302,323305,323307,2,3
323302,323302,323307,5,0
323302,323302,323307,5,0
323302,323305,323307,2,3
323302,323307,323308,1,5
323302,323307,323308,1,5
323302,323302,323308,6,0
323302,323307,323308,1,5
323302,323307,323308,1,5
323302,323302,323309,7,0
323302,323309,323310,1,7
323302,323308,323309,1,6
323302,323308,323309,1,6
323302,323308,323309,1,6
323302,323308,323309,1,6
323302,323308,323309,1,6
323302,323308,323309,1,6
323302,323302,323310,8,0
323302,323309,323310,1,7
323302,323302,323311,9,0
323302,323310,323311,1,8
323302,323309,323310,1,7
323302,323309,323310,1,7
323302,323309,323310,1,7
323302,323302,323311,9,0
323302,323303,323311,8,1
323302,323303,323311,8,1
323302,323310,323311,1,8
323302,323302,323311,9,0
323302,323310,323311,1,8
323302,323310,323311,1,8
323302,323310,323311,1,8
323302,323310,323311,1,8
323302,323310,323311,1,8
323302,323310,323311,1,8
323302,323302,323312,10,0
323302,323302,323312,10,0
323302,323303,323312,9,1
323302,323302,323313,11,0
323302,323311,323312,1,9
323302,323311,323312,1,9
323302,323311,323312,1,9
323302,323302,323313,11,0
323302,323311,323312,1,9
323302,323311,323312,1,9
323302,323311,323312,1,9
323302,323302,323313,11,0
323302,323311,323313,2,9
323302,323302,323314,12,0
323302,323302,323314,12,0
323302,323302,323314,12,0
323302,323302,323315,13,0
323302,323303,323315,12,1
323302,323302,323316,14,0
323302,323302,323316,14,0
323302,323302,323316,14,0
323302,323302,323316,14,0
323302,323302,323316,14,0
323302,323302,323317,15,0
323302,323302,323317,15,0
323302,323302,323317,15,0
323302,323302,323317,15,0
323302,323302,323319,17,0
323302,323302,323322,20,0
323302,323302,323323,21,0
323302,323302,323323,21,0
323302,323302,323324,22,0
323302,323302,323327,25,0
323330,323330,323332,2,0
323330,323330,323332,2,0
323330,323330,323332,2,0
323330,323330,323333,3,0
323330,323330,323332,2,0
323330,323332,323334,2,2
323330,323332,323334,2,2
323330,323332,323335,3,2
323330,323333,323335,2,3
323330,323333,323335,2,3
323330,323330,323336,6,0
323330,323330,323337,7,0
323330,323330,323336,6,0
323330,323330,323337,7,0
323330,323334,323337,3,4
323330,323334,323337,3,4
323330,323330,323338,8,0
323330,323330,323338,8,0
323330,323330,323338,8,0
323330,323330,323338,8,0
323330,323330,323338,8,0
323330,323335,323338,3,5
323330,323330,323338,8,0
323330,323330,323338,8,0
323330,323335,323338,3,5
323330,323336,323338,2,6
323330,323330,323339,9,0
323330,323330,323339,9,0
323330,323330,323339,9,0
323330,323330,323339,9,0
323330,323330,323339,9,0
323330,323335,323339,4,5
323330,323337,323339,2,7
323330,323337,323339,2,7
323330,323338,323339,1,8
323330,323338,323339,1,8
323330,323337,323340,3,7
323330,323339,323340,1,9
323330,323339,323340,1,9
323330,323338,323340,2,8
323330,323339,323340,1,9
323330,323339,323340,1,9
323330,323338,323340,2,8
323330,323339,323340,1,9
323330,323330,323341,11,0
323330,323330,323341,11,0
323330,323338,323341,3,8
323330,323338,323341,3,8
323330,323338,323341,3,8
323330,323330,323341,11,0
323330,323330,323341,11,0
323330,323330,323341,11,0
323330,323340,323341,1,10
323330,323340,323341,1,10
323330,323330,323341,11,0
323330,323340,323341,1,10
323330,323340,323341,1,10
323330,323339,323342,3,9
323330,323339,323342,3,9
323330,323339,323342,3,9
323330,323339,323342,3,9
323330,323339,323342,3,9
323330,323330,323342,12,0
323330,323330,323342,12,0
323330,323330,323342,12,0
323330,323330,323343,13,0
323330,323330,323344,14,0
323330,323330,323344,14,0
323330,323330,323344,14,0
323330,323330,323344,14,0
323330,323330,323344,14,0
323330,323330,323345,15,0
323330,323330,323346,16,0
323330,323330,323347,17,0
323330,323330,323347,17,0
323330,323330,323348,18,0
323330,323330,323349,19,0
323330,323330,323350,20,0
323330,323330,323355,25,0
323358,323358,323360,2,0
323358,323358,323360,2,0
323358,323358,323360,2,0
323358,323358,323360,2,0
323358,323358,323360,2,0
323358,323358,323362,4,0
323358,323360,323361,1,2
323358,323360,323362,2,2
323358,323360,323362,2,2
323358,323358,323362,4,0
323358,323360,323362,2,2
323358,323360,323362,2,2
323358,323358,323363,5,0
323358,323358,323362,4,0
323358,323358,323363,5,0
323358,323362,323364,2,4
323358,323362,323364,2,4
323358,323358,323364,6,0
323358,323362,323364,2,4
323358,323363,323364,1,5
323358,323362,323364,2,4
323358,323362,323364,2,4
323358,323362,323364,2,4
323358,323358,323366,8,0
323358,323364,323365,1,6
323358,323364,323365,1,6
323358,323364,323366,2,6
323358,323358,323366,8,0
323358,323364,323366,2,6
323358,323363,323366,3,5
323358,323358,323367,9,0
323358,323364,323367,3,6
323358,323358,323366,8,0
323358,323362,323367,5,4
323358,323358,323367,9,0
323358,323358,323367,9,0
323358,323365,323366,1,7
323358,323358,323367,9,0
323358,323365,323366,1,7
323358,323358,323367,9,0
323358,323365,323367,2,7
323358,323358,323367,9,0
323358,323365,323367,2,7
323358,323358,323368,10,0
323358,323358,323368,10,0
323358,323366,323367,1,8
323358,323358,323368,10,0
323358,323366,323368,2,8
323358,323358,323368,10,0
323358,323366,323367,1,8
323358,323366,323368,2,8
323358,323366,323368,2,8
323358,323358,323369,11,0
323358,323358,323369,11,0
323358,323358,323369,11,0
323358,323366,323369,3,8
323358,323358,323369,11,0
323358,323367,323368,1,9
323358,323358,323369,11,0
323358,323358,323370,12,0
323358,323358,323370,12,0
323358,323367,323370,3,9
323358,323367,323370,3,9
323358,323367,323370,3,9
323358,323367,323370,3,9
323358,323367,323370,3,9
323358,323358,323370,12,0
323358,323358,323372,14,0
323358,323358,323372,14,0
323358,323358,323372,14,0
323358,323358,323372,14,0
323358,323358,323372,14,0
323358,323358,323373,15,0
323358,323358,323373,15,0
323358,323358,323375,17,0
323358,323358,323376,18,0
323358,323358,323376,18,0
323358,323358,323377,19,0
323358,323358,323378,20,0
323381,323381,323383,2,0
323381,323381,323383,2,0
323381,323381,323383,2,0
323381,323381,323383,2,0
323381,323381,323385,4,0
323381,323381,323385,4,0
323381,323383,323385,2,2
323381,323383,323385,2,2
323381,323383,323385,2,2
323381,323383,323385,2,2
323381,323381,323387,6,0
323381,323381,323386,5,0
323381,323385,323387,2,4
323381,323381,323387,6,0
323381,323385,323387,2,4
323381,323385,323387,2,4
323381,323381,323388,7,0
323381,323386,323388,2,5
323381,323387,323388,1,6
323381,323381,323389,8,0
323381,323386,323388,2,5
323381,323381,323389,8,0
323381,323381,323389,8,0
323381,323387,323389,2,6
323381,323381,323390,9,0
323381,323381,323389,8,0
323381,323381,323390,9,0
323381,323381,323390,9,0
323381,323381,323390,9,0
323381,323387,323390,3,6
323381,323387,323390,3,6
323381,323387,323390,3,6
323381,323381,323390,9,0
323381,323381,323390,9,0
323381,323388,323390,2,7
323381,323381,323390,9,0
323381,323388,323390,2,7
323381,323381,323390,9,0
323381,323381,323390,9,0
323381,323385,323391,6,4
323381,323381,323391,10,0
323381,323388,323390,2,7
323381,323381,323390,9,0
323381,323389,323390,1,8
323381,323381,323391,10,0
323381,323389,323390,1,8
323381,323389,323390,1,8
323381,323389,323390,1,8
323381,323389,323391,2,8
323381,323389,323391,2,8
323381,323381,323391,10,0
323381,323381,323392,11,0
323381,323390,323391,1,9
323381,323381,323391,10,0
323381,323390,323392,2,9
323381,323390,323392,2,9
323381,323381,323392,11,0
323381,323390,323393,3,9
323381,323390,323393,3,9
323381,323381,323393,12,0
323381,323390,323392,2,9
323381,323390,323393,3,9
323381,323390,323393,3,9
323381,323381,323393,12,0
323381,323390,323393,3,9
323381,323390,323393,3,9
323381,323381,323393,12,0
323381,323390,323393,3,9
323381,323381,323394,13,0
323381,323381,323394,13,0
323381,323381,323395,14,0
323381,323381,323394,13,0
323381,323381,323396,15,0
323381,323381,323397,16,0
323381,323381,323397,16,0
323381,323381,323397,16,0
323381,323381,323397,16,0
323381,323381,323399,18,0
323381,323381,323399,18,0
323402,323402,323403,1,0
323402,323402,323404,2,0
323402,323402,323404,2,0
323402,323402,323404,2,0
323402,323402,323406,4,0
323402,323404,323407,3,2
323402,323405,323407,2,3
323402,323404,323406,2,2
323402,323404,323406,2,2
323402,323406,323407,1,4
323402,323402,323408,6,0
323402,323407,323408,1,5
323402,323402,323409,7,0
323402,323402,323408,6,0
323402,323407,323409,2,5
323402,323402,323409,7,0
323402,323407,323408,1,5
323402,323407,323408,1,5
323402,323402,323410,8,0
323402,323402,323409,7,0
323402,323408,323409,1,6
323402,323402,323410,8,0
323402,323408,323410,2,6
323402,323408,323410,2,6
323402,323402,323411,9,0
323402,323402,323410,8,0
323402,323402,323411,9,0
323402,323402,323411,9,0
323402,323409,323410,1,7
323402,323402,323410,8,0
323402,323409,323410,1,7
323402,323409,323411,2,7
323402,323402,323410,8,0
323402,323402,323411,9,0
323402,323402,323411,9,0
323402,323410,323411,1,8
323402,323409,323412,3,7
323402,323402,323412,10,0
323402,323402,323411,9,0
323402,323402,323412,10,0
323402,323402,323412,10,0
323402,323402,323412,10,0
323402,323409,323411,2,7
323402,323410,323412,2,8
323402,323410,323411,1,8
323402,323410,323412,2,8
323402,323402,323412,10,0
323402,323402,323412,10,0
323402,323402,323413,11,0
323402,323402,323413,11,0
323402,323402,323413,11,0
323402,323402,323413,11,0
323402,323409,323412,3,7
323402,323410,323413,3,8
323402,323402,323413,11,0
323402,323411,323413,2,9
323402,323402,323413,11,0
323402,323411,323413,2,9
323402,323411,323413,2,9
323402,323402,323413,11,0
323402,323411,323412,1,9
323402,323411,323413,2,9
323402,323412,323413,1,10
323402,323412,323413,1,10
323402,323402,323413,11,0
323402,323402,323413,11,0
323402,323410,323414,4,8
323402,323411,323414,3,9
323402,323402,323413,11,0
323402,323402,323415,13,0
323402,323402,323415,13,0
323402,323411,323414,3,9
323402,323411,323414,3,9
323402,323411,323415,4,9
323402,323402,323416,14,0
323402,323402,323416,14,0
323402,323402,323417,15,0
323402,323402,323418,16,0
323402,323402,323421,19,0
323424,323424,323426,2,0
323424,323424,323426,2,0
323424,323424,323426,2,0
323424,323424,323426,2,0
323424,323424,323427,3,0
323424,323426,323428,2,2
323424,323426,323428,2,2
323424,323426,323428,2,2
323424,323426,323428,2,2
323424,323424,323429,5,0
323424,323424,323430,6,0
323424,323424,323430,6,0
323424,323428,323430,2,4
323424,323428,323430,2,4
323424,323428,323429,1,4
323424,323428,323430,2,4
323424,323424,323430,6,0
323424,323424,323431,7,0
323424,323428,323430,2,4
323424,323424,323431,7,0
323424,323424,323432,8,0
323424,323424,323432,8,0
323424,323430,323432,2,6
323424,323424,323432,8,0
323424,323424,323431,7,0
323424,323430,323432,2,6
323424,323424,323432,8,0
323424,323430,323432,2,6
323424,323424,323432,8,0
323424,323430,323432,2,6
323424,323424,323433,9,0
323424,323430,323433,3,6
323424,323424,323432,8,0
323424,323430,323433,3,6
323424,323424,323433,9,0
323424,323431,323433,2,7
323424,323424,323433,9,0
323424,323431,323433,2,7
323424,323424,323432,8,0
323424,323431,323432,1,7
323424,323429,323433,4,5
323424,323424,323434,10,0
323424,323433,323434,1,9
323424,323424,323433,9,0
323424,323424,323434,10,0
323424,323432,323434,2,8
323424,323432,323434,2,8
323424,323424,323434,10,0
323424,323432,323434,2,8
323424,323432,323434,2,8
323424,323432,323434,2,8
323424,323432,323434,2,8
323424,323431,323434,3,7
323424,323424,323434,10,0
323424,323424,323435,11,0
323424,323433,323435,2,9
323424,323424,323434,10,0
323424,323432,323435,3,8
323424,323424,323435,11,0
323424,323424,323435,11,0
323424,323424,323435,11,0
323424,323432,323434,2,8
323424,323432,323434,2,8
323424,323432,323434,2,8
323424,323424,323436,12,0
323424,323433,323435,2,9
323424,323433,323435,2,9
323424,323433,323435,2,9
323424,323424,323436,12,0
323424,323424,323437,13,0
323424,323424,323436,12,0
323424,323424,323437,13,0
323424,323424,323438,14,0
323424,323424,323437,13,0
323424,323424,323437,13,0
323424,323424,323440,16,0
323424,323424,323440,16,0
323424,323424,323442,18,0
323424,323424,323446,22,0
323449,323449,323450,1,0
323449,323449,323450,1,0
323449,323449,323450,1,0
323449,323449,323450,1,0
323449,323449,323452,3,0
323449,323449,323453,4,0
323449,323451,323452,1,2
323449,323451,323453,2,2
323449,323451,323452,1,2
323449,323451,323453,2,2
323449,323449,323453,4,0
323449,323452,323453,1,3
323449,323449,323454,5,0
323449,323453,323454,1,4
323449,323453,323454,1,4
323449,323453,323454,1,4
323449,323453,323455,2,4
323449,323453,323456,3,4
323449,323454,323455,1,5
323449,323449,323455,6,0
323449,323449,323456,7,0
323449,323449,323456,7,0
323449,323449,323456,7,0
323449,323454,323457,3,5
323449,323449,323457,8,0
323449,323455,323456,1,6
323449,323449,323456,7,0
323449,323449,323457,8,0
323449,323455,323456,1,6
323449,323449,323457,8,0
323449,323455,323456,1,6
323449,323449,323457,8,0
323449,323449,323456,7,0
323449,323455,323456,1,6
323449,323449,323458,9,0
323449,323449,323457,8,0
323449,323449,323458,9,0
323449,323455,323457,2,6
323449,323449,323457,8,0
323449,323449,323457,8,0
323449,323456,323458,2,7
323449,323449,323457,8,0
323449,323456,323458,2,7
323449,323449,323458,9,0
323449,323456,323458,2,7
323449,323449,323457,8,0
323449,323456,323457,1,7
323449,323456,323457,1,7
323449,323449,323458,9,0
323449,323456,323459,3,7
323449,323457,323458,1,8
323449,323457,323459,2,8
323449,323457,323458,1,8
323449,323457,323458,1,8
323449,323457,323459,2,8
323449,323457,323459,2,8
323449,323457,323458,1,8
323449,323457,323458,1,8
323449,323457,323458,1,8
323449,323457,323459,2,8
323449,323449,323459,10,0
323449,323457,323459,2,8
323449,323449,323460,11,0
323449,323449,323461,12,0
323449,323449,323460,11,0
323449,323458,323460,2,9
323449,323449,323461,12,0
323449,323449,323462,13,0
323449,323449,323463,14,0
323449,323449,323463,14,0
323449,323449,323464,15,0
323449,323449,323464,15,0
323449,323449,323465,16,0
323449,323449,323465,16,0
323449,323449,323466,17,0
323449,323449,323467,18,0
323449,323449,323469,20,0
323449,323449,323469,20,0
323449,323449,323474,25,0
323476,323477,323479,2,1
323476,323477,323478,1,1
323476,323477,323478,1,1
323476,323477,323479,2,1
323476,323477,323480,3,1
323476,323477,323481,4,1
323476,323477,323481,4,1
323476,323477,323481,4,1
323476,323477,323481,4,1
323476,323477,323481,4,1
323476,323477,323482,5,1
323476,323477,323483,6,1
323476,323477,323482,5,1
323476,323479,323482,3,3
323476,323479,323482,3,3
323476,323477,323483,6,1
323476,323477,323483,6,1
323476,323477,323483,6,1
323476,323477,323484,7,1
323476,323477,323483,6,1
323476,323482,323483,1,6
323476,323480,323484,4,4
323476,323477,323484,7,1
323476,323477,323483,6,1
323476,323482,323484,2,6
323476,323477,323484,7,1
323476,323477,323484,7,1
323476,323477,323485,8,1
323476,323477,323484,7,1
323476,323477,323484,7,1
323476,323477,323484,7,1
323476,323483,323484,1,7
323476,323477,323484,7,1
323476,323483,323484,1,7
323476,323483,323484,1,7
323476,323481,323485,4,5
323476,323479,323484,5,3
323476,323483,323484,1,7
323476,323477,323486,9,1
323476,323482,323485,3,6
323476,323483,323486,3,7
323476,323483,323485,2,7
323476,323477,323485,8,1
323476,323484,323485,1,8
323476,323477,323485,8,1
323476,323484,323485,1,8
323476,323484,323485,1,8
323476,323484,323485,1,8
323476,323484,323485,1,8
323476,323484,323485,1,8
323476,323484,323485,1,8
323476,323477,323486,9,1
323476,323477,323486,9,1
323476,323477,323486,9,1
323476,323484,323486,2,8
323476,323477,323487,10,1
323476,323484,323487,3,8
323476,323477,323486,9,1
323476,323485,323486,1,9
323476,323485,323486,1,9
323476,323485,323486,1,9
323476,323485,323486,1,9
323476,323485,323486,1,9
323476,323485,323486,1,9
323476,323485,323487,2,9
323476,323482,323487,5,6
323476,323477,323487,10,1
323476,323477,323487,10,1
323476,323485,323487,2,9
323476,323485,323487,2,9
323476,323477,323488,11,1
323476,323485,323487,2,9
323476,323481,323488,7,5
323476,323477,323488,11,1
323476,323477,323489,12,1
323476,323477,323489,12,1
323476,323477,323490,13,1
323476,323477,323489,12,1
323476,323477,323491,14,1
323494,323494,323496,2,0
323494,323494,323496,2,0
323494,323494,323496,2,0
323494,323494,323497,3,0
323494,323494,323497,3,0
323494,323495,323499,4,1
323494,323495,323500,5,1
323494,323495,323500,5,1
323494,323497,323500,3,3
323494,323495,323500,5,1
323494,323498,323500,2,4
323494,323495,323500,5,1
323494,323497,323500,3,3
323494,323497,323500,3,3
323494,323495,323501,6,1
323494,323495,323501,6,1
323494,323497,323501,4,3
323494,323495,323501,6,1
323494,323495,323501,6,1
323494,323495,323501,6,1
323494,323495,323502,7,1
323494,323495,323502,7,1
323494,323495,323503,8,1
323494,323501,323502,1,7
323494,323495,323503,8,1
323494,323502,323503,1,8
323494,323495,323502,7,1
323494,323501,323502,1,7
323494,323501,323502,1,7
323494,323501,323503,2,7
323494,323495,323503,8,1
323494,323494,323503,9,0
323494,323495,323503,8,1
323494,323501,323503,2,7
323494,323503,323504,1,9
323494,323502,323503,1,8
323494,323502,323503,1,8
323494,323495,323503,8,1
323494,323501,323503,2,7
323494,323502,323503,1,8
323494,323494,323503,9,0
323494,323502,323503,1,8
323494,323502,323503,1,8
323494,323502,323503,1,8
323494,323495,323504,9,1
323494,323500,323504,4,6
323494,323495,323504,9,1
323494,323503,323504,1,9
323494,323503,323504,1,9
323494,323503,323504,1,9
323494,323503,323504,1,9
323494,323503,323504,1,9
323494,323501,323504,3,7
323494,323503,323504,1,9
323494,323495,323505,10,1
323494,323501,323505,4,7
323494,323503,323505,2,9
323494,323503,323505,2,9
323494,323504,323505,1,10
323494,323504,323505,1,10
323494,323504,323505,1,10
323494,323504,323505,1,10
323494,323504,323506,2,10
323494,323494,323506,12,0
323494,323495,323507,12,1
323494,323495,323507,12,1
323494,323495,323507,12,1
323494,323494,323508,14,0
323494,323495,323508,13,1
323494,323495,323508,13,1
323494,323494,323508,14,0
323494,323495,323509,14,1
323494,323495,323509,14,1
323494,323494,323509,15,0
323494,323495,323509,14,1
323494,323495,323510,15,1
323494,323494,323511,17,0
323494,323494,323512,18,0
323494,323495,323512,17,1
323515,323515,323517,2,0
323515,323515,323517,2,0
323515,323515,323517,2,0
323515,323515,323517,2,0
323515,323515,323518,3,0
323515,323518,323520,2,3
323515,323518,323520,2,3
323515,323515,323520,5,0
323515,323519,323520,1,4
323515,323518,323520,2,3
323515,323518,323520,2,3
323515,323516,323522,6,1
323515,323515,323522,7,0
323515,323515,323522,7,0
323515,323515,323522,7,0
323515,323515,323522,7,0
323515,323515,323522,7,0
323515,323515,323522,7,0
323515,323515,323523,8,0
323515,323515,323523,8,0
323515,323521,323523,2,6
323515,323515,323523,8,0
323515,323515,323523,8,0
323515,323515,323523,8,0
323515,323521,323523,2,6
323515,323515,323523,8,0
323515,323521,323523,2,6
323515,323515,323523,8,0
323515,323521,323523,2,6
323515,323515,323523,8,0
323515,323515,323524,9,0
323515,323521,323524,3,6
323515,323515,323524,9,0
323515,323523,323524,1,8
323515,323521,323524,3,6
323515,323515,323524,9,0
323515,323523,323524,1,8
323515,323523,323524,1,8
323515,323524,323526,2,9
323515,323523,323525,2,8
323515,323523,323525,2,8
323515,323524,323525,1,9
323515,323524,323525,1,9
323515,323525,323526,1,10
323515,323524,323525,1,9
323515,323524,323525,1,9
323515,323524,323525,1,9
323515,323524,323525,1,9
323515,323524,323525,1,9
323515,323524,323525,1,9
323515,323524,323525,1,9
323515,323524,323525,1,9
323515,323525,323526,1,10
323515,323524,323525,1,9
323515,323524,323525,1,9
323515,323524,323525,1,9
323515,323516,323526,10,1
323515,323515,323526,11,0
323515,323515,323526,11,0
323515,323523,323526,3,8
323515,323515,323526,11,0
323515,323515,323526,11,0
323515,323515,323527,12,0
323515,323523,323527,4,8
323515,323525,323527,2,10
323515,323515,323528,13,0
323515,323515,323528,13,0
323515,323515,323528,13,0
323515,323515,323528,13,0
323515,323515,323528,13,0
323515,323515,323530,15,0
323515,323515,323530,15,0
323515,323515,323531,16,0
323515,323515,323531,16,0
323515,323515,323532,17,0
323515,323515,323532,17,0
323515,323515,323533,18,0
323515,323515,323534,19,0
323515,323515,323535,20,0
323538,323538,323540,2,0
323538,323538,323540,2,0
323538,323538,323540,2,0
323538,323538,323540,2,0
323538,323538,323542,4,0
323538,323540,323541,1,2
323538,323540,323542,2,2
323538,323540,323543,3,2
323538,323541,323543,2,3
323538,323542,323544,2,4
323538,323538,323544,6,0
323538,323538,323545,7,0
323538,323538,323545,7,0
323538,323538,323545,7,0
323538,323538,323545,7,0
323538,323543,323545,2,5
323538,323538,323545,7,0
323538,323542,323545,3,4
323538,323538,323545,7,0
323538,323538,323546,8,0
323538,323538,323545,7,0
323538,323544,323546,2,6
323538,323538,323546,8,0
323538,323543,323546,3,5
323538,323544,323546,2,6
323538,323538,323546,8,0
323538,323538,323545,7,0
323538,323543,323546,3,5
323538,323538,323546,8,0
323538,323538,323547,9,0
323538,323538,323547,9,0
323538,323538,323547,9,0
323538,323545,323547,2,7
323538,323546,323547,1,8
323538,323538,323547,9,0
323538,323546,323547,1,8
323538,323538,323547,9,0
323538,323545,323547,2,7
323538,323546,323547,1,8
323538,323545,323547,2,7
323538,323545,323547,2,7
323538,323538,323548,10,0
323538,323545,323548,3,7
323538,323546,323548,2,8
323538,323538,323548,10,0
323538,323546,323548,2,8
323538,323546,323548,2,8
323538,323546,323548,2,8
323538,323547,323548,1,9
323538,323547,323548,1,9
323538,323547,323548,1,9
323538,323547,323548,1,9
323538,323538,323549,11,0
323538,323538,323549,11,0
323538,323546,323549,3,8
323538,323547,323549,2,9
323538,323548,323549,1,10
323538,323548,323549,1,10
323538,323548,323549,1,10
323538,323538,323549,11,0
323538,323548,323549,1,10
323538,323548,323549,1,10
323538,323548,323549,1,10
323538,323538,323550,12,0
323538,323538,323549,11,0
323538,323538,323550,12,0
323538,323538,323551,13,0
323538,323538,323550,12,0
323538,323538,323551,13,0
323538,323538,323551,13,0
323538,323538,323552,14,0
323538,323538,323552,14,0
323538,323538,323554,16,0
323538,323538,323555,17,0
323538,323538,323555,17,0
323538,323538,323556,18,0
323538,323538,323556,18,0
323538,323538,323559,21,0
323538,323538,323559,21,0
323562,323562,323564,2,0
323562,323562,323564,2,0
323562,323562,323564,2,0
323562,323562,323564,2,0
323562,323562,323565,3,0
323562,323564,323566,2,2
323562,323564,323566,2,2
323562,323562,323566,4,0
323562,323564,323566,2,2
323562,323565,323567,2,3
323562,323562,323568,6,0
323562,323565,323568,3,3
323562,323562,323568,6,0
323562,323566,323568,2,4
323562,323562,323568,6,0
323562,323562,323569,7,0
323562,323562,323569,7,0
323562,323567,323569,2,5
323562,323562,323569,7,0
323562,323566,323569,3,4
323562,323568,323569,1,6
323562,323562,323570,8,0
323562,323562,323570,8,0
323562,323562,323570,8,0
323562,323562,323570,8,0
323562,323562,323570,8,0
323562,323562,323570,8,0
323562,323562,323570,8,0
323562,323562,323570,8,0
323562,323562,323570,8,0
323562,323568,323570,2,6
323562,323562,323570,8,0
323562,323562,323570,8,0
323562,323562,323570,8,0
323562,323562,323570,8,0
323562,323562,323570,8,0
323562,323562,323570,8,0
323562,323562,323571,9,0
323562,323562,323571,9,0
323562,323562,323571,9,0
323562,323562,323571,9,0
323562,323567,323571,4,5
323562,323562,323571,9,0
323562,323570,323571,1,8
323562,323569,323571,2,7
323562,323569,323571,2,7
323562,323569,323571,2,7
323562,323570,323571,1,8
323562,323570,323572,2,8
323562,323570,323572,2,8
323562,323562,323572,10,0
323562,323571,323572,1,9
323562,323571,323572,1,9
323562,323571,323572,1,9
323562,323571,323572,1,9
323562,323570,323572,2,8
323562,323571,323572,1,9
323562,323571,323572,1,9
323562,323571,323572,1,9
323562,323571,323572,1,9
323562,323571,323572,1,9
323562,323562,323573,11,0
323562,323569,323573,4,7
323562,323562,323573,11,0
323562,323571,323573,2,9
323562,323568,323573,5,6
323562,323570,323574,4,8
323562,323562,323574,12,0
323562,323570,323574,4,8
323562,323562,323574,12,0
323562,323570,323574,4,8
323562,323571,323574,3,9
323562,323562,323575,13,0
323562,323562,323575,13,0
323562,323562,323578,16,0
323562,323562,323578,16,0
323562,323562,323582,20,0
323562,323562,323582,20,0
323562,323562,323583,21,0
323586,323586,323588,2,0
323586,323586,323588,2,0
323586,323586,323588,2,0
323586,323586,323589,3,0
323586,323588,323590,2,2
323586,323588,323590,2,2
323586,323586,323589,3,0
323586,323588,323591,3,2
323586,323586,323591,5,0
323586,323586,323592,6,0
323586,323590,323592,2,4
323586,323586,323592,6,0
323586,323590,323592,2,4
323586,323586,323591,5,0
323586,323586,323593,7,0
323586,323586,323593,7,0
323586,323586,323593,7,0
323586,323586,323593,7,0
323586,323590,323593,3,4
323586,323590,323593,3,4
323586,323591,323593,2,5
323586,323586,323592,6,0
323586,323586,323593,7,0
323586,323586,323594,8,0
323586,323586,323594,8,0
323586,323591,323594,3,5
323586,323592,323594,2,6
323586,323592,323594,2,6
323586,323592,323594,2,6
323586,323586,323595,9,0
323586,323586,323595,9,0
323586,323586,323595,9,0
323586,323586,323595,9,0
323586,323592,323595,3,6
323586,323586,323595,9,0
323586,323593,323596,3,7
323586,323593,323596,3,7
323586,323594,323596,2,8
323586,323593,323596,3,7
323586,323593,323596,3,7
323586,323593,323596,3,7
323586,323595,323596,1,9
323586,323595,323596,1,9
323586,323594,323596,2,8
323586,323595,323596,1,9
323586,323595,323596,1,9
323586,323592,323597,5,6
323586,323586,323597,11,0
323586,323595,323597,2,9
323586,323586,323597,11,0
323586,323595,323597,2,9
323586,323594,323597,3,8
323586,323596,323597,1,10
323586,323596,323597,1,10
323586,323596,323597,1,10
323586,323586,323597,11,0
323586,323596,323597,1,10
323586,323586,323598,12,0
323586,323586,323598,12,0
323586,323586,323599,13,0
323586,323586,323600,14,0
323586,323586,323600,14,0
323586,323593,323600,7,7
323586,323593,323600,7,7
323586,323586,323601,15,0
323586,323586,323601,15,0
323586,323586,323601,15,0
323586,323586,323601,15,0
323586,323586,323602,16,0
323586,323586,323602,16,0
323586,323586,323601,15,0
323586,323586,323604,18,0
323586,323586,323604,18,0
323586,323586,323606,20,0
323586,323586,323607,21,0
323586,323593,323606,13,7
323586,323586,323608,22,0
323586,323586,323611,25,0
323586,323586,323612,26,0
323615,323615,323617,2,0
323615,323615,323617,2,0
323615,323615,323617,2,0
323615,323615,323617,2,0
323615,323617,323619,2,2
323615,323617,323618,1,2
323615,323615,323619,4,0
323615,323617,323620,3,2
323615,323617,323620,3,2
323615,323615,323621,6,0
323615,323615,323621,6,0
323615,323619,323620,1,4
323615,323615,323621,6,0
323615,323619,323621,2,4
323615,323620,323622,2,5
323615,323620,323622,2,5
323615,323620,323622,2,5
323615,323615,323622,7,0
323615,323615,323622,7,0
323615,323615,323622,7,0
323615,323615,323622,7,0
323615,323615,323623,8,0
323615,323615,323623,8,0
323615,323615,323624,9,0
323615,323615,323623,8,0
323615,323621,323624,3,6
323615,323615,323623,8,0
323615,323621,323624,3,6
323615,323615,323624,9,0
323615,323621,323624,3,6
323615,323621,323623,2,6
323615,323615,323624,9,0
323615,323615,323624,9,0
323615,323615,323625,10,0
323615,323622,323625,3,7
323615,323623,323625,2,8
323615,323623,323625,2,8
323615,323615,323625,10,0
323615,323622,323625,3,7
323615,323623,323625,2,8
323615,323622,323625,3,7
323615,323615,323625,10,0
323615,323615,323626,11,0
323615,323615,323626,11,0
323615,323615,323625,10,0
323615,323623,323626,3,8
323615,323624,323626,2,9
323615,323624,323626,2,9
323615,323625,323626,1,10
323615,323622,323625,3,7
323615,323624,323626,2,9
323615,323624,323625,1,9
323615,323624,323626,2,9
323615,323624,323626,2,9
323615,323624,323626,2,9
323615,323624,323626,2,9
323615,323624,323626,2,9
323615,323615,323627,12,0
323615,323615,323627,12,0
323615,323621,323626,5,6
323615,323615,323627,12,0
323615,323615,323627,12,0
323615,323615,323628,13,0
323615,323615,323628,13,0
323615,323615,323628,13,0
323615,323615,323628,13,0
323615,323615,323628,13,0
323615,323624,323627,3,9
323615,323625,323628,3,10
323615,323615,323628,13,0
323615,323615,323629,14,0
323615,323615,323628,13,0
323615,323623,323630,7,8
323615,323615,323632,17,0
323615,323615,323632,17,0
323615,323615,323633,18,0
323615,323615,323633,18,0
323615,323615,323632,17,0
323615,323615,323634,19,0
323637,323637,323638,1,0
323637,323637,323639,2,0
323637,323637,323639,2,0
323637,323637,323639,2,0
323637,323637,323641,4,0
323637,323637,323641,4,0
323637,323637,323641,4,0
323637,323639,323642,3,2
323637,323637,323642,5,0
323637,323637,323643,6,0
323637,323637,323642,5,0
323637,323639,323642,3,2
323637,323639,323643,4,2
323637,323639,323643,4,2
323637,323637,323643,6,0
323637,323637,323644,7,0
323637,323637,323645,8,0
323637,323637,323644,7,0
323637,323637,323645,8,0
323637,323643,323645,2,6
323637,323643,323645,2,6
323637,323637,323644,7,0
323637,323643,323646,3,6
323637,323641,323645,4,4
323637,323637,323646,9,0
323637,323637,323645,8,0
323637,323643,323645,2,6
323637,323643,323646,3,6
323637,323643,323645,2,6
323637,323637,323646,9,0
323637,323637,323646,9,0
323637,323637,323647,10,0
323637,323637,323647,10,0
323637,323641,323647,6,4
323637,323637,323646,9,0
323637,323637,323647,10,0
323637,323637,323647,10,0
323637,323645,323647,2,8
323637,323637,323647,10,0
323637,323646,323647,1,9
323637,323644,323646,2,7
323637,323645,323646,1,8
323637,323645,323647,2,8
323637,323645,323647,2,8
323637,323645,323647,2,8
323637,323637,323647,10,0
323637,323637,323648,11,0
323637,323643,323647,4,6
323637,323637,323647,10,0
323637,323646,323648,2,9
323637,323637,323648,11,0
323637,323646,323647,1,9
323637,323646,323647,1,9
323637,323646,323647,1,9
323637,323646,323647,1,9
323637,323646,323649,3,9
323637,323637,323648,11,0
323637,323637,323649,12,0
323637,323647,323648,1,10
323637,323647,323649,2,10
323637,323637,323649,12,0
323637,323637,323649,12,0
323637,323645,323649,4,8
323637,323647,323650,3,10
323637,323645,323649,4,8
323637,323647,323649,2,10
323637,323637,323649,12,0
323637,323647,323650,3,10
323637,323647,323649,2,10
323637,323637,323650,13,0
323637,323637,323649,12,0
323637,323642,323650,8,5
323637,323637,323650,13,0
323637,323637,323650,13,0
323637,323637,323651,14,0
323637,323637,323652,15,0
323637,323637,323653,16,0
323637,323637,323654,17,0
323637,323637,323654,17,0
323657,323657,323659,2,0
323657,323657,323658,1,0
323657,323657,323659,2,0
323657,323657,323659,2,0
323657,323657,323661,4,0
323657,323657,323660,3,0
323657,323657,323662,5,0
323657,323657,323661,4,0
323657,323657,323662,5,0
323657,323657,323661,4,0
323657,323659,323662,3,2
323657,323659,323662,3,2
323657,323659,323662,3,2
323657,323660,323662,2,3
323657,323657,323664,7,0
323657,323657,323664,7,0
323657,323657,323663,6,0
323657,323657,323664,7,0
323657,323657,323664,7,0
323657,323662,323663,1,5
323657,323657,323664,7,0
323657,323657,323665,8,0
323657,323663,323664,1,6
323657,323657,323664,7,0
323657,323657,323664,7,0
323657,323663,323664,1,6
323657,323657,323665,8,0
323657,323663,323665,2,6
323657,323657,323665,8,0
323657,323657,323665,8,0
323657,323657,323665,8,0
323657,323657,323665,8,0
323657,323662,323665,3,5
323657,323664,323665,1,7
323657,323664,323665,1,7
323657,323657,323665,8,0
323657,323664,323665,1,7
323657,323664,323665,1,7
323657,323664,323665,1,7
323657,323657,323666,9,0
323657,323657,323666,9,0
323657,323657,323666,9,0
323657,323664,323666,2,7
323657,323662,323666,4,5
323657,323665,323666,1,8
323657,323665,323666,1,8
323657,323665,323667,2,8
323657,323666,323667,1,9
323657,323665,323666,1,8
323657,323665,323666,1,8
323657,323657,323666,9,0
323657,323665,323666,1,8
323657,323665,323667,2,8
323657,323665,323667,2,8
323657,323665,323667,2,8
323657,323657,323667,10,0
323657,323657,323667,10,0
323657,323661,323667,6,4
323657,323657,323668,11,0
323657,323661,323668,7,4
323657,323662,323667,5,5
323657,323657,323668,11,0
323657,323666,323667,1,9
323657,323666,323668,2,9
323657,323666,323667,1,9
323657,323666,323668,2,9
323657,323657,323668,11,0
323657,323662,323669,7,5
323657,323666,323668,2,9
323657,323657,323668,11,0
323657,323657,323670,13,0
323657,323657,323670,13,0
323657,323657,323670,13,0
323657,323657,323670,13,0
323657,323657,323669,12,0
323657,323657,323670,13,0
323657,323657,323671,14,0
323657,323657,323673,16,0
323657,323657,323675,18,0
323677,323678,323679,1,1
323677,323678,323679,1,1
323677,323678,323679,1,1
323677,323678,323680,2,1
323677,323678,323682,4,1
323677,323678,323683,5,1
323677,323680,323682,2,3
323677,323680,323682,2,3
323677,323680,323683,3,3
323677,323678,323684,6,1
323677,323678,323684,6,1
323677,323681,323684,3,4
323677,323678,323685,7,1
323677,323678,323684,6,1
323677,323683,323685,2,6
323677,323678,323685,7,1
323677,323678,323684,6,1
323677,323683,323685,2,6
323677,323678,323685,7,1
323677,323678,323685,7,1
323677,323678,323685,7,1
323677,323678,323685,7,1
323677,323678,323685,7,1
323677,323678,323685,7,1
323677,323678,323685,7,1
323677,323684,323686,2,7
323677,323684,323686,2,7
323677,323678,323686,8,1
323677,323678,323686,8,1
323677,323678,323686,8,1
323677,323683,323686,3,6
323677,323678,323686,8,1
323677,323678,323686,8,1
323677,323685,323686,1,8
323677,323685,323686,1,8
323677,323683,323686,3,6
323677,323678,323686,8,1
323677,323685,323686,1,8
323677,323685,323687,2,8
323677,323678,323688,10,1
323677,323678,323687,9,1
323677,323678,323687,9,1
323677,323678,323687,9,1
323677,323678,323687,9,1
323677,323678,323687,9,1
323677,323686,323687,1,9
323677,323686,323687,1,9
323677,323685,323687,2,8
323677,323685,323687,2,8
323677,323686,323687,1,9
323677,323687,323688,1,10
323677,323685,323687,2,8
323677,323686,323688,2,9
323677,323686,323687,1,9
323677,323686,323687,1,9
323677,323685,323688,3,8
323677,323678,323688,10,1
323677,323678,323688,10,1
323677,323678,323688,10,1
323677,323678,323689,11,1
323677,323687,323688,1,10
323677,323687,323688,1,10
323677,323687,323688,1,10
323677,323687,323688,1,10
323677,323678,323689,11,1
323677,323686,323689,3,9
323677,323678,323689,11,1
323677,323678,323689,11,1
323677,323687,323689,2,10
323677,323678,323690,12,1
323677,323687,323690,3,10
323677,323687,323690,3,10
323677,323678,323691,13,1
323677,323686,323690,4,9
323677,323686,323690,4,9
323677,323678,323692,14,1
323677,323678,323691,13,1
323677,323678,323697,19,1
323677,323678,323698,20,1
323701,323701,323703,2,0
323701,323701,323703,2,0
323701,323701,323703,2,0
323701,323701,323703,2,0
323701,323704,323705,1,3
323701,323701,323706,5,0
323701,323704,323706,2,3
323701,323704,323706,2,3
323701,323704,323706,2,3
323701,323706,323707,1,5
323701,323707,323708,1,6
323701,323707,323709,2,6
323701,323707,323708,1,6
323701,323701,323709,8,0
323701,323701,323709,8,0
323701,323707,323709,2,6
323701,323707,323709,2,6
323701,323701,323710,9,0
323701,323701,323710,9,0
323701,323709,323710,1,8
323701,323701,323710,9,0
323701,323701,323710,9,0
323701,323701,323710,9,0
323701,323709,323710,1,8
323701,323709,323710,1,8
323701,323701,323711,10,0
323701,323701,323711,10,0
323701,323701,323711,10,0
323701,323701,323712,11,0
323701,323701,323711,10,0
323701,323701,323712,11,0
323701,323701,323712,11,0
323701,323711,323713,2,10
323701,323701,323712,11,0
323701,323710,323712,2,9
323701,323711,323712,1,10
323701,323701,323713,12,0
323701,323711,323713,2,10
323701,323711,323712,1,10
323701,323701,323712,11,0
323701,323711,323712,1,10
323701,323701,323712,11,0
323701,323711,323713,2,10
323701,323701,323713,12,0
323701,323701,323713,12,0
323701,323701,323713,12,0
323701,323701,323713,12,0
323701,323712,323713,1,11
323701,323712,323714,2,11
323701,323710,323713,3,9
323701,323701,323713,12,0
323701,323712,323713,1,11
323701,323701,323713,12,0
323701,323712,323713,1,11
323701,323701,323714,13,0
323701,323701,323714,13,0
323701,323701,323714,13,0
323701,323701,323714,13,0
323701,323713,323714,1,12
323701,323701,323715,14,0
323701,323713,323714,1,12
323701,323713,323714,1,12
323701,323701,323715,14,0
323701,323710,323715,5,9
323701,323711,323715,4,10
323701,323713,323715,2,12
323701,323713,323715,2,12
323701,323701,323716,15,0
323701,323711,323716,5,10
323701,323710,323716,6,9
323701,323701,323717,16,0
323701,323701,323717,16,0
323701,323701,323717,16,0
323701,323712,323717,5,11
323701,323701,323719,18,0
323701,323701,323720,19,0
323701,323701,323720,19,0
323701,323701,323722,21,0
323701,323701,323741,40,0
323744,323744,323746,2,0
323744,323744,323746,2,0
323744,323744,323746,2,0
323744,323744,323746,2,0
323744,323746,323748,2,2
323744,323744,323749,5,0
323744,323746,323749,3,2
323744,323746,323749,3,2
323744,323746,323748,2,2
323744,323744,323750,6,0
323744,323749,323750,1,5
323744,323744,323751,7,0
323744,323744,323751,7,0
323744,323744,323750,6,0
323744,323749,323751,2,5
323744,323750,323751,1,6
323744,323750,323751,1,6
323744,323750,323751,1,6
323744,323744,323752,8,0
323744,323744,323752,8,0
323744,323751,323752,1,7
323744,323744,323752,8,0
323744,323744,323753,9,0
323744,323750,323753,3,6
323744,323744,323753,9,0
323744,323744,323753,9,0
323744,323752,323753,1,8
323744,323744,323753,9,0
323744,323744,323754,10,0
323744,323744,323754,10,0
323744,323744,323754,10,0
323744,323744,323754,10,0
323744,323744,323754,10,0
323744,323752,323754,2,8
323744,323744,323754,10,0
323744,323752,323754,2,8
323744,323744,323754,10,0
323744,323744,323754,10,0
323744,323744,323754,10,0
323744,323752,323754,2,8
323744,323753,323755,2,9
323744,323744,323754,10,0
323744,323744,323754,10,0
323744,323744,323755,11,0
323744,323744,323755,11,0
323744,323744,323755,11,0
323744,323754,323755,1,10
323744,323754,323755,1,10
323744,323753,323755,2,9
323744,323754,323756,2,10
323744,323744,323756,12,0
323744,323744,323756,12,0
323744,323752,323756,4,8
323744,323744,323756,12,0
323744,323744,323756,12,0
323744,323751,323756,5,7
323744,323753,323756,3,9
323744,323744,323756,12,0
323744,323755,323756,1,11
323744,323754,323756,2,10
323744,323755,323756,1,11
323744,323755,323756,1,11
323744,323755,323756,1,11
323744,323744,323757,13,0
323744,323751,323757,6,7
323744,323753,323757,4,9
323744,323744,323757,13,0
323744,323744,323757,13,0
323744,323744,323757,13,0
323744,323754,323758,4,10
323744,323754,323759,5,10
323744,323744,323759,15,0
323744,323755,323759,4,11
323744,323744,323760,16,0
323744,323755,323760,5,11
323744,323751,323760,9,7
323744,323744,323762,18,0
323744,323744,323764,20,0
323744,323744,323765,21,0
323768,323768,323770,2,0
323768,323768,323770,2,0
323768,323768,323770,2,0
323768,323768,323770,2,0
323768,323768,323772,4,0
323768,323770,323772,2,2
323768,323770,323773,3,2
323768,323770,323773,3,2
323768,323770,323773,3,2
323768,323768,323774,6,0
323768,323772,323774,2,4
323768,323768,323774,6,0
323768,323772,323774,2,4
323768,323768,323774,6,0
323768,323768,323775,7,0
323768,323768,323775,7,0
323768,323768,323775,7,0
323768,323773,323775,2,5
323768,323768,323775,7,0
323768,323774,323775,1,6
323768,323768,323775,7,0
323768,323768,323775,7,0
323768,323774,323775,1,6
323768,323768,323776,8,0
323768,323768,323776,8,0
323768,323774,323775,1,6
323768,323768,323776,8,0
323768,323768,323776,8,0
323768,323773,323776,3,5
323768,323773,323776,3,5
323768,323768,323777,9,0
323768,323768,323777,9,0
323768,323768,323777,9,0
323768,323768,323776,8,0
323768,323768,323777,9,0
323768,323775,323777,2,7
323768,323775,323777,2,7
323768,323776,323778,2,8
323768,323776,323777,1,8
323768,323776,323777,1,8
323768,323768,323777,9,0
323768,323776,323777,1,8
323768,323776,323777,1,8
323768,323776,323777,1,8
323768,323768,323777,9,0
323768,323775,323778,3,7
323768,323775,323778,3,7
323768,323775,323778,3,7
323768,323768,323778,10,0
323768,323768,323778,10,0
323768,323776,323778,2,8
323768,323777,323778,1,9
323768,323777,323778,1,9
323768,323768,323778,10,0
323768,323777,323778,1,9
323768,323776,323779,3,8
323768,323776,323779,3,8
323768,323768,323779,11,0
323768,323778,323779,1,10
323768,323768,323780,12,0
323768,323777,323780,3,9
323768,323777,323780,3,9
323768,323774,323780,6,6
323768,323777,323780,3,9
323768,323777,323780,3,9
323768,323768,323780,12,0
323768,323768,323780,12,0
323768,323768,323780,12,0
323768,323768,323781,13,0
323768,323768,323781,13,0
323768,323768,323781,13,0
323768,323768,323781,13,0
323768,323768,323782,14,0
323768,323768,323782,14,0
323768,323768,323783,15,0
323768,323768,323783,15,0
323768,323768,323783,15,0
323768,323768,323785,17,0
323768,323768,323786,18,0
323789,323789,323791,2,0
323789,323789,323791,2,0
323789,323789,323791,2,0
323789,323789,323791,2,0
323789,323791,323792,1,2
323789,323791,323793,2,2
323789,323789,323794,5,0
323789,323789,323794,5,0
323789,323791,323794,3,2
323789,323789,323794,5,0
323789,323789,323795,6,0
323789,323789,323795,6,0
323789,323792,323795,3,3
323789,323789,323795,6,0
323789,323793,323795,2,4
323789,323793,323795,2,4
323789,323789,323796,7,0
323789,323789,323796,7,0
323789,323789,323796,7,0
323789,323789,323797,8,0
323789,323795,323797,2,6
323789,323795,323797,2,6
323789,323789,323797,8,0
323789,323795,323796,1,6
323789,323795,323796,1,6
323789,323789,323797,8,0
323789,323795,323798,3,6
323789,323789,323798,9,0
323789,323789,323798,9,0
323789,323794,323798,4,5
323789,323796,323798,2,7
323789,323789,323798,9,0
323789,323796,323798,2,7
323789,323795,323798,3,6
323789,323789,323799,10,0
323789,323794,323798,4,5
323789,323797,323798,1,8
323789,323797,323799,2,8
323789,323789,323799,10,0
323789,323794,323799,5,5
323789,323789,323798,9,0
323789,323797,323799,2,8
323789,323789,323799,10,0
323789,323797,323798,1,8
323789,323797,323799,2,8
323789,323798,323799,1,9
323789,323789,323799,10,0
323789,323789,323798,9,0
323789,323797,323799,2,8
323789,323789,323800,11,0
323789,323789,323800,11,0
323789,323789,323800,11,0
323789,323798,323800,2,9
323789,323798,323800,2,9
323789,323789,323800,11,0
323789,323798,323799,1,9
323789,323789,323800,11,0
323789,323796,323800,4,7
323789,323798,323800,2,9
323789,323798,323800,2,9
323789,323789,323801,12,0
323789,323798,323801,3,9
323789,323794,323801,7,5
323789,323798,323801,3,9
323789,323799,323802,3,10
323789,323799,323802,3,10
323789,323789,323802,13,0
323789,323789,323802,13,0
323789,323789,323802,13,0
323789,323789,323803,14,0
323789,323789,323805,16,0
323789,323789,323805,16,0
323789,323789,323806,17,0
323789,323789,323806,17,0
323789,323789,323807,18,0
323789,323789,323807,18,0
323789,323789,323809,20,0
323789,323789,323809,20,0
323789,323789,323812,23,0
323815,323815,323817,2,0
323815,323815,323817,2,0
323815,323815,323817,2,0
323815,323815,323818,3,0
323815,323817,323819,2,2
323815,323817,323820,3,2
323815,323818,323820,2,3
323815,323817,323819,2,2
323815,323815,323821,6,0
323815,323815,323821,6,0
323815,323815,323821,6,0
323815,323819,323821,2,4
323815,323821,323822,1,6
323815,323815,323823,8,0
323815,323815,323823,8,0
323815,323815,323823,8,0
323815,323821,323823,2,6
323815,323820,323823,3,5
323815,323820,323823,3,5
323815,323815,323823,8,0
323815,323820,323823,3,5
323815,323815,323823,8,0
323815,323821,323823,2,6
323815,323815,323824,9,0
323815,323815,323824,9,0
323815,323815,323824,9,0
323815,323815,323824,9,0
323815,323822,323823,1,7
323815,323815,323824,9,0
323815,323821,323825,4,6
323815,323815,323825,10,0
323815,323823,323825,2,8
323815,323823,323825,2,8
323815,323823,323825,2,8
323815,323823,323825,2,8
323815,323823,323825,2,8
323815,323824,323825,1,9
323815,323823,323825,2,8
323815,323823,323825,2,8
323815,323823,323826,3,8
323815,323823,323826,3,8
323815,323815,323826,11,0
323815,323815,323826,11,0
323815,323824,323826,2,9
323815,323815,323826,11,0
323815,323815,323826,11,0
323815,323824,323826,2,9
323815,323824,323826,2,9
323815,323815,323826,11,0
323815,323825,323826,1,10
323815,323825,323826,1,10
323815,323825,323826,1,10
323815,323815,323826,11,0
323815,323826,323827,1,11
323815,323826,323827,1,11
323815,323815,323827,12,0
323815,323826,323827,1,11
323815,323826,323827,1,11
323815,323815,323827,12,0
323815,323815,323827,12,0
323815,323815,323828,13,0
323815,323825,323828,3,10
323815,323825,323827,2,10
323815,323815,323829,14,0
323815,323815,323828,13,0
323815,323815,323829,14,0
323815,323815,323830,15,0
323815,323815,323830,15,0
323815,323815,323830,15,0
323815,323815,323830,15,0
323815,323815,323830,15,0
323815,323815,323830,15,0
323815,323815,323831,16,0
323815,323815,323833,18,0
323815,323815,323833,18,0
323815,323815,323833,18,0
323815,323815,323833,18,0
323815,323815,323834,19,0
323815,323815,323835,20,0
323838,323838,323840,2,0
323838,323838,323840,2,0
323838,323838,323840,2,0
323838,323838,323840,2,0
323838,323838,323840,2,0
323838,323840,323842,2,2
323838,323840,323841,1,2
323838,323840,323842,2,2
323838,323838,323842,4,0
323838,323838,323843,5,0
323838,323841,323843,2,3
323838,323840,323842,2,2
323838,323838,323842,4,0
323838,323838,323844,6,0
323838,323838,323843,5,0
323838,323838,323844,6,0
323838,323838,323844,6,0
323838,323838,323844,6,0
323838,323842,323843,1,4
323838,323842,323844,2,4
323838,323838,323845,7,0
323838,323842,323844,2,4
323838,323843,323845,2,5
323838,323838,323844,6,0
323838,323843,323845,2,5
323838,323838,323845,7,0
323838,323843,323845,2,5
323838,323838,323846,8,0
323838,323842,323846,4,4
323838,323844,323845,1,6
323838,323844,323846,2,6
323838,323838,323846,8,0
323838,323838,323846,8,0
323838,323838,323846,8,0
323838,323838,323846,8,0
323838,323844,323845,1,6
323838,323844,323847,3,6
323838,323844,323846,2,6
323838,323843,323847,4,5
323838,323844,323847,3,6
323838,323844,323846,2,6
323838,323838,323847,9,0
323838,323845,323847,2,7
323838,323845,323847,2,7
323838,323845,323847,2,7
323838,323838,323847,9,0
323838,323845,323847,2,7
323838,323845,323847,2,7
323838,323838,323847,9,0
323838,323845,323846,1,7
323838,323845,323848,3,7
323838,323838,323848,10,0
323838,323846,323848,2,8
323838,323846,323847,1,8
323838,323838,323847,9,0
323838,323846,323847,1,8
323838,323846,323848,2,8
323838,323846,323848,2,8
323838,323846,323848,2,8
323838,323838,323848,10,0
323838,323846,323849,3,8
323838,323846,323848,2,8
323838,323838,323849,11,0
323838,323838,323848,10,0
323838,323838,323848,10,0
323838,323838,323850,12,0
323838,323838,323849,11,0
323838,323838,323851,13,0
323838,323838,323851,13,0
323838,323838,323852,14,0
323838,323838,323852,14,0
323838,323838,323853,15,0
323838,323838,323855,17,0
323838,323838,323855,17,0
323838,323838,323855,17,0
323838,323838,323855,17,0
323838,323838,323854,16,0
323838,323838,323857,19,0
323838,323838,323858,20,0
323861,323861,323862,1,0
323861,323861,323862,1,0
323861,323861,323863,2,0
323861,323861,323862,1,0
323861,323863,323864,1,2
323861,323861,323865,4,0
323861,323863,323864,1,2
323861,323863,323865,2,2
323861,323863,323865,2,2
323861,323861,323865,4,0
323861,323861,323866,5,0
323861,323865,323866,1,4
323861,323861,323867,6,0
323861,323861,323866,5,0
323861,323865,323866,1,4
323861,323865,323867,2,4
323861,323865,323867,2,4
323861,323861,323868,7,0
323861,323861,323868,7,0
323861,323866,323867,1,5
323861,323865,323868,3,4
323861,323861,323869,8,0
323861,323861,323868,7,0
323861,323867,323868,1,6
323861,323867,323869,2,6
323861,323867,323868,1,6
323861,323861,323869,8,0
323861,323867,323869,2,6
323861,323861,323868,7,0
323861,323867,323868,1,6
323861,323867,323870,3,6
323861,323861,323870,9,0
323861,323868,323869,1,7
323861,323861,323870,9,0
323861,323868,323869,1,7
323861,323861,323871,10,0
323861,323861,323870,9,0
323861,323861,323870,9,0
323861,323867,323871,4,6
323861,323868,323870,2,7
323861,323868,323870,2,7
323861,323861,323871,10,0
323861,323869,323871,2,8
323861,323869,323870,1,8
323861,323861,323871,10,0
323861,323869,323870,1,8
323861,323869,323871,2,8
323861,323861,323870,9,0
323861,323869,323870,1,8
323861,323869,323870,1,8
323861,323869,323870,1,8
323861,323870,323871,1,9
323861,323861,323871,10,0
323861,323861,323872,11,0
323861,323869,323871,2,8
323861,323869,323871,2,8
323861,323861,323872,11,0
323861,323870,323872,2,9
323861,323861,323872,11,0
323861,323870,323872,2,9
323861,323870,323871,1,9
323861,323861,323871,10,0
323861,323861,323871,10,0
323861,323870,323871,1,9
323861,323861,323872,11,0
323861,323861,323873,12,0
323861,323861,323872,11,0
323861,323861,323872,11,0
323861,323861,323873,12,0
323861,323861,323873,12,0
323861,323861,323874,13,0
323861,323861,323875,14,0
323861,323861,323876,15,0
323861,323861,323876,15,0
323861,323861,323877,16,0
323861,323861,323878,17,0
323861,323861,323880,19,0
323861,323861,323879,18,0
323861,323861,323880,19,0
323884,323884,323885,1,0
323884,323884,323885,1,0
323884,323884,323885,1,0
323884,323884,323885,1,0
323884,323884,323887,3,0
323884,323886,323888,2,2
323884,323884,323889,5,0
323884,323886,323888,2,2
323884,323886,323888,2,2
323884,323886,323889,3,2
323884,323888,323889,1,4
323884,323884,323891,7,0
323884,323884,323890,6,0
323884,323884,323890,6,0
323884,323889,323891,2,5
323884,323889,323891,2,5
323884,323889,323891,2,5
323884,323884,323891,7,0
323884,323889,323891,2,5
323884,323884,323892,8,0
323884,323884,323892,8,0
323884,323884,323891,7,0
323884,323884,323893,9,0
323884,323889,323892,3,5
323884,323884,323893,9,0
323884,323891,323893,2,7
323884,323890,323892,2,6
323884,323891,323893,2,7
323884,323891,323893,2,7
323884,323891,323894,3,7
323884,323884,323894,10,0
323884,323884,323893,9,0
323884,323884,323894,10,0
323884,323892,323893,1,8
323884,323884,323894,10,0
323884,323891,323893,2,7
323884,323892,323893,1,8
323884,323884,323894,10,0
323884,323884,323893,9,0
323884,323892,323893,1,8
323884,323884,323894,10,0
323884,323892,323893,1,8
323884,323884,323894,10,0
323884,323884,323894,10,0
323884,323884,323894,10,0
323884,323884,323894,10,0
323884,323893,323894,1,9
323884,323893,323895,2,9
323884,323884,323895,11,0
323884,323893,323894,1,9
323884,323893,323895,2,9
323884,323893,323894,1,9
323884,323884,323896,12,0
323884,323884,323895,11,0
323884,323884,323895,11,0
323884,323893,323895,2,9
323884,323894,323896,2,10
323884,323891,323896,5,7
323884,323893,323895,2,9
323884,323884,323896,12,0
323884,323894,323895,1,10
323884,323894,323895,1,10
323884,323894,323896,2,10
323884,323894,323895,1,10
323884,323884,323896,12,0
323884,323884,323897,13,0
323884,323891,323897,6,7
323884,323884,323896,12,0
323884,323884,323896,12,0
323884,323884,323896,12,0
323884,323894,323896,2,10
323884,323884,323897,13,0
323884,323884,323897,13,0
323884,323884,323898,14,0
323884,323884,323898,14,0
323884,323884,323901,17,0
323884,323884,323901,17,0
323884,323884,323901,17,0
323884,323884,323903,19,0
323906,323906,323907,1,0
323906,323906,323907,1,0
323906,323906,323907,1,0
323906,323906,323907,1,0
323906,323908,323910,2,2
323906,323906,323911,5,0
323906,323908,323910,2,2
323906,323908,323911,3,2
323906,323908,323910,2,2
323906,323910,323912,2,4
323906,323911,323913,2,5
323906,323911,323913,2,5
323906,323906,323913,7,0
323906,323906,323913,7,0
323906,323911,323913,2,5
323906,323911,323913,2,5
323906,323906,323913,7,0
323906,323912,323914,2,6
323906,323906,323914,8,0
323906,323913,323915,2,7
323906,323906,323914,8,0
323906,323906,323914,8,0
323906,323906,323915,9,0
323906,323906,323915,9,0
323906,323906,323914,8,0
323906,323913,323915,2,7
323906,323906,323915,9,0
323906,323906,323914,8,0
323906,323906,323915,9,0
323906,323906,323915,9,0
323906,323906,323915,9,0
323906,323906,323915,9,0
323906,323906,323915,9,0
323906,323906,323915,9,0
323906,323906,323915,9,0
323906,323914,323916,2,8
323906,323906,323915,9,0
323906,323906,323916,10,0
323906,323914,323916,2,8
323906,323906,323915,9,0
323906,323914,323916,2,8
323906,323906,323916,10,0
323906,323906,323916,10,0
323906,323914,323917,3,8
323906,323906,323916,10,0
323906,323906,323916,10,0
323906,323906,323917,11,0
323906,323915,323916,1,9
323906,323915,323916,1,9
323906,323915,323916,1,9
323906,323915,323917,2,9
323906,323914,323917,3,8
323906,323915,323917,2,9
323906,323915,323917,2,9
323906,323915,323917,2,9
323906,323915,323917,2,9
323906,323915,323917,2,9
323906,323906,323918,12,0
323906,323906,323917,11,0
323906,323906,323918,12,0
323906,323906,323917,11,0
323906,323914,323917,3,8
323906,323916,323917,1,10
323906,323916,323918,2,10
323906,323916,323918,2,10
323906,323906,323918,12,0
323906,323906,323918,12,0
323906,323916,323919,3,10
323906,323906,323919,13,0
323906,323906,323920,14,0
323906,323916,323919,3,10
323906,323916,323919,3,10
323906,323916,323919,3,10
323906,323906,323920,14,0
323906,323915,323920,5,9
323906,323906,323921,15,0
323906,323906,323922,16,0
323906,323906,323921,15,0
323906,323906,323921,15,0
323924,323925,323926,1,1
323924,323925,323926,1,1
323924,323925,323927,2,1
323924,323925,323927,2,1
323924,323927,323929,2,3
323924,323925,323929,4,1
323924,323927,323929,2,3
323924,323925,323929,4,1
323924,323925,323930,5,1
323924,323925,323930,5,1
323924,323928,323930,2,4
323924,323928,323930,2,4
323924,323929,323931,2,5
323924,323925,323931,6,1
323924,323925,323931,6,1
323924,323925,323931,6,1
323924,323930,323931,1,6
323924,323925,323932,7,1
323924,323930,323931,1,6
323924,323925,323931,6,1
323924,323925,323933,8,1
323924,323925,323933,8,1
323924,323925,323933,8,1
323924,323931,323933,2,7
323924,323925,323932,7,1
323924,323931,323932,1,7
323924,323931,323932,1,7
323924,323925,323932,7,1
323924,323931,323932,1,7
323924,323925,323933,8,1
323924,323930,323933,3,6
323924,323932,323933,1,8
323924,323925,323934,9,1
323924,323932,323934,2,8
323924,323925,323933,8,1
323924,323932,323933,1,8
323924,323932,323933,1,8
323924,323925,323934,9,1
323924,323932,323933,1,8
323924,323925,323934,9,1
323924,323925,323934,9,1
323924,323932,323935,3,8
323924,323925,323935,10,1
323924,323931,323934,3,7
323924,323925,323934,9,1
323924,323925,323934,9,1
323924,323925,323935,10,1
323924,323932,323934,2,8
323924,323933,323934,1,9
323924,323933,323934,1,9
323924,323933,323935,2,9
323924,323933,323934,1,9
323924,323933,323935,2,9
323924,323933,323934,1,9
323924,323933,323934,1,9
323924,323925,323936,11,1
323924,323925,323936,11,1
323924,323925,323936,11,1
323924,323925,323936,11,1
323924,323925,323935,10,1
323924,323934,323935,1,10
323924,323925,323936,11,1
323924,323933,323935,2,9
323924,323934,323935,1,10
323924,323934,323935,1,10
323924,323934,323935,1,10
323924,323925,323936,11,1
323924,323933,323936,3,9
323924,323925,323936,11,1
323924,323934,323937,3,10
323924,323925,323938,13,1
323924,323925,323937,12,1
323924,323925,323937,12,1
323924,323934,323938,4,10
323924,323925,323937,12,1
323924,323925,323938,13,1
323924,323925,323938,13,1
323924,323925,323938,13,1
323924,323925,323940,15,1
323942,323942,323944,2,0
323942,323942,323944,2,0
323942,323942,323944,2,0
323942,323942,323944,2,0
323942,323945,323946,1,3
323942,323945,323946,1,3
323942,323945,323946,1,3
323942,323943,323946,3,1
323942,323945,323946,1,3
323942,323942,323947,5,0
323942,323943,323947,4,1
323942,323943,323949,6,1
323942,323947,323948,1,5
323942,323947,323948,1,5
323942,323947,323948,1,5
323942,323947,323948,1,5
323942,323947,323948,1,5
323942,323942,323949,7,0
323942,323948,323949,1,6
323942,323948,323949,1,6
323942,323942,323949,7,0
323942,323942,323951,9,0
323942,323943,323950,7,1
323942,323942,323950,8,0
323942,323943,323950,7,1
323942,323949,323950,1,7
323942,323949,323950,1,7
323942,323943,323950,7,1
323942,323949,323950,1,7
323942,323949,323950,1,7
323942,323943,323950,7,1
323942,323949,323950,1,7
323942,323943,323951,8,1
323942,323943,323952,9,1
323942,323942,323951,9,0
323942,323943,323951,8,1
323942,323950,323952,2,8
323942,323950,323951,1,8
323942,323942,323952,10,0
323942,323942,323951,9,0
323942,323942,323952,10,0
323942,323942,323952,10,0
323942,323943,323951,8,1
323942,323950,323951,1,8
323942,323949,323951,2,7
323942,323942,323952,10,0
323942,323943,323952,9,1
323942,323943,323953,10,1
323942,323951,323952,1,9
323942,323951,323952,1,9
323942,323951,323953,2,9
323942,323951,323952,1,9
323942,323951,323952,1,9
323942,323951,323952,1,9
323942,323951,323952,1,9
323942,323951,323952,1,9
323942,323951,323952,1,9
323942,323943,323953,10,1
323942,323951,323953,2,9
323942,323951,323953,2,9
323942,323943,323953,10,1
323942,323950,323953,3,8
323942,323943,323953,10,1
323942,323942,323953,11,0
323942,323943,323954,11,1
323942,323952,323954,2,10
323942,323943,323954,11,1
323942,323942,323955,13,0
323942,323952,323954,2,10
323942,323952,323954,2,10
323942,323942,323955,13,0
323942,323943,323955,12,1
323942,323942,323956,14,0
323942,323942,323956,14,0
323942,323943,323956,13,1
323942,323942,323957,15,0
323942,323942,323958,16,0
323942,323943,323958,15,1
323942,323942,323958,16,0
323961,323961,323963,2,0
323961,323961,323963,2,0
323961,323961,323963,2,0
323961,323961,323964,3,0
323961,323961,323966,5,0
323961,323961,323966,5,0
323961,323961,323966,5,0
323961,323961,323966,5,0
323961,323961,323966,5,0
323961,323961,323966,5,0
323961,323961,323965,4,0
323961,323961,323967,6,0
323961,323963,323967,4,2
323961,323963,323967,4,2
323961,323961,323967,6,0
323961,323964,323967,3,3
323961,323961,323967,6,0
323961,323961,323967,6,0
323961,323963,323967,4,2
323961,323961,323967,6,0
323961,323961,323968,7,0
323961,323961,323968,7,0
323961,323961,323968,7,0
323961,323961,323968,7,0
323961,323967,323968,1,6
323961,323961,323968,7,0
323961,323961,323968,7,0
323961,323961,323968,7,0
323961,323961,323969,8,0
323961,323961,323968,7,0
323961,323961,323969,8,0
323961,323961,323970,9,0
323961,323961,323969,8,0
323961,323968,323969,1,7
323961,323961,323969,8,0
323961,323968,323969,1,7
323961,323968,323969,1,7
323961,323967,323969,2,6
323961,323967,323969,2,6
323961,323966,323969,3,5
323961,323968,323969,1,7
323961,323968,323969,1,7
323961,323968,323969,1,7
323961,323961,323969,8,0
323961,323968,323969,1,7
323961,323968,323969,1,7
323961,323961,323970,9,0
323961,323961,323970,9,0
323961,323966,323970,4,5
323961,323968,323970,2,7
323961,323961,323970,9,0
323961,323969,323970,1,8
323961,323969,323970,1,8
323961,323961,323970,9,0
323961,323961,323970,9,0
323961,323969,323970,1,8
323961,323961,323971,10,0
323961,323961,323971,10,0
323961,323961,323971,10,0
323961,323967,323971,4,6
323961,323961,323971,10,0
323961,323970,323971,1,9
323961,323969,323971,2,8
323961,323961,323971,10,0
323961,323969,323972,3,8
323961,323970,323971,1,9
323961,323970,323971,1,9
323961,323970,323971,1,9
323961,323970,323972,2,9
323961,323961,323972,11,0
323961,323966,323972,6,5
323961,323970,323972,2,9
323961,323970,323972,2,9
323961,323969,323972,3,8
323961,323969,323972,3,8
323961,323969,323973,4,8
323961,323961,323974,13,0
323961,323961,323978,17,0
323961,323961,323979,18,0
323982,323982,323984,2,0
323982,323982,323984,2,0
323982,323982,323984,2,0
323982,323982,323984,2,0
323982,323982,323986,4,0
323982,323984,323987,3,2
323982,323982,323987,5,0
323982,323984,323987,3,2
323982,323982,323987,5,0
323982,323984,323987,3,2
323982,323982,323987,5,0
323982,323982,323988,6,0
323982,323984,323988,4,2
323982,323982,323989,7,0
323982,323987,323989,2,5
323982,323986,323989,3,4
323982,323982,323989,7,0
323982,323987,323989,2,5
323982,323987,323989,2,5
323982,323987,323988,1,5
323982,323982,323990,8,0
323982,323982,323990,8,0
323982,323982,323990,8,0
323982,323988,323990,2,6
323982,323982,323990,8,0
323982,323987,323990,3,5
323982,323982,323989,7,0
323982,323988,323990,2,6
323982,323988,323991,3,6
323982,323982,323991,9,0
323982,323989,323991,2,7
323982,323982,323991,9,0
323982,323989,323991,2,7
323982,323989,323991,2,7
323982,323990,323991,1,8
323982,323989,323991,2,7
323982,323989,323991,2,7
323982,323982,323991,9,0
323982,323982,323992,10,0
323982,323989,323992,3,7
323982,323982,323992,10,0
323982,323990,323992,2,8
323982,323991,323993,2,9
323982,323982,323992,10,0
323982,323990,323992,2,8
323982,323991,323992,1,9
323982,323982,323992,10,0
323982,323991,323992,1,9
323982,323991,323992,1,9
323982,323990,323992,2,8
323982,323990,323992,2,8
323982,323982,323992,10,0
323982,323982,323993,11,0
323982,323990,323993,3,8
323982,323992,323993,1,10
323982,323992,323993,1,10
323982,323992,323993,1,10
323982,323992,323993,1,10
323982,323992,323993,1,10
323982,323982,323994,12,0
323982,323982,323994,12,0
323982,323982,323994,12,0
323982,323982,323994,12,0
323982,323991,323994,3,9
323982,323982,323995,13,0
323982,323982,323995,13,0
323982,323982,323995,13,0
323982,323982,323995,13,0
323982,323982,323995,13,0
323982,323982,323996,14,0
323982,323982,323995,13,0
323982,323982,323997,15,0
323982,323982,323998,16,0
323982,323982,323998,16,0
323982,323982,324000,18,0
323982,323982,324000,18,0
323982,323982,324001,19,0
323982,323982,324000,18,0
323982,323982,324003,21,0
324007,324007,324009,2,0
324007,324007,324009,2,0
324007,324007,324009,2,0
324007,324007,324009,2,0
324007,324007,324011,4,0
324007,324007,324011,4,0
324007,324007,324010,3,0
324007,324007,324011,4,0
324007,324009,324012,3,2
324007,324009,324012,3,2
324007,324007,324013,6,0
324007,324009,324012,3,2
324007,324011,324013,2,4
324007,324007,324012,5,0
324007,324009,324013,4,2
324007,324011,324013,2,4
324007,324007,324014,7,0
324007,324007,324014,7,0
324007,324013,324014,1,6
324007,324012,324013,1,5
324007,324012,324013,1,5
324007,324007,324015,8,0
324007,324013,324014,1,6
324007,324013,324015,2,6
324007,324007,324015,8,0
324007,324007,324015,8,0
324007,324013,324015,2,6
324007,324007,324014,7,0
324007,324007,324014,7,0
324007,324007,324014,7,0
324007,324013,324015,2,6
324007,324007,324015,8,0
324007,324013,324015,2,6
324007,324007,324015,8,0
324007,324007,324016,9,0
324007,324014,324016,2,7
324007,324014,324015,1,7
324007,324014,324015,1,7
324007,324014,324016,2,7
324007,324014,324015,1,7
324007,324007,324017,10,0
324007,324007,324016,9,0
324007,324007,324017,10,0
324007,324007,324017,10,0
324007,324007,324016,9,0
324007,324007,324017,10,0
324007,324015,324016,1,8
324007,324015,324017,2,8
324007,324015,324016,1,8
324007,324015,324017,2,8
324007,324015,324017,2,8
324007,324015,324017,2,8
324007,324015,324017,2,8
324007,324015,324017,2,8
324007,324015,324017,2,8
324007,324015,324017,2,8
324007,324015,324017,2,8
324007,324015,324017,2,8
324007,324007,324018,11,0
324007,324012,324017,5,5
324007,324011,324017,6,4
324007,324007,324018,11,0
324007,324016,324018,2,9
324007,324007,324018,11,0
324007,324007,324019,12,0
324007,324016,324019,3,9
324007,324007,324019,12,0
324007,324007,324021,14,0
324007,324007,324020,13,0
324007,324007,324021,14,0
324007,324007,324021,14,0
324007,324007,324022,15,0
324007,324007,324022,15,0
324007,324007,324023,16,0
324007,324007,324025,18,0
324007,324007,324025,18,0
324007,324007,324027,20,0
324007,324007,324028,21,0
324007,324007,324032,25,0
324035,324035,324036,1,0
324035,324035,324036,1,0
324035,324035,324036,1,0
324035,324035,324037,2,0
324035,324035,324039,4,0
324035,324037,324039,2,2
324035,324035,324040,5,0
324035,324037,324039,2,2
324035,324037,324039,2,2
324035,324035,324040,5,0
324035,324035,324041,6,0
324035,324035,324041,6,0
324035,324040,324041,1,5
324035,324035,324040,5,0
324035,324038,324040,2,3
324035,324035,324041,6,0
324035,324040,324041,1,5
324035,324035,324042,7,0
324035,324040,324042,2,5
324035,324040,324042,2,5
324035,324035,324042,7,0
324035,324035,324042,7,0
324035,324041,324042,1,6
324035,324041,324043,2,6
324035,324035,324043,8,0
324035,324041,324042,1,6
324035,324041,324043,2,6
324035,324035,324043,8,0
324035,324035,324043,8,0
324035,324040,324043,3,5
324035,324035,324042,7,0
324035,324041,324043,2,6
324035,324041,324043,2,6
324035,324035,324044,9,0
324035,324042,324043,1,7
324035,324035,324044,9,0
324035,324042,324043,1,7
324035,324035,324043,8,0
324035,324035,324043,8,0
324035,324043,324044,1,8
324035,324035,324043,8,0
324035,324042,324043,1,7
324035,324042,324043,1,7
324035,324035,324044,9,0
324035,324035,324044,9,0
324035,324043,324044,1,8
324035,324043,324045,2,8
324035,324043,324045,2,8
324035,324043,324044,1,8
324035,324043,324045,2,8
324035,324035,324045,10,0
324035,324043,324044,1,8
324035,324044,324045,1,9
324035,324043,324044,1,8
324035,324043,324044,1,8
324035,324043,324044,1,8
324035,324044,324045,1,9
324035,324035,324045,10,0
324035,324042,324046,4,7
324035,324035,324045,10,0
324035,324035,324045,10,0
324035,324043,324046,3,8
324035,324035,324046,11,0
324035,324035,324047,12,0
324035,324044,324046,2,9
324035,324044,324046,2,9
324035,324035,324048,13,0
324035,324035,324047,12,0
324035,324035,324048,13,0
324035,324035,324049,14,0
324035,324035,324050,15,0
324035,324035,324049,14,0
324035,324035,324049,14,0
324035,324035,324050,15,0
324035,324035,324050,15,0
324035,324035,324052,17,0
324035,324035,324052,17,0
324035,324035,324053,18,0
324035,324035,324055,20,0
324057,324058,324059,1,1
324057,324058,324059,1,1
324057,324058,324059,1,1
324057,324058,324059,1,1
324057,324058,324062,4,1
324057,324058,324062,4,1
324057,324060,324062,2,3
324057,324060,324062,2,3
324057,324060,324062,2,3
324057,324058,324063,5,1
324057,324058,324064,6,1
324057,324060,324063,3,3
324057,324058,324063,5,1
324057,324058,324064,6,1
324057,324058,324064,6,1
324057,324058,324065,7,1
324057,324063,324065,2,6
324057,324058,324065,7,1
324057,324063,324064,1,6
324057,324063,324065,2,6
324057,324063,324065,2,6
324057,324063,324065,2,6
324057,324058,324065,7,1
324057,324058,324065,7,1
324057,324058,324065,7,1
324057,324064,324065,1,7
324057,324064,324065,1,7
324057,324058,324065,7,1
324057,324058,324065,7,1
324057,324058,324066,8,1
324057,324058,324066,8,1
324057,324064,324066,2,7
324057,324058,324066,8,1
324057,324065,324067,2,8
324057,324058,324066,8,1
324057,324058,324066,8,1
324057,324058,324067,9,1
324057,324065,324067,2,8
324057,324058,324066,8,1
324057,324065,324067,2,8
324057,324058,324066,8,1
324057,324065,324068,3,8
324057,324058,324068,10,1
324057,324058,324067,9,1
324057,324065,324067,2,8
324057,324058,324067,9,1
324057,324064,324067,3,7
324057,324065,324068,3,8
324057,324066,324067,1,9
324057,324066,324068,2,9
324057,324058,324067,9,1
324057,324066,324068,2,9
324057,324066,324067,1,9
324057,324058,324067,9,1
324057,324058,324067,9,1
324057,324066,324068,2,9
324057,324066,324068,2,9
324057,324066,324067,1,9
324057,324058,324068,10,1
324057,324065,324068,3,8
324057,324058,324068,10,1
324057,324067,324068,1,10
324057,324058,324068,10,1
324057,324067,324068,1,10
324057,324067,324068,1,10
324057,324058,324069,11,1
324057,324067,324069,2,10
324057,324067,324069,2,10
324057,324066,324069,3,9
324057,324066,324069,3,9
324057,324067,324069,2,10
324057,324058,324071,13,1
324057,324058,324071,13,1
324057,324058,324071,13,1
324057,324058,324072,14,1
324057,324058,324072,14,1
324057,324058,324076,18,1
324057,324058,324077,19,1
324057,324058,324079,21,1
324082,324082,324084,2,0
324082,324082,324084,2,0
324082,324082,324084,2,0
324082,324082,324084,2,0
324082,324085,324086,1,3
324082,324083,324087,4,1
324082,324083,324087,4,1
324082,324085,324087,2,3
324082,324082,324087,5,0
324082,324083,324087,4,1
324082,324083,324087,4,1
324082,324085,324087,2,3
324082,324085,324087,2,3
324082,324083,324088,5,1
324082,324082,324089,7,0
324082,324082,324089,7,0
324082,324082,324089,7,0
324082,324082,324089,7,0
324082,324088,324090,2,6
324082,324087,324089,2,5
324082,324082,324090,8,0
324082,324083,324090,7,1
324082,324088,324089,1,6
324082,324082,324090,8,0
324082,324083,324090,7,1
324082,324088,324091,3,6
324082,324088,324090,2,6
324082,324082,324090,8,0
324082,324082,324091,9,0
324082,324088,324091,3,6
324082,324088,324091,3,6
324082,324082,324091,9,0
324082,324090,324091,1,8
324082,324089,324091,2,7
324082,324082,324091,9,0
324082,324082,324091,9,0
324082,324090,324092,2,8
324082,324082,324091,9,0
324082,324082,324092,10,0
324082,324083,324091,8,1
324082,324090,324091,1,8
324082,324082,324091,9,0
324082,324090,324092,2,8
324082,324090,324092,2,8
324082,324090,324091,1,8
324082,324090,324092,2,8
324082,324083,324093,10,1
324082,324088,324093,5,6
324082,324082,324092,10,0
324082,324083,324092,9,1
324082,324090,324092,2,8
324082,324090,324092,2,8
324082,324090,324092,2,8
324082,324091,324092,1,9
324082,324091,324092,1,9
324082,324088,324093,5,6
324082,324091,324093,2,9
324082,324082,324094,12,0
324082,324083,324093,10,1
324082,324090,324094,4,8
324082,324092,324093,1,10
324082,324092,324093,1,10
324082,324082,324093,11,0
324082,324092,324093,1,10
324082,324092,324094,2,10
324082,324092,324094,2,10
324082,324083,324094,11,1
324082,324092,324094,2,10
324082,324092,324094,2,10
324082,324083,324095,12,1
324082,324082,324096,14,0
324082,324083,324097,14,1
324082,324082,324098,16,0
324082,324082,324098,16,0
324082,324082,324103,21,0
324082,324082,324105,23,0
324082,324082,324106,24,0
324082,324082,324106,24,0
324082,324082,324108,26,0
324111,324111,324113,2,0
324111,324111,324113,2,0
324111,324111,324113,2,0
324111,324111,324113,2,0
324111,324111,324114,3,0
324111,324114,324115,1,3
324111,324113,324116,3,2
324111,324115,324116,1,4
324111,324113,324117,4,2
324111,324113,324117,4,2
324111,324116,324117,1,5
324111,324117,324118,1,6
324111,324111,324118,7,0
324111,324111,324119,8,0
324111,324117,324119,2,6
324111,324111,324119,8,0
324111,324111,324119,8,0
324111,324118,324119,1,7
324111,324118,324119,1,7
324111,324111,324119,8,0
324111,324118,324119,1,7
324111,324111,324120,9,0
324111,324111,324120,9,0
324111,324111,324120,9,0
324111,324111,324120,9,0
324111,324111,324120,9,0
324111,324119,324120,1,8
324111,324119,324120,1,8
324111,324111,324121,10,0
324111,324111,324121,10,0
324111,324111,324121,10,0
324111,324111,324121,10,0
324111,324111,324121,10,0
324111,324111,324121,10,0
324111,324111,324121,10,0
324111,324111,324122,11,0
324111,324111,324122,11,0
324111,324120,324122,2,9
324111,324120,324122,2,9
324111,324120,324122,2,9
324111,324121,324122,1,10
324111,324120,324122,2,9
324111,324120,324123,3,9
324111,324120,324122,2,9
324111,324121,324122,1,10
324111,324120,324122,2,9
324111,324121,324122,1,10
324111,324121,324122,1,10
324111,324111,324122,11,0
324111,324120,324122,2,9
324111,324121,324122,1,10
324111,324111,324123,12,0
324111,324121,324123,2,10
324111,324111,324123,12,0
324111,324111,324123,12,0
324111,324111,324123,12,0
324111,324122,324123,1,11
324111,324111,324124,13,0
324111,324122,324123,1,11
324111,324111,324123,12,0
324111,324111,324124,13,0
324111,324111,324124,13,0
324111,324121,324124,3,10
324111,324111,324124,13,0
324111,324122,324124,2,11
324111,324121,324124,3,10
324111,324122,324124,2,11
324111,324111,324124,13,0
324111,324122,324124,2,11
324111,324122,324124,2,11
324111,324111,324124,13,0
324111,324111,324125,14,0
324111,324111,324125,14,0
324111,324111,324127,16,0
324111,324111,324127,16,0
324111,324111,324129,18,0
324111,324111,324132,21,0
324111,324111,324132,21,0
324111,324111,324132,21,0
324135,324135,324137,2,0
324135,324135,324137,2,0
324135,324135,324137,2,0
324135,324135,324138,3,0
324135,324135,324139,4,0
324135,324135,324139,4,0
324135,324135,324140,5,0
324135,324135,324140,5,0
324135,324135,324139,4,0
324135,324137,324141,4,2
324135,324137,324141,4,2
324135,324137,324141,4,2
324135,324138,324142,4,3
324135,324139,324142,3,4
324135,324141,324143,2,6
324135,324142,324143,1,7
324135,324135,324143,8,0
324135,324141,324142,1,6
324135,324135,324144,9,0
324135,324140,324144,4,5
324135,324135,324144,9,0
324135,324141,324144,3,6
324135,324135,324144,9,0
324135,324135,324144,9,0
324135,324135,324144,9,0
324135,324143,324144,1,8
324135,324135,324144,9,0
324135,324135,324144,9,0
324135,324142,324143,1,7
324135,324135,324144,9,0
324135,324135,324145,10,0
324135,324135,324145,10,0
324135,324135,324145,10,0
324135,324135,324145,10,0
324135,324144,324145,1,9
324135,324143,324145,2,8
324135,324135,324145,10,0
324135,324144,324145,1,9
324135,324135,324146,11,0
324135,324135,324146,11,0
324135,324135,324146,11,0
324135,324140,324146,6,5
324135,324135,324146,11,0
324135,324135,324146,11,0
324135,324145,324146,1,10
324135,324145,324146,1,10
324135,324135,324146,11,0
324135,324145,324146,1,10
324135,324145,324146,1,10
324135,324145,324146,1,10
324135,324145,324146,1,10
324135,324146,324147,1,11
324135,324145,324146,1,10
324135,324145,324146,1,10
324135,324145,324146,1,10
324135,324145,324146,1,10
324135,324135,324147,12,0
324135,324145,324147,2,10
324135,324144,324147,3,9
324135,324135,324147,12,0
324135,324145,324147,2,10
324135,324146,324147,1,11
324135,324135,324147,12,0
324135,324140,324148,8,5
324135,324135,324148,13,0
324135,324145,324148,3,10
324135,324135,324148,13,0
324135,324135,324148,13,0
324135,324139,324148,9,4
324135,324145,324148,3,10
324135,324135,324149,14,0
324135,324135,324149,14,0
324135,324135,324149,14,0
324135,324135,324149,14,0
324135,324135,324150,15,0
324135,324135,324152,17,0
324135,324135,324153,18,0
324135,324135,324154,19,0
324135,324135,324155,20,0
324158,324158,324160,2,0
324158,324158,324160,2,0
324158,324158,324160,2,0
324158,324158,324160,2,0
324158,324158,324162,4,0
324158,324158,324163,5,0
324158,324158,324164,6,0
324158,324160,324164,4,2
324158,324161,324164,3,3
324158,324160,324164,4,2
324158,324160,324163,3,2
324158,324158,324164,6,0
324158,324158,324165,7,0
324158,324158,324165,7,0
324158,324158,324165,7,0
324158,324164,324166,2,6
324158,324158,324166,8,0
324158,324158,324166,8,0
324158,324158,324166,8,0
324158,324164,324166,2,6
324158,324158,324166,8,0
324158,324164,324166,2,6
324158,324158,324166,8,0
324158,324164,324166,2,6
324158,324158,324166,8,0
324158,324158,324167,9,0
324158,324158,324167,9,0
324158,324158,324166,8,0
324158,324158,324167,9,0
324158,324158,324166,8,0
324158,324158,324167,9,0
324158,324158,324167,9,0
324158,324158,324166,8,0
324158,324158,324166,8,0
324158,324158,324167,9,0
324158,324164,324167,3,6
324158,324165,324167,2,7
324158,324158,324167,9,0
324158,324158,324167,9,0
324158,324165,324167,2,7
324158,324158,324168,10,0
324158,324158,324168,10,0
324158,324165,324168,3,7
324158,324158,324168,10,0
324158,324158,324168,10,0
324158,324164,324167,3,6
324158,324158,324168,10,0
324158,324162,324168,6,4
324158,324166,324168,2,8
324158,324166,324168,2,8
324158,324167,324168,1,9
324158,324166,324168,2,8
324158,324167,324168,1,9
324158,324167,324168,1,9
324158,324167,324168,1,9
324158,324167,324168,1,9
324158,324167,324168,1,9
324158,324158,324169,11,0
324158,324158,324169,11,0
324158,324167,324169,2,9
324158,324167,324169,2,9
324158,324166,324169,3,8
324158,324168,324169,1,10
324158,324168,324169,1,10
324158,324158,324170,12,0
324158,324167,324170,3,9
324158,324167,324170,3,9
324158,324167,324170,3,9
324158,324167,324170,3,9
324158,324163,324170,7,5
324158,324168,324170,2,10
324158,324158,324171,13,0
324158,324167,324171,4,9
324158,324158,324172,14,0
324158,324158,324172,14,0
324158,324158,324174,16,0
324158,324158,324175,17,0
324158,324158,324176,18,0
324158,324158,324178,20,0
324181,324181,324183,2,0
324181,324181,324182,1,0
324181,324181,324183,2,0
324181,324181,324183,2,0
324181,324181,324185,4,0
324181,324183,324185,2,2
324181,324183,324187,4,2
324181,324181,324187,6,0
324181,324183,324186,3,2
324181,324183,324187,4,2
324181,324181,324188,7,0
324181,324181,324188,7,0
324181,324181,324188,7,0
324181,324181,324188,7,0
324181,324181,324188,7,0
324181,324181,324188,7,0
324181,324186,324188,2,5
324181,324181,324188,7,0
324181,324181,324188,7,0
324181,324181,324189,8,0
324181,324181,324189,8,0
324181,324181,324188,7,0
324181,324181,324188,7,0
324181,324181,324189,8,0
324181,324186,324188,2,5
324181,324187,324189,2,6
324181,324181,324189,8,0
324181,324187,324189,2,6
324181,324181,324189,8,0
324181,324181,324189,8,0
324181,324181,324188,7,0
324181,324187,324189,2,6
324181,324181,324190,9,0
324181,324181,324189,8,0
324181,324181,324190,9,0
324181,324181,324190,9,0
324181,324188,324190,2,7
324181,324181,324190,9,0
324181,324188,324190,2,7
324181,324188,324190,2,7
324181,324181,324190,9,0
324181,324187,324190,3,6
324181,324188,324189,1,7
324181,324181,324189,8,0
324181,324188,324190,2,7
324181,324181,324191,10,0
324181,324181,324190,9,0
324181,324188,324191,3,7
324181,324189,324191,2,8
324181,324189,324191,2,8
324181,324189,324190,1,8
324181,324189,324191,2,8
324181,324189,324191,2,8
324181,324189,324191,2,8
324181,324189,324191,2,8
324181,324189,324191,2,8
324181,324189,324191,2,8
324181,324188,324192,4,7
324181,324181,324192,11,0
324181,324181,324191,10,0
324181,324181,324192,11,0
324181,324189,324192,3,8
324181,324189,324191,2,8
324181,324181,324192,11,0
324181,324189,324193,4,8
324181,324181,324192,11,0
324181,324181,324193,12,0
324181,324181,324193,12,0
324181,324190,324193,3,9
324181,324181,324193,12,0
324181,324189,324192,3,8
324181,324190,324193,3,9
324181,324190,324193,3,9
324181,324181,324193,12,0
324181,324189,324193,4,8
324181,324188,324194,6,7
324181,324181,324197,16,0
324181,324181,324198,17,0
324181,324181,324199,18,0
324202,324202,324204,2,0
324202,324202,324204,2,0
324202,324202,324204,2,0
324202,324202,324204,2,0
324202,324204,324206,2,2
324202,324204,324207,3,2
324202,324202,324207,5,0
324202,324202,324208,6,0
324202,324204,324207,3,2
324202,324204,324208,4,2
324202,324202,324208,6,0
324202,324202,324209,7,0
324202,324202,324209,7,0
324202,324208,324209,1,6
324202,324207,324209,2,5
324202,324202,324209,7,0
324202,324202,324210,8,0
324202,324202,324210,8,0
324202,324202,324210,8,0
324202,324208,324209,1,6
324202,324208,324210,2,6
324202,324207,324209,2,5
324202,324202,324210,8,0
324202,324202,324210,8,0
324202,324202,324210,8,0
324202,324202,324210,8,0
324202,324202,324211,9,0
324202,324208,324211,3,6
324202,324202,324210,8,0
324202,324209,324211,2,7
324202,324202,324211,9,0
324202,324209,324210,1,7
324202,324202,324211,9,0
324202,324209,324211,2,7
324202,324202,324211,9,0
324202,324209,324210,1,7
324202,324202,324212,10,0
324202,324209,324212,3,7
324202,324202,324212,10,0
324202,324210,324212,2,8
324202,324202,324213,11,0
324202,324202,324213,11,0
324202,324202,324212,10,0
324202,324202,324213,11,0
324202,324202,324212,10,0
324202,324210,324213,3,8
324202,324210,324213,3,8
324202,324211,324212,1,9
324202,324202,324213,11,0
324202,324210,324213,3,8
324202,324210,324212,2,8
324202,324202,324213,11,0
324202,324210,324213,3,8
324202,324211,324213,2,9
324202,324211,324213,2,9
324202,324211,324212,1,9
324202,324211,324213,2,9
324202,324210,324213,3,8
324202,324210,324213,3,8
324202,324211,324213,2,9
324202,324202,324213,11,0
324202,324211,324214,3,9
324202,324202,324214,12,0
324202,324202,324214,12,0
324202,324202,324213,11,0
324202,324211,324214,3,9
324202,324210,324215,5,8
324202,324202,324214,12,0
324202,324202,324215,13,0
324202,324211,324215,4,9
324202,324202,324215,13,0
324202,324211,324215,4,9
324202,324202,324215,13,0
324202,324202,324215,13,0
324202,324202,324215,13,0
324202,324202,324215,13,0
324202,324202,324216,14,0
324202,324210,324216,6,8
324202,324202,324216,14,0
324220,324220,324222,2,0
324220,324220,324222,2,0
324220,324220,324222,2,0
324220,324220,324222,2,0
324220,324222,324224,2,2
324220,324222,324224,2,2
324220,324222,324225,3,2
324220,324220,324225,5,0
324220,324222,324226,4,2
324220,324224,324226,2,4
324220,324220,324227,7,0
324220,324220,324226,6,0
324220,324225,324227,2,5
324220,324220,324227,7,0
324220,324220,324228,8,0
324220,324220,324228,8,0
324220,324220,324228,8,0
324220,324226,324227,1,6
324220,324220,324227,7,0
324220,324225,324227,2,5
324220,324226,324227,1,6
324220,324220,324228,8,0
324220,324226,324227,1,6
324220,324220,324228,8,0
324220,324220,324228,8,0
324220,324220,324229,9,0
324220,324220,324229,9,0
324220,324220,324229,9,0
324220,324220,324229,9,0
324220,324227,324229,2,7
324220,324220,324229,9,0
324220,324220,324229,9,0
324220,324220,324230,10,0
324220,324220,324229,9,0
324220,324220,324229,9,0
324220,324220,324230,10,0
324220,324227,324229,2,7
324220,324227,324229,2,7
324220,324220,324230,10,0
324220,324220,324229,9,0
324220,324220,324230,10,0
324220,324220,324230,10,0
324220,324227,324229,2,7
324220,324220,324230,10,0
324220,324220,324231,11,0
324220,324220,324231,11,0
324220,324228,324231,3,8
324220,324228,324231,3,8
324220,324220,324231,11,0
324220,324228,324231,3,8
324220,324228,324231,3,8
324220,324229,324231,2,9
324220,324228,324231,3,8
324220,324229,324231,2,9
324220,324229,324231,2,9
324220,324228,324231,3,8
324220,324229,324231,2,9
324220,324220,324232,12,0
324220,324220,324231,11,0
324220,324229,324232,3,9
324220,324229,324231,2,9
324220,324228,324232,4,8
324220,324220,324232,12,0
324220,324229,324232,3,9
324220,324230,324233,3,10
324220,324230,324233,3,10
324220,324230,324233,3,10
324220,324220,324232,12,0
324220,324228,324233,5,8
324220,324220,324233,13,0
324220,324220,324235,15,0
324220,324220,324236,16,0
324220,324229,324236,7,9
324220,324220,324236,16,0
324220,324229,324236,7,9
324220,324220,324237,17,0
324220,324228,324238,10,8
324220,324220,324239,19,0
324220,324220,324241,21,0
324245,324245,324246,1,0
324245,324245,324246,1,0
324245,324245,324246,1,0
324245,324245,324246,1,0
324245,324245,324249,4,0
324245,324247,324248,1,2
324245,324247,324248,1,2
324245,324247,324248,1,2
324245,324247,324249,2,2
324245,324249,324250,1,4
324245,324249,324251,2,4
324245,324245,324251,6,0
324245,324245,324252,7,0
324245,324245,324252,7,0
324245,324249,324252,3,4
324245,324249,324251,2,4
324245,324249,324252,3,4
324245,324245,324252,7,0
324245,324245,324252,7,0
324245,324251,324253,2,6
324245,324245,324253,8,0
324245,324245,324253,8,0
324245,324245,324253,8,0
324245,324251,324252,1,6
324245,324245,324253,8,0
324245,324245,324253,8,0
324245,324245,324253,8,0
324245,324245,324254,9,0
324245,324245,324254,9,0
324245,324251,324253,2,6
324245,324252,324253,1,7
324245,324245,324254,9,0
324245,324252,324254,2,7
324245,324252,324253,1,7
324245,324252,324253,1,7
324245,324245,324254,9,0
324245,324245,324254,9,0
324245,324245,324255,10,0
324245,324252,324255,3,7
324245,324245,324255,10,0
324245,324245,324255,10,0
324245,324253,324254,1,8
324245,324245,324254,9,0
324245,324245,324255,10,0
324245,324253,324254,1,8
324245,324253,324255,2,8
324245,324245,324255,10,0
324245,324253,324254,1,8
324245,324253,324255,2,8
324245,324245,324255,10,0
324245,324253,324255,2,8
324245,324245,324256,11,0
324245,324253,324255,2,8
324245,324245,324256,11,0
324245,324254,324255,1,9
324245,324254,324256,2,9
324245,324245,324255,10,0
324245,324254,324255,1,9
324245,324254,324255,1,9
324245,324254,324255,1,9
324245,324254,324255,1,9
324245,324254,324255,1,9
324245,324245,324256,11,0
324245,324254,324257,3,9
324245,324254,324256,2,9
324245,324254,324256,2,9
324245,324245,324256,11,0
324245,324254,324257,3,9
324245,324245,324258,13,0
324245,324245,324259,14,0
324245,324245,324258,13,0
324245,324245,324259,14,0
324245,324245,324259,14,0
324245,324245,324258,13,0
324245,324245,324260,15,0
324245,324245,324260,15,0
324245,324245,324260,15,0
324245,324245,324262,17,0
324245,324245,324262,17,0
324266,324266,324268,2,0
324266,324266,324267,1,0
324266,324266,324267,1,0
324266,324266,324268,2,0
324266,324268,324270,2,2
324266,324268,324270,2,2
324266,324266,324270,4,0
324266,324268,324270,2,2
324266,324268,324270,2,2
324266,324271,324272,1,5
324266,324271,324272,1,5
324266,324271,324273,2,5
324266,324266,324273,7,0
324266,324270,324272,2,4
324266,324270,324272,2,4
324266,324266,324273,7,0
324266,324266,324273,7,0
324266,324266,324274,8,0
324266,324266,324273,7,0
324266,324266,324274,8,0
324266,324266,324274,8,0
324266,324266,324274,8,0
324266,324266,324275,9,0
324266,324266,324274,8,0
324266,324266,324275,9,0
324266,324273,324274,1,7
324266,324266,324275,9,0
324266,324266,324275,9,0
324266,324273,324274,1,7
324266,324266,324274,8,0
324266,324266,324275,9,0
324266,324273,324274,1,7
324266,324266,324274,8,0
324266,324273,324274,1,7
324266,324273,324274,1,7
324266,324266,324276,10,0
324266,324266,324275,9,0
324266,324266,324275,9,0
324266,324273,324276,3,7
324266,324274,324275,1,8
324266,324274,324275,1,8
324266,324274,324276,2,8
324266,324274,324276,2,8
324266,324266,324277,11,0
324266,324274,324276,2,8
324266,324274,324276,2,8
324266,324266,324276,10,0
324266,324266,324276,10,0
324266,324275,324276,1,9
324266,324275,324276,1,9
324266,324275,324277,2,9
324266,324275,324277,2,9
324266,324275,324276,1,9
324266,324275,324277,2,9
324266,324275,324277,2,9
324266,324275,324276,1,9
324266,324275,324277,2,9
324266,324275,324277,2,9
324266,324266,324278,12,0
324266,324266,324278,12,0
324266,324275,324278,3,9
324266,324275,324277,2,9
324266,324266,324277,11,0
324266,324275,324277,2,9
324266,324275,324278,3,9
324266,324266,324278,12,0
324266,324266,324280,14,0
324266,324266,324281,15,0
324266,324266,324281,15,0
324266,324266,324282,16,0
324266,324266,324281,15,0
324266,324266,324281,15,0
324266,324266,324282,16,0
324266,324266,324283,17,0
324266,324266,324285,19,0
324266,324266,324285,19,0
324266,324266,324286,20,0
324266,324266,324286,20,0
324266,324266,324287,21,0
324291,324291,324293,2,0
324291,324291,324293,2,0
324291,324291,324292,1,0
324291,324291,324293,2,0
324291,324293,324295,2,2
324291,324293,324295,2,2
324291,324293,324295,2,2
324291,324291,324296,5,0
324291,324293,324295,2,2
324291,324291,324296,5,0
324291,324291,324298,7,0
324291,324291,324297,6,0
324291,324291,324297,6,0
324291,324295,324297,2,4
324291,324295,324297,2,4
324291,324291,324298,7,0
324291,324291,324299,8,0
324291,324291,324298,7,0
324291,324291,324299,8,0
324291,324296,324298,2,5
324291,324297,324298,1,6
324291,324291,324298,7,0
324291,324291,324298,7,0
324291,324296,324299,3,5
324291,324296,324298,2,5
324291,324291,324299,8,0
324291,324291,324299,8,0
324291,324291,324299,8,0
324291,324291,324300,9,0
324291,324291,324300,9,0
324291,324298,324299,1,7
324291,324291,324299,8,0
324291,324291,324299,8,0
324291,324298,324299,1,7
324291,324298,324299,1,7
324291,324291,324299,8,0
324291,324291,324300,9,0
324291,324298,324299,1,7
324291,324291,324300,9,0
324291,324291,324301,10,0
324291,324298,324301,3,7
324291,324291,324300,9,0
324291,324299,324300,1,8
324291,324299,324300,1,8
324291,324299,324300,1,8
324291,324291,324300,9,0
324291,324299,324300,1,8
324291,324291,324301,10,0
324291,324299,324300,1,8
324291,324299,324300,1,8
324291,324299,324300,1,8
324291,324299,324301,2,8
324291,324291,324301,10,0
324291,324299,324301,2,8
324291,324299,324301,2,8
324291,324300,324301,1,9
324291,324300,324301,1,9
324291,324300,324301,1,9
324291,324300,324301,1,9
324291,324300,324301,1,9
324291,324300,324302,2,9
324291,324291,324302,11,0
324291,324300,324302,2,9
324291,324291,324303,12,0
324291,324300,324302,2,9
324291,324300,324302,2,9
324291,324300,324302,2,9
324291,324291,324303,12,0
324291,324291,324303,12,0
324291,324291,324303,12,0
324291,324291,324304,13,0
324291,324291,324304,13,0
324291,324291,324304,13,0
324291,324291,324305,14,0
324291,324291,324305,14,0
324291,324291,324305,14,0
324291,324291,324306,15,0
324291,324291,324309,18,0
324291,324291,324313,22,0
324315,324316,324317,1,1
324315,324316,324318,2,1
324315,324316,324318,2,1
324315,324316,324317,1,1
324315,324316,324317,1,1
324315,324318,324319,1,3
324315,324318,324319,1,3
324315,324318,324319,1,3
324315,324318,324320,2,3
324315,324318,324320,2,3
324315,324316,324320,4,1
324315,324316,324320,4,1
324315,324316,324320,4,1
324315,324316,324322,6,1
324315,324320,324321,1,5
324315,324320,324321,1,5
324315,324320,324322,2,5
324315,324320,324322,2,5
324315,324316,324323,7,1
324315,324316,324322,6,1
324315,324316,324323,7,1
324315,324316,324322,6,1
324315,324321,324322,1,6
324315,324322,324323,1,7
324315,324316,324323,7,1
324315,324316,324323,7,1
324315,324316,324322,6,1
324315,324321,324322,1,6
324315,324316,324324,8,1
324315,324316,324323,7,1
324315,324316,324323,7,1
324315,324322,324323,1,7
324315,324322,324323,1,7
324315,324322,324323,1,7
324315,324316,324324,8,1
324315,324322,324323,1,7
324315,324321,324324,3,6
324315,324321,324324,3,6
324315,324316,324325,9,1
324315,324323,324324,1,8
324315,324323,324324,1,8
324315,324323,324324,1,8
324315,324323,324324,1,8
324315,324316,324325,9,1
324315,324323,324324,1,8
324315,324316,324325,9,1
324315,324316,324325,9,1
324315,324323,324324,1,8
324315,324323,324324,1,8
324315,324323,324325,2,8
324315,324323,324325,2,8
324315,324323,324325,2,8
324315,324324,324326,2,9
324315,324316,324325,9,1
324315,324324,324325,1,9
324315,324324,324325,1,9
324315,324316,324325,9,1
324315,324324,324325,1,9
324315,324324,324326,2,9
324315,324324,324325,1,9
324315,324316,324326,10,1
324315,324316,324326,10,1
324315,324316,324327,11,1
324315,324324,324326,2,9
324315,324316,324328,12,1
324315,324316,324328,12,1
324315,324316,324328,12,1
324315,324316,324329,13,1
324315,324316,324329,13,1
324315,324316,324330,14,1
324315,324316,324330,14,1
324315,324316,324330,14,1
324315,324316,324331,15,1
324315,324316,324330,14,1
324315,324316,324330,14,1
324315,324316,324331,15,1
324315,324316,324333,17,1
324315,324316,324334,18,1
324315,324316,324337,21,1
324340,324340,324342,2,0
324340,324340,324342,2,0
324340,324340,324342,2,0
324340,324340,324342,2,0
324340,324340,324344,4,0
324340,324342,324344,2,2
324340,324342,324344,2,2
324340,324342,324345,3,2
324340,324340,324346,6,0
324340,324342,324346,4,2
324340,324344,324346,2,4
324340,324344,324346,2,4
324340,324344,324346,2,4
324340,324340,324347,7,0
324340,324340,324347,7,0
324340,324345,324347,2,5
324340,324340,324347,7,0
324340,324340,324348,8,0
324340,324346,324348,2,6
324340,324340,324348,8,0
324340,324347,324349,2,7
324340,324347,324348,1,7
324340,324340,324348,8,0
324340,324340,324348,8,0
324340,324347,324348,1,7
324340,324347,324348,1,7
324340,324346,324349,3,6
324340,324340,324349,9,0
324340,324340,324349,9,0
324340,324340,324350,10,0
324340,324340,324349,9,0
324340,324340,324349,9,0
324340,324340,324349,9,0
324340,324348,324349,1,8
324340,324340,324350,10,0
324340,324347,324350,3,7
324340,324340,324350,10,0
324340,324347,324350,3,7
324340,324340,324350,10,0
324340,324340,324350,10,0
324340,324340,324350,10,0
324340,324349,324350,1,9
324340,324349,324350,1,9
324340,324349,324350,1,9
324340,324340,324350,10,0
324340,324349,324350,1,9
324340,324349,324350,1,9
324340,324340,324350,10,0
324340,324349,324350,1,9
324340,324340,324350,10,0
324340,324340,324351,11,0
324340,324340,324350,10,0
324340,324348,324351,3,8
324340,324340,324351,11,0
324340,324340,324351,11,0
324340,324340,324351,11,0
324340,324350,324351,1,10
324340,324350,324351,1,10
324340,324340,324351,11,0
324340,324350,324351,1,10
324340,324350,324351,1,10
324340,324350,324351,1,10
324340,324350,324351,1,10
324340,324350,324351,1,10
324340,324349,324351,2,9
324340,324349,324351,2,9
324340,324340,324351,11,0
324340,324340,324352,12,0
324340,324340,324352,12,0
324340,324349,324352,3,9
324340,324340,324353,13,0
324340,324350,324353,3,10
324340,324340,324353,13,0
324340,324340,324353,13,0
324340,324340,324354,14,0
324340,324340,324355,15,0
324340,324340,324355,15,0
324340,324340,324356,16,0
324340,324340,324357,17,0
324360,324360,324362,2,0
324360,324360,324362,2,0
324360,324360,324362,2,0
324360,324360,324362,2,0
324360,324362,324365,3,2
324360,324362,324365,3,2
324360,324362,324365,3,2
324360,324360,324366,6,0
324360,324362,324366,4,2
324360,324365,324367,2,5
324360,324360,324368,8,0
324360,324360,324368,8,0
324360,324366,324368,2,6
324360,324360,324368,8,0
324360,324365,324368,3,5
324360,324360,324368,8,0
324360,324366,324368,2,6
324360,324360,324368,8,0
324360,324365,324368,3,5
324360,324360,324368,8,0
324360,324360,324368,8,0
324360,324360,324369,9,0
324360,324360,324369,9,0
324360,324360,324369,9,0
324360,324367,324369,2,7
324360,324360,324369,9,0
324360,324360,324369,9,0
324360,324360,324370,10,0
324360,324360,324370,10,0
324360,324360,324370,10,0
324360,324368,324370,2,8
324360,324360,324369,9,0
324360,324360,324370,10,0
324360,324368,324370,2,8
324360,324368,324370,2,8
324360,324360,324370,10,0
324360,324360,324370,10,0
324360,324368,324370,2,8
324360,324368,324370,2,8
324360,324368,324370,2,8
324360,324368,324370,2,8
324360,324360,324370,10,0
324360,324360,324371,11,0
324360,324360,324371,11,0
324360,324369,324371,2,9
324360,324369,324371,2,9
324360,324360,324371,11,0
324360,324369,324371,2,9
324360,324360,324371,11,0
324360,324370,324371,1,10
324360,324360,324372,12,0
324360,324360,324371,11,0
324360,324360,324372,12,0
324360,324360,324372,12,0
324360,324360,324371,11,0
324360,324360,324371,11,0
324360,324368,324372,4,8
324360,324369,324372,3,9
324360,324369,324372,3,9
324360,324368,324372,4,8
324360,324369,324372,3,9
324360,324370,324372,2,10
324360,324370,324372,2,10
324360,324370,324372,2,10
324360,324370,324372,2,10
324360,324371,324372,1,11
324360,324371,324372,1,11
324360,324369,324373,4,9
324360,324370,324373,3,10
324360,324370,324373,3,10
324360,324360,324373,13,0
324360,324360,324374,14,0
324360,324360,324374,14,0
324360,324360,324374,14,0
324360,324360,324375,15,0
324360,324360,324375,15,0
324360,324360,324375,15,0
324360,324360,324376,16,0
324360,324360,324377,17,0
324380,324380,324382,2,0
324380,324380,324382,2,0
324380,324380,324382,2,0
324380,324380,324382,2,0
324380,324382,324385,3,2
324380,324382,324385,3,2
324380,324380,324386,6,0
324380,324383,324386,3,3
324380,324382,324386,4,2
324380,324385,324387,2,5
324380,324380,324388,8,0
324380,324386,324388,2,6
324380,324380,324387,7,0
324380,324380,324388,8,0
324380,324386,324388,2,6
324380,324380,324387,7,0
324380,324385,324387,2,5
324380,324380,324388,8,0
324380,324386,324387,1,6
324380,324380,324389,9,0
324380,324380,324388,8,0
324380,324380,324389,9,0
324380,324380,324389,9,0
324380,324380,324389,9,0
324380,324380,324389,9,0
324380,324387,324389,2,7
324380,324380,324389,9,0
324380,324380,324390,10,0
324380,324380,324390,10,0
324380,324380,324389,9,0
324380,324388,324390,2,8
324380,324388,324390,2,8
324380,324388,324390,2,8
324380,324380,324390,10,0
324380,324380,324390,10,0
324380,324388,324390,2,8
324380,324380,324390,10,0
324380,324380,324391,11,0
324380,324380,324391,11,0
324380,324380,324391,11,0
324380,324380,324391,11,0
324380,324380,324390,10,0
324380,324380,324390,10,0
324380,324388,324390,2,8
324380,324389,324391,2,9
324380,324389,324391,2,9
324380,324388,324391,3,8
324380,324388,324391,3,8
324380,324389,324391,2,9
324380,324389,324391,2,9
324380,324389,324391,2,9
324380,324388,324390,2,8
324380,324389,324391,2,9
324380,324380,324391,11,0
324380,324380,324391,11,0
324380,324390,324392,2,10
324380,324390,324392,2,10
324380,324390,324392,2,10
324380,324390,324392,2,10
324380,324390,324392,2,10
324380,324390,324392,2,10
324380,324380,324392,12,0
324380,324380,324393,13,0
324380,324388,324392,4,8
324380,324390,324393,3,10
324380,324380,324392,12,0
324380,324380,324393,13,0
324380,324380,324393,13,0
324380,324380,324394,14,0
324380,324389,324393,4,9
324380,324389,324394,5,9
324380,324390,324394,4,10
324380,324380,324394,14,0
324380,324380,324396,16,0
324380,324380,324399,19,0
324380,324380,324400,20,0
324380,324380,324401,21,0
324380,324380,324404,24,0
324380,324380,324406,26,0
324409,324409,324411,2,0
324409,324409,324411,2,0
324409,324409,324411,2,0
324409,324409,324411,2,0
324409,324411,324413,2,2
324409,324409,324413,4,0
324409,324411,324413,2,2
324409,324411,324414,3,2
324409,324411,324414,3,2
324409,324409,324414,5,0
324409,324409,324416,7,0
324409,324409,324415,6,0
324409,324409,324416,7,0
324409,324414,324416,2,5
324409,324409,324416,7,0
324409,324413,324416,3,4
324409,324409,324416,7,0
324409,324414,324416,2,5
324409,324409,324417,8,0
324409,324409,324417,8,0
324409,324414,324416,2,5
324409,324409,324416,7,0
324409,324409,324417,8,0
324409,324414,324416,2,5
324409,324409,324417,8,0
324409,324409,324417,8,0
324409,324409,324418,9,0
324409,324409,324418,9,0
324409,324409,324417,8,0
324409,324409,324418,9,0
324409,324409,324417,8,0
324409,324409,324418,9,0
324409,324409,324418,9,0
324409,324416,324418,2,7
324409,324416,324418,2,7
324409,324416,324418,2,7
324409,324416,324418,2,7
324409,324409,324418,9,0
324409,324416,324418,2,7
324409,324416,324419,3,7
324409,324409,324419,10,0
324409,324416,324419,3,7
324409,324415,324419,4,6
324409,324409,324419,10,0
324409,324417,324419,2,8
324409,324417,324419,2,8
324409,324409,324419,10,0
324409,324417,324419,2,8
324409,324409,324419,10,0
324409,324417,324419,2,8
324409,324416,324419,3,7
324409,324417,324419,2,8
324409,324409,324419,10,0
324409,324409,324420,11,0
324409,324409,324419,10,0
324409,324409,324419,10,0
324409,324418,324420,2,9
324409,324409,324420,11,0
324409,324418,324420,2,9
324409,324418,324420,2,9
324409,324418,324420,2,9
324409,324418,324420,2,9
324409,324418,324420,2,9
324409,324409,324421,12,0
324409,324409,324420,11,0
324409,324418,324421,3,9
324409,324417,324421,4,8
324409,324418,324421,3,9
324409,324417,324421,4,8
324409,324418,324421,3,9
324409,324409,324422,13,0
324409,324417,324422,5,8
324409,324409,324425,16,0
324409,324409,324425,16,0
324409,324409,324425,16,0
324409,324409,324428,19,0
324409,324409,324430,21,0
324409,324409,324433,24,0
324409,324409,324438,29,0
324441,324441,324443,2,0
324441,324441,324442,1,0
324441,324441,324443,2,0
324441,324441,324443,2,0
324441,324443,324444,1,2
324441,324443,324444,1,2
324441,324443,324444,1,2
324441,324441,324446,5,0
324441,324441,324446,5,0
324441,324441,324446,5,0
324441,324443,324447,4,2
324441,324445,324446,1,4
324441,324445,324446,1,4
324441,324441,324447,6,0
324441,324445,324446,1,4
324441,324441,324447,6,0
324441,324441,324447,6,0
324441,324441,324448,7,0
324441,324446,324447,1,5
324441,324446,324447,1,5
324441,324441,324448,7,0
324441,324441,324447,6,0
324441,324441,324448,7,0
324441,324441,324448,7,0
324441,324441,324448,7,0
324441,324447,324448,1,6
324441,324447,324449,2,6
324441,324447,324449,2,6
324441,324441,324448,7,0
324441,324447,324448,1,6
324441,324447,324449,2,6
324441,324447,324449,2,6
324441,324441,324449,8,0
324441,324441,324449,8,0
324441,324441,324449,8,0
324441,324441,324450,9,0
324441,324441,324449,8,0
324441,324448,324450,2,7
324441,324448,324449,1,7
324441,324441,324449,8,0
324441,324448,324450,2,7
324441,324441,324450,9,0
324441,324448,324450,2,7
324441,324448,324450,2,7
324441,324441,324450,9,0
324441,324448,324450,2,7
324441,324441,324451,10,0
324441,324449,324450,1,8
324441,324449,324451,2,8
324441,324441,324450,9,0
324441,324449,324451,2,8
324441,324449,324451,2,8
324441,324449,324451,2,8
324441,324449,324450,1,8
324441,324441,324451,10,0
324441,324449,324450,1,8
324441,324449,324451,2,8
324441,324441,324452,11,0
324441,324441,324451,10,0
324441,324441,324451,10,0
324441,324449,324451,2,8
324441,324441,324452,11,0
324441,324441,324452,11,0
324441,324450,324453,3,9
324441,324448,324452,4,7
324441,324441,324453,12,0
324441,324441,324453,12,0
324441,324450,324453,3,9
324441,324448,324453,5,7
324441,324450,324453,3,9
324441,324441,324453,12,0
324441,324441,324453,12,0
324441,324441,324454,13,0
324441,324441,324455,14,0
324441,324441,324454,13,0
324441,324441,324454,13,0
324441,324441,324454,13,0
324441,324441,324455,14,0
324441,324441,324454,13,0
324458,324458,324460,2,0
324458,324458,324460,2,0
324458,324458,324460,2,0
324458,324458,324460,2,0
324458,324458,324462,4,0
324458,324460,324462,2,2
324458,324460,324462,2,2
324458,324458,324463,5,0
324458,324458,324462,4,0
324458,324458,324462,4,0
324458,324458,324462,4,0
324458,324458,324464,6,0
324458,324460,324464,4,2
324458,324458,324464,6,0
324458,324461,324463,2,3
324458,324462,324464,2,4
324458,324462,324464,2,4
324458,324458,324465,7,0
324458,324458,324465,7,0
324458,324458,324465,7,0
324458,324463,324465,2,5
324458,324458,324465,7,0
324458,324458,324466,8,0
324458,324458,324465,7,0
324458,324458,324466,8,0
324458,324462,324466,4,4
324458,324458,324466,8,0
324458,324458,324466,8,0
324458,324458,324466,8,0
324458,324464,324466,2,6
324458,324458,324466,8,0
324458,324458,324465,7,0
324458,324464,324466,2,6
324458,324463,324466,3,5
324458,324458,324467,9,0
324458,324458,324466,8,0
324458,324464,324467,3,6
324458,324464,324466,2,6
324458,324465,324466,1,7
324458,324458,324467,9,0
324458,324458,324466,8,0
324458,324465,324467,2,7
324458,324458,324466,8,0
324458,324458,324466,8,0
324458,324464,324466,2,6
324458,324463,324467,4,5
324458,324458,324467,9,0
324458,324458,324468,10,0
324458,324458,324468,10,0
324458,324458,324468,10,0
324458,324465,324468,3,7
324458,324466,324468,2,8
324458,324466,324468,2,8
324458,324466,324468,2,8
324458,324463,324468,5,5
324458,324458,324468,10,0
324458,324466,324467,1,8
324458,324466,324468,2,8
324458,324466,324468,2,8
324458,324466,324468,2,8
324458,324466,324468,2,8
324458,324466,324468,2,8
324458,324458,324469,11,0
324458,324458,324468,10,0
324458,324465,324469,4,7
324458,324466,324469,3,8
324458,324458,324469,11,0
324458,324465,324469,4,7
324458,324466,324469,3,8
324458,324466,324469,3,8
324458,324467,324469,2,9
324458,324458,324469,11,0
324458,324458,324470,12,0
324458,324458,324471,13,0
324458,324458,324470,12,0
324458,324464,324470,6,6
324458,324458,324473,15,0
324458,324458,324475,17,0
324458,324458,324474,16,0
469965,469965,470569,604,0
470570,470570,470572,2,0
470570,470570,470572,2,0
470570,470570,470572,2,0
470570,470570,470572,2,0
470570,470570,470572,2,0
470570,470570,470572,2,0
470570,470570,470572,2,0
470570,470570,470572,2,0
470570,470570,470572,2,0
470570,470570,470572,2,0
470570,470570,470572,2,0
470570,470570,470572,2,0
470570,470570,470572,2,0
470570,470570,470572,2,0
470570,470570,470572,2,0
470570,470570,470572,2,0
470570,470570,470572,2,0
470570,470570,470573,3,0
470570,470573,470574,1,3
470570,470573,470574,1,3
470570,470573,470574,1,3
470570,470573,470574,1,3
470570,470573,470574,1,3
470570,470573,470574,1,3
470570,470573,470574,1,3
470570,470573,470574,1,3
470570,470573,470574,1,3
470570,470573,470574,1,3
470570,470573,470574,1,3
470570,470573,470574,1,3
470570,470573,470574,1,3
470570,470573,470574,1,3
470570,470573,470575,2,3
470570,470573,470575,2,3
470570,470573,470575,2,3
470570,470574,470576,2,4
470570,470575,470577,2,5
470570,470575,470576,1,5
470570,470575,470576,1,5
470570,470575,470577,2,5
470570,470575,470576,1,5
470570,470575,470576,1,5
470570,470575,470576,1,5
470570,470575,470576,1,5
470570,470575,470577,2,5
470570,470575,470576,1,5
470570,470575,470577,2,5
470570,470575,470577,2,5
470570,470575,470577,2,5
470570,470575,470577,2,5
470570,470575,470577,2,5
470570,470576,470578,2,6
470570,470577,470579,2,7
470570,470576,470578,2,6
470570,470577,470578,1,7
470570,470577,470579,2,7
470570,470577,470579,2,7
470570,470577,470579,2,7
470570,470577,470579,2,7
470570,470577,470579,2,7
470570,470577,470579,2,7
470570,470577,470579,2,7
470570,470578,470579,1,8
470570,470577,470579,2,7
470570,470577,470579,2,7
470570,470577,470579,2,7
470570,470577,470580,3,7
470570,470578,470580,2,8
470570,470578,470580,2,8
470570,470579,470580,1,9
470570,470579,470581,2,9
470570,470579,470581,2,9
470570,470579,470580,1,9
470570,470579,470581,2,9
470570,470579,470581,2,9
470570,470579,470581,2,9
470570,470579,470581,2,9
470570,470579,470581,2,9
470570,470579,470581,2,9
470570,470580,470582,2,10
470570,470580,470582,2,10
470570,470580,470582,2,10
470570,470580,470582,2,10
470570,470580,470582,2,10
470570,470580,470582,2,10
470570,470581,470583,2,11
469965,469965,470582,617,0
470570,470580,470582,2,10
470570,470581,470583,2,11
470570,470581,470583,2,11
470570,470581,470583,2,11
470570,470581,470583,2,11
470570,470581,470583,2,11
470570,470581,470583,2,11
470570,470581,470583,2,11
470570,470581,470583,2,11
470570,470581,470583,2,11
470570,470581,470583,2,11
470570,470582,470584,2,12
470570,470582,470584,2,12
470570,470582,470584,2,12
470570,470582,470584,2,12
470570,470582,470584,2,12
470570,470583,470585,2,13
470570,470583,470585,2,13
470570,470583,470585,2,13
470570,470583,470585,2,13
470570,470583,470585,2,13
470570,470583,470585,2,13
470570,470583,470585,2,13
470570,470584,470585,1,14
470570,470582,470585,3,12
470570,470583,470586,3,13
470570,470584,470586,2,14
470570,470584,470586,2,14
470570,470584,470586,2,14
470570,470585,470586,1,15
470570,470584,470586,2,14
470570,470585,470586,1,15
470570,470584,470587,3,14
470570,470584,470587,3,14
470570,470585,470587,2,15
470570,470586,470587,1,16
470570,470586,470587,1,16
470570,470586,470587,1,16
470570,470586,470587,1,16
470570,470586,470587,1,16
470570,470586,470587,1,16
470570,470585,470587,2,15
470570,470585,470588,3,15
470570,470586,470588,2,16
470570,470587,470588,1,17
470570,470587,470588,1,17
470570,470587,470588,1,17
470570,470586,470588,2,16
470570,470587,470588,1,17
470570,470587,470588,1,17
470570,470587,470589,2,17
470570,470588,470589,1,18
470570,470588,470589,1,18
470570,470588,470589,1,18
470570,470588,470589,1,18
470570,470588,470590,2,18
470570,470588,470589,1,18
470570,470587,470589,2,17
470570,470588,470590,2,18
470570,470587,470590,3,17
470570,470587,470590,3,17
470570,470589,470590,1,19
470570,470589,470590,1,19
470570,470589,470590,1,19
470570,470589,470590,1,19
470570,470589,470590,1,19
470570,470589,470590,1,19
470570,470589,470590,1,19
470570,470589,470591,2,19
470570,470589,470591,2,19
470570,470590,470591,1,20
470570,470590,470591,1,20
470570,470590,470591,1,20
470570,470590,470591,1,20
470584,470590,470591,1,6
470584,470590,470592,2,6
470584,470590,470591,1,6
470584,470590,470592,2,6
470584,470590,470592,2,6
470584,470591,470592,1,7
470584,470591,470593,2,7
470584,470591,470592,1,7
470584,470591,470592,1,7
470584,470591,470593,2,7
470584,470591,470592,1,7
470584,470591,470593,2,7
470584,470591,470593,2,7
470584,470590,470593,3,6
470584,470592,470593,1,8
470584,470592,470594,2,8
470584,470592,470594,2,8
470584,470592,470593,1,8
470584,470592,470594,2,8
470584,470592,470594,2,8
470584,470592,470594,2,8
470584,470592,470594,2,8
470584,470592,470594,2,8
470584,470593,470594,1,9
470584,470593,470595,2,9
470584,470593,470594,1,9
470584,470593,470595,2,9
470584,470593,470594,1,9
470584,470593,470595,2,9
470584,470593,470595,2,9
470584,470593,470595,2,9
470584,470593,470595,2,9
469964,469964,470595,631,0
470584,470594,470595,1,10
470584,470594,470596,2,10
470584,470594,470596,2,10
470584,470594,470596,2,10
470584,470594,470596,2,10
470584,470594,470596,2,10
470584,470594,470596,2,10
470584,470595,470596,1,11
470584,470595,470596,1,11
470584,470595,470597,2,11
470584,470595,470597,2,11
470584,470595,470597,2,11
470584,470595,470597,2,11
470584,470594,470597,3,10
470584,470594,470596,2,10
470584,470595,470597,2,11
470584,470595,470597,2,11
470584,470595,470597,2,11
470584,470596,470598,2,12
470584,470595,470597,2,11
470584,470596,470598,2,12
470584,470596,470598,2,12
470584,470596,470598,2,12
470584,470596,470598,2,12
470584,470597,470598,1,13
470584,470596,470598,2,12
470584,470597,470599,2,13
470584,470597,470599,2,13
470584,470597,470599,2,13
470584,470597,470599,2,13
470584,470597,470599,2,13
470584,470597,470600,3,13
470584,470598,470599,1,14
470584,470598,470599,1,14
470584,470598,470599,1,14
470584,470598,470599,1,14
470584,470596,470599,3,12
470584,470598,470599,1,14
470584,470598,470599,1,14
470584,470598,470600,2,14
470584,470599,470600,1,15
470584,470599,470600,1,15
470584,470599,470600,1,15
470584,470599,470600,1,15
470584,470599,470600,1,15
470584,470599,470601,2,15
470584,470599,470601,2,15
470584,470599,470601,2,15
470584,470599,470601,2,15
470584,470599,470601,2,15
470584,470599,470601,2,15
470584,470600,470602,2,16
470584,470600,470601,1,16
470584,470600,470601,1,16
470584,470600,470602,2,16
470584,470600,470601,1,16
470584,470600,470602,2,16
470584,470600,470601,1,16
470584,470600,470602,2,16
470584,470600,470602,2,16
470584,470601,470602,1,17
470584,470601,470602,1,17
470584,470601,470602,1,17
470584,470601,470602,1,17
470584,470601,470602,1,17
470584,470601,470603,2,17
470584,470601,470603,2,17
470584,470601,470603,2,17
470584,470602,470603,1,18
470584,470602,470603,1,18
470584,470602,470603,1,18
470584,470602,470604,2,18
470584,470602,470603,1,18
470584,470602,470604,2,18
470584,470602,470604,2,18
470584,470602,470604,2,18
470584,470603,470605,2,19
470584,470602,470604,2,18
470584,470603,470605,2,19
470584,470603,470604,1,19
470584,470603,470605,2,19
470584,470603,470605,2,19
470584,470602,470604,2,18
470584,470602,470604,2,18
470584,470603,470605,2,19
470584,470604,470605,1,20
470584,470604,470605,1,20
470584,470604,470605,1,20
470584,470604,470605,1,20
470584,470603,470605,2,19
470584,470604,470606,2,20
470584,470604,470606,2,20
470584,470604,470606,2,20
470584,470604,470605,1,20
470584,470603,470606,3,19
470584,470605,470606,1,21
470584,470605,470606,1,21
470584,470605,470607,2,21
470584,470605,470606,1,21
470584,470605,470607,2,21
470584,470605,470607,2,21
470584,470605,470607,2,21
470584,470605,470607,2,21
470584,470606,470607,1,22
470584,470606,470607,1,22
470584,470606,470607,1,22
470584,470606,470607,1,22
470584,470606,470607,1,22
470584,470605,470607,2,21
470584,470606,470608,2,22
470584,470606,470607,1,22
470584,470606,470608,2,22
470584,470606,470608,2,22
470584,470606,470608,2,22
470584,470607,470608,1,23
470584,470607,470609,2,23
470584,470607,470609,2,23
470584,470607,470609,2,23
470584,470607,470609,2,23
470584,470607,470609,2,23
470584,470607,470609,2,23
470584,470607,470609,2,23
470584,470607,470609,2,23
470584,470608,470609,1,24
470584,470608,470609,1,24
470584,470608,470610,2,24
470584,470608,470609,1,24
470584,470608,470609,1,24
470602,470608,470610,2,6
470602,470608,470609,1,6
470602,470608,470610,2,6
470602,470608,470610,2,6
470602,470608,470610,2,6
470602,470608,470610,2,6
470602,470609,470610,1,7
470602,470609,470610,1,7
470602,470609,470610,1,7
470602,470609,470611,2,7
470602,470609,470611,2,7
470602,470609,470611,2,7
470602,470609,470611,2,7
470602,470609,470611,2,7
470602,470609,470611,2,7
470602,470610,470611,1,8
470602,470610,470612,2,8
470602,470610,470612,2,8
470602,470610,470612,2,8
470602,470610,470611,1,8
470602,470610,470612,2,8
470602,470610,470612,2,8
470602,470611,470612,1,9
470602,470611,470612,1,9
470602,470611,470612,1,9
470602,470611,470612,1,9
470602,470611,470613,2,9
470602,470611,470612,1,9
470602,470611,470613,2,9
470602,470611,470613,2,9
470602,470611,470613,2,9
470602,470611,470613,2,9
470602,470612,470613,1,10
470602,470612,470613,1,10
470602,470612,470613,1,10
470602,470612,470613,1,10
470602,470612,470614,2,10
470602,470612,470614,2,10
470602,470612,470614,2,10
470602,470612,470614,2,10
470602,470613,470614,1,11
470602,470613,470614,1,11
470602,470613,470614,1,11
470602,470613,470614,1,11
470602,470613,470614,1,11
470602,470613,470614,1,11
470602,470613,470615,2,11
470602,470613,470615,2,11
470602,470613,470615,2,11
470602,470614,470615,1,12
470602,470614,470615,1,12
470602,470614,470615,1,12
470602,470614,470615,1,12
470602,470614,470616,2,12
470602,470614,470615,1,12
470602,470614,470616,2,12
470602,470614,470616,2,12
470602,470615,470616,1,13
470602,470615,470616,1,13
470602,470615,470616,1,13
470602,470615,470617,2,13
470602,470615,470616,1,13
470602,470615,470616,1,13
470602,470615,470617,2,13
470602,470615,470617,2,13
470602,470615,470617,2,13
470602,470615,470617,2,13
470602,470615,470617,2,13
470602,470616,470617,1,14
470602,470616,470617,1,14
470602,470616,470617,1,14
470602,470616,470617,1,14
470602,470616,470617,1,14
470602,470616,470617,1,14
470602,470616,470618,2,14
470602,470616,470618,2,14
470602,470616,470618,2,14
470602,470617,470618,1,15
470602,470617,470618,1,15
470602,470617,470618,1,15
470602,470617,470619,2,15
470602,470617,470619,2,15
470602,470617,470619,2,15
470602,470617,470619,2,15
470602,470617,470619,2,15
470602,470617,470619,2,15
470602,470618,470619,1,16
470602,470618,470619,1,16
470602,470618,470619,1,16
470602,470618,470619,1,16
470602,470618,470620,2,16
470602,470618,470620,2,16
470602,470618,470620,2,16
470602,470618,470620,2,16
470602,470618,470620,2,16
470602,470619,470620,1,17
470602,470619,470620,1,17
470602,470619,470621,2,17
470602,470619,470621,2,17
470602,470619,470621,2,17
470602,470619,470621,2,17
470602,470619,470621,2,17
470602,470619,470621,2,17
470602,470619,470621,2,17
470602,470620,470621,1,18
470602,470620,470621,1,18
470602,470620,470622,2,18
470602,470620,470622,2,18
470602,470620,470622,2,18
470602,470620,470622,2,18
470602,470619,470621,2,17
470602,470619,470621,2,17
470602,470620,470622,2,18
470602,470620,470622,2,18
470602,470620,470622,2,18
470602,470621,470622,1,19
470602,470621,470623,2,19
470602,470621,470623,2,19
470602,470621,470623,2,19
470602,470621,470622,1,19
470602,470621,470623,2,19
470602,470621,470623,2,19
470602,470621,470623,2,19
470602,470621,470623,2,19
470602,470622,470623,1,20
470602,470622,470624,2,20
470602,470622,470624,2,20
470602,470622,470624,2,20
470602,470622,470624,2,20
470602,470622,470624,2,20
470602,470622,470624,2,20
470602,470622,470624,2,20
470602,470622,470624,2,20
470602,470622,470624,2,20
470602,470623,470624,1,21
470602,470623,470624,1,21
470602,470623,470624,1,21
470602,470623,470625,2,21
470602,470623,470625,2,21
470602,470623,470624,1,21
470602,470623,470625,2,21
470602,470624,470625,1,22
470602,470624,470625,1,22
470602,470624,470625,1,22
470602,470624,470625,1,22
470602,470624,470625,1,22
470602,470624,470626,2,22
470602,470624,470626,2,22
470602,470624,470626,2,22
470602,470624,470626,2,22
470602,470625,470626,1,23
470602,470625,470626,1,23
470602,470625,470626,1,23
470602,470625,470626,1,23
470602,470625,470626,1,23
470602,470625,470626,1,23
470602,470625,470627,2,23
470602,470625,470627,2,23
470602,470625,470627,2,23
470602,470625,470627,2,23
477649,477649,478162,513,0
478164,478164,478166,2,0
478164,478164,478166,2,0
478164,478164,478166,2,0
478164,478164,478166,2,0
478164,478164,478166,2,0
478164,478164,478166,2,0
478164,478164,478166,2,0
478164,478164,478166,2,0
478164,478164,478166,2,0
478164,478164,478167,3,0
478164,478164,478166,2,0
478164,478164,478166,2,0
478164,478164,478166,2,0
478164,478164,478166,2,0
478164,478164,478166,2,0
478164,478164,478166,2,0
478164,478164,478166,2,0
478164,478164,478166,2,0
478164,478166,478168,2,2
478164,478166,478168,2,2
478164,478166,478168,2,2
478164,478166,478168,2,2
478164,478166,478168,2,2
478164,478166,478168,2,2
478164,478166,478169,3,2
478164,478167,478169,2,3
478164,478166,478168,2,2
478164,478167,478168,1,3
478164,478167,478169,2,3
478164,478167,478169,2,3
478164,478167,478169,2,3
478164,478167,478169,2,3
478164,478166,478169,3,2
478164,478167,478169,2,3
478164,478167,478169,2,3
478164,478167,478169,2,3
478164,478168,478170,2,4
478164,478168,478170,2,4
478164,478168,478170,2,4
478164,478168,478170,2,4
478164,478168,478170,2,4
478164,478168,478170,2,4
478164,478169,478171,2,5
478164,478169,478171,2,5
478164,478169,478171,2,5
478164,478169,478171,2,5
478164,478169,478172,3,5
478164,478169,478171,2,5
478164,478169,478171,2,5
478164,478169,478172,3,5
477649,477649,478191,542,0
478192,478192,478194,2,0
478192,478192,478194,2,0
478192,478192,478194,2,0
478192,478192,478194,2,0
478192,478192,478194,2,0
478192,478192,478194,2,0
478192,478192,478194,2,0
478192,478192,478194,2,0
478192,478192,478194,2,0
478192,478192,478194,2,0
478192,478192,478194,2,0
478192,478192,478194,2,0
478192,478192,478194,2,0
478192,478192,478194,2,0
478192,478192,478194,2,0
478192,478192,478194,2,0
478192,478192,478195,3,0
478192,478192,478195,3,0
478192,478192,478194,2,0
478192,478194,478196,2,2
478192,478194,478196,2,2
478192,478194,478196,2,2
478192,478194,478196,2,2
478192,478194,478196,2,2
478192,478194,478196,2,2
478192,478195,478196,1,3
478192,478195,478196,1,3
478192,478194,478196,2,2
478192,478194,478196,2,2
478192,478195,478196,1,3
478192,478195,478196,1,3
478192,478195,478196,1,3
478192,478195,478196,1,3
478192,478195,478196,1,3
478192,478195,478197,2,3
478192,478195,478198,3,3
478192,478195,478198,3,3
478192,478196,478198,2,4
478192,478197,478198,1,5
478192,478197,478198,1,5
478192,478197,478199,2,5
478192,478197,478198,1,5
478192,478197,478198,1,5
478192,478197,478198,1,5
478192,478197,478198,1,5
478192,478197,478199,2,5
478192,478197,478199,2,5
478192,478197,478199,2,5
478192,478197,478199,2,5
478192,478197,478199,2,5
477650,477653,478227,574,3
478227,478227,478229,2,0
478227,478227,478229,2,0
478227,478227,478229,2,0
478227,478227,478229,2,0
478227,478227,478229,2,0
478227,478227,478229,2,0
478227,478227,478229,2,0
478227,478227,478229,2,0
478227,478227,478229,2,0
478227,478227,478229,2,0
478227,478227,478229,2,0
478227,478227,478229,2,0
478227,478227,478229,2,0
478227,478227,478229,2,0
478227,478227,478229,2,0
478227,478227,478229,2,0
478227,478227,478229,2,0
478227,478227,478229,2,0
478227,478227,478229,2,0
478227,478227,478230,3,0
478227,478229,478231,2,2
478227,478229,478231,2,2
478227,478229,478231,2,2
478227,478229,478231,2,2
478227,478229,478231,2,2
478227,478229,478231,2,2
478227,478229,478231,2,2
478227,478229,478231,2,2
478227,478229,478231,2,2
478227,478229,478231,2,2
478227,478229,478231,2,2
478227,478229,478231,2,2
478227,478229,478231,2,2
478227,478229,478232,3,2
478227,478229,478232,3,2
478227,478229,478232,3,2
478227,478229,478231,2,2
478227,478230,478232,2,3
478227,478230,478232,2,3
478227,478230,478233,3,3
478227,478231,478233,2,4
478227,478232,478233,1,5
478227,478232,478233,1,5
478227,478232,478233,1,5
478227,478232,478233,1,5
478227,478232,478233,1,5
478227,478232,478234,2,5
478227,478232,478233,1,5
478227,478232,478233,1,5
478227,478231,478234,3,4
479776,479776,480313,537,0
480313,480314,480316,2,1
480313,480314,480315,1,1
480313,480314,480315,1,1
480313,480314,480315,1,1
480313,480314,480315,1,1
480313,480314,480315,1,1
480313,480314,480316,2,1
480313,480314,480315,1,1
480313,480314,480315,1,1
480313,480314,480315,1,1
480313,480314,480315,1,1
480313,480314,480316,2,1
480313,480314,480316,2,1
480313,480314,480316,2,1
480313,480314,480316,2,1
480313,480314,480316,2,1
480313,480314,480316,2,1
480313,480314,480316,2,1
480313,480316,480317,1,3
480313,480316,480318,2,3
480313,480316,480318,2,3
480313,480316,480317,1,3
480313,480316,480317,1,3
480313,480316,480318,2,3
480313,480316,480318,2,3
480313,480316,480318,2,3
480313,480316,480317,1,3
480313,480316,480318,2,3
480313,480316,480318,2,3
480313,480316,480318,2,3
480313,480317,480319,2,4
480313,480317,480318,1,4
480313,480317,480318,1,4
480313,480317,480319,2,4
480313,480317,480319,2,4
480313,480317,480319,2,4
480313,480318,480320,2,5
480313,480318,480320,2,5
480313,480318,480320,2,5
480313,480318,480319,1,5
480313,480318,480320,2,5
480313,480318,480320,2,5
480313,480318,480320,2,5
480313,480318,480320,2,5
480313,480319,480321,2,6
480313,480318,480320,2,5
480313,480319,480321,2,6
480313,480319,480321,2,6
480313,480319,480321,2,6
480313,480319,480321,2,6
479777,479777,480322,545,0
480328,480328,480330,2,0
480328,480328,480330,2,0
480328,480328,480330,2,0
480328,480328,480329,1,0
480328,480328,480329,1,0
480328,480328,480329,1,0
480328,480328,480329,1,0
480328,480328,480330,2,0
480328,480328,480330,2,0
480328,480328,480329,1,0
480328,480328,480329,1,0
480328,480328,480329,1,0
480328,480328,480329,1,0
480328,480328,480329,1,0
480328,480328,480330,2,0
480328,480328,480330,2,0
480328,480328,480330,2,0
480328,480328,480330,2,0
480328,480328,480330,2,0
480328,480330,480331,1,2
480328,480330,480332,2,2
480328,480330,480332,2,2
480328,480330,480331,1,2
480328,480330,480332,2,2
480328,480330,480332,2,2
480328,480330,480332,2,2
480328,480330,480331,1,2
480328,480330,480331,1,2
480328,480330,480331,1,2
480328,480330,480332,2,2
480328,480330,480332,2,2
480328,480330,480332,2,2
480328,480330,480332,2,2
480328,480331,480333,2,3
480328,480331,480333,2,3
480328,480331,480333,2,3
480328,480332,480334,2,4
480328,480332,480334,2,4
480328,480332,480334,2,4
480328,480331,480333,2,3
480328,480331,480333,2,3
480328,480332,480334,2,4
480328,480332,480334,2,4
480328,480332,480334,2,4
480328,480332,480334,2,4
480328,480332,480334,2,4
480328,480332,480334,2,4
480328,480332,480334,2,4
480328,480333,480335,2,5
480328,480333,480335,2,5
479775,479776,480411,635,1
480413,480413,480414,1,0
480413,480413,480414,1,0
480413,480413,480415,2,0
480413,480413,480415,2,0
480413,480413,480414,1,0
480413,480413,480415,2,0
480413,480413,480414,1,0
480413,480413,480414,1,0
480413,480413,480415,2,0
480413,480413,480415,2,0
480413,480413,480414,1,0
480413,480413,480415,2,0
480413,480413,480414,1,0
480413,480413,480414,1,0
480413,480413,480415,2,0
480413,480413,480415,2,0
480413,480413,480414,1,0
480413,480413,480414,1,0
480413,480413,480415,2,0
480413,480413,480415,2,0
480413,480415,480417,2,2
480413,480415,480417,2,2
480413,480415,480417,2,2
480413,480415,480417,2,2
480413,480415,480416,1,2
480413,480415,480416,1,2
480413,480415,480417,2,2
480413,480415,480417,2,2
480413,480415,480417,2,2
480413,480415,480416,1,2
480413,480415,480417,2,2
480413,480415,480416,1,2
480413,480415,480417,2,2
480413,480415,480417,2,2
480413,480415,480417,2,2
480413,480415,480417,2,2
480413,480416,480418,2,3
480413,480415,480417,2,2
480413,480415,480417,2,2
480413,480416,480418,2,3
480413,480417,480419,2,4
480413,480417,480419,2,4
480413,480417,480419,2,4
480413,480417,480419,2,4
480413,480417,480419,2,4
480413,480417,480419,2,4
480413,480417,480419,2,4
480413,480417,480419,2,4
480413,480417,480419,2,4
480413,480417,480419,2,4
483326,483326,485392,2066,0
485395,485395,485397,2,0
485395,485395,485396,1,0
485395,485395,485398,3,0
485395,485397,485399,2,2
485395,485397,485399,2,2
485395,485398,485402,4,3
485395,485399,485401,2,4
485395,485400,485402,2,5
485395,485402,485404,2,7
485395,485402,485404,2,7
485395,485402,485405,3,7
485395,485404,485406,2,9
485395,485405,485407,2,10
485395,485407,485408,1,12
485395,485405,485409,4,10
485395,485408,485410,2,13
485395,485409,485411,2,14
485395,485411,485413,2,16
485395,485411,485413,2,16
485395,485410,485413,3,15
485395,485413,485415,2,18
485395,485414,485416,2,19
485395,485414,485417,3,19
485395,485415,485417,2,20
485395,485416,485418,2,21
485395,485417,485419,2,22
485395,485417,485420,3,22
485395,485418,485420,2,23
485395,485419,485421,2,24
485395,485420,485422,2,25
485395,485420,485422,2,25
485395,485422,485424,2,27
485395,485421,485424,3,26
485395,485425,485426,1,30
485395,485424,485426,2,29
485395,485425,485427,2,30
483329,483330,485427,2097,1
485395,485427,485428,1,32
485395,485427,485429,2,32
485395,485428,485430,2,33
485395,485429,485430,1,34
485395,485428,485430,2,33
485395,485430,485432,2,35
485395,485431,485432,1,36
485395,485430,485432,2,35
485395,485432,485434,2,37
485395,485431,485433,2,36
485395,485433,485434,1,38
485395,485434,485436,2,39
485395,485433,485435,2,38
485395,485435,485436,1,40
485395,485434,485437,3,39
485395,485436,485438,2,41
485395,485436,485438,2,41
485395,485437,485439,2,42
485395,485438,485440,2,43
485395,485437,485440,3,42
485395,485439,485441,2,44
485395,485438,485441,3,43
485395,485440,485442,2,45
485395,485440,485442,2,45
485428,485441,485443,2,13
485428,485442,485443,1,14
485428,485442,485444,2,14
485428,485444,485445,1,16
485428,485444,485445,1,16
485428,485445,485446,1,17
485428,485446,485447,1,18
485428,485446,485447,1,18
485428,485447,485448,1,19
485428,485448,485450,2,20
485428,485448,485450,2,20
485428,485449,485451,2,21
485428,485450,485452,2,22
485428,485450,485452,2,22
485428,485451,485453,2,23
483328,483329,485453,2124,1
485428,485452,485454,2,24
485428,485453,485455,2,25
485428,485453,485455,2,25
485428,485454,485455,1,26
485428,485454,485456,2,26
485428,485455,485457,2,27
485428,485455,485457,2,27
485428,485456,485458,2,28
485428,485457,485458,1,29
485428,485457,485459,2,29
485428,485458,485460,2,30
485428,485457,485460,3,29
485428,485459,485460,1,31
485428,485460,485461,1,32
485428,485461,485462,1,33
485428,485461,485462,1,33
485428,485460,485462,2,32
485428,485462,485463,1,34
485428,485463,485464,1,35
485428,485463,485465,2,35
485428,485463,485465,2,35
485428,485464,485465,1,36
485428,485465,485466,1,37
485428,485465,485467,2,37
485428,485465,485467,2,37
485428,485466,485468,2,38
485428,485467,485468,1,39
485428,485467,485469,2,39
485428,485468,485470,2,40
485428,485469,485470,1,41
485428,485468,485470,2,40
485428,485469,485471,2,41
485428,485470,485472,2,42
485428,485471,485472,1,43
485428,485471,485473,2,43
485428,485471,485473,2,43
485428,485472,485474,2,44
485428,485473,485474,1,45
485428,485474,485475,1,46
485428,485475,485476,1,47
485428,485475,485476,1,47
485428,485474,485476,2,46
485428,485476,485477,1,48
485428,485477,485478,1,49
485428,485477,485478,1,49
485454,485478,485480,2,24
485454,485479,485480,1,25
485454,485479,485480,1,25
485454,485480,485482,2,26
485454,485481,485482,1,27
485454,485481,485482,1,27
485454,485482,485483,1,28
485454,485483,485484,1,29
485454,485483,485485,2,29
485454,485484,485486,2,30
485454,485485,485487,2,31
485454,485485,485487,2,31
485454,485486,485488,2,32
485454,485487,485489,2,33
485454,485489,485490,1,35
485454,485489,485490,1,35
485454,485489,485491,2,35
485454,485491,485492,1,37
485454,485491,485493,2,37
485454,485491,485493,2,37
483335,483335,485494,2159,0
485454,485493,485495,2,39
485454,485493,485495,2,39
485454,485493,485495,2,39
485454,485494,485496,2,40
485454,485495,485497,2,41
485454,485495,485497,2,41
485454,485496,485498,2,42
485454,485496,485498,2,42
485454,485498,485499,1,44
485454,485497,485500,3,43
485454,485499,485500,1,45
485454,485499,485501,2,45
485454,485500,485501,1,46
483324,483324,485502,2178,0
485454,485501,485502,1,47
485454,485502,485503,1,48
485454,485501,485503,2,47
485454,485501,485503,2,47
485454,485503,485504,1,49
485454,485503,485505,2,49
485454,485504,485505,1,50
485454,485504,485506,2,50
485454,485504,485506,2,50
485454,485505,485507,2,51
485454,485506,485507,1,52
485454,485506,485508,2,52
485454,485506,485508,2,52
485454,485507,485509,2,53
485454,485507,485510,3,53
485454,485508,485510,2,54
485454,485508,485510,2,54
485454,485509,485510,1,55
485454,485509,485511,2,55
485454,485511,485512,1,57
485454,485511,485513,2,57
485454,485511,485513,2,57
483325,483326,485513,2187,1
485454,485511,485513,2,57
485454,485512,485513,1,58
485454,485513,485515,2,59
485454,485513,485514,1,59
485494,485514,485516,2,20
485494,485514,485515,1,20
485454,485513,485515,2,59
485494,485515,485516,1,21
485494,485515,485516,1,21
485494,485516,485518,2,22
485494,485516,485518,2,22
485494,485516,485518,2,22
485494,485517,485518,1,23
485494,485517,485518,1,23
485494,485518,485519,1,24
485494,485518,485520,2,24
485494,485518,485520,2,24
485494,485518,485520,2,24
485494,485519,485520,1,25
485494,485519,485521,2,25
485494,485520,485522,2,26
485494,485520,485522,2,26
485494,485521,485523,2,27
485494,485520,485523,3,26
485494,485522,485524,2,28
485494,485522,485524,2,28
485494,485523,485524,1,29
485494,485523,485526,3,29
485494,485524,485526,2,30
485494,485524,485526,2,30
485494,485524,485526,2,30
485494,485525,485527,2,31
485494,485527,485528,1,33
485494,485527,485529,2,33
485494,485527,485529,2,33
485494,485527,485529,2,33
485494,485527,485529,2,33
485494,485529,485531,2,35
485494,485529,485531,2,35
485494,485530,485531,1,36
485494,485530,485532,2,36
485494,485530,485533,3,36
485494,485531,485533,2,37
485494,485532,485533,1,38
485494,485532,485534,2,38
485494,485532,485534,2,38
485494,485534,485536,2,40
485494,485534,485536,2,40
485494,485535,485537,2,41
485494,485534,485536,2,40
485494,485535,485536,1,41
485494,485537,485539,2,43
485494,485537,485539,2,43
485494,485537,485538,1,43
485494,485537,485539,2,43
483316,483316,485539,2223,0
485494,485537,485539,2,43
485494,485539,485540,1,45
485494,485539,485540,1,45
485494,485539,485540,1,45
485494,485539,485541,2,45
485494,485540,485542,2,46
485494,485540,485542,2,46
485494,485541,485543,2,47
485494,485541,485543,2,47
485494,485541,485543,2,47
485504,485542,485544,2,38
485504,485543,485544,1,39
485504,485544,485545,1,40
485504,485544,485545,1,40
485504,485544,485546,2,40
485504,485545,485546,1,41
485504,485545,485546,1,41
485504,485546,485547,1,42
485504,485546,485548,2,42
485504,485546,485548,2,42
485504,485547,485549,2,43
485504,485547,485549,2,43
485504,485548,485550,2,44
485504,485548,485550,2,44
483334,483334,485551,2217,0
485504,485549,485551,2,45
485504,485549,485551,2,45
485504,485549,485551,2,45
485504,485550,485552,2,46
485504,485551,485552,1,47
485504,485552,485554,2,48
485504,485552,485554,2,48
485504,485552,485554,2,48
485504,485553,485554,1,49
485504,485553,485555,2,49
485504,485552,485555,3,48
485504,485554,485556,2,50
485504,485554,485556,2,50
485504,485555,485557,2,51
485504,485555,485557,2,51
485504,485555,485557,2,51
485504,485555,485558,3,51
485504,485556,485558,2,52
485504,485557,485559,2,53
485504,485557,485559,2,53
485504,485557,485559,2,53
485504,485558,485560,2,54
485504,485558,485560,2,54
485504,485558,485561,3,54
485504,485560,485561,1,56
485504,485560,485562,2,56
485504,485560,485561,1,56
485504,485561,485563,2,57
485504,485561,485563,2,57
485504,485562,485563,1,58
485504,485562,485564,2,58
485504,485562,485563,1,58
485504,485563,485565,2,59
485504,485564,485566,2,60
485504,485564,485566,2,60
485504,485564,485566,2,60
485504,485564,485566,2,60
485504,485565,485567,2,61
485504,485566,485568,2,62
485504,485566,485568,2,62
485504,485566,485568,2,62
485504,485567,485569,2,63
485504,485567,485569,2,63
485504,485569,485570,1,65
485504,485569,485570,1,65
483318,483318,485571,2253,0
485514,485570,485571,1,56
485514,485570,485572,2,56
485514,485571,485572,1,57
485514,485571,485572,1,57
485514,485572,485574,2,58
485514,485572,485574,2,58
485514,485572,485574,2,58
485504,485572,485574,2,68
485514,485573,485575,2,59
485514,485573,485574,1,59
485514,485574,485576,2,60
485514,485574,485576,2,60
485514,485575,485577,2,61
485514,485575,485577,2,61
485514,485575,485577,2,61
485514,485576,485578,2,62
485514,485576,485578,2,62
485514,485577,485579,2,63
485514,485577,485579,2,63
485514,485578,485579,1,64
485514,485578,485580,2,64
485514,485579,485580,1,65
485514,485579,485581,2,65
485514,485580,485582,2,66
485514,485580,485582,2,66
485514,485580,485582,2,66
485514,485581,485583,2,67
485514,485582,485584,2,68
485514,485583,485585,2,69
485514,485583,485585,2,69
485514,485584,485586,2,70
485514,485583,485585,2,69
483320,483320,485587,2267,0
485514,485585,485587,2,71
485514,485585,485587,2,71
485514,485585,485587,2,71
485514,485585,485587,2,71
485514,485586,485588,2,72
485514,485586,485588,2,72
485514,485587,485589,2,73
485514,485587,485589,2,73
485514,485587,485590,3,73
485514,485588,485590,2,74
485514,485589,485591,2,75
485514,485590,485591,1,76
485514,485588,485591,3,74
485514,485589,485591,2,75
485514,485590,485592,2,76
485514,485591,485593,2,77
485514,485592,485593,1,78
485514,485591,485593,2,77
485514,485592,485594,2,78
485514,485592,485594,2,78
485514,485592,485594,2,78
485514,485593,485595,2,79
485514,485594,485596,2,80
485514,485594,485596,2,80
485514,485595,485597,2,81
485514,485594,485596,2,80
483321,483321,485598,2277,0
485514,485595,485598,3,81
485514,485595,485598,3,81
485514,485596,485598,2,82
485541,485597,485599,2,56
485541,485597,485599,2,56
485541,485597,485599,2,56
485541,485599,485600,1,58
485541,485599,485600,1,58
485541,485599,485601,2,58
485541,485599,485601,2,58
485541,485599,485602,3,58
485541,485599,485601,2,58
485541,485601,485603,2,60
485541,485601,485603,2,60
485541,485601,485603,2,60
485541,485601,485603,2,60
485541,485602,485605,3,61
485541,485602,485605,3,61
485541,485604,485606,2,63
485541,485599,485606,7,58
485541,485603,485606,3,62
485541,485604,485606,2,63
485541,485604,485606,2,63
485541,485606,485608,2,65
485541,485606,485608,2,65
485541,485606,485608,2,65
485541,485607,485609,2,66
485541,485607,485609,2,66
485541,485606,485610,4,65
485541,485607,485610,3,66
485541,485610,485611,1,69
485541,485609,485611,2,68
485541,485609,485612,3,68
485541,485609,485611,2,68
485541,485610,485613,3,69
485541,485610,485613,3,69
485541,485610,485613,3,69
485541,485612,485614,2,71
485541,485612,485614,2,71
485541,485612,485614,2,71
485541,485612,485614,2,71
485541,485613,485616,3,72
485541,485614,485616,2,73
485541,485613,485616,3,72
485541,485614,485616,2,73
485541,485613,485617,4,72
485541,485615,485617,2,74
485541,485615,485618,3,74
485541,485616,485618,2,75
485541,485617,485619,2,76
485541,485616,485619,3,75
485541,485616,485619,3,75
485541,485618,485620,2,77
485541,485619,485621,2,78
485541,485618,485621,3,77
485541,485617,485620,3,76
485541,485618,485621,3,77
485541,485619,485622,3,78
485541,485620,485622,2,79
485541,485621,485623,2,80
485541,485621,485623,2,80
485541,485621,485623,2,80
485541,485621,485623,2,80
485552,485623,485625,2,71
485552,485623,485625,2,71
485552,485624,485626,2,72
485552,485623,485626,3,71
485552,485624,485626,2,72
485552,485624,485627,3,72
485552,485626,485627,1,74
485552,485625,485627,2,73
485552,485626,485628,2,74
485552,485627,485629,2,75
485552,485627,485629,2,75
485552,485628,485630,2,76
485552,485627,485630,3,75
485552,485628,485630,2,76
485552,485628,485630,2,76
485552,485630,485632,2,78
485552,485630,485632,2,78
485552,485630,485632,2,78
485552,485631,485633,2,79
485552,485631,485633,2,79
485552,485631,485633,2,79
485552,485633,485635,2,81
485552,485634,485636,2,82
485552,485634,485636,2,82
485552,485634,485636,2,82
485552,485633,485637,4,81
485552,485637,485639,2,85
485552,485636,485638,2,84
485552,485637,485639,2,85
485552,485637,485639,2,85
485552,485639,485641,2,87
485552,485639,485641,2,87
485552,485641,485642,1,89
485552,485640,485642,2,88
485552,485640,485642,2,88
485552,485641,485644,3,89
485552,485643,485644,1,91
485552,485633,485638,5,81
485552,485643,485646,3,91
485552,485643,485646,3,91
485552,485644,485646,2,92
485552,485645,485647,2,93
485552,485647,485649,2,95
485552,485646,485648,2,94
485552,485646,485649,3,94
485552,485647,485648,1,95
485552,485646,485650,4,94
485552,485647,485649,2,95
485552,485649,485651,2,97
485552,485650,485652,2,98
485552,485649,485652,3,97
485552,485651,485653,2,99
485552,485652,485653,1,100
485552,485653,485655,2,101
485552,485650,485654,4,98
485552,485652,485654,2,100
485552,485654,485656,2,102
485552,485655,485657,2,103
485552,485649,485657,8,97
485572,485656,485657,1,84
485572,485655,485657,2,83
485572,485657,485659,2,85
485572,485657,485659,2,85
485572,485658,485659,1,86
485572,485658,485660,2,86
485572,485659,485661,2,87
485572,485659,485661,2,87
485552,485659,485661,2,107
483315,483315,485661,2346,0
485572,485660,485662,2,88
485572,485661,485663,2,89
485572,485661,485663,2,89
485572,485662,485663,1,90
485572,485662,485664,2,90
485572,485661,485664,3,89
485572,485662,485664,2,90
485572,485663,485665,2,91
485572,485664,485665,1,92
485572,485664,485666,2,92
485572,485664,485666,2,92
485572,485665,485667,2,93
485572,485665,485667,2,93
485572,485666,485667,1,94
485572,485666,485668,2,94
485572,485665,485667,2,93
485572,485668,485669,1,96
485572,485667,485669,2,95
485572,485668,485670,2,96
485572,485668,485670,2,96
485572,485668,485670,2,96
485572,485670,485672,2,98
485572,485670,485672,2,98
485572,485671,485672,1,99
485572,485670,485672,2,98
485572,485670,485672,2,98
485572,485672,485674,2,100
485572,485672,485674,2,100
485572,485673,485674,1,101
485572,485673,485675,2,101
485572,485673,485676,3,101
485572,485674,485676,2,102
485572,485674,485676,2,102
485572,485675,485676,1,103
485572,485674,485676,2,102
485572,485676,485678,2,104
485572,485676,485678,2,104
485572,485677,485678,1,105
485572,485676,485678,2,104
485572,485677,485680,3,105
485572,485678,485680,2,106
485572,485679,485680,1,107
485572,485678,485680,2,106
485572,485679,485682,3,107
485572,485680,485682,2,108
485572,485681,485682,1,109
485572,485681,485683,2,109
485572,485680,485682,2,108
485572,485683,485684,1,111
485572,485683,485684,1,111
485588,485684,485685,1,96
485572,485683,485685,2,111
485588,485685,485686,1,97
485588,485685,485686,1,97
485588,485686,485687,1,98
485588,485686,485688,2,98
485588,485687,485688,1,99
485588,485687,485688,1,99
485588,485688,485689,1,100
485588,485688,485689,1,100
485588,485689,485690,1,101
485588,485689,485690,1,101
485572,485686,485691,5,114
485588,485690,485692,2,102
485588,485690,485692,2,102
485588,485691,485692,1,103
485588,485691,485692,1,103
485588,485692,485694,2,104
485588,485692,485694,2,104
485588,485693,485695,2,105
485588,485693,485695,2,105
485588,485692,485695,3,104
485588,485694,485696,2,106
485588,485694,485696,2,106
485588,485695,485697,2,107
485588,485695,485697,2,107
485588,485696,485698,2,108
485588,485696,485698,2,108
485588,485696,485698,2,108
485588,485697,485699,2,109
485588,485697,485699,2,109
485588,485698,485700,2,110
485588,485699,485701,2,111
485588,485699,485701,2,111
485588,485699,485701,2,111
485588,485700,485702,2,112
485588,485701,485703,2,113
485588,485702,485703,1,114
485588,485703,485704,1,115
485588,485702,485704,2,114
485588,485703,485705,2,115
485588,485704,485705,1,116
485588,485699,485706,7,111
485588,485705,485706,1,117
485588,485705,485707,2,117
485588,485705,485707,2,117
485588,485706,485707,1,118
485588,485707,485708,1,119
485588,485707,485709,2,119
485588,485708,485709,1,120
485588,485707,485709,2,119
485588,485709,485711,2,121
485588,485709,485711,2,121
485588,485710,485712,2,122
485588,485710,485712,2,122
485588,485711,485713,2,123
485588,485712,485713,1,124
485588,485712,485714,2,124
485588,485707,485714,7,119
485588,485713,485715,2,125
485588,485714,485715,1,126
485588,485713,485715,2,125
483314,483315,485717,2402,1
485606,485715,485717,2,109
485606,485716,485717,1,110
485606,485716,485718,2,110
485606,485717,485719,2,111
485606,485717,485719,2,111
485606,485718,485719,1,112
485606,485718,485720,2,112
485606,485719,485721,2,113
485606,485719,485721,2,113
485606,485720,485721,1,114
485606,485720,485722,2,114
485606,485715,485722,7,109
485606,485722,485723,1,116
485606,485722,485723,1,116
485606,485722,485724,2,116
485606,485723,485724,1,117
485606,485723,485725,2,117
485606,485724,485725,1,118
485606,485724,485725,1,118
485606,485725,485727,2,119
485606,485725,485726,1,119
485606,485725,485727,2,119
485606,485726,485728,2,120
485606,485726,485727,1,120
485606,485727,485729,2,121
485606,485727,485729,2,121
485606,485728,485730,2,122
485606,485728,485730,2,122
485606,485727,485730,3,121
485606,485730,485732,2,124
485606,485730,485732,2,124
485606,485730,485732,2,124
485606,485730,485732,2,124
485606,485730,485733,3,124
485606,485732,485734,2,126
485606,485733,485735,2,127
483319,483319,485735,2416,0
485606,485733,485735,2,127
485606,485733,485735,2,127
485606,485733,485736,3,127
485606,485734,485736,2,128
483312,483312,485736,2424,0
485606,485735,485737,2,129
485606,485736,485738,2,130
485606,485735,485738,3,129
485606,485736,485738,2,130
485606,485736,485739,3,130
485606,485737,485739,2,131
485606,485736,485739,3,130
485606,485737,485739,2,131
485606,485738,485740,2,132
485606,485739,485741,2,133
485606,485739,485741,2,133
485606,485738,485741,3,132
485606,485738,485741,3,132
485606,485739,485742,3,133
485606,485740,485742,2,134
485606,485740,485742,2,134
485606,485741,485743,2,135
485606,485742,485743,1,136
485606,485741,485743,2,135
485670,485742,485744,2,72
485606,485742,485744,2,136
485670,485743,485745,2,73
485670,485744,485745,1,74
485670,485744,485745,1,74
483323,483323,485745,2422,0
485670,485744,485746,2,74
485670,485744,485746,2,74
485670,485745,485746,1,75
485670,485745,485747,2,75
485670,485746,485747,1,76
485670,485746,485748,2,76
485670,485746,485747,1,76
485670,485746,485748,2,76
485670,485746,485748,2,76
485670,485747,485749,2,77
485670,485748,485749,1,78
485670,485747,485749,2,77
485670,485748,485749,1,78
485670,485749,485750,1,79
485670,485749,485750,1,79
485670,485748,485750,2,78
485670,485749,485751,2,79
485670,485750,485752,2,80
485670,485750,485752,2,80
485670,485751,485753,2,81
485670,485751,485753,2,81
485670,485750,485752,2,80
485670,485751,485753,2,81
485670,485752,485754,2,82
485670,485751,485753,2,81
485670,485752,485754,2,82
485670,485753,485755,2,83
485670,485754,485755,1,84
485670,485754,485756,2,84
485670,485753,485755,2,83
485670,485754,485756,2,84
485670,485753,485755,2,83
485670,485754,485756,2,84
485670,485755,485757,2,85
485670,485756,485758,2,86
485670,485756,485758,2,86
485670,485756,485758,2,86
485670,485756,485758,2,86
485670,485757,485759,2,87
485670,485756,485758,2,86
485670,485756,485759,3,86
485670,485758,485760,2,88
485670,485758,485760,2,88
485670,485758,485760,2,88
485670,485758,485760,2,88
485670,485759,485761,2,89
485670,485760,485762,2,90
485670,485760,485762,2,90
485670,485759,485762,3,89
485670,485760,485762,2,90
485670,485759,485762,3,89
485670,485761,485762,1,91
485670,485761,485763,2,91
485670,485762,485764,2,92
485670,485762,485764,2,92
485670,485762,485764,2,92
485724,485763,485764,1,39
485724,485763,485764,1,39
485724,485763,485764,1,39
485724,485764,485766,2,40
485724,485764,485766,2,40
485724,485765,485766,1,41
485724,485765,485767,2,41
485724,485765,485767,2,41
485724,485764,485766,2,40
485724,485766,485768,2,42
485724,485766,485768,2,42
485724,485767,485768,1,43
485724,485767,485769,2,43
485724,485768,485769,1,44
485724,485767,485769,2,43
485724,485768,485770,2,44
485724,485769,485770,1,45
485724,485769,485770,1,45
483314,483314,485771,2457,0
485724,485770,485771,1,46
485724,485770,485771,1,46
485724,485769,485771,2,45
485724,485771,485772,1,47
485724,485771,485773,2,47
485724,485771,485773,2,47
485724,485772,485773,1,48
485724,485772,485773,1,48
485724,485772,485774,2,48
485724,485773,485775,2,49
485724,485772,485774,2,48
485724,485773,485775,2,49
485724,485774,485775,1,50
485724,485774,485776,2,50
485724,485774,485775,1,50
485724,485775,485776,1,51
485724,485775,485777,2,51
485724,485775,485777,2,51
485724,485776,485778,2,52
485724,485776,485778,2,52
485724,485776,485778,2,52
485724,485775,485778,3,51
485724,485777,485779,2,53
485724,485777,485779,2,53
485724,485777,485779,2,53
485724,485778,485780,2,54
485724,485778,485780,2,54
485724,485778,485780,2,54
485724,485779,485781,2,55
485724,485778,485780,2,54
485724,485779,485781,2,55
485724,485779,485781,2,55
485724,485780,485782,2,56
485724,485780,485782,2,56
485724,485781,485783,2,57
485724,485781,485783,2,57
485724,485781,485783,2,57
485724,485781,485783,2,57
485724,485782,485784,2,58
485724,485781,485784,3,57
485724,485782,485784,2,58
485724,485783,485785,2,59
485736,485783,485785,2,47
485736,485784,485786,2,48
485736,485785,485786,1,49
483310,483310,485787,2477,0
485736,485784,485786,2,48
485736,485786,485787,1,50
485736,485787,485788,1,51
485736,485787,485789,2,51
485736,485787,485789,2,51
485736,485787,485789,2,51
485736,485788,485790,2,52
485736,485789,485790,1,53
485736,485789,485791,2,53
485736,485789,485791,2,53
485736,485789,485791,2,53
485736,485791,485792,1,55
485736,485783,485785,2,47
485736,485791,485793,2,55
485736,485791,485793,2,55
485736,485791,485793,2,55
485736,485793,485794,1,57
485736,485793,485794,1,57
485736,485793,485795,2,57
485736,485792,485794,2,56
485736,485793,485795,2,57
485736,485794,485796,2,58
485736,485795,485797,2,59
485736,485795,485797,2,59
485736,485795,485797,2,59
485736,485795,485797,2,59
485736,485797,485799,2,61
485736,485796,485799,3,60
485736,485797,485799,2,61
485736,485797,485799,2,61
485736,485797,485799,2,61
485736,485799,485801,2,63
485736,485798,485800,2,62
485736,485799,485802,3,63
485736,485799,485802,3,63
485736,485800,485802,2,64
485736,485800,485802,2,64
485736,485801,485803,2,65
485736,485802,485804,2,66
485736,485801,485804,3,65
485736,485803,485805,2,67
485736,485803,485805,2,67
485736,485802,485805,3,66
485736,485803,485805,2,67
485736,485805,485807,2,69
485736,485804,485807,3,68
485736,485805,485807,2,69
485736,485806,485807,1,70
485736,485805,485807,2,69
485736,485806,485808,2,70
485736,485807,485809,2,71
485736,485806,485809,3,70
485736,485807,485809,2,71
485736,485807,485809,2,71
485736,485808,485809,1,72
485736,485808,485810,2,72
485736,485808,485810,2,72
485738,485809,485811,2,71
485738,485810,485811,1,72
485738,485810,485811,1,72
485738,485810,485811,1,72
485738,485809,485811,2,71
485738,485811,485812,1,73
485738,485811,485813,2,73
485738,485812,485813,1,74
485738,485812,485813,1,74
485738,485812,485813,1,74
485738,485813,485814,1,75
485738,485812,485815,3,74
485738,485813,485815,2,75
485738,485814,485816,2,76
485738,485814,485816,2,76
485738,485814,485816,2,76
485738,485815,485816,1,77
485738,485816,485817,1,78
485738,485816,485818,2,78
485738,485816,485818,2,78
485738,485816,485818,2,78
485738,485817,485819,2,79
485738,485818,485820,2,80
485738,485817,485819,2,79
485738,485818,485820,2,80
485738,485818,485820,2,80
485738,485819,485821,2,81
485738,485819,485821,2,81
485738,485820,485822,2,82
485738,485820,485822,2,82
485738,485821,485823,2,83
485738,485821,485823,2,83
485738,485821,485823,2,83
485738,485822,485824,2,84
485738,485822,485824,2,84
485738,485823,485825,2,85
485738,485823,485825,2,85
485738,485823,485825,2,85
485738,485824,485826,2,86
485738,485825,485827,2,87
485738,485825,485827,2,87
485738,485826,485828,2,88
485738,485826,485828,2,88
485738,485826,485828,2,88
485738,485826,485828,2,88
485738,485828,485830,2,90
485738,485828,485830,2,90
485738,485828,485830,2,90
485738,485829,485831,2,91
485738,485829,485831,2,91
485738,485829,485831,2,91
485738,485830,485832,2,92
485738,485830,485832,2,92
485738,485831,485833,2,93
485738,485831,485833,2,93
485738,485832,485834,2,94
485738,485833,485834,1,95
485738,485832,485834,2,94
485738,485834,485835,1,96
485738,485833,485836,3,95
485752,485834,485836,2,82
485752,485835,485836,1,83
485752,485836,485837,1,84
485752,485836,485838,2,84
485752,485835,485837,2,83
485752,485836,485838,2,84
485752,485837,485838,1,85
485752,485838,485839,1,86
485752,485838,485840,2,86
485752,485838,485840,2,86
485752,485838,485840,2,86
485752,485839,485841,2,87
485752,485840,485842,2,88
485752,485841,485843,2,89
485752,485840,485842,2,88
485752,485840,485842,2,88
485752,485840,485843,3,88
485752,485842,485843,1,90
485752,485843,485845,2,91
485752,485844,485846,2,92
485752,485843,485845,2,91
485752,485843,485846,3,91
485752,485844,485846,2,92
485752,485845,485847,2,93
485752,485846,485848,2,94
485752,485846,485848,2,94
485752,485846,485849,3,94
485752,485847,485849,2,95
485752,485848,485850,2,96
485752,485848,485850,2,96
485752,485849,485852,3,97
485752,485849,485852,3,97
485752,485850,485852,2,98
485752,485850,485852,2,98
485752,485851,485853,2,99
485752,485853,485855,2,101
485752,485853,485855,2,101
485752,485853,485855,2,101
485752,485853,485855,2,101
485752,485853,485855,2,101
485752,485855,485857,2,103
485752,485856,485858,2,104
485752,485856,485858,2,104
485752,485856,485859,3,104
485752,485858,485859,1,106
485752,485857,485859,2,105
485752,485860,485861,1,108
485752,485859,485861,2,107
485752,485859,485861,2,107
485752,485860,485862,2,108
485752,485860,485862,2,108
485752,485862,485863,1,110
485752,485862,485864,2,110
485752,485862,485864,2,110
485752,485863,485865,2,111
485752,485863,485865,2,111
485752,485864,485865,1,112
485752,485865,485867,2,113
485752,485864,485866,2,112
485773,485866,485867,1,93
485752,485866,485868,2,114
485773,485867,485868,1,94
485773,485867,485869,2,94
485773,485869,485870,1,96
485773,485868,485870,2,95
485773,485869,485871,2,96
485773,485871,485872,1,98
485773,485871,485872,1,98
485773,485871,485873,2,98
485773,485873,485875,2,100
485773,485873,485875,2,100
485773,485873,485875,2,100
485773,485875,485877,2,102
485773,485875,485877,2,102
485773,485875,485877,2,102
485773,485876,485878,2,103
485773,485877,485879,2,104
485773,485877,485879,2,104
485773,485879,485881,2,106
485773,485878,485880,2,105
485773,485879,485881,2,106
485773,485879,485881,2,106
485773,485881,485883,2,108
485773,485881,485883,2,108
485773,485882,485884,2,109
485773,485883,485885,2,110
485773,485882,485884,2,109
485773,485884,485885,1,111
485773,485885,485887,2,112
485773,485886,485887,1,113
485773,485885,485888,3,112
485773,485887,485889,2,114
485773,485888,485890,2,115
485773,485885,485890,5,112
485773,485888,485891,3,115
485773,485889,485891,2,116
485773,485890,485892,2,117
485773,485891,485894,3,118
485773,485891,485893,2,118
485773,485893,485895,2,120
485773,485891,485897,6,118
485773,485894,485896,2,121
485773,485895,485898,3,122
485773,485895,485897,2,122
485773,485898,485899,1,125
485773,485897,485899,2,124
485773,485898,485900,2,125
485773,485898,485900,2,125
485773,485900,485901,1,127
485773,485900,485902,2,127
485773,485901,485903,2,128
485773,485902,485904,2,129
485773,485903,485905,2,130
485773,485904,485905,1,131
485773,485903,485905,2,130
485773,485905,485907,2,132
485773,485906,485908,2,133
485773,485906,485908,2,133
485773,485907,485909,2,134
485793,485909,485911,2,116
485793,485909,485911,2,116
485773,485909,485912,3,136
485793,485911,485913,2,118
485793,485911,485913,2,118
485793,485913,485915,2,120
485793,485913,485915,2,120
485793,485912,485917,5,119
485793,485915,485917,2,122
485793,485915,485917,2,122
485793,485918,485920,2,125
485793,485917,485921,4,124
485793,485918,485921,3,125
485793,485921,485923,2,128
485793,485921,485924,3,128
485793,485921,485925,4,128
485793,485924,485926,2,131
485793,485924,485926,2,131
485793,485926,485928,2,133
485793,485927,485929,2,134
485793,485927,485930,3,134
485793,485929,485930,1,136
485793,485931,485933,2,138
485793,485930,485932,2,137
485793,485930,485933,3,137
485793,485933,485935,2,140
485793,485933,485935,2,140
485793,485933,485936,3,140
485793,485935,485936,1,142
485793,485937,485939,2,144
485793,485936,485938,2,143
485793,485936,485939,3,143
485793,485939,485941,2,146
485793,485939,485941,2,146
485793,485940,485942,2,147
485793,485941,485943,2,148
485793,485943,485945,2,150
485793,485942,485944,2,149
485793,485943,485945,2,150
485793,485945,485947,2,152
485793,485945,485947,2,152
485793,485946,485948,2,153
485793,485948,485950,2,155
485793,485948,485950,2,155
485793,485949,485951,2,156
485793,485951,485953,2,158
485793,485951,485953,2,158
485793,485952,485954,2,159
485793,485954,485956,2,161
485793,485954,485956,2,161
485793,485955,485957,2,162
485793,485957,485959,2,164
485793,485957,485959,2,164
485793,485958,485960,2,165
485793,485959,485961,2,166
485793,485960,485962,2,167
485793,485961,485963,2,168
485793,485962,485964,2,169
485793,485963,485965,2,170
485793,485964,485966,2,171
485793,485964,485966,2,171
485607,485742,487519,1777,135
487521,487522,487523,1,1
487521,487522,487524,2,1
487521,487522,487524,2,1
487521,487524,487525,1,3
487521,487524,487526,2,3
487521,487525,487527,2,4
487521,487526,487527,1,5
487521,487527,487529,2,6
487521,487528,487529,1,7
487521,487530,487531,1,9
487521,487530,487532,2,9
487521,487528,487532,4,7
487521,487532,487533,1,11
487521,487532,487534,2,11
487521,487533,487535,2,12
487521,487534,487535,1,13
487521,487534,487536,2,13
487521,487536,487537,1,15
487521,487536,487538,2,15
487521,487537,487539,2,16
487521,487538,487539,1,17
487521,487538,487540,2,17
487521,487540,487541,1,19
487521,487539,487542,3,18
487521,487540,487542,2,19
487521,487542,487544,2,21
487521,487543,487544,1,22
487521,487543,487545,2,22
487521,487544,487546,2,23
487521,487545,487547,2,24
487521,487546,487547,1,25
487521,487546,487548,2,25
487521,487548,487550,2,27
487521,487548,487550,2,27
487521,487548,487550,2,27
487521,487550,487551,1,29
487521,487550,487552,2,29
487521,487550,487552,2,29
487521,487552,487554,2,31
487521,487552,487554,2,31
485590,485714,487556,1842,124
487521,487553,487555,2,32
487521,487554,487556,2,33
487521,487554,487556,2,33
487521,487556,487558,2,35
487521,487556,487558,2,35
487521,487556,487558,2,35
487521,487556,487559,3,35
487521,487558,487560,2,37
487521,487559,487560,1,38
487521,487559,487561,2,38
487521,487560,487562,2,39
487521,487560,487562,2,39
487521,487561,487563,2,40
487521,487562,487564,2,41
487521,487562,487564,2,41
487521,487563,487565,2,42
487521,487565,487566,1,44
487521,487564,487566,2,43
487521,487564,487566,2,43
487521,487566,487567,1,45
487556,487567,487569,2,11
487556,487567,487569,2,11
487556,487568,487570,2,12
487556,487569,487571,2,13
485672,485762,487571,1809,90
487556,487569,487571,2,13
487556,487570,487572,2,14
487556,487572,487573,1,16
487556,487571,487573,2,15
487556,487572,487574,2,16
487556,487572,487575,3,16
487556,487574,487576,2,18
487556,487574,487576,2,18
487556,487574,487576,2,18
487556,487576,487578,2,20
487556,487577,487578,1,21
487556,487577,487578,1,21
487556,487577,487579,2,21
487556,487579,487580,1,23
487556,487579,487581,2,23
487556,487579,487580,1,23
487556,487581,487583,2,25
487556,487580,487582,2,24
487556,487581,487582,1,25
487556,487581,487583,2,25
487556,487583,487585,2,27
487556,487583,487585,2,27
487556,487583,487585,2,27
487556,487583,487585,2,27
487556,487586,487588,2,30
487556,487586,487588,2,30
487556,487586,487588,2,30
487556,487588,487590,2,32
487556,487589,487591,2,33
485396,485441,487591,2150,45
487556,487589,487592,3,33
487556,487591,487593,2,35
487556,487591,487593,2,35
487556,487592,487594,2,36
487556,487592,487595,3,36
487556,487594,487596,2,38
485495,485542,487595,2053,47
487556,487594,487596,2,38
487556,487595,487597,2,39
487556,487595,487598,3,39
487556,487596,487598,2,40
487556,487596,487598,2,40
487556,487596,487598,2,40
487556,487597,487599,2,41
485724,485783,487600,1817,59
487556,487599,487600,1,43
487556,487599,487600,1,43
487556,487599,487600,1,43
487556,487598,487600,2,42
487556,487599,487601,2,43
487556,487600,487602,2,44
485553,485655,487601,1946,102
487556,487601,487602,1,45
487556,487601,487603,2,45
487556,487600,487602,2,44
487556,487601,487603,2,45
487556,487601,487603,2,45
487556,487602,487604,2,46
487556,487602,487604,2,46
487576,487603,487604,1,27
487576,487603,487605,2,27
487576,487603,487605,2,27
487556,487602,487605,3,46
487576,487603,487605,2,27
487576,487604,487606,2,28
487576,487604,487606,2,28
487576,487605,487606,1,29
487576,487605,487607,2,29
487576,487605,487607,2,29
487576,487606,487608,2,30
487576,487606,487608,2,30
487576,487605,487608,3,29
487576,487606,487608,2,30
487576,487607,487609,2,31
487576,487607,487609,2,31
487576,487608,487610,2,32
487576,487607,487609,2,31
487576,487608,487610,2,32
487576,487609,487611,2,33
487576,487609,487611,2,33
487576,487610,487612,2,34
487576,487610,487612,2,34
487576,487611,487612,1,35
485739,485834,487612,1778,95
487576,487610,487612,2,34
487576,487611,487613,2,35
487576,487611,487613,2,35
487576,487611,487613,2,35
487576,487612,487614,2,36
487576,487613,487614,1,37
487576,487613,487615,2,37
487576,487614,487615,1,38
487576,487614,487616,2,38
487576,487614,487616,2,38
487576,487615,487616,1,39
487576,487614,487616,2,38
487576,487616,487617,1,40
487576,487615,487617,2,39
487576,487617,487619,2,41
487576,487616,487618,2,40
487576,487616,487618,2,40
487576,487617,487619,2,41
487576,487618,487620,2,42
487576,487619,487621,2,43
487576,487618,487620,2,42
487576,487620,487622,2,44
487576,487619,487621,2,43
487576,487619,487621,2,43
487576,487620,487622,2,44
487576,487621,487623,2,45
487576,487621,487623,2,45
487576,487622,487624,2,46
487576,487622,487624,2,46
487576,487622,487624,2,46
487576,487623,487625,2,47
487576,487623,487625,2,47
487576,487624,487626,2,48
487576,487624,487626,2,48
487576,487624,487627,3,48
487592,487626,487627,1,34
487576,487625,487627,2,49
487576,487625,487627,2,49
487592,487626,487627,1,34
487592,487626,487628,2,34
485505,485569,487629,2060,64
487592,487626,487628,2,34
487592,487628,487629,1,36
487592,487628,487629,1,36
487592,487628,487630,2,36
487592,487628,487630,2,36
487592,487629,487631,2,37
487592,487630,487632,2,38
487592,487630,487631,1,38
487592,487629,487631,2,37
487592,487630,487632,2,38
487592,487630,487632,2,38
487592,487631,487633,2,39
487592,487632,487634,2,40
487592,487632,487634,2,40
487592,487632,487635,3,40
485573,485683,487635,1952,110
487592,487632,487634,2,40
487592,487632,487634,2,40
487592,487633,487636,3,41
487592,487634,487636,2,42
487592,487634,487637,3,42
487592,487635,487638,3,43
487592,487637,487638,1,45
487592,487637,487639,2,45
487592,487636,487638,2,44
487592,487636,487638,2,44
487592,487638,487640,2,46
487592,487637,487639,2,45
487592,487639,487640,1,47
487592,487639,487641,2,47
487592,487639,487641,2,47
487592,487638,487641,3,46
487592,487638,487640,2,46
487592,487639,487641,2,47
487592,487640,487642,2,48
487592,487641,487643,2,49
487592,487641,487642,1,49
487592,487639,487642,3,47
487592,487641,487643,2,49
487592,487640,487642,2,48
487592,487641,487643,2,49
487592,487642,487644,2,50
487592,487642,487644,2,50
487592,487642,487644,2,50
487592,487643,487645,2,51
487592,487643,487644,1,51
487592,487643,487645,2,51
487592,487643,487645,2,51
487592,487643,487645,2,51
487592,487644,487646,2,52
487592,487645,487647,2,53
487592,487645,487646,1,53
487592,487645,487647,2,53
487592,487644,487647,3,52
487592,487644,487647,3,52
485515,485596,487648,2052,81
487596,487647,487648,1,51
487596,487647,487648,1,51
487592,487646,487648,2,54
487596,487647,487649,2,51
487596,487647,487649,2,51
487596,487647,487650,3,51
487596,487649,487651,2,53
487596,487649,487650,1,53
487596,487648,487651,3,52
487596,487650,487652,2,54
487596,487649,487651,2,53
487596,487649,487651,2,53
487592,487644,487646,2,52
487596,487651,487653,2,55
487596,487651,487652,1,55
487596,487652,487653,1,56
487596,487651,487653,2,55
487596,487652,487653,1,56
487596,487653,487654,1,57
487596,487653,487655,2,57
487596,487653,487655,2,57
487596,487653,487655,2,57
487596,487652,487654,2,56
487596,487654,487655,1,58
487592,487653,487655,2,61
487596,487654,487656,2,58
487596,487654,487656,2,58
487596,487655,487657,2,59
487596,487655,487657,2,59
487596,487655,487657,2,59
487596,487656,487658,2,60
487596,487655,487657,2,59
487596,487655,487658,3,59
487596,487656,487659,3,60
487596,487657,487659,2,61
487596,487657,487660,3,61
487596,487657,487660,3,61
487596,487657,487660,3,61
487596,487657,487660,3,61
487596,487658,487661,3,62
487596,487659,487662,3,63
487596,487660,487662,2,64
487596,487659,487662,3,63
487596,487660,487662,2,64
487596,487660,487662,2,64
487596,487660,487662,2,64
487596,487661,487664,3,65
487596,487662,487664,2,66
487596,487662,487665,3,66
487596,487663,487665,2,67
487596,487663,487665,2,67
487596,487665,487667,2,69
487596,487658,487661,3,62
487596,487664,487667,3,68
487596,487665,487667,2,69
487596,487667,487668,1,71
487596,487666,487668,2,70
487596,487666,487668,2,70
487596,487668,487669,1,72
487596,487668,487670,2,72
487596,487667,487670,3,71
487601,487669,487671,2,68
487601,487669,487671,2,68
487601,487670,487671,1,69
487601,487669,487671,2,68
487601,487671,487672,1,70
487601,487671,487673,2,70
487601,487671,487673,2,70
487601,487671,487673,2,70
487601,487672,487673,1,71
487596,487672,487674,2,76
487601,487672,487673,1,71
487601,487673,487675,2,72
487601,487673,487675,2,72
487601,487673,487675,2,72
487601,487674,487676,2,73
487601,487675,487677,2,74
487601,487675,487677,2,74
485429,485477,487677,2200,48
487601,487676,487678,2,75
487601,487676,487678,2,75
487601,487675,487677,2,74
487601,487675,487678,3,74
487601,487678,487679,1,77
487601,487678,487679,1,77
487601,487678,487680,2,77
487601,487677,487679,2,76
487601,487678,487680,2,77
487601,487678,487680,2,77
487601,487679,487681,2,78
487601,487680,487681,1,79
487601,487680,487682,2,79
487601,487680,487682,2,79
487601,487680,487683,3,79
487601,487680,487683,3,79
487601,487681,487683,2,80
487601,487682,487684,2,81
487601,487682,487684,2,81
487601,487682,487684,2,81
487596,487672,487674,2,76
487601,487682,487684,2,81
487601,487684,487686,2,83
487601,487684,487686,2,83
487601,487684,487686,2,83
487601,487683,487686,3,82
487601,487683,487686,3,82
487601,487684,487686,2,83
487601,487684,487686,2,83
487601,487684,487687,3,83
487601,487685,487687,2,84
487601,487686,487688,2,85
487601,487686,487688,2,85
487601,487686,487688,2,85
487601,487687,487689,2,86
487601,487687,487689,2,86
487601,487687,487689,2,86
487601,487688,487690,2,87
487601,487688,487690,2,87
487601,487688,487690,2,87
487601,487688,487690,2,87
487601,487688,487690,2,87
487601,487689,487691,2,88
487601,487690,487691,1,89
487603,487690,487691,1,87
487603,487690,487692,2,87
487603,487690,487692,2,87
487603,487690,487692,2,87
487601,487690,487692,2,89
487603,487690,487692,2,87
487603,487691,487693,2,88
487603,487692,487694,2,89
487603,487691,487693,2,88
487603,487692,487694,2,89
487603,487692,487694,2,89
487603,487693,487695,2,90
487603,487692,487694,2,89
487603,487692,487694,2,89
487603,487694,487696,2,91
487603,487693,487695,2,90
487603,487694,487696,2,91
487603,487695,487696,1,92
487603,487694,487696,2,91
487603,487695,487697,2,92
487603,487695,487697,2,92
487603,487696,487698,2,93
487603,487695,487697,2,92
487603,487697,487698,1,94
487603,487697,487698,1,94
487603,487696,487698,2,93
487603,487697,487700,3,94
487603,487697,487700,3,94
487603,487699,487700,1,96
487603,487699,487700,1,96
487603,487698,487700,2,95
487603,487698,487700,2,95
487603,487698,487701,3,95
487603,487699,487701,2,96
487603,487701,487703,2,98
487603,487701,487702,1,98
487603,487701,487703,2,98
487603,487700,487702,2,97
487603,487700,487703,3,97
487603,487701,487703,2,98
487603,487703,487704,1,100
487603,487702,487704,2,99
487603,487703,487704,1,100
487603,487703,487705,2,100
487603,487702,487705,3,99
487603,487703,487705,2,100
487603,487703,487705,2,100
487603,487704,487706,2,101
487603,487705,487707,2,102
487603,487704,487706,2,101
487603,487705,487707,2,102
487603,487705,487707,2,102
487603,487705,487707,2,102
487603,487705,487708,3,102
487603,487707,487709,2,104
487603,487706,487709,3,103
487603,487707,487709,2,104
487603,487707,487709,2,104
487614,487708,487710,2,94
487603,487707,487709,2,104
487614,487709,487710,1,95
487603,487708,487710,2,105
487603,487708,487710,2,105
487614,487709,487710,1,95
487614,487709,487711,2,95
487614,487710,487712,2,96
487614,487710,487712,2,96
487614,487710,487712,2,96
487614,487711,487713,2,97
487614,487711,487713,2,97
487614,487710,487712,2,96
487614,487712,487714,2,98
487614,487711,487713,2,97
487614,487711,487713,2,97
487614,487712,487714,2,98
487614,487712,487714,2,98
487614,487711,487713,2,97
487614,487713,487715,2,99
487614,487713,487715,2,99
487614,487713,487715,2,99
487614,487714,487716,2,100
487614,487714,487716,2,100
487614,487714,487716,2,100
487614,487715,487717,2,101
487614,487714,487717,3,100
487614,487714,487716,2,100
487614,487715,487717,2,101
487614,487715,487718,3,101
485454,485514,487718,2204,60
487614,487716,487718,2,102
487614,487716,487718,2,102
487614,487717,487719,2,103
487614,487717,487719,2,103
487614,487717,487719,2,103
487614,487718,487719,1,104
487614,487717,487719,2,103
487614,487717,487720,3,103
487614,487719,487721,2,105
487614,487719,487720,1,105
487614,487719,487721,2,105
487614,487719,487721,2,105
487614,487719,487721,2,105
487614,487720,487721,1,106
487614,487719,487721,2,105
487614,487720,487723,3,106
487614,487720,487722,2,106
487614,487721,487722,1,107
487614,487720,487722,2,106
487614,487721,487723,2,107
487614,487722,487724,2,108
487614,487721,487723,2,107
487614,487722,487724,2,108
487614,487722,487725,3,108
487614,487722,487724,2,108
487614,487723,487725,2,109
487614,487723,487725,2,109
487614,487723,487725,2,109
487614,487723,487725,2,109
487614,487724,487726,2,110
487614,487724,487726,2,110
487636,487725,487726,1,89
487636,487725,487726,1,89
487614,487724,487726,2,110
487636,487725,487727,2,89
487614,487725,487727,2,111
487636,487726,487728,2,90
487636,487726,487728,2,90
487636,487726,487728,2,90
487636,487727,487729,2,91
487636,487727,487729,2,91
487636,487727,487729,2,91
487636,487727,487729,2,91
487636,487728,487730,2,92
487636,487728,487730,2,92
487636,487727,487730,3,91
487636,487728,487730,2,92
487636,487728,487731,3,92
487636,487729,487731,2,93
487636,487729,487731,2,93
487636,487729,487731,2,93
487636,487730,487732,2,94
487636,487730,487732,2,94
487636,487729,487732,3,93
487636,487730,487732,2,94
487636,487731,487732,1,95
487636,487731,487732,1,95
487636,487732,487733,1,96
487636,487732,487733,1,96
487636,487732,487734,2,96
487636,487732,487734,2,96
487636,487732,487734,2,96
487636,487733,487735,2,97
487636,487732,487735,3,96
487636,487732,487735,3,96
487636,487732,487735,3,96
487636,487733,487735,2,97
487636,487734,487736,2,98
487636,487734,487736,2,98
487636,487734,487737,3,98
487636,487735,487737,2,99
487636,487736,487738,2,100
487636,487735,487737,2,99
487636,487735,487737,2,99
487636,487735,487738,3,99
487636,487735,487738,3,99
487636,487735,487738,3,99
487636,487737,487739,2,101
487636,487737,487739,2,101
487636,487738,487740,2,102
487636,487738,487740,2,102
487636,487737,487739,2,101
487636,487737,487740,3,101
487636,487738,487740,2,102
487636,487738,487741,3,102
487636,487738,487741,3,102
487636,487739,487741,2,103
487636,487739,487741,2,103
487636,487740,487742,2,104
487636,487741,487742,1,105
487636,487740,487742,2,104
487636,487740,487742,2,104
487636,487741,487743,2,105
487636,487740,487743,3,104
487636,487741,487743,2,105
487636,487742,487743,1,106
487636,487742,487743,1,106
487636,487742,487744,2,106
487636,487743,487744,1,107
487636,487742,487744,2,106
487636,487743,487745,2,107
487636,487743,487745,2,107
487636,487743,487745,2,107
487636,487744,487746,2,108
487636,487744,487746,2,108
487636,487744,487746,2,108
487636,487744,487746,2,108
487636,487745,487747,2,109
487636,487745,487746,1,109
487636,487745,487747,2,109
487636,487745,487747,2,109
487636,487745,487747,2,109
487636,487746,487748,2,110
487636,487746,487748,2,110
487636,487747,487748,1,111
487636,487747,487749,2,111
487636,487747,487749,2,111
487636,487747,487749,2,111
487636,487747,487749,2,111
487636,487748,487749,1,112
487636,487748,487750,2,112
485754,485866,487750,1884,112
487636,487749,487750,1,113
487636,487749,487750,1,113
487636,487748,487750,2,112
487636,487748,487751,3,112
487636,487749,487751,2,113
487636,487749,487751,2,113
487636,487750,487752,2,114
487636,487750,487752,2,114
487636,487750,487752,2,114
487636,487751,487752,1,115
487636,487751,487753,2,115
487636,487750,487752,2,114
487636,487751,487752,1,115
487636,487751,487753,2,115
487636,487751,487753,2,115
487636,487751,487754,3,115
487636,487752,487754,2,116
487636,487751,487753,2,115
487636,487752,487754,2,116
487636,487753,487755,2,117
487636,487753,487755,2,117
487636,487752,487754,2,116
487636,487753,487755,2,117
487636,487753,487755,2,117
487636,487753,487755,2,117
487636,487754,487756,2,118
487636,487753,487755,2,117
487636,487754,487756,2,118
487636,487754,487756,2,118
487636,487755,487757,2,119
487636,487755,487757,2,119
487649,487755,487757,2,106
487636,487754,487757,3,118
487649,487755,487757,2,106
487649,487756,487757,1,107
487649,487756,487758,2,107
487649,487755,487757,2,106
487649,487756,487758,2,107
487649,487757,487758,1,108
487649,487757,487759,2,108
487649,487757,487759,2,108
487649,487757,487759,2,108
487649,487757,487759,2,108
487649,487758,487759,1,109
487649,487757,487759,2,108
487649,487758,487760,2,109
487649,487758,487760,2,109
487649,487757,487760,3,108
487649,487759,487760,1,110
487649,487759,487761,2,110
487649,487759,487761,2,110
487649,487758,487761,3,109
487649,487759,487761,2,110
487649,487760,487761,1,111
487649,487760,487762,2,111
487649,487760,487762,2,111
487649,487761,487762,1,112
487649,487761,487763,2,112
487649,487760,487762,2,111
487649,487762,487763,1,113
487649,487762,487763,1,113
487649,487762,487763,1,113
487649,487761,487763,2,112
487649,487762,487763,1,113
487649,487763,487765,2,114
487649,487762,487764,2,113
487649,487762,487764,2,113
487649,487764,487766,2,115
487649,487763,487765,2,114
487649,487763,487765,2,114
487649,487763,487766,3,114
487649,487764,487766,2,115
487649,487764,487766,2,115
487649,487764,487766,2,115
487649,487765,487767,2,116
487649,487765,487767,2,116
487649,487764,487767,3,115
487649,487765,487767,2,116
487649,487766,487768,2,117
487649,487767,487769,2,118
487649,487766,487769,3,117
487649,487766,487768,2,117
487649,487766,487769,3,117
487649,487767,487769,2,118
487649,487767,487769,2,118
487649,487768,487770,2,119
487649,487768,487770,2,119
487649,487768,487770,2,119
487649,487769,487771,2,120
487649,487768,487770,2,119
487678,487769,487771,2,91
487649,487769,487771,2,120
487649,487769,487771,2,120
487678,487770,487772,2,92
487678,487770,487772,2,92
487678,487770,487772,2,92
487678,487769,487772,3,91
487678,487771,487773,2,93
487678,487771,487773,2,93
487678,487771,487773,2,93
487678,487770,487773,3,92
487678,487771,487773,2,93
487678,487772,487774,2,94
487678,487772,487774,2,94
487678,487772,487774,2,94
487678,487772,487774,2,94
487678,487773,487775,2,95
487678,487772,487775,3,94
487678,487773,487775,2,95
487678,487773,487775,2,95
487678,487772,487775,3,94
487678,487774,487776,2,96
487678,487774,487776,2,96
487678,487773,487776,3,95
487678,487774,487777,3,96
487678,487774,487777,3,96
487678,487774,487777,3,96
487678,487775,487778,3,97
487678,487775,487778,3,97
487678,487775,487778,3,97
487678,487775,487778,3,97
487678,487775,487778,3,97
487678,487776,487778,2,98
487678,487776,487778,2,98
487678,487776,487778,2,98
487678,487777,487779,2,99
487678,487777,487779,2,99
487678,487779,487780,1,101
487678,487779,487780,1,101
487678,487779,487780,1,101
487678,487779,487781,2,101
487678,487778,487780,2,100
487678,487779,487781,2,101
487678,487779,487781,2,101
487678,487779,487781,2,101
487678,487779,487781,2,101
487678,487780,487782,2,102
487678,487780,487782,2,102
487678,487781,487783,2,103
487678,487781,487782,1,103
487678,487781,487783,2,103
487678,487782,487784,2,104
487678,487781,487783,2,103
487678,487782,487783,1,104
487678,487781,487783,2,103
487678,487782,487784,2,104
487678,487783,487785,2,105
487678,487782,487784,2,104
487678,487783,487785,2,105
487678,487783,487785,2,105
487678,487784,487786,2,106
487678,487783,487785,2,105
487719,487784,487785,1,65
487719,487784,487785,1,65
487719,487784,487786,2,65
487719,487784,487785,1,65
487719,487785,487787,2,66
487719,487785,487786,1,66
487719,487785,487787,2,66
487719,487785,487787,2,66
487719,487786,487788,2,67
487719,487785,487787,2,66
487719,487786,487788,2,67
487719,487786,487787,1,67
487719,487786,487788,2,67
487719,487786,487787,1,67
487719,487787,487789,2,68
487719,487786,487788,2,67
487719,487787,487789,2,68
487719,487787,487789,2,68
487719,487788,487790,2,69
487719,487788,487790,2,69
487719,487788,487790,2,69
487719,487788,487790,2,69
487719,487788,487790,2,69
487719,487788,487790,2,69
487719,487788,487790,2,69
487719,487789,487791,2,70
487719,487789,487792,3,70
487719,487789,487791,2,70
487719,487789,487792,3,70
487719,487790,487793,3,71
487719,487790,487793,3,71
487719,487790,487793,3,71
487719,487790,487793,3,71
487719,487791,487793,2,72
487719,487790,487792,2,71
487719,487791,487793,2,72
487719,487792,487794,2,73
487719,487792,487794,2,73
487719,487792,487794,2,73
487719,487792,487795,3,73
487719,487793,487795,2,74
487719,487794,487795,1,75
487719,487793,487795,2,74
487719,487793,487796,3,74
487719,487793,487796,3,74
487719,487793,487796,3,74
487719,487795,487797,2,76
487719,487794,487796,2,75
487719,487795,487797,2,76
487719,487796,487797,1,77
487719,487795,487798,3,76
487719,487795,487798,3,76
487719,487795,487798,3,76
487719,487796,487798,2,77
487719,487797,487799,2,78
487719,487797,487799,2,78
487719,487796,487798,2,77
487719,487797,487799,2,78
487719,487798,487799,1,79
487752,487798,487799,1,46
487719,487797,487799,2,78
487752,487798,487800,2,46
487752,487799,487800,1,47
487752,487799,487801,2,47
487752,487799,487800,1,47
487752,487799,487801,2,47
487752,487799,487801,2,47
487752,487800,487801,1,48
487752,487800,487802,2,48
487752,487799,487802,3,47
487752,487800,487802,2,48
487752,487801,487803,2,49
487752,487801,487803,2,49
487752,487801,487802,1,49
487752,487800,487802,2,48
487752,487801,487803,2,49
487752,487800,487802,2,48
487752,487801,487803,2,49
487752,487802,487804,2,50
487752,487802,487804,2,50
487752,487802,487804,2,50
487752,487803,487804,1,51
487752,487803,487805,2,51
487752,487803,487805,2,51
487752,487802,487804,2,50
487752,487803,487805,2,51
487752,487803,487805,2,51
487752,487803,487805,2,51
487752,487803,487805,2,51
487752,487804,487806,2,52
487752,487804,487806,2,52
487752,487805,487806,1,53
487752,487805,487807,2,53
487752,487805,487807,2,53
487752,487806,487808,2,54
487752,487805,487807,2,53
487752,487806,487808,2,54
487752,487806,487808,2,54
487752,487806,487808,2,54
487752,487806,487808,2,54
487752,487806,487808,2,54
487752,487806,487809,3,54
487752,487807,487809,2,55
487752,487807,487809,2,55
487752,487808,487810,2,56
487752,487808,487810,2,56
487752,487809,487810,1,57
487752,487808,487810,2,56
487752,487808,487810,2,56
487752,487809,487811,2,57
487752,487808,487810,2,56
487752,487810,487811,1,58
487752,487809,487811,2,57
487752,487810,487812,2,58
487752,487811,487812,1,59
487752,487811,487812,1,59
487752,487809,487812,3,57
487752,487811,487813,2,59
487752,487810,487812,2,58
487752,487811,487813,2,59
485737,485809,487819,2010,72
487823,487823,487825,2,0
487823,487823,487825,2,0
487823,487823,487825,2,0
487823,487823,487824,1,0
487823,487823,487825,2,0
487823,487823,487825,2,0
487823,487823,487825,2,0
487823,487823,487826,3,0
487823,487823,487825,2,0
487823,487823,487826,3,0
487823,487823,487826,3,0
487823,487823,487827,4,0
487823,487825,487827,2,2
487823,487825,487827,2,2
487823,487825,487827,2,2
487823,487825,487827,2,2
487823,487825,487827,2,2
487823,487825,487827,2,2
487823,487825,487827,2,2
487823,487826,487828,2,3
487823,487826,487828,2,3
487823,487827,487829,2,4
487823,487827,487829,2,4
487823,487827,487829,2,4
487823,487827,487829,2,4
487823,487827,487829,2,4
487823,487828,487830,2,5
487823,487827,487829,2,4
487823,487827,487830,3,4
487823,487828,487830,2,5
487823,487829,487830,1,6
487823,487827,487830,3,4
487823,487829,487831,2,6
487823,487827,487830,3,4
487823,487830,487831,1,7
487823,487830,487831,1,7
487823,487830,487832,2,7
487823,487831,487833,2,8
487823,487831,487832,1,8
487823,487830,487832,2,7
487823,487830,487832,2,7
487823,487831,487833,2,8
487823,487830,487833,3,7
487823,487830,487833,3,7
487823,487831,487833,2,8
487823,487832,487833,1,9
487823,487832,487834,2,9
487823,487832,487833,1,9
487823,487833,487835,2,10
487823,487833,487835,2,10
487823,487833,487835,2,10
487823,487834,487836,2,11
487823,487834,487835,1,11
487823,487834,487836,2,11
487823,487834,487836,2,11
487823,487833,487835,2,10
487823,487833,487835,2,10
487823,487833,487835,2,10
487823,487831,487836,5,8
487823,487833,487836,3,10
485543,485621,487974,2353,78
487976,487976,487978,2,0
487976,487976,487978,2,0
487976,487976,487977,1,0
487976,487976,487977,1,0
487976,487976,487977,1,0
487976,487976,487977,1,0
487976,487976,487977,1,0
487976,487976,487978,2,0
487976,487976,487978,2,0
487976,487976,487978,2,0
487976,487976,487978,2,0
487976,487976,487978,2,0
487976,487976,487978,2,0
487976,487978,487979,1,2
487976,487978,487979,1,2
487976,487978,487980,2,2
487976,487978,487980,2,2
487976,487978,487979,1,2
487976,487978,487979,1,2
487976,487978,487979,1,2
487976,487978,487979,1,2
487976,487979,487981,2,3
487976,487979,487981,2,3
487976,487980,487982,2,4
487976,487980,487981,1,4
487976,487980,487982,2,4
487976,487980,487982,2,4
487976,487979,487981,2,3
487976,487979,487981,2,3
487976,487979,487981,2,3
487976,487980,487981,1,4
487976,487980,487982,2,4
487976,487980,487982,2,4
487976,487980,487982,2,4
487976,487981,487983,2,5
487976,487982,487983,1,6
487976,487982,487984,2,6
487976,487982,487984,2,6
487976,487982,487984,2,6
487976,487982,487984,2,6
487976,487982,487984,2,6
487976,487982,487984,2,6
487976,487982,487984,2,6
487976,487982,487984,2,6
487976,487982,487984,2,6
487976,487982,487984,2,6
487976,487983,487986,3,7
487976,487983,487986,3,7
487976,487984,487986,2,8
487976,487984,487987,3,8
487976,487984,487986,2,8
487976,487984,487987,3,8
487976,487984,487986,2,8
487976,487985,487987,2,9
487976,487985,487987,2,9
487976,487985,487987,2,9
487976,487985,487987,2,9
487976,487985,487988,3,9
487976,487985,487987,2,9
487976,487986,487989,3,10
485774,485909,487993,2084,135
487997,487997,487999,2,0
487997,487997,487999,2,0
487997,487997,487999,2,0
487997,487997,487999,2,0
487997,487997,487999,2,0
487997,487997,487998,1,0
487997,487997,487999,2,0
487997,487997,487999,2,0
487997,487997,487999,2,0
487997,487997,487999,2,0
487997,487997,487999,2,0
487997,487997,487999,2,0
487997,487997,487999,2,0
487997,487997,488000,3,0
485795,485966,487999,2033,171
487997,487999,488001,2,2
487997,487999,488001,2,2
487997,487999,488001,2,2
487997,487999,488001,2,2
487997,487999,488001,2,2
487997,487999,488001,2,2
487997,487999,488001,2,2
487997,487999,488001,2,2
487997,487999,488001,2,2
487997,487999,488001,2,2
487997,487999,488001,2,2
487997,488000,488002,2,3
487997,488000,488002,2,3
487997,488001,488003,2,4
487997,488000,488003,3,3
487997,488001,488003,2,4
487997,488001,488003,2,4
487997,488001,488003,2,4
487997,488000,488002,2,3
487997,488001,488003,2,4
487997,488001,488003,2,4
487997,488001,488003,2,4
487997,488001,488004,3,4
487997,488001,488004,3,4
487997,488001,488004,3,4
487997,488002,488004,2,5
487997,488002,488004,2,5
487997,488002,488004,2,5
487997,488003,488005,2,6
487997,488003,488005,2,6
487997,488003,488005,2,6
487997,488004,488006,2,7
487997,488004,488006,2,7
487997,488003,488005,2,6
487997,488003,488006,3,6
487997,488005,488006,1,8
487997,488003,488006,3,6
487997,488003,488006,3,6
487997,488005,488006,1,8
487997,488005,488006,1,8
487997,488005,488007,2,8
487997,488006,488007,1,9
487997,488006,488007,1,9
487997,488005,488007,2,8
488001,488006,488008,2,5
488001,488006,488007,1,5
488001,488006,488008,2,5
487997,488006,488008,2,9
487997,488006,488008,2,9
488001,488007,488008,1,6
488001,488007,488008,1,6
488001,488007,488008,1,6
488001,488007,488008,1,6
488001,488007,488008,1,6
488001,488007,488008,1,6
488001,488007,488009,2,6
488001,488008,488009,1,7
488001,488008,488010,2,7
488001,488008,488009,1,7
488001,488008,488009,1,7
488001,488008,488010,2,7
488001,488008,488010,2,7
488001,488009,488011,2,8
488001,488009,488011,2,8
488001,488009,488010,1,8
488001,488009,488010,1,8
488001,488009,488010,1,8
488001,488009,488011,2,8
488001,488009,488011,2,8
488001,488009,488011,2,8
488001,488010,488012,2,9
488001,488009,488011,2,8
488001,488010,488012,2,9
488001,488010,488012,2,9
488001,488010,488012,2,9
488001,488011,488013,2,10
488001,488011,488013,2,10
488001,488010,488012,2,9
488001,488011,488013,2,10
488001,488011,488013,2,10
488001,488011,488013,2,10
488001,488011,488013,2,10
488001,488012,488013,1,11
488001,488011,488013,2,10
488001,488012,488014,2,11
488001,488012,488014,2,11
488001,488012,488014,2,11
488001,488012,488014,2,11
488001,488012,488014,2,11
488001,488013,488015,2,12
488001,488013,488015,2,12
488001,488012,488014,2,11
488001,488013,488015,2,12
488001,488013,488015,2,12
488001,488013,488015,2,12
488001,488013,488015,2,12
488001,488014,488016,2,13
488001,488014,488015,1,13
488001,488014,488016,2,13
488001,488015,488016,1,14
488001,488014,488016,2,13
488001,488014,488016,2,13
488001,488014,488016,2,13
488001,488015,488016,1,14
488001,488015,488017,2,14
487522,487567,489350,1783,45
489352,489352,489355,3,0
489352,489353,489355,2,1
489352,489352,489354,2,0
489352,489352,489354,2,0
489352,489353,489354,1,1
489352,489353,489354,1,1
489352,489353,489354,1,1
489352,489353,489355,2,1
489352,489353,489355,2,1
489352,489353,489354,1,1
489352,489353,489354,1,1
489352,489353,489354,1,1
489352,489353,489354,1,1
489352,489353,489355,2,1
489352,489353,489355,2,1
489352,489355,489357,2,3
489352,489355,489357,2,3
489352,489355,489357,2,3
489352,489355,489356,1,3
489352,489355,489356,1,3
489352,489355,489356,1,3
489352,489355,489357,2,3
489352,489355,489357,2,3
489352,489355,489357,2,3
489352,489355,489357,2,3
489352,489355,489357,2,3
489352,489355,489357,2,3
489352,489355,489357,2,3
489352,489356,489359,3,4
489352,489357,489359,2,5
489352,489356,489358,2,4
489352,489357,489359,2,5
489352,489357,489359,2,5
489352,489357,489359,2,5
489352,489357,489359,2,5
489352,489357,489359,2,5
489352,489357,489359,2,5
489352,489358,489360,2,6
489352,489357,489359,2,5
489352,489357,489359,2,5
489352,489358,489360,2,6
489352,489353,489361,8,1
489352,489358,489360,2,6
489352,489358,489360,2,6
489352,489359,489361,2,7
489352,489359,489361,2,7
489352,489359,489361,2,7
489352,489359,489361,2,7
489352,489359,489361,2,7
489352,489359,489361,2,7
489352,489359,489362,3,7
489352,489359,489362,3,7
489352,489359,489362,3,7
489352,489360,489362,2,8
489352,489361,489363,2,9
489352,489361,489363,2,9
489352,489360,489363,3,8
489352,489360,489362,2,8
489352,489360,489363,3,8
489352,489361,489363,2,9
487558,487603,489418,1815,45
489419,489419,489421,2,0
489419,489419,489421,2,0
489419,489419,489421,2,0
489419,489419,489421,2,0
489419,489419,489421,2,0
489419,489419,489421,2,0
489419,489419,489421,2,0
489419,489419,489421,2,0
489419,489419,489421,2,0
489419,489419,489421,2,0
489419,489419,489420,1,0
489419,489419,489421,2,0
489419,489419,489421,2,0
489419,489419,489422,3,0
489419,489419,489421,2,0
489419,489419,489421,2,0
489419,489419,489421,2,0
489419,489421,489423,2,2
489419,489421,489423,2,2
489419,489421,489423,2,2
489419,489421,489423,2,2
489419,489421,489423,2,2
489419,489421,489423,2,2
489419,489421,489423,2,2
489419,489421,489423,2,2
489419,489421,489423,2,2
489419,489421,489423,2,2
489419,489421,489424,3,2
489419,489421,489424,3,2
489419,489422,489424,2,3
489419,489421,489424,3,2
489419,489422,489424,2,3
489419,489422,489425,3,3
489419,489423,489425,2,4
489419,489422,489425,3,3
489419,489423,489425,2,4
489419,489423,489425,2,4
489419,489424,489425,1,5
489419,489423,489425,2,4
489419,489423,489425,2,4
489419,489424,489425,1,5
489419,489423,489426,3,4
489419,489424,489426,2,5
489419,489424,489426,2,5
489419,489424,489427,3,5
489419,489424,489427,3,5
489419,489424,489427,3,5
489419,489424,489427,3,5
489419,489424,489427,3,5
489419,489426,489427,1,7
489419,489426,489427,1,7
489419,489426,489427,1,7
489419,489426,489427,1,7
489419,489426,489427,1,7
489419,489425,489428,3,6
489419,489427,489428,1,8
489419,489426,489428,2,7
489419,489426,489428,2,7
489419,489426,489428,2,7
489419,489427,489429,2,8
487598,487668,489442,1774,70
489443,489443,489445,2,0
489443,489443,489445,2,0
489443,489443,489445,2,0
489443,489443,489445,2,0
489443,489443,489445,2,0
489443,489443,489445,2,0
489443,489443,489445,2,0
489443,489443,489445,2,0
489443,489443,489445,2,0
489443,489443,489445,2,0
489443,489443,489445,2,0
489443,489443,489445,2,0
489443,489443,489445,2,0
489443,489443,489445,2,0
489443,489443,489445,2,0
489443,489443,489445,2,0
487576,487624,489446,1822,48
487593,487646,489446,1800,53
489443,489443,489445,2,0
489443,489443,489446,3,0
489443,489445,489447,2,2
489443,489445,489447,2,2
489443,489445,489447,2,2
489443,489445,489447,2,2
489443,489446,489447,1,3
489443,489446,489447,1,3
489443,489446,489447,1,3
489443,489445,489447,2,2
489443,489446,489447,1,3
489443,489446,489447,1,3
489443,489446,489447,1,3
489443,489446,489447,1,3
489443,489446,489447,1,3
489443,489446,489448,2,3
489443,489446,489448,2,3
489443,489447,489448,1,4
489443,489447,489449,2,4
489443,489446,489448,2,3
489443,489447,489448,1,4
489443,489447,489449,2,4
489443,489448,489450,2,5
489443,489448,489449,1,5
489443,489448,489450,2,5
489443,489448,489449,1,5
489443,489448,489449,1,5
489443,489448,489449,1,5
489443,489448,489450,2,5
489443,489448,489449,1,5
489443,489448,489449,1,5
489443,489448,489450,2,5
489443,489448,489450,2,5
489443,489449,489451,2,6
489443,489449,489450,1,6
489443,489449,489451,2,6
489443,489448,489450,2,5
489443,489448,489450,2,5
489443,489449,489451,2,6
489443,489449,489451,2,6
489447,489450,489452,2,3
489447,489450,489451,1,3
489447,489450,489451,1,3
489443,489450,489452,2,7
489443,489450,489451,1,7
489447,489450,489451,1,3
489447,489450,489451,1,3
489447,489450,489452,2,3
489447,489450,489451,1,3
489443,489449,489451,2,6
489447,489450,489452,2,3
489447,489451,489452,1,4
489447,489451,489453,2,4
489447,489451,489452,1,4
489447,489451,489453,2,4
489443,489450,489452,2,7
489447,489451,489452,1,4
489447,489450,489452,2,3
489447,489451,489453,2,4
489447,489452,489454,2,5
489447,489452,489454,2,5
489447,489452,489454,2,5
489447,489452,489454,2,5
489447,489452,489453,1,5
489447,489452,489454,2,5
489447,489452,489453,1,5
489447,489452,489454,2,5
489447,489452,489454,2,5
489447,489452,489454,2,5
489447,489452,489454,2,5
489447,489453,489455,2,6
489447,489453,489455,2,6
489447,489453,489455,2,6
489447,489453,489455,2,6
489447,489453,489455,2,6
489447,489453,489455,2,6
489447,489452,489455,3,5
489447,489453,489455,2,6
489447,489453,489455,2,6
489447,489454,489456,2,7
489447,489454,489456,2,7
489447,489454,489456,2,7
489447,489454,489456,2,7
489447,489454,489456,2,7
489447,489454,489456,2,7
489447,489454,489456,2,7
489447,489454,489456,2,7
489447,489454,489456,2,7
489447,489455,489457,2,8
489447,489455,489457,2,8
489447,489455,489457,2,8
489447,489454,489456,2,7
489447,489455,489457,2,8
489447,489455,489457,2,8
489447,489454,489456,2,7
489447,489455,489457,2,8
489447,489455,489457,2,8
489447,489456,489458,2,9
489447,489456,489458,2,9
489447,489456,489458,2,9
489447,489456,489458,2,9
489448,489456,489458,2,8
489448,489456,489458,2,8
489447,489455,489458,3,8
489447,489455,489458,3,8
489447,489456,489459,3,9
489448,489457,489459,2,9
489448,489457,489459,2,9
489448,489457,489459,2,9
489448,489457,489459,2,9
489448,489457,489459,2,9
489448,489457,489459,2,9
489448,489457,489459,2,9
489448,489457,489459,2,9
489448,489457,489459,2,9
489448,489458,489459,1,10
489448,489458,489460,2,10
489448,489458,489460,2,10
489448,489459,489460,1,11
489448,489459,489461,2,11
489448,489459,489460,1,11
489448,489459,489460,1,11
489448,489459,489460,1,11
489448,489459,489460,1,11
489448,489459,489460,1,11
489448,489459,489461,2,11
489448,489460,489461,1,12
489448,489460,489461,1,12
489448,489459,489461,2,11
489448,489460,489461,1,12
489448,489460,489461,1,12
489448,489460,489461,1,12
489448,489460,489462,2,12
489448,489459,489462,3,11
489448,489461,489462,1,13
489448,489461,489462,1,13
489448,489461,489463,2,13
489448,489461,489463,2,13
489448,489460,489462,2,12
489448,489461,489462,1,13
489448,489460,489462,2,12
489448,489461,489463,2,13
489448,489461,489463,2,13
489448,489462,489463,1,14
489448,489462,489463,1,14
489448,489461,489463,2,13
489448,489462,489464,2,14
489448,489462,489464,2,14
489448,489461,489463,2,13
489448,489462,489463,1,14
489448,489462,489463,1,14
489448,489462,489464,2,14
489448,489463,489464,1,15
489448,489462,489464,2,14
489448,489463,489464,1,15
489448,489463,489465,2,15
489448,489463,489465,2,15
489448,489463,489465,2,15
489448,489463,489465,2,15
489448,489464,489465,1,16
489448,489463,489465,2,15
489448,489463,489465,2,15
489448,489463,489465,2,15
489448,489463,489465,2,15
500544,500544,502132,1588,0
502133,502133,502135,2,0
502133,502133,502135,2,0
502133,502135,502137,2,2
502133,502136,502138,2,3
502133,502133,502138,5,0
502133,502137,502139,2,4
502133,502138,502140,2,5
502133,502139,502141,2,6
502133,502140,502142,2,7
502133,502141,502143,2,8
502133,502142,502144,2,9
502133,502143,502145,2,10
502133,502144,502146,2,11
502133,502145,502147,2,12
502133,502146,502148,2,13
502133,502148,502149,1,15
502133,502149,502150,1,16
502133,502139,502150,11,6
502133,502150,502151,1,17
502133,502151,502153,2,18
502133,502152,502153,1,19
502133,502151,502155,4,18
502133,502153,502155,2,20
502133,502154,502155,1,21
502133,502156,502158,2,23
502133,502156,502157,1,23
502133,502155,502159,4,22
502133,502158,502160,2,25
502133,502158,502160,2,25
502133,502159,502161,2,26
502133,502160,502162,2,27
502133,502160,502162,2,27
502133,502161,502163,2,28
502133,502162,502164,2,29
502133,502162,502164,2,29
502133,502163,502165,2,30
502133,502164,502166,2,31
502133,502165,502167,2,32
502133,502165,502168,3,32
502133,502167,502169,2,34
502133,502167,502169,2,34
502133,502168,502171,3,35
502133,502169,502171,2,36
502133,502170,502173,3,37
502133,502171,502174,3,38
502133,502172,502175,3,39
502133,502173,502176,3,40
502133,502175,502177,2,42
502133,502176,502179,3,43
502133,502177,502179,2,44
502133,502178,502181,3,45
502133,502179,502182,3,46
502133,502180,502182,2,47
502133,502181,502184,3,48
502133,502183,502186,3,50
502133,502183,502186,3,50
502133,502184,502186,2,51
502133,502186,502188,2,53
502133,502186,502188,2,53
502133,502187,502189,2,54
502133,502189,502191,2,56
502133,502189,502191,2,56
502133,502190,502192,2,57
502133,502192,502194,2,59
502133,502192,502195,3,59
502133,502192,502195,3,59
502133,502195,502197,2,62
502133,502195,502198,3,62
502133,502195,502198,3,62
500544,500544,502200,1656,0
502133,502198,502200,2,65
502133,502198,502200,2,65
502133,502198,502200,2,65
500546,500546,502202,1656,0
502133,502200,502202,2,67
502133,502201,502203,2,68
502133,502201,502204,3,68
502133,502201,502203,2,68
502133,502203,502204,1,70
502133,502203,502205,2,70
502133,502204,502206,2,71
502133,502204,502206,2,71
502133,502205,502206,1,72
502133,502204,502206,2,71
502133,502207,502208,1,74
502133,502206,502208,2,73
502133,502206,502209,3,73
502133,502206,502208,2,73
502133,502207,502209,2,74
502133,502209,502211,2,76
502133,502209,502211,2,76
502133,502209,502211,2,76
502133,502210,502211,1,77
502133,502211,502212,1,78
502133,502211,502213,2,78
502133,502211,502213,2,78
502133,502211,502213,2,78
502133,502212,502213,1,79
502133,502213,502214,1,80
502133,502213,502215,2,80
502133,502213,502215,2,80
502133,502214,502215,1,81
502201,502215,502217,2,14
502201,502215,502217,2,14
502201,502216,502217,1,15
502201,502216,502218,2,15
502201,502217,502218,1,16
502201,502218,502219,1,17
502201,502218,502219,1,17
502201,502218,502220,2,17
502201,502219,502220,1,18
502201,502220,502221,1,19
502201,502220,502221,1,19
502201,502220,502222,2,19
502201,502221,502223,2,20
502201,502222,502223,1,21
502201,502222,502224,2,21
500549,500549,502224,1675,0
502201,502222,502224,2,21
502201,502223,502225,2,22
502201,502224,502226,2,23
502201,502224,502225,1,23
502201,502225,502227,2,24
502201,502225,502226,1,24
502201,502225,502227,2,24
502201,502226,502227,1,25
502201,502226,502228,2,25
502201,502227,502228,1,26
502201,502227,502229,2,26
502201,502227,502229,2,26
502201,502228,502230,2,27
502201,502228,502230,2,27
502201,502229,502230,1,28
502201,502229,502231,2,28
502201,502229,502231,2,28
502201,502230,502232,2,29
502201,502230,502232,2,29
502201,502231,502233,2,30
502201,502231,502234,3,30
502201,502233,502236,3,32
502201,502233,502236,3,32
502201,502233,502236,3,32
502201,502235,502237,2,34
502201,502236,502239,3,35
502201,502236,502239,3,35
502201,502237,502239,2,36
502201,502238,502240,2,37
502201,502240,502242,2,39
502201,502240,502242,2,39
502201,502240,502242,2,39
500548,500548,502243,1695,0
502201,502241,502243,2,40
502201,502243,502244,1,42
502201,502243,502245,2,42
502201,502243,502246,3,42
502201,502243,502246,3,42
502201,502244,502246,2,43
502201,502245,502247,2,44
502201,502245,502248,3,44
502201,502246,502248,2,45
502201,502246,502249,3,45
502201,502246,502248,2,45
502201,502247,502249,2,46
502201,502248,502251,3,47
502201,502248,502250,2,47
502201,502249,502251,2,48
502201,502249,502251,2,48
502201,502249,502251,2,48
502201,502250,502252,2,49
502201,502252,502254,2,51
502201,502252,502254,2,51
502201,502252,502254,2,51
502201,502252,502254,2,51
502201,502252,502254,2,51
502201,502253,502255,2,52
502201,502255,502256,1,54
502201,502255,502257,2,54
502201,502255,502257,2,54
502201,502256,502258,2,55
502201,502257,502259,2,56
502201,502257,502259,2,56
502201,502258,502260,2,57
502201,502258,502260,2,57
502201,502257,502260,3,56
502201,502259,502261,2,58
502201,502259,502261,2,58
502201,502260,502262,2,59
502201,502260,502262,2,59
502201,502259,502262,3,58
502201,502260,502262,2,59
502201,502261,502263,2,60
502201,502261,502263,2,60
502201,502263,502265,2,62
502201,502263,502264,1,62
502201,502262,502264,2,61
502201,502263,502264,1,62
502201,502263,502265,2,62
502201,502264,502265,1,63
502201,502265,502266,1,64
502201,502265,502266,1,64
502201,502265,502266,1,64
502201,502265,502266,1,64
502201,502265,502267,2,64
502201,502266,502267,1,65
502203,502267,502269,2,64
502203,502267,502268,1,64
502203,502267,502268,1,64
502203,502267,502269,2,64
502203,502268,502269,1,65
502203,502269,502271,2,66
502203,502269,502270,1,66
502203,502269,502270,1,66
502203,502269,502271,2,66
502203,502270,502271,1,67
502203,502271,502273,2,68
502203,502271,502272,1,68
502203,502271,502272,1,68
502203,502272,502273,1,69
502203,502272,502273,1,69
502203,502273,502275,2,70
502203,502273,502275,2,70
502203,502273,502275,2,70
502203,502274,502275,1,71
502203,502274,502275,1,71
502203,502275,502277,2,72
502203,502275,502276,1,72
502203,502276,502277,1,73
502203,502275,502277,2,72
502203,502276,502277,1,73
502203,502277,502279,2,74
502203,502277,502279,2,74
502203,502278,502279,1,75
502203,502278,502280,2,75
502203,502278,502280,2,75
502203,502279,502281,2,76
502203,502280,502281,1,77
502203,502280,502281,1,77
502203,502281,502282,1,78
502203,502280,502282,2,77
502203,502282,502284,2,79
502203,502282,502283,1,79
502203,502283,502284,1,80
502203,502282,502284,2,79
502203,502284,502286,2,81
502203,502283,502285,2,80
502203,502284,502286,2,81
502203,502285,502287,2,82
502203,502286,502288,2,83
502203,502285,502287,2,82
502203,502286,502289,3,83
502203,502287,502289,2,84
502203,502288,502290,2,85
502203,502288,502290,2,85
502203,502288,502290,2,85
502203,502289,502292,3,86
502203,502290,502292,2,87
502203,502291,502293,2,88
502203,502291,502294,3,88
502203,502291,502293,2,88
502203,502292,502295,3,89
502203,502293,502295,2,90
502203,502294,502296,2,91
502203,502294,502296,2,91
502203,502294,502297,3,91
502203,502295,502298,3,92
502203,502296,502299,3,93
502203,502296,502299,3,93
502203,502297,502299,2,94
502203,502297,502299,2,94
500548,500548,502301,1753,0
502203,502299,502301,2,96
502203,502299,502301,2,96
502203,502300,502302,2,97
502203,502299,502302,3,96
502203,502300,502303,3,97
502203,502302,502304,2,99
502203,502301,502304,3,98
502203,502302,502304,2,99
502203,502303,502305,2,100
502203,502304,502306,2,101
502203,502305,502306,1,102
502203,502304,502307,3,101
502203,502305,502307,2,102
502203,502306,502308,2,103
502203,502307,502308,1,104
502203,502308,502309,1,105
502203,502307,502309,2,104
502203,502307,502310,3,104
502203,502309,502311,2,106
502203,502310,502312,2,107
502203,502309,502311,2,106
502203,502310,502312,2,107
502203,502311,502312,1,108
502203,502311,502313,2,108
502203,502311,502313,2,108
502203,502312,502313,1,109
502203,502312,502313,1,109
502203,502312,502313,1,109
500551,500551,502314,1763,0
502203,502313,502315,2,110
502203,502314,502316,2,111
502203,502314,502315,1,111
502203,502314,502315,1,111
502203,502314,502316,2,111
502203,502315,502316,1,112
502225,502316,502317,1,91
502225,502316,502318,2,91
502225,502316,502318,2,91
502225,502316,502318,2,91
502225,502317,502318,1,92
502203,502313,502319,6,110
502225,502318,502319,1,93
502225,502318,502320,2,93
502225,502318,502320,2,93
502225,502319,502321,2,94
502225,502319,502321,2,94
502225,502320,502321,1,95
502225,502320,502322,2,95
502225,502321,502322,1,96
502225,502321,502322,1,96
502225,502321,502323,2,96
502225,502322,502324,2,97
502225,502321,502323,2,96
502225,502323,502325,2,98
502225,502323,502325,2,98
502225,502323,502325,2,98
502225,502323,502325,2,98
502225,502324,502325,1,99
502225,502324,502326,2,99
502225,502325,502326,1,100
502225,502325,502326,1,100
502225,502325,502327,2,100
502225,502326,502327,1,101
502225,502326,502328,2,101
502225,502327,502328,1,102
502225,502327,502329,2,102
502225,502327,502329,2,102
502225,502328,502330,2,103
502225,502326,502330,4,101
502225,502329,502331,2,104
502225,502329,502331,2,104
502225,502330,502332,2,105
502225,502330,502332,2,105
502225,502330,502332,2,105
502225,502331,502333,2,106
502225,502331,502333,2,106
502225,502332,502334,2,107
502225,502333,502335,2,108
500554,500554,502335,1781,0
502225,502333,502335,2,108
500565,500565,502335,1770,0
502225,502333,502335,2,108
502225,502334,502337,3,109
502225,502334,502337,3,109
502225,502335,502338,3,110
502225,502335,502337,2,110
502225,502336,502339,3,111
502225,502336,502338,2,111
502225,502336,502339,3,111
502225,502336,502339,3,111
502225,502337,502339,2,112
502225,502338,502341,3,113
502225,502338,502341,3,113
502225,502338,502341,3,113
500557,500557,502341,1784,0
502225,502339,502342,3,114
502225,502339,502341,2,114
502225,502339,502342,3,114
502225,502339,502342,3,114
502225,502340,502342,2,115
502225,502341,502344,3,116
502225,502341,502344,3,116
502225,502341,502344,3,116
502225,502342,502345,3,117
502225,502342,502344,2,117
502225,502343,502345,2,118
502225,502344,502347,3,119
502225,502344,502347,3,119
502225,502345,502347,2,120
502225,502345,502348,3,120
502225,502345,502347,2,120
502225,502346,502348,2,121
502225,502347,502349,2,122
502225,502347,502349,2,122
502225,502348,502349,1,123
502225,502348,502350,2,123
502225,502349,502350,1,124
502225,502348,502350,2,123
502225,502349,502351,2,124
502225,502349,502351,2,124
502225,502350,502352,2,125
502225,502351,502352,1,126
502225,502351,502352,1,126
502225,502351,502353,2,126
502225,502351,502353,2,126
502225,502341,502344,3,116
502225,502342,502345,3,117
502225,502352,502353,1,127
502225,502352,502353,1,127
502225,502353,502354,1,128
502225,502353,502354,1,128
502225,502353,502355,2,128
502225,502353,502355,2,128
502225,502353,502355,2,128
502225,502354,502355,1,129
502225,502354,502356,2,129
502225,502354,502355,1,129
502225,502353,502356,3,128
502225,502355,502356,1,130
502245,502355,502357,2,110
502245,502356,502357,1,111
502245,502356,502357,1,111
502245,502356,502357,1,111
502245,502357,502358,1,112
502245,502356,502358,2,111
502245,502356,502357,1,111
502245,502357,502358,1,112
502245,502358,502359,1,113
502245,502358,502359,1,113
502245,502358,502359,1,113
502245,502358,502359,1,113
502245,502358,502360,2,113
500556,500556,502360,1804,0
502245,502358,502360,2,113
502245,502358,502359,1,113
502245,502359,502360,1,114
502245,502360,502361,1,115
502245,502360,502361,1,115
502245,502360,502362,2,115
502245,502360,502361,1,115
502245,502360,502361,1,115
502245,502361,502362,1,116
502245,502362,502363,1,117
502245,502362,502364,2,117
502245,502362,502363,1,117
502245,502362,502364,2,117
502245,502362,502364,2,117
502245,502363,502365,2,118
502245,502364,502365,1,119
502245,502364,502366,2,119
502245,502364,502366,2,119
502245,502364,502366,2,119
502245,502364,502366,2,119
502245,502365,502367,2,120
502245,502366,502368,2,121
502245,502366,502368,2,121
502245,502366,502368,2,121
500561,500561,502368,1807,0
502245,502366,502368,2,121
502245,502367,502370,3,122
502245,502368,502370,2,123
502245,502368,502370,2,123
502245,502368,502370,2,123
502245,502368,502370,2,123
502245,502368,502370,2,123
502245,502369,502371,2,124
502245,502369,502371,2,124
502245,502369,502371,2,124
502245,502369,502372,3,124
502245,502370,502372,2,125
502245,502371,502373,2,126
502245,502371,502373,2,126
502245,502370,502372,2,125
502245,502371,502373,2,126
502245,502371,502373,2,126
502245,502371,502373,2,126
502245,502372,502374,2,127
502245,502372,502375,3,127
502245,502373,502375,2,128
502245,502372,502375,3,127
502245,502374,502375,1,129
502245,502373,502375,2,128
502245,502373,502375,2,128
502245,502373,502375,2,128
502245,502374,502376,2,129
502245,502374,502376,2,129
502245,502374,502376,2,129
502245,502375,502377,2,130
502245,502376,502378,2,131
502245,502375,502377,2,130
502245,502376,502378,2,131
502245,502376,502378,2,131
502245,502376,502378,2,131
502245,502377,502379,2,132
502245,502376,502379,3,131
502245,502376,502379,3,131
502245,502377,502379,2,132
502245,502377,502379,2,132
502245,502378,502380,2,133
502245,502378,502380,2,133
502245,502378,502380,2,133
502245,502379,502381,2,134
502245,502379,502381,2,134
502245,502379,502381,2,134
502245,502379,502381,2,134
502245,502379,502381,2,134
502245,502379,502381,2,134
502245,502380,502382,2,135
502245,502380,502382,2,135
502245,502381,502382,1,136
502245,502381,502382,1,136
502245,502381,502383,2,136
502245,502381,502383,2,136
502245,502382,502383,1,137
502245,502382,502383,1,137
502245,502382,502383,1,137
502245,502382,502383,1,137
502245,502382,502383,1,137
502245,502383,502384,1,138
502245,502383,502384,1,138
502245,502383,502384,1,138
502303,502383,502385,2,80
502303,502384,502385,1,81
502303,502384,502385,1,81
502303,502384,502385,1,81
502303,502384,502385,1,81
502303,502384,502385,1,81
502303,502385,502386,1,82
502303,502385,502386,1,82
502303,502385,502386,1,82
502303,502385,502387,2,82
502303,502386,502387,1,83
500567,500567,502388,1821,0
502303,502386,502387,1,83
502303,502386,502387,1,83
502303,502386,502387,1,83
502303,502387,502388,1,84
502303,502386,502388,2,83
502303,502387,502388,1,84
502303,502387,502388,1,84
502303,502388,502389,1,85
502303,502388,502389,1,85
502303,502388,502389,1,85
502303,502388,502389,1,85
502303,502388,502389,1,85
502303,502388,502389,1,85
502303,502387,502389,2,84
502303,502388,502390,2,85
502303,502389,502390,1,86
502303,502389,502390,1,86
500547,500547,502392,1845,0
502303,502390,502391,1,87
502303,502390,502392,2,87
502303,502390,502392,2,87
502303,502390,502392,2,87
502303,502390,502392,2,87
502303,502390,502392,2,87
502303,502391,502392,1,88
502303,502391,502393,2,88
502303,502391,502393,2,88
502303,502390,502393,3,87
502303,502392,502394,2,89
502303,502392,502394,2,89
502303,502392,502394,2,89
502303,502392,502395,3,89
502303,502392,502395,3,89
502303,502392,502395,3,89
502303,502393,502395,2,90
502303,502393,502396,3,90
502303,502393,502395,2,90
502303,502394,502396,2,91
502303,502395,502397,2,92
502303,502395,502397,2,92
502303,502396,502398,2,93
502303,502395,502398,3,92
502303,502395,502398,3,92
502303,502395,502398,3,92
502303,502396,502398,2,93
502303,502396,502399,3,93
502303,502397,502399,2,94
502303,502397,502400,3,94
502303,502398,502400,2,95
502303,502398,502400,2,95
502303,502399,502401,2,96
502303,502398,502401,3,95
502303,502399,502401,2,96
502303,502400,502402,2,97
502303,502401,502403,2,98
502303,502400,502403,3,97
502303,502401,502404,3,98
502303,502401,502403,2,98
502303,502401,502403,2,98
502303,502402,502404,2,99
502303,502401,502404,3,98
502303,502403,502405,2,100
502303,502403,502405,2,100
502303,502404,502406,2,101
502303,502404,502406,2,101
502303,502404,502406,2,101
502303,502404,502406,2,101
502303,502405,502406,1,102
502303,502394,502397,3,91
502303,502404,502406,2,101
502303,502404,502406,2,101
502303,502405,502407,2,102
502303,502406,502407,1,103
502303,502406,502408,2,103
502303,502406,502408,2,103
502303,502406,502408,2,103
502303,502406,502408,2,103
502303,502407,502408,1,104
502303,502407,502408,1,104
502303,502407,502409,2,104
500552,500552,502409,1857,0
500563,500563,502409,1846,0
502303,502407,502409,2,104
502303,502408,502409,1,105
502303,502407,502409,2,104
502303,502407,502409,2,104
502303,502408,502409,1,105
502303,502409,502410,1,106
502303,502409,502410,1,106
502303,502409,502410,1,106
502303,502409,502410,1,106
502303,502409,502410,1,106
500558,500559,502411,1852,1
502315,502410,502411,1,95
502315,502410,502411,1,95
502315,502410,502411,1,95
502315,502410,502411,1,95
502315,502411,502412,1,96
502315,502410,502411,1,95
502315,502411,502412,1,96
502315,502411,502412,1,96
502315,502411,502412,1,96
502315,502411,502412,1,96
502315,502412,502414,2,97
502315,502412,502414,2,97
502315,502412,502413,1,97
502315,502412,502413,1,97
502315,502412,502413,1,97
502315,502412,502413,1,97
502315,502412,502413,1,97
502315,502413,502414,1,98
502315,502413,502414,1,98
502315,502413,502414,1,98
502315,502413,502414,1,98
502315,502414,502415,1,99
502315,502414,502415,1,99
502315,502414,502415,1,99
502315,502414,502416,2,99
502315,502414,502415,1,99
502315,502414,502416,2,99
502315,502414,502416,2,99
502315,502415,502417,2,100
502315,502415,502416,1,100
502315,502415,502416,1,100
502315,502415,502417,2,100
502315,502415,502417,2,100
502315,502416,502418,2,101
502315,502416,502418,2,101
502315,502416,502418,2,101
502315,502416,502419,3,101
502315,502417,502419,2,102
502315,502417,502419,2,102
502315,502416,502419,3,101
502315,502416,502419,3,101
502315,502417,502419,2,102
502315,502417,502419,2,102
502315,502417,502420,3,102
502315,502418,502421,3,103
502315,502419,502421,2,104
502315,502419,502421,2,104
502315,502420,502421,1,105
502315,502420,502422,2,105
502315,502419,502422,3,104
502315,502419,502422,3,104
502315,502419,502422,3,104
502315,502420,502422,2,105
502315,502420,502423,3,105
502315,502419,502423,4,104
502315,502421,502423,2,106
502315,502422,502424,2,107
502315,502421,502423,2,106
502315,502422,502424,2,107
502315,502422,502424,2,107
502315,502422,502425,3,107
502315,502423,502425,2,108
502315,502423,502425,2,108
502315,502423,502425,2,108
502315,502424,502426,2,109
502315,502423,502426,3,108
502315,502423,502426,3,108
502315,502424,502426,2,109
502315,502424,502426,2,109
502315,502424,502426,2,109
502315,502425,502427,2,110
502315,502423,502426,3,108
502315,502424,502427,3,109
502315,502426,502428,2,111
502315,502426,502428,2,111
502315,502426,502428,2,111
502315,502426,502428,2,111
502315,502426,502428,2,111
502315,502425,502428,3,110
502315,502426,502428,2,111
502315,502427,502429,2,112
502315,502427,502428,1,112
502315,502427,502428,1,112
502315,502427,502429,2,112
502315,502428,502430,2,113
502315,502428,502430,2,113
502315,502429,502430,1,114
502315,502427,502429,2,112
502315,502428,502429,1,113
502315,502428,502430,2,113
502315,502429,502430,1,114
502315,502429,502430,1,114
502315,502429,502430,1,114
502315,502428,502430,2,113
502315,502429,502431,2,114
502315,502429,502430,1,114
502315,502430,502432,2,115
502315,502430,502431,1,115
502315,502430,502431,1,115
502336,502430,502432,2,94
502336,502430,502431,1,94
502336,502431,502432,1,95
502336,502431,502432,1,95
502336,502431,502433,2,95
502336,502431,502432,1,95
502336,502431,502432,1,95
502336,502431,502433,2,95
502336,502432,502433,1,96
502336,502432,502433,1,96
502336,502432,502433,1,96
502336,502432,502434,2,96
502336,502433,502434,1,97
502336,502432,502434,2,96
502336,502433,502434,1,97
502336,502433,502434,1,97
502336,502433,502435,2,97
502336,502434,502435,1,98
502336,502434,502435,1,98
502336,502434,502435,1,98
502336,502434,502435,1,98
502336,502435,502436,1,99
502336,502435,502436,1,99
502336,502435,502436,1,99
502336,502435,502436,1,99
502336,502435,502436,1,99
502336,502435,502437,2,99
500562,500562,502436,1874,0
502336,502436,502437,1,100
502336,502436,502437,1,100
502336,502436,502437,1,100
502336,502436,502437,1,100
502336,502435,502437,2,99
502315,502436,502438,2,121
502336,502437,502438,1,101
502336,502437,502438,1,101
502336,502437,502438,1,101
502336,502437,502438,1,101
502336,502438,502440,2,102
502336,502437,502439,2,101
502336,502438,502440,2,102
502336,502438,502440,2,102
502336,502437,502440,3,101
502336,502439,502441,2,103
502336,502438,502440,2,102
502336,502438,502440,2,102
502336,502438,502440,2,102
502336,502439,502441,2,103
502336,502439,502441,2,103
502336,502439,502441,2,103
502336,502439,502441,2,103
502336,502440,502443,3,104
502336,502440,502442,2,104
502336,502440,502443,3,104
502336,502440,502443,3,104
502336,502441,502443,2,105
502336,502441,502444,3,105
502336,502441,502444,3,105
502336,502441,502444,3,105
502336,502442,502445,3,106
502336,502442,502445,3,106
502336,502442,502445,3,106
502336,502442,502445,3,106
502336,502443,502446,3,107
502336,502443,502446,3,107
502336,502443,502446,3,107
502336,502444,502446,2,108
502336,502444,502447,3,108
502336,502445,502447,2,109
502336,502445,502447,2,109
502336,502445,502447,2,109
502336,502444,502447,3,108
502336,502444,502446,2,108
502336,502445,502447,2,109
502336,502446,502448,2,110
502336,502446,502448,2,110
502336,502446,502448,2,110
502336,502447,502449,2,111
502336,502447,502449,2,111
502336,502447,502449,2,111
502336,502447,502449,2,111
502336,502447,502449,2,111
502336,502448,502449,1,112
502336,502448,502449,1,112
502336,502441,502443,2,105
502336,502448,502450,2,112
502336,502449,502450,1,113
502336,502447,502450,3,111
502336,502449,502451,2,113
502336,502449,502451,2,113
502336,502450,502451,1,114
502336,502450,502451,1,114
502336,502450,502451,1,114
502336,502450,502451,1,114
502336,502450,502451,1,114
502336,502450,502451,1,114
502336,502450,502452,2,114
502336,502450,502452,2,114
502336,502451,502452,1,115
502336,502451,502452,1,115
502336,502451,502452,1,115
502337,502452,502453,1,115
502336,502450,502453,3,114
502337,502451,502453,2,114
502337,502452,502453,1,115
502337,502452,502453,1,115
502337,502452,502453,1,115
502337,502452,502453,1,115
502337,502452,502453,1,115
502337,502452,502454,2,115
502337,502452,502454,2,115
502337,502453,502454,1,116
502337,502453,502454,1,116
502337,502453,502454,1,116
502337,502453,502455,2,116
502337,502453,502455,2,116
502337,502454,502455,1,117
502337,502454,502455,1,117
502337,502454,502455,1,117
502337,502454,502455,1,117
502337,502454,502455,1,117
502337,502454,502455,1,117
502337,502455,502456,1,118
502337,502455,502456,1,118
502337,502455,502456,1,118
502337,502455,502456,1,118
502337,502455,502456,1,118
502337,502456,502457,1,119
502337,502456,502457,1,119
502337,502456,502458,2,119
502337,502456,502458,2,119
502337,502456,502457,1,119
502337,502456,502458,2,119
502337,502457,502458,1,120
502337,502455,502456,1,118
502337,502457,502459,2,120
502337,502457,502459,2,120
502337,502457,502459,2,120
502337,502457,502459,2,120
502337,502458,502460,2,121
502337,502459,502461,2,122
502337,502458,502461,3,121
502337,502458,502461,3,121
502337,502458,502461,3,121
502337,502458,502461,3,121
502337,502458,502461,3,121
502337,502459,502462,3,122
502337,502459,502463,4,122
502337,502459,502463,4,122
502337,502459,502463,4,122
502337,502459,502463,4,122
502337,502461,502465,4,124
502337,502462,502464,2,125
502337,502462,502464,2,125
502337,502462,502464,2,125
502337,502462,502464,2,125
502337,502460,502464,4,123
502337,502461,502465,4,124
502337,502461,502465,4,124
502337,502464,502466,2,127
502337,502463,502466,3,126
502337,502463,502466,3,126
502337,502464,502466,2,127
502337,502465,502466,1,128
502337,502465,502467,2,128
502337,502465,502466,1,128
502337,502464,502466,2,127
502337,502465,502467,2,128
502337,502465,502467,2,128
502337,502465,502467,2,128
502337,502465,502467,2,128
502337,502466,502467,1,129
502337,502465,502467,2,128
502337,502467,502468,1,130
502337,502467,502468,1,130
502337,502467,502469,2,130
502337,502467,502469,2,130
502337,502467,502468,1,130
502337,502467,502469,2,130
502337,502466,502469,3,129
502337,502467,502469,2,130
502337,502467,502469,2,130
502337,502468,502469,1,131
502337,502468,502470,2,131
502337,502468,502470,2,131
502337,502469,502470,1,132
502337,502469,502470,1,132
502337,502469,502471,2,132
502337,502469,502471,2,132
502337,502469,502470,1,132
502337,502469,502471,2,132
502337,502470,502471,1,133
502337,502470,502471,1,133
502337,502470,502472,2,133
502337,502470,502472,2,133
502337,502470,502472,2,133
502337,502470,502471,1,133
502337,502471,502472,1,134
502337,502471,502473,2,134
502337,502471,502473,2,134
502337,502471,502473,2,134
502342,502472,502473,1,130
502342,502472,502473,1,130
502337,502472,502474,2,135
502342,502472,502474,2,130
502342,502472,502474,2,130
502342,502472,502474,2,130
502342,502472,502473,1,130
502342,502473,502474,1,131
502342,502473,502475,2,131
502342,502473,502475,2,131
502342,502473,502474,1,131
502342,502474,502475,1,132
502342,502474,502475,1,132
502342,502474,502475,1,132
502342,502474,502475,1,132
502342,502474,502476,2,132
502342,502474,502476,2,132
502342,502474,502476,2,132
502342,502474,502476,2,132
502342,502475,502477,2,133
502342,502476,502477,1,134
502342,502476,502477,1,134
502342,502476,502477,1,134
502342,502476,502477,1,134
502342,502476,502477,1,134
502342,502477,502478,1,135
502342,502477,502478,1,135
502342,502476,502479,3,134
502342,502478,502479,1,136
502342,502478,502479,1,136
502342,502477,502479,2,135
502342,502478,502479,1,136
502342,502478,502479,1,136
502342,502478,502479,1,136
502342,502478,502480,2,136
502342,502478,502480,2,136
502342,502479,502480,1,137
502342,502479,502482,3,137
502342,502480,502482,2,138
502342,502480,502482,2,138
502342,502480,502482,2,138
502342,502479,502482,3,137
502342,502480,502482,2,138
502342,502480,502482,2,138
502342,502480,502482,2,138
502342,502480,502483,3,138
502342,502481,502484,3,139
502342,502481,502484,3,139
502342,502482,502485,3,140
502342,502482,502485,3,140
502342,502482,502485,3,140
502342,502482,502485,3,140
502342,502483,502486,3,141
502342,502483,502486,3,141
502342,502483,502486,3,141
502342,502483,502486,3,141
502342,502483,502486,3,141
502342,502484,502487,3,142
502342,502485,502488,3,143
502342,502485,502488,3,143
502342,502485,502488,3,143
502342,502486,502489,3,144
502342,502486,502489,3,144
502342,502485,502489,4,143
502342,502487,502489,2,145
502342,502486,502490,4,144
502342,502487,502490,3,145
502342,502487,502489,2,145
502342,502487,502490,3,145
502342,502488,502490,2,146
502342,502488,502490,2,146
502342,502489,502491,2,147
502342,502489,502491,2,147
502342,502489,502491,2,147
502342,502489,502492,3,147
502342,502490,502491,1,148
502342,502490,502492,2,148
502342,502491,502492,1,149
502342,502491,502492,1,149
502342,502491,502492,1,149
502342,502490,502492,2,148
502342,502491,502493,2,149
502342,502491,502493,2,149
502342,502490,502493,3,148
502342,502492,502493,1,150
502342,502492,502494,2,150
502342,502492,502494,2,150
502342,502492,502494,2,150
502342,502493,502494,1,151
502342,502493,502494,1,151
502342,502493,502494,1,151
502342,502493,502495,2,151
502342,502494,502495,1,152
502342,502494,502495,1,152
502342,502494,502495,1,152
502342,502494,502496,2,152
502342,502494,502496,2,152
502342,502494,502496,2,152
502342,502494,502496,2,152
502342,502495,502496,1,153
502342,502495,502496,1,153
502368,502495,502497,2,127
502368,502496,502497,1,128
502368,502496,502497,1,128
502368,502496,502497,1,128
502368,502497,502498,1,129
502368,502496,502498,2,128
502368,502496,502498,2,128
502368,502496,502498,2,128
502368,502497,502498,1,129
502368,502497,502499,2,129
502368,502498,502499,1,130
502368,502498,502499,1,130
502368,502498,502499,1,130
502368,502498,502499,1,130
502368,502498,502500,2,130
502368,502498,502500,2,130
502368,502498,502500,2,130
502368,502497,502500,3,129
502368,502499,502501,2,131
502368,502500,502501,1,132
502368,502500,502501,1,132
502368,502499,502501,2,131
502368,502500,502501,1,132
502368,502500,502501,1,132
502368,502500,502502,2,132
502368,502500,502502,2,132
502368,502501,502503,2,133
502368,502501,502503,2,133
502368,502501,502502,1,133
502368,502502,502503,1,134
502368,502502,502504,2,134
502368,502502,502504,2,134
502368,502502,502504,2,134
502368,502502,502504,2,134
502368,502502,502504,2,134
502368,502502,502504,2,134
502368,502503,502505,2,135
502368,502503,502506,3,135
502368,502504,502506,2,136
502368,502503,502506,3,135
502368,502504,502506,2,136
502368,502504,502506,2,136
502368,502505,502507,2,137
502368,502505,502507,2,137
502368,502505,502507,2,137
502368,502505,502508,3,137
502368,502506,502508,2,138
502368,502507,502509,2,139
502368,502507,502510,3,139
502368,502507,502510,3,139
502368,502508,502511,3,140
502368,502508,502511,3,140
502368,502508,502511,3,140
502368,502507,502511,4,139
502368,502510,502512,2,142
502368,502510,502513,3,142
502368,502510,502514,4,142
502368,502511,502514,3,143
502368,502513,502515,2,145
502368,502513,502516,3,145
502368,502512,502517,5,144
502368,502507,502509,2,139
502368,502514,502517,3,146
502368,502515,502517,2,147
502368,502516,502518,2,148
502368,502516,502519,3,148
502368,502517,502519,2,149
502368,502518,502520,2,150
502368,502517,502520,3,149
502368,502519,502521,2,151
502368,502517,502521,4,149
502368,502517,502520,3,149
502368,502520,502521,1,152
502368,502520,502522,2,152
502368,502520,502522,2,152
502368,502509,502512,3,141
502368,502521,502523,2,153
502368,502521,502523,2,153
502368,502521,502523,2,153
502368,502522,502524,2,154
502368,502522,502524,2,154
502368,502521,502523,2,153
502368,502523,502524,1,155
502368,502523,502524,1,155
502368,502523,502525,2,155
502368,502524,502525,1,156
502368,502523,502526,3,155
502368,502523,502525,2,155
502368,502524,502526,2,156
502368,502524,502526,2,156
502368,502525,502526,1,157
502368,502523,502526,3,155
502368,502525,502526,1,157
502368,502525,502526,1,157
502368,502525,502527,2,157
502368,502526,502527,1,158
502368,502526,502527,1,158
502368,502526,502527,1,158
502368,502526,502528,2,158
502368,502527,502529,2,159
502370,502527,502529,2,157
502370,502527,502529,2,157
502370,502527,502529,2,157
502370,502528,502529,1,158
502370,502528,502529,1,158
502370,502528,502529,1,158
502370,502528,502530,2,158
502370,502528,502530,2,158
502370,502529,502531,2,159
502370,502529,502530,1,159
502370,502529,502531,2,159
502370,502529,502531,2,159
502370,502530,502532,2,160
502370,502530,502531,1,160
502370,502531,502532,1,161
502370,502531,502532,1,161
502370,502531,502532,1,161
502370,502530,502532,2,160
502370,502531,502532,1,161
502370,502531,502533,2,161
502370,502532,502533,1,162
502370,502532,502534,2,162
502370,502532,502534,2,162
502370,502533,502534,1,163
502370,502533,502534,1,163
502370,502533,502534,1,163
502370,502533,502534,1,163
502370,502534,502535,1,164
502370,502535,502536,1,165
502370,502535,502536,1,165
502370,502535,502536,1,165
502370,502535,502537,2,165
502370,502533,502535,2,163
502370,502535,502537,2,165
502370,502535,502537,2,165
502370,502536,502537,1,166
502370,502535,502537,2,165
502370,502537,502539,2,167
502370,502537,502539,2,167
502370,502537,502539,2,167
502370,502537,502540,3,167
502370,502537,502540,3,167
502370,502537,502539,2,167
502370,502538,502540,2,168
502370,502538,502541,3,168
502370,502538,502541,3,168
502370,502540,502543,3,170
502370,502540,502543,3,170
502370,502540,502543,3,170
502370,502540,502544,4,170
502370,502540,502544,4,170
502370,502540,502544,4,170
502370,502541,502544,3,171
502370,502541,502545,4,171
502370,502541,502545,4,171
502370,502543,502547,4,173
502370,502545,502547,2,175
502370,502545,502548,3,175
502370,502545,502547,2,175
502370,502543,502548,5,173
502370,502544,502548,4,174
502370,502545,502548,3,175
502370,502544,502548,4,174
502370,502545,502549,4,175
502370,502548,502550,2,178
502370,502547,502550,3,177
502370,502548,502550,2,178
502370,502548,502550,2,178
502370,502548,502551,3,178
502370,502548,502551,3,178
502370,502548,502551,3,178
502370,502550,502551,1,180
502370,502550,502552,2,180
502370,502550,502552,2,180
502370,502549,502552,3,179
502370,502548,502551,3,178
502370,502551,502553,2,181
502370,502551,502553,2,181
502370,502551,502553,2,181
502370,502552,502553,1,182
502370,502551,502554,3,181
502370,502552,502554,2,182
502370,502552,502554,2,182
502370,502553,502554,1,183
502370,502552,502554,2,182
502370,502553,502555,2,183
502370,502554,502555,1,184
502370,502554,502555,1,184
502370,502554,502555,1,184
502370,502555,502556,1,185
502370,502555,502556,1,185
502370,502555,502557,2,185
502370,502555,502557,2,185
502370,502555,502557,2,185
502370,502555,502557,2,185
502370,502556,502557,1,186
502370,502556,502557,1,186
502370,502556,502557,1,186
502370,502557,502558,1,187
502370,502557,502558,1,187
502396,502558,502559,1,162
502396,502558,502559,1,162
502396,502558,502559,1,162
502396,502558,502559,1,162
502396,502558,502559,1,162
502396,502558,502559,1,162
502396,502559,502560,1,163
502396,502559,502560,1,163
502396,502560,502561,1,164
502396,502560,502561,1,164
502396,502560,502562,2,164
502396,502560,502561,1,164
502396,502560,502561,1,164
502396,502560,502561,1,164
502396,502561,502562,1,165
502396,502561,502562,1,165
502396,502562,502563,1,166
502396,502562,502563,1,166
502396,502562,502564,2,166
502396,502562,502563,1,166
502396,502562,502563,1,166
502396,502562,502563,1,166
502396,502563,502564,1,167
502396,502563,502564,1,167
502396,502564,502565,1,168
502396,502564,502565,1,168
502396,502564,502565,1,168
502396,502564,502566,2,168
502396,502564,502565,1,168
502396,502564,502566,2,168
502396,502565,502566,1,169
502396,502566,502568,2,170
502396,502566,502568,2,170
502396,502566,502568,2,170
502396,502565,502567,2,169
502396,502566,502568,2,170
502396,502566,502568,2,170
502396,502566,502568,2,170
502396,502567,502569,2,171
502396,502568,502570,2,172
502396,502568,502570,2,172
502396,502568,502570,2,172
502396,502568,502570,2,172
502396,502568,502571,3,172
502396,502568,502571,3,172
502396,502569,502572,3,173
502396,502570,502573,3,174
502396,502570,502572,2,174
502396,502569,502573,4,173
502396,502570,502573,3,174
502396,502571,502574,3,175
502396,502572,502574,2,176
502396,502572,502574,2,176
502396,502573,502575,2,177
502396,502573,502575,2,177
502396,502573,502576,3,177
502396,502573,502575,2,177
502396,502573,502576,3,177
502396,502575,502577,2,179
502396,502574,502577,3,178
502396,502575,502577,2,179
502396,502576,502578,2,180
502396,502576,502578,2,180
502396,502577,502578,1,181
502396,502576,502579,3,180
502396,502576,502579,3,180
502396,502577,502579,2,181
502396,502576,502579,3,180
502396,502578,502580,2,182
502396,502578,502580,2,182
502396,502578,502580,2,182
502396,502579,502581,2,183
502396,502580,502582,2,184
502396,502580,502582,2,184
502396,502579,502582,3,183
502396,502579,502582,3,183
502396,502579,502582,3,183
502396,502579,502582,3,183
502396,502581,502582,1,185
502396,502581,502583,2,185
502396,502582,502584,2,186
502396,502582,502584,2,186
502396,502582,502584,2,186
502396,502583,502584,1,187
502396,502583,502584,1,187
502396,502583,502585,2,187
502396,502582,502585,3,186
502396,502583,502585,2,187
502396,502584,502586,2,188
502396,502584,502585,1,188
502396,502585,502586,1,189
502396,502585,502586,1,189
502396,502585,502586,1,189
502396,502585,502586,1,189
502396,502586,502587,1,190
502396,502585,502587,2,189
502396,502586,502588,2,190
502396,502586,502588,2,190
502396,502587,502589,2,191
502396,502587,502588,1,191
502396,502587,502588,1,191
502396,502587,502588,1,191
502396,502588,502589,1,192
502396,502589,502590,1,193
502396,502589,502590,1,193
502396,502589,502590,1,193
502396,502589,502590,1,193
502396,502589,502590,1,193
502396,502589,502591,2,193
502396,502588,502591,3,192
502396,502590,502592,2,194
502396,502591,502592,1,195
502396,502591,502592,1,195
502396,502591,502592,1,195
502396,502591,502592,1,195
502396,502591,502592,1,195
502396,502591,502592,1,195
502396,502592,502594,2,196
502396,502592,502594,2,196
502396,502593,502594,1,197
502396,502593,502594,1,197
502396,502593,502594,1,197
502396,502593,502594,1,197
502396,502593,502594,1,197
502396,502593,502595,2,197
502396,502594,502596,2,198
502396,502595,502597,2,199
502396,502595,502596,1,199
502396,502595,502596,1,199
502396,502595,502597,2,199
502396,502595,502597,2,199
502396,502595,502597,2,199
502396,502596,502597,1,200
502396,502596,502598,2,200
502396,502597,502599,2,201
502396,502597,502600,3,201
502396,502597,502599,2,201
502396,502597,502600,3,201
502396,502597,502599,2,201
502396,502598,502600,2,202
502396,502598,502601,3,202
502396,502598,502601,3,202
502396,502599,502602,3,203
502396,502600,502603,3,204
502396,502600,502604,4,204
502396,502600,502604,4,204
502396,502600,502604,4,204
502396,502601,502605,4,205
502396,502601,502605,4,205
502396,502602,502606,4,206
502396,502602,502605,3,206
502396,502603,502607,4,207
502396,502604,502607,3,208
502396,502604,502607,3,208
502396,502604,502607,3,208
502396,502605,502608,3,209
502396,502605,502608,3,209
502396,502607,502609,2,211
502396,502606,502609,3,210
502396,502607,502610,3,211
502396,502608,502610,2,212
502396,502609,502611,2,213
502396,502608,502610,2,212
502396,502608,502610,2,212
502396,502609,502611,2,213
502396,502610,502612,2,214
502396,502611,502613,2,215
502396,502611,502612,1,215
502396,502611,502612,1,215
502396,502611,502613,2,215
502396,502610,502613,3,214
502396,502611,502613,2,215
502396,502612,502613,1,216
502396,502612,502614,2,216
502396,502613,502614,1,217
502396,502613,502614,1,217
502396,502613,502615,2,217
502396,502613,502614,1,217
502396,502614,502616,2,218
502396,502614,502615,1,218
502396,502613,502615,2,217
502396,502614,502616,2,218
502396,502615,502616,1,219
502396,502615,502616,1,219
502396,502615,502617,2,219
502396,502615,502616,1,219
502396,502616,502617,1,220
502396,502616,502617,1,220
502396,502616,502618,2,220
502396,502617,502618,1,221
502396,502617,502618,1,221
502396,502616,502618,2,220
502396,502617,502618,1,221
502396,502617,502618,1,221
502396,502618,502619,1,222
502396,502618,502619,1,222
502396,502618,502620,2,222
502396,502619,502620,1,223
502396,502619,502620,1,223
502410,502620,502621,1,210
502410,502620,502621,1,210
502396,502619,502621,2,223
502410,502620,502622,2,210
502410,502621,502622,1,211
502410,502621,502622,1,211
502410,502622,502623,1,212
502410,502622,502623,1,212
502410,502622,502624,2,212
502410,502622,502625,3,212
502410,502623,502624,1,213
502410,502623,502624,1,213
502410,502624,502626,2,214
502410,502624,502625,1,214
502410,502625,502626,1,215
502410,502625,502626,1,215
502410,502625,502627,2,215
502410,502625,502627,2,215
502410,502626,502628,2,216
502410,502626,502628,2,216
502410,502627,502628,1,217
502410,502627,502628,1,217
502410,502627,502628,1,217
502410,502628,502630,2,218
502410,502628,502630,2,218
502410,502628,502630,2,218
502410,502629,502631,2,219
502410,502629,502631,2,219
502410,502629,502631,2,219
502410,502630,502632,2,220
502410,502630,502632,2,220
502410,502630,502633,3,220
502410,502631,502633,2,221
502410,502631,502633,2,221
502410,502632,502634,2,222
502410,502632,502634,2,222
502410,502633,502635,2,223
502410,502633,502635,2,223
502410,502633,502636,3,223
502410,502634,502636,2,224
502410,502634,502637,3,224
502410,502636,502637,1,226
502410,502636,502638,2,226
502410,502637,502639,2,227
502410,502638,502640,2,228
502410,502636,502639,3,226
502410,502638,502640,2,228
502410,502639,502641,2,229
502410,502640,502642,2,230
502410,502640,502642,2,230
502410,502640,502643,3,230
502410,502641,502643,2,231
502410,502642,502644,2,232
502410,502643,502645,2,233
502410,502643,502645,2,233
502410,502643,502646,3,233
502410,502644,502646,2,234
502410,502645,502647,2,235
502410,502646,502648,2,236
502410,502646,502648,2,236
502410,502647,502649,2,237
502410,502647,502650,3,237
502410,502648,502650,2,238
502410,502649,502651,2,239
502410,502650,502652,2,240
502410,502649,502653,4,239
502410,502650,502652,2,240
502410,502651,502654,3,241
502410,502652,502654,2,242
502410,502652,502655,3,242
502410,502653,502655,2,243
502410,502653,502655,2,243
502410,502653,502655,2,243
502410,502654,502656,2,244
502410,502654,502657,3,244
502410,502655,502657,2,245
502410,502656,502658,2,246
502410,502656,502658,2,246
502410,502656,502658,2,246
502410,502656,502658,2,246
502410,502657,502659,2,247
502410,502657,502659,2,247
502410,502658,502660,2,248
502410,502658,502660,2,248
502410,502658,502660,2,248
502410,502659,502661,2,249
502410,502659,502661,2,249
502410,502659,502661,2,249
502410,502660,502662,2,250
502410,502660,502662,2,250
502410,502660,502662,2,250
502410,502661,502663,2,251
502410,502661,502663,2,251
502410,502662,502663,1,252
502410,502662,502664,2,252
502410,502662,502664,2,252
502410,502663,502664,1,253
502410,502663,502664,1,253
502410,502664,502665,1,254
502410,502664,502665,1,254
502410,502665,502666,1,255
502410,502665,502666,1,255
502410,502665,502666,1,255
502410,502665,502666,1,255
502410,502666,502667,1,256
502410,502666,502667,1,256
502410,502667,502668,1,257
502410,502667,502668,1,257
502410,502667,502668,1,257
502410,502668,502669,1,258
502410,502667,502669,2,257
502410,502668,502670,2,258
502410,502669,502670,1,259
502410,502669,502670,1,259
502410,502669,502671,2,259
502410,502669,502670,1,259
502410,502669,502670,1,259
502410,502671,502672,1,261
502410,502671,502672,1,261
502410,502670,502672,2,260
502410,502671,502672,1,261
502410,502672,502673,1,262
502410,502671,502673,2,261
502410,502673,502674,1,263
502410,502673,502674,1,263
502410,502673,502674,1,263
502410,502673,502675,2,263
502410,502673,502675,2,263
502410,502674,502676,2,264
502410,502675,502676,1,265
502410,502675,502677,2,265
502410,502675,502676,1,265
502410,502675,502677,2,265
502410,502676,502678,2,266
502410,502677,502679,2,267
502410,502677,502679,2,267
502410,502676,502678,2,266
502410,502677,502679,2,267
502410,502677,502679,2,267
502410,502679,502681,2,269
502410,502679,502682,3,269
502410,502679,502681,2,269
502410,502679,502682,3,269
502410,502679,502682,3,269
502410,502680,502684,4,270
502410,502682,502685,3,272
502410,502682,502685,3,272
502410,502682,502685,3,272
502410,502682,502686,4,272
502410,502684,502688,4,274
502410,502685,502689,4,275
502410,502685,502689,4,275
502410,502684,502689,5,274
502410,502685,502690,5,275
502410,502688,502691,3,278
502410,502689,502692,3,279
502410,502690,502692,2,280
502410,502689,502692,3,279
502410,502689,502693,4,279
502410,502690,502693,3,280
502410,502692,502695,3,282
502410,502692,502695,3,282
502410,502693,502695,2,283
502410,502694,502696,2,284
502410,502694,502697,3,284
502410,502696,502698,2,286
502410,502695,502697,2,285
502410,502696,502698,2,286
502410,502694,502697,3,284
502410,502697,502699,2,287
502410,502698,502699,1,288
502410,502698,502700,2,288
502410,502698,502700,2,288
502410,502697,502700,3,287
502410,502700,502702,2,290
502410,502700,502702,2,290
502410,502700,502701,1,290
502410,502698,502701,3,288
502410,502700,502702,2,290
502410,502700,502702,2,290
502410,502702,502703,1,292
502410,502702,502704,2,292
502410,502702,502703,1,292
502410,502703,502704,1,293
502410,502703,502704,1,293
502410,502702,502705,3,292
502410,502704,502705,1,294
502410,502704,502706,2,294
502410,502704,502705,1,294
502410,502705,502706,1,295
502410,502705,502707,2,295
502410,502705,502707,2,295
502410,502706,502707,1,296
502410,502706,502708,2,296
502410,502706,502708,2,296
502410,502707,502708,1,297
502410,502707,502708,1,297
502410,502707,502709,2,297
502410,502708,502709,1,298
502410,502708,502710,2,298
502410,502708,502709,1,298
502423,502709,502711,2,286
502423,502709,502710,1,286
502423,502710,502712,2,287
502423,502710,502712,2,287
502423,502710,502712,2,287
502423,502711,502713,2,288
502423,502711,502712,1,288
502423,502712,502714,2,289
502423,502712,502714,2,289
502423,502713,502714,1,290
502423,502713,502715,2,290
502423,502713,502715,2,290
502423,502714,502716,2,291
502423,502715,502716,1,292
502423,502715,502716,1,292
502423,502715,502717,2,292
502423,502715,502717,2,292
502423,502717,502718,1,294
502423,502717,502718,1,294
502423,502717,502718,1,294
502423,502718,502719,1,295
502423,502718,502719,1,295
502423,502719,502720,1,296
502423,502719,502720,1,296
502423,502719,502720,1,296
502423,502720,502721,1,297
502423,502720,502721,1,297
502423,502721,502722,1,298
502423,502721,502722,1,298
502423,502722,502723,1,299
502423,502721,502723,2,298
502423,502722,502724,2,299
502423,502723,502725,2,300
502423,502723,502724,1,300
502423,502724,502725,1,301
502423,502724,502726,2,301
502423,502724,502726,2,301
502423,502726,502728,2,303
502423,502725,502727,2,302
502423,502725,502727,2,302
502423,502726,502729,3,303
502423,502728,502730,2,305
502423,502727,502730,3,304
502423,502728,502730,2,305
502423,502728,502731,3,305
502423,502729,502732,3,306
502423,502730,502732,2,307
502423,502730,502733,3,307
502423,502731,502734,3,308
502423,502731,502734,3,308
502423,502732,502735,3,309
502423,502733,502735,2,310
502423,502734,502737,3,311
502423,502734,502738,4,311
502423,502734,502737,3,311
502423,502736,502739,3,313
502423,502735,502739,4,312
502423,502737,502740,3,314
502423,502739,502742,3,316
502423,502738,502742,4,315
502423,502738,502742,4,315
502423,502739,502742,3,316
502423,502740,502743,3,317
502423,502742,502744,2,319
502423,502742,502745,3,319
502423,502743,502745,2,320
502423,502744,502746,2,321
502423,502743,502747,4,320
502423,502746,502747,1,323
502423,502745,502747,2,322
502423,502745,502748,3,322
502423,502746,502748,2,323
502423,502748,502750,2,325
502423,502748,502750,2,325
502423,502748,502750,2,325
502423,502749,502750,1,326
502423,502749,502751,2,326
502423,502750,502752,2,327
502423,502750,502752,2,327
502423,502751,502752,1,328
502423,502751,502753,2,328
502423,502752,502754,2,329
502423,502752,502754,2,329
502423,502752,502754,2,329
502423,502753,502755,2,330
502423,502754,502756,2,331
502423,502754,502756,2,331
502423,502754,502756,2,331
502423,502755,502756,1,332
502423,502755,502757,2,332
502423,502756,502758,2,333
502423,502756,502758,2,333
502423,502756,502758,2,333
502423,502757,502758,1,334
502423,502758,502760,2,335
502423,502758,502760,2,335
502423,502758,502760,2,335
502423,502758,502760,2,335
502423,502759,502760,1,336
502423,502760,502762,2,337
502438,502761,502763,2,323
502438,502761,502763,2,323
502438,502762,502764,2,324
502438,502763,502765,2,325
502438,502763,502765,2,325
502438,502764,502766,2,326
502438,502766,502767,1,328
502438,502766,502768,2,328
502438,502765,502768,3,327
502438,502768,502769,1,330
502438,502768,502770,2,330
502438,502769,502770,1,331
502438,502770,502772,2,332
502438,502770,502772,2,332
502438,502771,502772,1,333
502438,502772,502774,2,334
502438,502772,502774,2,334
502438,502775,502776,1,337
502438,502775,502776,1,337
502438,502777,502778,1,339
502438,502777,502778,1,339
502438,502779,502780,1,341
502438,502779,502780,1,341
502438,502781,502782,1,343
502438,502781,502783,2,343
502438,502783,502784,1,345
502438,502783,502784,1,345
502438,502785,502786,1,347
502438,502785,502787,2,347
502438,502787,502788,1,349
502438,502787,502788,1,349
502438,502789,502791,2,351
502438,502789,502791,2,351
502438,502789,502791,2,351
502438,502791,502793,2,353
502438,502791,502793,2,353
502438,502791,502794,3,353
502438,502793,502795,2,355
502438,502793,502796,3,355
502438,502795,502797,2,357
502438,502795,502797,2,357
502438,502796,502798,2,358
502438,502797,502800,3,359
502438,502799,502802,3,361
502438,502801,502803,2,363
502438,502803,502805,2,365
502438,502804,502806,2,366
502438,502806,502808,2,368
502438,502805,502809,4,367
502438,502807,502810,3,369
502438,502809,502812,3,371
502438,502809,502814,5,371
502438,502811,502814,3,373
502438,502813,502816,3,375
502438,502815,502818,3,377
502438,502814,502819,5,376
502438,502817,502820,3,379
502438,502819,502822,3,381
502438,502819,502823,4,381
502438,502821,502824,3,383
502438,502822,502825,3,384
502438,502824,502827,3,386
502438,502824,502827,3,386
502438,502825,502828,3,387
502438,502827,502829,2,389
502438,502828,502830,2,390
502438,502828,502830,2,390
502438,502830,502832,2,392
502438,502831,502833,2,393
502438,502831,502833,2,393
502438,502832,502834,2,394
502438,502834,502835,1,396
502438,502835,502836,1,397
502438,502834,502836,2,396
502438,502836,502837,1,398
502438,502837,502838,1,399
502438,502838,502839,1,400
502438,502837,502839,2,399
502438,502839,502840,1,401
502438,502840,502841,1,402
502438,502840,502842,2,402
502438,502841,502842,1,403
502438,502842,502843,1,404
502438,502843,502844,1,405
502438,502843,502844,1,405
502438,502844,502845,1,406
502438,502845,502846,1,407
502438,502845,502846,1,407
502438,502846,502848,2,408
502438,502847,502848,1,409
502438,502847,502849,2,409
502438,502848,502850,2,410
502438,502849,502851,2,411
502438,502849,502851,2,411
502438,502850,502852,2,412
502438,502851,502852,1,413
502438,502851,502853,2,413
502438,502852,502854,2,414
502438,502853,502854,1,415
502438,502853,502854,1,415
502134,502214,504006,1792,80
504007,504007,504009,2,0
504007,504007,504009,2,0
504007,504007,504010,3,0
504007,504010,504011,1,3
504007,504010,504011,1,3
504007,504011,504013,2,4
504007,504012,504013,1,5
504007,504012,504013,1,5
504007,504014,504015,1,7
504007,504014,504015,1,7
504007,504014,504016,2,7
504007,504015,504016,1,8
504007,504016,504017,1,9
504007,504017,504018,1,10
504007,504017,504019,2,10
504007,504018,504019,1,11
504007,504019,504021,2,12
504007,504020,504021,1,13
504007,504020,504022,2,13
504007,504021,504022,1,14
504007,504022,504023,1,15
504007,504023,504024,1,16
502203,502267,504025,1758,64
504007,504023,504024,1,16
504007,504023,504025,2,16
504007,504024,504025,1,17
504007,504025,504027,2,18
504007,504025,504027,2,18
504007,504026,504028,2,19
504007,504026,504028,2,19
504007,504028,504029,1,21
504007,504028,504029,1,21
504007,504029,504030,1,22
504007,504030,504031,1,23
504007,504030,504031,1,23
504007,504029,504031,2,22
504007,504031,504033,2,24
504007,504032,504034,2,25
504007,504032,504034,2,25
504007,504032,504034,2,25
504007,504033,504035,2,26
504007,504034,504036,2,27
504007,504035,504037,2,28
504007,504035,504038,3,28
504007,504036,504038,2,29
504007,504037,504040,3,30
504007,504038,504041,3,31
504007,504038,504041,3,31
504007,504039,504042,3,32
504007,504040,504043,3,33
504007,504041,504043,2,34
504007,504042,504045,3,35
504007,504042,504045,3,35
504007,504043,504046,3,36
504007,504044,504047,3,37
504007,504045,504048,3,38
504007,504045,504048,3,38
504007,504046,504049,3,39
504007,504047,504049,2,40
504007,504049,504050,1,42
504007,504049,504051,2,42
504007,504050,504052,2,43
504007,504050,504052,2,43
504007,504051,504053,2,44
504007,504052,504053,1,45
504007,504052,504054,2,45
504007,504053,504055,2,46
504007,504054,504056,2,47
504007,504054,504056,2,47
504007,504054,504056,2,47
504007,504056,504058,2,49
504007,504056,504058,2,49
504007,504056,504058,2,49
504007,504057,504059,2,50
504007,504058,504060,2,51
504007,504058,504060,2,51
504007,504059,504061,2,52
504007,504060,504062,2,53
504007,504061,504063,2,54
504007,504061,504063,2,54
504007,504060,504063,3,53
504007,504062,504064,2,55
504007,504063,504065,2,56
504007,504063,504066,3,56
504007,504064,504066,2,57
504007,504063,504066,3,56
504007,504065,504067,2,58
504007,504066,504068,2,59
504007,504066,504068,2,59
504007,504066,504068,2,59
504007,504068,504069,1,61
504007,504069,504070,1,62
504007,504069,504070,1,62
504007,504069,504070,1,62
504007,504070,504071,1,63
504007,504071,504072,1,64
504007,504071,504072,1,64
504007,504071,504073,2,64
504007,504072,504073,1,65
504007,504073,504074,1,66
504007,504073,504074,1,66
504026,504074,504076,2,48
504026,504075,504076,1,49
504026,504075,504077,2,49
504026,504077,504078,1,51
504026,504076,504078,2,50
504026,504077,504079,2,51
504026,504079,504080,1,53
504026,504079,504081,2,53
504026,504081,504082,1,55
504026,504081,504082,1,55
504026,504079,504084,5,53
504026,504083,504084,1,57
504026,504083,504085,2,57
504026,504085,504086,1,59
504026,504085,504086,1,59
504026,504085,504087,2,59
504026,504087,504088,1,61
504026,504086,504089,3,60
504026,504087,504089,2,61
504026,504089,504090,1,63
504026,504091,504092,1,65
504026,504093,504094,1,67
504026,504095,504096,1,69
504026,504090,504091,1,64
504026,504097,504098,1,71
504026,504099,504100,1,73
504026,504099,504100,1,73
504026,504099,504100,1,73
504026,504101,504103,2,75
504026,504101,504103,2,75
504026,504101,504104,3,75
502246,502383,504105,1722,137
504026,504103,504105,2,77
504026,504103,504105,2,77
504026,504104,504106,2,78
504026,504105,504107,2,79
504026,504105,504108,3,79
504026,504108,504110,2,82
504026,504108,504112,4,82
502226,502355,504112,1757,129
504026,504111,504113,2,85
504026,504112,504115,3,86
504026,504113,504116,3,87
504026,504113,504116,3,87
504026,504112,504116,4,86
504026,504114,504116,2,88
504026,504115,504118,3,89
504026,504117,504119,2,91
504026,504116,504119,3,90
504026,504116,504119,3,90
504026,504116,504120,4,90
504026,504119,504122,3,93
504026,504120,504122,2,94
504026,504121,504124,3,95
504026,504121,504123,2,95
504026,504120,504124,4,94
504026,504122,504124,2,96
504026,504123,504125,2,97
504026,504124,504127,3,98
504026,504124,504127,3,98
504026,504125,504127,2,99
504026,504126,504128,2,100
504026,504125,504128,3,99
504026,504127,504130,3,101
504026,504127,504130,3,101
504026,504128,504130,2,102
504026,504128,504130,2,102
504026,504129,504131,2,103
504026,504131,504133,2,105
504026,504131,504133,2,105
504026,504130,504133,3,104
504026,504130,504133,3,104
504026,504132,504134,2,106
504026,504133,504135,2,107
504026,504133,504135,2,107
504026,504133,504135,2,107
504026,504133,504136,3,107
504026,504135,504136,1,109
504026,504135,504137,2,109
504026,504135,504137,2,109
502303,502409,504138,1729,106
504026,504137,504139,2,111
504026,504137,504138,1,111
504026,504136,504139,3,110
504026,504136,504139,3,110
504026,504138,504140,2,112
504026,504138,504140,2,112
504026,504139,504140,1,113
504026,504139,504141,2,113
504026,504140,504141,1,114
504026,504140,504142,2,114
504026,504140,504142,2,114
504026,504141,504143,2,115
504026,504141,504143,2,115
504026,504142,504143,1,116
504026,504141,504143,2,115
504026,504143,504144,1,117
504026,504143,504144,1,117
504026,504143,504145,2,117
504026,504144,504145,1,118
504026,504144,504145,1,118
504026,504145,504146,1,119
504026,504144,504146,2,118
504106,504145,504146,1,39
504106,504146,504148,2,40
504106,504146,504147,1,40
504106,504147,504149,2,41
504106,504147,504148,1,41
504106,504147,504149,2,41
504106,504148,504149,1,42
504106,504148,504149,1,42
504106,504149,504151,2,43
504106,504149,504150,1,43
504106,504149,504151,2,43
504106,504150,504152,2,44
504106,504150,504151,1,44
504106,504151,504153,2,45
504106,504151,504152,1,45
504106,504151,504153,2,45
504106,504152,504153,1,46
504106,504152,504154,2,46
504106,504153,504155,2,47
504106,504153,504154,1,47
504106,504154,504155,1,48
504106,504154,504155,1,48
504106,504155,504157,2,49
504106,504155,504157,2,49
504106,504155,504156,1,49
504106,504156,504157,1,50
504106,504156,504158,2,50
504106,504157,504159,2,51
504106,504157,504159,2,51
504106,504157,504159,2,51
504106,504158,504159,1,52
504106,504159,504160,1,53
504106,504159,504161,2,53
504106,504160,504161,1,54
504106,504159,504161,2,53
504106,504160,504162,2,54
504106,504161,504162,1,55
504106,504162,504163,1,56
504106,504161,504164,3,55
504106,504163,504165,2,57
504106,504162,504165,3,56
504106,504163,504165,2,57
504106,504164,504166,2,58
504106,504165,504167,2,59
504106,504164,504167,3,58
504106,504165,504168,3,59
504106,504166,504169,3,60
504106,504166,504168,2,60
504106,504167,504169,2,61
504106,504167,504170,3,61
504106,504169,504171,2,63
504106,504168,504171,3,62
504106,504169,504172,3,63
504106,504170,504172,2,64
504106,504171,504173,2,65
504106,504171,504174,3,65
504106,504172,504175,3,66
504106,504173,504175,2,67
504106,504174,504176,2,68
504106,504175,504177,2,69
504106,504175,504177,2,69
504106,504175,504178,3,69
504106,504176,504178,2,70
504106,504178,504179,1,72
504106,504178,504180,2,72
504106,504179,504180,1,73
504106,504178,504180,2,72
504106,504180,504181,1,74
504106,504181,504182,1,75
504106,504181,504183,2,75
504106,504182,504183,1,76
504106,504181,504183,2,75
504106,504181,504184,3,75
504106,504183,504184,1,77
504106,504184,504185,1,78
504106,504184,504186,2,78
504106,504185,504186,1,79
504106,504184,504186,2,78
504106,504184,504186,2,78
504106,504186,504187,1,80
504106,504187,504189,2,81
504106,504187,504188,1,81
504106,504187,504189,2,81
504106,504188,504189,1,82
504106,504187,504189,2,81
504106,504189,504191,2,83
504106,504189,504190,1,83
504106,504189,504191,2,83
504106,504190,504191,1,84
504106,504190,504192,2,84
504106,504191,504193,2,85
504106,504191,504193,2,85
504106,504191,504192,1,85
504106,504192,504194,2,86
504106,504192,504193,1,86
504106,504193,504195,2,87
504106,504193,504194,1,87
504106,504193,504195,2,87
504106,504194,504196,2,88
504106,504194,504195,1,88
504113,504195,504196,1,82
504113,504196,504197,1,83
504113,504197,504199,2,84
504113,504196,504198,2,83
504113,504196,504200,4,83
504113,504199,504200,1,86
504113,504199,504200,1,86
504113,504199,504202,3,86
504113,504201,504202,1,88
504113,504201,504202,1,88
504113,504200,504202,2,87
504113,504202,504204,2,89
504113,504203,504204,1,90
504113,504203,504204,1,90
502337,502471,504205,1734,134
504113,504205,504206,1,92
504113,504203,504206,3,90
504113,504204,504206,2,91
504113,504205,504206,1,92
504113,504206,504207,1,93
504113,504206,504207,1,93
504113,504207,504208,1,94
504113,504207,504208,1,94
504113,504207,504209,2,94
504113,504208,504209,1,95
504113,504208,504209,1,95
504113,504209,504210,1,96
504113,504209,504210,1,96
504113,504210,504211,1,97
504113,504210,504211,1,97
504113,504210,504212,2,97
504113,504211,504212,1,98
504113,504211,504212,1,98
504113,504212,504213,1,99
504113,504212,504214,2,99
504113,504213,504215,2,100
504113,504213,504215,2,100
504113,504213,504215,2,100
504113,504214,504216,2,101
504113,504215,504217,2,102
504113,504214,504217,3,101
504113,504215,504217,2,102
504113,504216,504218,2,103
504113,504216,504219,3,103
504113,504217,504219,2,104
504113,504217,504219,2,104
504113,504217,504220,3,104
504113,504218,504220,2,105
504113,504219,504221,2,106
504113,504219,504223,4,106
504113,504220,504223,3,107
504113,504221,504223,2,108
504113,504221,504223,2,108
504113,504222,504224,2,109
504113,504224,504226,2,111
504113,504224,504226,2,111
504113,504224,504226,2,111
504113,504223,504226,3,110
504113,504225,504227,2,112
504113,504226,504228,2,113
504113,504227,504229,2,114
504113,504227,504229,2,114
504113,504228,504230,2,115
504113,504229,504230,1,116
504113,504230,504231,1,117
504113,504227,504231,4,114
504113,504231,504232,1,118
504113,504230,504232,2,117
504113,504231,504233,2,118
504113,504233,504234,1,120
504113,504232,504234,2,119
504113,504233,504234,1,120
504113,504232,504235,3,119
502204,502315,504234,1919,111
504113,504234,504235,1,121
504113,504235,504236,1,122
504113,504235,504236,1,122
504113,504235,504236,1,122
504113,504236,504237,1,123
504113,504235,504237,2,122
504113,504235,504237,2,122
504113,504237,504238,1,124
504113,504237,504238,1,124
504113,504237,504238,1,124
504113,504238,504239,1,125
504113,504238,504240,2,125
504113,504239,504240,1,126
504113,504239,504240,1,126
504113,504239,504240,1,126
504113,504238,504240,2,125
504113,504240,504241,1,127
504113,504240,504242,2,127
504113,504241,504242,1,128
504113,504241,504242,1,128
504113,504241,504243,2,128
504113,504241,504242,1,128
504113,504242,504243,1,129
504113,504242,504243,1,129
504113,504243,504244,1,130
504138,504244,504245,1,106
504113,504243,504244,1,130
504113,504243,504245,2,130
504113,504243,504244,1,130
504138,504245,504246,1,107
504138,504245,504246,1,107
504138,504245,504246,1,107
504138,504245,504247,2,107
504138,504245,504247,2,107
504138,504247,504248,1,109
504138,504247,504248,1,109
504138,504247,504249,2,109
504138,504247,504249,2,109
504138,504248,504249,1,110
504138,504249,504250,1,111
504138,504249,504250,1,111
504138,504249,504250,1,111
504138,504250,504251,1,112
504138,504251,504252,1,113
504138,504250,504252,2,112
504138,504251,504253,2,113
504138,504251,504253,2,113
504138,504252,504253,1,114
504138,504252,504254,2,114
504138,504253,504255,2,115
504138,504253,504255,2,115
504138,504253,504255,2,115
504138,504255,504256,1,117
504138,504255,504257,2,117
504138,504256,504257,1,118
504138,504256,504257,1,118
502318,502430,504258,1828,112
504138,504255,504257,2,117
504138,504257,504258,1,119
504138,504257,504259,2,119
504138,504258,504259,1,120
504138,504258,504259,1,120
504138,504258,504260,2,120
504138,504259,504260,1,121
504138,504258,504260,2,120
504138,504260,504261,1,122
504138,504260,504262,2,122
504138,504259,504262,3,121
504138,504260,504262,2,122
504138,504262,504263,1,124
504138,504261,504263,2,123
504138,504262,504264,2,124
504138,504261,504263,2,123
504138,504262,504265,3,124
504138,504263,504265,2,125
504138,504264,504266,2,126
504138,504264,504266,2,126
504138,504264,504266,2,126
504138,504264,504267,3,126
504138,504265,504268,3,127
504138,504266,504269,3,128
504138,504267,504269,2,129
504138,504267,504269,2,129
504138,504267,504269,2,129
504138,504267,504270,3,129
504138,504270,504272,2,132
504138,504269,504272,3,131
504138,504270,504272,2,132
504138,504269,504272,3,131
504138,504270,504272,2,132
504138,504270,504273,3,132
502339,502471,504274,1803,132
504138,504272,504274,2,134
504138,504273,504275,2,135
504138,504272,504275,3,134
504138,504273,504275,2,135
504138,504273,504275,2,135
504138,504273,504276,3,135
504138,504274,504276,2,136
504138,504274,504276,2,136
504138,504275,504277,2,137
504138,504275,504277,2,137
504138,504275,504277,2,137
504138,504276,504278,2,138
504138,504276,504278,2,138
502343,502495,504278,1783,152
504138,504276,504279,3,138
504138,504276,504279,3,138
504138,504277,504279,2,139
504138,504277,504279,2,139
504138,504279,504280,1,141
504138,504279,504280,1,141
504138,504279,504280,1,141
504138,504277,504280,3,139
504138,504280,504281,1,142
504138,504280,504281,1,142
504138,504280,504281,1,142
504138,504279,504281,2,141
504138,504281,504282,1,143
504138,504281,504282,1,143
504138,504281,504282,1,143
504138,504281,504283,2,143
504138,504282,504283,1,144
504138,504282,504283,1,144
504138,504282,504284,2,144
504138,504283,504284,1,145
504138,504283,504284,1,145
504138,504283,504284,1,145
504138,504283,504285,2,145
504138,504284,504285,1,146
504206,504285,504287,2,79
504206,504285,504286,1,79
504206,504285,504286,1,79
504206,504285,504286,1,79
504206,504286,504287,1,80
504206,504285,504287,2,79
504206,504287,504289,2,81
504206,504287,504288,1,81
504206,504287,504288,1,81
504206,504287,504288,1,81
504206,504288,504289,1,82
504206,504289,504290,1,83
504206,504289,504290,1,83
504206,504288,504290,2,82
504206,504289,504291,2,83
504206,504289,504290,1,83
504206,504290,504291,1,84
504206,504290,504292,2,84
504206,504290,504291,1,84
504206,504290,504292,2,84
504138,504290,504292,2,152
504206,504291,504293,2,85
504206,504291,504292,1,85
504206,504292,504293,1,86
504206,504292,504294,2,86
504206,504292,504293,1,86
504206,504292,504294,2,86
502369,502527,504294,1767,158
504206,504292,504294,2,86
504206,504293,504295,2,87
504206,504293,504295,2,87
504206,504294,504295,1,88
504206,504294,504296,2,88
504206,504294,504296,2,88
504206,504295,504296,1,89
504206,504295,504296,1,89
504206,504296,504298,2,90
504206,504295,504298,3,89
504206,504296,504298,2,90
504206,504296,504299,3,90
504206,504298,504300,2,92
504206,504298,504300,2,92
504206,504298,504301,3,92
504206,504300,504302,2,94
504206,504300,504302,2,94
504206,504300,504302,2,94
504206,504294,504297,3,88
504206,504301,504304,3,95
504206,504302,504304,2,96
504206,504303,504305,2,97
504206,504303,504305,2,97
504206,504304,504307,3,98
504206,504305,504307,2,99
504206,504305,504307,2,99
504206,504306,504308,2,100
504206,504295,504297,2,89
504206,504305,504307,2,99
504206,504306,504308,2,100
504206,504308,504310,2,102
504206,504308,504310,2,102
504206,504308,504310,2,102
504206,504308,504310,2,102
504206,504308,504310,2,102
504206,504308,504310,2,102
504206,504308,504310,2,102
504206,504309,504311,2,103
504206,504310,504311,1,104
504206,504310,504312,2,104
504206,504311,504313,2,105
504206,504311,504313,2,105
504206,504311,504313,2,105
504206,504312,504313,1,106
504206,504312,504313,1,106
504206,504313,504314,1,107
504206,504313,504314,1,107
504206,504313,504314,1,107
504206,504314,504315,1,108
504206,504314,504316,2,108
504206,504314,504315,1,108
504206,504315,504316,1,109
504206,504315,504316,1,109
504206,504316,504317,1,110
504206,504315,504317,2,109
504206,504316,504317,1,110
504206,504316,504317,1,110
504206,504317,504318,1,111
504206,504317,504318,1,111
504206,504318,504319,1,112
504206,504318,504319,1,112
504206,504318,504320,2,112
504206,504319,504320,1,113
504206,504318,504320,2,112
504206,504319,504321,2,113
504206,504320,504321,1,114
504206,504320,504321,1,114
504206,504320,504321,1,114
504206,504321,504322,1,115
504206,504321,504322,1,115
504206,504321,504323,2,115
504236,504322,504323,1,86
504206,504322,504323,1,116
504206,504322,504323,1,116
504206,504322,504323,1,116
504236,504322,504324,2,86
504236,504323,504324,1,87
504236,504323,504324,1,87
504236,504323,504325,2,87
504236,504323,504325,2,87
504236,504324,504325,1,88
504236,504324,504326,2,88
504236,504325,504326,1,89
504236,504325,504326,1,89
504236,504325,504326,1,89
504236,504325,504326,1,89
504236,504325,504327,2,89
504236,504326,504327,1,90
504236,504325,504327,2,89
504236,504326,504328,2,90
504236,504327,504328,1,91
504236,504327,504328,1,91
504236,504327,504328,1,91
504236,504327,504328,1,91
504236,504328,504329,1,92
504236,504328,504329,1,92
504236,504328,504330,2,92
504236,504329,504330,1,93
504236,504329,504330,1,93
504236,504329,504330,1,93
504236,504329,504331,2,93
504236,504328,504331,3,92
504236,504330,504331,1,94
504236,504330,504332,2,94
504236,504330,504332,2,94
504236,504331,504332,1,95
504236,504331,504332,1,95
504236,504331,504333,2,95
504236,504332,504334,2,96
504236,504331,504333,2,95
504236,504332,504334,2,96
504236,504332,504334,2,96
504236,504333,504335,2,97
504236,504333,504335,2,97
504236,504333,504335,2,97
504236,504333,504335,2,97
504236,504334,504337,3,98
504236,504334,504337,3,98
504236,504334,504337,3,98
504236,504335,504337,2,99
504236,504335,504338,3,99
504236,504336,504338,2,100
504236,504336,504338,2,100
504236,504337,504339,2,101
504236,504336,504339,3,100
504236,504337,504340,3,101
504236,504337,504340,3,101
504236,504338,504340,2,102
504236,504339,504342,3,103
504236,504339,504341,2,103
504236,504339,504342,3,103
504236,504340,504343,3,104
504236,504340,504343,3,104
504236,504340,504343,3,104
504236,504341,504343,2,105
504236,504340,504343,3,104
504236,504342,504345,3,106
504236,504342,504344,2,106
504236,504343,504345,2,107
504236,504343,504345,2,107
504236,504342,504345,3,106
504236,504344,504345,1,108
504236,504343,504346,3,107
504236,504343,504346,3,107
504236,504345,504347,2,109
504236,504345,504347,2,109
504236,504346,504347,1,110
504236,504345,504347,2,109
504236,504345,504347,2,109
504236,504345,504348,3,109
504236,504346,504348,2,110
504236,504346,504348,2,110
504236,504347,504349,2,111
504236,504347,504349,2,111
504236,504348,504349,1,112
504236,504348,504350,2,112
504236,504348,504350,2,112
504236,504348,504350,2,112
504236,504349,504351,2,113
504236,504349,504351,2,113
504236,504349,504351,2,113
504236,504350,504352,2,114
504236,504349,504352,3,113
504236,504351,504352,1,115
504236,504350,504352,2,114
504236,504351,504353,2,115
504236,504352,504353,1,116
504236,504352,504353,1,116
504236,504351,504353,2,115
504236,504352,504354,2,116
504236,504353,504354,1,117
504236,504353,504355,2,117
504236,504353,504355,2,117
504236,504354,504355,1,118
504259,504354,504355,1,95
504259,504354,504355,1,95
504259,504354,504356,2,95
504259,504354,504356,2,95
504259,504355,504356,1,96
504259,504355,504356,1,96
504259,504355,504356,1,96
504259,504356,504357,1,97
504259,504356,504357,1,97
504259,504356,504357,1,97
504259,504357,504358,1,98
504259,504356,504358,2,97
504259,504356,504358,2,97
504259,504357,504358,1,98
504259,504357,504359,2,98
504259,504358,504359,1,99
504259,504358,504359,1,99
504259,504358,504359,1,99
504259,504358,504359,1,99
504259,504358,504360,2,99
504259,504358,504360,2,99
504259,504359,504360,1,100
504259,504359,504361,2,100
504259,504360,504361,1,101
504259,504360,504361,1,101
504259,504360,504362,2,101
504259,504360,504361,1,101
504259,504360,504362,2,101
504259,504361,504363,2,102
504259,504361,504362,1,102
504259,504360,504363,3,101
504259,504362,504364,2,103
504259,504362,504364,2,103
504259,504362,504364,2,103
504259,504362,504364,2,103
504259,504363,504365,2,104
504259,504363,504365,2,104
504259,504363,504365,2,104
504259,504364,504366,2,105
504259,504365,504367,2,106
504259,504364,504366,2,105
504259,504364,504366,2,105
504259,504364,504366,2,105
504259,504366,504368,2,107
504259,504366,504369,3,107
504259,504366,504369,3,107
504259,504367,504369,2,108
504259,504367,504370,3,108
504259,504367,504370,3,108
504259,504367,504370,3,108
504259,504367,504370,3,108
504259,504369,504371,2,110
504259,504369,504372,3,110
504259,504369,504372,3,110
504259,504370,504372,2,111
504259,504370,504373,3,111
504259,504370,504373,3,111
504259,504370,504373,3,111
504259,504371,504374,3,112
504259,504372,504374,2,113
504259,504372,504375,3,113
504259,504372,504375,3,113
504259,504372,504375,3,113
504259,504373,504375,2,114
504259,504373,504376,3,114
504259,504374,504376,2,115
504259,504374,504377,3,115
504259,504375,504377,2,116
504259,504375,504377,2,116
504259,504376,504377,1,117
504259,504375,504378,3,116
504259,504375,504377,2,116
504259,504377,504379,2,118
504259,504376,504379,3,117
504259,504377,504379,2,118
504259,504378,504379,1,119
504259,504377,504380,3,118
504259,504378,504380,2,119
504259,504378,504380,2,119
504259,504378,504380,2,119
504259,504380,504381,1,121
504259,504380,504381,1,121
504259,504380,504381,1,121
502371,502565,504381,1816,194
504259,504379,504381,2,120
504259,504380,504382,2,121
504259,504381,504383,2,122
504259,504381,504383,2,122
504259,504380,504382,2,121
504259,504382,504383,1,123
504259,504382,504383,1,123
504259,504382,504384,2,123
504259,504382,504383,1,123
504259,504382,504384,2,123
504259,504382,504384,2,123
504259,504383,504385,2,124
504259,504383,504385,2,124
504259,504384,504385,1,125
504259,504384,504385,1,125
504259,504383,504385,2,124
504259,504384,504385,1,125
504275,504384,504386,2,109
504275,504384,504386,2,109
504275,504385,504386,1,110
504275,504385,504387,2,110
504275,504385,504387,2,110
504275,504386,504388,2,111
504275,504386,504387,1,111
504275,504386,504387,1,111
504275,504386,504388,2,111
504275,504386,504387,1,111
504275,504387,504388,1,112
504275,504387,504388,1,112
504275,504388,504389,1,113
504275,504388,504389,1,113
504275,504388,504389,1,113
504275,504388,504389,1,113
504275,504388,504389,1,113
504275,504388,504390,2,113
504275,504388,504390,2,113
504275,504389,504390,1,114
504275,504389,504390,1,114
504275,504389,504390,1,114
504275,504390,504391,1,115
504275,504390,504391,1,115
504275,504390,504392,2,115
504275,504390,504391,1,115
504275,504390,504392,2,115
504275,504391,504392,1,116
504275,504391,504393,2,116
504275,504391,504393,2,116
504275,504391,504393,2,116
504275,504392,504393,1,117
504275,504392,504394,2,117
504275,504392,504394,2,117
504275,504392,504394,2,117
504275,504393,504395,2,118
504275,504392,504394,2,117
504275,504394,504396,2,119
504275,504393,504395,2,118
504275,504394,504396,2,119
504275,504394,504396,2,119
504275,504394,504396,2,119
504275,504394,504396,2,119
504275,504394,504397,3,119
504275,504395,504397,2,120
504275,504395,504398,3,120
504275,504396,504398,2,121
504275,504396,504399,3,121
504275,504397,504400,3,122
504275,504397,504399,2,122
504275,504397,504400,3,122
504275,504397,504400,3,122
504275,504398,504400,2,123
504275,504398,504401,3,123
504275,504398,504401,3,123
504275,504399,504401,2,124
504275,504399,504402,3,124
504275,504400,504402,2,125
504275,504400,504403,3,125
504275,504400,504403,3,125
504275,504400,504402,2,125
504275,504401,504403,2,126
504275,504401,504404,3,126
504275,504402,504404,2,127
504275,504402,504405,3,127
504275,504403,504405,2,128
504275,504403,504405,2,128
504275,504404,504406,2,129
504275,504403,504405,2,128
504275,504403,504406,3,128
504275,504403,504405,2,128
504275,504405,504407,2,130
504275,504405,504407,2,130
504275,504405,504407,2,130
504275,504406,504408,2,131
504275,504405,504407,2,130
504275,504406,504408,2,131
504275,504406,504408,2,131
504275,504406,504408,2,131
504275,504406,504409,3,131
504275,504408,504409,1,133
504275,504408,504409,1,133
504275,504408,504409,1,133
504275,504408,504410,2,133
504275,504408,504410,2,133
504275,504408,504410,2,133
504275,504408,504410,2,133
504275,504408,504410,2,133
504275,504410,504411,1,135
504275,504410,504411,1,135
504275,504410,504412,2,135
504275,504410,504411,1,135
504275,504410,504411,1,135
504275,504410,504412,2,135
504275,504410,504412,2,135
504275,504411,504412,1,136
504275,504411,504413,2,136
504275,504412,504413,1,137
504275,504412,504413,1,137
504275,504412,504413,1,137
504281,504412,504413,1,131
504281,504412,504413,1,131
504281,504412,504414,2,131
504281,504413,504414,1,132
504281,504413,504414,1,132
504281,504413,504415,2,132
504281,504414,504415,1,133
504281,504414,504415,1,133
504281,504414,504415,1,133
504281,504414,504416,2,133
504281,504414,504415,1,133
504281,504414,504416,2,133
504281,504415,504416,1,134
504281,504415,504416,1,134
504281,504415,504417,2,134
504281,504416,504417,1,135
504281,504416,504417,1,135
504281,504416,504418,2,135
504281,504416,504418,2,135
504281,504416,504417,1,135
504281,504416,504418,2,135
504281,504417,504418,1,136
504281,504417,504418,1,136
504281,504417,504418,1,136
504281,504418,504420,2,137
504281,504418,504420,2,137
504281,504418,504419,1,137
504281,504418,504420,2,137
504281,504418,504420,2,137
504281,504418,504420,2,137
504281,504419,504421,2,138
504281,504419,504420,1,138
504281,504419,504421,2,138
504281,504420,504422,2,139
504281,504420,504422,2,139
504281,504420,504422,2,139
504281,504420,504422,2,139
504281,504420,504422,2,139
504281,504421,504423,2,140
504281,504421,504423,2,140
504281,504421,504423,2,140
504281,504421,504423,2,140
504281,504422,504424,2,141
504281,504422,504425,3,141
504281,504422,504425,3,141
504281,504423,504426,3,142
504281,504423,504426,3,142
504281,504423,504426,3,142
504281,504424,504426,2,143
504281,504424,504426,2,143
504281,504424,504427,3,143
504281,504425,504428,3,144
504281,504425,504428,3,144
504281,504425,504428,3,144
504281,504426,504428,2,145
504281,504426,504429,3,145
504281,504426,504429,3,145
504281,504427,504429,2,146
504281,504427,504429,2,146
504281,504427,504429,2,146
504281,504429,504430,1,148
504281,504428,504430,2,147
504281,504428,504431,3,147
504281,504428,504431,3,147
504281,504430,504431,1,149
504281,504430,504432,2,149
504281,504430,504432,2,149
504281,504431,504432,1,150
504281,504430,504432,2,149
504281,504430,504432,2,149
504281,504431,504433,2,150
504281,504432,504434,2,151
504281,504432,504433,1,151
504281,504432,504434,2,151
504281,504432,504434,2,151
504281,504433,504434,1,152
504281,504433,504435,2,152
504281,504433,504435,2,152
504281,504433,504435,2,152
504281,504434,504435,1,153
504281,504434,504435,1,153
504281,504434,504435,1,153
504281,504433,504435,2,152
504281,504434,504436,2,153
504281,504435,504436,1,154
504281,504435,504436,1,154
504281,504435,504437,2,154
504281,504435,504437,2,154
504281,504436,504438,2,155
504281,504436,504437,1,155
504281,504436,504438,2,155
504281,504436,504437,1,155
504281,504436,504438,2,155
504281,504437,504438,1,156
504281,504437,504438,1,156
504281,504437,504439,2,156
504281,504437,504439,2,156
504281,504438,504440,2,157
504281,504438,504439,1,157
504281,504438,504440,2,157
504302,504438,504440,2,136
504302,504438,504440,2,136
504302,504439,504440,1,137
504302,504439,504440,1,137
504302,504439,504441,2,137
504302,504440,504441,1,138
504302,504440,504442,2,138
504302,504440,504441,1,138
504302,504440,504442,2,138
504302,504440,504441,1,138
504302,504440,504442,2,138
504302,504441,504442,1,139
504302,504441,504442,1,139
504302,504442,504443,1,140
504302,504442,504443,1,140
504302,504442,504444,2,140
504302,504442,504444,2,140
504302,504442,504444,2,140
504302,504442,504443,1,140
504302,504443,504444,1,141
504302,504443,504444,1,141
504302,504443,504445,2,141
504302,504444,504445,1,142
504302,504444,504445,1,142
504302,504444,504446,2,142
504302,504444,504446,2,142
504302,504444,504445,1,142
504302,504444,504446,2,142
504302,504445,504446,1,143
504302,504445,504447,2,143
504302,504445,504447,2,143
504302,504446,504447,1,144
504302,504446,504447,1,144
504302,504446,504448,2,144
504302,504446,504448,2,144
504302,504447,504449,2,145
504302,504446,504448,2,144
504302,504446,504448,2,144
504302,504447,504449,2,145
504302,504448,504450,2,146
504302,504447,504450,3,145
504302,504448,504450,2,146
504302,504448,504451,3,146
504302,504449,504452,3,147
504302,504449,504452,3,147
504302,504449,504452,3,147
504302,504450,504452,2,148
504302,504450,504452,2,148
504302,504450,504453,3,148
504302,504450,504453,3,148
504302,504451,504453,2,149
504302,504452,504454,2,150
504302,504452,504455,3,150
504302,504452,504455,3,150
504302,504453,504455,2,151
504302,504453,504455,2,151
504302,504453,504455,2,151
504302,504453,504456,3,151
504302,504454,504456,2,152
504302,504455,504456,1,153
504302,504454,504456,2,152
504302,504456,504457,1,154
504302,504455,504458,3,153
504302,504457,504459,2,155
504302,504456,504458,2,154
504302,504456,504458,2,154
504302,504456,504458,2,154
504302,504456,504458,2,154
504302,504458,504459,1,156
504302,504457,504459,2,155
504302,504457,504459,2,155
504302,504459,504461,2,157
504302,504459,504460,1,157
504302,504459,504460,1,157
504302,504459,504461,2,157
504302,504458,504460,2,156
504302,504460,504461,1,158
504302,504460,504461,1,158
504302,504459,504461,2,157
504302,504460,504461,1,158
504302,504461,504463,2,159
504302,504461,504463,2,159
504302,504461,504462,1,159
504302,504461,504463,2,159
504302,504462,504463,1,160
504302,504462,504463,1,160
504302,504462,504464,2,160
504302,504462,504464,2,160
504302,504461,504463,2,159
504302,504463,504465,2,161
504302,504463,504465,2,161
504302,504463,504464,1,161
504302,504463,504465,2,161
504302,504464,504465,1,162
504302,504464,504465,1,162
504302,504464,504466,2,162
504302,504464,504466,2,162
504302,504464,504466,2,162
504302,504465,504466,1,163
504383,504465,504466,1,82
504383,504465,504467,2,82
504302,504465,504467,2,163
504383,504466,504467,1,83
504383,504466,504467,1,83
504383,504466,504468,2,83
504383,504466,504468,2,83
504383,504466,504468,2,83
504383,504467,504469,2,84
504383,504467,504468,1,84
504383,504467,504469,2,84
504383,504467,504469,2,84
504383,504468,504469,1,85
504383,504468,504469,1,85
504383,504469,504470,1,86
504383,504468,504470,2,85
504383,504469,504470,1,86
504383,504469,504470,1,86
504383,504469,504471,2,86
504383,504469,504471,2,86
504383,504470,504471,1,87
504383,504470,504471,1,87
504383,504470,504472,2,87
504383,504470,504472,2,87
504383,504471,504472,1,88
504383,504471,504472,1,88
504383,504471,504473,2,88
504383,504472,504473,1,89
504383,504471,504473,2,88
504383,504472,504473,1,89
504383,504472,504473,1,89
504383,504472,504474,2,89
504383,504473,504474,1,90
504383,504473,504474,1,90
504383,504473,504475,2,90
504383,504473,504475,2,90
504383,504474,504476,2,91
504383,504474,504476,2,91
504383,504474,504476,2,91
504383,504474,504477,3,91
504383,504475,504477,2,92
504383,504474,504477,3,91
504383,504475,504477,2,92
504383,504476,504478,2,93
504383,504475,504478,3,92
504383,504476,504478,2,93
504383,504476,504478,2,93
504383,504477,504479,2,94
504383,504477,504479,2,94
504383,504477,504480,3,94
504383,504478,504480,2,95
504383,504478,504480,2,95
504383,504478,504480,2,95
504383,504479,504481,2,96
502397,502619,504482,1863,222
504383,504479,504482,3,96
504383,504479,504482,3,96
504383,504480,504482,2,97
504383,504480,504482,2,97
504383,504480,504483,3,97
504383,504481,504483,2,98
504383,504481,504483,2,98
504383,504482,504484,2,99
504383,504481,504483,2,98
504383,504482,504484,2,99
504383,504482,504484,2,99
504383,504482,504484,2,99
504383,504482,504484,2,99
504383,504483,504485,2,100
504383,504483,504485,2,100
504383,504484,504485,1,101
504383,504483,504485,2,100
504383,504484,504486,2,101
504383,504485,504487,2,102
504383,504484,504486,2,101
504383,504484,504486,2,101
504383,504485,504487,2,102
504383,504486,504487,1,103
504383,504486,504487,1,103
504383,504486,504488,2,103
504383,504486,504488,2,103
504383,504486,504488,2,103
504383,504486,504488,2,103
504383,504487,504488,1,104
504383,504487,504489,2,104
504383,504487,504488,1,104
504383,504487,504489,2,104
504383,504488,504489,1,105
504383,504488,504489,1,105
504383,504488,504490,2,105
504383,504488,504489,1,105
504383,504488,504490,2,105
504383,504489,504490,1,106
504383,504489,504490,1,106
504383,504489,504491,2,106
504383,504489,504491,2,106
504383,504489,504491,2,106
504383,504490,504491,1,107
504383,504490,504491,1,107
504383,504490,504492,2,107
504383,504490,504491,1,107
504383,504491,504492,1,108
504483,504491,504492,1,8
504483,504491,504492,1,8
504483,504491,504493,2,8
504483,504491,504493,2,8
504483,504491,504493,2,8
504483,504492,504493,1,9
504483,504492,504493,1,9
504483,504492,504494,2,9
504483,504492,504493,1,9
504483,504493,504494,1,10
504483,504493,504494,1,10
504483,504493,504495,2,10
504483,504493,504495,2,10
504483,504493,504495,2,10
504483,504493,504495,2,10
504483,504494,504495,1,11
504483,504494,504495,1,11
504483,504494,504496,2,11
504483,504495,504496,1,12
504483,504495,504496,1,12
504483,504495,504497,2,12
504483,504494,504496,2,11
504483,504495,504497,2,12
504483,504495,504497,2,12
504483,504496,504497,1,13
504483,504496,504498,2,13
504483,504496,504497,1,13
504483,504496,504498,2,13
504483,504497,504498,1,14
504483,504497,504498,1,14
504483,504497,504499,2,14
504483,504497,504499,2,14
504483,504498,504500,2,15
504483,504498,504500,2,15
504483,504498,504500,2,15
504483,504497,504499,2,14
504483,504498,504500,2,15
504483,504499,504500,1,16
504483,504498,504501,3,15
504483,504499,504502,3,16
504483,504499,504502,3,16
504483,504500,504502,2,17
504483,504500,504502,2,17
504483,504500,504502,2,17
504483,504501,504503,2,18
504483,504501,504503,2,18
504483,504501,504504,3,18
504483,504501,504503,2,18
504483,504502,504504,2,19
504483,504503,504505,2,20
504483,504503,504505,2,20
504483,504503,504505,2,20
504483,504503,504505,2,20
504483,504503,504505,2,20
504483,504504,504506,2,21
504483,504504,504506,2,21
504483,504504,504506,2,21
504483,504504,504507,3,21
504483,504505,504507,2,22
504483,504506,504508,2,23
504483,504506,504508,2,23
504483,504506,504508,2,23
504483,504506,504508,2,23
504483,504506,504508,2,23
504483,504506,504508,2,23
504483,504507,504509,2,24
504483,504507,504509,2,24
504483,504508,504509,1,25
504483,504508,504510,2,25
504483,504507,504509,2,24
504483,504508,504510,2,25
504483,504509,504511,2,26
504483,504509,504510,1,26
504483,504509,504510,1,26
504483,504509,504511,2,26
504483,504510,504512,2,27
504483,504510,504512,2,27
504483,504510,504511,1,27
504483,504510,504512,2,27
504483,504510,504512,2,27
504483,504511,504512,1,28
504483,504511,504513,2,28
504483,504511,504512,1,28
504483,504511,504512,1,28
504483,504511,504513,2,28
504483,504512,504514,2,29
504483,504512,504513,1,29
504483,504512,504514,2,29
504483,504512,504514,2,29
504483,504512,504514,2,29
504483,504513,504514,1,30
504483,504513,504515,2,30
504483,504513,504514,1,30
504483,504513,504514,1,30
504483,504513,504515,2,30
504483,504514,504516,2,31
504483,504514,504515,1,31
504483,504514,504515,1,31
504483,504514,504515,1,31
504483,504514,504516,2,31
502400,502619,504522,1903,219
504528,504528,504529,1,0
504528,504528,504530,2,0
504528,504528,504529,1,0
504528,504528,504529,1,0
504528,504528,504530,2,0
504528,504528,504529,1,0
504528,504528,504530,2,0
504528,504528,504530,2,0
504528,504528,504530,2,0
504528,504528,504530,2,0
504528,504528,504530,2,0
504528,504530,504531,1,2
504528,504530,504532,2,2
504528,504530,504531,1,2
504528,504530,504532,2,2
504528,504530,504532,2,2
504528,504530,504531,1,2
504528,504530,504531,1,2
504528,504530,504532,2,2
504528,504530,504532,2,2
504528,504530,504532,2,2
504528,504530,504532,2,2
504528,504532,504533,1,4
504528,504532,504534,2,4
504528,504532,504534,2,4
504528,504532,504534,2,4
504528,504532,504534,2,4
504528,504532,504534,2,4
504528,504532,504534,2,4
504528,504532,504534,2,4
504528,504532,504533,1,4
504528,504532,504534,2,4
504528,504532,504534,2,4
504528,504534,504536,2,6
504528,504534,504536,2,6
504528,504534,504536,2,6
504528,504534,504536,2,6
504528,504534,504536,2,6
504528,504534,504536,2,6
504528,504534,504536,2,6
504528,504534,504537,3,6
504528,504534,504537,3,6
504528,504534,504537,3,6
504528,504535,504537,2,7
504528,504536,504538,2,8
504528,504536,504539,3,8
504528,504536,504539,3,8
504528,504537,504539,2,9
504528,504537,504539,2,9
504528,504537,504539,2,9
504528,504537,504540,3,9
504528,504537,504540,3,9
504528,504538,504540,2,10
504528,504538,504540,2,10
504528,504538,504540,2,10
504528,504539,504541,2,11
504528,504540,504542,2,12
504528,504540,504542,2,12
504528,504539,504542,3,11
504528,504539,504542,3,11
504528,504541,504543,2,13
504528,504540,504542,2,12
504528,504540,504543,3,12
504528,504541,504543,2,13
504528,504541,504543,2,13
504528,504541,504543,2,13
504528,504541,504543,2,13
504528,504542,504544,2,14
504528,504542,504543,1,14
504528,504543,504545,2,15
504528,504543,504544,1,15
504528,504542,504545,3,14
504528,504543,504545,2,15
504528,504544,504545,1,16
504528,504543,504545,2,15
504528,504544,504545,1,16
504528,504544,504546,2,16
504528,504544,504546,2,16
504528,504544,504545,1,16
504528,504544,504546,2,16
504528,504545,504547,2,17
504528,504545,504546,1,17
504528,504545,504547,2,17
504528,504546,504547,1,18
504528,504546,504547,1,18
504528,504546,504548,2,18
504528,504546,504547,1,18
504528,504546,504547,1,18
504528,504546,504548,2,18
504528,504546,504548,2,18
504528,504546,504547,1,18
504528,504547,504549,2,19
504528,504547,504548,1,19
504528,504547,504549,2,19
504528,504548,504549,1,20
504528,504548,504549,1,20
504528,504548,504549,1,20
504528,504548,504550,2,20
504528,504548,504550,2,20
504528,504548,504549,1,20
502427,502760,504650,1890,333
502425,502760,504650,1890,335
504650,504650,504652,2,0
504650,504651,504652,1,1
504650,504650,504652,2,0
504650,504650,504652,2,0
504650,504651,504652,1,1
504650,504650,504652,2,0
504650,504651,504652,1,1
504650,504651,504652,1,1
504650,504651,504652,1,1
504650,504651,504652,1,1
504650,504651,504652,1,1
504650,504651,504652,1,1
504650,504653,504655,2,3
504650,504653,504654,1,3
504650,504653,504654,1,3
504650,504653,504654,1,3
504650,504653,504654,1,3
504650,504653,504654,1,3
504650,504653,504655,2,3
504650,504653,504654,1,3
504650,504653,504654,1,3
504650,504653,504654,1,3
504650,504653,504654,1,3
504650,504653,504654,1,3
504650,504651,504654,3,1
504650,504655,504656,1,5
504650,504655,504656,1,5
504650,504655,504657,2,5
504650,504655,504656,1,5
504650,504655,504656,1,5
504650,504655,504656,1,5
504650,504655,504656,1,5
504650,504655,504657,2,5
504650,504655,504657,2,5
504650,504655,504657,2,5
504650,504655,504657,2,5
504650,504655,504657,2,5
504650,504656,504658,2,6
504650,504657,504659,2,7
504650,504657,504659,2,7
504650,504657,504659,2,7
504650,504657,504659,2,7
504650,504657,504659,2,7
504650,504657,504660,3,7
504650,504657,504659,2,7
504650,504657,504659,2,7
504650,504657,504660,3,7
504650,504657,504660,3,7
504650,504657,504660,3,7
504650,504657,504659,2,7
504650,504659,504661,2,9
504650,504659,504661,2,9
504650,504659,504661,2,9
504650,504659,504661,2,9
504650,504660,504662,2,10
504650,504660,504663,3,10
504650,504660,504663,3,10
504650,504660,504663,3,10
504650,504660,504662,2,10
504650,504660,504662,2,10
504650,504660,504663,3,10
504650,504660,504663,3,10
504650,504660,504663,3,10
504650,504662,504663,1,12
504650,504662,504664,2,12
504650,504662,504664,2,12
504650,504662,504664,2,12
504650,504663,504664,1,13
504650,504663,504665,2,13
504650,504663,504665,2,13
504650,504663,504665,2,13
504650,504664,504665,1,14
504650,504664,504665,1,14
504650,504664,504665,1,14
504650,504663,504665,2,13
504650,504664,504666,2,14
504650,504663,504665,2,13
504650,504663,504665,2,13
504650,504664,504666,2,14
504650,504665,504667,2,15
504650,504665,504667,2,15
504650,504665,504667,2,15
504650,504665,504667,2,15
504650,504665,504667,2,15
504650,504666,504667,1,16
504650,504666,504667,1,16
504650,504666,504668,2,16
504650,504666,504667,1,16
504650,504666,504668,2,16
504650,504666,504668,2,16
504650,504666,504668,2,16
504650,504666,504668,2,16
504650,504667,504668,1,17
504650,504667,504668,1,17
504650,504667,504669,2,17
504650,504667,504669,2,17
504650,504667,504669,2,17
504650,504668,504669,1,18
504650,504668,504669,1,18
504650,504668,504669,1,18
504651,504668,504669,1,17
504651,504668,504670,2,17
504651,504668,504670,2,17
504651,504669,504670,1,18
504651,504668,504670,2,17
504651,504668,504670,2,17
504651,504669,504670,1,18
504651,504669,504670,1,18
504651,504670,504671,1,19
504651,504670,504671,1,19
504651,504670,504671,1,19
504651,504670,504672,2,19
504651,504670,504671,1,19
504651,504670,504671,1,19
504651,504670,504672,2,19
504651,504671,504672,1,20
504651,504671,504672,1,20
504651,504671,504672,1,20
504651,504671,504672,1,20
504651,504671,504672,1,20
504651,504671,504673,2,20
504651,504672,504673,1,21
504651,504672,504673,1,21
504651,504672,504674,2,21
504651,504672,504674,2,21
504651,504672,504674,2,21
504651,504672,504673,1,21
504651,504672,504674,2,21
504651,504673,504674,1,22
504651,504673,504674,1,22
504651,504673,504674,1,22
504651,504673,504674,1,22
504651,504673,504674,1,22
504651,504673,504675,2,22
504651,504674,504676,2,23
504651,504675,504676,1,24
504651,504675,504676,1,24
504651,504675,504677,2,24
504651,504674,504676,2,23
504651,504674,504677,3,23
504651,504674,504677,3,23
504651,504674,504677,3,23
504651,504675,504677,2,24
504651,504675,504677,2,24
504651,504675,504677,2,24
504651,504675,504677,2,24
504651,504676,504678,2,25
504651,504677,504679,2,26
504651,504676,504679,3,25
504651,504677,504679,2,26
504651,504677,504680,3,26
504651,504678,504680,2,27
504651,504677,504680,3,26
504651,504678,504680,2,27
504651,504678,504680,2,27
504651,504678,504680,2,27
504651,504679,504681,2,28
504651,504678,504680,2,27
504651,504678,504680,2,27
504651,504678,504681,3,27
504651,504679,504681,2,28
504651,504679,504681,2,28
504651,504680,504682,2,29
504651,504680,504682,2,29
504651,504681,504683,2,30
504651,504680,504682,2,29
504651,504681,504683,2,30
504651,504681,504682,1,30
504651,504681,504682,1,30
504651,504680,504683,3,29
504651,504681,504683,2,30
504651,504681,504683,2,30
504651,504682,504683,1,31
504651,504682,504684,2,31
504651,504681,504683,2,30
504651,504682,504684,2,31
504651,504683,504684,1,32
504651,504683,504684,1,32
504651,504683,504684,1,32
504651,504683,504684,1,32
504651,504683,504685,2,32
504651,504682,504684,2,31
504651,504683,504685,2,32
504651,504683,504685,2,32
504651,504684,504685,1,33
504651,504684,504686,2,33
504651,504684,504686,2,33
504651,504684,504686,2,33
504651,504685,504686,1,34
504651,504685,504686,1,34
504651,504685,504686,1,34
504651,504685,504687,2,34
504651,504685,504687,2,34
504651,504685,504687,2,34
504651,504685,504687,2,34
504651,504684,504686,2,33
504651,504685,504687,2,34
504651,504686,504687,1,35
504651,504686,504688,2,35
504651,504687,504688,1,36
502411,502709,504696,1987,298
504699,504699,504700,1,0
504699,504699,504700,1,0
504699,504699,504700,1,0
504699,504699,504700,1,0
504699,504699,504700,1,0
504699,504699,504700,1,0
504699,504699,504700,1,0
504699,504699,504701,2,0
504699,504699,504700,1,0
504699,504699,504700,1,0
504699,504699,504700,1,0
504699,504699,504700,1,0
504699,504699,504700,1,0
504699,504699,504700,1,0
504699,504701,504702,1,2
504699,504701,504702,1,2
504699,504701,504703,2,2
504699,504701,504702,1,2
504699,504701,504703,2,2
504699,504701,504702,1,2
504699,504701,504703,2,2
504699,504701,504703,2,2
504699,504701,504703,2,2
504699,504701,504702,1,2
504699,504701,504702,1,2
504699,504701,504703,2,2
504699,504701,504702,1,2
504699,504701,504702,1,2
504699,504702,504703,1,3
504699,504703,504704,1,4
504699,504703,504705,2,4
504699,504703,504704,1,4
504699,504703,504705,2,4
504699,504703,504705,2,4
504699,504703,504705,2,4
504699,504703,504705,2,4
504699,504703,504705,2,4
504699,504703,504705,2,4
504699,504703,504705,2,4
504699,504703,504705,2,4
504699,504703,504705,2,4
504699,504703,504705,2,4
504699,504704,504706,2,5
504699,504705,504707,2,6
504699,504705,504708,3,6
504699,504705,504708,3,6
504699,504705,504707,2,6
504699,504705,504708,3,6
504699,504705,504707,2,6
504699,504705,504708,3,6
504699,504705,504708,3,6
504699,504705,504708,3,6
504699,504705,504708,3,6
504699,504705,504708,3,6
504699,504707,504709,2,8
504699,504707,504709,2,8
504699,504707,504709,2,8
504699,504707,504709,2,8
504699,504708,504710,2,9
504699,504708,504710,2,9
504699,504708,504710,2,9
504699,504709,504710,1,10
504699,504709,504710,1,10
504699,504709,504710,1,10
504699,504709,504710,1,10
504699,504709,504711,2,10
504699,504708,504711,3,9
504699,504708,504711,3,9
504699,504708,504711,3,9
504699,504709,504711,2,10
504699,504710,504711,1,11
504699,504710,504711,1,11
504699,504710,504712,2,11
504699,504711,504712,1,12
504699,504711,504712,1,12
504699,504711,504712,1,12
504699,504711,504712,1,12
504699,504711,504712,1,12
504699,504711,504712,1,12
504699,504711,504712,1,12
504699,504712,504713,1,13
504699,504712,504713,1,13
504699,504712,504713,1,13
504699,504712,504713,1,13
504699,504712,504713,1,13
504699,504712,504713,1,13
504699,504712,504713,1,13
504699,504713,504714,1,14
504699,504713,504714,1,14
504699,504713,504714,1,14
504699,504713,504714,1,14
504699,504713,504714,1,14
504699,504713,504714,1,14
504699,504713,504714,1,14
504699,504714,504715,1,15
504699,504714,504715,1,15
504699,504714,504715,1,15
504699,504714,504715,1,15
504699,504714,504715,1,15
504699,504714,504715,1,15
502439,502854,504737,1883,415
504738,504738,504739,1,0
504738,504738,504739,1,0
504738,504738,504739,1,0
504738,504738,504739,1,0
504738,504738,504739,1,0
504738,504738,504739,1,0
504738,504738,504739,1,0
504738,504738,504739,1,0
504738,504738,504739,1,0
504738,504738,504739,1,0
504738,504738,504739,1,0
504738,504738,504739,1,0
504738,504738,504739,1,0
504738,504738,504739,1,0
504738,504738,504739,1,0
504738,504740,504741,1,2
504738,504740,504741,1,2
504738,504740,504741,1,2
504738,504740,504741,1,2
504738,504740,504741,1,2
504738,504740,504741,1,2
504738,504740,504741,1,2
504738,504740,504742,2,2
504738,504740,504741,1,2
504738,504740,504741,1,2
504738,504740,504741,1,2
504738,504740,504741,1,2
504738,504740,504741,1,2
504738,504740,504741,1,2
504738,504740,504741,1,2
504738,504741,504742,1,3
504738,504742,504743,1,4
504738,504742,504744,2,4
504738,504742,504744,2,4
504738,504742,504744,2,4
504738,504742,504743,1,4
504738,504742,504744,2,4
504738,504742,504744,2,4
504738,504742,504744,2,4
504738,504742,504744,2,4
504738,504742,504744,2,4
504738,504742,504744,2,4
504738,504743,504745,2,5
504738,504742,504744,2,4
504738,504742,504744,2,4
504738,504742,504745,3,4
504738,504744,504746,2,6
504738,504744,504746,2,6
504738,504744,504746,2,6
504738,504745,504747,2,7
504738,504744,504746,2,6
504738,504744,504746,2,6
504738,504745,504747,2,7
504738,504744,504746,2,6
504738,504744,504746,2,6
504738,504745,504747,2,7
504738,504745,504747,2,7
504738,504746,504748,2,8
504738,504745,504748,3,7
504738,504745,504748,3,7
504738,504745,504747,2,7
504738,504745,504747,2,7
504738,504746,504748,2,8
504738,504747,504749,2,9
504738,504747,504749,2,9
504738,504747,504749,2,9
504738,504747,504749,2,9
504738,504747,504749,2,9
504738,504747,504749,2,9
504738,504748,504750,2,10
504738,504747,504750,3,9
504738,504748,504750,2,10
504738,504747,504749,2,9
504738,504748,504750,2,10
504738,504748,504750,2,10
504738,504748,504750,2,10
504738,504748,504750,2,10
504738,504747,504750,3,9
504738,504749,504751,2,11
504738,504749,504751,2,11
504738,504750,504751,1,12
504738,504750,504751,1,12
504738,504750,504751,1,12
504738,504750,504752,2,12
504738,504750,504752,2,12
504738,504750,504752,2,12
504738,504750,504752,2,12
504738,504750,504752,2,12
504738,504750,504752,2,12
504738,504750,504752,2,12
504738,504750,504752,2,12
504738,504750,504752,2,12
504738,504751,504752,1,13
504738,504751,504753,2,13
504738,504752,504753,1,14
504738,504752,504753,1,14
504738,504752,504753,1,14
504738,504752,504753,1,14
504738,504752,504754,2,14
504738,504752,504754,2,14
504008,504073,505937,1864,65
505938,505938,505939,1,0
505938,505938,505939,1,0
505938,505938,505940,2,0
505938,505938,505940,2,0
505938,505938,505939,1,0
505938,505938,505940,2,0
505938,505938,505940,2,0
505938,505938,505940,2,0
505938,505938,505940,2,0
505938,505938,505940,2,0
505938,505938,505940,2,0
505938,505938,505939,1,0
505938,505938,505940,2,0
505938,505938,505940,2,0
505938,505938,505939,1,0
505938,505938,505940,2,0
505938,505940,505941,1,2
505938,505940,505942,2,2
505938,505940,505941,1,2
505938,505940,505942,2,2
505938,505940,505942,2,2
505938,505940,505942,2,2
505938,505940,505942,2,2
505938,505940,505942,2,2
505938,505940,505942,2,2
505938,505940,505942,2,2
505938,505940,505942,2,2
505938,505940,505942,2,2
505938,505940,505942,2,2
505938,505940,505942,2,2
505938,505941,505942,1,3
505938,505941,505943,2,3
505938,505942,505944,2,4
505938,505943,505944,1,5
505938,505943,505944,1,5
505938,505943,505945,2,5
505938,505943,505945,2,5
505938,505943,505944,1,5
505938,505943,505945,2,5
505938,505943,505945,2,5
505938,505943,505945,2,5
505938,505943,505945,2,5
505938,505943,505945,2,5
505938,505943,505945,2,5
505938,505943,505945,2,5
505938,505943,505945,2,5
505938,505943,505945,2,5
505938,505945,505947,2,7
505938,505945,505947,2,7
505938,505944,505946,2,6
505938,505945,505947,2,7
505938,505945,505947,2,7
505938,505946,505948,2,8
505938,505945,505947,2,7
505938,505945,505947,2,7
505938,505945,505947,2,7
505938,505946,505948,2,8
505938,505946,505948,2,8
505938,505946,505948,2,8
505938,505946,505949,3,8
505938,505947,505949,2,9
505938,505947,505949,2,9
505938,505946,505948,2,8
505938,505946,505949,3,8
505938,505946,505948,2,8
505938,505948,505950,2,10
505938,505947,505949,2,9
505938,505948,505950,2,10
505938,505948,505950,2,10
505938,505948,505950,2,10
505938,505948,505949,1,10
505938,505948,505950,2,10
505938,505949,505950,1,11
505938,505949,505950,1,11
505938,505949,505950,1,11
505938,505949,505951,2,11
505938,505949,505951,2,11
505938,505948,505950,2,10
505938,505949,505950,1,11
505938,505949,505951,2,11
505938,505949,505950,1,11
505938,505950,505952,2,12
505938,505950,505951,1,12
505938,505950,505951,1,12
505938,505950,505951,1,12
505938,505950,505952,2,12
505938,505951,505952,1,13
505938,505951,505953,2,13
505938,505951,505952,1,13
505938,505951,505953,2,13
505938,505951,505952,1,13
505938,505951,505952,1,13
505938,505950,505952,2,12
505938,505951,505953,2,13
505938,505951,505952,1,13
505938,505951,505953,2,13
505938,505951,505952,1,13
505938,505952,505954,2,14
505938,505952,505953,1,14
505938,505952,505953,1,14
504107,504195,505992,1797,88
505992,505992,505993,1,0
505992,505992,505994,2,0
505992,505992,505994,2,0
505992,505992,505994,2,0
505992,505992,505994,2,0
505992,505992,505993,1,0
505992,505992,505994,2,0
505992,505992,505994,2,0
505992,505992,505994,2,0
505992,505992,505994,2,0
505992,505992,505994,2,0
505992,505992,505994,2,0
505992,505992,505994,2,0
505992,505992,505994,2,0
505992,505993,505994,1,1
505992,505993,505994,1,1
505992,505993,505994,1,1
505992,505994,505995,1,2
505992,505994,505995,1,2
505992,505995,505996,1,3
505992,505995,505996,1,3
505992,505995,505996,1,3
505992,505995,505996,1,3
505992,505995,505996,1,3
505992,505995,505996,1,3
505992,505995,505996,1,3
505992,505995,505996,1,3
505992,505995,505996,1,3
505992,505995,505996,1,3
505992,505995,505996,1,3
505992,505995,505996,1,3
505992,505995,505996,1,3
505992,505995,505996,1,3
505992,505995,505997,2,3
505992,505996,505997,1,4
505992,505996,505997,1,4
505992,505997,505999,2,5
505992,505997,505999,2,5
505992,505997,505999,2,5
505992,505997,505999,2,5
505992,505997,505999,2,5
505992,505997,505999,2,5
505992,505997,505999,2,5
505992,505997,505999,2,5
505992,505997,505999,2,5
505992,505997,505999,2,5
505992,505997,505999,2,5
505992,505997,505999,2,5
505992,505997,505999,2,5
505992,505997,506000,3,5
505992,505998,506000,2,6
505992,505998,506000,2,6
505992,505999,506001,2,7
505992,505998,506000,2,6
505992,505999,506001,2,7
505992,506000,506002,2,8
505992,506000,506002,2,8
505992,506000,506002,2,8
505992,506000,506002,2,8
505992,506000,506002,2,8
505992,505999,506002,3,7
505992,506000,506002,2,8
505992,506000,506002,2,8
505992,506000,506002,2,8
505992,506000,506002,2,8
505992,506000,506002,2,8
505992,506000,506002,2,8
505992,506000,506002,2,8
505992,506001,506002,1,9
505992,506000,506002,2,8
505992,506001,506003,2,9
505992,506002,506003,1,10
505992,506002,506004,2,10
505992,506002,506004,2,10
505992,506002,506004,2,10
505992,506002,506004,2,10
505992,506002,506004,2,10
505992,506002,506004,2,10
505992,506002,506004,2,10
505992,506003,506005,2,11
505992,506003,506004,1,11
505992,506002,506004,2,10
505992,506003,506004,1,11
505992,506003,506005,2,11
505992,506002,506004,2,10
505992,506003,506005,2,11
505992,506003,506005,2,11
505992,506005,506006,1,13
505992,506003,506005,2,11
505992,506004,506005,1,12
505992,506004,506006,2,12
505992,506004,506005,1,12
505992,506004,506006,2,12
505992,506005,506006,1,13
505992,506005,506006,1,13
505992,506005,506006,1,13
505992,506005,506006,1,13
505992,506005,506007,2,13
505992,506005,506006,1,13
505992,506005,506006,1,13
504027,504145,506009,1864,118
506020,506020,506021,1,0
506020,506020,506021,1,0
506020,506020,506021,1,0
506020,506020,506022,2,0
506020,506020,506021,1,0
506020,506020,506021,1,0
506020,506020,506021,1,0
506020,506020,506021,1,0
506020,506020,506021,1,0
506020,506020,506021,1,0
506020,506020,506021,1,0
506020,506020,506021,1,0
506020,506020,506021,1,0
506020,506020,506021,1,0
506020,506020,506021,1,0
506020,506020,506021,1,0
506020,506020,506021,1,0
506020,506020,506021,1,0
506020,506022,506023,1,2
506020,506021,506022,1,1
506020,506022,506023,1,2
506020,506022,506024,2,2
506020,506022,506024,2,2
506020,506022,506023,1,2
506020,506022,506023,1,2
506020,506022,506023,1,2
506020,506022,506024,2,2
506020,506022,506023,1,2
506020,506022,506023,1,2
506020,506022,506023,1,2
506020,506022,506023,1,2
506020,506022,506024,2,2
506020,506022,506023,1,2
506020,506022,506024,2,2
506020,506022,506024,2,2
506020,506022,506024,2,2
506020,506023,506025,2,3
506020,506024,506026,2,4
506020,506024,506026,2,4
506020,506023,506025,2,3
506020,506024,506026,2,4
506020,506024,506026,2,4
506020,506024,506026,2,4
506020,506024,506026,2,4
506020,506024,506027,3,4
506020,506024,506026,2,4
506020,506024,506026,2,4
506020,506024,506027,3,4
506020,506024,506026,2,4
506020,506024,506026,2,4
506020,506024,506027,3,4
506020,506024,506026,2,4
506020,506024,506026,2,4
506020,506024,506027,3,4
506020,506025,506027,2,5
506020,506026,506028,2,6
506020,506026,506028,2,6
506020,506026,506028,2,6
506020,506026,506029,3,6
506020,506026,506028,2,6
506020,506026,506028,2,6
506020,506027,506029,2,7
506020,506027,506029,2,7
506020,506027,506029,2,7
506020,506027,506029,2,7
506020,506026,506029,3,6
506020,506027,506029,2,7
506020,506027,506030,3,7
506020,506027,506030,3,7
506020,506027,506029,2,7
506020,506027,506030,3,7
506020,506028,506030,2,8
506020,506027,506030,3,7
506020,506028,506030,2,8
506020,506028,506030,2,8
506020,506028,506030,2,8
506020,506029,506031,2,9
506020,506029,506031,2,9
506020,506029,506031,2,9
506020,506029,506031,2,9
506020,506029,506031,2,9
506020,506029,506031,2,9
506020,506029,506032,3,9
506020,506031,506032,1,11
506020,506030,506031,1,10
506020,506030,506031,1,10
506020,506030,506032,2,10
506020,506030,506032,2,10
506020,506031,506032,1,11
506020,506030,506032,2,10
506020,506031,506032,1,11
506020,506031,506032,1,11
506020,506031,506032,1,11
506020,506030,506032,2,10
506020,506031,506033,2,11
506020,506032,506033,1,12
506020,506032,506033,1,12
506020,506032,506033,1,12
506020,506032,506033,1,12
506020,506032,506033,1,12
504114,504243,506076,1833,129
506077,506077,506078,1,0
506077,506077,506079,2,0
506077,506077,506079,2,0
506077,506077,506079,2,0
506077,506077,506079,2,0
506077,506077,506079,2,0
506077,506077,506079,2,0
506077,506077,506079,2,0
506077,506077,506079,2,0
506077,506077,506079,2,0
506077,506077,506079,2,0
506077,506077,506079,2,0
506077,506077,506079,2,0
506077,506077,506079,2,0
506077,506077,506079,2,0
506077,506077,506079,2,0
506077,506077,506079,2,0
506077,506077,506079,2,0
506077,506078,506079,1,1
506077,506079,506080,1,2
506077,506080,506081,1,3
506077,506080,506081,1,3
506077,506080,506081,1,3
506077,506080,506081,1,3
506077,506080,506081,1,3
506077,506080,506081,1,3
506077,506080,506081,1,3
506077,506080,506081,1,3
506077,506080,506081,1,3
506077,506080,506082,2,3
506077,506080,506081,1,3
506077,506080,506081,1,3
506077,506080,506081,1,3
506077,506080,506081,1,3
506077,506080,506081,1,3
506077,506080,506082,2,3
506077,506080,506082,2,3
506077,506080,506082,2,3
506077,506081,506083,2,4
506077,506082,506084,2,5
506077,506082,506084,2,5
506077,506082,506084,2,5
506077,506082,506084,2,5
506077,506082,506084,2,5
506077,506082,506084,2,5
506077,506082,506084,2,5
506077,506082,506084,2,5
506077,506082,506084,2,5
506077,506082,506084,2,5
506077,506082,506084,2,5
506077,506082,506084,2,5
506077,506082,506084,2,5
506077,506083,506085,2,6
506077,506082,506084,2,5
506077,506082,506084,2,5
506077,506083,506085,2,6
506077,506082,506084,2,5
506077,506082,506084,2,5
506077,506084,506086,2,7
506077,506084,506086,2,7
506077,506084,506086,2,7
506077,506084,506086,2,7
506077,506084,506086,2,7
506077,506085,506087,2,8
506077,506085,506087,2,8
506077,506085,506086,1,8
506077,506085,506087,2,8
506077,506085,506087,2,8
506077,506085,506087,2,8
506077,506085,506087,2,8
506077,506085,506087,2,8
506077,506085,506087,2,8
506077,506085,506088,3,8
506077,506086,506087,1,9
506077,506085,506087,2,8
506077,506085,506087,2,8
506077,506085,506087,2,8
506077,506085,506087,2,8
506077,506086,506087,1,9
506077,506086,506088,2,9
506077,506086,506088,2,9
506077,506086,506088,2,9
506077,506087,506089,2,10
506077,506087,506088,1,10
506077,506087,506088,1,10
506077,506087,506088,1,10
506077,506087,506089,2,10
506077,506087,506089,2,10
506077,506087,506089,2,10
506077,506087,506089,2,10
506077,506088,506090,2,11
506077,506088,506090,2,11
506077,506088,506089,1,11
506077,506088,506089,1,11
506077,506088,506089,1,11
506077,506088,506089,1,11
506077,506088,506089,1,11
506077,506088,506090,2,11
506077,506088,506089,1,11
506077,506088,506089,1,11
504140,504284,506104,1820,144
506104,506104,506105,1,0
506104,506104,506105,1,0
506104,506104,506105,1,0
506104,506104,506105,1,0
506104,506104,506106,2,0
506104,506104,506105,1,0
506104,506104,506106,2,0
506104,506104,506106,2,0
506104,506104,506106,2,0
506104,506104,506106,2,0
506104,506104,506106,2,0
506104,506104,506106,2,0
506104,506104,506106,2,0
506104,506104,506106,2,0
506104,506104,506106,2,0
506104,506104,506106,2,0
506104,506104,506106,2,0
506104,506106,506107,1,2
506104,506104,506106,2,0
506104,506104,506106,2,0
506104,506104,506106,2,0
506104,506106,506107,1,2
506104,506106,506107,1,2
506104,506106,506107,1,2
506104,506106,506107,1,2
506104,506106,506107,1,2
506104,506107,506108,1,3
506104,506107,506108,1,3
506104,506107,506108,1,3
506104,506107,506108,1,3
506104,506107,506108,1,3
506104,506107,506108,1,3
506104,506107,506108,1,3
506104,506107,506108,1,3
506104,506107,506109,2,3
506104,506107,506108,1,3
506104,506107,506108,1,3
506104,506107,506109,2,3
506104,506107,506109,2,3
506104,506107,506109,2,3
506104,506107,506109,2,3
506104,506108,506110,2,4
506104,506108,506110,2,4
506104,506108,506110,2,4
506104,506108,506110,2,4
506104,506108,506110,2,4
506104,506109,506111,2,5
506104,506109,506111,2,5
506104,506109,506111,2,5
506104,506109,506111,2,5
506104,506109,506111,2,5
506104,506109,506111,2,5
506104,506109,506111,2,5
506104,506109,506111,2,5
506104,506109,506111,2,5
506104,506109,506111,2,5
506104,506109,506111,2,5
506104,506110,506112,2,6
506104,506109,506111,2,5
506104,506110,506112,2,6
506104,506110,506112,2,6
506104,506111,506113,2,7
506104,506111,506113,2,7
506104,506111,506113,2,7
506104,506111,506113,2,7
506104,506111,506113,2,7
506104,506111,506113,2,7
506104,506111,506112,1,7
506104,506112,506114,2,8
506104,506112,506114,2,8
506104,506112,506113,1,8
506104,506112,506114,2,8
506104,506112,506114,2,8
506104,506112,506114,2,8
506104,506112,506114,2,8
506104,506112,506114,2,8
506104,506112,506114,2,8
506104,506112,506114,2,8
506104,506112,506114,2,8
506104,506113,506115,2,9
506104,506113,506115,2,9
506104,506113,506115,2,9
506104,506113,506114,1,9
506104,506113,506114,1,9
506104,506113,506114,1,9
506104,506113,506114,1,9
506104,506113,506115,2,9
506104,506113,506115,2,9
506104,506114,506115,1,10
506104,506114,506116,2,10
506104,506114,506115,1,10
506104,506114,506115,1,10
506104,506114,506115,1,10
506104,506114,506116,2,10
506104,506114,506116,2,10
506104,506114,506115,1,10
506104,506114,506115,1,10
506104,506114,506115,1,10
506104,506114,506115,1,10
506104,506115,506116,1,11
594726,594726,595093,367,0
595363,595363,597950,2587,0
597951,597951,597953,2,0
597951,597951,597953,2,0
597951,597951,597953,2,0
597951,597951,597953,2,0
597951,597951,597953,2,0
597951,597951,597953,2,0
597951,597951,597953,2,0
597951,597951,597953,2,0
597951,597951,597953,2,0
597951,597951,597953,2,0
597951,597951,597953,2,0
597951,597951,597953,2,0
597951,597951,597953,2,0
597951,597951,597953,2,0
597951,597951,597953,2,0
597951,597951,597953,2,0
597951,597951,597953,2,0
597951,597951,597953,2,0
597951,597951,597953,2,0
597951,597951,597953,2,0
597951,597954,597955,1,3
597951,597954,597955,1,3
597951,597954,597955,1,3
597951,597954,597955,1,3
597951,597954,597956,2,3
597951,597954,597956,2,3
597951,597954,597956,2,3
597951,597954,597956,2,3
597951,597954,597956,2,3
597951,597954,597956,2,3
597951,597954,597956,2,3
597951,597954,597956,2,3
597951,597954,597956,2,3
597951,597954,597956,2,3
597951,597954,597956,2,3
597951,597954,597956,2,3
597951,597954,597956,2,3
597951,597954,597956,2,3
597951,597954,597956,2,3
597951,597954,597956,2,3
597951,597956,597958,2,5
597951,597956,597958,2,5
597951,597956,597958,2,5
597951,597956,597958,2,5
597951,597956,597958,2,5
597951,597957,597958,1,6
597951,597956,597958,2,5
597951,597956,597958,2,5
597951,597956,597958,2,5
597951,597957,597959,2,6
595476,595476,598026,2550,0
598027,598027,598028,1,0
598027,598027,598029,2,0
598027,598027,598029,2,0
598027,598027,598029,2,0
598027,598027,598029,2,0
598027,598027,598029,2,0
598027,598027,598029,2,0
598027,598027,598029,2,0
598027,598027,598029,2,0
598027,598027,598029,2,0
598027,598027,598029,2,0
598027,598027,598029,2,0
598027,598027,598029,2,0
598027,598027,598029,2,0
598027,598027,598029,2,0
598027,598027,598029,2,0
598027,598027,598029,2,0
598027,598027,598029,2,0
598027,598027,598029,2,0
598027,598027,598029,2,0
598027,598027,598030,3,0
598027,598027,598030,3,0
598027,598027,598029,2,0
598027,598027,598029,2,0
598027,598029,598031,2,2
598027,598029,598031,2,2
598027,598029,598031,2,2
598027,598029,598031,2,2
598027,598029,598031,2,2
598027,598029,598031,2,2
598027,598029,598032,3,2
598027,598029,598032,3,2
598027,598029,598032,3,2
598027,598029,598033,4,2
598027,598030,598032,2,3
598027,598029,598032,3,2
598027,598029,598032,3,2
598027,598030,598032,2,3
598027,598029,598032,3,2
598027,598029,598032,3,2
598027,598029,598032,3,2
598027,598029,598032,3,2
598027,598029,598032,3,2
598027,598030,598033,3,3
598027,598032,598033,1,5
598027,598032,598033,1,5
598027,598031,598033,2,4
598027,598031,598033,2,4
598027,598031,598033,2,4
598027,598031,598033,2,4
603818,603818,606749,2931,0
603820,603820,606819,2999,0
603824,603824,606837,3013,0
603826,603826,606883,3057,0
603840,603840,606909,3069,0
603830,603831,606928,3097,1
603835,603836,606931,3095,1
603817,603817,606941,3124,0
603834,603834,606982,3148,0
603822,603822,607049,3227,0
603827,603827,607204,3377,0
603832,603833,607243,3410,1
604338,604338,607259,2921,0
604345,604345,607263,2918,0
604340,604340,607311,2971,0
604344,604348,607337,2989,4
604339,604339,607338,2999,0
604341,604341,607339,2998,0
604350,604352,607356,3004,2
604335,604335,607359,3024,0
604347,604347,607364,3017,0
604336,604336,607364,3028,0
604343,604343,607377,3034,0
604337,604337,607379,3042,0
604334,604334,607389,3055,0
604348,604348,607471,3123,0
604333,604333,607490,3157,0
604332,604332,607521,3189,0
604351,604351,607542,3191,0
604353,604353,607727,3374,0
603819,603819,608180,4361,0
603828,603828,608394,4566,0
603821,603821,608439,4618,0
603838,603838,608500,4662,0
603837,603837,608567,4730,0
603831,603831,608587,4756,0
603841,603889,608642,4753,48
603825,603825,608702,4877,0
