submit_time,start_time,end_time,run_time,wait_time
29464,29465,29521,56,1
29525,29527,31091,1564,2
34749,34750,34807,57,1
34811,34812,36344,1532,1
41555,41558,41616,58,3
41619,41622,43231,1609,3
43609,43610,43667,57,1
43670,43672,45228,1556,2
49697,49697,49698,1,0
49697,49697,49698,1,0
49697,49697,49698,1,0
49697,49697,49698,1,0
49697,49697,49699,2,0
49697,49697,49699,2,0
49697,49697,49699,2,0
49697,49697,49699,2,0
49697,49697,49699,2,0
49697,49698,49699,1,1
49697,49697,49699,2,0
49697,49697,49699,2,0
49697,49698,49699,1,1
49697,49697,49700,3,0
49697,49697,49700,3,0
49697,49697,49699,2,0
49697,49698,49700,2,1
49697,49697,49700,3,0
49697,49699,49700,1,2
49697,49699,49700,1,2
49697,49698,49700,2,1
49697,49699,49700,1,2
49697,49697,49700,3,0
49697,49697,49700,3,0
49697,49697,49700,3,0
49697,49700,49701,1,3
49697,49700,49701,1,3
49697,49697,49701,4,0
49697,49700,49701,1,3
49697,49700,49701,1,3
49697,49697,49701,4,0
49697,49699,49701,2,2
49697,49699,49701,2,2
49697,49699,49701,2,2
49697,49700,49702,2,3
49697,49699,49702,3,2
49697,49701,49702,1,4
49697,49702,49703,1,5
49697,49700,49703,3,3
49697,49699,49704,5,2
49697,49701,49703,2,4
49697,49701,49703,2,4
49697,49702,49703,1,5
49697,49700,49704,4,3
49697,49703,49704,1,6
49697,49702,49704,2,5
49697,49702,49704,2,5
49697,49701,49704,3,4
49697,49699,49704,5,2
49697,49704,49705,1,7
49697,49702,49705,3,5
49697,49703,49705,2,6
49697,49703,49705,2,6
49697,49703,49706,3,6
49697,49703,49705,2,6
49697,49702,49706,4,5
49697,49705,49706,1,8
49697,49703,49706,3,6
49697,49705,49706,1,8
49697,49705,49707,2,8
49697,49705,49707,2,8
49697,49706,49707,1,9
49697,49703,49707,4,6
49697,49705,49708,3,8
49697,49705,49709,4,8
49697,49707,49708,1,10
49697,49705,49708,3,8
49697,49706,49708,2,9
49697,49706,49709,3,9
49697,49706,49708,2,9
49697,49708,49709,1,11
49697,49705,49709,4,8
49697,49708,49709,1,11
49697,49708,49709,1,11
49697,49708,49709,1,11
49697,49709,49710,1,12
49697,49706,49709,3,9
49697,49706,49709,3,9
49697,49706,49709,3,9
49697,49708,49709,1,11
49697,49709,49710,1,12
49697,49708,49710,2,11
49697,49710,49711,1,13
49697,49710,49711,1,13
49697,49709,49710,1,12
49697,49709,49711,2,12
49697,49709,49710,1,12
49697,49710,49711,1,13
49697,49710,49711,1,13
49697,49710,49711,1,13
49697,49710,49711,1,13
49697,49710,49711,1,13
49697,49710,49711,1,13
49697,49710,49711,1,13
49697,49710,49711,1,13
49697,49708,49711,3,11
49697,49711,49712,1,14
49697,49711,49712,1,14
49697,49710,49711,1,13
49697,49711,49712,1,14
49697,49711,49712,1,14
49697,49711,49712,1,14
49697,49711,49712,1,14
49697,49711,49712,1,14
49697,49711,49712,1,14
49697,49711,49712,1,14
49697,49711,49712,1,14
49697,49712,49713,1,15
49697,49712,49713,1,15
49697,49712,49713,1,15
49697,49712,49713,1,15
49697,49711,49713,2,14
49697,49711,49712,1,14
49697,49712,49713,1,15
49697,49712,49713,1,15
49697,49712,49713,1,15
49697,49712,49713,1,15
49697,49712,49713,1,15
49697,49711,49712,1,14
49697,49711,49713,2,14
49697,49712,49713,1,15
49697,49712,49713,1,15
49697,49712,49713,1,15
49697,49713,49714,1,16
49697,49713,49714,1,16
49697,49713,49714,1,16
49697,49713,49714,1,16
49697,49713,49714,1,16
49697,49713,49714,1,16
49697,49712,49714,2,15
49697,49712,49714,2,15
49697,49712,49715,3,15
55136,55137,55195,58,1
55200,55201,56756,1555,1
61508,61510,61566,56,2
61570,61572,63110,1538,2
63732,63733,63790,57,1
63797,63798,65469,1671,1
70268,70269,70325,56,1
70332,70334,71909,1575,2
123781,123782,123856,74,1
124688,124688,124689,1,0
124774,124774,124832,58,0
125189,125190,125193,3,1
125398,125398,125402,4,0
125734,125735,125738,3,1
125775,125775,125779,4,0
125842,125842,125846,4,0
125910,125910,125914,4,0
125969,125969,125973,4,0
126035,126035,126039,4,0
135797,135798,135855,57,1
135859,135861,137428,1567,2
137748,137749,137805,56,1
137810,137811,138708,897,1
140925,140927,140955,28,2
140959,140960,141339,379,1
141372,141374,141403,29,2
141407,141408,141791,383,1
141825,141827,141856,29,2
141860,141862,142242,380,2
142282,142283,142312,29,1
142316,142317,142695,378,1
142737,142739,142766,27,2
142771,142772,143153,381,1
143193,143195,143223,28,2
143227,143228,143607,379,1
143648,143649,143677,28,1
143681,143682,144061,379,1
144100,144102,144131,29,2
144134,144136,144523,387,2
144565,144566,144596,30,1
144600,144601,144979,378,1
145019,145021,145049,28,2
145053,145054,145435,381,1
145478,145479,145509,30,1
145513,145514,145895,381,1
145941,145942,145973,31,1
145977,145979,146358,379,2
146400,146401,146433,32,1
146436,146438,146815,377,2
146859,146860,146891,31,1
146895,146896,147276,380,1
147319,147321,147352,31,2
147356,147357,147736,379,1
147779,147780,147810,30,1
147814,147815,148195,380,1
148244,148245,148276,31,1
148279,148281,148660,379,2
148702,148703,148731,28,1
148735,148737,149117,380,2
149159,149160,149189,29,1
149193,149194,149572,378,1
149616,149617,149648,31,1
149652,149653,150030,377,1
150075,150076,150105,29,1
150109,150110,150488,378,1
150531,150532,150560,28,1
150564,150565,150946,381,1
150989,150991,151021,30,2
151025,151026,151406,380,1
151455,151456,151486,30,1
151490,151491,151871,380,1
151943,151944,151974,30,1
151978,151979,152361,382,1
152412,152413,152440,27,1
152444,152445,152825,380,1
152868,152869,152899,30,1
152903,152904,153286,382,1
153331,153333,153363,30,2
153367,153368,153748,380,1
153798,153800,153829,29,2
153834,153835,154214,379,1
154264,154266,154294,28,2
154299,154301,154677,376,2
154725,154726,154757,31,1
154761,154762,155139,377,1
155191,155192,155224,32,1
155229,155230,155614,384,1
155667,155669,155698,29,2
155702,155703,156083,380,1
156128,156129,156159,30,1
156163,156164,156541,377,1
156601,156603,156631,28,2
156638,156639,157024,385,1
157082,157083,157113,30,1
157117,157118,157496,378,1
157545,157547,157577,30,2
157582,157583,157968,385,1
158015,158016,158048,32,1
158052,158053,158436,383,1
158480,158482,158512,30,2
158516,158518,158896,378,2
158944,158945,158973,28,1
158978,158979,159359,380,1
159407,159409,159439,30,2
159444,159445,159823,378,1
159899,159900,159929,29,1
159933,159934,160318,384,1
160357,160359,160388,29,2
160392,160394,160773,379,2
160818,160819,160848,29,1
160852,160853,161236,383,1
161280,161282,161309,27,2
161313,161314,161697,383,1
161741,161742,161771,29,1
161776,161778,162155,377,2
162202,162204,162233,29,2
162238,162239,162619,380,1
162665,162666,162695,29,1
162702,162704,163081,377,2
163126,163128,163157,29,2
163161,163162,163544,382,1
163591,163593,163623,30,2
163630,163631,164013,382,1
164064,164065,164094,29,1
164099,164101,164481,380,2
164528,164530,164559,29,2
164563,164564,164939,375,1
164988,164989,165020,31,1
165025,165027,165406,379,2
165452,165454,165485,31,2
165489,165490,165975,485,1
166023,166025,166053,28,2
166057,166058,166439,381,1
166485,166487,166521,34,2
166525,166527,166908,381,2
166950,166952,166981,29,2
166986,166987,167366,379,1
167407,167408,167438,30,1
167441,167443,167828,385,2
167867,167869,167896,27,2
167900,167901,168280,379,1
168322,168323,168351,28,1
168355,168357,168735,378,2
168777,168778,168807,29,1
168811,168812,169190,378,1
169232,169233,169262,29,1
169266,169267,169647,380,1
169687,169689,169717,28,2
169721,169722,170099,377,1
170142,170143,170172,29,1
170175,170176,170553,377,1
170595,170596,170627,31,1
170631,170632,171010,378,1
171053,171055,171083,28,2
171087,171088,171470,382,1
171510,171512,171541,29,2
171546,171547,171923,376,1
171966,171967,171997,30,1
172000,172002,172383,381,2
172426,172427,172455,28,1
172459,172460,172835,375,1
172877,172879,172909,30,2
172912,172914,173296,382,2
173338,173340,173368,28,2
173372,173373,173753,380,1
173795,173797,173827,30,2
173830,173832,174213,381,2
174254,174255,174287,32,1
174291,174292,174669,377,1
174712,174714,174743,29,2
174747,174748,175128,380,1
175170,175171,175200,29,1
175204,175206,175590,384,2
175634,175636,175664,28,2
175669,175670,176047,377,1
176091,176093,176122,29,2
176129,176131,176505,374,2
176550,176551,176583,32,1
176587,176589,176976,387,2
177021,177022,177051,29,1
177055,177057,177436,379,2
177480,177481,177510,29,1
177514,177515,177897,382,1
177943,177945,177973,28,2
177977,177978,178361,383,1
178404,178406,178435,29,2
178439,178440,178822,382,1
178867,178868,178896,28,1
178900,178901,179280,379,1
179325,179326,179354,28,1
179359,179360,179741,381,1
179785,179786,179814,28,1
179819,179820,180197,377,1
180241,180243,180271,28,2
180276,180277,180654,377,1
180700,180702,180729,27,2
180733,180734,181113,379,1
181158,181159,181186,27,1
181190,181191,181574,383,1
181618,181619,181649,30,1
181656,181657,182032,375,1
182076,182077,182105,28,1
182109,182110,182488,378,1
182532,182533,182563,30,1
182567,182568,182947,379,1
182990,182992,183020,28,2
183024,183025,183405,380,1
183450,183451,183481,30,1
183485,183486,183863,377,1
183907,183908,183940,32,1
183944,183946,184324,378,2
184369,184370,184402,32,1
184409,184410,184790,380,1
184836,184837,184866,29,1
184870,184871,185253,382,1
185297,185298,185329,31,1
185334,185335,185711,376,1
185754,185756,185784,28,2
185788,185789,186311,522,1
186353,186354,186384,30,1
186387,186389,186769,380,2
186811,186812,186840,28,1
186843,186845,187228,383,2
187269,187271,187301,30,2
187305,187306,187692,386,1
187734,187735,187764,29,1
187767,187769,188149,380,2
188192,188193,188221,28,1
188226,188227,188604,377,1
188647,188648,188677,29,1
188681,188682,189061,379,1
189103,189105,189135,30,2
189138,189140,189520,380,2
189561,189563,189592,29,2
189596,189597,189974,377,1
190018,190019,190047,28,1
190051,190052,190429,377,1
190471,190473,190501,28,2
190505,190506,190886,380,1
190929,190930,190962,32,1
190965,190967,191347,380,2
191391,191392,191421,29,1
191424,191425,191804,379,1
191847,191849,191879,30,2
191883,191884,192262,378,1
192304,192305,192333,28,1
192337,192338,192716,378,1
192759,192760,192789,29,1
192793,192794,193174,380,1
193215,193216,193246,30,1
193249,193251,193633,382,2
193675,193676,193704,28,1
193709,193710,194087,377,1
194131,194132,194161,29,1
194165,194166,194546,380,1
194589,194590,194618,28,1
194622,194624,195004,380,2
195049,195051,195079,28,2
195083,195084,195463,379,1
195505,195507,195538,31,2
195542,195543,195920,377,1
195963,195964,195993,29,1
195997,195998,196377,379,1
196420,196422,196449,27,2
196453,196454,196834,380,1
196877,196878,196908,30,1
196911,196913,197295,382,2
197341,197342,197370,28,1
197373,197375,197755,380,2
197799,197800,197829,29,1
197833,197835,198214,379,2
198257,198259,198287,28,2
198291,198292,198671,379,1
198714,198716,198743,27,2
198747,198749,199125,376,2
199168,199169,199197,28,1
199200,199202,199582,380,2
199625,199627,199654,27,2
199659,199660,200041,381,1
200084,200085,200114,29,1
200118,200119,200497,378,1
200542,200543,200571,28,1
200575,200576,200959,383,1
201002,201003,201032,29,1
201037,201039,201422,383,2
201465,201467,201495,28,2
201499,201500,201883,383,1
201927,201928,201957,29,1
201962,201963,202346,383,1
202390,202392,202421,29,2
202425,202426,202801,375,1
202845,202846,202877,31,1
202881,202882,203264,382,1
203307,203309,203340,31,2
203344,203345,203856,511,1
203898,203900,203929,29,2
203932,203934,204313,379,2
204355,204357,204387,30,2
204390,204392,204771,379,2
204812,204813,204842,29,1
204847,204848,205224,376,1
205266,205267,205297,30,1
205300,205301,205684,383,1
205727,205728,205755,27,1
205759,205761,206140,379,2
206184,206185,206213,28,1
206217,206218,206599,381,1
206641,206643,206671,28,2
206675,206677,207058,381,2
207101,207102,207131,29,1
207135,207137,207518,381,2
207564,207565,207594,29,1
207598,207600,207977,377,2
208020,208021,208051,30,1
208055,208056,208433,377,1
208475,208476,208508,32,1
208515,208516,208899,383,1
208942,208944,208973,29,2
208976,208978,209356,378,2
209399,209401,209430,29,2
209434,209435,209814,379,1
209858,209860,209891,31,2
209895,209896,210274,378,1
210318,210319,210349,30,1
210353,210354,210733,379,1
210777,210778,210808,30,1
210811,210813,211198,385,2
211241,211243,211272,29,2
211276,211278,211657,379,2
211701,211702,211734,32,1
211737,211739,212121,382,2
212165,212166,212197,31,1
212201,212202,212584,382,1
212629,212631,212659,28,2
212663,212664,213041,377,1
213085,213087,213116,29,2
213120,213121,213501,380,1
213545,213546,213575,29,1
213579,213580,213962,382,1
214007,214008,214037,29,1
214041,214043,214423,380,2
214467,214468,214498,30,1
214502,214503,214883,380,1
214927,214929,214958,29,2
214962,214963,215340,377,1
215384,215385,215414,29,1
215418,215419,215799,380,1
215840,215842,215871,29,2
215875,215876,216251,375,1
216285,216286,216313,27,1
216317,216318,216696,378,1
216736,216738,216765,27,2
216994,216994,216995,1,0
216769,216771,217153,382,2
217189,217190,217218,28,1
217223,217224,217601,377,1
216995,216995,217609,614,0
217636,217638,217665,27,2
217669,217671,218048,377,2
218083,218085,218113,28,2
216995,216995,218310,1315,0
216993,216993,218319,1326,0
218117,218119,218496,377,2
218531,218533,218559,26,2
216994,216994,218573,1579,0
218563,218564,218947,383,1
218981,218983,219010,27,2
219014,219016,219396,380,2
219430,219432,219461,29,2
216993,216994,219525,2531,1
219465,219466,219846,380,1
219879,219881,219909,28,2
219913,219915,220295,380,2
220335,220337,220364,27,2
220369,220370,220750,380,1
220789,220790,220819,29,1
220823,220825,221204,379,2
221243,221245,221274,29,2
221278,221280,221660,380,2
221700,221701,221731,30,1
216995,216995,221862,4867,0
221738,221739,222118,379,1
222166,222168,222198,30,2
216992,216992,222689,5697,0
222202,222203,222691,488,1
222733,222735,222764,29,2
222769,222769,222775,6,0
222898,222899,222904,5,1
223006,223006,223012,6,0
222768,222769,223148,379,1
223189,223191,223222,31,2
223395,223395,223399,4,0
223227,223228,223606,378,1
223648,223649,223678,29,1
223715,223715,223720,5,0
223825,223825,223830,5,0
223897,223897,223902,5,0
223980,223981,223985,4,1
223682,223683,224064,381,1
224074,224074,224078,4,0
224108,224109,224139,30,1
224150,224151,224158,7,1
216992,216993,224198,7205,1
224355,224356,224360,4,1
216993,216993,224419,7426,0
224146,224147,224528,381,1
224571,224572,224599,27,1
224603,224604,224982,378,1
216994,216994,225047,8053,0
225025,225027,225056,29,2
225062,225064,225441,377,2
225483,225484,225513,29,1
216993,216993,225626,8633,0
225517,225518,225894,376,1
225937,225939,225967,28,2
225970,225972,226350,378,2
226392,226393,226422,29,1
226425,226427,226806,379,2
226848,226850,226879,29,2
226883,226885,227264,379,2
227307,227308,227341,33,1
216995,216995,227372,10377,0
227345,227347,227730,383,2
227772,227774,227802,28,2
227806,227807,228186,379,1
228229,228231,228260,29,2
216994,216994,228276,11282,0
228265,228266,228644,378,1
228686,228688,228719,31,2
228722,228724,229102,378,2
229144,229146,229174,28,2
216993,216993,229449,12456,0
229177,229178,229558,380,1
229601,229602,229633,31,1
229637,229638,230016,378,1
230059,230061,230091,30,2
216992,216992,230192,13200,0
230094,230096,230476,380,2
230518,230520,230549,29,2
216992,216992,230615,13623,0
230553,230554,230930,376,1
230974,230976,231008,32,2
231012,231014,231396,382,2
231439,231440,231468,28,1
231472,231473,231852,379,1
231896,231898,231927,29,2
231931,231932,232311,379,1
232354,232355,232385,30,1
216994,216994,232695,15701,0
232389,232390,232770,380,1
232814,232815,232844,29,1
232848,232849,233231,382,1
233275,233276,233308,32,1
233311,233313,233697,384,2
233741,233743,233772,29,2
216994,216994,233814,16820,0
233776,233777,234156,379,1
234201,234202,234232,30,1
234236,234237,234614,377,1
234660,234661,234690,29,1
234694,234695,235074,379,1
235120,235121,235150,29,1
235156,235158,235534,376,2
235578,235579,235607,28,1
235612,235613,235993,380,1
236038,236040,236068,28,2
236072,236073,236453,380,1
236498,236499,236528,29,1
236531,236533,236911,378,2
236956,236958,236987,29,2
236991,236992,237376,384,1
237420,237422,237451,29,2
237454,237456,237838,382,2
237883,237884,237912,28,1
216994,216994,238061,21067,0
237916,237917,238295,378,1
238339,238340,238369,29,1
238373,238374,238756,382,1
238800,238802,238832,30,2
238835,238837,239216,379,2
239261,239262,239291,29,1
239294,239296,239676,380,2
239720,239722,239750,28,2
216993,216993,239997,23004,0
239757,239758,240139,381,1
240185,240186,240216,30,1
240220,240221,240599,378,1
240644,240645,240676,31,1
240680,240681,241192,511,1
241234,241235,241268,33,1
241271,241273,241656,383,2
241699,241701,241730,29,2
241733,241735,242118,383,2
242159,242161,242193,32,2
242197,242198,242586,388,1
242628,242629,242657,28,1
242661,242662,243044,382,1
243084,243086,243114,28,2
243118,243119,243501,382,1
243540,243541,243569,28,1
243574,243575,243954,379,1
243996,243997,244028,31,1
244033,244034,244419,385,1
244463,244464,244493,29,1
244498,244500,244882,382,2
244923,244924,244953,29,1
244960,244962,245345,383,2
245386,245387,245417,30,1
245421,245422,245803,381,1
245848,245850,245881,31,2
245886,245887,246271,384,1
246313,246314,246345,31,1
246350,246352,246737,385,2
246779,246780,246809,29,1
246814,246815,247195,380,1
247237,247238,247266,28,1
247270,247272,247655,383,2
247697,247699,247731,32,2
247735,247737,248118,381,2
248160,248161,248189,28,1
248194,248195,248578,383,1
248620,248621,248651,30,1
248655,248657,249038,381,2
249081,249083,249112,29,2
249116,249117,249498,381,1
249540,249542,249573,31,2
249577,249579,249960,381,2
250003,250005,250036,31,2
250040,250041,250423,382,1
250466,250467,250496,29,1
250500,250502,250881,379,2
250924,250926,250956,30,2
250961,250963,251347,384,2
251390,251391,251420,29,1
251424,251426,251806,380,2
251849,251851,251882,31,2
251886,251887,252312,425,1
252354,252355,252387,32,1
252393,252394,252780,386,1
252822,252823,252853,30,1
252858,252860,253240,380,2
253282,253283,253313,30,1
253319,253320,253700,380,1
253741,253743,253772,29,2
253777,253778,254159,381,1
254200,254202,254229,27,2
254234,254235,254621,386,1
254662,254664,254693,29,2
254699,254700,255085,385,1
255127,255128,255157,29,1
255161,255163,255540,377,2
255582,255583,255613,30,1
255618,255619,255996,377,1
256038,256040,256068,28,2
256073,256075,256459,384,2
256500,256502,256530,28,2
256536,256537,256915,378,1
256958,256960,256988,28,2
256993,256994,257382,388,1
257423,257425,257454,29,2
257459,257460,257845,385,1
257885,257887,257916,29,2
257921,257922,258299,377,1
258340,258342,258369,27,2
258375,258376,258760,384,1
258800,258802,258831,29,2
258834,258836,259212,376,2
259250,259251,259282,31,1
259286,259287,259668,381,1
259709,259710,259741,31,1
259746,259747,260134,387,1
260174,260175,260207,32,1
260211,260212,260598,386,1
260639,260640,260671,31,1
260676,260678,261060,382,2
261101,261102,261136,34,1
261143,261144,261527,383,1
261568,261570,261603,33,2
261606,261608,261990,382,2
262031,262032,262062,30,1
262067,262068,262449,381,1
262489,262490,262518,28,1
262522,262523,262905,382,1
262945,262947,262977,30,2
262981,262982,263371,389,1
263411,263412,263441,29,1
263445,263446,263828,382,1
263869,263870,263899,29,1
263906,263908,264294,386,2
264338,264339,264367,28,1
264371,264373,264755,382,2
264795,264796,264828,32,1
264832,264833,265217,384,1
265260,265261,265293,32,1
265297,265299,265684,385,2
265724,265725,265755,30,1
265759,265760,266142,382,1
266184,266186,266215,29,2
266219,266221,266606,385,2
266648,266649,266681,32,1
266685,266686,267069,383,1
267111,267112,267141,29,1
267145,267146,267533,387,1
267576,267577,267608,31,1
267613,267614,267996,382,1
268037,268039,268069,30,2
268073,268075,268454,379,2
268496,268497,268528,31,1
268533,268534,268919,385,1
268961,268962,268993,31,1
268997,268999,269377,378,2
269417,269418,269448,30,1
269452,269453,269832,379,1
269872,269873,269902,29,1
269906,269908,270286,378,2
270328,270330,270357,27,2
270361,270362,270744,382,1
270784,270786,270816,30,2
270820,270821,271207,386,1
271248,271249,271282,33,1
271287,271288,271668,380,1
271708,271710,271738,28,2
271742,271743,272122,379,1
272163,272164,272193,29,1
272197,272199,272582,383,2
272621,272623,272652,29,2
272656,272658,273035,377,2
273075,273077,273105,28,2
273109,273110,273492,382,1
273533,273535,273562,27,2
273566,273567,273945,378,1
273987,273989,274018,29,2
274022,274023,274405,382,1
274447,274448,274477,29,1
274480,274482,274862,380,2
274905,274906,274934,28,1
274937,274939,275315,376,2
275358,275359,275386,27,1
275390,275391,275770,379,1
275813,275815,275841,26,2
275845,275846,276225,379,1
276268,276270,276299,29,2
276302,276304,276680,376,2
276723,276724,276752,28,1
276757,276758,277141,383,1
277184,277185,277214,29,1
277218,277219,277599,380,1
277642,277644,277672,28,2
277677,277678,278055,377,1
278098,278100,278128,28,2
278132,278134,278511,377,2
278555,278557,278587,30,2
278591,278592,278975,383,1
279018,279020,279052,32,2
279057,279058,279437,379,1
279480,279482,279511,29,2
279515,279516,279893,377,1
279937,279938,279969,31,1
279973,279974,280355,381,1
280401,280402,280431,29,1
280435,280437,280816,379,2
280860,280861,280891,30,1
280895,280896,281275,379,1
281318,281319,281347,28,1
281351,281353,281733,380,2
281776,281778,281807,29,2
281811,281812,282193,381,1
282237,282238,282267,29,1
282273,282274,282652,378,1
282696,282697,282727,30,1
282731,282732,283113,381,1
283156,283158,283187,29,2
283191,283192,283572,380,1
283615,283617,283647,30,2
283651,283653,284032,379,2
284075,284076,284107,31,1
284111,284112,284490,378,1
284536,284538,284566,28,2
284571,284573,284954,381,2
284998,284999,285028,29,1
285032,285033,285416,383,1
285464,285465,285496,31,1
285500,285501,285881,380,1
285927,285928,285958,30,1
285962,285963,286349,386,1
286391,286393,286424,31,2
286428,286429,286806,377,1
286850,286852,286879,27,2
286883,286884,287261,377,1
287307,287308,287339,31,1
287343,287345,287726,381,2
287773,287775,287807,32,2
287811,287812,288353,541,1
288394,288395,288424,29,1
288428,288429,288810,381,1
288851,288853,288884,31,2
288887,288889,289268,379,2
289309,289311,289340,29,2
289344,289346,289723,377,2
289764,289765,289797,32,1
289801,289802,290188,386,1
290230,290232,290263,31,2
290267,290268,290647,379,1
290687,290688,290717,29,1
290721,290722,291105,383,1
291146,291148,291177,29,2
291181,291182,291563,381,1
291605,291607,291636,29,2
291640,291641,292020,379,1
292063,292064,292094,30,1
292097,292099,292479,380,2
292522,292524,292551,27,2
292555,292556,292935,379,1
292977,292979,293007,28,2
293011,293012,293388,376,1
293430,293432,293460,28,2
293464,293465,293844,379,1
293886,293888,293914,26,2
293918,293919,294299,380,1
294340,294342,294369,27,2
294372,294374,294757,383,2
294800,294802,294828,26,2
294831,294832,295210,378,1
295253,295255,295285,30,2
295288,295290,295671,381,2
295714,295716,295744,28,2
295748,295749,296130,381,1
296174,296176,296206,30,2
296210,296211,296589,378,1
296632,296633,296662,29,1
296666,296668,297046,378,2
297090,297091,297119,28,1
297122,297124,297503,379,2
297548,297549,297580,31,1
297584,297585,297965,380,1
298009,298010,298041,31,1
298045,298046,298422,376,1
298466,298468,298497,29,2
298501,298502,298884,382,1
298930,298932,298963,31,2
298967,298968,299345,377,1
299389,299390,299419,29,1
299423,299424,299801,377,1
299846,299848,299878,30,2
299885,299886,300266,380,1
300310,300312,300339,27,2
300344,300345,300726,381,1
300774,300775,300804,29,1
300808,300810,301192,382,2
301236,301237,301266,29,1
301270,301272,301651,379,2
301695,301696,301726,30,1
301730,301732,302109,377,2
302153,302155,302185,30,2
302189,302190,302569,379,1
302613,302614,302645,31,1
302649,302650,303028,378,1
303072,303073,303104,31,1
303108,303110,303493,383,2
303537,303539,303569,30,2
303573,303575,303951,376,2
303996,303997,304025,28,1
304029,304030,304406,376,1
304451,304453,304486,33,2
304490,304492,304872,380,2
304917,304919,304947,28,2
304951,304952,305342,390,1
305388,305389,305420,31,1
305424,305426,305807,381,2
305854,305855,305883,28,1
305887,305888,306267,379,1
306312,306314,306344,30,2
306348,306349,306727,378,1
306772,306773,306804,31,1
306808,306809,307188,379,1
307232,307234,307263,29,2
307268,307270,307793,523,2
307836,307837,307867,30,1
307871,307873,308257,384,2
308299,308300,308328,28,1
308332,308333,308709,376,1
308751,308752,308783,31,1
308789,308791,309170,379,2
309211,309213,309245,32,2
309250,309252,309631,379,2
309672,309674,309704,30,2
309707,309709,310089,380,2
310129,310131,310159,28,2
310164,310165,310549,384,1
310594,310595,310623,28,1
310627,310628,311006,378,1
311048,311050,311079,29,2
311084,311085,311464,379,1
311506,311507,311535,28,1
311539,311540,311917,377,1
311960,311961,311989,28,1
311994,311995,312378,383,1
312423,312424,312452,28,1
312455,312457,312838,381,2
312880,312882,312908,26,2
312912,312914,313299,385,2
313340,313341,313370,29,1
313374,313376,313757,381,2
313794,313796,313824,28,2
313827,313829,314205,376,2
314246,314247,314276,29,1
314280,314281,314661,380,1
314700,314702,314731,29,2
314735,314737,315115,378,2
315156,315157,315186,29,1
315189,315191,315573,382,2
315613,315615,315642,27,2
315646,315647,316028,381,1
316068,316070,316099,29,2
316102,316104,316484,380,2
316525,316527,316560,33,2
316563,316565,316949,384,2
316991,316993,317025,32,2
317028,317030,317414,384,2
317455,317457,317485,28,2
317492,317494,317873,379,2
317916,317917,317950,33,1
317954,317956,318337,381,2
318380,318381,318411,30,1
318415,318416,318796,380,1
318838,318839,318871,32,1
318874,318876,319256,380,2
319296,319298,319327,29,2
319330,319332,319716,384,2
319758,319759,319790,31,1
319793,319795,320176,381,2
320217,320219,320248,29,2
320251,320253,320631,378,2
320673,320674,320704,30,1
320708,320710,321088,378,2
321130,321132,321161,29,2
321165,321167,321548,381,2
321590,321592,321621,29,2
321628,321629,322011,382,1
322058,322059,322090,31,1
322094,322095,322478,383,1
322521,322523,322552,29,2
322556,322557,322937,380,1
322982,322983,323012,29,1
323016,323017,323396,379,1
323439,323441,323472,31,2
323477,323479,323862,383,2
323906,323908,323936,28,2
323940,323941,324322,381,1
324366,324367,324398,31,1
324401,324403,324782,379,2
324827,324828,324858,30,1
324861,324863,325418,555,2
325407,325421,325451,30,14
325454,325456,325840,384,2
325881,325883,325914,31,2
325917,325919,326296,377,2
326338,326340,326370,30,2
326374,326375,326757,382,1
326799,326800,326830,30,1
326835,326836,327218,382,1
327259,327261,327292,31,2
327295,327297,327680,383,2
327722,327724,327752,28,2
327755,327757,328139,382,2
328181,328183,328213,30,2
328217,328218,328598,380,1
328640,328641,328669,28,1
328673,328675,329056,381,2
329098,329100,329128,28,2
329132,329133,329517,384,1
329559,329561,329591,30,2
329531,329531,329848,317,0
329595,329596,329979,383,1
330022,330024,330052,28,2
330056,330058,330443,385,2
330486,330487,330515,28,1
330518,330520,330900,380,2
330943,330945,330973,28,2
330976,330978,331358,380,2
331401,331403,331432,29,2
331436,331438,331813,375,2
331856,331858,331886,28,2
331889,331891,332271,380,2
332315,332317,332344,27,2
332348,332349,332734,385,1
332779,332780,332807,27,1
332811,332813,333189,376,2
333234,333235,333265,30,1
333270,333272,333652,380,2
333696,333698,333727,29,2
333730,333732,334109,377,2
334154,334155,334184,29,1
334188,334189,334568,379,1
334614,334615,334644,29,1
334647,334649,335028,379,2
335072,335073,335103,30,1
335106,335108,335488,380,2
335531,335533,335562,29,2
335566,335568,335948,380,2
335992,335993,336024,31,1
336028,336030,336410,380,2
336453,336454,336484,30,1
336489,336491,336873,382,2
336917,336918,336951,33,1
336955,336956,337333,377,1
337378,337380,337411,31,2
337414,337416,337797,381,2
337841,337843,337873,30,2
337877,337879,338262,383,2
338307,338308,338337,29,1
338341,338342,338788,446,1
338834,338835,338864,29,1
338873,338874,339256,382,1
339298,339300,339329,29,2
339333,339335,339724,389,2
339766,339768,339796,28,2
339799,339801,340184,383,2
340227,340228,340257,29,1
340260,340262,340645,383,2
340686,340688,340718,30,2
340723,340724,341107,383,1
341148,341150,341190,40,2
341198,341200,341577,377,2
341619,341620,341649,29,1
341656,341657,342036,379,1
342083,342084,342112,28,1
342116,342117,342495,378,1
342538,342540,342569,29,2
342573,342574,342957,383,1
342985,342985,342987,2,0
342986,342986,342988,2,0
342987,342987,342989,2,0
342987,342987,342990,3,0
342988,342988,342990,2,0
342989,342989,342991,2,0
342990,342990,342992,2,0
342991,342991,342993,2,0
342990,342990,342992,2,0
342992,342992,342994,2,0
342993,342993,342994,1,0
342993,342993,342995,2,0
342994,342994,342996,2,0
342995,342995,342997,2,0
342995,342996,342997,1,1
342996,342996,342998,2,0
342997,342997,342999,2,0
342998,342998,342999,1,0
342998,342998,343000,2,0
342999,342999,343001,2,0
343000,343000,343002,2,0
343001,343001,343002,1,0
343001,343001,343003,2,0
343002,343002,343004,2,0
343003,343003,343004,1,0
343003,343003,343005,2,0
343004,343004,343006,2,0
343005,343005,343007,2,0
343006,343006,343007,1,0
343006,343006,343008,2,0
343007,343007,343009,2,0
343008,343008,343010,2,0
343008,343008,343010,2,0
343009,343009,343011,2,0
343010,343010,343012,2,0
343011,343011,343012,1,0
343011,343011,343013,2,0
343012,343012,343014,2,0
343013,343013,343015,2,0
343013,343013,343015,2,0
343014,343014,343016,2,0
343015,343015,343017,2,0
343016,343016,343017,1,0
343016,343016,343018,2,0
343017,343017,343019,2,0
343018,343018,343019,1,0
343018,343019,343020,1,1
343019,343019,343021,2,0
343020,343020,343022,2,0
343021,343021,343023,2,0
343021,343021,343023,2,0
343022,343022,343024,2,0
343023,343023,343025,2,0
343024,343024,343025,1,0
343024,343024,343026,2,0
343025,343025,343027,2,0
343026,343026,343028,2,0
343026,343027,343028,1,1
343027,343027,343029,2,0
343000,343002,343029,27,2
343028,343028,343030,2,0
343029,343029,343030,1,0
343029,343029,343031,2,0
343030,343030,343032,2,0
343031,343031,343033,2,0
343032,343032,343033,1,0
343032,343032,343034,2,0
343033,343033,343035,2,0
343034,343034,343036,2,0
343034,343035,343036,1,1
343035,343035,343037,2,0
343036,343036,343038,2,0
343037,343037,343039,2,0
343037,343037,343039,2,0
343038,343038,343040,2,0
343039,343039,343041,2,0
343039,343040,343041,1,1
343040,343040,343042,2,0
343041,343041,343043,2,0
343042,343042,343043,1,0
343042,343042,343044,2,0
343044,343044,343046,2,0
343045,343045,343046,1,0
343045,343045,343047,2,0
343046,343046,343048,2,0
343047,343047,343049,2,0
343048,343048,343050,2,0
343043,343043,343050,7,0
343048,343048,343050,2,0
343033,343035,343416,381,2
343458,343459,343489,30,1
343493,343495,343876,381,2
343920,343922,343950,28,2
343953,343955,344340,385,2
344387,344388,344419,31,1
344423,344424,344808,384,1
344849,344851,344881,30,2
344885,344887,345269,382,2
345310,345311,345342,31,1
345347,345348,345728,380,1
345770,345772,345800,28,2
345804,345806,346185,379,2
346227,346228,346257,29,1
346260,346262,346645,383,2
346688,346689,346721,32,1
346725,346726,347109,383,1
347152,347153,347184,31,1
347188,347189,347572,383,1
347616,347617,347647,30,1
347651,347652,348032,380,1
348074,348075,348104,29,1
348108,348109,348490,381,1
348533,348534,348564,30,1
348568,348569,348948,379,1
348991,348992,349021,29,1
349025,349026,349405,379,1
380195,380198,380317,119,3
380321,380323,380430,107,2
380433,380436,380550,114,3
380553,380555,380656,101,2
382512,382512,382514,2,0
382515,382515,382516,1,0
382517,382517,382519,2,0
382519,382519,382521,2,0
382522,382522,382523,1,0
382524,382524,382526,2,0
382526,382526,382528,2,0
382529,382529,382531,2,0
382531,382531,382533,2,0
382534,382534,382536,2,0
382536,382536,382538,2,0
382538,382538,382540,2,0
382541,382541,382543,2,0
382543,382543,382545,2,0
382546,382546,382547,1,0
382548,382548,382550,2,0
382550,382550,382552,2,0
382553,382553,382555,2,0
382555,382555,382557,2,0
382558,382558,382559,1,0
382560,382560,382562,2,0
382563,382563,382564,1,0
382565,382565,382567,2,0
382567,382568,382569,1,1
382570,382570,382572,2,0
382572,382572,382574,2,0
382575,382575,382576,1,0
382577,382577,382579,2,0
382580,382580,382581,1,0
382582,382582,382584,2,0
382584,382584,382586,2,0
382587,382587,382588,1,0
382589,382589,382591,2,0
382592,382592,382593,1,0
382594,382594,382596,2,0
382597,382597,382598,1,0
382599,382599,382601,2,0
382601,382601,382603,2,0
382604,382604,382606,2,0
382606,382606,382608,2,0
382609,382609,382611,2,0
382611,382611,382613,2,0
382613,382614,382615,1,1
382616,382616,382618,2,0
382618,382618,382620,2,0
382621,382621,382622,1,0
382623,382623,382625,2,0
382625,382625,382627,2,0
382628,382628,382630,2,0
382630,382630,382632,2,0
382633,382633,382635,2,0
382635,382635,382637,2,0
382637,382637,382639,2,0
382640,382640,382642,2,0
382642,382642,382644,2,0
382644,382644,382646,2,0
382647,382647,382649,2,0
382649,382649,382651,2,0
382651,382652,382653,1,1
382654,382654,382656,2,0
382656,382656,382658,2,0
382659,382659,382660,1,0
382661,382661,382663,2,0
382663,382663,382665,2,0
382666,382666,382668,2,0
382668,382668,382670,2,0
382670,382670,382672,2,0
382673,382673,382675,2,0
382675,382675,382677,2,0
382678,382678,382680,2,0
382680,382680,382682,2,0
382683,382683,382684,1,0
382685,382685,382687,2,0
382687,382687,382689,2,0
382690,382690,382691,1,0
382692,382692,382694,2,0
382694,382695,382696,1,1
382697,382697,382699,2,0
382699,382699,382701,2,0
382701,382702,382703,1,1
382704,382704,382706,2,0
382706,382706,382708,2,0
382709,382709,382710,1,0
382711,382711,382713,2,0
382714,382714,382715,1,0
382716,382716,382718,2,0
382718,382718,382720,2,0
382721,382721,382723,2,0
382723,382723,382725,2,0
382725,382725,382727,2,0
382728,382728,382729,1,0
382730,382730,382732,2,0
382732,382732,382734,2,0
382735,382735,382736,1,0
382737,382737,382739,2,0
382740,382740,382742,2,0
382742,382742,382744,2,0
382745,382745,382746,1,0
382747,382747,382749,2,0
382749,382749,382751,2,0
382752,382752,382753,1,0
382754,382754,382756,2,0
382756,382756,382758,2,0
382759,382759,382760,1,0
382761,382761,382763,2,0
382764,382764,382765,1,0
382766,382766,382768,2,0
382768,382768,382770,2,0
382771,382771,382772,1,0
382773,382773,382775,2,0
382776,382776,382777,1,0
382778,382778,382780,2,0
382780,382780,382782,2,0
382783,382783,382784,1,0
382785,382785,382787,2,0
382787,382788,382789,1,1
382790,382790,382792,2,0
382792,382792,382794,2,0
382795,382795,382796,1,0
382797,382797,382799,2,0
382800,382800,382801,1,0
382802,382802,382804,2,0
382804,382804,382806,2,0
382807,382807,382809,2,0
382809,382809,382811,2,0
382812,382812,382813,1,0
382814,382814,382816,2,0
382816,382817,382818,1,1
382819,382819,382821,2,0
382821,382821,382823,2,0
382824,382824,382825,1,0
382826,382826,382828,2,0
382828,382828,382830,2,0
382831,382831,382833,2,0
382833,382833,382835,2,0
382835,382836,382837,1,1
382838,382838,382839,1,0
382840,382840,382842,2,0
382843,382843,382844,1,0
382845,382845,382847,2,0
382848,382848,382849,1,0
382850,382850,382851,1,0
382852,382852,382854,2,0
382855,382855,382856,1,0
382857,382857,382859,2,0
382859,382860,382861,1,1
382862,382862,382864,2,0
382864,382864,382866,2,0
382867,382867,382868,1,0
382869,382869,382871,2,0
382872,382872,382873,1,0
382874,382874,382876,2,0
382877,382877,382878,1,0
384910,384912,384998,86,2
385089,385091,385185,94,2
385226,385229,385267,38,3
385327,385329,385337,8,2
385345,385348,385438,90,3
385490,385491,385588,97,1
385570,385590,385691,101,20
385704,385707,385824,117,3
385828,385830,385835,5,2
385840,385842,385940,98,2
385943,385945,385949,4,2
386037,386039,386221,182,2
386878,386878,386880,2,0
386881,386881,386882,1,0
386883,386883,386885,2,0
386886,386886,386887,1,0
386888,386888,386890,2,0
386890,386890,386892,2,0
386893,386893,386895,2,0
386895,386895,386897,2,0
386898,386898,386899,1,0
386900,386900,386902,2,0
386903,386903,386904,1,0
386905,386905,386907,2,0
386907,386907,386909,2,0
386910,386910,386912,2,0
386912,386912,386914,2,0
386915,386915,386916,1,0
386917,386917,386919,2,0
386920,386920,386921,1,0
386922,386922,386924,2,0
386924,386924,386926,2,0
386927,386927,386929,2,0
386929,386929,386931,2,0
386932,386932,386933,1,0
386934,386934,386936,2,0
386936,386936,386938,2,0
386939,386939,386941,2,0
386941,386941,386943,2,0
386943,386944,386945,1,1
386946,386946,386948,2,0
386948,386948,386950,2,0
386951,386951,386952,1,0
386953,386953,386955,2,0
386955,386956,386957,1,1
386958,386958,386960,2,0
386960,386960,386962,2,0
386963,386963,386965,2,0
386965,386965,386967,2,0
386968,386968,386969,1,0
386970,386970,386972,2,0
386972,386972,386974,2,0
386975,386975,386976,1,0
386977,386977,386979,2,0
386979,386980,386981,1,1
386982,386982,386984,2,0
389060,389060,389061,1,0
389060,389060,389061,1,0
389060,389060,389061,1,0
389060,389060,389061,1,0
389060,389060,389061,1,0
389060,389060,389061,1,0
389061,389061,389062,1,0
389061,389061,389062,1,0
389061,389061,389062,1,0
389061,389061,389062,1,0
389062,389062,389063,1,0
389062,389062,389063,1,0
389062,389062,389063,1,0
389062,389062,389063,1,0
389063,389063,389064,1,0
389063,389063,389064,1,0
389063,389063,389064,1,0
389063,389063,389064,1,0
389063,389063,389064,1,0
389064,389064,389065,1,0
389062,389062,389064,2,0
389064,389064,389065,1,0
389064,389064,389065,1,0
389064,389064,389065,1,0
389064,389064,389065,1,0
389065,389065,389066,1,0
389065,389065,389066,1,0
389065,389065,389066,1,0
389065,389065,389066,1,0
389065,389065,389066,1,0
389064,389064,389065,1,0
389065,389065,389066,1,0
389066,389066,389067,1,0
389066,389066,389067,1,0
389066,389066,389067,1,0
389066,389066,389067,1,0
389066,389066,389067,1,0
389066,389066,389067,1,0
389067,389067,389068,1,0
389067,389067,389068,1,0
396316,396316,396318,2,0
396318,396318,396320,2,0
396320,396320,396321,1,0
396322,396322,396323,1,0
396324,396324,396325,1,0
396326,396326,396327,1,0
396327,396327,396329,2,0
396329,396329,396331,2,0
396331,396331,396333,2,0
396333,396333,396335,2,0
396335,396335,396336,1,0
396337,396337,396338,1,0
396339,396339,396340,1,0
396340,396340,396342,2,0
396342,396342,396344,2,0
396344,396344,396346,2,0
396346,396346,396347,1,0
396348,396348,396349,1,0
396350,396350,396351,1,0
396352,396352,396353,1,0
396354,396354,396355,1,0
396356,396356,396357,1,0
396357,396357,396359,2,0
396359,396359,396361,2,0
396361,396361,396363,2,0
396363,396363,396364,1,0
396365,396365,396366,1,0
396367,396367,396368,1,0
396368,396368,396370,2,0
396370,396370,396372,2,0
396372,396372,396374,2,0
396374,396374,396376,2,0
396376,396376,396377,1,0
396378,396378,396379,1,0
396379,396380,396381,1,1
396381,396381,396383,2,0
396383,396383,396385,2,0
396385,396385,396386,1,0
396387,396387,396388,1,0
396388,396388,396390,2,0
396390,396390,396392,2,0
396392,396392,396393,1,0
396394,396394,396396,2,0
396396,396396,396397,1,0
396430,396430,396431,1,0
396432,396432,396433,1,0
396433,396433,396435,2,0
396435,396435,396437,2,0
396437,396437,396439,2,0
396439,396439,396441,2,0
396441,396441,396443,2,0
396443,396443,396444,1,0
396445,396445,396446,1,0
396447,396447,396448,1,0
396449,396449,396450,1,0
396451,396451,396452,1,0
396452,396452,396454,2,0
396454,396454,396456,2,0
396456,396456,396458,2,0
396458,396458,396460,2,0
396460,396460,396462,2,0
396462,396462,396463,1,0
396464,396464,396465,1,0
396466,396466,396467,1,0
396468,396468,396469,1,0
396470,396470,396471,1,0
396471,396472,396473,1,1
396473,396473,396475,2,0
396475,396475,396477,2,0
396477,396477,396479,2,0
396479,396479,396481,2,0
396481,396481,396483,2,0
396483,396483,396484,1,0
396485,396485,396486,1,0
396487,396487,396488,1,0
396488,396489,396490,1,1
396490,396490,396492,2,0
396492,396492,396494,2,0
396494,396494,396496,2,0
396496,396496,396498,2,0
396498,396498,396500,2,0
396500,396500,396501,1,0
396502,396502,396503,1,0
396504,396504,396505,1,0
396506,396506,396507,1,0
396507,396508,396509,1,1
396509,396509,396511,2,0
396511,396511,396513,2,0
402516,402516,402517,1,0
404507,404507,404508,1,0
406023,406023,406025,2,0
406025,406025,406026,1,0
406027,406027,406028,1,0
406029,406029,406030,1,0
406031,406031,406032,1,0
406033,406033,406034,1,0
406035,406035,406036,1,0
406037,406037,406038,1,0
406039,406039,406040,1,0
406041,406041,406042,1,0
406043,406043,406045,2,0
406045,406045,406046,1,0
406047,406047,406049,2,0
406049,406049,406050,1,0
406051,406051,406053,2,0
406053,406053,406054,1,0
406055,406055,406057,2,0
406057,406057,406058,1,0
406059,406059,406061,2,0
406061,406061,406062,1,0
406063,406063,406065,2,0
406065,406065,406066,1,0
406067,406067,406068,1,0
406069,406069,406070,1,0
406071,406071,406072,1,0
406073,406073,406074,1,0
406075,406075,406077,2,0
406077,406077,406078,1,0
406079,406079,406081,2,0
406081,406081,406083,2,0
406083,406083,406085,2,0
406085,406085,406087,2,0
406087,406087,406089,2,0
406089,406089,406091,2,0
406091,406091,406092,1,0
406093,406093,406094,1,0
406095,406095,406097,2,0
406097,406097,406098,1,0
406099,406099,406100,1,0
406101,406101,406102,1,0
406103,406103,406104,1,0
406105,406105,406106,1,0
406107,406107,406108,1,0
406109,406109,406110,1,0
406111,406111,406112,1,0
406113,406113,406114,1,0
406115,406115,406116,1,0
404507,404508,406423,1915,1
404506,404506,406528,2022,0
404506,404506,407142,2636,0
404507,404507,407146,2639,0
404508,404508,407952,3444,0
404506,404507,408494,3987,1
404505,404505,409199,4694,0
404505,404506,409372,4866,1
409661,409661,409663,2,0
409663,409663,409665,2,0
409665,409665,409667,2,0
409667,409667,409669,2,0
409669,409669,409671,2,0
409671,409671,409673,2,0
409673,409673,409675,2,0
409675,409675,409677,2,0
409677,409677,409679,2,0
409679,409679,409681,2,0
409681,409681,409683,2,0
409683,409683,409685,2,0
409685,409685,409687,2,0
409687,409687,409689,2,0
409689,409689,409691,2,0
409691,409691,409693,2,0
409693,409693,409694,1,0
409695,409695,409696,1,0
409697,409697,409698,1,0
409699,409699,409701,2,0
409701,409701,409702,1,0
409703,409703,409705,2,0
409705,409705,409706,1,0
409707,409707,409709,2,0
409709,409709,409711,2,0
409711,409711,409713,2,0
409713,409713,409715,2,0
409715,409715,409717,2,0
409717,409717,409719,2,0
409719,409719,409721,2,0
409721,409721,409723,2,0
409723,409723,409725,2,0
409725,409725,409727,2,0
409727,409727,409729,2,0
409729,409729,409731,2,0
409731,409731,409733,2,0
409733,409733,409735,2,0
409735,409735,409736,1,0
409737,409737,409739,2,0
409739,409739,409741,2,0
409741,409741,409743,2,0
409743,409743,409745,2,0
409745,409745,409746,1,0
409747,409747,409749,2,0
409749,409749,409750,1,0
409751,409751,409753,2,0
409753,409753,409754,1,0
404506,404506,410185,5679,0
404505,404505,410986,6481,0
404507,404507,411830,7323,0
404507,404507,412190,7683,0
404506,404506,412296,7790,0
404506,404506,413803,9297,0
404507,404507,414004,9497,0
404507,404507,414008,9501,0
404506,404506,417139,12633,0
404507,404507,417325,12818,0
421244,421244,421245,1,0
421244,421244,421246,2,0
421245,421245,421247,2,0
421246,421246,421247,1,0
421246,421246,421248,2,0
421247,421247,421249,2,0
421248,421248,421249,1,0
421249,421249,421250,1,0
421249,421249,421251,2,0
421250,421250,421251,1,0
421251,421251,421252,1,0
421251,421251,421253,2,0
421252,421252,421254,2,0
421253,421253,421254,1,0
421253,421253,421255,2,0
421254,421254,421256,2,0
421255,421255,421256,1,0
421256,421256,421257,1,0
421256,421256,421258,2,0
421257,421257,421259,2,0
421258,421258,421259,1,0
421258,421258,421260,2,0
421259,421259,421261,2,0
421260,421260,421261,1,0
421260,421260,421262,2,0
421261,421261,421263,2,0
421262,421262,421263,1,0
421262,421263,421264,1,1
421263,421263,421265,2,0
421264,421264,421266,2,0
421265,421265,421266,1,0
421265,421265,421267,2,0
421266,421266,421268,2,0
421267,421267,421268,1,0
421267,421267,421269,2,0
421268,421268,421270,2,0
421269,421269,421270,1,0
421269,421270,421271,1,1
421270,421270,421272,2,0
421271,421271,421272,1,0
421272,421272,421273,1,0
421272,421272,421274,2,0
421273,421273,421274,1,0
421274,421274,421275,1,0
421274,421274,421276,2,0
421275,421275,421276,1,0
421276,421276,421277,1,0
421276,421277,421278,1,1
421277,421277,421279,2,0
421278,421278,421279,1,0
421279,421279,421280,1,0
421279,421279,421281,2,0
421280,421280,421281,1,0
421281,421281,421282,1,0
421281,421281,421283,2,0
421282,421282,421284,2,0
421283,421283,421284,1,0
421283,421283,421285,2,0
421284,421284,421286,2,0
421285,421285,421286,1,0
421285,421286,421287,1,1
421286,421286,421288,2,0
421287,421287,421288,1,0
421288,421288,421289,1,0
421288,421288,421290,2,0
421289,421289,421290,1,0
421290,421290,421291,1,0
421376,421377,421378,1,1
421377,421377,421379,2,0
421378,421378,421380,2,0
421379,421379,421380,1,0
421379,421379,421381,2,0
421380,421380,421382,2,0
421381,421381,421382,1,0
421381,421381,421383,2,0
421382,421382,421384,2,0
421383,421383,421384,1,0
421384,421384,421385,1,0
421384,421384,421386,2,0
421385,421385,421386,1,0
421386,421386,421387,1,0
421386,421386,421388,2,0
421387,421387,421389,2,0
421388,421388,421389,1,0
421388,421389,421390,1,1
421389,421389,421391,2,0
421390,421390,421391,1,0
421391,421391,421392,1,0
421391,421391,421393,2,0
421392,421392,421393,1,0
421393,421393,421394,1,0
421393,421393,421395,2,0
421394,421394,421395,1,0
421395,421395,421396,1,0
421395,421395,421397,2,0
421396,421396,421398,2,0
421397,421397,421398,1,0
421397,421397,421399,2,0
421398,421398,421400,2,0
421399,421399,421400,1,0
421400,421400,421401,1,0
421400,421400,421402,2,0
421401,421401,421403,2,0
421402,421402,421403,1,0
421402,421402,421404,2,0
421403,421403,421405,2,0
421404,421404,421405,1,0
421404,421405,421406,1,1
421405,421405,421407,2,0
421406,421406,421407,1,0
421407,421407,421408,1,0
421407,421407,421409,2,0
421408,421408,421410,2,0
421409,421409,421410,1,0
421409,421409,421411,2,0
421410,421410,421412,2,0
421411,421411,421412,1,0
421411,421412,421413,1,1
421412,421412,421414,2,0
421413,421413,421414,1,0
421414,421414,421415,1,0
421414,421414,421416,2,0
421415,421415,421417,2,0
421416,421416,421417,1,0
421416,421416,421418,2,0
421417,421417,421419,2,0
421418,421418,421419,1,0
421418,421419,421420,1,1
421419,421419,421421,2,0
421420,421420,421421,1,0
421421,421421,421422,1,0
421421,421421,421423,2,0
421422,421422,421423,1,0
421423,421423,421424,1,0
423897,423897,423898,1,0
423898,423898,423899,1,0
423898,423898,423899,1,0
423898,423898,423899,1,0
423898,423898,423899,1,0
423898,423898,423899,1,0
423899,423899,423900,1,0
423899,423899,423900,1,0
423899,423899,423900,1,0
423899,423899,423900,1,0
423900,423900,423901,1,0
423899,423899,423901,2,0
423900,423900,423901,1,0
423900,423900,423901,1,0
423900,423900,423901,1,0
423900,423900,423901,1,0
423900,423900,423901,1,0
423901,423901,423902,1,0
423901,423901,423902,1,0
423901,423901,423902,1,0
423901,423901,423902,1,0
423901,423901,423902,1,0
423902,423902,423903,1,0
423902,423902,423903,1,0
423902,423902,423903,1,0
423903,423903,423904,1,0
423903,423903,423904,1,0
423903,423903,423904,1,0
423902,423902,423903,1,0
423903,423903,423904,1,0
423904,423904,423905,1,0
423904,423904,423905,1,0
423904,423904,423905,1,0
423904,423904,423905,1,0
423904,423904,423906,2,0
427767,427767,427768,1,0
427767,427767,427769,2,0
427768,427768,427770,2,0
427769,427769,427770,1,0
427769,427769,427771,2,0
427770,427770,427771,1,0
427771,427771,427772,1,0
427771,427772,427773,1,1
427772,427772,427773,1,0
427773,427773,427775,2,0
427774,427774,427775,1,0
427774,427774,427776,2,0
427775,427775,427777,2,0
427776,427776,427777,1,0
427777,427777,427778,1,0
427777,427777,427779,2,0
427778,427778,427779,1,0
427779,427779,427780,1,0
427779,427779,427781,2,0
427780,427780,427782,2,0
427781,427781,427782,1,0
427782,427782,427783,1,0
427782,427782,427784,2,0
427783,427783,427784,1,0
427784,427784,427785,1,0
427785,427785,427786,1,0
427785,427785,427787,2,0
427786,427786,427787,1,0
427787,427787,427788,1,0
427787,427787,427789,2,0
427788,427788,427790,2,0
427789,427789,427790,1,0
427790,427790,427791,1,0
427790,427790,427792,2,0
427791,427791,427792,1,0
427792,427792,427793,1,0
427792,427792,427794,2,0
427793,427793,427795,2,0
427794,427794,427795,1,0
427795,427795,427796,1,0
427795,427795,427797,2,0
427796,427796,427797,1,0
427797,427797,427798,1,0
427797,427798,427799,1,1
427798,427798,427799,1,0
427799,427799,427800,1,0
427800,427800,427801,1,0
427800,427800,427802,2,0
427801,427801,427803,2,0
427802,427802,427803,1,0
427803,427803,427804,1,0
427803,427803,427805,2,0
427804,427804,427805,1,0
427805,427805,427806,1,0
427805,427805,427807,2,0
427806,427806,427808,2,0
427807,427807,427808,1,0
427808,427808,427809,1,0
427808,427808,427810,2,0
427809,427809,427810,1,0
427810,427810,427811,1,0
427810,427811,427812,1,1
427811,427811,427813,2,0
427812,427812,427813,1,0
427813,427813,427814,1,0
427813,427813,427815,2,0
427814,427814,427815,1,0
427815,427815,427816,1,0
427816,427816,427817,1,0
427816,427816,427818,2,0
427817,427817,427818,1,0
466291,466291,466292,1,0
466291,466291,466292,1,0
466291,466291,466292,1,0
466291,466291,466292,1,0
466292,466292,466293,1,0
466292,466292,466293,1,0
466292,466292,466293,1,0
466292,466292,466293,1,0
466293,466293,466294,1,0
466293,466293,466294,1,0
466293,466293,466294,1,0
466293,466293,466294,1,0
466293,466293,466294,1,0
466294,466294,466295,1,0
466294,466294,466295,1,0
466294,466294,466295,1,0
466294,466294,466295,1,0
466294,466294,466295,1,0
466295,466295,466296,1,0
466294,466294,466295,1,0
466295,466295,466296,1,0
466295,466295,466296,1,0
466295,466295,466296,1,0
466296,466296,466297,1,0
466296,466296,466297,1,0
466296,466296,466297,1,0
466296,466296,466297,1,0
466296,466296,466297,1,0
466297,466297,466298,1,0
466297,466297,466298,1,0
466296,466296,466298,2,0
466297,466297,466298,1,0
466297,466297,466298,1,0
466297,466297,466298,1,0
466297,466297,466298,1,0
466297,466297,466299,2,0
466297,466297,466299,2,0
466296,466296,466301,5,0
472198,472198,472200,2,0
472201,472201,472203,2,0
472203,472203,472205,2,0
472206,472206,472207,1,0
472208,472208,472210,2,0
472210,472210,472212,2,0
472213,472213,472215,2,0
472215,472215,472217,2,0
472217,472218,472219,1,1
472220,472220,472222,2,0
472222,472222,472224,2,0
472225,472225,472227,2,0
472227,472227,472229,2,0
472229,472229,472231,2,0
472232,472232,472234,2,0
472234,472234,472236,2,0
472237,472237,472238,1,0
472239,472239,472241,2,0
472241,472241,472243,2,0
472244,472244,472246,2,0
472246,472246,472248,2,0
472248,472248,472250,2,0
472251,472251,472253,2,0
472253,472253,472255,2,0
472255,472255,472257,2,0
472257,472257,472259,2,0
472260,472260,472261,1,0
472262,472262,472264,2,0
472265,472265,472266,1,0
472267,472267,472268,1,0
472269,472269,472271,2,0
472271,472271,472273,2,0
472274,472274,472275,1,0
472276,472276,472278,2,0
472278,472278,472280,2,0
472281,472281,472282,1,0
472283,472283,472285,2,0
472285,472285,472287,2,0
472288,472288,472290,2,0
472290,472290,472292,2,0
472292,472293,472294,1,1
472295,472295,472297,2,0
472297,472297,472299,2,0
472300,472300,472301,1,0
472302,472302,472304,2,0
472304,472304,472306,2,0
472307,472307,472308,1,0
472309,472309,472310,1,0
472311,472311,472313,2,0
472313,472313,472315,2,0
472316,472316,472317,1,0
472366,472366,472367,1,0
472368,472368,472370,2,0
472370,472370,472372,2,0
472373,472373,472375,2,0
472375,472375,472377,2,0
472377,472377,472379,2,0
472380,472380,472381,1,0
472382,472382,472384,2,0
472384,472384,472386,2,0
472387,472387,472388,1,0
472389,472389,472391,2,0
472391,472391,472393,2,0
472393,472393,472395,2,0
472396,472396,472398,2,0
472398,472398,472400,2,0
472401,472401,472402,1,0
472403,472403,472405,2,0
472405,472405,472407,2,0
472408,472408,472409,1,0
472410,472410,472412,2,0
472412,472412,472414,2,0
472415,472415,472416,1,0
472417,472417,472419,2,0
472419,472419,472421,2,0
472422,472422,472423,1,0
472424,472424,472426,2,0
472426,472426,472428,2,0
472429,472429,472431,2,0
472431,472431,472433,2,0
472433,472434,472435,1,1
472436,472436,472438,2,0
472438,472438,472440,2,0
472441,472441,472442,1,0
472443,472443,472445,2,0
472445,472445,472447,2,0
472448,472448,472449,1,0
472450,472450,472452,2,0
472452,472452,472454,2,0
472455,472455,472457,2,0
472457,472457,472459,2,0
472459,472459,472461,2,0
472462,472462,472464,2,0
472464,472464,472466,2,0
472466,472467,472468,1,1
472469,472469,472471,2,0
472471,472471,472473,2,0
472474,472474,472476,2,0
472476,472476,472478,2,0
472478,472478,472480,2,0
472481,472481,472483,2,0
472483,472483,472485,2,0
472627,472627,472629,2,0
472630,472630,472631,1,0
472632,472632,472634,2,0
472634,472634,472636,2,0
472637,472637,472639,2,0
472639,472639,472641,2,0
472641,472642,472643,1,1
472644,472644,472646,2,0
472646,472646,472648,2,0
472649,472649,472650,1,0
472651,472651,472653,2,0
472653,472654,472655,1,1
472656,472656,472658,2,0
472658,472658,472660,2,0
472661,472661,472663,2,0
472663,472663,472665,2,0
472666,472666,472667,1,0
472668,472668,472670,2,0
472670,472670,472672,2,0
472673,472673,472675,2,0
472675,472675,472677,2,0
472678,472678,472679,1,0
472680,472680,472682,2,0
472682,472682,472684,2,0
472685,472685,472687,2,0
472687,472687,472689,2,0
472690,472690,472691,1,0
472692,472692,472694,2,0
472694,472694,472696,2,0
472697,472697,472699,2,0
472699,472699,472701,2,0
472702,472702,472703,1,0
472704,472704,472706,2,0
472706,472706,472708,2,0
472709,472709,472711,2,0
472711,472711,472713,2,0
472714,472714,472715,1,0
472716,472716,472718,2,0
472718,472718,472720,2,0
472721,472721,472723,2,0
472723,472723,472725,2,0
472726,472726,472728,2,0
472728,472728,472730,2,0
472730,472730,472732,2,0
472733,472733,472734,1,0
472735,472735,472737,2,0
472738,472738,472739,1,0
472740,472740,472742,2,0
472743,472743,472744,1,0
472745,472745,472747,2,0
472747,472747,472749,2,0
472906,472906,472907,1,0
472908,472908,472910,2,0
472911,472911,472912,1,0
472913,472913,472915,2,0
472916,472916,472917,1,0
472918,472918,472920,2,0
472920,472920,472922,2,0
472923,472923,472925,2,0
472925,472925,472927,2,0
472928,472928,472930,2,0
472930,472930,472932,2,0
472933,472933,472934,1,0
472935,472935,472937,2,0
472937,472937,472939,2,0
472940,472940,472942,2,0
472942,472942,472944,2,0
472945,472945,472946,1,0
472947,472947,472949,2,0
472949,472949,472951,2,0
472952,472952,472953,1,0
472954,472954,472956,2,0
472956,472957,472958,1,1
472959,472959,472961,2,0
472961,472961,472963,2,0
472964,472964,472966,2,0
472966,472966,472968,2,0
472969,472969,472970,1,0
472971,472971,472973,2,0
472973,472973,472975,2,0
472976,472976,472977,1,0
472978,472978,472980,2,0
472980,472980,472982,2,0
472983,472983,472985,2,0
472985,472985,472987,2,0
472988,472988,472989,1,0
472990,472990,472992,2,0
472993,472993,472994,1,0
472995,472995,472997,2,0
472997,472998,472999,1,1
473000,473000,473002,2,0
473003,473003,473004,1,0
473005,473005,473007,2,0
473007,473008,473009,1,1
473010,473010,473012,2,0
473012,473012,473014,2,0
473015,473015,473017,2,0
473017,473018,473019,1,1
473020,473020,473022,2,0
473022,473022,473024,2,0
473025,473025,473026,1,0
473027,473027,473029,2,0
473519,473519,473521,2,0
473521,473521,473523,2,0
473524,473524,473525,1,0
473526,473526,473528,2,0
473528,473529,473530,1,1
473531,473531,473533,2,0
473533,473533,473535,2,0
473536,473536,473538,2,0
473538,473538,473540,2,0
473541,473541,473542,1,0
473543,473543,473545,2,0
473546,473546,473547,1,0
473548,473548,473550,2,0
473550,473550,473552,2,0
473553,473553,473554,1,0
473555,473555,473557,2,0
473558,473558,473559,1,0
473560,473560,473562,2,0
473562,473562,473564,2,0
473565,473565,473567,2,0
473567,473567,473569,2,0
473569,473570,473571,1,1
473572,473572,473574,2,0
473574,473574,473576,2,0
473577,473577,473578,1,0
473579,473579,473581,2,0
473581,473582,473583,1,1
473584,473584,473586,2,0
473586,473586,473588,2,0
473589,473589,473590,1,0
473591,473591,473593,2,0
473593,473594,473595,1,1
473596,473596,473598,2,0
473598,473598,473600,2,0
473601,473601,473603,2,0
473604,473604,473605,1,0
473606,473606,473608,2,0
473609,473609,473610,1,0
473611,473611,473613,2,0
473613,473613,473615,2,0
473616,473616,473618,2,0
473618,473618,473620,2,0
473621,473621,473622,1,0
473623,473623,473625,2,0
475558,475558,475560,2,0
475560,475560,475562,2,0
475563,475563,475564,1,0
475565,475565,475567,2,0
475567,475567,475569,2,0
475570,475570,475572,2,0
475572,475572,475574,2,0
475575,475575,475577,2,0
475577,475577,475579,2,0
475580,475580,475582,2,0
475582,475582,475584,2,0
475584,475585,475586,1,1
475587,475587,475589,2,0
475589,475589,475591,2,0
475592,475592,475594,2,0
475594,475594,475596,2,0
475597,475597,475599,2,0
475599,475599,475601,2,0
475602,475602,475604,2,0
475604,475604,475606,2,0
475607,475607,475608,1,0
475609,475609,475611,2,0
475611,475611,475613,2,0
475614,475614,475616,2,0
475616,475616,475618,2,0
475619,475619,475621,2,0
475621,475621,475623,2,0
475623,475623,475625,2,0
475626,475626,475627,1,0
475628,475628,475630,2,0
475631,475631,475632,1,0
475633,475633,475635,2,0
475635,475635,475637,2,0
475638,475638,475640,2,0
475640,475640,475642,2,0
475643,475643,475644,1,0
475645,475645,475647,2,0
475647,475647,475649,2,0
475650,475650,475652,2,0
475652,475652,475654,2,0
475655,475655,475657,2,0
475657,475657,475659,2,0
475660,475660,475661,1,0
475662,475662,475664,2,0
480659,480659,480660,1,0
480667,480667,480668,1,0
480675,480676,480677,1,1
480684,480684,480685,1,0
480848,480848,480849,1,0
480984,480984,480985,1,0
481134,481134,481137,3,0
481247,481248,481249,1,1
481314,481315,481321,6,1
481404,481404,481410,6,0
481509,481509,481514,5,0
481679,481679,481685,6,0
481695,481695,481701,6,0
481711,481712,481717,5,1
481727,481727,481733,6,0
482366,482367,482411,44,1
482596,482597,482643,46,1
482828,482828,482873,45,0
483070,483070,483115,45,0
479273,479275,484041,4766,2
483905,484043,484148,105,138
486336,486338,486439,101,2
486443,486444,486462,18,1
486562,486563,486564,1,1
486581,486583,486685,102,2
486689,486690,486717,27,1
486805,486807,486908,101,2
486911,486913,486940,27,2
487016,487017,487158,141,1
487161,487163,487182,19,2
487306,487308,487385,77,2
487407,487408,487725,317,1
487728,487730,487755,25,2
489038,489040,489098,58,2
489103,489105,489431,326,2
489435,489437,489481,44,2
489672,489673,489993,320,1
489997,489998,490035,37,1
490389,490391,490401,10,2
490405,490408,490461,53,3
490658,490660,490668,8,2
490673,490674,490766,92,1
490783,490785,491485,700,2
491501,491502,491562,60,1
491566,491567,491752,185,1
491776,491777,492060,283,1
492064,492065,492117,52,1
492163,492166,493446,1280,3
493449,493451,493499,48,2
494536,494538,502090,7552,2
555954,555955,555965,10,1
570484,570485,570601,116,1
570604,570606,570738,132,2
571626,571627,571723,96,1
571727,571728,571733,5,1
571798,571800,571805,5,2
602017,602018,602118,100,1
602122,602123,602127,4,1
603129,603130,603239,109,1
603242,603243,603354,111,1
603357,603358,603464,106,1
603467,603469,603574,105,2
603793,603794,603893,99,1
603898,603899,603902,3,1
