submit_time,start_time,end_time,run_time,wait_time
228444,228445,228572,127,1
229560,229561,229953,392,1
237984,237984,238377,393,0
238336,238336,238474,138,0
238108,238108,238483,375,0
238814,238814,238940,126,0
241169,241169,241304,135,0
241487,241487,241880,393,0
242991,242992,243101,109,1
243247,243247,243646,399,0
290304,290304,290440,136,0
290580,290581,290973,392,1
293424,293424,293556,132,0
294032,294032,294421,389,0
296850,296850,296974,124,0
297140,297140,297528,388,0
303727,303727,304115,388,0
304353,304353,304483,130,0
304682,304683,305077,394,1
314654,314655,314686,31,1
314695,314695,314727,32,0
314972,314972,314991,19,0
315005,315006,315177,171,1
315399,315400,315534,134,1
315424,315424,315593,169,0
315690,315690,316082,392,0
318829,318830,318965,135,1
319238,319239,319631,392,1
319504,319504,319950,446,0
320077,320077,320242,165,0
320670,320670,321090,420,0
322127,322127,322273,146,0
322701,322702,323092,390,1
326159,326159,326296,137,0
326553,326553,326945,392,0
330697,330697,330825,128,0
330929,330929,331320,391,0
338324,338325,338459,134,1
338606,338606,338990,384,0
341235,341235,341367,132,0
341481,341482,341873,391,1
381690,381690,381857,167,0
381967,381967,382359,392,0
384801,384802,384936,134,1
385077,385077,385467,390,0
388395,388395,388521,126,0
388680,388680,389071,391,0
385699,385699,389265,3566,0
389267,389267,389268,1,0
389267,389267,389268,1,0
389267,389267,389268,1,0
389267,389267,389268,1,0
389267,389267,389268,1,0
389267,389267,389269,2,0
389267,389267,389269,2,0
389267,389267,389269,2,0
389267,389267,389269,2,0
389267,389267,389269,2,0
389267,389267,389269,2,0
389267,389267,389269,2,0
389267,389267,389269,2,0
389267,389267,389269,2,0
389267,389267,389269,2,0
389267,389267,389269,2,0
389267,389267,389269,2,0
389267,389269,389270,1,2
389267,389269,389270,1,2
389267,389269,389270,1,2
389267,389269,389270,1,2
389267,389269,389270,1,2
389267,389270,389271,1,3
389267,389271,389272,1,4
389267,389271,389272,1,4
389267,389270,389272,2,3
389267,389270,389272,2,3
389267,389270,389272,2,3
389267,389270,389272,2,3
389267,389270,389272,2,3
389267,389271,389272,1,4
389267,389271,389272,1,4
389267,389271,389272,1,4
389267,389270,389272,2,3
389267,389270,389272,2,3
389267,389270,389272,2,3
389267,389270,389272,2,3
389267,389270,389272,2,3
389267,389270,389272,2,3
389267,389272,389274,2,5
389267,389272,389273,1,5
389267,389272,389273,1,5
389267,389272,389274,2,5
389267,389272,389274,2,5
389267,389272,389274,2,5
389267,389273,389274,1,6
389267,389273,389274,1,6
389267,389273,389274,1,6
389267,389274,389275,1,7
389267,389274,389275,1,7
389267,389272,389274,2,5
389267,389273,389275,2,6
389267,389274,389276,2,7
389267,389273,389275,2,6
389267,389273,389275,2,6
389267,389273,389275,2,6
389267,389274,389276,2,7
389267,389273,389276,3,6
389267,389273,389275,2,6
389267,389273,389276,3,6
389267,389275,389276,1,8
389267,389275,389276,1,8
389267,389275,389276,1,8
389267,389275,389276,1,8
389267,389275,389276,1,8
389267,389274,389276,2,7
389267,389275,389277,2,8
389267,389274,389276,2,7
389267,389276,389278,2,9
389267,389276,389279,3,9
389267,389276,389279,3,9
389267,389277,389278,1,10
389267,389277,389278,1,10
389267,389277,389278,1,10
389267,389277,389279,2,10
389267,389277,389278,1,10
389267,389276,389279,3,9
389267,389276,389278,2,9
389267,389276,389279,3,9
389267,389277,389279,2,10
389267,389276,389278,2,9
389267,389276,389279,3,9
389267,389276,389279,3,9
389267,389277,389280,3,10
389267,389277,389280,3,10
389267,389278,389280,2,11
389267,389279,389281,2,12
389267,389279,389280,1,12
389267,389279,389281,2,12
389267,389279,389280,1,12
389267,389279,389280,1,12
389267,389279,389280,1,12
389267,389279,389281,2,12
389267,389279,389281,2,12
389267,389281,389282,1,14
389267,389279,389282,3,12
389267,389279,389282,3,12
389267,389279,389282,3,12
389267,389279,389282,3,12
389267,389279,389282,3,12
389267,389279,389281,2,12
389267,389281,389283,2,14
389267,389281,389283,2,14
389267,389281,389283,2,14
389267,389281,389282,1,14
389267,389280,389282,2,13
389267,389280,389283,3,13
389267,389280,389283,3,13
389267,389281,389283,2,14
389267,389282,389284,2,15
389267,389282,389283,1,15
389267,389281,389284,3,14
389267,389282,389284,2,15
389267,389283,389284,1,16
389267,389283,389285,2,16
389267,389283,389285,2,16
389267,389283,389285,2,16
389267,389282,389285,3,15
389267,389282,389285,3,15
389267,389282,389285,3,15
389267,389283,389285,2,16
389267,389284,389285,1,17
389267,389283,389286,3,16
389267,389284,389285,1,17
389267,389282,389286,4,15
389267,389284,389286,2,17
389267,389285,389286,1,18
389267,389284,389286,2,17
389267,389284,389286,2,17
389267,389285,389286,1,18
389267,389285,389286,1,18
389267,389284,389287,3,17
389267,389285,389287,2,18
389267,389285,389286,1,18
389267,389286,389288,2,19
389267,389285,389288,3,18
389267,389285,389288,3,18
389267,389285,389288,3,18
389267,389286,389288,2,19
389267,389286,389288,2,19
389267,389287,389289,2,20
389267,389287,389289,2,20
389267,389287,389288,1,20
389267,389286,389289,3,19
389267,389286,389289,3,19
389267,389287,389289,2,20
389267,389287,389290,3,20
389267,389287,389290,3,20
389267,389287,389290,3,20
389267,389288,389292,4,21
385700,385700,389428,3728,0
389428,389428,389429,1,0
389428,389428,389429,1,0
389428,389428,389429,1,0
389428,389428,389429,1,0
389428,389428,389429,1,0
389428,389428,389430,2,0
389428,389428,389429,1,0
389428,389429,389430,1,1
389428,389428,389430,2,0
389428,389428,389430,2,0
389428,389428,389430,2,0
389428,389428,389430,2,0
389428,389428,389430,2,0
389428,389428,389430,2,0
389428,389428,389430,2,0
389428,389428,389430,2,0
389428,389428,389430,2,0
389428,389428,389431,3,0
389428,389429,389430,1,1
389428,389430,389431,1,2
389428,389430,389431,1,2
389428,389430,389431,1,2
389428,389430,389432,2,2
389428,389430,389432,2,2
389428,389430,389431,1,2
389428,389431,389433,2,3
389428,389431,389433,2,3
389428,389431,389433,2,3
389428,389431,389432,1,3
389428,389432,389433,1,4
389428,389432,389433,1,4
389428,389432,389434,2,4
389428,389431,389433,2,3
389428,389431,389434,3,3
389428,389431,389434,3,3
389428,389431,389434,3,3
389428,389432,389433,1,4
389428,389431,389433,2,3
389428,389431,389434,3,3
389428,389431,389434,3,3
389428,389431,389433,2,3
389428,389432,389434,2,4
389428,389433,389435,2,5
389428,389433,389434,1,5
389428,389433,389435,2,5
389428,389433,389435,2,5
389428,389434,389435,1,6
389428,389434,389435,1,6
389428,389434,389436,2,6
389428,389434,389436,2,6
389428,389434,389436,2,6
389428,389435,389437,2,7
389428,389434,389437,3,6
389428,389434,389437,3,6
389428,389434,389437,3,6
389428,389435,389436,1,7
389428,389435,389436,1,7
389428,389434,389437,3,6
389428,389434,389437,3,6
389428,389434,389437,3,6
389428,389434,389437,3,6
389428,389435,389437,2,7
389428,389436,389438,2,8
389428,389436,389438,2,8
389428,389436,389438,2,8
389428,389435,389437,2,7
389428,389436,389438,2,8
389428,389437,389439,2,9
389428,389436,389438,2,8
389428,389437,389438,1,9
389428,389437,389438,1,9
389428,389438,389439,1,10
389428,389437,389439,2,9
389428,389438,389439,1,10
389428,389438,389440,2,10
389428,389437,389440,3,9
389428,389437,389440,3,9
389428,389437,389440,3,9
389428,389437,389440,3,9
389428,389437,389440,3,9
389428,389437,389440,3,9
389428,389437,389440,3,9
389428,389438,389440,2,10
389428,389439,389441,2,11
389428,389439,389441,2,11
389428,389439,389441,2,11
389428,389439,389441,2,11
389428,389439,389440,1,11
389428,389440,389441,1,12
389428,389440,389442,2,12
389428,389439,389442,3,11
389428,389439,389442,3,11
389428,389440,389442,2,12
389428,389440,389443,3,12
389428,389440,389443,3,12
389428,389440,389442,2,12
389428,389441,389443,2,13
389428,389441,389443,2,13
389428,389441,389443,2,13
389428,389440,389443,3,12
389428,389440,389443,3,12
389428,389440,389443,3,12
389428,389440,389443,3,12
389428,389441,389444,3,13
389428,389442,389443,1,14
389428,389442,389444,2,14
389428,389441,389444,3,13
389428,389443,389444,1,15
389428,389442,389444,2,14
389428,389443,389445,2,15
389428,389443,389445,2,15
389428,389443,389445,2,15
389428,389443,389445,2,15
389428,389444,389446,2,16
389428,389444,389446,2,16
389428,389443,389446,3,15
389428,389443,389446,3,15
389428,389444,389446,2,16
389428,389444,389446,2,16
389428,389444,389446,2,16
389428,389444,389446,2,16
389428,389446,389447,1,18
389428,389446,389447,1,18
389428,389446,389447,1,18
389428,389445,389447,2,17
389428,389444,389447,3,16
389428,389445,389448,3,17
389428,389443,389448,5,15
389428,389444,389448,4,16
389428,389446,389448,2,18
389428,389446,389449,3,18
389428,389446,389449,3,18
389428,389448,389450,2,20
389428,389447,389450,3,19
389428,389446,389450,4,18
389428,389446,389450,4,18
389428,389448,389450,2,20
389428,389448,389450,2,20
389428,389448,389450,2,20
389428,389449,389451,2,21
389428,389447,389451,4,19
389428,389447,389451,4,19
389428,389448,389451,3,20
389428,389449,389451,2,21
389428,389449,389451,2,21
389428,389449,389451,2,21
389428,389450,389452,2,22
389428,389447,389451,4,19
389428,389448,389451,3,20
389428,389448,389452,4,20
385727,385727,389472,3745,0
389473,389474,389475,1,1
389473,389474,389475,1,1
389473,389474,389475,1,1
389473,389474,389475,1,1
389473,389474,389475,1,1
389473,389474,389475,1,1
389473,389474,389476,2,1
389473,389474,389476,2,1
389473,389474,389476,2,1
389473,389474,389476,2,1
389473,389474,389476,2,1
389473,389474,389476,2,1
389473,389474,389477,3,1
389473,389474,389476,2,1
389473,389474,389476,2,1
389473,389474,389477,3,1
389473,389476,389477,1,3
389473,389476,389477,1,3
389473,389476,389477,1,3
389473,389476,389477,1,3
389473,389476,389477,1,3
389473,389476,389477,1,3
389473,389477,389478,1,4
389473,389477,389478,1,4
389473,389477,389478,1,4
389473,389477,389478,1,4
389473,389477,389479,2,4
389473,389478,389479,1,5
389473,389478,389479,1,5
389473,389478,389479,1,5
389473,389477,389479,2,4
389473,389477,389479,2,4
389473,389477,389479,2,4
389473,389477,389479,2,4
389473,389477,389479,2,4
389473,389477,389479,2,4
389473,389478,389479,1,5
389473,389479,389481,2,6
389473,389479,389480,1,6
389473,389479,389480,1,6
389473,389478,389480,2,5
389473,389479,389480,1,6
389473,389474,389481,7,1
389473,389479,389481,2,6
389473,389480,389481,1,7
389473,389480,389481,1,7
389473,389480,389481,1,7
389473,389480,389481,1,7
389473,389481,389482,1,8
389473,389480,389482,2,7
389473,389481,389483,2,8
389473,389482,389483,1,9
389473,389480,389482,2,7
389473,389480,389482,2,7
389473,389481,389483,2,8
389473,389481,389483,2,8
389473,389481,389482,1,8
389473,389480,389482,2,7
389473,389480,389483,3,7
389473,389480,389482,2,7
389473,389482,389484,2,9
389473,389482,389483,1,9
389473,389482,389483,1,9
389473,389483,389484,1,10
389473,389482,389483,1,9
389473,389482,389483,1,9
389473,389482,389484,2,9
389473,389483,389485,2,10
389473,389483,389485,2,10
389473,389483,389485,2,10
389473,389484,389486,2,11
389473,389484,389485,1,11
389473,389484,389486,2,11
389473,389484,389485,1,11
389473,389483,389485,2,10
389473,389483,389485,2,10
389473,389483,389485,2,10
389473,389483,389485,2,10
389473,389484,389485,1,11
389473,389484,389485,1,11
389473,389483,389486,3,10
389473,389483,389485,2,10
389473,389484,389486,2,11
389473,389485,389486,1,12
389473,389485,389487,2,12
389473,389486,389487,1,13
389473,389486,389488,2,13
389473,389486,389488,2,13
389473,389486,389487,1,13
389473,389486,389487,1,13
389473,389485,389487,2,12
389473,389486,389488,2,13
389473,389486,389489,3,13
389473,389486,389488,2,13
389473,389486,389489,3,13
389473,389486,389488,2,13
389473,389487,389489,2,14
389473,389486,389489,3,13
389473,389486,389489,3,13
389473,389486,389489,3,13
389473,389482,389490,8,9
389473,389488,389489,1,15
389473,389488,389489,1,15
389473,389488,389490,2,15
389473,389488,389490,2,15
389473,389488,389490,2,15
389473,389488,389491,3,15
389473,389489,389491,2,16
389473,389488,389491,3,15
389473,389489,389491,2,16
389473,389490,389491,1,17
389473,389490,389491,1,17
389473,389490,389492,2,17
389473,389489,389491,2,16
389473,389489,389492,3,16
389473,389489,389492,3,16
389473,389489,389491,2,16
389473,389490,389492,2,17
389473,389490,389492,2,17
389473,389489,389492,3,16
389473,389489,389492,3,16
389473,389491,389493,2,18
389473,389492,389493,1,19
389473,389489,389493,4,16
389473,389491,389493,2,18
389473,389491,389493,2,18
389473,389492,389494,2,19
389473,389492,389494,2,19
389473,389492,389494,2,19
389473,389492,389494,2,19
389473,389492,389495,3,19
389473,389492,389494,2,19
389473,389492,389495,3,19
389473,389492,389495,3,19
389473,389493,389495,2,20
389473,389493,389495,2,20
389473,389492,389495,3,19
389473,389494,389496,2,21
389473,389494,389496,2,21
389473,389494,389496,2,21
389473,389492,389495,3,19
389473,389494,389496,2,21
389473,389492,389496,4,19
389473,389493,389496,3,20
389473,389493,389496,3,20
389473,389490,389496,6,17
389473,389494,389496,2,21
389473,389495,389497,2,22
389473,389495,389501,6,22
385731,385731,389565,3834,0
389566,389566,389570,4,0
389566,389566,389570,4,0
389566,389566,389569,3,0
389566,389566,389570,4,0
389566,389566,389570,4,0
389566,389566,389570,4,0
389566,389566,389570,4,0
389566,389566,389571,5,0
389566,389566,389571,5,0
389566,389566,389570,4,0
389566,389566,389571,5,0
389566,389570,389571,1,4
389566,389570,389572,2,4
389566,389566,389572,6,0
389566,389566,389572,6,0
389566,389566,389572,6,0
389566,389570,389573,3,4
389566,389566,389573,7,0
389566,389566,389573,7,0
389566,389566,389573,7,0
389566,389570,389573,3,4
389566,389571,389572,1,5
389566,389571,389574,3,5
389566,389572,389574,2,6
389566,389572,389574,2,6
389566,389570,389574,4,4
389566,389571,389575,4,5
389566,389571,389574,3,5
389566,389571,389575,4,5
389566,389571,389575,4,5
389566,389572,389575,3,6
389566,389572,389575,3,6
389566,389573,389576,3,7
389566,389574,389577,3,8
389566,389573,389577,4,7
389566,389573,389577,4,7
389566,389574,389577,3,8
389566,389572,389577,5,6
389566,389574,389577,3,8
389566,389575,389578,3,9
389566,389575,389578,3,9
389566,389574,389578,4,8
389566,389575,389578,3,9
389566,389575,389578,3,9
389566,389576,389579,3,10
389566,389577,389579,2,11
389566,389578,389579,1,12
389566,389575,389579,4,9
389566,389575,389579,4,9
389566,389577,389579,2,11
389566,389578,389580,2,12
389566,389578,389580,2,12
389566,389577,389580,3,11
389566,389577,389580,3,11
389566,389577,389580,3,11
389566,389577,389580,3,11
389566,389580,389581,1,14
389566,389580,389581,1,14
389566,389580,389581,1,14
389566,389580,389582,2,14
389566,389579,389581,2,13
389566,389579,389582,3,13
389566,389580,389582,2,14
389566,389580,389582,2,14
389566,389580,389582,2,14
389566,389580,389582,2,14
389566,389581,389582,1,15
389566,389580,389582,2,14
389566,389581,389583,2,15
389566,389581,389583,2,15
389566,389582,389583,1,16
389566,389582,389583,1,16
389566,389582,389583,1,16
389566,389582,389584,2,16
389566,389584,389586,2,18
389566,389582,389585,3,16
389566,389582,389586,4,16
389566,389582,389586,4,16
389566,389582,389585,3,16
389566,389583,389586,3,17
389566,389583,389587,4,17
389566,389584,389588,4,18
389566,389582,389588,6,16
389566,389583,389588,5,17
389566,389584,389588,4,18
389566,389584,389588,4,18
389566,389585,389588,3,19
389566,389584,389588,4,18
389566,389587,389590,3,21
389566,389586,389590,4,20
389566,389587,389590,3,21
389566,389589,389590,1,23
389566,389586,389591,5,20
389566,389587,389591,4,21
389566,389587,389591,4,21
389566,389588,389591,3,22
389566,389589,389593,4,23
389566,389589,389593,4,23
389566,389589,389594,5,23
389566,389589,389594,5,23
389566,389588,389594,6,22
389566,389591,389594,3,25
389566,389591,389594,3,25
389566,389591,389595,4,25
389566,389589,389595,6,23
389566,389591,389595,4,25
389566,389592,389596,4,26
389566,389592,389596,4,26
389566,389591,389596,5,25
389566,389592,389596,4,26
389566,389594,389597,3,28
389566,389594,389597,3,28
389566,389594,389598,4,28
389566,389595,389599,4,29
389566,389594,389598,4,28
389566,389594,389598,4,28
389566,389594,389598,4,28
389566,389595,389599,4,29
389566,389597,389598,1,31
389566,389597,389600,3,31
389566,389597,389603,6,31
389566,389595,389603,8,29
389566,389597,389603,6,31
389566,389599,389603,4,33
389566,389596,389603,7,30
389566,389598,389603,5,32
389566,389599,389603,4,33
389566,389599,389603,4,33
389566,389598,389603,5,32
389566,389599,389603,4,33
389566,389599,389603,4,33
389566,389599,389603,4,33
389566,389599,389604,5,33
389566,389601,389605,4,35
389566,389603,389605,2,37
389566,389604,389606,2,38
389566,389604,389606,2,38
389566,389604,389606,2,38
389566,389604,389607,3,38
389566,389605,389607,2,39
389566,389603,389607,4,37
389566,389603,389607,4,37
389566,389604,389607,3,38
389566,389604,389607,3,38
389566,389603,389608,5,37
389566,389604,389608,4,38
389566,389604,389608,4,38
389566,389611,389616,5,45
389566,389611,389616,5,45
389566,389611,389615,4,45
385697,385697,389758,4061,0
389759,389759,389761,2,0
389759,389760,389761,1,1
389759,389759,389761,2,0
389759,389760,389761,1,1
389759,389760,389761,1,1
389759,389760,389761,1,1
389759,389760,389761,1,1
389759,389760,389761,1,1
389759,389760,389761,1,1
389759,389759,389762,3,0
389759,389760,389762,2,1
389759,389760,389762,2,1
389759,389760,389762,2,1
389759,389760,389762,2,1
389759,389760,389762,2,1
389759,389760,389762,2,1
389759,389762,389763,1,3
389759,389762,389763,1,3
389759,389762,389763,1,3
389759,389762,389763,1,3
389759,389762,389763,1,3
389759,389762,389763,1,3
389759,389762,389763,1,3
389759,389762,389763,1,3
389759,389760,389763,3,1
389759,389762,389764,2,3
389759,389763,389764,1,4
389759,389763,389764,1,4
389759,389763,389765,2,4
389759,389764,389765,1,5
389759,389764,389765,1,5
389759,389764,389765,1,5
389759,389764,389765,1,5
389759,389763,389765,2,4
389759,389763,389765,2,4
389759,389764,389765,1,5
389759,389764,389765,1,5
389759,389764,389765,1,5
389759,389764,389765,1,5
389759,389763,389765,2,4
389759,389763,389765,2,4
389759,389765,389766,1,6
389759,389765,389767,2,6
389759,389764,389766,2,5
389759,389765,389766,1,6
389759,389766,389767,1,7
389759,389766,389767,1,7
389759,389766,389767,1,7
389759,389766,389767,1,7
389759,389765,389767,2,6
389759,389766,389767,1,7
389759,389766,389768,2,7
389759,389766,389768,2,7
389759,389766,389767,1,7
389759,389766,389768,2,7
389759,389766,389768,2,7
389759,389766,389768,2,7
389759,389767,389769,2,8
389759,389768,389769,1,9
389759,389767,389769,2,8
389759,389768,389769,1,9
389759,389768,389769,1,9
389759,389768,389769,1,9
389759,389768,389769,1,9
389759,389768,389769,1,9
389759,389768,389769,1,9
389759,389768,389769,1,9
389759,389766,389769,3,7
389759,389767,389769,2,8
389759,389767,389769,2,8
389759,389768,389770,2,9
389759,389768,389770,2,9
389759,389770,389771,1,11
389759,389770,389771,1,11
389759,389770,389771,1,11
389759,389770,389772,2,11
389759,389770,389771,1,11
389759,389770,389771,1,11
389759,389769,389771,2,10
389759,389769,389771,2,10
389759,389770,389771,1,11
389759,389770,389771,1,11
389759,389770,389771,1,11
389759,389770,389771,1,11
389759,389771,389773,2,12
389759,389770,389773,3,11
389759,389770,389773,3,11
389759,389770,389772,2,11
389759,389772,389773,1,13
389759,389772,389774,2,13
389759,389772,389773,1,13
389759,389772,389773,1,13
389759,389772,389774,2,13
389759,389772,389773,1,13
389759,389772,389774,2,13
389759,389772,389773,1,13
389759,389772,389774,2,13
389759,389771,389773,2,12
389759,389772,389774,2,13
389759,389772,389774,2,13
389759,389772,389774,2,13
389759,389774,389775,1,15
389759,389773,389775,2,14
389759,389774,389775,1,15
389759,389774,389775,1,15
389759,389773,389776,3,14
389759,389773,389776,3,14
389759,389773,389776,3,14
389759,389774,389775,1,15
389759,389774,389776,2,15
389759,389774,389776,2,15
389759,389774,389776,2,15
389759,389774,389776,2,15
389759,389774,389776,2,15
389759,389774,389777,3,15
389759,389775,389777,2,16
389759,389776,389777,1,17
389759,389775,389777,2,16
389759,389775,389777,2,16
389759,389776,389778,2,17
389759,389776,389778,2,17
389759,389776,389778,2,17
389759,389776,389778,2,17
389759,389776,389778,2,17
389759,389776,389778,2,17
389759,389776,389778,2,17
389759,389776,389778,2,17
389759,389776,389778,2,17
389759,389776,389779,3,17
389759,389778,389779,1,19
389759,389777,389780,3,18
389759,389777,389780,3,18
389759,389778,389780,2,19
389759,389778,389780,2,19
389759,389778,389780,2,19
389759,389778,389779,1,19
389759,389778,389780,2,19
389759,389778,389780,2,19
389759,389777,389780,3,18
389759,389778,389780,2,19
389759,389778,389780,2,19
389759,389778,389781,3,19
389759,389779,389781,2,20
389759,389780,389781,1,21
389759,389780,389782,2,21
389759,389780,389781,1,21
389759,389779,389782,3,20
389759,389779,389782,3,20
389759,389780,389783,3,21
389759,389779,389783,4,20
385725,385725,389862,4137,0
389863,389863,389864,1,0
389863,389863,389864,1,0
389863,389863,389864,1,0
389863,389863,389864,1,0
389863,389863,389864,1,0
389863,389863,389865,2,0
389863,389863,389865,2,0
389863,389863,389865,2,0
389863,389863,389865,2,0
389863,389863,389865,2,0
389863,389863,389865,2,0
389863,389863,389865,2,0
389863,389863,389865,2,0
389863,389863,389865,2,0
389863,389863,389865,2,0
389863,389863,389865,2,0
389863,389863,389865,2,0
389863,389865,389866,1,2
389863,389865,389866,1,2
389863,389865,389867,2,2
389863,389865,389867,2,2
389863,389865,389866,1,2
389863,389865,389866,1,2
389863,389865,389866,1,2
389863,389865,389867,2,2
389863,389866,389868,2,3
389863,389865,389867,2,2
389863,389867,389869,2,4
389863,389866,389869,3,3
389863,389866,389869,3,3
389863,389866,389869,3,3
389863,389866,389869,3,3
389863,389866,389869,3,3
389863,389866,389869,3,3
389863,389867,389870,3,4
389863,389867,389869,2,4
389863,389867,389870,3,4
389863,389867,389869,2,4
389863,389867,389869,2,4
389863,389867,389869,2,4
389863,389867,389869,2,4
389863,389866,389869,3,3
389863,389868,389870,2,5
389863,389869,389870,1,6
389863,389868,389870,2,5
389863,389870,389871,1,7
389863,389869,389871,2,6
389863,389869,389872,3,6
389863,389869,389871,2,6
389863,389870,389872,2,7
389863,389869,389872,3,6
389863,389869,389871,2,6
389863,389869,389872,3,6
389863,389870,389872,2,7
389863,389870,389872,2,7
389863,389870,389872,2,7
389863,389870,389871,1,7
389863,389870,389872,2,7
389863,389871,389872,1,8
389863,389871,389872,1,8
389863,389872,389873,1,9
389863,389870,389873,3,7
389863,389871,389873,2,8
389863,389872,389873,1,9
389863,389872,389874,2,9
389863,389872,389874,2,9
389863,389872,389874,2,9
389863,389872,389874,2,9
389863,389872,389874,2,9
389863,389872,389874,2,9
389863,389873,389874,1,10
389863,389873,389874,1,10
389863,389872,389875,3,9
389863,389872,389875,3,9
389863,389872,389875,3,9
389863,389872,389875,3,9
389863,389872,389875,3,9
389863,389873,389875,2,10
389863,389873,389875,2,10
389863,389873,389875,2,10
389863,389875,389877,2,12
389863,389874,389877,3,11
389863,389874,389877,3,11
389863,389874,389877,3,11
389863,389874,389877,3,11
389863,389874,389877,3,11
389863,389875,389877,2,12
389863,389874,389878,4,11
389863,389874,389877,3,11
389863,389876,389879,3,13
389863,389877,389879,2,14
389863,389876,389879,3,13
389863,389875,389878,3,12
389863,389875,389879,4,12
389863,389875,389879,4,12
389863,389875,389879,4,12
389863,389875,389879,4,12
389863,389878,389880,2,15
389863,389877,389880,3,14
389863,389876,389880,4,13
389863,389877,389880,3,14
389863,389877,389880,3,14
389863,389877,389880,3,14
389863,389879,389880,1,16
389863,389879,389880,1,16
389863,389877,389880,3,14
389863,389878,389881,3,15
389863,389879,389881,2,16
389863,389880,389882,2,17
389863,389880,389882,2,17
389863,389879,389881,2,16
389863,389879,389881,2,16
389863,389880,389882,2,17
389863,389880,389883,3,17
389863,389880,389882,2,17
389863,389880,389882,2,17
389863,389881,389882,1,18
389863,389881,389882,1,18
389863,389881,389882,1,18
389863,389881,389882,1,18
389863,389881,389882,1,18
389863,389880,389883,3,17
389863,389881,389883,2,18
389863,389882,389884,2,19
389863,389882,389884,2,19
389863,389882,389884,2,19
389863,389881,389884,3,18
389863,389883,389884,1,20
389863,389883,389885,2,20
389863,389883,389884,1,20
389863,389882,389884,2,19
389863,389883,389885,2,20
389863,389882,389885,3,19
389863,389883,389885,2,20
389863,389883,389885,2,20
389863,389883,389885,2,20
389863,389883,389886,3,20
389863,389883,389886,3,20
389863,389883,389886,3,20
389863,389884,389887,3,21
389863,389884,389887,3,21
389863,389883,389887,4,20
389863,389885,389887,2,22
389863,389885,389888,3,22
389863,389885,389887,2,22
389863,389885,389887,2,22
389863,389884,389888,4,21
389863,389884,389888,4,21
389863,389885,389889,4,22
389863,389886,389889,3,23
385720,385720,389890,4170,0
389897,389897,389899,2,0
389897,389897,389898,1,0
389897,389897,389899,2,0
389897,389897,389898,1,0
389897,389897,389899,2,0
389897,389897,389899,2,0
389897,389897,389899,2,0
389897,389897,389899,2,0
389897,389897,389900,3,0
389897,389897,389900,3,0
389897,389897,389900,3,0
389897,389897,389900,3,0
389897,389897,389900,3,0
389897,389897,389899,2,0
389897,389899,389901,2,2
389897,389899,389900,1,2
389897,389899,389901,2,2
389897,389899,389901,2,2
389897,389899,389900,1,2
389897,389899,389901,2,2
389897,389900,389902,2,3
389897,389900,389902,2,3
389897,389901,389903,2,4
389897,389901,389903,2,4
389897,389901,389903,2,4
389897,389900,389902,2,3
389897,389900,389903,3,3
389897,389901,389903,2,4
389897,389901,389903,2,4
389897,389900,389903,3,3
389897,389900,389903,3,3
389897,389901,389903,2,4
389897,389900,389903,3,3
389897,389900,389903,3,3
389897,389902,389904,2,5
389897,389902,389904,2,5
389897,389903,389905,2,6
389897,389903,389905,2,6
389897,389903,389905,2,6
389897,389903,389905,2,6
389897,389903,389905,2,6
389897,389897,389905,8,0
389897,389897,389905,8,0
389897,389905,389906,1,8
389897,389903,389905,2,6
389897,389903,389906,3,6
389897,389903,389906,3,6
389897,389903,389906,3,6
389897,389903,389906,3,6
389897,389904,389906,2,7
389897,389904,389906,2,7
389897,389905,389907,2,8
389897,389897,389906,9,0
389897,389905,389907,2,8
389897,389905,389906,1,8
389897,389906,389907,1,9
389897,389905,389907,2,8
389897,389905,389907,2,8
389897,389905,389907,2,8
389897,389906,389908,2,9
389897,389906,389908,2,9
389897,389907,389908,1,10
389897,389907,389909,2,10
389897,389907,389909,2,10
389897,389907,389909,2,10
389897,389907,389909,2,10
389897,389907,389909,2,10
389897,389907,389909,2,10
389897,389908,389909,1,11
389897,389908,389909,1,11
389897,389907,389909,2,10
389897,389907,389909,2,10
389897,389908,389910,2,11
389897,389908,389910,2,11
389897,389909,389910,1,12
389897,389909,389911,2,12
389897,389910,389911,1,13
389897,389908,389911,3,11
389897,389910,389911,1,13
389897,389910,389911,1,13
389897,389909,389912,3,12
389897,389911,389912,1,14
389897,389910,389912,2,13
389897,389910,389912,2,13
389897,389910,389913,3,13
389897,389910,389913,3,13
389897,389910,389912,2,13
389897,389912,389913,1,15
389897,389912,389913,1,15
389897,389912,389913,1,15
389897,389912,389913,1,15
389897,389906,389913,7,9
389897,389911,389913,2,14
389897,389911,389913,2,14
389897,389912,389914,2,15
389897,389906,389914,8,9
389897,389907,389914,7,10
389897,389912,389915,3,15
389897,389914,389915,1,17
389897,389914,389915,1,17
389897,389913,389915,2,16
389897,389913,389915,2,16
389897,389913,389915,2,16
389897,389913,389915,2,16
389897,389914,389915,1,17
389897,389914,389915,1,17
389897,389913,389915,2,16
389897,389913,389916,3,16
389897,389914,389916,2,17
389897,389914,389916,2,17
389897,389916,389917,1,19
389897,389916,389917,1,19
389897,389915,389917,2,18
389897,389916,389918,2,19
389897,389916,389918,2,19
389897,389916,389917,1,19
389897,389915,389918,3,18
389897,389916,389918,2,19
389897,389916,389918,2,19
389897,389916,389918,2,19
389897,389916,389919,3,19
389897,389916,389919,3,19
389897,389918,389919,1,21
389897,389918,389919,1,21
389897,389918,389919,1,21
389897,389918,389919,1,21
389897,389917,389920,3,20
389897,389917,389920,3,20
389897,389918,389921,3,21
389897,389918,389920,2,21
389897,389919,389921,2,22
389897,389920,389921,1,23
389897,389920,389921,1,23
389897,389919,389921,2,22
389897,389919,389921,2,22
389897,389920,389921,1,23
389897,389920,389922,2,23
389897,389919,389922,3,22
389897,389914,389921,7,17
389897,389919,389921,2,22
389897,389919,389922,3,22
389897,389915,389922,7,18
389897,389915,389922,7,18
389897,389920,389923,3,23
389897,389922,389923,1,25
389897,389922,389923,1,25
389897,389921,389923,2,24
389897,389921,389923,2,24
389897,389920,389923,3,23
389897,389922,389924,2,25
385712,385712,389964,4252,0
389965,389965,389966,1,0
389965,389965,389966,1,0
389965,389965,389966,1,0
389965,389965,389966,1,0
389965,389965,389966,1,0
389965,389965,389966,1,0
389965,389965,389967,2,0
389965,389965,389967,2,0
389965,389965,389967,2,0
389965,389965,389967,2,0
389965,389965,389967,2,0
389965,389965,389968,3,0
389965,389965,389967,2,0
389965,389965,389968,3,0
389965,389965,389968,3,0
389965,389965,389968,3,0
389965,389967,389968,1,2
389965,389967,389968,1,2
389965,389967,389968,1,2
389965,389967,389968,1,2
389965,389967,389968,1,2
389965,389965,389968,3,0
389965,389967,389969,2,2
389965,389968,389970,2,3
389965,389968,389969,1,3
389965,389968,389970,2,3
389965,389969,389970,1,4
389965,389969,389970,1,4
389965,389969,389970,1,4
389965,389969,389970,1,4
389965,389969,389970,1,4
389965,389968,389970,2,3
389965,389968,389970,2,3
389965,389968,389970,2,3
389965,389968,389970,2,3
389965,389968,389970,2,3
389965,389968,389970,2,3
389965,389968,389972,4,3
389965,389970,389972,2,5
389965,389971,389973,2,6
389965,389970,389972,2,5
389965,389970,389972,2,5
389965,389970,389972,2,5
389965,389969,389972,3,4
389965,389971,389973,2,6
389965,389971,389974,3,6
389965,389971,389973,2,6
389965,389971,389973,2,6
389965,389971,389974,3,6
389965,389973,389974,1,8
389965,389974,389975,1,9
389965,389974,389975,1,9
389965,389973,389974,1,8
389965,389973,389974,1,8
389965,389973,389974,1,8
389965,389971,389974,3,6
389965,389971,389975,4,6
389965,389971,389975,4,6
389965,389971,389975,4,6
389965,389971,389974,3,6
389965,389973,389975,2,8
389965,389973,389975,2,8
389965,389974,389975,1,9
389965,389974,389975,1,9
389965,389974,389976,2,9
389965,389974,389976,2,9
389965,389975,389976,1,10
389965,389975,389976,1,10
389965,389975,389976,1,10
389965,389975,389976,1,10
389965,389975,389977,2,10
389965,389975,389977,2,10
389965,389975,389977,2,10
389965,389975,389977,2,10
389965,389976,389978,2,11
389965,389976,389977,1,11
389965,389976,389977,1,11
389965,389977,389978,1,12
389965,389975,389977,2,10
389965,389975,389977,2,10
389965,389975,389977,2,10
389965,389976,389978,2,11
389965,389977,389979,2,12
389965,389977,389979,2,12
389965,389977,389979,2,12
389965,389976,389979,3,11
389965,389978,389980,2,13
389965,389977,389980,3,12
389965,389978,389980,2,13
389965,389977,389980,3,12
389965,389977,389979,2,12
389965,389978,389980,2,13
389965,389978,389981,3,13
389965,389979,389981,2,14
389965,389978,389980,2,13
389965,389979,389981,2,14
389965,389977,389981,4,12
389965,389977,389981,4,12
389965,389979,389981,2,14
389965,389980,389982,2,15
389965,389979,389981,2,14
389965,389980,389982,2,15
389965,389979,389982,3,14
389965,389980,389982,2,15
389965,389980,389982,2,15
389965,389979,389982,3,14
389965,389979,389983,4,14
389965,389981,389983,2,16
389965,389981,389983,2,16
389965,389981,389983,2,16
389965,389981,389983,2,16
389965,389982,389983,1,17
389965,389982,389983,1,17
389965,389980,389983,3,15
389965,389981,389984,3,16
389965,389982,389984,2,17
389965,389982,389984,2,17
389965,389982,389984,2,17
389965,389982,389984,2,17
389965,389982,389984,2,17
389965,389982,389984,2,17
389965,389983,389985,2,18
389965,389983,389985,2,18
389965,389984,389985,1,19
389965,389983,389985,2,18
389965,389984,389985,1,19
389965,389984,389986,2,19
389965,389982,389986,4,17
389965,389984,389986,2,19
389965,389983,389986,3,18
389965,389984,389987,3,19
389965,389985,389987,2,20
389965,389986,389987,1,21
389965,389985,389987,2,20
389965,389985,389987,2,20
389965,389985,389988,3,20
389965,389986,389988,2,21
389965,389986,389988,2,21
389965,389984,389988,4,19
389965,389986,389988,2,21
389965,389986,389988,2,21
389965,389985,389989,4,20
389965,389985,389989,4,20
389965,389986,389989,3,21
389965,389987,389989,2,22
389965,389988,389989,1,23
389965,389988,389989,1,23
389965,389987,389990,3,22
389965,389988,389990,2,23
389965,389988,389990,2,23
385698,385699,390106,4407,1
385703,385704,390108,4404,1
390107,390107,390109,2,0
390107,390107,390109,2,0
390107,390108,390109,1,1
390107,390107,390109,2,0
390107,390107,390110,3,0
390107,390108,390110,2,1
390107,390107,390110,3,0
390107,390107,390110,3,0
390107,390108,390110,2,1
390107,390108,390110,2,1
390107,390108,390110,2,1
390107,390109,390110,1,2
390107,390108,390111,3,1
390107,390110,390111,1,3
390107,390108,390111,3,1
390107,390108,390111,3,1
390107,390108,390112,4,1
390107,390108,390111,3,1
390107,390110,390111,1,3
390107,390111,390112,1,4
390107,390108,390112,4,1
390107,390111,390112,1,4
390107,390110,390112,2,3
390107,390111,390112,1,4
390107,390111,390112,1,4
390107,390111,390112,1,4
390107,390111,390112,1,4
390107,390111,390112,1,4
390107,390110,390112,2,3
390107,390111,390113,2,4
390107,390112,390113,1,5
390107,390112,390113,1,5
390107,390112,390113,1,5
390107,390113,390114,1,6
390107,390113,390114,1,6
390107,390113,390114,1,6
390107,390113,390114,1,6
390107,390113,390115,2,6
390107,390112,390114,2,5
390107,390112,390114,2,5
390107,390112,390114,2,5
390107,390112,390114,2,5
390107,390113,390114,1,6
390107,390113,390114,1,6
390107,390113,390114,1,6
390107,390113,390114,1,6
390107,390113,390114,1,6
390107,390114,390115,1,7
390107,390113,390115,2,6
390107,390114,390115,1,7
390107,390115,390116,1,8
390107,390114,390116,2,7
390107,390115,390116,1,8
390107,390115,390117,2,8
390107,390115,390117,2,8
390107,390115,390117,2,8
390107,390116,390117,1,9
390107,390115,390117,2,8
390107,390116,390118,2,9
390107,390115,390118,3,8
390107,390115,390117,2,8
390107,390115,390117,2,8
390107,390115,390117,2,8
390107,390116,390118,2,9
390107,390115,390117,2,8
390107,390117,390118,1,10
390107,390117,390118,1,10
390107,390115,390118,3,8
390107,390115,390118,3,8
390107,390115,390118,3,8
390107,390117,390118,1,10
390107,390117,390119,2,10
390107,390118,390119,1,11
390107,390118,390119,1,11
390107,390118,390120,2,11
390107,390118,390119,1,11
390107,390118,390120,2,11
390107,390118,390120,2,11
390107,390118,390119,1,11
390107,390118,390120,2,11
390107,390119,390120,1,12
390107,390118,390120,2,11
390107,390118,390120,2,11
390107,390118,390120,2,11
390107,390119,390120,1,12
390107,390120,390122,2,13
390107,390119,390121,2,12
390107,390120,390121,1,13
390107,390120,390121,1,13
390107,390120,390121,1,13
390107,390120,390121,1,13
390107,390120,390122,2,13
390107,390119,390121,2,12
390107,390119,390122,3,12
390107,390119,390122,3,12
390107,390120,390122,2,13
390107,390120,390121,1,13
390107,390121,390122,1,14
390107,390121,390123,2,14
390107,390121,390123,2,14
390107,390121,390123,2,14
390107,390122,390123,1,15
390107,390122,390123,1,15
390107,390121,390123,2,14
390107,390121,390123,2,14
390107,390122,390124,2,15
390107,390122,390123,1,15
390107,390122,390124,2,15
390107,390122,390124,2,15
390107,390122,390124,2,15
390107,390122,390124,2,15
390107,390123,390124,1,16
390107,390122,390125,3,15
390107,390122,390125,3,15
390107,390122,390125,3,15
390107,390122,390125,3,15
390107,390123,390125,2,16
390107,390124,390125,1,17
390107,390124,390125,1,17
390107,390123,390125,2,16
390107,390124,390126,2,17
390107,390124,390126,2,17
390107,390124,390126,2,17
390107,390124,390126,2,17
390107,390124,390126,2,17
390107,390125,390127,2,18
390107,390124,390127,3,17
390107,390124,390127,3,17
390107,390125,390127,2,18
390107,390126,390128,2,19
390107,390126,390128,2,19
390107,390125,390128,3,18
390107,390125,390128,3,18
390107,390126,390128,2,19
390107,390126,390128,2,19
390107,390125,390129,4,18
390107,390125,390129,4,18
390107,390126,390129,3,19
390107,390126,390129,3,19
390107,390126,390129,3,19
390107,390127,390130,3,20
390107,390128,390129,1,21
390107,390127,390130,3,20
390107,390126,390130,4,19
390107,390127,390130,3,20
390107,390128,390130,2,21
390107,390128,390130,2,21
390107,390125,390130,5,18
390107,390125,390130,5,18
390107,390129,390130,1,22
390110,390129,390130,1,19
390110,390129,390130,1,19
390110,390130,390131,1,20
390110,390130,390131,1,20
390110,390130,390131,1,20
390110,390130,390132,2,20
390110,390130,390132,2,20
390110,390130,390132,2,20
390110,390130,390132,2,20
390110,390129,390132,3,19
390110,390130,390132,2,20
390110,390131,390132,1,21
390110,390131,390132,1,21
390110,390132,390133,1,22
390110,390131,390132,1,21
390110,390131,390132,1,21
390110,390130,390132,2,20
390110,390130,390132,2,20
390110,390131,390133,2,21
390110,390132,390133,1,22
390110,390132,390133,1,22
390110,390132,390133,1,22
390110,390133,390134,1,23
390110,390133,390134,1,23
390110,390133,390135,2,23
390110,390133,390134,1,23
390110,390133,390134,1,23
390110,390132,390134,2,22
390110,390133,390135,2,23
390110,390133,390134,1,23
390110,390133,390135,2,23
390110,390133,390135,2,23
390110,390133,390135,2,23
390110,390134,390135,1,24
390110,390134,390135,1,24
390110,390134,390135,1,24
390110,390134,390135,1,24
390110,390133,390136,3,23
390110,390135,390136,1,25
390110,390135,390136,1,25
390110,390135,390136,1,25
390110,390135,390137,2,25
390110,390135,390137,2,25
390110,390135,390137,2,25
390110,390136,390137,1,26
390110,390130,390137,7,20
390110,390136,390138,2,26
390110,390135,390137,2,25
390110,390135,390137,2,25
390110,390135,390138,3,25
390110,390137,390138,1,27
390110,390136,390139,3,26
390110,390136,390139,3,26
390110,390137,390138,1,27
390110,390137,390138,1,27
390110,390138,390139,1,28
390110,390136,390139,3,26
390110,390138,390139,1,28
390110,390139,390140,1,29
390110,390138,390140,2,28
390110,390136,390139,3,26
390110,390136,390139,3,26
390110,390139,390140,1,29
390110,390138,390139,1,28
390110,390138,390140,2,28
390110,390138,390140,2,28
390110,390138,390140,2,28
390110,390138,390140,2,28
390110,390139,390141,2,29
390110,390139,390140,1,29
390110,390139,390140,1,29
390110,390139,390140,1,29
390110,390140,390142,2,30
390110,390140,390142,2,30
390110,390140,390142,2,30
390110,390139,390142,3,29
390110,390140,390142,2,30
390110,390140,390142,2,30
390110,390140,390142,2,30
390110,390140,390143,3,30
390110,390140,390143,3,30
390110,390140,390143,3,30
390110,390140,390142,2,30
390110,390141,390144,3,31
390110,390141,390144,3,31
390110,390141,390144,3,31
390110,390141,390144,3,31
390110,390143,390145,2,33
390110,390141,390145,4,31
390110,390143,390145,2,33
390110,390142,390144,2,32
390110,390142,390145,3,32
390110,390142,390145,3,32
390110,390143,390145,2,33
390110,390143,390146,3,33
390110,390143,390146,3,33
390110,390143,390146,3,33
390110,390144,390145,1,34
390110,390144,390146,2,34
390110,390144,390145,1,34
390110,390142,390146,4,32
390110,390143,390146,3,33
390110,390145,390146,1,35
390110,390138,390147,9,28
390110,390144,390147,3,34
390110,390145,390147,2,35
390110,390146,390147,1,36
390110,390145,390147,2,35
390110,390145,390147,2,35
390110,390145,390146,1,35
390110,390146,390147,1,36
390110,390145,390148,3,35
390110,390146,390148,2,36
390110,390146,390148,2,36
390110,390146,390148,2,36
390110,390147,390148,1,37
390110,390146,390149,3,36
390110,390146,390149,3,36
390110,390147,390149,2,37
390110,390147,390149,2,37
390110,390147,390149,2,37
390110,390148,390149,1,38
390110,390148,390149,1,38
390110,390147,390149,2,37
390110,390147,390150,3,37
390110,390147,390150,3,37
390110,390148,390151,3,38
390110,390148,390151,3,38
390110,390149,390152,3,39
390110,390149,390151,2,39
390110,390148,390152,4,38
390110,390148,390152,4,38
390110,390149,390152,3,39
390110,390149,390152,3,39
390110,390150,390152,2,40
390110,390150,390152,2,40
390110,390150,390152,2,40
390110,390151,390152,1,41
390110,390149,390153,4,39
390110,390149,390153,4,39
390110,390150,390153,3,40
390110,390150,390153,3,40
390110,390151,390153,2,41
390110,390152,390153,1,42
390110,390151,390154,3,41
390110,390153,390154,1,43
390110,390153,390154,1,43
390110,390152,390155,3,42
390110,390147,390156,9,37
390110,390153,390156,3,43
385709,385710,390175,4465,1
390176,390176,390178,2,0
390176,390176,390178,2,0
390176,390176,390178,2,0
390176,390176,390179,3,0
390176,390176,390179,3,0
390176,390176,390179,3,0
390176,390176,390179,3,0
390176,390176,390179,3,0
390176,390176,390179,3,0
390176,390176,390179,3,0
390176,390176,390180,4,0
390176,390179,390181,2,3
390176,390179,390180,1,3
390176,390179,390180,1,3
390176,390176,390180,4,0
390176,390176,390180,4,0
390176,390180,390181,1,4
390176,390179,390181,2,3
390176,390180,390182,2,4
390176,390181,390182,1,5
390176,390181,390182,1,5
390176,390181,390182,1,5
390176,390181,390182,1,5
390176,390181,390182,1,5
390176,390181,390182,1,5
390176,390180,390182,2,4
390176,390180,390182,2,4
390176,390180,390182,2,4
390176,390180,390183,3,4
385718,385718,390183,4465,0
390176,390180,390183,3,4
390176,390183,390185,2,7
390176,390182,390185,3,6
390176,390183,390185,2,7
390176,390183,390185,2,7
390176,390183,390185,2,7
390176,390176,390187,11,0
390176,390183,390186,3,7
390176,390183,390186,3,7
390176,390183,390186,3,7
390176,390183,390186,3,7
390176,390183,390186,3,7
390176,390176,390187,11,0
390176,390176,390187,11,0
390176,390186,390187,1,10
390176,390186,390187,1,10
390176,390186,390187,1,10
390176,390184,390187,3,8
390176,390183,390188,5,7
390176,390183,390188,5,7
390176,390184,390188,4,8
390176,390186,390188,2,10
390176,390186,390188,2,10
390176,390187,390189,2,11
390176,390187,390188,1,11
390176,390187,390188,1,11
390176,390187,390188,1,11
390176,390187,390189,2,11
390176,390188,390189,1,12
390176,390188,390189,1,12
390176,390188,390189,1,12
390176,390188,390189,1,12
390176,390189,390192,3,13
390176,390189,390192,3,13
390176,390189,390192,3,13
390176,390189,390191,2,13
390176,390189,390192,3,13
390176,390188,390191,3,12
390176,390188,390191,3,12
390176,390188,390191,3,12
390176,390189,390192,3,13
390176,390189,390192,3,13
390176,390190,390192,2,14
390176,390190,390192,2,14
390176,390190,390192,2,14
390176,390190,390193,3,14
390176,390187,390194,7,11
390176,390192,390194,2,16
390176,390192,390194,2,16
390176,390192,390194,2,16
390176,390192,390194,2,16
390176,390192,390194,2,16
390176,390192,390194,2,16
390176,390193,390194,1,17
390176,390193,390195,2,17
390176,390193,390195,2,17
390176,390193,390195,2,17
390176,390192,390195,3,16
390176,390192,390195,3,16
390176,390192,390195,3,16
390176,390193,390195,2,17
390176,390188,390195,7,12
390176,390194,390195,1,18
390176,390194,390196,2,18
390176,390194,390195,1,18
390176,390195,390197,2,19
390176,390195,390197,2,19
390176,390195,390196,1,19
390176,390188,390197,9,12
390176,390195,390197,2,19
390176,390194,390197,3,18
390176,390195,390198,3,19
390176,390195,390198,3,19
390176,390196,390197,1,20
390176,390196,390198,2,20
390176,390196,390198,2,20
390176,390195,390198,3,19
390176,390195,390198,3,19
390176,390196,390199,3,20
390176,390197,390199,2,21
390176,390197,390198,1,21
390176,390197,390199,2,21
390176,390197,390199,2,21
390176,390195,390199,4,19
390176,390198,390200,2,22
390176,390198,390200,2,22
390176,390198,390200,2,22
390176,390198,390200,2,22
390176,390197,390200,3,21
390176,390199,390201,2,23
390176,390198,390201,3,22
390176,390199,390201,2,23
390176,390199,390201,2,23
390176,390199,390201,2,23
390176,390198,390201,3,22
390176,390199,390201,2,23
390176,390200,390201,1,24
390176,390199,390202,3,23
390176,390201,390202,1,25
390176,390201,390202,1,25
390176,390201,390202,1,25
390176,390201,390203,2,25
390176,390200,390202,2,24
390176,390201,390203,2,25
390176,390201,390203,2,25
390176,390196,390203,7,20
390176,390202,390203,1,26
390176,390201,390203,2,25
390176,390203,390204,1,27
390176,390203,390204,1,27
390176,390203,390204,1,27
390176,390202,390204,2,26
390176,390202,390204,2,26
390176,390202,390204,2,26
390176,390203,390205,2,27
390176,390201,390204,3,25
390185,390203,390205,2,18
390185,390204,390205,1,19
390185,390205,390206,1,20
390176,390202,390205,3,26
390176,390196,390204,8,20
390176,390197,390204,7,21
390176,390203,390205,2,27
390185,390205,390206,1,20
390185,390205,390206,1,20
390185,390204,390206,2,19
390185,390205,390207,2,20
390185,390206,390207,1,21
390185,390206,390207,1,21
390185,390205,390207,2,20
390185,390205,390208,3,20
390185,390205,390208,3,20
390185,390205,390208,3,20
390185,390206,390208,2,21
390185,390207,390208,1,22
390185,390207,390208,1,22
390185,390206,390208,2,21
390185,390207,390209,2,22
390176,390206,390208,2,30
390185,390207,390209,2,22
390185,390208,390209,1,23
390185,390208,390209,1,23
390185,390208,390210,2,23
390185,390208,390210,2,23
390185,390209,390210,1,24
390185,390209,390210,1,24
390185,390208,390210,2,23
390185,390208,390210,2,23
390185,390209,390211,2,24
390185,390208,390210,2,23
390185,390209,390211,2,24
390185,390210,390211,1,25
390185,390210,390212,2,25
390185,390209,390212,3,24
390185,390206,390211,5,21
390185,390206,390211,5,21
390185,390206,390211,5,21
390185,390210,390212,2,25
390185,390210,390212,2,25
390185,390211,390212,1,26
390185,390211,390212,1,26
390185,390211,390213,2,26
390185,390212,390213,1,27
390185,390212,390213,1,27
390185,390213,390214,1,28
390185,390211,390214,3,26
390185,390211,390214,3,26
390185,390211,390214,3,26
390185,390212,390214,2,27
390185,390212,390214,2,27
390185,390212,390214,2,27
390185,390211,390214,3,26
390185,390205,390214,9,20
390185,390213,390214,1,28
390185,390213,390214,1,28
390185,390214,390215,1,29
390185,390214,390215,1,29
390185,390214,390215,1,29
390185,390212,390215,3,27
390185,390213,390215,2,28
390185,390213,390215,2,28
390185,390214,390216,2,29
390185,390214,390216,2,29
390185,390214,390216,2,29
390185,390214,390216,2,29
390185,390214,390216,2,29
390185,390215,390217,2,30
390185,390215,390216,1,30
390185,390215,390216,1,30
390185,390214,390217,3,29
390185,390214,390217,3,29
390185,390215,390217,2,30
390185,390215,390217,2,30
390185,390216,390217,1,31
390185,390215,390217,2,30
390185,390215,390218,3,30
390185,390216,390218,2,31
390185,390216,390218,2,31
390185,390217,390218,1,32
390185,390217,390218,1,32
390185,390217,390218,1,32
390185,390217,390218,1,32
390185,390217,390218,1,32
390185,390217,390218,1,32
390185,390218,390219,1,33
390185,390217,390219,2,32
390185,390218,390219,1,33
390185,390217,390220,3,32
390185,390218,390220,2,33
390185,390218,390220,2,33
390185,390219,390220,1,34
390185,390219,390221,2,34
390185,390219,390221,2,34
390185,390219,390221,2,34
390185,390219,390221,2,34
390185,390219,390221,2,34
390185,390219,390221,2,34
390185,390218,390221,3,33
390185,390218,390221,3,33
390185,390218,390221,3,33
390185,390220,390221,1,35
390185,390220,390221,1,35
390185,390215,390222,7,30
390185,390221,390223,2,36
390185,390221,390223,2,36
390185,390221,390223,2,36
390185,390221,390223,2,36
390185,390221,390223,2,36
390185,390221,390223,2,36
390185,390221,390223,2,36
390185,390220,390223,3,35
390185,390222,390223,1,37
390185,390221,390223,2,36
390185,390221,390223,2,36
390185,390222,390224,2,37
390185,390222,390224,2,37
390185,390222,390225,3,37
390185,390223,390225,2,38
390185,390223,390224,1,38
390185,390224,390225,1,39
390185,390224,390225,1,39
390185,390224,390225,1,39
390185,390224,390225,1,39
390185,390224,390225,1,39
390185,390222,390225,3,37
390185,390222,390225,3,37
390185,390223,390225,2,38
390185,390224,390226,2,39
390185,390225,390227,2,40
390185,390224,390227,3,39
390185,390224,390226,2,39
390185,390225,390227,2,40
390185,390225,390227,2,40
390185,390226,390227,1,41
390185,390226,390227,1,41
390185,390226,390227,1,41
390185,390226,390227,1,41
390185,390226,390227,1,41
390185,390225,390228,3,40
390185,390227,390228,1,42
390185,390223,390229,6,38
390185,390226,390229,3,41
390185,390226,390229,3,41
390185,390225,390229,4,40
390185,390228,390229,1,43
390185,390228,390230,2,43
390185,390228,390229,1,43
390185,390227,390229,2,42
390185,390227,390230,3,42
390185,390227,390230,3,42
390185,390227,390230,3,42
385705,385705,390773,5068,0
390776,390776,390777,1,0
390776,390776,390777,1,0
390776,390776,390778,2,0
390776,390776,390778,2,0
390776,390776,390778,2,0
390776,390776,390777,1,0
390776,390776,390777,1,0
390776,390776,390777,1,0
390776,390776,390778,2,0
390776,390776,390778,2,0
390776,390776,390778,2,0
390776,390776,390778,2,0
390776,390776,390778,2,0
390776,390776,390778,2,0
390776,390776,390778,2,0
390776,390776,390778,2,0
390776,390776,390779,3,0
390776,390778,390779,1,2
390776,390778,390779,1,2
390776,390778,390779,1,2
390776,390778,390779,1,2
390776,390778,390779,1,2
390776,390778,390780,2,2
390776,390778,390780,2,2
390776,390778,390779,1,2
390776,390778,390780,2,2
390776,390779,390780,1,3
390776,390779,390781,2,3
390776,390779,390781,2,3
390776,390779,390781,2,3
390776,390779,390781,2,3
390776,390780,390782,2,4
390776,390780,390781,1,4
390776,390780,390782,2,4
390776,390780,390782,2,4
390776,390780,390781,1,4
390776,390780,390782,2,4
390776,390780,390782,2,4
390776,390780,390782,2,4
390776,390780,390782,2,4
390776,390779,390782,3,3
390776,390779,390782,3,3
390776,390779,390782,3,3
390776,390781,390783,2,5
390776,390781,390783,2,5
390776,390782,390784,2,6
390776,390782,390783,1,6
390776,390782,390783,1,6
390776,390782,390783,1,6
390776,390782,390784,2,6
390776,390782,390784,2,6
390776,390782,390784,2,6
390776,390782,390783,1,6
390776,390782,390784,2,6
390776,390781,390783,2,5
390776,390782,390784,2,6
390776,390782,390784,2,6
390776,390783,390785,2,7
390776,390783,390785,2,7
390776,390782,390785,3,6
390776,390782,390785,3,6
390776,390782,390785,3,6
390776,390784,390785,1,8
390776,390784,390785,1,8
390776,390784,390785,1,8
390776,390784,390786,2,8
390776,390784,390785,1,8
390776,390784,390786,2,8
390776,390784,390786,2,8
390776,390784,390786,2,8
390776,390784,390786,2,8
390776,390784,390787,3,8
390776,390784,390787,3,8
390776,390786,390788,2,10
390776,390785,390788,3,9
390776,390785,390788,3,9
390776,390786,390788,2,10
390776,390786,390788,2,10
390776,390786,390788,2,10
390776,390786,390788,2,10
390776,390785,390788,3,9
390776,390786,390788,2,10
390776,390786,390789,3,10
390776,390786,390788,2,10
390776,390785,390789,4,9
390776,390785,390789,4,9
390776,390786,390789,3,10
390776,390787,390790,3,11
390776,390788,390789,1,12
390776,390788,390790,2,12
390776,390788,390790,2,12
390776,390785,390790,5,9
390776,390787,390791,4,11
390776,390789,390790,1,13
390776,390789,390790,1,13
390776,390789,390790,1,13
390776,390789,390790,1,13
390776,390789,390791,2,13
390776,390789,390791,2,13
390776,390789,390791,2,13
390776,390789,390791,2,13
390776,390790,390791,1,14
390776,390789,390792,3,13
390776,390790,390793,3,14
390776,390790,390792,2,14
390776,390790,390792,2,14
390776,390791,390794,3,15
390776,390791,390794,3,15
390776,390791,390794,3,15
390776,390791,390795,4,15
390776,390791,390794,3,15
390776,390791,390794,3,15
390776,390791,390794,3,15
390776,390791,390794,3,15
390776,390791,390794,3,15
390776,390791,390794,3,15
390776,390791,390794,3,15
390776,390791,390795,4,15
390776,390793,390794,1,17
390776,390792,390795,3,16
390776,390793,390795,2,17
390776,390793,390795,2,17
390776,390793,390795,2,17
390776,390795,390796,1,19
390776,390795,390796,1,19
390776,390795,390796,1,19
390776,390795,390796,1,19
390776,390795,390797,2,19
390776,390795,390796,1,19
390776,390795,390796,1,19
390776,390795,390796,1,19
390776,390795,390796,1,19
390776,390795,390797,2,19
390776,390795,390797,2,19
390776,390796,390798,2,20
390776,390795,390797,2,19
390776,390795,390798,3,19
390776,390796,390798,2,20
390776,390796,390798,2,20
390776,390797,390799,2,21
390776,390797,390799,2,21
390776,390797,390799,2,21
390776,390797,390800,3,21
390776,390797,390799,2,21
390776,390797,390799,2,21
390776,390797,390800,3,21
390776,390796,390799,3,20
390776,390797,390800,3,21
390776,390797,390800,3,21
390776,390797,390800,3,21
385697,385697,390885,5188,0
390885,390885,390887,2,0
390885,390885,390887,2,0
390885,390885,390887,2,0
390885,390885,390887,2,0
390885,390885,390887,2,0
390885,390885,390888,3,0
390885,390885,390888,3,0
390885,390885,390888,3,0
390885,390885,390888,3,0
390885,390885,390888,3,0
390885,390885,390888,3,0
390885,390885,390887,2,0
390885,390885,390888,3,0
390885,390885,390888,3,0
390885,390885,390888,3,0
390885,390885,390888,3,0
390885,390885,390889,4,0
390885,390888,390890,2,3
390885,390888,390890,2,3
390885,390889,390890,1,4
390885,390888,390890,2,3
390885,390888,390890,2,3
390885,390889,390890,1,4
390885,390888,390891,3,3
390885,390889,390891,2,4
390885,390889,390891,2,4
390885,390889,390891,2,4
390885,390889,390891,2,4
390885,390889,390891,2,4
390885,390889,390891,2,4
390885,390889,390891,2,4
390885,390889,390891,2,4
390885,390891,390892,1,6
390885,390891,390892,1,6
390885,390891,390892,1,6
390885,390891,390892,1,6
390885,390891,390892,1,6
390885,390891,390892,1,6
390885,390889,390892,3,4
390885,390890,390892,2,5
390885,390892,390893,1,7
390885,390892,390893,1,7
390885,390892,390894,2,7
390885,390892,390894,2,7
390885,390892,390893,1,7
390885,390892,390894,2,7
390885,390891,390894,3,6
390885,390892,390894,2,7
390885,390893,390894,1,8
390885,390893,390895,2,8
390885,390893,390894,1,8
390885,390893,390894,1,8
390885,390893,390894,1,8
390885,390893,390894,1,8
390885,390892,390895,3,7
390885,390893,390895,2,8
390885,390894,390895,1,9
390885,390893,390895,2,8
390885,390894,390897,3,9
390885,390894,390897,3,9
390885,390894,390897,3,9
390885,390894,390897,3,9
390885,390895,390897,2,10
390885,390895,390897,2,10
390885,390895,390898,3,10
390885,390894,390897,3,9
390885,390895,390898,3,10
390885,390895,390898,3,10
390885,390895,390898,3,10
390885,390895,390899,4,10
390885,390895,390899,4,10
390885,390895,390899,4,10
390885,390897,390899,2,12
390885,390897,390899,2,12
390885,390897,390899,2,12
390885,390897,390899,2,12
390885,390895,390899,4,10
390885,390896,390899,3,11
390885,390896,390899,3,11
390885,390898,390900,2,13
390885,390898,390900,2,13
390885,390898,390900,2,13
390885,390899,390901,2,14
390885,390899,390901,2,14
390885,390900,390902,2,15
390885,390898,390901,3,13
390885,390899,390902,3,14
390885,390899,390902,3,14
390885,390900,390903,3,15
390885,390900,390902,2,15
390885,390899,390902,3,14
390885,390900,390903,3,15
390885,390901,390903,2,16
390885,390902,390904,2,17
390885,390900,390904,4,15
390885,390900,390903,3,15
390885,390901,390903,2,16
390885,390901,390903,2,16
390885,390900,390903,3,15
390885,390902,390904,2,17
390885,390900,390904,4,15
390885,390902,390905,3,17
390885,390902,390905,3,17
390885,390902,390905,3,17
390885,390904,390905,1,19
390885,390904,390906,2,19
390885,390903,390906,3,18
390885,390903,390906,3,18
390885,390904,390906,2,19
390885,390904,390906,2,19
390885,390904,390906,2,19
390885,390904,390906,2,19
390885,390903,390906,3,18
390885,390903,390906,3,18
390885,390904,390906,2,19
390885,390905,390907,2,20
390885,390905,390907,2,20
390885,390905,390907,2,20
390885,390904,390907,3,19
390885,390906,390909,3,21
390885,390906,390909,3,21
390885,390906,390909,3,21
390885,390906,390909,3,21
390885,390906,390909,3,21
390885,390906,390909,3,21
390885,390906,390909,3,21
390885,390906,390909,3,21
390885,390905,390909,4,20
390885,390905,390909,4,20
390885,390906,390909,3,21
390885,390907,390909,2,22
390885,390907,390911,4,22
390885,390907,390911,4,22
390885,390907,390911,4,22
390885,390909,390911,2,24
390885,390907,390912,5,22
390885,390909,390912,3,24
390885,390907,390912,5,22
390885,390909,390912,3,24
390885,390911,390913,2,26
390885,390909,390913,4,24
390885,390909,390913,4,24
390885,390909,390913,4,24
390885,390909,390913,4,24
390885,390910,390913,3,25
390885,390910,390913,3,25
390885,390910,390913,3,25
390885,390910,390914,4,25
390885,390910,390914,4,25
390885,390912,390915,3,27
385729,385729,391040,5311,0
385701,385701,391042,5341,0
391041,391041,391043,2,0
391041,391041,391042,1,0
391041,391041,391042,1,0
391041,391041,391042,1,0
391041,391041,391043,2,0
391041,391041,391043,2,0
391041,391041,391043,2,0
391041,391041,391043,2,0
391041,391041,391043,2,0
391041,391041,391043,2,0
391041,391041,391043,2,0
391041,391041,391043,2,0
391041,391042,391044,2,1
391041,391041,391043,2,0
391041,391041,391043,2,0
391041,391041,391044,3,0
391041,391041,391044,3,0
391041,391041,391044,3,0
391041,391043,391044,1,2
391041,391043,391044,1,2
391041,391043,391045,2,2
391041,391043,391044,1,2
391041,391043,391045,2,2
391041,391043,391045,2,2
391041,391043,391045,2,2
391041,391043,391045,2,2
391041,391043,391045,2,2
391041,391043,391045,2,2
391041,391044,391046,2,3
391041,391044,391046,2,3
391041,391043,391045,2,2
391041,391044,391046,2,3
391041,391044,391047,3,3
391041,391044,391046,2,3
391041,391044,391047,3,3
391041,391044,391046,2,3
391041,391045,391048,3,4
391041,391045,391048,3,4
391041,391045,391048,3,4
391041,391045,391048,3,4
391041,391045,391048,3,4
391041,391045,391048,3,4
391041,391045,391048,3,4
391041,391045,391048,3,4
391041,391045,391048,3,4
391041,391046,391048,2,5
391041,391045,391048,3,4
391041,391046,391048,2,5
391041,391046,391049,3,5
391041,391046,391049,3,5
391041,391047,391049,2,6
391041,391048,391049,1,7
391041,391048,391050,2,7
391041,391048,391050,2,7
391041,391048,391050,2,7
391041,391048,391050,2,7
391041,391048,391050,2,7
391041,391048,391050,2,7
391041,391047,391050,3,6
391041,391047,391050,3,6
391041,391047,391050,3,6
391041,391048,391050,2,7
391041,391048,391050,2,7
391041,391048,391050,2,7
391041,391049,391051,2,8
391041,391049,391051,2,8
391041,391049,391051,2,8
391041,391049,391051,2,8
391041,391050,391051,1,9
391041,391050,391052,2,9
391041,391050,391052,2,9
391041,391050,391052,2,9
391041,391050,391052,2,9
391041,391051,391052,1,10
391041,391051,391052,1,10
391041,391051,391052,1,10
391041,391051,391053,2,10
391041,391051,391052,1,10
391041,391051,391053,2,10
391041,391051,391053,2,10
391041,391051,391054,3,10
391041,391051,391054,3,10
391041,391051,391053,2,10
391041,391052,391053,1,11
391041,391052,391054,2,11
391041,391052,391054,2,11
391041,391052,391054,2,11
391041,391051,391053,2,10
391041,391053,391054,1,12
391041,391053,391054,1,12
391041,391053,391054,1,12
391041,391053,391054,1,12
391041,391051,391054,3,10
391041,391052,391054,2,11
391041,391053,391054,1,12
391041,391053,391055,2,12
391041,391054,391056,2,13
391041,391053,391056,3,12
391041,391053,391056,3,12
391041,391054,391056,2,13
391041,391054,391056,2,13
391041,391054,391056,2,13
391041,391054,391056,2,13
391041,391055,391056,1,14
391041,391055,391056,1,14
391041,391055,391056,1,14
391041,391054,391056,2,13
391041,391054,391056,2,13
391041,391054,391056,2,13
391041,391055,391057,2,14
391041,391055,391057,2,14
391041,391055,391057,2,14
391041,391055,391057,2,14
391041,391055,391057,2,14
391041,391057,391058,1,16
391041,391057,391058,1,16
391041,391057,391058,1,16
391041,391057,391058,1,16
391041,391057,391058,1,16
391041,391057,391058,1,16
391041,391056,391058,2,15
391041,391057,391059,2,16
391041,391057,391059,2,16
391041,391057,391059,2,16
391041,391057,391059,2,16
391041,391058,391059,1,17
391041,391057,391059,2,16
391041,391057,391059,2,16
391041,391058,391060,2,17
391041,391059,391060,1,18
391041,391059,391060,1,18
391041,391059,391060,1,18
391041,391059,391060,1,18
391041,391059,391060,1,18
391041,391059,391061,2,18
391041,391058,391060,2,17
391041,391058,391060,2,17
391041,391058,391060,2,17
391041,391059,391062,3,18
391041,391059,391061,2,18
391041,391060,391062,2,19
391041,391060,391062,2,19
391041,391060,391062,2,19
391041,391061,391062,1,20
391041,391061,391063,2,20
391041,391060,391062,2,19
391043,391061,391062,1,18
391041,391060,391063,3,19
391041,391060,391063,3,19
391041,391060,391063,3,19
391043,391061,391063,2,18
391041,391061,391063,2,20
391043,391061,391063,2,18
391043,391061,391064,3,18
391043,391062,391064,2,19
391043,391062,391064,2,19
391043,391063,391064,1,20
391043,391063,391064,1,20
391043,391063,391064,1,20
391043,391063,391064,1,20
391043,391063,391064,1,20
391043,391063,391065,2,20
391043,391063,391065,2,20
391043,391063,391065,2,20
391043,391063,391065,2,20
391043,391064,391065,1,21
391043,391064,391066,2,21
391043,391065,391067,2,22
391043,391065,391067,2,22
391043,391064,391066,2,21
391043,391064,391067,3,21
391043,391064,391066,2,21
391043,391065,391067,2,22
391043,391065,391067,2,22
391043,391065,391067,2,22
391043,391065,391067,2,22
391043,391065,391067,2,22
391043,391066,391067,1,23
391043,391065,391068,3,22
391043,391065,391068,3,22
391043,391067,391068,1,24
391043,391067,391068,1,24
391043,391067,391068,1,24
391043,391061,391069,8,18
391043,391067,391069,2,24
391043,391068,391069,1,25
391043,391068,391069,1,25
391043,391068,391069,1,25
391043,391068,391070,2,25
391043,391068,391070,2,25
391043,391068,391069,1,25
391043,391067,391069,2,24
391043,391067,391070,3,24
391043,391069,391070,1,26
391043,391069,391070,1,26
391043,391069,391070,1,26
391043,391069,391070,1,26
391043,391063,391071,8,20
391043,391068,391071,3,25
391043,391069,391071,2,26
391043,391070,391071,1,27
391043,391070,391072,2,27
391043,391070,391071,1,27
391043,391070,391071,1,27
391043,391070,391071,1,27
391043,391070,391071,1,27
391043,391063,391072,9,20
391043,391070,391072,2,27
391043,391070,391072,2,27
391043,391071,391072,1,28
391043,391071,391072,1,28
391043,391071,391072,1,28
391043,391071,391072,1,28
391043,391072,391073,1,29
391043,391071,391073,2,28
391043,391072,391073,1,29
391043,391072,391074,2,29
391043,391072,391074,2,29
391043,391072,391074,2,29
391043,391072,391074,2,29
391043,391072,391074,2,29
391043,391073,391074,1,30
391043,391073,391075,2,30
391043,391073,391075,2,30
391043,391073,391075,2,30
391043,391073,391074,1,30
391043,391073,391075,2,30
391043,391073,391075,2,30
391043,391074,391075,1,31
391043,391074,391076,2,31
391043,391074,391076,2,31
391043,391074,391076,2,31
391043,391074,391076,2,31
391043,391069,391076,7,26
391043,391075,391077,2,32
391043,391075,391077,2,32
391043,391074,391076,2,31
391043,391075,391077,2,32
391043,391075,391077,2,32
391043,391075,391077,2,32
391043,391075,391077,2,32
391043,391075,391077,2,32
391043,391076,391078,2,33
391043,391076,391078,2,33
391043,391076,391078,2,33
391043,391076,391078,2,33
391043,391071,391078,7,28
391043,391075,391078,3,32
391043,391076,391079,3,33
391043,391077,391079,2,34
391043,391077,391079,2,34
391043,391077,391079,2,34
391043,391077,391079,2,34
391043,391077,391079,2,34
391043,391077,391079,2,34
391043,391078,391080,2,35
391043,391078,391080,2,35
391043,391072,391080,8,29
391043,391078,391080,2,35
391043,391078,391080,2,35
391043,391078,391080,2,35
391043,391079,391081,2,36
391043,391078,391080,2,35
391043,391079,391081,2,36
391043,391079,391081,2,36
391043,391079,391081,2,36
391043,391079,391081,2,36
391043,391079,391082,3,36
391043,391079,391082,3,36
391043,391080,391082,2,37
391043,391080,391082,2,37
391043,391079,391081,2,36
391043,391077,391083,6,34
391043,391081,391083,2,38
391043,391081,391083,2,38
391043,391081,391083,2,38
391043,391081,391083,2,38
391043,391081,391083,2,38
391043,391081,391083,2,38
391043,391081,391083,2,38
391043,391081,391084,3,38
391043,391082,391084,2,39
391043,391083,391084,1,40
391043,391079,391085,6,36
391043,391082,391084,2,39
391043,391082,391085,3,39
391043,391082,391085,3,39
391043,391082,391084,2,39
391043,391083,391085,2,40
391043,391083,391085,2,40
391043,391083,391085,2,40
391043,391084,391085,1,41
391043,391084,391085,1,41
391043,391084,391086,2,41
391043,391084,391086,2,41
391043,391085,391086,1,42
391043,391081,391087,6,38
391043,391084,391086,2,41
391043,391084,391087,3,41
391043,391083,391091,8,40
385722,385722,391314,5592,0
391315,391315,391317,2,0
391315,391315,391317,2,0
391315,391315,391317,2,0
391315,391315,391317,2,0
391315,391315,391317,2,0
391315,391315,391317,2,0
391315,391315,391317,2,0
391315,391316,391318,2,1
391315,391315,391317,2,0
391315,391315,391317,2,0
391315,391315,391318,3,0
391315,391315,391318,3,0
391315,391315,391318,3,0
391315,391315,391318,3,0
391315,391315,391318,3,0
391315,391315,391318,3,0
391315,391317,391319,2,2
391315,391317,391319,2,2
391315,391317,391319,2,2
391315,391318,391319,1,3
391315,391318,391319,1,3
391315,391315,391319,4,0
391315,391318,391320,2,3
391315,391318,391319,1,3
391315,391318,391320,2,3
391315,391319,391320,1,4
391315,391319,391320,1,4
391315,391319,391320,1,4
391315,391319,391321,2,4
391315,391319,391321,2,4
391315,391319,391320,1,4
391315,391319,391320,1,4
391315,391319,391320,1,4
391315,391320,391321,1,5
391315,391320,391321,1,5
391315,391320,391321,1,5
391315,391320,391321,1,5
391315,391320,391321,1,5
391315,391320,391321,1,5
391315,391320,391322,2,5
391315,391321,391322,1,6
391315,391321,391323,2,6
391315,391321,391322,1,6
391315,391322,391323,1,7
391315,391320,391322,2,5
391315,391320,391322,2,5
391315,391321,391322,1,6
391315,391321,391323,2,6
391315,391321,391322,1,6
391315,391322,391323,1,7
391315,391322,391323,1,7
391315,391322,391323,1,7
391315,391322,391323,1,7
391315,391321,391324,3,6
391315,391321,391324,3,6
391315,391322,391324,2,7
391315,391323,391324,1,8
391315,391323,391324,1,8
391315,391323,391325,2,8
391315,391324,391325,1,9
391315,391324,391325,1,9
391315,391323,391325,2,8
391315,391323,391325,2,8
391315,391323,391325,2,8
391315,391324,391325,1,9
391315,391324,391325,1,9
391315,391323,391325,2,8
391315,391323,391325,2,8
391315,391323,391325,2,8
391315,391323,391325,2,8
391315,391325,391326,1,10
391315,391325,391326,1,10
391315,391324,391326,2,9
391315,391324,391326,2,9
391315,391325,391327,2,10
391315,391324,391326,2,9
391315,391326,391327,1,11
391315,391326,391327,1,11
391315,391326,391327,1,11
391315,391326,391327,1,11
391315,391326,391327,1,11
391315,391326,391327,1,11
391315,391326,391327,1,11
391315,391326,391328,2,11
391315,391327,391328,1,12
391315,391327,391329,2,12
391315,391326,391329,3,11
391315,391326,391328,2,11
391315,391326,391328,2,11
391315,391327,391329,2,12
391315,391328,391329,1,13
391315,391328,391330,2,13
391315,391328,391330,2,13
391315,391328,391330,2,13
391315,391327,391329,2,12
391315,391327,391330,3,12
391315,391329,391330,1,14
391315,391328,391330,2,13
391315,391328,391330,2,13
391315,391328,391330,2,13
391315,391329,391330,1,14
391315,391327,391330,3,12
391315,391328,391330,2,13
391315,391330,391331,1,15
391315,391330,391331,1,15
391315,391330,391331,1,15
391315,391330,391332,2,15
391315,391329,391331,2,14
391315,391329,391331,2,14
391315,391329,391331,2,14
391315,391329,391331,2,14
391315,391331,391332,1,16
391315,391330,391333,3,15
391315,391330,391333,3,15
391315,391331,391333,2,16
391315,391332,391333,1,17
391315,391332,391333,1,17
391315,391331,391333,2,16
391315,391331,391333,2,16
391315,391331,391334,3,16
391315,391332,391333,1,17
391315,391331,391334,3,16
391315,391331,391333,2,16
391315,391332,391334,2,17
391315,391333,391335,2,18
391315,391332,391335,3,17
391315,391332,391335,3,17
391315,391332,391335,3,17
391315,391332,391335,3,17
391315,391334,391335,1,19
391315,391334,391336,2,19
391315,391334,391336,2,19
391315,391334,391336,2,19
391315,391334,391336,2,19
391315,391334,391336,2,19
391315,391333,391336,3,18
391315,391333,391336,3,18
391315,391334,391337,3,19
391315,391335,391337,2,20
391315,391335,391337,2,20
391315,391334,391337,3,19
391315,391334,391336,2,19
391315,391336,391338,2,21
391315,391336,391338,2,21
391315,391336,391338,2,21
391315,391335,391338,3,20
391315,391335,391338,3,20
391315,391335,391338,3,20
391315,391335,391338,3,20
391315,391336,391340,4,21
385698,385698,391459,5761,0
391460,391460,391462,2,0
391460,391460,391462,2,0
391460,391460,391462,2,0
391460,391460,391463,3,0
391460,391460,391463,3,0
391460,391460,391463,3,0
391460,391460,391463,3,0
391460,391460,391463,3,0
391460,391460,391463,3,0
391460,391460,391463,3,0
391460,391462,391464,2,2
391460,391462,391464,2,2
391460,391462,391464,2,2
391460,391460,391464,4,0
391460,391460,391464,4,0
391460,391460,391463,3,0
391460,391460,391464,4,0
391460,391460,391463,3,0
391460,391463,391465,2,3
391460,391463,391465,2,3
391460,391463,391464,1,3
391460,391463,391465,2,3
391460,391463,391465,2,3
391460,391463,391465,2,3
391460,391463,391465,2,3
391460,391464,391465,1,4
391460,391464,391466,2,4
391460,391464,391466,2,4
391460,391464,391466,2,4
391460,391464,391466,2,4
391460,391465,391467,2,5
391460,391465,391467,2,5
391460,391465,391467,2,5
391460,391465,391467,2,5
391460,391464,391467,3,4
391460,391464,391467,3,4
391460,391464,391467,3,4
391460,391466,391467,1,6
391460,391466,391467,1,6
391460,391466,391468,2,6
391460,391466,391468,2,6
391460,391467,391468,1,7
391460,391466,391468,2,6
391460,391467,391468,1,7
391460,391467,391469,2,7
391460,391467,391469,2,7
391460,391468,391469,1,8
391460,391468,391469,1,8
391460,391467,391469,2,7
391460,391468,391470,2,8
391460,391468,391470,2,8
391460,391468,391470,2,8
391460,391469,391470,1,9
391460,391469,391470,1,9
391460,391468,391470,2,8
391460,391468,391470,2,8
391460,391468,391470,2,8
391460,391469,391470,1,9
391460,391469,391471,2,9
391460,391469,391471,2,9
391460,391469,391471,2,9
391460,391470,391471,1,10
391460,391470,391471,1,10
391460,391471,391472,1,11
391460,391470,391471,1,10
391460,391470,391472,2,10
391460,391470,391472,2,10
391460,391471,391472,1,11
391460,391471,391472,1,11
391460,391471,391473,2,11
391460,391472,391473,1,12
391460,391472,391473,1,12
391460,391472,391473,1,12
391460,391472,391473,1,12
391460,391472,391473,1,12
391460,391471,391473,2,11
391460,391471,391473,2,11
391460,391471,391473,2,11
391460,391472,391474,2,12
391460,391471,391474,3,11
391460,391473,391474,1,13
391460,391473,391474,1,13
391460,391471,391474,3,11
391460,391471,391474,3,11
391460,391472,391474,2,12
391460,391472,391474,2,12
391460,391473,391476,3,13
391460,391474,391475,1,14
391460,391474,391475,1,14
391460,391474,391475,1,14
391460,391474,391476,2,14
391460,391474,391475,1,14
391460,391474,391476,2,14
391460,391475,391476,1,15
391460,391475,391476,1,15
391460,391476,391477,1,16
391460,391474,391476,2,14
391460,391474,391476,2,14
391460,391474,391476,2,14
391460,391475,391477,2,15
391460,391476,391477,1,16
391460,391476,391478,2,16
391460,391476,391477,1,16
391460,391475,391477,2,15
391460,391475,391477,2,15
391460,391475,391478,3,15
391460,391476,391478,2,16
391460,391477,391478,1,17
391460,391477,391478,1,17
391460,391477,391478,1,17
391460,391475,391478,3,15
391460,391476,391478,2,16
391460,391476,391479,3,16
391460,391478,391479,1,18
391460,391478,391480,2,18
391460,391478,391479,1,18
391460,391478,391480,2,18
391460,391477,391479,2,17
391460,391477,391480,3,17
391460,391477,391480,3,17
391460,391478,391480,2,18
391460,391479,391480,1,19
391460,391479,391480,1,19
391460,391479,391480,1,19
391460,391479,391480,1,19
391460,391478,391481,3,18
391460,391478,391481,3,18
391460,391480,391481,1,20
391460,391480,391481,1,20
391460,391480,391481,1,20
391460,391479,391482,3,19
391460,391479,391482,3,19
391460,391481,391483,2,21
391460,391481,391483,2,21
391460,391480,391483,3,20
391460,391480,391483,3,20
391460,391480,391483,3,20
391460,391480,391483,3,20
391460,391480,391483,3,20
391460,391481,391483,2,21
391460,391481,391483,2,21
391460,391482,391483,1,22
391460,391482,391483,1,22
391460,391481,391484,3,21
391460,391481,391484,3,21
391460,391482,391484,2,22
391460,391483,391484,1,23
391460,391481,391484,3,21
391460,391482,391485,3,22
391460,391482,391485,3,22
385707,385708,391589,5881,1
391590,391591,391593,2,1
391590,391591,391593,2,1
391590,391591,391593,2,1
391590,391591,391594,3,1
391590,391591,391594,3,1
391590,391591,391594,3,1
391590,391591,391594,3,1
391590,391591,391594,3,1
391590,391591,391594,3,1
391590,391591,391594,3,1
391590,391591,391594,3,1
391590,391591,391594,3,1
391590,391591,391594,3,1
391590,391591,391594,3,1
391590,391591,391594,3,1
391590,391591,391594,3,1
391590,391591,391594,3,1
391590,391594,391596,2,4
391590,391594,391596,2,4
391590,391594,391596,2,4
391590,391594,391596,2,4
391590,391594,391596,2,4
391590,391595,391597,2,5
391590,391595,391597,2,5
391590,391595,391598,3,5
391590,391595,391598,3,5
391590,391595,391597,2,5
391590,391595,391598,3,5
391590,391595,391598,3,5
391590,391595,391598,3,5
391590,391595,391598,3,5
391590,391595,391598,3,5
391590,391595,391598,3,5
391590,391595,391598,3,5
391590,391597,391598,1,7
391590,391597,391598,1,7
391590,391597,391598,1,7
391590,391597,391598,1,7
391590,391597,391599,2,7
391590,391598,391600,2,8
391590,391598,391599,1,8
391590,391598,391600,2,8
391590,391599,391600,1,9
391590,391599,391600,1,9
391590,391598,391600,2,8
391590,391598,391600,2,8
391590,391599,391600,1,9
391590,391599,391600,1,9
391590,391598,391601,3,8
391590,391598,391600,2,8
391590,391598,391601,3,8
391590,391598,391601,3,8
391590,391598,391601,3,8
391590,391598,391600,2,8
391590,391598,391601,3,8
391590,391600,391602,2,10
391590,391601,391603,2,11
391590,391601,391603,2,11
391590,391600,391604,4,10
391590,391600,391604,4,10
391590,391601,391603,2,11
391590,391601,391604,3,11
391590,391600,391603,3,10
391590,391601,391604,3,11
391590,391601,391604,3,11
391590,391601,391604,3,11
391590,391601,391604,3,11
391590,391601,391604,3,11
391590,391601,391604,3,11
391590,391601,391605,4,11
391590,391601,391605,4,11
391590,391601,391605,4,11
391590,391603,391605,2,13
391590,391604,391605,1,14
391590,391604,391605,1,14
391590,391604,391606,2,14
391590,391604,391605,1,14
391590,391604,391606,2,14
391590,391604,391606,2,14
391590,391605,391607,2,15
391590,391604,391606,2,14
391590,391605,391607,2,15
391590,391606,391608,2,16
391590,391606,391608,2,16
391590,391606,391608,2,16
391590,391606,391608,2,16
391590,391605,391608,3,15
391590,391605,391608,3,15
391590,391605,391607,2,15
391590,391605,391608,3,15
391590,391605,391608,3,15
391590,391605,391608,3,15
391590,391606,391608,2,16
391590,391607,391609,2,17
391590,391606,391608,2,16
391590,391605,391609,4,15
391590,391606,391609,3,16
391590,391607,391610,3,17
391590,391608,391609,1,18
391590,391608,391610,2,18
391590,391607,391609,2,17
391590,391608,391610,2,18
391590,391608,391610,2,18
391590,391609,391611,2,19
391590,391608,391610,2,18
391590,391608,391611,3,18
391590,391608,391611,3,18
391590,391608,391611,3,18
391590,391608,391611,3,18
391590,391608,391611,3,18
391590,391609,391611,2,19
391590,391610,391612,2,20
391590,391610,391612,2,20
391590,391609,391611,2,19
391590,391610,391612,2,20
391590,391610,391612,2,20
391590,391609,391612,3,19
391590,391609,391612,3,19
391590,391610,391612,2,20
391590,391610,391613,3,20
391590,391611,391613,2,21
391590,391612,391614,2,22
391590,391612,391614,2,22
391590,391612,391614,2,22
391590,391612,391614,2,22
391590,391611,391614,3,21
391590,391611,391614,3,21
391590,391611,391614,3,21
391590,391611,391614,3,21
391590,391611,391614,3,21
391590,391612,391615,3,22
391590,391612,391615,3,22
391590,391613,391615,2,23
391590,391613,391615,2,23
391590,391611,391615,4,21
391590,391613,391616,3,23
391590,391613,391615,2,23
391590,391613,391615,2,23
391590,391614,391616,2,24
391590,391614,391616,2,24
391590,391615,391617,2,25
391590,391614,391617,3,24
391590,391614,391617,3,24
391590,391615,391617,2,25
391590,391615,391617,2,25
391590,391615,391618,3,25
391590,391615,391618,3,25
391590,391615,391618,3,25
391590,391615,391617,2,25
391590,391615,391618,3,25
385715,385715,391652,5937,0
391653,391653,391656,3,0
391653,391653,391657,4,0
391653,391654,391657,3,1
391653,391654,391657,3,1
391653,391654,391657,3,1
391653,391653,391657,4,0
391653,391653,391657,4,0
391653,391653,391658,5,0
391653,391654,391658,4,1
391653,391654,391659,5,1
391653,391654,391658,4,1
391653,391654,391658,4,1
391653,391654,391658,4,1
391653,391653,391658,5,0
391653,391653,391658,5,0
391653,391654,391658,4,1
391653,391658,391659,1,5
391653,391658,391659,1,5
391653,391658,391660,2,5
391653,391658,391660,2,5
391653,391658,391660,2,5
391653,391658,391660,2,5
391653,391659,391661,2,6
391653,391658,391660,2,5
391653,391659,391660,1,6
391653,391659,391660,1,6
391653,391660,391661,1,7
391653,391660,391661,1,7
391653,391659,391661,2,6
391653,391659,391661,2,6
391653,391659,391661,2,6
391653,391659,391661,2,6
391653,391659,391661,2,6
391653,391659,391661,2,6
391653,391660,391662,2,7
391653,391653,391663,10,0
391653,391661,391664,3,8
391653,391661,391663,2,8
391653,391661,391664,3,8
391653,391661,391664,3,8
391653,391661,391664,3,8
391653,391661,391664,3,8
391653,391661,391664,3,8
391653,391662,391664,2,9
391653,391662,391664,2,9
391653,391662,391666,4,9
391653,391662,391666,4,9
391653,391662,391666,4,9
391653,391662,391666,4,9
391653,391662,391665,3,9
391653,391662,391665,3,9
391653,391663,391667,4,10
391653,391664,391667,3,11
391653,391664,391666,2,11
391653,391665,391667,2,12
391653,391665,391667,2,12
391653,391664,391667,3,11
391653,391664,391667,3,11
391653,391664,391667,3,11
391653,391664,391668,4,11
391653,391664,391667,3,11
391653,391666,391669,3,13
391653,391666,391669,3,13
391653,391666,391669,3,13
391653,391666,391669,3,13
391653,391666,391669,3,13
391653,391668,391669,1,15
391653,391668,391669,1,15
391653,391668,391670,2,15
391653,391667,391669,2,14
391653,391667,391670,3,14
391653,391668,391670,2,15
391653,391666,391669,3,13
391653,391667,391670,3,14
391653,391668,391670,2,15
391653,391669,391671,2,16
391653,391669,391671,2,16
391653,391668,391670,2,15
391653,391668,391670,2,15
391653,391670,391671,1,17
391653,391670,391671,1,17
391653,391669,391671,2,16
391653,391670,391672,2,17
391653,391670,391673,3,17
391653,391670,391673,3,17
391653,391669,391673,4,16
391653,391670,391673,3,17
391653,391669,391672,3,16
391653,391670,391673,3,17
391653,391670,391673,3,17
391653,391664,391673,9,11
391653,391672,391674,2,19
391653,391671,391674,3,18
391653,391671,391674,3,18
391653,391671,391675,4,18
391653,391671,391675,4,18
391653,391671,391675,4,18
391653,391672,391675,3,19
391653,391673,391676,3,20
391653,391673,391676,3,20
391653,391672,391676,4,19
391653,391673,391676,3,20
391653,391673,391676,3,20
391653,391674,391676,2,21
391653,391675,391676,1,22
391653,391673,391677,4,20
391653,391675,391677,2,22
391653,391675,391677,2,22
391653,391673,391677,4,20
391653,391673,391677,4,20
391653,391673,391677,4,20
391653,391676,391677,1,23
391653,391675,391678,3,22
391653,391675,391677,2,22
391653,391676,391678,2,23
391653,391675,391678,3,22
391653,391677,391678,1,24
391653,391677,391679,2,24
391653,391676,391679,3,23
391653,391677,391679,2,24
391653,391676,391679,3,23
391653,391676,391679,3,23
391653,391676,391679,3,23
391653,391678,391679,1,25
391653,391677,391680,3,24
391653,391678,391680,2,25
391653,391677,391680,3,24
391653,391678,391680,2,25
391653,391678,391681,3,25
391653,391678,391680,2,25
391653,391679,391680,1,26
391653,391679,391680,1,26
391653,391678,391681,3,25
391653,391678,391681,3,25
391653,391679,391681,2,26
391653,391679,391681,2,26
391653,391680,391682,2,27
391653,391679,391682,3,26
391653,391681,391682,1,28
391653,391680,391682,2,27
391653,391680,391682,2,27
391653,391680,391682,2,27
391653,391681,391683,2,28
391653,391681,391682,1,28
391653,391680,391683,3,27
391653,391681,391683,2,28
391653,391681,391683,2,28
391653,391681,391683,2,28
391653,391681,391683,2,28
391653,391681,391684,3,28
392458,392459,392598,139,1
389267,389288,392978,3690,21
392980,392980,392981,1,0
392980,392980,392982,2,0
392980,392980,392982,2,0
392980,392980,392981,1,0
392980,392980,392982,2,0
392980,392980,392982,2,0
392980,392982,392983,1,2
392980,392980,392983,3,0
392980,392980,392983,3,0
392980,392980,392982,2,0
392980,392980,392982,2,0
392980,392980,392983,3,0
392980,392980,392982,2,0
392980,392980,392982,2,0
392980,392980,392983,3,0
392980,392980,392983,3,0
392980,392980,392983,3,0
392980,392982,392983,1,2
392980,392982,392983,1,2
392980,392982,392983,1,2
392980,392980,392983,3,0
392980,392983,392984,1,3
392980,392983,392985,2,3
392980,392983,392985,2,3
392980,392983,392985,2,3
392980,392983,392985,2,3
392980,392983,392985,2,3
392980,392983,392985,2,3
392980,392983,392985,2,3
392980,392983,392985,2,3
392980,392983,392985,2,3
392980,392983,392986,3,3
392980,392983,392986,3,3
392980,392983,392985,2,3
392980,392984,392987,3,4
392980,392984,392987,3,4
392980,392984,392987,3,4
392980,392985,392987,2,5
392980,392984,392987,3,4
392980,392985,392988,3,5
392980,392985,392988,3,5
392980,392986,392988,2,6
392980,392986,392988,2,6
392980,392987,392988,1,7
392980,392987,392988,1,7
392980,392986,392988,2,6
392980,392986,392988,2,6
392980,392987,392988,1,7
392980,392986,392988,2,6
392980,392986,392989,3,6
392980,392986,392989,3,6
392980,392986,392989,3,6
392980,392986,392989,3,6
392980,392986,392989,3,6
392980,392988,392989,1,8
392980,392988,392991,3,8
392980,392989,392992,3,9
392980,392988,392992,4,8
392980,392988,392992,4,8
392980,392990,392993,3,10
392980,392989,392993,4,9
392980,392989,392992,3,9
392980,392989,392992,3,9
392980,392989,392993,4,9
392980,392989,392993,4,9
392980,392989,392993,4,9
392980,392989,392993,4,9
392980,392989,392993,4,9
392980,392992,392994,2,12
392980,392991,392994,3,11
392980,392989,392994,5,9
392980,392989,392994,5,9
392980,392989,392994,5,9
392980,392989,392994,5,9
392980,392993,392994,1,13
392980,392993,392994,1,13
392980,392993,392995,2,13
392980,392993,392995,2,13
392980,392993,392995,2,13
392980,392993,392996,3,13
392980,392993,392996,3,13
392980,392993,392996,3,13
392980,392994,392996,2,14
392980,392994,392996,2,14
392980,392995,392997,2,15
392980,392994,392997,3,14
392980,392995,392997,2,15
392980,392994,392997,3,14
392980,392995,392997,2,15
392980,392994,392997,3,14
392980,392995,392998,3,15
392980,392995,392998,3,15
392980,392995,392998,3,15
392980,392995,392998,3,15
392980,392997,392999,2,17
392980,392997,392999,2,17
392980,392997,392999,2,17
392980,392996,392999,3,16
392980,392996,392999,3,16
392980,392996,392998,2,16
392980,392996,392999,3,16
392980,392996,392999,3,16
392980,392997,392999,2,17
392980,392997,392999,2,17
392980,392997,393000,3,17
392980,392999,393001,2,19
392980,392998,393001,3,18
392980,392998,393001,3,18
392980,392999,393002,3,19
392980,392999,393001,2,19
392980,392999,393001,2,19
392980,392999,393002,3,19
392980,392999,393002,3,19
392980,392999,393003,4,19
392980,393000,393003,3,20
392980,393001,393004,3,21
392980,393003,393004,1,23
392980,393002,393004,2,22
392980,393000,393004,4,20
392980,393001,393004,3,21
392980,393000,393004,4,20
392980,393000,393005,5,20
392980,393000,393005,5,20
392980,393000,393004,4,20
392980,393000,393005,5,20
392980,393004,393005,1,24
392980,393002,393005,3,22
392980,393002,393005,3,22
392980,393002,393005,3,22
392980,393002,393006,4,22
392980,393003,393005,2,23
392980,393004,393006,2,24
392980,393005,393006,1,25
392980,393005,393006,1,25
392980,393004,393006,2,24
392980,393005,393007,2,25
392980,393005,393007,2,25
392980,393006,393007,1,26
392980,393005,393007,2,25
392980,393005,393008,3,25
392980,393005,393008,3,25
392980,393005,393008,3,25
392980,393005,393008,3,25
392980,393006,393008,2,26
392980,393007,393009,2,27
392980,393006,393010,4,26
392980,393006,393011,5,26
392980,393006,393010,4,26
392980,393006,393011,5,26
392980,393006,393011,5,26
392765,392765,393161,396,0
389568,389606,393181,3575,38
393182,393182,393184,2,0
393182,393182,393184,2,0
393182,393182,393184,2,0
393182,393182,393184,2,0
393182,393182,393184,2,0
393182,393182,393184,2,0
393182,393182,393184,2,0
393182,393182,393185,3,0
393182,393182,393185,3,0
393182,393182,393185,3,0
393182,393182,393185,3,0
393182,393182,393185,3,0
393182,393182,393185,3,0
393182,393182,393185,3,0
393182,393182,393185,3,0
393182,393182,393185,3,0
393182,393182,393185,3,0
393182,393184,393186,2,2
393182,393184,393186,2,2
393182,393184,393186,2,2
393182,393184,393186,2,2
393182,393184,393186,2,2
393182,393185,393186,1,3
393182,393185,393187,2,3
393182,393186,393187,1,4
393182,393186,393188,2,4
393182,393186,393187,1,4
393182,393187,393188,1,5
393182,393186,393188,2,4
393182,393187,393188,1,5
393182,393187,393188,1,5
393182,393186,393188,2,4
393182,393186,393188,2,4
393182,393186,393188,2,4
393182,393186,393188,2,4
393182,393186,393188,2,4
393182,393186,393188,2,4
393182,393187,393189,2,5
393182,393187,393189,2,5
393182,393187,393189,2,5
393182,393188,393190,2,6
393182,393188,393190,2,6
393182,393187,393189,2,5
393182,393189,393190,1,7
393182,393189,393190,1,7
393182,393189,393190,1,7
393182,393188,393190,2,6
393182,393189,393191,2,7
393182,393189,393191,2,7
393182,393189,393191,2,7
393182,393190,393192,2,8
393182,393191,393192,1,9
393182,393189,393191,2,7
393182,393189,393191,2,7
393182,393189,393191,2,7
393182,393190,393191,1,8
393182,393189,393191,2,7
393182,393191,393192,1,9
393182,393190,393192,2,8
393182,393190,393192,2,8
393182,393190,393192,2,8
393182,393191,393192,1,9
393182,393192,393193,1,10
393182,393191,393193,2,9
393182,393190,393193,3,8
393182,393192,393194,2,10
393182,393191,393193,2,9
393182,393191,393193,2,9
393182,393192,393194,2,10
393182,393193,393194,1,11
393182,393192,393194,2,10
393182,393193,393194,1,11
393182,393193,393194,1,11
393182,393192,393195,3,10
393182,393192,393195,3,10
393182,393192,393195,3,10
393182,393194,393195,1,12
393182,393193,393195,2,11
393182,393193,393195,2,11
393182,393193,393195,2,11
393182,393192,393195,3,10
393182,393193,393195,2,11
393182,393194,393196,2,12
393182,393195,393196,1,13
393182,393194,393196,2,12
393182,393195,393196,1,13
393182,393195,393196,1,13
393182,393194,393197,3,12
393182,393194,393197,3,12
393182,393196,393197,1,14
393182,393195,393197,2,13
393182,393196,393198,2,14
393182,393195,393198,3,13
393182,393195,393198,3,13
393182,393195,393198,3,13
393182,393196,393198,2,14
393182,393197,393198,1,15
393182,393196,393199,3,14
393182,393196,393198,2,14
393182,393197,393199,2,15
393182,393197,393199,2,15
393182,393196,393199,3,14
393182,393196,393199,3,14
393182,393198,393199,1,16
393182,393197,393199,2,15
393182,393197,393200,3,15
393182,393197,393200,3,15
393182,393198,393200,2,16
393182,393199,393200,1,17
393182,393198,393200,2,16
393182,393198,393201,3,16
393182,393199,393201,2,17
393182,393199,393201,2,17
393182,393198,393200,2,16
393182,393198,393201,3,16
393182,393200,393201,1,18
393182,393199,393202,3,17
393182,393198,393201,3,16
393182,393199,393202,3,17
393182,393199,393202,3,17
393182,393201,393203,2,19
393182,393200,393203,3,18
393182,393199,393202,3,17
393182,393201,393203,2,19
393182,393200,393203,3,18
393182,393200,393203,3,18
393182,393200,393203,3,18
393182,393202,393203,1,20
393182,393201,393203,2,19
393182,393201,393203,2,19
393182,393201,393203,2,19
393182,393201,393204,3,19
393182,393201,393204,3,19
393182,393202,393204,2,20
393182,393203,393204,1,21
393182,393202,393205,3,20
393182,393203,393205,2,21
393182,393202,393205,3,20
393182,393202,393205,3,20
393182,393204,393205,1,22
393182,393203,393205,2,21
393182,393203,393205,2,21
393182,393204,393206,2,22
393182,393203,393206,3,21
393182,393204,393206,2,22
393182,393204,393207,3,22
393182,393204,393207,3,22
393182,393204,393207,3,22
393182,393204,393207,3,22
393182,393203,393209,6,21
389760,389780,393387,3607,20
393388,393388,393389,1,0
393388,393388,393390,2,0
393388,393388,393390,2,0
393388,393388,393389,1,0
393388,393388,393389,1,0
393388,393388,393390,2,0
393388,393388,393391,3,0
393388,393388,393390,2,0
393388,393388,393390,2,0
393388,393388,393391,3,0
393388,393388,393391,3,0
393388,393388,393391,3,0
393388,393388,393391,3,0
393388,393390,393392,2,2
393388,393388,393391,3,0
393388,393390,393391,1,2
393388,393390,393392,2,2
393388,393390,393392,2,2
393388,393388,393392,4,0
393388,393388,393391,3,0
393388,393388,393392,4,0
393388,393390,393393,3,2
393388,393390,393392,2,2
393388,393391,393393,2,3
393388,393392,393393,1,4
393388,393391,393393,2,3
393388,393392,393394,2,4
393388,393392,393393,1,4
393388,393392,393394,2,4
393388,393392,393394,2,4
393388,393391,393394,3,3
393388,393391,393393,2,3
393388,393392,393394,2,4
393388,393391,393394,3,3
393388,393391,393394,3,3
393388,393391,393394,3,3
393388,393393,393395,2,5
393388,393392,393394,2,4
393388,393392,393394,2,4
393388,393394,393396,2,6
393388,393394,393396,2,6
393388,393394,393396,2,6
393388,393393,393395,2,5
393388,393393,393396,3,5
393388,393395,393396,1,7
393388,393394,393396,2,6
393388,393394,393396,2,6
393388,393394,393397,3,6
393388,393394,393397,3,6
393388,393394,393397,3,6
393388,393394,393397,3,6
393388,393395,393397,2,7
393388,393394,393397,3,6
393388,393396,393397,1,8
393388,393396,393398,2,8
393388,393396,393397,1,8
393388,393396,393397,1,8
393388,393394,393397,3,6
393388,393394,393397,3,6
393388,393395,393398,3,7
393388,393397,393398,1,9
393388,393397,393399,2,9
393388,393397,393399,2,9
393388,393396,393399,3,8
393388,393397,393399,2,9
393388,393397,393399,2,9
393388,393397,393399,2,9
393388,393398,393399,1,10
393388,393397,393400,3,9
393388,393397,393400,3,9
393388,393397,393400,3,9
393388,393398,393400,2,10
393388,393398,393399,1,10
393388,393399,393401,2,11
393388,393398,393401,3,10
393388,393398,393401,3,10
393388,393398,393401,3,10
393388,393400,393401,1,12
393388,393400,393402,2,12
393388,393399,393401,2,11
393388,393399,393401,2,11
393388,393399,393402,3,11
393388,393400,393402,2,12
393388,393401,393402,1,13
393388,393401,393402,1,13
393388,393398,393402,4,10
393388,393400,393402,2,12
393388,393401,393403,2,13
393388,393400,393403,3,12
393388,393400,393403,3,12
393388,393401,393403,2,13
393388,393402,393403,1,14
393388,393402,393404,2,14
393388,393402,393404,2,14
393388,393402,393404,2,14
393388,393402,393404,2,14
393388,393403,393404,1,15
393388,393403,393404,1,15
393388,393403,393405,2,15
393388,393402,393404,2,14
393388,393402,393404,2,14
393388,393403,393405,2,15
393388,393403,393405,2,15
393388,393403,393405,2,15
393388,393403,393405,2,15
393388,393404,393405,1,16
393388,393404,393406,2,16
393388,393404,393406,2,16
393388,393405,393407,2,17
393388,393405,393407,2,17
393388,393405,393407,2,17
393388,393405,393407,2,17
393388,393404,393407,3,16
393388,393404,393407,3,16
393388,393405,393407,2,17
393388,393405,393407,2,17
393388,393406,393407,1,18
393388,393406,393408,2,18
393388,393405,393407,2,17
393388,393405,393408,3,17
393388,393406,393408,2,18
393388,393406,393408,2,18
393388,393406,393409,3,18
393388,393406,393408,2,18
393388,393407,393408,1,19
393388,393407,393408,1,19
393388,393407,393409,2,19
393388,393407,393410,3,19
393388,393408,393409,1,20
393388,393408,393410,2,20
393388,393408,393410,2,20
393388,393408,393411,3,20
393388,393408,393410,2,20
393388,393408,393410,2,20
393388,393408,393410,2,20
393388,393409,393410,1,21
393388,393409,393410,1,21
393388,393408,393411,3,20
393388,393408,393411,3,20
393388,393409,393411,2,21
393388,393409,393412,3,21
393388,393409,393412,3,21
393388,393409,393411,2,21
393388,393409,393412,3,21
393388,393410,393412,2,22
393388,393410,393412,2,22
393388,393410,393412,2,22
393388,393411,393413,2,23
393388,393411,393413,2,23
393388,393411,393414,3,23
389864,389886,393483,3597,22
389965,389988,393483,3495,23
393485,393485,393486,1,0
393485,393485,393487,2,0
393485,393485,393487,2,0
393485,393485,393486,1,0
393485,393485,393486,1,0
393485,393485,393487,2,0
393485,393485,393486,1,0
393485,393485,393487,2,0
393485,393485,393487,2,0
393485,393485,393487,2,0
393485,393485,393487,2,0
393485,393485,393487,2,0
393485,393485,393487,2,0
393485,393485,393488,3,0
393485,393485,393488,3,0
393485,393485,393488,3,0
393485,393487,393488,1,2
393485,393487,393488,1,2
393485,393487,393488,1,2
393485,393487,393488,1,2
393485,393487,393488,1,2
393485,393487,393488,1,2
393485,393487,393489,2,2
393485,393485,393489,4,0
393485,393485,393489,4,0
393485,393488,393490,2,3
393485,393488,393490,2,3
393485,393489,393490,1,4
393485,393489,393490,1,4
393485,393488,393490,2,3
393485,393488,393490,2,3
393485,393488,393491,3,3
393485,393488,393491,3,3
393485,393488,393491,3,3
393485,393488,393491,3,3
393485,393489,393490,1,4
393485,393489,393490,1,4
393485,393489,393491,2,4
393485,393489,393491,2,4
393485,393489,393491,2,4
393485,393488,393491,3,3
393485,393489,393492,3,4
393485,393491,393493,2,6
393485,393491,393492,1,6
393485,393490,393493,3,5
393485,393491,393492,1,6
393485,393491,393492,1,6
393485,393490,393493,3,5
393485,393491,393493,2,6
393485,393491,393493,2,6
393485,393491,393493,2,6
393485,393491,393493,2,6
393485,393491,393492,1,6
393485,393491,393492,1,6
393485,393491,393493,2,6
393485,393489,393493,4,4
393485,393491,393494,3,6
393485,393493,393494,1,8
393485,393491,393494,3,6
393485,393493,393494,1,8
393485,393493,393494,1,8
393485,393493,393495,2,8
393485,393493,393495,2,8
393485,393493,393495,2,8
393485,393493,393495,2,8
393485,393493,393495,2,8
393485,393493,393495,2,8
393485,393492,393495,3,7
393485,393493,393495,2,8
393485,393494,393496,2,9
393485,393494,393496,2,9
393485,393493,393496,3,8
393485,393493,393496,3,8
393485,393493,393496,3,8
393485,393493,393496,3,8
393485,393495,393497,2,10
393485,393495,393497,2,10
393485,393494,393497,3,9
393485,393495,393497,2,10
393485,393494,393497,3,9
393485,393495,393498,3,10
393485,393496,393498,2,11
393485,393495,393498,3,10
393485,393496,393498,2,11
393485,393496,393498,2,11
393485,393497,393499,2,12
393485,393497,393499,2,12
393485,393497,393499,2,12
393485,393496,393500,4,11
393485,393496,393499,3,11
393485,393497,393499,2,12
393485,393498,393499,1,13
393485,393496,393499,3,11
393485,393496,393499,3,11
393485,393498,393500,2,13
393485,393498,393500,2,13
393485,393497,393500,3,12
393485,393498,393500,2,13
393485,393496,393500,4,11
393485,393499,393500,1,14
393485,393499,393500,1,14
393485,393498,393501,3,13
393485,393499,393501,2,14
393485,393499,393501,2,14
393485,393499,393501,2,14
393485,393500,393501,1,15
393485,393501,393502,1,16
393485,393501,393502,1,16
393485,393500,393502,2,15
393485,393501,393503,2,16
393485,393500,393502,2,15
393485,393500,393502,2,15
393485,393500,393503,3,15
393485,393501,393502,1,16
393485,393501,393502,1,16
393485,393501,393503,2,16
393485,393501,393503,2,16
393485,393500,393504,4,15
393485,393501,393504,3,16
393485,393502,393505,3,17
393485,393501,393505,4,16
393485,393502,393504,2,17
393485,393500,393504,4,15
393485,393501,393504,3,16
393485,393503,393506,3,18
393485,393503,393506,3,18
393485,393503,393506,3,18
393485,393503,393506,3,18
393485,393503,393506,3,18
393485,393503,393506,3,18
393485,393503,393506,3,18
393485,393503,393506,3,18
393485,393503,393507,4,18
393485,393503,393506,3,18
393485,393504,393507,3,19
393485,393503,393507,4,18
393485,393505,393507,2,20
393485,393506,393508,2,21
393485,393505,393508,3,20
393485,393505,393508,3,20
393485,393505,393508,3,20
393485,393507,393509,2,22
393485,393505,393509,4,20
393485,393506,393509,3,21
393485,393506,393508,2,21
393485,393507,393509,2,22
393485,393507,393509,2,22
393485,393507,393510,3,22
393485,393508,393509,1,23
393485,393508,393509,1,23
393485,393505,393509,4,20
393485,393507,393510,3,22
393485,393507,393510,3,22
393485,393508,393510,2,23
393485,393507,393510,3,22
393485,393509,393511,2,24
393485,393507,393510,3,22
393485,393509,393511,2,24
393485,393509,393511,2,24
393485,393509,393511,2,24
393485,393509,393511,2,24
393485,393510,393511,1,25
393485,393510,393511,1,25
393485,393509,393511,2,24
393485,393510,393511,1,25
393485,393510,393511,1,25
393485,393509,393512,3,24
393485,393510,393512,2,25
393485,393511,393512,1,26
393485,393510,393513,3,25
393485,393510,393513,3,25
393485,393511,393513,2,26
393485,393512,393513,1,27
393485,393511,393513,2,26
393485,393511,393513,2,26
393485,393511,393513,2,26
393485,393511,393513,2,26
393485,393511,393514,3,26
393485,393511,393514,3,26
393485,393512,393515,3,27
393485,393512,393515,3,27
393485,393512,393515,3,27
393485,393512,393515,3,27
393485,393512,393515,3,27
393485,393513,393516,3,28
393485,393513,393516,3,28
393485,393512,393515,3,27
393485,393514,393516,2,29
393485,393514,393516,2,29
393485,393515,393517,2,30
393485,393513,393517,4,28
393485,393514,393518,4,29
393485,393514,393518,4,29
393485,393514,393518,4,29
393485,393514,393518,4,29
393485,393514,393518,4,29
393485,393514,393518,4,29
393485,393515,393518,3,30
393485,393515,393518,3,30
393485,393513,393517,4,28
393485,393516,393518,2,31
393485,393516,393519,3,31
393485,393517,393519,2,32
393485,393517,393519,2,32
393485,393516,393520,4,31
393485,393516,393520,4,31
393485,393516,393520,4,31
393485,393517,393520,3,32
393485,393518,393521,3,33
393485,393518,393521,3,33
393485,393517,393520,3,32
393485,393519,393521,2,34
393485,393518,393521,3,33
393485,393518,393521,3,33
393485,393518,393521,3,33
393485,393518,393521,3,33
393485,393518,393520,2,33
393485,393518,393521,3,33
393485,393519,393521,2,34
393485,393520,393521,1,35
393485,393520,393521,1,35
393485,393519,393522,3,34
393485,393520,393521,1,35
393485,393521,393522,1,36
393485,393521,393522,1,36
393485,393520,393522,2,35
393485,393521,393523,2,36
393485,393521,393523,2,36
393485,393521,393523,2,36
393485,393521,393523,2,36
393485,393522,393523,1,37
393485,393522,393523,1,37
393485,393521,393523,2,36
393485,393521,393523,2,36
393485,393521,393523,2,36
393485,393521,393523,2,36
393485,393521,393523,2,36
393485,393521,393524,3,36
393485,393522,393524,2,37
393485,393522,393524,2,37
393485,393523,393524,1,38
393485,393523,393524,1,38
393485,393523,393525,2,38
393485,393522,393525,3,37
393485,393524,393525,1,39
393485,393524,393525,1,39
393485,393524,393525,1,39
393485,393524,393525,1,39
393485,393525,393526,1,40
393485,393524,393526,2,39
393485,393524,393527,3,39
393485,393524,393526,2,39
393485,393524,393527,3,39
393485,393524,393527,3,39
393485,393524,393527,3,39
393485,393524,393527,3,39
393485,393525,393527,2,40
393485,393524,393527,3,39
393485,393526,393529,3,41
393485,393526,393529,3,41
393485,393526,393528,2,41
393485,393526,393529,3,41
393485,393525,393530,5,40
393485,393525,393530,5,40
393485,393525,393530,5,40
393485,393525,393530,5,40
393485,393527,393530,3,42
393485,393527,393530,3,42
393485,393527,393531,4,42
393485,393527,393531,4,42
393485,393527,393531,4,42
393485,393529,393531,2,44
393485,393529,393531,2,44
393485,393529,393531,2,44
393485,393529,393531,2,44
393485,393527,393531,4,42
393485,393528,393532,4,43
393485,393527,393533,6,42
393485,393531,393534,3,46
393485,393528,393533,5,43
393485,393528,393533,5,43
393485,393532,393535,3,47
393485,393532,393535,3,47
393485,393532,393535,3,47
393485,393531,393535,4,46
393485,393530,393534,4,45
393485,393530,393535,5,45
393485,393530,393535,5,45
393485,393532,393535,3,47
393485,393531,393535,4,46
393485,393532,393535,3,47
393485,393532,393535,3,47
393485,393531,393535,4,46
393485,393534,393536,2,49
393485,393532,393536,4,47
393485,393533,393536,3,48
393485,393534,393536,2,49
393485,393535,393538,3,50
393485,393534,393537,3,49
393485,393534,393537,3,49
390111,390153,393747,3594,42
393748,393748,393750,2,0
393748,393748,393750,2,0
393748,393748,393750,2,0
393748,393748,393750,2,0
393748,393748,393750,2,0
393748,393748,393750,2,0
393748,393748,393750,2,0
393748,393748,393750,2,0
393748,393748,393750,2,0
393748,393748,393750,2,0
393748,393748,393750,2,0
393748,393748,393751,3,0
393748,393748,393751,3,0
393748,393748,393751,3,0
393748,393748,393751,3,0
393748,393748,393751,3,0
393748,393748,393751,3,0
393748,393750,393752,2,2
393748,393750,393752,2,2
393748,393750,393752,2,2
393748,393750,393752,2,2
393748,393750,393752,2,2
393748,393750,393752,2,2
393748,393750,393752,2,2
393748,393750,393752,2,2
393748,393750,393753,3,2
393748,393750,393753,3,2
393748,393752,393753,1,4
393748,393751,393753,2,3
393748,393752,393753,1,4
393748,393752,393753,1,4
393748,393752,393753,1,4
393748,393753,393754,1,5
393748,393752,393754,2,4
393748,393753,393754,1,5
393748,393753,393754,1,5
393748,393753,393754,1,5
393748,393752,393754,2,4
393748,393752,393754,2,4
393748,393753,393755,2,5
393748,393752,393754,2,4
393748,393753,393755,2,5
393748,393754,393756,2,6
393748,393754,393756,2,6
393748,393753,393756,3,5
393748,393754,393756,2,6
393748,393755,393756,1,7
393748,393755,393756,1,7
393748,393755,393756,1,7
393748,393755,393756,1,7
393748,393755,393756,1,7
393748,393754,393756,2,6
393748,393755,393756,1,7
393748,393754,393756,2,6
393748,393754,393756,2,6
393748,393755,393757,2,7
393748,393755,393757,2,7
393748,393755,393757,2,7
393748,393756,393757,1,8
393748,393757,393758,1,9
393748,393757,393758,1,9
393748,393757,393758,1,9
393748,393757,393758,1,9
393748,393757,393758,1,9
393748,393757,393758,1,9
393748,393757,393758,1,9
393748,393756,393758,2,8
393748,393757,393759,2,9
393748,393757,393758,1,9
393748,393757,393759,2,9
393748,393758,393759,1,10
393748,393757,393759,2,9
393748,393757,393759,2,9
393748,393757,393759,2,9
393748,393757,393759,2,9
393748,393758,393760,2,10
393748,393759,393760,1,11
393748,393759,393760,1,11
393748,393759,393760,1,11
393748,393759,393760,1,11
393748,393759,393761,2,11
393748,393759,393760,1,11
393748,393759,393760,1,11
393748,393759,393761,2,11
393748,393759,393761,2,11
393748,393760,393761,1,12
393748,393759,393761,2,11
393748,393760,393762,2,12
393748,393759,393761,2,11
393748,393760,393762,2,12
393748,393761,393762,1,13
393748,393761,393762,1,13
393748,393761,393762,1,13
393748,393761,393762,1,13
393748,393761,393762,1,13
393748,393760,393762,2,12
393748,393760,393762,2,12
393748,393760,393762,2,12
393748,393762,393763,1,14
393748,393761,393763,2,13
393748,393761,393763,2,13
393748,393761,393763,2,13
393748,393761,393763,2,13
393748,393763,393764,1,15
393748,393763,393764,1,15
393748,393763,393764,1,15
393748,393763,393765,2,15
393748,393763,393765,2,15
393748,393762,393765,3,14
393748,393762,393764,2,14
393748,393762,393765,3,14
393748,393762,393765,3,14
393748,393764,393765,1,16
393748,393763,393765,2,15
393748,393763,393765,2,15
393748,393763,393766,3,15
393748,393764,393766,2,16
393748,393764,393766,2,16
393748,393764,393766,2,16
393748,393764,393766,2,16
393748,393765,393766,1,17
393748,393765,393766,1,17
393748,393765,393766,1,17
393748,393765,393767,2,17
393748,393765,393766,1,17
393748,393766,393767,1,18
393748,393765,393767,2,17
393748,393765,393768,3,17
393748,393765,393767,2,17
393748,393765,393768,3,17
393748,393766,393768,2,18
393748,393767,393768,1,19
393748,393767,393769,2,19
393748,393767,393768,1,19
393748,393767,393768,1,19
393748,393767,393768,1,19
393748,393766,393769,3,18
393748,393766,393768,2,18
393748,393766,393769,3,18
393748,393768,393769,1,20
393748,393767,393769,2,19
393748,393766,393769,3,18
393748,393768,393770,2,20
393748,393767,393770,3,19
393748,393769,393770,1,21
393748,393768,393770,2,20
393748,393768,393771,3,20
393748,393768,393771,3,20
393748,393768,393771,3,20
390177,390203,393825,3622,26
393825,393825,393826,1,0
393825,393825,393827,2,0
393825,393825,393827,2,0
393825,393825,393827,2,0
393825,393825,393827,2,0
393825,393825,393827,2,0
393825,393825,393827,2,0
393825,393825,393828,3,0
393825,393825,393828,3,0
393825,393825,393828,3,0
393825,393825,393828,3,0
393825,393825,393828,3,0
393825,393825,393828,3,0
393825,393825,393828,3,0
393825,393825,393828,3,0
393825,393825,393828,3,0
393825,393827,393828,1,2
393825,393825,393828,3,0
393825,393827,393829,2,2
393825,393827,393829,2,2
393825,393827,393829,2,2
393825,393827,393828,1,2
393825,393827,393829,2,2
393825,393827,393829,2,2
393825,393828,393830,2,3
393825,393828,393830,2,3
393825,393828,393830,2,3
393825,393828,393830,2,3
393825,393828,393830,2,3
393825,393828,393830,2,3
393825,393829,393830,1,4
393825,393829,393831,2,4
393825,393829,393831,2,4
393825,393829,393830,1,4
393825,393829,393831,2,4
393825,393829,393831,2,4
393825,393829,393831,2,4
393825,393829,393831,2,4
393825,393828,393831,3,3
393825,393828,393831,3,3
393825,393828,393831,3,3
393825,393831,393832,1,6
393825,393830,393833,3,5
393825,393831,393833,2,6
393825,393831,393833,2,6
393825,393831,393832,1,6
393825,393831,393833,2,6
393825,393831,393833,2,6
393825,393830,393833,3,5
393825,393830,393833,3,5
393825,393831,393833,2,6
393825,393831,393833,2,6
393825,393830,393833,3,5
393825,393830,393833,3,5
393825,393832,393833,1,7
393825,393830,393833,3,5
393825,393833,393834,1,8
393825,393831,393834,3,6
393825,393832,393834,2,7
393825,393833,393835,2,8
393825,393833,393835,2,8
393825,393833,393835,2,8
393825,393834,393835,1,9
393825,393834,393835,1,9
393825,393834,393835,1,9
393825,393834,393835,1,9
393825,393834,393835,1,9
393825,393834,393836,2,9
393825,393833,393836,3,8
393825,393834,393836,2,9
393825,393834,393836,2,9
393825,393834,393836,2,9
393825,393834,393836,2,9
393825,393834,393836,2,9
393825,393835,393836,1,10
393825,393835,393837,2,10
393825,393836,393837,1,11
393825,393836,393837,1,11
393825,393836,393837,1,11
393825,393836,393837,1,11
393825,393836,393837,1,11
393825,393836,393838,2,11
393825,393836,393838,2,11
393825,393835,393838,3,10
393825,393836,393838,2,11
393825,393837,393838,1,12
393825,393836,393838,2,11
393825,393837,393839,2,12
393825,393837,393838,1,12
393825,393838,393839,1,13
393825,393838,393839,1,13
393825,393838,393839,1,13
393825,393838,393839,1,13
393825,393837,393840,3,12
393825,393837,393839,2,12
393825,393838,393839,1,13
393825,393837,393839,2,12
393825,393837,393839,2,12
393825,393838,393840,2,13
393825,393838,393840,2,13
393825,393838,393841,3,13
393825,393839,393841,2,14
393825,393840,393841,1,15
393825,393839,393841,2,14
393825,393840,393841,1,15
393825,393840,393841,1,15
393825,393840,393841,1,15
393825,393840,393842,2,15
393825,393839,393841,2,14
393825,393839,393842,3,14
393825,393839,393841,2,14
393825,393840,393842,2,15
393825,393840,393842,2,15
393825,393840,393842,2,15
393825,393840,393842,2,15
393825,393840,393842,2,15
393825,393842,393843,1,17
393825,393842,393843,1,17
393825,393842,393843,1,17
393825,393841,393843,2,16
393825,393842,393843,1,17
393825,393843,393844,1,18
393825,393842,393844,2,17
393825,393842,393844,2,17
393825,393842,393844,2,17
393825,393842,393844,2,17
393825,393842,393845,3,17
393825,393842,393844,2,17
393825,393842,393844,2,17
393825,393844,393846,2,19
393825,393843,393845,2,18
393825,393843,393845,2,18
393825,393844,393845,1,19
393825,393844,393845,1,19
393825,393843,393845,2,18
393825,393843,393846,3,18
393825,393844,393846,2,19
393825,393845,393846,1,20
393825,393845,393846,1,20
393825,393844,393847,3,19
393825,393845,393847,2,20
393825,393845,393847,2,20
393825,393846,393847,1,21
393825,393845,393847,2,20
393825,393845,393848,3,20
393825,393845,393847,2,20
393825,393846,393848,2,21
393825,393846,393848,2,21
393825,393845,393848,3,20
393825,393846,393850,4,21
390186,390228,393942,3714,42
393943,393943,393946,3,0
393943,393943,393945,2,0
393943,393943,393946,3,0
393943,393943,393946,3,0
393943,393943,393946,3,0
393943,393943,393946,3,0
393943,393943,393946,3,0
393943,393943,393946,3,0
393943,393943,393946,3,0
393943,393943,393946,3,0
393943,393943,393947,4,0
393943,393943,393946,3,0
393943,393943,393946,3,0
393943,393943,393947,4,0
393943,393943,393947,4,0
393943,393943,393947,4,0
393943,393946,393947,1,3
393943,393946,393947,1,3
393943,393946,393947,1,3
393943,393946,393947,1,3
393943,393943,393947,4,0
393943,393946,393948,2,3
393943,393946,393948,2,3
393943,393946,393948,2,3
393943,393946,393948,2,3
393943,393946,393948,2,3
393943,393947,393949,2,4
393943,393948,393949,1,5
393943,393948,393949,1,5
393943,393947,393949,2,4
393943,393947,393949,2,4
393943,393948,393949,1,5
393943,393948,393949,1,5
393943,393947,393949,2,4
393943,393947,393949,2,4
393943,393947,393949,2,4
393943,393947,393950,3,4
393943,393948,393950,2,5
393943,393948,393950,2,5
393943,393948,393950,2,5
393943,393948,393951,3,5
393943,393949,393952,3,6
393943,393949,393952,3,6
393943,393949,393952,3,6
393943,393950,393953,3,7
393943,393950,393952,2,7
393943,393950,393952,2,7
393943,393950,393953,3,7
393943,393950,393953,3,7
393943,393950,393953,3,7
393943,393950,393954,4,7
393943,393950,393954,4,7
393943,393950,393953,3,7
393943,393951,393953,2,8
393943,393950,393953,3,7
393943,393950,393954,4,7
393943,393950,393954,4,7
393943,393952,393954,2,9
393943,393953,393954,1,10
393943,393953,393954,1,10
393943,393954,393955,1,11
393943,393952,393955,3,9
393943,393952,393954,2,9
393943,393952,393955,3,9
393943,393953,393954,1,10
393943,393953,393955,2,10
393943,393954,393955,1,11
393943,393955,393956,1,12
393943,393954,393956,2,11
393943,393954,393956,2,11
393943,393954,393956,2,11
393943,393955,393956,1,12
393943,393955,393956,1,12
393943,393954,393957,3,11
393943,393954,393957,3,11
393943,393955,393957,2,12
393943,393954,393956,2,11
393943,393954,393957,3,11
393943,393955,393957,2,12
393943,393954,393957,3,11
393943,393955,393957,2,12
393943,393955,393957,2,12
393943,393955,393957,2,12
393943,393956,393958,2,13
393943,393956,393957,1,13
393943,393956,393958,2,13
393943,393957,393958,1,14
393943,393957,393958,1,14
393943,393956,393959,3,13
393943,393956,393959,3,13
393943,393958,393960,2,15
393943,393957,393959,2,14
393943,393957,393960,3,14
393943,393957,393960,3,14
393943,393957,393960,3,14
393943,393958,393960,2,15
393943,393959,393961,2,16
393943,393958,393961,3,15
393943,393958,393961,3,15
393943,393957,393961,4,14
393943,393957,393961,4,14
393943,393957,393961,4,14
393943,393957,393960,3,14
393943,393958,393961,3,15
393943,393959,393961,2,16
393943,393959,393962,3,16
393943,393960,393962,2,17
393943,393960,393962,2,17
393943,393961,393963,2,18
393943,393961,393963,2,18
393943,393960,393962,2,17
393943,393960,393963,3,17
393943,393961,393963,2,18
393943,393961,393963,2,18
393943,393962,393964,2,19
393943,393961,393964,3,18
393943,393960,393964,4,17
393943,393962,393964,2,19
393943,393961,393964,3,18
393943,393962,393965,3,19
393943,393963,393964,1,20
393943,393963,393965,2,20
393943,393963,393965,2,20
393943,393963,393965,2,20
393943,393963,393965,2,20
393943,393961,393965,4,18
393943,393962,393965,3,19
393943,393963,393965,2,20
393943,393963,393965,2,20
393943,393964,393966,2,21
393943,393963,393966,3,20
393943,393963,393966,3,20
393943,393965,393967,2,22
393943,393965,393967,2,22
393943,393965,393967,2,22
393943,393965,393967,2,22
393943,393965,393967,2,22
393943,393965,393967,2,22
393943,393965,393967,2,22
393943,393965,393967,2,22
393943,393965,393967,2,22
393943,393965,393967,2,22
393943,393966,393968,2,23
393943,393966,393968,2,23
393943,393966,393968,2,23
393943,393966,393968,2,23
393943,393966,393969,3,23
393943,393967,393970,3,24
393943,393966,393970,4,23
393943,393966,393971,5,23
390777,390797,394508,3711,20
394509,394509,394511,2,0
394509,394509,394510,1,0
394509,394509,394511,2,0
394509,394509,394510,1,0
394509,394509,394510,1,0
394509,394509,394511,2,0
394509,394509,394511,2,0
394509,394509,394512,3,0
394509,394509,394511,2,0
394509,394509,394512,3,0
394509,394509,394511,2,0
394509,394509,394512,3,0
394509,394509,394511,2,0
394509,394509,394513,4,0
394509,394509,394512,3,0
394509,394509,394512,3,0
394509,394509,394512,3,0
394509,394511,394514,3,2
394509,394511,394513,2,2
394509,394511,394514,3,2
394509,394511,394513,2,2
394509,394511,394514,3,2
394509,394511,394514,3,2
394509,394511,394514,3,2
394509,394512,394515,3,3
394509,394512,394515,3,3
394509,394512,394515,3,3
394509,394512,394515,3,3
394509,394512,394515,3,3
394509,394513,394515,2,4
394509,394512,394515,3,3
394509,394513,394515,2,4
394509,394514,394516,2,5
394509,394514,394516,2,5
394509,394514,394516,2,5
394509,394514,394516,2,5
394509,394514,394516,2,5
394509,394514,394516,2,5
394509,394513,394516,3,4
394509,394513,394516,3,4
394509,394514,394517,3,5
394509,394515,394517,2,6
394509,394516,394518,2,7
394509,394516,394518,2,7
394509,394516,394518,2,7
394509,394516,394518,2,7
394509,394515,394518,3,6
394509,394516,394518,2,7
394509,394516,394518,2,7
394509,394515,394518,3,6
394509,394515,394518,3,6
394509,394515,394518,3,6
394509,394515,394517,2,6
394509,394515,394518,3,6
394509,394515,394518,3,6
394509,394518,394519,1,9
394509,394518,394519,1,9
394509,394516,394518,2,7
394509,394517,394519,2,8
394509,394516,394519,3,7
394509,394518,394519,1,9
394509,394518,394519,1,9
394509,394518,394519,1,9
394509,394518,394519,1,9
394509,394518,394520,2,9
394509,394519,394520,1,10
394509,394518,394520,2,9
394509,394519,394520,1,10
394509,394519,394520,1,10
394509,394519,394520,1,10
394509,394519,394520,1,10
394509,394518,394521,3,9
394509,394519,394521,2,10
394509,394519,394521,2,10
394509,394519,394521,2,10
394509,394520,394521,1,11
394509,394520,394521,1,11
394509,394520,394521,1,11
394509,394520,394522,2,11
394509,394520,394522,2,11
394509,394520,394522,2,11
394509,394521,394522,1,12
394509,394520,394522,2,11
394509,394521,394523,2,12
394509,394521,394523,2,12
394509,394522,394523,1,13
394509,394521,394523,2,12
394509,394521,394523,2,12
394509,394521,394523,2,12
394509,394522,394524,2,13
394509,394523,394524,1,14
394509,394523,394524,1,14
394509,394523,394524,1,14
394509,394522,394524,2,13
394509,394522,394524,2,13
394509,394523,394525,2,14
394509,394521,394525,4,12
394509,394522,394525,3,13
394509,394524,394525,1,15
394509,394523,394525,2,14
394509,394523,394525,2,14
394509,394524,394526,2,15
394509,394523,394525,2,14
394509,394523,394525,2,14
394509,394524,394526,2,15
394509,394525,394526,1,16
394509,394525,394526,1,16
394509,394525,394526,1,16
394509,394524,394526,2,15
394509,394524,394526,2,15
394509,394525,394527,2,16
394509,394526,394527,1,17
394509,394525,394527,2,16
394509,394525,394527,2,16
394509,394526,394529,3,17
394509,394526,394529,3,17
394509,394526,394528,2,17
394509,394526,394528,2,17
394509,394526,394529,3,17
394509,394526,394529,3,17
394509,394526,394529,3,17
394509,394527,394529,2,18
394509,394527,394530,3,18
394509,394527,394530,3,18
394509,394527,394530,3,18
394509,394527,394530,3,18
394509,394528,394530,2,19
394509,394527,394530,3,18
394509,394527,394530,3,18
394509,394528,394530,2,19
394509,394528,394531,3,19
394509,394529,394531,2,20
394509,394530,394531,1,21
394509,394529,394531,2,20
394509,394529,394531,2,20
394509,394529,394531,2,20
394509,394529,394531,2,20
394509,394529,394532,3,20
394509,394531,394532,1,22
394509,394531,394532,1,22
394509,394531,394532,1,22
394509,394531,394532,1,22
394509,394529,394532,3,20
394509,394531,394532,1,22
394509,394531,394533,2,22
394509,394531,394533,2,22
394509,394531,394533,2,22
394509,394531,394533,2,22
394509,394532,394536,4,23
394509,394532,394535,3,23
391044,391085,394547,3462,41
394548,394548,394550,2,0
394548,394548,394550,2,0
394548,394548,394550,2,0
394548,394548,394550,2,0
394548,394548,394550,2,0
394548,394548,394550,2,0
394548,394548,394550,2,0
394548,394548,394551,3,0
394548,394548,394550,2,0
394548,394548,394551,3,0
394548,394548,394551,3,0
394548,394550,394552,2,2
394548,394548,394552,4,0
394548,394548,394552,4,0
394548,394548,394552,4,0
394548,394548,394552,4,0
394548,394550,394553,3,2
394548,394550,394553,3,2
394548,394550,394553,3,2
394548,394550,394554,4,2
394548,394550,394554,4,2
394548,394550,394554,4,2
394548,394553,394555,2,5
394548,394554,394556,2,6
394548,394551,394555,4,3
394548,394551,394555,4,3
394548,394553,394555,2,5
394548,394552,394555,3,4
394548,394552,394555,3,4
394548,394555,394556,1,7
394548,394555,394556,1,7
394548,394553,394556,3,5
394548,394555,394556,1,7
394548,394554,394556,2,6
394548,394553,394556,3,5
394548,394553,394556,3,5
394548,394556,394557,1,8
394548,394556,394557,1,8
394548,394553,394557,4,5
394548,394556,394557,1,8
394548,394557,394558,1,9
394548,394557,394558,1,9
394548,394557,394558,1,9
394548,394556,394559,3,8
394548,394557,394558,1,9
394548,394558,394559,1,10
394548,394556,394558,2,8
394548,394556,394558,2,8
394548,394558,394559,1,10
394548,394548,394559,11,0
394548,394548,394559,11,0
394548,394558,394559,1,10
394548,394556,394559,3,8
394548,394557,394559,2,9
394548,394557,394559,2,9
394548,394557,394560,3,9
394548,394559,394561,2,11
394548,394559,394561,2,11
394548,394560,394562,2,12
394548,394559,394561,2,11
394548,394559,394561,2,11
394548,394559,394562,3,11
394548,394558,394561,3,10
394548,394560,394562,2,12
394548,394559,394562,3,11
394548,394559,394563,4,11
394548,394562,394563,1,14
394548,394562,394563,1,14
394548,394562,394563,1,14
394548,394562,394563,1,14
394548,394562,394563,1,14
394548,394559,394563,4,11
394548,394560,394563,3,12
394548,394560,394563,3,12
394548,394560,394563,3,12
394548,394561,394564,3,13
394548,394563,394565,2,15
394548,394563,394564,1,15
394548,394562,394564,2,14
394548,394562,394565,3,14
394548,394560,394566,6,12
394548,394564,394566,2,16
394548,394563,394565,2,15
394548,394565,394566,1,17
394548,394564,394566,2,16
394548,394565,394567,2,17
394548,394564,394566,2,16
394548,394564,394566,2,16
394548,394564,394566,2,16
394548,394564,394566,2,16
394548,394564,394566,2,16
394548,394564,394567,3,16
394548,394566,394567,1,18
394548,394564,394567,3,16
394548,394565,394568,3,17
394548,394564,394567,3,16
394548,394565,394568,3,17
394548,394567,394568,1,19
394548,394560,394568,8,12
394548,394567,394568,1,19
394548,394567,394568,1,19
394548,394567,394568,1,19
394548,394567,394568,1,19
394548,394567,394568,1,19
394548,394566,394568,2,18
394548,394568,394570,2,20
394548,394567,394570,3,19
394548,394567,394570,3,19
394548,394567,394570,3,19
394548,394569,394571,2,21
394548,394568,394571,3,20
394548,394568,394571,3,20
394548,394568,394571,3,20
394548,394568,394571,3,20
394548,394569,394571,2,21
394548,394569,394571,2,21
394548,394570,394572,2,22
394548,394569,394571,2,21
394548,394569,394572,3,21
394548,394569,394572,3,21
394548,394571,394572,1,23
394548,394569,394572,3,21
394548,394570,394573,3,22
394548,394570,394572,2,22
394548,394566,394573,7,18
394548,394572,394573,1,24
394548,394572,394574,2,24
394548,394572,394574,2,24
394548,394572,394574,2,24
394548,394572,394573,1,24
394548,394571,394574,3,23
394548,394570,394573,3,22
394548,394571,394574,3,23
394548,394571,394574,3,23
394548,394573,394575,2,25
394548,394573,394575,2,25
394548,394572,394574,2,24
394548,394571,394574,3,23
394548,394573,394576,3,25
394548,394573,394576,3,25
394548,394574,394577,3,26
394548,394574,394577,3,26
394548,394574,394577,3,26
394548,394574,394577,3,26
394548,394574,394576,2,26
389428,389450,394577,5127,22
394548,394574,394577,3,26
394548,394569,394577,8,21
394578,394578,394579,1,0
394578,394578,394579,1,0
394578,394578,394580,2,0
394578,394578,394579,1,0
394578,394578,394580,2,0
394578,394578,394579,1,0
394578,394578,394579,1,0
394578,394578,394580,2,0
394548,394574,394580,6,26
394578,394578,394580,2,0
394578,394578,394580,2,0
394578,394578,394580,2,0
394578,394578,394581,3,0
394578,394578,394581,3,0
394548,394574,394580,6,26
394578,394580,394581,1,2
394578,394580,394581,1,2
394578,394580,394581,1,2
394578,394580,394581,1,2
394578,394580,394581,1,2
394578,394580,394581,1,2
394578,394580,394582,2,2
394578,394580,394582,2,2
394578,394581,394583,2,3
394578,394581,394583,2,3
394578,394581,394583,2,3
394548,394574,394582,8,26
394578,394581,394583,2,3
394578,394581,394583,2,3
394578,394582,394583,1,4
394578,394582,394583,1,4
394578,394582,394583,1,4
394578,394582,394583,1,4
394578,394582,394584,2,4
391042,391061,394584,3523,19
394578,394582,394584,2,4
394578,394582,394584,2,4
394578,394582,394584,2,4
394578,394583,394585,2,5
394578,394583,394585,2,5
394578,394584,394585,1,6
394578,394584,394586,2,6
394578,394584,394586,2,6
394578,394584,394586,2,6
394578,394584,394586,2,6
394578,394584,394586,2,6
394578,394584,394586,2,6
394578,394584,394586,2,6
394578,394583,394585,2,5
394578,394583,394585,2,5
394578,394583,394586,3,5
394578,394586,394587,1,8
394578,394585,394587,2,7
394578,394585,394587,2,7
394578,394578,394586,8,0
394578,394583,394587,4,5
394578,394586,394587,1,8
394578,394586,394587,1,8
394578,394586,394587,1,8
394578,394586,394587,1,8
394578,394586,394588,2,8
394578,394585,394588,3,7
394578,394586,394588,2,8
394578,394586,394587,1,8
394578,394586,394588,2,8
394578,394587,394588,1,9
394578,394586,394588,2,8
394578,394586,394589,3,8
394578,394587,394589,2,9
394578,394587,394589,2,9
394578,394588,394589,1,10
394578,394588,394590,2,10
394578,394588,394590,2,10
394578,394588,394590,2,10
394578,394588,394590,2,10
394578,394588,394590,2,10
394578,394588,394590,2,10
394578,394588,394590,2,10
394578,394580,394590,10,2
394578,394582,394590,8,4
394578,394588,394590,2,10
394578,394588,394591,3,10
394578,394588,394591,3,10
394578,394589,394591,2,11
394578,394588,394591,3,10
394578,394588,394591,3,10
394578,394590,394591,1,12
394578,394590,394592,2,12
394578,394590,394592,2,12
394578,394590,394592,2,12
394578,394590,394592,2,12
394578,394590,394592,2,12
394578,394590,394592,2,12
394578,394589,394592,3,11
394578,394589,394592,3,11
394578,394590,394592,2,12
394578,394592,394593,1,14
394578,394592,394594,2,14
394578,394592,394594,2,14
394578,394592,394594,2,14
394578,394591,394594,3,13
394578,394591,394594,3,13
394578,394591,394594,3,13
394578,394592,394594,2,14
394578,394593,394594,1,15
394578,394593,394594,1,15
394578,394591,394594,3,13
394578,394591,394594,3,13
394578,394593,394595,2,15
394578,394593,394595,2,15
394578,394593,394595,2,15
394578,394592,394595,3,14
394578,394594,394595,1,16
394578,394594,394596,2,16
394578,394594,394596,2,16
394578,394594,394596,2,16
394578,394595,394596,1,17
394578,394595,394596,1,17
394578,394595,394596,1,17
394578,394595,394597,2,17
394578,394595,394597,2,17
394578,394595,394597,2,17
394578,394595,394597,2,17
394578,394595,394598,3,17
394578,394596,394598,2,18
394578,394596,394598,2,18
394578,394596,394598,2,18
394578,394597,394598,1,19
394578,394597,394598,1,19
394578,394597,394598,1,19
394578,394597,394598,1,19
394578,394596,394598,2,18
394578,394596,394598,2,18
394578,394595,394598,3,17
394578,394591,394599,8,13
394578,394596,394599,3,18
394578,394598,394599,1,20
394578,394597,394599,2,19
394578,394598,394600,2,20
394578,394591,394599,8,13
394578,394598,394600,2,20
394578,394599,394600,1,21
394578,394599,394600,1,21
394578,394599,394600,1,21
394578,394599,394600,1,21
394578,394599,394600,1,21
394578,394599,394600,1,21
394578,394598,394600,2,20
394578,394599,394601,2,21
394578,394599,394601,2,21
394588,394600,394601,1,12
394578,394599,394601,2,21
394588,394600,394602,2,12
394578,394598,394601,3,20
394588,394600,394602,2,12
394588,394601,394602,1,13
394588,394601,394603,2,13
394588,394601,394603,2,13
394588,394601,394603,2,13
394578,394599,394603,4,21
394588,394601,394603,2,13
394588,394603,394604,1,15
394588,394601,394603,2,13
394588,394602,394603,1,14
394588,394603,394604,1,15
394588,394602,394604,2,14
394588,394602,394604,2,14
394588,394602,394604,2,14
394588,394603,394604,1,15
394588,394603,394604,1,15
394588,394602,394604,2,14
394588,394602,394604,2,14
394578,394599,394605,6,21
394588,394604,394605,1,16
394588,394604,394605,1,16
394588,394604,394606,2,16
394588,394602,394605,3,14
394588,394603,394606,3,15
394588,394604,394606,2,16
394588,394605,394606,1,17
394588,394605,394607,2,17
394588,394605,394606,1,17
394588,394605,394606,1,17
394588,394600,394607,7,12
394588,394601,394607,6,13
394588,394606,394607,1,18
394588,394605,394607,2,17
394588,394605,394607,2,17
394588,394605,394607,2,17
394588,394605,394607,2,17
394588,394607,394609,2,19
394588,394606,394608,2,18
394588,394607,394609,2,19
394588,394607,394608,1,19
394588,394606,394608,2,18
394588,394608,394609,1,20
394588,394609,394610,1,21
394588,394607,394609,2,19
394588,394608,394610,2,20
394588,394608,394610,2,20
394588,394606,394609,3,18
394588,394608,394610,2,20
394588,394609,394610,1,21
394588,394609,394610,1,21
394588,394606,394610,4,18
394588,394606,394610,4,18
394588,394609,394610,1,21
394588,394608,394610,2,20
394588,394609,394610,1,21
394588,394610,394611,1,22
394588,394610,394611,1,22
394588,394610,394611,1,22
394588,394610,394612,2,22
394588,394610,394612,2,22
394588,394610,394612,2,22
394588,394610,394612,2,22
394588,394610,394611,1,22
394588,394610,394612,2,22
394588,394610,394613,3,22
394588,394611,394613,2,23
394588,394611,394613,2,23
394588,394611,394614,3,23
394588,394611,394613,2,23
394588,394611,394614,3,23
394588,394613,394614,1,25
394588,394612,394614,2,24
394588,394612,394614,2,24
394588,394612,394615,3,24
394588,394612,394615,3,24
394588,394612,394615,3,24
394588,394613,394615,2,25
394588,394612,394614,2,24
394588,394605,394615,10,17
394588,394608,394615,7,20
394588,394608,394615,7,20
394588,394612,394616,4,24
394588,394614,394616,2,26
394588,394614,394615,1,26
394588,394615,394616,1,27
394588,394614,394616,2,26
394588,394614,394616,2,26
394588,394615,394616,1,27
394588,394615,394616,1,27
394588,394615,394617,2,27
394588,394615,394617,2,27
394588,394614,394617,3,26
394588,394615,394617,2,27
394588,394615,394617,2,27
394588,394615,394617,2,27
394588,394616,394618,2,28
394588,394616,394618,2,28
394588,394617,394618,1,29
394588,394616,394618,2,28
394588,394617,394619,2,29
394588,394617,394620,3,29
394588,394618,394620,2,30
394588,394618,394620,2,30
394588,394619,394620,1,31
394588,394617,394620,3,29
394588,394617,394621,4,29
394588,394617,394621,4,29
394588,394619,394621,2,31
394588,394617,394621,4,29
394588,394618,394621,3,30
394588,394620,394621,1,32
394588,394620,394621,1,32
394588,394618,394622,4,30
394588,394621,394622,1,33
394588,394621,394622,1,33
394588,394621,394622,1,33
394588,394616,394623,7,28
394588,394621,394622,1,33
394588,394621,394623,2,33
394588,394621,394623,2,33
394588,394622,394623,1,34
394588,394616,394624,8,28
394588,394616,394624,8,28
394588,394622,394623,1,34
394588,394621,394624,3,33
394588,394621,394624,3,33
394588,394621,394624,3,33
394588,394623,394625,2,35
394588,394623,394625,2,35
394588,394623,394625,2,35
394588,394623,394625,2,35
394588,394623,394625,2,35
394588,394624,394626,2,36
394588,394625,394626,1,37
394588,394625,394627,2,37
394588,394624,394626,2,36
394588,394625,394627,2,37
394588,394623,394627,4,35
394588,394623,394627,4,35
394588,394626,394627,1,38
394588,394626,394627,1,38
394588,394624,394628,4,36
394588,394624,394628,4,36
394588,394625,394628,3,37
394588,394625,394628,3,37
394588,394625,394628,3,37
394588,394626,394628,2,38
394588,394623,394629,6,35
394588,394624,394628,4,36
394588,394624,394628,4,36
389474,389495,394826,5331,21
394828,394828,394829,1,0
394828,394828,394830,2,0
394828,394828,394831,3,0
394828,394828,394830,2,0
394828,394828,394830,2,0
394828,394828,394830,2,0
394828,394828,394831,3,0
394828,394828,394830,2,0
394828,394828,394830,2,0
394828,394828,394830,2,0
394828,394828,394830,2,0
394828,394828,394830,2,0
394828,394828,394830,2,0
394828,394828,394830,2,0
394828,394828,394831,3,0
394828,394830,394831,1,2
394828,394828,394831,3,0
394828,394828,394831,3,0
394828,394831,394832,1,3
394828,394831,394832,1,3
394828,394831,394832,1,3
394828,394831,394832,1,3
394828,394831,394832,1,3
394828,394831,394832,1,3
394828,394831,394833,2,3
394828,394831,394832,1,3
394828,394831,394833,2,3
394828,394831,394833,2,3
394828,394831,394833,2,3
394828,394832,394833,1,4
394828,394831,394833,2,3
394828,394831,394833,2,3
394828,394831,394833,2,3
394828,394832,394834,2,4
394828,394833,394834,1,5
394828,394832,394834,2,4
394828,394833,394834,1,5
394828,394833,394834,1,5
394828,394833,394834,1,5
394828,394833,394834,1,5
394828,394833,394834,1,5
394828,394833,394834,1,5
394828,394833,394835,2,5
394828,394833,394835,2,5
394828,394834,394835,1,6
394828,394833,394835,2,5
394828,394833,394835,2,5
394828,394835,394836,1,7
394828,394835,394837,2,7
394828,394834,394836,2,6
394828,394835,394837,2,7
394828,394835,394836,1,7
394828,394835,394836,1,7
394828,394835,394836,1,7
394828,394835,394836,1,7
394828,394835,394837,2,7
394828,394834,394837,3,6
394828,394834,394837,3,6
394828,394834,394836,2,6
394828,394835,394836,1,7
394828,394835,394836,1,7
394828,394836,394837,1,8
394828,394836,394837,1,8
394828,394836,394838,2,8
394828,394837,394838,1,9
394828,394837,394838,1,9
394828,394837,394839,2,9
394828,394836,394838,2,8
394828,394837,394839,2,9
394828,394837,394839,2,9
394828,394837,394839,2,9
394828,394838,394839,1,10
394828,394837,394839,2,9
394828,394837,394839,2,9
394828,394837,394839,2,9
394828,394837,394839,2,9
394828,394837,394839,2,9
394828,394837,394840,3,9
394828,394837,394840,3,9
394828,394837,394839,2,9
394828,394839,394841,2,11
394828,394839,394840,1,11
394828,394839,394840,1,11
394828,394838,394840,2,10
394828,394839,394840,1,11
394828,394839,394840,1,11
394828,394839,394841,2,11
394828,394840,394841,1,12
394828,394839,394841,2,11
394828,394840,394843,3,12
394828,394840,394843,3,12
394828,394841,394843,2,13
394828,394841,394843,2,13
394828,394840,394842,2,12
394828,394840,394843,3,12
394828,394840,394842,2,12
394828,394841,394843,2,13
394828,394841,394843,2,13
394828,394841,394843,2,13
394828,394840,394843,3,12
394828,394840,394843,3,12
394828,394840,394843,3,12
394828,394841,394843,2,13
394828,394842,394843,1,14
394828,394841,394843,2,13
394828,394843,394845,2,15
394828,394843,394845,2,15
394828,394842,394845,3,14
394828,394844,394846,2,16
394828,394843,394846,3,15
394828,394843,394846,3,15
394828,394843,394846,3,15
394828,394843,394845,2,15
394828,394843,394846,3,15
394828,394843,394846,3,15
394828,394843,394846,3,15
394828,394843,394846,3,15
394828,394843,394846,3,15
394828,394843,394846,3,15
394828,394843,394846,3,15
394828,394844,394847,3,16
394828,394844,394846,2,16
394828,394845,394847,2,17
394828,394845,394847,2,17
394828,394846,394848,2,18
394828,394845,394848,3,17
394828,394846,394848,2,18
394828,394846,394848,2,18
394828,394846,394848,2,18
394828,394847,394848,1,19
394828,394846,394849,3,18
394828,394846,394849,3,18
394828,394846,394849,3,18
394828,394846,394849,3,18
394828,394846,394848,2,18
394828,394847,394849,2,19
394828,394847,394849,2,19
394828,394846,394849,3,18
394828,394846,394849,3,18
394828,394847,394850,3,19
394828,394846,394850,4,18
394828,394848,394851,3,20
394828,394848,394851,3,20
394828,394848,394851,3,20
394828,394849,394852,3,21
394828,394848,394851,3,20
394828,394848,394852,4,20
394828,394849,394853,4,21
394828,394849,394852,3,21
394828,394849,394852,3,21
389898,389922,394938,5016,24
394938,394938,394941,3,0
394938,394938,394941,3,0
394938,394938,394941,3,0
394938,394938,394941,3,0
394938,394938,394941,3,0
394938,394938,394942,4,0
394938,394938,394942,4,0
394938,394938,394942,4,0
394938,394938,394942,4,0
394938,394939,394942,3,1
394938,394938,394942,4,0
394938,394938,394942,4,0
394938,394938,394942,4,0
394938,394938,394942,4,0
394938,394938,394942,4,0
394938,394942,394943,1,4
394938,394938,394943,5,0
394938,394938,394943,5,0
394938,394942,394943,1,4
394938,394942,394943,1,4
394938,394942,394943,1,4
394938,394942,394944,2,4
394938,394943,394944,1,5
394938,394943,394944,1,5
394938,394943,394944,1,5
394938,394942,394944,2,4
394938,394943,394945,2,5
394938,394944,394945,1,6
394938,394943,394945,2,5
394938,394943,394945,2,5
394938,394944,394945,1,6
394938,394943,394946,3,5
394938,394943,394945,2,5
394938,394944,394945,1,6
394938,394944,394946,2,6
394938,394944,394946,2,6
394938,394943,394945,2,5
394938,394944,394946,2,6
394938,394945,394946,1,7
394938,394946,394947,1,8
394938,394945,394947,2,7
394938,394946,394947,1,8
394938,394946,394947,1,8
394938,394945,394947,2,7
394938,394945,394947,2,7
394938,394946,394947,1,8
394938,394946,394948,2,8
394938,394946,394948,2,8
394938,394946,394948,2,8
394938,394945,394947,2,7
394938,394946,394947,1,8
394938,394946,394948,2,8
394938,394946,394949,3,8
394938,394946,394948,2,8
394938,394948,394949,1,10
394938,394947,394950,3,9
394938,394947,394949,2,9
394938,394947,394949,2,9
394938,394948,394949,1,10
394938,394948,394951,3,10
394938,394948,394950,2,10
394938,394948,394951,3,10
394938,394948,394950,2,10
394938,394948,394951,3,10
394938,394948,394950,2,10
394938,394948,394951,3,10
394938,394948,394951,3,10
394938,394948,394951,3,10
394938,394949,394952,3,11
394938,394949,394952,3,11
394938,394949,394951,2,11
394938,394950,394951,1,12
394938,394950,394952,2,12
394938,394950,394952,2,12
394938,394950,394952,2,12
394938,394950,394952,2,12
394938,394951,394953,2,13
394938,394951,394954,3,13
394938,394951,394953,2,13
394938,394951,394953,2,13
394938,394951,394954,3,13
394938,394951,394954,3,13
394938,394952,394954,2,14
394938,394952,394953,1,14
394938,394952,394954,2,14
394938,394953,394954,1,15
394938,394952,394954,2,14
394938,394951,394954,3,13
394938,394952,394954,2,14
394938,394952,394954,2,14
394938,394952,394955,3,14
394938,394952,394955,3,14
394938,394954,394956,2,16
394938,394953,394955,2,15
394938,394954,394956,2,16
394938,394954,394955,1,16
394938,394954,394955,1,16
394938,394954,394956,2,16
394938,394955,394956,1,17
394938,394954,394956,2,16
394938,394954,394956,2,16
394938,394954,394956,2,16
394938,394954,394956,2,16
394938,394955,394957,2,17
394938,394956,394958,2,18
394938,394955,394958,3,17
394938,394955,394958,3,17
394938,394955,394958,3,17
394938,394955,394958,3,17
394938,394955,394958,3,17
394938,394956,394959,3,18
394938,394957,394959,2,19
394938,394957,394960,3,19
394938,394957,394960,3,19
394938,394956,394959,3,18
394938,394956,394959,3,18
394938,394956,394959,3,18
394938,394956,394959,3,18
394938,394957,394960,3,19
394938,394957,394960,3,19
394938,394958,394961,3,20
394938,394958,394961,3,20
394938,394958,394961,3,20
394938,394958,394961,3,20
394938,394958,394961,3,20
394938,394958,394961,3,20
394938,394958,394962,4,20
394938,394959,394961,2,21
394938,394960,394962,2,22
394938,394960,394962,2,22
394938,394960,394963,3,22
394938,394960,394963,3,22
394938,394960,394962,2,22
394938,394960,394963,3,22
394938,394961,394964,3,23
394938,394961,394964,3,23
394938,394960,394963,3,22
394938,394961,394964,3,23
394938,394961,394964,3,23
394938,394962,394964,2,24
394938,394963,394965,2,25
394938,394961,394964,3,23
394938,394962,394965,3,24
394938,394962,394964,2,24
394938,394963,394965,2,25
394938,394962,394965,3,24
394938,394962,394965,3,24
394938,394963,394966,3,25
394938,394963,394965,2,25
394938,394963,394968,5,25
391462,391483,395020,3537,21
395022,395022,395023,1,0
395022,395022,395023,1,0
395022,395022,395023,1,0
395022,395022,395024,2,0
395022,395022,395024,2,0
395022,395022,395024,2,0
395022,395022,395024,2,0
395022,395022,395024,2,0
395022,395022,395024,2,0
395022,395022,395024,2,0
395022,395022,395024,2,0
395022,395022,395024,2,0
395022,395022,395024,2,0
395022,395022,395024,2,0
395022,395022,395024,2,0
395022,395022,395024,2,0
395022,395022,395024,2,0
395022,395024,395025,1,2
395022,395024,395025,1,2
395022,395024,395025,1,2
395022,395024,395025,1,2
395022,395024,395026,2,2
395022,395024,395026,2,2
395022,395025,395027,2,3
395022,395025,395027,2,3
395022,395024,395026,2,2
395022,395025,395027,2,3
395022,395025,395027,2,3
395022,395025,395027,2,3
395022,395026,395027,1,4
395022,395026,395027,1,4
395022,395026,395028,2,4
395022,395025,395027,2,3
395022,395025,395027,2,3
395022,395025,395028,3,3
395022,395025,395027,2,3
395022,395025,395028,3,3
395022,395026,395028,2,4
395022,395026,395028,2,4
395022,395027,395029,2,5
395022,395026,395028,2,4
395022,395028,395029,1,6
395022,395028,395029,1,6
395022,395028,395029,1,6
395022,395027,395030,3,5
395022,395027,395029,2,5
395022,395027,395029,2,5
395022,395028,395030,2,6
395022,395027,395030,3,5
395022,395028,395030,2,6
395022,395028,395030,2,6
395022,395028,395029,1,6
395022,395030,395031,1,8
395022,395028,395030,2,6
395022,395028,395030,2,6
395022,395027,395030,3,5
395022,395029,395031,2,7
395022,395029,395031,2,7
395022,395029,395031,2,7
395022,395030,395031,1,8
395022,395030,395031,1,8
395022,395030,395032,2,8
395022,395030,395032,2,8
395022,395030,395032,2,8
395022,395030,395032,2,8
395022,395031,395032,1,9
395022,395032,395033,1,10
395022,395031,395033,2,9
395022,395031,395033,2,9
395022,395031,395033,2,9
395022,395030,395032,2,8
395022,395030,395032,2,8
395022,395030,395032,2,8
395022,395030,395032,2,8
395022,395031,395033,2,9
395022,395031,395033,2,9
395022,395032,395033,1,10
395022,395031,395034,3,9
395022,395032,395034,2,10
395022,395033,395034,1,11
395022,395033,395034,1,11
395022,395033,395034,1,11
395022,395033,395034,1,11
395022,395033,395035,2,11
395022,395033,395035,2,11
395022,395032,395035,3,10
395022,395034,395035,1,12
395022,395034,395035,1,12
395022,395034,395036,2,12
395022,395033,395036,3,11
395022,395034,395036,2,12
395022,395033,395036,3,11
395022,395033,395036,3,11
395022,395033,395035,2,11
395022,395033,395036,3,11
395022,395035,395037,2,13
395022,395035,395037,2,13
395022,395035,395036,1,13
395022,395034,395037,3,12
395022,395035,395037,2,13
395022,395036,395037,1,14
395022,395035,395037,2,13
395022,395036,395038,2,14
395022,395035,395037,2,13
395022,395036,395038,2,14
395022,395035,395038,3,13
395022,395037,395039,2,15
395022,395036,395038,2,14
395022,395037,395038,1,15
395022,395037,395039,2,15
395022,395036,395039,3,14
395022,395036,395039,3,14
395022,395036,395038,2,14
395022,395037,395039,2,15
395022,395036,395039,3,14
395022,395038,395040,2,16
395022,395038,395040,2,16
395022,395037,395040,3,15
395022,395036,395040,4,14
395022,395039,395041,2,17
395022,395038,395040,2,16
395022,395039,395041,2,17
395022,395039,395041,2,17
395022,395038,395041,3,16
395022,395038,395040,2,16
395022,395038,395041,3,16
395022,395040,395042,2,18
395022,395039,395042,3,17
395022,395040,395042,2,18
395022,395039,395042,3,17
395022,395039,395042,3,17
395022,395039,395041,2,17
395022,395039,395042,3,17
395022,395040,395042,2,18
395022,395041,395042,1,19
395022,395041,395043,2,19
395022,395041,395043,2,19
395022,395041,395043,2,19
395022,395041,395043,2,19
395022,395040,395043,3,18
395022,395041,395043,2,19
395022,395042,395044,2,20
395022,395042,395044,2,20
395022,395041,395044,3,19
395022,395042,395044,2,20
395022,395042,395045,3,20
395022,395042,395045,3,20
395022,395042,395045,3,20
395022,395043,395045,2,21
395022,395043,395045,2,21
391593,391615,395249,3634,22
395250,395250,395252,2,0
395250,395250,395252,2,0
395250,395250,395252,2,0
395250,395251,395252,1,1
395250,395250,395252,2,0
395250,395250,395252,2,0
395250,395250,395253,3,0
395250,395250,395253,3,0
395250,395250,395253,3,0
395250,395250,395253,3,0
395250,395250,395253,3,0
395250,395251,395253,2,1
395250,395250,395253,3,0
395250,395253,395254,1,3
395250,395250,395253,3,0
395250,395250,395254,4,0
395250,395253,395254,1,3
395250,395253,395254,1,3
395250,395253,395254,1,3
395250,395251,395254,3,1
395250,395253,395254,1,3
395250,395250,395254,4,0
395250,395253,395254,1,3
395250,395253,395255,2,3
395250,395254,395255,1,4
395250,395254,395255,1,4
395250,395255,395256,1,5
395250,395254,395256,2,4
395250,395254,395256,2,4
395250,395254,395256,2,4
395250,395254,395256,2,4
395250,395255,395256,1,5
395250,395255,395256,1,5
395250,395254,395256,2,4
395250,395255,395257,2,5
395250,395255,395257,2,5
395250,395255,395257,2,5
395250,395255,395257,2,5
395250,395255,395257,2,5
395250,395256,395257,1,6
395250,395255,395258,3,5
395250,395257,395259,2,7
395250,395256,395258,2,6
395250,395257,395258,1,7
395250,395257,395258,1,7
395250,395256,395259,3,6
395250,395258,395259,1,8
395250,395257,395259,2,7
395250,395257,395259,2,7
395250,395257,395259,2,7
395250,395258,395259,1,8
395250,395258,395259,1,8
395250,395258,395259,1,8
395250,395258,395259,1,8
395250,395257,395259,2,7
395250,395258,395260,2,8
395250,395259,395260,1,9
395250,395259,395260,1,9
395250,395257,395260,3,7
395250,395259,395260,1,9
395250,395259,395260,1,9
395250,395258,395260,2,8
395250,395260,395262,2,10
390109,390129,395262,5133,20
395250,395260,395262,2,10
395250,395259,395261,2,9
395250,395260,395262,2,10
395250,395260,395262,2,10
395250,395260,395262,2,10
395250,395261,395262,1,11
395250,395261,395262,1,11
395250,395260,395262,2,10
395250,395261,395262,1,11
395250,395260,395262,2,10
395250,395260,395262,2,10
395250,395261,395262,1,11
395250,395261,395262,1,11
395250,395260,395262,2,10
395250,395261,395263,2,11
395250,395262,395263,1,12
395250,395262,395263,1,12
395250,395262,395263,1,12
395250,395261,395263,2,11
395250,395262,395264,2,12
395250,395262,395264,2,12
395250,395263,395264,1,13
395250,395262,395264,2,12
395250,395263,395265,2,13
395250,395263,395265,2,13
395250,395262,395264,2,12
395250,395263,395265,2,13
395250,395263,395265,2,13
395250,395263,395265,2,13
395250,395263,395265,2,13
395250,395263,395265,2,13
395250,395264,395266,2,14
395250,395264,395265,1,14
395250,395264,395265,1,14
395250,395264,395266,2,14
395250,395263,395266,3,13
395250,395265,395266,1,15
395250,395265,395267,2,15
395250,395265,395267,2,15
395250,395264,395266,2,14
395250,395264,395266,2,14
395250,395265,395267,2,15
395250,395266,395268,2,16
395250,395265,395267,2,15
395250,395266,395268,2,16
395250,395266,395268,2,16
395250,395266,395267,1,16
395250,395266,395268,2,16
395250,395265,395268,3,15
395250,395266,395268,2,16
395250,395267,395268,1,17
395250,395266,395269,3,16
395250,395266,395268,2,16
395250,395267,395268,1,17
395250,395267,395269,2,17
395250,395266,395268,2,16
395250,395268,395270,2,18
395250,395268,395269,1,18
395250,395268,395270,2,18
395250,395268,395270,2,18
395250,395266,395269,3,16
395250,395267,395270,3,17
395250,395267,395270,3,17
395250,395268,395270,2,18
395250,395268,395270,2,18
395250,395268,395270,2,18
395250,395269,395270,1,19
395250,395269,395271,2,19
395250,395269,395271,2,19
395250,395268,395271,3,18
395250,395269,395271,2,19
395250,395269,395271,2,19
395250,395269,395271,2,19
395250,395270,395272,2,20
395250,395270,395272,2,20
395250,395270,395272,2,20
395250,395269,395272,3,19
395250,395271,395273,2,21
395250,395270,395272,2,20
395250,395271,395273,2,21
395250,395271,395273,2,21
395250,395270,395273,3,20
395250,395270,395273,3,20
395250,395270,395273,3,20
395250,395270,395272,2,20
395250,395270,395273,3,20
395250,395271,395273,2,21
395263,395272,395273,1,9
395263,395272,395274,2,9
395263,395272,395274,2,9
395263,395272,395273,1,9
395263,395272,395273,1,9
395263,395272,395274,2,9
395263,395272,395274,2,9
395263,395273,395274,1,10
395263,395273,395275,2,10
395263,395273,395275,2,10
395263,395273,395275,2,10
395263,395273,395275,2,10
395263,395273,395275,2,10
395263,395274,395275,1,11
395263,395274,395276,2,11
395263,395274,395275,1,11
395263,395274,395276,2,11
395263,395273,395276,3,10
395263,395273,395275,2,10
395263,395274,395276,2,11
395263,395274,395276,2,11
395263,395275,395276,1,12
395263,395275,395276,1,12
395263,395275,395277,2,12
395263,395274,395276,2,11
395263,395275,395277,2,12
395263,395275,395277,2,12
395263,395275,395277,2,12
395263,395276,395278,2,13
395263,395275,395277,2,12
395263,395277,395279,2,14
395263,395276,395278,2,13
395263,395277,395279,2,14
395263,395277,395279,2,14
395263,395276,395278,2,13
395263,395276,395279,3,13
395263,395276,395279,3,13
395263,395276,395279,3,13
395263,395277,395279,2,14
395263,395277,395279,2,14
395263,395278,395280,2,15
395263,395279,395280,1,16
395263,395276,395280,4,13
395263,395277,395280,3,14
395263,395278,395280,2,15
395263,395278,395280,2,15
395263,395279,395280,1,16
395263,395278,395280,2,15
395263,395279,395280,1,16
395263,395279,395281,2,16
395263,395279,395281,2,16
395263,395280,395281,1,17
395263,395280,395281,1,17
395263,395273,395281,8,10
395263,395279,395281,2,16
395263,395280,395281,1,17
395263,395280,395282,2,17
395263,395280,395283,3,17
395263,395281,395283,2,18
395263,395279,395283,4,16
395263,395280,395283,3,17
395263,395280,395283,3,17
395263,395280,395283,3,17
395263,395281,395283,2,18
395263,395281,395284,3,18
395263,395281,395283,2,18
395263,395281,395284,3,18
395263,395281,395284,3,18
395263,395281,395284,3,18
395263,395281,395284,3,18
395263,395282,395285,3,19
395263,395283,395285,2,20
395263,395281,395285,4,18
395263,395282,395285,3,19
395263,395284,395286,2,21
395263,395284,395286,2,21
395263,395283,395286,3,20
395263,395284,395286,2,21
395263,395284,395286,2,21
395263,395283,395286,3,20
395263,395285,395286,1,22
395263,395285,395286,1,22
395263,395284,395286,2,21
395263,395284,395286,2,21
395263,395286,395287,1,23
395263,395284,395287,3,21
395263,395284,395287,3,21
395263,395286,395287,1,23
395263,395285,395287,2,22
395263,395286,395288,2,23
395263,395286,395288,2,23
395263,395286,395288,2,23
395263,395287,395288,1,24
395263,395287,395288,1,24
395263,395287,395288,1,24
395263,395286,395289,3,23
395263,395286,395289,3,23
395263,395287,395289,2,24
395263,395287,395289,2,24
395263,395287,395289,2,24
395263,395288,395290,2,25
395263,395288,395291,3,25
395263,395288,395291,3,25
395263,395288,395291,3,25
395263,395281,395291,10,18
395263,395289,395291,2,26
395263,395289,395291,2,26
395263,395289,395291,2,26
395263,395288,395291,3,25
395263,395288,395291,3,25
395263,395288,395291,3,25
395263,395288,395291,3,25
395263,395291,395293,2,28
395263,395290,395293,3,27
395263,395291,395293,2,28
395263,395290,395293,3,27
395263,395290,395293,3,27
395263,395292,395293,1,29
395263,395292,395294,2,29
395263,395290,395293,3,27
395263,395290,395293,3,27
395263,395291,395293,2,28
395263,395293,395294,1,30
395263,395292,395295,3,29
395263,395292,395294,2,29
395263,395291,395294,3,28
395263,395292,395294,2,29
395263,395292,395295,3,29
395263,395293,395295,2,30
395263,395294,395295,1,31
395263,395294,395295,1,31
395263,395292,395295,3,29
395263,395293,395295,2,30
395263,395295,395296,1,32
395263,395294,395296,2,31
395263,395294,395296,2,31
395263,395294,395297,3,31
395263,395295,395296,1,32
395263,395295,395297,2,32
395263,395294,395296,2,31
395263,395295,395297,2,32
395263,395296,395297,1,33
395263,395295,395297,2,32
395263,395296,395298,2,33
395263,395295,395297,2,32
395263,395295,395297,2,32
395263,395296,395298,2,33
395263,395296,395299,3,33
395263,395296,395300,4,33
395263,395292,395300,8,29
390887,390912,396049,5137,25
396051,396051,396052,1,0
396051,396051,396052,1,0
396051,396051,396052,1,0
396051,396051,396052,1,0
396051,396051,396053,2,0
396051,396051,396053,2,0
396051,396051,396053,2,0
396051,396051,396053,2,0
396051,396051,396053,2,0
396051,396051,396054,3,0
396051,396051,396054,3,0
396051,396051,396053,2,0
396051,396051,396054,3,0
396051,396051,396053,2,0
396051,396051,396053,2,0
396051,396051,396053,2,0
396051,396051,396053,2,0
396051,396053,396054,1,2
396051,396053,396055,2,2
396051,396053,396055,2,2
396051,396053,396054,1,2
396051,396053,396054,1,2
396051,396053,396055,2,2
396051,396053,396055,2,2
396051,396054,396056,2,3
396051,396054,396056,2,3
396051,396054,396056,2,3
396051,396054,396056,2,3
396051,396055,396057,2,4
396051,396055,396057,2,4
396051,396054,396056,2,3
396051,396054,396056,2,3
396051,396054,396057,3,3
396051,396054,396057,3,3
396051,396054,396057,3,3
396051,396054,396057,3,3
396051,396055,396057,2,4
396051,396055,396057,2,4
396051,396055,396057,2,4
396051,396055,396058,3,4
396051,396055,396058,3,4
396051,396057,396059,2,6
396051,396057,396059,2,6
396051,396057,396059,2,6
396051,396057,396059,2,6
396051,396057,396059,2,6
396051,396056,396059,3,5
396051,396056,396059,3,5
396051,396058,396059,1,7
396051,396058,396059,1,7
396051,396058,396059,1,7
396051,396058,396059,1,7
396051,396057,396059,2,6
396051,396057,396060,3,6
396051,396057,396060,3,6
396051,396057,396060,3,6
396051,396057,396060,3,6
396051,396058,396060,2,7
396051,396059,396060,1,8
396051,396059,396060,1,8
396051,396059,396061,2,8
396051,396059,396061,2,8
396051,396059,396061,2,8
396051,396059,396061,2,8
396051,396059,396061,2,8
396051,396060,396062,2,9
396051,396059,396062,3,8
396051,396060,396062,2,9
396051,396060,396063,3,9
396051,396060,396063,3,9
396051,396061,396063,2,10
396051,396061,396063,2,10
396051,396061,396063,2,10
396051,396060,396062,2,9
396051,396060,396063,3,9
396051,396061,396063,2,10
396051,396061,396063,2,10
396051,396062,396063,1,11
396051,396062,396063,1,11
396051,396060,396063,3,9
396051,396060,396064,4,9
396051,396061,396064,3,10
396051,396062,396064,2,11
396051,396063,396064,1,12
396051,396063,396064,1,12
396051,396063,396065,2,12
396051,396063,396065,2,12
396051,396064,396065,1,13
396051,396064,396065,1,13
396051,396064,396065,1,13
396051,396063,396066,3,12
396051,396063,396066,3,12
396051,396063,396066,3,12
396051,396064,396066,2,13
396051,396064,396066,2,13
396051,396064,396066,2,13
396051,396065,396066,1,14
396051,396064,396066,2,13
396051,396065,396066,1,14
396051,396065,396067,2,14
396051,396064,396067,3,13
396051,396064,396067,3,13
396051,396065,396067,2,14
396051,396065,396067,2,14
396051,396066,396067,1,15
396051,396066,396067,1,15
396051,396066,396068,2,15
396051,396067,396068,1,16
396051,396067,396068,1,16
396051,396067,396069,2,16
396051,396066,396069,3,15
396051,396066,396069,3,15
396051,396066,396069,3,15
396051,396066,396069,3,15
396051,396068,396069,1,17
396051,396068,396069,1,17
396051,396067,396069,2,16
396051,396068,396069,1,17
396051,396067,396069,2,16
396051,396067,396069,2,16
396051,396068,396070,2,17
396051,396068,396069,1,17
396051,396067,396070,3,16
396051,396067,396070,3,16
396051,396069,396071,2,18
396051,396069,396071,2,18
396051,396070,396071,1,19
396051,396070,396071,1,19
396051,396069,396071,2,18
396051,396070,396071,1,19
396051,396069,396072,3,18
396051,396070,396072,2,19
396051,396070,396072,2,19
396051,396070,396072,2,19
396051,396070,396072,2,19
396051,396071,396072,1,20
396051,396070,396073,3,19
396051,396070,396073,3,19
396051,396070,396073,3,19
396051,396070,396073,3,19
396051,396071,396073,2,20
396051,396071,396074,3,20
396051,396072,396073,1,21
396051,396072,396073,1,21
396051,396072,396073,1,21
396051,396073,396074,1,22
396051,396071,396074,3,20
396051,396072,396074,2,21
396051,396073,396075,2,22
396051,396072,396075,3,21
391316,391336,396436,5100,20
396438,396438,396440,2,0
396438,396438,396440,2,0
396438,396438,396440,2,0
396438,396438,396442,4,0
396438,396438,396441,3,0
396438,396438,396441,3,0
396438,396438,396441,3,0
396438,396438,396441,3,0
396438,396438,396442,4,0
396438,396438,396441,3,0
396438,396438,396441,3,0
396438,396438,396442,4,0
396438,396438,396442,4,0
396438,396438,396441,3,0
396438,396438,396441,3,0
396438,396441,396442,1,3
396438,396438,396442,4,0
396438,396438,396442,4,0
396438,396441,396442,1,3
396438,396441,396442,1,3
396438,396442,396444,2,4
396438,396442,396444,2,4
396438,396442,396444,2,4
396438,396442,396443,1,4
396438,396442,396443,1,4
396438,396442,396444,2,4
396438,396442,396444,2,4
396438,396442,396444,2,4
396438,396443,396444,1,5
396438,396442,396444,2,4
396438,396443,396444,1,5
396438,396442,396444,2,4
396438,396442,396445,3,4
396438,396442,396445,3,4
396438,396443,396445,2,5
396438,396443,396446,3,5
396438,396443,396446,3,5
396438,396444,396446,2,6
396438,396445,396447,2,7
396438,396444,396447,3,6
396438,396444,396448,4,6
396438,396444,396447,3,6
396438,396445,396447,2,7
396438,396444,396447,3,6
396438,396444,396448,4,6
396438,396444,396448,4,6
396438,396444,396448,4,6
396438,396446,396448,2,8
396438,396445,396448,3,7
396438,396446,396450,4,8
396438,396445,396449,4,7
396438,396448,396450,2,10
396438,396447,396449,2,9
396438,396448,396451,3,10
396438,396448,396451,3,10
396438,396446,396450,4,8
396438,396447,396450,3,9
396438,396447,396450,3,9
396438,396448,396451,3,10
396438,396448,396451,3,10
396438,396449,396452,3,11
396438,396448,396452,4,10
396438,396449,396452,3,11
396438,396450,396453,3,12
396438,396450,396453,3,12
396438,396448,396452,4,10
396438,396448,396452,4,10
396438,396449,396453,4,11
396438,396451,396453,2,13
396438,396450,396453,3,12
396438,396451,396454,3,13
396438,396451,396454,3,13
396438,396450,396454,4,12
396438,396451,396453,2,13
396438,396452,396454,2,14
396438,396451,396454,3,13
396438,396454,396455,1,16
396438,396451,396454,3,13
396438,396451,396454,3,13
396438,396453,396455,2,15
396438,396453,396455,2,15
396438,396453,396455,2,15
396438,396453,396455,2,15
396438,396453,396455,2,15
396438,396453,396455,2,15
396438,396454,396456,2,16
396438,396453,396455,2,15
396438,396454,396456,2,16
396438,396454,396456,2,16
396438,396455,396457,2,17
396438,396454,396456,2,16
396438,396454,396457,3,16
396438,396454,396456,2,16
396438,396455,396457,2,17
396438,396455,396457,2,17
396438,396454,396456,2,16
396438,396455,396458,3,17
396438,396455,396458,3,17
396438,396456,396458,2,18
396438,396455,396458,3,17
396438,396456,396458,2,18
396438,396456,396458,2,18
396438,396455,396458,3,17
396438,396455,396458,3,17
396438,396455,396458,3,17
396438,396456,396458,2,18
396438,396457,396458,1,19
396438,396457,396459,2,19
396438,396457,396459,2,19
396438,396457,396459,2,19
396438,396457,396460,3,19
396438,396458,396460,2,20
396438,396458,396460,2,20
396438,396457,396460,3,19
396438,396458,396460,2,20
396438,396458,396460,2,20
396438,396459,396461,2,21
396438,396458,396461,3,20
396438,396457,396461,4,19
396438,396458,396461,3,20
396438,396459,396461,2,21
396438,396458,396461,3,20
396438,396458,396461,3,20
396438,396458,396461,3,20
396438,396458,396461,3,20
396438,396460,396461,1,22
396438,396459,396462,3,21
396438,396460,396462,2,22
396438,396460,396462,2,22
396438,396461,396462,1,23
396438,396461,396462,1,23
396438,396460,396462,2,22
396438,396461,396463,2,23
396438,396461,396463,2,23
396438,396460,396463,3,22
396438,396460,396463,3,22
396438,396462,396463,1,24
396438,396461,396463,2,23
396438,396461,396464,3,23
396438,396461,396464,3,23
396438,396462,396464,2,24
396438,396461,396464,3,23
396438,396462,396464,2,24
396438,396462,396464,2,24
396438,396462,396464,2,24
396438,396463,396464,1,25
396438,396463,396465,2,25
396438,396462,396465,3,24
396438,396463,396465,2,25
396438,396463,396466,3,25
392981,393007,396576,3569,26
396577,396577,396579,2,0
396577,396577,396579,2,0
396577,396577,396579,2,0
396577,396577,396579,2,0
396577,396577,396579,2,0
396577,396577,396579,2,0
396577,396577,396579,2,0
396577,396577,396579,2,0
396577,396577,396579,2,0
396577,396577,396579,2,0
396577,396577,396579,2,0
396577,396577,396580,3,0
396577,396577,396580,3,0
396577,396577,396580,3,0
396577,396577,396580,3,0
396577,396579,396581,2,2
396577,396579,396581,2,2
396577,396579,396581,2,2
396577,396579,396581,2,2
396577,396579,396581,2,2
396577,396579,396581,2,2
396577,396579,396581,2,2
396577,396579,396581,2,2
396577,396579,396581,2,2
396577,396579,396582,3,2
396577,396579,396582,3,2
396577,396581,396583,2,4
396577,396581,396584,3,4
396577,396581,396584,3,4
396577,396582,396584,2,5
396577,396582,396584,2,5
396577,396582,396585,3,5
396577,396582,396585,3,5
396577,396582,396584,2,5
396577,396582,396584,2,5
396577,396582,396584,2,5
396577,396580,396583,3,3
396577,396580,396584,4,3
396577,396582,396585,3,5
396577,396583,396585,2,6
396577,396585,396586,1,8
396577,396583,396585,2,6
396577,396584,396586,2,7
396577,396584,396586,2,7
396577,396585,396586,1,8
396577,396586,396587,1,9
396577,396585,396586,1,8
396577,396585,396586,1,8
396577,396585,396586,1,8
396577,396585,396586,1,8
396577,396585,396586,1,8
396577,396585,396587,2,8
396577,396585,396587,2,8
396577,396584,396587,3,7
396577,396586,396587,1,9
396577,396586,396587,1,9
396577,396587,396588,1,10
396577,396587,396588,1,10
396577,396586,396587,1,9
396577,396586,396587,1,9
396577,396587,396588,1,10
396577,396587,396588,1,10
396577,396587,396588,1,10
396577,396587,396588,1,10
396577,396587,396588,1,10
396577,396587,396588,1,10
396577,396587,396589,2,10
396577,396588,396589,1,11
396577,396588,396589,1,11
396577,396588,396590,2,11
396577,396588,396589,1,11
396577,396588,396589,1,11
396577,396589,396590,1,12
396577,396588,396590,2,11
396577,396588,396590,2,11
396577,396587,396589,2,10
396577,396589,396590,1,12
396577,396589,396590,1,12
396577,396589,396590,1,12
396577,396589,396590,1,12
396577,396589,396591,2,12
396577,396590,396592,2,13
396577,396590,396591,1,13
396577,396590,396591,1,13
396577,396590,396591,1,13
396577,396590,396592,2,13
396577,396590,396592,2,13
396577,396589,396592,3,12
396577,396591,396592,1,14
396577,396590,396592,2,13
396577,396590,396592,2,13
396577,396591,396592,1,14
396577,396591,396592,1,14
396577,396590,396593,3,13
396577,396592,396593,1,15
396577,396592,396594,2,15
396577,396592,396593,1,15
396577,396591,396594,3,14
396577,396591,396593,2,14
396577,396592,396594,2,15
396577,396593,396594,1,16
396577,396592,396594,2,15
396577,396592,396595,3,15
396577,396593,396594,1,16
396577,396593,396594,1,16
396577,396592,396594,2,15
396577,396593,396595,2,16
396577,396593,396595,2,16
396577,396594,396595,1,17
396577,396594,396596,2,17
396577,396594,396596,2,17
396577,396594,396596,2,17
396577,396595,396596,1,18
396577,396594,396596,2,17
396577,396595,396597,2,18
396577,396595,396596,1,18
396577,396594,396596,2,17
396577,396594,396596,2,17
396577,396595,396597,2,18
396577,396595,396597,2,18
396577,396595,396597,2,18
396577,396596,396597,1,19
396577,396596,396598,2,19
396577,396596,396598,2,19
396577,396596,396598,2,19
396577,396597,396598,1,20
396577,396596,396598,2,19
396577,396596,396598,2,19
396577,396596,396598,2,19
396577,396596,396599,3,19
396577,396597,396599,2,20
396577,396597,396599,2,20
396577,396597,396599,2,20
396577,396598,396599,1,21
396577,396598,396600,2,21
396577,396598,396600,2,21
396577,396597,396599,2,20
396577,396597,396599,2,20
396577,396597,396599,2,20
396577,396599,396600,1,22
396577,396598,396600,2,21
396577,396598,396600,2,21
396577,396599,396601,2,22
396577,396599,396601,2,22
396577,396598,396600,2,21
396577,396599,396601,2,22
396577,396599,396601,2,22
396577,396599,396601,2,22
396577,396599,396602,3,22
396577,396600,396603,3,23
391656,391682,396655,4973,26
396655,396656,396657,1,1
396655,396656,396657,1,1
396655,396656,396657,1,1
396655,396656,396658,2,1
396655,396656,396658,2,1
396655,396656,396658,2,1
396655,396656,396658,2,1
396655,396656,396658,2,1
396655,396656,396659,3,1
396655,396656,396659,3,1
396655,396656,396659,3,1
396655,396656,396659,3,1
396655,396656,396659,3,1
396655,396656,396659,3,1
396655,396656,396659,3,1
396655,396658,396660,2,3
396655,396658,396660,2,3
396655,396659,396661,2,4
396655,396658,396660,2,3
396655,396659,396661,2,4
396655,396659,396660,1,4
396655,396659,396660,1,4
396655,396659,396660,1,4
396655,396659,396661,2,4
396655,396659,396661,2,4
396655,396660,396661,1,5
396655,396660,396662,2,5
396655,396660,396662,2,5
396655,396661,396662,1,6
396655,396661,396662,1,6
396655,396661,396663,2,6
396655,396660,396662,2,5
396655,396660,396662,2,5
396655,396660,396662,2,5
396655,396660,396662,2,5
396655,396661,396663,2,6
396655,396661,396663,2,6
396655,396661,396663,2,6
396655,396661,396663,2,6
396655,396661,396663,2,6
396655,396661,396663,2,6
396655,396661,396663,2,6
396655,396663,396664,1,8
396655,396663,396664,1,8
396655,396662,396664,2,7
396655,396663,396664,1,8
396655,396663,396665,2,8
396655,396662,396664,2,7
396655,396663,396665,2,8
396655,396663,396665,2,8
396655,396663,396664,1,8
396655,396663,396665,2,8
396655,396665,396666,1,10
396655,396664,396666,2,9
396655,396664,396665,1,9
396655,396664,396665,1,9
396655,396664,396665,1,9
396655,396664,396666,2,9
396655,396664,396666,2,9
396655,396664,396666,2,9
396655,396665,396666,1,10
396655,396665,396667,2,10
396655,396665,396666,1,10
396655,396665,396667,2,10
396655,396665,396667,2,10
396655,396665,396667,2,10
396655,396666,396668,2,11
396655,396666,396667,1,11
396655,396666,396667,1,11
396655,396665,396667,2,10
396655,396666,396668,2,11
396655,396666,396668,2,11
396655,396666,396667,1,11
396655,396666,396667,1,11
396655,396665,396668,3,10
396655,396667,396668,1,12
396655,396667,396668,1,12
396655,396667,396668,1,12
396655,396667,396669,2,12
396655,396667,396668,1,12
396655,396667,396669,2,12
396655,396667,396669,2,12
396655,396667,396669,2,12
396655,396668,396669,1,13
396655,396668,396670,2,13
396655,396668,396670,2,13
396655,396668,396670,2,13
396655,396668,396670,2,13
396655,396669,396670,1,14
396655,396668,396670,2,13
396655,396668,396671,3,13
396655,396668,396670,2,13
396655,396668,396670,2,13
396655,396669,396671,2,14
396655,396669,396671,2,14
396655,396669,396672,3,14
396655,396670,396672,2,15
396655,396669,396671,2,14
396655,396670,396672,2,15
396655,396669,396671,2,14
396655,396669,396671,2,14
396655,396669,396671,2,14
396655,396670,396672,2,15
396655,396671,396672,1,16
396655,396670,396673,3,15
396655,396672,396673,1,17
396655,396672,396674,2,17
396655,396671,396674,3,16
396655,396671,396674,3,16
396655,396671,396673,2,16
396655,396672,396674,2,17
396655,396671,396674,3,16
396655,396672,396674,2,17
396655,396672,396674,2,17
396655,396673,396674,1,18
396655,396672,396674,2,17
396655,396671,396674,3,16
396655,396672,396674,2,17
396655,396672,396674,2,17
396655,396672,396675,3,17
396655,396674,396675,1,19
396655,396673,396675,2,18
396655,396674,396675,1,19
396655,396674,396676,2,19
396655,396673,396675,2,18
396655,396675,396677,2,20
396655,396674,396677,3,19
396655,396674,396677,3,19
396655,396674,396676,2,19
396655,396675,396677,2,20
396655,396675,396677,2,20
396655,396675,396678,3,20
396655,396675,396677,2,20
396655,396675,396678,3,20
396655,396675,396677,2,20
396655,396675,396677,2,20
396655,396675,396678,3,20
396655,396676,396679,3,21
396655,396676,396679,3,21
396655,396676,396678,2,21
396655,396676,396680,4,21
396655,396678,396680,2,23
396655,396676,396679,3,21
396655,396678,396680,2,23
396655,396677,396680,3,22
396655,396677,396680,3,22
396655,396677,396679,2,22
396655,396677,396680,3,22
396655,396678,396680,2,23
396655,396678,396681,3,23
393486,393535,397041,3506,49
397042,397042,397044,2,0
397042,397042,397044,2,0
397042,397042,397044,2,0
397042,397042,397045,3,0
397042,397042,397045,3,0
397042,397042,397045,3,0
397042,397042,397045,3,0
397042,397042,397045,3,0
397042,397042,397045,3,0
397042,397042,397045,3,0
397042,397042,397045,3,0
397042,397042,397045,3,0
397042,397042,397045,3,0
397042,397042,397045,3,0
397042,397042,397045,3,0
397042,397044,397046,2,2
397042,397042,397046,4,0
397042,397042,397045,3,0
397042,397045,397047,2,3
397042,397045,397047,2,3
397042,397045,397047,2,3
397042,397045,397046,1,3
397042,397045,397047,2,3
397042,397045,397047,2,3
397042,397046,397048,2,4
397042,397045,397048,3,3
397042,397045,397048,3,3
397042,397045,397048,3,3
397042,397045,397048,3,3
397042,397045,397048,3,3
397042,397045,397048,3,3
397042,397045,397048,3,3
397042,397045,397049,4,3
397042,397046,397050,4,4
397042,397047,397050,3,5
397042,397046,397050,4,4
397042,397048,397050,2,6
397042,397048,397051,3,6
397042,397048,397051,3,6
397042,397048,397051,3,6
397042,397047,397051,4,5
397042,397047,397051,4,5
397042,397049,397051,2,7
397042,397049,397051,2,7
397042,397049,397051,2,7
397042,397049,397051,2,7
397042,397049,397051,2,7
397042,397049,397051,2,7
397042,397050,397051,1,8
397042,397051,397052,1,9
397042,397052,397053,1,10
397042,397049,397052,3,7
397042,397051,397053,2,9
397042,397051,397053,2,9
397042,397051,397053,2,9
397042,397052,397053,1,10
397042,397052,397053,1,10
397042,397052,397053,1,10
397042,397052,397054,2,10
397042,397052,397054,2,10
397042,397052,397053,1,10
397042,397052,397053,1,10
397042,397052,397054,2,10
397042,397052,397055,3,10
397042,397052,397055,3,10
397042,397052,397055,3,10
397042,397053,397056,3,11
397042,397054,397056,2,12
397042,397054,397056,2,12
397042,397053,397056,3,11
397042,397054,397056,2,12
397042,397053,397056,3,11
397042,397054,397056,2,12
397042,397054,397056,2,12
397042,397054,397056,2,12
397042,397053,397056,3,11
397042,397054,397057,3,12
397042,397054,397056,2,12
397042,397054,397057,3,12
397042,397054,397057,3,12
397042,397056,397058,2,14
397042,397056,397058,2,14
397042,397057,397058,1,15
397042,397057,397058,1,15
397042,397057,397059,2,15
397042,397055,397058,3,13
397042,397057,397058,1,15
397042,397057,397058,1,15
397042,397056,397058,2,14
397042,397057,397059,2,15
397042,397057,397059,2,15
397042,397057,397059,2,15
397042,397057,397059,2,15
397042,397057,397059,2,15
397042,397057,397059,2,15
397042,397057,397059,2,15
397042,397059,397060,1,17
397042,397059,397061,2,17
397042,397059,397061,2,17
397042,397059,397061,2,17
397042,397058,397061,3,16
397042,397059,397061,2,17
397042,397059,397061,2,17
397042,397058,397061,3,16
397042,397060,397062,2,18
397042,397060,397061,1,18
397042,397058,397061,3,16
397042,397059,397062,3,17
397042,397060,397062,2,18
397042,397061,397062,1,19
397042,397061,397062,1,19
397042,397060,397062,2,18
397042,397060,397062,2,18
397042,397060,397063,3,18
397042,397061,397062,1,19
397042,397061,397062,1,19
397042,397061,397063,2,19
397042,397060,397063,3,18
397042,397062,397064,2,20
397042,397062,397064,2,20
397042,397062,397063,1,20
397042,397062,397064,2,20
397042,397062,397064,2,20
397042,397063,397064,1,21
397042,397062,397065,3,20
397042,397063,397065,2,21
397042,397062,397065,3,20
397042,397062,397065,3,20
397042,397063,397066,3,21
397042,397064,397066,2,22
397042,397063,397066,3,21
397042,397063,397065,2,21
397042,397064,397066,2,22
397042,397063,397065,2,21
397042,397063,397065,2,21
397042,397064,397065,1,22
397042,397063,397066,3,21
397042,397064,397066,2,22
397042,397065,397066,1,23
397042,397065,397066,1,23
397042,397064,397066,2,22
397042,397064,397067,3,22
397042,397065,397067,2,23
397042,397066,397068,2,24
397042,397065,397067,2,23
397042,397066,397069,3,24
397042,397066,397068,2,24
397042,397066,397068,2,24
397042,397066,397068,2,24
397042,397066,397069,3,24
393487,393535,397131,3596,48
397131,397131,397133,2,0
397131,397131,397133,2,0
397131,397131,397133,2,0
397131,397131,397133,2,0
397131,397131,397133,2,0
397131,397131,397133,2,0
397131,397132,397133,1,1
397131,397132,397133,1,1
397131,397132,397134,2,1
397131,397131,397134,3,0
397131,397131,397134,3,0
397131,397131,397134,3,0
397131,397131,397134,3,0
397131,397131,397134,3,0
397131,397131,397134,3,0
397131,397131,397133,2,0
397131,397131,397134,3,0
397131,397133,397135,2,2
397131,397133,397135,2,2
397131,397134,397135,1,3
397131,397134,397135,1,3
397131,397134,397136,2,3
397131,397134,397135,1,3
397131,397134,397136,2,3
397131,397134,397136,2,3
397131,397135,397137,2,4
397131,397134,397137,3,3
397131,397135,397137,2,4
397131,397135,397137,2,4
397131,397135,397138,3,4
397131,397136,397138,2,5
397131,397135,397137,2,4
397131,397135,397137,2,4
397131,397136,397138,2,5
397131,397136,397138,2,5
397131,397135,397138,3,4
397131,397135,397138,3,4
397131,397136,397138,2,5
397131,397135,397138,3,4
397131,397137,397139,2,6
397131,397136,397138,2,5
397131,397138,397139,1,7
397131,397137,397139,2,6
397131,397138,397139,1,7
397131,397138,397139,1,7
397131,397138,397139,1,7
397131,397138,397139,1,7
397131,397138,397139,1,7
397131,397138,397139,1,7
397131,397138,397140,2,7
397131,397138,397140,2,7
397131,397139,397140,1,8
397131,397139,397140,1,8
397131,397139,397140,1,8
397131,397139,397141,2,8
397131,397139,397141,2,8
397131,397140,397141,1,9
397131,397139,397141,2,8
397131,397139,397141,2,8
397131,397140,397142,2,9
397131,397140,397142,2,9
397131,397140,397141,1,9
397131,397140,397142,2,9
397131,397140,397142,2,9
397131,397140,397142,2,9
397131,397141,397142,1,10
397131,397140,397142,2,9
397131,397141,397142,1,10
397131,397141,397143,2,10
397131,397141,397142,1,10
397131,397141,397143,2,10
397131,397141,397143,2,10
397131,397142,397143,1,11
397131,397141,397143,2,10
397131,397142,397144,2,11
397131,397142,397144,2,11
397131,397143,397144,1,12
397131,397142,397144,2,11
397131,397142,397144,2,11
397131,397142,397144,2,11
397131,397143,397145,2,12
397131,397143,397144,1,12
397131,397142,397144,2,11
397131,397142,397144,2,11
397131,397143,397145,2,12
397131,397142,397145,3,11
397131,397144,397146,2,13
397131,397143,397146,3,12
397131,397143,397145,2,12
397131,397144,397146,2,13
397131,397144,397146,2,13
397131,397144,397146,2,13
397131,397145,397146,1,14
397131,397144,397146,2,13
397131,397145,397147,2,14
397131,397145,397148,3,14
397131,397145,397147,2,14
397131,397146,397148,2,15
397131,397145,397148,3,14
397131,397145,397148,3,14
397131,397145,397148,3,14
397131,397146,397148,2,15
397131,397146,397148,2,15
397131,397147,397148,1,16
397131,397147,397148,1,16
397131,397145,397149,4,14
397131,397146,397149,3,15
397131,397145,397148,3,14
397131,397147,397149,2,16
397131,397147,397149,2,16
397131,397147,397149,2,16
397131,397148,397150,2,17
397131,397148,397150,2,17
397131,397148,397150,2,17
397131,397148,397149,1,17
397131,397148,397150,2,17
397131,397148,397150,2,17
397131,397149,397150,1,18
397131,397149,397150,1,18
397131,397148,397150,2,17
397131,397148,397151,3,17
397131,397148,397151,3,17
397131,397149,397151,2,18
397131,397149,397152,3,18
397131,397149,397151,2,18
397131,397150,397152,2,19
397131,397150,397152,2,19
397131,397150,397152,2,19
397131,397150,397152,2,19
397131,397151,397152,1,20
397131,397150,397152,2,19
397131,397149,397153,4,18
397131,397150,397153,3,19
397131,397150,397153,3,19
397131,397151,397153,2,20
397131,397150,397153,3,19
397131,397151,397153,2,20
397131,397151,397154,3,20
397131,397151,397154,3,20
397131,397152,397154,2,21
397131,397152,397155,3,21
397131,397152,397154,2,21
397131,397152,397155,3,21
397131,397153,397155,2,22
397131,397153,397155,2,22
397131,397152,397155,3,21
397131,397153,397156,3,22
397131,397153,397156,3,22
397131,397153,397157,4,22
397131,397152,397157,5,21
393749,393769,397344,3575,20
397345,397345,397346,1,0
397345,397345,397346,1,0
397345,397345,397346,1,0
397345,397345,397346,1,0
397345,397345,397346,1,0
397345,397345,397346,1,0
397345,397345,397347,2,0
397345,397345,397347,2,0
397345,397345,397347,2,0
397345,397345,397347,2,0
397345,397345,397347,2,0
397345,397345,397347,2,0
397345,397345,397347,2,0
397345,397345,397347,2,0
397345,397345,397347,2,0
397345,397345,397347,2,0
397345,397345,397347,2,0
397345,397347,397348,1,2
397345,397347,397348,1,2
397345,397347,397348,1,2
397345,397347,397348,1,2
397345,397347,397348,1,2
397345,397347,397348,1,2
397345,397348,397350,2,3
397345,397348,397350,2,3
397345,397348,397350,2,3
397345,397349,397350,1,4
397345,397348,397350,2,3
397345,397348,397350,2,3
397345,397348,397350,2,3
397345,397348,397350,2,3
397345,397349,397350,1,4
397345,397348,397351,3,3
397345,397348,397351,3,3
397345,397348,397351,3,3
397345,397349,397350,1,4
397345,397349,397351,2,4
397345,397349,397350,1,4
397345,397351,397352,1,6
397345,397349,397351,2,4
397345,397348,397351,3,3
397345,397351,397352,1,6
397345,397351,397353,2,6
397345,397351,397353,2,6
397345,397351,397353,2,6
397345,397351,397352,1,6
397345,397351,397352,1,6
397345,397351,397352,1,6
397345,397352,397353,1,7
397345,397351,397353,2,6
397345,397351,397353,2,6
397345,397351,397354,3,6
397345,397351,397353,2,6
397345,397353,397354,1,8
397345,397352,397353,1,7
397345,397351,397353,2,6
397345,397351,397353,2,6
397345,397351,397353,2,6
397345,397352,397354,2,7
397345,397353,397355,2,8
397345,397353,397354,1,8
397345,397353,397354,1,8
397345,397353,397354,1,8
397345,397353,397354,1,8
397345,397353,397354,1,8
397345,397354,397356,2,9
397345,397354,397355,1,9
397345,397354,397355,1,9
397345,397353,397355,2,8
397345,397354,397356,2,9
397345,397354,397356,2,9
397345,397354,397357,3,9
397345,397354,397356,2,9
397345,397355,397357,2,10
397345,397355,397357,2,10
397345,397355,397357,2,10
397345,397355,397356,1,10
397345,397355,397357,2,10
397345,397355,397356,1,10
397345,397354,397356,2,9
397345,397354,397356,2,9
397345,397354,397357,3,9
397345,397356,397357,1,11
393826,393846,397358,3512,20
397345,397356,397357,1,11
397345,397356,397358,2,11
397345,397356,397358,2,11
397345,397357,397359,2,12
397345,397357,397359,2,12
397345,397357,397359,2,12
397345,397357,397358,1,12
397345,397357,397358,1,12
397345,397357,397360,3,12
397345,397358,397359,1,13
397345,397357,397360,3,12
397345,397358,397359,1,13
397345,397358,397360,2,13
397345,397357,397359,2,12
397345,397356,397359,3,11
397345,397357,397360,3,12
397345,397357,397359,2,12
397345,397357,397360,3,12
397345,397357,397360,3,12
397345,397358,397360,2,13
397345,397359,397361,2,14
397345,397359,397361,2,14
397345,397359,397361,2,14
397345,397359,397361,2,14
397345,397359,397361,2,14
397345,397359,397362,3,14
397345,397360,397361,1,15
397345,397360,397362,2,15
397345,397360,397362,2,15
397345,397360,397362,2,15
397345,397360,397362,2,15
397345,397360,397362,2,15
397345,397361,397363,2,16
397345,397361,397363,2,16
397345,397361,397363,2,16
397345,397360,397363,3,15
397345,397360,397363,3,15
397345,397360,397363,3,15
397345,397361,397363,2,16
397345,397361,397362,1,16
397345,397362,397364,2,17
397345,397361,397364,3,16
397345,397362,397364,2,17
397345,397362,397364,2,17
397345,397361,397364,3,16
397345,397360,397363,3,15
397345,397362,397365,3,17
397345,397363,397365,2,18
397345,397363,397365,2,18
397345,397362,397364,2,17
397345,397363,397365,2,18
397345,397363,397365,2,18
397345,397363,397366,3,18
397345,397364,397366,2,19
397345,397363,397365,2,18
397345,397364,397366,2,19
397345,397364,397366,2,19
397345,397363,397365,2,18
397345,397363,397365,2,18
397345,397363,397366,3,18
397345,397363,397366,3,18
397345,397364,397366,2,19
397345,397364,397367,3,19
397345,397365,397367,2,20
397345,397364,397367,3,19
397359,397366,397367,1,7
397359,397366,397367,1,7
397359,397366,397367,1,7
397359,397366,397367,1,7
397359,397366,397368,2,7
397345,397365,397368,3,20
397345,397365,397368,3,20
397359,397366,397368,2,7
397359,397366,397368,2,7
397359,397367,397369,2,8
397359,397366,397368,2,7
397359,397366,397368,2,7
397359,397366,397369,3,7
397359,397366,397369,3,7
397359,397368,397369,1,9
397359,397368,397369,1,9
397359,397368,397369,1,9
397359,397367,397369,2,8
397359,397368,397369,1,9
397359,397368,397369,1,9
397359,397368,397370,2,9
397359,397369,397371,2,10
397359,397369,397371,2,10
397359,397370,397371,1,11
397359,397370,397372,2,11
397359,397369,397371,2,10
397359,397369,397371,2,10
397359,397370,397372,2,11
397359,397370,397372,2,11
397359,397370,397372,2,11
397359,397366,397372,6,7
397359,397370,397372,2,11
397359,397370,397372,2,11
397359,397370,397372,2,11
397359,397370,397372,2,11
397359,397370,397373,3,11
397359,397370,397372,2,11
397359,397372,397373,1,13
397359,397372,397373,1,13
397359,397372,397374,2,13
397359,397371,397374,3,12
397359,397372,397374,2,13
397359,397373,397374,1,14
397359,397372,397374,2,13
397359,397373,397374,1,14
397359,397374,397375,1,15
397359,397372,397374,2,13
397359,397374,397375,1,15
397359,397373,397375,2,14
397359,397373,397375,2,14
397359,397373,397375,2,14
397359,397373,397375,2,14
397359,397373,397375,2,14
397359,397374,397375,1,15
397359,397375,397376,1,16
397359,397374,397376,2,15
397359,397374,397376,2,15
397359,397375,397376,1,16
397359,397375,397376,1,16
397359,397367,397376,9,8
397359,397372,397376,4,13
397359,397374,397377,3,15
397359,397377,397378,1,18
397359,397376,397377,1,17
397359,397376,397377,1,17
397359,397375,397378,3,16
397359,397375,397377,2,16
397359,397376,397378,2,17
397359,397377,397378,1,18
397359,397377,397378,1,18
397359,397376,397378,2,17
397359,397376,397379,3,17
397359,397376,397379,3,17
397359,397376,397379,3,17
397359,397375,397379,4,16
397359,397378,397379,1,19
397359,397378,397379,1,19
397359,397378,397379,1,19
397359,397377,397379,2,18
397359,397378,397379,1,19
397359,397377,397380,3,18
397359,397379,397380,1,20
397359,397379,397380,1,20
397359,397379,397380,1,20
397359,397378,397380,2,19
397359,397380,397382,2,21
397359,397379,397382,3,20
397359,397379,397382,3,20
397359,397379,397382,3,20
397359,397380,397382,2,21
397359,397380,397382,2,21
397359,397380,397382,2,21
397359,397379,397382,3,20
397359,397381,397382,1,22
397359,397381,397382,1,22
397359,397381,397382,1,22
397359,397379,397382,3,20
397359,397373,397382,9,14
397359,397380,397383,3,21
397359,397380,397383,3,21
397359,397382,397384,2,23
397359,397382,397384,2,23
397359,397382,397383,1,23
397359,397381,397383,2,22
397359,397382,397384,2,23
397359,397383,397384,1,24
397359,397383,397384,1,24
397359,397383,397384,1,24
397359,397382,397385,3,23
397359,397382,397384,2,23
397359,397382,397385,3,23
397359,397384,397386,2,25
397359,397384,397386,2,25
397359,397384,397386,2,25
397359,397384,397386,2,25
397359,397377,397386,9,18
397359,397383,397386,3,24
397359,397384,397386,2,25
397359,397385,397386,1,26
397359,397385,397386,1,26
397359,397385,397386,1,26
397359,397383,397386,3,24
397359,397383,397386,3,24
397359,397384,397387,3,25
397359,397386,397388,2,27
397359,397386,397388,2,27
397359,397385,397388,3,26
397359,397385,397387,2,26
397359,397385,397388,3,26
397359,397386,397388,2,27
397359,397387,397388,1,28
397359,397387,397388,1,28
397359,397386,397388,2,27
397359,397387,397389,2,28
397359,397387,397389,2,28
397359,397387,397389,2,28
397359,397388,397390,2,29
397359,397388,397390,2,29
397359,397387,397390,3,28
397359,397387,397390,3,28
397359,397387,397390,3,28
397359,397388,397390,2,29
397359,397389,397390,1,30
397359,397389,397391,2,30
397359,397389,397390,1,30
397359,397388,397391,3,29
397359,397388,397390,2,29
397359,397388,397391,3,29
397359,397383,397392,9,24
397359,397386,397392,6,27
397359,397390,397393,3,31
397359,397390,397393,3,31
393945,393967,397668,3701,22
397669,397669,397671,2,0
397669,397669,397671,2,0
397669,397669,397671,2,0
397669,397669,397671,2,0
397669,397669,397671,2,0
397669,397669,397671,2,0
397669,397669,397672,3,0
397669,397669,397671,2,0
397669,397669,397672,3,0
397669,397669,397672,3,0
397669,397669,397672,3,0
397669,397669,397672,3,0
397669,397669,397672,3,0
397669,397669,397672,3,0
397669,397671,397672,1,2
397669,397669,397672,3,0
397669,397669,397672,3,0
397669,397669,397672,3,0
397669,397672,397673,1,3
397669,397672,397673,1,3
397669,397672,397673,1,3
397669,397672,397673,1,3
397669,397672,397673,1,3
397669,397672,397674,2,3
397669,397672,397673,1,3
397669,397672,397674,2,3
397669,397673,397675,2,4
397669,397673,397675,2,4
397669,397673,397676,3,4
397669,397673,397675,2,4
397669,397673,397675,2,4
397669,397673,397675,2,4
397669,397673,397676,3,4
397669,397673,397676,3,4
397669,397674,397677,3,5
397669,397674,397677,3,5
397669,397674,397676,2,5
397669,397673,397676,3,4
397669,397674,397677,3,5
397669,397674,397677,3,5
397669,397674,397677,3,5
397669,397674,397677,3,5
397669,397676,397678,2,7
397669,397676,397677,1,7
397669,397675,397677,2,6
397669,397676,397678,2,7
397669,397676,397678,2,7
397669,397676,397678,2,7
397669,397676,397678,2,7
397669,397677,397678,1,8
397669,397677,397678,1,8
397669,397676,397678,2,7
397669,397677,397678,1,8
397669,397676,397678,2,7
397669,397677,397679,2,8
397669,397678,397679,1,9
397669,397678,397679,1,9
397669,397678,397679,1,9
397669,397678,397681,3,9
397669,397679,397682,3,10
397669,397678,397681,3,9
397669,397678,397681,3,9
397669,397678,397682,4,9
397669,397678,397681,3,9
397669,397679,397683,4,10
397669,397679,397683,4,10
397669,397679,397682,3,10
397669,397680,397683,3,11
397669,397679,397682,3,10
397669,397680,397683,3,11
397669,397679,397683,4,10
397669,397682,397684,2,13
397669,397680,397683,3,11
397669,397681,397683,2,12
397669,397679,397683,4,10
397669,397679,397683,4,10
397669,397683,397684,1,14
397669,397679,397684,5,10
397669,397682,397684,2,13
397669,397682,397684,2,13
397669,397683,397685,2,14
397669,397683,397685,2,14
397669,397683,397685,2,14
397669,397682,397685,3,13
397669,397682,397685,3,13
397669,397683,397685,2,14
397669,397684,397686,2,15
397669,397683,397686,3,14
397669,397684,397687,3,15
397669,397684,397686,2,15
397669,397684,397686,2,15
397669,397684,397687,3,15
397669,397685,397688,3,16
397669,397685,397688,3,16
397669,397685,397688,3,16
397669,397684,397687,3,15
397669,397685,397689,4,16
397669,397685,397689,4,16
397669,397687,397689,2,18
397669,397685,397688,3,16
397669,397686,397688,2,17
397669,397687,397689,2,18
397669,397685,397689,4,16
397669,397685,397689,4,16
397669,397686,397690,4,17
397669,397687,397689,2,18
397669,397688,397689,1,19
397669,397685,397690,5,16
397669,397688,397690,2,19
397669,397688,397690,2,19
397669,397687,397690,3,18
397669,397687,397690,3,18
397669,397689,397691,2,20
397669,397689,397691,2,20
397669,397689,397691,2,20
397669,397689,397691,2,20
397669,397688,397691,3,19
397669,397690,397692,2,21
397669,397689,397692,3,20
397669,397689,397692,3,20
397669,397689,397692,3,20
397669,397689,397692,3,20
397669,397690,397693,3,21
397669,397690,397693,3,21
397669,397690,397693,3,21
397669,397690,397693,3,21
397669,397691,397693,2,22
397669,397691,397693,2,22
397669,397690,397693,3,21
397669,397691,397694,3,22
397669,397692,397694,2,23
397669,397691,397693,2,22
397669,397691,397694,3,22
397669,397691,397694,3,22
397669,397690,397694,4,21
397669,397692,397695,3,23
397669,397693,397695,2,24
397669,397693,397695,2,24
397669,397693,397695,2,24
397669,397692,397695,3,23
397669,397693,397696,3,24
397669,397693,397695,2,24
397669,397694,397696,2,25
397669,397692,397695,3,23
397669,397694,397696,2,25
397669,397693,397696,3,24
397669,397694,397696,2,25
397669,397692,397696,4,23
397669,397693,397696,3,24
397669,397694,397697,3,25
394579,394600,398136,3536,21
398137,398138,398139,1,1
398137,398138,398140,2,1
398137,398138,398140,2,1
398137,398138,398140,2,1
398137,398138,398140,2,1
398137,398138,398140,2,1
398137,398138,398140,2,1
398137,398138,398140,2,1
398137,398138,398140,2,1
398137,398138,398140,2,1
398137,398138,398140,2,1
398137,398138,398141,3,1
398137,398138,398141,3,1
398137,398138,398141,3,1
398137,398138,398141,3,1
398137,398138,398141,3,1
398137,398138,398141,3,1
398137,398140,398141,1,3
398137,398141,398142,1,4
398137,398141,398142,1,4
398137,398141,398142,1,4
398137,398141,398142,1,4
398137,398141,398142,1,4
398137,398141,398142,1,4
398137,398141,398142,1,4
398137,398141,398143,2,4
398137,398141,398143,2,4
398137,398142,398144,2,5
398137,398141,398144,3,4
398137,398142,398144,2,5
398137,398143,398144,1,6
398137,398143,398144,1,6
398137,398143,398145,2,6
398137,398142,398144,2,5
398137,398143,398145,2,6
398137,398143,398144,1,6
398137,398143,398145,2,6
398137,398142,398145,3,5
398137,398142,398145,3,5
398137,398142,398145,3,5
398137,398142,398145,3,5
398137,398143,398145,2,6
398137,398144,398146,2,7
398137,398145,398146,1,8
398137,398144,398146,2,7
398137,398145,398146,1,8
398137,398145,398146,1,8
398137,398145,398146,1,8
398137,398145,398146,1,8
398137,398145,398146,1,8
398137,398146,398147,1,9
398137,398145,398147,2,8
398137,398145,398147,2,8
398137,398146,398147,1,9
398137,398146,398147,1,9
398137,398145,398148,3,8
398137,398147,398148,1,10
398137,398146,398148,2,9
398137,398146,398148,2,9
398137,398146,398148,2,9
398137,398147,398148,1,10
398137,398147,398148,1,10
398137,398147,398148,1,10
398137,398147,398148,1,10
398137,398147,398148,1,10
398137,398148,398149,1,11
398137,398147,398149,2,10
398137,398147,398149,2,10
398137,398148,398150,2,11
398137,398148,398150,2,11
398137,398148,398150,2,11
398137,398149,398150,1,12
398137,398148,398150,2,11
398137,398149,398151,2,12
398137,398149,398150,1,12
398137,398149,398151,2,12
398137,398149,398151,2,12
398137,398149,398150,1,12
398137,398149,398151,2,12
398137,398150,398151,1,13
398137,398149,398151,2,12
398137,398149,398151,2,12
398137,398149,398152,3,12
398137,398150,398152,2,13
398137,398150,398152,2,13
398137,398151,398153,2,14
398137,398150,398153,3,13
398137,398151,398153,2,14
398137,398151,398153,2,14
398137,398151,398153,2,14
398137,398151,398153,2,14
398137,398151,398154,3,14
398137,398151,398153,2,14
398137,398152,398154,2,15
398137,398152,398154,2,15
398137,398152,398154,2,15
398137,398153,398155,2,16
398137,398151,398154,3,14
398137,398152,398154,2,15
398137,398151,398154,3,14
398137,398152,398154,2,15
398137,398152,398154,2,15
398137,398153,398155,2,16
398137,398153,398155,2,16
398137,398153,398155,2,16
398137,398153,398155,2,16
398137,398153,398155,2,16
398137,398154,398156,2,17
398137,398154,398156,2,17
398137,398155,398156,1,18
398137,398155,398157,2,18
398137,398154,398156,2,17
398137,398153,398156,3,16
398137,398155,398157,2,18
398137,398155,398157,2,18
398137,398155,398157,2,18
398137,398155,398157,2,18
398137,398155,398158,3,18
398137,398155,398158,3,18
398137,398155,398157,2,18
398137,398155,398157,2,18
398137,398156,398158,2,19
398137,398156,398158,2,19
398137,398155,398158,3,18
398137,398156,398158,2,19
398137,398157,398159,2,20
398137,398157,398158,1,20
398137,398155,398158,3,18
398137,398157,398159,2,20
398137,398157,398159,2,20
398137,398157,398159,2,20
398137,398157,398159,2,20
398137,398158,398160,2,21
398137,398157,398159,2,20
398137,398158,398160,2,21
398137,398159,398161,2,22
398137,398159,398161,2,22
398137,398157,398160,3,20
398137,398158,398161,3,21
398137,398158,398161,3,21
398137,398158,398161,3,21
398137,398159,398161,2,22
398137,398159,398161,2,22
398137,398159,398161,2,22
398137,398159,398162,3,22
398137,398158,398161,3,21
398137,398159,398162,3,22
398137,398160,398162,2,23
398137,398159,398162,3,22
398137,398160,398163,3,23
394589,394627,398187,3560,38
398189,398189,398191,2,0
398189,398189,398192,3,0
398189,398189,398192,3,0
398189,398189,398192,3,0
398189,398189,398191,2,0
398189,398189,398191,2,0
398189,398189,398191,2,0
398189,398189,398191,2,0
398189,398189,398191,2,0
398189,398189,398192,3,0
398189,398189,398191,2,0
398189,398191,398193,2,2
398189,398189,398192,3,0
398189,398189,398192,3,0
398189,398189,398192,3,0
398189,398189,398192,3,0
398189,398192,398194,2,3
398189,398192,398194,2,3
398189,398192,398194,2,3
398189,398192,398194,2,3
398189,398192,398195,3,3
398189,398193,398195,2,4
398189,398192,398195,3,3
398189,398192,398195,3,3
398189,398192,398195,3,3
398189,398192,398194,2,3
398189,398192,398195,3,3
398189,398193,398196,3,4
398189,398189,398196,7,0
398189,398194,398196,2,5
398189,398194,398196,2,5
398189,398194,398196,2,5
398189,398195,398197,2,6
398189,398193,398197,4,4
398189,398193,398197,4,4
398189,398193,398196,3,4
398189,398195,398197,2,6
398189,398194,398196,2,5
398189,398189,398197,8,0
398189,398195,398198,3,6
398189,398195,398198,3,6
398189,398195,398198,3,6
398189,398195,398198,3,6
398189,398196,398198,2,7
398189,398197,398198,1,8
398189,398196,398198,2,7
398189,398196,398198,2,7
398189,398197,398198,1,8
398189,398197,398199,2,8
398189,398196,398199,3,7
398189,398196,398200,4,7
398189,398197,398200,3,8
398189,398197,398199,2,8
398189,398197,398200,3,8
398189,398198,398200,2,9
398189,398198,398200,2,9
398189,398199,398200,1,10
398189,398198,398201,3,9
398189,398198,398201,3,9
398189,398198,398201,3,9
398189,398198,398201,3,9
398189,398198,398201,3,9
398189,398199,398201,2,10
398189,398198,398201,3,9
398189,398200,398202,2,11
398189,398201,398202,1,12
398189,398200,398202,2,11
398189,398201,398203,2,12
398189,398200,398203,3,11
398189,398200,398203,3,11
398189,398202,398203,1,13
398189,398202,398203,1,13
398189,398202,398203,1,13
398189,398201,398204,3,12
398189,398201,398204,3,12
398189,398200,398204,4,11
398189,398200,398204,4,11
398189,398201,398204,3,12
398189,398203,398204,1,14
398189,398203,398204,1,14
398189,398202,398205,3,13
398189,398203,398206,3,14
398189,398204,398206,2,15
398189,398204,398206,2,15
398189,398204,398206,2,15
398189,398205,398206,1,16
398189,398203,398207,4,14
398189,398203,398207,4,14
398189,398205,398207,2,16
398189,398204,398208,4,15
398189,398204,398207,3,15
398189,398205,398208,3,16
398189,398205,398208,3,16
398189,398204,398208,4,15
398189,398205,398208,3,16
398189,398196,398204,8,7
398189,398207,398208,1,18
398189,398205,398209,4,16
398189,398206,398208,2,17
398189,398207,398209,2,18
398189,398207,398209,2,18
398189,398207,398209,2,18
398189,398208,398210,2,19
398189,398208,398210,2,19
398189,398209,398210,1,20
398189,398207,398210,3,18
398189,398209,398211,2,20
398189,398209,398212,3,20
398189,398210,398212,2,21
398189,398210,398212,2,21
398189,398209,398211,2,20
398189,398209,398211,2,20
398189,398209,398212,3,20
398189,398208,398212,4,19
398189,398208,398212,4,19
398189,398209,398212,3,20
398189,398209,398212,3,20
398189,398209,398212,3,20
398189,398210,398212,2,21
398189,398210,398212,2,21
398189,398211,398213,2,22
398189,398211,398214,3,22
398189,398212,398214,2,23
398189,398212,398214,2,23
398189,398211,398213,2,22
398189,398212,398215,3,23
398189,398212,398214,2,23
398189,398212,398214,2,23
398189,398211,398215,4,22
398189,398213,398215,2,24
398189,398213,398215,2,24
398189,398212,398216,4,23
398189,398213,398216,3,24
398189,398213,398216,3,24
398189,398213,398216,3,24
398189,398213,398217,4,24
398189,398213,398216,3,24
398189,398214,398216,2,25
398189,398214,398216,2,25
398189,398215,398217,2,26
398189,398214,398216,2,25
398189,398213,398217,4,24
398189,398214,398217,3,25
398189,398215,398218,3,26
398189,398216,398218,2,27
398189,398216,398218,2,27
398189,398215,398218,3,26
398189,398217,398219,2,28
398189,398216,398220,4,27
398189,398218,398220,2,29
393183,393205,398349,5144,22
398350,398350,398351,1,0
398350,398350,398351,1,0
398350,398350,398351,1,0
398350,398350,398351,1,0
398350,398350,398351,1,0
398350,398350,398351,1,0
398350,398350,398351,1,0
398350,398350,398352,2,0
398350,398350,398352,2,0
398350,398350,398352,2,0
398350,398350,398352,2,0
398350,398350,398352,2,0
398350,398350,398352,2,0
398350,398350,398353,3,0
398350,398350,398353,3,0
398350,398350,398352,2,0
398350,398350,398352,2,0
398350,398352,398353,1,2
398350,398352,398353,1,2
398350,398352,398353,1,2
398350,398352,398353,1,2
398350,398352,398353,1,2
398350,398352,398354,2,2
398350,398352,398354,2,2
398350,398352,398354,2,2
398350,398353,398355,2,3
398350,398353,398355,2,3
398350,398353,398355,2,3
398350,398353,398355,2,3
398350,398353,398356,3,3
398350,398354,398356,2,4
398350,398353,398355,2,3
398350,398353,398355,2,3
398350,398353,398355,2,3
398350,398354,398356,2,4
398350,398354,398356,2,4
398350,398354,398356,2,4
398350,398354,398356,2,4
398350,398353,398355,2,3
398350,398354,398356,2,4
398350,398354,398356,2,4
398350,398354,398356,2,4
398350,398356,398357,1,6
398350,398355,398357,2,5
398350,398356,398357,1,6
398350,398355,398357,2,5
398350,398355,398357,2,5
398350,398356,398358,2,6
398350,398356,398358,2,6
398350,398356,398357,1,6
398350,398356,398357,1,6
398350,398356,398357,1,6
398350,398356,398358,2,6
398350,398356,398358,2,6
398350,398356,398358,2,6
398350,398357,398359,2,7
398350,398356,398359,3,6
398350,398357,398359,2,7
398350,398357,398359,2,7
398350,398357,398359,2,7
398350,398357,398359,2,7
398350,398358,398360,2,8
398350,398358,398360,2,8
398350,398358,398360,2,8
398350,398358,398360,2,8
398350,398359,398361,2,9
398350,398359,398361,2,9
398350,398360,398361,1,10
398350,398358,398361,3,8
398350,398358,398361,3,8
398350,398358,398361,3,8
398350,398358,398361,3,8
398350,398359,398361,2,9
398350,398359,398360,1,9
398350,398359,398361,2,9
398350,398359,398361,2,9
398350,398359,398361,2,9
398350,398358,398360,2,8
398350,398359,398361,2,9
398350,398360,398362,2,10
398350,398360,398361,1,10
398350,398360,398362,2,10
398350,398361,398362,1,11
398350,398361,398363,2,11
398350,398361,398363,2,11
398350,398361,398363,2,11
398350,398361,398363,2,11
398350,398361,398363,2,11
398350,398361,398363,2,11
398350,398361,398363,2,11
398350,398361,398363,2,11
398350,398362,398364,2,12
398350,398362,398364,2,12
398350,398361,398364,3,11
398350,398361,398363,2,11
398350,398361,398364,3,11
398350,398362,398364,2,12
398350,398361,398363,2,11
398350,398362,398364,2,12
398350,398363,398365,2,13
398350,398363,398365,2,13
398350,398363,398365,2,13
398350,398363,398365,2,13
398350,398363,398365,2,13
398350,398364,398366,2,14
398350,398364,398366,2,14
398350,398364,398366,2,14
398350,398364,398366,2,14
398350,398363,398366,3,13
398350,398365,398367,2,15
398350,398364,398367,3,14
398350,398364,398367,3,14
398350,398365,398367,2,15
398350,398364,398367,3,14
398350,398364,398367,3,14
398350,398364,398367,3,14
398350,398365,398367,2,15
398350,398364,398367,3,14
398350,398365,398367,2,15
398350,398365,398367,2,15
398350,398365,398367,2,15
398350,398366,398368,2,16
398350,398366,398368,2,16
398350,398366,398368,2,16
398350,398367,398369,2,17
398350,398366,398368,2,16
398350,398367,398369,2,17
398350,398366,398369,3,16
398350,398368,398369,1,18
398350,398368,398369,1,18
398350,398368,398369,1,18
398350,398367,398369,2,17
398350,398367,398369,2,17
398350,398367,398369,2,17
398350,398367,398370,3,17
398350,398367,398370,3,17
398350,398368,398370,2,18
398350,398369,398370,1,19
398350,398368,398370,2,18
398350,398369,398371,2,19
398350,398367,398371,4,17
398350,398369,398371,2,19
398350,398370,398371,1,20
398350,398370,398371,1,20
398350,398370,398371,1,20
398350,398370,398371,1,20
398350,398369,398371,2,19
398350,398370,398372,2,20
398350,398370,398372,2,20
398350,398370,398373,3,20
394829,394849,398427,3578,20
398428,398428,398430,2,0
398428,398428,398430,2,0
398428,398428,398430,2,0
398428,398428,398430,2,0
398428,398428,398430,2,0
398428,398428,398430,2,0
398428,398428,398431,3,0
398428,398428,398430,2,0
398428,398428,398431,3,0
398428,398428,398431,3,0
398428,398428,398430,2,0
398428,398428,398430,2,0
398428,398428,398432,4,0
398428,398428,398432,4,0
398428,398428,398431,3,0
398428,398428,398432,4,0
398428,398430,398432,2,2
398428,398428,398431,3,0
398428,398430,398432,2,2
398428,398430,398432,2,2
398428,398430,398432,2,2
398428,398430,398432,2,2
398428,398431,398433,2,3
398428,398430,398432,2,2
398428,398431,398433,2,3
398428,398431,398434,3,3
398428,398432,398434,2,4
398428,398431,398433,2,3
398428,398432,398434,2,4
398428,398432,398434,2,4
398428,398432,398435,3,4
398428,398432,398434,2,4
398428,398431,398434,3,3
398428,398431,398434,3,3
398428,398433,398435,2,5
398428,398432,398435,3,4
393390,393411,398435,5024,21
398428,398432,398436,4,4
398428,398432,398436,4,4
398428,398432,398436,4,4
398428,398434,398436,2,6
398428,398434,398436,2,6
398428,398434,398436,2,6
398428,398433,398435,2,5
398428,398433,398435,2,5
398428,398434,398436,2,6
398428,398432,398435,3,4
398428,398435,398437,2,7
398428,398434,398437,3,6
398428,398435,398437,2,7
398428,398435,398437,2,7
398428,398435,398438,3,7
398428,398436,398438,2,8
398428,398435,398438,3,7
398428,398436,398438,2,8
398428,398436,398438,2,8
398428,398436,398438,2,8
398428,398435,398439,4,7
398428,398436,398439,3,8
398428,398436,398439,3,8
398428,398436,398439,3,8
398428,398436,398439,3,8
398428,398436,398438,2,8
398428,398437,398439,2,9
398428,398436,398439,3,8
398428,398436,398439,3,8
398428,398438,398440,2,10
398428,398438,398440,2,10
398428,398438,398440,2,10
398428,398438,398440,2,10
398428,398438,398440,2,10
398428,398438,398440,2,10
398428,398437,398440,3,9
398428,398438,398441,3,10
398428,398438,398441,3,10
398428,398439,398442,3,11
398428,398439,398442,3,11
398428,398439,398442,3,11
398428,398439,398442,3,11
398428,398439,398442,3,11
398428,398440,398442,2,12
398428,398440,398443,3,12
398428,398440,398444,4,12
398428,398439,398443,4,11
398428,398440,398444,4,12
398428,398440,398444,4,12
398428,398441,398444,3,13
398428,398441,398444,3,13
398428,398440,398444,4,12
398428,398440,398444,4,12
398428,398441,398445,4,13
398428,398441,398445,4,13
398428,398442,398445,3,14
398428,398443,398445,2,15
398428,398443,398445,2,15
398428,398441,398445,4,13
398428,398443,398446,3,15
398428,398445,398446,1,17
398428,398445,398446,1,17
398428,398442,398446,4,14
398428,398444,398447,3,16
398428,398442,398447,5,14
398428,398442,398447,5,14
398428,398444,398447,3,16
398428,398445,398447,2,17
398428,398445,398447,2,17
398428,398446,398448,2,18
398428,398445,398448,3,17
398428,398445,398448,3,17
398428,398446,398448,2,18
398428,398446,398449,3,18
398428,398447,398449,2,19
398428,398445,398448,3,17
398428,398445,398448,3,17
398428,398446,398449,3,18
398428,398447,398449,2,19
398428,398447,398449,2,19
398428,398448,398450,2,20
398428,398448,398450,2,20
398428,398448,398451,3,20
398428,398449,398451,2,21
398428,398449,398451,2,21
398428,398448,398451,3,20
398428,398447,398451,4,19
398428,398447,398451,4,19
398428,398447,398451,4,19
398428,398449,398451,2,21
398428,398449,398451,2,21
398428,398449,398452,3,21
398428,398447,398452,5,19
398428,398447,398452,5,19
398428,398450,398452,2,22
398428,398450,398452,2,22
398428,398450,398452,2,22
398428,398451,398453,2,23
398428,398450,398452,2,22
398428,398451,398453,2,23
398428,398449,398453,4,21
398428,398451,398453,2,23
398428,398451,398453,2,23
398428,398451,398454,3,23
398428,398451,398454,3,23
398428,398451,398454,3,23
398428,398452,398454,2,24
398428,398452,398454,2,24
398436,398453,398455,2,17
398428,398451,398454,3,23
398436,398453,398455,2,17
398436,398453,398454,1,17
398428,398452,398455,3,24
398428,398453,398455,2,25
398428,398453,398456,3,25
398428,398453,398455,2,25
398436,398454,398455,1,18
398436,398454,398456,2,18
398436,398454,398456,2,18
398436,398453,398455,2,17
398436,398454,398455,1,18
398436,398455,398456,1,19
398428,398453,398456,3,25
398436,398455,398456,1,19
398436,398455,398456,1,19
398436,398455,398457,2,19
398436,398455,398457,2,19
398436,398455,398457,2,19
398436,398455,398457,2,19
398436,398456,398457,1,20
398436,398456,398457,1,20
398436,398456,398458,2,20
398436,398456,398458,2,20
398436,398456,398458,2,20
398436,398456,398458,2,20
398436,398457,398458,1,21
398436,398457,398459,2,21
398436,398457,398459,2,21
398436,398456,398458,2,20
398436,398456,398458,2,20
398436,398457,398460,3,21
398436,398457,398460,3,21
398436,398458,398460,2,22
398436,398457,398460,3,21
398436,398457,398460,3,21
398436,398458,398461,3,22
398436,398458,398461,3,22
398436,398457,398462,5,21
398436,398458,398462,4,22
398436,398459,398462,3,23
398436,398461,398463,2,25
398436,398461,398463,2,25
398436,398461,398463,2,25
398436,398461,398463,2,25
398436,398461,398463,2,25
398436,398459,398464,5,23
398436,398459,398464,5,23
398436,398455,398464,9,19
398436,398459,398464,5,23
398436,398461,398463,2,25
398436,398459,398464,5,23
398436,398463,398464,1,27
398436,398459,398464,5,23
398436,398460,398464,4,24
398436,398463,398464,1,27
398436,398463,398464,1,27
398436,398459,398464,5,23
398436,398463,398464,1,27
398436,398463,398464,1,27
398436,398463,398465,2,27
398436,398463,398465,2,27
398436,398463,398465,2,27
398436,398464,398466,2,28
398436,398464,398466,2,28
398436,398464,398466,2,28
398436,398466,398467,1,30
398436,398465,398466,1,29
398436,398465,398466,1,29
398436,398464,398466,2,28
398436,398464,398466,2,28
398436,398464,398467,3,28
398436,398464,398466,2,28
398436,398465,398467,2,29
398436,398465,398467,2,29
398436,398464,398467,3,28
398436,398466,398467,1,30
398436,398465,398467,2,29
398436,398467,398468,1,31
398436,398466,398468,2,30
398436,398467,398468,1,31
398436,398467,398469,2,31
398436,398467,398469,2,31
398436,398466,398469,3,30
398436,398467,398469,2,31
398436,398467,398469,2,31
398436,398467,398470,3,31
398436,398467,398470,3,31
398436,398468,398470,2,32
398436,398467,398470,3,31
398436,398467,398469,2,31
398436,398468,398470,2,32
398436,398469,398470,1,33
398436,398468,398470,2,32
398436,398467,398470,3,31
398436,398469,398472,3,33
398436,398469,398472,3,33
398436,398469,398472,3,33
398436,398464,398473,9,28
398436,398469,398473,4,33
398436,398469,398473,4,33
398436,398470,398473,3,34
398436,398471,398473,2,35
398436,398471,398473,2,35
398436,398470,398473,3,34
398436,398471,398473,2,35
398436,398472,398474,2,36
398436,398470,398474,4,34
398436,398470,398474,4,34
398436,398470,398473,3,34
398436,398470,398474,4,34
398436,398472,398474,2,36
398436,398470,398474,4,34
398436,398471,398476,5,35
398436,398473,398476,3,37
398436,398473,398476,3,37
398436,398474,398476,2,38
398436,398473,398476,3,37
398436,398474,398477,3,38
398436,398474,398477,3,38
398436,398474,398477,3,38
398436,398474,398478,4,38
398436,398474,398477,3,38
398436,398474,398478,4,38
398436,398474,398478,4,38
398436,398474,398478,4,38
398436,398475,398478,3,39
398436,398475,398478,3,39
398436,398474,398479,5,38
398436,398477,398479,2,41
398436,398477,398479,2,41
398436,398478,398480,2,42
398436,398478,398480,2,42
398436,398476,398480,4,40
398436,398476,398479,3,40
398436,398477,398480,3,41
398436,398478,398481,3,42
398436,398478,398480,2,42
398436,398478,398480,2,42
398436,398479,398481,2,43
398436,398478,398481,3,42
398436,398478,398481,3,42
398436,398479,398481,2,43
398436,398480,398481,1,44
398436,398480,398481,1,44
398436,398480,398482,2,44
398436,398480,398482,2,44
398436,398478,398481,3,42
398436,398479,398482,3,43
398436,398480,398482,2,44
398436,398473,398482,9,37
398436,398480,398483,3,44
398436,398481,398483,2,45
398436,398481,398483,2,45
398436,398481,398484,3,45
394941,394963,398567,3604,22
398568,398568,398570,2,0
398568,398568,398570,2,0
398568,398568,398570,2,0
398568,398568,398570,2,0
398568,398568,398570,2,0
398568,398568,398571,3,0
398568,398568,398570,2,0
398568,398568,398570,2,0
398568,398568,398571,3,0
398568,398568,398571,3,0
398568,398568,398570,2,0
398568,398568,398570,2,0
398568,398568,398570,2,0
398568,398568,398570,2,0
398568,398568,398571,3,0
398568,398568,398571,3,0
398568,398568,398572,4,0
398568,398570,398572,2,2
398568,398571,398574,3,3
398568,398570,398573,3,2
398568,398571,398574,3,3
398568,398571,398574,3,3
398568,398571,398574,3,3
398568,398571,398575,4,3
398568,398572,398575,3,4
398568,398571,398575,4,3
398568,398571,398575,4,3
398568,398571,398575,4,3
398568,398571,398575,4,3
398568,398571,398575,4,3
398568,398571,398575,4,3
398568,398573,398575,2,5
398568,398571,398575,4,3
398568,398572,398576,4,4
398568,398574,398577,3,6
398568,398573,398577,4,5
398568,398574,398577,3,6
398568,398574,398576,2,6
398568,398574,398576,2,6
398568,398574,398576,2,6
398568,398575,398577,2,7
398568,398575,398577,2,7
398568,398575,398578,3,7
398568,398575,398578,3,7
398568,398575,398578,3,7
398568,398576,398577,1,8
398568,398575,398578,3,7
398568,398575,398578,3,7
398568,398576,398578,2,8
398568,398576,398577,1,8
398568,398577,398578,1,9
398568,398577,398578,1,9
398568,398577,398578,1,9
398568,398577,398579,2,9
398568,398575,398578,3,7
398568,398577,398578,1,9
398568,398577,398579,2,9
398568,398577,398579,2,9
398568,398578,398580,2,10
398568,398577,398579,2,9
398568,398578,398579,1,10
398568,398578,398579,1,10
398568,398578,398580,2,10
398568,398578,398581,3,10
398568,398578,398581,3,10
398568,398578,398581,3,10
398568,398578,398581,3,10
398568,398579,398582,3,11
398568,398579,398581,2,11
398568,398579,398581,2,11
398568,398579,398581,2,11
398568,398579,398582,3,11
398568,398579,398582,3,11
398568,398579,398582,3,11
398568,398580,398582,2,12
398568,398579,398582,3,11
398568,398581,398584,3,13
398568,398580,398583,3,12
398568,398580,398583,3,12
398568,398580,398584,4,12
398568,398582,398585,3,14
398568,398581,398585,4,13
398568,398581,398585,4,13
398568,398582,398584,2,14
398568,398582,398585,3,14
398568,398582,398585,3,14
398568,398581,398585,4,13
398568,398581,398585,4,13
398568,398582,398585,3,14
398568,398582,398585,3,14
398568,398583,398585,2,15
398568,398582,398586,4,14
398568,398583,398587,4,15
398568,398584,398587,3,16
398568,398584,398588,4,16
398568,398585,398588,3,17
398568,398584,398588,4,16
398568,398585,398588,3,17
398568,398585,398587,2,17
398568,398585,398588,3,17
398568,398584,398588,4,16
398568,398585,398588,3,17
398568,398586,398588,2,18
398568,398586,398589,3,18
398568,398585,398589,4,17
398568,398587,398589,2,19
398568,398585,398589,4,17
398568,398588,398590,2,20
398568,398588,398590,2,20
398568,398585,398589,4,17
398568,398588,398590,2,20
398568,398585,398590,5,17
398568,398587,398590,3,19
398568,398588,398590,2,20
398568,398589,398590,1,21
398568,398589,398590,1,21
398568,398588,398590,2,20
398568,398589,398591,2,21
398568,398590,398591,1,22
398568,398588,398591,3,20
398568,398588,398592,4,20
398568,398588,398592,4,20
398568,398590,398592,2,22
398568,398590,398592,2,22
398568,398590,398592,2,22
398568,398591,398592,1,23
398568,398591,398593,2,23
398568,398591,398593,2,23
398568,398590,398593,3,22
398568,398591,398593,2,23
398568,398590,398593,3,22
398568,398589,398593,4,21
398568,398590,398593,3,22
398568,398591,398593,2,23
398568,398591,398594,3,23
398568,398592,398595,3,24
398568,398592,398595,3,24
398568,398592,398595,3,24
398568,398593,398596,3,25
398568,398593,398596,3,25
398568,398593,398596,3,25
398568,398592,398596,4,24
398568,398592,398596,4,24
398568,398594,398596,2,26
398568,398592,398596,4,24
398568,398592,398597,5,24
398568,398593,398597,4,25
398568,398594,398597,3,26
398568,398594,398598,4,26
398568,398594,398598,4,26
395264,395297,398878,3581,33
398880,398880,398882,2,0
398880,398880,398882,2,0
398880,398880,398882,2,0
398880,398880,398882,2,0
398880,398880,398882,2,0
398880,398880,398882,2,0
398880,398880,398882,2,0
398880,398880,398882,2,0
398880,398880,398882,2,0
398880,398880,398883,3,0
398880,398880,398883,3,0
398880,398880,398883,3,0
398880,398880,398883,3,0
398880,398880,398883,3,0
398880,398880,398883,3,0
398880,398880,398883,3,0
398880,398880,398883,3,0
398880,398882,398884,2,2
398880,398882,398884,2,2
398880,398882,398885,3,2
398880,398882,398884,2,2
398880,398882,398884,2,2
398880,398882,398885,3,2
398880,398882,398885,3,2
398880,398882,398885,3,2
398880,398882,398884,2,2
398880,398883,398886,3,3
398880,398883,398886,3,3
398880,398884,398886,2,4
398880,398884,398886,2,4
398880,398883,398886,3,3
398880,398884,398887,3,4
398880,398884,398887,3,4
398880,398883,398887,4,3
398880,398883,398887,4,3
398880,398885,398887,2,5
398880,398885,398887,2,5
398880,398885,398887,2,5
398880,398883,398887,4,3
398880,398885,398887,2,5
398880,398885,398887,2,5
398880,398885,398887,2,5
398880,398886,398888,2,6
398880,398885,398888,3,5
398880,398886,398888,2,6
398880,398887,398889,2,7
398880,398886,398889,3,6
398880,398887,398889,2,7
398880,398886,398889,3,6
398880,398887,398889,2,7
398880,398887,398889,2,7
398880,398887,398889,2,7
398880,398887,398889,2,7
398880,398887,398888,1,7
398880,398887,398889,2,7
398880,398887,398890,3,7
398880,398887,398890,3,7
398880,398887,398889,2,7
398880,398888,398890,2,8
398880,398888,398890,2,8
398880,398888,398890,2,8
398880,398888,398890,2,8
398880,398889,398891,2,9
398880,398889,398891,2,9
398880,398889,398891,2,9
398880,398889,398891,2,9
398880,398889,398891,2,9
398880,398889,398891,2,9
398880,398889,398891,2,9
398880,398889,398892,3,9
398880,398889,398892,3,9
398880,398889,398892,3,9
398880,398891,398892,1,11
398880,398891,398892,1,11
398880,398891,398892,1,11
398880,398891,398892,1,11
398880,398890,398892,2,10
398880,398890,398893,3,10
398880,398892,398893,1,12
398880,398892,398893,1,12
398880,398892,398893,1,12
398880,398890,398894,4,10
398880,398892,398894,2,12
398880,398892,398894,2,12
398880,398893,398894,1,13
398880,398893,398894,1,13
398880,398893,398894,1,13
398880,398893,398894,1,13
398880,398892,398894,2,12
398880,398891,398895,4,11
398880,398893,398895,2,13
398880,398894,398895,1,14
398880,398894,398895,1,14
398880,398894,398895,1,14
398880,398893,398895,2,13
398880,398892,398896,4,12
398880,398892,398896,4,12
398880,398895,398896,1,15
398880,398895,398897,2,15
398880,398895,398896,1,15
398880,398895,398896,1,15
398880,398895,398897,2,15
398880,398895,398897,2,15
398880,398893,398896,3,13
398880,398895,398897,2,15
398880,398896,398897,1,16
398880,398896,398897,1,16
398880,398896,398897,1,16
398880,398895,398897,2,15
398880,398897,398898,1,17
398880,398897,398898,1,17
398880,398897,398899,2,17
398880,398897,398898,1,17
398880,398897,398899,2,17
398880,398896,398899,3,16
398880,398896,398899,3,16
398880,398896,398899,3,16
398880,398897,398899,2,17
398880,398898,398900,2,18
398880,398898,398900,2,18
398880,398897,398899,2,17
398880,398898,398900,2,18
398880,398897,398900,3,17
398880,398897,398900,3,17
398880,398899,398901,2,19
398880,398899,398900,1,19
398880,398899,398900,1,19
398880,398898,398901,3,18
398880,398899,398901,2,19
398880,398898,398901,3,18
398880,398900,398901,1,20
398880,398899,398901,2,19
398880,398900,398902,2,20
398880,398899,398902,3,19
398880,398900,398902,2,20
398880,398900,398902,2,20
398880,398900,398902,2,20
398880,398900,398902,2,20
398880,398901,398902,1,21
398880,398901,398903,2,21
398880,398901,398903,2,21
398880,398900,398903,3,20
398880,398900,398903,3,20
398880,398901,398904,3,21
398880,398902,398904,2,22
398880,398901,398903,2,21
398880,398902,398904,2,22
398880,398902,398904,2,22
398880,398901,398904,3,21
398880,398902,398904,2,22
399121,399122,399258,136,1
394510,394532,399421,4889,22
399423,399423,399424,1,0
399423,399423,399424,1,0
399423,399423,399424,1,0
399423,399423,399424,1,0
399423,399423,399424,1,0
399423,399423,399425,2,0
399423,399423,399424,1,0
399423,399423,399424,1,0
399423,399423,399425,2,0
399423,399423,399425,2,0
399423,399423,399425,2,0
399423,399423,399425,2,0
399423,399423,399425,2,0
399423,399423,399425,2,0
399423,399423,399425,2,0
399423,399423,399425,2,0
399423,399423,399425,2,0
399423,399425,399426,1,2
399423,399425,399426,1,2
399423,399425,399426,1,2
399423,399425,399426,1,2
399423,399425,399426,1,2
399423,399425,399426,1,2
399423,399425,399426,1,2
399423,399425,399426,1,2
399423,399425,399426,1,2
399423,399426,399428,2,3
399423,399426,399428,2,3
399423,399426,399429,3,3
399423,399426,399428,2,3
399423,399426,399429,3,3
399423,399426,399428,2,3
399423,399427,399429,2,4
399423,399427,399429,2,4
399423,399427,399429,2,4
399423,399427,399429,2,4
399423,399427,399429,2,4
399423,399427,399429,2,4
399423,399427,399429,2,4
399423,399426,399429,3,3
399423,399428,399430,2,5
399423,399426,399430,4,3
399423,399427,399429,2,4
399423,399427,399430,3,4
399423,399429,399430,1,6
399423,399429,399431,2,6
399423,399429,399430,1,6
399423,399429,399431,2,6
399423,399429,399430,1,6
399423,399429,399430,1,6
399423,399429,399431,2,6
399423,399429,399430,1,6
399423,399429,399431,2,6
399423,399429,399431,2,6
399423,399429,399431,2,6
399423,399429,399431,2,6
399423,399430,399431,1,7
399423,399430,399432,2,7
399423,399430,399431,1,7
399423,399430,399431,1,7
399423,399431,399432,1,8
399423,399431,399432,1,8
399423,399431,399432,1,8
399423,399430,399432,2,7
399423,399431,399432,1,8
399423,399431,399433,2,8
399423,399431,399433,2,8
399423,399431,399433,2,8
399423,399431,399433,2,8
399423,399432,399434,2,9
399423,399431,399433,2,8
399423,399432,399434,2,9
399423,399432,399434,2,9
399423,399432,399434,2,9
399423,399432,399435,3,9
399423,399433,399435,2,10
399423,399433,399435,2,10
399423,399433,399435,2,10
399423,399433,399435,2,10
399423,399433,399435,2,10
399423,399433,399435,2,10
399423,399433,399435,2,10
399423,399432,399436,4,9
399423,399432,399435,3,9
399423,399434,399436,2,11
399423,399433,399436,3,10
399423,399433,399436,3,10
399423,399434,399436,2,11
399423,399434,399436,2,11
399423,399435,399437,2,12
399423,399435,399437,2,12
399423,399435,399437,2,12
399423,399434,399437,3,11
399423,399435,399437,2,12
399423,399435,399437,2,12
399423,399435,399437,2,12
399423,399435,399438,3,12
399423,399435,399437,2,12
399423,399435,399437,2,12
399423,399436,399438,2,13
399423,399436,399438,2,13
399423,399436,399438,2,13
399423,399436,399439,3,13
399423,399436,399439,3,13
399423,399437,399439,2,14
399423,399436,399439,3,13
399423,399437,399439,2,14
399423,399437,399439,2,14
399423,399436,399438,2,13
399423,399437,399439,2,14
399423,399437,399439,2,14
399423,399437,399439,2,14
399423,399438,399440,2,15
399423,399437,399440,3,14
399423,399438,399440,2,15
399423,399438,399441,3,15
399423,399438,399441,3,15
399423,399438,399440,2,15
399423,399438,399440,2,15
399423,399439,399441,2,16
399423,399439,399441,2,16
399423,399439,399441,2,16
399423,399439,399441,2,16
399423,399439,399441,2,16
399423,399439,399441,2,16
399423,399439,399441,2,16
399423,399439,399442,3,16
399423,399439,399442,3,16
399423,399440,399442,2,17
399423,399439,399442,3,16
399423,399441,399443,2,18
399423,399441,399443,2,18
399423,399441,399443,2,18
399423,399441,399443,2,18
399423,399441,399443,2,18
399423,399440,399443,3,17
399423,399440,399443,3,17
399423,399441,399443,2,18
399423,399442,399443,1,19
399423,399441,399443,2,18
399423,399441,399443,2,18
399423,399441,399443,2,18
399423,399441,399444,3,18
399423,399442,399444,2,19
399423,399442,399445,3,19
399423,399442,399445,3,19
399423,399443,399445,2,20
399423,399443,399445,2,20
399423,399442,399445,3,19
399423,399443,399446,3,20
394549,394574,399500,4926,25
399501,399501,399503,2,0
399501,399501,399503,2,0
399501,399501,399503,2,0
399501,399501,399503,2,0
399501,399501,399503,2,0
399501,399501,399503,2,0
399501,399501,399503,2,0
399501,399501,399503,2,0
399501,399501,399504,3,0
399501,399501,399504,3,0
399501,399501,399504,3,0
399501,399501,399503,2,0
399501,399501,399503,2,0
399501,399501,399503,2,0
399501,399501,399503,2,0
399501,399501,399503,2,0
399501,399501,399503,2,0
399501,399504,399506,2,3
399501,399504,399506,2,3
399501,399504,399505,1,3
399501,399504,399506,2,3
399501,399504,399506,2,3
399501,399504,399506,2,3
399501,399504,399507,3,3
399501,399504,399507,3,3
399501,399504,399507,3,3
399501,399504,399507,3,3
399501,399504,399506,2,3
399501,399504,399506,2,3
399501,399504,399506,2,3
399501,399504,399506,2,3
399501,399504,399507,3,3
399501,399504,399508,4,3
399501,399504,399508,4,3
399501,399506,399508,2,5
399501,399506,399508,2,5
399501,399506,399508,2,5
399501,399506,399508,2,5
399501,399506,399508,2,5
399501,399507,399509,2,6
399501,399507,399509,2,6
399501,399507,399509,2,6
399501,399506,399508,2,5
399501,399507,399509,2,6
399501,399507,399510,3,6
399501,399507,399509,2,6
399501,399507,399510,3,6
399501,399507,399510,3,6
399501,399507,399509,2,6
399501,399508,399510,2,7
399501,399508,399509,1,7
399501,399508,399509,1,7
399501,399508,399510,2,7
399501,399509,399511,2,8
399501,399509,399511,2,8
399501,399509,399510,1,8
399501,399509,399511,2,8
399501,399509,399511,2,8
399501,399509,399511,2,8
399501,399508,399511,3,7
399501,399509,399511,2,8
399501,399510,399512,2,9
399501,399510,399512,2,9
399501,399510,399513,3,9
399501,399510,399513,3,9
399501,399511,399513,2,10
399501,399511,399513,2,10
399501,399510,399513,3,9
399501,399510,399513,3,9
399501,399510,399513,3,9
399501,399511,399513,2,10
399501,399511,399513,2,10
399501,399511,399513,2,10
399501,399511,399513,2,10
399501,399512,399514,2,11
399501,399510,399513,3,9
399501,399510,399514,4,9
399501,399511,399514,3,10
399501,399512,399514,2,11
399501,399511,399513,2,10
399501,399513,399515,2,12
399501,399513,399515,2,12
399501,399513,399515,2,12
399501,399513,399515,2,12
399501,399513,399515,2,12
399501,399513,399515,2,12
399501,399513,399515,2,12
399501,399513,399515,2,12
399501,399513,399516,3,12
399501,399514,399516,2,13
399501,399514,399516,2,13
399501,399515,399516,1,14
399501,399513,399517,4,12
399501,399513,399517,4,12
399501,399514,399517,3,13
399501,399514,399517,3,13
399501,399514,399517,3,13
399501,399516,399517,1,15
399501,399515,399518,3,14
399501,399517,399518,1,16
399501,399516,399518,2,15
399501,399517,399518,1,16
399501,399516,399518,2,15
399501,399516,399518,2,15
399501,399517,399519,2,16
399501,399516,399519,3,15
399501,399516,399518,2,15
399501,399516,399519,3,15
399501,399516,399519,3,15
399501,399518,399520,2,17
399501,399518,399520,2,17
399501,399519,399521,2,18
399501,399518,399520,2,17
399501,399519,399521,2,18
399501,399519,399520,1,18
399501,399519,399520,1,18
399501,399519,399521,2,18
399501,399518,399521,3,17
399501,399518,399521,3,17
399501,399519,399521,2,18
399501,399518,399521,3,17
399501,399519,399521,2,18
399501,399520,399521,1,19
399501,399519,399521,2,18
399501,399519,399522,3,18
399501,399519,399521,2,18
399501,399519,399522,3,18
399501,399521,399522,1,20
399501,399521,399523,2,20
399501,399521,399523,2,20
399501,399521,399523,2,20
399501,399522,399523,1,21
399501,399522,399523,1,21
399501,399522,399524,2,21
399501,399521,399524,3,20
399501,399522,399524,2,21
399501,399521,399524,3,20
399501,399522,399524,2,21
399501,399522,399524,2,21
399501,399521,399524,3,20
399501,399522,399524,2,21
399501,399522,399524,2,21
399501,399523,399525,2,22
399501,399523,399525,2,22
399501,399522,399525,3,21
399501,399524,399526,2,23
399501,399524,399525,1,23
399501,399524,399526,2,23
399501,399522,399526,4,21
399501,399524,399526,2,23
399589,399589,400000,411,0
396578,396600,400128,3528,22
400130,400130,400131,1,0
400130,400130,400131,1,0
400130,400130,400132,2,0
400130,400130,400132,2,0
400130,400130,400132,2,0
400130,400130,400133,3,0
400130,400130,400132,2,0
400130,400130,400132,2,0
400130,400130,400132,2,0
400130,400130,400133,3,0
400130,400130,400133,3,0
400130,400130,400133,3,0
400130,400130,400133,3,0
400130,400130,400133,3,0
400130,400130,400133,3,0
400130,400132,400134,2,2
400130,400132,400134,2,2
400130,400130,400134,4,0
400130,400133,400135,2,3
400130,400130,400134,4,0
400130,400132,400134,2,2
400130,400133,400135,2,3
400130,400133,400136,3,3
400130,400133,400135,2,3
400130,400133,400135,2,3
400130,400133,400135,2,3
400130,400134,400136,2,4
400130,400134,400137,3,4
400130,400134,400137,3,4
400130,400135,400137,2,5
400130,400134,400136,2,4
400130,400135,400137,2,5
400130,400135,400137,2,5
400130,400135,400138,3,5
400130,400134,400137,3,4
400130,400134,400137,3,4
400130,400134,400137,3,4
400130,400134,400137,3,4
400130,400136,400138,2,6
400130,400136,400138,2,6
400130,400135,400138,3,5
400130,400136,400139,3,6
400130,400136,400138,2,6
400130,400137,400138,1,7
400130,400137,400139,2,7
400130,400137,400138,1,7
400130,400137,400139,2,7
400130,400136,400138,2,6
400130,400138,400140,2,8
400130,400137,400139,2,7
400130,400138,400140,2,8
400130,400137,400139,2,7
400130,400138,400140,2,8
400130,400138,400139,1,8
400130,400138,400139,1,8
400130,400138,400140,2,8
400130,400138,400140,2,8
400130,400139,400140,1,9
400130,400139,400140,1,9
400130,400139,400140,1,9
400130,400139,400141,2,9
400130,400139,400141,2,9
400130,400139,400140,1,9
400130,400139,400141,2,9
400130,400139,400141,2,9
400130,400140,400142,2,10
400130,400140,400142,2,10
400130,400140,400142,2,10
400130,400140,400142,2,10
400130,400140,400142,2,10
400130,400140,400142,2,10
400130,400140,400143,3,10
400130,400141,400143,2,11
400130,400141,400143,2,11
400130,400141,400143,2,11
400130,400141,400144,3,11
400130,400141,400143,2,11
400130,400141,400143,2,11
400130,400141,400143,2,11
400130,400142,400144,2,12
400130,400141,400144,3,11
400130,400142,400144,2,12
400130,400143,400145,2,13
400130,400143,400145,2,13
400130,400142,400144,2,12
400130,400143,400145,2,13
400130,400143,400145,2,13
400130,400142,400146,4,12
400130,400143,400146,3,13
400130,400144,400146,2,14
400130,400144,400146,2,14
400130,400144,400146,2,14
400130,400143,400146,3,13
400130,400143,400146,3,13
400130,400143,400146,3,13
400130,400144,400147,3,14
400130,400145,400147,2,15
400130,400144,400146,2,14
400130,400145,400147,2,15
400130,400145,400147,2,15
400130,400145,400147,2,15
400130,400145,400147,2,15
400130,400146,400148,2,16
400130,400145,400148,3,15
400130,400146,400149,3,16
400130,400146,400148,2,16
400130,400147,400149,2,17
400130,400146,400149,3,16
400130,400147,400149,2,17
400130,400146,400148,2,16
400130,400147,400149,2,17
400130,400147,400149,2,17
400130,400147,400150,3,17
400130,400146,400149,3,16
400130,400147,400150,3,17
400130,400147,400149,2,17
400130,400148,400150,2,18
400130,400147,400150,3,17
400130,400148,400151,3,18
400130,400149,400151,2,19
400130,400149,400151,2,19
400130,400147,400151,4,17
400130,400149,400151,2,19
400130,400149,400151,2,19
400130,400149,400151,2,19
400130,400149,400152,3,19
400130,400149,400152,3,19
400130,400149,400151,2,19
400130,400150,400152,2,20
400130,400150,400152,2,20
400130,400149,400152,3,19
400130,400151,400153,2,21
400130,400151,400153,2,21
400130,400150,400153,3,20
400130,400150,400153,3,20
400130,400150,400153,3,20
400130,400151,400154,3,21
400130,400151,400154,3,21
400130,400151,400153,2,21
400130,400151,400154,3,21
400130,400151,400154,3,21
400130,400151,400155,4,21
400130,400153,400155,2,23
400130,400152,400155,3,22
400130,400152,400155,3,22
400130,400152,400155,3,22
400130,400152,400155,3,22
400130,400152,400156,4,22
400130,400154,400156,2,24
400130,400153,400156,3,23
395023,395043,400196,5153,20
400197,400197,400199,2,0
400197,400197,400199,2,0
400197,400197,400200,3,0
400197,400197,400199,2,0
400197,400197,400199,2,0
400197,400197,400199,2,0
400197,400197,400199,2,0
400197,400197,400199,2,0
400197,400197,400200,3,0
400197,400197,400200,3,0
400197,400197,400200,3,0
400197,400197,400200,3,0
400197,400197,400199,2,0
400197,400197,400199,2,0
400197,400197,400200,3,0
400197,400197,400200,3,0
400197,400199,400201,2,2
400197,400199,400201,2,2
400197,400200,400202,2,3
400197,400200,400202,2,3
400197,400200,400204,4,3
400197,400200,400203,3,3
400197,400200,400204,4,3
400197,400198,400204,6,1
400197,400200,400204,4,3
400197,400200,400204,4,3
400197,400200,400204,4,3
400197,400200,400204,4,3
400197,400200,400204,4,3
400197,400200,400204,4,3
400197,400200,400204,4,3
400197,400200,400204,4,3
400197,400201,400204,3,4
400197,400201,400204,3,4
400197,400200,400204,4,3
400197,400204,400206,2,7
400197,400202,400206,4,5
400197,400202,400206,4,5
400197,400204,400206,2,7
400197,400204,400207,3,7
400197,400204,400207,3,7
400197,400204,400207,3,7
400197,400204,400207,3,7
400197,400204,400207,3,7
400197,400206,400207,1,9
400197,400205,400208,3,8
400197,400204,400208,4,7
400197,400204,400207,3,7
400197,400206,400208,2,9
400197,400204,400208,4,7
400197,400204,400208,4,7
400197,400204,400208,4,7
400197,400204,400208,4,7
400197,400206,400207,1,9
400197,400207,400209,2,10
400197,400207,400209,2,10
400197,400204,400209,5,7
400197,400207,400209,2,10
400197,400207,400209,2,10
400197,400207,400209,2,10
400197,400208,400210,2,11
400197,400208,400209,1,11
400197,400208,400210,2,11
400197,400208,400210,2,11
400197,400209,400210,1,12
400197,400208,400210,2,11
400197,400208,400211,3,11
400197,400209,400211,2,12
400197,400208,400211,3,11
400197,400208,400211,3,11
400197,400208,400211,3,11
400197,400209,400211,2,12
400197,400208,400212,4,11
400197,400210,400212,2,13
400197,400209,400212,3,12
400197,400210,400212,2,13
400197,400210,400212,2,13
400197,400211,400213,2,14
400197,400210,400214,4,13
400197,400211,400214,3,14
400197,400211,400214,3,14
400197,400211,400214,3,14
400197,400212,400214,2,15
400197,400211,400214,3,14
400197,400213,400214,1,16
400197,400213,400215,2,16
400197,400212,400215,3,15
400197,400212,400215,3,15
400197,400213,400215,2,16
400197,400213,400215,2,16
400197,400211,400216,5,14
400197,400211,400215,4,14
400197,400214,400216,2,17
400197,400215,400216,1,18
400197,400211,400216,5,14
400197,400215,400217,2,18
400197,400215,400216,1,18
400197,400215,400216,1,18
400197,400213,400216,3,16
400197,400214,400216,2,17
400197,400215,400216,1,18
400197,400215,400216,1,18
400197,400215,400218,3,18
400197,400216,400219,3,19
400197,400217,400219,2,20
400197,400217,400219,2,20
400197,400217,400219,2,20
400197,400217,400219,2,20
400197,400217,400219,2,20
400197,400217,400219,2,20
400197,400216,400219,3,19
400197,400216,400219,3,19
400197,400216,400220,4,19
400197,400217,400219,2,20
400197,400217,400219,2,20
400197,400216,400219,3,19
400197,400216,400220,4,19
400197,400217,400220,3,20
400197,400217,400220,3,20
400197,400219,400221,2,22
400197,400220,400221,1,23
400197,400220,400221,1,23
400197,400219,400221,2,22
400197,400220,400222,2,23
400197,400220,400222,2,23
400197,400220,400222,2,23
400197,400218,400221,3,21
400197,400220,400222,2,23
400197,400220,400222,2,23
400197,400220,400222,2,23
400197,400220,400223,3,23
400197,400220,400223,3,23
400197,400220,400223,3,23
400197,400221,400223,2,24
400197,400221,400224,3,24
400197,400222,400224,2,25
400197,400222,400224,2,25
400197,400222,400224,2,25
400197,400222,400224,2,25
400197,400222,400224,2,25
400197,400222,400225,3,25
400197,400221,400224,3,24
400197,400222,400224,2,25
400197,400222,400224,2,25
400197,400221,400225,4,24
400197,400223,400225,2,26
400197,400223,400225,2,26
400197,400222,400225,3,25
400197,400223,400226,3,26
400197,400223,400227,4,26
395252,395271,400357,5086,19
400359,400359,400360,1,0
400359,400359,400361,2,0
400359,400359,400360,1,0
400359,400359,400361,2,0
400359,400359,400361,2,0
400359,400359,400361,2,0
400359,400359,400361,2,0
400359,400359,400361,2,0
400359,400359,400361,2,0
400359,400359,400361,2,0
400359,400359,400361,2,0
400359,400359,400361,2,0
400359,400359,400361,2,0
400359,400359,400361,2,0
400359,400359,400361,2,0
400359,400359,400362,3,0
400359,400361,400362,1,2
400359,400359,400362,3,0
400359,400361,400362,1,2
400359,400361,400363,2,2
400359,400362,400364,2,3
400359,400362,400365,3,3
400359,400362,400364,2,3
400359,400363,400364,1,4
400359,400362,400364,2,3
400359,400363,400365,2,4
400359,400362,400364,2,3
400359,400363,400365,2,4
400359,400362,400365,3,3
400359,400362,400365,3,3
400359,400362,400365,3,3
400359,400362,400365,3,3
400359,400362,400365,3,3
400359,400362,400365,3,3
400359,400364,400365,1,5
400359,400362,400365,3,3
400359,400362,400365,3,3
400359,400365,400367,2,6
400359,400363,400366,3,4
400359,400365,400367,2,6
400359,400365,400367,2,6
400359,400365,400367,2,6
400359,400365,400368,3,6
400359,400365,400367,2,6
400359,400366,400367,1,7
400359,400365,400367,2,6
400359,400365,400367,2,6
400359,400365,400367,2,6
400359,400366,400367,1,7
400359,400366,400367,1,7
400359,400366,400367,1,7
400359,400366,400368,2,7
400359,400366,400368,2,7
400359,400366,400368,2,7
400359,400367,400369,2,8
400359,400367,400368,1,8
400359,400367,400368,1,8
400359,400367,400368,1,8
400359,400368,400369,1,9
400359,400368,400369,1,9
400359,400368,400369,1,9
400359,400368,400370,2,9
400359,400368,400370,2,9
400359,400368,400370,2,9
400359,400368,400370,2,9
400359,400368,400370,2,9
400359,400369,400370,1,10
400359,400369,400370,1,10
400359,400369,400371,2,10
400359,400368,400371,3,9
400359,400368,400371,3,9
400359,400369,400371,2,10
400359,400370,400371,1,11
400359,400369,400371,2,10
400359,400369,400372,3,10
400359,400369,400372,3,10
400359,400370,400372,2,11
400359,400370,400372,2,11
400359,400370,400373,3,11
400359,400371,400372,1,12
400359,400371,400373,2,12
400359,400370,400373,3,11
400359,400370,400373,3,11
400359,400371,400373,2,12
400359,400371,400373,2,12
400359,400371,400374,3,12
400359,400372,400374,2,13
400359,400372,400374,2,13
400359,400371,400374,3,12
400359,400371,400373,2,12
400359,400372,400374,2,13
400359,400372,400374,2,13
400359,400373,400375,2,14
400359,400372,400375,3,13
400359,400373,400375,2,14
400359,400373,400375,2,14
400359,400373,400375,2,14
400359,400373,400375,2,14
400359,400374,400376,2,15
400359,400372,400375,3,13
400359,400372,400375,3,13
400359,400374,400376,2,15
400359,400373,400376,3,14
400359,400374,400376,2,15
400359,400374,400376,2,15
400359,400374,400376,2,15
400359,400373,400376,3,14
400359,400375,400377,2,16
400359,400375,400377,2,16
400359,400374,400377,3,15
400359,400375,400377,2,16
400359,400375,400377,2,16
400359,400376,400378,2,17
400359,400375,400378,3,16
400359,400376,400378,2,17
400359,400375,400378,3,16
400359,400376,400378,2,17
400359,400375,400378,3,16
400359,400377,400379,2,18
400359,400376,400379,3,17
400359,400376,400379,3,17
400359,400377,400379,2,18
400359,400376,400379,3,17
400359,400376,400379,3,17
400359,400378,400379,1,19
400359,400377,400380,3,18
400359,400377,400379,2,18
400359,400378,400380,2,19
400359,400378,400380,2,19
400359,400377,400380,3,18
400359,400378,400380,2,19
400359,400379,400380,1,20
400359,400379,400381,2,20
400359,400378,400381,3,19
400359,400379,400381,2,20
400359,400378,400381,3,19
400359,400380,400381,1,21
400359,400380,400382,2,21
400359,400379,400382,3,20
400359,400379,400382,3,20
400359,400380,400382,2,21
400359,400380,400382,2,21
400359,400380,400382,2,21
400359,400381,400382,1,22
400359,400381,400382,1,22
400359,400380,400383,3,21
400359,400379,400382,3,20
400359,400381,400383,2,22
400359,400380,400383,3,21
400359,400381,400383,2,22
397044,397066,400593,3527,22
400594,400594,400596,2,0
400594,400594,400596,2,0
400594,400594,400596,2,0
400594,400594,400596,2,0
400594,400594,400596,2,0
400594,400594,400596,2,0
400594,400594,400596,2,0
400594,400594,400596,2,0
400594,400594,400597,3,0
400594,400594,400597,3,0
400594,400594,400597,3,0
400594,400594,400597,3,0
400594,400594,400597,3,0
400594,400594,400597,3,0
400594,400594,400597,3,0
400594,400596,400597,1,2
400594,400596,400598,2,2
400594,400596,400598,2,2
400594,400594,400598,4,0
400594,400594,400597,3,0
400594,400597,400599,2,3
400594,400597,400599,2,3
400594,400597,400599,2,3
400594,400597,400599,2,3
400594,400597,400599,2,3
400594,400598,400600,2,4
400594,400598,400600,2,4
400594,400597,400600,3,3
400594,400597,400600,3,3
400594,400598,400600,2,4
400594,400598,400601,3,4
400594,400599,400601,2,5
400594,400599,400601,2,5
400594,400599,400601,2,5
400594,400598,400601,3,4
400594,400598,400600,2,4
400594,400599,400601,2,5
400594,400598,400601,3,4
400594,400598,400602,4,4
400594,400598,400601,3,4
400594,400600,400602,2,6
400594,400600,400602,2,6
400594,400598,400601,3,4
400594,400599,400602,3,5
400594,400601,400602,1,7
400594,400601,400603,2,7
400594,400601,400603,2,7
400594,400600,400603,3,6
400594,400600,400602,2,6
400594,400601,400603,2,7
400594,400601,400603,2,7
400594,400601,400603,2,7
400594,400601,400603,2,7
400594,400601,400603,2,7
400594,400602,400603,1,8
400594,400602,400603,1,8
400594,400602,400604,2,8
400594,400602,400604,2,8
400594,400602,400605,3,8
400594,400602,400604,2,8
400594,400602,400604,2,8
400594,400603,400605,2,9
400594,400603,400605,2,9
400594,400603,400605,2,9
400594,400603,400605,2,9
400594,400603,400605,2,9
400594,400604,400606,2,10
400594,400603,400605,2,9
400594,400603,400606,3,9
400594,400603,400606,3,9
400594,400604,400606,2,10
400594,400604,400607,3,10
400594,400604,400607,3,10
400594,400605,400607,2,11
400594,400605,400607,2,11
400594,400604,400606,2,10
400594,400605,400607,2,11
400594,400605,400607,2,11
400594,400605,400607,2,11
400594,400605,400608,3,11
400594,400605,400608,3,11
400594,400604,400607,3,10
400594,400606,400608,2,12
400594,400605,400608,3,11
400594,400606,400608,2,12
400594,400607,400609,2,13
400594,400606,400609,3,12
400594,400606,400609,3,12
400594,400608,400609,1,14
400594,400607,400609,2,13
400594,400607,400609,2,13
400594,400607,400609,2,13
400594,400606,400610,4,12
400594,400608,400610,2,14
400594,400609,400610,1,15
400594,400608,400611,3,14
400594,400607,400610,3,13
400594,400607,400610,3,13
400594,400608,400611,3,14
400594,400608,400612,4,14
400594,400609,400612,3,15
400594,400609,400612,3,15
400594,400611,400612,1,17
400594,400610,400612,2,16
400594,400610,400613,3,16
400594,400610,400612,2,16
400594,400609,400612,3,15
400594,400610,400612,2,16
400594,400610,400613,3,16
400594,400611,400613,2,17
400594,400611,400613,2,17
400594,400611,400614,3,17
400594,400611,400614,3,17
400594,400613,400614,1,19
400594,400613,400614,1,19
400594,400611,400614,3,17
400594,400611,400614,3,17
400594,400612,400615,3,18
400594,400613,400615,2,19
400594,400613,400615,2,19
400594,400613,400615,2,19
400594,400612,400615,3,18
400594,400613,400615,2,19
400594,400613,400615,2,19
400594,400613,400616,3,19
400594,400613,400615,2,19
400594,400615,400616,1,21
400594,400614,400616,2,20
400594,400614,400616,2,20
400594,400615,400617,2,21
400594,400616,400618,2,22
400594,400615,400617,2,21
400594,400614,400617,3,20
400594,400615,400618,3,21
400594,400614,400617,3,20
400594,400616,400618,2,22
400594,400617,400618,1,23
400594,400617,400618,1,23
400594,400616,400618,2,22
400594,400615,400618,3,21
400594,400615,400618,3,21
400594,400616,400619,3,22
400594,400617,400619,2,23
400594,400618,400620,2,24
400594,400617,400619,2,23
400594,400618,400620,2,24
400594,400616,400619,3,22
400594,400616,400619,3,22
400594,400616,400620,4,22
400594,400618,400622,4,24
397132,397154,400707,3553,22
400708,400708,400711,3,0
400708,400708,400711,3,0
400708,400708,400710,2,0
400708,400708,400711,3,0
400708,400708,400711,3,0
400708,400708,400710,2,0
400708,400708,400710,2,0
400708,400708,400710,2,0
400708,400708,400710,2,0
400708,400708,400710,2,0
400708,400708,400710,2,0
400708,400708,400710,2,0
400708,400708,400711,3,0
400708,400708,400711,3,0
400708,400708,400711,3,0
400708,400708,400711,3,0
400708,400708,400711,3,0
400708,400711,400713,2,3
400708,400711,400713,2,3
400708,400711,400713,2,3
400708,400711,400713,2,3
400708,400711,400713,2,3
400708,400711,400714,3,3
400708,400711,400714,3,3
400708,400711,400714,3,3
400708,400711,400714,3,3
400708,400711,400714,3,3
400708,400711,400713,2,3
400708,400711,400714,3,3
400708,400711,400714,3,3
400708,400711,400714,3,3
400708,400711,400714,3,3
400708,400711,400714,3,3
400708,400712,400714,2,4
400708,400713,400715,2,5
400708,400714,400716,2,6
400708,400713,400716,3,5
400708,400713,400715,2,5
400708,400713,400715,2,5
400708,400713,400715,2,5
400708,400714,400716,2,6
400708,400714,400716,2,6
400708,400714,400716,2,6
400708,400714,400717,3,6
400708,400714,400716,2,6
400708,400714,400717,3,6
400708,400714,400717,3,6
400708,400714,400717,3,6
400708,400715,400717,2,7
400708,400714,400717,3,6
400708,400715,400717,2,7
400708,400716,400717,1,8
400708,400716,400718,2,8
400708,400716,400718,2,8
400708,400716,400718,2,8
400708,400716,400718,2,8
400708,400716,400718,2,8
400708,400716,400718,2,8
400708,400716,400718,2,8
400708,400716,400718,2,8
400708,400717,400719,2,9
400708,400717,400719,2,9
400708,400718,400720,2,10
400708,400718,400720,2,10
400708,400718,400720,2,10
400708,400718,400720,2,10
400708,400718,400720,2,10
400708,400718,400720,2,10
400708,400717,400720,3,9
400708,400717,400720,3,9
400708,400718,400720,2,10
400708,400718,400721,3,10
400708,400718,400721,3,10
400708,400718,400721,3,10
400708,400718,400721,3,10
400708,400719,400721,2,11
400708,400718,400721,3,10
400708,400720,400722,2,12
400708,400719,400721,2,11
400708,400720,400722,2,12
400708,400720,400723,3,12
400708,400720,400723,3,12
400708,400720,400723,3,12
400708,400721,400723,2,13
400708,400720,400723,3,12
400708,400720,400723,3,12
400708,400721,400723,2,13
400708,400722,400724,2,14
400708,400723,400724,1,15
400708,400721,400724,3,13
400708,400721,400724,3,13
400708,400722,400724,2,14
400708,400721,400725,4,13
400708,400721,400725,4,13
400708,400723,400725,2,15
400708,400722,400725,3,14
400708,400722,400725,3,14
400708,400724,400725,1,16
400708,400724,400725,1,16
400708,400724,400726,2,16
400708,400724,400726,2,16
400708,400723,400726,3,15
400708,400722,400726,4,14
400708,400723,400726,3,15
400708,400725,400726,1,17
400708,400725,400727,2,17
400708,400726,400727,1,18
400708,400725,400728,3,17
400708,400725,400728,3,17
400708,400726,400728,2,18
400708,400726,400728,2,18
400708,400726,400728,2,18
400708,400726,400728,2,18
400708,400726,400728,2,18
400708,400727,400728,1,19
400708,400725,400728,3,17
400708,400725,400728,3,17
400708,400726,400728,2,18
400708,400725,400729,4,17
400708,400727,400729,2,19
400708,400728,400730,2,20
400708,400726,400729,3,18
400708,400728,400730,2,20
400708,400729,400731,2,21
400708,400729,400730,1,21
400708,400728,400731,3,20
400708,400726,400730,4,18
400708,400729,400731,2,21
400708,400729,400731,2,21
400708,400729,400731,2,21
400708,400729,400731,2,21
400708,400730,400732,2,22
400708,400729,400731,2,21
400708,400728,400732,4,20
400708,400730,400732,2,22
400708,400731,400733,2,23
400708,400729,400732,3,21
400708,400729,400732,3,21
400708,400729,400733,4,21
400708,400732,400734,2,24
400708,400732,400734,2,24
400708,400731,400733,2,23
400708,400731,400733,2,23
400708,400732,400734,2,24
400708,400730,400733,3,22
400708,400732,400734,2,24
400708,400732,400734,2,24
400708,400731,400734,3,23
400708,400731,400735,4,23
400708,400732,400735,3,24
397360,397390,400836,3446,30
400837,400837,400840,3,0
400837,400837,400841,4,0
400837,400837,400840,3,0
400837,400837,400842,5,0
400837,400837,400842,5,0
400837,400837,400841,4,0
400837,400837,400841,4,0
400837,400837,400842,5,0
400837,400837,400842,5,0
400837,400837,400842,5,0
400837,400837,400842,5,0
400837,400837,400842,5,0
400837,400837,400842,5,0
400837,400837,400842,5,0
400837,400838,400842,4,1
400837,400837,400842,5,0
400837,400837,400843,6,0
400837,400841,400844,3,4
400837,400841,400844,3,4
400837,400841,400844,3,4
400837,400842,400845,3,5
400837,400842,400845,3,5
400837,400843,400845,2,6
400837,400842,400845,3,5
400837,400842,400845,3,5
400837,400842,400845,3,5
400837,400842,400845,3,5
400837,400842,400845,3,5
400837,400842,400846,4,5
400837,400844,400846,2,7
400837,400842,400846,4,5
400837,400842,400846,4,5
400837,400842,400846,4,5
400837,400843,400847,4,6
400837,400844,400847,3,7
400837,400844,400847,3,7
400837,400845,400847,2,8
400837,400845,400847,2,8
400837,400846,400847,1,9
400837,400844,400847,3,7
400837,400845,400848,3,8
400837,400846,400848,2,9
400837,400845,400848,3,8
400837,400845,400848,3,8
400837,400847,400849,2,10
400837,400846,400848,2,9
400837,400847,400849,2,10
400837,400846,400850,4,9
400837,400846,400850,4,9
400837,400847,400850,3,10
400837,400848,400850,2,11
400837,400848,400850,2,11
400837,400848,400850,2,11
400837,400848,400850,2,11
400837,400847,400850,3,10
400837,400848,400851,3,11
400837,400849,400851,2,12
400837,400849,400851,2,12
400837,400849,400851,2,12
400837,400849,400851,2,12
400837,400849,400852,3,12
400837,400847,400852,5,10
400837,400849,400852,3,12
400837,400850,400852,2,13
400837,400850,400853,3,13
400837,400851,400853,2,14
400837,400851,400853,2,14
400837,400851,400854,3,14
400837,400850,400853,3,13
400837,400850,400854,4,13
400837,400852,400854,2,15
400837,400852,400854,2,15
400837,400851,400854,3,14
400837,400852,400855,3,15
400837,400852,400854,2,15
400837,400851,400854,3,14
400837,400851,400854,3,14
400837,400852,400855,3,15
400837,400854,400856,2,17
400837,400854,400856,2,17
400837,400853,400855,2,16
400837,400854,400856,2,17
400837,400854,400856,2,17
400837,400855,400857,2,18
400837,400853,400856,3,16
400837,400852,400857,5,15
400837,400855,400857,2,18
400837,400855,400857,2,18
400837,400855,400857,2,18
400837,400856,400858,2,19
400837,400855,400857,2,18
400837,400855,400857,2,18
400837,400855,400858,3,18
400837,400854,400858,4,17
400837,400854,400858,4,17
400837,400856,400858,2,19
400837,400856,400858,2,19
400837,400857,400859,2,20
400837,400857,400860,3,20
400837,400856,400859,3,19
400837,400858,400861,3,21
400837,400857,400860,3,20
400837,400858,400861,3,21
400837,400857,400861,4,20
400837,400859,400861,2,22
400837,400858,400862,4,21
400837,400858,400861,3,21
400837,400859,400862,3,22
400837,400858,400862,4,21
400837,400858,400862,4,21
400837,400857,400862,5,20
400837,400860,400862,2,23
400837,400858,400862,4,21
400837,400860,400863,3,23
400837,400861,400863,2,24
400837,400860,400863,3,23
400837,400858,400863,5,21
400837,400858,400863,5,21
400837,400862,400864,2,25
400837,400861,400863,2,24
400837,400862,400864,2,25
400837,400861,400863,2,24
400837,400862,400864,2,25
400837,400863,400865,2,26
400837,400862,400864,2,25
400837,400861,400865,4,24
400837,400862,400865,3,25
400837,400862,400865,3,25
400837,400863,400865,2,26
400837,400864,400866,2,27
400837,400863,400865,2,26
400837,400863,400865,2,26
400837,400864,400866,2,27
400837,400863,400866,3,26
400837,400864,400866,2,27
400837,400864,400866,2,27
400837,400864,400866,2,27
400837,400863,400867,4,26
400837,400863,400867,4,26
400837,400866,400868,2,29
400837,400865,400869,4,28
400837,400865,400869,4,28
400837,400866,400869,3,29
400837,400865,400868,3,28
400837,400866,400869,3,29
400837,400866,400869,3,29
400837,400865,400869,4,28
400837,400865,400869,4,28
400837,400865,400870,5,28
400837,400867,400870,3,30
396052,396073,401085,5012,21
401087,401087,401089,2,0
401087,401087,401089,2,0
401087,401087,401088,1,0
401087,401087,401089,2,0
401087,401087,401089,2,0
401087,401087,401089,2,0
401087,401087,401089,2,0
401087,401087,401089,2,0
401087,401087,401089,2,0
401087,401087,401089,2,0
401087,401087,401090,3,0
401087,401087,401089,2,0
401087,401087,401089,2,0
401087,401087,401090,3,0
401087,401087,401090,3,0
401087,401089,401091,2,2
401087,401089,401091,2,2
401087,401087,401090,3,0
401087,401089,401091,2,2
401087,401087,401092,5,0
401087,401089,401091,2,2
401087,401089,401091,2,2
401087,401089,401091,2,2
401087,401089,401092,3,2
401087,401089,401091,2,2
401087,401090,401092,2,3
401087,401090,401092,2,3
401087,401091,401093,2,4
401087,401091,401093,2,4
401087,401090,401093,3,3
401087,401090,401092,2,3
401087,401091,401093,2,4
401087,401091,401094,3,4
401087,401091,401094,3,4
401087,401090,401094,4,3
401087,401091,401094,3,4
401087,401092,401094,2,5
401087,401092,401094,2,5
401087,401092,401094,2,5
401087,401092,401094,2,5
401087,401092,401095,3,5
401087,401093,401095,2,6
401087,401092,401095,3,5
401087,401092,401095,3,5
401087,401094,401095,1,7
401087,401092,401094,2,5
401087,401093,401095,2,6
401087,401094,401096,2,7
401087,401093,401095,2,6
401087,401093,401095,2,6
401087,401093,401095,2,6
401087,401094,401096,2,7
401087,401094,401095,1,7
401087,401094,401096,2,7
401087,401094,401096,2,7
401087,401094,401095,1,7
401087,401094,401096,2,7
401087,401095,401096,1,8
401087,401095,401097,2,8
401087,401095,401097,2,8
401087,401095,401097,2,8
401087,401095,401096,1,8
401087,401095,401097,2,8
401087,401096,401098,2,9
401087,401095,401097,2,8
401087,401096,401097,1,9
401087,401096,401098,2,9
401087,401096,401098,2,9
401087,401096,401098,2,9
401087,401096,401098,2,9
401087,401097,401099,2,10
401087,401096,401098,2,9
401087,401096,401098,2,9
401087,401096,401099,3,9
401087,401097,401099,2,10
401087,401097,401099,2,10
401087,401097,401099,2,10
401087,401097,401099,2,10
401087,401097,401100,3,10
401087,401097,401100,3,10
401087,401098,401100,2,11
401087,401098,401101,3,11
401087,401098,401101,3,11
401087,401098,401101,3,11
401087,401098,401101,3,11
401087,401099,401101,2,12
401087,401098,401101,3,11
401087,401098,401102,4,11
401087,401101,401103,2,14
401087,401099,401103,4,12
401087,401099,401103,4,12
401087,401099,401103,4,12
401087,401099,401103,4,12
401087,401099,401103,4,12
401087,401102,401104,2,15
401087,401099,401104,5,12
401087,401099,401104,5,12
401087,401100,401104,4,13
401087,401101,401104,3,14
401087,401102,401104,2,15
401087,401100,401104,4,13
401087,401102,401104,2,15
401087,401102,401105,3,15
401087,401102,401104,2,15
401087,401103,401105,2,16
401087,401103,401105,2,16
401087,401103,401105,2,16
401087,401102,401105,3,15
401087,401103,401106,3,16
401087,401103,401107,4,16
401087,401104,401107,3,17
401087,401105,401108,3,18
401087,401105,401107,2,18
401087,401105,401108,3,18
401087,401104,401108,4,17
401087,401106,401108,2,19
401087,401106,401108,2,19
401087,401105,401108,3,18
401087,401105,401108,3,18
401087,401105,401108,3,18
401087,401105,401109,4,18
401087,401107,401109,2,20
401087,401106,401109,3,19
401087,401108,401109,1,21
401087,401108,401110,2,21
401087,401105,401109,4,18
401087,401105,401109,4,18
401087,401108,401111,3,21
401087,401109,401111,2,22
401087,401109,401111,2,22
401087,401109,401111,2,22
401087,401108,401111,3,21
401087,401108,401111,3,21
401087,401109,401111,2,22
401087,401105,401112,7,18
401087,401109,401113,4,22
401087,401109,401113,4,22
401087,401109,401113,4,22
401087,401110,401115,5,23
401087,401110,401114,4,23
401087,401110,401115,5,23
401087,401111,401115,4,24
401087,401110,401116,6,23
401087,401112,401116,4,25
401087,401112,401115,3,25
401087,401112,401115,3,25
401087,401110,401116,6,23
401087,401112,401116,4,25
401087,401110,401118,8,23
401087,401112,401118,6,25
396440,396463,401535,5072,23
401537,401537,401539,2,0
401537,401537,401539,2,0
401537,401537,401539,2,0
401537,401537,401539,2,0
401537,401537,401539,2,0
401537,401537,401540,3,0
401537,401537,401540,3,0
401537,401537,401540,3,0
401537,401537,401540,3,0
401537,401537,401539,2,0
401537,401537,401539,2,0
401537,401537,401539,2,0
401537,401537,401540,3,0
401537,401537,401540,3,0
401537,401537,401540,3,0
401537,401537,401540,3,0
401537,401539,401541,2,2
401537,401539,401541,2,2
401537,401537,401541,4,0
401537,401539,401542,3,2
401537,401539,401542,3,2
401537,401539,401541,2,2
401537,401540,401543,3,3
401537,401540,401543,3,3
401537,401540,401543,3,3
401537,401540,401543,3,3
401537,401540,401543,3,3
401537,401540,401543,3,3
401537,401540,401543,3,3
401537,401540,401543,3,3
401537,401541,401544,3,4
401537,401542,401544,2,5
401537,401540,401544,4,3
401537,401540,401543,3,3
401537,401541,401544,3,4
401537,401542,401544,2,5
401537,401542,401544,2,5
401537,401543,401545,2,6
401537,401541,401545,4,4
401537,401544,401545,1,7
401537,401541,401546,5,4
401537,401544,401546,2,7
401537,401544,401546,2,7
401537,401543,401546,3,6
401537,401543,401546,3,6
401537,401545,401546,1,8
401537,401544,401546,2,7
401537,401545,401546,1,8
401537,401545,401546,1,8
401537,401544,401547,3,7
401537,401544,401547,3,7
401537,401544,401546,2,7
401537,401545,401547,2,8
401537,401545,401547,2,8
401537,401546,401547,1,9
401537,401546,401548,2,9
401537,401545,401548,3,8
401537,401546,401548,2,9
401537,401546,401549,3,9
401537,401547,401549,2,10
401537,401548,401549,1,11
401537,401547,401549,2,10
401537,401547,401549,2,10
401537,401547,401549,2,10
401537,401547,401549,2,10
401537,401547,401550,3,10
401537,401547,401550,3,10
401537,401546,401550,4,9
401537,401547,401550,3,10
401537,401547,401550,3,10
401537,401549,401550,1,12
401537,401548,401550,2,11
401537,401548,401550,2,11
401537,401550,401551,1,13
401537,401549,401551,2,12
401537,401550,401551,1,13
401537,401550,401552,2,13
401537,401550,401552,2,13
401537,401550,401551,1,13
401537,401550,401552,2,13
401537,401549,401551,2,12
401537,401551,401552,1,14
401537,401550,401553,3,13
401537,401550,401553,3,13
401537,401550,401553,3,13
401537,401550,401553,3,13
401537,401551,401553,2,14
401537,401551,401554,3,14
401537,401550,401553,3,13
401537,401550,401554,4,13
401537,401552,401554,2,15
401537,401552,401555,3,15
401537,401552,401555,3,15
401537,401552,401555,3,15
401537,401553,401555,2,16
401537,401552,401555,3,15
401537,401552,401555,3,15
401537,401552,401555,3,15
401537,401554,401556,2,17
401537,401552,401555,3,15
401537,401553,401556,3,16
401537,401553,401556,3,16
401537,401553,401556,3,16
401537,401554,401556,2,17
401537,401555,401557,2,18
401537,401556,401558,2,19
401537,401555,401557,2,18
401537,401556,401557,1,19
401537,401556,401558,2,19
401537,401555,401557,2,18
401537,401555,401557,2,18
401537,401556,401558,2,19
401537,401554,401557,3,17
401537,401554,401557,3,17
401537,401555,401558,3,18
401537,401557,401559,2,20
401537,401556,401559,3,19
401537,401558,401560,2,21
401537,401558,401560,2,21
401537,401558,401560,2,21
401537,401558,401560,2,21
401537,401556,401559,3,19
401537,401556,401560,4,19
401537,401556,401560,4,19
401537,401557,401560,3,20
401537,401557,401560,3,20
401537,401559,401560,1,22
401537,401558,401560,2,21
401537,401558,401560,2,21
401537,401558,401560,2,21
401537,401559,401561,2,22
401537,401558,401561,3,21
401537,401560,401562,2,23
401537,401560,401562,2,23
401537,401558,401562,4,21
401537,401560,401562,2,23
401537,401561,401563,2,24
401537,401561,401563,2,24
401537,401561,401563,2,24
401537,401560,401563,3,23
401537,401560,401563,3,23
401537,401560,401563,3,23
401537,401560,401563,3,23
401537,401559,401563,4,22
401537,401561,401563,2,24
401537,401561,401563,2,24
401537,401561,401564,3,24
401537,401561,401564,3,24
401537,401561,401565,4,24
401537,401562,401566,4,25
396656,396678,401763,5085,22
401765,401765,401767,2,0
401765,401765,401767,2,0
401765,401765,401767,2,0
401765,401765,401767,2,0
401765,401765,401768,3,0
401765,401765,401768,3,0
401765,401765,401768,3,0
401765,401765,401767,2,0
401765,401765,401767,2,0
401765,401765,401767,2,0
401765,401765,401767,2,0
401765,401765,401768,3,0
401765,401765,401768,3,0
401765,401765,401768,3,0
401765,401765,401768,3,0
401765,401765,401768,3,0
401765,401765,401769,4,0
401765,401767,401769,2,2
401765,401767,401769,2,2
401765,401767,401769,2,2
401765,401767,401769,2,2
401765,401768,401770,2,3
401765,401768,401771,3,3
401765,401768,401770,2,3
401765,401768,401770,2,3
401765,401768,401770,2,3
401765,401768,401772,4,3
401765,401768,401771,3,3
401765,401769,401772,3,4
401765,401770,401772,2,5
401765,401770,401772,2,5
401765,401768,401771,3,3
401765,401769,401772,3,4
401765,401769,401772,3,4
401765,401770,401772,2,5
401765,401769,401772,3,4
401765,401770,401772,2,5
401765,401769,401772,3,4
401765,401771,401774,3,6
401765,401771,401774,3,6
401765,401771,401774,3,6
401765,401771,401773,2,6
401765,401772,401774,2,7
401765,401771,401773,2,6
401765,401772,401774,2,7
401765,401772,401774,2,7
401765,401773,401774,1,8
401765,401773,401775,2,8
401765,401772,401774,2,7
401765,401772,401775,3,7
401765,401772,401775,3,7
401765,401773,401775,2,8
401765,401773,401774,1,8
401765,401772,401775,3,7
401765,401772,401775,3,7
401765,401774,401775,1,9
401765,401774,401776,2,9
401765,401774,401775,1,9
401765,401774,401776,2,9
401765,401774,401776,2,9
401765,401774,401776,2,9
401765,401774,401775,1,9
401765,401775,401777,2,10
401765,401775,401777,2,10
401765,401775,401777,2,10
401765,401775,401777,2,10
401765,401775,401778,3,10
401765,401775,401778,3,10
401765,401775,401778,3,10
401765,401776,401779,3,11
401765,401776,401779,3,11
401765,401776,401778,2,11
401765,401777,401779,2,12
401765,401776,401779,3,11
401765,401776,401778,2,11
401765,401776,401778,2,11
401765,401776,401779,3,11
401765,401776,401779,3,11
401765,401777,401779,2,12
401765,401775,401779,4,10
401765,401776,401779,3,11
401765,401777,401780,3,12
401765,401778,401781,3,13
401765,401779,401781,2,14
401765,401779,401781,2,14
401765,401779,401781,2,14
401765,401779,401782,3,14
401765,401779,401781,2,14
401765,401779,401782,3,14
401765,401779,401782,3,14
401765,401779,401782,3,14
401765,401779,401782,3,14
401765,401778,401782,4,13
401765,401778,401782,4,13
401765,401778,401782,4,13
401765,401779,401782,3,14
401765,401779,401782,3,14
401765,401781,401783,2,16
401765,401780,401783,3,15
401765,401780,401783,3,15
401765,401781,401784,3,16
401765,401781,401784,3,16
401765,401783,401784,1,18
401765,401781,401785,4,16
401765,401782,401785,3,17
401765,401782,401785,3,17
401765,401782,401784,2,17
401765,401782,401785,3,17
401765,401782,401785,3,17
401765,401783,401786,3,18
401765,401783,401785,2,18
401765,401783,401786,3,18
401765,401784,401786,2,19
401765,401785,401787,2,20
401765,401783,401786,3,18
401765,401783,401786,3,18
401765,401783,401786,3,18
401765,401783,401786,3,18
401765,401785,401787,2,20
401765,401785,401787,2,20
401765,401786,401787,1,21
401765,401785,401788,3,20
401765,401784,401788,4,19
401765,401785,401788,3,20
401765,401785,401788,3,20
401765,401785,401788,3,20
401765,401786,401789,3,21
401765,401787,401789,2,22
401765,401787,401789,2,22
401765,401787,401789,2,22
401765,401788,401789,1,23
401765,401786,401789,3,21
401765,401787,401790,3,22
401765,401786,401790,4,21
401765,401789,401790,1,24
401765,401788,401790,2,23
401765,401787,401791,4,22
401765,401787,401791,4,22
401765,401787,401791,4,22
401765,401788,401791,3,23
401765,401789,401791,2,24
401765,401789,401791,2,24
401765,401790,401792,2,25
401765,401789,401792,3,24
401765,401789,401791,2,24
401765,401789,401792,3,24
401765,401790,401792,2,25
401765,401790,401792,2,25
401765,401790,401792,2,25
401765,401790,401793,3,25
398139,398160,401859,3699,21
401859,401859,401861,2,0
401859,401859,401861,2,0
401859,401859,401861,2,0
401859,401859,401861,2,0
401859,401859,401862,3,0
401859,401859,401862,3,0
401859,401859,401861,2,0
401859,401859,401862,3,0
401859,401859,401862,3,0
401859,401859,401862,3,0
401859,401859,401862,3,0
401859,401859,401862,3,0
401859,401859,401862,3,0
401859,401859,401862,3,0
401859,401859,401862,3,0
401859,401860,401863,3,1
401859,401861,401863,2,2
401859,401862,401863,1,3
401859,401862,401863,1,3
401859,401863,401864,1,4
401859,401863,401864,1,4
401859,401863,401864,1,4
401859,401862,401864,2,3
401859,401863,401864,1,4
401859,401863,401864,1,4
401859,401863,401865,2,4
401859,401860,401864,4,1
401859,401862,401865,3,3
401859,401863,401865,2,4
401859,401864,401866,2,5
401859,401864,401866,2,5
401859,401864,401866,2,5
401859,401863,401866,3,4
401859,401863,401866,3,4
401859,401863,401866,3,4
401859,401863,401866,3,4
401859,401865,401867,2,6
401859,401865,401867,2,6
401859,401865,401867,2,6
401859,401865,401867,2,6
401859,401865,401867,2,6
401859,401865,401867,2,6
401859,401865,401867,2,6
401859,401867,401868,1,8
401859,401866,401868,2,7
401859,401867,401868,1,8
401859,401866,401868,2,7
401859,401867,401868,1,8
401859,401866,401869,3,7
401859,401868,401869,1,9
401859,401868,401869,1,9
401859,401868,401869,1,9
401859,401868,401869,1,9
401859,401868,401869,1,9
401859,401867,401869,2,8
401859,401867,401869,2,8
401859,401867,401869,2,8
401859,401867,401869,2,8
401859,401869,401870,1,10
401859,401868,401870,2,9
401859,401869,401871,2,10
401859,401869,401870,1,10
401859,401869,401870,1,10
401859,401869,401871,2,10
401859,401870,401872,2,11
401859,401870,401872,2,11
401859,401870,401872,2,11
401859,401870,401872,2,11
401859,401871,401872,1,12
401859,401870,401872,2,11
401859,401870,401872,2,11
401859,401871,401872,1,12
401859,401871,401873,2,12
401859,401871,401873,2,12
401859,401870,401873,3,11
401859,401870,401873,3,11
401859,401871,401873,2,12
401859,401871,401873,2,12
401859,401872,401873,1,13
401859,401872,401873,1,13
401859,401872,401874,2,13
401859,401870,401873,3,11
401859,401870,401873,3,11
401859,401873,401875,2,14
401859,401873,401875,2,14
401859,401873,401875,2,14
401859,401874,401876,2,15
401859,401873,401875,2,14
401859,401874,401876,2,15
401859,401873,401875,2,14
401859,401873,401876,3,14
401859,401874,401877,3,15
401859,401873,401876,3,14
401859,401874,401876,2,15
401859,401873,401877,4,14
401859,401873,401876,3,14
401859,401874,401877,3,15
401859,401874,401878,4,15
401859,401874,401878,4,15
401859,401876,401878,2,17
401859,401876,401878,2,17
401859,401876,401878,2,17
401859,401876,401878,2,17
401859,401876,401879,3,17
401859,401876,401878,2,17
401859,401876,401879,3,17
401859,401877,401879,2,18
401859,401877,401880,3,18
401859,401877,401880,3,18
401859,401877,401880,3,18
401859,401877,401880,3,18
401859,401877,401880,3,18
401859,401878,401881,3,19
401859,401879,401882,3,20
401859,401878,401882,4,19
401859,401879,401882,3,20
401859,401879,401882,3,20
401859,401879,401882,3,20
401859,401879,401881,2,20
401859,401879,401882,3,20
401859,401879,401882,3,20
401859,401878,401882,4,19
401859,401879,401883,4,20
401859,401880,401882,2,21
401859,401882,401884,2,23
401859,401880,401883,3,21
401859,401881,401884,3,22
401859,401882,401884,2,23
401859,401881,401884,3,22
401859,401882,401884,2,23
401859,401882,401885,3,23
401859,401882,401884,2,23
401859,401882,401885,3,23
401859,401883,401885,2,24
401859,401882,401885,3,23
401859,401882,401885,3,23
401859,401883,401885,2,24
401859,401881,401884,3,22
401859,401881,401884,3,22
401859,401884,401886,2,25
401859,401882,401885,3,23
401859,401884,401887,3,25
401859,401885,401887,2,26
401859,401885,401888,3,26
401859,401885,401887,2,26
401859,401885,401888,3,26
401859,401885,401888,3,26
401859,401885,401888,3,26
401859,401885,401888,3,26
401859,401900,401904,4,41
398429,398453,401907,3454,24
401911,401911,401913,2,0
401911,401911,401912,1,0
401911,401911,401913,2,0
401911,401911,401913,2,0
401911,401911,401913,2,0
401911,401911,401913,2,0
401911,401911,401912,1,0
401911,401911,401913,2,0
401911,401911,401913,2,0
401911,401911,401914,3,0
401911,401911,401913,2,0
401911,401911,401914,3,0
401911,401911,401914,3,0
401911,401911,401913,2,0
401911,401911,401914,3,0
401911,401913,401915,2,2
401911,401913,401915,2,2
401911,401913,401915,2,2
401911,401913,401914,1,2
401911,401913,401915,2,2
401911,401913,401915,2,2
401911,401914,401916,2,3
401911,401914,401916,2,3
401911,401913,401915,2,2
401911,401914,401916,2,3
401911,401915,401917,2,4
401911,401915,401917,2,4
401911,401915,401917,2,4
401911,401914,401916,2,3
401911,401914,401917,3,3
401911,401914,401917,3,3
401911,401914,401917,3,3
401911,401915,401917,2,4
401911,401915,401917,2,4
401911,401916,401918,2,5
401911,401915,401918,3,4
401911,401916,401919,3,5
401911,401915,401919,4,4
401911,401916,401919,3,5
401911,401917,401919,2,6
401911,401917,401919,2,6
401911,401917,401919,2,6
401911,401917,401919,2,6
401911,401911,401919,8,0
401911,401911,401920,9,0
401911,401918,401920,2,7
401911,401918,401920,2,7
401911,401918,401920,2,7
401911,401918,401920,2,7
401911,401917,401920,3,6
401911,401917,401920,3,6
401911,401917,401920,3,6
401911,401917,401920,3,6
401911,401919,401921,2,8
401911,401919,401920,1,8
401911,401919,401921,2,8
401911,401919,401921,2,8
401911,401919,401921,2,8
401911,401919,401921,2,8
401911,401920,401922,2,9
401911,401920,401922,2,9
401911,401920,401922,2,9
401911,401920,401922,2,9
401911,401920,401922,2,9
401911,401921,401923,2,10
401911,401921,401923,2,10
401911,401921,401923,2,10
401911,401921,401923,2,10
401911,401920,401923,3,9
401911,401920,401923,3,9
401911,401920,401923,3,9
401911,401920,401923,3,9
401911,401921,401924,3,10
401911,401922,401924,2,11
401911,401922,401924,2,11
401911,401922,401924,2,11
401911,401922,401924,2,11
401911,401923,401925,2,12
401911,401922,401926,4,11
401911,401923,401926,3,12
401911,401923,401926,3,12
401911,401924,401926,2,13
401911,401923,401926,3,12
401911,401923,401926,3,12
401911,401924,401927,3,13
401911,401924,401927,3,13
401911,401924,401926,2,13
401911,401924,401926,2,13
401911,401925,401927,2,14
401911,401924,401927,3,13
401911,401923,401927,4,12
401911,401924,401927,3,13
401911,401924,401927,3,13
401911,401920,401928,8,9
401911,401926,401928,2,15
401911,401927,401929,2,16
401911,401926,401929,3,15
401911,401926,401929,3,15
401911,401926,401929,3,15
401911,401926,401929,3,15
401911,401927,401929,2,16
401911,401928,401929,1,17
401911,401927,401930,3,16
401911,401927,401929,2,16
401911,401927,401930,3,16
401911,401929,401930,1,18
401911,401927,401931,4,16
401911,401928,401930,2,17
401911,401928,401931,3,17
401911,401929,401931,2,18
401911,401929,401931,2,18
401911,401930,401932,2,19
401911,401928,401931,3,17
401911,401929,401932,3,18
401911,401929,401932,3,18
401911,401929,401932,3,18
401911,401930,401932,2,19
401911,401929,401932,3,18
401911,401931,401932,1,20
401911,401930,401933,3,19
401911,401931,401933,2,20
401911,401932,401933,1,21
401911,401932,401934,2,21
401911,401932,401934,2,21
401911,401933,401934,1,22
401911,401931,401934,3,20
401911,401931,401934,3,20
401911,401931,401934,3,20
401911,401932,401935,3,21
401911,401932,401935,3,21
401911,401932,401935,3,21
401911,401933,401935,2,22
401911,401933,401935,2,22
401911,401920,401928,8,9
401911,401932,401936,4,21
401911,401935,401936,1,24
401911,401935,401937,2,24
401911,401934,401936,2,23
401911,401934,401936,2,23
401911,401934,401936,2,23
401911,401933,401937,4,22
401911,401936,401937,1,25
401911,401935,401938,3,24
401911,401935,401938,3,24
401911,401936,401938,2,25
401911,401935,401938,3,24
401911,401935,401938,3,24
401911,401935,401938,3,24
401911,401935,401939,4,24
401911,401936,401940,4,25
398569,398594,402067,3473,25
402068,402068,402069,1,0
402068,402068,402069,1,0
402068,402068,402070,2,0
402068,402068,402069,1,0
402068,402068,402070,2,0
402068,402068,402071,3,0
402068,402068,402071,3,0
402068,402068,402071,3,0
402068,402068,402071,3,0
402068,402068,402070,2,0
402068,402068,402071,3,0
402068,402070,402072,2,2
402068,402068,402071,3,0
402068,402068,402071,3,0
402068,402070,402072,2,2
402068,402068,402071,3,0
402068,402068,402071,3,0
402068,402068,402071,3,0
402068,402068,402071,3,0
402068,402070,402072,2,2
402068,402070,402072,2,2
402068,402071,402073,2,3
402068,402071,402073,2,3
402068,402071,402073,2,3
402068,402071,402073,2,3
402068,402071,402073,2,3
402068,402071,402074,3,3
402068,402072,402074,2,4
402068,402072,402074,2,4
402068,402071,402073,2,3
402068,402072,402075,3,4
402068,402073,402075,2,5
402068,402072,402075,3,4
402068,402073,402075,2,5
402068,402072,402074,2,4
402068,402073,402075,2,5
402068,402074,402076,2,6
402068,402072,402075,3,4
402068,402074,402076,2,6
402068,402072,402075,3,4
402068,402072,402075,3,4
402068,402072,402076,4,4
402068,402073,402075,2,5
402068,402073,402075,2,5
402068,402074,402076,2,6
402068,402075,402077,2,7
402068,402075,402077,2,7
402068,402075,402077,2,7
402068,402074,402076,2,6
402068,402075,402076,1,7
402068,402075,402077,2,7
402068,402074,402077,3,6
402068,402076,402078,2,8
402068,402076,402077,1,8
402068,402075,402077,2,7
402068,402076,402078,2,8
402068,402076,402078,2,8
402068,402076,402078,2,8
402068,402077,402078,1,9
402068,402076,402079,3,8
402068,402076,402078,2,8
402068,402076,402078,2,8
402068,402077,402079,2,9
402068,402077,402079,2,9
402068,402077,402079,2,9
402068,402077,402079,2,9
402068,402078,402079,1,10
402068,402077,402079,2,9
402068,402078,402080,2,10
402068,402077,402080,3,9
402068,402078,402080,2,10
402068,402078,402080,2,10
402068,402078,402080,2,10
402068,402079,402081,2,11
402068,402079,402081,2,11
402068,402079,402081,2,11
402068,402079,402081,2,11
402068,402078,402081,3,10
402068,402079,402082,3,11
402068,402080,402082,2,12
402068,402079,402082,3,11
402068,402079,402082,3,11
402068,402081,402083,2,13
402068,402080,402082,2,12
402068,402080,402083,3,12
402068,402080,402083,3,12
402068,402081,402083,2,13
402068,402079,402082,3,11
402068,402080,402083,3,12
402068,402080,402083,3,12
402068,402081,402083,2,13
402068,402082,402084,2,14
402068,402082,402084,2,14
402068,402082,402084,2,14
402068,402082,402084,2,14
402068,402083,402084,1,15
402068,402083,402085,2,15
402068,402082,402085,3,14
402068,402082,402085,3,14
402068,402082,402086,4,14
402068,402083,402086,3,15
402068,402082,402085,3,14
402068,402083,402086,3,15
402068,402083,402085,2,15
402068,402084,402086,2,16
402068,402084,402086,2,16
402068,402084,402086,2,16
402068,402085,402086,1,17
402068,402084,402086,2,16
402068,402085,402086,1,17
402068,402083,402087,4,15
402068,402083,402087,4,15
402068,402085,402087,2,17
402068,402085,402087,2,17
402068,402086,402088,2,18
402068,402085,402088,3,17
402068,402087,402088,1,19
402068,402087,402089,2,19
402068,402086,402088,2,18
402068,402085,402089,4,17
402068,402087,402089,2,19
402068,402087,402089,2,19
402068,402087,402089,2,19
402068,402088,402089,1,20
402068,402086,402089,3,18
402068,402086,402090,4,18
402068,402086,402090,4,18
402068,402086,402089,3,18
402068,402088,402091,3,20
402068,402088,402091,3,20
402068,402088,402091,3,20
402068,402089,402091,2,21
402068,402087,402091,4,19
402068,402089,402091,2,21
402068,402090,402092,2,22
402068,402090,402091,1,22
402068,402090,402092,2,22
402068,402089,402091,2,21
402068,402089,402091,2,21
402068,402090,402092,2,22
402068,402090,402092,2,22
402068,402090,402093,3,22
402068,402090,402094,4,22
402068,402090,402093,3,22
402068,402090,402094,4,22
402068,402091,402094,3,23
402068,402091,402094,3,23
402068,402091,402094,3,23
402068,402091,402095,4,23
402068,402092,402097,5,24
397345,397365,402350,4985,20
402351,402351,402353,2,0
402351,402351,402353,2,0
402351,402351,402354,3,0
402351,402351,402354,3,0
402351,402351,402353,2,0
402351,402351,402354,3,0
402351,402351,402354,3,0
402351,402351,402354,3,0
402351,402351,402354,3,0
402351,402351,402354,3,0
402351,402351,402354,3,0
402351,402351,402354,3,0
402351,402351,402354,3,0
402351,402351,402354,3,0
402351,402351,402354,3,0
402351,402353,402355,2,2
402351,402351,402355,4,0
402351,402351,402355,4,0
402351,402354,402357,3,3
402351,402354,402357,3,3
402351,402354,402356,2,3
402351,402354,402357,3,3
402351,402354,402357,3,3
402351,402354,402356,2,3
402351,402354,402357,3,3
402351,402354,402357,3,3
402351,402354,402357,3,3
402351,402354,402357,3,3
402351,402355,402357,2,4
402351,402355,402358,3,4
402351,402355,402358,3,4
402351,402354,402358,4,3
402351,402354,402358,4,3
402351,402355,402358,3,4
402351,402357,402359,2,6
402351,402357,402359,2,6
402351,402357,402359,2,6
402351,402357,402359,2,6
402351,402355,402359,4,4
402351,402357,402359,2,6
402351,402357,402360,3,6
402351,402357,402360,3,6
402351,402357,402360,3,6
402351,402357,402360,3,6
402351,402357,402360,3,6
402351,402357,402360,3,6
402351,402359,402361,2,8
402351,402358,402361,3,7
402351,402358,402361,3,7
402351,402358,402361,3,7
402351,402360,402361,1,9
402351,402358,402361,3,7
402351,402358,402361,3,7
402351,402360,402361,1,9
402351,402360,402361,1,9
402351,402360,402361,1,9
402351,402360,402362,2,9
402351,402361,402362,1,10
402351,402360,402362,2,9
402351,402361,402362,1,10
402351,402361,402362,1,10
402351,402361,402362,1,10
402351,402361,402363,2,10
402351,402360,402363,3,9
402351,402362,402364,2,11
402351,402362,402363,1,11
402351,402361,402364,3,10
402351,402361,402364,3,10
402351,402361,402364,3,10
402351,402363,402364,1,12
402351,402363,402364,1,12
402351,402363,402365,2,12
402351,402362,402364,2,11
402351,402362,402364,2,11
402351,402363,402365,2,12
402351,402363,402365,2,12
402351,402363,402365,2,12
402351,402362,402365,3,11
402351,402362,402365,3,11
402351,402363,402366,3,12
402351,402364,402366,2,13
402351,402364,402366,2,13
402351,402364,402366,2,13
402351,402365,402367,2,14
402351,402366,402367,1,15
402351,402365,402367,2,14
402351,402365,402367,2,14
402351,402365,402367,2,14
402351,402365,402367,2,14
402351,402365,402368,3,14
402351,402365,402368,3,14
402351,402365,402368,3,14
402351,402365,402368,3,14
402351,402366,402368,2,15
402351,402367,402368,1,16
402351,402366,402369,3,15
402351,402367,402369,2,16
402351,402368,402370,2,17
402351,402366,402369,3,15
402351,402366,402369,3,15
402351,402367,402369,2,16
402351,402367,402369,2,16
402351,402368,402370,2,17
402351,402369,402371,2,18
402351,402368,402370,2,17
402351,402368,402370,2,17
402351,402368,402370,2,17
402351,402368,402370,2,17
402351,402369,402371,2,18
402351,402369,402372,3,18
402351,402370,402371,1,19
402351,402370,402372,2,19
402351,402369,402372,3,18
402351,402369,402372,3,18
402351,402369,402372,3,18
402351,402370,402372,2,19
402351,402371,402373,2,20
402351,402371,402373,2,20
402351,402370,402373,3,19
402351,402371,402373,2,20
402351,402370,402373,3,19
402351,402370,402373,3,19
402351,402371,402373,2,20
402351,402371,402373,2,20
402351,402372,402374,2,21
402351,402371,402373,2,20
402351,402372,402374,2,21
402351,402372,402374,2,21
402351,402373,402375,2,22
402351,402372,402375,3,21
402351,402373,402375,2,22
402351,402373,402375,2,22
402351,402374,402376,2,23
402351,402373,402375,2,22
402351,402373,402376,3,22
402351,402374,402376,2,23
402351,402374,402376,2,23
402351,402374,402376,2,23
402351,402374,402376,2,23
402351,402374,402376,2,23
402351,402374,402376,2,23
402351,402375,402377,2,24
402351,402375,402377,2,24
402351,402374,402377,3,23
402351,402374,402378,4,23
402351,402376,402379,3,25
402351,402375,402378,3,24
402351,402376,402379,3,25
402351,402376,402380,4,25
402351,402376,402379,3,25
397670,397694,402819,5125,24
402820,402820,402822,2,0
402820,402820,402822,2,0
402820,402820,402823,3,0
402820,402820,402823,3,0
402820,402820,402823,3,0
402820,402820,402823,3,0
402820,402820,402823,3,0
402820,402820,402823,3,0
402820,402820,402823,3,0
402820,402820,402823,3,0
402820,402821,402823,2,1
402820,402820,402823,3,0
402820,402820,402823,3,0
402820,402820,402823,3,0
402820,402820,402823,3,0
402820,402821,402824,3,1
402820,402821,402824,3,1
402820,402822,402825,3,2
402820,402824,402825,1,4
402820,402822,402825,3,2
402820,402824,402826,2,4
402820,402824,402826,2,4
402820,402824,402826,2,4
402820,402824,402826,2,4
402820,402824,402826,2,4
402820,402823,402827,4,3
402820,402824,402827,3,4
402820,402826,402827,1,6
402820,402824,402827,3,4
402820,402824,402827,3,4
402820,402824,402827,3,4
402820,402826,402828,2,6
402820,402824,402827,3,4
402820,402824,402828,4,4
402820,402826,402828,2,6
402820,402824,402828,4,4
402820,402827,402828,1,7
402820,402824,402828,4,4
402820,402827,402829,2,7
402820,402828,402829,1,8
402820,402827,402829,2,7
402820,402827,402829,2,7
402820,402827,402829,2,7
402820,402828,402829,1,8
402820,402828,402829,1,8
402820,402828,402829,1,8
402820,402828,402830,2,8
402820,402828,402830,2,8
402820,402828,402830,2,8
402820,402828,402830,2,8
402820,402828,402830,2,8
402820,402829,402830,1,9
402820,402829,402830,1,9
402820,402830,402831,1,10
402820,402829,402831,2,9
402820,402828,402831,3,8
402820,402830,402831,1,10
402820,402830,402831,1,10
402820,402830,402831,1,10
402820,402829,402831,2,9
402820,402830,402831,1,10
402820,402830,402831,1,10
402820,402830,402832,2,10
402820,402831,402833,2,11
402820,402831,402833,2,11
402820,402832,402833,1,12
402820,402831,402833,2,11
402820,402831,402834,3,11
402820,402831,402833,2,11
402820,402832,402833,1,12
402820,402831,402833,2,11
402820,402831,402834,3,11
402820,402832,402834,2,12
402820,402832,402834,2,12
402820,402832,402834,2,12
402820,402832,402834,2,12
402820,402832,402834,2,12
402820,402832,402835,3,12
402820,402833,402835,2,13
402820,402834,402835,1,14
402820,402832,402835,3,12
402820,402833,402835,2,13
402820,402834,402835,1,14
402820,402834,402836,2,14
402820,402834,402837,3,14
402820,402834,402837,3,14
402820,402834,402836,2,14
402820,402834,402836,2,14
402820,402834,402836,2,14
402820,402834,402837,3,14
402820,402836,402837,1,16
402820,402834,402837,3,14
402820,402834,402837,3,14
402820,402836,402838,2,16
402820,402835,402837,2,15
402820,402836,402838,2,16
402820,402835,402837,2,15
402820,402835,402839,4,15
402820,402836,402839,3,16
402820,402835,402839,4,15
402820,402836,402840,4,16
402820,402837,402840,3,17
402820,402837,402840,3,17
402820,402838,402840,2,18
402820,402837,402839,2,17
402820,402837,402839,2,17
402820,402838,402840,2,18
402820,402837,402840,3,17
402820,402838,402840,2,18
402820,402838,402840,2,18
402820,402838,402840,2,18
402820,402838,402840,2,18
402820,402838,402841,3,18
402820,402839,402842,3,19
402820,402838,402841,3,18
402820,402839,402842,3,19
402820,402840,402842,2,20
402820,402840,402842,2,20
402820,402840,402842,2,20
402820,402839,402842,3,19
402820,402840,402843,3,20
402820,402840,402842,2,20
402820,402841,402843,2,21
402820,402841,402843,2,21
402820,402840,402843,3,20
402820,402841,402844,3,21
402820,402841,402844,3,21
402820,402841,402843,2,21
402820,402842,402844,2,22
402820,402842,402845,3,22
402820,402842,402845,3,22
402820,402842,402845,3,22
402820,402842,402845,3,22
402820,402842,402845,3,22
402820,402844,402846,2,24
402820,402841,402845,4,21
402820,402842,402846,4,22
402820,402843,402845,2,23
402820,402843,402846,3,23
402820,402843,402846,3,23
402820,402843,402846,3,23
402820,402844,402846,2,24
402820,402845,402847,2,25
402820,402844,402846,2,24
402820,402844,402846,2,24
402820,402845,402848,3,25
402820,402845,402847,2,25
402820,402844,402847,3,24
402820,402845,402848,3,25
402820,402845,402849,4,25
399502,399524,403042,3518,22
403043,403044,403045,1,1
403043,403044,403045,1,1
403043,403044,403045,1,1
403043,403044,403045,1,1
403043,403044,403045,1,1
403043,403044,403045,1,1
403043,403044,403045,1,1
403043,403044,403045,1,1
403043,403044,403046,2,1
403043,403044,403046,2,1
403043,403044,403046,2,1
403043,403044,403046,2,1
403043,403044,403046,2,1
403043,403044,403046,2,1
403043,403044,403046,2,1
403043,403044,403046,2,1
403043,403044,403046,2,1
403043,403046,403047,1,3
403043,403046,403047,1,3
403043,403046,403047,1,3
403043,403046,403047,1,3
403043,403046,403047,1,3
403043,403046,403047,1,3
403043,403046,403047,1,3
403043,403046,403047,1,3
403043,403046,403048,2,3
403043,403047,403048,1,4
403043,403047,403049,2,4
403043,403047,403049,2,4
403043,403047,403049,2,4
403043,403048,403050,2,5
403043,403048,403050,2,5
403043,403048,403049,1,5
403043,403047,403050,3,4
403043,403047,403049,2,4
403043,403048,403049,1,5
403043,403048,403050,2,5
403043,403048,403050,2,5
403043,403048,403050,2,5
403043,403048,403050,2,5
403043,403047,403050,3,4
403043,403047,403050,3,4
403043,403049,403051,2,6
403043,403050,403051,1,7
403043,403049,403051,2,6
403043,403050,403051,1,7
403043,403050,403051,1,7
403043,403050,403051,1,7
403043,403050,403051,1,7
403043,403050,403052,2,7
403043,403050,403052,2,7
403043,403051,403052,1,8
403043,403051,403052,1,8
403043,403051,403052,1,8
403043,403050,403052,2,7
403043,403051,403052,1,8
403043,403050,403053,3,7
403043,403050,403053,3,7
403043,403052,403054,2,9
403043,403052,403054,2,9
403043,403052,403054,2,9
403043,403051,403053,2,8
403043,403051,403054,3,8
403043,403052,403054,2,9
403043,403052,403054,2,9
403043,403053,403055,2,10
403043,403053,403055,2,10
403043,403053,403055,2,10
403043,403052,403054,2,9
403043,403053,403054,1,10
403043,403053,403055,2,10
403043,403054,403055,1,11
403043,403053,403055,2,10
403043,403054,403055,1,11
403043,403054,403056,2,11
403043,403054,403056,2,11
403043,403054,403057,3,11
403043,403053,403056,3,10
403043,403054,403057,3,11
403043,403054,403056,2,11
403043,403054,403056,2,11
403043,403055,403057,2,12
403043,403055,403057,2,12
403043,403055,403057,2,12
403043,403055,403058,3,12
403043,403055,403057,2,12
403043,403055,403057,2,12
403043,403056,403058,2,13
403043,403056,403058,2,13
403043,403056,403059,3,13
403043,403056,403058,2,13
403043,403056,403058,2,13
403043,403057,403060,3,14
403043,403057,403059,2,14
403043,403057,403060,3,14
403043,403057,403060,3,14
403043,403058,403060,2,15
403043,403058,403060,2,15
403043,403057,403060,3,14
403043,403057,403060,3,14
403043,403059,403061,2,16
403043,403059,403061,2,16
403043,403057,403060,3,14
403043,403057,403061,4,14
403043,403058,403060,2,15
403043,403059,403061,2,16
403043,403058,403061,3,15
403043,403058,403061,3,15
403043,403060,403062,2,17
403043,403060,403062,2,17
403043,403060,403062,2,17
403043,403060,403062,2,17
403043,403059,403062,3,16
403043,403061,403063,2,18
403043,403060,403062,2,17
403043,403061,403063,2,18
403043,403061,403063,2,18
403043,403062,403064,2,19
403043,403060,403063,3,17
403043,403062,403064,2,19
403043,403062,403064,2,19
403043,403061,403064,3,18
403043,403062,403065,3,19
403043,403063,403064,1,20
403043,403062,403064,2,19
403043,403063,403065,2,20
403043,403061,403064,3,18
403043,403061,403065,4,18
403043,403062,403064,2,19
403043,403063,403065,2,20
403043,403061,403065,4,18
403043,403062,403066,4,19
403043,403065,403067,2,22
403043,403063,403066,3,20
403043,403064,403066,2,21
403043,403064,403066,2,21
403043,403064,403067,3,21
403043,403065,403067,2,22
403043,403065,403068,3,22
403043,403065,403067,2,22
403043,403065,403068,3,22
403043,403065,403068,3,22
403043,403064,403068,4,21
403043,403065,403067,2,22
403043,403066,403069,3,23
403043,403065,403068,3,22
403043,403065,403069,4,22
403043,403066,403069,3,23
403043,403067,403070,3,24
403043,403065,403071,6,22
399424,399443,403073,3630,19
403078,403078,403080,2,0
403078,403078,403080,2,0
403078,403078,403080,2,0
403078,403078,403080,2,0
403078,403078,403080,2,0
403078,403078,403080,2,0
403078,403078,403080,2,0
403078,403078,403080,2,0
403078,403078,403080,2,0
403078,403078,403080,2,0
403078,403078,403081,3,0
403078,403078,403081,3,0
403078,403078,403081,3,0
403078,403080,403082,2,2
403078,403078,403081,3,0
403078,403078,403081,3,0
403078,403078,403082,4,0
403078,403080,403082,2,2
403078,403080,403082,2,2
403078,403080,403082,2,2
403078,403080,403082,2,2
403078,403080,403082,2,2
403078,403080,403082,2,2
403078,403080,403082,2,2
403078,403080,403082,2,2
403078,403080,403082,2,2
403078,403081,403084,3,3
403078,403082,403084,2,4
403078,403081,403084,3,3
403078,403081,403084,3,3
403078,403082,403084,2,4
403078,403082,403084,2,4
403078,403082,403084,2,4
403078,403082,403085,3,4
403078,403082,403085,3,4
403078,403082,403085,3,4
403078,403083,403085,2,5
403078,403083,403085,2,5
403078,403083,403085,2,5
403078,403083,403085,2,5
403078,403083,403085,2,5
403078,403084,403086,2,6
403078,403085,403086,1,7
403078,403085,403086,1,7
403078,403082,403086,4,4
403078,403085,403086,1,7
403078,403084,403087,3,6
403078,403084,403087,3,6
403078,403084,403087,3,6
403078,403086,403087,1,8
403078,403086,403087,1,8
403078,403086,403087,1,8
403078,403086,403087,1,8
403078,403086,403087,1,8
403078,403086,403087,1,8
403078,403078,403088,10,0
403078,403086,403088,2,8
403078,403086,403088,2,8
403078,403086,403088,2,8
403078,403087,403088,1,9
403078,403087,403088,1,9
403078,403087,403088,1,9
403078,403088,403089,1,10
403078,403087,403089,2,9
403078,403088,403089,1,10
403078,403088,403089,1,10
403078,403088,403090,2,10
403078,403088,403089,1,10
403078,403088,403090,2,10
403078,403087,403090,3,9
403078,403089,403090,1,11
403078,403087,403090,3,9
403078,403089,403090,1,11
403078,403089,403091,2,11
403078,403089,403091,2,11
403078,403088,403090,2,10
403078,403089,403091,2,11
403078,403089,403091,2,11
403078,403090,403091,1,12
403078,403090,403092,2,12
403078,403090,403091,1,12
403078,403090,403092,2,12
403078,403090,403092,2,12
403078,403090,403092,2,12
403078,403091,403093,2,13
403078,403090,403092,2,12
403078,403091,403093,2,13
403078,403091,403093,2,13
403078,403091,403093,2,13
403078,403092,403094,2,14
403078,403091,403093,2,13
403078,403092,403094,2,14
403078,403092,403094,2,14
403078,403090,403094,4,12
403078,403091,403094,3,13
403078,403092,403095,3,14
403078,403093,403095,2,15
403078,403093,403096,3,15
403078,403092,403095,3,14
403078,403094,403096,2,16
403078,403093,403095,2,15
403078,403094,403096,2,16
403078,403094,403096,2,16
403078,403094,403096,2,16
403078,403094,403096,2,16
403078,403092,403096,4,14
403078,403093,403096,3,15
403078,403094,403096,2,16
403078,403095,403096,1,17
403078,403094,403096,2,16
403078,403094,403097,3,16
403078,403089,403097,8,11
403078,403096,403097,1,18
403078,403096,403098,2,18
403078,403095,403097,2,17
403078,403096,403098,2,18
403078,403097,403098,1,19
403078,403095,403098,3,17
403078,403096,403098,2,18
403078,403096,403099,3,18
403078,403097,403099,2,19
403078,403096,403098,2,18
403078,403097,403099,2,19
403078,403096,403098,2,18
403078,403098,403100,2,20
403078,403097,403099,2,19
403078,403098,403100,2,20
403078,403099,403100,1,21
403078,403097,403100,3,19
403078,403097,403100,3,19
403078,403099,403101,2,21
403078,403098,403100,2,20
403078,403098,403101,3,20
403078,403099,403101,2,21
403078,403098,403101,3,20
403078,403099,403101,2,21
403078,403100,403102,2,22
403078,403099,403101,2,21
403078,403100,403102,2,22
403078,403100,403102,2,22
403078,403101,403102,1,23
403078,403099,403102,3,21
403078,403101,403103,2,23
403078,403099,403102,3,21
403078,403101,403103,2,23
403078,403099,403103,4,21
403078,403101,403104,3,23
403078,403101,403104,3,23
403078,403101,403106,5,23
403078,403141,403145,4,63
398190,398217,403289,5072,27
403290,403290,403292,2,0
403290,403290,403292,2,0
403290,403290,403292,2,0
403290,403290,403292,2,0
403290,403290,403292,2,0
403290,403290,403292,2,0
403290,403290,403293,3,0
403290,403290,403293,3,0
403290,403290,403293,3,0
403290,403290,403293,3,0
403290,403290,403293,3,0
403290,403290,403293,3,0
403290,403290,403293,3,0
403290,403290,403293,3,0
403290,403290,403293,3,0
403290,403290,403292,2,0
403290,403290,403293,3,0
403290,403292,403294,2,2
403290,403292,403294,2,2
403290,403292,403294,2,2
403290,403292,403294,2,2
403290,403292,403294,2,2
403290,403292,403294,2,2
403290,403293,403295,2,3
403290,403294,403295,1,4
403290,403294,403296,2,4
403290,403294,403295,1,4
403290,403293,403296,3,3
403290,403294,403296,2,4
403290,403293,403296,3,3
403290,403293,403296,3,3
403290,403294,403297,3,4
403290,403295,403296,1,5
403290,403295,403296,1,5
403290,403295,403297,2,5
403290,403294,403297,3,4
403290,403294,403297,3,4
403290,403295,403297,2,5
403290,403294,403297,3,4
403290,403294,403297,3,4
403290,403296,403297,1,6
403290,403296,403297,1,6
403290,403297,403298,1,7
403290,403296,403298,2,6
403290,403296,403298,2,6
403290,403297,403298,1,7
403290,403297,403298,1,7
403290,403297,403298,1,7
403290,403298,403299,1,8
403290,403298,403299,1,8
403290,403297,403299,2,7
403290,403297,403299,2,7
403290,403297,403299,2,7
403290,403298,403299,1,8
403290,403298,403299,1,8
403290,403296,403300,4,6
403290,403299,403300,1,9
403290,403299,403300,1,9
403290,403298,403300,2,8
403290,403298,403300,2,8
403290,403299,403300,1,9
403290,403299,403300,1,9
403290,403299,403301,2,9
403290,403299,403300,1,9
403290,403297,403301,4,7
403290,403300,403301,1,10
403290,403300,403301,1,10
403290,403300,403302,2,10
403290,403300,403301,1,10
403290,403300,403302,2,10
403290,403300,403302,2,10
403290,403300,403302,2,10
403290,403301,403302,1,11
403290,403301,403303,2,11
403290,403301,403303,2,11
403290,403300,403303,3,10
403290,403301,403303,2,11
403290,403302,403303,1,12
403290,403301,403303,2,11
403290,403301,403303,2,11
403290,403301,403304,3,11
403290,403301,403303,2,11
403290,403302,403304,2,12
403290,403301,403304,3,11
403290,403302,403304,2,12
403290,403303,403305,2,13
403290,403302,403304,2,12
403290,403303,403305,2,13
403290,403303,403305,2,13
403290,403304,403306,2,14
403290,403303,403305,2,13
403290,403303,403305,2,13
403290,403304,403306,2,14
403290,403305,403306,1,15
403290,403304,403306,2,14
403290,403303,403307,4,13
403290,403304,403307,3,14
403290,403304,403306,2,14
403290,403304,403306,2,14
403290,403305,403307,2,15
403290,403304,403307,3,14
403290,403306,403308,2,16
403290,403304,403307,3,14
403290,403305,403307,2,15
403290,403305,403307,2,15
403290,403305,403308,3,15
403290,403305,403308,3,15
403290,403307,403309,2,17
403290,403307,403309,2,17
403290,403306,403308,2,16
403290,403306,403309,3,16
403290,403307,403309,2,17
403290,403307,403310,3,17
403290,403307,403309,2,17
403290,403307,403309,2,17
403290,403308,403310,2,18
403290,403307,403310,3,17
403290,403307,403311,4,17
403290,403308,403311,3,18
403290,403308,403310,2,18
403290,403309,403311,2,19
403290,403308,403310,2,18
403290,403308,403311,3,18
403290,403308,403311,3,18
403290,403309,403311,2,19
403290,403309,403311,2,19
403290,403309,403311,2,19
403290,403310,403312,2,20
403290,403309,403312,3,19
403290,403311,403313,2,21
403290,403309,403312,3,19
403290,403310,403313,3,20
403290,403311,403313,2,21
403290,403310,403312,2,20
403290,403311,403313,2,21
403290,403311,403313,2,21
403290,403311,403314,3,21
403290,403311,403313,2,21
403290,403312,403314,2,22
403290,403312,403315,3,22
403290,403312,403314,2,22
403290,403312,403314,2,22
403290,403313,403315,2,23
403290,403312,403315,3,22
403290,403311,403314,3,21
403290,403311,403315,4,21
403290,403313,403315,2,23
403290,403313,403315,2,23
403290,403313,403315,2,23
403290,403313,403316,3,23
398437,398481,403643,5162,44
403644,403644,403646,2,0
403644,403644,403646,2,0
403644,403644,403646,2,0
403644,403644,403646,2,0
403644,403644,403646,2,0
403644,403644,403646,2,0
403644,403644,403646,2,0
403644,403644,403646,2,0
403644,403644,403647,3,0
403644,403644,403647,3,0
403644,403644,403647,3,0
403644,403644,403646,2,0
403644,403644,403647,3,0
403644,403644,403646,2,0
403644,403644,403647,3,0
403644,403644,403647,3,0
403644,403646,403647,1,2
403644,403646,403648,2,2
403644,403646,403648,2,2
403644,403646,403648,2,2
403644,403646,403648,2,2
403644,403646,403648,2,2
403644,403646,403648,2,2
403644,403646,403648,2,2
403644,403644,403648,4,0
403644,403647,403650,3,3
403644,403647,403650,3,3
403644,403647,403650,3,3
403644,403648,403650,2,4
403644,403647,403650,3,3
403644,403647,403650,3,3
403644,403648,403650,2,4
403644,403648,403650,2,4
403644,403648,403650,2,4
403644,403648,403651,3,4
403644,403647,403650,3,3
403644,403647,403651,4,3
403644,403648,403651,3,4
403644,403648,403650,2,4
403644,403647,403650,3,3
403644,403648,403650,2,4
403644,403648,403651,3,4
403644,403650,403652,2,6
403644,403650,403652,2,6
403644,403650,403652,2,6
403644,403650,403652,2,6
403644,403650,403652,2,6
403644,403650,403653,3,6
403644,403650,403653,3,6
403644,403650,403653,3,6
403644,403651,403653,2,7
403644,403651,403653,2,7
403644,403651,403653,2,7
403644,403650,403653,3,6
403644,403651,403653,2,7
403644,403651,403653,2,7
403644,403652,403654,2,8
403644,403651,403654,3,7
403644,403651,403654,3,7
403644,403651,403654,3,7
403644,403652,403654,2,8
403644,403653,403654,1,9
403644,403653,403654,1,9
398351,398370,403655,5285,19
403644,403654,403655,1,10
403644,403653,403655,2,9
403644,403654,403655,1,10
403644,403654,403655,1,10
403644,403654,403655,1,10
403644,403653,403655,2,9
403644,403653,403656,3,9
403644,403654,403656,2,10
403644,403653,403656,3,9
403644,403655,403656,1,11
403644,403654,403656,2,10
403644,403655,403656,1,11
403644,403654,403656,2,10
403644,403655,403657,2,11
403644,403655,403657,2,11
403644,403655,403657,2,11
403644,403655,403657,2,11
403644,403655,403657,2,11
403644,403656,403658,2,12
403644,403656,403658,2,12
403644,403656,403658,2,12
403644,403656,403658,2,12
403644,403656,403658,2,12
403644,403656,403659,3,12
403644,403656,403659,3,12
403644,403657,403659,2,13
403644,403657,403659,2,13
403644,403657,403659,2,13
403644,403658,403660,2,14
403644,403657,403659,2,13
403644,403657,403659,2,13
403644,403658,403659,1,14
403644,403656,403660,4,12
403644,403656,403660,4,12
403644,403657,403660,3,13
403644,403658,403660,2,14
403644,403659,403661,2,15
403644,403659,403661,2,15
403644,403658,403661,3,14
403644,403658,403661,3,14
403644,403660,403662,2,16
403644,403659,403662,3,15
403644,403660,403662,2,16
403644,403658,403662,4,14
403644,403660,403662,2,16
403644,403660,403662,2,16
403644,403660,403662,2,16
403644,403660,403662,2,16
403644,403660,403662,2,16
403644,403659,403662,3,15
403644,403661,403663,2,17
403644,403662,403664,2,18
403644,403662,403664,2,18
403644,403661,403664,3,17
403644,403660,403664,4,16
403644,403661,403664,3,17
403644,403663,403665,2,19
403644,403663,403665,2,19
403644,403662,403665,3,18
403644,403662,403665,3,18
403644,403664,403666,2,20
403644,403662,403666,4,18
403644,403662,403665,3,18
403644,403663,403665,2,19
403644,403663,403665,2,19
403644,403663,403665,2,19
403644,403664,403666,2,20
403644,403663,403666,3,19
403644,403663,403666,3,19
403644,403665,403667,2,21
403644,403663,403666,3,19
403644,403664,403667,3,20
403644,403666,403667,1,22
403644,403664,403667,3,20
403644,403665,403668,3,21
403644,403666,403668,2,22
403644,403665,403667,2,21
403644,403665,403668,3,21
403644,403664,403668,4,20
403656,403667,403669,2,11
403644,403666,403668,2,22
403644,403666,403668,2,22
403644,403666,403668,2,22
403644,403666,403669,3,22
403656,403667,403669,2,11
403656,403668,403669,1,12
403656,403668,403669,1,12
403644,403666,403669,3,22
403644,403666,403670,4,22
403656,403668,403670,2,12
403656,403668,403670,2,12
403644,403666,403670,4,22
403656,403668,403670,2,12
403644,403666,403671,5,22
403656,403669,403671,2,13
403656,403669,403671,2,13
403656,403669,403671,2,13
403656,403668,403670,2,12
403656,403668,403671,3,12
403656,403670,403671,1,14
403656,403669,403671,2,13
403656,403670,403672,2,14
403656,403670,403672,2,14
403656,403669,403671,2,13
403656,403669,403672,3,13
403656,403670,403672,2,14
403656,403671,403673,2,15
403656,403670,403673,3,14
403656,403670,403673,3,14
403656,403671,403672,1,15
403656,403671,403673,2,15
403656,403671,403673,2,15
403656,403671,403673,2,15
403656,403671,403673,2,15
403656,403671,403674,3,15
403656,403672,403674,2,16
403656,403672,403674,2,16
403656,403673,403675,2,17
403656,403672,403675,3,16
403656,403672,403674,2,16
403656,403673,403675,2,17
403656,403673,403675,2,17
403656,403673,403675,2,17
403656,403672,403675,3,16
403656,403673,403676,3,17
403656,403673,403676,3,17
403656,403673,403675,2,17
403656,403672,403675,3,16
403656,403673,403676,3,17
403656,403674,403676,2,18
403656,403675,403676,1,19
403656,403675,403677,2,19
403656,403675,403677,2,19
403656,403675,403678,3,19
403656,403675,403678,3,19
403656,403675,403678,3,19
403656,403675,403678,3,19
403656,403677,403678,1,21
403656,403677,403678,1,21
403656,403676,403678,2,20
403656,403676,403678,2,20
403656,403676,403678,2,20
403656,403676,403679,3,20
403656,403676,403679,3,20
403656,403676,403679,3,20
403656,403676,403679,3,20
403656,403676,403679,3,20
403656,403671,403680,9,15
403656,403677,403680,3,21
403656,403678,403680,2,22
403656,403677,403680,3,21
403656,403678,403680,2,22
403656,403679,403680,1,23
403656,403679,403680,1,23
403656,403679,403681,2,23
403656,403679,403681,2,23
403656,403679,403681,2,23
403656,403679,403682,3,23
403656,403679,403682,3,23
403656,403680,403682,2,24
403656,403680,403682,2,24
403656,403679,403682,3,23
403656,403679,403682,3,23
403656,403681,403682,1,25
403656,403679,403682,3,23
403656,403679,403683,4,23
403656,403679,403683,4,23
403656,403681,403683,2,25
403656,403681,403683,2,25
403656,403681,403683,2,25
403656,403682,403684,2,26
403656,403682,403685,3,26
403656,403683,403685,2,27
403656,403683,403685,2,27
403656,403683,403685,2,27
403656,403683,403685,2,27
403656,403683,403685,2,27
403656,403682,403685,3,26
403656,403682,403686,4,26
403656,403683,403686,3,27
403656,403684,403686,2,28
403656,403684,403686,2,28
403656,403683,403687,4,27
403656,403683,403687,4,27
403656,403683,403687,4,27
403656,403684,403687,3,28
403656,403685,403688,3,29
403656,403685,403687,2,29
403656,403680,403688,8,24
403656,403686,403688,2,30
403656,403686,403688,2,30
403656,403686,403688,2,30
403656,403686,403688,2,30
403656,403687,403689,2,31
403656,403687,403689,2,31
403656,403686,403689,3,30
403656,403686,403689,3,30
403656,403686,403689,3,30
403656,403687,403689,2,31
403656,403687,403690,3,31
403656,403687,403690,3,31
403656,403688,403690,2,32
403656,403687,403691,4,31
403656,403689,403692,3,33
403656,403689,403692,3,33
403656,403689,403691,2,33
403656,403689,403691,2,33
403656,403689,403691,2,33
403656,403688,403692,4,32
403656,403690,403692,2,34
403656,403689,403692,3,33
403656,403690,403693,3,34
403656,403690,403692,2,34
403656,403688,403692,4,32
403656,403690,403693,3,34
403656,403691,403693,2,35
403656,403690,403693,3,34
403656,403692,403693,1,36
403656,403691,403693,2,35
403656,403692,403694,2,36
403656,403692,403695,3,36
403656,403692,403695,3,36
403656,403692,403694,2,36
403656,403688,403695,7,32
403656,403692,403695,3,36
403656,403693,403695,2,37
403656,403693,403696,3,37
403656,403693,403696,3,37
403656,403694,403697,3,38
403656,403692,403696,4,36
403656,403693,403696,3,37
403656,403693,403697,4,37
403656,403693,403697,4,37
403656,403694,403697,3,38
403656,403694,403698,4,38
403656,403694,403697,3,38
403656,403694,403699,5,38
400198,400224,403864,3640,26
403865,403865,403866,1,0
403865,403865,403867,2,0
403865,403865,403867,2,0
403865,403865,403867,2,0
403865,403865,403867,2,0
403865,403865,403867,2,0
403865,403865,403867,2,0
403865,403865,403867,2,0
403865,403865,403867,2,0
403865,403865,403867,2,0
403865,403865,403867,2,0
403865,403865,403867,2,0
403865,403865,403867,2,0
403865,403865,403868,3,0
403865,403865,403868,3,0
403865,403865,403868,3,0
403865,403867,403868,1,2
403865,403867,403869,2,2
403865,403865,403868,3,0
403865,403868,403870,2,3
403865,403868,403870,2,3
403865,403868,403870,2,3
403865,403868,403870,2,3
403865,403868,403870,2,3
403865,403868,403870,2,3
403865,403868,403870,2,3
403865,403869,403871,2,4
403865,403869,403871,2,4
403865,403868,403870,2,3
403865,403868,403871,3,3
403865,403868,403870,2,3
403865,403868,403870,2,3
403865,403868,403871,3,3
403865,403868,403871,3,3
403865,403869,403871,2,4
403865,403870,403872,2,5
403865,403870,403872,2,5
403865,403870,403872,2,5
403865,403871,403873,2,6
403865,403871,403873,2,6
403865,403869,403872,3,4
403865,403871,403873,2,6
403865,403871,403873,2,6
403865,403871,403874,3,6
403865,403871,403873,2,6
403865,403871,403873,2,6
403865,403871,403874,3,6
403865,403871,403874,3,6
403865,403871,403874,3,6
403865,403871,403874,3,6
403865,403871,403874,3,6
403865,403872,403873,1,7
403865,403872,403873,1,7
403865,403871,403874,3,6
403865,403873,403874,1,8
403865,403873,403874,1,8
403865,403873,403875,2,8
403865,403873,403875,2,8
403865,403873,403875,2,8
403865,403874,403877,3,9
403865,403875,403877,2,10
403865,403874,403876,2,9
403865,403874,403877,3,9
403865,403875,403877,2,10
403865,403874,403876,2,9
403865,403874,403876,2,9
403865,403874,403876,2,9
403865,403874,403876,2,9
403865,403874,403877,3,9
403865,403874,403877,3,9
403865,403874,403877,3,9
403865,403874,403876,2,9
403865,403875,403877,2,10
403865,403875,403878,3,10
403865,403875,403877,2,10
403865,403877,403879,2,12
403865,403877,403879,2,12
403865,403877,403879,2,12
403865,403877,403880,3,12
403865,403877,403880,3,12
403865,403877,403880,3,12
403865,403877,403880,3,12
403865,403878,403880,2,13
403865,403876,403879,3,11
403865,403877,403879,2,12
403865,403877,403880,3,12
403865,403877,403880,3,12
403865,403878,403880,2,13
403865,403879,403881,2,14
403865,403877,403880,3,12
403865,403877,403880,3,12
403865,403879,403881,2,14
403865,403877,403881,4,12
403865,403880,403882,2,15
403865,403877,403881,4,12
403865,403879,403881,2,14
403865,403880,403882,2,15
403865,403880,403882,2,15
403865,403880,403883,3,15
403865,403880,403883,3,15
403865,403880,403883,3,15
403865,403881,403883,2,16
403865,403880,403883,3,15
403865,403881,403883,2,16
403865,403881,403884,3,16
403865,403881,403884,3,16
403865,403882,403884,2,17
403865,403880,403883,3,15
403865,403882,403884,2,17
403865,403882,403884,2,17
403865,403881,403884,3,16
403865,403881,403885,4,16
403865,403883,403885,2,18
403865,403881,403885,4,16
403865,403882,403885,3,17
403865,403882,403885,3,17
403865,403883,403886,3,18
403865,403883,403886,3,18
403865,403883,403885,2,18
403865,403884,403886,2,19
403865,403883,403887,4,18
403865,403884,403887,3,19
403865,403883,403887,4,18
403865,403884,403886,2,19
403865,403885,403887,2,20
403865,403885,403887,2,20
403865,403886,403888,2,21
403865,403884,403887,3,19
403865,403884,403888,4,19
403865,403886,403888,2,21
403865,403884,403888,4,19
403865,403886,403888,2,21
403865,403885,403888,3,20
403865,403885,403889,4,20
403865,403885,403889,4,20
403865,403885,403889,4,20
403865,403886,403889,3,21
403865,403888,403889,1,23
403865,403888,403890,2,23
403865,403887,403890,3,22
403865,403887,403890,3,22
403865,403888,403890,2,23
403865,403887,403890,3,22
403865,403889,403890,1,24
403865,403888,403891,3,23
403865,403888,403890,2,23
403865,403888,403891,3,23
403865,403888,403891,3,23
403865,403888,403892,4,23
403865,403889,403893,4,24
398881,398902,404089,5187,21
404090,404090,404091,1,0
404090,404090,404091,1,0
404090,404090,404091,1,0
404090,404090,404091,1,0
404090,404090,404092,2,0
404090,404090,404092,2,0
404090,404090,404092,2,0
404090,404090,404092,2,0
404090,404090,404092,2,0
404090,404090,404092,2,0
404090,404090,404093,3,0
404090,404090,404092,2,0
404090,404090,404093,3,0
404090,404090,404092,2,0
404090,404090,404093,3,0
404090,404090,404093,3,0
404090,404090,404093,3,0
404090,404092,404094,2,2
404090,404092,404094,2,2
404090,404093,404095,2,3
404090,404092,404094,2,2
404090,404092,404094,2,2
404090,404093,404095,2,3
404090,404092,404094,2,2
404090,404094,404096,2,4
404090,404093,404096,3,3
404090,404093,404095,2,3
404090,404093,404096,3,3
404090,404093,404095,2,3
404090,404093,404096,3,3
404090,404093,404095,2,3
404090,404094,404096,2,4
404090,404093,404097,4,3
404090,404093,404097,4,3
404090,404093,404096,3,3
404090,404095,404097,2,5
404090,404095,404097,2,5
404090,404095,404097,2,5
404090,404095,404097,2,5
404090,404095,404098,3,5
404090,404094,404098,4,4
404090,404096,404098,2,6
404090,404096,404099,3,6
404090,404096,404098,2,6
404090,404096,404098,2,6
404090,404096,404099,3,6
404090,404096,404099,3,6
404090,404097,404099,2,7
404090,404098,404099,1,8
404090,404098,404099,1,8
404090,404096,404099,3,6
404090,404097,404100,3,7
404090,404097,404100,3,7
404090,404098,404100,2,8
404090,404098,404100,2,8
404090,404099,404100,1,9
404090,404097,404101,4,7
404090,404097,404101,4,7
404090,404099,404101,2,9
404090,404099,404101,2,9
404090,404099,404101,2,9
404090,404100,404101,1,10
404090,404099,404101,2,9
404090,404100,404101,1,10
404090,404100,404102,2,10
404090,404099,404101,2,9
404090,404099,404102,3,9
404090,404101,404102,1,11
404090,404100,404103,3,10
404090,404100,404103,3,10
404090,404101,404104,3,11
404090,404101,404103,2,11
404090,404100,404104,4,10
404090,404101,404104,3,11
404090,404101,404104,3,11
404090,404101,404103,2,11
404090,404102,404104,2,12
404090,404102,404104,2,12
404090,404102,404105,3,12
404090,404102,404105,3,12
404090,404102,404105,3,12
404090,404103,404105,2,13
404090,404102,404105,3,12
404090,404102,404105,3,12
404090,404104,404106,2,14
404090,404104,404107,3,14
404090,404105,404107,2,15
404090,404105,404107,2,15
404090,404102,404106,4,12
404090,404103,404106,3,13
404090,404104,404107,3,14
404090,404103,404106,3,13
404090,404104,404107,3,14
404090,404105,404107,2,15
404090,404105,404107,2,15
404090,404106,404108,2,16
404090,404104,404108,4,14
404090,404105,404108,3,15
404090,404106,404109,3,16
404090,404106,404109,3,16
404090,404104,404109,5,14
404090,404107,404110,3,17
404090,404107,404110,3,17
404090,404107,404111,4,17
404090,404108,404110,2,18
404090,404108,404110,2,18
404090,404108,404111,3,18
404090,404107,404110,3,17
404090,404107,404111,4,17
404090,404107,404111,4,17
404090,404109,404111,2,19
404090,404110,404112,2,20
404090,404109,404112,3,19
404090,404110,404112,2,20
404090,404107,404112,5,17
404090,404108,404112,4,18
404090,404107,404112,5,17
404090,404107,404111,4,17
404090,404109,404112,3,19
404090,404111,404113,2,21
404090,404111,404113,2,21
404090,404109,404112,3,19
404090,404111,404114,3,21
404090,404111,404113,2,21
404090,404111,404113,2,21
404090,404112,404115,3,22
404090,404112,404115,3,22
404090,404112,404115,3,22
404090,404111,404114,3,21
404090,404111,404115,4,21
404090,404113,404115,2,23
404090,404114,404116,2,24
404090,404113,404116,3,23
404090,404112,404116,4,22
404090,404112,404116,4,22
404090,404112,404116,4,22
404090,404112,404116,4,22
404090,404114,404117,3,24
404090,404112,404117,5,22
404090,404114,404117,3,24
404090,404115,404117,2,25
404090,404115,404117,2,25
404090,404112,404117,5,22
404090,404113,404117,4,23
404090,404116,404118,2,26
404090,404115,404117,2,25
404090,404115,404118,3,25
404090,404115,404118,3,25
404090,404116,404118,2,26
404090,404116,404119,3,26
401088,401112,404714,3602,24
404716,404716,404717,1,0
404716,404716,404718,2,0
404716,404716,404718,2,0
404716,404716,404718,2,0
404716,404716,404718,2,0
404716,404716,404718,2,0
404716,404716,404718,2,0
404716,404716,404718,2,0
404716,404716,404719,3,0
404716,404716,404719,3,0
404716,404716,404720,4,0
404716,404716,404719,3,0
404716,404716,404720,4,0
404716,404716,404719,3,0
404716,404716,404719,3,0
404716,404716,404719,3,0
404716,404718,404720,2,2
404716,404719,404721,2,3
404716,404719,404721,2,3
404716,404719,404721,2,3
404716,404716,404721,5,0
404716,404719,404721,2,3
404716,404720,404722,2,4
404716,404719,404721,2,3
404716,404719,404721,2,3
404716,404720,404721,1,4
404716,404719,404721,2,3
404716,404720,404722,2,4
404716,404720,404722,2,4
404716,404721,404723,2,5
404716,404720,404723,3,4
404716,404720,404723,3,4
404716,404720,404723,3,4
404716,404720,404723,3,4
404716,404720,404723,3,4
404716,404721,404723,2,5
404716,404721,404723,2,5
404716,404722,404725,3,6
404716,404722,404725,3,6
404716,404723,404726,3,7
404716,404724,404726,2,8
404716,404722,404725,3,6
404716,404722,404726,4,6
404716,404722,404725,3,6
404716,404724,404725,1,8
404716,404722,404725,3,6
404716,404724,404726,2,8
404716,404722,404726,4,6
404716,404722,404726,4,6
404716,404724,404727,3,8
404716,404724,404727,3,8
404716,404724,404726,2,8
404716,404724,404726,2,8
404716,404724,404727,3,8
404716,404725,404726,1,9
404716,404725,404726,1,9
404716,404726,404728,2,10
404716,404726,404728,2,10
404716,404726,404728,2,10
404716,404726,404728,2,10
404716,404726,404728,2,10
404716,404726,404729,3,10
404716,404726,404728,2,10
404716,404726,404728,2,10
404716,404727,404730,3,11
404716,404727,404731,4,11
404716,404727,404731,4,11
404716,404727,404730,3,11
404716,404727,404731,4,11
404716,404727,404731,4,11
404716,404728,404731,3,12
404716,404727,404731,4,11
404716,404729,404732,3,13
404716,404729,404732,3,13
404716,404727,404731,4,11
404716,404729,404732,3,13
404716,404729,404732,3,13
404716,404727,404732,5,11
404716,404729,404733,4,13
404716,404729,404732,3,13
404716,404731,404733,2,15
404716,404729,404733,4,13
404716,404731,404733,2,15
404716,404731,404734,3,15
404716,404732,404734,2,16
404716,404731,404734,3,15
404716,404732,404734,2,16
404716,404732,404735,3,16
404716,404731,404735,4,15
404716,404732,404735,3,16
404716,404732,404735,3,16
404716,404733,404735,2,17
404716,404731,404735,4,15
404716,404732,404735,3,16
404716,404733,404735,2,17
404716,404732,404735,3,16
404716,404733,404737,4,17
404716,404733,404737,4,17
404716,404733,404737,4,17
404716,404733,404737,4,17
404716,404735,404738,3,19
404716,404735,404738,3,19
404716,404734,404738,4,18
404716,404735,404738,3,19
404716,404736,404739,3,20
404716,404735,404739,4,19
404716,404735,404738,3,19
404716,404735,404739,4,19
404716,404735,404739,4,19
404716,404739,404742,3,23
404716,404737,404742,5,21
404716,404739,404742,3,23
404716,404736,404742,6,20
404716,404736,404742,6,20
404716,404736,404742,6,20
404716,404738,404742,4,22
404716,404738,404742,4,22
404716,404736,404742,6,20
404716,404737,404742,5,21
404716,404737,404742,5,21
404716,404740,404742,2,24
404716,404740,404742,2,24
404716,404739,404743,4,23
404716,404739,404743,4,23
404716,404738,404743,5,22
404716,404742,404744,2,26
404716,404740,404745,5,24
404716,404743,404745,2,27
404716,404742,404745,3,26
404716,404743,404746,3,27
404716,404743,404746,3,27
404716,404743,404746,3,27
404716,404743,404747,4,27
404716,404743,404746,3,27
404716,404742,404746,4,26
404716,404742,404747,5,26
404716,404742,404747,5,26
404716,404743,404747,4,27
404716,404743,404747,4,27
404716,404745,404748,3,29
404716,404746,404748,2,30
404716,404744,404748,4,28
404716,404746,404748,2,30
404716,404744,404749,5,28
404716,404744,404749,5,28
404716,404745,404749,4,29
404716,404747,404749,2,31
404716,404747,404749,2,31
404716,404747,404750,3,31
404716,404747,404751,4,31
401538,401562,405187,3625,24
405189,405189,405191,2,0
405189,405189,405191,2,0
405189,405189,405191,2,0
405189,405189,405192,3,0
405189,405189,405191,2,0
405189,405189,405191,2,0
405189,405189,405191,2,0
405189,405189,405192,3,0
405189,405189,405191,2,0
405189,405189,405191,2,0
405189,405189,405192,3,0
405189,405189,405193,4,0
405189,405189,405192,3,0
405189,405189,405192,3,0
405189,405189,405192,3,0
405189,405191,405193,2,2
405189,405189,405193,4,0
405189,405189,405192,3,0
405189,405191,405193,2,2
405189,405191,405193,2,2
405189,405192,405194,2,3
405189,405192,405194,2,3
405189,405192,405194,2,3
405189,405192,405194,2,3
405189,405192,405194,2,3
405189,405192,405194,2,3
405189,405192,405195,3,3
405189,405193,405195,2,4
405189,405192,405195,3,3
405189,405193,405196,3,4
405189,405194,405196,2,5
405189,405193,405196,3,4
405189,405194,405196,2,5
405189,405193,405196,3,4
405189,405194,405196,2,5
405189,405193,405196,3,4
405189,405194,405196,2,5
405189,405193,405196,3,4
405189,405193,405197,4,4
405189,405194,405197,3,5
405189,405193,405197,4,4
405189,405193,405197,4,4
405189,405195,405197,2,6
405189,405195,405198,3,6
405189,405196,405198,2,7
405189,405195,405198,3,6
405189,405196,405198,2,7
405189,405196,405198,2,7
405189,405196,405198,2,7
405189,405196,405198,2,7
405189,405196,405198,2,7
405189,405195,405198,3,6
405189,405197,405199,2,8
405189,405196,405199,3,7
405189,405196,405199,3,7
405189,405197,405198,1,8
405189,405197,405199,2,8
405189,405197,405199,2,8
405189,405198,405200,2,9
405189,405197,405200,3,8
405189,405197,405200,3,8
405189,405198,405200,2,9
405189,405198,405200,2,9
405189,405198,405201,3,9
405189,405198,405200,2,9
405189,405198,405201,3,9
405189,405198,405200,2,9
405189,405199,405201,2,10
405189,405198,405200,2,9
405189,405198,405201,3,9
405189,405199,405201,2,10
405189,405199,405202,3,10
405189,405201,405202,1,12
405189,405199,405202,3,10
405189,405200,405203,3,11
405189,405199,405203,4,10
405189,405201,405203,2,12
405189,405201,405203,2,12
405189,405200,405202,2,11
405189,405201,405203,2,12
405189,405202,405203,1,13
405189,405201,405204,3,12
405189,405201,405203,2,12
405189,405201,405204,3,12
405189,405201,405204,3,12
405189,405200,405204,4,11
405189,405200,405204,4,11
405189,405203,405205,2,14
405189,405201,405205,4,12
405189,405203,405205,2,14
405189,405204,405206,2,15
405189,405202,405206,4,13
405189,405203,405205,2,14
405189,405203,405206,3,14
405189,405204,405206,2,15
405189,405204,405206,2,15
405189,405204,405207,3,15
405189,405203,405206,3,14
405189,405203,405207,4,14
405189,405203,405207,4,14
405189,405205,405207,2,16
405189,405204,405207,3,15
405189,405205,405207,2,16
405189,405206,405208,2,17
405189,405206,405208,2,17
405189,405204,405208,4,15
405189,405206,405208,2,17
405189,405205,405208,3,16
405189,405206,405208,2,17
405189,405207,405208,1,18
405189,405206,405209,3,17
405189,405206,405209,3,17
405189,405208,405209,1,19
405189,405208,405209,1,19
405189,405207,405209,2,18
405189,405208,405209,1,19
405189,405209,405210,1,20
405189,405207,405211,4,18
405189,405207,405211,4,18
405189,405208,405211,3,19
405189,405207,405210,3,18
405189,405207,405210,3,18
405189,405210,405211,1,21
405189,405210,405211,1,21
405189,405208,405211,3,19
405189,405209,405211,2,20
405189,405208,405212,4,19
405189,405210,405212,2,21
405189,405209,405212,3,20
405189,405209,405212,3,20
405189,405210,405212,2,21
405189,405210,405212,2,21
405189,405209,405213,4,20
405189,405211,405213,2,22
405189,405212,405213,1,23
405189,405211,405214,3,22
405189,405211,405214,3,22
405189,405211,405214,3,22
405189,405212,405214,2,23
405189,405212,405214,2,23
405189,405213,405215,2,24
405189,405213,405215,2,24
405189,405211,405215,4,22
405189,405211,405215,4,22
405189,405213,405215,2,24
405189,405212,405215,3,23
405189,405213,405216,3,24
405189,405213,405215,2,24
405189,405212,405216,4,23
405189,405213,405218,5,24
400130,400154,405271,5117,24
405275,405275,405276,1,0
405275,405275,405277,2,0
405275,405275,405277,2,0
405275,405275,405277,2,0
405275,405275,405277,2,0
405275,405275,405277,2,0
405275,405275,405277,2,0
405275,405275,405277,2,0
405275,405275,405277,2,0
405275,405275,405277,2,0
405275,405275,405277,2,0
405275,405275,405277,2,0
405275,405275,405277,2,0
405275,405275,405278,3,0
405275,405275,405277,2,0
405275,405275,405278,3,0
405275,405277,405278,1,2
405275,405275,405278,3,0
405275,405278,405279,1,3
405275,405278,405279,1,3
405275,405278,405280,2,3
405275,405278,405280,2,3
405275,405279,405281,2,4
405275,405278,405280,2,3
405275,405278,405280,2,3
405275,405278,405280,2,3
405275,405278,405280,2,3
405275,405278,405280,2,3
405275,405278,405280,2,3
405275,405278,405281,3,3
405275,405278,405280,2,3
405275,405278,405281,3,3
405275,405278,405280,2,3
405275,405280,405282,2,5
405275,405280,405282,2,5
405275,405280,405282,2,5
405275,405280,405282,2,5
405275,405279,405281,2,4
405275,405279,405282,3,4
405275,405281,405283,2,6
405275,405281,405283,2,6
405275,405281,405283,2,6
405275,405281,405283,2,6
405275,405281,405283,2,6
405275,405282,405283,1,7
405275,405282,405283,1,7
405275,405282,405283,1,7
405275,405281,405284,3,6
405275,405281,405284,3,6
405275,405282,405283,1,7
405275,405281,405283,2,6
405275,405283,405285,2,8
405275,405281,405284,3,6
405275,405281,405284,3,6
405275,405283,405284,1,8
405275,405283,405284,1,8
405275,405281,405285,4,6
405275,405282,405284,2,7
405275,405283,405285,2,8
405275,405284,405285,1,9
405275,405284,405286,2,9
405275,405284,405286,2,9
405275,405284,405285,1,9
405275,405284,405286,2,9
405275,405284,405286,2,9
405275,405284,405286,2,9
405275,405285,405286,1,10
405275,405284,405287,3,9
405275,405284,405287,3,9
405275,405285,405287,2,10
405275,405285,405287,2,10
405275,405285,405287,2,10
405275,405285,405287,2,10
405275,405285,405287,2,10
405275,405286,405288,2,11
405275,405286,405288,2,11
405275,405285,405287,2,10
405275,405285,405288,3,10
405275,405287,405289,2,12
405275,405286,405288,2,11
405275,405286,405288,2,11
405275,405287,405289,2,12
405275,405286,405289,3,11
405275,405287,405289,2,12
405275,405287,405289,2,12
405275,405288,405290,2,13
405275,405288,405290,2,13
405275,405287,405290,3,12
405275,405288,405291,3,13
405275,405287,405290,3,12
405275,405287,405291,4,12
405275,405289,405291,2,14
405275,405288,405291,3,13
405275,405288,405291,3,13
405275,405289,405291,2,14
405275,405288,405291,3,13
405275,405289,405292,3,14
405275,405290,405292,2,15
405275,405289,405292,3,14
405275,405290,405292,2,15
405275,405288,405292,4,13
405275,405289,405292,3,14
405275,405290,405293,3,15
405275,405290,405292,2,15
405275,405291,405293,2,16
405275,405291,405293,2,16
405275,405292,405294,2,17
405275,405291,405294,3,16
405275,405292,405294,2,17
405275,405291,405294,3,16
405275,405292,405295,3,17
405275,405292,405294,2,17
405275,405291,405294,3,16
405275,405292,405294,2,17
405275,405291,405295,4,16
405275,405292,405295,3,17
405275,405293,405296,3,18
405275,405293,405296,3,18
405275,405292,405295,3,17
405275,405293,405295,2,18
405275,405294,405296,2,19
405275,405292,405296,4,17
405275,405292,405296,4,17
405275,405293,405296,3,18
405275,405294,405296,2,19
405275,405295,405297,2,20
405275,405295,405298,3,20
405275,405294,405298,4,19
405275,405295,405298,3,20
405275,405295,405298,3,20
405275,405296,405298,2,21
405275,405296,405298,2,21
405275,405294,405298,4,19
405275,405295,405299,4,20
405275,405295,405298,3,20
405275,405296,405299,3,21
405275,405296,405298,2,21
405275,405297,405299,2,22
405275,405297,405299,2,22
405275,405296,405300,4,21
405275,405297,405300,3,22
405275,405296,405300,4,21
405275,405296,405300,4,21
405275,405298,405300,2,23
405275,405298,405301,3,23
405275,405298,405301,3,23
405275,405298,405302,4,23
405275,405298,405302,4,23
405275,405298,405302,4,23
405275,405299,405303,4,24
401860,401885,405410,3525,25
405411,405411,405415,4,0
405411,405411,405415,4,0
405411,405411,405415,4,0
405411,405411,405415,4,0
405411,405411,405415,4,0
405411,405411,405415,4,0
405411,405411,405415,4,0
405411,405411,405415,4,0
405411,405411,405415,4,0
405411,405411,405415,4,0
405411,405411,405415,4,0
405411,405411,405416,5,0
405411,405411,405417,6,0
405411,405411,405417,6,0
405411,405411,405416,5,0
405411,405411,405416,5,0
405411,405411,405416,5,0
405411,405415,405418,3,4
405411,405415,405418,3,4
405411,405415,405418,3,4
405411,405415,405418,3,4
405411,405415,405418,3,4
405411,405415,405418,3,4
405411,405416,405419,3,5
405411,405416,405419,3,5
405411,405416,405419,3,5
405411,405416,405418,2,5
405411,405418,405420,2,7
405411,405416,405419,3,5
405411,405417,405420,3,6
405411,405418,405420,2,7
405411,405417,405420,3,6
405411,405417,405421,4,6
405411,405418,405421,3,7
405411,405418,405421,3,7
405411,405417,405421,4,6
405411,405417,405421,4,6
405411,405418,405420,2,7
405411,405419,405421,2,8
405411,405419,405421,2,8
405411,405420,405422,2,9
405411,405419,405422,3,8
405411,405419,405422,3,8
405411,405417,405422,5,6
405411,405420,405422,2,9
405411,405419,405421,2,8
405411,405420,405423,3,9
405411,405421,405423,2,10
405411,405421,405424,3,10
405411,405421,405424,3,10
405411,405420,405424,4,9
405411,405421,405424,3,10
405411,405421,405424,3,10
405411,405422,405424,2,11
405411,405422,405424,2,11
405411,405422,405424,2,11
405411,405421,405424,3,10
405411,405422,405425,3,11
405411,405422,405425,3,11
405411,405422,405425,3,11
405411,405423,405426,3,12
405411,405423,405426,3,12
405411,405423,405426,3,12
405411,405423,405426,3,12
405411,405423,405427,4,12
405411,405425,405427,2,14
405411,405425,405428,3,14
405411,405425,405428,3,14
405411,405425,405428,3,14
405411,405426,405428,2,15
405411,405425,405428,3,14
405411,405425,405428,3,14
405411,405425,405428,3,14
405411,405426,405428,2,15
405411,405427,405428,1,16
405411,405425,405428,3,14
405411,405424,405429,5,13
405411,405427,405429,2,16
405411,405428,405429,1,17
405411,405426,405429,3,15
405411,405425,405429,4,14
405411,405428,405430,2,17
405411,405429,405430,1,18
405411,405428,405430,2,17
405411,405428,405430,2,17
405411,405427,405430,3,16
405411,405427,405431,4,16
405411,405430,405431,1,19
405411,405429,405431,2,18
405411,405429,405431,2,18
405411,405429,405431,2,18
405411,405429,405431,2,18
405411,405430,405432,2,19
405411,405429,405432,3,18
405411,405429,405433,4,18
405411,405431,405433,2,20
405411,405430,405433,3,19
405411,405430,405433,3,19
405411,405430,405433,3,19
405411,405431,405433,2,20
405411,405431,405433,2,20
405411,405431,405433,2,20
405411,405431,405434,3,20
405411,405432,405435,3,21
405411,405432,405436,4,21
405411,405432,405436,4,21
405411,405432,405435,3,21
405411,405432,405435,3,21
405411,405434,405436,2,23
405411,405432,405436,4,21
405411,405434,405436,2,23
405411,405433,405436,3,22
405411,405433,405436,3,22
405411,405434,405436,2,23
405411,405434,405436,2,23
405411,405434,405436,2,23
405411,405434,405436,2,23
405411,405433,405436,3,22
405411,405434,405437,3,23
405411,405436,405438,2,25
405411,405436,405438,2,25
405411,405436,405438,2,25
405411,405435,405438,3,24
405411,405437,405439,2,26
405411,405437,405439,2,26
405411,405437,405439,2,26
405411,405437,405439,2,26
405411,405437,405439,2,26
405411,405436,405440,4,25
405411,405436,405439,3,25
405411,405437,405439,2,26
405411,405437,405440,3,26
405411,405437,405440,3,26
405411,405439,405441,2,28
405411,405437,405440,3,26
405411,405437,405440,3,26
405411,405438,405440,2,27
405411,405438,405442,4,27
405411,405439,405441,2,28
405411,405440,405442,2,29
405411,405439,405441,2,28
405411,405439,405441,2,28
405411,405440,405442,2,29
405411,405440,405442,2,29
405411,405439,405443,4,28
405411,405440,405443,3,29
405411,405440,405443,3,29
405411,405440,405443,3,29
405411,405440,405443,3,29
405411,405441,405444,3,30
400359,400381,405497,5116,22
405498,405498,405501,3,0
405498,405499,405501,2,1
405498,405498,405500,2,0
405498,405498,405501,3,0
405498,405498,405501,3,0
405498,405498,405501,3,0
405498,405498,405501,3,0
405498,405498,405501,3,0
405498,405498,405501,3,0
405498,405498,405501,3,0
405498,405498,405502,4,0
405498,405498,405502,4,0
405498,405498,405502,4,0
405498,405498,405502,4,0
405498,405498,405502,4,0
405498,405498,405502,4,0
405498,405498,405502,4,0
405498,405501,405503,2,3
405498,405501,405503,2,3
405498,405501,405503,2,3
405498,405501,405503,2,3
405498,405501,405503,2,3
405498,405501,405504,3,3
405498,405501,405504,3,3
405498,405501,405504,3,3
405498,405503,405505,2,5
405498,405501,405504,3,3
405498,405502,405505,3,4
405498,405501,405505,4,3
405498,405503,405505,2,5
405498,405503,405505,2,5
405498,405503,405505,2,5
405498,405503,405505,2,5
405498,405503,405506,3,5
405498,405504,405506,2,6
405498,405504,405506,2,6
405498,405504,405506,2,6
405498,405504,405506,2,6
405498,405505,405506,1,7
405498,405503,405506,3,5
405498,405504,405507,3,6
405498,405505,405507,2,7
405498,405505,405507,2,7
405498,405505,405507,2,7
405498,405506,405508,2,8
405498,405506,405508,2,8
405498,405507,405508,1,9
405498,405507,405508,1,9
405498,405506,405508,2,8
405498,405506,405508,2,8
405498,405507,405508,1,9
405498,405507,405508,1,9
405498,405507,405508,1,9
405498,405506,405508,2,8
405498,405506,405508,2,8
405498,405506,405508,2,8
405498,405508,405510,2,10
405498,405507,405509,2,9
405498,405508,405510,2,10
405498,405508,405510,2,10
405498,405509,405510,1,11
405498,405509,405511,2,11
405498,405508,405510,2,10
405498,405509,405511,2,11
405498,405509,405511,2,11
405498,405509,405511,2,11
405498,405509,405512,3,11
405498,405509,405511,2,11
405498,405509,405511,2,11
405498,405509,405512,3,11
405498,405510,405512,2,12
405498,405511,405512,1,13
405498,405509,405512,3,11
405498,405509,405512,3,11
405498,405509,405512,3,11
405498,405511,405513,2,13
405498,405511,405513,2,13
405498,405512,405513,1,14
405498,405511,405513,2,13
405498,405512,405514,2,14
405498,405510,405513,3,12
405498,405512,405514,2,14
405498,405512,405515,3,14
405498,405511,405514,3,13
405498,405512,405514,2,14
405498,405512,405514,2,14
405498,405513,405515,2,15
405498,405513,405515,2,15
405498,405512,405516,4,14
405498,405514,405516,2,16
405498,405514,405516,2,16
405498,405513,405516,3,15
405498,405513,405516,3,15
405498,405514,405516,2,16
405498,405513,405516,3,15
405498,405513,405517,4,15
405498,405514,405517,3,16
405498,405515,405517,2,17
405498,405516,405518,2,18
405498,405515,405518,3,17
405498,405514,405517,3,16
405498,405515,405518,3,17
405498,405515,405517,2,17
405498,405515,405517,2,17
405498,405515,405518,3,17
405498,405517,405519,2,19
405498,405517,405519,2,19
405498,405517,405519,2,19
405498,405517,405519,2,19
405498,405518,405520,2,20
405498,405516,405520,4,18
405498,405517,405520,3,19
405498,405518,405520,2,20
405498,405518,405520,2,20
405498,405517,405520,3,19
405498,405518,405520,2,20
405498,405518,405521,3,20
405498,405518,405520,2,20
405498,405517,405521,4,19
405498,405519,405521,2,21
405498,405518,405521,3,20
405498,405518,405521,3,20
405498,405520,405522,2,22
405498,405520,405522,2,22
405498,405519,405523,4,21
405498,405521,405523,2,23
405498,405520,405523,3,22
405498,405520,405523,3,22
405498,405521,405523,2,23
405498,405521,405524,3,23
405498,405522,405524,2,24
405498,405520,405523,3,22
405498,405521,405523,2,23
405498,405521,405523,2,23
405498,405520,405523,3,22
405498,405523,405525,2,25
405498,405521,405524,3,23
405498,405521,405524,3,23
405498,405522,405525,3,24
405498,405523,405525,2,25
405498,405523,405525,2,25
405498,405522,405525,3,24
405498,405523,405526,3,25
405498,405524,405527,3,26
405498,405524,405527,3,26
405498,405524,405527,3,26
405498,405524,405527,3,26
405498,405524,405527,3,26
405498,405524,405528,4,26
405498,405524,405528,4,26
401912,401937,405562,3625,25
405562,405563,405564,1,1
405562,405563,405564,1,1
405562,405563,405565,2,1
405562,405563,405565,2,1
405562,405563,405565,2,1
405562,405563,405565,2,1
405562,405563,405565,2,1
405562,405563,405566,3,1
405562,405563,405565,2,1
405562,405563,405565,2,1
405562,405565,405567,2,3
405562,405563,405566,3,1
405562,405563,405566,3,1
405562,405563,405566,3,1
405562,405563,405566,3,1
405562,405563,405566,3,1
405562,405565,405566,1,3
405562,405566,405568,2,4
405562,405566,405568,2,4
405562,405566,405567,1,4
405562,405566,405567,1,4
405562,405566,405568,2,4
405562,405566,405568,2,4
405562,405566,405568,2,4
405562,405566,405568,2,4
405562,405567,405568,1,5
405562,405568,405569,1,6
405562,405567,405569,2,5
405562,405567,405570,3,5
405562,405567,405569,2,5
405562,405568,405570,2,6
405562,405564,405570,6,2
405562,405564,405570,6,2
405562,405567,405570,3,5
405562,405567,405570,3,5
405562,405568,405570,2,6
405562,405567,405570,3,5
405562,405568,405570,2,6
405562,405569,405570,1,7
405562,405570,405572,2,8
405562,405569,405571,2,7
405562,405569,405571,2,7
405562,405570,405571,1,8
405562,405570,405572,2,8
405562,405569,405572,3,7
405562,405570,405572,2,8
405562,405571,405572,1,9
405562,405569,405572,3,7
405562,405570,405572,2,8
405562,405571,405573,2,9
405562,405571,405572,1,9
405562,405571,405572,1,9
405562,405572,405573,1,10
405562,405571,405573,2,9
405562,405571,405573,2,9
405562,405572,405573,1,10
405562,405572,405574,2,10
405562,405572,405574,2,10
405562,405573,405575,2,11
405562,405573,405575,2,11
405562,405573,405575,2,11
405562,405573,405575,2,11
405562,405573,405575,2,11
405562,405573,405576,3,11
405562,405573,405575,2,11
405562,405574,405576,2,12
405562,405574,405576,2,12
405562,405573,405576,3,11
405562,405574,405576,2,12
405562,405574,405577,3,12
405562,405573,405576,3,11
405562,405575,405577,2,13
405562,405575,405577,2,13
405562,405575,405578,3,13
405562,405575,405577,2,13
405562,405575,405577,2,13
405562,405576,405578,2,14
405562,405576,405578,2,14
405562,405576,405579,3,14
405562,405576,405579,3,14
405562,405576,405579,3,14
405562,405577,405579,2,15
405562,405577,405579,2,15
405562,405577,405581,4,15
405562,405573,405580,7,11
405562,405573,405580,7,11
405562,405577,405580,3,15
405562,405577,405581,4,15
405562,405578,405580,2,16
405562,405577,405581,4,15
405562,405578,405581,3,16
405562,405578,405580,2,16
405562,405579,405582,3,17
405562,405578,405581,3,16
405562,405578,405581,3,16
405562,405579,405582,3,17
405562,405580,405582,2,18
405562,405580,405582,2,18
405562,405579,405582,3,17
405562,405581,405583,2,19
405562,405579,405583,4,17
405562,405581,405583,2,19
405562,405581,405583,2,19
405562,405581,405584,3,19
405562,405581,405584,3,19
405562,405582,405584,2,20
405562,405581,405584,3,19
405562,405582,405585,3,20
405562,405582,405584,2,20
405562,405583,405585,2,21
405562,405581,405585,4,19
405562,405582,405585,3,20
405562,405582,405584,2,20
405562,405583,405585,2,21
405562,405583,405585,2,21
405562,405583,405586,3,21
405562,405583,405586,3,21
405562,405584,405587,3,22
405562,405583,405587,4,21
405562,405585,405588,3,23
405562,405584,405587,3,22
405562,405585,405587,2,23
405562,405585,405588,3,23
405562,405585,405587,2,23
405562,405585,405588,3,23
405562,405585,405588,3,23
405562,405585,405588,3,23
405562,405586,405588,2,24
405562,405585,405588,3,23
405562,405585,405588,3,23
405562,405586,405588,2,24
405562,405585,405589,4,23
405562,405586,405589,3,24
405562,405585,405589,4,23
405562,405587,405591,4,25
405562,405588,405590,2,26
405562,405588,405591,3,26
405562,405587,405591,4,25
405562,405588,405591,3,26
405562,405588,405591,3,26
405562,405588,405592,4,26
405562,405588,405592,4,26
405562,405588,405591,3,26
405562,405588,405592,4,26
405562,405589,405592,3,27
405562,405589,405592,3,27
405562,405589,405593,4,27
405562,405589,405593,4,27
405562,405589,405593,4,27
405562,405588,405596,8,26
400595,400618,405650,5032,23
405650,405651,405652,1,1
405650,405651,405653,2,1
405650,405651,405653,2,1
405650,405651,405653,2,1
405650,405651,405653,2,1
405650,405651,405653,2,1
405650,405651,405653,2,1
405650,405651,405653,2,1
405650,405651,405653,2,1
405650,405651,405653,2,1
405650,405651,405653,2,1
405650,405651,405653,2,1
405650,405651,405653,2,1
405650,405651,405653,2,1
405650,405651,405654,3,1
405650,405653,405654,1,3
405650,405651,405654,3,1
405650,405651,405655,4,1
405650,405654,405656,2,4
405650,405654,405656,2,4
405650,405654,405656,2,4
405650,405654,405656,2,4
405650,405655,405656,1,5
405650,405654,405656,2,4
405650,405654,405656,2,4
405650,405654,405656,2,4
405650,405654,405656,2,4
405650,405654,405656,2,4
405650,405654,405656,2,4
405650,405654,405657,3,4
405650,405654,405657,3,4
405650,405657,405658,1,7
405650,405655,405658,3,5
405650,405654,405658,4,4
405650,405657,405659,2,7
405650,405657,405659,2,7
405650,405655,405659,4,5
405650,405657,405659,2,7
405650,405657,405659,2,7
405650,405657,405660,3,7
405650,405657,405659,2,7
405650,405657,405659,2,7
405650,405657,405659,2,7
405650,405657,405659,2,7
405650,405656,405660,4,6
405650,405659,405660,1,9
405650,405658,405660,2,8
405650,405657,405660,3,7
405650,405659,405660,1,9
405650,405659,405660,1,9
405650,405660,405662,2,10
405650,405660,405661,1,10
405650,405658,405661,3,8
405650,405659,405661,2,9
405650,405659,405661,2,9
405650,405660,405662,2,10
405650,405660,405662,2,10
405650,405660,405661,1,10
405650,405660,405662,2,10
405650,405659,405661,2,9
405650,405661,405663,2,11
405650,405661,405663,2,11
405650,405661,405662,1,11
405650,405660,405662,2,10
405650,405661,405663,2,11
405650,405662,405664,2,12
405650,405661,405663,2,11
405650,405660,405663,3,10
405650,405662,405664,2,12
405650,405662,405664,2,12
405650,405662,405664,2,12
405650,405663,405665,2,13
405650,405662,405664,2,12
405650,405662,405665,3,12
405650,405662,405664,2,12
405650,405662,405664,2,12
405650,405663,405665,2,13
405650,405663,405665,2,13
405650,405664,405666,2,14
405650,405662,405665,3,12
405650,405663,405665,2,13
405650,405663,405666,3,13
405650,405665,405667,2,15
405650,405662,405666,4,12
405650,405665,405667,2,15
405650,405666,405667,1,16
405650,405664,405668,4,14
405650,405665,405667,2,15
405650,405665,405668,3,15
405650,405665,405668,3,15
405650,405665,405668,3,15
405650,405664,405668,4,14
405650,405666,405668,2,16
405650,405665,405668,3,15
405650,405665,405669,4,15
405650,405666,405668,2,16
405650,405667,405669,2,17
405650,405665,405668,3,15
405650,405666,405669,3,16
405650,405666,405669,3,16
405650,405668,405670,2,18
405650,405668,405670,2,18
405650,405667,405670,3,17
405650,405668,405670,2,18
405650,405668,405670,2,18
405650,405668,405671,3,18
405650,405668,405671,3,18
405650,405668,405671,3,18
405650,405669,405672,3,19
405650,405669,405672,3,19
405650,405669,405671,2,19
405650,405669,405671,2,19
405650,405669,405672,3,19
405650,405670,405672,2,20
405650,405668,405672,4,18
405650,405669,405673,4,19
405650,405669,405673,4,19
405650,405670,405673,3,20
405650,405671,405673,2,21
405650,405671,405673,2,21
405650,405671,405673,2,21
405650,405672,405674,2,22
405650,405670,405673,3,20
405650,405672,405674,2,22
405650,405671,405673,2,21
405650,405671,405674,3,21
405650,405671,405674,3,21
405650,405672,405674,2,22
405650,405672,405675,3,22
405650,405672,405675,3,22
405650,405673,405676,3,23
405650,405673,405675,2,23
405650,405673,405676,3,23
405650,405673,405676,3,23
405650,405674,405676,2,24
405650,405673,405676,3,23
405650,405674,405676,2,24
405650,405674,405676,2,24
405650,405672,405676,4,22
405650,405674,405676,2,24
405650,405675,405677,2,25
405650,405674,405677,3,24
405650,405674,405677,3,24
405650,405675,405677,2,25
405650,405675,405678,3,25
405650,405675,405679,4,25
405650,405676,405679,3,26
405650,405675,405679,4,25
405650,405676,405679,3,26
405650,405676,405680,4,26
402352,402376,405780,3404,24
405781,405781,405783,2,0
405781,405781,405783,2,0
405781,405781,405784,3,0
405781,405781,405785,4,0
405781,405781,405784,3,0
405781,405781,405785,4,0
405781,405781,405784,3,0
405781,405781,405784,3,0
405781,405781,405784,3,0
405781,405781,405784,3,0
405781,405781,405784,3,0
405781,405781,405784,3,0
405781,405781,405786,5,0
405781,405781,405785,4,0
405781,405781,405785,4,0
405781,405781,405786,5,0
405781,405784,405786,2,3
405781,405784,405786,2,3
405781,405781,405786,5,0
405781,405785,405787,2,4
405781,405785,405787,2,4
405781,405785,405787,2,4
405781,405787,405789,2,6
405781,405785,405788,3,4
405781,405786,405789,3,5
405781,405785,405788,3,4
405781,405785,405788,3,4
405781,405785,405788,3,4
405781,405785,405789,4,4
405781,405786,405789,3,5
405781,405785,405788,3,4
405781,405785,405788,3,4
405781,405787,405789,2,6
405781,405786,405789,3,5
405781,405787,405790,3,6
405781,405788,405790,2,7
405781,405788,405790,2,7
405781,405788,405790,2,7
405781,405786,405789,3,5
405781,405789,405790,1,8
405781,405789,405791,2,8
405781,405789,405791,2,8
405781,405790,405791,1,9
405781,405789,405791,2,8
405781,405789,405791,2,8
405781,405790,405792,2,9
405781,405789,405792,3,8
405781,405789,405791,2,8
405781,405790,405792,2,9
405781,405789,405792,3,8
405781,405790,405791,1,9
405781,405790,405792,2,9
405781,405789,405792,3,8
405781,405789,405792,3,8
405781,405791,405793,2,10
405781,405791,405794,3,10
405781,405791,405794,3,10
405781,405790,405794,4,9
405781,405790,405794,4,9
405781,405794,405796,2,13
405781,405792,405796,4,11
405781,405792,405796,4,11
405781,405792,405796,4,11
405781,405792,405796,4,11
405781,405792,405796,4,11
405781,405792,405796,4,11
405781,405792,405796,4,11
405781,405792,405796,4,11
405781,405792,405796,4,11
405781,405793,405796,3,12
405781,405793,405797,4,12
405781,405794,405797,3,13
405781,405794,405797,3,13
405781,405792,405797,5,11
405781,405794,405797,3,13
405781,405796,405798,2,15
405781,405794,405798,4,13
405781,405796,405798,2,15
405781,405796,405798,2,15
405781,405796,405799,3,15
405781,405796,405799,3,15
405781,405796,405799,3,15
405781,405796,405799,3,15
405781,405796,405799,3,15
405781,405796,405800,4,15
405781,405796,405800,4,15
405781,405797,405799,2,16
405781,405797,405799,2,16
405781,405798,405800,2,17
405781,405797,405800,3,16
405781,405797,405800,3,16
405781,405797,405801,4,16
405781,405797,405800,3,16
405781,405799,405801,2,18
405781,405799,405801,2,18
405781,405798,405801,3,17
405781,405800,405802,2,19
405781,405799,405802,3,18
405781,405800,405802,2,19
405781,405799,405802,3,18
405781,405801,405803,2,20
405781,405799,405802,3,18
405781,405800,405803,3,19
405781,405799,405802,3,18
405781,405800,405803,3,19
405781,405801,405803,2,20
405781,405801,405804,3,20
405781,405800,405803,3,19
405781,405801,405804,3,20
405781,405801,405803,2,20
405781,405802,405804,2,21
405781,405802,405804,2,21
405781,405803,405804,1,22
405781,405802,405804,2,21
405781,405801,405804,3,20
405781,405802,405806,4,21
405781,405802,405806,4,21
405781,405803,405806,3,22
405781,405803,405806,3,22
405781,405803,405807,4,22
405781,405803,405806,3,22
405781,405803,405807,4,22
405781,405803,405807,4,22
405781,405804,405807,3,23
405781,405805,405807,2,24
405781,405805,405808,3,24
405781,405805,405808,3,24
405781,405804,405808,4,23
405781,405804,405808,4,23
405781,405804,405808,4,23
405781,405804,405808,4,23
405781,405805,405809,4,24
405781,405806,405809,3,25
405781,405807,405809,2,26
405781,405807,405810,3,26
405781,405808,405810,2,27
405781,405808,405810,2,27
405781,405807,405810,3,26
405781,405808,405810,2,27
405781,405808,405810,2,27
405781,405807,405810,3,26
405781,405807,405810,3,26
405781,405808,405811,3,27
405781,405807,405811,4,26
405781,405808,405811,3,27
405781,405806,405811,5,25
405781,405809,405811,2,28
405781,405808,405812,4,27
405781,405810,405813,3,29
405781,405809,405814,5,28
400709,400732,405903,5171,23
405904,405904,405907,3,0
405904,405904,405908,4,0
405904,405904,405907,3,0
405904,405904,405908,4,0
405904,405904,405908,4,0
405904,405904,405907,3,0
405904,405904,405908,4,0
405904,405904,405908,4,0
405904,405904,405907,3,0
405904,405904,405908,4,0
405904,405904,405908,4,0
405904,405904,405908,4,0
405904,405904,405909,5,0
405904,405904,405908,4,0
405904,405904,405909,5,0
405904,405904,405908,4,0
405904,405904,405909,5,0
405904,405908,405910,2,4
405904,405908,405910,2,4
405904,405908,405910,2,4
405904,405908,405910,2,4
405904,405908,405910,2,4
405904,405908,405911,3,4
405904,405908,405911,3,4
405904,405908,405911,3,4
405904,405908,405911,3,4
405904,405908,405910,2,4
405904,405908,405911,3,4
405904,405908,405910,2,4
405904,405910,405912,2,6
405904,405910,405912,2,6
405904,405910,405912,2,6
405904,405909,405911,2,5
405904,405909,405912,3,5
405904,405909,405912,3,5
405904,405909,405912,3,5
405904,405909,405912,3,5
405904,405911,405913,2,7
405904,405910,405912,2,6
405904,405911,405914,3,7
405904,405911,405914,3,7
405904,405911,405914,3,7
405904,405911,405914,3,7
405904,405912,405915,3,8
405904,405913,405915,2,9
405904,405911,405915,4,7
405904,405912,405915,3,8
405904,405912,405915,3,8
405904,405912,405915,3,8
405904,405912,405915,3,8
405904,405911,405914,3,7
405904,405913,405915,2,9
405904,405912,405916,4,8
405904,405914,405916,2,10
405904,405911,405916,5,7
405904,405912,405916,4,8
405904,405912,405916,4,8
405904,405915,405917,2,11
405904,405915,405917,2,11
405904,405915,405917,2,11
405904,405914,405917,3,10
405904,405915,405917,2,11
405904,405914,405917,3,10
405904,405915,405917,2,11
405904,405915,405917,2,11
405904,405916,405918,2,12
405904,405915,405918,3,11
405904,405915,405918,3,11
405904,405915,405918,3,11
405904,405917,405919,2,13
405904,405917,405919,2,13
405904,405916,405919,3,12
405904,405916,405919,3,12
405904,405918,405919,1,14
405904,405917,405919,2,13
405904,405917,405919,2,13
405904,405916,405920,4,12
405904,405917,405920,3,13
405904,405918,405920,2,14
405904,405916,405920,4,12
405904,405918,405921,3,14
405904,405917,405921,4,13
405904,405917,405921,4,13
405904,405919,405922,3,15
405904,405919,405922,3,15
405904,405919,405922,3,15
405904,405919,405922,3,15
405904,405920,405922,2,16
405904,405919,405923,4,15
405904,405920,405923,3,16
405904,405921,405923,2,17
405904,405920,405923,3,16
405904,405921,405923,2,17
405904,405921,405923,2,17
405904,405922,405924,2,18
405904,405919,405924,5,15
405904,405919,405924,5,15
405904,405921,405924,3,17
405904,405921,405924,3,17
405904,405923,405925,2,19
405904,405921,405925,4,17
405904,405921,405925,4,17
405904,405923,405926,3,19
405904,405924,405926,2,20
405904,405923,405925,2,19
405904,405923,405925,2,19
405904,405925,405926,1,21
405904,405923,405926,3,19
405904,405924,405926,2,20
405904,405924,405926,2,20
405904,405924,405926,2,20
405904,405925,405927,2,21
405904,405925,405927,2,21
405904,405924,405927,3,20
405904,405925,405928,3,21
405904,405925,405928,3,21
405904,405925,405928,3,21
405904,405926,405928,2,22
405904,405926,405929,3,22
405904,405927,405929,2,23
405904,405926,405929,3,22
405904,405926,405929,3,22
405904,405926,405929,3,22
405904,405927,405929,2,23
405904,405926,405929,3,22
405904,405927,405929,2,23
405904,405928,405930,2,24
405904,405927,405930,3,23
405904,405929,405930,1,25
405904,405927,405930,3,23
405904,405928,405930,2,24
405904,405929,405931,2,25
405904,405929,405931,2,25
405904,405930,405931,1,26
405904,405929,405932,3,25
405904,405928,405931,3,24
405904,405930,405931,1,26
405904,405930,405932,2,26
405904,405929,405932,3,25
405904,405931,405933,2,27
405904,405931,405933,2,27
405904,405930,405933,3,26
405904,405930,405933,3,26
405904,405930,405933,3,26
405904,405931,405934,3,27
405904,405930,405933,3,26
405904,405932,405934,2,28
405904,405931,405934,3,27
405904,405931,405934,3,27
405904,405931,405934,3,27
400839,400867,406081,5214,28
406081,406081,406083,2,0
406081,406081,406084,3,0
406081,406081,406084,3,0
406081,406081,406084,3,0
406081,406081,406084,3,0
406081,406081,406084,3,0
406081,406081,406084,3,0
406081,406081,406084,3,0
406081,406081,406084,3,0
406081,406081,406084,3,0
406081,406081,406085,4,0
406081,406081,406085,4,0
406081,406081,406085,4,0
406081,406081,406085,4,0
406081,406081,406084,3,0
406081,406081,406085,4,0
406081,406081,406084,3,0
406081,406083,406085,2,2
406081,406084,406086,2,3
406081,406085,406087,2,4
406081,406084,406087,3,3
406081,406084,406087,3,3
406081,406084,406087,3,3
406081,406084,406087,3,3
406081,406085,406087,2,4
406081,406084,406088,4,3
406081,406085,406088,3,4
406081,406085,406088,3,4
406081,406084,406088,4,3
406081,406085,406088,3,4
406081,406085,406088,3,4
406081,406084,406087,3,3
406081,406084,406087,3,3
406081,406086,406088,2,5
406081,406087,406089,2,6
406081,406085,406088,3,4
406081,406087,406089,2,6
406081,406085,406088,3,4
406081,406088,406089,1,7
406081,406087,406089,2,6
406081,406087,406090,3,6
406081,406089,406090,1,8
406081,406088,406091,3,7
406081,406088,406091,3,7
406081,406088,406091,3,7
406081,406087,406091,4,6
406081,406088,406091,3,7
406081,406088,406091,3,7
406081,406088,406091,3,7
406081,406089,406091,2,8
406081,406089,406091,2,8
406081,406089,406092,3,8
406081,406089,406092,3,8
406081,406089,406093,4,8
406081,406090,406092,2,9
406081,406089,406093,4,8
406081,406091,406093,2,10
406081,406091,406093,2,10
406081,406091,406093,2,10
406081,406092,406094,2,11
406081,406091,406094,3,10
406081,406093,406094,1,12
406081,406091,406094,3,10
406081,406092,406094,2,11
406081,406092,406094,2,11
406081,406092,406094,2,11
406081,406092,406094,2,11
406081,406092,406095,3,11
406081,406092,406094,2,11
406081,406092,406094,2,11
406081,406093,406094,1,12
406081,406093,406096,3,12
406081,406094,406096,2,13
406081,406093,406096,3,12
406081,406094,406096,2,13
406081,406094,406096,2,13
406081,406095,406097,2,14
406081,406094,406098,4,13
406081,406094,406098,4,13
406081,406095,406098,3,14
406081,406095,406098,3,14
406081,406097,406099,2,16
406081,406095,406099,4,14
406081,406095,406099,4,14
406081,406097,406099,2,16
406081,406098,406100,2,17
406081,406095,406099,4,14
406081,406095,406099,4,14
406081,406095,406099,4,14
406081,406095,406100,5,14
406081,406097,406100,3,16
406081,406095,406100,5,14
406081,406097,406100,3,16
406081,406099,406100,1,18
406081,406097,406100,3,16
406081,406099,406101,2,18
406081,406099,406101,2,18
406081,406099,406101,2,18
406081,406099,406102,3,18
406081,406100,406102,2,19
406081,406101,406102,1,20
406081,406101,406103,2,20
406081,406100,406103,3,19
406081,406100,406103,3,19
406081,406100,406103,3,19
406081,406100,406103,3,19
406081,406101,406104,3,20
406081,406100,406104,4,19
406081,406101,406103,2,20
406081,406100,406103,3,19
406081,406100,406103,3,19
406081,406101,406104,3,20
406081,406102,406103,1,21
406081,406102,406104,2,21
406081,406102,406105,3,21
406081,406103,406105,2,22
406081,406103,406105,2,22
406081,406103,406105,2,22
406081,406104,406106,2,23
406081,406104,406106,2,23
406081,406104,406106,2,23
406081,406104,406107,3,23
406081,406104,406106,2,23
406081,406105,406107,2,24
406081,406104,406107,3,23
406081,406104,406108,4,23
406081,406106,406108,2,25
406081,406104,406107,3,23
406081,406104,406107,3,23
406081,406104,406107,3,23
406081,406104,406107,3,23
406081,406105,406107,2,24
406081,406106,406108,2,25
406081,406104,406108,4,23
406081,406105,406108,3,24
406081,406106,406108,2,25
406081,406107,406110,3,26
406081,406108,406110,2,27
406081,406106,406109,3,25
406081,406107,406110,3,26
406081,406108,406110,2,27
406081,406108,406110,2,27
406081,406108,406110,2,27
406081,406107,406110,3,26
406081,406108,406110,2,27
406081,406108,406111,3,27
406081,406109,406112,3,28
406081,406108,406111,3,27
406081,406108,406111,3,27
406081,406108,406112,4,27
403079,403101,406734,3633,22
406735,406735,406737,2,0
406735,406735,406737,2,0
406735,406735,406737,2,0
406735,406735,406737,2,0
406735,406735,406737,2,0
406735,406735,406738,3,0
406735,406735,406738,3,0
406735,406735,406737,2,0
406735,406735,406739,4,0
406735,406735,406739,4,0
406735,406735,406739,4,0
406735,406735,406739,4,0
406735,406735,406739,4,0
406735,406735,406739,4,0
406735,406736,406739,3,1
406735,406735,406739,4,0
406735,406735,406740,5,0
406735,406737,406740,3,2
406735,406737,406740,3,2
406735,406737,406740,3,2
406735,406737,406740,3,2
406735,406737,406740,3,2
406735,406738,406741,3,3
406735,406738,406740,2,3
406735,406739,406742,3,4
406735,406739,406742,3,4
406735,406738,406741,3,3
406735,406740,406742,2,5
406735,406740,406743,3,5
406735,406740,406742,2,5
406735,406739,406743,4,4
406735,406739,406742,3,4
406735,406740,406743,3,5
406735,406740,406742,2,5
406735,406739,406743,4,4
406735,406740,406743,3,5
406735,406741,406743,2,6
406735,406740,406743,3,5
406735,406740,406743,3,5
406735,406740,406744,4,5
406735,406741,406744,3,6
406735,406743,406745,2,8
406735,406743,406745,2,8
406735,406743,406745,2,8
406735,406744,406745,1,9
406735,406744,406745,1,9
406735,406742,406745,3,7
406735,406744,406745,1,9
406735,406743,406745,2,8
406735,406743,406746,3,8
406735,406742,406745,3,7
406735,406742,406746,4,7
406735,406742,406746,4,7
406735,406744,406746,2,9
406735,406743,406746,3,8
406735,406744,406746,2,9
406735,406744,406747,3,9
406735,406746,406747,1,11
406735,406746,406747,1,11
406735,406746,406747,1,11
406735,406746,406747,1,11
406735,406746,406747,1,11
406735,406745,406747,2,10
406735,406745,406748,3,10
406735,406746,406748,2,11
406735,406746,406748,2,11
406735,406746,406749,3,11
406735,406746,406749,3,11
406735,406747,406749,2,12
406735,406747,406750,3,12
406735,406748,406750,2,13
406735,406748,406750,2,13
406735,406747,406750,3,12
406735,406747,406749,2,12
406735,406747,406750,3,12
406735,406748,406750,2,13
406735,406748,406750,2,13
406735,406748,406750,2,13
406735,406749,406751,2,14
406735,406748,406751,3,13
406735,406748,406751,3,13
406735,406749,406751,2,14
406735,406749,406751,2,14
406735,406750,406752,2,15
406735,406750,406752,2,15
406735,406749,406753,4,14
406735,406750,406753,3,15
406735,406751,406753,2,16
406735,406751,406753,2,16
406735,406750,406753,3,15
406735,406750,406753,3,15
406735,406751,406753,2,16
406735,406750,406753,3,15
406735,406750,406753,3,15
406735,406751,406754,3,16
406735,406752,406754,2,17
406735,406753,406755,2,18
406735,406752,406754,2,17
406735,406752,406755,3,17
406735,406754,406755,1,19
406735,406752,406755,3,17
406735,406754,406756,2,19
406735,406753,406755,2,18
406735,406752,406755,3,17
406735,406754,406756,2,19
406735,406754,406756,2,19
406735,406754,406757,3,19
406735,406754,406757,3,19
406735,406755,406757,2,20
406735,406754,406756,2,19
406735,406754,406757,3,19
406735,406754,406758,4,19
406735,406756,406758,2,21
406735,406755,406757,2,20
406735,406756,406757,1,21
406735,406756,406759,3,21
406735,406755,406758,3,20
406735,406755,406758,3,20
406735,406756,406758,2,21
406735,406756,406758,2,21
406735,406756,406758,2,21
406735,406757,406759,2,22
406735,406758,406760,2,23
406735,406758,406760,2,23
406735,406758,406760,2,23
406735,406757,406759,2,22
406735,406757,406760,3,22
406735,406759,406761,2,24
406735,406757,406761,4,22
406735,406757,406760,3,22
406735,406758,406761,3,23
406735,406757,406761,4,22
406735,406757,406761,4,22
406735,406759,406762,3,24
406735,406760,406762,2,25
406735,406760,406762,2,25
406735,406760,406762,2,25
406735,406760,406762,2,25
406735,406759,406762,3,24
406735,406759,406762,3,24
406735,406759,406762,3,24
406735,406759,406762,3,24
406735,406760,406762,2,25
406735,406761,406763,2,26
406735,406761,406764,3,26
406735,406761,406764,3,26
406735,406761,406764,3,26
406735,406762,406766,4,27
406735,406762,406766,4,27
406735,406762,406767,5,27
401766,401791,406777,4986,25
406778,406778,406780,2,0
406778,406778,406780,2,0
406778,406778,406781,3,0
406778,406778,406780,2,0
406778,406778,406780,2,0
406778,406778,406781,3,0
406778,406778,406780,2,0
406778,406778,406780,2,0
406778,406778,406781,3,0
406778,406778,406780,2,0
406778,406778,406781,3,0
406778,406778,406781,3,0
406778,406778,406781,3,0
406778,406778,406781,3,0
406778,406778,406781,3,0
406778,406780,406782,2,2
406778,406778,406781,3,0
406778,406780,406782,2,2
406778,406781,406783,2,3
406778,406781,406784,3,3
406778,406781,406784,3,3
406778,406781,406784,3,3
406778,406781,406784,3,3
406778,406781,406784,3,3
406778,406781,406784,3,3
406778,406781,406784,3,3
406778,406782,406785,3,4
406778,406782,406784,2,4
406778,406782,406784,2,4
406778,406782,406785,3,4
406778,406781,406784,3,3
406778,406781,406784,3,3
406778,406782,406785,3,4
406778,406782,406786,4,4
406778,406783,406786,3,5
406778,406778,406786,8,0
406778,406784,406786,2,6
406778,406785,406787,2,7
406778,406784,406786,2,6
406778,406784,406787,3,6
406778,406785,406787,2,7
406778,406785,406788,3,7
406778,406785,406788,3,7
406778,406785,406788,3,7
406778,406785,406788,3,7
406778,406785,406787,2,7
406778,406786,406788,2,8
406778,406785,406788,3,7
406778,406785,406788,3,7
406778,406786,406788,2,8
406778,406786,406789,3,8
406778,406787,406789,2,9
406778,406787,406789,2,9
406778,406787,406789,2,9
406778,406787,406789,2,9
406778,406785,406788,3,7
406778,406788,406790,2,10
406778,406787,406789,2,9
406778,406788,406791,3,10
406778,406788,406791,3,10
406778,406788,406791,3,10
406778,406788,406791,3,10
406778,406789,406791,2,11
406778,406789,406791,2,11
406778,406789,406791,2,11
406778,406788,406791,3,10
406778,406788,406791,3,10
406778,406789,406792,3,11
406778,406789,406792,3,11
406778,406790,406792,2,12
406778,406789,406792,3,11
406778,406789,406792,3,11
406778,406790,406793,3,12
406778,406789,406793,4,11
406778,406787,406794,7,9
406778,406791,406794,3,13
406778,406791,406794,3,13
406778,406791,406793,2,13
406778,406791,406794,3,13
406778,406791,406793,2,13
406778,406791,406794,3,13
406778,406791,406794,3,13
406778,406791,406795,4,13
406778,406791,406795,4,13
406778,406792,406795,3,14
406778,406792,406795,3,14
406778,406792,406795,3,14
406778,406792,406795,3,14
406778,406793,406796,3,15
406778,406794,406796,2,16
406778,406794,406797,3,16
406778,406794,406797,3,16
406778,406796,406798,2,18
406778,406793,406797,4,15
406778,406794,406797,3,16
406778,406794,406797,3,16
406778,406796,406798,2,18
406778,406794,406798,4,16
406778,406795,406798,3,17
406778,406796,406798,2,18
406778,406795,406798,3,17
406778,406795,406798,3,17
406778,406795,406799,4,17
406778,406795,406798,3,17
406778,406798,406799,1,20
406778,406795,406799,4,17
406778,406796,406800,4,18
406778,406797,406800,3,19
406778,406798,406800,2,20
406778,406798,406800,2,20
406778,406798,406800,2,20
406778,406794,406801,7,16
406778,406798,406801,3,20
406778,406801,406802,1,23
406778,406798,406802,4,20
406778,406800,406802,2,22
406778,406800,406802,2,22
406778,406799,406802,3,21
406778,406799,406802,3,21
406778,406799,406802,3,21
406778,406798,406802,4,20
406778,406799,406803,4,21
406778,406800,406803,3,22
406778,406801,406803,2,23
406778,406801,406803,2,23
406778,406800,406804,4,22
406778,406800,406804,4,22
406778,406802,406804,2,24
406778,406803,406804,1,25
406778,406801,406804,3,23
406778,406803,406806,3,25
406778,406803,406806,3,25
406778,406803,406806,3,25
406778,406803,406806,3,25
406778,406803,406806,3,25
406778,406803,406806,3,25
406778,406804,406807,3,26
406778,406804,406808,4,26
406778,406803,406808,5,25
406778,406805,406808,3,27
406778,406805,406809,4,27
406778,406803,406809,6,25
406778,406804,406809,5,26
406778,406807,406809,2,29
406778,406804,406809,5,26
406778,406804,406810,6,26
406778,406807,406810,3,29
406778,406807,406810,3,29
406778,406805,406811,6,27
406778,406808,406812,4,30
406693,406693,406875,182,0
403292,403313,406976,3663,21
406977,406977,406979,2,0
406977,406977,406979,2,0
406977,406977,406979,2,0
406977,406977,406979,2,0
406977,406977,406979,2,0
406977,406977,406979,2,0
406977,406977,406979,2,0
406977,406977,406980,3,0
406977,406977,406980,3,0
406977,406977,406980,3,0
406977,406977,406980,3,0
406977,406977,406981,4,0
406977,406977,406981,4,0
406977,406977,406980,3,0
406977,406977,406981,4,0
406977,406977,406981,4,0
406977,406979,406982,3,2
406977,406977,406981,4,0
406977,406979,406982,3,2
406977,406979,406981,2,2
406977,406979,406982,3,2
406977,406980,406983,3,3
406977,406980,406983,3,3
406977,406982,406984,2,5
406977,406980,406984,4,3
406977,406981,406984,3,4
406977,406980,406984,4,3
406977,406981,406984,3,4
406977,406981,406984,3,4
406977,406981,406985,4,4
406977,406983,406985,2,6
406977,406980,406984,4,3
406977,406980,406985,5,3
406977,406981,406984,3,4
406977,406982,406985,3,5
406977,406982,406985,3,5
406977,406982,406984,2,5
406977,406981,406985,4,4
406977,406983,406985,2,6
406977,406982,406985,3,5
406977,406984,406986,2,7
406977,406984,406987,3,7
406977,406984,406987,3,7
406977,406984,406987,3,7
406977,406985,406988,3,8
406977,406986,406988,2,9
406977,406984,406988,4,7
406977,406985,406988,3,8
406977,406985,406988,3,8
406977,406985,406988,3,8
406977,406985,406988,3,8
406977,406985,406988,3,8
406977,406986,406988,2,9
406977,406985,406989,4,8
406977,406985,406989,4,8
406977,406987,406989,2,10
406977,406986,406989,3,9
406977,406985,406989,4,8
402070,402092,406989,4897,22
406977,406988,406990,2,11
406977,406988,406990,2,11
406977,406987,406990,3,10
406977,406989,406990,1,12
406977,406988,406990,2,11
406977,406987,406990,3,10
406977,406989,406991,2,12
406977,406988,406991,3,11
406977,406989,406991,2,12
406977,406989,406991,2,12
406977,406989,406991,2,12
406977,406989,406991,2,12
406977,406989,406992,3,12
406977,406989,406992,3,12
406977,406990,406992,2,13
406977,406988,406992,4,11
406977,406990,406992,2,13
406977,406990,406992,2,13
406977,406991,406993,2,14
406977,406991,406993,2,14
406977,406991,406993,2,14
406977,406991,406993,2,14
406977,406992,406993,1,15
406977,406992,406994,2,15
406977,406991,406995,4,14
406977,406991,406994,3,14
406977,406992,406995,3,15
406977,406991,406994,3,14
406977,406992,406995,3,15
406977,406994,406996,2,17
406977,406994,406996,2,17
406977,406992,406995,3,15
406977,406993,406996,3,16
406977,406992,406996,4,15
406977,406992,406996,4,15
406977,406993,406996,3,16
406977,406994,406996,2,17
406977,406994,406996,2,17
406977,406993,406996,3,16
406977,406993,406996,3,16
406977,406994,406996,2,17
406977,406993,406996,3,16
406977,406995,406998,3,18
406977,406995,406997,2,18
406977,406995,406997,2,18
406977,406996,406997,1,19
406977,406995,406998,3,18
406977,406997,406999,2,20
406977,406996,406998,2,19
406977,406996,406998,2,19
406977,406997,406999,2,20
406977,406996,407000,4,19
406977,406997,406999,2,20
406977,406997,406999,2,20
406977,406997,407000,3,20
406977,406997,406999,2,20
406977,406997,407000,3,20
406977,406997,407000,3,20
406977,406997,407000,3,20
406977,406999,407001,2,22
406977,406997,407000,3,20
406977,406998,407000,2,21
406977,406998,407001,3,21
406977,406998,407001,3,21
406977,406998,407000,2,21
406977,406998,407000,2,21
406977,407000,407001,1,23
406977,407000,407002,2,23
406977,406999,407001,2,22
406977,407000,407002,2,23
406977,406999,407002,3,22
406977,407000,407002,2,23
406977,407000,407003,3,23
406977,407002,407004,2,25
406977,407000,407003,3,23
406977,407001,407003,2,24
406977,407002,407004,2,25
406977,407000,407003,3,23
406977,407001,407004,3,24
406977,407001,407004,3,24
406977,407001,407005,4,24
406977,407001,407004,3,24
406977,407002,407004,2,25
406977,407002,407004,2,25
406977,407001,407004,3,24
406977,407002,407004,2,25
406977,407004,407006,2,27
406977,407001,407005,4,24
406977,407001,407005,4,24
406977,407001,407005,4,24
406990,407004,407006,2,14
406990,407004,407006,2,14
406990,407004,407006,2,14
406990,407004,407006,2,14
406990,407004,407006,2,14
406977,407003,407006,3,26
406990,407005,407008,3,15
406990,407005,407007,2,15
406990,407005,407007,2,15
406990,407005,407007,2,15
406990,407005,407008,3,15
406990,407005,407009,4,15
406990,407006,407010,4,16
406990,407007,407010,3,17
406977,407003,407010,7,26
406990,407007,407010,3,17
406990,407007,407010,3,17
406990,407006,407011,5,16
406990,407007,407011,4,17
406990,407008,407011,3,18
406990,407008,407011,3,18
406990,407008,407011,3,18
406990,407008,407010,2,18
406990,407007,407011,4,17
406990,407010,407011,1,20
406990,407006,407011,5,16
406990,407006,407012,6,16
406990,407007,407011,4,17
406990,407010,407012,2,20
406990,407009,407012,3,19
406990,407009,407012,3,19
406990,407011,407013,2,21
406990,407011,407013,2,21
406990,407012,407014,2,22
406990,407011,407013,2,21
406990,407011,407013,2,21
406990,407011,407014,3,21
406990,407011,407014,3,21
406990,407011,407014,3,21
406990,407011,407013,2,21
406990,407011,407015,4,21
406990,407012,407015,3,22
406990,407012,407014,2,22
406990,407013,407015,2,23
406990,407013,407015,2,23
406990,407012,407015,3,22
406990,407012,407015,3,22
406990,407014,407015,1,24
406990,407012,407015,3,22
406990,407012,407015,3,22
406990,407014,407016,2,24
406990,407014,407016,2,24
406990,407014,407016,2,24
406990,407014,407016,2,24
406990,407014,407016,2,24
406990,407014,407016,2,24
406990,407015,407017,2,25
406990,407016,407018,2,26
406990,407015,407018,3,25
406990,407015,407018,3,25
406990,407015,407018,3,25
406990,407015,407018,3,25
406990,407016,407018,2,26
406990,407016,407018,2,26
406990,407015,407018,3,25
406990,407017,407019,2,27
406990,407015,407019,4,25
406990,407016,407019,3,26
406990,407016,407020,4,26
406990,407016,407019,3,26
406990,407011,407020,9,21
406990,407017,407020,3,27
406990,407018,407020,2,28
406990,407018,407020,2,28
406990,407019,407021,2,29
406990,407017,407021,4,27
406990,407017,407020,3,27
406990,407018,407021,3,28
406990,407019,407021,2,29
406990,407019,407021,2,29
406990,407018,407021,3,28
406990,407020,407022,2,30
406990,407020,407023,3,30
406990,407020,407023,3,30
406990,407019,407023,4,29
406990,407020,407023,3,30
406990,407021,407024,3,31
406990,407020,407025,5,30
406990,407021,407025,4,31
406990,407021,407024,3,31
406990,407020,407024,4,30
406990,407022,407025,3,32
406990,407022,407025,3,32
406990,407021,407026,5,31
406990,407023,407026,3,33
406990,407023,407027,4,33
406990,407023,407026,3,33
406990,407022,407026,4,32
406990,407021,407027,6,31
406990,407023,407027,4,33
406990,407025,407027,2,35
406990,407026,407028,2,36
406990,407024,407028,4,34
406990,407025,407028,3,35
406990,407025,407028,3,35
406990,407025,407028,3,35
406990,407022,407027,5,32
406990,407027,407029,2,37
406990,407026,407028,2,36
406990,407026,407028,2,36
406990,407028,407030,2,38
406990,407027,407030,3,37
406990,407027,407029,2,37
406990,407025,407029,4,35
406990,407027,407030,3,37
406990,407028,407031,3,38
406990,407027,407030,3,37
406990,407020,407031,11,30
406990,407028,407031,3,38
406990,407027,407031,4,37
406990,407028,407031,3,38
406990,407029,407031,2,39
406990,407030,407032,2,40
406990,407028,407032,4,38
406990,407028,407031,3,38
406990,407028,407031,3,38
406990,407030,407032,2,40
406990,407031,407033,2,41
406990,407029,407032,3,39
406990,407030,407033,3,40
406990,407030,407032,2,40
406990,407032,407034,2,42
406990,407032,407034,2,42
406990,407030,407034,4,40
406990,407031,407034,3,41
406990,407031,407034,3,41
406990,407032,407035,3,42
406990,407032,407035,3,42
406990,407032,407035,3,42
406990,407032,407035,3,42
406990,407032,407035,3,42
406990,407033,407036,3,43
406990,407034,407036,2,44
406990,407033,407036,3,43
406990,407033,407036,3,43
406990,407032,407036,4,42
406990,407033,407036,3,43
406990,407034,407036,2,44
406990,407033,407037,4,43
406990,407034,407038,4,44
406990,407035,407038,3,45
406990,407031,407039,8,41
403645,403667,407187,3520,22
407188,407189,407190,1,1
407188,407189,407190,1,1
407188,407189,407192,3,1
407188,407189,407191,2,1
407188,407189,407191,2,1
407188,407189,407191,2,1
407188,407189,407191,2,1
407188,407189,407191,2,1
407188,407189,407191,2,1
407188,407189,407191,2,1
407188,407189,407192,3,1
407188,407189,407192,3,1
407188,407191,407192,1,3
407188,407189,407192,3,1
407188,407189,407192,3,1
407188,407189,407192,3,1
407188,407189,407192,3,1
407188,407191,407192,1,3
407188,407192,407193,1,4
407188,407189,407193,4,1
407188,407192,407194,2,4
407188,407192,407194,2,4
407188,407192,407194,2,4
407188,407193,407194,1,5
407188,407192,407194,2,4
407188,407192,407194,2,4
407188,407193,407195,2,5
407188,407193,407195,2,5
407188,407193,407195,2,5
407188,407192,407195,3,4
407188,407193,407195,2,5
407188,407193,407195,2,5
407188,407192,407195,3,4
407188,407193,407196,3,5
407188,407194,407196,2,6
407188,407193,407195,2,5
407188,407194,407196,2,6
407188,407194,407196,2,6
407188,407195,407197,2,7
407188,407194,407197,3,6
407188,407195,407197,2,7
407188,407195,407196,1,7
407188,407195,407197,2,7
407188,407196,407198,2,8
407188,407195,407198,3,7
407188,407196,407199,3,8
407188,407197,407198,1,9
407188,407196,407199,3,8
407188,407196,407198,2,8
407188,407196,407198,2,8
407188,407196,407199,3,8
407188,407196,407198,2,8
407188,407196,407198,2,8
407188,407197,407198,1,9
407188,407197,407198,1,9
407188,407196,407200,4,8
407188,407196,407199,3,8
407188,407196,407199,3,8
407188,407197,407199,2,9
407188,407199,407200,1,11
407188,407198,407200,2,10
407188,407199,407201,2,11
407188,407199,407201,2,11
407188,407199,407201,2,11
407188,407199,407201,2,11
407188,407199,407201,2,11
407188,407199,407202,3,11
407188,407199,407201,2,11
407188,407199,407202,3,11
407188,407199,407201,2,11
407188,407199,407201,2,11
407188,407199,407203,4,11
407188,407200,407202,2,12
407188,407201,407203,2,13
407188,407200,407203,3,12
407188,407200,407203,3,12
407188,407200,407203,3,12
407188,407201,407204,3,13
407188,407201,407204,3,13
407188,407201,407204,3,13
407188,407201,407204,3,13
407188,407201,407204,3,13
407188,407202,407204,2,14
407188,407202,407205,3,14
407188,407202,407205,3,14
407188,407202,407206,4,14
407188,407203,407206,3,15
407188,407202,407205,3,14
407188,407203,407205,2,15
407188,407204,407206,2,16
407188,407204,407207,3,16
407188,407202,407207,5,14
407188,407204,407206,2,16
407188,407204,407206,2,16
407188,407204,407206,2,16
407188,407204,407206,2,16
407188,407204,407206,2,16
407188,407205,407207,2,17
407188,407204,407208,4,16
407188,407204,407207,3,16
407188,407205,407208,3,17
407188,407207,407209,2,19
407188,407206,407209,3,18
407188,407207,407209,2,19
407188,407206,407209,3,18
407188,407206,407209,3,18
407188,407206,407209,3,18
407188,407206,407210,4,18
407188,407207,407209,2,19
407188,407207,407210,3,19
407188,407207,407210,3,19
407188,407207,407210,3,19
407188,407207,407210,3,19
407188,407207,407210,3,19
407188,407208,407211,3,20
407188,407208,407211,3,20
407188,407207,407211,4,19
407188,407209,407212,3,21
407188,407209,407211,2,21
407188,407209,407212,3,21
407188,407210,407212,2,22
407188,407211,407212,1,23
407188,407210,407213,3,22
407188,407210,407212,2,22
407188,407210,407213,3,22
407188,407209,407212,3,21
407188,407210,407212,2,22
407188,407210,407212,2,22
407188,407212,407214,2,24
407188,407211,407214,3,23
407188,407210,407214,4,22
407188,407213,407214,1,25
407188,407211,407214,3,23
407188,407211,407214,3,23
407188,407210,407215,5,22
407188,407211,407214,3,23
407188,407213,407215,2,25
407188,407213,407215,2,25
407188,407213,407215,2,25
407188,407213,407215,2,25
407188,407213,407215,2,25
407188,407212,407215,3,24
407188,407213,407216,3,25
407188,407214,407216,2,26
407188,407213,407216,3,25
407188,407215,407216,1,27
407188,407213,407216,3,25
407188,407214,407217,3,26
407188,407214,407217,3,26
407188,407215,407221,6,27
407016,407016,407439,423,0
403656,403695,407457,3762,39
407459,407459,407461,2,0
407459,407459,407462,3,0
407459,407459,407462,3,0
407459,407459,407462,3,0
407459,407459,407462,3,0
407459,407459,407462,3,0
407459,407459,407462,3,0
407459,407459,407462,3,0
407459,407459,407462,3,0
407459,407459,407462,3,0
407459,407459,407462,3,0
407459,407459,407463,4,0
407459,407460,407463,3,1
407459,407460,407463,3,1
407459,407459,407463,4,0
407459,407459,407464,5,0
407459,407463,407464,1,4
407459,407463,407464,1,4
407459,407463,407464,1,4
407459,407459,407464,5,0
407459,407463,407464,1,4
407459,407462,407464,2,3
407459,407463,407464,1,4
407459,407463,407464,1,4
407459,407463,407465,2,4
407459,407463,407465,2,4
407459,407463,407465,2,4
407459,407462,407466,4,3
407459,407464,407466,2,5
407459,407464,407466,2,5
407459,407465,407466,1,6
407459,407465,407466,1,6
407459,407463,407466,3,4
407459,407465,407466,1,6
407459,407464,407467,3,5
407459,407465,407467,2,6
407459,407464,407467,3,5
407459,407465,407467,2,6
407459,407465,407467,2,6
407459,407465,407467,2,6
407459,407466,407467,1,7
407459,407465,407468,3,6
407459,407466,407468,2,7
407459,407467,407469,2,8
407459,407467,407469,2,8
407459,407467,407469,2,8
407459,407468,407469,1,9
407459,407467,407469,2,8
407459,407467,407469,2,8
407459,407468,407469,1,9
407459,407468,407469,1,9
407459,407468,407469,1,9
407459,407466,407470,4,7
407459,407467,407470,3,8
407459,407467,407470,3,8
407459,407467,407470,3,8
407459,407468,407470,2,9
407459,407468,407470,2,9
407459,407470,407471,1,11
407459,407470,407471,1,11
407459,407469,407471,2,10
407459,407469,407472,3,10
407459,407470,407472,2,11
407459,407470,407472,2,11
407459,407470,407472,2,11
407459,407471,407472,1,12
407459,407470,407472,2,11
407459,407470,407472,2,11
407459,407470,407473,3,11
407459,407471,407473,2,12
407459,407470,407473,3,11
407459,407471,407473,2,12
407459,407470,407473,3,11
407459,407472,407474,2,13
407459,407470,407473,3,11
407459,407472,407474,2,13
407459,407471,407474,3,12
407459,407472,407474,2,13
407459,407473,407475,2,14
407459,407472,407474,2,13
407459,407472,407475,3,13
407459,407473,407475,2,14
407459,407472,407475,3,13
407459,407472,407476,4,13
407459,407473,407475,2,14
407459,407474,407476,2,15
407459,407474,407477,3,15
407459,407475,407477,2,16
407459,407475,407477,2,16
407459,407475,407477,2,16
407459,407473,407476,3,14
407459,407474,407477,3,15
407459,407474,407477,3,15
407459,407474,407477,3,15
407459,407474,407477,3,15
407459,407475,407477,2,16
407459,407476,407478,2,17
407459,407475,407477,2,16
407459,407475,407477,2,16
407459,407476,407478,2,17
407459,407475,407478,3,16
407459,407476,407478,2,17
407459,407476,407479,3,17
407459,407477,407479,2,18
407459,407478,407480,2,19
407459,407477,407480,3,18
407459,407477,407480,3,18
407459,407478,407480,2,19
407459,407478,407481,3,19
407459,407478,407480,2,19
407459,407477,407481,4,18
407459,407478,407480,2,19
407459,407478,407480,2,19
407459,407477,407481,4,18
407459,407478,407481,3,19
407459,407478,407481,3,19
407459,407479,407482,3,20
407459,407480,407482,2,21
407459,407477,407482,5,18
407459,407481,407482,1,22
407459,407479,407483,4,20
407459,407480,407482,2,21
407459,407480,407482,2,21
407459,407480,407483,3,21
407459,407481,407483,2,22
407459,407481,407483,2,22
407459,407480,407483,3,21
407459,407481,407484,3,22
407459,407481,407484,3,22
407459,407481,407484,3,22
407459,407483,407485,2,24
407459,407483,407485,2,24
407459,407482,407485,3,23
407459,407481,407485,4,22
407459,407483,407485,2,24
407459,407482,407486,4,23
407459,407483,407486,3,24
407459,407483,407486,3,24
407459,407483,407485,2,24
407459,407484,407486,2,25
407459,407482,407486,4,23
407459,407482,407486,4,23
407459,407484,407486,2,25
407459,407482,407486,4,23
407459,407485,407487,2,26
407459,407484,407487,3,25
407459,407485,407487,2,26
407459,407485,407488,3,26
407459,407485,407488,3,26
407459,407485,407489,4,26
407521,407521,407706,185,0
402821,402846,407847,5001,25
407848,407848,407849,1,0
407848,407848,407850,2,0
407848,407848,407849,1,0
407848,407848,407849,1,0
407848,407848,407849,1,0
407848,407848,407850,2,0
407848,407848,407851,3,0
407848,407848,407850,2,0
407848,407848,407850,2,0
407848,407848,407850,2,0
407848,407848,407850,2,0
407848,407848,407851,3,0
407848,407848,407851,3,0
407848,407848,407851,3,0
407848,407848,407851,3,0
407848,407850,407851,1,2
407848,407850,407851,1,2
407848,407850,407852,2,2
407848,407850,407851,1,2
407848,407850,407852,2,2
407848,407848,407851,3,0
407848,407848,407851,3,0
407848,407851,407852,1,3
407848,407851,407853,2,3
407848,407851,407853,2,3
407848,407851,407853,2,3
407848,407851,407853,2,3
407848,407852,407853,1,4
407848,407851,407854,3,3
407848,407852,407855,3,4
407848,407852,407855,3,4
407848,407852,407855,3,4
407848,407852,407854,2,4
407848,407852,407854,2,4
407848,407852,407854,2,4
407848,407852,407854,2,4
407848,407852,407855,3,4
407848,407852,407855,3,4
407848,407853,407855,2,5
407848,407853,407855,2,5
407848,407853,407855,2,5
407848,407852,407855,3,4
407848,407855,407856,1,7
407848,407855,407856,1,7
407848,407855,407857,2,7
407848,407854,407856,2,6
407848,407855,407856,1,7
407848,407854,407857,3,6
407848,407855,407857,2,7
407848,407855,407857,2,7
407848,407855,407857,2,7
407848,407854,407857,3,6
407848,407856,407857,1,8
407848,407856,407858,2,8
407848,407856,407858,2,8
407848,407855,407857,2,7
407848,407856,407859,3,8
407848,407857,407858,1,9
407848,407854,407858,4,6
407848,407857,407858,1,9
407848,407857,407859,2,9
407848,407857,407859,2,9
407848,407857,407859,2,9
407848,407856,407859,3,8
407848,407858,407860,2,10
407848,407858,407860,2,10
407848,407858,407860,2,10
407848,407857,407860,3,9
407848,407858,407860,2,10
407848,407858,407861,3,10
407848,407858,407861,3,10
407848,407858,407861,3,10
407848,407858,407861,3,10
407848,407859,407862,3,11
407848,407859,407862,3,11
407848,407860,407862,2,12
407848,407859,407862,3,11
407848,407859,407862,3,11
407848,407859,407862,3,11
407848,407860,407862,2,12
407848,407859,407862,3,11
407848,407859,407863,4,11
407848,407860,407862,2,12
407848,407862,407864,2,14
407848,407859,407863,4,11
407848,407862,407864,2,14
407848,407862,407864,2,14
407848,407860,407863,3,12
407848,407861,407864,3,13
407848,407862,407864,2,14
407848,407861,407864,3,13
407848,407861,407864,3,13
407848,407861,407864,3,13
407848,407861,407864,3,13
407848,407862,407864,2,14
407848,407862,407864,2,14
407848,407862,407865,3,14
407848,407863,407866,3,15
407848,407863,407865,2,15
407848,407863,407866,3,15
407848,407864,407866,2,16
407848,407864,407866,2,16
407848,407865,407867,2,17
407848,407864,407867,3,16
407848,407865,407867,2,17
407848,407864,407867,3,16
407848,407864,407867,3,16
407848,407864,407868,4,16
407848,407864,407868,4,16
407848,407865,407868,3,17
407848,407866,407868,2,18
407848,407865,407868,3,17
407848,407865,407869,4,17
407848,407865,407869,4,17
407848,407867,407869,2,19
407848,407867,407869,2,19
407848,407866,407869,3,18
407848,407868,407869,1,20
407848,407868,407869,1,20
407848,407867,407869,2,19
407848,407865,407870,5,17
407848,407868,407870,2,20
407848,407867,407870,3,19
407848,407868,407871,3,20
407848,407868,407871,3,20
407848,407869,407871,2,21
407848,407869,407871,2,21
407848,407869,407871,2,21
407848,407869,407872,3,21
407848,407869,407872,3,21
407848,407868,407872,4,20
407848,407870,407872,2,22
407848,407870,407872,2,22
407848,407870,407872,2,22
407848,407869,407873,4,21
407848,407869,407872,3,21
407848,407870,407873,3,22
407848,407870,407874,4,22
407848,407872,407874,2,24
407848,407870,407874,4,22
407848,407872,407874,2,24
407848,407872,407874,2,24
407848,407872,407874,2,24
407848,407871,407875,4,23
407848,407871,407874,3,23
407848,407872,407874,2,24
407848,407873,407875,2,25
407848,407873,407875,2,25
407848,407873,407875,2,25
407848,407872,407876,4,24
403044,403067,408072,5005,23
408073,408073,408074,1,0
408073,408073,408076,3,0
408073,408073,408075,2,0
408073,408073,408075,2,0
408073,408073,408075,2,0
408073,408073,408076,3,0
408073,408073,408075,2,0
408073,408073,408076,3,0
408073,408073,408075,2,0
408073,408073,408075,2,0
408073,408073,408075,2,0
408073,408073,408075,2,0
408073,408073,408075,2,0
408073,408073,408075,2,0
408073,408073,408076,3,0
408073,408075,408077,2,2
408073,408073,408076,3,0
408073,408073,408076,3,0
408073,408076,408078,2,3
408073,408076,408078,2,3
408073,408076,408078,2,3
408073,408076,408078,2,3
408073,408077,408079,2,4
408073,408076,408079,3,3
408073,408076,408079,3,3
408073,408076,408079,3,3
408073,408076,408079,3,3
408073,408076,408079,3,3
408073,408076,408079,3,3
408073,408076,408079,3,3
408073,408076,408079,3,3
408073,408076,408079,3,3
408073,408076,408080,4,3
408073,408078,408080,2,5
408073,408079,408081,2,6
408073,408077,408081,4,4
408073,408077,408081,4,4
408073,408078,408080,2,5
408073,408078,408080,2,5
408073,408078,408081,3,5
408073,408079,408081,2,6
408073,408079,408081,2,6
408073,408079,408082,3,6
408073,408079,408082,3,6
408073,408079,408082,3,6
408073,408079,408082,3,6
408073,408080,408082,2,7
408073,408079,408082,3,6
408073,408080,408082,2,7
408073,408080,408082,2,7
408073,408080,408082,2,7
408073,408081,408082,1,8
408073,408081,408083,2,8
408073,408081,408083,2,8
408073,408081,408082,1,8
408073,408081,408083,2,8
408073,408081,408083,2,8
408073,408081,408084,3,8
408073,408081,408084,3,8
408073,408082,408084,2,9
408073,408082,408084,2,9
408073,408082,408085,3,9
408073,408083,408085,2,10
408073,408083,408085,2,10
408073,408083,408085,2,10
408073,408082,408085,3,9
408073,408082,408085,3,9
408073,408082,408085,3,9
408073,408083,408085,2,10
408073,408082,408085,3,9
408073,408082,408085,3,9
408073,408082,408085,3,9
408073,408083,408086,3,10
408073,408083,408086,3,10
408073,408084,408086,2,11
408073,408085,408087,2,12
408073,408084,408087,3,11
408073,408085,408088,3,12
408073,408084,408088,4,11
408073,408084,408087,3,11
408073,408085,408087,2,12
408073,408085,408088,3,12
408073,408085,408088,3,12
408073,408085,408088,3,12
408073,408085,408088,3,12
408073,408086,408088,2,13
408073,408087,408088,1,14
408073,408086,408089,3,13
408073,408087,408089,2,14
408073,408087,408089,2,14
408073,408086,408089,3,13
408073,408086,408089,3,13
408073,408087,408089,2,14
408073,408089,408090,1,16
408073,408088,408091,3,15
408073,408088,408090,2,15
408073,408088,408091,3,15
408073,408087,408090,3,14
408073,408088,408091,3,15
408073,408088,408091,3,15
408073,408088,408091,3,15
408073,408089,408091,2,16
408073,408090,408092,2,17
408073,408090,408092,2,17
408073,408088,408092,4,15
408073,408088,408092,4,15
408073,408090,408092,2,17
408073,408091,408092,1,18
408073,408090,408093,3,17
408073,408089,408093,4,16
408073,408092,408094,2,19
408073,408092,408093,1,19
408073,408090,408094,4,17
408073,408091,408094,3,18
408073,408092,408094,2,19
408073,408091,408094,3,18
408073,408091,408094,3,18
408073,408091,408094,3,18
408073,408091,408094,3,18
408073,408092,408094,2,19
408073,408092,408095,3,19
408073,408093,408095,2,20
408073,408093,408095,2,20
408073,408094,408096,2,21
408073,408094,408096,2,21
408073,408092,408096,4,19
408073,408092,408096,4,19
408073,408095,408096,1,22
408073,408094,408096,2,21
408073,408094,408096,2,21
408073,408093,408097,4,20
408073,408094,408097,3,21
408073,408095,408097,2,22
408073,408095,408098,3,22
408073,408095,408097,2,22
408073,408094,408097,3,21
408073,408096,408098,2,23
408073,408095,408098,3,22
408073,408095,408098,3,22
408073,408095,408098,3,22
408073,408096,408098,2,23
408073,408096,408099,3,23
408073,408097,408099,2,24
408073,408097,408099,2,24
408073,408097,408100,3,24
408073,408097,408100,3,24
408073,408097,408101,4,24
408073,408097,408101,4,24
408073,408098,408101,3,25
408073,408097,408101,4,24
404718,404747,408311,3564,29
408313,408313,408316,3,0
408313,408313,408315,2,0
408313,408313,408315,2,0
408313,408313,408315,2,0
408313,408313,408315,2,0
408313,408313,408315,2,0
408313,408313,408315,2,0
408313,408313,408315,2,0
408313,408313,408315,2,0
408313,408313,408315,2,0
408313,408313,408316,3,0
408313,408313,408316,3,0
408313,408313,408316,3,0
408313,408313,408316,3,0
408313,408313,408316,3,0
408313,408313,408316,3,0
408313,408313,408316,3,0
408313,408316,408318,2,3
408313,408316,408318,2,3
408313,408316,408318,2,3
408313,408316,408318,2,3
408313,408316,408318,2,3
408313,408316,408318,2,3
408313,408316,408318,2,3
408313,408316,408319,3,3
408313,408316,408319,3,3
408313,408316,408319,3,3
408313,408317,408319,2,4
408313,408317,408320,3,4
408313,408318,408320,2,5
408313,408317,408319,2,4
408313,408317,408320,3,4
408313,408317,408320,3,4
408313,408317,408320,3,4
408313,408318,408319,1,5
408313,408317,408319,2,4
408313,408318,408320,2,5
408313,408318,408320,2,5
408313,408318,408320,2,5
408313,408319,408321,2,6
408313,408319,408322,3,6
408313,408319,408321,2,6
408313,408319,408322,3,6
408313,408320,408322,2,7
408313,408320,408323,3,7
408313,408320,408323,3,7
408313,408320,408323,3,7
408313,408320,408323,3,7
408313,408320,408323,3,7
408313,408320,408323,3,7
408313,408320,408323,3,7
408313,408320,408324,4,7
408313,408320,408324,4,7
408313,408322,408323,1,9
408313,408320,408324,4,7
408313,408320,408324,4,7
408313,408320,408323,3,7
408313,408322,408323,1,9
408313,408322,408324,2,9
408313,408323,408324,1,10
408313,408322,408325,3,9
408313,408323,408325,2,10
408313,408323,408325,2,10
408313,408323,408325,2,10
408313,408323,408325,2,10
408313,408323,408326,3,10
408313,408323,408325,2,10
408313,408324,408326,2,11
408313,408324,408326,2,11
408313,408324,408326,2,11
408313,408324,408326,2,11
408313,408324,408326,2,11
408313,408324,408327,3,11
408313,408324,408326,2,11
408313,408324,408327,3,11
408313,408324,408327,3,11
408313,408325,408327,2,12
408313,408326,408328,2,13
408313,408325,408328,3,12
408313,408326,408328,2,13
408313,408325,408328,3,12
408313,408325,408328,3,12
408313,408325,408328,3,12
408313,408325,408329,4,12
408313,408326,408329,3,13
408313,408326,408330,4,13
408313,408327,408330,3,14
408313,408328,408330,2,15
408313,408328,408330,2,15
408313,408328,408330,2,15
408313,408327,408330,3,14
408313,408328,408330,2,15
408313,408329,408330,1,16
408313,408327,408330,3,14
408313,408327,408330,3,14
408313,408327,408331,4,14
408313,408328,408331,3,15
408313,408329,408331,2,16
408313,408328,408331,3,15
408313,408328,408332,4,15
408313,408330,408333,3,17
408313,408329,408333,4,16
408313,408330,408333,3,17
408313,408331,408333,2,18
408313,408330,408333,3,17
408313,408330,408333,3,17
408313,408331,408333,2,18
408313,408331,408333,2,18
408313,408331,408333,2,18
408313,408330,408334,4,17
408313,408330,408334,4,17
408313,408331,408334,3,18
408313,408331,408334,3,18
408313,408332,408334,2,19
408313,408333,408335,2,20
408313,408333,408335,2,20
408313,408334,408335,1,21
408313,408334,408335,1,21
408313,408333,408336,3,20
408313,408333,408336,3,20
408313,408331,408336,5,18
408313,408334,408336,2,21
408313,408335,408336,1,22
408313,408333,408337,4,20
408313,408333,408337,4,20
408313,408334,408337,3,21
408313,408332,408337,5,19
408313,408332,408336,4,19
408313,408335,408337,2,22
408313,408334,408337,3,21
408313,408334,408337,3,21
408313,408335,408338,3,22
408313,408336,408338,2,23
408313,408334,408338,4,21
408313,408336,408338,2,23
408313,408336,408338,2,23
408313,408337,408339,2,24
408313,408337,408339,2,24
408313,408336,408339,3,23
408313,408337,408339,2,24
408313,408337,408340,3,24
408313,408337,408340,3,24
408313,408337,408340,3,24
408313,408338,408341,3,25
408313,408337,408341,4,24
408313,408339,408341,2,26
408313,408339,408341,2,26
408313,408338,408341,3,25
408313,408337,408342,5,24
408313,408337,408341,4,24
408043,408044,408387,343,1
405190,405214,408885,3671,24
408887,408887,408890,3,0
408887,408887,408889,2,0
408887,408887,408889,2,0
408887,408887,408890,3,0
408887,408887,408889,2,0
408887,408887,408889,2,0
408887,408887,408889,2,0
408887,408887,408890,3,0
408887,408887,408890,3,0
408887,408887,408890,3,0
408887,408887,408890,3,0
408887,408887,408890,3,0
408887,408887,408890,3,0
408887,408887,408890,3,0
408887,408887,408890,3,0
408887,408887,408891,4,0
408887,408887,408890,3,0
408887,408890,408892,2,3
408887,408890,408892,2,3
408887,408890,408891,1,3
408887,408890,408891,1,3
408887,408890,408892,2,3
408887,408890,408893,3,3
408887,408890,408893,3,3
408887,408890,408892,2,3
408887,408890,408892,2,3
408887,408890,408892,2,3
408887,408891,408893,2,4
408887,408891,408893,2,4
408887,408892,408894,2,5
403866,403889,408893,5004,23
408887,408891,408894,3,4
408887,408890,408894,4,3
408887,408891,408894,3,4
408887,408892,408894,2,5
408887,408892,408894,2,5
408887,408892,408894,2,5
408887,408892,408894,2,5
408887,408891,408894,3,4
408887,408891,408895,4,4
408887,408893,408895,2,6
408887,408893,408895,2,6
408887,408893,408895,2,6
408887,408893,408896,3,6
408887,408893,408896,3,6
408887,408894,408896,2,7
408887,408894,408896,2,7
408887,408894,408896,2,7
408887,408894,408896,2,7
408887,408894,408896,2,7
408887,408894,408896,2,7
408887,408894,408896,2,7
408887,408894,408896,2,7
408887,408894,408896,2,7
408887,408895,408897,2,8
408887,408895,408897,2,8
408887,408896,408898,2,9
408887,408896,408898,2,9
408887,408896,408898,2,9
408887,408894,408897,3,7
408887,408894,408897,3,7
408887,408895,408898,3,8
408887,408896,408898,2,9
408887,408896,408898,2,9
408887,408895,408897,2,8
408887,408896,408898,2,9
408887,408896,408898,2,9
408887,408896,408899,3,9
408887,408896,408898,2,9
408887,408896,408898,2,9
408887,408897,408899,2,10
408887,408897,408899,2,10
408887,408898,408900,2,11
408887,408898,408900,2,11
408887,408897,408900,3,10
408887,408897,408899,2,10
408887,408898,408900,2,11
408887,408898,408900,2,11
408887,408898,408900,2,11
408887,408899,408901,2,12
408887,408898,408900,2,11
408887,408898,408901,3,11
408887,408898,408900,2,11
408887,408898,408901,3,11
408887,408899,408901,2,12
408887,408899,408901,2,12
408887,408899,408902,3,12
408887,408900,408902,2,13
408887,408899,408901,2,12
408887,408898,408902,4,11
408887,408898,408902,4,11
408887,408900,408902,2,13
408887,408900,408902,2,13
408887,408900,408902,2,13
408887,408900,408903,3,13
408887,408900,408903,3,13
408887,408901,408903,2,14
408887,408900,408903,3,13
408887,408901,408903,2,14
408887,408901,408904,3,14
408887,408901,408904,3,14
408887,408901,408904,3,14
408887,408902,408904,2,15
408887,408901,408905,4,14
408887,408902,408905,3,15
408887,408902,408905,3,15
408887,408904,408905,1,17
408887,408904,408905,1,17
408887,408902,408905,3,15
408887,408901,408906,5,14
408887,408902,408905,3,15
408887,408903,408905,2,16
408887,408904,408906,2,17
408887,408903,408905,2,16
408887,408903,408906,3,16
408887,408903,408905,2,16
408887,408905,408906,1,18
408887,408905,408907,2,18
408887,408902,408906,4,15
408887,408902,408907,5,15
408887,408904,408906,2,17
408887,408906,408908,2,19
408887,408905,408908,3,18
408887,408905,408907,2,18
408887,408906,408908,2,19
408887,408906,408908,2,19
408887,408906,408908,2,19
408887,408907,408909,2,20
408887,408906,408908,2,19
408887,408906,408909,3,19
408887,408907,408909,2,20
408887,408908,408909,1,21
408887,408906,408909,3,19
408887,408906,408910,4,19
408887,408906,408910,4,19
408887,408906,408910,4,19
408887,408906,408909,3,19
408887,408908,408910,2,21
408887,408909,408911,2,22
408887,408909,408911,2,22
408887,408907,408911,4,20
408887,408907,408911,4,20
408887,408908,408911,3,21
408887,408909,408911,2,22
408887,408908,408912,4,21
408887,408909,408912,3,22
408887,408909,408912,3,22
408887,408907,408912,5,20
408887,408910,408912,2,23
408887,408910,408912,2,23
408895,408910,408913,3,15
408887,408910,408914,4,23
408895,408911,408914,3,16
408895,408910,408914,4,15
408895,408910,408914,4,15
408895,408912,408914,2,17
408895,408911,408914,3,16
408895,408912,408914,2,17
408895,408913,408915,2,18
408895,408912,408915,3,17
408895,408912,408915,3,17
408895,408911,408915,4,16
408895,408912,408915,3,17
408895,408914,408915,1,19
408895,408913,408915,2,18
408895,408914,408916,2,19
408895,408912,408915,3,17
408895,408913,408916,3,18
408895,408914,408917,3,19
408895,408915,408917,2,20
408895,408915,408917,2,20
408895,408915,408917,2,20
408895,408915,408918,3,20
408895,408915,408918,3,20
408895,408915,408918,3,20
408895,408916,408918,2,21
408895,408916,408918,2,21
408895,408916,408918,2,21
408895,408916,408919,3,21
408895,408910,408918,8,15
408895,408916,408919,3,21
408895,408916,408920,4,21
408895,408916,408920,4,21
408895,408916,408920,4,21
408895,408918,408920,2,23
408895,408919,408921,2,24
408895,408918,408920,2,23
408895,408919,408920,1,24
408895,408918,408920,2,23
408895,408918,408920,2,23
408895,408918,408920,2,23
408895,408917,408921,4,22
408895,408917,408921,4,22
408895,408918,408921,3,23
408895,408920,408922,2,25
408895,408919,408921,2,24
408895,408919,408921,2,24
408895,408921,408922,1,26
408895,408921,408922,1,26
408895,408920,408922,2,25
408895,408921,408922,1,26
408895,408921,408923,2,26
408895,408921,408923,2,26
408895,408921,408923,2,26
408895,408920,408923,3,25
408895,408921,408923,2,26
408895,408921,408928,7,26
408895,408922,408928,6,27
408895,408924,408928,4,29
408895,408921,408928,7,26
408895,408922,408928,6,27
408895,408923,408928,5,28
408895,408923,408928,5,28
408895,408922,408928,6,27
408895,408923,408928,5,28
408895,408922,408928,6,27
408895,408923,408928,5,28
408895,408922,408928,6,27
408895,408923,408930,7,28
408895,408923,408930,7,28
408895,408923,408929,6,28
408895,408928,408930,2,33
408895,408924,408930,6,29
408895,408928,408931,3,33
408895,408919,408931,12,24
408895,408929,408931,2,34
408895,408929,408932,3,34
408895,408929,408932,3,34
408895,408929,408931,2,34
408895,408929,408932,3,34
408895,408929,408931,2,34
408895,408929,408933,4,34
408895,408929,408932,3,34
408895,408929,408933,4,34
408895,408930,408933,3,35
408895,408931,408933,2,36
408895,408929,408933,4,34
408895,408930,408933,3,35
408895,408930,408934,4,35
408895,408932,408934,2,37
408895,408931,408935,4,36
408895,408933,408935,2,38
408895,408932,408935,3,37
408895,408932,408935,3,37
408895,408932,408935,3,37
408895,408932,408935,3,37
408895,408933,408936,3,38
408895,408934,408936,2,39
408895,408932,408936,4,37
408895,408931,408936,5,36
408895,408933,408936,3,38
408895,408933,408937,4,38
408895,408935,408937,2,40
408895,408934,408937,3,39
408895,408934,408938,4,39
408895,408936,408938,2,41
408895,408934,408938,4,39
408895,408936,408938,2,41
408895,408936,408939,3,41
408895,408936,408939,3,41
408895,408935,408939,4,40
408895,408937,408940,3,42
408895,408937,408940,3,42
408895,408936,408939,3,41
408895,408937,408940,3,42
408895,408938,408940,2,43
408895,408939,408941,2,44
408895,408937,408941,4,42
408895,408939,408941,2,44
408895,408939,408941,2,44
408895,408932,408941,9,37
408895,408940,408941,1,45
408895,408939,408941,2,44
408895,408940,408942,2,45
408895,408937,408942,5,42
408895,408937,408941,4,42
408895,408937,408941,4,42
408895,408940,408942,2,45
408895,408939,408942,3,44
408895,408941,408943,2,46
408895,408939,408943,4,44
408895,408939,408943,4,44
408895,408940,408943,3,45
408895,408941,408943,2,46
408895,408941,408943,2,46
408895,408941,408943,2,46
408895,408942,408944,2,47
408895,408942,408944,2,47
408895,408942,408945,3,47
408895,408943,408945,2,48
408895,408942,408945,3,47
408895,408941,408945,4,46
408895,408942,408945,3,47
408895,408942,408946,4,47
408895,408942,408946,4,47
408895,408942,408945,3,47
408895,408944,408946,2,49
408895,408943,408947,4,48
408895,408943,408946,3,48
408895,408944,408947,3,49
408895,408943,408952,9,48
405500,405524,409017,3493,24
409018,409018,409019,1,0
409018,409018,409020,2,0
409018,409018,409020,2,0
409018,409018,409020,2,0
409018,409018,409020,2,0
409018,409018,409020,2,0
409018,409018,409020,2,0
409018,409018,409020,2,0
409018,409018,409020,2,0
409018,409018,409020,2,0
409018,409018,409020,2,0
409018,409018,409020,2,0
409018,409018,409020,2,0
409018,409018,409020,2,0
409018,409018,409020,2,0
409018,409018,409021,3,0
409018,409020,409021,1,2
409018,409018,409021,3,0
409018,409020,409022,2,2
409018,409020,409022,2,2
409018,409020,409021,1,2
409018,409020,409022,2,2
409018,409020,409022,2,2
409018,409021,409023,2,3
409018,409021,409023,2,3
409018,409021,409023,2,3
409018,409021,409024,3,3
409018,409022,409023,1,4
409018,409021,409024,3,3
409018,409021,409023,2,3
409018,409021,409023,2,3
409018,409021,409023,2,3
409018,409021,409023,2,3
409018,409022,409024,2,4
409018,409022,409024,2,4
409018,409022,409024,2,4
409018,409022,409024,2,4
409018,409022,409024,2,4
409018,409021,409024,3,3
409018,409022,409025,3,4
409018,409023,409025,2,5
409018,409023,409025,2,5
409018,409023,409025,2,5
409018,409025,409026,1,7
409018,409024,409026,2,6
409018,409024,409026,2,6
409018,409024,409026,2,6
409018,409024,409027,3,6
409018,409024,409027,3,6
409018,409024,409026,2,6
409018,409024,409026,2,6
409018,409024,409026,2,6
409018,409025,409027,2,7
409018,409025,409027,2,7
409018,409025,409027,2,7
409018,409024,409027,3,6
409018,409025,409027,2,7
409018,409025,409028,3,7
409018,409025,409027,2,7
409018,409027,409030,3,9
409018,409027,409031,4,9
409018,409027,409031,4,9
409018,409028,409031,3,10
409018,409027,409032,5,9
409018,409027,409032,5,9
409018,409027,409031,4,9
409018,409027,409031,4,9
409018,409028,409032,4,10
409018,409027,409032,5,9
409018,409028,409033,5,10
409018,409028,409032,4,10
409018,409027,409032,5,9
409018,409028,409033,5,10
409018,409027,409034,7,9
409018,409030,409034,4,12
409018,409031,409034,3,13
409018,409031,409034,3,13
409018,409028,409034,6,10
409018,409032,409036,4,14
409018,409032,409036,4,14
409018,409032,409036,4,14
409018,409033,409036,3,15
409018,409033,409036,3,15
409018,409032,409037,5,14
409018,409033,409037,4,15
409018,409035,409038,3,17
409018,409033,409037,4,15
409018,409032,409037,5,14
409018,409034,409038,4,16
409018,409034,409038,4,16
409018,409032,409038,6,14
409018,409035,409038,3,17
409018,409035,409039,4,17
409018,409036,409039,3,18
409018,409035,409039,4,17
409018,409036,409039,3,18
409018,409037,409041,4,19
409018,409037,409040,3,19
409018,409037,409040,3,19
409018,409037,409041,4,19
409018,409038,409041,3,20
409018,409039,409042,3,21
409018,409037,409042,5,19
409018,409038,409042,4,20
409018,409038,409043,5,20
409018,409038,409043,5,20
409018,409038,409043,5,20
409018,409040,409043,3,22
409018,409040,409043,3,22
409018,409038,409044,6,20
409018,409041,409044,3,23
409018,409041,409044,3,23
409018,409041,409044,3,23
409018,409040,409045,5,22
409018,409041,409045,4,23
409018,409041,409045,4,23
409018,409042,409045,3,24
409018,409042,409046,4,24
409018,409042,409046,4,24
409018,409043,409046,3,25
409018,409044,409046,2,26
409018,409043,409047,4,25
409018,409044,409047,3,26
409018,409043,409048,5,25
409018,409043,409048,5,25
409018,409044,409048,4,26
409018,409046,409049,3,28
409018,409045,409049,4,27
409018,409045,409049,4,27
409018,409045,409048,3,27
409018,409045,409049,4,27
409018,409046,409049,3,28
409018,409046,409049,3,28
409018,409046,409049,3,28
409018,409047,409050,3,29
409018,409047,409050,3,29
409018,409047,409050,3,29
409018,409047,409051,4,29
409018,409048,409051,3,30
409018,409049,409052,3,31
409018,409049,409052,3,31
409018,409049,409053,4,31
409018,409049,409053,4,31
409018,409049,409053,4,31
409018,409049,409052,3,31
409018,409048,409053,5,30
409018,409048,409053,5,30
409018,409049,409053,4,31
409018,409049,409053,4,31
409018,409056,409060,4,38
404091,404116,409078,4962,25
409079,409079,409081,2,0
409079,409079,409082,3,0
409079,409079,409081,2,0
409079,409079,409082,3,0
409079,409079,409082,3,0
409079,409079,409082,3,0
409079,409079,409081,2,0
409079,409079,409081,2,0
409079,409079,409082,3,0
409079,409079,409081,2,0
409079,409079,409081,2,0
409079,409079,409082,3,0
409079,409079,409082,3,0
409079,409079,409083,4,0
409079,409079,409082,3,0
409079,409082,409084,2,3
409079,409082,409084,2,3
409079,409082,409085,3,3
409079,409082,409085,3,3
409079,409082,409085,3,3
409079,409082,409085,3,3
409079,409082,409084,2,3
409079,409082,409085,3,3
409079,409082,409084,2,3
409079,409083,409085,2,4
409079,409082,409086,4,3
409079,409082,409085,3,3
409079,409082,409086,4,3
409079,409082,409086,4,3
409079,409085,409087,2,6
409079,409085,409087,2,6
409079,409083,409087,4,4
409079,409085,409087,2,6
409079,409085,409087,2,6
409079,409085,409088,3,6
409079,409085,409087,2,6
409079,409085,409087,2,6
409079,409085,409087,2,6
409079,409085,409088,3,6
409079,409085,409088,3,6
409079,409086,409089,3,7
409079,409087,409089,2,8
409079,409086,409089,3,7
409079,409087,409089,2,8
409079,409087,409089,2,8
409079,409079,409090,11,0
409079,409079,409090,11,0
409079,409088,409090,2,9
409079,409086,409089,3,7
409079,409086,409089,3,7
409079,409089,409090,1,10
409079,409089,409090,1,10
409079,409087,409090,3,8
409079,409088,409090,2,9
409079,409088,409090,2,9
409079,409088,409090,2,9
409079,409088,409091,3,9
409079,409089,409091,2,10
409079,409090,409092,2,11
409079,409089,409092,3,10
409079,409090,409092,2,11
409079,409089,409091,2,10
409079,409090,409092,2,11
409079,409091,409092,1,12
409079,409091,409092,1,12
409079,409089,409093,4,10
409079,409090,409092,2,11
409079,409091,409093,2,12
409079,409090,409093,3,11
409079,409092,409094,2,13
409079,409090,409093,3,11
409079,409090,409093,3,11
409079,409092,409094,2,13
409079,409093,409094,1,14
409079,409092,409095,3,13
409079,409091,409094,3,12
409079,409092,409095,3,13
409079,409092,409095,3,13
409079,409093,409095,2,14
409079,409094,409096,2,15
409079,409092,409095,3,13
409079,409094,409096,2,15
409079,409093,409096,3,14
409079,409094,409096,2,15
409079,409095,409096,1,16
409079,409095,409097,2,16
409079,409095,409098,3,16
409079,409096,409097,1,17
409079,409095,409097,2,16
409079,409096,409098,2,17
409079,409094,409098,4,15
409079,409094,409098,4,15
409079,409096,409098,2,17
409079,409096,409098,2,17
409079,409097,409098,1,18
409079,409096,409098,2,17
409079,409095,409099,4,16
409079,409097,409099,2,18
409079,409098,409100,2,19
409079,409096,409099,3,17
409079,409090,409100,10,11
409079,409097,409100,3,18
409079,409097,409100,3,18
409079,409098,409100,2,19
409079,409098,409100,2,19
409079,409099,409101,2,20
409079,409098,409101,3,19
409079,409090,409101,11,11
409079,409098,409101,3,19
409079,409099,409101,2,20
409079,409099,409101,2,20
409079,409100,409102,2,21
409079,409098,409102,4,19
409079,409098,409102,4,19
409079,409101,409102,1,22
409079,409100,409102,2,21
409079,409101,409104,3,22
409079,409101,409104,3,22
409079,409099,409104,5,20
409079,409100,409104,4,21
409079,409102,409104,2,23
409079,409101,409104,3,22
409079,409102,409104,2,23
409079,409101,409104,3,22
409079,409102,409106,4,23
409079,409103,409106,3,24
409079,409102,409106,4,23
409079,409102,409106,4,23
409079,409102,409107,5,23
409079,409102,409107,5,23
409079,409105,409107,2,26
409079,409105,409108,3,26
409079,409103,409107,4,24
409079,409104,409108,4,25
409079,409104,409108,4,25
409079,409105,409109,4,26
409079,409104,409109,5,25
409079,409105,409109,4,26
409079,409108,409110,2,29
409079,409107,409110,3,28
409079,409107,409110,3,28
409079,409108,409110,2,29
409079,409106,409109,3,27
409079,409107,409110,3,28
409079,409105,409110,5,26
409079,409108,409111,3,29
409079,409108,409111,3,29
409079,409101,409114,13,22
409079,409102,409115,13,23
409079,409108,409115,7,29
405414,405441,409182,3741,27
409183,409183,409185,2,0
409183,409183,409185,2,0
409183,409183,409186,3,0
409183,409183,409186,3,0
409183,409183,409185,2,0
409183,409183,409186,3,0
409183,409183,409185,2,0
409183,409183,409185,2,0
409183,409183,409185,2,0
409183,409183,409185,2,0
409183,409183,409186,3,0
409183,409183,409186,3,0
409183,409183,409186,3,0
409183,409183,409186,3,0
409183,409183,409186,3,0
409183,409183,409187,4,0
409183,409183,409187,4,0
409183,409185,409187,2,2
409183,409185,409187,2,2
409183,409187,409189,2,4
409183,409186,409189,3,3
409183,409186,409188,2,3
409183,409186,409188,2,3
409183,409186,409189,3,3
409183,409186,409189,3,3
409183,409187,409189,2,4
409183,409186,409189,3,3
409183,409186,409189,3,3
409183,409186,409189,3,3
409183,409186,409189,3,3
409183,409187,409190,3,4
409183,409187,409190,3,4
409183,409186,409189,3,3
409183,409186,409189,3,3
409183,409186,409189,3,3
409183,409186,409189,3,3
409183,409189,409191,2,6
409183,409189,409191,2,6
409183,409189,409191,2,6
409183,409189,409191,2,6
409183,409189,409191,2,6
409183,409189,409191,2,6
409183,409190,409192,2,7
409183,409189,409192,3,6
409183,409190,409192,2,7
409183,409190,409192,2,7
409183,409190,409193,3,7
409183,409190,409193,3,7
409183,409191,409193,2,8
409183,409190,409193,3,7
409183,409190,409193,3,7
409183,409190,409193,3,7
409183,409191,409193,2,8
409183,409191,409193,2,8
409183,409191,409193,2,8
409183,409191,409193,2,8
409183,409191,409193,2,8
409183,409192,409194,2,9
409183,409190,409194,4,7
409183,409190,409194,4,7
409183,409193,409195,2,10
409183,409193,409195,2,10
409183,409192,409195,3,9
409183,409193,409195,2,10
409183,409193,409195,2,10
409183,409193,409195,2,10
409183,409193,409195,2,10
409183,409193,409195,2,10
409183,409193,409195,2,10
409183,409193,409196,3,10
409183,409194,409196,2,11
409183,409193,409195,2,10
409183,409193,409196,3,10
409183,409193,409196,3,10
409183,409193,409196,3,10
409183,409194,409197,3,11
409183,409195,409197,2,12
409183,409195,409197,2,12
409183,409195,409197,2,12
409183,409194,409197,3,11
409183,409195,409197,2,12
409183,409195,409197,2,12
409183,409195,409198,3,12
409183,409195,409197,2,12
409183,409195,409197,2,12
409183,409195,409197,2,12
409183,409196,409199,3,13
409183,409197,409199,2,14
409183,409198,409199,1,15
409183,409196,409199,3,13
409183,409196,409200,4,13
409183,409198,409200,2,15
409183,409196,409200,4,13
409183,409196,409200,4,13
409183,409197,409200,3,14
409183,409196,409200,4,13
409183,409199,409200,1,16
409183,409199,409201,2,16
409183,409198,409200,2,15
409183,409197,409201,4,14
409183,409198,409200,2,15
409183,409199,409201,2,16
409183,409198,409201,3,15
409183,409198,409202,4,15
409183,409199,409202,3,16
409183,409200,409202,2,17
409183,409200,409203,3,17
409183,409201,409203,2,18
409183,409200,409203,3,17
409183,409200,409203,3,17
409183,409201,409203,2,18
409183,409202,409203,1,19
409183,409201,409203,2,18
409183,409201,409203,2,18
409183,409200,409204,4,17
409183,409201,409204,3,18
409183,409201,409204,3,18
409183,409201,409204,3,18
409183,409201,409205,4,18
409183,409204,409205,1,21
409183,409202,409205,3,19
409183,409203,409206,3,20
409183,409203,409206,3,20
409183,409204,409206,2,21
409183,409203,409206,3,20
409183,409204,409206,2,21
409183,409204,409207,3,21
409183,409204,409207,3,21
409183,409205,409207,2,22
409183,409203,409208,5,20
409183,409203,409208,5,20
409183,409205,409208,3,22
409183,409205,409208,3,22
409183,409206,409208,2,23
409183,409205,409208,3,22
409183,409207,409208,1,24
409183,409207,409209,2,24
409183,409207,409209,2,24
409183,409202,409208,6,19
409183,409206,409209,3,23
409183,409205,409209,4,22
409183,409208,409209,1,25
409183,409206,409209,3,23
409183,409208,409210,2,25
409183,409207,409209,2,24
409183,409207,409210,3,24
409183,409208,409211,3,25
409183,409208,409211,3,25
409183,409209,409211,2,26
409183,409209,409215,6,26
405651,405676,409319,3643,25
409319,409319,409321,2,0
409319,409319,409321,2,0
409319,409319,409321,2,0
409319,409319,409321,2,0
409319,409319,409321,2,0
409319,409319,409322,3,0
409319,409319,409322,3,0
409319,409319,409321,2,0
409319,409319,409321,2,0
409319,409319,409322,3,0
409319,409319,409321,2,0
409319,409319,409322,3,0
409319,409319,409321,2,0
409319,409319,409321,2,0
409319,409319,409321,2,0
409319,409319,409322,3,0
409319,409319,409322,3,0
409319,409321,409323,2,2
409319,409321,409323,2,2
409319,409321,409323,2,2
409319,409321,409323,2,2
409319,409321,409323,2,2
409319,409322,409324,2,3
409319,409322,409324,2,3
409319,409322,409324,2,3
409319,409322,409324,2,3
409319,409322,409324,2,3
409319,409322,409325,3,3
409319,409322,409325,3,3
409319,409322,409325,3,3
409319,409322,409324,2,3
409319,409322,409325,3,3
409319,409323,409325,2,4
409319,409323,409325,2,4
409319,409323,409325,2,4
409319,409323,409325,2,4
409319,409323,409325,2,4
409319,409324,409326,2,5
409319,409324,409326,2,5
409319,409324,409326,2,5
409319,409324,409326,2,5
409319,409323,409326,3,4
409319,409323,409326,3,4
409319,409324,409327,3,5
409319,409325,409328,3,6
409319,409325,409327,2,6
409319,409325,409327,2,6
409319,409325,409328,3,6
409319,409325,409328,3,6
409319,409325,409328,3,6
409319,409325,409328,3,6
409319,409325,409327,2,6
409319,409327,409328,1,8
409319,409327,409329,2,8
409319,409325,409329,4,6
409319,409325,409328,3,6
409319,409327,409329,2,8
409319,409327,409329,2,8
409319,409327,409329,2,8
409319,409328,409329,1,9
409319,409327,409330,3,8
409319,409328,409330,2,9
409319,409328,409330,2,9
409319,409328,409330,2,9
409319,409329,409330,1,10
409319,409329,409331,2,10
409319,409329,409331,2,10
409319,409328,409331,3,9
409319,409328,409331,3,9
409319,409328,409331,3,9
409319,409328,409330,2,9
409319,409329,409331,2,10
409319,409330,409332,2,11
409319,409329,409333,4,10
409319,409329,409333,4,10
409319,409329,409332,3,10
409319,409331,409333,2,12
409319,409331,409334,3,12
409319,409331,409334,3,12
409319,409330,409334,4,11
409319,409331,409334,3,12
409319,409331,409334,3,12
409319,409332,409335,3,13
409319,409332,409334,2,13
409319,409330,409335,5,11
409319,409331,409335,4,12
409319,409331,409335,4,12
409319,409331,409335,4,12
409319,409333,409335,2,14
409319,409331,409336,5,12
409319,409334,409336,2,15
409319,409334,409336,2,15
409319,409333,409337,4,14
409319,409333,409337,4,14
409319,409335,409337,2,16
409319,409335,409337,2,16
409319,409334,409337,3,15
409319,409334,409337,3,15
409319,409335,409337,2,16
409319,409335,409338,3,16
409319,409335,409338,3,16
409319,409336,409338,2,17
409319,409336,409338,2,17
409319,409335,409339,4,16
409319,409335,409339,4,16
409319,409335,409339,4,16
409319,409338,409339,1,19
409319,409337,409339,2,18
409319,409337,409339,2,18
409319,409337,409340,3,18
409319,409337,409340,3,18
409319,409336,409340,4,17
409319,409338,409340,2,19
409319,409338,409340,2,19
409319,409337,409341,4,18
409319,409337,409341,4,18
409319,409339,409341,2,20
409319,409338,409341,3,19
409319,409339,409341,2,20
409319,409340,409343,3,21
409319,409340,409343,3,21
409319,409340,409343,3,21
409319,409339,409343,4,20
409319,409340,409343,3,21
409319,409341,409343,2,22
409319,409339,409344,5,20
409319,409340,409344,4,21
409319,409341,409344,3,22
409319,409341,409344,3,22
409319,409342,409344,2,23
409319,409341,409344,3,22
409319,409341,409344,3,22
409319,409342,409345,3,23
409319,409342,409344,2,23
409319,409341,409345,4,22
409319,409341,409346,5,22
409319,409344,409346,2,25
409319,409345,409346,1,26
409319,409344,409346,2,25
409319,409345,409347,2,26
409319,409345,409347,2,26
409319,409344,409347,3,25
409319,409345,409347,2,26
409319,409345,409347,2,26
409319,409345,409347,2,26
409319,409345,409348,3,26
409319,409345,409348,3,26
409319,409344,409348,4,25
409319,409344,409348,4,25
409319,409344,409349,5,25
405783,405810,409367,3557,27
409369,409369,409371,2,0
409369,409369,409372,3,0
409369,409369,409372,3,0
409369,409369,409371,2,0
409369,409369,409372,3,0
409369,409369,409371,2,0
409369,409369,409371,2,0
409369,409369,409372,3,0
409369,409369,409372,3,0
409369,409369,409372,3,0
409369,409369,409373,4,0
409369,409369,409372,3,0
409369,409369,409372,3,0
409369,409369,409373,4,0
409369,409371,409373,2,2
409369,409369,409372,3,0
409369,409372,409374,2,3
409369,409372,409374,2,3
409369,409372,409374,2,3
409369,409372,409374,2,3
409369,409372,409374,2,3
409369,409372,409374,2,3
409369,409372,409374,2,3
409369,409372,409374,2,3
409369,409372,409375,3,3
409369,409373,409375,2,4
409369,409373,409375,2,4
409369,409373,409375,2,4
409369,409373,409376,3,4
409369,409373,409376,3,4
409369,409373,409376,3,4
409369,409374,409376,2,5
409369,409374,409376,2,5
409369,409374,409376,2,5
409369,409374,409376,2,5
409369,409374,409376,2,5
409369,409374,409376,2,5
409369,409374,409376,2,5
409369,409369,409377,8,0
409369,409375,409377,2,6
409369,409375,409378,3,6
409369,409375,409378,3,6
409369,409369,409377,8,0
409369,409376,409378,2,7
409369,409376,409378,2,7
409369,409376,409378,2,7
409369,409376,409378,2,7
409369,409376,409378,2,7
409369,409376,409378,2,7
409369,409376,409378,2,7
409369,409376,409379,3,7
409369,409376,409379,3,7
409369,409376,409379,3,7
409369,409376,409379,3,7
409369,409376,409379,3,7
409369,409377,409379,2,8
409369,409378,409380,2,9
409369,409378,409380,2,9
409369,409378,409380,2,9
409369,409378,409380,2,9
409369,409378,409380,2,9
409369,409378,409381,3,9
409369,409378,409381,3,9
409369,409379,409381,2,10
409369,409378,409381,3,9
409369,409378,409381,3,9
409369,409379,409382,3,10
409369,409379,409382,3,10
409369,409379,409382,3,10
409369,409379,409382,3,10
409369,409380,409382,2,11
409369,409380,409382,2,11
409369,409380,409382,2,11
409369,409381,409382,1,12
409369,409381,409382,1,12
409369,409379,409383,4,10
409369,409381,409383,2,12
409369,409382,409384,2,13
409369,409382,409383,1,13
409369,409381,409384,3,12
409369,409382,409384,2,13
409369,409383,409384,1,14
409369,409383,409384,1,14
409369,409383,409384,1,14
409369,409383,409384,1,14
409369,409382,409385,3,13
409369,409382,409384,2,13
409369,409382,409385,3,13
409369,409381,409385,4,12
409369,409377,409385,8,8
409369,409384,409385,1,15
409369,409384,409385,1,15
409369,409384,409386,2,15
409369,409382,409386,4,13
409369,409383,409386,3,14
409369,409385,409386,1,16
409369,409385,409386,1,16
409369,409385,409387,2,16
409369,409386,409388,2,17
409369,409385,409387,2,16
409369,409385,409387,2,16
409369,409386,409387,1,17
409369,409386,409388,2,17
409369,409385,409388,3,16
409369,409384,409388,4,15
409369,409387,409389,2,18
409369,409385,409389,4,16
409369,409385,409388,3,16
409369,409385,409389,4,16
409369,409386,409389,3,17
409369,409386,409389,3,17
409369,409387,409389,2,18
409369,409388,409389,1,19
409369,409388,409390,2,19
409369,409388,409390,2,19
409369,409388,409390,2,19
409369,409389,409391,2,20
409369,409388,409390,2,19
409369,409388,409390,2,19
409369,409388,409391,3,19
409369,409390,409391,1,21
409369,409390,409392,2,21
409369,409390,409392,2,21
409369,409390,409392,2,21
409369,409389,409392,3,20
409369,409389,409392,3,20
409369,409389,409392,3,20
409369,409378,409386,8,9
409369,409391,409393,2,22
409369,409391,409392,1,22
409369,409391,409393,2,22
409369,409389,409393,4,20
409369,409389,409393,4,20
409369,409391,409393,2,22
409369,409392,409394,2,23
409369,409392,409394,2,23
409369,409392,409394,2,23
409369,409390,409394,4,21
409369,409392,409394,2,23
409369,409393,409395,2,24
409369,409392,409395,3,23
409369,409392,409395,3,23
409369,409391,409395,4,22
409369,409393,409396,3,24
409369,409393,409395,2,24
409369,409393,409395,2,24
409369,409394,409396,2,25
409369,409393,409397,4,24
409369,409393,409397,4,24
409369,409394,409398,4,25
405906,405932,409589,3657,26
409590,409590,409592,2,0
409590,409590,409592,2,0
409590,409590,409592,2,0
409590,409590,409592,2,0
409590,409590,409593,3,0
409590,409590,409593,3,0
409590,409590,409592,2,0
409590,409590,409593,3,0
409590,409590,409592,2,0
409590,409590,409592,2,0
409590,409590,409592,2,0
409590,409590,409592,2,0
409590,409590,409592,2,0
409590,409590,409593,3,0
409590,409590,409593,3,0
409590,409590,409594,4,0
409590,409592,409593,1,2
409590,409590,409593,3,0
409590,409592,409593,1,2
409590,409592,409593,1,2
409590,409592,409593,1,2
409590,409593,409594,1,3
409590,409593,409594,1,3
409590,409593,409594,1,3
409590,409593,409594,1,3
409590,409593,409594,1,3
409590,409593,409595,2,3
409590,409593,409595,2,3
409590,409594,409595,1,4
409590,409593,409595,2,3
409590,409593,409595,2,3
409590,409594,409595,1,4
409590,409594,409596,2,4
409590,409594,409596,2,4
409590,409594,409596,2,4
409590,409594,409596,2,4
409590,409594,409596,2,4
409590,409594,409596,2,4
409590,409595,409596,1,5
409590,409595,409596,1,5
409590,409595,409597,2,5
409590,409595,409596,1,5
409590,409595,409597,2,5
409590,409595,409597,2,5
409590,409596,409597,1,6
409590,409596,409598,2,6
409590,409596,409597,1,6
409590,409596,409597,1,6
409590,409596,409598,2,6
409590,409596,409598,2,6
409590,409597,409599,2,7
409590,409597,409598,1,7
409590,409597,409598,1,7
409590,409597,409598,1,7
409590,409597,409599,2,7
409590,409596,409599,3,6
409590,409597,409599,2,7
409590,409597,409599,2,7
409590,409597,409599,2,7
409590,409598,409599,1,8
409590,409597,409599,2,7
409590,409597,409599,2,7
409590,409598,409600,2,8
409590,409598,409600,2,8
409590,409598,409600,2,8
409590,409598,409601,3,8
409590,409599,409601,2,9
409590,409599,409601,2,9
409590,409599,409601,2,9
409590,409599,409601,2,9
409590,409599,409601,2,9
409590,409599,409601,2,9
409590,409599,409602,3,9
409590,409599,409601,2,9
409590,409600,409602,2,10
409590,409599,409602,3,9
409590,409600,409602,2,10
409590,409600,409602,2,10
409590,409600,409603,3,10
409590,409600,409603,3,10
409590,409601,409603,2,11
409590,409601,409603,2,11
409590,409601,409603,2,11
409590,409600,409603,3,10
409590,409601,409603,2,11
409590,409601,409603,2,11
409590,409602,409603,1,12
409590,409600,409603,3,10
409590,409601,409604,3,11
409590,409602,409604,2,12
409590,409602,409604,2,12
409590,409602,409605,3,12
409590,409602,409605,3,12
409590,409601,409604,3,11
409590,409602,409605,3,12
409590,409603,409605,2,13
409590,409603,409605,2,13
409590,409604,409606,2,14
409590,409603,409606,3,13
409590,409603,409605,2,13
409590,409603,409606,3,13
409590,409603,409606,3,13
409590,409604,409606,2,14
409590,409605,409606,1,15
409590,409603,409606,3,13
409590,409603,409606,3,13
409590,409605,409607,2,15
409590,409604,409607,3,14
409590,409605,409608,3,15
409590,409606,409608,2,16
409590,409604,409608,4,14
409590,409606,409608,2,16
409590,409606,409608,2,16
409590,409605,409609,4,15
409590,409605,409609,4,15
409590,409605,409608,3,15
409590,409606,409608,2,16
409590,409607,409609,2,17
409590,409606,409609,3,16
409590,409607,409609,2,17
409590,409607,409609,2,17
409590,409607,409609,2,17
409590,409608,409610,2,18
409590,409607,409610,3,17
409590,409608,409610,2,18
409590,409609,409610,1,19
409590,409607,409610,3,17
409590,409608,409611,3,18
409590,409608,409610,2,18
409590,409609,409611,2,19
409590,409609,409611,2,19
409590,409610,409611,1,20
409590,409610,409612,2,20
409590,409608,409612,4,18
409590,409610,409612,2,20
409590,409609,409612,3,19
409590,409609,409612,3,19
409590,409610,409612,2,20
409590,409610,409612,2,20
409590,409611,409612,1,21
409590,409609,409613,4,19
409590,409610,409613,3,20
409590,409612,409613,1,22
409590,409612,409613,1,22
409590,409611,409613,2,21
409590,409612,409613,1,22
409590,409611,409614,3,21
409590,409611,409614,3,21
409590,409612,409614,2,22
409590,409612,409614,2,22
409960,409961,410082,121,1
406738,406762,410383,3621,24
410384,410384,410385,1,0
410384,410384,410386,2,0
410384,410384,410386,2,0
410384,410384,410386,2,0
410384,410384,410385,1,0
410384,410384,410386,2,0
410384,410384,410386,2,0
410384,410384,410387,3,0
410384,410384,410386,2,0
410384,410384,410387,3,0
410384,410384,410387,3,0
410384,410384,410387,3,0
410384,410384,410387,3,0
410384,410384,410387,3,0
410384,410384,410387,3,0
410384,410386,410388,2,2
410384,410384,410387,3,0
410384,410384,410387,3,0
410384,410386,410389,3,2
410384,410386,410388,2,2
410384,410386,410388,2,2
410384,410387,410389,2,3
410384,410386,410389,3,2
410384,410386,410389,3,2
410384,410386,410389,3,2
410384,410387,410390,3,3
410384,410388,410390,2,4
410384,410388,410390,2,4
410384,410388,410390,2,4
410384,410388,410390,2,4
410384,410388,410390,2,4
410384,410388,410391,3,4
410384,410388,410390,2,4
410384,410388,410390,2,4
410384,410388,410390,2,4
410384,410389,410391,2,5
410384,410389,410391,2,5
410384,410389,410391,2,5
410384,410389,410391,2,5
410384,410389,410391,2,5
410384,410389,410391,2,5
410384,410389,410391,2,5
410384,410390,410392,2,6
410384,410390,410392,2,6
410384,410390,410392,2,6
410384,410390,410392,2,6
410384,410391,410393,2,7
410384,410390,410392,2,6
410384,410391,410392,1,7
410384,410391,410393,2,7
410384,410391,410392,1,7
410384,410391,410393,2,7
410384,410391,410393,2,7
410384,410391,410393,2,7
410384,410391,410393,2,7
410384,410391,410394,3,7
410384,410391,410394,3,7
410384,410391,410393,2,7
410384,410392,410394,2,8
410384,410392,410394,2,8
410384,410392,410394,2,8
410384,410392,410394,2,8
405276,405299,410394,5095,23
410384,410391,410394,3,7
410384,410393,410395,2,9
410384,410393,410395,2,9
410384,410393,410395,2,9
410384,410393,410395,2,9
410384,410393,410395,2,9
410384,410393,410395,2,9
410384,410393,410396,3,9
410384,410393,410396,3,9
410384,410393,410395,2,9
410384,410394,410396,2,10
410384,410394,410396,2,10
410384,410394,410396,2,10
410384,410394,410397,3,10
410384,410394,410397,3,10
410384,410395,410397,2,11
410384,410395,410397,2,11
410384,410394,410396,2,10
410384,410395,410397,2,11
410384,410395,410397,2,11
410384,410395,410397,2,11
410384,410395,410398,3,11
410384,410394,410397,3,10
410384,410395,410398,3,11
410384,410395,410397,2,11
410384,410396,410398,2,12
410384,410396,410398,2,12
410384,410396,410398,2,12
410384,410396,410398,2,12
410384,410396,410399,3,12
410384,410396,410399,3,12
410384,410397,410399,2,13
410384,410397,410399,2,13
410384,410397,410399,2,13
410384,410398,410399,1,14
410384,410397,410400,3,13
410384,410397,410400,3,13
410384,410398,410400,2,14
410384,410397,410400,3,13
410384,410397,410400,3,13
410384,410399,410400,1,15
410384,410399,410401,2,15
410384,410398,410400,2,14
410384,410398,410401,3,14
410384,410398,410401,3,14
410384,410399,410402,3,15
410384,410398,410401,3,14
410384,410398,410401,3,14
410384,410399,410402,3,15
410384,410399,410402,3,15
410384,410399,410402,3,15
410384,410400,410402,2,16
410384,410400,410402,2,16
410384,410401,410403,2,17
410384,410400,410403,3,16
410384,410400,410403,3,16
410384,410400,410403,3,16
410384,410400,410403,3,16
410384,410402,410403,1,18
410384,410401,410403,2,17
410384,410400,410403,3,16
410384,410401,410403,2,17
410384,410402,410404,2,18
410384,410401,410405,4,17
410384,410402,410404,2,18
410384,410403,410405,2,19
410384,410402,410405,3,18
410384,410403,410405,2,19
410384,410403,410405,2,19
410384,410403,410405,2,19
410384,410404,410405,1,20
410384,410402,410406,4,18
410384,410402,410406,4,18
410384,410402,410406,4,18
410384,410404,410406,2,20
410384,410404,410406,2,20
410384,410404,410406,2,20
410384,410404,410406,2,20
410384,410404,410406,2,20
410384,410403,410406,3,19
410384,410404,410407,3,20
410384,410405,410408,3,21
410384,410405,410408,3,21
410384,410405,410408,3,21
410396,410407,410408,1,11
410384,410405,410408,3,21
410396,410406,410409,3,10
410396,410406,410409,3,10
410396,410407,410409,2,11
410396,410407,410409,2,11
410396,410406,410410,4,10
410396,410406,410410,4,10
410396,410407,410410,3,11
410396,410408,410410,2,12
410396,410409,410410,1,13
410396,410409,410410,1,13
410384,410406,410410,4,22
410384,410406,410411,5,22
410396,410408,410411,3,12
410396,410408,410410,2,12
410396,410409,410411,2,13
410396,410409,410411,2,13
410396,410410,410411,1,14
410396,410406,410410,4,10
410396,410410,410411,1,14
410396,410410,410412,2,14
410384,410406,410411,5,22
410396,410411,410412,1,15
410396,410411,410412,1,15
410396,410411,410412,1,15
410396,410411,410413,2,15
410396,410410,410413,3,14
410396,410410,410413,3,14
410396,410412,410413,1,16
410396,410410,410413,3,14
410396,410412,410413,1,16
410396,410412,410413,1,16
410396,410412,410414,2,16
410396,410411,410414,3,15
410396,410411,410413,2,15
410396,410413,410414,1,17
410396,410412,410414,2,16
410396,410413,410414,1,17
410396,410413,410415,2,17
410396,410414,410415,1,18
410396,410414,410415,1,18
410396,410414,410416,2,18
410396,410414,410416,2,18
410396,410413,410415,2,17
410396,410414,410416,2,18
410396,410415,410416,1,19
410396,410414,410416,2,18
410396,410414,410416,2,18
410396,410415,410416,1,19
410396,410415,410417,2,19
410396,410414,410417,3,18
410396,410416,410417,1,20
410396,410414,410417,3,18
410396,410416,410417,1,20
410396,410415,410417,2,19
410396,410416,410418,2,20
410396,410416,410418,2,20
410396,410417,410419,2,21
410396,410417,410418,1,21
410396,410417,410419,2,21
410396,410411,410419,8,15
410396,410416,410419,3,20
410396,410417,410420,3,21
410396,410416,410420,4,20
410396,410418,410420,2,22
410396,410419,410420,1,23
410396,410417,410420,3,21
410396,410418,410420,2,22
410396,410418,410420,2,22
410396,410419,410420,1,23
410396,410417,410420,3,21
410396,410418,410420,2,22
410396,410418,410420,2,22
410396,410418,410420,2,22
410396,410411,410420,9,15
410396,410412,410421,9,16
410396,410419,410422,3,23
410396,410419,410422,3,23
410396,410421,410423,2,25
410396,410421,410422,1,25
410396,410420,410423,3,24
410396,410420,410423,3,24
410396,410421,410423,2,25
410396,410421,410423,2,25
410396,410421,410424,3,25
410396,410421,410423,2,25
410396,410421,410424,3,25
410396,410422,410424,2,26
410396,410421,410424,3,25
410396,410421,410424,3,25
410396,410423,410424,1,27
410396,410423,410425,2,27
410396,410421,410424,3,25
410396,410423,410425,2,27
410396,410424,410426,2,28
410396,410424,410426,2,28
410396,410424,410426,2,28
410396,410425,410427,2,29
410396,410424,410427,3,28
410396,410424,410426,2,28
410396,410424,410427,3,28
410396,410423,410426,3,27
410396,410424,410427,3,28
410396,410425,410427,2,29
410396,410425,410428,3,29
410396,410419,410428,9,23
410396,410426,410428,2,30
410396,410425,410428,3,29
410396,410425,410428,3,29
410396,410426,410428,2,30
410396,410421,410429,8,25
410396,410421,410429,8,25
410396,410427,410429,2,31
410396,410427,410430,3,31
410396,410426,410429,3,30
410396,410426,410430,4,30
410396,410427,410430,3,31
410396,410429,410431,2,33
410396,410428,410430,2,32
410396,410427,410430,3,31
410396,410428,410431,3,32
410396,410427,410431,4,31
410396,410428,410432,4,32
410396,410429,410431,2,33
410396,410429,410432,3,33
410396,410429,410432,3,33
410396,410430,410432,2,34
410396,410430,410432,2,34
410396,410430,410432,2,34
410396,410431,410433,2,35
410396,410431,410433,2,35
410396,410430,410433,3,34
410396,410430,410433,3,34
410396,410429,410433,4,33
410396,410432,410434,2,36
410396,410432,410434,2,36
410396,410432,410434,2,36
410396,410432,410435,3,36
410396,410431,410435,4,35
410396,410431,410434,3,35
410396,410431,410435,4,35
410396,410432,410435,3,36
410396,410434,410435,1,38
410396,410434,410435,1,38
410396,410432,410436,4,36
410396,410433,410435,2,37
410396,410434,410436,2,38
410396,410433,410435,2,37
410396,410430,410437,7,34
410396,410432,410437,5,36
410396,410430,410437,7,34
410396,410435,410440,5,39
410396,410434,410440,6,38
405564,405589,410612,5023,25
410613,410613,410614,1,0
410613,410613,410615,2,0
410613,410613,410615,2,0
410613,410613,410614,1,0
410613,410613,410615,2,0
410613,410613,410615,2,0
410613,410613,410615,2,0
410613,410613,410615,2,0
410613,410613,410615,2,0
410613,410613,410615,2,0
410613,410613,410615,2,0
410613,410613,410615,2,0
410613,410613,410615,2,0
410613,410613,410615,2,0
410613,410613,410615,2,0
410613,410613,410615,2,0
410613,410613,410616,3,0
410613,410615,410617,2,2
410613,410615,410617,2,2
410613,410615,410616,1,2
410613,410615,410616,1,2
410613,410616,410618,2,3
410613,410616,410618,2,3
410613,410615,410617,2,2
410613,410615,410617,2,2
410613,410616,410618,2,3
410613,410616,410618,2,3
410613,410616,410619,3,3
410613,410616,410618,2,3
410613,410616,410618,2,3
410613,410616,410618,2,3
410613,410616,410618,2,3
410613,410617,410619,2,4
410613,410617,410619,2,4
410613,410616,410619,3,3
410613,410617,410618,1,4
410613,410617,410618,1,4
410613,410617,410620,3,4
410613,410618,410619,1,5
410613,410618,410619,1,5
410613,410619,410621,2,6
410613,410619,410620,1,6
410613,410619,410621,2,6
410613,410618,410620,2,5
410613,410619,410621,2,6
410613,410619,410621,2,6
410613,410618,410620,2,5
410613,410619,410620,1,6
410613,410619,410621,2,6
410613,410619,410622,3,6
410613,410619,410621,2,6
410613,410619,410621,2,6
410613,410620,410622,2,7
410613,410620,410622,2,7
410613,410620,410622,2,7
410613,410619,410622,3,6
410613,410621,410623,2,8
410613,410621,410623,2,8
410613,410621,410623,2,8
410613,410621,410623,2,8
410613,410619,410622,3,6
410613,410621,410623,2,8
410613,410621,410623,2,8
410613,410621,410623,2,8
410613,410621,410623,2,8
410613,410621,410624,3,8
410613,410622,410624,2,9
410613,410622,410624,2,9
410613,410622,410625,3,9
410613,410623,410625,2,10
410613,410623,410625,2,10
410613,410623,410625,2,10
410613,410622,410625,3,9
410613,410623,410626,3,10
410613,410622,410625,3,9
410613,410623,410625,2,10
410613,410624,410626,2,11
410613,410623,410626,3,10
410613,410624,410626,2,11
410613,410623,410625,2,10
410613,410623,410626,3,10
410613,410624,410626,2,11
410613,410624,410627,3,11
410613,410624,410626,2,11
410613,410624,410626,2,11
410613,410625,410627,2,12
410613,410625,410628,3,12
410613,410625,410627,2,12
410613,410625,410627,2,12
410613,410626,410628,2,13
410613,410626,410628,2,13
410613,410626,410629,3,13
410613,410626,410629,3,13
410613,410626,410628,2,13
410613,410627,410629,2,14
410613,410626,410629,3,13
410613,410627,410629,2,14
410613,410627,410629,2,14
410613,410627,410629,2,14
410613,410626,410629,3,13
410613,410626,410629,3,13
410613,410627,410630,3,14
410613,410627,410630,3,14
410613,410628,410630,2,15
410613,410628,410630,2,15
410613,410628,410631,3,15
410613,410628,410631,3,15
410613,410629,410631,2,16
410613,410628,410631,3,15
410613,410629,410631,2,16
410613,410629,410631,2,16
410613,410629,410631,2,16
410613,410629,410632,3,16
410613,410630,410633,3,17
410613,410629,410633,4,16
410613,410631,410633,2,18
410613,410629,410633,4,16
410613,410631,410633,2,18
410613,410632,410634,2,19
410613,410632,410634,2,19
410613,410630,410634,4,17
410613,410631,410633,2,18
410613,410631,410634,3,18
410613,410632,410634,2,19
410613,410630,410634,4,17
410613,410630,410634,4,17
410613,410632,410634,2,19
410613,410632,410635,3,19
410613,410632,410634,2,19
410613,410632,410635,3,19
410613,410633,410636,3,20
410613,410634,410636,2,21
410613,410634,410636,2,21
410613,410634,410636,2,21
410613,410634,410636,2,21
410613,410633,410636,3,20
410613,410633,410636,3,20
410613,410635,410637,2,22
410613,410635,410637,2,22
410613,410633,410637,4,20
410613,410634,410637,3,21
410613,410634,410637,3,21
410613,410635,410637,2,22
410613,410635,410637,2,22
410613,410636,410638,2,23
410613,410634,410638,4,21
410613,410636,410638,2,23
410613,410635,410638,3,22
410613,410636,410638,2,23
410613,410637,410642,5,24
410277,410277,410690,413,0
406082,406109,411099,4990,27
411100,411100,411102,2,0
411100,411100,411102,2,0
411100,411100,411102,2,0
411100,411100,411102,2,0
411100,411100,411102,2,0
411100,411100,411103,3,0
411100,411100,411103,3,0
411100,411100,411103,3,0
411100,411100,411103,3,0
411100,411101,411103,2,1
411100,411100,411103,3,0
411100,411100,411102,2,0
411100,411100,411103,3,0
411100,411101,411103,2,1
411100,411100,411103,3,0
411100,411100,411103,3,0
411100,411101,411103,2,1
411100,411102,411104,2,2
411100,411103,411104,1,3
411100,411103,411104,1,3
411100,411103,411104,1,3
411100,411103,411104,1,3
411100,411103,411105,2,3
411100,411104,411105,1,4
411100,411104,411105,1,4
411100,411103,411106,3,3
411100,411103,411106,3,3
411100,411103,411106,3,3
411100,411103,411106,3,3
411100,411105,411106,1,5
411100,411105,411106,1,5
411100,411105,411106,1,5
411100,411105,411106,1,5
411100,411105,411106,1,5
411100,411104,411106,2,4
411100,411104,411106,2,4
411100,411104,411106,2,4
411100,411104,411107,3,4
411100,411106,411107,1,6
411100,411105,411107,2,5
411100,411106,411107,1,6
411100,411106,411107,1,6
411100,411107,411108,1,7
411100,411107,411108,1,7
411100,411107,411108,1,7
411100,411107,411108,1,7
411100,411107,411108,1,7
411100,411107,411108,1,7
411100,411107,411109,2,7
411100,411107,411109,2,7
411100,411107,411109,2,7
411100,411108,411109,1,8
411100,411107,411109,2,7
411100,411108,411109,1,8
411100,411108,411109,1,8
411100,411108,411109,1,8
411100,411107,411109,2,7
411100,411107,411109,2,7
411100,411107,411109,2,7
411100,411109,411110,1,9
411100,411109,411110,1,9
411100,411109,411110,1,9
411100,411109,411110,1,9
411100,411109,411111,2,9
411100,411110,411111,1,10
411100,411109,411112,3,9
411100,411110,411112,2,10
411100,411110,411112,2,10
411100,411110,411112,2,10
411100,411110,411112,2,10
411100,411110,411112,2,10
411100,411110,411112,2,10
411100,411111,411113,2,11
411100,411111,411113,2,11
411100,411110,411112,2,10
411100,411110,411113,3,10
411100,411110,411113,3,10
411100,411110,411112,2,10
411100,411111,411114,3,11
411100,411111,411114,3,11
411100,411111,411114,3,11
411100,411112,411115,3,12
411100,411112,411115,3,12
411100,411113,411116,3,13
411100,411113,411116,3,13
411100,411113,411116,3,13
411100,411113,411115,2,13
411100,411113,411115,2,13
411100,411114,411116,2,14
411100,411114,411116,2,14
411100,411113,411115,2,13
411100,411113,411117,4,13
411100,411113,411116,3,13
411100,411113,411116,3,13
411100,411113,411116,3,13
411100,411113,411116,3,13
411100,411113,411116,3,13
411100,411115,411117,2,15
411100,411115,411117,2,15
411100,411116,411119,3,16
411100,411116,411118,2,16
411100,411116,411118,2,16
411100,411116,411118,2,16
411100,411116,411119,3,16
411100,411115,411119,4,15
411100,411116,411119,3,16
411100,411116,411119,3,16
411100,411116,411119,3,16
411100,411117,411121,4,17
411100,411119,411121,2,19
411100,411117,411121,4,17
411100,411117,411121,4,17
411100,411117,411121,4,17
411100,411119,411121,2,19
411100,411117,411121,4,17
411100,411117,411121,4,17
411100,411119,411121,2,19
411100,411118,411121,3,18
411100,411119,411121,2,19
411100,411119,411122,3,19
411100,411119,411122,3,19
411100,411119,411121,2,19
411100,411117,411122,5,17
411100,411121,411123,2,21
411100,411120,411123,3,20
411100,411120,411123,3,20
411100,411121,411124,3,21
411100,411121,411123,2,21
411100,411121,411123,2,21
411100,411122,411124,2,22
411100,411122,411124,2,22
411100,411122,411125,3,22
411100,411123,411125,2,23
411100,411122,411125,3,22
411100,411122,411125,3,22
411100,411122,411125,3,22
411100,411122,411125,3,22
411100,411122,411126,4,22
411100,411122,411125,3,22
411100,411122,411126,4,22
411100,411123,411126,3,23
411100,411124,411126,2,24
411100,411124,411127,3,24
411100,411124,411126,2,24
411100,411125,411127,2,25
411100,411124,411127,3,24
411100,411124,411127,3,24
411100,411125,411128,3,25
411100,411125,411128,3,25
411100,411125,411127,2,25
407849,407873,411350,3477,24
411351,411352,411354,2,1
411351,411352,411354,2,1
411351,411352,411354,2,1
411351,411352,411354,2,1
411351,411352,411354,2,1
411351,411352,411354,2,1
411351,411352,411354,2,1
411351,411352,411354,2,1
411351,411352,411354,2,1
411351,411352,411354,2,1
411351,411352,411354,2,1
411351,411352,411354,2,1
411351,411352,411355,3,1
411351,411352,411355,3,1
411351,411352,411355,3,1
411351,411352,411355,3,1
411351,411352,411355,3,1
411351,411355,411356,1,4
411351,411355,411356,1,4
411351,411355,411356,1,4
411351,411355,411356,1,4
411351,411355,411357,2,4
411351,411355,411357,2,4
411351,411355,411356,1,4
411351,411355,411357,2,4
411351,411355,411357,2,4
411351,411356,411357,1,5
411351,411355,411357,2,4
411351,411355,411357,2,4
411351,411355,411357,2,4
411351,411356,411358,2,5
411351,411356,411358,2,5
411351,411357,411358,1,6
411351,411357,411358,1,6
411351,411357,411359,2,6
411351,411356,411358,2,5
411351,411356,411358,2,5
411351,411357,411359,2,6
411351,411357,411359,2,6
411351,411357,411359,2,6
411351,411357,411359,2,6
411351,411358,411359,1,7
411351,411357,411359,2,6
411351,411357,411359,2,6
411351,411358,411360,2,7
411351,411358,411360,2,7
411351,411358,411360,2,7
411351,411359,411360,1,8
411351,411359,411360,1,8
411351,411359,411360,1,8
411351,411359,411360,1,8
411351,411359,411361,2,8
411351,411359,411361,2,8
411351,411359,411361,2,8
411351,411360,411361,1,9
411351,411360,411361,1,9
411351,411360,411361,1,9
411351,411360,411361,1,9
411351,411360,411361,1,9
411351,411360,411362,2,9
411351,411361,411362,1,10
411351,411359,411362,3,8
411351,411361,411362,1,10
411351,411361,411362,1,10
411351,411361,411363,2,10
411351,411361,411363,2,10
411351,411361,411363,2,10
411351,411361,411363,2,10
411351,411362,411364,2,11
411351,411362,411364,2,11
411351,411362,411363,1,11
411351,411362,411364,2,11
411351,411362,411364,2,11
411351,411362,411364,2,11
411351,411362,411364,2,11
411351,411363,411364,1,12
411351,411363,411364,1,12
411351,411363,411364,1,12
411351,411363,411364,1,12
411351,411364,411366,2,13
411351,411363,411365,2,12
411351,411364,411366,2,13
411351,411364,411366,2,13
411351,411362,411365,3,11
411351,411364,411365,1,13
411351,411364,411366,2,13
411351,411364,411366,2,13
411351,411364,411366,2,13
411351,411364,411366,2,13
411351,411365,411367,2,14
411351,411363,411366,3,12
411351,411365,411367,2,14
411351,411365,411367,2,14
411351,411365,411367,2,14
411351,411365,411367,2,14
411351,411366,411368,2,15
411351,411366,411368,2,15
411351,411366,411368,2,15
411351,411366,411368,2,15
411351,411366,411368,2,15
411351,411365,411368,3,14
411351,411367,411368,1,16
411351,411366,411369,3,15
411351,411366,411369,3,15
411351,411366,411368,2,15
411351,411366,411369,3,15
411351,411367,411369,2,16
411351,411366,411368,2,15
411351,411367,411369,2,16
411351,411367,411369,2,16
411351,411368,411370,2,17
411351,411368,411370,2,17
411351,411368,411370,2,17
411351,411368,411370,2,17
411351,411369,411371,2,18
411351,411369,411371,2,18
411351,411369,411371,2,18
411351,411369,411371,2,18
411351,411369,411371,2,18
411351,411369,411372,3,18
411351,411369,411372,3,18
411351,411367,411372,5,16
411351,411369,411371,2,18
411351,411370,411372,2,19
411351,411369,411371,2,18
411351,411370,411372,2,19
411351,411369,411372,3,18
411351,411371,411373,2,20
411351,411369,411372,3,18
411351,411369,411372,3,18
411351,411371,411373,2,20
411351,411370,411373,3,19
411351,411371,411373,2,20
411351,411371,411373,2,20
411351,411371,411374,3,20
411351,411372,411374,2,21
411351,411372,411374,2,21
411351,411372,411374,2,21
411351,411372,411374,2,21
411351,411372,411374,2,21
411351,411373,411375,2,22
411351,411372,411374,2,21
411351,411373,411375,2,22
411351,411372,411375,3,21
411351,411373,411376,3,22
411351,411373,411376,3,22
411351,411372,411376,4,21
411351,411373,411376,3,22
411351,411373,411375,2,22
411351,411373,411375,2,22
406779,406807,411838,5031,28
411838,411838,411840,2,0
411838,411838,411840,2,0
411838,411838,411840,2,0
411838,411838,411840,2,0
411838,411838,411840,2,0
411838,411838,411840,2,0
411838,411838,411840,2,0
411838,411838,411841,3,0
411838,411838,411841,3,0
411838,411838,411841,3,0
411838,411838,411841,3,0
411838,411839,411841,2,1
411838,411839,411841,2,1
411838,411838,411841,3,0
411838,411838,411842,4,0
411838,411838,411842,4,0
411838,411839,411842,3,1
411838,411841,411842,1,3
411838,411841,411842,1,3
411838,411841,411842,1,3
411838,411841,411842,1,3
411838,411841,411842,1,3
411838,411841,411842,1,3
411838,411841,411842,1,3
411838,411842,411843,1,4
411838,411843,411844,1,5
411838,411842,411844,2,4
411838,411842,411844,2,4
411838,411842,411844,2,4
411838,411842,411844,2,4
411838,411843,411844,1,5
411838,411843,411844,1,5
411838,411843,411844,1,5
411838,411843,411845,2,5
411838,411843,411845,2,5
411838,411843,411844,1,5
411838,411843,411845,2,5
411838,411843,411845,2,5
411838,411843,411845,2,5
411838,411842,411845,3,4
411838,411842,411845,3,4
411838,411844,411845,1,6
411838,411845,411846,1,7
411838,411845,411847,2,7
411838,411845,411846,1,7
411838,411845,411846,1,7
411838,411845,411846,1,7
411838,411845,411846,1,7
411838,411845,411846,1,7
411838,411845,411846,1,7
411838,411845,411846,1,7
411838,411846,411847,1,8
411838,411846,411848,2,8
411838,411846,411848,2,8
411838,411845,411848,3,7
411838,411845,411848,3,7
411838,411846,411848,2,8
411838,411846,411848,2,8
411838,411846,411849,3,8
411838,411847,411850,3,9
411838,411847,411850,3,9
411838,411847,411850,3,9
411838,411847,411851,4,9
411838,411847,411850,3,9
411838,411847,411850,3,9
411838,411847,411850,3,9
411838,411848,411850,2,10
411838,411847,411850,3,9
411838,411847,411850,3,9
411838,411850,411852,2,12
411838,411849,411852,3,11
411838,411849,411851,2,11
411838,411849,411852,3,11
411838,411849,411852,3,11
411838,411849,411851,2,11
411838,411850,411851,1,12
411838,411850,411852,2,12
411838,411849,411852,3,11
411838,411851,411853,2,13
411838,411851,411853,2,13
411838,411851,411853,2,13
411838,411850,411852,2,12
411838,411851,411853,2,13
411838,411851,411853,2,13
411838,411851,411853,2,13
411838,411851,411853,2,13
411838,411852,411854,2,14
411838,411852,411854,2,14
411838,411852,411855,3,14
411838,411852,411855,3,14
411838,411853,411855,2,15
411838,411853,411855,2,15
411838,411853,411855,2,15
411838,411853,411855,2,15
411838,411853,411856,3,15
411838,411854,411856,2,16
411838,411853,411857,4,15
411838,411852,411856,4,14
411838,411853,411856,3,15
411838,411854,411856,2,16
411838,411854,411856,2,16
411838,411852,411856,4,14
411838,411852,411856,4,14
411838,411855,411857,2,17
411838,411855,411857,2,17
411838,411856,411859,3,18
411838,411856,411858,2,18
411838,411856,411858,2,18
411838,411856,411859,3,18
411838,411856,411858,2,18
411838,411856,411858,2,18
411838,411856,411858,2,18
411838,411858,411860,2,20
411838,411856,411859,3,18
411838,411857,411860,3,19
411838,411858,411860,2,20
411838,411857,411860,3,19
411838,411857,411860,3,19
411838,411857,411860,3,19
411838,411857,411860,3,19
411838,411857,411860,3,19
411838,411857,411860,3,19
411838,411859,411861,2,21
411838,411859,411861,2,21
411838,411860,411862,2,22
411838,411859,411861,2,21
411838,411859,411861,2,21
411838,411860,411862,2,22
411838,411859,411861,2,21
411838,411859,411861,2,21
411838,411859,411862,3,21
411838,411860,411863,3,22
411838,411861,411863,2,23
411838,411861,411864,3,23
411838,411861,411863,2,23
411838,411861,411863,2,23
411838,411861,411864,3,23
411838,411860,411863,3,22
411838,411861,411864,3,23
411838,411861,411863,2,23
411838,411862,411865,3,24
411838,411861,411865,4,23
411838,411862,411865,3,24
411838,411862,411864,2,24
411838,411862,411865,3,24
411838,411863,411865,2,25
411838,411862,411865,3,24
411838,411862,411865,3,24
411838,411863,411866,3,25
411838,411863,411866,3,25
406992,407035,411986,4951,43
411986,411986,411988,2,0
411986,411986,411988,2,0
411986,411986,411988,2,0
411986,411986,411988,2,0
411986,411986,411988,2,0
411986,411986,411988,2,0
411986,411986,411988,2,0
411986,411986,411988,2,0
411986,411986,411989,3,0
411986,411986,411989,3,0
411986,411986,411989,3,0
411986,411986,411989,3,0
411986,411986,411989,3,0
411986,411986,411989,3,0
411986,411986,411989,3,0
411986,411986,411989,3,0
411986,411986,411988,2,0
411986,411988,411990,2,2
411986,411988,411991,3,2
411986,411988,411991,3,2
411986,411988,411991,3,2
411986,411988,411991,3,2
411986,411988,411991,3,2
411986,411990,411991,1,4
411986,411988,411991,3,2
411986,411988,411991,3,2
411986,411989,411992,3,3
411986,411989,411992,3,3
411986,411990,411992,2,4
411986,411989,411992,3,3
411986,411989,411992,3,3
411986,411990,411992,2,4
411986,411990,411992,2,4
411986,411990,411992,2,4
411986,411990,411992,2,4
411986,411992,411993,1,6
411986,411992,411993,1,6
411986,411992,411993,1,6
411986,411992,411993,1,6
411986,411992,411993,1,6
411986,411992,411993,1,6
411986,411992,411993,1,6
411986,411992,411993,1,6
411986,411993,411994,1,7
411986,411993,411994,1,7
411986,411993,411994,1,7
411986,411993,411995,2,7
411986,411993,411995,2,7
411986,411993,411995,2,7
411986,411993,411995,2,7
411986,411993,411995,2,7
411986,411994,411995,1,8
411986,411994,411995,1,8
411986,411994,411995,1,8
411986,411994,411995,1,8
411986,411993,411995,2,7
411986,411994,411996,2,8
411986,411995,411996,1,9
411986,411994,411996,2,8
411986,411994,411996,2,8
411986,411995,411996,1,9
411986,411994,411996,2,8
411986,411995,411997,2,9
411986,411996,411997,1,10
411986,411996,411998,2,10
411986,411996,411997,1,10
411986,411996,411997,1,10
411986,411997,411998,1,11
411986,411996,411998,2,10
411986,411996,411998,2,10
411986,411996,411998,2,10
411986,411996,411998,2,10
411986,411997,411999,2,11
411986,411997,411999,2,11
411986,411996,411998,2,10
411986,411996,411998,2,10
411986,411997,411998,1,11
411986,411996,411999,3,10
411986,411997,411999,2,11
411986,411998,412000,2,12
411986,411998,411999,1,12
411986,411998,411999,1,12
411986,411998,412000,2,12
411986,411997,411999,2,11
411986,411999,412000,1,13
411986,411999,412001,2,13
411986,411999,412001,2,13
411986,411999,412001,2,13
411986,412000,412002,2,14
411986,412000,412002,2,14
411986,411999,412001,2,13
411986,411999,412001,2,13
411986,411999,412001,2,13
411986,411999,412002,3,13
411986,411999,412001,2,13
411986,412000,412002,2,14
411986,412001,412002,1,15
411986,411999,412002,3,13
411986,412000,412002,2,14
411986,412000,412002,2,14
411986,412000,412002,2,14
411986,412000,412002,2,14
411986,412002,412004,2,16
411986,412002,412004,2,16
411986,412002,412004,2,16
411986,412002,412004,2,16
411986,412002,412004,2,16
411986,412002,412004,2,16
411986,412002,412004,2,16
411986,412003,412005,2,17
411986,412002,412004,2,16
411986,412002,412004,2,16
411986,412002,412004,2,16
411986,412002,412005,3,16
411986,412003,412005,2,17
411986,412003,412005,2,17
411986,412003,412006,3,17
411986,412003,412006,3,17
411986,412004,412006,2,18
411986,412004,412006,2,18
411986,412005,412007,2,19
411986,412003,412006,3,17
411986,412004,412006,2,18
411986,412004,412006,2,18
411986,412004,412006,2,18
411986,412004,412007,3,18
411986,412004,412007,3,18
411986,412005,412007,2,19
411986,412005,412008,3,19
411986,412005,412008,3,19
411986,412007,412009,2,21
411986,412005,412008,3,19
411986,412006,412009,3,20
411986,412005,412008,3,19
411986,412006,412008,2,20
411986,412007,412009,2,21
411986,412005,412009,4,19
411986,412007,412009,2,21
411986,412006,412009,3,20
411986,412007,412010,3,21
411986,412007,412009,2,21
411986,412007,412010,3,21
411986,412008,412010,2,22
411986,412007,412010,3,21
411986,412008,412010,2,22
411986,412008,412010,2,22
411986,412009,412011,2,23
411986,412009,412011,2,23
411986,412009,412013,4,23
411986,412009,412013,4,23
406978,407004,412061,5057,26
412061,412062,412063,1,1
412061,412062,412063,1,1
412061,412062,412063,1,1
412061,412062,412063,1,1
412061,412062,412063,1,1
412061,412062,412063,1,1
412061,412062,412063,1,1
412061,412061,412064,3,0
412061,412061,412064,3,0
412061,412062,412064,2,1
412061,412062,412064,2,1
412061,412062,412064,2,1
412061,412062,412064,2,1
412061,412062,412064,2,1
412061,412062,412064,2,1
412061,412062,412064,2,1
412061,412064,412065,1,3
412061,412064,412065,1,3
412061,412064,412065,1,3
412061,412064,412065,1,3
412061,412064,412065,1,3
412061,412062,412065,3,1
412061,412065,412067,2,4
412061,412064,412066,2,3
412061,412064,412066,2,3
412061,412065,412067,2,4
412061,412065,412067,2,4
412061,412065,412067,2,4
412061,412065,412067,2,4
412061,412065,412067,2,4
412061,412066,412068,2,5
412061,412065,412067,2,4
412061,412065,412067,2,4
412061,412065,412067,2,4
412061,412067,412068,1,6
412061,412066,412068,2,5
412061,412066,412068,2,5
412061,412066,412068,2,5
412061,412066,412068,2,5
412061,412067,412069,2,6
412061,412067,412068,1,6
412061,412068,412070,2,7
412061,412068,412069,1,7
412061,412068,412070,2,7
412061,412066,412069,3,5
412061,412068,412070,2,7
412061,412069,412070,1,8
412061,412069,412071,2,8
412061,412069,412070,1,8
412061,412069,412070,1,8
412061,412069,412070,1,8
412061,412069,412070,1,8
412061,412069,412070,1,8
412061,412068,412070,2,7
412061,412068,412070,2,7
412061,412068,412070,2,7
412061,412068,412070,2,7
412061,412068,412070,2,7
412061,412070,412071,1,9
412061,412070,412072,2,9
412061,412070,412073,3,9
412061,412070,412073,3,9
412061,412071,412074,3,10
412061,412071,412075,4,10
412061,412071,412074,3,10
412061,412071,412074,3,10
412061,412071,412074,3,10
412061,412071,412074,3,10
412061,412071,412075,4,10
412061,412071,412074,3,10
412061,412072,412074,2,11
412061,412071,412075,4,10
412061,412073,412075,2,12
412061,412071,412075,4,10
412061,412073,412076,3,12
412061,412071,412076,5,10
412061,412071,412075,4,10
412061,412074,412076,2,13
412061,412071,412075,4,10
412061,412075,412076,1,14
412061,412075,412077,2,14
412061,412075,412077,2,14
412061,412075,412077,2,14
412061,412073,412077,4,12
412061,412075,412077,2,14
412061,412075,412077,2,14
412061,412075,412078,3,14
412061,412075,412078,3,14
412061,412075,412078,3,14
412061,412076,412079,3,15
412061,412076,412079,3,15
412061,412076,412079,3,15
412061,412077,412080,3,16
412061,412077,412079,2,16
412061,412077,412080,3,16
412061,412077,412080,3,16
412061,412078,412080,2,17
412061,412076,412079,3,15
412061,412078,412080,2,17
412061,412078,412081,3,17
412061,412078,412081,3,17
412061,412076,412081,5,15
412061,412077,412081,4,16
412061,412076,412081,5,15
412061,412076,412081,5,15
412061,412080,412082,2,19
412061,412079,412081,2,18
412061,412080,412082,2,19
412061,412079,412082,3,18
412061,412079,412082,3,18
412061,412079,412082,3,18
412061,412080,412083,3,19
412061,412080,412082,2,19
412061,412080,412082,2,19
412061,412081,412083,2,20
412061,412081,412084,3,20
412061,412080,412084,4,19
412061,412081,412084,3,20
412061,412082,412085,3,21
412061,412081,412085,4,20
412061,412081,412085,4,20
412061,412081,412085,4,20
412061,412081,412085,4,20
412061,412083,412086,3,22
412061,412082,412085,3,21
412061,412083,412087,4,22
412061,412084,412087,3,23
412061,412083,412087,4,22
412061,412085,412087,2,24
412061,412082,412087,5,21
412061,412083,412087,4,22
412061,412084,412087,3,23
412061,412082,412087,5,21
412061,412083,412088,5,22
412061,412085,412088,3,24
412061,412086,412088,2,25
412061,412086,412088,2,25
412061,412084,412088,4,23
412061,412084,412088,4,23
412061,412087,412089,2,26
412061,412087,412089,2,26
412061,412085,412089,4,24
412061,412087,412089,2,26
412061,412087,412089,2,26
412061,412087,412090,3,26
412061,412087,412090,3,26
412061,412087,412090,3,26
412061,412087,412091,4,26
412061,412128,412132,4,67
412061,412128,412133,5,67
407189,407215,412253,5038,26
412254,412254,412256,2,0
412254,412254,412256,2,0
412254,412254,412255,1,0
412254,412254,412256,2,0
412254,412254,412256,2,0
412254,412254,412256,2,0
412254,412254,412256,2,0
412254,412254,412256,2,0
412254,412254,412256,2,0
412254,412254,412256,2,0
412254,412254,412256,2,0
412254,412254,412256,2,0
412254,412254,412256,2,0
412254,412254,412256,2,0
412254,412254,412256,2,0
412254,412256,412257,1,2
412254,412256,412258,2,2
412254,412256,412258,2,2
412254,412256,412257,1,2
412254,412256,412258,2,2
412254,412257,412258,1,3
412254,412257,412259,2,3
412254,412257,412259,2,3
412254,412257,412259,2,3
412254,412257,412259,2,3
412254,412257,412259,2,3
412254,412257,412260,3,3
412254,412258,412259,1,4
412254,412258,412259,1,4
412254,412258,412260,2,4
412254,412258,412259,1,4
412254,412258,412260,2,4
412254,412257,412259,2,3
412254,412257,412259,2,3
412254,412257,412259,2,3
412254,412259,412260,1,5
412254,412259,412261,2,5
412254,412259,412261,2,5
412254,412259,412261,2,5
412254,412260,412261,1,6
412254,412260,412261,1,6
412254,412260,412262,2,6
412254,412260,412261,1,6
412254,412260,412261,1,6
412254,412261,412262,1,7
412254,412260,412262,2,6
412254,412260,412262,2,6
412254,412260,412262,2,6
412254,412260,412262,2,6
412254,412260,412262,2,6
412254,412260,412262,2,6
412254,412261,412263,2,7
412254,412261,412263,2,7
412254,412261,412263,2,7
412254,412262,412263,1,8
412254,412262,412263,1,8
412254,412262,412263,1,8
412254,412262,412263,1,8
412254,412263,412264,1,9
412254,412263,412265,2,9
412254,412263,412265,2,9
412254,412262,412264,2,8
412254,412263,412265,2,9
412254,412264,412266,2,10
412254,412264,412266,2,10
412254,412264,412266,2,10
412254,412264,412266,2,10
412254,412263,412266,3,9
412254,412263,412265,2,9
412254,412263,412266,3,9
412254,412263,412265,2,9
412254,412263,412266,3,9
412254,412263,412265,2,9
412254,412265,412267,2,11
412254,412265,412267,2,11
412254,412265,412268,3,11
412254,412265,412268,3,11
412254,412266,412268,2,12
412254,412266,412268,2,12
412254,412266,412268,2,12
412254,412266,412268,2,12
412254,412266,412268,2,12
412254,412266,412268,2,12
412254,412266,412268,2,12
412254,412266,412268,2,12
412254,412267,412269,2,13
412254,412266,412269,3,12
412254,412267,412269,2,13
412254,412266,412269,3,12
412254,412266,412269,3,12
412254,412268,412270,2,14
412254,412268,412270,2,14
412254,412268,412270,2,14
412254,412268,412270,2,14
412254,412269,412271,2,15
412254,412268,412270,2,14
412254,412268,412270,2,14
412254,412269,412271,2,15
412254,412268,412271,3,14
412254,412268,412271,3,14
412254,412269,412271,2,15
412254,412269,412271,2,15
412254,412269,412272,3,15
412254,412270,412272,2,16
412254,412270,412272,2,16
412254,412269,412272,3,15
412254,412270,412273,3,16
412254,412270,412273,3,16
412254,412271,412273,2,17
412254,412269,412273,4,15
412254,412271,412273,2,17
412254,412271,412274,3,17
412254,412271,412274,3,17
412254,412272,412274,2,18
412254,412272,412274,2,18
412254,412272,412274,2,18
412254,412272,412275,3,18
412254,412272,412275,3,18
412254,412273,412275,2,19
412254,412273,412275,2,19
412254,412273,412276,3,19
412254,412272,412275,3,18
412254,412274,412276,2,20
412254,412272,412275,3,18
412254,412273,412276,3,19
412254,412275,412276,1,21
412254,412274,412277,3,20
412254,412274,412277,3,20
412254,412276,412277,1,22
412254,412275,412278,3,21
412254,412275,412278,3,21
412254,412275,412277,2,21
412254,412274,412278,4,20
412254,412275,412278,3,21
412254,412275,412277,2,21
412254,412277,412278,1,23
412254,412276,412278,2,22
412254,412276,412278,2,22
412254,412276,412278,2,22
412254,412276,412279,3,22
412254,412277,412279,2,23
412254,412278,412279,1,24
412254,412277,412279,2,23
412254,412278,412280,2,24
412254,412278,412280,2,24
412254,412278,412280,2,24
412254,412277,412280,3,23
408896,408944,412453,3509,48
412454,412454,412456,2,0
412454,412454,412455,1,0
412454,412454,412456,2,0
412454,412454,412456,2,0
412454,412454,412456,2,0
412454,412454,412456,2,0
412454,412454,412457,3,0
412454,412454,412457,3,0
412454,412454,412457,3,0
412454,412454,412457,3,0
412454,412454,412457,3,0
412454,412456,412458,2,2
412454,412456,412458,2,2
412454,412456,412458,2,2
412454,412456,412458,2,2
412454,412456,412458,2,2
412454,412457,412459,2,3
412454,412457,412459,2,3
412454,412457,412459,2,3
412454,412457,412459,2,3
412454,412457,412459,2,3
412454,412458,412460,2,4
412454,412457,412459,2,3
412454,412459,412460,1,5
412454,412459,412460,1,5
412454,412459,412460,1,5
412454,412459,412460,1,5
412454,412459,412461,2,5
412454,412459,412461,2,5
412454,412459,412461,2,5
412454,412459,412461,2,5
412454,412460,412462,2,6
412454,412460,412462,2,6
412454,412460,412462,2,6
412454,412461,412463,2,7
412454,412461,412463,2,7
412454,412461,412462,1,7
412454,412462,412463,1,8
412454,412462,412464,2,8
412454,412462,412463,1,8
412454,412462,412463,1,8
412454,412461,412463,2,7
412454,412463,412464,1,9
412454,412463,412464,1,9
412454,412462,412464,2,8
412454,412463,412464,1,9
412454,412463,412464,1,9
412454,412463,412464,1,9
412454,412464,412465,1,10
412454,412464,412465,1,10
412454,412464,412465,1,10
412454,412464,412465,1,10
412454,412464,412465,1,10
412454,412464,412465,1,10
412454,412464,412465,1,10
412454,412464,412466,2,10
412454,412465,412466,1,11
412454,412465,412467,2,11
412454,412465,412466,1,11
412454,412466,412468,2,12
412454,412467,412468,1,13
412454,412466,412468,2,12
412454,412466,412468,2,12
412454,412466,412468,2,12
412454,412466,412469,3,12
412454,412466,412469,3,12
412454,412466,412468,2,12
412454,412467,412469,2,13
412454,412467,412470,3,13
412454,412467,412470,3,13
412454,412468,412470,2,14
412454,412469,412470,1,15
412454,412469,412471,2,15
412454,412469,412471,2,15
412454,412469,412471,2,15
412454,412469,412471,2,15
412454,412469,412471,2,15
412454,412470,412472,2,16
412454,412469,412472,3,15
412454,412469,412472,3,15
412454,412470,412471,1,16
412454,412471,412473,2,17
412454,412471,412473,2,17
412454,412470,412473,3,16
412454,412471,412473,2,17
412454,412471,412474,3,17
412454,412472,412474,2,18
412454,412472,412475,3,18
412454,412472,412475,3,18
412454,412472,412475,3,18
412454,412472,412475,3,18
412454,412472,412475,3,18
412454,412473,412475,2,19
412454,412474,412476,2,20
412454,412474,412476,2,20
412454,412474,412476,2,20
412454,412474,412477,3,20
412454,412474,412477,3,20
412454,412475,412478,3,21
412454,412475,412478,3,21
412454,412475,412477,2,21
412454,412475,412477,2,21
412454,412477,412478,1,23
412454,412477,412478,1,23
412454,412475,412478,3,21
412454,412477,412479,2,23
407460,407485,412529,5044,25
412530,412530,412532,2,0
412530,412530,412532,2,0
412530,412530,412532,2,0
412530,412530,412532,2,0
412530,412530,412532,2,0
412530,412530,412532,2,0
412530,412530,412533,3,0
412530,412530,412533,3,0
412530,412530,412532,2,0
412530,412530,412533,3,0
412530,412530,412532,2,0
412530,412532,412534,2,2
412530,412532,412534,2,2
412530,412532,412534,2,2
412530,412532,412534,2,2
412530,412532,412534,2,2
412530,412533,412535,2,3
412530,412532,412534,2,2
412530,412533,412535,2,3
412530,412533,412535,2,3
412530,412534,412536,2,4
412530,412533,412535,2,3
412530,412533,412536,3,3
412530,412534,412536,2,4
412530,412534,412536,2,4
412530,412534,412536,2,4
412530,412534,412536,2,4
412530,412535,412537,2,5
412530,412535,412536,1,5
412530,412535,412537,2,5
412530,412536,412538,2,6
412530,412536,412538,2,6
412530,412536,412538,2,6
412530,412536,412538,2,6
412530,412536,412538,2,6
412530,412535,412538,3,5
412530,412536,412538,2,6
412530,412536,412539,3,6
412530,412537,412539,2,7
412530,412537,412539,2,7
412530,412538,412540,2,8
412530,412537,412540,3,7
412530,412539,412540,1,9
412530,412539,412541,2,9
412530,412539,412540,1,9
412530,412538,412541,3,8
412530,412540,412541,1,10
412530,412539,412541,2,9
412530,412539,412541,2,9
412530,412540,412541,1,10
412530,412540,412542,2,10
412530,412541,412542,1,11
412530,412541,412543,2,11
412530,412540,412543,3,10
412530,412541,412543,2,11
409081,409108,412543,3435,27
412530,412541,412543,2,11
412530,412542,412544,2,12
412530,412542,412544,2,12
412530,412542,412544,2,12
412530,412542,412544,2,12
412530,412542,412544,2,12
412530,412543,412545,2,13
412530,412543,412545,2,13
412530,412544,412545,1,14
412530,412544,412546,2,14
412530,412543,412546,3,13
412530,412544,412546,2,14
412530,412544,412546,2,14
412530,412545,412547,2,15
412530,412546,412548,2,16
412530,412545,412548,3,15
412530,412545,412548,3,15
412530,412545,412547,2,15
412530,412545,412547,2,15
412530,412546,412547,1,16
412530,412545,412548,3,15
412530,412547,412550,3,17
412530,412547,412550,3,17
412530,412547,412550,3,17
412545,412548,412550,2,3
412530,412547,412550,3,17
412545,412548,412550,2,3
412545,412548,412550,2,3
412545,412548,412551,3,3
412545,412548,412550,2,3
412545,412549,412551,2,4
412545,412550,412552,2,5
412545,412550,412551,1,5
412545,412550,412552,2,5
412545,412550,412552,2,5
412545,412551,412553,2,6
412545,412551,412553,2,6
412545,412551,412553,2,6
412545,412551,412553,2,6
412545,412551,412553,2,6
412545,412552,412553,1,7
412545,412552,412554,2,7
412545,412552,412554,2,7
412545,412552,412555,3,7
412545,412552,412555,3,7
412545,412553,412556,3,8
412545,412553,412556,3,8
412545,412553,412556,3,8
412545,412554,412556,2,9
412545,412553,412556,3,8
412545,412553,412557,4,8
412545,412555,412557,2,10
412545,412554,412557,3,9
412545,412554,412557,3,9
412545,412556,412558,2,11
412545,412556,412558,2,11
412545,412556,412558,2,11
412545,412556,412558,2,11
412545,412556,412558,2,11
412545,412557,412559,2,12
412545,412557,412560,3,12
412545,412557,412560,3,12
412545,412558,412560,2,13
412545,412558,412560,2,13
412545,412558,412561,3,13
412545,412558,412561,3,13
412545,412559,412562,3,14
412545,412559,412562,3,14
412545,412559,412562,3,14
412545,412559,412562,3,14
412545,412560,412563,3,15
412545,412561,412564,3,16
412545,412561,412564,3,16
412545,412560,412564,4,15
412545,412562,412565,3,17
412545,412561,412565,4,16
412545,412561,412565,4,16
412545,412563,412565,2,18
412545,412563,412565,2,18
412545,412564,412566,2,19
412545,412563,412566,3,18
412545,412563,412566,3,18
412545,412564,412566,2,19
409320,409345,412819,3474,25
412820,412820,412821,1,0
412820,412820,412821,1,0
412820,412820,412821,1,0
412820,412820,412821,1,0
412820,412820,412821,1,0
412820,412820,412821,1,0
412820,412820,412821,1,0
412820,412820,412821,1,0
412820,412820,412821,1,0
412820,412820,412821,1,0
412820,412820,412822,2,0
412820,412820,412822,2,0
412820,412820,412822,2,0
412820,412820,412823,3,0
412820,412820,412823,3,0
412820,412820,412822,2,0
412820,412820,412822,2,0
412820,412820,412822,2,0
412820,412820,412823,3,0
412820,412820,412823,3,0
412820,412822,412823,1,2
412820,412822,412823,1,2
412820,412822,412823,1,2
412820,412822,412823,1,2
412820,412822,412823,1,2
412820,412822,412823,1,2
412820,412822,412823,1,2
412820,412822,412823,1,2
412820,412822,412824,2,2
412820,412822,412823,1,2
412820,412823,412824,1,3
412820,412822,412825,3,2
412820,412823,412825,2,3
412820,412824,412825,1,4
412820,412824,412825,1,4
412820,412824,412825,1,4
412820,412824,412826,2,4
412820,412824,412825,1,4
412820,412824,412825,1,4
412820,412823,412825,2,3
412820,412823,412826,3,3
412820,412824,412825,1,4
412820,412824,412825,1,4
412820,412824,412825,1,4
412820,412824,412826,2,4
412820,412823,412825,2,3
412820,412823,412825,2,3
412820,412823,412825,2,3
412820,412823,412826,3,3
412820,412823,412825,2,3
412820,412825,412828,3,5
412820,412826,412828,2,6
412820,412826,412827,1,6
412820,412826,412828,2,6
412820,412826,412828,2,6
412820,412826,412828,2,6
412820,412826,412828,2,6
412820,412826,412828,2,6
412820,412826,412828,2,6
412820,412826,412828,2,6
412820,412826,412828,2,6
412820,412826,412828,2,6
412820,412825,412827,2,5
412820,412826,412828,2,6
412820,412826,412828,2,6
412820,412826,412828,2,6
412820,412826,412829,3,6
412820,412826,412829,3,6
412820,412826,412828,2,6
412820,412826,412829,3,6
412820,412828,412829,1,8
412820,412828,412829,1,8
412820,412828,412830,2,8
412820,412828,412830,2,8
412820,412828,412830,2,8
412820,412828,412830,2,8
412820,412828,412830,2,8
412820,412828,412830,2,8
412820,412828,412830,2,8
412820,412828,412830,2,8
412820,412828,412830,2,8
412820,412828,412830,2,8
412820,412829,412831,2,9
412820,412829,412831,2,9
412820,412828,412831,3,8
412820,412829,412832,3,9
412820,412830,412833,3,10
412820,412830,412833,3,10
412820,412830,412833,3,10
412820,412830,412833,3,10
412820,412829,412833,4,9
412820,412829,412833,4,9
412820,412829,412833,4,9
412820,412829,412833,4,9
412820,412830,412834,4,10
412820,412830,412834,4,10
412820,412830,412834,4,10
412820,412830,412834,4,10
412820,412830,412833,3,10
412820,412831,412834,3,11
412820,412833,412835,2,13
412820,412833,412835,2,13
412820,412831,412835,4,11
412820,412830,412835,5,10
412820,412833,412835,2,13
412820,412831,412835,4,11
412820,412831,412835,4,11
412820,412832,412836,4,12
412820,412833,412836,3,13
412820,412834,412836,2,14
412820,412834,412836,2,14
412820,412834,412836,2,14
412820,412834,412836,2,14
412820,412834,412836,2,14
412820,412833,412836,3,13
412820,412832,412836,4,12
412820,412835,412837,2,15
412820,412835,412837,2,15
412820,412835,412837,2,15
412820,412835,412837,2,15
412820,412834,412837,3,14
412820,412834,412837,3,14
412820,412835,412837,2,15
412820,412836,412838,2,16
412820,412836,412838,2,16
412820,412836,412838,2,16
412820,412833,412838,5,13
412820,412835,412838,3,15
412820,412836,412839,3,16
412820,412836,412839,3,16
412820,412836,412838,2,16
412820,412836,412839,3,16
412820,412836,412840,4,16
412820,412836,412840,4,16
412820,412837,412840,3,17
412820,412837,412840,3,17
412820,412837,412840,3,17
412820,412837,412841,4,17
412820,412837,412841,4,17
412820,412838,412842,4,18
412820,412839,412842,3,19
412820,412837,412842,5,17
412820,412838,412843,5,18
412820,412839,412842,3,19
412820,412839,412843,4,19
412820,412839,412843,4,19
412820,412839,412843,4,19
412820,412838,412843,5,18
412820,412839,412845,6,19
412820,412839,412845,6,19
409371,409394,412877,3483,23
412878,412878,412880,2,0
412878,412878,412880,2,0
412878,412878,412880,2,0
412878,412878,412880,2,0
412878,412878,412880,2,0
412878,412878,412880,2,0
412878,412878,412880,2,0
412878,412878,412880,2,0
412878,412878,412880,2,0
412878,412878,412881,3,0
412878,412878,412881,3,0
412878,412878,412881,3,0
412878,412878,412881,3,0
412878,412878,412881,3,0
412878,412878,412881,3,0
412878,412878,412881,3,0
412878,412878,412881,3,0
412878,412880,412882,2,2
412878,412880,412882,2,2
412878,412880,412883,3,2
412878,412880,412883,3,2
412878,412880,412884,4,2
412878,412881,412884,3,3
412878,412881,412884,3,3
412878,412881,412884,3,3
412878,412880,412884,4,2
412878,412882,412884,2,4
412878,412882,412884,2,4
412878,412880,412884,4,2
412878,412880,412884,4,2
412878,412883,412884,1,5
412878,412881,412884,3,3
412878,412882,412884,2,4
412878,412882,412884,2,4
412878,412881,412884,3,3
412878,412883,412885,2,5
412878,412884,412885,1,6
412878,412884,412885,1,6
412878,412885,412887,2,7
412878,412885,412887,2,7
412878,412885,412886,1,7
412878,412885,412886,1,7
412878,412885,412886,1,7
412878,412885,412886,1,7
412878,412885,412887,2,7
412878,412885,412887,2,7
412878,412885,412887,2,7
412878,412885,412887,2,7
412878,412878,412887,9,0
412878,412878,412888,10,0
412878,412879,412887,8,1
412878,412885,412887,2,7
412878,412885,412887,2,7
412878,412885,412887,2,7
412878,412885,412887,2,7
412878,412885,412887,2,7
412878,412886,412887,1,8
412878,412886,412887,1,8
412878,412887,412888,1,9
412878,412887,412888,1,9
412878,412887,412888,1,9
412878,412887,412888,1,9
412878,412887,412888,1,9
412878,412887,412888,1,9
412878,412888,412889,1,10
412878,412888,412890,2,10
412878,412888,412889,1,10
412878,412888,412890,2,10
412878,412888,412890,2,10
412878,412888,412889,1,10
412878,412888,412889,1,10
412878,412888,412890,2,10
412878,412889,412890,1,11
412878,412889,412890,1,11
412878,412889,412891,2,11
412878,412888,412890,2,10
412878,412888,412890,2,10
412878,412888,412890,2,10
412878,412888,412890,2,10
412878,412889,412891,2,11
412878,412889,412891,2,11
412878,412888,412890,2,10
412878,412888,412891,3,10
412878,412889,412891,2,11
412878,412890,412892,2,12
412878,412890,412892,2,12
412878,412890,412892,2,12
412878,412890,412893,3,12
412878,412890,412893,3,12
412878,412891,412892,1,13
412878,412891,412892,1,13
412878,412891,412893,2,13
412878,412890,412892,2,12
412878,412891,412893,2,13
412878,412891,412893,2,13
412878,412890,412892,2,12
412878,412891,412893,2,13
412878,412891,412893,2,13
412878,412891,412893,2,13
412878,412891,412894,3,13
412878,412892,412894,2,14
412878,412892,412894,2,14
412878,412891,412893,2,13
412878,412891,412893,2,13
412878,412893,412895,2,15
412878,412893,412895,2,15
412878,412893,412894,1,15
412878,412892,412894,2,14
412878,412891,412894,3,13
412878,412893,412895,2,15
412878,412893,412896,3,15
412878,412893,412895,2,15
412878,412893,412895,2,15
412878,412893,412895,2,15
412878,412894,412896,2,16
412878,412893,412896,3,15
412878,412894,412896,2,16
412878,412894,412897,3,16
412878,412894,412897,3,16
412878,412894,412897,3,16
412878,412894,412898,4,16
412878,412895,412898,3,17
412878,412895,412897,2,17
412878,412895,412898,3,17
412878,412895,412898,3,17
412878,412896,412898,2,18
412878,412893,412896,3,15
412878,412896,412899,3,18
412878,412895,412898,3,17
412878,412895,412899,4,17
412878,412896,412899,3,18
412878,412897,412899,2,19
412878,412896,412899,3,18
412878,412896,412899,3,18
412878,412897,412899,2,19
412878,412898,412900,2,20
412878,412898,412900,2,20
412878,412898,412900,2,20
412878,412897,412900,3,19
412878,412897,412900,3,19
412878,412899,412901,2,21
412878,412898,412901,3,20
412878,412898,412900,2,20
412878,412898,412901,3,20
412878,412898,412901,3,20
412878,412898,412901,3,20
412878,412899,412902,3,21
412878,412898,412902,4,20
412878,412898,412902,4,20
412878,412899,412902,3,21
408074,408098,413088,4990,24
413089,413089,413091,2,0
413089,413089,413091,2,0
413089,413089,413091,2,0
413089,413089,413091,2,0
413089,413089,413091,2,0
413089,413089,413090,1,0
413089,413089,413091,2,0
413089,413089,413091,2,0
413089,413089,413091,2,0
413089,413089,413091,2,0
413089,413089,413091,2,0
413089,413089,413091,2,0
413089,413089,413092,3,0
413089,413089,413091,2,0
413089,413089,413091,2,0
413089,413089,413091,2,0
413089,413089,413091,2,0
413089,413089,413091,2,0
413089,413089,413092,3,0
413089,413089,413092,3,0
413089,413091,413093,2,2
413089,413091,413093,2,2
413089,413091,413093,2,2
413089,413091,413093,2,2
413089,413091,413093,2,2
413089,413091,413093,2,2
413089,413091,413093,2,2
413089,413091,413093,2,2
413089,413091,413093,2,2
413089,413092,413094,2,3
413089,413092,413094,2,3
413089,413092,413095,3,3
413089,413092,413094,2,3
413089,413092,413094,2,3
413089,413092,413094,2,3
413089,413093,413095,2,4
413089,413092,413095,3,3
413089,413092,413094,2,3
413089,413093,413095,2,4
413089,413093,413095,2,4
413089,413093,413095,2,4
413089,413092,413095,3,3
413089,413092,413095,3,3
413089,413092,413095,3,3
413089,413093,413095,2,4
413089,413093,413095,2,4
413089,413093,413095,2,4
413089,413093,413095,2,4
413089,413094,413096,2,5
413089,413094,413096,2,5
413089,413095,413097,2,6
413089,413095,413097,2,6
413089,413094,413096,2,5
413089,413095,413097,2,6
413089,413095,413096,1,6
413089,413095,413097,2,6
413089,413095,413097,2,6
413089,413095,413097,2,6
413089,413095,413097,2,6
413089,413095,413097,2,6
413089,413095,413097,2,6
413089,413095,413097,2,6
413089,413095,413097,2,6
413089,413095,413097,2,6
413089,413095,413098,3,6
413089,413095,413098,3,6
413089,413095,413098,3,6
413089,413095,413098,3,6
413089,413096,413098,2,7
413089,413096,413098,2,7
413089,413097,413099,2,8
413089,413097,413099,2,8
413089,413097,413099,2,8
413089,413097,413099,2,8
413089,413097,413099,2,8
413089,413097,413099,2,8
413089,413097,413099,2,8
413089,413097,413099,2,8
413089,413098,413100,2,9
413089,413098,413100,2,9
413089,413097,413100,3,8
413089,413098,413100,2,9
413089,413097,413100,3,8
413089,413097,413100,3,8
413089,413097,413100,3,8
413089,413098,413100,2,9
413089,413098,413100,2,9
413089,413099,413101,2,10
413089,413098,413101,3,9
413089,413099,413101,2,10
413089,413099,413101,2,10
413089,413100,413101,1,11
413089,413098,413101,3,9
413089,413098,413101,3,9
413089,413099,413102,3,10
413089,413100,413102,2,11
413089,413099,413102,3,10
413089,413100,413102,2,11
413089,413101,413102,1,12
413089,413101,413103,2,12
413089,413100,413103,3,11
413089,413100,413103,3,11
413089,413100,413103,3,11
413089,413100,413103,3,11
413089,413102,413103,1,13
413089,413102,413103,1,13
413089,413102,413104,2,13
413089,413100,413104,4,11
413089,413100,413104,4,11
413089,413101,413104,3,12
413089,413101,413104,3,12
413089,413102,413104,2,13
413089,413102,413104,2,13
413089,413103,413104,1,14
413089,413102,413104,2,13
413089,413103,413105,2,14
413089,413103,413104,1,14
413089,413102,413104,2,13
413089,413103,413104,1,14
413089,413102,413105,3,13
413089,413104,413105,1,15
413089,413103,413106,3,14
413089,413104,413106,2,15
413089,413104,413106,2,15
413089,413105,413107,2,16
413089,413105,413107,2,16
413089,413104,413107,3,15
413089,413103,413106,3,14
413089,413103,413106,3,14
413089,413105,413107,2,16
413089,413105,413107,2,16
413089,413105,413107,2,16
413089,413105,413107,2,16
413089,413105,413108,3,16
413089,413105,413107,2,16
413089,413105,413107,2,16
413089,413105,413107,2,16
413089,413106,413108,2,17
413089,413104,413108,4,15
413089,413105,413108,3,16
413089,413107,413108,1,18
413089,413107,413109,2,18
413089,413107,413108,1,18
413089,413106,413109,3,17
413089,413107,413109,2,18
413089,413106,413109,3,17
413089,413107,413109,2,18
413089,413107,413110,3,18
413089,413107,413110,3,18
413089,413108,413110,2,19
408314,408339,413520,5181,25
413521,413521,413523,2,0
413521,413521,413523,2,0
413521,413521,413523,2,0
413521,413521,413523,2,0
413521,413521,413523,2,0
413521,413521,413523,2,0
413521,413521,413523,2,0
413521,413521,413523,2,0
413521,413521,413523,2,0
413521,413521,413523,2,0
413521,413521,413523,2,0
413521,413521,413524,3,0
413521,413521,413524,3,0
413521,413521,413524,3,0
413521,413521,413524,3,0
413521,413521,413523,2,0
413521,413521,413524,3,0
413521,413521,413524,3,0
413521,413521,413524,3,0
413521,413521,413524,3,0
413521,413523,413525,2,2
413521,413523,413525,2,2
413521,413523,413525,2,2
413521,413523,413525,2,2
413521,413523,413525,2,2
413521,413523,413525,2,2
413521,413523,413525,2,2
413521,413523,413525,2,2
413521,413523,413525,2,2
413521,413523,413525,2,2
413521,413524,413526,2,3
413521,413524,413527,3,3
413521,413524,413527,3,3
413521,413524,413527,3,3
413521,413524,413527,3,3
413521,413524,413526,2,3
413521,413525,413527,2,4
413521,413525,413527,2,4
413521,413525,413527,2,4
413521,413525,413527,2,4
413521,413525,413527,2,4
413521,413525,413527,2,4
413521,413525,413527,2,4
413521,413525,413527,2,4
413521,413525,413527,2,4
413521,413525,413527,2,4
413521,413524,413526,2,3
413521,413524,413527,3,3
413521,413524,413527,3,3
413521,413524,413528,4,3
413521,413527,413529,2,6
413521,413527,413529,2,6
413521,413527,413529,2,6
413521,413527,413529,2,6
413521,413527,413529,2,6
413521,413527,413529,2,6
413521,413527,413529,2,6
413521,413527,413529,2,6
413521,413527,413529,2,6
413521,413527,413529,2,6
413521,413527,413529,2,6
413521,413527,413529,2,6
413521,413527,413529,2,6
413521,413527,413529,2,6
413521,413528,413530,2,7
413521,413527,413529,2,6
413521,413527,413530,3,6
413521,413528,413531,3,7
413521,413528,413531,3,7
413521,413529,413531,2,8
413521,413529,413531,2,8
413521,413529,413531,2,8
413521,413530,413531,1,9
413521,413528,413531,3,7
413521,413530,413531,1,9
413521,413530,413531,1,9
413521,413530,413531,1,9
413521,413530,413531,1,9
413521,413530,413531,1,9
413521,413530,413531,1,9
413521,413530,413531,1,9
413521,413530,413531,1,9
413521,413530,413531,1,9
413521,413529,413532,3,8
413521,413530,413532,2,9
413521,413530,413532,2,9
413521,413532,413533,1,11
413521,413532,413533,1,11
413521,413531,413533,2,10
413521,413532,413534,2,11
413521,413531,413533,2,10
413521,413531,413534,3,10
413521,413531,413534,3,10
413521,413531,413534,3,10
413521,413532,413534,2,11
413521,413532,413534,2,11
413521,413532,413534,2,11
413521,413532,413534,2,11
413521,413532,413534,2,11
413521,413532,413534,2,11
413521,413532,413534,2,11
413521,413532,413534,2,11
413521,413532,413535,3,11
413521,413532,413535,3,11
413521,413533,413535,2,12
413521,413532,413535,3,11
413521,413534,413536,2,13
413521,413534,413536,2,13
413521,413534,413536,2,13
413521,413535,413536,1,14
413521,413534,413536,2,13
413521,413535,413537,2,14
413521,413534,413537,3,13
413521,413534,413537,3,13
413521,413535,413537,2,14
413521,413535,413537,2,14
413521,413535,413537,2,14
413521,413535,413538,3,14
413521,413535,413537,2,14
413521,413535,413537,2,14
413521,413535,413537,2,14
413521,413534,413538,4,13
413521,413537,413538,1,16
413521,413537,413538,1,16
413521,413537,413539,2,16
413521,413535,413538,3,14
413521,413536,413539,3,15
413521,413536,413539,3,15
413521,413537,413539,2,16
413521,413537,413539,2,16
413521,413536,413539,3,15
413521,413537,413539,2,16
413521,413538,413540,2,17
413521,413538,413540,2,17
413521,413538,413540,2,17
413521,413537,413540,3,16
413521,413538,413540,2,17
413521,413538,413540,2,17
413521,413539,413541,2,18
413521,413538,413540,2,17
413521,413539,413541,2,18
413521,413539,413541,2,18
413521,413538,413541,3,17
413521,413538,413541,3,17
413521,413538,413541,3,17
413521,413539,413542,3,18
413521,413540,413542,2,19
413521,413540,413542,2,19
413521,413540,413542,2,19
413521,413540,413543,3,19
408888,408910,413885,4975,22
413886,413886,413887,1,0
413886,413886,413887,1,0
413886,413886,413887,1,0
413886,413886,413887,1,0
413886,413886,413887,1,0
413886,413886,413887,1,0
413886,413886,413888,2,0
413886,413886,413888,2,0
413886,413886,413888,2,0
413886,413886,413888,2,0
413886,413886,413888,2,0
413886,413886,413888,2,0
413886,413886,413888,2,0
413886,413886,413888,2,0
413886,413886,413888,2,0
413886,413886,413888,2,0
413886,413886,413888,2,0
413886,413886,413888,2,0
413886,413886,413888,2,0
413886,413886,413889,3,0
413886,413888,413889,1,2
413886,413888,413889,1,2
413886,413888,413889,1,2
413886,413888,413889,1,2
413886,413888,413889,1,2
413886,413888,413889,1,2
413886,413888,413889,1,2
413886,413888,413889,1,2
413886,413888,413890,2,2
413886,413889,413890,1,3
413886,413889,413890,1,3
413886,413889,413890,1,3
413886,413889,413891,2,3
413886,413890,413892,2,4
413886,413889,413891,2,3
413886,413889,413891,2,3
413886,413889,413891,2,3
413886,413889,413891,2,3
413886,413890,413891,1,4
413886,413890,413891,1,4
413886,413889,413891,2,3
413886,413889,413891,2,3
413886,413890,413891,1,4
413886,413890,413891,1,4
413886,413890,413891,1,4
413886,413890,413891,1,4
413886,413890,413891,1,4
413886,413890,413892,2,4
413886,413892,413893,1,6
413886,413891,413893,2,5
413886,413891,413892,1,5
413886,413891,413892,1,5
413886,413891,413892,1,5
413886,413892,413893,1,6
413886,413892,413894,2,6
413886,413892,413893,1,6
413886,413892,413894,2,6
413886,413892,413893,1,6
413886,413892,413893,1,6
413886,413892,413893,1,6
413886,413892,413893,1,6
413886,413893,413894,1,7
413886,413892,413893,1,6
413886,413892,413894,2,6
413886,413892,413893,1,6
413886,413892,413893,1,6
413886,413892,413894,2,6
413886,413892,413894,2,6
413886,413892,413894,2,6
413886,413893,413894,1,7
413886,413893,413894,1,7
413886,413893,413895,2,7
413886,413894,413896,2,8
413886,413894,413896,2,8
413886,413894,413895,1,8
413886,413894,413895,1,8
413886,413894,413896,2,8
413886,413894,413896,2,8
413886,413894,413895,1,8
413886,413894,413896,2,8
413886,413894,413896,2,8
413886,413894,413895,1,8
413886,413893,413895,2,7
413886,413894,413896,2,8
413886,413894,413896,2,8
413886,413894,413896,2,8
413886,413895,413897,2,9
413886,413894,413896,2,8
413886,413895,413897,2,9
413886,413895,413897,2,9
413886,413895,413897,2,9
413886,413896,413898,2,10
413886,413896,413898,2,10
413886,413896,413898,2,10
413886,413896,413898,2,10
413886,413896,413898,2,10
413886,413896,413898,2,10
413886,413896,413898,2,10
413886,413896,413898,2,10
413886,413895,413898,3,9
413886,413896,413898,2,10
413886,413896,413898,2,10
413886,413896,413899,3,10
413886,413897,413899,2,11
413886,413897,413900,3,11
413886,413897,413900,3,11
413886,413897,413900,3,11
413886,413897,413900,3,11
413886,413897,413899,2,11
413886,413898,413900,2,12
413886,413898,413901,3,12
413886,413898,413901,3,12
413886,413898,413901,3,12
413886,413898,413901,3,12
413886,413898,413902,4,12
413886,413898,413901,3,12
413886,413899,413902,3,13
413886,413898,413901,3,12
413886,413898,413901,3,12
413886,413900,413902,2,14
413886,413898,413902,4,12
413886,413898,413901,3,12
413886,413899,413903,4,13
413886,413898,413903,5,12
413886,413900,413903,3,14
413886,413901,413903,2,15
413886,413901,413903,2,15
413886,413900,413903,3,14
413886,413901,413903,2,15
413886,413901,413903,2,15
413886,413900,413902,2,14
413886,413900,413903,3,14
413886,413900,413904,4,14
413886,413902,413904,2,16
413886,413901,413904,3,15
413886,413902,413904,2,16
413886,413902,413905,3,16
413886,413902,413904,2,16
413886,413902,413904,2,16
413886,413902,413905,3,16
413886,413902,413905,3,16
413886,413902,413905,3,16
413886,413903,413905,2,17
413886,413903,413905,2,17
413886,413903,413906,3,17
413886,413903,413906,3,17
413886,413903,413906,3,17
413886,413903,413907,4,17
413886,413903,413906,3,17
413886,413903,413906,3,17
410386,410406,413945,3539,20
413946,413946,413948,2,0
413946,413946,413948,2,0
413946,413946,413948,2,0
413946,413946,413948,2,0
413946,413946,413948,2,0
413946,413946,413948,2,0
413946,413946,413949,3,0
413946,413946,413948,2,0
413946,413946,413948,2,0
413946,413946,413948,2,0
413946,413946,413948,2,0
413946,413946,413948,2,0
413946,413946,413948,2,0
413946,413946,413948,2,0
413946,413946,413948,2,0
413946,413946,413949,3,0
413946,413946,413949,3,0
413946,413946,413949,3,0
413946,413948,413949,1,2
413946,413948,413950,2,2
413946,413948,413950,2,2
413946,413948,413950,2,2
413946,413948,413950,2,2
413946,413946,413950,4,0
413946,413946,413950,4,0
413946,413949,413951,2,3
413946,413949,413951,2,3
413946,413949,413951,2,3
413946,413949,413951,2,3
413946,413949,413952,3,3
413946,413949,413952,3,3
413946,413949,413952,3,3
413946,413949,413952,3,3
413946,413949,413952,3,3
413946,413950,413951,1,4
413946,413950,413952,2,4
413946,413949,413951,2,3
413946,413949,413951,2,3
413946,413950,413952,2,4
413946,413949,413952,3,3
413946,413950,413952,2,4
413946,413951,413953,2,5
413946,413951,413953,2,5
413946,413950,413953,3,4
413946,413951,413952,1,5
413946,413949,413953,4,3
413946,413950,413953,3,4
413946,413952,413954,2,6
413946,413952,413954,2,6
413946,413952,413953,1,6
413946,413952,413954,2,6
413946,413952,413954,2,6
413946,413952,413954,2,6
413946,413952,413954,2,6
413946,413952,413954,2,6
413946,413952,413954,2,6
413946,413952,413954,2,6
413946,413952,413954,2,6
413946,413952,413954,2,6
413946,413952,413955,3,6
413946,413953,413955,2,7
413946,413953,413955,2,7
413946,413953,413955,2,7
413946,413950,413955,5,4
413946,413954,413956,2,8
413946,413954,413956,2,8
413946,413954,413956,2,8
413946,413953,413955,2,7
413946,413954,413956,2,8
413946,413954,413957,3,8
413946,413954,413957,3,8
413946,413955,413957,2,9
413946,413954,413957,3,8
413946,413954,413957,3,8
413946,413954,413957,3,8
413946,413955,413957,2,9
413946,413955,413957,2,9
413946,413955,413957,2,9
413946,413953,413957,4,7
413946,413953,413957,4,7
413946,413955,413957,2,9
413946,413955,413958,3,9
413946,413955,413958,3,9
413946,413956,413958,2,10
413946,413956,413958,2,10
413946,413956,413958,2,10
413946,413956,413958,2,10
413946,413957,413959,2,11
413946,413958,413959,1,12
413946,413958,413959,1,12
413946,413958,413959,1,12
413946,413956,413959,3,10
413946,413957,413960,3,11
413946,413957,413960,3,11
413946,413958,413960,2,12
413946,413958,413960,2,12
413946,413957,413960,3,11
413946,413957,413960,3,11
413946,413958,413960,2,12
413946,413958,413961,3,12
413946,413957,413960,3,11
413946,413958,413961,3,12
413946,413959,413961,2,13
413946,413959,413961,2,13
413946,413958,413961,3,12
413946,413958,413961,3,12
413946,413958,413962,4,12
413946,413960,413962,2,14
413946,413960,413962,2,14
413946,413960,413962,2,14
413946,413960,413962,2,14
413946,413960,413962,2,14
413946,413960,413963,3,14
413946,413960,413963,3,14
413946,413961,413963,2,15
413946,413961,413963,2,15
413946,413960,413963,3,14
413946,413960,413964,4,14
413946,413961,413964,3,15
413946,413963,413964,1,17
413946,413961,413964,3,15
413946,413962,413964,2,16
413946,413962,413964,2,16
413946,413963,413965,2,17
413946,413961,413965,4,15
413946,413961,413965,4,15
413946,413963,413965,2,17
413946,413963,413965,2,17
413946,413963,413965,2,17
413946,413962,413966,4,16
413946,413964,413966,2,18
413946,413964,413966,2,18
413946,413964,413967,3,18
413946,413962,413966,4,16
413946,413962,413966,4,16
413946,413963,413967,4,17
413946,413965,413967,2,19
413946,413966,413968,2,20
413946,413966,413968,2,20
413946,413965,413968,3,19
413946,413965,413968,3,19
413946,413965,413968,3,19
413946,413966,413968,2,20
413946,413964,413968,4,18
413946,413965,413969,4,19
413946,413966,413969,3,20
413946,413964,413969,5,18
413946,413964,413969,5,18
413946,413966,413969,3,20
413946,413965,413969,4,19
409019,409050,414105,5055,31
414106,414106,414108,2,0
414106,414106,414108,2,0
414106,414106,414108,2,0
414106,414106,414108,2,0
414106,414106,414108,2,0
414106,414106,414108,2,0
414106,414106,414108,2,0
414106,414106,414108,2,0
414106,414106,414109,3,0
414106,414106,414109,3,0
414106,414106,414109,3,0
414106,414106,414109,3,0
414106,414106,414109,3,0
414106,414106,414108,2,0
414106,414106,414109,3,0
414106,414106,414109,3,0
414106,414107,414109,2,1
414106,414107,414109,2,1
414106,414107,414109,2,1
414106,414106,414109,3,0
414106,414108,414110,2,2
414106,414109,414110,1,3
414106,414109,414110,1,3
414106,414109,414110,1,3
414106,414109,414110,1,3
414106,414109,414110,1,3
414106,414109,414110,1,3
414106,414109,414110,1,3
414106,414110,414111,1,4
414106,414110,414111,1,4
414106,414110,414112,2,4
414106,414110,414111,1,4
414106,414111,414112,1,5
414106,414110,414112,2,4
414106,414110,414112,2,4
414106,414111,414112,1,5
414106,414111,414112,1,5
414106,414111,414112,1,5
414106,414110,414112,2,4
414106,414110,414113,3,4
414106,414110,414112,2,4
414106,414111,414113,2,5
414106,414110,414112,2,4
414106,414110,414112,2,4
414106,414110,414112,2,4
414106,414111,414112,1,5
414106,414111,414112,1,5
414106,414111,414112,1,5
414106,414112,414113,1,6
414106,414112,414113,1,6
414106,414113,414114,1,7
414106,414112,414114,2,6
414106,414113,414114,1,7
414106,414113,414114,1,7
414106,414112,414114,2,6
414106,414113,414114,1,7
414106,414113,414114,1,7
414106,414113,414114,1,7
414106,414113,414114,1,7
414106,414113,414114,1,7
414106,414113,414114,1,7
414106,414113,414114,1,7
414106,414113,414114,1,7
414106,414113,414114,1,7
414106,414113,414115,2,7
414106,414113,414115,2,7
414106,414113,414115,2,7
414106,414113,414115,2,7
414106,414114,414115,1,8
414106,414114,414115,1,8
414106,414115,414116,1,9
414106,414115,414116,1,9
414106,414115,414117,2,9
414106,414115,414116,1,9
414106,414115,414116,1,9
414106,414115,414116,1,9
414106,414115,414116,1,9
414106,414115,414116,1,9
414106,414115,414116,1,9
414106,414115,414117,2,9
414106,414115,414117,2,9
414106,414115,414117,2,9
414106,414116,414118,2,10
414106,414115,414117,2,9
414106,414116,414118,2,10
414106,414115,414118,3,9
414106,414117,414118,1,11
414106,414117,414118,1,11
414106,414116,414118,2,10
414106,414116,414118,2,10
414106,414116,414118,2,10
414106,414117,414118,1,11
414106,414117,414119,2,11
414106,414117,414119,2,11
414106,414116,414118,2,10
414106,414117,414119,2,11
414106,414117,414119,2,11
414106,414117,414120,3,11
414106,414117,414119,2,11
414106,414118,414120,2,12
414106,414119,414121,2,13
414106,414118,414121,3,12
414106,414118,414120,2,12
414106,414118,414120,2,12
414106,414119,414121,2,13
414106,414119,414121,2,13
414106,414118,414121,3,12
414106,414119,414121,2,13
414106,414119,414121,2,13
414106,414119,414121,2,13
414106,414118,414121,3,12
414106,414118,414121,3,12
414106,414119,414122,3,13
414106,414119,414122,3,13
414106,414119,414122,3,13
414106,414119,414121,2,13
414106,414119,414121,2,13
414106,414120,414122,2,14
414106,414121,414123,2,15
414106,414120,414123,3,14
414106,414121,414123,2,15
414106,414121,414123,2,15
414106,414120,414122,2,14
414106,414122,414123,1,16
414106,414121,414124,3,15
414106,414121,414124,3,15
414106,414122,414124,2,16
414106,414121,414124,3,15
414106,414122,414124,2,16
414106,414123,414124,1,17
414106,414122,414125,3,16
414106,414121,414124,3,15
414106,414121,414124,3,15
414106,414122,414125,3,16
414106,414122,414125,3,16
414106,414122,414125,3,16
414106,414122,414125,3,16
414106,414124,414126,2,18
414106,414122,414125,3,16
414106,414123,414126,3,17
414106,414123,414125,2,17
414106,414123,414125,2,17
414106,414124,414126,2,18
414106,414125,414126,1,19
414106,414125,414126,1,19
414106,414123,414126,3,17
414106,414124,414127,3,18
414106,414124,414126,2,18
414106,414121,414127,6,15
414106,414125,414127,2,19
410614,410637,414261,3624,23
414263,414263,414266,3,0
414263,414263,414266,3,0
414263,414263,414267,4,0
414263,414263,414267,4,0
414263,414263,414267,4,0
414263,414263,414267,4,0
414263,414263,414267,4,0
414263,414263,414266,3,0
414263,414263,414267,4,0
414263,414263,414267,4,0
414263,414263,414267,4,0
414263,414263,414267,4,0
414263,414263,414268,5,0
414263,414263,414267,4,0
414263,414263,414267,4,0
414263,414263,414268,5,0
414263,414263,414268,5,0
414263,414263,414268,5,0
414263,414263,414268,5,0
414263,414266,414268,2,3
414263,414267,414268,1,4
414263,414263,414269,6,0
414263,414267,414269,2,4
414263,414267,414269,2,4
414263,414267,414269,2,4
414263,414267,414269,2,4
414263,414267,414269,2,4
414263,414267,414269,2,4
414263,414267,414269,2,4
414263,414267,414270,3,4
414263,414267,414270,3,4
414263,414267,414270,3,4
414263,414268,414270,2,5
414263,414268,414270,2,5
414263,414268,414270,2,5
414263,414268,414270,2,5
414263,414269,414271,2,6
414263,414268,414271,3,5
414263,414268,414271,3,5
414263,414269,414271,2,6
414263,414269,414271,2,6
414263,414269,414271,2,6
414263,414269,414271,2,6
414263,414268,414271,3,5
414263,414268,414271,3,5
414263,414269,414271,2,6
414263,414270,414271,1,7
414263,414270,414271,1,7
414263,414269,414272,3,6
414263,414271,414272,1,8
414263,414271,414272,1,8
414263,414270,414273,3,7
414263,414271,414273,2,8
414263,414271,414273,2,8
414263,414271,414273,2,8
414263,414271,414273,2,8
414263,414271,414274,3,8
414263,414271,414274,3,8
414263,414272,414274,2,9
414263,414272,414275,3,9
414263,414272,414275,3,9
414263,414272,414275,3,9
414263,414272,414275,3,9
414263,414272,414275,3,9
414263,414272,414275,3,9
414263,414272,414275,3,9
414263,414271,414276,5,8
414263,414273,414276,3,10
414263,414274,414276,2,11
414263,414273,414276,3,10
414263,414275,414276,1,12
414263,414272,414276,4,9
414263,414273,414276,3,10
414263,414273,414276,3,10
414263,414274,414277,3,11
414263,414275,414277,2,12
414263,414274,414277,3,11
414263,414274,414277,3,11
414263,414274,414277,3,11
414263,414276,414278,2,13
414263,414275,414277,2,12
414263,414276,414278,2,13
414263,414276,414278,2,13
414263,414277,414278,1,14
414263,414277,414278,1,14
414263,414276,414278,2,13
414263,414277,414279,2,14
414263,414276,414278,2,13
414263,414277,414278,1,14
414263,414277,414279,2,14
414263,414277,414279,2,14
414263,414277,414279,2,14
414263,414276,414279,3,13
414263,414277,414279,2,14
414263,414279,414280,1,16
414263,414279,414280,1,16
414263,414278,414280,2,15
414263,414278,414280,2,15
414263,414278,414280,2,15
414263,414279,414281,2,16
414263,414277,414280,3,14
414263,414278,414280,2,15
414263,414279,414281,2,16
414263,414278,414281,3,15
414263,414278,414281,3,15
414263,414279,414281,2,16
414263,414279,414281,2,16
414263,414280,414282,2,17
414263,414279,414282,3,16
414263,414279,414282,3,16
414263,414280,414283,3,17
414263,414280,414283,3,17
414263,414280,414283,3,17
414263,414280,414283,3,17
414263,414281,414285,4,18
414263,414281,414284,3,18
414263,414281,414284,3,18
414263,414282,414285,3,19
414263,414281,414285,4,18
414263,414281,414284,3,18
414263,414281,414285,4,18
414263,414282,414285,3,19
414263,414283,414285,2,20
414263,414281,414285,4,18
414263,414281,414285,4,18
414263,414281,414285,4,18
414263,414282,414286,4,19
414263,414283,414286,3,20
414263,414282,414286,4,19
414263,414285,414287,2,22
414263,414286,414288,2,23
414263,414284,414287,3,21
414263,414284,414287,3,21
414263,414284,414287,3,21
414263,414285,414287,2,22
414263,414286,414287,1,23
414263,414283,414287,4,20
414263,414285,414288,3,22
414263,414285,414287,2,22
414263,414285,414287,2,22
414263,414285,414287,2,22
414263,414285,414287,2,22
414263,414285,414288,3,22
414263,414284,414288,4,21
414263,414286,414288,2,23
414263,414287,414289,2,24
414263,414287,414290,3,24
414263,414286,414289,3,23
414263,414286,414290,4,23
414263,414286,414290,4,23
409184,409209,414333,5124,25
414334,414334,414335,1,0
414334,414334,414335,1,0
414334,414334,414336,2,0
414334,414334,414336,2,0
414334,414334,414336,2,0
414334,414334,414336,2,0
414334,414334,414336,2,0
414334,414334,414336,2,0
414334,414334,414336,2,0
414334,414334,414336,2,0
414334,414334,414336,2,0
414334,414334,414336,2,0
414334,414334,414336,2,0
414334,414334,414337,3,0
414334,414334,414337,3,0
414334,414334,414337,3,0
414334,414334,414337,3,0
414334,414334,414337,3,0
414334,414334,414337,3,0
414334,414334,414337,3,0
414334,414336,414337,1,2
414334,414336,414338,2,2
414334,414336,414338,2,2
414334,414336,414338,2,2
414334,414336,414338,2,2
414334,414336,414338,2,2
414334,414336,414338,2,2
414334,414336,414338,2,2
414334,414336,414338,2,2
414334,414337,414339,2,3
414334,414337,414339,2,3
414334,414337,414339,2,3
414334,414337,414339,2,3
414334,414336,414338,2,2
414334,414337,414339,2,3
414334,414337,414340,3,3
414334,414337,414340,3,3
414334,414338,414339,1,4
414334,414338,414340,2,4
414334,414337,414340,3,3
414334,414337,414340,3,3
414334,414338,414339,1,4
414334,414338,414340,2,4
414334,414338,414340,2,4
414334,414338,414340,2,4
414334,414338,414340,2,4
414334,414337,414340,3,3
414334,414338,414340,2,4
414334,414339,414341,2,5
414334,414339,414341,2,5
414334,414340,414341,1,6
414334,414338,414341,3,4
414334,414339,414341,2,5
414334,414339,414341,2,5
414334,414339,414341,2,5
414334,414339,414341,2,5
414334,414340,414342,2,6
414334,414340,414342,2,6
414334,414341,414342,1,7
414334,414340,414341,1,6
414334,414340,414342,2,6
414334,414340,414342,2,6
414334,414340,414342,2,6
414334,414340,414342,2,6
414334,414340,414342,2,6
414334,414340,414342,2,6
414334,414340,414342,2,6
414334,414340,414342,2,6
414334,414341,414342,1,7
414334,414341,414343,2,7
414334,414340,414342,2,6
414334,414342,414343,1,8
414334,414341,414343,2,7
414334,414342,414344,2,8
414334,414343,414344,1,9
414334,414343,414344,1,9
414334,414342,414344,2,8
414334,414343,414344,1,9
414334,414343,414344,1,9
414334,414343,414344,1,9
414334,414343,414344,1,9
414334,414343,414344,1,9
414334,414343,414345,2,9
414334,414342,414345,3,8
414334,414343,414345,2,9
414334,414343,414345,2,9
414334,414342,414345,3,8
414334,414343,414345,2,9
414334,414343,414345,2,9
414334,414344,414345,1,10
414334,414343,414345,2,9
414334,414343,414346,3,9
414334,414345,414346,1,11
414334,414345,414347,2,11
414334,414344,414346,2,10
414334,414345,414347,2,11
414334,414345,414347,2,11
414334,414344,414347,3,10
414334,414345,414347,2,11
414334,414345,414347,2,11
414334,414345,414348,3,11
414334,414345,414347,2,11
414334,414346,414348,2,12
414334,414345,414348,3,11
414334,414346,414347,1,12
414334,414345,414348,3,11
414334,414345,414348,3,11
414334,414346,414348,2,12
414334,414347,414349,2,13
414334,414347,414349,2,13
414334,414346,414349,3,12
414334,414347,414349,2,13
414334,414346,414349,3,12
414334,414346,414349,3,12
414334,414347,414349,2,13
414334,414347,414349,2,13
414334,414347,414349,2,13
414334,414348,414350,2,14
414334,414347,414350,3,13
414334,414349,414351,2,15
414334,414348,414350,2,14
414334,414348,414350,2,14
414334,414348,414350,2,14
414334,414349,414350,1,15
414334,414348,414350,2,14
414334,414349,414351,2,15
414334,414349,414351,2,15
414334,414350,414352,2,16
414334,414348,414351,3,14
414334,414348,414351,3,14
414334,414350,414352,2,16
414334,414348,414352,4,14
414334,414350,414353,3,16
414334,414350,414353,3,16
414334,414351,414353,2,17
414334,414351,414353,2,17
414334,414351,414353,2,17
414334,414350,414352,2,16
414334,414351,414353,2,17
414334,414350,414353,3,16
414334,414350,414353,3,16
414334,414350,414353,3,16
414334,414352,414353,1,18
414334,414351,414353,2,17
414334,414351,414353,2,17
414334,414352,414354,2,18
414334,414352,414354,2,18
414334,414352,414354,2,18
414334,414352,414355,3,18
414334,414351,414356,5,17
409591,409612,414721,5109,21
414722,414722,414723,1,0
414722,414722,414723,1,0
414722,414722,414723,1,0
414722,414722,414723,1,0
414722,414722,414723,1,0
414722,414722,414723,1,0
414722,414722,414723,1,0
414722,414722,414724,2,0
414722,414722,414724,2,0
414722,414722,414724,2,0
414722,414722,414724,2,0
414722,414722,414724,2,0
414722,414722,414724,2,0
414722,414722,414724,2,0
414722,414722,414724,2,0
414722,414722,414724,2,0
414722,414722,414724,2,0
414722,414722,414724,2,0
414722,414722,414724,2,0
414722,414722,414724,2,0
414722,414724,414725,1,2
414722,414724,414725,1,2
414722,414724,414725,1,2
414722,414724,414725,1,2
414722,414724,414725,1,2
414722,414724,414725,1,2
414722,414724,414725,1,2
414722,414725,414726,1,3
414722,414725,414727,2,3
414722,414725,414727,2,3
414722,414725,414727,2,3
414722,414725,414727,2,3
414722,414725,414727,2,3
414722,414725,414727,2,3
414722,414725,414727,2,3
414722,414725,414727,2,3
414722,414725,414727,2,3
414722,414726,414727,1,4
414722,414726,414727,1,4
414722,414726,414727,1,4
414722,414726,414727,1,4
414722,414725,414727,2,3
414722,414725,414727,2,3
414722,414726,414727,1,4
414722,414726,414727,1,4
414722,414726,414727,1,4
414722,414725,414727,2,3
414722,414727,414729,2,5
414722,414727,414728,1,5
414722,414727,414729,2,5
414722,414727,414729,2,5
414722,414728,414729,1,6
414722,414728,414730,2,6
414722,414728,414730,2,6
414722,414728,414729,1,6
414722,414728,414729,1,6
414722,414728,414729,1,6
414722,414728,414729,1,6
414722,414728,414729,1,6
414722,414728,414729,1,6
414722,414728,414729,1,6
414722,414728,414730,2,6
414722,414728,414730,2,6
414722,414728,414730,2,6
414722,414728,414730,2,6
414722,414728,414730,2,6
414722,414729,414730,1,7
414722,414728,414730,2,6
414722,414729,414731,2,7
414722,414729,414731,2,7
414722,414729,414731,2,7
414722,414730,414732,2,8
414722,414730,414731,1,8
414722,414730,414732,2,8
414722,414730,414731,1,8
414722,414730,414732,2,8
414722,414730,414731,1,8
414722,414730,414731,1,8
414722,414730,414732,2,8
414722,414730,414732,2,8
414722,414730,414732,2,8
414722,414730,414732,2,8
414722,414731,414733,2,9
414722,414731,414733,2,9
414722,414730,414732,2,8
414722,414731,414733,2,9
414722,414731,414733,2,9
414722,414732,414734,2,10
414722,414731,414733,2,9
414722,414731,414734,3,9
414722,414731,414734,3,9
414722,414732,414733,1,10
414722,414732,414734,2,10
414722,414732,414734,2,10
414722,414732,414734,2,10
414722,414731,414733,2,9
414722,414733,414735,2,11
414722,414732,414734,2,10
414722,414732,414734,2,10
414722,414733,414735,2,11
414722,414733,414735,2,11
414722,414734,414736,2,12
414722,414734,414736,2,12
414722,414734,414736,2,12
414722,414734,414736,2,12
414722,414733,414735,2,11
414722,414733,414736,3,11
414722,414733,414736,3,11
414722,414733,414736,3,11
414722,414734,414736,2,12
414722,414734,414736,2,12
414722,414734,414737,3,12
414722,414734,414737,3,12
414722,414734,414737,3,12
414722,414733,414736,3,11
414722,414735,414737,2,13
414722,414735,414737,2,13
414722,414736,414738,2,14
414722,414736,414738,2,14
414722,414736,414738,2,14
414722,414735,414737,2,13
414722,414734,414737,3,12
414722,414735,414737,2,13
414722,414736,414739,3,14
414722,414736,414738,2,14
414722,414736,414739,3,14
414722,414736,414738,2,14
414722,414736,414739,3,14
414722,414737,414740,3,15
414722,414737,414740,3,15
414722,414737,414740,3,15
414722,414738,414740,2,16
414722,414737,414739,2,15
414722,414737,414739,2,15
414722,414737,414740,3,15
414722,414737,414740,3,15
414722,414737,414741,4,15
414722,414737,414741,4,15
414722,414738,414740,2,16
414722,414739,414741,2,17
414722,414738,414740,2,16
414722,414738,414741,3,16
414722,414738,414740,2,16
414722,414738,414741,3,16
414722,414739,414742,3,17
414722,414739,414742,3,17
414722,414739,414742,3,17
414722,414739,414742,3,17
414722,414740,414743,3,18
414722,414740,414743,3,18
411101,411125,414857,3732,24
414858,414858,414860,2,0
414858,414858,414860,2,0
414858,414858,414860,2,0
414858,414858,414860,2,0
414858,414858,414860,2,0
414858,414858,414860,2,0
414858,414858,414860,2,0
414858,414858,414860,2,0
414858,414858,414860,2,0
414858,414858,414860,2,0
414858,414858,414860,2,0
414858,414858,414861,3,0
414858,414858,414861,3,0
414858,414858,414861,3,0
414858,414859,414861,2,1
414858,414858,414860,2,0
414858,414858,414860,2,0
414858,414858,414861,3,0
414858,414858,414861,3,0
414858,414860,414863,3,2
414858,414860,414863,3,2
414858,414860,414863,3,2
414858,414860,414863,3,2
414858,414860,414863,3,2
414858,414860,414863,3,2
414858,414860,414863,3,2
414858,414860,414863,3,2
414858,414859,414862,3,1
414858,414861,414864,3,3
414858,414861,414864,3,3
414858,414861,414864,3,3
414858,414861,414864,3,3
414858,414861,414863,2,3
414858,414860,414863,3,2
414858,414861,414864,3,3
414858,414861,414864,3,3
414858,414862,414865,3,4
414858,414862,414865,3,4
414858,414863,414865,2,5
414858,414863,414865,2,5
414858,414863,414865,2,5
414858,414863,414865,2,5
414858,414863,414865,2,5
414858,414863,414865,2,5
414858,414863,414865,2,5
414858,414861,414865,4,3
414858,414864,414866,2,6
414858,414865,414866,1,7
414858,414863,414866,3,5
414858,414864,414866,2,6
414858,414864,414867,3,6
414858,414864,414866,2,6
414858,414864,414867,3,6
414858,414864,414867,3,6
414858,414865,414867,2,7
414858,414865,414867,2,7
414858,414865,414868,3,7
414858,414865,414868,3,7
414858,414866,414868,2,8
414858,414865,414868,3,7
414858,414866,414868,2,8
414858,414866,414868,2,8
414858,414866,414868,2,8
414858,414867,414868,1,9
414858,414866,414869,3,8
414858,414866,414869,3,8
414858,414866,414869,3,8
414858,414867,414869,2,9
414858,414868,414869,1,10
414858,414866,414870,4,8
414858,414867,414869,2,9
414858,414867,414870,3,9
414858,414867,414870,3,9
414858,414868,414870,2,10
414858,414868,414870,2,10
414858,414869,414870,1,11
414858,414869,414870,1,11
414858,414869,414870,1,11
414858,414869,414870,1,11
414858,414869,414870,1,11
414858,414869,414870,1,11
414858,414868,414870,2,10
414858,414868,414871,3,10
414858,414868,414871,3,10
414858,414870,414872,2,12
414858,414870,414871,1,12
414858,414870,414871,1,12
414858,414870,414872,2,12
414858,414871,414872,1,13
414858,414871,414872,1,13
414858,414871,414872,1,13
414858,414871,414872,1,13
414858,414871,414873,2,13
414858,414871,414872,1,13
414858,414870,414872,2,12
414858,414870,414873,3,12
414858,414871,414873,2,13
414858,414871,414873,2,13
414858,414871,414873,2,13
414858,414871,414873,2,13
414858,414871,414873,2,13
414858,414870,414873,3,12
414858,414871,414874,3,13
414858,414872,414874,2,14
414858,414872,414874,2,14
414858,414872,414874,2,14
414858,414871,414875,4,13
414858,414872,414875,3,14
414858,414873,414876,3,15
414858,414873,414876,3,15
414858,414873,414876,3,15
414858,414873,414877,4,15
414858,414873,414877,4,15
414858,414874,414878,4,16
414858,414874,414877,3,16
414858,414873,414877,4,15
414858,414874,414877,3,16
414858,414873,414877,4,15
414858,414875,414878,3,17
414858,414873,414877,4,15
414858,414874,414877,3,16
414858,414874,414878,4,16
414858,414874,414878,4,16
414858,414876,414878,2,18
414858,414875,414878,3,17
414858,414875,414879,4,17
414858,414874,414879,5,16
414858,414876,414879,3,18
414858,414876,414879,3,18
414858,414878,414880,2,20
414858,414877,414879,2,19
414858,414877,414879,2,19
414858,414878,414880,2,20
414858,414878,414880,2,20
414858,414878,414880,2,20
414858,414878,414880,2,20
414858,414879,414880,1,21
414858,414878,414880,2,20
414858,414879,414881,2,21
414858,414878,414881,3,20
414858,414878,414882,4,20
414858,414879,414881,2,21
414858,414878,414881,3,20
414858,414878,414881,3,20
414858,414880,414881,1,22
414858,414879,414882,3,21
414858,414880,414883,3,22
414858,414880,414882,2,22
414858,414879,414882,3,21
414858,414880,414883,3,22
411353,411373,414887,3514,20
414892,414892,414895,3,0
414892,414892,414896,4,0
414892,414892,414895,3,0
414892,414892,414896,4,0
414892,414892,414896,4,0
414892,414892,414896,4,0
414892,414892,414896,4,0
414892,414892,414896,4,0
414892,414892,414897,5,0
414892,414892,414897,5,0
414892,414892,414896,4,0
414892,414892,414897,5,0
414892,414892,414896,4,0
414892,414892,414897,5,0
414892,414892,414898,6,0
414892,414892,414897,5,0
414892,414892,414897,5,0
414892,414895,414897,2,3
414892,414896,414898,2,4
414892,414892,414898,6,0
414892,414892,414899,7,0
414892,414896,414899,3,4
414892,414892,414898,6,0
414892,414896,414899,3,4
414892,414896,414899,3,4
414892,414896,414899,3,4
414892,414896,414898,2,4
414892,414896,414899,3,4
414892,414897,414900,3,5
414892,414898,414900,2,6
414892,414897,414900,3,5
414892,414898,414900,2,6
414892,414897,414900,3,5
414892,414897,414900,3,5
414892,414898,414900,2,6
414892,414898,414900,2,6
414892,414898,414900,2,6
414892,414898,414901,3,6
414892,414898,414901,3,6
414892,414899,414901,2,7
414892,414899,414901,2,7
414892,414899,414901,2,7
414892,414899,414901,2,7
414892,414900,414901,1,8
414892,414899,414901,2,7
414892,414899,414902,3,7
414892,414899,414902,3,7
414892,414900,414902,2,8
414892,414900,414902,2,8
414892,414900,414902,2,8
414892,414900,414902,2,8
414892,414900,414902,2,8
414892,414901,414902,1,9
414892,414901,414902,1,9
414892,414901,414903,2,9
414892,414901,414903,2,9
414892,414902,414903,1,10
414892,414901,414904,3,9
414892,414900,414904,4,8
414892,414901,414904,3,9
414892,414900,414904,4,8
414892,414902,414904,2,10
414892,414902,414904,2,10
414892,414903,414905,2,11
414892,414903,414905,2,11
414892,414903,414905,2,11
414892,414902,414906,4,10
414892,414903,414906,3,11
414892,414903,414906,3,11
414892,414902,414907,5,10
414892,414903,414907,4,11
414892,414903,414907,4,11
414892,414903,414907,4,11
414892,414904,414907,3,12
414892,414905,414908,3,13
414892,414904,414908,4,12
414892,414904,414908,4,12
414892,414904,414908,4,12
414892,414906,414908,2,14
414892,414905,414908,3,13
414892,414904,414909,5,12
414892,414905,414909,4,13
414892,414905,414909,4,13
414892,414906,414909,3,14
414892,414907,414909,2,15
414892,414908,414910,2,16
414892,414907,414910,3,15
414892,414908,414911,3,16
414892,414906,414911,5,14
414892,414908,414911,3,16
414892,414906,414911,5,14
414892,414908,414911,3,16
414892,414908,414911,3,16
414892,414908,414911,3,16
414892,414909,414912,3,17
414892,414899,414913,14,7
414892,414910,414913,3,18
414892,414909,414913,4,17
414892,414909,414914,5,17
414892,414910,414913,3,18
414892,414909,414913,4,17
414892,414908,414914,6,16
414892,414910,414914,4,18
414892,414910,414914,4,18
414892,414910,414914,4,18
414892,414912,414914,2,20
414892,414911,414914,3,19
414892,414911,414914,3,19
414892,414911,414915,4,19
414892,414911,414915,4,19
414892,414912,414915,3,20
414892,414912,414915,3,20
414892,414912,414915,3,20
414892,414912,414916,4,20
414892,414912,414916,4,20
414892,414914,414917,3,22
414892,414914,414916,2,22
414892,414914,414916,2,22
414892,414915,414917,2,23
414892,414915,414917,2,23
414892,414914,414917,3,22
414892,414915,414917,2,23
414892,414916,414918,2,24
414892,414914,414917,3,22
414892,414915,414918,3,23
414892,414915,414918,3,23
414892,414915,414918,3,23
414892,414915,414918,3,23
414892,414916,414918,2,24
414892,414916,414918,2,24
414892,414917,414919,2,25
414892,414917,414919,2,25
414892,414917,414919,2,25
414892,414915,414919,4,23
414892,414914,414919,5,22
414892,414916,414919,3,24
414892,414917,414919,2,25
414892,414918,414920,2,26
414892,414917,414921,4,25
414892,414917,414920,3,25
414892,414918,414920,2,26
414892,414918,414920,2,26
414892,414918,414921,3,26
414892,414918,414920,2,26
414892,414918,414921,3,26
414892,414919,414922,3,27
414892,414919,414922,3,27
414892,414919,414923,4,27
414892,414919,414923,4,27
414892,414919,414925,6,27
410396,410435,415424,4989,39
415425,415425,415427,2,0
415425,415425,415428,3,0
415425,415425,415428,3,0
415425,415425,415428,3,0
415425,415425,415428,3,0
415425,415425,415428,3,0
415425,415425,415428,3,0
415425,415425,415428,3,0
415425,415425,415428,3,0
415425,415425,415428,3,0
415425,415425,415428,3,0
415425,415425,415427,2,0
415425,415425,415428,3,0
415425,415425,415429,4,0
415425,415425,415428,3,0
415425,415425,415429,4,0
415425,415425,415429,4,0
415425,415425,415428,3,0
415425,415427,415429,2,2
415425,415428,415430,2,3
415425,415428,415430,2,3
415425,415428,415430,2,3
415425,415428,415430,2,3
415425,415425,415429,4,0
415425,415425,415429,4,0
415425,415428,415430,2,3
415425,415428,415430,2,3
415425,415428,415430,2,3
415425,415428,415431,3,3
415425,415428,415430,2,3
415425,415428,415430,2,3
415425,415428,415431,3,3
415425,415429,415431,2,4
415425,415428,415431,3,3
415425,415429,415431,2,4
415425,415429,415432,3,4
415425,415429,415432,3,4
415425,415430,415432,2,5
415425,415430,415431,1,5
415425,415430,415432,2,5
415425,415430,415432,2,5
415425,415429,415432,3,4
415425,415429,415432,3,4
415425,415430,415432,2,5
415425,415430,415432,2,5
415425,415430,415432,2,5
415425,415430,415432,2,5
415425,415431,415433,2,6
415425,415431,415433,2,6
415425,415430,415432,2,5
415425,415431,415433,2,6
415425,415431,415434,3,6
415425,415431,415434,3,6
415425,415431,415434,3,6
415425,415431,415434,3,6
415425,415432,415435,3,7
415425,415432,415435,3,7
415425,415432,415435,3,7
415425,415432,415435,3,7
415425,415432,415435,3,7
415425,415432,415436,4,7
415425,415432,415436,4,7
415425,415433,415436,3,8
415425,415432,415436,4,7
415425,415432,415436,4,7
415425,415432,415436,4,7
415425,415435,415436,1,10
415425,415434,415436,2,9
415425,415433,415437,4,8
415425,415434,415437,3,9
415425,415434,415437,3,9
415425,415434,415437,3,9
415425,415435,415437,2,10
415425,415432,415437,5,7
415425,415432,415437,5,7
415425,415434,415437,3,9
415425,415435,415437,2,10
415425,415435,415437,2,10
415425,415436,415437,1,11
415425,415436,415437,1,11
415425,415437,415439,2,12
415425,415437,415439,2,12
415425,415437,415439,2,12
415425,415437,415439,2,12
415425,415437,415439,2,12
415425,415437,415439,2,12
415425,415437,415439,2,12
415425,415437,415439,2,12
415425,415438,415440,2,13
415425,415438,415440,2,13
415425,415438,415440,2,13
415425,415438,415440,2,13
415425,415438,415440,2,13
415425,415437,415441,4,12
415425,415437,415441,4,12
415425,415437,415441,4,12
415425,415437,415441,4,12
415425,415438,415442,4,13
415425,415438,415442,4,13
415425,415440,415441,1,15
415425,415441,415442,1,16
415425,415440,415442,2,15
415425,415440,415442,2,15
415425,415440,415442,2,15
415425,415438,415442,4,13
415425,415440,415442,2,15
415425,415441,415442,1,16
415425,415440,415442,2,15
415425,415440,415442,2,15
415425,415441,415443,2,16
415425,415440,415443,3,15
415425,415441,415443,2,16
415425,415441,415443,2,16
415425,415442,415443,1,17
415425,415442,415444,2,17
415425,415442,415444,2,17
415425,415443,415444,1,18
415425,415442,415445,3,17
415425,415442,415445,3,17
415425,415442,415445,3,17
415425,415442,415445,3,17
415425,415443,415445,2,18
415425,415443,415445,2,18
415425,415444,415446,2,19
415425,415443,415445,2,18
415425,415445,415446,1,20
415425,415443,415446,3,18
415425,415443,415446,3,18
415425,415443,415447,4,18
415425,415443,415446,3,18
415425,415443,415446,3,18
415425,415444,415446,2,19
415425,415444,415446,2,19
415425,415444,415446,2,19
415425,415444,415446,2,19
415425,415446,415448,2,21
415425,415446,415448,2,21
415425,415446,415448,2,21
415425,415447,415448,1,22
415425,415445,415448,3,20
415425,415445,415448,3,20
415425,415446,415448,2,21
415425,415446,415448,2,21
415425,415446,415449,3,21
415425,415446,415450,4,21
415425,415447,415449,2,22
415425,415447,415449,2,22
415425,415447,415449,2,22
415425,415447,415450,3,22
415425,415446,415451,5,21
412531,412548,416065,3517,17
416067,416067,416069,2,0
416067,416067,416069,2,0
416067,416067,416069,2,0
416067,416067,416069,2,0
416067,416067,416069,2,0
416067,416067,416068,1,0
416067,416067,416068,1,0
416067,416067,416069,2,0
416067,416068,416070,2,1
416067,416068,416070,2,1
416067,416067,416070,3,0
416067,416067,416070,3,0
416067,416067,416070,3,0
416067,416067,416070,3,0
416067,416067,416070,3,0
416067,416068,416070,2,1
416067,416068,416070,2,1
416067,416068,416070,2,1
416067,416068,416070,2,1
416067,416068,416070,2,1
416067,416070,416071,1,3
416067,416070,416071,1,3
416067,416070,416071,1,3
416067,416070,416071,1,3
416067,416070,416071,1,3
416067,416070,416071,1,3
416067,416070,416071,1,3
416067,416070,416071,1,3
416067,416072,416073,1,5
416067,416072,416073,1,5
416067,416071,416073,2,4
416067,416071,416073,2,4
416067,416071,416073,2,4
416067,416071,416073,2,4
416067,416071,416073,2,4
416067,416071,416073,2,4
416067,416071,416073,2,4
416067,416071,416073,2,4
416067,416071,416073,2,4
416067,416071,416073,2,4
416067,416071,416073,2,4
416067,416071,416073,2,4
416067,416072,416073,1,5
416067,416072,416073,1,5
416067,416072,416073,1,5
416067,416072,416073,1,5
416067,416072,416073,1,5
416067,416072,416073,1,5
416067,416073,416074,1,6
416067,416074,416075,1,7
416067,416074,416075,1,7
416067,416074,416075,1,7
416067,416074,416075,1,7
416067,416074,416075,1,7
416067,416074,416076,2,7
416067,416074,416076,2,7
416067,416074,416076,2,7
416067,416074,416076,2,7
416067,416074,416076,2,7
416067,416074,416075,1,7
416067,416074,416075,1,7
416067,416075,416076,1,8
416067,416074,416076,2,7
416067,416074,416076,2,7
416067,416074,416076,2,7
416067,416074,416077,3,7
416067,416074,416076,2,7
416067,416074,416076,2,7
416067,416074,416076,2,7
416067,416076,416077,1,9
416067,416075,416076,1,8
416067,416076,416077,1,9
416067,416076,416078,2,9
416067,416076,416078,2,9
416067,416076,416077,1,9
416067,416076,416077,1,9
416067,416076,416077,1,9
416067,416076,416077,1,9
416067,416076,416077,1,9
416067,416076,416077,1,9
416067,416076,416077,1,9
416067,416076,416078,2,9
416067,416077,416079,2,10
416067,416077,416079,2,10
416067,416077,416078,1,10
416067,416077,416078,1,10
416067,416078,416079,1,11
416067,416077,416079,2,10
416067,416077,416079,2,10
416067,416077,416079,2,10
416067,416077,416079,2,10
416067,416077,416080,3,10
416067,416078,416080,2,11
416067,416078,416079,1,11
416067,416078,416079,1,11
416067,416078,416079,1,11
416067,416078,416079,1,11
416067,416078,416079,1,11
416067,416079,416081,2,12
416067,416078,416080,2,11
416067,416078,416081,3,11
416067,416078,416080,2,11
416067,416079,416080,1,12
416067,416079,416080,1,12
416067,416080,416081,1,13
416067,416079,416081,2,12
416067,416079,416081,2,12
416067,416080,416082,2,13
416067,416080,416082,2,13
416067,416080,416082,2,13
416067,416080,416081,1,13
416067,416080,416081,1,13
416067,416080,416082,2,13
416067,416080,416082,2,13
416067,416080,416083,3,13
416067,416080,416082,2,13
416067,416080,416083,3,13
416067,416081,416083,2,14
416067,416081,416083,2,14
416067,416082,416083,1,15
416067,416080,416083,3,13
416067,416081,416083,2,14
416067,416081,416084,3,14
416067,416081,416084,3,14
416067,416081,416084,3,14
416067,416082,416084,2,15
416067,416082,416084,2,15
416067,416082,416084,2,15
416067,416082,416084,2,15
416067,416082,416084,2,15
416067,416082,416085,3,15
416067,416082,416084,2,15
416067,416082,416085,3,15
416067,416083,416085,2,16
416067,416083,416085,2,16
416067,416084,416085,1,17
416067,416083,416085,2,16
416067,416083,416086,3,16
416067,416083,416086,3,16
416067,416083,416086,3,16
416067,416084,416086,2,17
416067,416084,416086,2,17
416067,416084,416086,2,17
416067,416084,416085,1,17
416067,416084,416086,2,17
416067,416084,416087,3,17
416067,416084,416086,2,17
416067,416084,416086,2,17
416067,416084,416086,2,17
416067,416084,416089,5,17
412820,412840,416272,3432,20
416274,416274,416276,2,0
416274,416274,416276,2,0
416274,416274,416276,2,0
416274,416274,416276,2,0
416274,416274,416276,2,0
416274,416274,416277,3,0
416274,416274,416277,3,0
416274,416274,416277,3,0
416274,416275,416277,2,1
416274,416275,416277,2,1
416274,416275,416277,2,1
416274,416274,416277,3,0
416274,416274,416277,3,0
416274,416274,416277,3,0
416274,416274,416277,3,0
416274,416274,416277,3,0
416274,416274,416277,3,0
416274,416275,416277,2,1
416274,416275,416277,2,1
416274,416275,416278,3,1
416274,416277,416278,1,3
416274,416277,416278,1,3
416274,416277,416278,1,3
416274,416277,416278,1,3
416274,416277,416278,1,3
416274,416278,416279,1,4
416274,416278,416279,1,4
416274,416278,416279,1,4
416274,416278,416280,2,4
416274,416278,416279,1,4
416274,416278,416279,1,4
416274,416278,416279,1,4
416274,416278,416280,2,4
416274,416278,416280,2,4
416274,416278,416280,2,4
416274,416278,416280,2,4
416274,416279,416281,2,5
416274,416279,416280,1,5
416274,416279,416280,1,5
416274,416279,416280,1,5
416274,416279,416280,1,5
416274,416278,416280,2,4
416274,416278,416280,2,4
416274,416278,416280,2,4
416274,416279,416280,1,5
416274,416280,416281,1,6
416274,416280,416281,1,6
416274,416280,416282,2,6
416274,416280,416281,1,6
416274,416280,416281,1,6
416274,416280,416282,2,6
416274,416281,416283,2,7
416274,416280,416282,2,6
416274,416281,416283,2,7
416274,416281,416282,1,7
416274,416281,416282,1,7
416274,416281,416283,2,7
416274,416281,416283,2,7
416274,416281,416282,1,7
416274,416281,416282,1,7
416274,416281,416283,2,7
416274,416281,416282,1,7
416274,416281,416282,1,7
416274,416281,416283,2,7
416274,416281,416283,2,7
416274,416281,416283,2,7
416274,416282,416283,1,8
416274,416282,416283,1,8
416274,416282,416283,1,8
416274,416283,416284,1,9
416274,416283,416284,1,9
416274,416283,416284,1,9
416274,416282,416284,2,8
416274,416283,416284,1,9
416274,416283,416284,1,9
416274,416283,416284,1,9
416274,416283,416284,1,9
416274,416283,416285,2,9
416274,416283,416285,2,9
416274,416283,416285,2,9
416274,416283,416285,2,9
416274,416283,416285,2,9
416274,416284,416286,2,10
416274,416283,416285,2,9
416274,416284,416285,1,10
416274,416284,416285,1,10
416274,416284,416286,2,10
416274,416285,416286,1,11
416274,416285,416286,1,11
416274,416285,416286,1,11
416274,416284,416286,2,10
416274,416284,416286,2,10
416274,416285,416287,2,11
416274,416285,416286,1,11
416274,416285,416286,1,11
416274,416285,416286,1,11
416274,416285,416286,1,11
416274,416286,416288,2,12
416274,416286,416288,2,12
416274,416286,416288,2,12
416274,416286,416288,2,12
416274,416286,416288,2,12
416274,416286,416288,2,12
416274,416286,416288,2,12
416274,416287,416288,1,13
416274,416287,416289,2,13
416274,416286,416288,2,12
416274,416286,416288,2,12
416274,416286,416288,2,12
416274,416287,416289,2,13
416274,416287,416288,1,13
416274,416287,416289,2,13
416274,416287,416289,2,13
416274,416287,416289,2,13
416274,416287,416290,3,13
416274,416287,416289,2,13
416274,416288,416290,2,14
416274,416288,416290,2,14
416274,416288,416290,2,14
416274,416287,416290,3,13
416274,416289,416290,1,15
416274,416289,416291,2,15
416274,416288,416290,2,14
416274,416289,416291,2,15
416274,416289,416291,2,15
416274,416289,416291,2,15
416274,416289,416292,3,15
416274,416289,416291,2,15
416274,416289,416291,2,15
416274,416289,416292,3,15
416274,416289,416291,2,15
416274,416290,416292,2,16
416274,416290,416292,2,16
416274,416290,416292,2,16
416274,416290,416292,2,16
416274,416290,416292,2,16
416274,416291,416293,2,17
416274,416291,416293,2,17
416274,416290,416292,2,16
416274,416289,416292,3,15
416274,416289,416293,4,15
416274,416291,416293,2,17
416274,416291,416293,2,17
416274,416291,416293,2,17
416274,416291,416294,3,17
416274,416291,416294,3,17
416274,416292,416294,2,18
416274,416292,416294,2,18
416274,416292,416294,2,18
416274,416292,416295,3,18
412879,412899,416322,3423,20
416323,416323,416325,2,0
416323,416323,416325,2,0
416323,416323,416324,1,0
416323,416323,416325,2,0
416323,416323,416324,1,0
416323,416323,416325,2,0
416323,416323,416325,2,0
416323,416323,416325,2,0
416323,416323,416325,2,0
416323,416323,416325,2,0
416323,416323,416326,3,0
416323,416323,416325,2,0
416323,416323,416325,2,0
416323,416323,416325,2,0
416323,416323,416326,3,0
416323,416323,416326,3,0
416323,416323,416326,3,0
416323,416323,416326,3,0
416323,416325,416327,2,2
416323,416325,416327,2,2
416323,416325,416327,2,2
416323,416325,416327,2,2
416323,416325,416328,3,2
416323,416325,416327,2,2
416323,416326,416328,2,3
416323,416325,416327,2,2
416323,416325,416327,2,2
416323,416325,416327,2,2
416323,416325,416327,2,2
416323,416326,416328,2,3
416323,416326,416328,2,3
416323,416326,416328,2,3
416323,416326,416328,2,3
416323,416327,416328,1,4
416323,416327,416328,1,4
416323,416326,416328,2,3
416323,416326,416328,2,3
416323,416326,416328,2,3
416323,416328,416329,1,5
416323,416328,416330,2,5
416323,416328,416330,2,5
416323,416328,416330,2,5
416323,416328,416329,1,5
416323,416328,416330,2,5
416323,416328,416330,2,5
416323,416328,416330,2,5
416323,416329,416331,2,6
416323,416329,416331,2,6
416323,416329,416331,2,6
416323,416329,416330,1,6
416323,416329,416330,1,6
416323,416329,416331,2,6
416323,416328,416330,2,5
416323,416330,416331,1,7
416323,416329,416331,2,6
416323,416323,416332,9,0
416323,416323,416331,8,0
416323,416329,416331,2,6
416323,416329,416331,2,6
416323,416330,416332,2,7
416323,416330,416332,2,7
416323,416330,416332,2,7
416323,416330,416332,2,7
416323,416330,416332,2,7
416323,416330,416332,2,7
416323,416331,416333,2,8
416323,416331,416333,2,8
416323,416331,416332,1,8
416323,416331,416333,2,8
416323,416330,416332,2,7
416323,416331,416333,2,8
416323,416331,416333,2,8
416323,416332,416333,1,9
416323,416332,416334,2,9
416323,416331,416334,3,8
416323,416332,416334,2,9
416323,416332,416334,2,9
416323,416332,416334,2,9
416323,416332,416333,1,9
416323,416332,416333,1,9
416323,416332,416334,2,9
416323,416333,416335,2,10
416323,416333,416334,1,10
416323,416333,416335,2,10
416323,416332,416335,3,9
416323,416332,416335,3,9
416323,416333,416335,2,10
416323,416333,416335,2,10
416323,416334,416335,1,11
416323,416334,416335,1,11
416323,416333,416335,2,10
416323,416334,416336,2,11
416323,416333,416335,2,10
416323,416334,416336,2,11
416323,416334,416336,2,11
416323,416334,416336,2,11
416323,416334,416337,3,11
416323,416335,416336,1,12
416323,416335,416337,2,12
416323,416334,416336,2,11
416323,416334,416336,2,11
416323,416335,416337,2,12
416323,416336,416338,2,13
416323,416335,416337,2,12
416323,416335,416338,3,12
416323,416335,416338,3,12
416323,416335,416338,3,12
416323,416335,416338,3,12
416323,416337,416338,1,14
416323,416337,416338,1,14
416323,416337,416338,1,14
416323,416336,416339,3,13
416323,416336,416339,3,13
416323,416337,416339,2,14
416323,416337,416339,2,14
416323,416336,416339,3,13
416323,416338,416339,1,15
416323,416338,416340,2,15
416323,416337,416340,3,14
416323,416337,416340,3,14
416323,416337,416340,3,14
416323,416339,416341,2,16
416323,416339,416340,1,16
416323,416339,416340,1,16
416323,416338,416341,3,15
416323,416339,416341,2,16
416323,416339,416341,2,16
416323,416338,416341,3,15
416323,416338,416341,3,15
416323,416338,416341,3,15
416323,416340,416341,1,17
416323,416338,416341,3,15
416323,416338,416341,3,15
416323,416340,416341,1,17
416323,416338,416342,4,15
416323,416339,416342,3,16
416323,416341,416342,1,18
416323,416341,416342,1,18
416323,416341,416343,2,18
416323,416340,416343,3,17
416323,416339,416342,3,16
416323,416339,416342,3,16
416323,416341,416343,2,18
416323,416341,416343,2,18
416323,416340,416343,3,17
416323,416341,416343,2,18
416323,416341,416344,3,18
416323,416342,416344,2,19
416323,416342,416344,2,19
416323,416342,416344,2,19
416275,416276,416409,133,1
413090,413108,416682,3574,18
416683,416683,416685,2,0
416683,416683,416685,2,0
416683,416683,416685,2,0
416683,416683,416685,2,0
416683,416683,416685,2,0
416683,416683,416685,2,0
416683,416684,416685,1,1
416683,416684,416685,1,1
416683,416683,416686,3,0
416683,416683,416686,3,0
416683,416683,416686,3,0
416683,416683,416686,3,0
416683,416683,416686,3,0
416683,416683,416686,3,0
416683,416683,416686,3,0
416683,416683,416686,3,0
416683,416684,416686,2,1
416683,416683,416686,3,0
416683,416683,416686,3,0
416683,416684,416686,2,1
416683,416686,416687,1,3
416683,416686,416687,1,3
416683,416686,416687,1,3
416683,416686,416687,1,3
416683,416686,416687,1,3
416683,416686,416687,1,3
416683,416686,416687,1,3
416683,416686,416687,1,3
416683,416687,416688,1,4
416683,416687,416689,2,4
416683,416687,416689,2,4
416683,416687,416689,2,4
416683,416687,416689,2,4
416683,416688,416689,1,5
416683,416688,416689,1,5
416683,416687,416689,2,4
416683,416687,416689,2,4
416683,416687,416689,2,4
416683,416687,416689,2,4
416683,416687,416689,2,4
416683,416687,416689,2,4
416683,416687,416689,2,4
416683,416688,416689,1,5
416683,416688,416689,1,5
416683,416688,416689,1,5
416683,416688,416689,1,5
416683,416688,416689,1,5
416683,416688,416689,1,5
416683,416689,416690,1,6
416683,416690,416692,2,7
416683,416690,416691,1,7
416683,416690,416691,1,7
416683,416690,416692,2,7
416683,416690,416691,1,7
416683,416690,416691,1,7
416683,416690,416691,1,7
416683,416690,416691,1,7
416683,416690,416692,2,7
416683,416691,416692,1,8
416683,416690,416692,2,7
416683,416690,416692,2,7
416683,416690,416692,2,7
416683,416690,416692,2,7
416683,416690,416693,3,7
416683,416690,416692,2,7
416683,416690,416692,2,7
416683,416690,416692,2,7
416683,416690,416692,2,7
416683,416690,416692,2,7
416683,416692,416693,1,9
416683,416692,416693,1,9
416683,416692,416694,2,9
416683,416692,416693,1,9
416683,416692,416693,1,9
416683,416692,416693,1,9
416683,416692,416693,1,9
416683,416692,416693,1,9
416683,416692,416693,1,9
416683,416692,416693,1,9
416683,416693,416694,1,10
416683,416693,416695,2,10
416683,416693,416695,2,10
416683,416693,416694,1,10
416683,416693,416694,1,10
416683,416693,416695,2,10
416683,416693,416695,2,10
416683,416694,416695,1,11
416683,416694,416696,2,11
416683,416693,416695,2,10
416683,416693,416695,2,10
416683,416693,416695,2,10
416683,416693,416695,2,10
416683,416694,416696,2,11
416683,416693,416696,3,10
416683,416694,416696,2,11
416683,416694,416695,1,11
416683,416694,416696,2,11
416683,416694,416696,2,11
416683,416694,416696,2,11
416683,416695,416696,1,12
416683,416695,416696,1,12
416683,416695,416697,2,12
416683,416696,416697,1,13
416683,416696,416697,1,13
416683,416696,416698,2,13
416683,416695,416697,2,12
416683,416696,416697,1,13
416683,416696,416698,2,13
416683,416696,416698,2,13
416683,416696,416698,2,13
416683,416695,416697,2,12
416683,416696,416698,2,13
416683,416696,416698,2,13
416683,416696,416698,2,13
416683,416696,416699,3,13
416683,416697,416698,1,14
416683,416697,416698,1,14
416683,416696,416698,2,13
416683,416697,416700,3,14
416683,416698,416699,1,15
416683,416698,416699,1,15
416683,416696,416699,3,13
416683,416696,416699,3,13
416683,416698,416699,1,15
416683,416698,416700,2,15
416683,416698,416700,2,15
416683,416698,416700,2,15
416683,416698,416700,2,15
416683,416698,416700,2,15
416683,416698,416700,2,15
416683,416699,416700,1,16
416683,416700,416702,2,17
416683,416700,416702,2,17
416683,416699,416702,3,16
416683,416700,416702,2,17
416683,416698,416701,3,15
416683,416700,416702,2,17
416683,416700,416702,2,17
416683,416700,416702,2,17
416683,416699,416702,3,16
416683,416700,416702,2,17
416683,416699,416702,3,16
416683,416699,416703,4,16
416683,416700,416703,3,17
416683,416699,416703,4,16
416683,416699,416703,4,16
416683,416700,416703,3,17
416683,416700,416703,3,17
416683,416701,416704,3,18
416683,416701,416704,3,18
411839,411864,416832,4968,25
416833,416833,416835,2,0
416833,416833,416835,2,0
416833,416833,416835,2,0
416833,416833,416835,2,0
416833,416833,416835,2,0
416833,416833,416835,2,0
416833,416833,416835,2,0
416833,416834,416836,2,1
416833,416833,416836,3,0
416833,416833,416836,3,0
416833,416833,416836,3,0
416833,416833,416836,3,0
416833,416833,416836,3,0
416833,416834,416836,2,1
416833,416833,416836,3,0
416833,416833,416836,3,0
416833,416834,416836,2,1
416833,416834,416836,2,1
416833,416833,416836,3,0
416833,416833,416836,3,0
416833,416836,416837,1,3
416833,416836,416837,1,3
416833,416836,416837,1,3
416833,416836,416837,1,3
416833,416836,416837,1,3
416833,416836,416838,2,3
416833,416836,416837,1,3
416833,416836,416837,1,3
416833,416837,416838,1,4
416833,416837,416838,1,4
416833,416837,416838,1,4
416833,416837,416839,2,4
416833,416837,416839,2,4
416833,416838,416839,1,5
416833,416837,416839,2,4
416833,416837,416839,2,4
416833,416837,416839,2,4
416833,416838,416839,1,5
416833,416838,416839,1,5
416833,416838,416839,1,5
416833,416838,416839,1,5
416833,416837,416839,2,4
416833,416837,416839,2,4
416833,416838,416839,1,5
416833,416838,416840,2,5
416833,416838,416839,1,5
416833,416837,416839,2,4
416833,416837,416839,2,4
416833,416839,416841,2,6
416833,416840,416841,1,7
416833,416840,416841,1,7
416833,416840,416842,2,7
416833,416840,416841,1,7
416833,416839,416841,2,6
416833,416839,416841,2,6
416833,416840,416842,2,7
416833,416841,416842,1,8
416833,416840,416842,2,7
416833,416840,416842,2,7
416833,416842,416843,1,9
416833,416840,416842,2,7
416833,416842,416843,1,9
416833,416840,416842,2,7
416833,416840,416843,3,7
416833,416842,416843,1,9
416833,416842,416843,1,9
416833,416840,416842,2,7
416833,416840,416842,2,7
416833,416840,416843,3,7
416833,416842,416843,1,9
416833,416840,416843,3,7
416833,416840,416843,3,7
416833,416842,416843,1,9
416833,416843,416844,1,10
416833,416840,416843,3,7
416833,416840,416843,3,7
416833,416842,416844,2,9
416833,416842,416843,1,9
416833,416843,416844,1,10
416833,416843,416845,2,10
416833,416843,416844,1,10
416833,416843,416845,2,10
416833,416843,416845,2,10
416833,416843,416844,1,10
416833,416844,416845,1,11
416833,416843,416845,2,10
416833,416844,416845,1,11
416833,416844,416845,1,11
416833,416843,416845,2,10
416833,416843,416845,2,10
416833,416843,416846,3,10
416833,416844,416846,2,11
416833,416844,416846,2,11
416833,416844,416846,2,11
416833,416844,416847,3,11
416833,416845,416848,3,12
416833,416844,416847,3,11
416833,416844,416847,3,11
416833,416844,416848,4,11
416833,416845,416848,3,12
416833,416845,416848,3,12
416833,416846,416848,2,13
416833,416845,416848,3,12
416833,416845,416848,3,12
416833,416846,416848,2,13
416833,416846,416848,2,13
416833,416845,416849,4,12
416833,416846,416849,3,13
416833,416847,416849,2,14
416833,416847,416849,2,14
416833,416848,416850,2,15
416833,416846,416850,4,13
416833,416846,416849,3,13
416833,416848,416850,2,15
416833,416848,416850,2,15
416833,416846,416850,4,13
416833,416847,416850,3,14
416833,416848,416851,3,15
416833,416849,416851,2,16
416833,416849,416851,2,16
416833,416849,416851,2,16
416833,416847,416850,3,14
416833,416848,416851,3,15
416833,416849,416851,2,16
416833,416849,416851,2,16
416833,416849,416851,2,16
416833,416850,416852,2,17
416833,416848,416851,3,15
416833,416849,416851,2,16
416833,416849,416852,3,16
416833,416850,416852,2,17
416833,416850,416852,2,17
416833,416851,416853,2,18
416833,416850,416853,3,17
416833,416851,416853,2,18
416833,416852,416854,2,19
416833,416850,416853,3,17
416833,416852,416854,2,19
416833,416851,416854,3,18
416833,416851,416853,2,18
416833,416851,416853,2,18
416833,416851,416854,3,18
416833,416851,416854,3,18
416833,416850,416853,3,17
416833,416852,416855,3,19
416833,416851,416855,4,18
416833,416851,416855,4,18
416833,416852,416855,3,19
416833,416852,416855,3,19
416833,416852,416855,3,19
411987,412009,416921,4912,22
416922,416922,416923,1,0
416922,416922,416924,2,0
416922,416922,416924,2,0
416922,416922,416923,1,0
416922,416922,416924,2,0
416922,416922,416924,2,0
416922,416922,416924,2,0
416922,416922,416924,2,0
416922,416922,416924,2,0
416922,416922,416924,2,0
416922,416922,416924,2,0
416922,416922,416924,2,0
416922,416922,416924,2,0
416922,416922,416924,2,0
416922,416922,416924,2,0
416922,416922,416924,2,0
416922,416922,416925,3,0
416922,416922,416924,2,0
416922,416922,416924,2,0
416922,416922,416924,2,0
416922,416924,416925,1,2
416922,416924,416926,2,2
416922,416924,416926,2,2
416922,416924,416926,2,2
416922,416924,416926,2,2
416922,416924,416926,2,2
416922,416925,416927,2,3
416922,416925,416927,2,3
416922,416924,416926,2,2
416922,416925,416927,2,3
416922,416925,416927,2,3
416922,416925,416927,2,3
416922,416925,416927,2,3
416922,416925,416927,2,3
416922,416925,416927,2,3
416922,416925,416927,2,3
416922,416925,416927,2,3
416922,416925,416927,2,3
416922,416925,416927,2,3
416922,416926,416928,2,4
416922,416926,416928,2,4
416922,416926,416928,2,4
416922,416926,416928,2,4
416922,416926,416928,2,4
416922,416925,416927,2,3
416922,416926,416928,2,4
416922,416927,416929,2,5
416922,416927,416929,2,5
416922,416927,416929,2,5
416922,416927,416929,2,5
416922,416927,416929,2,5
416922,416927,416929,2,5
416922,416928,416929,1,6
416922,416928,416929,1,6
416922,416927,416930,3,5
416922,416928,416930,2,6
416922,416928,416930,2,6
416922,416928,416930,2,6
416922,416928,416930,2,6
416922,416927,416930,3,5
416922,416928,416930,2,6
416922,416928,416930,2,6
416922,416928,416930,2,6
416922,416928,416930,2,6
416922,416928,416930,2,6
416922,416928,416930,2,6
416922,416929,416930,1,7
416922,416930,416931,1,8
416922,416929,416931,2,7
416922,416929,416931,2,7
416922,416929,416931,2,7
416922,416929,416931,2,7
416922,416929,416931,2,7
416922,416930,416932,2,8
416922,416930,416932,2,8
416922,416930,416932,2,8
416922,416930,416932,2,8
416922,416930,416932,2,8
416922,416931,416933,2,9
416922,416930,416932,2,8
416922,416930,416933,3,8
416922,416930,416933,3,8
416922,416930,416933,3,8
416922,416930,416933,3,8
416922,416931,416933,2,9
416922,416931,416933,2,9
416922,416932,416933,1,10
416922,416932,416933,1,10
416922,416931,416933,2,9
416922,416931,416934,3,9
416922,416931,416934,3,9
416922,416932,416934,2,10
416922,416933,416934,1,11
416922,416933,416934,1,11
416922,416932,416934,2,10
416922,416933,416934,1,11
416922,416930,416934,4,8
416922,416933,416934,1,11
416922,416934,416935,1,12
416922,416933,416935,2,11
416922,416934,416936,2,12
416922,416933,416936,3,11
416922,416934,416936,2,12
416922,416934,416936,2,12
416922,416935,416936,1,13
416922,416935,416936,1,13
416922,416935,416937,2,13
416922,416934,416936,2,12
416922,416934,416936,2,12
416922,416934,416936,2,12
416922,416934,416936,2,12
416922,416934,416936,2,12
416922,416935,416937,2,13
416922,416935,416937,2,13
416922,416935,416937,2,13
416922,416935,416937,2,13
416922,416934,416938,4,12
416922,416935,416938,3,13
416922,416936,416938,2,14
416922,416936,416939,3,14
416922,416936,416938,2,14
416922,416937,416939,2,15
416922,416937,416939,2,15
416922,416937,416940,3,15
416922,416937,416940,3,15
416922,416936,416940,4,14
416922,416937,416940,3,15
416922,416937,416940,3,15
416922,416938,416940,2,16
416922,416939,416941,2,17
416922,416937,416940,3,15
416922,416937,416941,4,15
416922,416937,416940,3,15
416922,416937,416941,4,15
416922,416937,416940,3,15
416922,416939,416941,2,17
416922,416939,416941,2,17
416922,416938,416941,3,16
416922,416940,416941,1,18
416922,416939,416941,2,17
416922,416940,416942,2,18
416922,416938,416941,3,16
416922,416939,416941,2,17
416922,416940,416941,1,18
416922,416940,416942,2,18
416528,416528,416942,414,0
416922,416941,416943,2,19
416922,416941,416943,2,19
416922,416941,416943,2,19
416922,416941,416943,2,19
412063,412088,417127,5039,25
417128,417128,417130,2,0
417128,417128,417130,2,0
417128,417128,417130,2,0
417128,417128,417130,2,0
417128,417128,417130,2,0
417128,417128,417130,2,0
417128,417128,417130,2,0
417128,417128,417130,2,0
417128,417128,417130,2,0
417128,417128,417130,2,0
417128,417128,417131,3,0
417128,417128,417130,2,0
417128,417128,417131,3,0
417128,417128,417130,2,0
417128,417128,417130,2,0
417128,417128,417131,3,0
417128,417128,417131,3,0
417128,417128,417130,2,0
417128,417128,417131,3,0
417128,417128,417131,3,0
417128,417130,417132,2,2
417128,417130,417131,1,2
417128,417130,417132,2,2
417128,417130,417132,2,2
417128,417130,417132,2,2
417128,417130,417132,2,2
417128,417130,417132,2,2
417128,417130,417132,2,2
417128,417130,417132,2,2
417128,417131,417133,2,3
417128,417131,417133,2,3
417128,417131,417133,2,3
417128,417131,417133,2,3
417128,417131,417133,2,3
417128,417131,417133,2,3
417128,417131,417133,2,3
417128,417132,417134,2,4
417128,417131,417134,3,3
417128,417132,417133,1,4
417128,417131,417133,2,3
417128,417132,417134,2,4
417128,417132,417134,2,4
417128,417132,417133,1,4
417128,417132,417134,2,4
417128,417132,417134,2,4
417128,417132,417134,2,4
417128,417131,417134,3,3
417128,417131,417133,2,3
417128,417132,417134,2,4
417128,417133,417135,2,5
417128,417133,417135,2,5
417128,417133,417135,2,5
417128,417133,417135,2,5
417128,417134,417135,1,6
417128,417134,417135,1,6
417128,417133,417136,3,5
417128,417134,417136,2,6
417128,417133,417136,3,5
417128,417134,417135,1,6
417128,417134,417136,2,6
417128,417134,417136,2,6
417128,417134,417136,2,6
417128,417134,417136,2,6
417128,417134,417136,2,6
417128,417134,417136,2,6
417128,417135,417136,1,7
417128,417135,417136,1,7
417128,417136,417137,1,8
417128,417134,417137,3,6
417128,417136,417137,1,8
417128,417135,417137,2,7
417128,417136,417137,1,8
417128,417136,417137,1,8
417128,417136,417137,1,8
417128,417136,417138,2,8
417128,417136,417138,2,8
417128,417136,417137,1,8
417128,417136,417138,2,8
417128,417136,417138,2,8
417128,417136,417138,2,8
417128,417137,417138,1,9
417128,417137,417138,1,9
417128,417137,417139,2,9
417128,417137,417139,2,9
417128,417137,417139,2,9
417128,417137,417139,2,9
417128,417137,417139,2,9
417128,417137,417139,2,9
417128,417138,417139,1,10
417128,417138,417140,2,10
417128,417138,417140,2,10
417128,417138,417140,2,10
417128,417138,417140,2,10
417128,417137,417139,2,9
417128,417139,417140,1,11
417128,417139,417140,1,11
417128,417139,417140,1,11
417128,417139,417140,1,11
417128,417139,417141,2,11
417128,417138,417140,2,10
417128,417138,417140,2,10
417128,417139,417141,2,11
417128,417138,417141,3,10
417128,417138,417141,3,10
417128,417139,417141,2,11
417128,417141,417143,2,13
417128,417141,417142,1,13
417128,417140,417142,2,12
417128,417140,417142,2,12
417128,417140,417142,2,12
417128,417140,417142,2,12
417128,417140,417142,2,12
417128,417140,417142,2,12
417128,417141,417143,2,13
417128,417141,417143,2,13
417128,417141,417143,2,13
417128,417141,417143,2,13
417128,417141,417143,2,13
417128,417141,417143,2,13
417128,417141,417143,2,13
417128,417141,417143,2,13
417128,417140,417144,4,12
417128,417142,417144,2,14
417128,417142,417144,2,14
417128,417143,417144,1,15
417128,417143,417144,1,15
417128,417142,417145,3,14
417128,417143,417145,2,15
417128,417144,417145,1,16
417128,417144,417145,1,16
417128,417143,417145,2,15
417128,417143,417146,3,15
417128,417143,417145,2,15
417128,417143,417145,2,15
417128,417143,417145,2,15
417128,417143,417145,2,15
417128,417144,417146,2,16
417128,417145,417146,1,17
417128,417145,417147,2,17
417128,417144,417146,2,16
417128,417143,417146,3,15
417128,417144,417146,2,16
417128,417145,417147,2,17
417128,417145,417147,2,17
417128,417146,417147,1,18
417128,417144,417147,3,16
417128,417145,417147,2,17
417128,417146,417148,2,18
417128,417145,417148,3,17
413947,413967,417513,3546,20
417514,417514,417515,1,0
417514,417514,417515,1,0
417514,417514,417515,1,0
417514,417514,417516,2,0
417514,417514,417516,2,0
417514,417514,417515,1,0
417514,417514,417516,2,0
417514,417514,417516,2,0
417514,417514,417516,2,0
417514,417514,417516,2,0
417514,417514,417516,2,0
417514,417514,417516,2,0
417514,417514,417516,2,0
417514,417514,417516,2,0
417514,417514,417516,2,0
417514,417514,417516,2,0
417514,417514,417516,2,0
417514,417514,417516,2,0
417514,417514,417516,2,0
417514,417514,417516,2,0
417514,417516,417517,1,2
417514,417516,417517,1,2
417514,417516,417518,2,2
417514,417516,417517,1,2
417514,417516,417517,1,2
417514,417516,417517,1,2
417514,417517,417519,2,3
417514,417517,417519,2,3
417514,417517,417519,2,3
417514,417517,417519,2,3
417514,417517,417519,2,3
417514,417517,417519,2,3
417514,417518,417519,1,4
417514,417517,417519,2,3
417514,417517,417519,2,3
417514,417517,417519,2,3
417514,417518,417519,1,4
417514,417518,417519,1,4
417514,417517,417519,2,3
417514,417518,417519,1,4
417514,417518,417519,1,4
417514,417518,417520,2,4
417514,417517,417519,2,3
417514,417517,417520,3,3
417514,417517,417519,2,3
417514,417517,417519,2,3
417514,417520,417521,1,6
417514,417520,417521,1,6
417514,417519,417521,2,5
417514,417519,417521,2,5
417514,417519,417521,2,5
417514,417519,417521,2,5
417514,417519,417521,2,5
417514,417521,417522,1,7
417514,417520,417522,2,6
417514,417520,417522,2,6
417514,417520,417521,1,6
417514,417520,417521,1,6
417514,417519,417521,2,5
417514,417520,417522,2,6
417514,417520,417522,2,6
417514,417520,417522,2,6
417514,417520,417522,2,6
417514,417520,417522,2,6
417514,417520,417521,1,6
417514,417520,417522,2,6
417514,417520,417522,2,6
417514,417522,417523,1,8
417514,417521,417522,1,7
417514,417522,417523,1,8
417514,417521,417523,2,7
417514,417521,417523,2,7
417514,417521,417523,2,7
417514,417521,417523,2,7
417514,417523,417524,1,9
417514,417521,417523,2,7
417514,417522,417524,2,8
417514,417522,417523,1,8
417514,417522,417524,2,8
417514,417522,417524,2,8
417514,417522,417524,2,8
417514,417522,417524,2,8
417514,417522,417523,1,8
417514,417522,417524,2,8
417514,417522,417524,2,8
417514,417522,417524,2,8
417514,417522,417524,2,8
417514,417522,417524,2,8
417514,417523,417524,1,9
417514,417523,417524,1,9
417514,417523,417525,2,9
417514,417523,417525,2,9
417514,417524,417525,1,10
417514,417524,417526,2,10
417514,417524,417526,2,10
417514,417524,417526,2,10
417514,417523,417525,2,9
417514,417524,417526,2,10
417514,417523,417526,3,9
417514,417524,417526,2,10
417514,417524,417526,2,10
417514,417524,417527,3,10
417514,417524,417527,3,10
417514,417525,417527,2,11
417514,417525,417527,2,11
417514,417524,417527,3,10
417514,417524,417527,3,10
417514,417524,417527,3,10
417514,417526,417528,2,12
417514,417525,417527,2,11
417514,417525,417528,3,11
417514,417526,417528,2,12
417514,417526,417528,2,12
417514,417526,417528,2,12
417514,417525,417527,2,11
417514,417525,417528,3,11
417514,417526,417528,2,12
417514,417527,417529,2,13
417514,417527,417529,2,13
417514,417526,417529,3,12
417514,417526,417529,3,12
417514,417526,417529,3,12
417514,417526,417529,3,12
417514,417528,417530,2,14
417514,417527,417530,3,13
417514,417527,417530,3,13
417514,417528,417530,2,14
417514,417528,417530,2,14
417514,417527,417530,3,13
417514,417527,417530,3,13
417514,417527,417530,3,13
417514,417528,417530,2,14
417514,417529,417531,2,15
417514,417529,417530,1,15
417514,417528,417531,3,14
417514,417528,417531,3,14
417514,417529,417530,1,15
417514,417529,417531,2,15
417514,417528,417531,3,14
417514,417530,417531,1,16
417514,417530,417531,1,16
417514,417530,417532,2,16
417514,417530,417532,2,16
417514,417530,417532,2,16
417514,417530,417532,2,16
417514,417530,417532,2,16
417514,417530,417532,2,16
417514,417530,417533,3,16
417514,417530,417535,5,16
417514,417530,417535,5,16
414266,414288,417773,3485,22
417774,417774,417775,1,0
417774,417774,417775,1,0
417774,417774,417775,1,0
417774,417774,417776,2,0
417774,417774,417776,2,0
417774,417774,417776,2,0
417774,417774,417776,2,0
417774,417774,417776,2,0
417774,417774,417777,3,0
417774,417774,417776,2,0
417774,417774,417776,2,0
417774,417774,417776,2,0
417774,417774,417776,2,0
417774,417774,417776,2,0
417774,417774,417776,2,0
417774,417774,417776,2,0
417774,417774,417776,2,0
417774,417774,417776,2,0
417774,417774,417776,2,0
417774,417774,417776,2,0
417774,417776,417778,2,2
417774,417776,417777,1,2
417774,417776,417777,1,2
417774,417776,417777,1,2
417774,417776,417778,2,2
417774,417776,417778,2,2
417774,417776,417778,2,2
417774,417776,417778,2,2
417774,417777,417779,2,3
417774,417777,417779,2,3
417774,417777,417779,2,3
417774,417777,417779,2,3
417774,417777,417779,2,3
417774,417777,417779,2,3
417774,417778,417779,1,4
417774,417778,417779,1,4
417774,417778,417780,2,4
417774,417778,417779,1,4
417774,417777,417779,2,3
417774,417778,417780,2,4
417774,417778,417780,2,4
417774,417778,417780,2,4
417774,417777,417779,2,3
417774,417778,417780,2,4
417774,417777,417780,3,3
417774,417777,417779,2,3
417774,417777,417780,3,3
417774,417777,417779,2,3
417774,417780,417781,1,6
417774,417780,417781,1,6
417774,417779,417781,2,5
417774,417780,417781,1,6
417774,417780,417781,1,6
417774,417779,417781,2,5
417774,417779,417781,2,5
417774,417779,417781,2,5
417774,417779,417781,2,5
417774,417781,417782,1,7
417774,417781,417782,1,7
417774,417780,417782,2,6
417774,417780,417782,2,6
417774,417780,417782,2,6
417774,417780,417781,1,6
417774,417780,417781,1,6
417774,417780,417782,2,6
417774,417781,417782,1,7
417774,417781,417782,1,7
417774,417779,417782,3,5
417774,417780,417782,2,6
417774,417780,417782,2,6
417774,417780,417782,2,6
417774,417780,417782,2,6
417774,417781,417783,2,7
417774,417781,417783,2,7
417774,417781,417783,2,7
417774,417781,417783,2,7
417774,417781,417783,2,7
417774,417782,417783,1,8
417774,417782,417783,1,8
417774,417782,417784,2,8
417774,417782,417783,1,8
417774,417782,417783,1,8
417774,417782,417784,2,8
417774,417782,417784,2,8
417774,417782,417784,2,8
417774,417782,417784,2,8
417774,417784,417785,1,10
417774,417782,417784,2,8
417774,417782,417785,3,8
417774,417783,417785,2,9
417774,417782,417784,2,8
417774,417782,417785,3,8
417774,417782,417785,3,8
417774,417783,417785,2,9
417774,417782,417785,3,8
417774,417784,417786,2,10
417774,417784,417785,1,10
417774,417784,417785,1,10
417774,417784,417786,2,10
417774,417784,417786,2,10
417774,417783,417786,3,9
417774,417784,417786,2,10
417774,417784,417786,2,10
417774,417784,417786,2,10
417774,417785,417786,1,11
417774,417785,417787,2,11
417774,417784,417787,3,10
417774,417786,417788,2,12
417774,417785,417788,3,11
417774,417785,417788,3,11
417774,417785,417788,3,11
417774,417785,417788,3,11
417774,417786,417788,2,12
417774,417787,417788,1,13
417774,417787,417788,1,13
417774,417787,417788,1,13
417774,417786,417788,2,12
417774,417786,417788,2,12
417774,417786,417788,2,12
417774,417786,417788,2,12
417774,417786,417788,2,12
417774,417786,417788,2,12
417774,417787,417789,2,13
417774,417787,417789,2,13
417774,417786,417789,3,12
417774,417787,417789,2,13
417774,417788,417790,2,14
417774,417787,417790,3,13
417774,417789,417791,2,15
417774,417789,417790,1,15
417774,417789,417790,1,15
417774,417789,417790,1,15
417774,417789,417790,1,15
417774,417789,417790,1,15
417774,417788,417791,3,14
417774,417788,417791,3,14
417774,417788,417791,3,14
417774,417790,417791,1,16
417774,417789,417791,2,15
417774,417789,417791,2,15
417774,417789,417791,2,15
417774,417789,417791,2,15
417774,417789,417792,3,15
417774,417789,417791,2,15
417774,417789,417791,2,15
417774,417790,417792,2,16
417774,417790,417792,2,16
417774,417791,417793,2,17
417774,417791,417793,2,17
417774,417791,417795,4,17
414335,414352,417963,3611,17
417964,417964,417966,2,0
417964,417964,417966,2,0
417964,417964,417966,2,0
417964,417964,417966,2,0
417964,417964,417966,2,0
417964,417964,417966,2,0
417964,417964,417966,2,0
417964,417964,417967,3,0
417964,417964,417967,3,0
417964,417964,417967,3,0
417964,417964,417967,3,0
417964,417964,417967,3,0
417964,417964,417967,3,0
417964,417964,417967,3,0
417964,417964,417967,3,0
417964,417964,417967,3,0
417964,417964,417967,3,0
417964,417964,417967,3,0
417964,417966,417968,2,2
417964,417966,417968,2,2
417964,417966,417968,2,2
417964,417966,417968,2,2
417964,417965,417968,3,1
417964,417966,417968,2,2
417964,417966,417968,2,2
417964,417967,417968,1,3
417964,417965,417968,3,1
417964,417968,417970,2,4
417964,417968,417970,2,4
417964,417967,417970,3,3
417964,417967,417970,3,3
417964,417967,417971,4,3
417964,417968,417970,2,4
417964,417968,417970,2,4
417964,417968,417970,2,4
417964,417969,417970,1,5
417964,417969,417970,1,5
417964,417969,417970,1,5
417964,417969,417970,1,5
417964,417969,417970,1,5
417964,417968,417970,2,4
417964,417968,417970,2,4
417964,417968,417970,2,4
417964,417968,417970,2,4
417964,417967,417971,4,3
417964,417969,417971,2,5
417964,417969,417971,2,5
417964,417970,417972,2,6
417964,417971,417972,1,7
417964,417971,417972,1,7
417964,417971,417972,1,7
417964,417971,417972,1,7
417964,417971,417972,1,7
417964,417971,417972,1,7
417964,417971,417973,2,7
417964,417972,417973,1,8
417964,417971,417973,2,7
417964,417971,417973,2,7
417964,417971,417973,2,7
417964,417971,417973,2,7
417964,417971,417973,2,7
417964,417972,417974,2,8
417964,417971,417973,2,7
417964,417971,417973,2,7
417964,417971,417973,2,7
417964,417971,417973,2,7
417964,417973,417974,1,9
417964,417973,417974,1,9
417964,417973,417974,1,9
417964,417973,417974,1,9
417964,417972,417974,2,8
417964,417973,417975,2,9
417964,417973,417975,2,9
417964,417973,417974,1,9
417964,417974,417975,1,10
417964,417974,417975,1,10
417964,417974,417975,1,10
417964,417974,417975,1,10
417964,417975,417976,1,11
417964,417974,417976,2,10
417964,417974,417976,2,10
417964,417974,417976,2,10
417964,417975,417976,1,11
417964,417975,417976,1,11
417964,417974,417976,2,10
417964,417974,417976,2,10
417964,417974,417976,2,10
417964,417975,417976,1,11
417964,417975,417976,1,11
417964,417975,417976,1,11
417964,417975,417976,1,11
417964,417974,417976,2,10
417964,417976,417977,1,12
417964,417976,417977,1,12
417964,417974,417977,3,10
417964,417975,417977,2,11
417964,417976,417978,2,12
417964,417976,417978,2,12
417964,417977,417978,1,13
417964,417977,417978,1,13
417964,417977,417978,1,13
417964,417976,417978,2,12
417964,417976,417979,3,12
417964,417977,417978,1,13
417964,417977,417979,2,13
417964,417976,417978,2,12
417964,417976,417978,2,12
417964,417977,417979,2,13
417964,417977,417979,2,13
417964,417977,417979,2,13
417964,417978,417979,1,14
417964,417977,417979,2,13
417964,417977,417980,3,13
417964,417979,417980,1,15
417964,417979,417980,1,15
417964,417978,417980,2,14
417964,417979,417980,1,15
417964,417978,417980,2,14
417964,417979,417981,2,15
417964,417979,417981,2,15
417964,417979,417981,2,15
417964,417978,417980,2,14
417964,417979,417981,2,15
417964,417980,417981,1,16
417964,417978,417982,4,14
417964,417978,417981,3,14
417964,417979,417981,2,15
417964,417980,417982,2,16
417964,417979,417981,2,15
417964,417981,417982,1,17
417964,417981,417982,1,17
417964,417980,417982,2,16
417964,417980,417982,2,16
417964,417980,417983,3,16
417964,417981,417982,1,17
417964,417981,417983,2,17
417964,417981,417982,1,17
417964,417981,417983,2,17
417964,417980,417983,3,16
417964,417981,417983,2,17
417964,417982,417983,1,18
417964,417981,417983,2,17
417964,417982,417984,2,18
417964,417981,417983,2,17
417964,417981,417984,3,17
417964,417983,417984,1,19
417964,417982,417985,3,18
417964,417982,417984,2,18
417964,417982,417985,3,18
417964,417982,417985,3,18
414895,414919,418336,3417,24
418338,418338,418340,2,0
418338,418338,418340,2,0
418338,418338,418340,2,0
418338,418338,418340,2,0
418338,418338,418340,2,0
418338,418338,418340,2,0
418338,418338,418340,2,0
418338,418338,418339,1,0
418338,418338,418340,2,0
418338,418338,418340,2,0
418338,418338,418340,2,0
418338,418338,418340,2,0
418338,418338,418341,3,0
418338,418338,418341,3,0
418338,418338,418341,3,0
418338,418338,418341,3,0
418338,418338,418341,3,0
418338,418338,418340,2,0
418338,418338,418341,3,0
418338,418338,418341,3,0
418338,418340,418342,2,2
418338,418340,418342,2,2
418338,418340,418342,2,2
418338,418340,418342,2,2
418338,418340,418342,2,2
418338,418340,418342,2,2
418338,418340,418342,2,2
418338,418340,418342,2,2
418338,418340,418342,2,2
418338,418341,418343,2,3
418338,418341,418343,2,3
418338,418341,418343,2,3
418338,418342,418343,1,4
418338,418342,418344,2,4
418338,418341,418343,2,3
418338,418341,418343,2,3
418338,418341,418343,2,3
418338,418341,418343,2,3
418338,418341,418343,2,3
418338,418342,418344,2,4
418338,418342,418343,1,4
418338,418342,418344,2,4
418338,418342,418344,2,4
418338,418342,418344,2,4
418338,418342,418344,2,4
418338,418341,418343,2,3
418338,418341,418343,2,3
418338,418341,418344,3,3
418338,418343,418345,2,5
418338,418343,418345,2,5
418338,418344,418345,1,6
418338,418344,418346,2,6
418338,418344,418346,2,6
418338,418344,418346,2,6
418338,418344,418346,2,6
418338,418344,418346,2,6
418338,418344,418346,2,6
418338,418344,418346,2,6
418338,418344,418346,2,6
418338,418345,418346,1,7
418338,418344,418346,2,6
418338,418344,418346,2,6
418338,418344,418347,3,6
418338,418345,418347,2,7
418338,418345,418347,2,7
418338,418344,418347,3,6
418338,418344,418347,3,6
418338,418344,418346,2,6
418338,418346,418347,1,8
418338,418346,418347,1,8
418338,418344,418347,3,6
418338,418344,418347,3,6
418338,418344,418347,3,6
418338,418346,418347,1,8
418338,418346,418348,2,8
418338,418346,418348,2,8
418338,418346,418348,2,8
418338,418346,418348,2,8
418338,418346,418348,2,8
418338,418346,418348,2,8
418338,418346,418348,2,8
418338,418346,418348,2,8
418338,418347,418349,2,9
418338,418347,418349,2,9
418338,418347,418349,2,9
418338,418347,418349,2,9
418338,418348,418349,1,10
418338,418348,418349,1,10
418338,418348,418349,1,10
418338,418348,418349,1,10
418338,418347,418350,3,9
418338,418349,418350,1,11
418338,418349,418350,1,11
418338,418349,418350,1,11
418338,418348,418350,2,10
418338,418348,418350,2,10
418338,418348,418350,2,10
418338,418348,418350,2,10
418338,418349,418351,2,11
418338,418348,418350,2,10
418338,418349,418351,2,11
418338,418348,418351,3,10
418338,418350,418351,1,12
418338,418350,418351,1,12
418338,418350,418351,1,12
418338,418350,418351,1,12
418338,418349,418351,2,11
418338,418350,418351,1,12
418338,418349,418352,3,11
418338,418349,418352,3,11
418338,418351,418352,1,13
418338,418351,418352,1,13
418338,418351,418352,1,13
418338,418351,418353,2,13
418338,418351,418353,2,13
418338,418352,418353,1,14
418338,418351,418353,2,13
418338,418352,418353,1,14
418338,418352,418353,1,14
418338,418352,418353,1,14
418338,418352,418353,1,14
418338,418351,418353,2,13
418338,418351,418354,3,13
418338,418351,418354,3,13
418338,418353,418354,1,15
418338,418353,418354,1,15
418338,418353,418354,1,15
418338,418351,418354,3,13
418338,418351,418354,3,13
418338,418352,418354,2,14
418338,418352,418354,2,14
418338,418353,418355,2,15
418338,418352,418355,3,14
418338,418352,418354,2,14
418338,418354,418355,1,16
418338,418354,418356,2,16
418338,418354,418355,1,16
418338,418354,418355,1,16
418338,418354,418356,2,16
418338,418354,418356,2,16
418338,418354,418356,2,16
418338,418355,418356,1,17
418338,418355,418356,1,17
418338,418355,418357,2,17
418338,418354,418356,2,16
418338,418355,418357,2,17
418338,418355,418357,2,17
418338,418355,418357,2,17
418338,418355,418357,2,17
418338,418355,418359,4,17
414859,414880,418392,3512,21
418394,418394,418396,2,0
418394,418394,418396,2,0
418394,418394,418396,2,0
418394,418394,418396,2,0
418394,418394,418396,2,0
418394,418394,418396,2,0
418394,418394,418396,2,0
418394,418394,418396,2,0
418394,418394,418396,2,0
418394,418394,418396,2,0
418394,418394,418397,3,0
418394,418394,418397,3,0
418394,418394,418397,3,0
418394,418394,418396,2,0
418394,418394,418397,3,0
418394,418394,418397,3,0
418394,418394,418397,3,0
418394,418396,418398,2,2
418394,418396,418398,2,2
418394,418396,418398,2,2
418394,418396,418398,2,2
418394,418396,418398,2,2
418394,418396,418397,1,2
418394,418396,418398,2,2
418394,418396,418398,2,2
418394,418397,418399,2,3
418394,418394,418399,5,0
418394,418397,418400,3,3
418394,418397,418400,3,3
418394,418397,418400,3,3
418394,418397,418400,3,3
418394,418397,418400,3,3
418394,418398,418400,2,4
418394,418398,418400,2,4
418394,418397,418400,3,3
418394,418397,418400,3,3
418394,418397,418400,3,3
418394,418398,418400,2,4
418394,418398,418400,2,4
418394,418398,418400,2,4
418394,418398,418400,2,4
418394,418398,418400,2,4
418394,418398,418400,2,4
418394,418394,418400,6,0
418394,418399,418401,2,5
418394,418394,418401,7,0
418394,418400,418402,2,6
418394,418400,418402,2,6
418394,418400,418402,2,6
418394,418400,418402,2,6
418394,418400,418402,2,6
418394,418401,418402,1,7
418394,418401,418402,1,7
418394,418401,418402,1,7
418394,418401,418402,1,7
418394,418401,418402,1,7
418394,418401,418403,2,7
418394,418400,418403,3,6
418394,418401,418403,2,7
418394,418400,418402,2,6
418394,418402,418403,1,8
418394,418401,418403,2,7
418394,418401,418403,2,7
418394,418403,418404,1,9
418394,418403,418404,1,9
418394,418403,418404,1,9
418394,418403,418404,1,9
418394,418403,418404,1,9
418394,418401,418403,2,7
418394,418402,418404,2,8
418394,418402,418404,2,8
418394,418403,418404,1,9
418394,418403,418404,1,9
418394,418402,418404,2,8
418394,418403,418405,2,9
418394,418402,418405,3,8
418394,418404,418405,1,10
418394,418404,418405,1,10
418394,418404,418405,1,10
418394,418404,418405,1,10
418394,418404,418405,1,10
418394,418404,418405,1,10
418394,418404,418405,1,10
418394,418404,418405,1,10
418394,418405,418406,1,11
418394,418405,418406,1,11
418394,418404,418406,2,10
418394,418405,418406,1,11
418394,418404,418406,2,10
418394,418404,418406,2,10
418394,418404,418406,2,10
418394,418404,418406,2,10
418394,418406,418408,2,12
418394,418406,418407,1,12
418394,418405,418407,2,11
418394,418406,418407,1,12
418394,418406,418407,1,12
418394,418406,418407,1,12
418394,418406,418407,1,12
418394,418406,418407,1,12
418394,418406,418407,1,12
418394,418405,418407,2,11
418394,418406,418408,2,12
418394,418406,418408,2,12
418394,418407,418408,1,13
418394,418407,418409,2,13
418394,418407,418410,3,13
418394,418407,418409,2,13
418394,418408,418409,1,14
418394,418407,418409,2,13
418394,418407,418410,3,13
418394,418408,418409,1,14
418394,418408,418409,1,14
418394,418408,418409,1,14
418394,418408,418409,1,14
418394,418408,418409,1,14
418394,418408,418410,2,14
418394,418407,418410,3,13
418394,418407,418410,3,13
418394,418409,418411,2,15
418394,418408,418410,2,14
418394,418409,418410,1,15
418394,418408,418410,2,14
418394,418409,418411,2,15
418394,418410,418411,1,16
418394,418410,418411,1,16
418394,418410,418411,1,16
418394,418410,418412,2,16
418394,418410,418411,1,16
418394,418410,418412,2,16
418394,418410,418412,2,16
418394,418408,418412,4,14
418394,418410,418412,2,16
418394,418410,418412,2,16
418394,418411,418412,1,17
418394,418410,418413,3,16
418394,418410,418413,3,16
418394,418411,418413,2,17
418394,418410,418413,3,16
418394,418410,418413,3,16
418394,418411,418414,3,17
418394,418411,418413,2,17
418394,418410,418413,3,16
418394,418412,418414,2,18
413522,413540,418605,5065,18
418607,418607,418609,2,0
418607,418607,418609,2,0
418607,418607,418609,2,0
418607,418607,418609,2,0
418607,418607,418609,2,0
418607,418607,418609,2,0
418607,418607,418609,2,0
418607,418607,418609,2,0
418607,418607,418609,2,0
418607,418607,418609,2,0
418607,418607,418610,3,0
418607,418607,418610,3,0
418607,418607,418610,3,0
418607,418607,418610,3,0
418607,418607,418610,3,0
418607,418607,418610,3,0
418607,418607,418610,3,0
418607,418607,418609,2,0
418607,418607,418610,3,0
418607,418607,418610,3,0
418607,418609,418611,2,2
418607,418609,418611,2,2
418607,418609,418611,2,2
418607,418609,418611,2,2
418607,418609,418611,2,2
418607,418609,418611,2,2
418607,418609,418611,2,2
418607,418609,418611,2,2
418607,418609,418611,2,2
418607,418609,418611,2,2
418607,418610,418612,2,3
418607,418610,418612,2,3
418607,418610,418612,2,3
418607,418610,418612,2,3
418607,418611,418613,2,4
418607,418610,418613,3,3
418607,418610,418612,2,3
418607,418610,418612,2,3
418607,418610,418613,3,3
418607,418610,418612,2,3
418607,418610,418613,3,3
418607,418611,418613,2,4
418607,418611,418613,2,4
418607,418611,418613,2,4
418607,418611,418613,2,4
418607,418611,418613,2,4
418607,418611,418613,2,4
418607,418611,418613,2,4
418607,418611,418613,2,4
418607,418611,418613,2,4
418607,418612,418614,2,5
418607,418612,418614,2,5
418607,418612,418614,2,5
418607,418613,418614,1,6
418607,418612,418614,2,5
418607,418613,418615,2,6
418607,418613,418615,2,6
418607,418613,418615,2,6
418607,418613,418615,2,6
418607,418613,418615,2,6
418607,418613,418615,2,6
418607,418614,418615,1,7
418607,418614,418615,1,7
418607,418613,418616,3,6
418607,418614,418616,2,7
418607,418614,418616,2,7
418607,418613,418616,3,6
418607,418613,418616,3,6
418607,418613,418616,3,6
418607,418613,418616,3,6
418607,418613,418615,2,6
418607,418616,418617,1,9
418607,418614,418616,2,7
418607,418615,418616,1,8
418607,418614,418616,2,7
418607,418615,418617,2,8
418607,418616,418617,1,9
418607,418616,418617,1,9
418607,418616,418617,1,9
418607,418616,418617,1,9
418607,418616,418617,1,9
418607,418616,418617,1,9
418607,418617,418618,1,10
418607,418617,418619,2,10
418607,418617,418619,2,10
418607,418616,418619,3,9
418607,418616,418619,3,9
418607,418617,418619,2,10
418607,418617,418619,2,10
418607,418617,418619,2,10
418607,418617,418619,2,10
418607,418617,418619,2,10
418607,418618,418619,1,11
418607,418618,418619,1,11
418607,418617,418619,2,10
418607,418618,418619,1,11
418607,418618,418619,1,11
418607,418618,418620,2,11
418607,418618,418620,2,11
418607,418616,418620,4,9
418607,418617,418620,3,10
418607,418618,418620,2,11
418607,418619,418620,1,12
418607,418619,418621,2,12
418607,418619,418621,2,12
418607,418620,418622,2,13
418607,418620,418621,1,13
418607,418620,418622,2,13
418607,418620,418621,1,13
418607,418620,418621,1,13
418607,418620,418622,2,13
418607,418619,418622,3,12
418607,418620,418622,2,13
418607,418620,418622,2,13
418607,418620,418622,2,13
418607,418620,418622,2,13
418607,418620,418622,2,13
418607,418620,418622,2,13
418607,418621,418622,1,14
418607,418620,418622,2,13
418607,418621,418623,2,14
418607,418620,418623,3,13
418607,418621,418623,2,14
418607,418622,418623,1,15
418607,418622,418623,1,15
418607,418622,418623,1,15
418607,418622,418623,1,15
418607,418622,418623,1,15
418607,418621,418623,2,14
418607,418621,418624,3,14
418607,418623,418625,2,16
418607,418622,418624,2,15
418607,418624,418625,1,17
418607,418623,418625,2,16
418607,418623,418625,2,16
418607,418623,418625,2,16
418607,418623,418625,2,16
418607,418623,418625,2,16
418607,418623,418626,3,16
418607,418623,418626,3,16
418607,418624,418625,1,17
418607,418624,418625,1,17
418607,418624,418626,2,17
418607,418624,418626,2,17
418607,418624,418626,2,17
418607,418623,418625,2,16
418607,418624,418626,2,17
418607,418624,418626,2,17
418607,418624,418626,2,17
413887,413903,418893,4990,16
418893,418893,418895,2,0
418893,418893,418895,2,0
418893,418893,418895,2,0
418893,418893,418895,2,0
418893,418893,418895,2,0
418893,418893,418895,2,0
418893,418893,418895,2,0
418893,418893,418895,2,0
418893,418894,418896,2,1
418893,418894,418896,2,1
418893,418893,418896,3,0
418893,418893,418896,3,0
418893,418893,418896,3,0
418893,418893,418896,3,0
418893,418893,418896,3,0
418893,418893,418896,3,0
418893,418893,418895,2,0
418893,418893,418896,3,0
418893,418893,418896,3,0
418893,418895,418897,2,2
418893,418895,418897,2,2
418893,418895,418897,2,2
418893,418895,418897,2,2
418893,418895,418897,2,2
418893,418895,418897,2,2
418893,418895,418897,2,2
418893,418893,418896,3,0
418893,418896,418898,2,3
418893,418896,418898,2,3
418893,418895,418898,3,2
418893,418896,418898,2,3
418893,418897,418898,1,4
418893,418896,418898,2,3
418893,418896,418898,2,3
418893,418896,418898,2,3
418893,418896,418898,2,3
418893,418897,418899,2,4
418893,418898,418899,1,5
418893,418898,418899,1,5
418893,418898,418899,1,5
418893,418898,418899,1,5
418893,418898,418899,1,5
418893,418898,418899,1,5
418893,418896,418899,3,3
418893,418896,418899,3,3
418893,418896,418899,3,3
418893,418898,418900,2,5
418893,418898,418900,2,5
418893,418898,418900,2,5
418893,418899,418900,1,6
418893,418899,418900,1,6
418893,418899,418900,1,6
418893,418899,418900,1,6
418893,418898,418900,2,5
418893,418898,418901,3,5
418893,418900,418901,1,7
418893,418900,418901,1,7
418893,418900,418901,1,7
418893,418900,418901,1,7
418893,418900,418901,1,7
418893,418900,418901,1,7
418893,418900,418901,1,7
418893,418900,418901,1,7
418893,418900,418901,1,7
418893,418899,418901,2,6
418893,418900,418902,2,7
418893,418900,418902,2,7
418893,418901,418902,1,8
418893,418901,418902,1,8
418893,418901,418902,1,8
418893,418901,418902,1,8
418893,418901,418902,1,8
418893,418901,418903,2,8
418893,418902,418903,1,9
418893,418902,418903,1,9
418893,418901,418903,2,8
418893,418902,418903,1,9
418893,418902,418903,1,9
418893,418902,418903,1,9
418893,418902,418903,1,9
418893,418902,418903,1,9
418893,418902,418903,1,9
418893,418902,418904,2,9
418893,418902,418903,1,9
418893,418902,418904,2,9
418893,418903,418904,1,10
418893,418903,418904,1,10
418893,418903,418904,1,10
418893,418903,418905,2,10
418893,418903,418905,2,10
418893,418903,418905,2,10
418893,418902,418904,2,9
418893,418904,418906,2,11
418893,418904,418905,1,11
418893,418904,418905,1,11
418893,418904,418905,1,11
418893,418904,418905,1,11
418893,418904,418906,2,11
418893,418904,418906,2,11
418893,418904,418905,1,11
418893,418903,418905,2,10
418893,418904,418906,2,11
418893,418904,418906,2,11
418893,418905,418907,2,12
418893,418904,418906,2,11
418893,418904,418906,2,11
418893,418905,418907,2,12
418893,418906,418907,1,13
418893,418906,418908,2,13
418893,418906,418907,1,13
418893,418906,418907,1,13
418893,418906,418908,2,13
418893,418906,418908,2,13
418893,418905,418907,2,12
418893,418905,418907,2,12
418893,418906,418908,2,13
418893,418905,418907,2,12
418893,418905,418907,2,12
418893,418905,418907,2,12
418893,418906,418908,2,13
418893,418907,418909,2,14
418893,418906,418909,3,13
418893,418906,418908,2,13
418893,418907,418909,2,14
418893,418907,418909,2,14
418893,418908,418910,2,15
418893,418908,418909,1,15
418893,418908,418910,2,15
418893,418908,418910,2,15
418893,418908,418910,2,15
418893,418908,418910,2,15
418893,418907,418909,2,14
418893,418908,418910,2,15
418893,418908,418911,3,15
418893,418908,418910,2,15
418893,418908,418911,3,15
418893,418909,418911,2,16
418893,418908,418911,3,15
418893,418908,418910,2,15
418893,418908,418911,3,15
418893,418909,418911,2,16
418893,418910,418912,2,17
418893,418910,418912,2,17
418893,418910,418912,2,17
418893,418910,418911,1,17
418893,418909,418911,2,16
418893,418909,418912,3,16
418893,418910,418912,2,17
418893,418910,418912,2,17
418893,418910,418914,4,17
414107,414125,419204,5079,18
419205,419205,419206,1,0
419205,419205,419206,1,0
419205,419205,419206,1,0
419205,419205,419207,2,0
419205,419205,419206,1,0
419205,419205,419206,1,0
419205,419205,419206,1,0
419205,419205,419207,2,0
419205,419205,419207,2,0
419205,419205,419207,2,0
419205,419205,419207,2,0
419205,419205,419207,2,0
419205,419205,419208,3,0
419205,419205,419207,2,0
419205,419205,419207,2,0
419205,419205,419207,2,0
419205,419205,419207,2,0
419205,419205,419207,2,0
419205,419205,419207,2,0
419205,419205,419207,2,0
419205,419207,419208,1,2
419205,419207,419208,1,2
419205,419207,419208,1,2
419205,419207,419208,1,2
419205,419207,419208,1,2
419205,419207,419208,1,2
419205,419207,419208,1,2
419205,419208,419210,2,3
419205,419208,419210,2,3
419205,419208,419210,2,3
419205,419208,419210,2,3
419205,419208,419209,1,3
419205,419208,419209,1,3
419205,419208,419210,2,3
419205,419208,419209,1,3
419205,419209,419210,1,4
419205,419209,419210,1,4
419205,419209,419210,1,4
419205,419208,419210,2,3
419205,419208,419210,2,3
419205,419209,419210,1,4
419205,419209,419210,1,4
419205,419209,419210,1,4
419205,419208,419210,2,3
419205,419208,419210,2,3
419205,419208,419210,2,3
419205,419211,419212,1,6
419205,419211,419212,1,6
419205,419209,419211,2,4
419205,419210,419211,1,5
419205,419210,419211,1,5
419205,419210,419211,1,5
419205,419210,419211,1,5
419205,419210,419211,1,5
419205,419210,419211,1,5
419205,419211,419212,1,6
419205,419210,419212,2,5
419205,419211,419213,2,6
419205,419210,419212,2,5
419205,419211,419212,1,6
419205,419211,419212,1,6
419205,419211,419212,1,6
419205,419211,419212,1,6
419205,419211,419213,2,6
419205,419213,419214,1,8
419205,419212,419213,1,7
419205,419212,419213,1,7
419205,419212,419213,1,7
419205,419212,419213,1,7
419205,419212,419213,1,7
419205,419211,419213,2,6
419205,419211,419213,2,6
419205,419213,419214,1,8
419205,419212,419213,1,7
419205,419212,419213,1,7
419205,419212,419213,1,7
419205,419212,419213,1,7
419205,419213,419215,2,8
419205,419213,419214,1,8
419205,419213,419215,2,8
419205,419213,419214,1,8
419205,419213,419214,1,8
419205,419213,419215,2,8
419205,419214,419215,1,9
419205,419214,419215,1,9
419205,419214,419215,1,9
419205,419213,419215,2,8
419205,419214,419216,2,9
419205,419214,419216,2,9
419205,419214,419215,1,9
419205,419214,419216,2,9
419205,419214,419216,2,9
419205,419214,419216,2,9
419205,419214,419217,3,9
419205,419215,419217,2,10
419205,419215,419217,2,10
419205,419214,419216,2,9
419205,419214,419216,2,9
419205,419214,419216,2,9
419205,419216,419217,1,11
419205,419215,419217,2,10
419205,419215,419217,2,10
419205,419215,419217,2,10
419205,419216,419217,1,11
419205,419216,419218,2,11
419205,419215,419217,2,10
419205,419216,419218,2,11
419205,419216,419219,3,11
419205,419216,419218,2,11
419205,419217,419219,2,12
419205,419216,419219,3,11
419205,419217,419219,2,12
419205,419217,419219,2,12
419205,419216,419219,3,11
419205,419217,419219,2,12
419205,419217,419219,2,12
419205,419218,419219,1,13
419205,419218,419220,2,13
419205,419218,419220,2,13
419205,419217,419219,2,12
419205,419217,419219,2,12
419205,419218,419220,2,13
419205,419217,419219,2,12
419205,419218,419221,3,13
419205,419218,419220,2,13
419205,419218,419221,3,13
419205,419218,419221,3,13
419205,419219,419221,2,14
419205,419219,419221,2,14
419205,419219,419221,2,14
419205,419219,419221,2,14
419205,419220,419221,1,15
419205,419219,419221,2,14
419205,419220,419222,2,15
419205,419220,419222,2,15
419205,419219,419221,2,14
419205,419219,419221,2,14
419205,419219,419221,2,14
419205,419220,419222,2,15
419205,419219,419222,3,14
419205,419220,419222,2,15
419205,419220,419223,3,15
419205,419220,419223,3,15
419205,419221,419223,2,16
419205,419221,419223,2,16
419205,419221,419223,2,16
419205,419221,419224,3,16
419205,419221,419224,3,16
419205,419221,419224,3,16
419205,419221,419227,6,16
419627,419627,419761,134,0
414723,414740,419791,5051,17
419792,419792,419793,1,0
419792,419792,419794,2,0
419792,419792,419794,2,0
419792,419792,419794,2,0
419792,419792,419793,1,0
419792,419792,419794,2,0
419792,419792,419794,2,0
419792,419792,419794,2,0
419792,419792,419794,2,0
419792,419792,419794,2,0
419792,419792,419794,2,0
419792,419792,419794,2,0
419792,419792,419794,2,0
419792,419792,419795,3,0
419792,419792,419794,2,0
419792,419792,419794,2,0
419792,419792,419794,2,0
419792,419792,419795,3,0
419792,419792,419795,3,0
419792,419792,419795,3,0
419792,419794,419796,2,2
419792,419794,419796,2,2
419792,419794,419796,2,2
419792,419794,419796,2,2
419792,419794,419796,2,2
419792,419794,419796,2,2
419792,419794,419796,2,2
419792,419794,419796,2,2
419792,419795,419797,2,3
419792,419795,419797,2,3
419792,419796,419797,1,4
419792,419795,419797,2,3
419792,419795,419797,2,3
419792,419795,419797,2,3
419792,419795,419797,2,3
419792,419796,419797,1,4
419792,419796,419797,1,4
419792,419795,419797,2,3
419792,419795,419797,2,3
419792,419795,419798,3,3
419792,419796,419797,1,4
419792,419796,419798,2,4
419792,419796,419797,1,4
419792,419795,419797,2,3
419792,419795,419797,2,3
419792,419795,419797,2,3
419792,419798,419799,1,6
419792,419797,419799,2,5
419792,419797,419799,2,5
419792,419797,419799,2,5
419792,419798,419799,1,6
419792,419798,419799,1,6
419792,419798,419800,2,6
419792,419798,419799,1,6
419792,419798,419799,1,6
419792,419798,419800,2,6
419792,419798,419800,2,6
419792,419798,419800,2,6
419792,419798,419800,2,6
419792,419798,419800,2,6
419792,419798,419799,1,6
419792,419798,419799,1,6
419792,419797,419799,2,5
419792,419800,419801,1,8
419792,419798,419800,2,6
419792,419799,419801,2,7
419792,419800,419801,1,8
419792,419800,419801,1,8
419792,419798,419800,2,6
419792,419798,419800,2,6
419792,419799,419801,2,7
419792,419800,419801,1,8
419792,419800,419802,2,8
419792,419800,419802,2,8
419792,419800,419801,1,8
419792,419800,419802,2,8
419792,419800,419802,2,8
419792,419800,419802,2,8
419792,419800,419802,2,8
419792,419800,419802,2,8
419792,419799,419802,3,7
419792,419799,419802,3,7
419792,419800,419802,2,8
419792,419802,419803,1,10
419792,419801,419802,1,9
419792,419801,419803,2,9
419792,419801,419803,2,9
419792,419801,419803,2,9
419792,419801,419802,1,9
419792,419801,419803,2,9
419792,419801,419803,2,9
419792,419802,419804,2,10
419792,419802,419803,1,10
419792,419803,419804,1,11
419792,419802,419804,2,10
419792,419801,419803,2,9
419792,419802,419804,2,10
419792,419802,419804,2,10
419792,419802,419804,2,10
419792,419802,419804,2,10
419792,419803,419804,1,11
419792,419803,419804,1,11
419792,419802,419805,3,10
419792,419802,419805,3,10
419792,419803,419805,2,11
419792,419803,419805,2,11
419792,419803,419805,2,11
419792,419802,419805,3,10
419792,419804,419806,2,12
419792,419804,419806,2,12
419792,419803,419806,3,11
419792,419804,419806,2,12
419792,419803,419806,3,11
419792,419804,419806,2,12
419792,419804,419806,2,12
419792,419805,419807,2,13
419792,419805,419806,1,13
419792,419804,419806,2,12
419792,419805,419807,2,13
419792,419805,419807,2,13
419792,419805,419807,2,13
419792,419804,419807,3,12
419792,419804,419807,3,12
419792,419805,419807,2,13
419792,419805,419807,2,13
419792,419805,419808,3,13
419792,419806,419808,2,14
419792,419806,419808,2,14
419792,419806,419808,2,14
419792,419807,419809,2,15
419792,419805,419808,3,13
419792,419807,419809,2,15
419792,419807,419809,2,15
419792,419806,419809,3,14
419792,419806,419809,3,14
419792,419808,419809,1,16
419792,419808,419809,1,16
419792,419808,419809,1,16
419792,419807,419809,2,15
419792,419807,419809,2,15
419792,419807,419809,2,15
419792,419808,419809,1,16
419792,419808,419810,2,16
419792,419808,419810,2,16
419792,419808,419810,2,16
419792,419809,419810,1,17
419792,419808,419810,2,16
419792,419808,419810,2,16
419792,419808,419811,3,16
419792,419809,419811,2,17
416324,416342,419905,3563,18
416276,416292,419905,3613,16
419906,419906,419909,3,0
419906,419906,419910,4,0
419906,419906,419909,3,0
419906,419906,419909,3,0
419906,419906,419909,3,0
419906,419906,419910,4,0
419906,419906,419910,4,0
419906,419906,419910,4,0
419906,419906,419909,3,0
419906,419906,419909,3,0
419906,419906,419910,4,0
419906,419906,419910,4,0
419906,419906,419910,4,0
419906,419906,419909,3,0
419906,419906,419910,4,0
419906,419906,419911,5,0
419906,419906,419910,4,0
419906,419906,419911,5,0
419906,419906,419911,5,0
419906,419906,419911,5,0
419906,419906,419911,5,0
419906,419910,419911,1,4
419906,419910,419912,2,4
419906,419910,419912,2,4
419906,419910,419912,2,4
419906,419910,419911,1,4
419906,419910,419911,1,4
419906,419910,419912,2,4
419906,419910,419912,2,4
419906,419910,419912,2,4
419906,419910,419912,2,4
419906,419910,419912,2,4
419906,419910,419912,2,4
419906,419910,419913,3,4
419906,419910,419913,3,4
419906,419911,419913,2,5
419906,419911,419913,2,5
419906,419912,419913,1,6
419906,419911,419913,2,5
419906,419912,419913,1,6
419906,419912,419914,2,6
419906,419912,419913,1,6
419906,419912,419914,2,6
419906,419912,419914,2,6
419906,419911,419913,2,5
419906,419911,419913,2,5
419906,419912,419913,1,6
419906,419912,419913,1,6
419906,419911,419913,2,5
419906,419911,419913,2,5
419906,419912,419914,2,6
419906,419912,419914,2,6
419906,419912,419914,2,6
419906,419913,419914,1,7
419906,419913,419915,2,7
419906,419913,419916,3,7
419906,419913,419916,3,7
419906,419914,419917,3,8
419906,419914,419917,3,8
419906,419914,419917,3,8
419906,419913,419917,4,7
419906,419914,419917,3,8
419906,419914,419917,3,8
419906,419914,419917,3,8
419906,419914,419917,3,8
419906,419914,419918,4,8
419906,419914,419917,3,8
419906,419914,419918,4,8
419906,419914,419918,4,8
419906,419914,419917,3,8
419906,419914,419918,4,8
419906,419914,419918,4,8
419906,419916,419919,3,10
419906,419914,419918,4,8
419906,419915,419918,3,9
419906,419917,419919,2,11
419906,419916,419919,3,10
419906,419918,419920,2,12
419906,419917,419920,3,11
419906,419917,419919,2,11
419906,419917,419919,2,11
419906,419917,419919,2,11
419906,419915,419919,4,9
419906,419918,419921,3,12
419906,419918,419921,3,12
419906,419920,419921,1,14
419906,419918,419921,3,12
419906,419918,419920,2,12
419906,419918,419921,3,12
419906,419918,419921,3,12
419906,419919,419921,2,13
419906,419920,419921,1,14
419906,419921,419922,1,15
419906,419919,419921,2,13
419906,419920,419922,2,14
419906,419920,419922,2,14
419906,419920,419922,2,14
419906,419920,419921,1,14
419906,419918,419922,4,12
419906,419918,419922,4,12
419906,419919,419922,3,13
419906,419920,419922,2,14
419906,419920,419922,2,14
419906,419921,419923,2,15
419906,419921,419923,2,15
419906,419921,419923,2,15
419906,419921,419924,3,15
419906,419922,419924,2,16
419906,419922,419923,1,16
419906,419921,419924,3,15
419906,419922,419924,2,16
419906,419914,419918,4,8
419906,419923,419927,4,17
419906,419922,419927,5,16
419906,419922,419927,5,16
419906,419923,419927,4,17
419906,419922,419927,5,16
419906,419923,419927,4,17
419906,419922,419927,5,16
419906,419922,419927,5,16
419906,419923,419927,4,17
419906,419923,419927,4,17
419906,419923,419927,4,17
419906,419923,419927,4,17
419906,419922,419928,6,16
419906,419923,419929,6,17
419906,419924,419930,6,18
419906,419924,419930,6,18
419906,419927,419930,3,21
419906,419928,419930,2,22
419906,419928,419930,2,22
419906,419928,419930,2,22
419906,419928,419930,2,22
419906,419924,419930,6,18
419906,419924,419931,7,18
419906,419924,419931,7,18
419906,419927,419931,4,21
419906,419927,419931,4,21
419906,419928,419931,3,22
419906,419927,419931,4,21
419906,419927,419931,4,21
419906,419929,419932,3,23
419906,419930,419932,2,24
419906,419927,419932,5,21
419906,419930,419932,2,24
419906,419931,419932,1,25
419906,419928,419932,4,22
419906,419928,419932,4,22
419906,419928,419932,4,22
419909,419931,419932,1,22
419909,419931,419932,1,22
419909,419931,419932,1,22
419906,419930,419932,2,24
419909,419931,419933,2,22
419909,419931,419933,2,22
419909,419932,419933,1,23
419909,419931,419933,2,22
419909,419931,419933,2,22
419909,419932,419933,1,23
419909,419932,419933,1,23
419909,419931,419933,2,22
419909,419933,419934,1,24
419909,419933,419934,1,24
419909,419932,419934,2,23
419909,419932,419934,2,23
419909,419933,419934,1,24
419909,419933,419934,1,24
419909,419933,419935,2,24
419909,419932,419935,3,23
419909,419934,419935,1,25
419909,419933,419935,2,24
419909,419933,419935,2,24
419909,419933,419935,2,24
419909,419934,419935,1,25
419909,419934,419935,1,25
419909,419934,419936,2,25
419909,419934,419935,1,25
419909,419934,419936,2,25
419909,419934,419936,2,25
419909,419935,419936,1,26
419909,419935,419936,1,26
419909,419935,419936,1,26
419909,419935,419936,1,26
419909,419934,419936,2,25
419909,419935,419938,3,26
419909,419935,419938,3,26
419909,419936,419939,3,27
419909,419937,419940,3,28
419909,419937,419939,2,28
419909,419936,419940,4,27
419909,419936,419939,3,27
419909,419935,419939,4,26
419909,419936,419940,4,27
419909,419936,419940,4,27
419909,419936,419940,4,27
419909,419937,419940,3,28
419909,419937,419940,3,28
419909,419937,419940,3,28
419909,419935,419941,6,26
419909,419940,419942,2,31
419909,419936,419941,5,27
419909,419936,419941,5,27
419909,419939,419941,2,30
419909,419939,419941,2,30
419909,419940,419942,2,31
419909,419937,419941,4,28
419909,419940,419942,2,31
419909,419937,419942,5,28
419909,419940,419942,2,31
419909,419940,419942,2,31
419909,419942,419943,1,33
419909,419940,419943,3,31
419909,419941,419943,2,32
419909,419941,419943,2,32
419909,419940,419942,2,31
419909,419940,419943,3,31
419909,419940,419943,3,31
419909,419941,419943,2,32
419909,419933,419943,10,24
419909,419943,419944,1,34
419909,419942,419944,2,33
419909,419942,419944,2,33
419909,419942,419943,1,33
419909,419943,419944,1,34
419909,419942,419944,2,33
419909,419942,419944,2,33
419909,419942,419944,2,33
419909,419943,419944,1,34
419909,419943,419944,1,34
419909,419943,419944,1,34
419909,419944,419945,1,35
419909,419942,419944,2,33
419909,419942,419944,2,33
419909,419943,419945,2,34
419909,419943,419944,1,34
419909,419943,419945,2,34
419909,419943,419945,2,34
419909,419943,419945,2,34
419909,419944,419945,1,35
419909,419944,419946,2,35
419909,419944,419946,2,35
419909,419944,419946,2,35
419909,419944,419946,2,35
419909,419945,419946,1,36
419909,419945,419947,2,36
419909,419944,419946,2,35
419909,419945,419947,2,36
419909,419945,419947,2,36
419909,419945,419947,2,36
419909,419945,419947,2,36
419909,419945,419947,2,36
419909,419945,419947,2,36
419909,419944,419947,3,35
419909,419945,419948,3,36
419909,419945,419947,2,36
419909,419945,419948,3,36
419909,419946,419948,2,37
419909,419946,419948,2,37
419909,419945,419948,3,36
419909,419946,419948,2,37
419909,419947,419948,1,38
419909,419947,419949,2,38
419909,419947,419949,2,38
419909,419948,419949,1,39
419909,419947,419949,2,38
419909,419944,419949,5,35
419909,419947,419950,3,38
419909,419948,419950,2,39
419909,419948,419950,2,39
419909,419948,419950,2,39
419909,419949,419950,1,40
419909,419948,419951,3,39
419909,419948,419950,2,39
419909,419947,419950,3,38
419909,419948,419951,3,39
419909,419949,419950,1,40
419909,419949,419951,2,40
419909,419948,419951,3,39
419909,419948,419951,3,39
419909,419948,419951,3,39
419909,419949,419951,2,40
419909,419950,419951,1,41
419909,419949,419951,2,40
419909,419948,419951,3,39
419909,419950,419952,2,41
419909,419950,419952,2,41
419909,419950,419952,2,41
419909,419951,419953,2,42
419909,419951,419952,1,42
419909,419951,419953,2,42
419909,419950,419952,2,41
419909,419951,419953,2,42
419909,419951,419953,2,42
419909,419951,419953,2,42
419909,419951,419953,2,42
419909,419951,419953,2,42
419909,419951,419954,3,42
419909,419951,419954,3,42
419909,419951,419954,3,42
419909,419950,419956,6,41
416684,416701,420124,3423,17
420125,420125,420127,2,0
420125,420125,420127,2,0
420125,420125,420127,2,0
420125,420125,420127,2,0
420125,420125,420127,2,0
420125,420125,420127,2,0
420125,420125,420127,2,0
420125,420125,420127,2,0
420125,420125,420127,2,0
420125,420125,420127,2,0
420125,420125,420127,2,0
420125,420125,420127,2,0
420125,420125,420128,3,0
420125,420125,420127,2,0
420125,420125,420128,3,0
420125,420125,420128,3,0
420125,420125,420128,3,0
420125,420125,420128,3,0
420125,420125,420128,3,0
420125,420125,420128,3,0
420125,420127,420129,2,2
420125,420128,420129,1,3
420125,420128,420129,1,3
420125,420128,420129,1,3
420125,420128,420129,1,3
420125,420128,420129,1,3
420125,420128,420129,1,3
420125,420127,420129,2,2
420125,420128,420129,1,3
420125,420128,420130,2,3
420125,420129,420130,1,4
420125,420128,420130,2,3
420125,420129,420131,2,4
420125,420128,420130,2,3
420125,420128,420130,2,3
420125,420129,420131,2,4
420125,420130,420131,1,5
420125,420129,420131,2,4
420125,420129,420131,2,4
420125,420130,420131,1,5
420125,420130,420131,1,5
420125,420130,420131,1,5
420125,420130,420131,1,5
420125,420130,420131,1,5
420125,420130,420131,1,5
420125,420130,420132,2,5
420125,420130,420131,1,5
420125,420130,420131,1,5
420125,420129,420131,2,4
420125,420129,420131,2,4
420125,420131,420133,2,6
420125,420131,420132,1,6
420125,420132,420133,1,7
420125,420132,420133,1,7
420125,420131,420132,1,6
420125,420132,420133,1,7
420125,420131,420132,1,6
420125,420131,420132,1,6
420125,420132,420133,1,7
420125,420131,420132,1,6
420125,420133,420134,1,8
420125,420132,420133,1,7
420125,420132,420133,1,7
420125,420132,420133,1,7
420125,420133,420134,1,8
420125,420132,420133,1,7
420125,420132,420133,1,7
420125,420132,420133,1,7
420125,420132,420133,1,7
420125,420133,420134,1,8
420125,420133,420134,1,8
420125,420133,420134,1,8
420125,420133,420134,1,8
420125,420133,420134,1,8
420125,420133,420134,1,8
420125,420133,420134,1,8
420125,420133,420134,1,8
420125,420133,420134,1,8
420125,420133,420134,1,8
420125,420134,420135,1,9
420125,420134,420136,2,9
420125,420134,420135,1,9
420125,420134,420135,1,9
420125,420134,420135,1,9
420125,420134,420135,1,9
420125,420134,420136,2,9
420125,420135,420137,2,10
420125,420134,420136,2,9
420125,420135,420136,1,10
420125,420135,420136,1,10
420125,420135,420136,1,10
420125,420134,420136,2,9
420125,420134,420136,2,9
420125,420135,420137,2,10
420125,420135,420137,2,10
420125,420135,420137,2,10
420125,420136,420137,1,11
420125,420135,420137,2,10
420125,420136,420137,1,11
420125,420136,420137,1,11
420125,420136,420137,1,11
420125,420135,420137,2,10
420125,420135,420137,2,10
420125,420136,420138,2,11
420125,420136,420139,3,11
420125,420137,420138,1,12
420125,420137,420138,1,12
420125,420137,420139,2,12
420125,420136,420138,2,11
420125,420137,420139,2,12
420125,420138,420139,1,13
420125,420137,420139,2,12
420125,420138,420139,1,13
420125,420137,420140,3,12
420125,420138,420139,1,13
420125,420138,420139,1,13
420125,420137,420140,3,12
420125,420137,420140,3,12
420125,420137,420139,2,12
420125,420137,420140,3,12
420125,420138,420140,2,13
420125,420138,420140,2,13
420125,420139,420140,1,14
420125,420139,420141,2,14
420125,420139,420140,1,14
420125,420138,420140,2,13
420125,420140,420141,1,15
420125,420139,420142,3,14
420125,420139,420141,2,14
420125,420140,420141,1,15
420125,420140,420141,1,15
420125,420140,420141,1,15
420125,420139,420141,2,14
420125,420139,420141,2,14
420125,420140,420142,2,15
420125,420140,420142,2,15
420125,420140,420143,3,15
420125,420141,420142,1,16
420125,420141,420142,1,16
420125,420141,420143,2,16
420125,420140,420142,2,15
420125,420140,420142,2,15
420125,420140,420142,2,15
420125,420141,420143,2,16
420125,420141,420144,3,16
420125,420141,420144,3,16
419833,419834,420250,416,1
415428,415447,420271,4824,19
420273,420273,420275,2,0
420273,420273,420275,2,0
420273,420273,420276,3,0
420273,420273,420276,3,0
420273,420273,420275,2,0
420273,420273,420275,2,0
420273,420273,420275,2,0
420273,420273,420275,2,0
420273,420273,420276,3,0
420273,420273,420276,3,0
420273,420273,420276,3,0
420273,420273,420276,3,0
420273,420273,420276,3,0
420273,420273,420276,3,0
420273,420273,420275,2,0
420273,420273,420275,2,0
420273,420273,420275,2,0
420273,420273,420275,2,0
420273,420273,420276,3,0
420273,420273,420276,3,0
420273,420276,420277,1,3
420273,420276,420277,1,3
420273,420276,420277,1,3
420273,420276,420277,1,3
420273,420276,420278,2,3
420273,420276,420278,2,3
420273,420276,420278,2,3
420273,420276,420278,2,3
420273,420276,420278,2,3
420273,420276,420279,3,3
420273,420276,420279,3,3
420273,420276,420279,3,3
420273,420276,420279,3,3
420273,420276,420279,3,3
420273,420276,420278,2,3
420273,420276,420279,3,3
420273,420276,420278,2,3
420273,420276,420279,3,3
420273,420277,420279,2,4
420273,420278,420279,1,5
420273,420278,420280,2,5
420273,420278,420280,2,5
420273,420278,420280,2,5
420273,420278,420280,2,5
420273,420278,420280,2,5
420273,420277,420280,3,4
420273,420278,420280,2,5
420273,420278,420280,2,5
420273,420279,420281,2,6
420273,420278,420280,2,5
420273,420279,420281,2,6
420273,420280,420281,1,7
420273,420280,420281,1,7
420273,420279,420281,2,6
420273,420279,420281,2,6
420273,420279,420281,2,6
420273,420279,420281,2,6
420273,420279,420281,2,6
420273,420280,420282,2,7
420273,420280,420281,1,7
420273,420280,420281,1,7
420273,420279,420282,3,6
420273,420279,420282,3,6
420273,420280,420282,2,7
420273,420280,420282,2,7
420273,420280,420282,2,7
420273,420280,420282,2,7
420273,420280,420282,2,7
420273,420281,420282,1,8
420273,420281,420282,1,8
420273,420281,420283,2,8
420273,420281,420283,2,8
420273,420281,420284,3,8
420273,420281,420284,3,8
420273,420281,420284,3,8
420273,420281,420284,3,8
420273,420281,420284,3,8
420273,420281,420284,3,8
420273,420282,420284,2,9
420273,420282,420285,3,9
420273,420282,420285,3,9
420273,420282,420285,3,9
420273,420282,420285,3,9
420273,420282,420286,4,9
420273,420284,420286,2,11
420273,420282,420286,4,9
420273,420282,420286,4,9
420273,420284,420286,2,11
420273,420284,420286,2,11
420273,420284,420286,2,11
420273,420283,420285,2,10
420273,420282,420285,3,9
420273,420282,420286,4,9
420273,420284,420286,2,11
420273,420283,420286,3,10
420273,420284,420286,2,11
420273,420284,420286,2,11
420273,420285,420286,1,12
420273,420285,420287,2,12
420273,420285,420287,2,12
420273,420285,420287,2,12
420273,420285,420287,2,12
420273,420286,420287,1,13
420273,420286,420288,2,13
420273,420286,420289,3,13
420273,420286,420289,3,13
420273,420286,420289,3,13
420273,420286,420289,3,13
420273,420286,420289,3,13
420273,420286,420289,3,13
420273,420286,420289,3,13
420273,420287,420289,2,14
420273,420287,420289,2,14
420273,420287,420289,2,14
420273,420287,420289,2,14
420273,420287,420289,2,14
420273,420287,420289,2,14
420273,420287,420289,2,14
420273,420287,420290,3,14
420273,420288,420291,3,15
420273,420287,420290,3,14
420273,420288,420291,3,15
420273,420287,420291,4,14
420273,420287,420291,4,14
420273,420290,420292,2,17
420273,420289,420292,3,16
420273,420289,420292,3,16
420273,420290,420293,3,17
420273,420290,420292,2,17
420273,420290,420293,3,17
420273,420290,420293,3,17
420273,420289,420293,4,16
420273,420289,420292,3,16
420273,420289,420293,4,16
420273,420289,420293,4,16
420273,420291,420293,2,18
420273,420291,420293,2,18
420273,420289,420293,4,16
420273,420292,420293,1,19
420273,420292,420293,1,19
420273,420290,420293,3,17
420273,420290,420293,3,17
420273,420290,420293,3,17
420273,420291,420293,2,18
420273,420292,420294,2,19
420273,420293,420294,1,20
420273,420293,420295,2,20
420273,420292,420295,3,19
420273,420293,420297,4,20
420273,420293,420297,4,20
416923,416941,420360,3419,18
420361,420361,420363,2,0
420361,420361,420363,2,0
420361,420361,420363,2,0
420361,420361,420363,2,0
420361,420361,420363,2,0
420361,420361,420363,2,0
420361,420361,420362,1,0
420361,420361,420363,2,0
420361,420361,420363,2,0
420361,420361,420363,2,0
420361,420361,420364,3,0
420361,420361,420364,3,0
420361,420361,420364,3,0
420361,420361,420364,3,0
420361,420361,420364,3,0
420361,420361,420363,2,0
420361,420361,420363,2,0
420361,420361,420364,3,0
420361,420363,420365,2,2
420361,420363,420365,2,2
420361,420363,420364,1,2
420361,420363,420364,1,2
420361,420363,420365,2,2
420361,420363,420365,2,2
420361,420363,420365,2,2
420361,420363,420365,2,2
420361,420363,420365,2,2
420361,420364,420366,2,3
420361,420364,420366,2,3
420361,420364,420367,3,3
420361,420364,420366,2,3
420361,420364,420366,2,3
420361,420364,420366,2,3
420361,420364,420366,2,3
420361,420364,420367,3,3
420361,420365,420366,1,4
420361,420365,420367,2,4
420361,420365,420367,2,4
420361,420365,420367,2,4
420361,420365,420367,2,4
420361,420365,420367,2,4
420361,420365,420367,2,4
420361,420365,420368,3,4
420361,420367,420368,1,6
420361,420367,420369,2,6
420361,420366,420368,2,5
420361,420366,420368,2,5
420361,420366,420369,3,5
420361,420367,420368,1,6
420361,420367,420369,2,6
420361,420367,420368,1,6
420361,420367,420369,2,6
420361,420367,420369,2,6
420361,420367,420369,2,6
420361,420367,420369,2,6
420361,420367,420370,3,6
420361,420368,420370,2,7
420361,420367,420369,2,6
420361,420367,420369,2,6
420361,420367,420370,3,6
420361,420368,420370,2,7
420361,420369,420371,2,8
420361,420369,420371,2,8
420361,420369,420371,2,8
420361,420369,420371,2,8
420361,420369,420370,1,8
420361,420369,420371,2,8
420361,420369,420371,2,8
420361,420369,420371,2,8
420361,420369,420371,2,8
420361,420370,420372,2,9
420361,420370,420372,2,9
420361,420369,420372,3,8
420361,420371,420372,1,10
420361,420371,420372,1,10
420361,420371,420372,1,10
420361,420371,420373,2,10
420361,420371,420373,2,10
420361,420371,420373,2,10
420361,420371,420373,2,10
420361,420372,420373,1,11
420361,420372,420373,1,11
420361,420372,420373,1,11
420361,420372,420373,1,11
420361,420372,420373,1,11
420361,420371,420373,2,10
420361,420372,420373,1,11
420361,420373,420374,1,12
420361,420373,420374,1,12
420361,420372,420374,2,11
420361,420374,420375,1,13
420361,420373,420375,2,12
420361,420373,420375,2,12
420361,420373,420375,2,12
420361,420373,420376,3,12
420361,420374,420376,2,13
420361,420374,420376,2,13
420361,420374,420376,2,13
420361,420374,420376,2,13
420361,420374,420376,2,13
420361,420375,420376,1,14
420361,420374,420376,2,13
420361,420374,420377,3,13
420361,420374,420377,3,13
420361,420374,420377,3,13
420361,420375,420377,2,14
420361,420376,420377,1,15
420361,420375,420378,3,14
420361,420377,420378,1,16
420361,420376,420378,2,15
420361,420376,420378,2,15
420361,420376,420379,3,15
420361,420377,420379,2,16
420361,420377,420378,1,16
420361,420377,420378,1,16
420361,420377,420379,2,16
420361,420377,420378,1,16
420361,420377,420379,2,16
420361,420376,420380,4,15
420361,420378,420380,2,17
420361,420378,420380,2,17
420361,420378,420380,2,17
420361,420378,420380,2,17
420361,420378,420381,3,17
420361,420379,420381,2,18
420361,420379,420382,3,18
420361,420379,420382,3,18
420361,420379,420382,3,18
420361,420379,420382,3,18
420361,420379,420382,3,18
420361,420379,420382,3,18
420361,420379,420383,4,18
420361,420379,420383,4,18
420361,420381,420383,2,20
420361,420381,420383,2,20
420361,420381,420383,2,20
420361,420382,420383,1,21
420361,420382,420383,1,21
420361,420379,420383,4,18
420361,420379,420383,4,18
420361,420381,420384,3,20
420361,420381,420384,3,20
420361,420383,420384,1,22
420361,420383,420385,2,22
420361,420383,420387,4,22
420361,420361,420364,3,0
420361,420361,420364,3,0
420361,420400,420402,2,39
416834,416852,420466,3614,18
420467,420467,420469,2,0
420467,420467,420469,2,0
420467,420467,420469,2,0
420467,420467,420468,1,0
420467,420467,420468,1,0
420467,420467,420469,2,0
420467,420467,420469,2,0
420467,420467,420469,2,0
420467,420467,420469,2,0
420467,420467,420470,3,0
420467,420467,420470,3,0
420467,420467,420470,3,0
420467,420467,420470,3,0
420467,420467,420471,4,0
420467,420467,420471,4,0
420467,420469,420471,2,2
420467,420467,420470,3,0
420467,420467,420470,3,0
420467,420467,420470,3,0
420467,420467,420470,3,0
420467,420467,420470,3,0
420467,420469,420471,2,2
420467,420469,420472,3,2
420467,420469,420472,3,2
420467,420469,420472,3,2
420467,420469,420472,3,2
420467,420469,420472,3,2
420467,420470,420473,3,3
420467,420469,420473,4,2
420467,420469,420472,3,2
420467,420470,420472,2,3
420467,420470,420473,3,3
420467,420470,420473,3,3
420467,420471,420472,1,4
420467,420472,420473,1,5
420467,420471,420474,3,4
420467,420471,420473,2,4
420467,420472,420474,2,5
420467,420472,420474,2,5
420467,420471,420474,3,4
420467,420471,420474,3,4
420467,420472,420473,1,5
420467,420473,420474,1,6
420467,420471,420474,3,4
420467,420471,420474,3,4
420467,420471,420473,2,4
420467,420472,420474,2,5
420467,420472,420474,2,5
420467,420473,420475,2,6
420467,420473,420475,2,6
420467,420473,420475,2,6
420467,420473,420475,2,6
420467,420473,420475,2,6
420467,420473,420475,2,6
420467,420474,420476,2,7
420467,420474,420476,2,7
420467,420474,420476,2,7
420467,420474,420475,1,7
420467,420474,420476,2,7
420467,420474,420475,1,7
420467,420474,420475,1,7
420467,420474,420476,2,7
420467,420474,420476,2,7
420467,420474,420476,2,7
420467,420474,420476,2,7
420467,420474,420476,2,7
420467,420474,420476,2,7
420467,420475,420476,1,8
420467,420475,420477,2,8
420467,420476,420478,2,9
420467,420475,420477,2,8
420467,420475,420478,3,8
420467,420475,420478,3,8
420467,420477,420478,1,10
420467,420475,420478,3,8
420467,420476,420478,2,9
420467,420476,420479,3,9
420467,420476,420479,3,9
420467,420476,420479,3,9
420467,420476,420479,3,9
420467,420477,420479,2,10
420467,420477,420479,2,10
420467,420477,420479,2,10
420467,420477,420479,2,10
420467,420477,420479,2,10
420467,420477,420479,2,10
420467,420478,420480,2,11
420467,420479,420481,2,12
420467,420477,420480,3,10
420467,420477,420480,3,10
420467,420478,420481,3,11
420467,420477,420481,4,10
420467,420478,420481,3,11
420467,420478,420481,3,11
420467,420480,420481,1,13
420467,420480,420481,1,13
420467,420479,420481,2,12
420467,420479,420481,2,12
420467,420480,420482,2,13
420467,420479,420482,3,12
420467,420479,420482,3,12
420467,420480,420482,2,13
420467,420481,420482,1,14
420467,420480,420483,3,13
420467,420480,420483,3,13
420467,420480,420482,2,13
420467,420480,420482,2,13
420467,420480,420482,2,13
420467,420482,420483,1,15
420467,420482,420483,1,15
420467,420481,420483,2,14
420467,420481,420484,3,14
420467,420482,420484,2,15
420467,420481,420484,3,14
420467,420482,420484,2,15
420467,420481,420484,3,14
420467,420483,420484,1,16
420467,420483,420485,2,16
420467,420482,420484,2,15
420467,420483,420484,1,16
420467,420483,420485,2,16
420467,420482,420484,2,15
420467,420482,420485,3,15
420467,420483,420485,2,16
420467,420482,420485,3,15
420467,420484,420485,1,17
420467,420484,420485,1,17
420467,420483,420485,2,16
420467,420483,420485,2,16
420467,420483,420485,2,16
420467,420484,420486,2,17
420467,420485,420486,1,18
420467,420485,420486,1,18
420467,420485,420486,1,18
420467,420484,420486,2,17
420467,420484,420486,2,17
420467,420485,420487,2,18
420467,420486,420487,1,19
420467,420485,420487,2,18
420467,420485,420487,2,18
420467,420486,420487,1,19
420467,420486,420487,1,19
420467,420485,420487,2,18
420467,420485,420487,2,18
420467,420485,420487,2,18
420467,420486,420488,2,19
420467,420486,420488,2,19
420467,420486,420488,2,19
420467,420486,420488,2,19
420467,420486,420488,2,19
417129,417146,420744,3598,17
420745,420745,420747,2,0
420745,420745,420746,1,0
420745,420745,420747,2,0
420745,420745,420746,1,0
420745,420745,420747,2,0
420745,420745,420747,2,0
420745,420745,420747,2,0
420745,420745,420747,2,0
420745,420745,420747,2,0
420745,420745,420747,2,0
420745,420745,420747,2,0
420745,420745,420747,2,0
420745,420745,420747,2,0
420745,420745,420747,2,0
420745,420745,420748,3,0
420745,420745,420748,3,0
420745,420745,420748,3,0
420745,420745,420748,3,0
420745,420745,420748,3,0
420745,420745,420748,3,0
420745,420747,420748,1,2
420745,420747,420748,1,2
420745,420747,420748,1,2
420745,420747,420748,1,2
420745,420747,420748,1,2
420745,420747,420748,1,2
420745,420747,420748,1,2
420745,420748,420750,2,3
420745,420749,420750,1,4
420745,420748,420750,2,3
420745,420748,420750,2,3
420745,420748,420750,2,3
420745,420749,420751,2,4
420745,420749,420750,1,4
420745,420748,420750,2,3
420745,420748,420751,3,3
420745,420749,420750,1,4
420745,420749,420750,1,4
420745,420748,420750,2,3
420745,420748,420751,3,3
420745,420748,420751,3,3
420745,420748,420750,2,3
420745,420748,420750,2,3
420745,420748,420750,2,3
420745,420748,420750,2,3
420745,420749,420751,2,4
420745,420749,420751,2,4
420745,420751,420752,1,6
420745,420751,420753,2,6
420745,420750,420752,2,5
420745,420751,420753,2,6
420745,420751,420752,1,6
420745,420751,420752,1,6
420745,420751,420752,1,6
420745,420751,420752,1,6
420745,420751,420753,2,6
420745,420751,420753,2,6
420745,420751,420753,2,6
420745,420751,420753,2,6
420745,420751,420753,2,6
420745,420751,420753,2,6
420745,420751,420753,2,6
420745,420751,420753,2,6
420745,420751,420753,2,6
420745,420751,420753,2,6
420745,420751,420753,2,6
420745,420752,420753,1,7
420745,420753,420754,1,8
420745,420753,420755,2,8
420745,420753,420755,2,8
420745,420753,420755,2,8
420745,420753,420754,1,8
420745,420753,420755,2,8
420745,420753,420754,1,8
420745,420753,420755,2,8
420745,420753,420755,2,8
420745,420753,420755,2,8
420745,420753,420755,2,8
420745,420753,420755,2,8
420745,420754,420755,1,9
420745,420754,420756,2,9
420745,420753,420755,2,8
420745,420753,420756,3,8
420745,420753,420756,3,8
420745,420753,420756,3,8
420745,420753,420756,3,8
420745,420755,420756,1,10
420745,420755,420757,2,10
420745,420755,420756,1,10
420745,420755,420756,1,10
420745,420755,420757,2,10
420745,420755,420757,2,10
420745,420755,420757,2,10
420745,420755,420757,2,10
420745,420755,420757,2,10
420745,420754,420757,3,9
420745,420755,420757,2,10
420745,420755,420757,2,10
420745,420755,420757,2,10
420745,420755,420758,3,10
420745,420756,420758,2,11
420745,420757,420759,2,12
420745,420756,420758,2,11
420745,420757,420759,2,12
420745,420757,420759,2,12
420745,420757,420759,2,12
420745,420757,420759,2,12
420745,420756,420758,2,11
420745,420757,420759,2,12
420745,420757,420759,2,12
420745,420756,420759,3,11
420745,420756,420759,3,11
420745,420756,420759,3,11
420745,420757,420760,3,12
420745,420757,420760,3,12
420745,420757,420760,3,12
420745,420757,420760,3,12
420745,420758,420760,2,13
420745,420759,420761,2,14
420745,420758,420761,3,13
420745,420758,420760,2,13
420745,420759,420761,2,14
420745,420759,420761,2,14
420745,420759,420761,2,14
420745,420758,420761,3,13
420745,420759,420761,2,14
420745,420759,420761,2,14
420745,420759,420761,2,14
420745,420759,420761,2,14
420745,420759,420762,3,14
420745,420760,420762,2,15
420745,420760,420762,2,15
420745,420760,420762,2,15
420745,420761,420763,2,16
420745,420760,420763,3,15
420745,420761,420763,2,16
420745,420761,420763,2,16
420745,420761,420763,2,16
420745,420762,420763,1,17
420745,420762,420763,1,17
420745,420761,420763,2,16
420745,420761,420763,2,16
420745,420761,420763,2,16
420745,420761,420764,3,16
420745,420761,420763,2,16
420745,420762,420764,2,17
420745,420761,420764,3,16
420745,420761,420764,3,16
420745,420762,420765,3,17
420745,420762,420765,3,17
416068,416085,420996,4911,17
420998,420998,420999,1,0
420998,420998,421000,2,0
420998,420998,421000,2,0
420998,420998,421000,2,0
420998,420998,420999,1,0
420998,420998,421000,2,0
420998,420998,421000,2,0
420998,420998,420999,1,0
420998,420998,421000,2,0
420998,420998,421000,2,0
420998,420998,421001,3,0
420998,420998,421001,3,0
420998,420998,421001,3,0
420998,420998,421000,2,0
420998,420998,421000,2,0
420998,420998,421000,2,0
420998,420998,421000,2,0
420998,420998,421000,2,0
420998,420998,421000,2,0
420998,420998,421001,3,0
420998,421000,421001,1,2
420998,421000,421001,1,2
420998,421000,421001,1,2
420998,421000,421001,1,2
420998,421000,421001,1,2
420998,421000,421002,2,2
420998,421000,421002,2,2
420998,421001,421003,2,3
420998,421001,421003,2,3
420998,421001,421002,1,3
420998,421001,421003,2,3
420998,421000,421002,2,2
420998,421001,421003,2,3
420998,421001,421003,2,3
420998,421001,421003,2,3
420998,421001,421003,2,3
420998,421001,421003,2,3
420998,421001,421003,2,3
420998,421002,421003,1,4
420998,421002,421003,1,4
420998,421002,421003,1,4
420998,421002,421003,1,4
420998,421002,421003,1,4
420998,421002,421003,1,4
420998,421002,421003,1,4
420998,421001,421003,2,3
420998,421001,421003,2,3
420998,421003,421005,2,5
420998,421003,421005,2,5
420998,421003,421005,2,5
420998,421003,421005,2,5
420998,421003,421005,2,5
420998,421003,421005,2,5
420998,421004,421006,2,6
420998,421004,421006,2,6
420998,421004,421005,1,6
420998,421004,421006,2,6
420998,421004,421006,2,6
420998,421004,421006,2,6
420998,421003,421005,2,5
420998,421004,421007,3,6
420998,421004,421007,3,6
420998,421004,421007,3,6
420998,421004,421007,3,6
420998,421004,421006,2,6
420998,421005,421006,1,7
420998,421005,421007,2,7
420998,421005,421007,2,7
420998,421004,421007,3,6
420998,421006,421008,2,8
420998,421006,421007,1,8
420998,421006,421007,1,8
420998,421006,421008,2,8
420998,421006,421007,1,8
420998,421007,421008,1,9
420998,421006,421007,1,8
420998,421004,421007,3,6
420998,421006,421008,2,8
420998,421006,421009,3,8
420998,421006,421009,3,8
420998,421007,421009,2,9
420998,421007,421009,2,9
420998,421007,421009,2,9
420998,421007,421009,2,9
420998,421007,421009,2,9
420998,421006,421008,2,8
420998,421007,421009,2,9
420998,421007,421010,3,9
420998,421008,421010,2,10
420998,421008,421010,2,10
420998,421008,421010,2,10
420998,421008,421010,2,10
420998,421008,421010,2,10
420998,421008,421010,2,10
420998,421007,421010,3,9
420998,421008,421010,2,10
420998,421008,421011,3,10
420998,421008,421011,3,10
420998,421009,421011,2,11
420998,421010,421012,2,12
420998,421009,421012,3,11
420998,421009,421012,3,11
420998,421010,421012,2,12
420998,421010,421012,2,12
420998,421010,421012,2,12
420998,421010,421012,2,12
420998,421009,421012,3,11
420998,421009,421012,3,11
420998,421009,421012,3,11
420998,421009,421012,3,11
420998,421010,421012,2,12
420998,421009,421012,3,11
420998,421010,421013,3,12
420998,421010,421012,2,12
420998,421009,421012,3,11
420998,421010,421013,3,12
420998,421011,421013,2,13
420998,421012,421014,2,14
420998,421012,421014,2,14
420998,421012,421014,2,14
420998,421012,421014,2,14
420998,421012,421014,2,14
420998,421012,421014,2,14
420998,421011,421014,3,13
420998,421011,421014,3,13
420998,421012,421014,2,14
420998,421012,421015,3,14
420998,421012,421015,3,14
420998,421012,421015,3,14
420998,421012,421015,3,14
420998,421012,421015,3,14
420998,421013,421015,2,15
420998,421012,421015,3,14
420998,421013,421016,3,15
420998,421013,421016,3,15
420998,421014,421016,2,16
420998,421014,421016,2,16
420998,421014,421016,2,16
420998,421014,421016,2,16
420998,421013,421016,3,15
420998,421013,421016,3,15
420998,421014,421016,2,16
420998,421015,421016,1,17
420998,421014,421017,3,16
420998,421015,421017,2,17
420998,421014,421017,3,16
420998,421015,421017,2,17
420998,421015,421018,3,17
420998,421015,421018,3,17
420998,421015,421021,6,17
417775,417791,421344,3553,16
421345,421345,421346,1,0
421345,421345,421347,2,0
421345,421345,421347,2,0
421345,421345,421347,2,0
421345,421345,421346,1,0
421345,421345,421347,2,0
421345,421345,421347,2,0
421345,421345,421347,2,0
421345,421345,421347,2,0
421345,421345,421347,2,0
421345,421345,421347,2,0
421345,421345,421347,2,0
421345,421345,421348,3,0
421345,421345,421348,3,0
421345,421345,421348,3,0
421345,421345,421348,3,0
421345,421345,421348,3,0
421345,421345,421347,2,0
421345,421345,421347,2,0
421345,421345,421347,2,0
421345,421347,421348,1,2
421345,421347,421349,2,2
421345,421347,421348,1,2
421345,421347,421348,1,2
421345,421347,421349,2,2
421345,421347,421349,2,2
421345,421347,421349,2,2
421345,421347,421349,2,2
421345,421348,421350,2,3
421345,421348,421350,2,3
421345,421349,421350,1,4
421345,421348,421350,2,3
421345,421348,421351,3,3
421345,421348,421350,2,3
421345,421348,421350,2,3
421345,421348,421350,2,3
421345,421348,421351,3,3
421345,421349,421351,2,4
421345,421349,421350,1,4
421345,421348,421350,2,3
421345,421349,421350,1,4
421345,421349,421351,2,4
421345,421349,421351,2,4
421345,421349,421351,2,4
421345,421349,421351,2,4
421345,421348,421350,2,3
421345,421348,421350,2,3
421345,421348,421350,2,3
421345,421350,421352,2,5
421345,421351,421352,1,6
421345,421351,421353,2,6
421345,421351,421353,2,6
421345,421351,421353,2,6
421345,421351,421353,2,6
421345,421350,421352,2,5
421345,421351,421353,2,6
421345,421351,421353,2,6
421345,421351,421353,2,6
421345,421351,421353,2,6
421345,421351,421353,2,6
421345,421351,421353,2,6
421345,421353,421354,1,8
421345,421351,421354,3,6
421345,421351,421354,3,6
421345,421351,421353,2,6
421345,421351,421354,3,6
421345,421353,421354,1,8
421345,421352,421354,2,7
421345,421351,421354,3,6
421345,421351,421353,2,6
421345,421351,421353,2,6
421345,421354,421355,1,9
421345,421353,421355,2,8
421345,421353,421354,1,8
421345,421353,421354,1,8
421345,421353,421355,2,8
421345,421353,421355,2,8
421345,421353,421355,2,8
421345,421353,421355,2,8
421345,421353,421355,2,8
421345,421354,421356,2,9
421345,421353,421355,2,8
421345,421353,421355,2,8
421345,421354,421355,1,9
421345,421355,421356,1,10
421345,421354,421356,2,9
421345,421354,421356,2,9
421345,421355,421356,1,10
421345,421355,421357,2,10
421345,421354,421357,3,9
421345,421354,421357,3,9
421345,421354,421356,2,9
421345,421355,421357,2,10
421345,421355,421357,2,10
421345,421355,421357,2,10
421345,421355,421357,2,10
421345,421355,421357,2,10
421345,421354,421357,3,9
421345,421354,421357,3,9
421345,421356,421358,2,11
421345,421356,421358,2,11
421345,421355,421358,3,10
421345,421357,421359,2,12
421345,421356,421358,2,11
421345,421356,421359,3,11
421345,421356,421359,3,11
421345,421357,421359,2,12
421345,421357,421359,2,12
421345,421356,421359,3,11
421345,421357,421359,2,12
421345,421357,421359,2,12
421345,421357,421359,2,12
421345,421356,421359,3,11
421345,421357,421360,3,12
421345,421357,421360,3,12
421345,421357,421360,3,12
421345,421358,421360,2,13
421345,421358,421360,2,13
421345,421358,421360,2,13
421345,421358,421360,2,13
421345,421359,421361,2,14
421345,421357,421361,4,12
421345,421358,421361,3,13
421345,421360,421361,1,15
421345,421360,421361,1,15
421345,421360,421361,1,15
421345,421360,421361,1,15
421345,421360,421361,1,15
421345,421359,421362,3,14
421345,421359,421362,3,14
421345,421359,421362,3,14
421345,421361,421362,1,16
421345,421361,421362,1,16
421345,421360,421362,2,15
421345,421360,421362,2,15
421345,421361,421363,2,16
421345,421361,421363,2,16
421345,421360,421363,3,15
421345,421361,421363,2,16
421345,421361,421363,2,16
421345,421362,421363,1,17
421345,421362,421364,2,17
421345,421362,421363,1,17
421345,421362,421363,1,17
421345,421362,421363,1,17
421345,421361,421363,2,16
421345,421361,421364,3,16
421345,421362,421364,2,17
421345,421362,421365,3,17
421345,421363,421365,2,18
417965,417983,421585,3602,18
421586,421586,421588,2,0
421586,421586,421588,2,0
421586,421586,421588,2,0
421586,421586,421588,2,0
421586,421586,421588,2,0
421586,421586,421588,2,0
421586,421586,421588,2,0
421586,421586,421588,2,0
421586,421586,421588,2,0
421586,421586,421588,2,0
421586,421586,421588,2,0
421586,421586,421589,3,0
421586,421586,421589,3,0
421586,421587,421589,2,1
421586,421587,421589,2,1
421586,421586,421589,3,0
421586,421586,421589,3,0
421586,421586,421589,3,0
421586,421586,421589,3,0
421586,421586,421589,3,0
421586,421588,421590,2,2
421586,421589,421590,1,3
421586,421589,421590,1,3
421586,421589,421590,1,3
421586,421588,421590,2,2
421586,421588,421590,2,2
421586,421589,421590,1,3
421586,421589,421590,1,3
421586,421589,421590,1,3
421586,421589,421591,2,3
421586,421589,421591,2,3
421586,421589,421591,2,3
421586,421589,421591,2,3
421586,421589,421592,3,3
421586,421589,421592,3,3
421586,421590,421592,2,4
421586,421590,421592,2,4
421586,421590,421592,2,4
421586,421591,421592,1,5
421586,421591,421592,1,5
421586,421591,421592,1,5
421586,421591,421592,1,5
421586,421591,421592,1,5
421586,421591,421592,1,5
421586,421591,421592,1,5
421586,421591,421592,1,5
421586,421590,421592,2,4
421586,421590,421592,2,4
421586,421591,421593,2,5
421586,421592,421594,2,6
421586,421593,421594,1,7
421586,421593,421594,1,7
421586,421592,421594,2,6
421586,421592,421594,2,6
421586,421593,421594,1,7
421586,421593,421594,1,7
421586,421593,421595,2,7
421586,421593,421594,1,7
421586,421593,421594,1,7
421586,421593,421594,1,7
421586,421593,421594,1,7
421586,421593,421594,1,7
421586,421593,421594,1,7
421586,421593,421594,1,7
421586,421593,421594,1,7
421586,421592,421594,2,6
421586,421593,421595,2,7
421586,421593,421595,2,7
421586,421594,421595,1,8
421586,421594,421595,1,8
421586,421595,421596,1,9
421586,421595,421596,1,9
421586,421595,421597,2,9
421586,421595,421597,2,9
421586,421595,421596,1,9
421586,421595,421596,1,9
421586,421595,421596,1,9
421586,421595,421596,1,9
421586,421595,421596,1,9
421586,421595,421596,1,9
421586,421595,421596,1,9
421586,421595,421596,1,9
421586,421595,421597,2,9
421586,421596,421598,2,10
421586,421595,421597,2,9
421586,421595,421597,2,9
421586,421596,421597,1,10
421586,421595,421597,2,9
421586,421595,421598,3,9
421586,421595,421597,2,9
421586,421596,421598,2,10
421586,421597,421598,1,11
421586,421597,421598,1,11
421586,421597,421599,2,11
421586,421597,421598,1,11
421586,421597,421598,1,11
421586,421597,421599,2,11
421586,421597,421599,2,11
421586,421597,421599,2,11
421586,421597,421599,2,11
421586,421597,421599,2,11
421586,421597,421599,2,11
421586,421598,421600,2,12
421586,421598,421599,1,12
421586,421598,421600,2,12
421586,421598,421600,2,12
421586,421599,421601,2,13
421586,421599,421600,1,13
421586,421598,421600,2,12
421586,421598,421600,2,12
421586,421598,421601,3,12
421586,421599,421601,2,13
421586,421599,421601,2,13
421586,421599,421601,2,13
421586,421599,421601,2,13
421586,421599,421601,2,13
421586,421599,421602,3,13
421586,421600,421601,1,14
421586,421598,421601,3,12
421586,421600,421602,2,14
421586,421600,421602,2,14
421586,421600,421602,2,14
421586,421601,421603,2,15
421586,421601,421603,2,15
421586,421600,421602,2,14
421586,421601,421603,2,15
421586,421601,421602,1,15
421586,421601,421603,2,15
421586,421601,421603,2,15
421586,421601,421603,2,15
421586,421601,421603,2,15
421586,421600,421603,3,14
421586,421601,421603,2,15
421586,421601,421604,3,15
421586,421601,421604,3,15
421586,421601,421604,3,15
421586,421602,421605,3,16
421586,421603,421605,2,17
421586,421602,421606,4,16
421586,421603,421606,3,17
421586,421603,421606,3,17
421586,421603,421606,3,17
421586,421603,421606,3,17
421586,421603,421607,4,17
421586,421602,421607,5,16
421586,421603,421606,3,17
421586,421603,421606,3,17
421586,421603,421606,3,17
421586,421603,421607,4,17
421586,421603,421607,4,17
418395,418412,421894,3482,17
421896,421896,421897,1,0
421896,421896,421897,1,0
421896,421896,421897,1,0
421896,421896,421898,2,0
421896,421896,421898,2,0
421896,421896,421897,1,0
421896,421896,421897,1,0
421896,421896,421897,1,0
421896,421896,421898,2,0
421896,421896,421897,1,0
421896,421896,421897,1,0
421896,421896,421898,2,0
421896,421896,421898,2,0
421896,421896,421898,2,0
421896,421896,421898,2,0
421896,421896,421898,2,0
421896,421896,421899,3,0
421896,421896,421898,2,0
421896,421896,421898,2,0
421896,421896,421899,3,0
421896,421898,421899,1,2
421896,421898,421899,1,2
421896,421898,421899,1,2
421896,421898,421900,2,2
421896,421898,421899,1,2
421896,421898,421899,1,2
421896,421898,421900,2,2
421896,421898,421900,2,2
421896,421898,421899,1,2
421896,421898,421899,1,2
421896,421898,421900,2,2
421896,421899,421901,2,3
421896,421900,421901,1,4
421896,421899,421901,2,3
421896,421899,421901,2,3
421896,421899,421901,2,3
421896,421899,421901,2,3
421896,421899,421902,3,3
421896,421899,421901,2,3
421896,421900,421901,1,4
421896,421900,421901,1,4
421896,421900,421902,2,4
421896,421900,421902,2,4
421896,421899,421901,2,3
421896,421899,421901,2,3
421896,421900,421901,1,4
421896,421900,421902,2,4
421896,421900,421901,1,4
421896,421900,421902,2,4
421896,421900,421902,2,4
421896,421902,421903,1,6
421896,421902,421903,1,6
421896,421902,421903,1,6
421896,421902,421904,2,6
421896,421902,421904,2,6
421896,421902,421904,2,6
421896,421901,421903,2,5
421896,421902,421903,1,6
421896,421902,421903,1,6
421896,421901,421903,2,5
421896,421902,421904,2,6
421896,421902,421903,1,6
421896,421902,421903,1,6
421896,421902,421904,2,6
421896,421902,421903,1,6
421896,421902,421904,2,6
421896,421902,421904,2,6
421896,421902,421904,2,6
421896,421903,421904,1,7
421896,421903,421905,2,7
421896,421903,421904,1,7
421896,421902,421904,2,6
421896,421904,421905,1,8
421896,421904,421905,1,8
421896,421904,421906,2,8
421896,421904,421906,2,8
421896,421904,421905,1,8
421896,421904,421906,2,8
421896,421904,421905,1,8
421896,421904,421905,1,8
421896,421904,421906,2,8
421896,421904,421906,2,8
421896,421904,421906,2,8
421896,421905,421907,2,9
421896,421905,421907,2,9
421896,421905,421906,1,9
421896,421904,421907,3,8
421896,421904,421906,2,8
421896,421905,421906,1,9
421896,421906,421907,1,10
421896,421905,421907,2,9
421896,421905,421907,2,9
421896,421906,421908,2,10
421896,421905,421907,2,9
421896,421906,421908,2,10
421896,421906,421908,2,10
421896,421906,421908,2,10
421896,421905,421907,2,9
421896,421906,421907,1,10
421896,421906,421908,2,10
421896,421906,421908,2,10
421896,421906,421909,3,10
421896,421907,421909,2,11
421896,421907,421909,2,11
421896,421907,421909,2,11
421896,421908,421910,2,12
421896,421907,421909,2,11
421896,421907,421909,2,11
421896,421908,421910,2,12
421896,421908,421910,2,12
421896,421907,421910,3,11
421896,421907,421910,3,11
421896,421908,421910,2,12
421896,421908,421910,2,12
421896,421908,421910,2,12
421896,421908,421911,3,12
421896,421908,421910,2,12
421896,421908,421911,3,12
421896,421909,421911,2,13
421896,421909,421911,2,13
421896,421908,421911,3,12
421896,421909,421911,2,13
421896,421910,421912,2,14
421896,421908,421911,3,12
421896,421908,421911,3,12
421896,421909,421912,3,13
421896,421910,421912,2,14
421896,421910,421912,2,14
421896,421910,421912,2,14
421896,421910,421912,2,14
421896,421910,421912,2,14
421896,421910,421913,3,14
421896,421910,421913,3,14
421896,421911,421913,2,15
421896,421911,421913,2,15
421896,421911,421913,2,15
421896,421911,421914,3,15
421896,421912,421914,2,16
421896,421911,421914,3,15
421896,421911,421914,3,15
421896,421912,421914,2,16
421896,421912,421914,2,16
421896,421910,421914,4,14
421896,421910,421913,3,14
421896,421911,421914,3,15
421896,421913,421914,1,17
421896,421912,421914,2,16
421896,421912,421915,3,16
421896,421912,421915,3,16
421896,421913,421916,3,17
417515,417530,422473,4943,15
422474,422474,422476,2,0
422474,422474,422476,2,0
422474,422474,422476,2,0
422474,422474,422476,2,0
422474,422474,422476,2,0
422474,422474,422476,2,0
422474,422474,422476,2,0
422474,422474,422476,2,0
422474,422474,422476,2,0
422474,422474,422477,3,0
422474,422474,422477,3,0
422474,422474,422477,3,0
422474,422474,422477,3,0
422474,422474,422477,3,0
422474,422474,422477,3,0
422474,422474,422477,3,0
422474,422474,422477,3,0
422474,422474,422477,3,0
422474,422474,422477,3,0
422474,422474,422476,2,0
422474,422476,422478,2,2
422474,422476,422478,2,2
422474,422476,422478,2,2
422474,422476,422478,2,2
422474,422476,422478,2,2
422474,422476,422478,2,2
422474,422476,422478,2,2
422474,422476,422478,2,2
422474,422476,422478,2,2
422474,422477,422479,2,3
422474,422477,422479,2,3
418894,418910,422479,3569,16
422474,422478,422479,1,4
422474,422477,422480,3,3
422474,422477,422479,2,3
422474,422478,422480,2,4
422474,422477,422480,3,3
422474,422477,422480,3,3
422474,422478,422480,2,4
422474,422480,422481,1,6
422474,422479,422480,1,5
422474,422479,422480,1,5
422474,422478,422480,2,4
422474,422478,422480,2,4
422474,422479,422480,1,5
422474,422479,422480,1,5
422474,422478,422480,2,4
422474,422479,422480,1,5
422474,422479,422480,1,5
422474,422479,422480,1,5
422474,422479,422481,2,5
422474,422479,422482,3,5
422474,422480,422482,2,6
422474,422481,422482,1,7
422474,422481,422482,1,7
422474,422481,422483,2,7
422474,422481,422482,1,7
422474,422481,422482,1,7
422474,422481,422482,1,7
422474,422480,422482,2,6
422474,422481,422482,1,7
422474,422481,422483,2,7
422474,422481,422482,1,7
422474,422481,422482,1,7
422474,422481,422482,1,7
422474,422481,422482,1,7
422474,422481,422482,1,7
422474,422481,422482,1,7
422474,422481,422483,2,7
422474,422481,422483,2,7
422474,422483,422484,1,9
422474,422482,422484,2,8
422474,422483,422484,1,9
422474,422483,422484,1,9
422474,422483,422484,1,9
422474,422483,422484,1,9
422474,422483,422484,1,9
422474,422483,422484,1,9
422474,422483,422484,1,9
422474,422483,422484,1,9
422474,422483,422485,2,9
422474,422483,422485,2,9
422474,422483,422485,2,9
422474,422483,422484,1,9
422474,422483,422484,1,9
422474,422483,422484,1,9
422474,422483,422484,1,9
422474,422483,422484,1,9
422474,422484,422486,2,10
422474,422483,422485,2,9
422474,422484,422486,2,10
422474,422484,422485,1,10
422474,422485,422487,2,11
422474,422485,422486,1,11
422474,422484,422486,2,10
422474,422485,422487,2,11
422474,422485,422486,1,11
422474,422485,422486,1,11
422474,422485,422486,1,11
422474,422485,422487,2,11
422474,422485,422486,1,11
422474,422485,422486,1,11
422474,422485,422487,2,11
422474,422485,422486,1,11
422474,422485,422487,2,11
422474,422485,422487,2,11
422474,422485,422488,3,11
422474,422485,422488,3,11
422474,422486,422487,1,12
422474,422486,422489,3,12
422474,422486,422488,2,12
422474,422487,422488,1,13
422474,422487,422488,1,13
422474,422485,422488,3,11
422474,422487,422489,2,13
422474,422487,422489,2,13
422474,422487,422488,1,13
422474,422487,422488,1,13
422474,422487,422488,1,13
422474,422487,422488,1,13
422474,422487,422489,2,13
422474,422487,422489,2,13
422474,422487,422489,2,13
422474,422487,422490,3,13
422474,422486,422489,3,12
422474,422488,422489,1,14
422474,422488,422490,2,14
422474,422488,422490,2,14
422474,422489,422491,2,15
422474,422489,422491,2,15
422474,422488,422490,2,14
422474,422488,422491,3,14
422474,422489,422491,2,15
422474,422489,422491,2,15
422474,422489,422491,2,15
422474,422489,422491,2,15
422474,422489,422491,2,15
422474,422489,422490,1,15
422474,422490,422492,2,16
422474,422489,422491,2,15
422474,422490,422492,2,16
422474,422489,422491,2,15
422474,422489,422491,2,15
422474,422490,422492,2,16
422474,422490,422492,2,16
422474,422491,422493,2,17
422474,422490,422492,2,16
422474,422490,422492,2,16
422481,422491,422493,2,10
422481,422491,422493,2,10
422481,422491,422493,2,10
422481,422491,422492,1,10
422481,422491,422493,2,10
422481,422491,422492,1,10
422481,422491,422492,1,10
422481,422491,422492,1,10
422474,422491,422493,2,17
422481,422492,422494,2,11
422481,422492,422494,2,11
422481,422491,422493,2,10
422481,422492,422494,2,11
422481,422492,422493,1,11
422481,422493,422495,2,12
422481,422493,422495,2,12
422481,422492,422494,2,11
422481,422492,422494,2,11
422481,422493,422495,2,12
422481,422493,422495,2,12
422481,422493,422495,2,12
422481,422493,422495,2,12
422481,422493,422495,2,12
422481,422493,422495,2,12
422481,422493,422495,2,12
422481,422493,422495,2,12
422481,422494,422496,2,13
422481,422493,422495,2,12
422481,422494,422495,1,13
422481,422494,422496,2,13
422481,422495,422497,2,14
422481,422495,422497,2,14
422481,422495,422497,2,14
422481,422494,422496,2,13
422481,422494,422496,2,13
422481,422494,422496,2,13
422481,422495,422497,2,14
422481,422495,422497,2,14
422481,422495,422497,2,14
422481,422495,422497,2,14
422481,422495,422497,2,14
422481,422495,422497,2,14
422481,422495,422496,1,14
422481,422495,422497,2,14
422481,422495,422497,2,14
422481,422496,422498,2,15
422481,422496,422497,1,15
422481,422496,422498,2,15
422481,422497,422499,2,16
422481,422497,422499,2,16
422481,422497,422499,2,16
422481,422497,422499,2,16
422481,422497,422499,2,16
422481,422497,422498,1,16
422481,422497,422498,1,16
422481,422497,422498,1,16
422481,422497,422499,2,16
422481,422497,422498,1,16
422481,422498,422499,1,17
422481,422497,422499,2,16
422481,422498,422501,3,17
422481,422499,422501,2,18
422481,422498,422501,3,17
422481,422498,422501,3,17
422481,422499,422501,2,18
422481,422497,422501,4,16
422481,422497,422501,4,16
422481,422497,422501,4,16
422481,422499,422501,2,18
422481,422499,422501,2,18
422481,422499,422501,2,18
422481,422499,422501,2,18
422481,422499,422501,2,18
422481,422499,422501,2,18
422481,422499,422501,2,18
422481,422499,422501,2,18
422481,422493,422502,9,12
422481,422499,422502,3,18
422481,422499,422502,3,18
422481,422500,422503,3,19
422481,422501,422503,2,20
422481,422501,422503,2,20
422481,422501,422503,2,20
422481,422501,422503,2,20
422481,422502,422503,1,21
422481,422502,422504,2,21
422481,422501,422504,3,20
422481,422501,422504,3,20
422481,422501,422503,2,20
422481,422501,422504,3,20
422481,422501,422504,3,20
422481,422501,422504,3,20
422481,422501,422504,3,20
422481,422501,422504,3,20
422481,422502,422504,2,21
422481,422503,422504,1,22
422481,422502,422505,3,21
422481,422502,422504,2,21
422481,422503,422505,2,22
422481,422503,422505,2,22
422481,422503,422505,2,22
422481,422504,422505,1,23
422481,422504,422505,1,23
422481,422504,422505,1,23
422481,422504,422506,2,23
422481,422505,422506,1,24
422481,422505,422506,1,24
422481,422504,422507,3,23
422481,422504,422507,3,23
422481,422504,422507,3,23
422481,422504,422507,3,23
422481,422505,422507,2,24
422481,422505,422507,2,24
422481,422506,422508,2,25
422481,422506,422507,1,25
422481,422506,422508,2,25
422481,422505,422508,3,24
422481,422505,422508,3,24
422481,422504,422508,4,23
422481,422506,422508,2,25
422481,422506,422508,2,25
422481,422507,422508,1,26
422481,422507,422508,1,26
422481,422505,422508,3,24
422481,422505,422508,3,24
422481,422506,422508,2,25
422481,422502,422508,6,21
422481,422508,422509,1,27
422481,422508,422510,2,27
422481,422508,422510,2,27
422481,422507,422511,4,26
422481,422508,422510,2,27
422481,422507,422510,3,26
422481,422507,422510,3,26
422481,422509,422510,1,28
422481,422509,422510,1,28
422481,422509,422510,1,28
422481,422509,422510,1,28
422481,422508,422510,2,27
422481,422508,422511,3,27
422481,422508,422510,2,27
422481,422509,422511,2,28
422481,422509,422511,2,28
422481,422508,422511,3,27
422481,422509,422511,2,28
422481,422510,422511,1,29
422481,422510,422512,2,29
422481,422510,422512,2,29
422481,422509,422512,3,28
422481,422509,422515,6,28
422481,422511,422517,6,30
422555,422555,422682,127,0
422854,422855,423269,414,1
418339,418355,423328,4973,16
423329,423329,423330,1,0
423329,423329,423331,2,0
423329,423329,423331,2,0
423329,423329,423331,2,0
423329,423329,423331,2,0
423329,423329,423330,1,0
423329,423329,423331,2,0
423329,423329,423331,2,0
423329,423329,423331,2,0
423329,423329,423331,2,0
423329,423329,423331,2,0
423329,423329,423332,3,0
423329,423329,423332,3,0
423329,423329,423332,3,0
423329,423329,423332,3,0
423329,423329,423332,3,0
423329,423329,423332,3,0
423329,423329,423331,2,0
423329,423329,423331,2,0
423329,423331,423332,1,2
423329,423331,423333,2,2
423329,423331,423333,2,2
423329,423331,423333,2,2
423329,423331,423333,2,2
423329,423331,423333,2,2
423329,423331,423333,2,2
423329,423331,423333,2,2
423329,423331,423333,2,2
423329,423329,423332,3,0
423329,423332,423334,2,3
423329,423332,423334,2,3
423329,423332,423334,2,3
423329,423333,423334,1,4
423329,423332,423334,2,3
423329,423332,423334,2,3
423329,423332,423335,3,3
423329,423332,423335,3,3
423329,423332,423335,3,3
423329,423332,423335,3,3
423329,423333,423334,1,4
423329,423333,423335,2,4
423329,423333,423335,2,4
423329,423333,423335,2,4
423329,423333,423335,2,4
423329,423333,423335,2,4
423329,423333,423335,2,4
423329,423333,423335,2,4
423329,423332,423335,3,3
423329,423334,423336,2,5
423329,423334,423336,2,5
423329,423333,423336,3,4
423329,423335,423336,1,6
423329,423335,423337,2,6
423329,423335,423337,2,6
423329,423335,423337,2,6
423329,423335,423337,2,6
423329,423335,423336,1,6
423329,423335,423337,2,6
423329,423335,423337,2,6
423329,423335,423337,2,6
423329,423335,423337,2,6
423329,423335,423337,2,6
423329,423335,423337,2,6
423329,423335,423337,2,6
423329,423334,423337,3,5
423329,423337,423338,1,8
423329,423335,423338,3,6
423329,423335,423337,2,6
423329,423336,423338,2,7
423329,423337,423338,1,8
423329,423336,423338,2,7
423329,423337,423338,1,8
423329,423338,423339,1,9
423329,423337,423339,2,8
423329,423337,423339,2,8
423329,423337,423339,2,8
423329,423337,423339,2,8
423329,423337,423339,2,8
423329,423337,423339,2,8
423329,423338,423339,1,9
423329,423338,423339,1,9
423329,423338,423339,1,9
423329,423338,423339,1,9
423329,423338,423339,1,9
423329,423338,423340,2,9
423329,423338,423340,2,9
423329,423338,423340,2,9
423329,423339,423341,2,10
423329,423338,423341,3,9
423329,423340,423341,1,11
423329,423340,423341,1,11
423329,423340,423342,2,11
423329,423340,423341,1,11
423329,423340,423341,1,11
423329,423340,423341,1,11
423329,423340,423341,1,11
423329,423339,423341,2,10
423329,423339,423341,2,10
423329,423339,423341,2,10
423329,423339,423342,3,10
423329,423339,423342,3,10
423329,423339,423342,3,10
423329,423339,423342,3,10
423329,423339,423342,3,10
423329,423341,423342,1,12
423329,423341,423343,2,12
423329,423341,423343,2,12
423329,423342,423343,1,13
423329,423342,423343,1,13
423329,423342,423343,1,13
423329,423342,423343,1,13
423329,423342,423343,1,13
423329,423342,423343,1,13
423329,423342,423344,2,13
423329,423341,423343,2,12
423329,423342,423344,2,13
423329,423342,423344,2,13
423329,423343,423345,2,14
423329,423343,423345,2,14
423329,423342,423345,3,13
423329,423343,423345,2,14
423329,423342,423345,3,13
423329,423343,423345,2,14
423329,423343,423345,2,14
423329,423344,423345,1,15
423329,423344,423345,1,15
423329,423344,423345,1,15
423329,423344,423345,1,15
423329,423344,423345,1,15
423329,423344,423345,1,15
423329,423344,423346,2,15
423329,423342,423345,3,13
423329,423342,423345,3,13
423329,423344,423347,3,15
423329,423346,423347,1,17
423329,423344,423347,3,15
423329,423345,423347,2,16
423329,423345,423347,2,16
423329,423345,423347,2,16
423329,423346,423348,2,17
423329,423346,423348,2,17
423329,423346,423347,1,17
423329,423346,423348,2,17
423329,423346,423348,2,17
423329,423346,423348,2,17
423329,423346,423348,2,17
423329,423346,423348,2,17
423329,423346,423349,3,17
423329,423346,423348,2,17
423329,423346,423350,4,17
419908,419931,423489,3558,23
423490,423490,423491,1,0
423490,423490,423492,2,0
423490,423490,423492,2,0
423490,423490,423492,2,0
423490,423490,423491,1,0
423490,423490,423491,1,0
423490,423490,423492,2,0
423490,423490,423491,1,0
423490,423490,423492,2,0
423490,423490,423492,2,0
423490,423490,423492,2,0
423490,423490,423492,2,0
423490,423490,423492,2,0
423490,423490,423492,2,0
423490,423490,423492,2,0
423490,423490,423492,2,0
423490,423490,423492,2,0
423490,423490,423492,2,0
423490,423490,423492,2,0
423490,423490,423492,2,0
423490,423492,423493,1,2
423490,423492,423493,1,2
423490,423492,423493,1,2
423490,423492,423493,1,2
423490,423492,423493,1,2
423490,423492,423493,1,2
423490,423492,423493,1,2
423490,423493,423495,2,3
423490,423492,423494,2,2
423490,423493,423495,2,3
423490,423492,423494,2,2
423490,423493,423495,2,3
423490,423493,423495,2,3
423490,423493,423495,2,3
423490,423493,423495,2,3
423490,423493,423496,3,3
423490,423493,423496,3,3
423490,423493,423496,3,3
423490,423493,423496,3,3
423490,423493,423495,2,3
423490,423494,423497,3,4
423490,423494,423496,2,4
423490,423494,423498,4,4
423490,423494,423497,3,4
423490,423495,423498,3,5
423490,423496,423498,2,6
423490,423496,423498,2,6
423490,423494,423497,3,4
423490,423495,423498,3,5
423490,423497,423498,1,7
423490,423494,423497,3,4
423490,423494,423497,3,4
423490,423497,423498,1,7
423490,423496,423499,3,6
423490,423496,423498,2,6
423490,423496,423498,2,6
423490,423496,423498,2,6
423490,423495,423498,3,5
423490,423495,423498,3,5
423490,423496,423499,3,6
423490,423496,423498,2,6
423490,423496,423498,2,6
423490,423498,423499,1,8
423490,423498,423499,1,8
423490,423498,423500,2,8
423490,423498,423499,1,8
423490,423498,423499,1,8
423490,423498,423499,1,8
423490,423498,423499,1,8
423490,423498,423500,2,8
423490,423498,423501,3,8
423490,423498,423501,3,8
423490,423499,423503,4,9
423490,423500,423503,3,10
423490,423499,423503,4,9
423490,423499,423503,4,9
423490,423500,423503,3,10
423490,423499,423503,4,9
423490,423500,423503,3,10
423490,423500,423503,3,10
423490,423499,423503,4,9
423490,423499,423503,4,9
423490,423499,423503,4,9
423490,423499,423503,4,9
423490,423499,423503,4,9
423490,423500,423503,3,10
423490,423499,423503,4,9
423490,423500,423503,3,10
423490,423500,423503,3,10
423490,423500,423504,4,10
423490,423503,423505,2,13
423490,423503,423504,1,13
423490,423502,423504,2,12
423490,423502,423505,3,12
423490,423503,423504,1,13
423490,423503,423505,2,13
423490,423503,423505,2,13
423490,423504,423506,2,14
423490,423503,423506,3,13
423490,423503,423506,3,13
423490,423504,423506,2,14
423490,423504,423507,3,14
423490,423504,423507,3,14
423490,423504,423507,3,14
423490,423504,423507,3,14
423490,423504,423507,3,14
423490,423504,423506,2,14
423490,423503,423506,3,13
423490,423504,423506,2,14
423490,423505,423508,3,15
423490,423504,423507,3,14
423490,423505,423508,3,15
423490,423505,423508,3,15
423490,423505,423508,3,15
423490,423505,423508,3,15
423490,423506,423509,3,16
423490,423506,423509,3,16
423490,423506,423509,3,16
423490,423507,423509,2,17
423490,423505,423509,4,15
423490,423505,423508,3,15
423490,423507,423509,2,17
423490,423508,423510,2,18
423490,423507,423510,3,17
423490,423507,423510,3,17
423490,423507,423510,3,17
423490,423507,423510,3,17
423490,423508,423510,2,18
423490,423506,423509,3,16
423490,423508,423510,2,18
423490,423508,423510,2,18
423490,423508,423510,2,18
423490,423507,423510,3,17
423490,423508,423511,3,18
423490,423509,423511,2,19
423490,423509,423511,2,19
423490,423507,423511,4,17
423490,423509,423511,2,19
423490,423510,423512,2,20
423490,423509,423512,3,19
423490,423510,423512,2,20
423490,423510,423512,2,20
423490,423509,423512,3,19
423490,423510,423512,2,20
423490,423509,423512,3,19
423490,423510,423513,3,20
423490,423510,423513,3,20
423490,423510,423513,3,20
423490,423509,423513,4,19
423490,423510,423514,4,20
419910,419951,423523,3572,41
423524,423524,423526,2,0
423524,423524,423526,2,0
423524,423524,423526,2,0
423524,423524,423526,2,0
423524,423524,423526,2,0
423524,423524,423527,3,0
423524,423524,423527,3,0
423524,423524,423527,3,0
423524,423524,423527,3,0
423524,423524,423526,2,0
423524,423524,423527,3,0
423524,423524,423527,3,0
423524,423524,423527,3,0
423524,423524,423527,3,0
423524,423524,423527,3,0
423524,423524,423527,3,0
423524,423524,423527,3,0
423524,423524,423527,3,0
423524,423526,423528,2,2
423524,423526,423528,2,2
423524,423526,423528,2,2
423524,423527,423529,2,3
423524,423528,423529,1,4
423524,423528,423529,1,4
423524,423527,423530,3,3
423524,423527,423530,3,3
423524,423527,423530,3,3
423524,423527,423530,3,3
423524,423528,423530,2,4
423524,423529,423530,1,5
423524,423527,423530,3,3
423524,423528,423530,2,4
423524,423529,423530,1,5
423524,423528,423530,2,4
423524,423528,423530,2,4
423524,423528,423530,2,4
423524,423528,423530,2,4
423524,423528,423530,2,4
423524,423530,423531,1,6
423524,423528,423531,3,4
423524,423530,423531,1,6
423524,423530,423531,1,6
423524,423524,423532,8,0
423524,423524,423532,8,0
423524,423531,423532,1,7
423524,423531,423533,2,7
423524,423531,423532,1,7
423524,423532,423533,1,8
423524,423531,423533,2,7
423524,423531,423533,2,7
423524,423530,423533,3,6
423524,423531,423533,2,7
423524,423531,423533,2,7
423524,423531,423533,2,7
423524,423531,423534,3,7
423524,423531,423533,2,7
423524,423531,423533,2,7
423524,423531,423533,2,7
423524,423531,423533,2,7
423524,423532,423533,1,8
423524,423532,423533,1,8
423524,423532,423533,1,8
423524,423533,423534,1,9
423524,423533,423534,1,9
423524,423533,423534,1,9
423524,423533,423534,1,9
423524,423533,423535,2,9
423524,423533,423535,2,9
423524,423534,423536,2,10
423524,423534,423535,1,10
423524,423534,423536,2,10
423524,423534,423536,2,10
423524,423534,423536,2,10
423524,423534,423536,2,10
423524,423534,423536,2,10
423524,423534,423536,2,10
423524,423535,423536,1,11
423524,423535,423536,1,11
423524,423535,423536,1,11
423524,423534,423536,2,10
423524,423534,423536,2,10
423524,423534,423537,3,10
423524,423534,423536,2,10
423524,423535,423537,2,11
423524,423536,423537,1,12
423524,423536,423538,2,12
423524,423537,423538,1,13
423524,423537,423538,1,13
423524,423537,423539,2,13
423524,423536,423538,2,12
423524,423536,423538,2,12
423524,423537,423539,2,13
423524,423537,423539,2,13
423524,423537,423539,2,13
423524,423537,423539,2,13
423524,423537,423539,2,13
423524,423537,423539,2,13
423524,423533,423539,6,9
423524,423538,423539,1,14
423524,423537,423539,2,13
423524,423537,423539,2,13
423524,423537,423540,3,13
423524,423538,423540,2,14
423524,423539,423541,2,15
423524,423539,423541,2,15
423524,423533,423540,7,9
423524,423537,423540,3,13
423524,423538,423541,3,14
423524,423539,423541,2,15
423524,423539,423542,3,15
423524,423539,423541,2,15
423524,423540,423542,2,16
423524,423540,423543,3,16
423524,423541,423543,2,17
423524,423540,423543,3,16
423524,423541,423543,2,17
423524,423540,423543,3,16
423524,423541,423543,2,17
423524,423540,423544,4,16
423524,423540,423543,3,16
423524,423540,423544,4,16
423524,423540,423543,3,16
423524,423542,423543,1,18
423524,423540,423544,4,16
423524,423540,423544,4,16
423524,423540,423543,3,16
423524,423543,423545,2,19
423524,423543,423544,1,19
423524,423543,423544,1,19
423524,423542,423544,2,18
423524,423542,423545,3,18
423524,423541,423544,3,17
423524,423543,423546,3,19
423524,423543,423545,2,19
423524,423544,423546,2,20
423524,423544,423546,2,20
423524,423543,423546,3,19
423524,423543,423546,3,19
423524,423544,423547,3,20
423524,423545,423547,2,21
423524,423544,423547,3,20
423524,423544,423547,3,20
423524,423544,423547,3,20
423524,423544,423547,3,20
423524,423544,423547,3,20
423524,423545,423548,3,21
423524,423540,423547,7,16
423524,423541,423548,7,17
423524,423545,423548,3,21
423524,423545,423548,3,21
418608,418625,423592,4967,17
423594,423594,423595,1,0
423594,423594,423595,1,0
423594,423594,423595,1,0
423594,423594,423595,1,0
423594,423594,423595,1,0
423594,423594,423595,1,0
423594,423594,423596,2,0
423594,423594,423596,2,0
423594,423594,423596,2,0
423594,423594,423596,2,0
423594,423594,423596,2,0
423594,423594,423597,3,0
423594,423594,423597,3,0
423594,423594,423597,3,0
423594,423594,423596,2,0
423594,423594,423596,2,0
423594,423594,423596,2,0
423594,423594,423596,2,0
423594,423596,423597,1,2
423594,423596,423597,1,2
423594,423596,423598,2,2
423594,423596,423597,1,2
423594,423596,423598,2,2
423594,423596,423598,2,2
423594,423597,423599,2,3
423594,423597,423598,1,3
423594,423594,423599,5,0
423594,423594,423599,5,0
423594,423597,423599,2,3
423594,423597,423599,2,3
423594,423597,423599,2,3
423594,423597,423600,3,3
423594,423598,423599,1,4
423594,423598,423599,1,4
423594,423598,423600,2,4
423594,423598,423600,2,4
423594,423597,423600,3,3
423594,423597,423599,2,3
423594,423597,423599,2,3
423594,423597,423599,2,3
423594,423597,423599,2,3
423594,423598,423600,2,4
423594,423598,423600,2,4
423594,423599,423601,2,5
423594,423597,423600,3,3
423594,423599,423602,3,5
423594,423600,423602,2,6
423594,423600,423602,2,6
423594,423600,423602,2,6
423594,423599,423602,3,5
423594,423599,423602,3,5
423594,423600,423603,3,6
423594,423600,423603,3,6
423594,423601,423603,2,7
423594,423600,423603,3,6
423594,423600,423602,2,6
423594,423600,423603,3,6
423594,423600,423602,2,6
423594,423600,423603,3,6
423594,423600,423603,3,6
423594,423600,423603,3,6
423594,423600,423603,3,6
423594,423600,423603,3,6
423594,423602,423604,2,8
423594,423600,423603,3,6
423594,423602,423604,2,8
423594,423602,423604,2,8
423594,423603,423605,2,9
423594,423603,423605,2,9
423594,423601,423604,3,7
423594,423603,423605,2,9
423594,423602,423604,2,8
423594,423602,423605,3,8
423594,423603,423605,2,9
423594,423603,423606,3,9
423594,423603,423606,3,9
423594,423604,423606,2,10
423594,423603,423606,3,9
423594,423603,423606,3,9
423594,423603,423606,3,9
423594,423604,423606,2,10
423594,423602,423606,4,8
423594,423605,423607,2,11
423594,423605,423607,2,11
423594,423603,423607,4,9
423594,423604,423607,3,10
423594,423605,423607,2,11
423594,423604,423607,3,10
423594,423605,423607,2,11
423594,423604,423606,2,10
423594,423606,423607,1,12
423594,423606,423608,2,12
423594,423605,423608,3,11
423594,423606,423608,2,12
423594,423606,423608,2,12
423594,423607,423608,1,13
423594,423606,423609,3,12
423594,423606,423609,3,12
423594,423606,423609,3,12
423594,423607,423609,2,13
423594,423607,423609,2,13
423594,423607,423609,2,13
423594,423606,423608,2,12
423594,423606,423608,2,12
423594,423607,423609,2,13
423594,423607,423609,2,13
423594,423607,423611,4,13
423594,423607,423611,4,13
423594,423607,423611,4,13
423594,423608,423611,3,14
423594,423608,423611,3,14
423594,423607,423611,4,13
423594,423608,423611,3,14
423594,423608,423612,4,14
423594,423609,423612,3,15
423594,423609,423613,4,15
423594,423609,423612,3,15
423594,423610,423613,3,16
423594,423609,423613,4,15
423594,423609,423613,4,15
423594,423608,423613,5,14
423594,423609,423614,5,15
423594,423609,423613,4,15
423594,423611,423614,3,17
423594,423611,423614,3,17
423594,423610,423614,4,16
423594,423609,423614,5,15
423594,423611,423615,4,17
423594,423611,423615,4,17
423594,423612,423615,3,18
423594,423612,423615,3,18
423594,423613,423615,2,19
423594,423610,423615,5,16
423594,423613,423616,3,19
423594,423611,423615,4,17
423594,423613,423616,3,19
423594,423613,423616,3,19
423594,423613,423616,3,19
423594,423614,423617,3,20
423594,423615,423617,2,21
423594,423614,423617,3,20
423594,423613,423617,4,19
423594,423614,423617,3,20
423594,423615,423618,3,21
423594,423614,423618,4,20
423594,423614,423618,4,20
423594,423615,423618,3,21
423594,423616,423618,2,22
423594,423616,423618,2,22
423594,423615,423619,4,21
420126,420142,423640,3498,16
423641,423641,423643,2,0
423641,423641,423643,2,0
423641,423641,423643,2,0
423641,423641,423643,2,0
423641,423641,423643,2,0
423641,423641,423643,2,0
423641,423641,423643,2,0
423641,423641,423643,2,0
423641,423641,423644,3,0
423641,423641,423643,2,0
423641,423641,423645,4,0
423641,423641,423645,4,0
423641,423641,423644,3,0
423641,423641,423644,3,0
423641,423641,423644,3,0
423641,423641,423644,3,0
423641,423641,423644,3,0
423641,423643,423646,3,2
423641,423643,423646,3,2
423641,423643,423645,2,2
423641,423643,423646,3,2
423641,423643,423646,3,2
423641,423643,423646,3,2
423641,423644,423646,2,3
423641,423645,423648,3,4
423641,423644,423648,4,3
423641,423644,423648,4,3
423641,423644,423648,4,3
423641,423645,423648,3,4
423641,423645,423649,4,4
423641,423646,423649,3,5
423641,423646,423649,3,5
423641,423645,423648,3,4
423641,423645,423649,4,4
423641,423645,423650,5,4
423641,423646,423649,3,5
423641,423646,423650,4,5
423641,423646,423650,4,5
423641,423645,423649,4,4
423641,423646,423651,5,5
423641,423648,423652,4,7
423641,423648,423652,4,7
423641,423648,423652,4,7
423641,423647,423652,5,6
423641,423649,423652,3,8
423641,423649,423652,3,8
423641,423648,423652,4,7
423641,423650,423653,3,9
423641,423650,423653,3,9
423641,423650,423653,3,9
423641,423649,423653,4,8
423641,423649,423654,5,8
423641,423641,423654,13,0
423641,423649,423653,4,8
423641,423650,423653,3,9
423641,423649,423654,5,8
423641,423652,423654,2,11
423641,423652,423654,2,11
423641,423651,423654,3,10
423641,423651,423655,4,10
423641,423652,423655,3,11
423641,423652,423655,3,11
423641,423654,423655,1,13
423641,423652,423655,3,11
423641,423654,423655,1,13
423641,423653,423655,2,12
423641,423652,423656,4,11
423641,423655,423657,2,14
423641,423654,423656,2,13
423641,423654,423657,3,13
423641,423653,423657,4,12
423641,423655,423657,2,14
423641,423654,423658,4,13
423641,423654,423658,4,13
423641,423654,423658,4,13
423641,423656,423658,2,15
423641,423656,423658,2,15
423641,423656,423658,2,15
423641,423657,423659,2,16
423641,423655,423658,3,14
423641,423656,423658,2,15
423641,423655,423659,4,14
423641,423656,423659,3,15
423641,423656,423660,4,15
423641,423655,423660,5,14
423641,423658,423660,2,17
423641,423657,423661,4,16
423641,423657,423660,3,16
423641,423658,423661,3,17
423641,423659,423662,3,18
423641,423659,423661,2,18
423641,423659,423661,2,18
423641,423655,423662,7,14
423641,423659,423662,3,18
423641,423659,423662,3,18
423641,423661,423663,2,20
423641,423659,423662,3,18
423641,423660,423662,2,19
423641,423659,423662,3,18
423641,423659,423662,3,18
423641,423660,423663,3,19
423641,423661,423663,2,20
423641,423659,423663,4,18
423641,423662,423663,1,21
423641,423662,423663,1,21
423641,423662,423664,2,21
423641,423662,423663,1,21
423641,423661,423664,3,20
423641,423661,423664,3,20
423641,423661,423664,3,20
423641,423663,423665,2,22
423641,423664,423665,1,23
423641,423663,423665,2,22
423641,423663,423665,2,22
423641,423663,423665,2,22
423641,423663,423665,2,22
423641,423663,423666,3,22
423641,423664,423666,2,23
423641,423663,423666,3,22
423641,423664,423666,2,23
423641,423664,423666,2,23
423641,423663,423666,3,22
423641,423663,423666,3,22
423641,423664,423667,3,23
423641,423664,423667,3,23
423641,423664,423668,4,23
423641,423664,423668,4,23
423641,423666,423668,2,25
423641,423665,423668,3,24
423641,423662,423669,7,21
423641,423665,423669,4,24
423641,423666,423669,3,25
423641,423666,423669,3,25
423641,423666,423670,4,25
423641,423667,423670,3,26
423641,423666,423670,4,25
423641,423668,423671,3,27
423641,423667,423670,3,26
423641,423669,423671,2,28
423641,423666,423670,4,25
423641,423667,423671,4,26
423641,423667,423671,4,26
423641,423667,423671,4,26
423641,423668,423671,3,27
423641,423667,423671,4,26
423641,423668,423671,3,27
423641,423667,423671,4,26
423641,423669,423673,4,28
423641,423669,423673,4,28
423641,423669,423675,6,28
420468,420487,423920,3433,19
423921,423921,423923,2,0
423921,423921,423923,2,0
423921,423921,423923,2,0
423921,423921,423923,2,0
423921,423921,423923,2,0
423921,423921,423923,2,0
423921,423921,423923,2,0
423921,423921,423923,2,0
423921,423921,423923,2,0
423921,423921,423923,2,0
423921,423922,423924,2,1
423921,423921,423924,3,0
423921,423921,423924,3,0
423921,423922,423924,2,1
423921,423922,423924,2,1
423921,423921,423925,4,0
423921,423921,423925,4,0
423921,423921,423925,4,0
423921,423924,423925,1,3
423921,423922,423925,3,1
423921,423922,423925,3,1
423921,423924,423925,1,3
423921,423924,423925,1,3
423921,423924,423925,1,3
423921,423924,423925,1,3
423921,423924,423926,2,3
423921,423925,423926,1,4
423921,423925,423926,1,4
423921,423924,423926,2,3
423921,423924,423926,2,3
423921,423924,423926,2,3
423921,423924,423926,2,3
423921,423924,423926,2,3
423921,423926,423927,1,5
423921,423926,423927,1,5
423921,423926,423927,1,5
423921,423925,423927,2,4
423921,423926,423927,1,5
423921,423926,423927,1,5
423921,423925,423927,2,4
423921,423925,423927,2,4
423921,423926,423928,2,5
423921,423926,423928,2,5
423921,423926,423928,2,5
423921,423926,423928,2,5
423921,423927,423928,1,6
423921,423927,423928,1,6
423921,423927,423928,1,6
423921,423927,423928,1,6
423921,423928,423929,1,7
423921,423927,423929,2,6
423921,423928,423929,1,7
423921,423928,423929,1,7
423921,423928,423929,1,7
423921,423928,423929,1,7
423921,423928,423929,1,7
423921,423927,423929,2,6
423921,423927,423929,2,6
423921,423928,423930,2,7
423921,423928,423929,1,7
423921,423928,423930,2,7
423921,423929,423930,1,8
423921,423929,423930,1,8
423921,423929,423930,1,8
423921,423929,423930,1,8
423921,423929,423931,2,8
423921,423929,423931,2,8
423921,423930,423931,1,9
423921,423929,423931,2,8
423921,423929,423931,2,8
423921,423930,423931,1,9
423921,423930,423931,1,9
423921,423930,423931,1,9
423921,423930,423931,1,9
423921,423930,423932,2,9
423921,423930,423932,2,9
423921,423930,423932,2,9
423921,423931,423933,2,10
423921,423930,423932,2,9
423921,423930,423932,2,9
423921,423931,423932,1,10
423921,423931,423932,1,10
423921,423931,423932,1,10
423921,423930,423933,3,9
423921,423932,423933,1,11
423921,423932,423933,1,11
423921,423932,423934,2,11
423921,423932,423933,1,11
423921,423932,423934,2,11
423921,423932,423934,2,11
423921,423931,423933,2,10
423921,423932,423934,2,11
423921,423932,423934,2,11
423921,423932,423934,2,11
423921,423932,423935,3,11
423921,423933,423934,1,12
423921,423933,423935,2,12
423921,423933,423935,2,12
423921,423933,423935,2,12
423921,423934,423936,2,13
423921,423932,423935,3,11
423921,423932,423935,3,11
423921,423933,423935,2,12
423921,423934,423936,2,13
423921,423934,423936,2,13
423921,423934,423936,2,13
423921,423933,423935,2,12
423921,423934,423936,2,13
423921,423933,423936,3,12
423921,423934,423936,2,13
423921,423934,423936,2,13
423921,423935,423937,2,14
423921,423935,423937,2,14
423921,423935,423937,2,14
423921,423935,423937,2,14
423921,423936,423938,2,15
423921,423936,423938,2,15
423921,423935,423937,2,14
423921,423936,423938,2,15
423921,423936,423938,2,15
423921,423935,423938,3,14
423921,423936,423938,2,15
423921,423936,423938,2,15
423921,423937,423939,2,16
423921,423935,423938,3,14
423921,423936,423939,3,15
423921,423937,423939,2,16
423921,423937,423939,2,16
423921,423937,423939,2,16
423921,423936,423939,3,15
423921,423936,423939,3,15
423921,423936,423939,3,15
423921,423937,423939,2,16
423921,423938,423940,2,17
423921,423938,423940,2,17
423921,423937,423940,3,16
423921,423938,423940,2,17
423921,423938,423940,2,17
423921,423938,423940,2,17
423921,423939,423941,2,18
423921,423939,423941,2,18
423921,423939,423941,2,18
423921,423939,423941,2,18
423921,423939,423941,2,18
423921,423939,423941,2,18
423921,423939,423941,2,18
423921,423939,423941,2,18
423921,423939,423942,3,18
423921,423939,423942,3,18
423921,423940,423945,5,19
420362,420383,424157,3774,21
424158,424159,424161,2,1
424158,424159,424162,3,1
424158,424159,424162,3,1
424158,424159,424162,3,1
424158,424159,424162,3,1
424158,424159,424162,3,1
424158,424159,424163,4,1
424158,424159,424163,4,1
424158,424159,424163,4,1
424158,424159,424163,4,1
424158,424159,424163,4,1
424158,424159,424163,4,1
424158,424159,424163,4,1
424158,424159,424163,4,1
424158,424159,424163,4,1
424158,424159,424163,4,1
424158,424159,424163,4,1
424158,424159,424163,4,1
424158,424159,424163,4,1
424158,424159,424163,4,1
424158,424162,424163,1,4
424158,424163,424165,2,5
424158,424163,424164,1,5
424158,424163,424165,2,5
424158,424163,424165,2,5
424158,424164,424165,1,6
424158,424164,424166,2,6
424158,424164,424166,2,6
424158,424163,424165,2,5
424158,424164,424166,2,6
424158,424164,424166,2,6
424158,424164,424165,1,6
424158,424164,424166,2,6
424158,424164,424166,2,6
424158,424164,424166,2,6
424158,424164,424166,2,6
424158,424164,424166,2,6
424158,424165,424167,2,7
424158,424164,424167,3,6
424158,424164,424167,3,6
424158,424164,424167,3,6
424158,424164,424167,3,6
424158,424165,424167,2,7
424158,424165,424167,2,7
424158,424166,424168,2,8
424158,424166,424168,2,8
424158,424166,424168,2,8
424158,424166,424168,2,8
424158,424166,424168,2,8
424158,424166,424168,2,8
424158,424166,424169,3,8
424158,424168,424169,1,10
424158,424167,424169,2,9
424158,424166,424169,3,8
424158,424167,424169,2,9
424158,424167,424169,2,9
424158,424166,424169,3,8
424158,424167,424169,2,9
424158,424168,424169,1,10
424158,424168,424169,1,10
424158,424168,424169,1,10
424158,424169,424170,1,11
424158,424169,424171,2,11
424158,424169,424170,1,11
424158,424169,424170,1,11
424158,424168,424170,2,10
424158,424168,424170,2,10
424158,424168,424170,2,10
424158,424168,424170,2,10
424158,424169,424170,1,11
424158,424169,424170,1,11
424158,424169,424171,2,11
424158,424170,424171,1,12
424158,424170,424172,2,12
424158,424170,424173,3,12
424158,424170,424172,2,12
424158,424170,424172,2,12
424158,424170,424172,2,12
424158,424170,424172,2,12
424158,424170,424172,2,12
424158,424171,424172,1,13
424158,424171,424172,1,13
424158,424171,424172,1,13
424158,424170,424172,2,12
424158,424171,424173,2,13
424158,424171,424173,2,13
424158,424171,424173,2,13
424158,424171,424173,2,13
424158,424171,424174,3,13
424158,424171,424174,3,13
424158,424171,424173,2,13
424158,424171,424174,3,13
424158,424172,424174,2,14
424158,424172,424174,2,14
424158,424173,424174,1,15
424158,424173,424175,2,15
424158,424173,424175,2,15
424158,424173,424175,2,15
424158,424173,424175,2,15
424158,424173,424175,2,15
424158,424173,424175,2,15
424158,424173,424175,2,15
424158,424173,424176,3,15
424158,424174,424176,2,16
424158,424173,424176,3,15
424158,424173,424175,2,15
424158,424173,424176,3,15
424158,424173,424176,3,15
424158,424173,424176,3,15
424158,424175,424177,2,17
424158,424174,424177,3,16
424158,424174,424177,3,16
424158,424174,424176,2,16
424158,424175,424177,2,17
424158,424175,424178,3,17
424158,424175,424177,2,17
424158,424174,424178,4,16
424158,424174,424178,4,16
424158,424175,424178,3,17
424158,424176,424179,3,18
424158,424177,424179,2,19
424158,424177,424179,2,19
424158,424176,424178,2,18
424158,424176,424179,3,18
424158,424176,424178,2,18
424158,424177,424179,2,19
424158,424176,424179,3,18
424158,424177,424180,3,19
424158,424176,424179,3,18
424158,424176,424179,3,18
424158,424178,424180,2,20
424158,424178,424180,2,20
424158,424178,424180,2,20
424158,424177,424180,3,19
424158,424177,424180,3,19
424158,424178,424180,2,20
424158,424177,424180,3,19
424158,424179,424181,2,21
424158,424179,424181,2,21
424158,424179,424181,2,21
424158,424178,424181,3,20
424158,424178,424181,3,20
424158,424179,424181,2,21
424158,424179,424181,2,21
424158,424179,424182,3,21
424158,424180,424183,3,22
424158,424180,424182,2,22
424158,424180,424182,2,22
424158,424179,424182,3,21
424158,424180,424183,3,22
419205,419221,424393,5172,16
424394,424394,424396,2,0
424394,424394,424396,2,0
424394,424394,424396,2,0
424394,424394,424396,2,0
424394,424394,424396,2,0
424394,424394,424396,2,0
424394,424394,424395,1,0
424394,424394,424396,2,0
424394,424394,424396,2,0
424394,424394,424396,2,0
424394,424394,424396,2,0
424394,424394,424397,3,0
424394,424394,424396,2,0
424394,424394,424396,2,0
424394,424394,424397,3,0
424394,424394,424397,3,0
424394,424394,424397,3,0
424394,424394,424397,3,0
424394,424394,424396,2,0
424394,424394,424396,2,0
424394,424396,424398,2,2
424394,424396,424398,2,2
424394,424396,424398,2,2
424394,424396,424398,2,2
424394,424396,424398,2,2
424394,424396,424398,2,2
424394,424396,424398,2,2
424394,424396,424398,2,2
424394,424396,424398,2,2
424394,424397,424399,2,3
424394,424396,424398,2,2
424394,424397,424399,2,3
424394,424397,424399,2,3
424394,424397,424399,2,3
424394,424397,424400,3,3
424394,424398,424400,2,4
424394,424398,424400,2,4
424394,424398,424400,2,4
424394,424397,424400,3,3
424394,424397,424400,3,3
424394,424397,424400,3,3
424394,424397,424400,3,3
424394,424398,424400,2,4
424394,424398,424400,2,4
424394,424398,424400,2,4
424394,424398,424400,2,4
424394,424398,424400,2,4
424394,424398,424400,2,4
424394,424397,424399,2,3
424394,424399,424401,2,5
424394,424400,424402,2,6
424394,424399,424402,3,5
424394,424399,424402,3,5
424394,424400,424402,2,6
424394,424400,424402,2,6
424394,424400,424402,2,6
424394,424400,424402,2,6
424394,424400,424402,2,6
424394,424399,424402,3,5
424394,424400,424402,2,6
424394,424400,424403,3,6
424394,424400,424403,3,6
424394,424400,424403,3,6
424394,424400,424403,3,6
424394,424400,424403,3,6
424394,424400,424403,3,6
424394,424400,424402,2,6
424394,424400,424402,2,6
424394,424400,424402,2,6
424394,424402,424404,2,8
424394,424402,424403,1,8
424394,424402,424404,2,8
424394,424402,424404,2,8
424394,424402,424404,2,8
424394,424403,424404,1,9
424394,424402,424404,2,8
424394,424402,424404,2,8
424394,424402,424404,2,8
424394,424403,424405,2,9
424394,424404,424405,1,10
424394,424404,424405,1,10
424394,424404,424405,1,10
424394,424404,424405,1,10
424394,424403,424405,2,9
424394,424403,424406,3,9
424394,424403,424406,3,9
424394,424403,424406,3,9
424394,424404,424406,2,10
424394,424404,424406,2,10
424394,424404,424406,2,10
424394,424404,424406,2,10
424394,424405,424406,1,11
424394,424405,424406,1,11
424394,424405,424406,1,11
424394,424404,424407,3,10
424394,424404,424407,3,10
424394,424404,424408,4,10
424394,424407,424409,2,13
424394,424407,424409,2,13
424394,424406,424410,4,12
424394,424406,424409,3,12
424394,424407,424409,2,13
424394,424406,424409,3,12
424394,424406,424409,3,12
424394,424407,424410,3,13
424394,424407,424410,3,13
424394,424406,424410,4,12
424394,424406,424409,3,12
424394,424406,424410,4,12
424394,424407,424410,3,13
424394,424405,424410,5,11
424394,424408,424410,2,14
424394,424406,424410,4,12
424394,424407,424410,3,13
424394,424406,424410,4,12
424394,424406,424410,4,12
424394,424410,424411,1,16
424394,424409,424411,2,15
424394,424410,424412,2,16
424394,424410,424411,1,16
424394,424410,424412,2,16
424394,424410,424412,2,16
424394,424410,424412,2,16
424394,424410,424412,2,16
424394,424410,424412,2,16
424394,424410,424412,2,16
424394,424410,424413,3,16
424394,424410,424413,3,16
424394,424412,424414,2,18
424394,424412,424414,2,18
424394,424412,424414,2,18
424394,424413,424414,1,19
424394,424411,424414,3,17
424394,424413,424415,2,19
424394,424413,424415,2,19
424394,424411,424415,4,17
424394,424412,424415,3,18
424394,424411,424414,3,17
424394,424413,424414,1,19
424394,424413,424415,2,19
424394,424413,424415,2,19
424394,424410,424415,5,16
424394,424410,424415,5,16
424394,424411,424415,4,17
424394,424411,424415,4,17
424394,424413,424415,2,19
424394,424411,424416,5,17
424394,424414,424416,2,20
424394,424413,424416,3,19
424394,424414,424416,2,20
419793,419809,424805,4996,16
424806,424807,424808,1,1
424806,424807,424808,1,1
424806,424807,424808,1,1
424806,424807,424808,1,1
424806,424807,424808,1,1
424806,424807,424808,1,1
424806,424807,424808,1,1
424806,424807,424809,2,1
424806,424807,424808,1,1
424806,424807,424809,2,1
424806,424807,424809,2,1
424806,424807,424809,2,1
424806,424807,424809,2,1
424806,424807,424809,2,1
424806,424807,424809,2,1
424806,424807,424809,2,1
424806,424807,424809,2,1
424806,424807,424809,2,1
424806,424807,424809,2,1
424806,424807,424810,3,1
424806,424809,424810,1,3
421346,421363,424810,3447,17
424806,424809,424810,1,3
424806,424809,424810,1,3
424806,424809,424810,1,3
424806,424809,424810,1,3
424806,424809,424810,1,3
424806,424809,424811,2,3
424806,424809,424810,1,3
424806,424810,424811,1,4
424806,424809,424811,2,3
424806,424810,424812,2,4
424806,424810,424811,1,4
424806,424810,424812,2,4
424806,424811,424812,1,5
424806,424811,424812,1,5
424806,424810,424812,2,4
424806,424810,424812,2,4
424806,424811,424812,1,5
424806,424811,424812,1,5
424806,424811,424812,1,5
424806,424810,424812,2,4
424806,424810,424812,2,4
424806,424810,424812,2,4
424806,424810,424812,2,4
424806,424811,424812,1,5
424806,424811,424813,2,5
424806,424811,424813,2,5
424806,424811,424812,1,5
424806,424811,424813,2,5
424806,424813,424814,1,7
424806,424813,424814,1,7
424806,424812,424814,2,6
424806,424813,424814,1,7
424806,424813,424814,1,7
424806,424812,424814,2,6
424806,424813,424815,2,7
424806,424812,424814,2,6
424806,424812,424814,2,6
424806,424813,424814,1,7
424806,424813,424814,1,7
424806,424813,424815,2,7
424806,424813,424815,2,7
424806,424813,424815,2,7
424806,424813,424814,1,7
424806,424813,424814,1,7
424806,424813,424814,1,7
424806,424812,424814,2,6
424806,424813,424814,1,7
424806,424813,424815,2,7
424806,424814,424815,1,8
424806,424813,424815,2,7
424806,424814,424815,1,8
424806,424814,424816,2,8
424806,424815,424816,1,9
424806,424815,424816,1,9
424806,424815,424817,2,9
424806,424815,424816,1,9
424806,424815,424816,1,9
424806,424815,424817,2,9
424806,424815,424817,2,9
424806,424815,424816,1,9
424806,424815,424817,2,9
424806,424815,424817,2,9
424806,424815,424816,1,9
424806,424815,424817,2,9
424806,424815,424817,2,9
424806,424815,424817,2,9
424806,424816,424817,1,10
424806,424815,424818,3,9
424806,424816,424818,2,10
424806,424815,424817,2,9
424806,424816,424818,2,10
424806,424817,424818,1,11
424806,424817,424818,1,11
424806,424816,424818,2,10
424806,424817,424818,1,11
424806,424817,424819,2,11
424806,424816,424818,2,10
424806,424817,424818,1,11
424806,424817,424819,2,11
424806,424817,424819,2,11
424806,424817,424819,2,11
424806,424817,424819,2,11
424806,424817,424819,2,11
424806,424817,424819,2,11
424806,424818,424820,2,12
424806,424819,424821,2,13
424806,424819,424820,1,13
424806,424818,424820,2,12
424806,424818,424821,3,12
424806,424818,424821,3,12
424806,424818,424820,2,12
424806,424819,424821,2,13
424806,424819,424821,2,13
424806,424818,424820,2,12
424806,424818,424821,3,12
424806,424818,424821,3,12
424806,424819,424821,2,13
424806,424819,424821,2,13
424806,424819,424821,2,13
424806,424819,424822,3,13
424806,424819,424821,2,13
424806,424820,424822,2,14
424806,424821,424822,1,15
424806,424820,424822,2,14
424806,424821,424822,1,15
424806,424821,424823,2,15
424806,424821,424823,2,15
424806,424820,424823,3,14
424806,424820,424823,3,14
424806,424820,424822,2,14
424806,424821,424823,2,15
424806,424821,424823,2,15
424806,424821,424824,3,15
424806,424821,424824,3,15
424806,424821,424824,3,15
424806,424821,424824,3,15
424806,424821,424824,3,15
424806,424821,424824,3,15
424806,424821,424823,2,15
424806,424822,424824,2,16
424806,424822,424824,2,16
424806,424823,424824,1,17
424806,424822,424824,2,16
424806,424823,424825,2,17
424806,424823,424825,2,17
424806,424823,424825,2,17
424806,424822,424824,2,16
424811,424823,424825,2,12
424811,424823,424825,2,12
424806,424823,424825,2,17
424811,424824,424825,1,13
424811,424824,424826,2,13
424811,424824,424826,2,13
424811,424824,424826,2,13
424811,424824,424825,1,13
424811,424824,424826,2,13
424811,424824,424826,2,13
424811,424825,424826,1,14
424811,424824,424826,2,13
424811,424824,424826,2,13
424811,424825,424827,2,14
424811,424825,424827,2,14
424811,424825,424827,2,14
424811,424825,424827,2,14
424811,424825,424827,2,14
424811,424825,424827,2,14
424811,424826,424828,2,15
424811,424826,424827,1,15
424811,424826,424828,2,15
424811,424826,424828,2,15
424811,424826,424828,2,15
424811,424826,424828,2,15
424811,424827,424828,1,16
424811,424827,424828,1,16
424811,424826,424828,2,15
424811,424827,424829,2,16
424811,424827,424829,2,16
424811,424827,424829,2,16
424811,424827,424829,2,16
424806,424823,424829,6,17
424811,424827,424829,2,16
424811,424828,424829,1,17
424811,424828,424830,2,17
424811,424828,424829,1,17
424811,424827,424829,2,16
424811,424827,424829,2,16
424811,424824,424830,6,13
424811,424828,424830,2,17
424811,424829,424830,1,18
424811,424829,424830,1,18
424811,424829,424830,1,18
424811,424829,424830,1,18
424811,424829,424831,2,18
424811,424829,424831,2,18
424811,424829,424831,2,18
424811,424828,424831,3,17
424811,424830,424831,1,19
424811,424830,424831,1,19
424811,424830,424832,2,19
424811,424830,424831,1,19
424811,424829,424831,2,18
424811,424829,424832,3,18
424811,424830,424832,2,19
424811,424831,424832,1,20
424811,424831,424832,1,20
424811,424831,424832,1,20
424811,424831,424832,1,20
424811,424831,424832,1,20
424811,424830,424832,2,19
424811,424831,424833,2,20
424811,424831,424833,2,20
424811,424832,424833,1,21
424811,424832,424833,1,21
424811,424832,424833,1,21
424811,424832,424833,1,21
424811,424832,424833,1,21
424811,424833,424835,2,22
424811,424833,424834,1,22
424811,424833,424834,1,22
424811,424833,424834,1,22
424811,424833,424834,1,22
424811,424832,424834,2,21
424811,424832,424834,2,21
424811,424833,424835,2,22
424811,424832,424834,2,21
424811,424832,424835,3,21
424811,424834,424835,1,23
424811,424834,424835,1,23
424811,424834,424835,1,23
424811,424834,424836,2,23
424811,424834,424835,1,23
424811,424834,424836,2,23
424811,424825,424836,11,14
424811,424834,424836,2,23
424811,424835,424837,2,24
424811,424835,424837,2,24
424811,424835,424837,2,24
424811,424835,424837,2,24
424811,424835,424836,1,24
424811,424836,424837,1,25
424811,424836,424838,2,25
424811,424836,424837,1,25
424811,424836,424838,2,25
424811,424835,424838,3,24
424811,424835,424838,3,24
424811,424835,424838,3,24
424811,424835,424838,3,24
424811,424835,424838,3,24
424811,424829,424838,9,18
424811,424836,424839,3,25
424811,424836,424838,2,25
424811,424837,424839,2,26
424811,424838,424840,2,27
424811,424838,424840,2,27
424811,424838,424840,2,27
424811,424837,424839,2,26
424811,424837,424840,3,26
424811,424837,424839,2,26
424811,424831,424840,9,20
424811,424837,424840,3,26
424811,424837,424840,3,26
424811,424838,424840,2,27
424811,424838,424841,3,27
424811,424839,424841,2,28
424811,424839,424841,2,28
424811,424838,424841,3,27
424811,424838,424841,3,27
424811,424838,424841,3,27
424811,424840,424841,1,29
424811,424839,424841,2,28
424811,424840,424842,2,29
424811,424840,424842,2,29
424811,424840,424842,2,29
424811,424838,424841,3,27
424811,424840,424842,2,29
424811,424840,424842,2,29
424811,424841,424843,2,30
424811,424841,424843,2,30
424811,424841,424843,2,30
424811,424841,424844,3,30
424811,424841,424844,3,30
424811,424841,424844,3,30
424811,424841,424844,3,30
424811,424842,424844,2,31
424811,424841,424844,3,30
424811,424842,424844,2,31
424811,424843,424845,2,32
424811,424843,424845,2,32
424811,424837,424845,8,26
424811,424842,424845,3,31
424811,424842,424844,2,31
424811,424843,424845,2,32
424811,424842,424845,3,31
424811,424842,424844,2,31
424811,424843,424845,2,32
424811,424841,424845,4,30
424811,424843,424845,2,32
424811,424839,424847,8,28
424811,424841,424849,8,30
420274,420293,425254,4961,19
425255,425255,425257,2,0
425255,425255,425257,2,0
425255,425255,425257,2,0
425255,425255,425258,3,0
425255,425255,425258,3,0
425255,425256,425258,2,1
425255,425256,425258,2,1
425255,425256,425258,2,1
425255,425256,425258,2,1
425255,425255,425258,3,0
425255,425255,425258,3,0
425255,425255,425258,3,0
425255,425255,425258,3,0
425255,425255,425258,3,0
425255,425255,425258,3,0
425255,425255,425258,3,0
425255,425255,425258,3,0
425255,425256,425258,2,1
425255,425256,425258,2,1
425255,425256,425258,2,1
425255,425257,425259,2,2
425255,425257,425259,2,2
425255,425258,425259,1,3
425255,425259,425260,1,4
425255,425259,425260,1,4
425255,425259,425261,2,4
425255,425259,425261,2,4
425255,425259,425260,1,4
425255,425259,425260,1,4
425255,425259,425260,1,4
425255,425259,425260,1,4
425255,425259,425260,1,4
425255,425259,425260,1,4
425255,425259,425260,1,4
425255,425260,425261,1,5
425255,425258,425261,3,3
425255,425259,425261,2,4
425255,425259,425261,2,4
425255,425259,425262,3,4
425255,425259,425261,2,4
425255,425259,425262,3,4
425255,425260,425261,1,5
425255,425261,425263,2,6
425255,425261,425263,2,6
425255,425261,425262,1,6
425255,425261,425262,1,6
425255,425261,425262,1,6
425255,425261,425262,1,6
425255,425261,425262,1,6
425255,425261,425262,1,6
425255,425262,425263,1,7
425255,425261,425263,2,6
425255,425262,425263,1,7
425255,425262,425264,2,7
425255,425261,425263,2,6
425255,425261,425263,2,6
425255,425262,425263,1,7
425255,425260,425264,4,5
425255,425262,425264,2,7
425255,425263,425264,1,8
425255,425262,425264,2,7
425255,425262,425264,2,7
425255,425262,425264,2,7
425255,425263,425264,1,8
425255,425263,425264,1,8
425255,425263,425265,2,8
425255,425263,425265,2,8
425255,425263,425264,1,8
425255,425263,425265,2,8
425255,425263,425265,2,8
425255,425264,425266,2,9
425255,425264,425266,2,9
425255,425265,425266,1,10
425255,425264,425266,2,9
425255,425264,425266,2,9
425255,425264,425267,3,9
425255,425264,425266,2,9
425255,425264,425266,2,9
425255,425265,425267,2,10
425255,425265,425267,2,10
425255,425265,425266,1,10
425255,425265,425266,1,10
425255,425265,425266,1,10
425255,425265,425266,1,10
425255,425265,425266,1,10
425255,425265,425267,2,10
425255,425265,425267,2,10
425255,425265,425267,2,10
425255,425265,425268,3,10
425255,425267,425268,1,12
425255,425267,425268,1,12
425255,425266,425268,2,11
425255,425266,425268,2,11
425255,425267,425268,1,12
425255,425266,425268,2,11
425255,425267,425269,2,12
425255,425267,425269,2,12
425255,425267,425270,3,12
425255,425267,425270,3,12
425255,425267,425269,2,12
425255,425267,425269,2,12
425255,425267,425270,3,12
425255,425267,425270,3,12
425255,425269,425270,1,14
425255,425268,425271,3,13
425255,425269,425271,2,14
425255,425267,425270,3,12
425255,425269,425271,2,14
425255,425267,425270,3,12
425255,425269,425270,1,14
425255,425269,425271,2,14
425255,425268,425271,3,13
425255,425268,425271,3,13
425255,425268,425271,3,13
425255,425269,425271,2,14
425255,425270,425272,2,15
425255,425270,425272,2,15
425255,425270,425272,2,15
425255,425270,425273,3,15
425255,425270,425272,2,15
425255,425270,425272,2,15
425255,425271,425273,2,16
425255,425271,425273,2,16
425255,425271,425273,2,16
425255,425271,425273,2,16
425255,425272,425273,1,17
425255,425270,425273,3,15
425255,425270,425273,3,15
425255,425271,425273,2,16
425255,425271,425274,3,16
425255,425272,425274,2,17
425255,425271,425273,2,16
425255,425272,425274,2,17
425255,425272,425274,2,17
425255,425272,425274,2,17
425255,425272,425275,3,17
425255,425273,425275,2,18
425255,425273,425275,2,18
425255,425273,425275,2,18
425255,425273,425275,2,18
425255,425274,425275,1,19
425255,425274,425275,1,19
425255,425273,425275,2,18
425255,425273,425275,2,18
425255,425272,425275,3,17
425255,425273,425276,3,18
425255,425274,425276,2,19
425255,425274,425276,2,19
425255,425274,425276,2,19
425255,425274,425277,3,19
421897,421913,425505,3592,16
425506,425506,425507,1,0
425506,425506,425508,2,0
425506,425506,425508,2,0
425506,425506,425508,2,0
425506,425506,425508,2,0
425506,425506,425508,2,0
425506,425506,425509,3,0
425506,425506,425508,2,0
425506,425506,425508,2,0
425506,425506,425508,2,0
425506,425506,425508,2,0
425506,425506,425508,2,0
425506,425506,425508,2,0
425506,425506,425509,3,0
425506,425506,425509,3,0
425506,425506,425508,2,0
425506,425506,425509,3,0
425506,425506,425508,2,0
425506,425506,425509,3,0
425506,425506,425508,2,0
425506,425508,425509,1,2
425506,425508,425510,2,2
425506,425508,425509,1,2
425506,425508,425509,1,2
425506,425508,425510,2,2
425506,425508,425510,2,2
425506,425509,425513,4,3
425506,425509,425513,4,3
425506,425509,425513,4,3
425506,425510,425514,4,4
425506,425509,425514,5,3
425506,425509,425514,5,3
425506,425509,425514,5,3
425506,425509,425513,4,3
425506,425509,425514,5,3
425506,425509,425513,4,3
425506,425509,425513,4,3
425506,425510,425514,4,4
425506,425510,425514,4,4
425506,425509,425514,5,3
425506,425509,425515,6,3
425506,425509,425515,6,3
425506,425513,425515,2,7
425506,425509,425514,5,3
425506,425510,425515,5,4
425506,425510,425514,4,4
425506,425510,425515,5,4
425506,425514,425516,2,8
425506,425513,425516,3,7
425506,425514,425516,2,8
425506,425514,425515,1,8
425506,425514,425516,2,8
425506,425513,425515,2,7
425506,425514,425515,1,8
425506,425514,425516,2,8
425506,425514,425516,2,8
425506,425515,425517,2,9
425506,425514,425516,2,8
425506,425514,425516,2,8
425506,425514,425516,2,8
425506,425515,425517,2,9
425506,425515,425517,2,9
425506,425516,425517,1,10
425506,425515,425516,1,9
425506,425515,425517,2,9
425506,425516,425517,1,10
425506,425515,425518,3,9
425506,425515,425518,3,9
425506,425516,425518,2,10
425506,425515,425517,2,9
425506,425516,425518,2,10
425506,425516,425518,2,10
425506,425516,425518,2,10
425506,425516,425518,2,10
425506,425516,425518,2,10
425506,425517,425519,2,11
425506,425517,425519,2,11
425506,425518,425520,2,12
425506,425517,425520,3,11
425506,425517,425520,3,11
425506,425517,425519,2,11
425506,425517,425520,3,11
425506,425518,425520,2,12
425506,425517,425520,3,11
425506,425517,425520,3,11
425506,425517,425520,3,11
425506,425518,425520,2,12
425506,425518,425520,2,12
425506,425519,425521,2,13
425506,425519,425521,2,13
425506,425519,425521,2,13
425506,425517,425520,3,11
425506,425518,425521,3,12
425506,425518,425521,3,12
425506,425518,425521,3,12
425506,425520,425522,2,14
425506,425518,425522,4,12
425506,425518,425522,4,12
425506,425520,425522,2,14
425506,425520,425522,2,14
425506,425520,425523,3,14
425506,425520,425523,3,14
425506,425520,425523,3,14
425506,425521,425523,2,15
425506,425520,425523,3,14
425506,425520,425523,3,14
425506,425521,425523,2,15
425506,425520,425523,3,14
425506,425520,425523,3,14
425506,425521,425523,2,15
425506,425520,425523,3,14
425506,425521,425524,3,15
425506,425522,425525,3,16
425506,425521,425525,4,15
425506,425521,425525,4,15
425506,425524,425525,1,18
425506,425524,425525,1,18
425506,425523,425525,2,17
425506,425521,425525,4,15
425506,425522,425525,3,16
425506,425523,425526,3,17
425506,425524,425526,2,18
425506,425524,425526,2,18
425506,425524,425526,2,18
425506,425524,425526,2,18
425506,425524,425526,2,18
425506,425524,425526,2,18
425506,425525,425527,2,19
425506,425524,425527,3,18
425506,425522,425527,5,16
425506,425522,425527,5,16
425506,425523,425527,4,17
425506,425526,425527,1,20
425506,425526,425527,1,20
425506,425524,425527,3,18
425506,425526,425528,2,20
425506,425526,425528,2,20
425506,425526,425528,2,20
425506,425527,425528,1,21
425506,425527,425528,1,21
425506,425526,425528,2,20
425506,425527,425529,2,21
425506,425527,425528,1,21
425506,425527,425529,2,21
425506,425526,425529,3,20
425506,425527,425529,2,21
425506,425527,425529,2,21
425506,425526,425529,3,20
425506,425527,425531,4,21
425506,425527,425533,6,21
420746,420763,425761,4998,17
425762,425762,425764,2,0
425762,425762,425764,2,0
425762,425762,425764,2,0
425762,425762,425764,2,0
425762,425762,425764,2,0
425762,425762,425764,2,0
425762,425762,425763,1,0
425762,425762,425764,2,0
425762,425762,425764,2,0
425762,425762,425765,3,0
425762,425762,425764,2,0
425762,425762,425764,2,0
425762,425762,425764,2,0
425762,425762,425765,3,0
425762,425762,425765,3,0
425762,425762,425765,3,0
425762,425762,425764,2,0
425762,425762,425765,3,0
425762,425762,425764,2,0
425762,425762,425765,3,0
425762,425764,425766,2,2
425762,425764,425766,2,2
425762,425764,425766,2,2
425762,425764,425766,2,2
425762,425764,425767,3,2
425762,425764,425767,3,2
425762,425764,425767,3,2
425762,425764,425767,3,2
425762,425764,425767,3,2
425762,425766,425768,2,4
425762,425765,425768,3,3
425762,425765,425768,3,3
425762,425765,425768,3,3
425762,425766,425768,2,4
425762,425765,425769,4,3
425762,425765,425769,4,3
425762,425765,425769,4,3
425762,425765,425769,4,3
425762,425765,425769,4,3
425762,425765,425768,3,3
425762,425765,425769,4,3
425762,425765,425768,3,3
425762,425766,425768,2,4
425762,425766,425768,2,4
425762,425767,425769,2,5
425762,425767,425769,2,5
425762,425767,425769,2,5
425762,425767,425769,2,5
425762,425767,425769,2,5
425762,425768,425770,2,6
425762,425769,425771,2,7
425762,425769,425771,2,7
425762,425769,425771,2,7
425762,425769,425771,2,7
425762,425769,425771,2,7
425762,425769,425771,2,7
425762,425769,425771,2,7
425762,425769,425771,2,7
425762,425769,425771,2,7
425762,425769,425771,2,7
425762,425769,425771,2,7
425762,425769,425771,2,7
425762,425769,425771,2,7
425762,425769,425771,2,7
425762,425769,425771,2,7
425762,425769,425772,3,7
425762,425769,425771,2,7
425762,425769,425772,3,7
425762,425769,425771,2,7
425762,425771,425774,3,9
425762,425770,425774,4,8
425762,425771,425774,3,9
425762,425771,425775,4,9
425762,425771,425775,4,9
425762,425771,425775,4,9
425762,425771,425775,4,9
425762,425771,425775,4,9
425762,425771,425775,4,9
425762,425771,425775,4,9
425762,425771,425776,5,9
425762,425772,425776,4,10
425762,425771,425776,5,9
425762,425771,425776,5,9
425762,425771,425776,5,9
425762,425772,425776,4,10
425762,425772,425776,4,10
425762,425771,425776,5,9
425762,425772,425776,4,10
425762,425775,425777,2,13
425762,425774,425777,3,12
425762,425775,425777,2,13
425762,425776,425777,1,14
425762,425776,425777,1,14
425762,425772,425777,5,10
425762,425775,425777,2,13
425762,425776,425778,2,14
425762,425776,425778,2,14
425762,425776,425778,2,14
425762,425777,425778,1,15
425762,425777,425779,2,15
425762,425776,425779,3,14
425762,425778,425779,1,16
425762,425778,425779,1,16
425762,425778,425779,1,16
425762,425777,425779,2,15
425762,425777,425779,2,15
425762,425777,425779,2,15
425762,425777,425779,2,15
425762,425777,425779,2,15
425762,425777,425780,3,15
425762,425776,425780,4,14
425762,425776,425780,4,14
425762,425778,425780,2,16
425762,425779,425780,1,17
425762,425778,425780,2,16
425762,425779,425780,1,17
425762,425778,425780,2,16
425762,425779,425781,2,17
425762,425779,425781,2,17
425762,425780,425781,1,18
425762,425780,425781,1,18
425762,425780,425782,2,18
425762,425779,425781,2,17
425762,425780,425782,2,18
425762,425781,425782,1,19
425762,425780,425783,3,18
425762,425780,425782,2,18
425762,425780,425782,2,18
425762,425780,425782,2,18
425762,425780,425782,2,18
425762,425781,425782,1,19
425762,425782,425783,1,20
425762,425781,425783,2,19
425762,425781,425783,2,19
425762,425781,425783,2,19
425762,425782,425783,1,20
425762,425782,425784,2,20
425762,425782,425784,2,20
425762,425782,425783,1,20
425762,425781,425783,2,19
425762,425781,425783,2,19
425762,425782,425783,1,20
425762,425780,425784,4,18
425762,425783,425784,1,21
425762,425783,425785,2,21
425762,425783,425785,2,21
425762,425783,425786,3,21
425762,425783,425785,2,21
425762,425783,425785,2,21
425762,425783,425786,3,21
422475,422491,426047,3556,16
426048,426048,426049,1,0
426048,426048,426049,1,0
426048,426048,426050,2,0
426048,426048,426049,1,0
426048,426048,426049,1,0
426048,426048,426049,1,0
426048,426048,426049,1,0
426048,426048,426049,1,0
426048,426048,426050,2,0
426048,426048,426050,2,0
426048,426048,426050,2,0
426048,426048,426050,2,0
426048,426048,426050,2,0
426048,426048,426050,2,0
426048,426048,426050,2,0
426048,426048,426050,2,0
426048,426048,426050,2,0
426048,426048,426050,2,0
426048,426048,426050,2,0
426048,426050,426051,1,2
426048,426050,426051,1,2
426048,426050,426051,1,2
426048,426050,426051,1,2
426048,426050,426051,1,2
426048,426050,426051,1,2
426048,426048,426051,3,0
426048,426050,426051,1,2
426048,426050,426051,1,2
426048,426051,426053,2,3
426048,426051,426053,2,3
426048,426052,426053,1,4
426048,426052,426054,2,4
426048,426052,426053,1,4
426048,426052,426053,1,4
426048,426052,426053,1,4
426048,426052,426053,1,4
426048,426051,426053,2,3
426048,426051,426053,2,3
426048,426051,426053,2,3
426048,426051,426053,2,3
426048,426051,426053,2,3
426048,426051,426053,2,3
426048,426051,426053,2,3
426048,426051,426053,2,3
426048,426051,426053,2,3
426048,426052,426054,2,4
426048,426052,426054,2,4
426048,426052,426055,3,4
426048,426053,426055,2,5
426048,426054,426055,1,6
426048,426054,426056,2,6
426048,426054,426055,1,6
426048,426054,426055,1,6
426048,426054,426055,1,6
426048,426054,426055,1,6
426048,426054,426056,2,6
426048,426054,426055,1,6
426048,426054,426055,1,6
426048,426054,426056,2,6
426048,426054,426056,2,6
426048,426054,426056,2,6
426048,426055,426057,2,7
426048,426054,426056,2,6
426048,426054,426056,2,6
426048,426054,426056,2,6
426048,426054,426057,3,6
426048,426054,426056,2,6
426048,426054,426056,2,6
426048,426055,426056,1,7
426048,426056,426057,1,8
426048,426056,426057,1,8
426048,426056,426057,1,8
426048,426056,426057,1,8
426048,426056,426057,1,8
426048,426056,426057,1,8
426048,426056,426058,2,8
426048,426056,426058,2,8
426048,426056,426058,2,8
426048,426057,426059,2,9
426048,426057,426059,2,9
426048,426057,426059,2,9
426048,426057,426059,2,9
426048,426057,426059,2,9
426048,426058,426060,2,10
426048,426058,426060,2,10
426048,426058,426060,2,10
426048,426058,426060,2,10
426048,426057,426060,3,9
426048,426057,426060,3,9
426048,426057,426059,2,9
426048,426058,426060,2,10
426048,426058,426059,1,10
426048,426057,426059,2,9
426048,426057,426060,3,9
426048,426057,426060,3,9
426048,426058,426060,2,10
426048,426058,426060,2,10
426048,426059,426061,2,11
426048,426060,426062,2,12
426048,426060,426062,2,12
426048,426060,426062,2,12
426048,426060,426062,2,12
426048,426060,426062,2,12
426048,426060,426062,2,12
426048,426059,426062,3,11
426048,426060,426062,2,12
426048,426060,426063,3,12
426048,426060,426063,3,12
426048,426060,426063,3,12
426048,426060,426062,2,12
426048,426060,426063,3,12
426048,426060,426062,2,12
426048,426061,426063,2,13
426048,426060,426063,3,12
426048,426060,426064,4,12
426048,426062,426064,2,14
426048,426062,426064,2,14
426048,426060,426063,3,12
426048,426062,426064,2,14
426048,426060,426063,3,12
426048,426062,426064,2,14
426048,426062,426064,2,14
426048,426062,426064,2,14
426048,426060,426063,3,12
426048,426063,426065,2,15
426048,426063,426065,2,15
426048,426063,426065,2,15
426048,426063,426065,2,15
426048,426062,426065,3,14
426048,426063,426066,3,15
426048,426063,426066,3,15
426048,426064,426066,2,16
426048,426064,426066,2,16
426048,426063,426065,2,15
426048,426064,426066,2,16
426048,426064,426066,2,16
426048,426064,426066,2,16
426048,426063,426066,3,15
426048,426064,426067,3,16
426048,426064,426067,3,16
426048,426064,426067,3,16
426048,426064,426067,3,16
426048,426064,426066,2,16
426048,426065,426067,2,17
426048,426065,426067,2,17
426048,426064,426067,3,16
426048,426065,426067,2,17
426048,426065,426067,2,17
426048,426065,426068,3,17
426048,426066,426069,3,18
420999,421015,426188,5173,16
426189,426189,426193,4,0
426189,426189,426193,4,0
426189,426189,426193,4,0
426189,426189,426192,3,0
426189,426189,426192,3,0
426189,426189,426193,4,0
426189,426189,426193,4,0
426189,426189,426193,4,0
426189,426189,426193,4,0
426189,426189,426193,4,0
426189,426189,426193,4,0
426189,426189,426194,5,0
426189,426189,426194,5,0
426189,426189,426194,5,0
426189,426189,426194,5,0
426189,426189,426196,7,0
426189,426189,426196,7,0
426189,426189,426196,7,0
426189,426193,426196,3,4
426189,426193,426196,3,4
426189,426189,426195,6,0
426189,426193,426196,3,4
426189,426189,426196,7,0
426189,426193,426197,4,4
426189,426193,426196,3,4
426189,426193,426197,4,4
426189,426193,426197,4,4
426189,426193,426196,3,4
426189,426193,426197,4,4
426189,426193,426197,4,4
426189,426194,426199,5,5
426189,426194,426199,5,5
426189,426194,426199,5,5
426189,426196,426199,3,7
426189,426196,426199,3,7
426189,426196,426199,3,7
426189,426194,426199,5,5
426189,426194,426199,5,5
426189,426196,426199,3,7
426189,426197,426200,3,8
426189,426196,426199,3,7
426189,426196,426200,4,7
426189,426197,426200,3,8
426189,426197,426200,3,8
426189,426197,426200,3,8
426189,426197,426200,3,8
426189,426198,426201,3,9
426189,426197,426200,3,8
426189,426199,426201,2,10
426189,426197,426201,4,8
426189,426197,426201,4,8
426189,426199,426201,2,10
426189,426199,426201,2,10
426189,426199,426201,2,10
426189,426199,426201,2,10
426189,426199,426201,2,10
426189,426200,426201,1,11
426189,426199,426201,2,10
426189,426199,426202,3,10
426189,426199,426202,3,10
426189,426200,426202,2,11
426189,426200,426202,2,11
426189,426200,426202,2,11
426189,426200,426202,2,11
426189,426200,426203,3,11
426189,426200,426203,3,11
426189,426201,426203,2,12
426189,426201,426202,1,12
426189,426201,426203,2,12
426189,426201,426204,3,12
426189,426201,426204,3,12
426189,426201,426204,3,12
426189,426201,426204,3,12
426189,426201,426204,3,12
426189,426201,426204,3,12
426189,426201,426204,3,12
426189,426202,426205,3,13
426189,426202,426205,3,13
426189,426203,426205,2,14
426189,426202,426205,3,13
426189,426202,426206,4,13
426189,426203,426206,3,14
426189,426202,426206,4,13
426189,426203,426206,3,14
426189,426202,426206,4,13
426189,426205,426206,1,16
426189,426204,426206,2,15
426189,426205,426207,2,16
426189,426203,426207,4,14
426189,426203,426207,4,14
426189,426204,426207,3,15
426189,426204,426207,3,15
426189,426202,426207,5,13
426189,426204,426207,3,15
426189,426205,426207,2,16
426189,426205,426207,2,16
426189,426206,426207,1,17
426189,426206,426207,1,17
426189,426206,426207,1,17
426189,426206,426208,2,17
426189,426207,426208,1,18
426189,426205,426208,3,16
426189,426207,426208,1,18
426189,426207,426209,2,18
426189,426207,426208,1,18
426189,426206,426209,3,17
426189,426206,426209,3,17
426189,426208,426209,1,19
426189,426207,426210,3,18
426189,426207,426209,2,18
426189,426207,426210,3,18
426189,426208,426210,2,19
426189,426209,426210,1,20
426189,426208,426210,2,19
426189,426208,426210,2,19
426189,426208,426210,2,19
426189,426209,426210,1,20
426189,426209,426210,1,20
426189,426207,426211,4,18
426189,426208,426211,3,19
426189,426208,426211,3,19
426189,426208,426211,3,19
426189,426208,426211,3,19
426189,426209,426211,2,20
426189,426209,426211,2,20
426189,426210,426211,1,21
426189,426209,426212,3,20
426189,426210,426212,2,21
426189,426211,426213,2,22
426189,426211,426212,1,22
426189,426211,426213,2,22
426189,426210,426213,3,21
426189,426210,426213,3,21
426189,426211,426213,2,22
426189,426211,426213,2,22
426189,426211,426214,3,22
426189,426211,426213,2,22
426189,426211,426213,2,22
426189,426212,426214,2,23
426189,426212,426214,2,23
426189,426211,426214,3,22
426189,426212,426214,2,23
426189,426212,426214,2,23
426189,426213,426215,2,24
426189,426213,426215,2,24
426189,426213,426215,2,24
426189,426212,426215,3,23
426189,426213,426216,3,24
426189,426212,426215,3,23
426189,426212,426215,3,23
426213,426213,426344,131,0
421587,421604,426746,5142,17
426747,426747,426748,1,0
426747,426747,426749,2,0
426747,426747,426749,2,0
426747,426747,426748,1,0
426747,426747,426749,2,0
426747,426747,426750,3,0
426747,426747,426749,2,0
426747,426747,426749,2,0
426747,426747,426750,3,0
426747,426747,426750,3,0
426747,426747,426750,3,0
426747,426747,426750,3,0
426747,426747,426750,3,0
426747,426747,426750,3,0
426747,426747,426749,2,0
426747,426747,426749,2,0
426747,426747,426749,2,0
426747,426747,426750,3,0
426747,426747,426750,3,0
426747,426747,426750,3,0
426747,426749,426750,1,2
426747,426749,426751,2,2
426747,426749,426751,2,2
426747,426749,426751,2,2
426747,426749,426751,2,2
426747,426750,426752,2,3
426747,426750,426752,2,3
426747,426751,426753,2,4
426747,426751,426753,2,4
426747,426750,426753,3,3
426747,426750,426753,3,3
426747,426750,426752,2,3
426747,426750,426753,3,3
426747,426750,426753,3,3
426747,426750,426753,3,3
426747,426750,426752,2,3
426747,426750,426753,3,3
426747,426750,426753,3,3
426747,426750,426752,2,3
426747,426750,426753,3,3
426747,426750,426753,3,3
426747,426751,426753,2,4
426747,426751,426753,2,4
426747,426751,426753,2,4
426747,426750,426753,3,3
426747,426752,426754,2,5
426747,426752,426754,2,5
426747,426753,426755,2,6
426747,426753,426755,2,6
426747,426753,426755,2,6
426747,426753,426755,2,6
426747,426753,426755,2,6
426747,426753,426755,2,6
426747,426753,426755,2,6
426747,426753,426755,2,6
426747,426753,426756,3,6
426747,426753,426756,3,6
426747,426753,426756,3,6
426747,426753,426756,3,6
426747,426753,426755,2,6
426747,426753,426755,2,6
426747,426754,426756,2,7
426747,426753,426756,3,6
426747,426753,426756,3,6
426747,426754,426756,2,7
426747,426755,426757,2,8
426747,426754,426757,3,7
426747,426753,426756,3,6
426747,426755,426757,2,8
426747,426755,426758,3,8
426747,426755,426758,3,8
426747,426755,426758,3,8
426747,426756,426758,2,9
426747,426756,426758,2,9
426747,426755,426758,3,8
426747,426755,426758,3,8
426747,426756,426758,2,9
426747,426757,426758,1,10
426747,426757,426759,2,10
426747,426756,426759,3,9
426747,426756,426759,3,9
426747,426756,426759,3,9
426747,426756,426759,3,9
426747,426756,426759,3,9
426747,426756,426759,3,9
426747,426757,426759,2,10
426747,426758,426759,1,11
426747,426758,426760,2,11
426747,426757,426761,4,10
426747,426759,426761,2,12
426747,426759,426761,2,12
426747,426759,426761,2,12
426747,426759,426761,2,12
426747,426759,426761,2,12
426747,426759,426761,2,12
426747,426759,426761,2,12
426747,426759,426761,2,12
426747,426757,426762,5,10
426747,426759,426763,4,12
426747,426760,426763,3,13
426747,426760,426763,3,13
426747,426760,426763,3,13
426747,426760,426764,4,13
426747,426760,426764,4,13
426747,426760,426764,4,13
426747,426762,426764,2,15
426747,426762,426764,2,15
426747,426760,426764,4,13
426747,426760,426765,5,13
426747,426760,426764,4,13
426747,426762,426765,3,15
426747,426762,426765,3,15
426747,426762,426764,2,15
426747,426762,426764,2,15
426747,426763,426765,2,16
426747,426763,426766,3,16
426747,426762,426765,3,15
426747,426762,426765,3,15
426747,426764,426766,2,17
426747,426762,426766,4,15
426747,426764,426766,2,17
426747,426765,426767,2,18
426747,426765,426767,2,18
426747,426764,426766,2,17
426747,426764,426766,2,17
426747,426765,426768,3,18
426747,426765,426767,2,18
426747,426765,426768,3,18
426747,426765,426768,3,18
426747,426766,426768,2,19
426747,426765,426768,3,18
426747,426765,426768,3,18
426747,426765,426768,3,18
426747,426765,426769,4,18
426747,426765,426769,4,18
426747,426766,426769,3,19
426747,426765,426768,3,18
426747,426767,426770,3,20
426747,426767,426769,2,20
426747,426767,426769,2,20
426747,426766,426769,3,19
426747,426766,426769,3,19
426747,426767,426769,2,20
426747,426768,426770,2,21
426747,426768,426770,2,21
426747,426767,426770,3,20
426747,426767,426770,3,20
426747,426768,426770,2,21
426747,426768,426771,3,21
426747,426768,426771,3,21
423330,423346,426789,3443,16
426791,426791,426793,2,0
426791,426791,426792,1,0
426791,426791,426793,2,0
426791,426791,426793,2,0
426791,426791,426793,2,0
426791,426791,426793,2,0
426791,426791,426793,2,0
426791,426791,426793,2,0
426791,426791,426793,2,0
426791,426791,426793,2,0
426791,426791,426794,3,0
426791,426791,426793,2,0
426791,426791,426794,3,0
426791,426791,426793,2,0
426791,426791,426793,2,0
426791,426791,426793,2,0
426791,426791,426794,3,0
426791,426791,426793,2,0
426791,426791,426793,2,0
426791,426793,426795,2,2
426791,426791,426794,3,0
426791,426793,426795,2,2
426791,426793,426795,2,2
426791,426794,426796,2,3
426791,426794,426796,2,3
426791,426793,426795,2,2
426791,426794,426796,2,3
426791,426795,426796,1,4
426791,426794,426796,2,3
426791,426794,426797,3,3
426791,426794,426797,3,3
426791,426794,426796,2,3
426791,426794,426797,3,3
426791,426794,426797,3,3
426791,426794,426797,3,3
426791,426794,426796,2,3
426791,426794,426797,3,3
426791,426794,426796,2,3
426791,426794,426796,2,3
426791,426795,426796,1,4
426791,426795,426797,2,4
426791,426795,426797,2,4
426791,426794,426797,3,3
426791,426796,426798,2,5
426791,426796,426798,2,5
426791,426796,426798,2,5
426791,426797,426799,2,6
426791,426797,426799,2,6
426791,426796,426798,2,5
426791,426797,426799,2,6
426791,426797,426799,2,6
426791,426797,426798,1,6
426791,426797,426798,1,6
426791,426797,426799,2,6
426791,426797,426800,3,6
426791,426797,426800,3,6
426791,426797,426800,3,6
426791,426798,426800,2,7
426791,426797,426800,3,6
426791,426798,426800,2,7
426791,426797,426800,3,6
426791,426798,426800,2,7
426791,426798,426800,2,7
426791,426798,426800,2,7
426791,426799,426800,1,8
426791,426797,426800,3,6
426791,426797,426800,3,6
426791,426799,426801,2,8
426791,426799,426801,2,8
426791,426799,426800,1,8
426791,426800,426802,2,9
426791,426799,426801,2,8
426791,426799,426802,3,8
426791,426799,426801,2,8
426791,426799,426801,2,8
426791,426800,426802,2,9
426791,426800,426802,2,9
426791,426800,426802,2,9
426791,426801,426802,1,10
426791,426800,426802,2,9
426791,426800,426802,2,9
426791,426800,426802,2,9
426791,426800,426803,3,9
426791,426800,426803,3,9
426791,426800,426802,2,9
426791,426801,426803,2,10
426791,426801,426803,2,10
426791,426801,426803,2,10
426791,426801,426804,3,10
426791,426802,426804,2,11
426791,426801,426804,3,10
426791,426802,426804,2,11
426791,426802,426804,2,11
426791,426802,426804,2,11
426791,426802,426805,3,11
426791,426802,426805,3,11
426791,426803,426805,2,12
426791,426803,426805,2,12
426791,426803,426806,3,12
426791,426803,426806,3,12
426791,426803,426806,3,12
426791,426802,426806,4,11
426791,426802,426805,3,11
426791,426803,426805,2,12
426791,426803,426806,3,12
426791,426804,426806,2,13
426791,426804,426806,2,13
426791,426804,426807,3,13
426791,426803,426806,3,12
426791,426803,426806,3,12
426791,426804,426807,3,13
426791,426803,426807,4,12
426791,426804,426807,3,13
426791,426806,426808,2,15
426791,426805,426808,3,14
426791,426805,426808,3,14
426791,426805,426808,3,14
426791,426806,426808,2,15
426791,426806,426808,2,15
426791,426806,426808,2,15
426791,426805,426808,3,14
426791,426807,426808,1,16
426791,426806,426809,3,15
426791,426806,426809,3,15
426791,426806,426809,3,15
426791,426806,426809,3,15
426791,426808,426810,2,17
426791,426806,426810,4,15
426791,426807,426810,3,16
426791,426807,426810,3,16
426791,426807,426810,3,16
426791,426809,426810,1,18
426791,426809,426810,1,18
426791,426809,426810,1,18
426791,426809,426810,1,18
426791,426809,426810,1,18
426791,426807,426811,4,16
426791,426807,426811,4,16
426791,426807,426811,4,16
426791,426808,426811,3,17
426791,426808,426811,3,17
426791,426809,426811,2,18
426791,426810,426812,2,19
426791,426809,426812,3,18
426791,426809,426812,3,18
426791,426809,426812,3,18
426791,426808,426812,4,17
426791,426810,426813,3,19
426791,426810,426813,3,19
426791,426810,426813,3,19
426422,426423,426841,418,1
423595,423616,427311,3695,21
423491,423511,427311,3800,20
427312,427312,427314,2,0
427312,427312,427314,2,0
427312,427312,427315,3,0
427312,427312,427314,2,0
427312,427312,427315,3,0
427312,427312,427315,3,0
427312,427312,427315,3,0
427312,427312,427314,2,0
427312,427312,427315,3,0
427312,427312,427315,3,0
427312,427312,427315,3,0
427312,427312,427315,3,0
427312,427312,427315,3,0
427312,427312,427314,2,0
427312,427312,427316,4,0
427312,427312,427316,4,0
427312,427312,427316,4,0
427312,427312,427315,3,0
427312,427312,427316,4,0
427312,427312,427315,3,0
427312,427312,427316,4,0
427312,427314,427316,2,2
427312,427314,427316,2,2
427312,427315,427317,2,3
427312,427315,427317,2,3
427312,427315,427317,2,3
427312,427315,427317,2,3
427312,427315,427318,3,3
427312,427316,427318,2,4
427312,427316,427318,2,4
427312,427316,427318,2,4
427312,427315,427318,3,3
427312,427315,427318,3,3
427312,427315,427318,3,3
427312,427315,427318,3,3
427312,427315,427318,3,3
427312,427317,427318,1,5
427312,427317,427318,1,5
427312,427317,427319,2,5
427312,427315,427318,3,3
427312,427315,427318,3,3
427312,427316,427318,2,4
427312,427318,427320,2,6
427312,427317,427319,2,5
427312,427317,427319,2,5
427312,427316,427320,4,4
427312,427316,427320,4,4
427312,427316,427320,4,4
427312,427318,427320,2,6
427312,427319,427321,2,7
427312,427318,427321,3,6
427312,427318,427321,3,6
427312,427319,427321,2,7
427312,427319,427321,2,7
427312,427318,427322,4,6
427312,427318,427321,3,6
427312,427318,427321,3,6
427312,427320,427322,2,8
427312,427320,427322,2,8
427312,427320,427322,2,8
427312,427318,427322,4,6
427312,427319,427322,3,7
427312,427319,427321,2,7
427312,427318,427322,4,6
427312,427318,427322,4,6
427312,427319,427322,3,7
427312,427321,427322,1,9
427312,427321,427323,2,9
427312,427321,427323,2,9
427312,427320,427323,3,8
427312,427320,427323,3,8
427312,427320,427323,3,8
427312,427322,427323,1,10
427312,427322,427323,1,10
427312,427322,427324,2,10
427312,427322,427324,2,10
427312,427322,427324,2,10
427312,427322,427324,2,10
427312,427322,427324,2,10
427312,427321,427324,3,9
427312,427323,427324,1,11
427312,427322,427324,2,10
427312,427323,427325,2,11
427312,427322,427325,3,10
427312,427322,427325,3,10
427312,427322,427325,3,10
427312,427322,427325,3,10
427312,427322,427325,3,10
427312,427324,427325,1,12
427312,427324,427326,2,12
427312,427324,427326,2,12
427312,427324,427326,2,12
427312,427322,427326,4,10
427312,427324,427326,2,12
427312,427324,427326,2,12
427312,427324,427326,2,12
427312,427324,427326,2,12
427312,427324,427326,2,12
427312,427324,427326,2,12
427312,427325,427327,2,13
427312,427325,427327,2,13
427312,427325,427327,2,13
427312,427326,427328,2,14
427312,427325,427328,3,13
427312,427327,427328,1,15
427312,427326,427328,2,14
427312,427327,427328,1,15
427312,427326,427328,2,14
427312,427326,427328,2,14
427312,427326,427328,2,14
427312,427325,427329,4,13
427312,427326,427329,3,14
427312,427328,427329,1,16
427312,427327,427329,2,15
427312,427326,427329,3,14
427312,427327,427329,2,15
427312,427328,427329,1,16
427312,427328,427330,2,16
427312,427328,427330,2,16
427312,427328,427330,2,16
427312,427329,427331,2,17
427312,427327,427330,3,15
427312,427329,427331,2,17
427312,427327,427330,3,15
427312,427327,427330,3,15
427312,427328,427330,2,16
427312,427329,427331,2,17
427312,427329,427331,2,17
427312,427329,427331,2,17
427312,427330,427331,1,18
427312,427328,427331,3,16
427312,427330,427332,2,18
427312,427329,427332,3,17
427312,427330,427332,2,18
427312,427331,427333,2,19
427312,427329,427332,3,17
427312,427331,427332,1,19
427312,427330,427332,2,18
427312,427331,427333,2,19
427312,427331,427333,2,19
427312,427331,427333,2,19
427312,427330,427333,3,18
427312,427331,427333,2,19
427312,427331,427333,2,19
427312,427330,427333,3,18
427312,427330,427333,3,18
427312,427331,427333,2,19
427315,427332,427334,2,17
427315,427333,427334,1,18
427315,427333,427334,1,18
427312,427332,427334,2,20
427315,427333,427334,1,18
427315,427332,427335,3,17
427312,427331,427334,3,19
427315,427333,427335,2,18
427315,427332,427335,3,17
427315,427334,427335,1,19
427315,427334,427335,1,19
427315,427334,427336,2,19
427315,427334,427336,2,19
427315,427335,427336,1,20
427315,427333,427336,3,18
427315,427334,427336,2,19
427315,427334,427336,2,19
427315,427335,427336,1,20
427312,427332,427336,4,20
427315,427335,427336,1,20
427315,427335,427337,2,20
427315,427334,427336,2,19
427315,427334,427336,2,19
427315,427334,427336,2,19
427315,427335,427337,2,20
427315,427336,427337,1,21
427315,427336,427337,1,21
427315,427335,427337,2,20
427315,427335,427337,2,20
427315,427336,427338,2,21
427315,427336,427338,2,21
427315,427335,427338,3,20
427315,427337,427338,1,22
427315,427337,427338,1,22
427315,427337,427339,2,22
427315,427337,427338,1,22
427315,427337,427339,2,22
427315,427337,427339,2,22
427315,427337,427339,2,22
427315,427337,427339,2,22
427315,427333,427339,6,18
427315,427338,427340,2,23
427315,427338,427340,2,23
427315,427337,427340,3,22
427315,427337,427340,3,22
427315,427337,427339,2,22
427315,427339,427341,2,24
427315,427339,427341,2,24
427315,427339,427341,2,24
427315,427338,427340,2,23
427315,427338,427341,3,23
427315,427338,427341,3,23
427315,427338,427341,3,23
427315,427339,427341,2,24
427315,427339,427341,2,24
427315,427340,427342,2,25
427315,427340,427341,1,25
427315,427340,427341,1,25
427315,427340,427342,2,25
427315,427338,427342,4,23
427315,427340,427342,2,25
427315,427340,427342,2,25
427315,427341,427343,2,26
427315,427341,427342,1,26
427315,427340,427342,2,25
427315,427340,427342,2,25
427315,427341,427343,2,26
427315,427341,427343,2,26
427315,427341,427343,2,26
427315,427341,427343,2,26
427315,427342,427343,1,27
427315,427341,427344,3,26
427315,427341,427344,3,26
427315,427342,427344,2,27
427315,427342,427344,2,27
427315,427342,427344,2,27
427315,427344,427346,2,29
427315,427342,427346,4,27
427315,427343,427346,3,28
427315,427343,427346,3,28
427315,427343,427346,3,28
427315,427343,427346,3,28
427315,427343,427346,3,28
427315,427343,427346,3,28
427315,427344,427346,2,29
427315,427343,427346,3,28
427315,427344,427346,2,29
427315,427344,427347,3,29
427315,427344,427346,2,29
427315,427343,427346,3,28
427315,427344,427347,3,29
427315,427344,427347,3,29
427315,427344,427347,3,29
427315,427345,427347,2,30
427315,427346,427347,1,31
427315,427337,427347,10,22
427315,427346,427348,2,31
427315,427346,427348,2,31
427315,427346,427348,2,31
427315,427346,427349,3,31
427315,427346,427348,2,31
427315,427346,427349,3,31
427315,427347,427349,2,32
427315,427347,427349,2,32
427315,427347,427349,2,32
427315,427347,427349,2,32
427315,427348,427349,1,33
427315,427346,427349,3,31
427315,427346,427350,4,31
427315,427340,427349,9,25
427315,427348,427350,2,33
427315,427347,427350,3,32
427315,427348,427350,2,33
427315,427349,427351,2,34
427315,427347,427350,3,32
427315,427347,427351,4,32
427315,427347,427351,4,32
427315,427347,427351,4,32
427315,427348,427351,3,33
427315,427350,427352,2,35
427315,427350,427352,2,35
427315,427350,427351,1,35
427315,427349,427352,3,34
427315,427349,427352,3,34
427315,427350,427352,2,35
427315,427350,427352,2,35
427315,427350,427353,3,35
427315,427351,427352,1,36
427315,427349,427352,3,34
427315,427351,427353,2,36
427315,427351,427353,2,36
427315,427352,427354,2,37
427315,427350,427354,4,35
427315,427351,427353,2,36
427315,427351,427354,3,36
427315,427351,427354,3,36
427315,427352,427354,2,37
427315,427352,427354,2,37
427315,427352,427354,2,37
427315,427353,427355,2,38
427315,427352,427355,3,37
427315,427353,427355,2,38
427315,427351,427354,3,36
427315,427351,427355,4,36
427315,427352,427355,3,37
427315,427354,427355,1,39
427315,427354,427355,1,39
427315,427353,427356,3,38
427315,427353,427356,3,38
427315,427354,427356,2,39
427315,427354,427357,3,39
427315,427348,427357,9,33
427315,427350,427357,7,35
422481,422511,427568,5057,30
427569,427569,427571,2,0
427569,427569,427571,2,0
427569,427569,427571,2,0
427569,427569,427571,2,0
427569,427569,427571,2,0
427569,427569,427571,2,0
427569,427569,427571,2,0
427569,427569,427572,3,0
427569,427569,427572,3,0
427569,427569,427572,3,0
427569,427569,427572,3,0
427569,427569,427572,3,0
427569,427569,427571,2,0
427569,427569,427571,2,0
427569,427569,427572,3,0
427569,427569,427572,3,0
427569,427569,427571,2,0
427569,427569,427571,2,0
427569,427569,427571,2,0
427569,427571,427573,2,2
427569,427571,427573,2,2
427569,427571,427573,2,2
427569,427571,427573,2,2
427569,427571,427573,2,2
427569,427571,427573,2,2
427569,427571,427573,2,2
427569,427570,427573,3,1
427569,427572,427574,2,3
427569,427572,427574,2,3
427569,427572,427574,2,3
427569,427572,427574,2,3
427569,427572,427574,2,3
427569,427573,427574,1,4
427569,427573,427574,1,4
427569,427573,427575,2,4
427569,427573,427575,2,4
427569,427572,427575,3,3
427569,427572,427575,3,3
427569,427572,427575,3,3
427569,427572,427575,3,3
427569,427572,427575,3,3
427569,427573,427575,2,4
427569,427573,427575,2,4
427569,427573,427575,2,4
427569,427574,427576,2,5
427569,427574,427575,1,5
427569,427574,427576,2,5
427569,427574,427576,2,5
427569,427575,427576,1,6
427569,427575,427576,1,6
427569,427575,427576,1,6
427569,427575,427577,2,6
427569,427575,427577,2,6
427569,427575,427577,2,6
427569,427574,427577,3,5
427569,427574,427577,3,5
427569,427576,427577,1,7
427569,427576,427577,1,7
427569,427576,427577,1,7
427569,427576,427577,1,7
427569,427574,427578,4,5
427569,427575,427578,3,6
427569,427576,427578,2,7
427569,427576,427578,2,7
427569,427576,427578,2,7
427569,427577,427578,1,8
427569,427577,427578,1,8
427569,427577,427578,1,8
427569,427576,427578,2,7
427569,427577,427578,1,8
427569,427577,427579,2,8
427569,427577,427579,2,8
427569,427578,427579,1,9
427569,427578,427579,1,9
427569,427578,427579,1,9
427569,427578,427579,1,9
427569,427578,427579,1,9
427569,427578,427579,1,9
427569,427578,427580,2,9
427569,427579,427580,1,10
427569,427578,427580,2,9
427569,427579,427580,1,10
427569,427579,427580,1,10
427569,427579,427580,1,10
427569,427578,427581,3,9
427569,427579,427581,2,10
427569,427579,427581,2,10
427569,427580,427581,1,11
427569,427580,427581,1,11
427569,427580,427581,1,11
427569,427580,427581,1,11
427569,427579,427582,3,10
427569,427579,427581,2,10
427569,427579,427582,3,10
427569,427580,427582,2,11
427569,427580,427582,2,11
427569,427579,427582,3,10
427569,427579,427582,3,10
427569,427580,427582,2,11
427569,427581,427583,2,12
427569,427581,427582,1,12
427569,427581,427583,2,12
427569,427581,427583,2,12
427569,427581,427583,2,12
427569,427581,427584,3,12
427569,427582,427584,2,13
427569,427582,427584,2,13
427569,427582,427584,2,13
427569,427582,427584,2,13
427569,427582,427584,2,13
427569,427583,427585,2,14
427569,427583,427585,2,14
427569,427582,427584,2,13
427569,427582,427584,2,13
427569,427582,427584,2,13
427569,427582,427584,2,13
427569,427584,427585,1,15
427569,427583,427586,3,14
427569,427583,427586,3,14
427569,427583,427586,3,14
427569,427583,427585,2,14
427569,427583,427585,2,14
427569,427581,427585,4,12
427569,427585,427587,2,16
427569,427584,427586,2,15
427569,427584,427586,2,15
427569,427585,427586,1,16
427569,427584,427586,2,15
427569,427585,427586,1,16
427569,427586,427587,1,17
427569,427584,427587,3,15
427569,427584,427587,3,15
427569,427585,427587,2,16
427569,427586,427588,2,17
427569,427585,427587,2,16
427569,427585,427588,3,16
427569,427585,427588,3,16
427569,427585,427588,3,16
427569,427586,427589,3,17
427569,427586,427588,2,17
427569,427586,427588,2,17
427569,427587,427589,2,18
427569,427587,427589,2,18
427569,427587,427589,2,18
427569,427587,427589,2,18
427569,427587,427589,2,18
427569,427588,427589,1,19
427569,427586,427589,3,17
427569,427587,427589,2,18
427569,427586,427589,3,17
424161,424180,427655,3475,19
427656,427656,427658,2,0
427656,427656,427658,2,0
427656,427656,427658,2,0
427656,427656,427658,2,0
427656,427656,427658,2,0
427656,427656,427659,3,0
427656,427656,427659,3,0
427656,427656,427658,2,0
427656,427656,427658,2,0
427656,427656,427659,3,0
427656,427656,427659,3,0
427656,427656,427659,3,0
427656,427656,427659,3,0
427656,427656,427659,3,0
427656,427656,427659,3,0
427656,427656,427660,4,0
427656,427656,427660,4,0
427656,427658,427660,2,2
427656,427656,427659,3,0
427656,427656,427660,4,0
427656,427658,427661,3,2
427656,427659,427661,2,3
427656,427659,427661,2,3
427656,427658,427661,3,2
427656,427658,427661,3,2
427656,427660,427661,1,4
427656,427658,427661,3,2
427656,427659,427662,3,3
427656,427659,427662,3,3
427656,427660,427662,2,4
427656,427660,427662,2,4
427656,427660,427662,2,4
427656,427660,427662,2,4
427656,427661,427662,1,5
427656,427661,427663,2,5
427656,427660,427663,3,4
427656,427662,427663,1,6
427656,427662,427663,1,6
427656,427662,427663,1,6
427656,427660,427663,3,4
427656,427660,427664,4,4
427656,427661,427664,3,5
427656,427661,427664,3,5
427656,427662,427664,2,6
427656,427662,427664,2,6
427656,427662,427664,2,6
427656,427663,427664,1,7
427656,427663,427664,1,7
427656,427663,427665,2,7
427656,427663,427665,2,7
427656,427663,427665,2,7
427656,427664,427665,1,8
427656,427664,427665,1,8
427656,427664,427665,1,8
427656,427663,427665,2,7
427656,427663,427665,2,7
427656,427664,427665,1,8
427656,427664,427666,2,8
427656,427663,427666,3,7
427656,427665,427666,1,9
427656,427665,427666,1,9
427656,427665,427666,1,9
427656,427665,427666,1,9
427656,427665,427666,1,9
427656,427665,427666,1,9
427656,427665,427666,1,9
427656,427666,427667,1,10
427656,427665,427667,2,9
427656,427665,427667,2,9
427656,427666,427667,1,10
427656,427666,427667,1,10
427656,427666,427668,2,10
427656,427666,427668,2,10
427656,427667,427668,1,11
427656,427667,427669,2,11
427656,427666,427668,2,10
427656,427666,427668,2,10
427656,427666,427668,2,10
427656,427667,427668,1,11
427656,427667,427668,1,11
427656,427667,427669,2,11
427656,427668,427669,1,12
427656,427667,427669,2,11
427656,427667,427669,2,11
427656,427667,427669,2,11
427656,427668,427669,1,12
427656,427668,427669,1,12
427656,427668,427670,2,12
427656,427667,427669,2,11
427656,427668,427670,2,12
427656,427668,427670,2,12
427656,427669,427671,2,13
427656,427669,427670,1,13
427656,427669,427671,2,13
427656,427669,427671,2,13
427656,427670,427672,2,14
427656,427669,427671,2,13
427656,427670,427672,2,14
427656,427669,427671,2,13
427656,427670,427672,2,14
427656,427669,427672,3,13
427656,427671,427673,2,15
427656,427669,427672,3,13
427656,427669,427672,3,13
427656,427670,427673,3,14
427656,427670,427672,2,14
427656,427671,427673,2,15
427656,427672,427674,2,16
427656,427670,427673,3,14
427656,427670,427673,3,14
427656,427670,427673,3,14
427656,427671,427673,2,15
427656,427672,427674,2,16
427656,427672,427674,2,16
427656,427671,427673,2,15
427656,427670,427674,4,14
427656,427671,427674,3,15
427656,427671,427674,3,15
427656,427672,427675,3,16
427656,427672,427674,2,16
427656,427673,427675,2,17
427656,427672,427675,3,16
427656,427673,427675,2,17
427656,427674,427676,2,18
427656,427674,427676,2,18
427656,427674,427676,2,18
427656,427673,427676,3,17
427656,427673,427676,3,17
427656,427673,427675,2,17
427656,427673,427675,2,17
427656,427674,427676,2,18
427656,427674,427676,2,18
427656,427675,427677,2,19
427656,427675,427677,2,19
427656,427674,427677,3,18
427656,427675,427678,3,19
427656,427674,427677,3,18
427656,427674,427677,3,18
427656,427675,427677,2,19
427656,427675,427678,3,19
427656,427675,427677,2,19
427656,427676,427678,2,20
427656,427676,427678,2,20
427656,427676,427678,2,20
427656,427675,427678,3,19
427656,427676,427679,3,20
427656,427676,427678,2,20
427656,427676,427679,3,20
427656,427676,427680,4,20
427656,427704,427707,3,48
424395,424415,427987,3572,20
427989,427989,427991,2,0
427989,427989,427991,2,0
427989,427989,427991,2,0
427989,427989,427992,3,0
427989,427989,427991,2,0
427989,427989,427991,2,0
427989,427989,427992,3,0
427989,427989,427991,2,0
427989,427989,427992,3,0
427989,427989,427992,3,0
427989,427989,427992,3,0
427989,427989,427992,3,0
427989,427989,427991,2,0
427989,427989,427991,2,0
427989,427989,427992,3,0
427989,427989,427993,4,0
427989,427989,427992,3,0
427989,427989,427993,4,0
427989,427989,427993,4,0
427989,427989,427993,4,0
427989,427991,427993,2,2
427989,427991,427993,2,2
427989,427991,427994,3,2
427989,427992,427994,2,3
427989,427992,427994,2,3
427989,427992,427994,2,3
427989,427993,427995,2,4
427989,427993,427994,1,4
427989,427993,427994,1,4
427989,427992,427995,3,3
427989,427992,427995,3,3
427989,427993,427995,2,4
427989,427992,427995,3,3
427989,427992,427995,3,3
427989,427992,427995,3,3
427989,427992,427995,3,3
427989,427993,427995,2,4
427989,427993,427996,3,4
427989,427993,427996,3,4
427989,427994,427996,2,5
427989,427994,427996,2,5
427989,427994,427996,2,5
427989,427995,427997,2,6
427989,427995,427996,1,6
427989,427995,427996,1,6
427989,427993,427996,3,4
427989,427993,427996,3,4
427989,427994,427996,2,5
427989,427993,427997,4,4
427989,427996,427998,2,7
427989,427995,427998,3,6
427989,427997,427998,1,8
427989,427996,427998,2,7
427989,427996,427998,2,7
427989,427997,427998,1,8
427989,427997,427998,1,8
427989,427997,427998,1,8
427989,427997,427998,1,8
427989,427997,427998,1,8
427989,427995,427999,4,6
427989,427996,427998,2,7
427989,427997,427999,2,8
427989,427995,427999,4,6
427989,427996,427999,3,7
427989,427998,427999,1,9
427989,427996,427999,3,7
427989,427996,427999,3,7
427989,427997,428000,3,8
427989,427997,428000,3,8
427989,427998,428000,2,9
427989,427999,428000,1,10
427989,427999,428000,1,10
427989,427999,428001,2,10
427989,427999,428000,1,10
427989,427999,428001,2,10
427989,427999,428001,2,10
427989,428000,428001,1,11
427989,427999,428001,2,10
427989,427999,428001,2,10
427989,427999,428002,3,10
427989,427999,428002,3,10
427989,428000,428002,2,11
427989,427999,428002,3,10
427989,428000,428002,2,11
427989,428000,428003,3,11
427989,428000,428003,3,11
427989,428001,428003,2,12
427989,428000,428003,3,11
427989,428000,428004,4,11
427989,428001,428004,3,12
427989,428001,428004,3,12
427989,428001,428004,3,12
427989,428001,428004,3,12
427989,428001,428004,3,12
427989,428001,428004,3,12
427989,428000,428005,5,11
427989,428002,428005,3,13
427989,428004,428005,1,15
427989,428003,428005,2,14
427989,428002,428005,3,13
427989,428002,428005,3,13
427989,428002,428006,4,13
427989,428002,428006,4,13
427989,428005,428007,2,16
427989,428005,428007,2,16
427989,428003,428006,3,14
427989,428003,428006,3,14
427989,428004,428006,2,15
427989,428004,428007,3,15
427989,428004,428007,3,15
427989,428006,428008,2,17
427989,428005,428007,2,16
427989,428005,428007,2,16
427989,428005,428007,2,16
427989,428005,428008,3,16
427989,428006,428008,2,17
427989,428006,428008,2,17
427989,428005,428008,3,16
427989,428006,428008,2,17
427989,428006,428009,3,17
427989,428006,428008,2,17
427989,428006,428010,4,17
427989,428007,428010,3,18
427989,428007,428010,3,18
427989,428008,428011,3,19
427989,428007,428010,3,18
427989,428008,428011,3,19
427989,428009,428011,2,20
427989,428008,428011,3,19
427989,428008,428010,2,19
427989,428009,428011,2,20
427989,428009,428011,2,20
427989,428008,428011,3,19
427989,428008,428011,3,19
427989,428007,428011,4,18
427989,428007,428011,4,18
427989,428007,428011,4,18
427989,428009,428011,2,20
427989,428009,428013,4,20
427989,428009,428012,3,20
427989,428009,428012,3,20
427989,428011,428013,2,22
427989,428011,428013,2,22
427989,428011,428013,2,22
427989,428011,428013,2,22
427989,428011,428013,2,22
427989,428010,428014,4,21
427989,428011,428014,3,22
427989,428011,428015,4,22
427989,428011,428016,5,22
423526,423545,428527,4982,19
428527,428527,428529,2,0
428527,428527,428529,2,0
428527,428527,428529,2,0
428527,428527,428529,2,0
428527,428527,428529,2,0
428527,428527,428529,2,0
428527,428527,428530,3,0
428527,428527,428530,3,0
428527,428527,428530,3,0
428527,428527,428530,3,0
428527,428527,428530,3,0
428527,428527,428530,3,0
428527,428527,428530,3,0
428527,428527,428529,2,0
428527,428527,428530,3,0
428527,428527,428530,3,0
428527,428529,428531,2,2
428527,428527,428530,3,0
428527,428527,428531,4,0
428527,428527,428531,4,0
428527,428529,428531,2,2
428527,428529,428531,2,2
428527,428527,428530,3,0
428527,428529,428531,2,2
428527,428529,428531,2,2
428527,428529,428531,2,2
428527,428530,428532,2,3
428527,428530,428532,2,3
428527,428530,428532,2,3
428527,428530,428532,2,3
428527,428530,428533,3,3
428527,428531,428533,2,4
428527,428531,428533,2,4
428527,428531,428533,2,4
428527,428531,428533,2,4
428527,428530,428533,3,3
428527,428530,428533,3,3
428527,428530,428533,3,3
428527,428530,428532,2,3
428527,428531,428533,2,4
428527,428531,428533,2,4
428527,428531,428533,2,4
428527,428531,428534,3,4
428527,428531,428534,3,4
428527,428531,428534,3,4
428527,428532,428534,2,5
428527,428533,428535,2,6
428527,428531,428534,3,4
428527,428533,428535,2,6
428527,428533,428535,2,6
428527,428532,428534,2,5
428527,428533,428535,2,6
428527,428533,428534,1,6
428527,428532,428535,3,5
428527,428532,428535,3,5
428527,428533,428535,2,6
428527,428533,428535,2,6
428527,428533,428535,2,6
428527,428533,428535,2,6
428527,428533,428535,2,6
428527,428533,428536,3,6
428527,428533,428536,3,6
428527,428534,428536,2,7
428527,428535,428536,1,8
428527,428535,428537,2,8
428527,428534,428537,3,7
428527,428534,428537,3,7
428527,428535,428536,1,8
428527,428535,428537,2,8
428527,428536,428537,1,9
428527,428536,428537,1,9
428527,428536,428537,1,9
428527,428536,428537,1,9
428527,428536,428538,2,9
428527,428535,428538,3,8
428527,428536,428538,2,9
428527,428536,428538,2,9
428527,428536,428538,2,9
428527,428536,428538,2,9
428527,428536,428538,2,9
428527,428536,428538,2,9
428527,428537,428538,1,10
428527,428536,428539,3,9
428527,428537,428539,2,10
428527,428538,428539,1,11
428527,428538,428539,1,11
428527,428538,428539,1,11
428527,428538,428539,1,11
428527,428538,428539,1,11
428527,428537,428539,2,10
428527,428538,428539,1,11
428527,428537,428540,3,10
428527,428539,428540,1,12
428527,428538,428541,3,11
428527,428539,428541,2,12
428527,428537,428541,4,10
428527,428539,428541,2,12
428527,428540,428541,1,13
428527,428540,428541,1,13
428527,428540,428541,1,13
428527,428540,428542,2,13
428527,428540,428542,2,13
428527,428539,428541,2,12
428527,428539,428541,2,12
428527,428539,428541,2,12
428527,428539,428541,2,12
428527,428539,428541,2,12
428527,428539,428542,3,12
428527,428540,428542,2,13
428527,428541,428542,1,14
428527,428540,428542,2,13
428527,428539,428542,3,12
428527,428541,428543,2,14
428527,428542,428544,2,15
428527,428542,428543,1,15
428527,428542,428544,2,15
428527,428541,428544,3,14
428527,428541,428544,3,14
428527,428542,428544,2,15
428527,428542,428544,2,15
428527,428542,428544,2,15
428527,428542,428544,2,15
428527,428543,428545,2,16
428527,428543,428545,2,16
428527,428542,428545,3,15
428527,428542,428544,2,15
428527,428542,428545,3,15
428527,428542,428545,3,15
428527,428544,428545,1,17
428527,428542,428545,3,15
428527,428543,428546,3,16
428527,428542,428545,3,15
428527,428543,428545,2,16
428527,428545,428546,1,18
428527,428544,428546,2,17
428527,428544,428546,2,17
428527,428545,428546,1,18
428527,428545,428547,2,18
428527,428544,428547,3,17
428527,428545,428547,2,18
428527,428545,428547,2,18
428527,428546,428547,1,19
428527,428545,428547,2,18
428527,428545,428547,2,18
428527,428545,428548,3,18
428527,428545,428547,2,18
428527,428544,428548,4,17
428527,428545,428548,3,18
428527,428546,428549,3,19
428527,428546,428551,5,19
425256,425274,428671,3397,18
428672,428672,428674,2,0
428672,428672,428674,2,0
428672,428672,428674,2,0
428672,428672,428674,2,0
428672,428672,428674,2,0
428672,428672,428674,2,0
428672,428672,428674,2,0
428672,428672,428675,3,0
428672,428672,428675,3,0
428672,428672,428674,2,0
428672,428672,428675,3,0
428672,428672,428675,3,0
428672,428672,428675,3,0
428672,428672,428675,3,0
428672,428672,428675,3,0
428672,428672,428674,2,0
428672,428672,428674,2,0
428672,428672,428674,2,0
428672,428672,428675,3,0
428672,428672,428675,3,0
428672,428674,428676,2,2
428672,428674,428676,2,2
428672,428674,428676,2,2
428672,428674,428676,2,2
428672,428674,428677,3,2
428672,428674,428676,2,2
428672,428674,428677,3,2
428672,428675,428677,2,3
428672,428675,428678,3,3
428672,428675,428678,3,3
428672,428675,428678,3,3
428672,428675,428678,3,3
428672,428675,428678,3,3
428672,428675,428678,3,3
428672,428676,428678,2,4
428672,428675,428677,2,3
428672,428675,428678,3,3
428672,428676,428679,3,4
428672,428675,428679,4,3
428672,428675,428678,3,3
428672,428676,428679,3,4
428672,428676,428679,3,4
428672,428676,428679,3,4
428672,428677,428679,2,5
428672,428678,428679,1,6
428672,428677,428679,2,5
428672,428678,428680,2,6
428672,428676,428679,3,4
428672,428677,428680,3,5
428672,428678,428680,2,6
428672,428678,428680,2,6
428672,428679,428680,1,7
428672,428679,428680,1,7
428672,428678,428681,3,6
428672,428678,428681,3,6
428672,428679,428680,1,7
428672,428679,428681,2,7
428672,428679,428681,2,7
428672,428679,428681,2,7
428672,428678,428681,3,6
428672,428678,428681,3,6
428672,428680,428681,1,8
428672,428680,428681,1,8
428672,428680,428681,1,8
428672,428680,428681,1,8
428672,428680,428682,2,8
428672,428681,428682,1,9
428672,428681,428682,1,9
428672,428681,428683,2,9
428672,428681,428683,2,9
428672,428681,428684,3,9
428672,428681,428684,3,9
428672,428680,428684,4,8
428672,428681,428684,3,9
428672,428682,428684,2,10
428672,428682,428684,2,10
428672,428682,428684,2,10
428672,428683,428685,2,11
428672,428681,428684,3,9
428672,428682,428684,2,10
428672,428682,428684,2,10
428672,428682,428684,2,10
428672,428683,428685,2,11
428672,428681,428685,4,9
428672,428681,428685,4,9
428672,428681,428685,4,9
428672,428682,428685,3,10
428672,428681,428685,4,9
428672,428683,428686,3,11
428672,428684,428685,1,12
428672,428685,428686,1,13
428672,428685,428687,2,13
428672,428685,428686,1,13
428672,428685,428687,2,13
428672,428685,428687,2,13
428672,428685,428687,2,13
428672,428684,428687,3,12
428672,428684,428686,2,12
428672,428685,428687,2,13
428672,428685,428687,2,13
428672,428685,428688,3,13
428672,428685,428687,2,13
428672,428685,428688,3,13
428672,428685,428688,3,13
428672,428686,428689,3,14
428672,428687,428689,2,15
428672,428687,428689,2,15
428672,428686,428688,2,14
428672,428687,428689,2,15
428672,428686,428689,3,14
428672,428686,428689,3,14
428672,428686,428689,3,14
428672,428687,428689,2,15
428672,428687,428689,2,15
428672,428687,428689,2,15
428672,428687,428689,2,15
428672,428686,428690,4,14
428672,428688,428690,2,16
428672,428688,428691,3,16
428672,428689,428691,2,17
428672,428689,428690,1,17
428672,428688,428690,2,16
428672,428689,428691,2,17
428672,428689,428691,2,17
428672,428687,428691,4,15
428672,428689,428691,2,17
428672,428688,428691,3,16
428672,428689,428691,2,17
428672,428690,428692,2,18
428672,428690,428692,2,18
428672,428690,428692,2,18
428672,428688,428691,3,16
428672,428690,428692,2,18
428672,428690,428692,2,18
428672,428690,428693,3,18
428672,428691,428693,2,19
428672,428690,428693,3,18
428672,428691,428693,2,19
428672,428692,428694,2,20
428672,428691,428693,2,19
428672,428691,428693,2,19
428672,428691,428693,2,19
428672,428692,428695,3,20
428672,428691,428694,3,19
428672,428691,428694,3,19
428672,428691,428694,3,19
428672,428692,428694,2,20
428672,428691,428694,3,19
428672,428692,428695,3,20
423643,423670,428818,5148,27
428819,428819,428821,2,0
428819,428819,428821,2,0
428819,428819,428821,2,0
428819,428819,428821,2,0
428819,428819,428822,3,0
428819,428819,428821,2,0
428819,428819,428821,2,0
428819,428819,428822,3,0
428819,428819,428821,2,0
428819,428819,428821,2,0
428819,428819,428822,3,0
428819,428819,428823,4,0
428819,428819,428823,4,0
428819,428819,428822,3,0
428819,428819,428822,3,0
428819,428821,428823,2,2
428819,428819,428822,3,0
428819,428821,428822,1,2
428819,428819,428823,4,0
428819,428819,428823,4,0
428819,428819,428822,3,0
428819,428819,428822,3,0
428819,428822,428824,2,3
428819,428821,428823,2,2
428819,428822,428824,2,3
428819,428821,428823,2,2
428819,428823,428825,2,4
428819,428823,428825,2,4
428819,428822,428824,2,3
428819,428822,428824,2,3
428819,428822,428825,3,3
428819,428822,428824,2,3
428819,428823,428826,3,4
428819,428823,428826,3,4
428819,428823,428826,3,4
428819,428822,428825,3,3
428819,428823,428826,3,4
428819,428824,428826,2,5
428819,428824,428826,2,5
428819,428823,428826,3,4
428819,428823,428826,3,4
428819,428823,428826,3,4
428819,428823,428826,3,4
428819,428823,428827,4,4
428819,428825,428827,2,6
428819,428824,428826,2,5
428819,428824,428826,2,5
428819,428825,428827,2,6
428819,428825,428827,2,6
428819,428825,428827,2,6
428819,428825,428827,2,6
428819,428826,428828,2,7
428819,428826,428828,2,7
428819,428825,428828,3,6
428819,428826,428829,3,7
428819,428826,428829,3,7
428819,428826,428829,3,7
428819,428826,428829,3,7
428819,428827,428829,2,8
428819,428827,428829,2,8
428819,428827,428829,2,8
428819,428827,428829,2,8
428819,428827,428829,2,8
428819,428826,428829,3,7
428819,428826,428829,3,7
428819,428826,428829,3,7
428819,428827,428829,2,8
428819,428827,428830,3,8
428819,428826,428829,3,7
428819,428827,428829,2,8
428819,428828,428830,2,9
428819,428828,428830,2,9
428819,428828,428830,2,9
428819,428828,428830,2,9
428819,428829,428831,2,10
428819,428829,428831,2,10
428819,428829,428831,2,10
428819,428829,428831,2,10
428819,428829,428832,3,10
428819,428829,428831,2,10
428819,428829,428832,3,10
428819,428829,428832,3,10
428819,428830,428832,2,11
428819,428829,428831,2,10
428819,428829,428832,3,10
428819,428831,428833,2,12
428819,428830,428833,3,11
428819,428830,428832,2,11
428819,428830,428832,2,11
428819,428830,428834,4,11
428819,428830,428833,3,11
428819,428830,428833,3,11
428819,428830,428833,3,11
428819,428831,428833,2,12
428819,428830,428834,4,11
428819,428831,428833,2,12
428819,428831,428834,3,12
428819,428832,428834,2,13
428819,428831,428833,2,12
428819,428833,428835,2,14
428819,428833,428835,2,14
428819,428832,428836,4,13
428819,428832,428836,4,13
428819,428832,428836,4,13
428819,428834,428836,2,15
428819,428833,428835,2,14
428819,428834,428836,2,15
428819,428832,428836,4,13
428819,428834,428836,2,15
428819,428834,428836,2,15
428819,428835,428836,1,16
428819,428833,428836,3,14
428819,428834,428836,2,15
428819,428834,428837,3,15
428819,428834,428836,2,15
428819,428833,428837,4,14
428819,428834,428837,3,15
428819,428834,428838,4,15
428819,428835,428838,3,16
428819,428836,428838,2,17
428819,428834,428838,4,15
428819,428836,428839,3,17
428819,428837,428839,2,18
428819,428836,428840,4,17
428819,428836,428840,4,17
428819,428836,428840,4,17
428819,428836,428840,4,17
428819,428837,428840,3,18
428819,428839,428840,1,20
428819,428837,428841,4,18
428819,428837,428840,3,18
428819,428837,428840,3,18
428819,428837,428841,4,18
428819,428838,428841,3,19
428819,428836,428841,5,17
428819,428836,428841,5,17
428819,428836,428841,5,17
428819,428838,428841,3,19
428819,428839,428841,2,20
428819,428840,428841,1,21
428819,428838,428842,4,19
428819,428840,428842,2,21
428819,428840,428842,2,21
428819,428841,428842,1,22
428819,428841,428842,1,22
428819,428839,428842,3,20
428819,428840,428843,3,21
428819,428841,428843,2,22
428819,428841,428843,2,22
428819,428841,428848,7,22
423922,423940,428905,4965,18
428906,428906,428908,2,0
428906,428906,428908,2,0
428906,428906,428908,2,0
428906,428906,428908,2,0
428906,428906,428909,3,0
428906,428906,428909,3,0
428906,428906,428908,2,0
428906,428906,428908,2,0
428906,428906,428909,3,0
428906,428906,428908,2,0
428906,428906,428909,3,0
428906,428906,428909,3,0
428906,428908,428910,2,2
428906,428906,428909,3,0
428906,428906,428909,3,0
428906,428906,428909,3,0
428906,428908,428910,2,2
428906,428908,428910,2,2
428906,428908,428910,2,2
428906,428906,428910,4,0
428906,428906,428910,4,0
428906,428906,428909,3,0
428906,428906,428909,3,0
428906,428909,428911,2,3
428906,428906,428911,5,0
428906,428909,428911,2,3
428906,428910,428912,2,4
428906,428910,428912,2,4
428906,428909,428911,2,3
428906,428910,428912,2,4
428906,428909,428911,2,3
428906,428909,428912,3,3
428906,428909,428912,3,3
428906,428909,428912,3,3
428906,428910,428913,3,4
428906,428910,428913,3,4
428906,428910,428912,2,4
428906,428910,428913,3,4
428906,428911,428913,2,5
428906,428910,428913,3,4
428906,428910,428913,3,4
428906,428912,428914,2,6
428906,428910,428913,3,4
428906,428910,428914,4,4
428906,428912,428914,2,6
428906,428910,428913,3,4
428906,428912,428914,2,6
428906,428912,428914,2,6
428906,428912,428914,2,6
428906,428911,428914,3,5
428906,428912,428914,2,6
428906,428913,428914,1,7
428906,428912,428914,2,6
428906,428913,428914,1,7
428906,428913,428916,3,7
428906,428913,428915,2,7
428906,428911,428915,4,5
428906,428913,428915,2,7
428906,428912,428915,3,6
428906,428913,428915,2,7
428906,428913,428916,3,7
428906,428914,428916,2,8
428906,428914,428917,3,8
428906,428914,428916,2,8
428906,428914,428917,3,8
428906,428914,428917,3,8
428906,428914,428917,3,8
428906,428914,428917,3,8
428906,428915,428917,2,9
428906,428914,428917,3,8
428906,428914,428918,4,8
428906,428915,428917,2,9
428906,428915,428918,3,9
428906,428914,428918,4,8
428906,428917,428919,2,11
428906,428916,428919,3,10
428906,428917,428919,2,11
428906,428916,428919,3,10
428906,428916,428919,3,10
428906,428916,428919,3,10
428906,428916,428919,3,10
428906,428918,428919,1,12
428906,428916,428919,3,10
428906,428916,428920,4,10
428906,428917,428919,2,11
428906,428918,428920,2,12
428906,428918,428920,2,12
428906,428918,428920,2,12
428906,428919,428920,1,13
428906,428917,428921,4,11
428906,428918,428921,3,12
428906,428917,428921,4,11
428906,428918,428922,4,12
428906,428918,428922,4,12
428906,428919,428923,4,13
428906,428919,428923,4,13
428906,428921,428923,2,15
428906,428919,428923,4,13
428906,428921,428923,2,15
428906,428921,428923,2,15
428906,428921,428923,2,15
428906,428920,428924,4,14
428906,428921,428924,3,15
428906,428920,428924,4,14
428906,428920,428924,4,14
428906,428920,428924,4,14
428906,428920,428924,4,14
428906,428921,428924,3,15
428906,428923,428925,2,17
428906,428921,428925,4,15
428906,428920,428925,5,14
428906,428923,428925,2,17
428906,428923,428926,3,17
428906,428924,428926,2,18
428906,428922,428926,4,16
428906,428922,428926,4,16
428906,428924,428926,2,18
428906,428924,428926,2,18
428906,428924,428927,3,18
428906,428923,428927,4,17
428906,428925,428928,3,19
428906,428924,428928,4,18
428906,428925,428928,3,19
428906,428925,428928,3,19
428906,428927,428929,2,21
428906,428926,428929,3,20
428906,428925,428929,4,19
428906,428926,428929,3,20
428906,428925,428929,4,19
428906,428925,428929,4,19
428906,428925,428929,4,19
428906,428927,428929,2,21
428906,428927,428930,3,21
428906,428927,428930,3,21
428906,428927,428930,3,21
428906,428926,428930,4,20
428906,428927,428930,3,21
428906,428928,428930,2,22
428906,428929,428931,2,23
428906,428927,428930,3,21
428906,428928,428931,3,22
428906,428930,428931,1,24
428906,428928,428931,3,22
428906,428930,428932,2,24
428906,428928,428933,5,22
428906,428930,428933,3,24
428906,428930,428933,3,24
428906,428930,428935,5,24
428906,428930,428936,6,24
428906,428962,428966,4,56
425763,425783,429219,3436,20
429220,429220,429222,2,0
429220,429220,429222,2,0
429220,429220,429222,2,0
429220,429220,429222,2,0
429220,429220,429222,2,0
429220,429220,429222,2,0
429220,429220,429222,2,0
429220,429220,429223,3,0
429220,429221,429223,2,1
429220,429220,429223,3,0
429220,429220,429223,3,0
429220,429220,429223,3,0
429220,429220,429223,3,0
429220,429220,429223,3,0
429220,429221,429223,2,1
429220,429220,429223,3,0
429220,429223,429224,1,3
429220,429221,429224,3,1
429220,429221,429224,3,1
429220,429221,429224,3,1
429220,429223,429224,1,3
429220,429223,429225,2,3
429220,429221,429224,3,1
429220,429223,429224,1,3
429220,429223,429224,1,3
429220,429223,429225,2,3
429220,429223,429225,2,3
429220,429224,429226,2,4
429220,429224,429225,1,4
429220,429224,429226,2,4
429220,429225,429226,1,5
429220,429224,429226,2,4
429220,429224,429226,2,4
429220,429224,429226,2,4
429220,429225,429227,2,5
429220,429224,429226,2,4
429220,429224,429226,2,4
429220,429224,429226,2,4
429220,429225,429227,2,5
429220,429225,429228,3,5
429220,429225,429227,2,5
429220,429225,429227,2,5
429220,429226,429227,1,6
429220,429225,429227,2,5
429220,429225,429227,2,5
429220,429226,429227,1,6
429220,429227,429228,1,7
429220,429225,429228,3,5
429220,429225,429228,3,5
429220,429225,429228,3,5
429220,429227,429228,1,7
429220,429227,429229,2,7
429220,429227,429228,1,7
429220,429227,429229,2,7
429220,429227,429229,2,7
429220,429227,429229,2,7
429220,429227,429229,2,7
429220,429228,429229,1,8
429220,429227,429229,2,7
429220,429228,429230,2,8
429220,429228,429229,1,8
429220,429228,429229,1,8
429220,429228,429229,1,8
429220,429228,429229,1,8
429220,429228,429229,1,8
429220,429228,429229,1,8
429220,429229,429230,1,9
429220,429229,429231,2,9
429220,429229,429230,1,9
429220,429229,429231,2,9
429220,429229,429232,3,9
429220,429230,429231,1,10
429220,429229,429231,2,9
429220,429230,429232,2,10
429220,429230,429231,1,10
429220,429230,429231,1,10
429220,429230,429232,2,10
429220,429229,429231,2,9
429220,429229,429231,2,9
429220,429230,429232,2,10
429220,429230,429232,2,10
429220,429230,429232,2,10
429220,429230,429232,2,10
429220,429231,429232,1,11
429220,429230,429232,2,10
429220,429229,429232,3,9
429220,429230,429233,3,10
429220,429231,429233,2,11
429220,429231,429233,2,11
429220,429232,429233,1,12
429220,429232,429234,2,12
429220,429233,429234,1,13
429220,429232,429234,2,12
429220,429232,429235,3,12
429220,429232,429235,3,12
429220,429232,429234,2,12
429220,429232,429234,2,12
429220,429232,429234,2,12
429220,429232,429234,2,12
429220,429232,429235,3,12
429220,429232,429234,2,12
429220,429232,429234,2,12
429220,429233,429235,2,13
429220,429234,429236,2,14
429220,429232,429235,3,12
429220,429233,429235,2,13
429220,429234,429236,2,14
429220,429235,429237,2,15
429220,429234,429237,3,14
429220,429234,429236,2,14
429220,429233,429236,3,13
429220,429235,429237,2,15
429220,429235,429237,2,15
429220,429235,429237,2,15
429220,429235,429237,2,15
429220,429234,429237,3,14
429220,429235,429238,3,15
429220,429235,429238,3,15
429220,429236,429238,2,16
429220,429235,429238,3,15
429220,429235,429237,2,15
429220,429235,429238,3,15
429220,429236,429238,2,16
429220,429237,429238,1,17
429220,429237,429239,2,17
429220,429235,429238,3,15
429220,429237,429239,2,17
429220,429237,429239,2,17
429220,429236,429239,3,16
429220,429237,429239,2,17
429220,429237,429239,2,17
429220,429236,429239,3,16
429220,429237,429239,2,17
429220,429238,429240,2,18
429220,429237,429239,2,17
429220,429238,429240,2,18
429220,429236,429240,4,16
429220,429238,429240,2,18
429220,429238,429240,2,18
429220,429239,429240,1,19
429220,429238,429241,3,18
429220,429239,429241,2,19
429220,429239,429241,2,19
429220,429238,429240,2,18
429220,429238,429241,3,18
429220,429239,429241,2,19
429220,429238,429242,4,18
429220,429239,429241,2,19
429220,429239,429242,3,19
429220,429239,429243,4,19
426048,426066,429536,3470,18
429538,429538,429540,2,0
429538,429538,429540,2,0
429538,429538,429539,1,0
429538,429538,429539,1,0
429538,429538,429540,2,0
429538,429538,429540,2,0
429538,429538,429540,2,0
429538,429538,429540,2,0
429538,429538,429541,3,0
429538,429538,429541,3,0
429538,429538,429540,2,0
429538,429538,429540,2,0
429538,429538,429541,3,0
429538,429538,429540,2,0
429538,429538,429541,3,0
429538,429538,429541,3,0
429538,429538,429540,2,0
429538,429538,429540,2,0
429538,429538,429541,3,0
429538,429538,429541,3,0
429538,429540,429542,2,2
429538,429540,429542,2,2
429538,429540,429542,2,2
429538,429540,429542,2,2
429538,429540,429542,2,2
429538,429540,429542,2,2
429538,429541,429543,2,3
429538,429540,429542,2,2
429538,429540,429542,2,2
429538,429541,429544,3,3
429538,429541,429543,2,3
429538,429542,429544,2,4
429538,429541,429544,3,3
429538,429541,429544,3,3
429538,429541,429544,3,3
429538,429542,429544,2,4
429538,429541,429544,3,3
429538,429541,429544,3,3
429538,429541,429544,3,3
429538,429541,429544,3,3
429538,429541,429544,3,3
429538,429541,429544,3,3
429538,429543,429545,2,5
429538,429543,429545,2,5
429538,429543,429545,2,5
429538,429543,429545,2,5
429538,429544,429546,2,6
429538,429543,429545,2,5
429538,429544,429545,1,6
429538,429544,429547,3,6
429538,429544,429547,3,6
429538,429543,429547,4,5
429538,429543,429547,4,5
429538,429544,429547,3,6
429538,429544,429547,3,6
429538,429544,429546,2,6
429538,429546,429548,2,8
429538,429545,429548,3,7
429538,429545,429548,3,7
429538,429545,429547,2,7
429538,429546,429548,2,8
429538,429546,429548,2,8
429538,429545,429547,2,7
429538,429546,429548,2,8
429538,429545,429548,3,7
429538,429545,429548,3,7
429538,429545,429548,3,7
429538,429545,429548,3,7
429538,429547,429549,2,9
429538,429547,429549,2,9
429538,429546,429548,2,8
429538,429547,429550,3,9
429538,429547,429549,2,9
429538,429548,429550,2,10
429538,429548,429550,2,10
429538,429547,429550,3,9
429538,429547,429550,3,9
429538,429547,429550,3,9
429538,429548,429550,2,10
429538,429548,429550,2,10
429538,429548,429550,2,10
429538,429548,429551,3,10
429538,429548,429550,2,10
429538,429548,429550,2,10
429538,429549,429552,3,11
429538,429549,429552,3,11
429538,429549,429552,3,11
429538,429549,429551,2,11
429538,429549,429551,2,11
429538,429549,429552,3,11
429538,429549,429552,3,11
429538,429550,429553,3,12
429538,429550,429553,3,12
429538,429551,429553,2,13
429538,429550,429553,3,12
429538,429550,429553,3,12
429538,429551,429553,2,13
429538,429550,429554,4,12
429538,429551,429554,3,13
429538,429550,429554,4,12
429538,429550,429554,4,12
429538,429550,429553,3,12
429538,429552,429554,2,14
429538,429552,429555,3,14
429538,429551,429555,4,13
429538,429552,429555,3,14
429538,429552,429555,3,14
429538,429552,429555,3,14
429538,429550,429554,4,12
429538,429553,429555,2,15
429538,429554,429556,2,16
429538,429553,429556,3,15
429538,429553,429555,2,15
429538,429553,429556,3,15
429538,429552,429555,3,14
429538,429553,429556,3,15
429538,429553,429556,3,15
429538,429554,429557,3,16
429538,429554,429557,3,16
429538,429554,429556,2,16
429538,429555,429558,3,17
429538,429556,429558,2,18
429538,429554,429558,4,16
429538,429556,429558,2,18
429538,429556,429558,2,18
429538,429554,429558,4,16
429538,429555,429558,3,17
429538,429555,429558,3,17
429538,429555,429558,3,17
429538,429556,429558,2,18
429538,429554,429558,4,16
429538,429557,429558,1,19
429538,429555,429558,3,17
429538,429556,429559,3,18
429538,429555,429558,3,17
429538,429555,429559,4,17
429538,429556,429559,3,18
429538,429558,429560,2,20
429538,429558,429560,2,20
429538,429558,429560,2,20
429538,429557,429560,3,19
429538,429557,429560,3,19
429538,429559,429560,1,21
429538,429559,429560,1,21
429538,429558,429560,2,20
429538,429558,429560,2,20
429538,429558,429561,3,20
429538,429558,429561,3,20
429538,429559,429561,2,21
429538,429559,429561,2,21
424807,424823,429699,4876,16
429700,429701,429702,1,1
429700,429700,429702,2,0
429700,429700,429702,2,0
429700,429700,429702,2,0
429700,429700,429702,2,0
429700,429700,429702,2,0
429700,429700,429702,2,0
429700,429701,429702,1,1
429700,429701,429702,1,1
429700,429700,429703,3,0
429700,429701,429703,2,1
429700,429701,429703,2,1
429700,429701,429703,2,1
429700,429701,429703,2,1
429700,429701,429703,2,1
429700,429700,429704,4,0
429700,429703,429704,1,3
429700,429700,429704,4,0
429700,429701,429704,3,1
429700,429701,429704,3,1
429700,429701,429704,3,1
429700,429703,429704,1,3
429700,429703,429704,1,3
429700,429703,429704,1,3
429700,429703,429704,1,3
429700,429703,429705,2,3
429700,429703,429705,2,3
429700,429703,429705,2,3
429700,429703,429705,2,3
429700,429705,429706,1,5
429700,429704,429706,2,4
429700,429705,429707,2,5
429700,429704,429706,2,4
429700,429704,429706,2,4
429700,429704,429706,2,4
429700,429704,429706,2,4
429700,429705,429706,1,5
429700,429704,429707,3,4
429700,429705,429707,2,5
429700,429705,429707,2,5
429700,429705,429708,3,5
429700,429705,429708,3,5
429700,429706,429707,1,6
429700,429706,429708,2,6
429700,429705,429707,2,5
429700,429705,429707,2,5
429700,429706,429707,1,6
429700,429707,429708,1,7
429700,429706,429708,2,6
429700,429705,429708,3,5
429700,429707,429708,1,7
429700,429707,429708,1,7
429700,429707,429709,2,7
429700,429707,429709,2,7
429700,429707,429709,2,7
429700,429707,429708,1,7
429700,429708,429709,1,8
429700,429708,429709,1,8
429700,429707,429709,2,7
429700,429708,429710,2,8
429700,429708,429709,1,8
429700,429708,429709,1,8
429700,429708,429709,1,8
429700,429708,429710,2,8
429700,429708,429709,1,8
429700,429709,429710,1,9
429700,429708,429710,2,8
429700,429708,429710,2,8
429700,429709,429710,1,9
429700,429709,429710,1,9
429700,429709,429711,2,9
429700,429709,429711,2,9
429700,429709,429711,2,9
429700,429710,429712,2,10
429700,429710,429711,1,10
429700,429710,429711,1,10
429700,429709,429711,2,9
429700,429709,429711,2,9
429700,429709,429711,2,9
429700,429710,429712,2,10
429700,429710,429712,2,10
429700,429710,429712,2,10
429700,429710,429712,2,10
429700,429711,429712,1,11
429700,429710,429712,2,10
429700,429710,429713,3,10
429700,429711,429712,1,11
429700,429711,429712,1,11
429700,429711,429713,2,11
429700,429711,429714,3,11
429700,429711,429713,2,11
429700,429712,429714,2,12
429700,429712,429714,2,12
429700,429712,429714,2,12
429700,429711,429714,3,11
429700,429712,429714,2,12
429700,429712,429715,3,12
429700,429713,429715,2,13
429700,429712,429714,2,12
429700,429712,429715,3,12
429700,429712,429714,2,12
429700,429712,429715,3,12
429700,429713,429715,2,13
429700,429713,429715,2,13
429700,429713,429715,2,13
429700,429713,429716,3,13
429700,429714,429716,2,14
429700,429714,429716,2,14
429700,429713,429715,2,13
429700,429714,429716,2,14
429700,429713,429716,3,13
429700,429713,429717,4,13
429700,429715,429717,2,15
429700,429714,429716,2,14
429700,429714,429716,2,14
429700,429715,429717,2,15
429700,429715,429717,2,15
429700,429716,429717,1,16
429700,429714,429717,3,14
429700,429714,429717,3,14
429700,429716,429718,2,16
429700,429716,429718,2,16
429700,429716,429718,2,16
429700,429715,429718,3,15
429700,429715,429718,3,15
429700,429715,429717,2,15
429700,429715,429718,3,15
429700,429716,429718,2,16
429700,429717,429719,2,17
429700,429717,429718,1,17
429700,429716,429719,3,16
429700,429717,429720,3,17
429700,429718,429720,2,18
429700,429716,429719,3,16
429700,429717,429720,3,17
429700,429718,429720,2,18
429700,429717,429720,3,17
429700,429717,429719,2,17
429700,429717,429719,2,17
429700,429718,429721,3,18
429700,429718,429721,3,18
429700,429718,429720,2,18
429700,429719,429721,2,19
429700,429719,429721,2,19
429700,429718,429720,2,18
429700,429718,429720,2,18
429700,429718,429721,3,18
429700,429718,429721,3,18
429700,429719,429721,2,19
429700,429719,429722,3,19
426191,426213,429726,3513,22
429730,429730,429732,2,0
429730,429730,429732,2,0
429730,429730,429732,2,0
429730,429730,429732,2,0
429730,429730,429732,2,0
429730,429730,429732,2,0
429730,429730,429733,3,0
429730,429730,429733,3,0
429730,429730,429733,3,0
429730,429730,429733,3,0
429730,429730,429733,3,0
429730,429730,429733,3,0
429730,429730,429733,3,0
429730,429730,429733,3,0
429730,429730,429733,3,0
429730,429730,429733,3,0
429730,429730,429733,3,0
429730,429731,429733,2,1
429730,429730,429734,4,0
429730,429730,429734,4,0
429730,429732,429734,2,2
429730,429733,429734,1,3
429730,429733,429734,1,3
429730,429733,429734,1,3
429730,429733,429734,1,3
429730,429733,429734,1,3
429730,429734,429735,1,4
429730,429734,429735,1,4
429730,429734,429735,1,4
429730,429733,429736,3,3
429730,429733,429736,3,3
429730,429733,429736,3,3
429730,429733,429736,3,3
429730,429734,429736,2,4
429730,429734,429736,2,4
429730,429734,429736,2,4
429730,429734,429736,2,4
429730,429734,429736,2,4
429730,429735,429737,2,5
429730,429735,429737,2,5
429730,429735,429737,2,5
429730,429735,429737,2,5
429730,429735,429737,2,5
429730,429735,429737,2,5
429730,429735,429737,2,5
429730,429736,429738,2,6
429730,429736,429738,2,6
429730,429735,429738,3,5
429730,429737,429739,2,7
429730,429737,429738,1,7
429730,429736,429738,2,6
429730,429737,429738,1,7
429730,429737,429739,2,7
429730,429737,429739,2,7
429730,429737,429739,2,7
429730,429738,429739,1,8
429730,429738,429739,1,8
429730,429737,429739,2,7
429730,429738,429739,1,8
429730,429738,429739,1,8
429730,429738,429739,1,8
429730,429738,429739,1,8
429730,429738,429739,1,8
429730,429737,429739,2,7
429730,429737,429739,2,7
429730,429738,429739,1,8
429730,429738,429740,2,8
429730,429739,429740,1,9
429730,429739,429741,2,9
429730,429739,429741,2,9
429730,429740,429741,1,10
429730,429739,429741,2,9
429730,429739,429741,2,9
429730,429740,429743,3,10
429730,429740,429742,2,10
429730,429740,429742,2,10
429730,429740,429742,2,10
429730,429740,429742,2,10
429730,429740,429742,2,10
429730,429740,429742,2,10
429730,429740,429742,2,10
429730,429740,429742,2,10
429730,429741,429743,2,11
429730,429740,429742,2,10
429730,429740,429742,2,10
429730,429741,429743,2,11
429730,429740,429743,3,10
429730,429740,429743,3,10
429730,429742,429743,1,12
429730,429741,429743,2,11
429730,429741,429743,2,11
429730,429743,429744,1,13
429730,429742,429745,3,12
429730,429743,429745,2,13
429730,429742,429744,2,12
429730,429743,429746,3,13
429730,429744,429745,1,14
429730,429743,429746,3,13
429730,429743,429745,2,13
429730,429743,429745,2,13
429730,429743,429745,2,13
429730,429743,429745,2,13
429730,429743,429745,2,13
429730,429743,429745,2,13
429730,429744,429746,2,14
429730,429743,429745,2,13
429730,429743,429745,2,13
429730,429744,429747,3,14
429730,429744,429747,3,14
429730,429743,429746,3,13
429730,429744,429747,3,14
429730,429745,429747,2,15
429730,429746,429747,1,16
429730,429745,429747,2,15
429730,429746,429748,2,16
429730,429745,429747,2,15
429730,429746,429748,2,16
429730,429745,429748,3,15
429730,429746,429749,3,16
429730,429746,429748,2,16
429730,429746,429748,2,16
429730,429746,429748,2,16
429730,429746,429748,2,16
429730,429746,429748,2,16
429730,429746,429748,2,16
429730,429746,429749,3,16
429730,429747,429750,3,17
429730,429748,429750,2,18
429730,429748,429750,2,18
429730,429748,429750,2,18
429730,429746,429749,3,16
429730,429747,429749,2,17
429730,429748,429749,1,18
429730,429747,429750,3,17
429730,429748,429750,2,18
429730,429749,429751,2,19
429730,429748,429751,3,18
429730,429748,429751,3,18
429730,429749,429751,2,19
429730,429748,429751,3,18
429730,429750,429752,2,20
429730,429750,429752,2,20
429730,429749,429751,2,19
429730,429749,429752,3,19
429730,429749,429752,3,19
429730,429749,429752,3,19
429730,429750,429753,3,20
429730,429750,429752,2,20
429730,429749,429753,4,19
429730,429749,429752,3,19
424812,424844,429833,4989,32
429834,429834,429836,2,0
429834,429834,429836,2,0
429834,429834,429836,2,0
429834,429834,429836,2,0
429834,429834,429836,2,0
429834,429834,429836,2,0
429834,429834,429837,3,0
429834,429834,429837,3,0
429834,429834,429836,2,0
429834,429834,429837,3,0
429834,429834,429836,2,0
429834,429834,429836,2,0
429834,429834,429837,3,0
429834,429834,429838,4,0
429834,429834,429838,4,0
429834,429836,429838,2,2
429834,429836,429838,2,2
429834,429834,429837,3,0
429834,429834,429837,3,0
429834,429834,429837,3,0
429834,429834,429838,4,0
429834,429834,429839,5,0
429834,429837,429839,2,3
429834,429836,429839,3,2
429834,429836,429838,2,2
429834,429837,429839,2,3
429834,429836,429838,2,2
429834,429837,429839,2,3
429834,429837,429839,2,3
429834,429837,429839,2,3
429834,429837,429840,3,3
429834,429837,429840,3,3
429834,429837,429839,2,3
429834,429838,429840,2,4
429834,429838,429840,2,4
429834,429838,429841,3,4
429834,429838,429841,3,4
429834,429838,429841,3,4
429834,429838,429841,3,4
429834,429838,429841,3,4
429834,429839,429841,2,5
429834,429839,429842,3,5
429834,429840,429842,2,6
429834,429839,429842,3,5
429834,429839,429842,3,5
429834,429840,429842,2,6
429834,429839,429842,3,5
429834,429841,429842,1,7
429834,429839,429842,3,5
429834,429840,429843,3,6
429834,429840,429843,3,6
429834,429839,429843,4,5
429834,429839,429843,4,5
429834,429839,429843,4,5
429834,429840,429843,3,6
429834,429842,429843,1,8
429834,429842,429843,1,8
429834,429841,429844,3,7
429834,429841,429844,3,7
429834,429843,429844,1,9
429834,429843,429844,1,9
429834,429843,429844,1,9
429834,429843,429844,1,9
429834,429843,429844,1,9
429834,429843,429844,1,9
429834,429843,429844,1,9
429834,429842,429844,2,8
429834,429842,429845,3,8
429834,429844,429845,1,10
429834,429844,429845,1,10
429834,429844,429845,1,10
429834,429843,429846,3,9
429834,429844,429846,2,10
429834,429844,429846,2,10
429834,429845,429847,2,11
429834,429845,429846,1,11
429834,429845,429846,1,11
429834,429845,429846,1,11
429834,429845,429846,1,11
429834,429844,429846,2,10
429834,429844,429846,2,10
429834,429845,429847,2,11
429834,429844,429847,3,10
429834,429845,429847,2,11
429834,429845,429847,2,11
429834,429844,429848,4,10
429834,429844,429848,4,10
429834,429846,429848,2,12
429834,429846,429848,2,12
429834,429847,429849,2,13
429834,429846,429848,2,12
429834,429845,429848,3,11
429834,429847,429850,3,13
429834,429847,429849,2,13
429834,429846,429849,3,12
429834,429847,429850,3,13
429834,429847,429850,3,13
429834,429847,429850,3,13
429834,429847,429850,3,13
429834,429847,429850,3,13
429834,429848,429850,2,14
429834,429847,429850,3,13
429834,429847,429851,4,13
429834,429849,429851,2,15
429834,429849,429851,2,15
429834,429849,429852,3,15
429834,429849,429851,2,15
429834,429848,429852,4,14
429834,429848,429852,4,14
429834,429849,429852,3,15
429834,429849,429852,3,15
429834,429850,429852,2,16
429834,429850,429852,2,16
429834,429851,429853,2,17
429834,429849,429853,4,15
429834,429851,429853,2,17
429834,429851,429853,2,17
429834,429851,429853,2,17
429834,429852,429854,2,18
429834,429852,429854,2,18
429834,429851,429853,2,17
429834,429851,429853,2,17
429834,429851,429854,3,17
429834,429851,429854,3,17
429834,429850,429854,4,16
429834,429853,429855,2,19
429834,429852,429854,2,18
429834,429852,429854,2,18
429834,429853,429855,2,19
429834,429853,429855,2,19
429834,429852,429854,2,18
429834,429852,429854,2,18
429834,429853,429856,3,19
429834,429853,429856,3,19
429834,429854,429856,2,20
429834,429854,429857,3,20
429834,429854,429856,2,20
429834,429854,429856,2,20
429834,429854,429856,2,20
429834,429854,429856,2,20
429834,429853,429857,4,19
429834,429854,429857,3,20
429834,429854,429857,3,20
429834,429854,429857,3,20
429834,429855,429858,3,21
429834,429855,429858,3,21
429834,429854,429857,3,20
429834,429855,429858,3,21
429834,429855,429859,4,21
429834,429855,429858,3,21
426748,426768,430315,3547,20
430316,430316,430318,2,0
430316,430316,430318,2,0
430316,430316,430318,2,0
430316,430316,430318,2,0
430316,430316,430318,2,0
430316,430316,430318,2,0
430316,430316,430318,2,0
430316,430316,430318,2,0
430316,430316,430318,2,0
430316,430316,430318,2,0
430316,430316,430318,2,0
430316,430316,430319,3,0
430316,430316,430319,3,0
430316,430316,430319,3,0
430316,430316,430319,3,0
430316,430316,430319,3,0
430316,430316,430319,3,0
430316,430316,430319,3,0
430316,430316,430319,3,0
430316,430318,430320,2,2
430316,430318,430320,2,2
430316,430318,430320,2,2
430316,430318,430320,2,2
430316,430318,430320,2,2
430316,430316,430319,3,0
430316,430318,430320,2,2
430316,430318,430320,2,2
430316,430318,430320,2,2
430316,430318,430320,2,2
430316,430318,430320,2,2
430316,430319,430321,2,3
430316,430318,430320,2,2
430316,430319,430321,2,3
430316,430319,430321,2,3
430316,430319,430322,3,3
430316,430319,430322,3,3
430316,430319,430322,3,3
430316,430320,430322,2,4
430316,430320,430322,2,4
430316,430319,430322,3,3
430316,430319,430322,3,3
430316,430320,430322,2,4
430316,430320,430322,2,4
430316,430320,430323,3,4
430316,430321,430323,2,5
430316,430320,430322,2,4
430316,430320,430323,3,4
430316,430320,430323,3,4
430316,430320,430323,3,4
430316,430320,430323,3,4
430316,430320,430322,2,4
430316,430322,430324,2,6
430316,430321,430324,3,5
430316,430322,430324,2,6
430316,430322,430324,2,6
430316,430322,430324,2,6
430316,430322,430324,2,6
430316,430322,430324,2,6
430316,430322,430323,1,6
430316,430322,430324,2,6
430316,430322,430324,2,6
430316,430322,430325,3,6
430316,430323,430325,2,7
430316,430324,430325,1,8
430316,430323,430325,2,7
430316,430323,430325,2,7
430316,430323,430325,2,7
430316,430322,430325,3,6
430316,430324,430325,1,8
430316,430324,430325,1,8
430316,430324,430326,2,8
430316,430325,430326,1,9
430316,430325,430326,1,9
430316,430325,430326,1,9
430316,430323,430326,3,7
430316,430325,430326,1,9
430316,430324,430327,3,8
430316,430324,430327,3,8
430316,430324,430327,3,8
430316,430324,430327,3,8
430316,430326,430327,1,10
430316,430326,430327,1,10
430316,430326,430327,1,10
430316,430326,430327,1,10
430316,430326,430327,1,10
430316,430325,430327,2,9
430316,430326,430327,1,10
430316,430326,430327,1,10
430316,430325,430328,3,9
430316,430327,430328,1,11
430316,430326,430329,3,10
430316,430327,430329,2,11
430316,430327,430329,2,11
430316,430326,430329,3,10
430316,430328,430330,2,12
430316,430327,430330,3,11
430316,430327,430329,2,11
430316,430328,430330,2,12
430316,430328,430330,2,12
430316,430328,430330,2,12
430316,430328,430330,2,12
430316,430328,430330,2,12
430316,430329,430330,1,13
430316,430328,430330,2,12
430316,430328,430330,2,12
430316,430329,430330,1,13
430316,430328,430331,3,12
430316,430329,430331,2,13
430316,430327,430330,3,11
430316,430328,430331,3,12
430316,430328,430331,3,12
430316,430329,430332,3,13
430316,430330,430331,1,14
430316,430328,430332,4,12
430316,430330,430332,2,14
430316,430331,430332,1,15
430316,430331,430333,2,15
430316,430331,430332,1,15
430316,430330,430332,2,14
430316,430331,430333,2,15
430316,430331,430333,2,15
430316,430330,430332,2,14
430316,430331,430332,1,15
430316,430331,430333,2,15
430316,430331,430333,2,15
430316,430331,430333,2,15
430316,430331,430333,2,15
430316,430331,430333,2,15
430316,430331,430334,3,15
430316,430332,430334,2,16
430316,430332,430334,2,16
430316,430332,430334,2,16
430316,430332,430335,3,16
430316,430333,430335,2,17
430316,430333,430335,2,17
430316,430334,430336,2,18
430316,430332,430335,3,16
430316,430333,430335,2,17
430316,430333,430335,2,17
430316,430333,430335,2,17
430316,430333,430336,3,17
430316,430333,430335,2,17
430316,430333,430335,2,17
430316,430333,430335,2,17
430316,430334,430336,2,18
430316,430334,430337,3,18
430316,430333,430336,3,17
430316,430334,430336,2,18
430316,430334,430337,3,18
430316,430335,430337,2,19
425507,425527,430684,5157,20
430685,430685,430687,2,0
430685,430685,430687,2,0
430685,430685,430687,2,0
430685,430685,430687,2,0
430685,430685,430687,2,0
430685,430685,430687,2,0
430685,430685,430688,3,0
430685,430685,430688,3,0
430685,430685,430687,2,0
430685,430685,430688,3,0
430685,430685,430687,2,0
430685,430685,430687,2,0
430685,430685,430688,3,0
430685,430685,430688,3,0
430685,430685,430688,3,0
430685,430685,430688,3,0
430685,430685,430688,3,0
430685,430685,430687,2,0
430685,430685,430688,3,0
430685,430687,430689,2,2
430685,430687,430689,2,2
430685,430685,430688,3,0
430685,430687,430689,2,2
430685,430687,430689,2,2
430685,430687,430689,2,2
430685,430687,430690,3,2
430685,430688,430691,3,3
430685,430688,430691,3,3
430685,430688,430691,3,3
430685,430688,430690,2,3
430685,430688,430690,2,3
430685,430688,430691,3,3
430685,430688,430691,3,3
430685,430688,430691,3,3
430685,430689,430691,2,4
430685,430689,430691,2,4
430685,430688,430691,3,3
430685,430688,430691,3,3
430685,430688,430690,2,3
430685,430688,430690,2,3
430685,430689,430691,2,4
430685,430689,430691,2,4
430685,430689,430691,2,4
430685,430688,430691,3,3
430685,430689,430692,3,4
430685,430690,430692,2,5
430685,430691,430693,2,6
430685,430691,430693,2,6
430685,430691,430693,2,6
430685,430691,430693,2,6
430685,430691,430693,2,6
430685,430691,430693,2,6
430685,430691,430693,2,6
430685,430691,430693,2,6
430685,430691,430693,2,6
430685,430691,430693,2,6
430685,430691,430693,2,6
430685,430691,430694,3,6
430685,430691,430693,2,6
430685,430692,430694,2,7
430685,430691,430694,3,6
430685,430692,430694,2,7
430685,430691,430694,3,6
430685,430692,430694,2,7
430685,430691,430695,4,6
430685,430691,430694,3,6
430685,430693,430694,1,8
430685,430693,430695,2,8
430685,430693,430695,2,8
430685,430693,430695,2,8
430685,430693,430695,2,8
430685,430694,430695,1,9
430685,430694,430695,1,9
430685,430693,430695,2,8
430685,430693,430695,2,8
430685,430693,430696,3,8
430685,430693,430696,3,8
430685,430695,430696,1,10
430685,430694,430696,2,9
430685,430694,430697,3,9
430685,430694,430697,3,9
430685,430695,430697,2,10
430685,430695,430697,2,10
430685,430696,430697,1,11
430685,430695,430697,2,10
430685,430694,430697,3,9
430685,430695,430697,2,10
430685,430696,430698,2,11
430685,430696,430697,1,11
430685,430696,430697,1,11
430685,430696,430697,1,11
430685,430695,430697,2,10
430685,430695,430698,3,10
430685,430695,430698,3,10
430685,430696,430698,2,11
430685,430697,430698,1,12
430685,430697,430699,2,12
430685,430698,430699,1,13
430685,430698,430699,1,13
430685,430697,430699,2,12
430685,430697,430699,2,12
430685,430698,430699,1,13
430685,430698,430700,2,13
430685,430698,430700,2,13
430685,430698,430700,2,13
430685,430697,430700,3,12
430685,430697,430700,3,12
430685,430698,430700,2,13
430685,430698,430700,2,13
430685,430698,430700,2,13
430685,430699,430700,1,14
430685,430699,430700,1,14
430685,430698,430701,3,13
430685,430697,430700,3,12
430685,430698,430701,3,13
430685,430699,430701,2,14
430685,430700,430701,1,15
430685,430700,430701,1,15
430685,430700,430702,2,15
430685,430700,430701,1,15
430685,430700,430701,1,15
430685,430700,430702,2,15
430685,430700,430702,2,15
430685,430700,430702,2,15
430685,430701,430703,2,16
430685,430701,430703,2,16
430685,430701,430703,2,16
430685,430701,430703,2,16
430685,430702,430703,1,17
430685,430702,430703,1,17
430685,430700,430703,3,15
430685,430702,430703,1,17
430685,430702,430704,2,17
430685,430701,430704,3,16
430685,430702,430704,2,17
430685,430702,430704,2,17
430685,430701,430704,3,16
430685,430701,430704,3,16
430685,430702,430704,2,17
430685,430701,430704,3,16
430685,430701,430704,3,16
430685,430703,430705,2,18
430685,430703,430705,2,18
430685,430703,430704,1,18
430685,430704,430706,2,19
430685,430703,430705,2,18
430685,430704,430706,2,19
430685,430704,430706,2,19
430685,430703,430706,3,18
430685,430704,430707,3,19
427316,427354,430901,3547,38
430902,430902,430904,2,0
430902,430902,430904,2,0
430902,430902,430904,2,0
430902,430902,430904,2,0
430902,430902,430904,2,0
430902,430902,430904,2,0
430902,430902,430904,2,0
430902,430902,430904,2,0
430902,430902,430905,3,0
430902,430902,430905,3,0
430902,430902,430905,3,0
430902,430902,430904,2,0
430902,430902,430905,3,0
430902,430902,430905,3,0
430902,430902,430905,3,0
430902,430902,430905,3,0
430902,430902,430905,3,0
430902,430904,430906,2,2
430902,430902,430905,3,0
430902,430902,430905,3,0
430902,430902,430905,3,0
430902,430904,430906,2,2
430902,430904,430906,2,2
430902,430904,430906,2,2
430902,430904,430906,2,2
430902,430904,430906,2,2
430902,430904,430906,2,2
430902,430905,430907,2,3
430902,430905,430907,2,3
430902,430904,430906,2,2
430902,430905,430907,2,3
430902,430905,430907,2,3
430902,430905,430907,2,3
430902,430905,430907,2,3
430902,430906,430908,2,4
430902,430905,430908,3,3
430902,430905,430908,3,3
430902,430905,430908,3,3
430902,430906,430908,2,4
430902,430906,430909,3,4
430902,430906,430909,3,4
430902,430906,430909,3,4
430902,430906,430909,3,4
430902,430906,430909,3,4
430902,430907,430909,2,5
430902,430907,430909,2,5
430902,430907,430909,2,5
430902,430908,430909,1,6
430902,430908,430909,1,6
430902,430907,430910,3,5
430902,430907,430910,3,5
430902,430906,430910,4,4
430902,430907,430909,2,5
430902,430908,430910,2,6
430902,430908,430910,2,6
430902,430908,430911,3,6
430902,430908,430911,3,6
430902,430908,430910,2,6
430902,430908,430911,3,6
430902,430909,430911,2,7
430902,430909,430911,2,7
430902,430909,430910,1,7
430902,430909,430911,2,7
430902,430909,430911,2,7
430902,430909,430911,2,7
430902,430910,430911,1,8
430902,430910,430911,1,8
430902,430910,430911,1,8
430902,430910,430912,2,8
430902,430910,430912,2,8
430902,430910,430912,2,8
430902,430910,430912,2,8
430902,430911,430912,1,9
430902,430910,430913,3,8
430902,430910,430913,3,8
430902,430912,430913,1,10
430902,430912,430913,1,10
430902,430912,430913,1,10
430902,430912,430913,1,10
430902,430912,430913,1,10
430902,430911,430914,3,9
430902,430912,430914,2,10
430902,430912,430914,2,10
430902,430911,430914,3,9
430902,430911,430914,3,9
430902,430911,430914,3,9
430902,430911,430914,3,9
430902,430912,430915,3,10
430902,430912,430914,2,10
430902,430913,430914,1,11
430902,430912,430914,2,10
430902,430912,430914,2,10
430902,430912,430915,3,10
430902,430914,430915,1,12
430902,430914,430915,1,12
430902,430914,430916,2,12
430902,430914,430915,1,12
430902,430914,430916,2,12
430902,430914,430916,2,12
430902,430915,430916,1,13
430902,430915,430917,2,13
430902,430915,430917,2,13
430902,430913,430917,4,11
430902,430913,430917,4,11
430902,430915,430917,2,13
430902,430915,430917,2,13
430902,430915,430917,2,13
430902,430916,430917,1,14
430902,430916,430917,1,14
430902,430916,430918,2,14
430902,430916,430918,2,14
430902,430914,430918,4,12
430902,430916,430918,2,14
430902,430917,430918,1,15
430902,430915,430918,3,13
430902,430915,430918,3,13
430902,430915,430918,3,13
430902,430915,430918,3,13
430902,430917,430918,1,15
430902,430917,430919,2,15
430902,430918,430920,2,16
430902,430917,430919,2,15
430902,430918,430919,1,16
430902,430918,430919,1,16
430902,430918,430920,2,16
430902,430917,430919,2,15
430902,430918,430920,2,16
430902,430917,430920,3,15
430902,430918,430920,2,16
430902,430919,430920,1,17
430902,430919,430920,1,17
430902,430918,430920,2,16
430902,430919,430920,1,17
430902,430919,430921,2,17
430902,430919,430922,3,17
430902,430920,430921,1,18
430902,430918,430921,3,16
430902,430919,430921,2,17
430902,430920,430922,2,18
430902,430920,430922,2,18
430902,430920,430922,2,18
430902,430920,430922,2,18
430902,430920,430922,2,18
430902,430920,430921,1,18
430902,430918,430922,4,16
430902,430919,430922,3,17
430902,430921,430922,1,19
430902,430921,430923,2,19
430902,430921,430923,2,19
430902,430919,430923,4,17
427657,427676,431168,3492,19
431169,431169,431171,2,0
431169,431169,431171,2,0
431169,431169,431171,2,0
431169,431169,431172,3,0
431169,431169,431172,3,0
431169,431169,431171,2,0
431169,431169,431171,2,0
431169,431169,431172,3,0
431169,431169,431171,2,0
431169,431169,431171,2,0
431169,431169,431171,2,0
431169,431169,431171,2,0
431169,431169,431171,2,0
431169,431169,431171,2,0
431169,431169,431171,2,0
431169,431169,431172,3,0
431169,431169,431171,2,0
431169,431171,431173,2,2
431169,431171,431173,2,2
431169,431169,431172,3,0
431169,431171,431172,1,2
431169,431169,431172,3,0
431169,431169,431173,4,0
431169,431172,431174,2,3
431169,431172,431174,2,3
431169,431172,431174,2,3
431169,431172,431174,2,3
431169,431172,431174,2,3
431169,431172,431174,2,3
431169,431172,431174,2,3
431169,431172,431174,2,3
431169,431172,431175,3,3
431169,431172,431174,2,3
431169,431172,431174,2,3
431169,431173,431175,2,4
431169,431172,431175,3,3
431169,431172,431174,2,3
431169,431172,431175,3,3
431169,431173,431175,2,4
431169,431174,431176,2,5
431169,431173,431175,2,4
431169,431174,431175,1,5
431169,431174,431176,2,5
431169,431173,431176,3,4
431169,431175,431177,2,6
431169,431175,431177,2,6
431169,431175,431177,2,6
431169,431175,431176,1,6
431169,431173,431176,3,4
431169,431174,431176,2,5
431169,431175,431176,1,6
431169,431174,431176,2,5
431169,431174,431176,2,5
431169,431174,431176,2,5
431169,431175,431178,3,6
431169,431175,431177,2,6
431169,431176,431177,1,7
431169,431176,431177,1,7
431169,431176,431178,2,7
431169,431176,431178,2,7
431169,431173,431177,4,4
431169,431175,431178,3,6
431169,431176,431177,1,7
431169,431177,431179,2,8
431169,431177,431178,1,8
431169,431177,431179,2,8
431169,431177,431179,2,8
431169,431177,431179,2,8
431169,431177,431180,3,8
431169,431177,431180,3,8
431169,431177,431179,2,8
431169,431178,431179,1,9
431169,431178,431179,1,9
431169,431178,431180,2,9
431169,431177,431179,2,8
431169,431178,431179,1,9
431169,431177,431179,2,8
431169,431178,431180,2,9
431169,431178,431181,3,9
431169,431178,431181,3,9
431169,431179,431181,2,10
431169,431177,431180,3,8
431169,431178,431181,3,9
431169,431179,431181,2,10
431169,431179,431181,2,10
431169,431179,431181,2,10
431169,431179,431181,2,10
431169,431180,431182,2,11
431169,431180,431182,2,11
431169,431178,431181,3,9
431169,431180,431182,2,11
431169,431180,431183,3,11
431169,431181,431183,2,12
431169,431180,431182,2,11
431169,431180,431182,2,11
431169,431181,431183,2,12
431169,431180,431182,2,11
431169,431180,431182,2,11
431169,431181,431183,2,12
431169,431181,431183,2,12
431169,431181,431184,3,12
431169,431180,431183,3,11
431169,431180,431183,3,11
431169,431182,431184,2,13
431169,431182,431184,2,13
431169,431181,431184,3,12
431169,431182,431185,3,13
431169,431183,431185,2,14
431169,431182,431184,2,13
431169,431183,431185,2,14
431169,431181,431185,4,12
431169,431182,431185,3,13
431169,431183,431185,2,14
431169,431183,431185,2,14
431169,431183,431185,2,14
431169,431184,431186,2,15
431169,431181,431185,4,12
431169,431183,431185,2,14
431169,431183,431185,2,14
431169,431183,431186,3,14
431169,431183,431186,3,14
431169,431185,431187,2,16
431169,431185,431187,2,16
431169,431184,431187,3,15
431169,431186,431187,1,17
431169,431185,431187,2,16
431169,431185,431188,3,16
431169,431184,431187,3,15
431169,431184,431187,3,15
431169,431184,431188,4,15
431169,431186,431188,2,17
431169,431185,431187,2,16
431169,431187,431188,1,18
431169,431186,431188,2,17
431169,431187,431188,1,18
431169,431187,431188,1,18
431169,431185,431189,4,16
431169,431187,431189,2,18
431169,431185,431189,4,16
431169,431185,431189,4,16
431169,431186,431189,3,17
431169,431188,431190,2,19
431169,431188,431189,1,19
431169,431187,431190,3,18
431169,431187,431189,2,18
431169,431188,431190,2,19
431169,431188,431190,2,19
431169,431188,431191,3,19
431169,431188,431191,3,19
431169,431188,431192,4,19
427990,428011,431457,3446,21
431458,431458,431460,2,0
431458,431458,431460,2,0
431458,431458,431460,2,0
431458,431458,431461,3,0
431458,431458,431461,3,0
431458,431458,431461,3,0
431458,431458,431461,3,0
431458,431458,431461,3,0
431458,431458,431461,3,0
431458,431458,431461,3,0
431458,431458,431461,3,0
431458,431458,431461,3,0
431458,431458,431461,3,0
431458,431458,431461,3,0
431458,431459,431461,2,1
431458,431459,431462,3,1
431458,431458,431462,4,0
431458,431458,431462,4,0
431458,431459,431462,3,1
431458,431459,431462,3,1
431458,431461,431462,1,3
431458,431461,431462,1,3
431458,431461,431463,2,3
431458,431462,431463,1,4
431458,431462,431463,1,4
431458,431462,431463,1,4
431458,431462,431463,1,4
431458,431462,431464,2,4
431458,431462,431464,2,4
431458,431462,431464,2,4
431458,431462,431464,2,4
431458,431462,431464,2,4
431458,431463,431465,2,5
431458,431463,431465,2,5
431458,431462,431464,2,4
431458,431462,431464,2,4
431458,431462,431465,3,4
431458,431464,431466,2,6
431458,431464,431466,2,6
431458,431464,431466,2,6
431458,431463,431465,2,5
431458,431464,431466,2,6
431458,431463,431466,3,5
431458,431463,431466,3,5
431458,431463,431466,3,5
431458,431463,431466,3,5
431458,431463,431466,3,5
431458,431464,431466,2,6
431458,431465,431466,1,7
431458,431465,431466,1,7
431458,431465,431466,1,7
431458,431465,431467,2,7
431458,431464,431466,2,6
431458,431464,431466,2,6
431458,431465,431467,2,7
431458,431466,431467,1,8
431458,431466,431467,1,8
431458,431466,431467,1,8
431458,431466,431467,1,8
431458,431465,431467,2,7
431458,431466,431467,1,8
431458,431466,431467,1,8
431458,431467,431468,1,9
431458,431467,431468,1,9
431458,431467,431469,2,9
431458,431467,431469,2,9
431458,431467,431469,2,9
431458,431467,431469,2,9
431458,431467,431469,2,9
431458,431467,431469,2,9
431458,431467,431469,2,9
431458,431467,431469,2,9
431458,431468,431469,1,10
431458,431468,431469,1,10
431458,431468,431469,1,10
431458,431467,431469,2,9
431458,431467,431469,2,9
431458,431468,431470,2,10
431458,431468,431470,2,10
431458,431468,431470,2,10
431458,431468,431470,2,10
431458,431469,431470,1,11
431458,431469,431471,2,11
431458,431468,431470,2,10
431458,431469,431471,2,11
431458,431469,431470,1,11
431458,431469,431471,2,11
431458,431470,431472,2,12
431458,431470,431472,2,12
431458,431471,431473,2,13
431458,431470,431472,2,12
431458,431470,431472,2,12
431458,431470,431472,2,12
431458,431470,431473,3,12
431458,431470,431472,2,12
431458,431471,431473,2,13
431458,431470,431474,4,12
431458,431470,431474,4,12
431458,431470,431473,3,12
431458,431470,431473,3,12
431458,431470,431473,3,12
431458,431471,431473,2,13
431458,431471,431473,2,13
431458,431471,431473,2,13
431458,431471,431473,2,13
431458,431471,431474,3,13
431458,431471,431474,3,13
431458,431473,431475,2,15
431458,431473,431475,2,15
431458,431473,431475,2,15
431458,431473,431475,2,15
431458,431473,431475,2,15
431458,431473,431475,2,15
431458,431474,431476,2,16
431458,431474,431476,2,16
431458,431473,431475,2,15
431458,431473,431476,3,15
431458,431473,431476,3,15
431458,431474,431477,3,16
431458,431474,431476,2,16
431458,431475,431477,2,17
431458,431474,431477,3,16
431458,431475,431477,2,17
431458,431474,431478,4,16
431458,431474,431477,3,16
431458,431474,431477,3,16
431458,431474,431477,3,16
431458,431476,431478,2,18
431458,431475,431478,3,17
431458,431476,431478,2,18
431458,431476,431478,2,18
431458,431476,431478,2,18
431458,431475,431477,2,17
431458,431476,431478,2,18
431458,431474,431478,4,16
431458,431476,431478,2,18
431458,431476,431479,3,18
431458,431477,431479,2,19
431458,431477,431480,3,19
431458,431477,431479,2,19
431458,431478,431480,2,20
431458,431477,431480,3,19
431458,431477,431479,2,19
431458,431477,431479,2,19
431458,431478,431480,2,20
431458,431478,431481,3,20
431458,431478,431481,3,20
431458,431478,431481,3,20
431458,431478,431481,3,20
431458,431478,431483,5,20
426792,426810,431837,5027,18
431839,431839,431841,2,0
431839,431839,431841,2,0
431839,431839,431841,2,0
431839,431839,431841,2,0
431839,431839,431841,2,0
431839,431839,431841,2,0
431839,431839,431842,3,0
431839,431839,431842,3,0
431839,431839,431842,3,0
431839,431839,431842,3,0
431839,431839,431842,3,0
431839,431839,431842,3,0
431839,431839,431842,3,0
431839,431839,431842,3,0
431839,431839,431842,3,0
431839,431839,431842,3,0
431839,431839,431842,3,0
431839,431839,431842,3,0
431839,431839,431842,3,0
431839,431841,431843,2,2
431839,431841,431843,2,2
431839,431841,431843,2,2
431839,431839,431842,3,0
431839,431841,431843,2,2
431839,431841,431843,2,2
431839,431841,431843,2,2
431839,431843,431844,1,4
431839,431843,431844,1,4
431839,431843,431844,1,4
431839,431843,431844,1,4
431839,431843,431844,1,4
431839,431842,431845,3,3
431839,431842,431845,3,3
431839,431843,431845,2,4
431839,431842,431845,3,3
431839,431842,431845,3,3
431839,431842,431845,3,3
431839,431842,431845,3,3
431839,431844,431845,1,5
431839,431843,431845,2,4
431839,431843,431845,2,4
431839,431844,431846,2,5
431839,431844,431846,2,5
431839,431844,431846,2,5
431839,431844,431846,2,5
431839,431845,431847,2,6
431839,431845,431846,1,6
431839,431846,431847,1,7
431839,431843,431847,4,4
431839,431846,431847,1,7
431839,431846,431847,1,7
431839,431846,431847,1,7
431839,431845,431847,2,6
431839,431845,431847,2,6
431839,431846,431847,1,7
431839,431846,431847,1,7
431839,431845,431847,2,6
431839,431846,431847,1,7
431839,431845,431848,3,6
431839,431845,431848,3,6
431839,431846,431848,2,7
431839,431846,431848,2,7
431839,431847,431848,1,8
431839,431847,431848,1,8
431839,431847,431848,1,8
431839,431847,431848,1,8
431839,431847,431848,1,8
431839,431848,431849,1,9
431839,431848,431849,1,9
431839,431848,431849,1,9
431839,431848,431849,1,9
431839,431848,431849,1,9
431839,431848,431850,2,9
431839,431848,431850,2,9
431839,431848,431850,2,9
431839,431849,431850,1,10
431839,431848,431850,2,9
431839,431848,431850,2,9
431839,431848,431850,2,9
431839,431849,431851,2,10
431839,431849,431850,1,10
431839,431849,431850,1,10
431839,431849,431851,2,10
431839,431848,431851,3,9
431839,431849,431851,2,10
431839,431850,431851,1,11
431839,431849,431851,2,10
431839,431849,431851,2,10
431839,431850,431851,1,11
431839,431850,431852,2,11
431839,431850,431851,1,11
431839,431850,431851,1,11
431839,431851,431853,2,12
431839,431851,431853,2,12
431839,431851,431853,2,12
431839,431851,431853,2,12
431839,431851,431854,3,12
431839,431851,431854,3,12
431839,431852,431853,1,13
431839,431851,431853,2,12
431839,431851,431854,3,12
431839,431851,431853,2,12
431839,431852,431853,1,13
431839,431852,431854,2,13
431839,431852,431854,2,13
431839,431852,431854,2,13
431839,431852,431854,2,13
431839,431852,431854,2,13
431839,431852,431854,2,13
431839,431851,431854,3,12
431839,431853,431855,2,14
431839,431851,431854,3,12
431839,431853,431854,1,14
431839,431853,431855,2,14
431839,431852,431855,3,13
431839,431854,431856,2,15
431839,431854,431856,2,15
431839,431854,431856,2,15
431839,431853,431855,2,14
431839,431854,431855,1,15
431839,431854,431857,3,15
431839,431855,431857,2,16
431839,431854,431857,3,15
431839,431854,431857,3,15
431839,431855,431857,2,16
431839,431854,431857,3,15
431839,431855,431857,2,16
431839,431855,431858,3,16
431839,431855,431857,2,16
431839,431854,431857,3,15
431839,431855,431858,3,16
431839,431856,431858,2,17
431839,431855,431857,2,16
431839,431856,431858,2,17
431839,431855,431857,2,16
431839,431855,431857,2,16
431839,431856,431858,2,17
431839,431856,431858,2,17
431839,431856,431858,2,17
431839,431857,431859,2,18
431839,431856,431858,2,17
431839,431857,431859,2,18
431839,431857,431859,2,18
431839,431857,431859,2,18
431839,431858,431860,2,19
431839,431857,431859,2,18
431839,431857,431859,2,18
431839,431857,431859,2,18
431839,431858,431860,2,19
431839,431858,431863,5,19
428673,428692,432182,3490,19
432183,432183,432186,3,0
432183,432183,432186,3,0
432183,432183,432186,3,0
432183,432183,432186,3,0
432183,432183,432186,3,0
432183,432183,432186,3,0
432183,432183,432186,3,0
432183,432183,432186,3,0
432183,432183,432186,3,0
432183,432183,432186,3,0
432183,432183,432186,3,0
432183,432183,432186,3,0
432183,432183,432186,3,0
432183,432183,432186,3,0
432183,432183,432186,3,0
432183,432183,432186,3,0
432183,432183,432186,3,0
432183,432183,432186,3,0
432183,432183,432186,3,0
432183,432183,432186,3,0
432183,432186,432188,2,3
432183,432186,432188,2,3
432183,432186,432189,3,3
432183,432186,432188,2,3
432183,432186,432189,3,3
432183,432186,432189,3,3
432183,432186,432188,2,3
432183,432186,432189,3,3
432183,432186,432189,3,3
432183,432186,432189,3,3
432183,432186,432188,2,3
432183,432186,432189,3,3
432183,432186,432189,3,3
432183,432186,432188,2,3
432183,432186,432189,3,3
432183,432186,432190,4,3
432183,432186,432189,3,3
432183,432187,432190,3,4
432183,432187,432191,4,4
432183,432187,432191,4,4
432183,432188,432191,3,5
432183,432188,432191,3,5
432183,432189,432192,3,6
432183,432189,432192,3,6
432183,432189,432192,3,6
432183,432189,432193,4,6
432183,432189,432192,3,6
432183,432189,432193,4,6
432183,432190,432193,3,7
432183,432190,432193,3,7
432183,432189,432193,4,6
432183,432189,432193,4,6
432183,432189,432193,4,6
432183,432189,432192,3,6
432183,432191,432193,2,8
432183,432191,432193,2,8
432183,432189,432192,3,6
432183,432189,432192,3,6
432183,432191,432192,1,8
432183,432191,432193,2,8
432183,432191,432193,2,8
432183,432189,432193,4,6
432183,432192,432194,2,9
432183,432192,432193,1,9
432183,432192,432194,2,9
432183,432193,432194,1,10
432183,432193,432195,2,10
432183,432193,432195,2,10
432183,432193,432195,2,10
432183,432193,432195,2,10
432183,432193,432195,2,10
432183,432193,432195,2,10
432183,432193,432195,2,10
432183,432193,432195,2,10
432183,432193,432196,3,10
432183,432193,432196,3,10
432183,432193,432196,3,10
432183,432193,432196,3,10
432183,432195,432197,2,12
432183,432193,432196,3,10
432183,432193,432196,3,10
432183,432195,432197,2,12
432183,432195,432197,2,12
432183,432194,432197,3,11
432183,432194,432197,3,11
432183,432195,432197,2,12
432183,432195,432197,2,12
432183,432194,432197,3,11
432183,432194,432197,3,11
432183,432194,432198,4,11
432183,432195,432197,2,12
432183,432195,432198,3,12
432183,432196,432198,2,13
432183,432196,432199,3,13
432183,432196,432199,3,13
432183,432196,432199,3,13
432183,432196,432199,3,13
432183,432197,432199,2,14
432183,432196,432199,3,13
432183,432198,432200,2,15
432183,432198,432200,2,15
432183,432198,432200,2,15
432183,432198,432200,2,15
432183,432198,432200,2,15
432183,432197,432201,4,14
432183,432197,432201,4,14
432183,432197,432201,4,14
432183,432197,432201,4,14
432183,432199,432201,2,16
432183,432199,432201,2,16
432183,432199,432201,2,16
432183,432198,432202,4,15
432183,432198,432202,4,15
432183,432200,432203,3,17
432183,432199,432203,4,16
432183,432201,432203,2,18
432183,432201,432203,2,18
432183,432201,432203,2,18
432183,432201,432203,2,18
432183,432202,432204,2,19
432183,432201,432203,2,18
432183,432200,432204,4,17
432183,432199,432203,4,16
432183,432199,432203,4,16
432183,432200,432204,4,17
432183,432201,432204,3,18
432183,432201,432204,3,18
432183,432202,432204,2,19
432183,432202,432204,2,19
432183,432202,432204,2,19
432183,432202,432204,2,19
432183,432203,432205,2,20
432183,432204,432206,2,21
432183,432204,432206,2,21
432183,432204,432206,2,21
432183,432204,432206,2,21
432183,432202,432206,4,19
432183,432204,432206,2,21
432183,432202,432206,4,19
432183,432204,432206,2,21
432183,432204,432206,2,21
432183,432204,432207,3,21
432183,432205,432208,3,22
432183,432204,432208,4,21
432183,432205,432208,3,22
432183,432204,432208,4,21
432183,432205,432208,3,22
432183,432204,432209,5,21
432183,432205,432209,4,22
432183,432205,432211,6,22
427314,427332,432491,5159,18
432493,432493,432494,1,0
432493,432493,432494,1,0
432493,432493,432494,1,0
432493,432493,432495,2,0
432493,432493,432494,1,0
432493,432493,432495,2,0
432493,432493,432495,2,0
432493,432493,432495,2,0
432493,432493,432495,2,0
432493,432493,432495,2,0
432493,432493,432495,2,0
432493,432493,432496,3,0
432493,432493,432495,2,0
432493,432493,432495,2,0
432493,432493,432495,2,0
432493,432493,432495,2,0
432493,432493,432495,2,0
432493,432493,432495,2,0
432493,432493,432495,2,0
432493,432493,432495,2,0
432493,432495,432496,1,2
432493,432495,432497,2,2
432493,432495,432497,2,2
432493,432495,432496,1,2
432493,432495,432497,2,2
432493,432495,432497,2,2
432493,432496,432497,1,3
432493,432496,432498,2,3
432493,432496,432497,1,3
432493,432496,432497,1,3
432493,432496,432497,1,3
432493,432496,432498,2,3
432493,432496,432498,2,3
432493,432496,432498,2,3
432493,432496,432498,2,3
432493,432496,432498,2,3
432493,432496,432498,2,3
432493,432496,432498,2,3
432493,432496,432498,2,3
432493,432496,432499,3,3
432493,432497,432499,2,4
432493,432497,432499,2,4
432493,432497,432499,2,4
432493,432497,432499,2,4
432493,432497,432499,2,4
432493,432498,432500,2,5
432493,432497,432499,2,4
432493,432498,432499,1,5
432493,432498,432499,1,5
432493,432498,432500,2,5
432493,432498,432500,2,5
432493,432499,432501,2,6
432493,432499,432501,2,6
432493,432499,432501,2,6
432493,432499,432501,2,6
432493,432499,432500,1,6
432493,432499,432500,1,6
432493,432499,432501,2,6
432493,432500,432501,1,7
432493,432499,432501,2,6
432493,432499,432501,2,6
432493,432499,432501,2,6
432493,432499,432501,2,6
432493,432500,432501,1,7
432493,432500,432501,1,7
432493,432500,432502,2,7
432493,432500,432501,1,7
432493,432500,432501,1,7
432493,432500,432502,2,7
432493,432501,432503,2,8
432493,432501,432502,1,8
432493,432501,432503,2,8
432493,432501,432503,2,8
432493,432502,432503,1,9
432493,432501,432503,2,8
432493,432502,432504,2,9
432493,432501,432503,2,8
432493,432501,432504,3,8
432493,432502,432504,2,9
432493,432502,432504,2,9
432493,432502,432504,2,9
432493,432502,432504,2,9
432493,432502,432504,2,9
432493,432502,432504,2,9
432493,432502,432504,2,9
432493,432502,432504,2,9
432493,432502,432504,2,9
432493,432502,432504,2,9
432493,432503,432504,1,10
432493,432503,432505,2,10
432493,432501,432504,3,8
432493,432503,432505,2,10
432493,432503,432505,2,10
432493,432504,432506,2,11
432493,432504,432506,2,11
432493,432504,432506,2,11
432493,432504,432506,2,11
432493,432504,432506,2,11
432493,432505,432507,2,12
432493,432505,432507,2,12
432493,432504,432506,2,11
432493,432504,432506,2,11
432493,432504,432507,3,11
432493,432505,432507,2,12
432493,432504,432506,2,11
432493,432505,432507,2,12
432493,432505,432507,2,12
432493,432506,432508,2,13
432493,432504,432507,3,11
432493,432505,432508,3,12
432493,432506,432508,2,13
432493,432506,432508,2,13
432493,432506,432508,2,13
432493,432505,432508,3,12
432493,432505,432508,3,12
432493,432505,432508,3,12
432493,432505,432508,3,12
432493,432507,432509,2,14
432493,432506,432508,2,13
432493,432507,432509,2,14
432493,432507,432509,2,14
432493,432507,432509,2,14
432493,432508,432510,2,15
432493,432507,432509,2,14
432493,432507,432509,2,14
432493,432507,432509,2,14
432493,432507,432510,3,14
432493,432508,432510,2,15
432493,432508,432510,2,15
432493,432508,432510,2,15
432493,432509,432511,2,16
432493,432508,432511,3,15
432493,432508,432511,3,15
432493,432509,432511,2,16
432493,432509,432511,2,16
432493,432509,432511,2,16
432493,432509,432511,2,16
432493,432508,432511,3,15
432493,432510,432512,2,17
432493,432509,432512,3,16
432493,432509,432512,3,16
432493,432509,432511,2,16
432493,432510,432512,2,17
432493,432510,432512,2,17
432493,432510,432512,2,17
432493,432511,432512,1,18
432493,432509,432512,3,16
432493,432510,432512,2,17
432493,432510,432512,2,17
432493,432510,432513,3,17
427570,427588,432626,5038,18
432627,432627,432631,4,0
432627,432627,432631,4,0
432627,432627,432630,3,0
432627,432627,432631,4,0
432627,432627,432631,4,0
432627,432627,432631,4,0
432627,432627,432631,4,0
432627,432627,432632,5,0
432627,432627,432632,5,0
432627,432627,432632,5,0
432627,432627,432632,5,0
432627,432627,432632,5,0
432627,432627,432632,5,0
432627,432627,432632,5,0
432627,432627,432633,6,0
432627,432627,432633,6,0
432627,432627,432633,6,0
432627,432627,432633,6,0
432627,432627,432634,7,0
432627,432627,432634,7,0
432627,432631,432635,4,4
432627,432631,432635,4,4
432627,432631,432635,4,4
432627,432631,432635,4,4
432627,432631,432636,5,4
432627,432632,432636,4,5
432627,432631,432636,5,4
432627,432632,432637,5,5
432627,432632,432637,5,5
432627,432632,432637,5,5
432627,432633,432637,4,6
432627,432632,432637,5,5
432627,432632,432636,4,5
432627,432632,432636,4,5
432627,432634,432638,4,7
432627,432634,432638,4,7
432627,432632,432637,5,5
432627,432634,432638,4,7
432627,432635,432639,4,8
432627,432635,432638,3,8
432627,432633,432638,5,6
432627,432635,432638,3,8
432627,432636,432639,3,9
432627,432636,432639,3,9
432627,432636,432639,3,9
432627,432637,432639,2,10
432627,432634,432639,5,7
432627,432635,432639,4,8
432627,432637,432640,3,10
432627,432637,432639,2,10
432627,432638,432640,2,11
432627,432637,432641,4,10
432627,432639,432641,2,12
432627,432637,432641,4,10
432627,432637,432640,3,10
432627,432639,432640,1,12
432627,432637,432640,3,10
432627,432638,432641,3,11
432627,432638,432641,3,11
432627,432639,432641,2,12
432627,432639,432641,2,12
432627,432639,432641,2,12
432627,432640,432641,1,13
432627,432639,432641,2,12
432627,432639,432641,2,12
432627,432639,432642,3,12
432627,432640,432642,2,13
432627,432641,432642,1,14
432627,432640,432642,2,13
432627,432640,432642,2,13
432627,432641,432643,2,14
432627,432640,432643,3,13
432627,432642,432643,1,15
432627,432642,432643,1,15
432627,432642,432644,2,15
432627,432642,432643,1,15
432627,432642,432644,2,15
432627,432641,432644,3,14
432627,432641,432644,3,14
432627,432641,432644,3,14
432627,432641,432643,2,14
432627,432641,432644,3,14
432627,432642,432644,2,15
432627,432642,432644,2,15
432627,432643,432644,1,16
432627,432642,432644,2,15
432627,432643,432647,4,16
432627,432642,432647,5,15
432627,432644,432647,3,17
432627,432644,432647,3,17
432627,432643,432647,4,16
432627,432644,432647,3,17
432627,432644,432648,4,17
432627,432643,432647,4,16
432627,432643,432647,4,16
432627,432644,432648,4,17
432627,432643,432648,5,16
432627,432645,432649,4,18
432627,432645,432649,4,18
432627,432644,432649,5,17
432627,432644,432648,4,17
432627,432644,432649,5,17
432627,432644,432649,5,17
432627,432645,432649,4,18
432627,432645,432649,4,18
432627,432645,432649,4,18
432627,432647,432650,3,20
432627,432648,432650,2,21
432627,432648,432650,2,21
432627,432649,432650,1,22
432627,432648,432650,2,21
432627,432648,432650,2,21
432627,432648,432650,2,21
432627,432649,432651,2,22
432627,432648,432651,3,21
432627,432648,432650,2,21
432627,432648,432651,3,21
432627,432649,432651,2,22
432627,432649,432652,3,22
432627,432648,432651,3,21
432627,432650,432652,2,23
432627,432650,432652,2,23
432627,432651,432652,1,24
432627,432651,432652,1,24
432627,432650,432653,3,23
432627,432649,432653,4,22
432627,432650,432653,3,23
432627,432650,432653,3,23
432627,432650,432653,3,23
432627,432651,432653,2,24
432627,432651,432653,2,24
432627,432651,432653,2,24
432627,432651,432653,2,24
432627,432651,432653,2,24
432627,432651,432654,3,24
432627,432653,432655,2,26
432627,432653,432655,2,26
432627,432651,432654,3,24
432627,432654,432655,1,27
432627,432652,432655,3,25
432627,432653,432655,2,26
432627,432652,432655,3,25
432627,432652,432655,3,25
432627,432653,432655,2,26
432627,432652,432656,4,25
432627,432653,432656,3,26
432627,432654,432656,2,27
432627,432654,432657,3,27
432627,432653,432657,4,26
432627,432654,432658,4,27
429221,429239,432690,3451,18
432692,432692,432694,2,0
432692,432692,432694,2,0
432692,432692,432695,3,0
432692,432692,432695,3,0
432692,432692,432694,2,0
432692,432692,432695,3,0
432692,432692,432694,2,0
432692,432692,432694,2,0
432692,432692,432695,3,0
432692,432692,432695,3,0
432692,432692,432695,3,0
432692,432692,432695,3,0
432692,432692,432695,3,0
432692,432692,432695,3,0
432692,432692,432695,3,0
432692,432692,432695,3,0
432692,432692,432695,3,0
432692,432692,432695,3,0
432692,432694,432696,2,2
432692,432695,432697,2,3
432692,432695,432697,2,3
432692,432695,432697,2,3
432692,432695,432697,2,3
432692,432695,432697,2,3
432692,432695,432697,2,3
432692,432695,432697,2,3
432692,432696,432698,2,4
432692,432696,432699,3,4
432692,432696,432699,3,4
432692,432696,432698,2,4
432692,432696,432699,3,4
432692,432696,432698,2,4
432692,432696,432698,2,4
432692,432696,432698,2,4
432692,432697,432699,2,5
432692,432697,432699,2,5
432692,432697,432699,2,5
432692,432696,432700,4,4
432692,432696,432699,3,4
432692,432696,432699,3,4
432692,432692,432700,8,0
432692,432692,432700,8,0
432692,432698,432701,3,6
432692,432698,432700,2,6
432692,432698,432700,2,6
432692,432698,432700,2,6
432692,432699,432701,2,7
432692,432699,432701,2,7
432692,432699,432701,2,7
432692,432700,432701,1,8
432692,432699,432702,3,7
432692,432699,432701,2,7
432692,432699,432703,4,7
432692,432699,432702,3,7
432692,432699,432702,3,7
432692,432699,432702,3,7
432692,432699,432702,3,7
432692,432701,432703,2,9
432692,432700,432703,3,8
432692,432700,432703,3,8
432692,432700,432702,2,8
432692,432701,432702,1,9
432692,432701,432703,2,9
432692,432701,432702,1,9
432692,432701,432703,2,9
432692,432701,432703,2,9
432692,432701,432703,2,9
432692,432702,432703,1,10
432692,432702,432704,2,10
432692,432702,432704,2,10
432692,432703,432705,2,11
432692,432701,432705,4,9
432692,432701,432705,4,9
432692,432703,432705,2,11
432692,432703,432705,2,11
432692,432703,432705,2,11
432692,432703,432705,2,11
432692,432703,432705,2,11
432692,432703,432705,2,11
432692,432703,432705,2,11
432692,432703,432705,2,11
432692,432703,432706,3,11
432692,432703,432705,2,11
432692,432703,432706,3,11
432692,432703,432705,2,11
432692,432703,432705,2,11
432692,432703,432706,3,11
432692,432704,432706,2,12
432692,432706,432708,2,14
432692,432706,432707,1,14
432692,432706,432707,1,14
432692,432704,432708,4,12
432692,432704,432708,4,12
432692,432705,432708,3,13
432692,432705,432708,3,13
432692,432707,432709,2,15
432692,432705,432709,4,13
432692,432706,432709,3,14
432692,432706,432709,3,14
432692,432706,432709,3,14
432692,432705,432709,4,13
432692,432706,432709,3,14
432692,432706,432709,3,14
432692,432706,432709,3,14
432692,432706,432709,3,14
432692,432705,432708,3,13
432692,432706,432709,3,14
432692,432707,432709,2,15
432692,432708,432709,1,16
432692,432708,432710,2,16
432692,432708,432709,1,16
432692,432708,432711,3,16
432692,432708,432711,3,16
432692,432708,432711,3,16
432692,432708,432711,3,16
432692,432709,432711,2,17
432692,432709,432713,4,17
432692,432709,432712,3,17
432692,432709,432713,4,17
432692,432710,432713,3,18
432692,432710,432713,3,18
432692,432710,432713,3,18
432692,432710,432713,3,18
432692,432712,432714,2,20
432692,432709,432713,4,17
432692,432709,432714,5,17
432692,432711,432714,3,19
432692,432711,432714,3,19
432692,432709,432714,5,17
432692,432709,432714,5,17
432692,432710,432714,4,18
432692,432709,432714,5,17
432692,432711,432714,3,19
432692,432711,432714,3,19
432692,432709,432715,6,17
432692,432710,432715,5,18
432692,432714,432715,1,22
432692,432714,432715,1,22
432692,432714,432716,2,22
432692,432714,432716,2,22
432692,432713,432716,3,21
432692,432713,432716,3,21
432692,432714,432716,2,22
432692,432714,432716,2,22
432692,432714,432717,3,22
432692,432714,432717,3,22
432692,432714,432717,3,22
432692,432714,432717,3,22
432692,432714,432717,3,22
432692,432714,432718,4,22
428528,428546,433542,4996,18
433544,433544,433546,2,0
433544,433544,433546,2,0
433544,433545,433547,2,1
433544,433544,433547,3,0
433544,433544,433546,2,0
433544,433544,433547,3,0
433544,433544,433547,3,0
433544,433544,433547,3,0
433544,433544,433547,3,0
433544,433544,433547,3,0
433544,433545,433547,2,1
433544,433544,433547,3,0
433544,433544,433547,3,0
433544,433544,433547,3,0
433544,433544,433547,3,0
433544,433544,433547,3,0
433544,433544,433547,3,0
433544,433545,433547,2,1
433544,433545,433548,3,1
433544,433546,433548,2,2
433544,433545,433548,3,1
433544,433546,433548,2,2
433544,433547,433549,2,3
433544,433548,433549,1,4
433544,433548,433549,1,4
433544,433547,433550,3,3
433544,433548,433550,2,4
433544,433547,433549,2,3
433544,433548,433550,2,4
433544,433548,433550,2,4
433544,433548,433550,2,4
433544,433548,433550,2,4
433544,433548,433550,2,4
433544,433548,433550,2,4
433544,433548,433550,2,4
433544,433549,433550,1,5
433544,433550,433551,1,6
433544,433548,433551,3,4
433544,433548,433551,3,4
433544,433548,433551,3,4
433544,433549,433551,2,5
433544,433550,433552,2,6
433544,433548,433552,4,4
433544,433548,433552,4,4
433544,433551,433552,1,7
433544,433551,433552,1,7
433544,433550,433552,2,6
433544,433551,433552,1,7
433544,433551,433552,1,7
433544,433552,433553,1,8
433544,433550,433553,3,6
433544,433551,433553,2,7
433544,433552,433553,1,8
433544,433551,433553,2,7
433544,433551,433553,2,7
433544,433551,433553,2,7
433544,433551,433553,2,7
433544,433551,433553,2,7
433544,433552,433554,2,8
433544,433552,433554,2,8
433544,433552,433553,1,8
433544,433553,433554,1,9
433544,433552,433554,2,8
433544,433553,433554,1,9
433544,433553,433554,1,9
433544,433553,433554,1,9
433544,433553,433554,1,9
433544,433553,433554,1,9
433544,433553,433555,2,9
433544,433553,433555,2,9
433544,433554,433555,1,10
433544,433554,433555,1,10
433544,433554,433555,1,10
433544,433554,433556,2,10
433544,433553,433556,3,9
433544,433555,433556,1,11
433544,433554,433556,2,10
433544,433554,433556,2,10
433544,433554,433556,2,10
433544,433554,433556,2,10
433544,433555,433557,2,11
433544,433555,433557,2,11
433544,433554,433557,3,10
433544,433554,433557,3,10
433544,433556,433558,2,12
433544,433555,433557,2,11
433544,433555,433558,3,11
433544,433555,433557,2,11
433544,433555,433557,2,11
433544,433557,433558,1,13
433544,433556,433558,2,12
433544,433556,433558,2,12
433544,433557,433559,2,13
433544,433556,433559,3,12
433544,433557,433559,2,13
433544,433557,433559,2,13
433544,433557,433559,2,13
433544,433556,433559,3,12
433544,433556,433559,3,12
433544,433557,433560,3,13
433544,433558,433560,2,14
433544,433558,433560,2,14
433544,433558,433560,2,14
433544,433559,433561,2,15
433544,433559,433560,1,15
433544,433558,433561,3,14
433544,433558,433560,2,14
433544,433559,433561,2,15
433544,433557,433560,3,13
433544,433557,433560,3,13
433544,433558,433560,2,14
433544,433559,433561,2,15
433544,433559,433561,2,15
433544,433559,433561,2,15
433544,433558,433561,3,14
433544,433559,433562,3,15
433544,433560,433562,2,16
433544,433560,433562,2,16
433544,433561,433563,2,17
433544,433560,433562,2,16
433544,433561,433563,2,17
433544,433561,433563,2,17
433544,433561,433563,2,17
433544,433560,433563,3,16
433544,433560,433563,3,16
433544,433560,433563,3,16
433544,433561,433563,2,17
433544,433562,433564,2,18
433544,433560,433563,3,16
433544,433561,433564,3,17
433544,433561,433564,3,17
433544,433561,433563,2,17
433544,433562,433564,2,18
433544,433563,433565,2,19
433544,433561,433564,3,17
433544,433563,433565,2,19
433544,433562,433565,3,18
433544,433561,433564,3,17
433544,433562,433564,2,18
433544,433563,433565,2,19
433544,433563,433565,2,19
433544,433564,433566,2,20
433544,433563,433565,2,19
433544,433562,433565,3,18
433544,433564,433566,2,20
433544,433564,433566,2,20
433544,433564,433567,3,20
433544,433564,433568,4,20
433544,433564,433567,3,20
433544,433564,433567,3,20
428820,428841,433795,4954,21
433796,433796,433798,2,0
433796,433796,433798,2,0
433796,433796,433798,2,0
433796,433796,433799,3,0
433796,433796,433799,3,0
433796,433796,433799,3,0
433796,433796,433798,2,0
433796,433796,433799,3,0
433796,433796,433799,3,0
433796,433796,433799,3,0
433796,433796,433799,3,0
433796,433796,433799,3,0
433796,433796,433799,3,0
433796,433796,433799,3,0
433796,433796,433798,2,0
433796,433796,433799,3,0
433796,433796,433799,3,0
433796,433796,433800,4,0
433796,433796,433799,3,0
433796,433798,433800,2,2
433796,433796,433799,3,0
433796,433798,433800,2,2
433796,433798,433800,2,2
433796,433799,433801,2,3
433796,433799,433801,2,3
433796,433799,433801,2,3
433796,433799,433801,2,3
433796,433799,433802,3,3
433796,433799,433801,2,3
433796,433799,433802,3,3
433796,433799,433802,3,3
433796,433799,433802,3,3
433796,433799,433802,3,3
433796,433799,433801,2,3
433796,433799,433801,2,3
433796,433800,433802,2,4
433796,433801,433802,1,5
433796,433801,433803,2,5
433796,433800,433803,3,4
433796,433800,433803,3,4
433796,433801,433803,2,5
433796,433800,433803,3,4
433796,433800,433803,3,4
433796,433801,433803,2,5
433796,433800,433804,4,4
433796,433801,433804,3,5
433796,433802,433804,2,6
433796,433802,433804,2,6
433796,433802,433804,2,6
433796,433802,433804,2,6
433796,433802,433804,2,6
433796,433803,433804,1,7
433796,433802,433804,2,6
433796,433803,433804,1,7
433796,433803,433804,1,7
433796,433803,433805,2,7
433796,433802,433805,3,6
433796,433803,433805,2,7
433796,433802,433805,3,6
433796,433802,433805,3,6
433796,433803,433805,2,7
433796,433803,433805,2,7
433796,433802,433806,4,6
433796,433803,433806,3,7
433796,433804,433806,2,8
433796,433804,433806,2,8
433796,433805,433806,1,9
433796,433805,433806,1,9
433796,433805,433806,1,9
433796,433805,433806,1,9
433796,433805,433806,1,9
433796,433805,433806,1,9
433796,433805,433807,2,9
433796,433804,433806,2,8
433796,433805,433807,2,9
433796,433805,433807,2,9
433796,433805,433807,2,9
433796,433805,433808,3,9
433796,433805,433808,3,9
433796,433805,433808,3,9
433796,433805,433808,3,9
433796,433806,433808,2,10
433796,433806,433808,2,10
433796,433807,433808,1,11
433796,433807,433809,2,11
433796,433806,433808,2,10
433796,433807,433809,2,11
433796,433807,433809,2,11
433796,433807,433809,2,11
433796,433807,433809,2,11
433796,433807,433809,2,11
433796,433807,433809,2,11
433796,433807,433809,2,11
433796,433807,433810,3,11
433796,433806,433810,4,10
433796,433807,433810,3,11
433796,433809,433810,1,13
433796,433808,433810,2,12
433796,433809,433810,1,13
433796,433808,433811,3,12
433796,433810,433812,2,14
433796,433809,433811,2,13
433796,433809,433811,2,13
433796,433810,433812,2,14
433796,433809,433811,2,13
433796,433809,433812,3,13
433796,433809,433812,3,13
433796,433809,433812,3,13
433796,433811,433812,1,15
433796,433810,433812,2,14
433796,433810,433812,2,14
433796,433810,433812,2,14
433796,433810,433812,2,14
433796,433809,433813,4,13
433796,433810,433813,3,14
433796,433810,433813,3,14
433796,433812,433814,2,16
433796,433811,433814,3,15
433796,433811,433813,2,15
433796,433812,433814,2,16
433796,433812,433814,2,16
433796,433812,433814,2,16
433796,433810,433814,4,14
433796,433813,433815,2,17
433796,433812,433814,2,16
433796,433811,433815,4,15
433796,433813,433815,2,17
433796,433813,433816,3,17
433796,433813,433815,2,17
433796,433814,433816,2,18
433796,433813,433815,2,17
433796,433813,433815,2,17
433796,433814,433816,2,18
433796,433814,433816,2,18
433796,433814,433816,2,18
433796,433814,433817,3,18
433796,433814,433816,2,18
433796,433813,433816,3,17
433796,433815,433817,2,19
433796,433813,433816,3,17
433796,433814,433816,2,18
433796,433813,433816,3,17
433796,433814,433816,2,18
433796,433816,433818,2,20
433796,433815,433817,2,19
433796,433814,433818,4,18
433796,433816,433818,2,20
433796,433816,433818,2,20
433796,433816,433818,2,20
433796,433816,433818,2,20
428907,428930,433900,4970,23
433901,433901,433904,3,0
433901,433901,433904,3,0
433901,433901,433904,3,0
433901,433901,433904,3,0
433901,433901,433904,3,0
433901,433901,433905,4,0
433901,433901,433904,3,0
433901,433901,433904,3,0
433901,433901,433905,4,0
433901,433901,433904,3,0
433901,433901,433905,4,0
433901,433901,433905,4,0
433901,433901,433905,4,0
433901,433901,433905,4,0
433901,433901,433905,4,0
433901,433901,433905,4,0
433901,433901,433905,4,0
433901,433901,433905,4,0
433901,433901,433906,5,0
433901,433901,433906,5,0
433901,433904,433906,2,3
433901,433905,433907,2,4
433901,433905,433907,2,4
433901,433905,433907,2,4
433901,433905,433907,2,4
433901,433905,433907,2,4
433901,433905,433907,2,4
433901,433905,433908,3,4
433901,433905,433908,3,4
433901,433905,433907,2,4
433901,433906,433908,2,5
433901,433906,433908,2,5
433901,433906,433908,2,5
433901,433906,433908,2,5
433901,433906,433908,2,5
433901,433906,433908,2,5
433901,433906,433908,2,5
433901,433905,433908,3,4
433901,433906,433909,3,5
433901,433907,433909,2,6
433901,433907,433909,2,6
433901,433907,433909,2,6
433901,433907,433909,2,6
433901,433906,433909,3,5
433901,433907,433909,2,6
433901,433908,433910,2,7
433901,433908,433910,2,7
433901,433908,433910,2,7
433901,433908,433911,3,7
433901,433909,433912,3,8
433901,433908,433911,3,7
433901,433908,433911,3,7
433901,433909,433911,2,8
433901,433909,433911,2,8
433901,433909,433912,3,8
433901,433910,433913,3,9
433901,433910,433912,2,9
433901,433909,433913,4,8
433901,433910,433912,2,9
433901,433911,433913,2,10
433901,433911,433913,2,10
433901,433909,433913,4,8
433901,433909,433913,4,8
433901,433911,433913,2,10
433901,433909,433914,5,8
433901,433909,433914,5,8
433901,433909,433913,4,8
433901,433910,433914,4,9
433901,433913,433915,2,12
433901,433912,433914,2,11
433901,433912,433915,3,11
433901,433912,433915,3,11
433901,433913,433916,3,12
433901,433912,433915,3,11
433901,433913,433915,2,12
433901,433912,433915,3,11
433901,433912,433916,4,11
433901,433913,433915,2,12
433901,433913,433916,3,12
433901,433913,433916,3,12
433901,433914,433917,3,13
433901,433914,433917,3,13
433901,433913,433916,3,12
433901,433914,433917,3,13
433901,433915,433917,2,14
433901,433914,433917,3,13
433901,433915,433918,3,14
433901,433914,433918,4,13
433901,433915,433918,3,14
433901,433915,433918,3,14
433901,433916,433918,2,15
433901,433914,433919,5,13
433901,433914,433918,4,13
433901,433916,433919,3,15
433901,433916,433919,3,15
433901,433916,433919,3,15
433901,433916,433920,4,15
433901,433916,433919,3,15
433901,433917,433920,3,16
433901,433916,433920,4,15
433901,433916,433920,4,15
433901,433918,433920,2,17
433901,433917,433921,4,16
433901,433918,433920,2,17
433901,433918,433920,2,17
433901,433919,433921,2,18
433901,433917,433920,3,16
433901,433918,433920,2,17
433901,433918,433921,3,17
433901,433919,433921,2,18
433901,433919,433921,2,18
433901,433920,433922,2,19
433901,433919,433922,3,18
433901,433918,433921,3,17
433901,433918,433922,4,17
433901,433919,433921,2,18
433901,433920,433922,2,19
433901,433921,433923,2,20
433901,433920,433923,3,19
433901,433919,433922,3,18
433901,433920,433922,2,19
433901,433920,433923,3,19
433901,433921,433923,2,20
433901,433920,433923,3,19
433901,433921,433924,3,20
433901,433921,433924,3,20
433901,433922,433925,3,21
433901,433921,433924,3,20
433901,433921,433924,3,20
433901,433921,433924,3,20
433901,433921,433924,3,20
433901,433921,433925,4,20
433901,433923,433926,3,22
433901,433922,433926,4,21
433901,433922,433926,4,21
433901,433923,433926,3,22
433901,433924,433926,2,23
433901,433923,433926,3,22
433901,433922,433926,4,21
433901,433923,433927,4,22
433901,433923,433927,4,22
433901,433925,433927,2,24
433901,433924,433928,4,23
433901,433925,433928,3,24
433901,433923,433928,5,22
433901,433925,433928,3,24
433901,433924,433929,5,23
433901,433925,433929,4,24
433901,433925,433929,4,24
433901,433925,433929,4,24
430317,430335,434032,3697,18
434033,434033,434036,3,0
434033,434033,434037,4,0
434033,434033,434037,4,0
434033,434033,434037,4,0
434033,434033,434037,4,0
434033,434033,434037,4,0
434033,434033,434037,4,0
434033,434033,434037,4,0
434033,434033,434037,4,0
434033,434033,434037,4,0
434033,434033,434038,5,0
434033,434033,434038,5,0
434033,434033,434038,5,0
434033,434033,434038,5,0
434033,434033,434038,5,0
434033,434033,434038,5,0
434033,434033,434038,5,0
434033,434033,434038,5,0
434033,434033,434038,5,0
434033,434033,434037,4,0
434033,434036,434038,2,3
434033,434037,434039,2,4
434033,434037,434039,2,4
434033,434037,434039,2,4
434033,434037,434039,2,4
434033,434037,434039,2,4
434033,434037,434039,2,4
434033,434038,434040,2,5
434033,434037,434040,3,4
434033,434037,434040,3,4
434033,434039,434040,1,6
434033,434039,434041,2,6
434033,434039,434041,2,6
434033,434039,434041,2,6
434033,434038,434041,3,5
434033,434038,434041,3,5
434033,434038,434041,3,5
434033,434039,434041,2,6
434033,434039,434041,2,6
434033,434039,434041,2,6
434033,434038,434041,3,5
434033,434040,434041,1,7
434033,434040,434042,2,7
434033,434040,434042,2,7
434033,434038,434042,4,5
434033,434039,434042,3,6
434033,434040,434042,2,7
434033,434041,434042,1,8
434033,434041,434042,1,8
434033,434040,434043,3,7
434033,434041,434043,2,8
434033,434039,434043,4,6
434033,434042,434043,1,9
434033,434042,434043,1,9
434033,434042,434044,2,9
434033,434042,434043,1,9
434033,434042,434043,1,9
434033,434042,434044,2,9
434033,434042,434044,2,9
434033,434042,434044,2,9
434033,434042,434044,2,9
434033,434042,434044,2,9
434033,434042,434045,3,9
434033,434043,434045,2,10
434033,434043,434045,2,10
434033,434043,434046,3,10
434033,434043,434045,2,10
434033,434044,434046,2,11
434033,434044,434046,2,11
434033,434044,434046,2,11
434033,434044,434047,3,11
434033,434044,434047,3,11
434033,434043,434046,3,10
434033,434043,434046,3,10
434033,434044,434046,2,11
434033,434046,434047,1,13
434033,434046,434047,1,13
434033,434044,434047,3,11
434033,434045,434047,2,12
434033,434044,434047,3,11
434033,434045,434047,2,12
434033,434045,434047,2,12
434033,434045,434047,2,12
434033,434045,434049,4,12
434033,434046,434049,3,13
434033,434046,434049,3,13
434033,434047,434049,2,14
434033,434047,434050,3,14
434033,434047,434049,2,14
434033,434047,434050,3,14
434033,434046,434049,3,13
434033,434047,434050,3,14
434033,434048,434050,2,15
434033,434048,434050,2,15
434033,434047,434050,3,14
434033,434047,434050,3,14
434033,434047,434050,3,14
434033,434050,434051,1,17
434033,434050,434052,2,17
434033,434048,434051,3,15
434033,434050,434052,2,17
434033,434048,434051,3,15
434033,434048,434051,3,15
434033,434048,434051,3,15
434033,434048,434051,3,15
434033,434049,434051,2,16
434033,434050,434052,2,17
434033,434051,434052,1,18
434033,434051,434052,1,18
434033,434048,434052,4,15
434033,434049,434053,4,16
434033,434049,434052,3,16
434033,434050,434052,2,17
434033,434050,434053,3,17
434033,434051,434053,2,18
434033,434051,434052,1,18
434033,434052,434054,2,19
434033,434052,434054,2,19
434033,434053,434054,1,20
434033,434053,434055,2,20
434033,434051,434054,3,18
434033,434052,434054,2,19
434033,434052,434054,2,19
434033,434052,434054,2,19
434033,434052,434054,2,19
434033,434053,434055,2,20
434033,434053,434055,2,20
434033,434052,434055,3,19
434033,434052,434055,3,19
434033,434052,434055,3,19
434033,434053,434055,2,20
434033,434053,434056,3,20
434033,434052,434055,3,19
434033,434053,434056,3,20
434033,434053,434056,3,20
434033,434054,434056,2,21
434033,434055,434057,2,22
434033,434054,434056,2,21
434033,434053,434056,3,20
434033,434055,434057,2,22
434033,434055,434057,2,22
434033,434055,434057,2,22
434033,434055,434058,3,22
434033,434055,434057,2,22
434033,434055,434058,3,22
434033,434056,434058,2,23
434033,434055,434058,3,22
434033,434056,434059,3,23
434033,434056,434059,3,23
434033,434056,434061,5,23
430903,430921,434237,3316,18
434238,434239,434240,1,1
434238,434239,434240,1,1
434238,434239,434240,1,1
434238,434239,434240,1,1
434238,434239,434240,1,1
434238,434239,434240,1,1
434238,434239,434240,1,1
434238,434239,434240,1,1
434238,434239,434240,1,1
434238,434239,434241,2,1
434238,434239,434241,2,1
434238,434239,434242,3,1
434238,434239,434241,2,1
434238,434239,434241,2,1
434238,434239,434241,2,1
434238,434239,434241,2,1
434238,434239,434241,2,1
434238,434239,434241,2,1
434238,434239,434241,2,1
434238,434241,434242,1,3
434238,434239,434242,3,1
434238,434241,434242,1,3
434238,434241,434242,1,3
434238,434241,434242,1,3
434238,434241,434242,1,3
434238,434241,434242,1,3
434238,434241,434242,1,3
434238,434241,434242,1,3
434238,434241,434242,1,3
434238,434242,434243,1,4
434238,434242,434244,2,4
434238,434242,434244,2,4
434238,434243,434244,1,5
434238,434243,434245,2,5
434238,434243,434245,2,5
434238,434243,434244,1,5
434238,434243,434244,1,5
434238,434242,434244,2,4
434238,434242,434244,2,4
434238,434242,434244,2,4
434238,434242,434244,2,4
434238,434242,434244,2,4
434238,434243,434244,1,5
434238,434242,434244,2,4
434238,434242,434245,3,4
434238,434243,434245,2,5
434238,434243,434245,2,5
434238,434243,434245,2,5
434238,434243,434245,2,5
434238,434245,434246,1,7
434238,434244,434246,2,6
434238,434245,434246,1,7
434238,434245,434246,1,7
434238,434245,434246,1,7
434238,434245,434246,1,7
434238,434245,434247,2,7
434238,434245,434247,2,7
434238,434245,434247,2,7
434238,434245,434247,2,7
434238,434245,434247,2,7
434238,434245,434246,1,7
434238,434246,434247,1,8
434238,434245,434247,2,7
434238,434245,434246,1,7
434238,434245,434247,2,7
434238,434245,434247,2,7
434238,434247,434248,1,9
434238,434246,434247,1,8
434238,434246,434247,1,8
434238,434247,434248,1,9
434238,434246,434248,2,8
434238,434247,434248,1,9
434238,434247,434248,1,9
434238,434247,434248,1,9
434238,434247,434248,1,9
434238,434247,434249,2,9
434238,434247,434249,2,9
434238,434247,434249,2,9
434238,434247,434249,2,9
434238,434247,434248,1,9
434238,434248,434249,1,10
434238,434247,434249,2,9
434238,434247,434249,2,9
434238,434247,434250,3,9
434238,434247,434249,2,9
434238,434248,434250,2,10
434238,434248,434249,1,10
434238,434248,434250,2,10
434238,434248,434250,2,10
434238,434249,434251,2,11
434238,434249,434251,2,11
434238,434249,434250,1,11
434238,434249,434251,2,11
434238,434249,434250,1,11
434238,434249,434251,2,11
434238,434249,434251,2,11
434238,434249,434251,2,11
434238,434250,434251,1,12
434238,434249,434251,2,11
434238,434249,434252,3,11
434238,434249,434252,3,11
434238,434250,434252,2,12
434238,434250,434252,2,12
434238,434251,434252,1,13
434238,434251,434253,2,13
434238,434250,434252,2,12
434238,434251,434253,2,13
434238,434250,434253,3,12
434238,434250,434252,2,12
434238,434251,434253,2,13
434238,434251,434253,2,13
434238,434251,434254,3,13
434238,434252,434254,2,14
434238,434250,434254,4,12
434238,434251,434254,3,13
434238,434252,434254,2,14
434238,434252,434254,2,14
434238,434251,434254,3,13
434238,434253,434254,1,15
434238,434252,434255,3,14
434238,434252,434255,3,14
434238,434253,434255,2,15
434238,434252,434255,3,14
434238,434252,434255,3,14
434238,434252,434255,3,14
434238,434253,434255,2,15
434238,434253,434255,2,15
434238,434253,434256,3,15
434238,434254,434256,2,16
434238,434253,434256,3,15
434238,434253,434255,2,15
434238,434253,434256,3,15
434238,434254,434256,2,16
434238,434254,434256,2,16
434238,434254,434257,3,16
434238,434255,434257,2,17
434238,434254,434257,3,16
434238,434255,434257,2,17
434238,434254,434257,3,16
434238,434255,434256,1,17
434238,434255,434257,2,17
434238,434255,434257,2,17
434238,434255,434258,3,17
434238,434256,434258,2,18
434238,434255,434258,3,17
434238,434255,434257,2,17
434238,434255,434257,2,17
434238,434255,434258,3,17
434238,434256,434259,3,18
434238,434256,434260,4,18
429539,429559,434574,5015,20
434576,434576,434577,1,0
434576,434576,434577,1,0
434576,434576,434577,1,0
434576,434576,434577,1,0
434576,434576,434578,2,0
434576,434576,434578,2,0
434576,434576,434578,2,0
434576,434576,434579,3,0
434576,434576,434578,2,0
434576,434576,434578,2,0
434576,434576,434578,2,0
434576,434576,434578,2,0
434576,434576,434578,2,0
434576,434576,434578,2,0
434576,434576,434578,2,0
434576,434576,434579,3,0
434576,434576,434579,3,0
434576,434576,434579,3,0
434576,434578,434579,1,2
434576,434576,434579,3,0
434576,434576,434579,3,0
434576,434578,434579,1,2
434576,434578,434579,1,2
434576,434578,434579,1,2
434576,434578,434579,1,2
434576,434579,434580,1,3
434576,434579,434580,1,3
434576,434579,434580,1,3
434576,434579,434581,2,3
434576,434579,434581,2,3
434576,434580,434581,1,4
434576,434579,434581,2,3
434576,434579,434581,2,3
434576,434580,434582,2,4
434576,434579,434581,2,3
434576,434579,434581,2,3
434576,434579,434581,2,3
434576,434580,434582,2,4
434576,434580,434582,2,4
434576,434579,434581,2,3
434576,434579,434581,2,3
434576,434580,434582,2,4
434576,434580,434583,3,4
434576,434580,434582,2,4
434576,434580,434582,2,4
434576,434581,434582,1,5
434576,434582,434583,1,6
434576,434582,434583,1,6
434576,434581,434583,2,5
434576,434581,434583,2,5
434576,434582,434583,1,6
434576,434582,434583,1,6
434576,434581,434583,2,5
434576,434582,434583,1,6
434576,434582,434583,1,6
434576,434582,434584,2,6
434576,434583,434585,2,7
434576,434582,434584,2,6
434576,434582,434584,2,6
434576,434583,434584,1,7
434576,434583,434584,1,7
434576,434583,434584,1,7
434576,434582,434584,2,6
434576,434582,434584,2,6
434576,434582,434584,2,6
434576,434584,434585,1,8
434576,434584,434585,1,8
434576,434583,434585,2,7
434576,434584,434585,1,8
434576,434584,434585,1,8
434576,434584,434586,2,8
434576,434584,434586,2,8
434576,434584,434585,1,8
434576,434584,434585,1,8
434576,434585,434587,2,9
434576,434585,434587,2,9
434576,434585,434587,2,9
434576,434585,434587,2,9
434576,434585,434586,1,9
434576,434585,434587,2,9
434576,434584,434587,3,8
434576,434586,434587,1,10
434576,434586,434588,2,10
434576,434585,434587,2,9
434576,434586,434588,2,10
434576,434585,434588,3,9
434576,434585,434588,3,9
434576,434585,434588,3,9
434576,434586,434588,2,10
434576,434586,434588,2,10
434576,434586,434588,2,10
434576,434587,434589,2,11
434576,434587,434589,2,11
434576,434586,434589,3,10
434576,434586,434589,3,10
434576,434588,434590,2,12
434576,434587,434589,2,11
434576,434587,434589,2,11
434576,434588,434589,1,12
434576,434587,434589,2,11
434576,434586,434589,3,10
434576,434587,434589,2,11
434576,434588,434590,2,12
434576,434588,434590,2,12
434576,434587,434590,3,11
434576,434589,434590,1,13
434576,434589,434591,2,13
434576,434588,434590,2,12
434576,434588,434590,2,12
434576,434589,434591,2,13
434576,434590,434591,1,14
434576,434588,434592,4,12
434576,434588,434591,3,12
434576,434588,434591,3,12
434576,434588,434592,4,12
434576,434589,434592,3,13
434576,434590,434592,2,14
434576,434590,434592,2,14
434576,434590,434592,2,14
434576,434590,434592,2,14
434576,434590,434592,2,14
434576,434591,434592,1,15
434576,434591,434593,2,15
434576,434590,434592,2,14
434576,434591,434593,2,15
434576,434591,434593,2,15
434576,434590,434593,3,14
434576,434590,434593,3,14
434576,434592,434594,2,16
434576,434591,434593,2,15
434576,434591,434594,3,15
434576,434592,434594,2,16
434576,434593,434595,2,17
434576,434593,434595,2,17
434576,434592,434595,3,16
434576,434592,434595,3,16
434576,434592,434595,3,16
434576,434592,434595,3,16
434576,434593,434595,2,17
434576,434593,434595,2,17
434576,434594,434596,2,18
434576,434592,434595,3,16
434576,434593,434596,3,17
434576,434592,434595,3,16
434576,434593,434595,2,17
434576,434593,434596,3,17
434576,434592,434595,3,16
434576,434594,434597,3,18
434576,434594,434597,3,18
434576,434594,434597,3,18
429731,429750,434719,4969,19
434721,434721,434723,2,0
434721,434721,434722,1,0
434721,434721,434723,2,0
434721,434721,434723,2,0
434721,434721,434723,2,0
434721,434721,434724,3,0
434721,434721,434723,2,0
434721,434721,434723,2,0
434721,434721,434724,3,0
434721,434721,434724,3,0
434721,434721,434723,2,0
434721,434721,434723,2,0
434721,434721,434723,2,0
434721,434721,434724,3,0
434721,434721,434723,2,0
434721,434721,434724,3,0
434721,434723,434724,1,2
434721,434721,434724,3,0
434721,434721,434725,4,0
434721,434723,434724,1,2
434721,434723,434725,2,2
434721,434723,434725,2,2
434721,434721,434724,3,0
434721,434721,434724,3,0
434721,434724,434725,1,3
434721,434724,434726,2,3
434721,434724,434725,1,3
434721,434724,434726,2,3
434721,434724,434726,2,3
434721,434725,434727,2,4
434721,434724,434726,2,3
434721,434724,434726,2,3
434721,434724,434726,2,3
434721,434724,434726,2,3
434721,434725,434727,2,4
434721,434724,434726,2,3
434721,434724,434726,2,3
434721,434724,434727,3,3
434721,434725,434727,2,4
434721,434725,434727,2,4
434721,434726,434728,2,5
434721,434725,434728,3,4
434721,434726,434727,1,5
434721,434726,434728,2,5
434721,434726,434728,2,5
434721,434725,434728,3,4
434721,434727,434729,2,6
434721,434726,434728,2,5
434721,434727,434729,2,6
434721,434725,434728,3,4
434721,434727,434728,1,6
434721,434727,434729,2,6
434721,434727,434729,2,6
434721,434727,434729,2,6
434721,434727,434730,3,6
434721,434727,434730,3,6
434721,434728,434729,1,7
434721,434727,434729,2,6
434721,434728,434730,2,7
434721,434728,434729,1,7
434721,434727,434729,2,6
434721,434727,434730,3,6
434721,434725,434729,4,4
434721,434728,434729,1,7
434721,434728,434730,2,7
434721,434729,434730,1,8
434721,434729,434730,1,8
434721,434729,434730,1,8
434721,434728,434731,3,7
434721,434729,434731,2,8
434721,434729,434731,2,8
434721,434730,434732,2,9
434721,434730,434732,2,9
434721,434730,434732,2,9
434721,434729,434731,2,8
434721,434730,434732,2,9
434721,434729,434732,3,8
434721,434730,434732,2,9
434721,434729,434731,2,8
434721,434730,434732,2,9
434721,434730,434732,2,9
434721,434730,434732,2,9
434721,434731,434733,2,10
434721,434731,434733,2,10
434721,434730,434732,2,9
434721,434730,434733,3,9
434721,434730,434733,3,9
434721,434731,434733,2,10
434721,434731,434733,2,10
434721,434731,434733,2,10
434721,434732,434734,2,11
434721,434731,434734,3,10
434721,434732,434735,3,11
434721,434732,434735,3,11
434721,434732,434735,3,11
434721,434732,434735,3,11
434721,434732,434735,3,11
434721,434732,434734,2,11
434721,434732,434734,2,11
434721,434732,434735,3,11
434721,434733,434735,2,12
434721,434733,434735,2,12
434721,434734,434736,2,13
434721,434734,434736,2,13
434721,434733,434736,3,12
434721,434732,434736,4,11
434721,434733,434736,3,12
434721,434733,434735,2,12
434721,434733,434737,4,12
434721,434733,434737,4,12
434721,434734,434737,3,13
434721,434733,434737,4,12
434721,434735,434737,2,14
434721,434735,434737,2,14
434721,434735,434738,3,14
434721,434736,434738,2,15
434721,434735,434738,3,14
434721,434735,434738,3,14
434721,434735,434738,3,14
434721,434735,434738,3,14
434721,434735,434738,3,14
434721,434736,434738,2,15
434721,434735,434738,3,14
434721,434736,434738,2,15
434721,434736,434738,2,15
434721,434736,434739,3,15
434721,434736,434739,3,15
434721,434736,434739,3,15
434721,434737,434739,2,16
434721,434738,434739,1,17
434721,434738,434739,1,17
434721,434738,434740,2,17
434721,434737,434740,3,16
434721,434737,434740,3,16
434721,434737,434740,3,16
434721,434737,434740,3,16
434721,434739,434740,1,18
434721,434739,434740,1,18
434721,434739,434740,1,18
434721,434738,434741,3,17
434721,434738,434741,3,17
434721,434738,434741,3,17
434721,434738,434740,2,17
434721,434738,434741,3,17
434721,434740,434741,1,19
434721,434739,434741,2,18
434721,434739,434742,3,18
434721,434739,434742,3,18
434721,434739,434742,3,18
434721,434740,434744,4,19
429701,429720,434797,5077,19
434799,434799,434800,1,0
434799,434799,434800,1,0
434799,434799,434801,2,0
434799,434799,434801,2,0
434799,434799,434802,3,0
434799,434799,434802,3,0
434799,434799,434802,3,0
434799,434799,434801,2,0
434799,434799,434801,2,0
434799,434799,434802,3,0
434799,434799,434801,2,0
434799,434799,434801,2,0
434799,434799,434801,2,0
434799,434799,434801,2,0
434799,434799,434802,3,0
434799,434799,434801,2,0
434799,434799,434801,2,0
434799,434799,434801,2,0
434799,434801,434802,1,2
434799,434801,434802,1,2
434799,434801,434802,1,2
434799,434799,434802,3,0
434799,434799,434802,3,0
434799,434802,434804,2,3
434799,434802,434804,2,3
434799,434802,434805,3,3
434799,434802,434805,3,3
434799,434802,434804,2,3
434799,434802,434804,2,3
434799,434802,434804,2,3
434799,434802,434804,2,3
434799,434802,434804,2,3
434799,434802,434805,3,3
434799,434802,434804,2,3
434799,434802,434804,2,3
434799,434802,434805,3,3
434799,434802,434804,2,3
434799,434802,434805,3,3
434799,434803,434805,2,4
434799,434803,434805,2,4
434799,434803,434805,2,4
434799,434803,434806,3,4
434799,434806,434807,1,7
434799,434803,434806,3,4
434799,434804,434807,3,5
434799,434804,434806,2,5
434799,434805,434807,2,6
434799,434805,434807,2,6
434799,434805,434807,2,6
434799,434806,434807,1,7
434799,434806,434807,1,7
434799,434805,434808,3,6
434799,434805,434807,2,6
434799,434805,434808,3,6
434799,434805,434807,2,6
434799,434805,434807,2,6
434799,434806,434808,2,7
434799,434805,434807,2,6
434799,434805,434807,2,6
434799,434805,434807,2,6
434799,434807,434808,1,8
434799,434805,434808,3,6
434799,434805,434808,3,6
434799,434807,434809,2,8
434799,434807,434809,2,8
434799,434807,434809,2,8
434799,434807,434809,2,8
434799,434807,434809,2,8
434799,434809,434810,1,10
434799,434808,434811,3,9
434799,434808,434810,2,9
434799,434808,434810,2,9
434799,434808,434811,3,9
434799,434808,434811,3,9
434799,434808,434811,3,9
434799,434808,434811,3,9
434799,434808,434811,3,9
434799,434808,434811,3,9
434799,434808,434811,3,9
434799,434808,434811,3,9
434799,434808,434811,3,9
434799,434809,434812,3,10
434799,434809,434811,2,10
434799,434809,434812,3,10
434799,434810,434812,2,11
434799,434809,434812,3,10
434799,434809,434812,3,10
434799,434809,434813,4,10
434799,434811,434813,2,12
434799,434811,434813,2,12
434799,434811,434814,3,12
434799,434811,434813,2,12
434799,434811,434813,2,12
434799,434811,434814,3,12
434799,434811,434814,3,12
434799,434811,434814,3,12
434799,434811,434814,3,12
434799,434811,434814,3,12
434799,434811,434814,3,12
434799,434811,434814,3,12
434799,434812,434814,2,13
434799,434811,434814,3,12
434799,434812,434814,2,13
434799,434812,434815,3,13
434799,434812,434815,3,13
434799,434812,434815,3,13
434799,434812,434815,3,13
434799,434814,434816,2,15
434799,434814,434816,2,15
434799,434813,434816,3,14
434799,434814,434816,2,15
434799,434815,434817,2,16
434799,434814,434817,3,15
434799,434814,434816,2,15
434799,434814,434817,3,15
434799,434814,434817,3,15
434799,434814,434817,3,15
434799,434814,434817,3,15
434799,434814,434817,3,15
434799,434814,434817,3,15
434799,434814,434817,3,15
434799,434814,434816,2,15
434799,434814,434817,3,15
434799,434816,434818,2,17
434799,434816,434818,2,17
434799,434815,434818,3,16
434799,434816,434818,2,17
434799,434815,434817,2,16
434799,434815,434818,3,16
434799,434817,434819,2,18
434799,434817,434819,2,18
434799,434817,434819,2,18
434799,434817,434819,2,18
434799,434816,434819,3,17
434799,434817,434819,2,18
434799,434817,434820,3,18
434799,434818,434820,2,19
434799,434817,434820,3,18
434799,434817,434820,3,18
434799,434817,434820,3,18
434799,434817,434820,3,18
434799,434817,434820,3,18
434799,434817,434820,3,18
434799,434818,434820,2,19
434799,434818,434820,2,19
434799,434818,434821,3,19
434799,434817,434821,4,18
434799,434818,434821,3,19
434799,434818,434821,3,19
434799,434819,434821,2,20
429835,429855,434854,4999,20
434855,434856,434857,1,1
434855,434856,434857,1,1
434855,434856,434857,1,1
434855,434856,434857,1,1
434855,434856,434858,2,1
434855,434856,434858,2,1
434855,434856,434858,2,1
434855,434856,434858,2,1
434855,434856,434858,2,1
434855,434856,434858,2,1
434855,434856,434858,2,1
434855,434856,434858,2,1
434855,434856,434858,2,1
434855,434856,434858,2,1
434855,434856,434858,2,1
434855,434856,434858,2,1
434855,434856,434859,3,1
434855,434856,434859,3,1
434855,434856,434859,3,1
434855,434858,434860,2,3
434855,434858,434860,2,3
434855,434858,434860,2,3
434855,434858,434860,2,3
434855,434859,434861,2,4
434855,434859,434861,2,4
434855,434859,434862,3,4
434855,434859,434862,3,4
434855,434859,434863,4,4
434855,434859,434862,3,4
434855,434859,434862,3,4
434855,434859,434862,3,4
434855,434859,434862,3,4
434855,434859,434862,3,4
434855,434856,434863,7,1
434855,434861,434863,2,6
434855,434861,434864,3,6
434855,434859,434863,4,4
434855,434859,434863,4,4
434855,434860,434864,4,5
434855,434860,434864,4,5
434855,434860,434864,4,5
434855,434861,434864,3,6
434855,434861,434864,3,6
434855,434864,434865,1,9
434855,434862,434865,3,7
434855,434862,434865,3,7
434855,434863,434866,3,8
434855,434864,434866,2,9
434855,434863,434866,3,8
434855,434864,434866,2,9
434855,434864,434866,2,9
434855,434863,434866,3,8
434855,434863,434866,3,8
434855,434863,434866,3,8
434855,434865,434867,2,10
434855,434863,434866,3,8
434855,434863,434866,3,8
434855,434863,434866,3,8
434855,434865,434866,1,10
434855,434865,434867,2,10
434855,434866,434867,1,11
434855,434865,434867,2,10
434855,434866,434867,1,11
434855,434866,434868,2,11
434855,434865,434867,2,10
434855,434866,434867,1,11
434855,434867,434868,1,12
434855,434867,434869,2,12
434855,434867,434869,2,12
434855,434867,434869,2,12
434855,434867,434869,2,12
434855,434867,434868,1,12
434855,434867,434868,1,12
434855,434868,434869,1,13
434855,434867,434869,2,12
434855,434867,434869,2,12
434855,434867,434869,2,12
434855,434867,434869,2,12
434855,434868,434870,2,13
434855,434867,434869,2,12
434855,434867,434870,3,12
434855,434868,434870,2,13
434855,434869,434870,1,14
434855,434868,434870,2,13
434855,434868,434870,2,13
434855,434868,434870,2,13
434855,434869,434871,2,14
434855,434869,434871,2,14
434855,434869,434872,3,14
434855,434869,434872,3,14
434855,434869,434871,2,14
434855,434869,434871,2,14
434855,434865,434873,8,10
434855,434870,434873,3,15
434855,434870,434874,4,15
434855,434870,434874,4,15
434855,434870,434874,4,15
434855,434870,434873,3,15
434855,434871,434874,3,16
434855,434870,434874,4,15
434855,434871,434875,4,16
434855,434870,434875,5,15
434855,434870,434875,5,15
434855,434871,434875,4,16
434855,434870,434875,5,15
434855,434872,434875,3,17
434855,434874,434876,2,19
434855,434871,434876,5,16
434855,434872,434876,4,17
434855,434872,434876,4,17
434855,434872,434876,4,17
434855,434872,434876,4,17
434855,434872,434876,4,17
434855,434875,434877,2,20
434855,434874,434878,4,19
434855,434874,434878,4,19
434855,434874,434877,3,19
434855,434874,434878,4,19
431170,431188,434878,3690,18
434855,434874,434878,4,19
434855,434875,434878,3,20
434855,434876,434879,3,21
434855,434875,434879,4,20
434855,434875,434879,4,20
434855,434875,434878,3,20
434855,434876,434879,3,21
434855,434876,434879,3,21
434855,434877,434879,2,22
434855,434877,434880,3,22
434855,434877,434880,3,22
434855,434879,434881,2,24
434855,434878,434880,2,23
434855,434877,434881,4,22
434855,434877,434880,3,22
434855,434877,434881,4,22
434855,434877,434881,4,22
434855,434878,434881,3,23
434855,434879,434881,2,24
434855,434880,434882,2,25
434855,434878,434881,3,23
434855,434879,434882,3,24
434855,434879,434882,3,24
434855,434879,434882,3,24
434855,434879,434882,3,24
434855,434879,434882,3,24
434855,434878,434881,3,23
434855,434880,434882,2,25
434879,434881,434882,1,2
434855,434879,434882,3,24
434855,434879,434883,4,24
434855,434880,434883,3,25
434879,434881,434883,2,2
434879,434881,434883,2,2
434879,434881,434883,2,2
434879,434881,434883,2,2
434855,434879,434885,6,24
434879,434882,434884,2,3
434879,434882,434884,2,3
434879,434882,434885,3,3
434879,434882,434885,3,3
434879,434882,434885,3,3
434879,434882,434884,2,3
434879,434881,434885,4,2
434879,434882,434885,3,3
434879,434882,434885,3,3
434879,434883,434885,2,4
434879,434881,434885,4,2
434879,434883,434887,4,4
434879,434883,434887,4,4
434879,434885,434887,2,6
434879,434883,434887,4,4
434879,434884,434887,3,5
434879,434883,434887,4,4
434879,434883,434887,4,4
434879,434882,434888,6,3
434879,434885,434888,3,6
434879,434885,434888,3,6
434879,434886,434889,3,7
434879,434885,434889,4,6
434879,434883,434889,6,4
434879,434885,434889,4,6
434879,434885,434889,4,6
434879,434885,434889,4,6
434879,434885,434889,4,6
434879,434885,434889,4,6
434879,434888,434889,1,9
434879,434888,434889,1,9
434879,434887,434890,3,8
434879,434886,434890,4,7
434879,434887,434890,3,8
434879,434887,434890,3,8
434879,434887,434890,3,8
434879,434887,434890,3,8
434879,434889,434890,1,10
434879,434890,434891,1,11
434879,434885,434890,5,6
434879,434889,434891,2,10
434879,434888,434891,3,9
434879,434889,434891,2,10
434879,434890,434891,1,11
434879,434891,434892,1,12
434879,434889,434891,2,10
434879,434890,434892,2,11
434879,434890,434892,2,11
434879,434890,434892,2,11
434879,434891,434892,1,12
434879,434889,434892,3,10
434879,434889,434892,3,10
434879,434891,434892,1,12
434879,434891,434892,1,12
434879,434891,434892,1,12
434879,434889,434892,3,10
434879,434890,434893,3,11
434879,434891,434893,2,12
434879,434892,434893,1,13
434879,434892,434894,2,13
434879,434891,434893,2,12
434879,434891,434893,2,12
434879,434891,434894,3,12
434879,434892,434894,2,13
434879,434892,434894,2,13
434879,434892,434894,2,13
434879,434893,434895,2,14
434879,434893,434894,1,14
434879,434893,434895,2,14
434879,434893,434895,2,14
434879,434893,434895,2,14
434879,434893,434895,2,14
434879,434893,434895,2,14
434879,434893,434895,2,14
434879,434894,434895,1,15
434879,434894,434896,2,15
434879,434894,434896,2,15
434879,434894,434896,2,15
434879,434893,434896,3,14
434879,434895,434896,1,16
434879,434894,434896,2,15
434879,434894,434896,2,15
434879,434888,434896,8,9
434879,434894,434897,3,15
434879,434894,434897,3,15
434879,434894,434897,3,15
434879,434896,434898,2,17
434879,434895,434897,2,16
434879,434895,434898,3,16
434879,434896,434897,1,17
434879,434896,434898,2,17
434879,434896,434899,3,17
434879,434896,434898,2,17
434879,434896,434898,2,17
434879,434896,434898,2,17
434879,434897,434898,1,18
434879,434897,434899,2,18
434879,434896,434898,2,17
434879,434896,434898,2,17
434879,434897,434899,2,18
434879,434897,434899,2,18
434879,434898,434899,1,19
434879,434898,434900,2,19
434879,434898,434900,2,19
434879,434898,434900,2,19
434879,434897,434900,3,18
434879,434898,434901,3,19
434879,434898,434901,3,19
434879,434898,434900,2,19
434879,434898,434900,2,19
434879,434899,434901,2,20
434879,434899,434902,3,20
434879,434899,434902,3,20
434879,434900,434901,1,21
434879,434900,434902,2,21
434879,434899,434903,4,20
434879,434899,434902,3,20
434879,434900,434903,3,21
434879,434899,434902,3,20
434879,434899,434902,3,20
434879,434899,434902,3,20
434879,434900,434902,2,21
434879,434901,434904,3,22
434879,434901,434903,2,22
434879,434901,434904,3,22
434879,434901,434904,3,22
434879,434901,434903,2,22
434879,434901,434904,3,22
434879,434902,434904,2,23
434879,434902,434904,2,23
434879,434902,434904,2,23
434879,434901,434905,4,22
434879,434902,434904,2,23
434879,434903,434905,2,24
434879,434903,434905,2,24
434879,434903,434906,3,24
434879,434903,434906,3,24
434879,434903,434905,2,24
434879,434903,434905,2,24
434879,434903,434906,3,24
434879,434897,434906,9,18
434879,434904,434907,3,25
434879,434903,434906,3,24
434879,434904,434907,3,25
434879,434904,434908,4,25
431459,431478,435024,3546,19
435025,435025,435027,2,0
435025,435025,435027,2,0
435025,435025,435027,2,0
435025,435025,435027,2,0
435025,435025,435027,2,0
435025,435025,435027,2,0
435025,435025,435028,3,0
435025,435025,435028,3,0
435025,435025,435028,3,0
435025,435025,435027,2,0
435025,435025,435027,2,0
435025,435025,435028,3,0
435025,435025,435028,3,0
435025,435025,435028,3,0
435025,435025,435028,3,0
435025,435025,435028,3,0
435025,435025,435028,3,0
435025,435025,435029,4,0
435025,435027,435029,2,2
435025,435027,435029,2,2
435025,435027,435029,2,2
435025,435028,435030,2,3
435025,435028,435029,1,3
435025,435028,435030,2,3
435025,435028,435030,2,3
435025,435028,435030,2,3
435025,435028,435030,2,3
435025,435028,435031,3,3
435025,435028,435030,2,3
435025,435028,435031,3,3
435025,435028,435031,3,3
435025,435028,435031,3,3
435025,435028,435031,3,3
435025,435028,435031,3,3
435025,435028,435030,2,3
435025,435029,435031,2,4
435025,435030,435032,2,5
435025,435029,435032,3,4
435025,435029,435031,2,4
435025,435030,435032,2,5
435025,435029,435031,2,4
435025,435030,435032,2,5
435025,435030,435032,2,5
435025,435031,435033,2,6
435025,435032,435033,1,7
435025,435031,435034,3,6
435025,435031,435034,3,6
435025,435031,435034,3,6
435025,435031,435034,3,6
435025,435031,435034,3,6
435025,435030,435033,3,5
435025,435031,435033,2,6
435025,435032,435034,2,7
435025,435031,435033,2,6
435025,435031,435033,2,6
435025,435031,435034,3,6
435025,435032,435034,2,7
435025,435032,435034,2,7
435025,435033,435034,1,8
435025,435032,435033,1,7
435025,435032,435034,2,7
435025,435033,435034,1,8
435025,435034,435035,1,9
435025,435034,435036,2,9
435025,435034,435036,2,9
435025,435034,435036,2,9
435025,435034,435036,2,9
435025,435034,435036,2,9
435025,435034,435036,2,9
435025,435034,435036,2,9
435025,435035,435037,2,10
435025,435034,435037,3,9
435025,435034,435036,2,9
435025,435034,435036,2,9
435025,435034,435037,3,9
435025,435034,435036,2,9
435025,435034,435036,2,9
435025,435034,435037,3,9
435025,435034,435037,3,9
435025,435034,435037,3,9
435025,435036,435038,2,11
435025,435036,435038,2,11
435025,435037,435038,1,12
435025,435037,435038,1,12
435025,435037,435038,1,12
435025,435037,435038,1,12
435025,435037,435039,2,12
435025,435036,435039,3,11
435025,435036,435039,3,11
435025,435038,435040,2,13
435025,435037,435040,3,12
435025,435037,435040,3,12
435025,435037,435040,3,12
435025,435037,435040,3,12
435025,435037,435040,3,12
435025,435037,435040,3,12
435025,435037,435040,3,12
435025,435037,435040,3,12
435025,435039,435040,1,14
435025,435039,435040,1,14
435025,435039,435040,1,14
435025,435039,435040,1,14
435025,435039,435040,1,14
435025,435039,435041,2,14
435025,435037,435041,4,12
435025,435040,435042,2,15
435025,435039,435042,3,14
435025,435041,435042,1,16
435025,435041,435042,1,16
435025,435040,435042,2,15
435025,435041,435042,1,16
435025,435041,435043,2,16
435025,435041,435043,2,16
435025,435041,435043,2,16
435025,435040,435043,3,15
435025,435041,435043,2,16
435025,435041,435043,2,16
435025,435040,435043,3,15
435025,435040,435043,3,15
435025,435041,435043,2,16
435025,435041,435043,2,16
435025,435041,435043,2,16
435025,435041,435043,2,16
435025,435042,435044,2,17
435025,435040,435044,4,15
435025,435042,435044,2,17
435025,435043,435044,1,18
435025,435043,435044,1,18
435025,435043,435045,2,18
435025,435043,435044,1,18
435025,435043,435045,2,18
435025,435043,435045,2,18
435025,435044,435045,1,19
435025,435044,435046,2,19
435025,435042,435046,4,17
435025,435043,435046,3,18
435025,435044,435046,2,19
435025,435044,435046,2,19
435025,435045,435047,2,20
435025,435044,435046,2,19
435025,435045,435046,1,20
435025,435045,435046,1,20
435025,435045,435046,1,20
435025,435043,435046,3,18
435025,435044,435046,2,19
435025,435044,435047,3,19
435025,435044,435047,3,19
435025,435044,435047,3,19
435025,435045,435049,4,20
435025,435045,435049,4,20
432184,432205,435726,3521,21
435728,435728,435730,2,0
435728,435728,435729,1,0
435728,435728,435730,2,0
435728,435728,435729,1,0
435728,435728,435730,2,0
435728,435728,435730,2,0
435728,435728,435731,3,0
435728,435728,435731,3,0
435728,435728,435731,3,0
435728,435728,435730,2,0
435728,435728,435731,3,0
435728,435728,435731,3,0
435728,435728,435731,3,0
435728,435728,435731,3,0
435728,435728,435730,2,0
435728,435728,435730,2,0
435728,435728,435730,2,0
435728,435728,435730,2,0
435728,435728,435730,2,0
435728,435728,435731,3,0
435728,435730,435731,1,2
435728,435730,435731,1,2
435728,435730,435732,2,2
435728,435730,435732,2,2
435728,435730,435732,2,2
435728,435730,435732,2,2
435728,435731,435733,2,3
435728,435732,435734,2,4
435728,435732,435734,2,4
435728,435732,435734,2,4
435728,435731,435733,2,3
435728,435731,435734,3,3
435728,435732,435734,2,4
435728,435731,435733,2,3
435728,435731,435734,3,3
435728,435731,435733,2,3
435728,435731,435733,2,3
435728,435731,435733,2,3
435728,435731,435733,2,3
435728,435731,435733,2,3
435728,435731,435734,3,3
435728,435731,435734,3,3
435728,435731,435734,3,3
435728,435732,435734,2,4
435728,435732,435734,2,4
435728,435731,435734,3,3
435728,435733,435735,2,5
435728,435734,435736,2,6
435728,435734,435736,2,6
435728,435734,435736,2,6
435728,435734,435736,2,6
435728,435734,435736,2,6
435728,435734,435736,2,6
435728,435735,435736,1,7
435728,435734,435736,2,6
435728,435734,435737,3,6
435728,435734,435737,3,6
435728,435734,435736,2,6
435728,435734,435737,3,6
435728,435734,435736,2,6
435728,435734,435736,2,6
435728,435734,435736,2,6
435728,435734,435736,2,6
435728,435736,435737,1,8
435728,435734,435737,3,6
435728,435734,435736,2,6
435728,435735,435737,2,7
435728,435735,435736,1,7
435728,435736,435737,1,8
435728,435736,435738,2,8
435728,435736,435737,1,8
435728,435736,435738,2,8
435728,435736,435738,2,8
435728,435736,435738,2,8
435728,435736,435739,3,8
435728,435737,435739,2,9
435728,435737,435739,2,9
435728,435738,435740,2,10
435728,435737,435740,3,9
435728,435737,435740,3,9
435728,435737,435740,3,9
435728,435737,435740,3,9
435728,435737,435740,3,9
435728,435737,435740,3,9
435728,435737,435740,3,9
435728,435738,435740,2,10
435728,435738,435740,2,10
435728,435738,435740,2,10
435728,435738,435740,2,10
435728,435737,435740,3,9
435728,435738,435740,2,10
435728,435737,435740,3,9
435728,435739,435741,2,11
430686,430704,435741,5037,18
435728,435737,435741,4,9
435728,435737,435741,4,9
435728,435739,435741,2,11
435728,435740,435742,2,12
435728,435739,435742,3,11
435728,435740,435742,2,12
435728,435740,435742,2,12
435728,435741,435742,1,13
435728,435740,435743,3,12
435728,435740,435743,3,12
435728,435740,435743,3,12
435728,435740,435743,3,12
435728,435740,435743,3,12
435728,435740,435743,3,12
435728,435740,435743,3,12
435728,435740,435743,3,12
435728,435740,435743,3,12
435728,435742,435743,1,14
435728,435742,435743,1,14
435728,435740,435743,3,12
435728,435742,435744,2,14
435728,435743,435744,1,15
435728,435743,435744,1,15
435728,435743,435744,1,15
435728,435742,435744,2,14
435728,435742,435744,2,14
435728,435742,435744,2,14
435728,435742,435745,3,14
435728,435741,435745,4,13
435728,435744,435745,1,16
435728,435744,435745,1,16
435728,435744,435745,1,16
435728,435744,435746,2,16
435728,435743,435746,3,15
435728,435744,435746,2,16
435728,435744,435747,3,16
435728,435744,435746,2,16
435728,435744,435746,2,16
435728,435744,435746,2,16
435728,435744,435746,2,16
435728,435745,435746,1,17
435728,435745,435746,1,17
435728,435745,435746,1,17
435728,435744,435746,2,16
435728,435744,435747,3,16
435728,435746,435747,1,18
435728,435746,435747,1,18
435728,435745,435747,2,17
435728,435745,435747,2,17
435728,435745,435747,2,17
435728,435746,435748,2,18
435728,435746,435748,2,18
435728,435746,435748,2,18
435742,435747,435748,1,5
435742,435747,435748,1,5
435742,435747,435748,1,5
435742,435747,435749,2,5
435728,435747,435749,2,19
435742,435747,435749,2,5
435742,435747,435749,2,5
435742,435748,435749,1,6
435742,435748,435749,1,6
435742,435748,435750,2,6
435742,435748,435750,2,6
435742,435748,435750,2,6
435742,435748,435750,2,6
435728,435747,435750,3,19
435728,435747,435750,3,19
435742,435748,435750,2,6
435742,435749,435750,1,7
435742,435749,435750,1,7
435742,435749,435750,1,7
435742,435749,435750,1,7
435742,435749,435751,2,7
435742,435749,435751,2,7
435742,435750,435752,2,8
435742,435750,435751,1,8
435742,435750,435751,1,8
435742,435750,435752,2,8
435742,435750,435752,2,8
435742,435750,435752,2,8
435742,435750,435751,1,8
435728,435746,435752,6,18
435742,435747,435752,5,5
435742,435750,435752,2,8
435742,435750,435752,2,8
435742,435751,435752,1,9
435742,435751,435753,2,9
435742,435751,435752,1,9
435742,435751,435752,1,9
435742,435751,435753,2,9
435742,435751,435753,2,9
435742,435751,435753,2,9
435742,435751,435753,2,9
435742,435752,435754,2,10
435742,435752,435754,2,10
435742,435752,435754,2,10
435742,435752,435754,2,10
435742,435752,435755,3,10
435742,435753,435754,1,11
435742,435753,435755,2,11
435742,435753,435754,1,11
435742,435753,435754,1,11
435742,435752,435755,3,10
435742,435752,435754,2,10
435742,435752,435755,3,10
435742,435753,435754,1,11
435742,435754,435755,1,12
435742,435753,435755,2,11
435742,435754,435756,2,12
435742,435753,435755,2,11
435742,435754,435755,1,12
435742,435754,435755,1,12
435742,435754,435755,1,12
435742,435755,435756,1,13
435742,435754,435755,1,12
435742,435755,435756,1,13
435742,435755,435756,1,13
435742,435755,435756,1,13
435742,435755,435756,1,13
435742,435755,435756,1,13
435742,435755,435757,2,13
435742,435755,435757,2,13
435742,435755,435757,2,13
435742,435755,435757,2,13
435742,435755,435756,1,13
435742,435756,435758,2,14
435742,435756,435757,1,14
435742,435756,435758,2,14
435742,435756,435758,2,14
435742,435756,435757,1,14
435742,435756,435758,2,14
435742,435756,435757,1,14
435742,435756,435758,2,14
435742,435756,435758,2,14
435742,435757,435759,2,15
435742,435757,435759,2,15
435742,435757,435758,1,15
435742,435757,435759,2,15
435742,435757,435760,3,15
435742,435758,435760,2,16
435742,435757,435760,3,15
435742,435757,435760,3,15
435742,435758,435761,3,16
435742,435758,435761,3,16
435742,435758,435761,3,16
435742,435758,435761,3,16
435742,435757,435761,4,15
435742,435757,435761,4,15
435742,435760,435761,1,18
435742,435758,435761,3,16
435742,435759,435762,3,17
435742,435759,435762,3,17
435742,435759,435761,2,17
435742,435759,435761,2,17
435742,435758,435761,3,16
435742,435758,435761,3,16
435742,435760,435762,2,18
435742,435760,435762,2,18
435742,435753,435763,10,11
435742,435761,435763,2,19
435742,435761,435763,2,19
435742,435760,435763,3,18
435742,435760,435763,3,18
435742,435761,435763,2,19
435742,435762,435763,1,20
435742,435762,435764,2,20
435742,435761,435764,3,19
435742,435762,435764,2,20
435742,435761,435763,2,19
435742,435753,435763,10,11
435742,435761,435764,3,19
435742,435762,435765,3,20
435742,435762,435765,3,20
435742,435762,435764,2,20
435742,435762,435765,3,20
435742,435763,435765,2,21
435742,435763,435765,2,21
435742,435764,435765,1,22
435742,435762,435765,3,20
435742,435763,435766,3,21
435742,435762,435765,3,20
435742,435764,435766,2,22
435742,435764,435766,2,22
435742,435763,435766,3,21
435742,435763,435766,3,21
435742,435763,435766,3,21
435742,435764,435766,2,22
435742,435765,435767,2,23
435742,435764,435766,2,22
435742,435765,435767,2,23
435742,435765,435767,2,23
435742,435765,435767,2,23
435742,435766,435767,1,24
435742,435765,435768,3,23
435742,435765,435767,2,23
435742,435766,435768,2,24
435742,435766,435768,2,24
435742,435766,435769,3,24
435742,435766,435769,3,24
435742,435765,435768,3,23
435742,435766,435768,2,24
435742,435767,435769,2,25
435742,435767,435769,2,25
435742,435767,435770,3,25
435742,435763,435771,8,21
435742,435764,435771,7,22
432493,432511,436133,3622,18
436134,436135,436136,1,1
436134,436135,436136,1,1
436134,436135,436136,1,1
436134,436135,436136,1,1
436134,436135,436136,1,1
436134,436135,436137,2,1
436134,436135,436137,2,1
436134,436135,436137,2,1
436134,436135,436137,2,1
436134,436135,436137,2,1
436134,436135,436137,2,1
436134,436135,436137,2,1
436134,436135,436137,2,1
436134,436135,436137,2,1
436134,436135,436137,2,1
436134,436135,436137,2,1
436134,436135,436137,2,1
436134,436135,436137,2,1
436134,436135,436137,2,1
436134,436135,436137,2,1
436134,436137,436138,1,3
436134,436137,436138,1,3
436134,436137,436138,1,3
436134,436137,436138,1,3
436134,436137,436138,1,3
436134,436138,436139,1,4
436134,436138,436140,2,4
436134,436138,436139,1,4
436134,436138,436140,2,4
436134,436138,436140,2,4
436134,436138,436140,2,4
436134,436138,436140,2,4
436134,436138,436140,2,4
436134,436138,436140,2,4
436134,436139,436140,1,5
436134,436139,436141,2,5
436134,436138,436140,2,4
436134,436138,436140,2,4
436134,436138,436140,2,4
436134,436138,436140,2,4
436134,436138,436140,2,4
436134,436138,436141,3,4
436134,436139,436141,2,5
436134,436139,436141,2,5
436134,436139,436141,2,5
436134,436140,436141,1,6
436134,436140,436142,2,6
436134,436141,436142,1,7
436134,436141,436142,1,7
436134,436141,436143,2,7
436134,436141,436143,2,7
436134,436141,436143,2,7
436134,436140,436142,2,6
436134,436141,436143,2,7
436134,436141,436143,2,7
436134,436141,436143,2,7
436134,436141,436142,1,7
436134,436141,436143,2,7
436134,436141,436142,1,7
436134,436143,436144,1,9
436134,436142,436143,1,8
436134,436141,436143,2,7
436134,436141,436143,2,7
436134,436143,436144,1,9
436134,436141,436143,2,7
436134,436141,436143,2,7
436134,436142,436143,1,8
436134,436142,436143,1,8
436134,436143,436145,2,9
436134,436143,436144,1,9
436134,436143,436145,2,9
436134,436143,436145,2,9
436134,436143,436144,1,9
436134,436144,436145,1,10
436134,436144,436145,1,10
436134,436143,436145,2,9
436134,436144,436145,1,10
436134,436143,436146,3,9
436134,436143,436145,2,9
436134,436143,436145,2,9
436134,436143,436146,3,9
436134,436143,436145,2,9
436134,436144,436145,1,10
436134,436144,436146,2,10
436134,436144,436147,3,10
436134,436144,436147,3,10
436134,436145,436146,1,11
436134,436145,436147,2,11
436134,436146,436148,2,12
436134,436146,436147,1,12
436134,436144,436147,3,10
436134,436145,436148,3,11
436134,436145,436147,2,11
436134,436146,436148,2,12
436134,436145,436147,2,11
436134,436144,436147,3,10
436134,436146,436148,2,12
436134,436146,436148,2,12
436134,436147,436149,2,13
436134,436146,436149,3,12
436134,436146,436149,3,12
436134,436146,436148,2,12
436134,436146,436149,3,12
436134,436146,436149,3,12
436134,436147,436149,2,13
436134,436148,436149,1,14
436134,436148,436149,1,14
436134,436147,436149,2,13
436134,436146,436149,3,12
436134,436148,436150,2,14
436134,436148,436150,2,14
436134,436148,436151,3,14
436134,436148,436150,2,14
436134,436147,436151,4,13
436134,436148,436151,3,14
436134,436149,436151,2,15
436134,436148,436150,2,14
436134,436148,436150,2,14
436134,436148,436150,2,14
436134,436149,436151,2,15
436134,436150,436151,1,16
436134,436150,436152,2,16
436134,436150,436152,2,16
436134,436149,436152,3,15
436134,436149,436152,3,15
436134,436149,436152,3,15
436134,436149,436152,3,15
436134,436150,436152,2,16
436134,436150,436153,3,16
436134,436151,436152,1,17
436134,436149,436152,3,15
436134,436150,436152,2,16
436134,436151,436153,2,17
436134,436151,436153,2,17
436134,436152,436153,1,18
436134,436152,436153,1,18
436134,436151,436154,3,17
436134,436151,436154,3,17
436134,436151,436154,3,17
436134,436152,436154,2,18
436134,436151,436154,3,17
436134,436151,436154,3,17
436134,436151,436154,3,17
436134,436153,436155,2,19
436134,436152,436154,2,18
436134,436152,436155,3,18
436134,436152,436155,3,18
436134,436152,436155,3,18
436134,436153,436155,2,19
436134,436153,436155,2,19
432630,432654,436200,3546,24
436201,436201,436203,2,0
436201,436201,436203,2,0
436201,436201,436203,2,0
436201,436201,436203,2,0
436201,436201,436203,2,0
436201,436201,436203,2,0
436201,436201,436203,2,0
436201,436201,436203,2,0
436201,436201,436204,3,0
436201,436201,436204,3,0
436201,436201,436203,2,0
436201,436201,436204,3,0
436201,436201,436204,3,0
436201,436201,436204,3,0
436201,436201,436203,2,0
436201,436201,436203,2,0
436201,436201,436204,3,0
436201,436201,436204,3,0
436201,436203,436205,2,2
436201,436203,436205,2,2
436201,436203,436205,2,2
436201,436201,436204,3,0
436201,436201,436204,3,0
436201,436203,436205,2,2
436201,436203,436205,2,2
436201,436203,436205,2,2
436201,436203,436205,2,2
436201,436203,436205,2,2
436201,436205,436207,2,4
436201,436204,436207,3,3
436201,436204,436207,3,3
436201,436204,436207,3,3
436201,436204,436207,3,3
436201,436204,436206,2,3
436201,436204,436207,3,3
436201,436205,436207,2,4
436201,436204,436207,3,3
436201,436204,436206,2,3
436201,436204,436207,3,3
436201,436204,436207,3,3
436201,436205,436207,2,4
436201,436205,436207,2,4
436201,436205,436207,2,4
436201,436205,436207,2,4
436201,436206,436208,2,5
436201,436206,436208,2,5
436201,436207,436209,2,6
436201,436205,436209,4,4
436201,436205,436209,4,4
436201,436207,436209,2,6
436201,436207,436209,2,6
436201,436207,436209,2,6
436201,436207,436209,2,6
436201,436207,436210,3,6
436201,436207,436210,3,6
436201,436208,436210,2,7
436201,436208,436210,2,7
436201,436207,436210,3,6
436201,436207,436210,3,6
436201,436207,436210,3,6
436201,436207,436210,3,6
436201,436208,436209,1,7
436201,436208,436210,2,7
436201,436209,436210,1,8
436201,436209,436210,1,8
436201,436207,436210,3,6
436201,436209,436211,2,8
436201,436209,436211,2,8
436201,436210,436211,1,9
436201,436210,436211,1,9
436201,436210,436211,1,9
436201,436210,436212,2,9
436201,436210,436212,2,9
436201,436210,436212,2,9
436201,436210,436212,2,9
436201,436209,436212,3,8
436201,436209,436212,3,8
436201,436211,436212,1,10
436201,436211,436213,2,10
436201,436210,436213,3,9
436201,436210,436213,3,9
436201,436210,436213,3,9
436201,436210,436213,3,9
436201,436210,436213,3,9
436201,436210,436213,3,9
436201,436211,436213,2,10
436201,436211,436213,2,10
436201,436212,436214,2,11
436201,436212,436214,2,11
436201,436212,436214,2,11
436201,436213,436214,1,12
436201,436212,436214,2,11
436201,436212,436214,2,11
436201,436213,436214,1,12
436201,436213,436215,2,12
436201,436213,436215,2,12
436201,436213,436215,2,12
436201,436212,436215,3,11
436201,436214,436216,2,13
436201,436214,436216,2,13
436201,436214,436216,2,13
436201,436213,436216,3,12
436201,436213,436216,3,12
436201,436213,436216,3,12
436201,436215,436216,1,14
436201,436215,436217,2,14
436201,436215,436217,2,14
436201,436214,436216,2,13
436201,436213,436216,3,12
436201,436213,436217,4,12
436201,436213,436217,4,12
436201,436213,436217,4,12
436201,436216,436218,2,15
436201,436215,436217,2,14
436201,436215,436217,2,14
436201,436215,436217,2,14
436201,436216,436218,2,15
436201,436217,436218,1,16
436201,436217,436218,1,16
436201,436217,436218,1,16
436201,436217,436219,2,16
436201,436216,436219,3,15
436201,436216,436219,3,15
436201,436217,436219,2,16
436201,436217,436220,3,16
436201,436218,436220,2,17
436201,436217,436220,3,16
436201,436217,436220,3,16
436201,436219,436220,1,18
436201,436217,436220,3,16
436201,436219,436220,1,18
436201,436219,436221,2,18
436201,436218,436220,2,17
436201,436218,436221,3,17
436201,436218,436220,2,17
436201,436218,436222,4,17
436201,436218,436221,3,17
436201,436219,436221,2,18
436201,436220,436221,1,19
436201,436220,436222,2,19
436201,436218,436221,3,17
436201,436219,436221,2,18
436201,436217,436222,5,16
436201,436220,436222,2,19
436201,436221,436222,1,20
436201,436220,436222,2,19
436201,436219,436223,4,18
436201,436217,436223,6,16
436201,436220,436223,3,19
436201,436221,436224,3,20
431840,431858,436821,4963,18
436822,436822,436823,1,0
436822,436822,436824,2,0
436822,436822,436823,1,0
436822,436822,436823,1,0
436822,436822,436824,2,0
436822,436822,436824,2,0
436822,436822,436824,2,0
436822,436822,436824,2,0
436822,436822,436824,2,0
436822,436822,436824,2,0
436822,436822,436824,2,0
436822,436822,436824,2,0
436822,436822,436824,2,0
436822,436822,436824,2,0
436822,436822,436824,2,0
436822,436822,436825,3,0
436822,436822,436825,3,0
436822,436824,436825,1,2
436822,436824,436825,1,2
436822,436824,436825,1,2
436822,436824,436825,1,2
436822,436822,436825,3,0
436822,436822,436825,3,0
436822,436822,436825,3,0
436822,436824,436825,1,2
436822,436825,436827,2,3
436822,436825,436827,2,3
436822,436825,436827,2,3
436822,436825,436827,2,3
436822,436825,436827,2,3
436822,436825,436827,2,3
436822,436825,436827,2,3
436822,436825,436827,2,3
436822,436825,436827,2,3
436822,436824,436827,3,2
436822,436826,436828,2,4
436822,436826,436829,3,4
436822,436826,436828,2,4
436822,436826,436829,3,4
436822,436826,436829,3,4
436822,436827,436829,2,5
436822,436826,436829,3,4
436822,436828,436830,2,6
436822,436826,436829,3,4
436822,436826,436829,3,4
436822,436826,436829,3,4
436822,436826,436829,3,4
436822,436828,436829,1,6
436822,436829,436830,1,7
436822,436828,436830,2,6
436822,436828,436830,2,6
436822,436828,436830,2,6
436822,436828,436830,2,6
436822,436829,436830,1,7
436822,436829,436830,1,7
436822,436829,436830,1,7
436822,436829,436830,1,7
436822,436828,436830,2,6
436822,436828,436830,2,6
436822,436828,436830,2,6
436822,436829,436830,1,7
436822,436831,436833,2,9
436822,436830,436832,2,8
436822,436831,436833,2,9
436822,436829,436832,3,7
436822,436830,436832,2,8
436822,436830,436832,2,8
436822,436830,436832,2,8
436822,436830,436832,2,8
436822,436830,436832,2,8
436822,436831,436833,2,9
436822,436831,436834,3,9
436822,436831,436833,2,9
436822,436831,436833,2,9
436822,436831,436833,2,9
436822,436831,436834,3,9
436822,436831,436833,2,9
436822,436831,436834,3,9
436822,436831,436834,3,9
436822,436833,436835,2,11
436822,436831,436834,3,9
436822,436831,436834,3,9
436822,436833,436835,2,11
436822,436833,436835,2,11
436822,436834,436836,2,12
436822,436834,436836,2,12
436822,436833,436835,2,11
436822,436833,436836,3,11
436822,436833,436836,3,11
436822,436833,436835,2,11
436822,436833,436836,3,11
436822,436833,436835,2,11
436822,436834,436836,2,12
436822,436835,436837,2,13
436822,436834,436837,3,12
436822,436834,436836,2,12
436822,436834,436836,2,12
436822,436834,436837,3,12
436822,436835,436837,2,13
436822,436835,436838,3,13
436822,436834,436837,3,12
436822,436835,436838,3,13
436822,436834,436838,4,12
436822,436835,436838,3,13
436822,436836,436838,2,14
436822,436836,436838,2,14
436822,436837,436839,2,15
436822,436836,436840,4,14
436822,436836,436839,3,14
436822,436836,436840,4,14
436822,436837,436839,2,15
436822,436837,436840,3,15
436822,436836,436840,4,14
436822,436836,436840,4,14
436822,436836,436839,3,14
436822,436836,436840,4,14
436822,436837,436840,3,15
436822,436837,436840,3,15
436822,436839,436841,2,17
436822,436837,436840,3,15
436822,436838,436841,3,16
436822,436838,436841,3,16
436822,436838,436841,3,16
436822,436838,436841,3,16
436822,436838,436841,3,16
436822,436839,436842,3,17
436822,436840,436842,2,18
436822,436840,436842,2,18
436822,436840,436843,3,18
436822,436840,436843,3,18
436822,436840,436843,3,18
436822,436840,436843,3,18
436822,436840,436843,3,18
436822,436840,436843,3,18
436822,436840,436843,3,18
436822,436841,436844,3,19
436822,436840,436844,4,18
436822,436843,436845,2,21
436822,436842,436844,2,20
436822,436841,436845,4,19
436822,436841,436844,3,19
436822,436841,436845,4,19
436822,436841,436845,4,19
436822,436841,436845,4,19
436822,436842,436846,4,20
436822,436841,436845,4,19
436822,436842,436846,4,20
436822,436843,436846,3,21
436822,436843,436846,3,21
436822,436842,436847,5,20
433797,433816,437260,3444,19
437262,437262,437264,2,0
437262,437262,437264,2,0
437262,437262,437263,1,0
437262,437262,437264,2,0
437262,437262,437264,2,0
437262,437262,437263,1,0
437262,437262,437264,2,0
437262,437262,437264,2,0
437262,437262,437264,2,0
437262,437262,437264,2,0
437262,437262,437265,3,0
437262,437262,437265,3,0
437262,437262,437265,3,0
437262,437262,437265,3,0
437262,437262,437265,3,0
437262,437262,437265,3,0
437262,437262,437265,3,0
437262,437262,437265,3,0
437262,437262,437265,3,0
437262,437262,437265,3,0
437262,437264,437266,2,2
437262,437264,437266,2,2
437262,437264,437265,1,2
437262,437264,437266,2,2
437262,437264,437266,2,2
437262,437264,437266,2,2
437262,437264,437266,2,2
437262,437264,437266,2,2
437262,437265,437267,2,3
437262,437265,437267,2,3
437262,437265,437267,2,3
437262,437266,437268,2,4
437262,437266,437268,2,4
437262,437265,437268,3,3
437262,437266,437268,2,4
437262,437265,437267,2,3
437262,437265,437267,2,3
437262,437265,437268,3,3
437262,437265,437268,3,3
437262,437266,437268,2,4
437262,437266,437268,2,4
437262,437265,437268,3,3
437262,437265,437268,3,3
437262,437265,437268,3,3
437262,437266,437268,2,4
437262,437266,437269,3,4
437262,437266,437268,2,4
437262,437265,437268,3,3
437262,437268,437270,2,6
437262,437267,437270,3,5
437262,437268,437270,2,6
437262,437268,437270,2,6
437262,437268,437269,1,6
437262,437268,437270,2,6
437262,437269,437270,1,7
437262,437268,437270,2,6
437262,437268,437270,2,6
437262,437268,437270,2,6
437262,437268,437270,2,6
437262,437268,437271,3,6
437262,437268,437271,3,6
437262,437268,437270,2,6
437262,437268,437270,2,6
437262,437268,437270,2,6
437262,437269,437271,2,7
437262,437268,437271,3,6
437262,437269,437271,2,7
437262,437269,437271,2,7
437262,437270,437271,1,8
437262,437270,437272,2,8
437262,437270,437272,2,8
437262,437270,437271,1,8
437262,437270,437271,1,8
437262,437270,437272,2,8
437262,437270,437272,2,8
437262,437271,437273,2,9
437262,437270,437273,3,8
437262,437270,437273,3,8
437262,437270,437273,3,8
437262,437271,437274,3,9
437262,437271,437274,3,9
437262,437272,437274,2,10
437262,437272,437274,2,10
437262,437271,437274,3,9
437262,437271,437274,3,9
437262,437271,437274,3,9
437262,437271,437274,3,9
437262,437271,437274,3,9
437262,437271,437274,3,9
437262,437272,437274,2,10
437262,437272,437274,2,10
437262,437272,437274,2,10
437262,437272,437274,2,10
437262,437272,437274,2,10
437262,437272,437275,3,10
437262,437274,437276,2,12
437262,437274,437276,2,12
437262,437274,437276,2,12
437262,437273,437275,2,11
437262,437274,437276,2,12
437262,437275,437276,1,13
437262,437274,437277,3,12
437262,437274,437276,2,12
437262,437274,437277,3,12
437262,437274,437277,3,12
437262,437274,437277,3,12
437262,437274,437277,3,12
437262,437274,437277,3,12
437262,437274,437277,3,12
437262,437274,437277,3,12
437262,437275,437277,2,13
437262,437275,437277,2,13
437262,437275,437278,3,13
437262,437276,437278,2,14
437262,437276,437278,2,14
437262,437275,437278,3,13
437262,437276,437278,2,14
437262,437274,437278,4,12
437262,437277,437278,1,15
437262,437276,437278,2,14
437262,437277,437279,2,15
437262,437276,437279,3,14
437262,437278,437279,1,16
437262,437278,437279,1,16
437262,437277,437279,2,15
437262,437277,437279,2,15
437262,437277,437280,3,15
437262,437277,437280,3,15
437262,437278,437280,2,16
437262,437278,437280,2,16
437262,437277,437280,3,15
437262,437277,437280,3,15
437262,437279,437280,1,17
437262,437279,437280,1,17
437262,437278,437280,2,16
437262,437279,437281,2,17
437262,437278,437281,3,16
437262,437280,437281,1,18
437262,437278,437281,3,16
437262,437279,437281,2,17
437262,437280,437281,1,18
437262,437280,437281,1,18
437262,437280,437282,2,18
437262,437280,437282,2,18
437262,437278,437281,3,16
437262,437279,437282,3,17
437262,437280,437282,2,18
437262,437280,437282,2,18
437262,437280,437283,3,18
437262,437280,437283,3,18
433902,433925,437431,3506,23
437432,437432,437434,2,0
437432,437432,437434,2,0
437432,437432,437434,2,0
437432,437432,437434,2,0
437432,437432,437434,2,0
437432,437432,437435,3,0
437432,437432,437435,3,0
437432,437432,437435,3,0
437432,437432,437435,3,0
437432,437432,437434,2,0
437432,437432,437435,3,0
437432,437432,437434,2,0
437432,437432,437435,3,0
437432,437432,437435,3,0
437432,437432,437435,3,0
437432,437432,437435,3,0
437432,437432,437435,3,0
437432,437432,437435,3,0
437432,437432,437435,3,0
437432,437432,437435,3,0
437432,437434,437436,2,2
437432,437434,437436,2,2
437432,437434,437436,2,2
437432,437434,437436,2,2
437432,437434,437436,2,2
437432,437435,437437,2,3
437432,437435,437438,3,3
437432,437435,437438,3,3
437432,437435,437438,3,3
437432,437435,437438,3,3
437432,437435,437438,3,3
437432,437435,437438,3,3
437432,437435,437438,3,3
437432,437435,437438,3,3
437432,437435,437438,3,3
437432,437435,437438,3,3
437432,437435,437438,3,3
437432,437435,437438,3,3
437432,437435,437438,3,3
437432,437436,437438,2,4
437432,437436,437439,3,4
437432,437436,437439,3,4
437432,437437,437439,2,5
437432,437437,437439,2,5
437432,437436,437439,3,4
437432,437437,437440,3,5
437432,437439,437440,1,7
437432,437439,437440,1,7
437432,437439,437441,2,7
437432,437439,437441,2,7
437432,437439,437441,2,7
437432,437438,437441,3,6
437432,437438,437441,3,6
437432,437438,437441,3,6
437432,437438,437441,3,6
437432,437439,437441,2,7
437432,437439,437441,2,7
437432,437438,437441,3,6
437432,437440,437441,1,8
437432,437440,437441,1,8
437432,437438,437441,3,6
437432,437439,437441,2,7
437432,437439,437441,2,7
437432,437439,437441,2,7
437432,437440,437442,2,8
437432,437441,437443,2,9
437432,437442,437444,2,10
437432,437441,437443,2,9
437432,437441,437444,3,9
437432,437441,437444,3,9
437432,437441,437444,3,9
437432,437442,437444,2,10
437432,437442,437444,2,10
437432,437441,437444,3,9
437432,437442,437445,3,10
437432,437442,437445,3,10
437432,437442,437445,3,10
437432,437442,437445,3,10
437432,437442,437445,3,10
437432,437442,437445,3,10
437432,437442,437445,3,10
437432,437444,437446,2,12
437432,437442,437445,3,10
437432,437442,437446,4,10
437432,437442,437446,4,10
437432,437444,437446,2,12
437432,437444,437446,2,12
437432,437445,437446,1,13
437432,437445,437446,1,13
437432,437444,437446,2,12
437432,437444,437446,2,12
437432,437442,437446,4,10
437432,437444,437446,2,12
437432,437445,437447,2,13
437432,437446,437447,1,14
437432,437446,437448,2,14
437432,437445,437447,2,13
437432,437446,437448,2,14
437432,437446,437448,2,14
437432,437446,437449,3,14
437432,437446,437448,2,14
437432,437446,437448,2,14
437432,437446,437448,2,14
437432,437446,437448,2,14
437432,437446,437448,2,14
437432,437446,437448,2,14
437432,437447,437449,2,15
437432,437447,437449,2,15
437432,437446,437449,3,14
437432,437447,437449,2,15
437432,437447,437449,2,15
437432,437448,437449,1,16
437432,437448,437449,1,16
437432,437447,437450,3,15
437432,437448,437450,2,16
437432,437447,437450,3,15
437432,437447,437450,3,15
437432,437448,437450,2,16
437432,437448,437450,2,16
437432,437449,437451,2,17
437432,437450,437451,1,18
437432,437449,437451,2,17
437432,437449,437452,3,17
437432,437449,437451,2,17
437432,437450,437452,2,18
437432,437449,437452,3,17
437432,437450,437452,2,18
437432,437450,437452,2,18
437432,437449,437452,3,17
437432,437449,437452,3,17
437432,437449,437452,3,17
437432,437450,437453,3,18
437432,437450,437452,2,18
437432,437450,437453,3,18
437432,437451,437453,2,19
437432,437452,437453,1,20
437432,437451,437453,2,19
437432,437450,437453,3,18
437432,437451,437454,3,19
437432,437451,437453,2,19
437432,437452,437454,2,20
437432,437451,437454,3,19
437432,437452,437455,3,20
437432,437452,437454,2,20
437432,437452,437455,3,20
437432,437452,437455,3,20
437432,437452,437455,3,20
437432,437452,437455,3,20
437432,437452,437456,4,20
437432,437452,437458,6,20
432693,432715,437726,5011,22
437728,437728,437730,2,0
437728,437728,437730,2,0
437728,437728,437730,2,0
437728,437728,437730,2,0
437728,437728,437730,2,0
437728,437728,437730,2,0
437728,437728,437730,2,0
437728,437728,437731,3,0
437728,437728,437730,2,0
437728,437728,437731,3,0
437728,437728,437731,3,0
437728,437728,437731,3,0
437728,437728,437731,3,0
437728,437728,437731,3,0
437728,437728,437731,3,0
437728,437728,437730,2,0
437728,437728,437731,3,0
437728,437728,437731,3,0
437728,437728,437731,3,0
437728,437730,437732,2,2
437728,437730,437732,2,2
437728,437730,437732,2,2
437728,437730,437732,2,2
437728,437730,437732,2,2
437728,437730,437732,2,2
437728,437730,437732,2,2
437728,437728,437732,4,0
437728,437731,437733,2,3
437728,437731,437733,2,3
437728,437731,437733,2,3
437728,437731,437734,3,3
437728,437731,437733,2,3
437728,437731,437734,3,3
437728,437732,437734,2,4
437728,437731,437733,2,3
437728,437731,437734,3,3
437728,437732,437734,2,4
437728,437732,437734,2,4
437728,437732,437734,2,4
437728,437732,437734,2,4
437728,437731,437734,3,3
437728,437731,437734,3,3
437728,437732,437734,2,4
437728,437731,437735,4,3
437728,437732,437735,3,4
437728,437733,437735,2,5
437728,437731,437735,4,3
437728,437733,437735,2,5
437728,437734,437736,2,6
434239,434256,437736,3480,17
437728,437734,437736,2,6
437728,437735,437736,1,7
437728,437733,437736,3,5
437728,437734,437736,2,6
437728,437735,437736,1,7
437728,437735,437736,1,7
437728,437735,437736,1,7
437728,437735,437737,2,7
437728,437735,437737,2,7
437728,437734,437737,3,6
437728,437734,437737,3,6
437728,437734,437737,3,6
437728,437735,437737,2,7
437728,437735,437737,2,7
437728,437734,437737,3,6
437728,437734,437737,3,6
437728,437736,437737,1,8
437728,437736,437738,2,8
437728,437736,437737,1,8
437728,437737,437738,1,9
437728,437737,437738,1,9
437728,437737,437738,1,9
437728,437737,437738,1,9
437728,437737,437738,1,9
437728,437737,437738,1,9
437728,437737,437738,1,9
437728,437737,437739,2,9
437728,437738,437739,1,10
437728,437737,437739,2,9
437728,437738,437739,1,10
437728,437737,437740,3,9
437728,437737,437739,2,9
437728,437737,437740,3,9
437728,437737,437740,3,9
437728,437737,437740,3,9
437728,437738,437740,2,10
437728,437739,437740,1,11
437728,437738,437740,2,10
437728,437739,437740,1,11
437728,437739,437740,1,11
437728,437739,437740,1,11
437728,437739,437741,2,11
437728,437738,437740,2,10
437728,437739,437741,2,11
437728,437740,437741,1,12
437728,437738,437741,3,10
437728,437739,437741,2,11
437728,437739,437741,2,11
437728,437740,437741,1,12
437728,437738,437741,3,10
437728,437741,437742,1,13
437728,437740,437742,2,12
437728,437741,437743,2,13
437728,437741,437742,1,13
437728,437741,437743,2,13
437728,437740,437743,3,12
437728,437740,437743,3,12
437728,437742,437743,1,14
437728,437741,437743,2,13
437728,437741,437743,2,13
437728,437741,437743,2,13
437728,437742,437743,1,14
437728,437741,437743,2,13
437728,437742,437743,1,14
437728,437742,437743,1,14
437728,437741,437743,2,13
437728,437741,437744,3,13
437728,437741,437744,3,13
437728,437743,437744,1,15
437728,437742,437744,2,14
437728,437743,437745,2,15
437728,437743,437745,2,15
437728,437743,437745,2,15
437728,437742,437745,3,14
437728,437744,437745,1,16
437728,437743,437746,3,15
437728,437744,437745,1,16
437728,437744,437745,1,16
437728,437744,437745,1,16
437728,437742,437745,3,14
437728,437743,437746,3,15
437728,437743,437746,3,15
437728,437744,437746,2,16
437728,437744,437746,2,16
437728,437745,437746,1,17
437728,437745,437747,2,17
437728,437745,437747,2,17
437728,437745,437747,2,17
437728,437744,437747,3,16
437728,437744,437747,3,16
437728,437745,437747,2,17
437728,437746,437747,1,18
437728,437745,437747,2,17
437728,437744,437747,3,16
437737,437747,437748,1,10
437728,437745,437748,3,17
437728,437746,437749,3,18
437737,437747,437748,1,10
437728,437746,437748,2,18
437728,437746,437748,2,18
437737,437747,437748,1,10
437728,437746,437748,2,18
437737,437747,437749,2,10
437737,437747,437748,1,10
437737,437747,437749,2,10
437737,437748,437750,2,11
437728,437746,437749,3,18
437737,437748,437750,2,11
437737,437748,437749,1,11
437737,437749,437750,1,12
437737,437748,437750,2,11
437737,437748,437750,2,11
437737,437749,437750,1,12
437737,437749,437750,1,12
437737,437749,437751,2,12
437737,437749,437750,1,12
437737,437749,437750,1,12
437737,437749,437751,2,12
437737,437749,437751,2,12
437737,437749,437751,2,12
437737,437749,437751,2,12
437737,437750,437752,2,13
437737,437750,437752,2,13
437737,437750,437751,1,13
437737,437751,437752,1,14
437737,437750,437752,2,13
437737,437750,437752,2,13
437728,437746,437753,7,18
437737,437746,437753,7,9
437737,437751,437753,2,14
437737,437751,437754,3,14
437737,437751,437753,2,14
437737,437751,437753,2,14
437737,437751,437754,3,14
437737,437751,437754,3,14
437737,437751,437754,3,14
437737,437751,437754,3,14
437737,437751,437754,3,14
437737,437748,437753,5,11
437737,437753,437755,2,16
437737,437752,437755,3,15
437737,437752,437755,3,15
437737,437752,437754,2,15
437737,437752,437755,3,15
437737,437753,437756,3,16
437737,437753,437756,3,16
437737,437752,437755,3,15
437737,437754,437755,1,17
437737,437754,437756,2,17
437737,437754,437755,1,17
437737,437754,437755,1,17
437737,437754,437756,2,17
437737,437754,437755,1,17
437737,437754,437756,2,17
437737,437755,437756,1,18
437737,437754,437757,3,17
437737,437754,437757,3,17
437737,437755,437757,2,18
437737,437755,437756,1,18
437737,437756,437757,1,19
437737,437755,437757,2,18
437737,437757,437759,2,20
437737,437756,437758,2,19
437737,437756,437758,2,19
437737,437756,437758,2,19
437737,437756,437759,3,19
437737,437756,437759,3,19
437737,437756,437759,3,19
437737,437756,437759,3,19
437737,437756,437759,3,19
437737,437756,437759,3,19
437737,437757,437760,3,20
437737,437757,437760,3,20
437737,437756,437759,3,19
437737,437757,437760,3,20
437737,437757,437760,3,20
437737,437759,437761,2,22
437737,437757,437760,3,20
437737,437758,437761,3,21
437737,437759,437760,1,22
437737,437759,437761,2,22
437737,437759,437761,2,22
437737,437759,437761,2,22
437737,437759,437761,2,22
437737,437759,437761,2,22
437737,437759,437761,2,22
437737,437759,437761,2,22
437737,437760,437762,2,23
437737,437760,437762,2,23
437737,437760,437762,2,23
437737,437753,437762,9,16
437737,437755,437762,7,18
437737,437760,437762,2,23
437737,437759,437762,3,22
437737,437761,437762,1,24
437737,437760,437762,2,23
437737,437761,437763,2,24
437737,437761,437763,2,24
437737,437753,437763,10,16
437737,437761,437763,2,24
437737,437762,437764,2,25
437737,437761,437764,3,24
437737,437762,437764,2,25
437737,437761,437764,3,24
437737,437761,437764,3,24
437737,437761,437764,3,24
437737,437762,437765,3,25
437737,437763,437765,2,26
437737,437761,437764,3,24
437737,437762,437765,3,25
437737,437763,437765,2,26
437737,437763,437765,2,26
437737,437762,437765,3,25
437737,437763,437766,3,26
437737,437763,437766,3,26
437737,437763,437766,3,26
437737,437764,437766,2,27
437737,437765,437766,1,28
437737,437765,437766,1,28
437737,437765,437766,1,28
437737,437765,437766,1,28
437737,437766,437767,1,29
437737,437765,437767,2,28
437737,437765,437768,3,28
437737,437765,437767,2,28
437737,437765,437767,2,28
437737,437765,437768,3,28
437737,437764,437767,3,27
437737,437765,437767,2,28
437737,437767,437768,1,30
437737,437767,437769,2,30
437737,437766,437769,3,29
437737,437766,437769,3,29
437737,437766,437769,3,29
437737,437766,437769,3,29
437737,437767,437769,2,30
437737,437768,437769,1,31
437737,437767,437769,2,30
437737,437768,437769,1,31
437737,437766,437770,4,29
437737,437768,437770,2,31
437737,437769,437770,1,32
437737,437769,437770,1,32
437737,437763,437770,7,26
437737,437768,437771,3,31
437737,437768,437770,2,31
437737,437768,437771,3,31
437737,437768,437771,3,31
437737,437768,437771,3,31
437737,437763,437771,8,26
437737,437764,437772,8,27
434722,434740,438230,3490,18
438231,438231,438233,2,0
438231,438231,438233,2,0
438231,438231,438233,2,0
438231,438231,438233,2,0
438231,438231,438233,2,0
438231,438231,438233,2,0
438231,438231,438233,2,0
438231,438231,438233,2,0
438231,438231,438233,2,0
438231,438231,438234,3,0
438231,438231,438234,3,0
438231,438231,438234,3,0
438231,438231,438233,2,0
438231,438231,438234,3,0
438231,438231,438234,3,0
438231,438231,438234,3,0
438231,438231,438234,3,0
438231,438231,438234,3,0
438231,438231,438234,3,0
438231,438231,438234,3,0
438231,438233,438234,1,2
438231,438233,438235,2,2
438231,438233,438235,2,2
438231,438233,438235,2,2
438231,438233,438235,2,2
438231,438233,438235,2,2
438231,438233,438235,2,2
438231,438233,438235,2,2
438231,438233,438235,2,2
438231,438234,438236,2,3
438231,438234,438236,2,3
438231,438234,438237,3,3
438231,438234,438237,3,3
438231,438234,438236,2,3
438231,438234,438237,3,3
438231,438234,438237,3,3
438231,438234,438237,3,3
438231,438234,438237,3,3
438231,438234,438237,3,3
438231,438235,438237,2,4
438231,438235,438237,2,4
438231,438235,438237,2,4
438231,438235,438237,2,4
438231,438236,438237,1,5
438231,438234,438238,4,3
438231,438235,438238,3,4
438231,438235,438237,2,4
438231,438235,438238,3,4
438231,438236,438238,2,5
438231,438236,438238,2,5
438231,438236,438239,3,5
438231,438237,438239,2,6
438231,438237,438238,1,6
438231,438237,438239,2,6
438231,438237,438239,2,6
438231,438237,438239,2,6
438231,438237,438239,2,6
438231,438237,438240,3,6
438231,438237,438240,3,6
438231,438237,438240,3,6
438231,438237,438239,2,6
438231,438237,438240,3,6
438231,438237,438240,3,6
438231,438238,438240,2,7
438231,438239,438240,1,8
438231,438239,438240,1,8
438231,438239,438240,1,8
438231,438239,438240,1,8
438231,438239,438240,1,8
438231,438239,438241,2,8
438231,438239,438241,2,8
438231,438239,438241,2,8
438231,438239,438241,2,8
438231,438240,438241,1,9
438231,438240,438241,1,9
438231,438240,438241,1,9
438231,438240,438242,2,9
438231,438241,438242,1,10
438231,438241,438242,1,10
438231,438241,438242,1,10
438231,438241,438242,1,10
438231,438240,438243,3,9
438231,438240,438243,3,9
438231,438240,438243,3,9
438231,438240,438243,3,9
438231,438240,438243,3,9
438231,438240,438243,3,9
438231,438242,438243,1,11
438231,438242,438244,2,11
438231,438241,438243,2,10
438231,438241,438243,2,10
438231,438242,438243,1,11
438231,438242,438243,1,11
438231,438242,438243,1,11
438231,438241,438244,3,10
438231,438241,438244,3,10
438231,438243,438244,1,12
438231,438243,438244,1,12
438231,438243,438244,1,12
438231,438243,438244,1,12
438231,438244,438245,1,13
438231,438244,438245,1,13
438231,438244,438246,2,13
438231,438243,438246,3,12
438231,438243,438246,3,12
438231,438244,438247,3,13
438231,438244,438246,2,13
438231,438244,438246,2,13
438231,438243,438246,3,12
438231,438244,438246,2,13
438231,438244,438246,2,13
438231,438245,438246,1,14
438231,438245,438247,2,14
438231,438245,438246,1,14
438231,438245,438247,2,14
438231,438243,438247,4,12
438231,438245,438247,2,14
438231,438245,438247,2,14
438231,438244,438247,3,13
438231,438246,438247,1,15
438231,438244,438247,3,13
438231,438246,438248,2,15
438231,438246,438247,1,15
438231,438247,438248,1,16
438231,438247,438248,1,16
438231,438247,438248,1,16
438231,438247,438249,2,16
438231,438247,438248,1,16
438231,438247,438248,1,16
438231,438247,438248,1,16
438231,438247,438249,2,16
438231,438247,438249,2,16
438231,438247,438249,2,16
438231,438248,438249,1,17
438231,438247,438249,2,16
438231,438247,438249,2,16
438231,438248,438249,1,17
438231,438248,438250,2,17
438231,438248,438250,2,17
438231,438248,438250,2,17
438231,438249,438250,1,18
438231,438248,438250,2,17
438231,438248,438250,2,17
438231,438249,438251,2,18
438231,438249,438251,2,18
438231,438248,438251,3,17
438231,438249,438251,2,18
438231,438249,438251,2,18
434800,434819,438326,3507,19
438327,438327,438329,2,0
438327,438327,438329,2,0
438327,438327,438329,2,0
438327,438327,438329,2,0
438327,438327,438329,2,0
438327,438327,438329,2,0
438327,438327,438329,2,0
438327,438327,438329,2,0
438327,438327,438329,2,0
438327,438327,438330,3,0
438327,438327,438330,3,0
438327,438327,438330,3,0
438327,438327,438330,3,0
438327,438327,438330,3,0
438327,438327,438330,3,0
438327,438327,438330,3,0
438327,438327,438330,3,0
438327,438327,438329,2,0
438327,438327,438330,3,0
438327,438329,438331,2,2
438327,438329,438331,2,2
438327,438327,438331,4,0
438327,438329,438331,2,2
438327,438329,438331,2,2
438327,438329,438331,2,2
438327,438329,438331,2,2
438327,438329,438331,2,2
438327,438329,438330,1,2
438327,438330,438332,2,3
438327,438329,438332,3,2
438327,438330,438332,2,3
438327,438331,438332,1,4
438327,438330,438332,2,3
438327,438330,438332,2,3
438327,438330,438333,3,3
438327,438331,438333,2,4
438327,438330,438333,3,3
438327,438330,438333,3,3
438327,438330,438333,3,3
438327,438330,438333,3,3
438327,438332,438333,1,5
438327,438332,438333,1,5
438327,438332,438334,2,5
438327,438332,438334,2,5
438327,438332,438334,2,5
438327,438332,438334,2,5
438327,438332,438334,2,5
438327,438333,438334,1,6
438327,438333,438334,1,6
438327,438332,438335,3,5
438327,438332,438335,3,5
438327,438333,438335,2,6
438327,438332,438335,3,5
438327,438332,438335,3,5
438327,438334,438335,1,7
438327,438334,438335,1,7
438327,438334,438335,1,7
438327,438333,438336,3,6
438327,438335,438336,1,8
438327,438335,438336,1,8
438327,438335,438336,1,8
438327,438334,438336,2,7
438327,438334,438336,2,7
438327,438334,438336,2,7
438327,438334,438336,2,7
438327,438335,438336,1,8
438327,438335,438336,1,8
438327,438335,438336,1,8
438327,438335,438336,1,8
438327,438335,438337,2,8
438327,438335,438337,2,8
438327,438336,438337,1,9
438327,438336,438338,2,9
438327,438336,438337,1,9
438327,438336,438337,1,9
438327,438336,438337,1,9
438327,438337,438338,1,10
438327,438337,438338,1,10
438327,438336,438338,2,9
438327,438337,438338,1,10
438327,438337,438338,1,10
438327,438337,438338,1,10
438327,438337,438338,1,10
438327,438337,438339,2,10
438327,438337,438339,2,10
438327,438337,438339,2,10
438327,438338,438339,1,11
438327,438337,438339,2,10
438327,438337,438340,3,10
438327,438338,438340,2,11
438327,438338,438339,1,11
438327,438337,438340,3,10
438327,438338,438340,2,11
438327,438338,438340,2,11
438327,438339,438340,1,12
438327,438337,438340,3,10
438327,438339,438340,1,12
438327,438339,438341,2,12
438327,438339,438341,2,12
438327,438339,438341,2,12
438327,438338,438341,3,11
438327,438339,438341,2,12
438327,438339,438341,2,12
438327,438339,438341,2,12
438327,438340,438342,2,13
438327,438340,438342,2,13
438327,438340,438342,2,13
438327,438340,438342,2,13
438327,438341,438343,2,14
438327,438341,438343,2,14
438327,438340,438343,3,13
438327,438341,438343,2,14
438327,438340,438343,3,13
438327,438341,438343,2,14
438327,438340,438343,3,13
438327,438341,438343,2,14
438327,438340,438343,3,13
438327,438341,438344,3,14
438327,438341,438343,2,14
438327,438341,438343,2,14
438327,438342,438345,3,15
438327,438342,438344,2,15
438327,438342,438345,3,15
438327,438342,438346,4,15
438327,438342,438345,3,15
438327,438343,438346,3,16
438327,438342,438345,3,15
438327,438343,438346,3,16
438327,438343,438346,3,16
438327,438342,438346,4,15
438327,438345,438347,2,18
438327,438344,438347,3,17
438327,438344,438347,3,17
438327,438344,438347,3,17
438327,438344,438347,3,17
438327,438344,438347,3,17
438327,438344,438347,3,17
438327,438344,438347,3,17
438327,438344,438347,3,17
438327,438345,438347,2,18
438327,438344,438347,3,17
438327,438344,438348,4,17
438327,438345,438347,2,18
438327,438346,438348,2,19
438327,438346,438348,2,19
438327,438346,438349,3,19
438327,438346,438349,3,19
438327,438346,438348,2,19
438327,438347,438349,2,20
438327,438346,438349,3,19
434857,434881,438428,3547,24
438429,438430,438431,1,1
438429,438430,438431,1,1
438429,438430,438431,1,1
438429,438430,438431,1,1
438429,438430,438431,1,1
438429,438430,438431,1,1
438429,438430,438431,1,1
438429,438430,438432,2,1
438429,438430,438432,2,1
438429,438430,438432,2,1
438429,438430,438432,2,1
438429,438430,438432,2,1
438429,438430,438432,2,1
438429,438430,438432,2,1
438429,438430,438432,2,1
438429,438430,438432,2,1
438429,438430,438432,2,1
438429,438430,438432,2,1
438429,438430,438432,2,1
438429,438430,438432,2,1
438429,438432,438433,1,3
438429,438432,438433,1,3
438429,438432,438433,1,3
438429,438432,438433,1,3
438429,438432,438433,1,3
438429,438432,438433,1,3
438429,438432,438433,1,3
438429,438433,438435,2,4
438429,438432,438434,2,3
438429,438433,438434,1,4
438429,438433,438434,1,4
438429,438433,438434,1,4
438429,438433,438435,2,4
438429,438433,438435,2,4
438429,438434,438435,1,5
438429,438434,438435,1,5
438429,438433,438435,2,4
438429,438434,438435,1,5
438429,438433,438435,2,4
438429,438433,438435,2,4
438429,438433,438435,2,4
438429,438433,438435,2,4
438429,438434,438436,2,5
438429,438434,438436,2,5
438429,438434,438436,2,5
438429,438434,438436,2,5
438429,438435,438436,1,6
438429,438435,438436,1,6
438429,438433,438436,3,4
438429,438435,438436,1,6
438429,438436,438437,1,7
438429,438436,438437,1,7
438429,438435,438438,3,6
438429,438436,438437,1,7
438429,438436,438437,1,7
438429,438436,438438,2,7
438429,438435,438438,3,6
438429,438436,438438,2,7
438429,438436,438438,2,7
438429,438436,438438,2,7
438429,438436,438438,2,7
438429,438436,438438,2,7
438429,438436,438438,2,7
438429,438436,438438,2,7
438429,438438,438440,2,9
438429,438437,438440,3,8
438429,438437,438440,3,8
438429,438437,438440,3,8
438429,438436,438439,3,7
438429,438437,438440,3,8
438429,438437,438440,3,8
438429,438438,438440,2,9
438429,438438,438440,2,9
438429,438439,438440,1,10
438429,438437,438441,4,8
438429,438437,438440,3,8
438429,438439,438441,2,10
438429,438439,438441,2,10
438429,438440,438442,2,11
438429,438440,438442,2,11
438429,438440,438442,2,11
438429,438440,438442,2,11
438429,438439,438442,3,10
438429,438439,438442,3,10
438429,438439,438443,4,10
438429,438439,438442,3,10
438429,438440,438442,2,11
438429,438441,438443,2,12
438429,438441,438442,1,12
438429,438440,438442,2,11
438429,438440,438442,2,11
438429,438439,438442,3,10
438429,438439,438442,3,10
438429,438441,438442,1,12
438429,438441,438443,2,12
438429,438442,438443,1,13
438429,438441,438444,3,12
438429,438442,438443,1,13
438429,438442,438444,2,13
438429,438442,438444,2,13
438429,438442,438444,2,13
438429,438442,438444,2,13
438429,438443,438444,1,14
438429,438443,438445,2,14
438429,438443,438445,2,14
438429,438443,438445,2,14
438429,438443,438445,2,14
438429,438443,438444,1,14
438429,438443,438445,2,14
438429,438443,438446,3,14
438429,438444,438446,2,15
438429,438443,438446,3,14
438429,438443,438446,3,14
438429,438444,438447,3,15
438429,438443,438447,4,14
438429,438443,438447,4,14
438429,438444,438447,3,15
438429,438444,438447,3,15
438429,438444,438447,3,15
438429,438445,438448,3,16
438429,438445,438447,2,16
438429,438445,438448,3,16
438429,438445,438447,2,16
438429,438444,438447,3,15
438429,438445,438448,3,16
438429,438446,438449,3,17
438429,438445,438449,4,16
438429,438445,438449,4,16
438429,438445,438449,4,16
438429,438446,438449,3,17
438429,438447,438450,3,18
438429,438446,438449,3,17
438429,438448,438450,2,19
438429,438447,438449,2,18
438429,438447,438450,3,18
438429,438447,438450,3,18
438429,438447,438450,3,18
438429,438448,438451,3,19
438429,438447,438450,3,18
438429,438447,438451,4,18
438429,438448,438450,2,19
438429,438448,438450,2,19
438429,438449,438451,2,20
438429,438449,438452,3,20
438429,438449,438452,3,20
438429,438449,438452,3,20
438429,438447,438451,4,18
438429,438448,438452,4,19
438429,438449,438453,4,20
438429,438450,438453,3,21
433546,433564,438481,4917,18
438483,438483,438485,2,0
438483,438483,438485,2,0
438483,438483,438485,2,0
438483,438483,438485,2,0
438483,438483,438485,2,0
438483,438483,438485,2,0
438483,438483,438484,1,0
438483,438483,438485,2,0
438483,438483,438485,2,0
438483,438483,438485,2,0
438483,438483,438485,2,0
438483,438483,438485,2,0
438483,438483,438485,2,0
438483,438483,438485,2,0
438483,438483,438485,2,0
438483,438483,438486,3,0
438483,438483,438486,3,0
438483,438483,438486,3,0
438483,438483,438486,3,0
438483,438485,438487,2,2
438483,438485,438486,1,2
438483,438485,438487,2,2
438483,438485,438487,2,2
438483,438485,438487,2,2
438483,438485,438487,2,2
438483,438485,438488,3,2
438483,438485,438487,2,2
438483,438486,438489,3,3
438483,438486,438489,3,3
438483,438485,438488,3,2
438483,438485,438488,3,2
438483,438485,438488,3,2
438483,438485,438488,3,2
438483,438486,438490,4,3
438483,438486,438490,4,3
438483,438487,438490,3,4
438483,438487,438489,2,4
438483,438487,438490,3,4
438483,438487,438490,3,4
438483,438487,438490,3,4
438483,438486,438491,5,3
438483,438486,438490,4,3
438483,438487,438490,3,4
438483,438488,438490,2,5
438483,438488,438490,2,5
438483,438489,438491,2,6
438483,438489,438491,2,6
438483,438489,438491,2,6
438483,438486,438490,4,3
438483,438489,438491,2,6
438483,438483,438491,8,0
438483,438489,438492,3,6
438483,438489,438492,3,6
438483,438490,438492,2,7
438483,438490,438492,2,7
438483,438490,438491,1,7
438483,438490,438492,2,7
438483,438490,438492,2,7
438483,438490,438492,2,7
438483,438490,438492,2,7
435026,435045,438493,3448,19
438483,438491,438492,1,8
438483,438491,438493,2,8
438483,438491,438492,1,8
438483,438491,438493,2,8
438483,438491,438493,2,8
438483,438491,438493,2,8
438483,438491,438492,1,8
438483,438491,438493,2,8
438483,438491,438493,2,8
438483,438492,438494,2,9
438483,438492,438494,2,9
438483,438492,438494,2,9
438483,438491,438494,3,8
438483,438492,438494,2,9
438483,438492,438494,2,9
438483,438492,438494,2,9
438483,438492,438494,2,9
438483,438492,438494,2,9
438483,438493,438495,2,10
438483,438493,438495,2,10
438483,438493,438495,2,10
438483,438493,438495,2,10
438483,438493,438495,2,10
438483,438493,438495,2,10
438483,438493,438495,2,10
438483,438494,438496,2,11
438483,438493,438496,3,10
438483,438494,438496,2,11
438483,438493,438496,3,10
438483,438494,438496,2,11
438483,438493,438496,3,10
438483,438493,438496,3,10
438483,438495,438497,2,12
438483,438495,438497,2,12
438483,438495,438497,2,12
438483,438494,438497,3,11
438483,438495,438497,2,12
438483,438496,438497,1,13
438483,438496,438497,1,13
438483,438495,438497,2,12
438483,438494,438497,3,11
438483,438494,438497,3,11
438483,438496,438498,2,13
438483,438494,438497,3,11
438483,438496,438498,2,13
438483,438496,438498,2,13
438483,438497,438499,2,14
438483,438497,438498,1,14
438483,438497,438498,1,14
438483,438496,438499,3,13
438483,438497,438499,2,14
438483,438497,438499,2,14
438483,438496,438499,3,13
438483,438497,438499,2,14
438483,438497,438499,2,14
438483,438497,438499,2,14
438483,438498,438499,1,15
438483,438498,438499,1,15
438483,438499,438500,1,16
438483,438499,438500,1,16
438483,438498,438500,2,15
438483,438499,438500,1,16
438483,438499,438500,1,16
438483,438492,438501,9,9
438483,438498,438501,3,15
438483,438497,438501,4,14
438483,438499,438501,2,16
438483,438500,438501,1,17
438483,438500,438501,1,17
438483,438500,438501,1,17
438483,438499,438501,2,16
438483,438499,438501,2,16
438483,438500,438501,1,17
438483,438500,438501,1,17
438483,438498,438502,4,15
438483,438499,438502,3,16
438483,438500,438502,2,17
438483,438501,438502,1,18
438483,438501,438502,1,18
438483,438500,438502,2,17
438483,438500,438502,2,17
438483,438501,438502,1,18
438483,438501,438502,1,18
438483,438502,438504,2,19
438494,438502,438504,2,8
438494,438502,438504,2,8
438483,438501,438503,2,18
438494,438502,438504,2,8
438494,438502,438504,2,8
438483,438502,438504,2,19
438483,438502,438504,2,19
438494,438503,438504,1,9
438494,438503,438504,1,9
438494,438503,438505,2,9
438494,438503,438504,1,9
438494,438503,438504,1,9
438494,438502,438505,3,8
438483,438501,438504,3,18
438494,438502,438505,3,8
438494,438503,438505,2,9
438494,438504,438505,1,10
438483,438502,438506,4,19
438494,438504,438505,1,10
438494,438504,438505,1,10
438494,438504,438506,2,10
438494,438504,438506,2,10
438494,438504,438506,2,10
438494,438505,438506,1,11
438494,438505,438507,2,11
438494,438505,438507,2,11
438494,438505,438507,2,11
438494,438505,438507,2,11
438494,438505,438507,2,11
438494,438505,438507,2,11
438494,438505,438507,2,11
438494,438506,438507,1,12
438494,438506,438507,1,12
438494,438506,438507,1,12
438494,438506,438507,1,12
438494,438505,438508,3,11
438494,438505,438508,3,11
438494,438506,438508,2,12
438494,438503,438508,5,9
438494,438506,438508,2,12
438494,438506,438508,2,12
438483,438502,438508,6,19
438494,438507,438509,2,13
438494,438508,438510,2,14
438494,438507,438509,2,13
438494,438507,438510,3,13
438494,438508,438510,2,14
438494,438509,438510,1,15
438494,438508,438510,2,14
438494,438508,438510,2,14
438494,438507,438510,3,13
438494,438507,438511,4,13
438494,438509,438510,1,15
438494,438509,438511,2,15
438494,438508,438510,2,14
438494,438507,438511,4,13
438494,438508,438511,3,14
438494,438508,438511,3,14
438494,438509,438511,2,15
438494,438510,438511,1,16
438494,438511,438512,1,17
438494,438510,438511,1,16
438494,438510,438512,2,16
438494,438510,438512,2,16
438494,438510,438512,2,16
438494,438511,438512,1,17
438494,438509,438512,3,15
438494,438511,438512,1,17
438494,438511,438512,1,17
438494,438511,438513,2,17
438494,438511,438513,2,17
438494,438511,438512,1,17
438494,438512,438513,1,18
438494,438512,438513,1,18
438494,438512,438513,1,18
438494,438512,438514,2,18
438494,438512,438514,2,18
438494,438512,438514,2,18
438494,438512,438514,2,18
438494,438512,438514,2,18
438494,438512,438514,2,18
438494,438511,438514,3,17
438494,438506,438515,9,12
438494,438513,438514,1,19
438494,438512,438514,2,18
438494,438512,438515,3,18
438494,438513,438515,2,19
438494,438513,438515,2,19
438494,438513,438515,2,19
438494,438514,438515,1,20
438494,438514,438515,1,20
438494,438514,438516,2,20
438494,438514,438515,1,20
438494,438513,438515,2,19
438494,438513,438515,2,19
438494,438514,438516,2,20
438494,438514,438516,2,20
438494,438514,438516,2,20
438494,438509,438517,8,15
438494,438515,438517,2,21
438494,438514,438517,3,20
438494,438514,438517,3,20
438494,438516,438518,2,22
438494,438516,438518,2,22
438494,438516,438518,2,22
438494,438515,438517,2,21
438494,438515,438518,3,21
438494,438515,438517,2,21
438494,438516,438518,2,22
438494,438516,438518,2,22
438494,438516,438518,2,22
438494,438514,438518,4,20
438494,438516,438518,2,22
438494,438517,438519,2,23
438494,438516,438519,3,22
438494,438516,438519,3,22
438494,438517,438519,2,23
438494,438516,438519,3,22
438494,438516,438519,3,22
438494,438518,438520,2,24
438494,438518,438519,1,24
438494,438518,438520,2,24
438494,438517,438520,3,23
438494,438518,438520,2,24
438494,438519,438520,1,25
438494,438519,438520,1,25
438494,438519,438521,2,25
438494,438518,438521,3,24
438494,438518,438521,3,24
438494,438518,438520,2,24
438494,438519,438521,2,25
438494,438520,438521,1,26
438494,438519,438521,2,25
438494,438520,438522,2,26
438494,438520,438522,2,26
438494,438520,438522,2,26
438494,438519,438522,3,25
438494,438519,438522,3,25
438494,438521,438522,1,27
438494,438521,438523,2,27
438494,438521,438522,1,27
438494,438520,438522,2,26
438494,438521,438523,2,27
438494,438520,438523,3,26
438494,438522,438523,1,28
438494,438520,438523,3,26
438494,438521,438524,3,27
438494,438521,438524,3,27
438494,438521,438524,3,27
438494,438522,438525,3,28
438494,438522,438525,3,28
438494,438522,438525,3,28
438494,438522,438525,3,28
438494,438522,438525,3,28
438494,438515,438526,11,21
438494,438517,438526,9,23
434035,434056,438976,4920,21
438976,438976,438978,2,0
438976,438976,438978,2,0
438976,438976,438977,1,0
438976,438976,438978,2,0
438976,438976,438978,2,0
438976,438976,438978,2,0
438976,438976,438978,2,0
438976,438976,438978,2,0
438976,438976,438978,2,0
438976,438976,438978,2,0
438976,438976,438978,2,0
438976,438976,438979,3,0
438976,438976,438978,2,0
438976,438976,438978,2,0
438976,438976,438978,2,0
438976,438976,438979,3,0
438976,438976,438979,3,0
438976,438976,438978,2,0
438976,438976,438979,3,0
438976,438976,438979,3,0
438976,438978,438979,1,2
438976,438978,438980,2,2
438976,438978,438979,1,2
438976,438978,438980,2,2
438976,438978,438979,1,2
438976,438978,438980,2,2
438976,438978,438980,2,2
438976,438978,438980,2,2
438976,438978,438980,2,2
438976,438978,438980,2,2
438976,438979,438981,2,3
438976,438979,438981,2,3
438976,438979,438981,2,3
438976,438979,438981,2,3
438976,438979,438981,2,3
438976,438979,438982,3,3
438976,438979,438982,3,3
438976,438980,438982,2,4
438976,438980,438982,2,4
438976,438979,438982,3,3
438976,438980,438982,2,4
438976,438980,438982,2,4
438976,438980,438982,2,4
438976,438980,438982,2,4
438976,438980,438982,2,4
438976,438980,438983,3,4
438976,438980,438982,2,4
438976,438981,438983,2,5
438976,438980,438982,2,4
438976,438979,438982,3,3
438976,438979,438983,4,3
438976,438982,438984,2,6
438976,438982,438984,2,6
438976,438982,438984,2,6
438976,438982,438984,2,6
438976,438983,438984,1,7
438976,438982,438983,1,6
438976,438983,438984,1,7
438976,438983,438984,1,7
438976,438982,438984,2,6
438976,438982,438984,2,6
438976,438982,438983,1,6
438976,438982,438985,3,6
438976,438982,438984,2,6
438976,438982,438985,3,6
438976,438983,438985,2,7
438976,438983,438984,1,7
438976,438983,438985,2,7
438976,438983,438985,2,7
438976,438984,438985,1,8
438976,438983,438984,1,7
438976,438984,438986,2,8
438976,438984,438986,2,8
438976,438984,438986,2,8
438976,438984,438986,2,8
438976,438984,438986,2,8
438976,438983,438986,3,7
438976,438984,438986,2,8
438976,438985,438986,1,9
438976,438984,438987,3,8
438976,438984,438987,3,8
438976,438984,438987,3,8
438976,438985,438987,2,9
438976,438985,438987,2,9
438976,438985,438987,2,9
438976,438985,438987,2,9
438976,438985,438987,2,9
438976,438985,438988,3,9
438976,438986,438988,2,10
438976,438986,438988,2,10
438976,438985,438988,3,9
438976,438985,438988,3,9
438976,438987,438988,1,11
438976,438987,438988,1,11
438976,438985,438988,3,9
438976,438986,438989,3,10
438976,438988,438989,1,12
438976,438987,438989,2,11
438976,438987,438989,2,11
438976,438988,438989,1,12
438976,438988,438989,1,12
438976,438988,438990,2,12
438976,438986,438990,4,10
438976,438987,438990,3,11
438976,438989,438990,1,13
438976,438989,438990,1,13
438976,438988,438990,2,12
438976,438988,438990,2,12
438976,438989,438990,1,13
438976,438989,438990,1,13
438976,438989,438990,1,13
438976,438988,438991,3,12
438976,438988,438991,3,12
438976,438989,438991,2,13
438976,438990,438991,1,14
438976,438990,438991,1,14
438976,438990,438992,2,14
438976,438990,438991,1,14
438976,438991,438992,1,15
438976,438991,438993,2,15
438976,438989,438992,3,13
438976,438990,438992,2,14
438976,438990,438992,2,14
438976,438990,438992,2,14
438976,438991,438992,1,15
438976,438991,438992,1,15
438976,438991,438992,1,15
438976,438991,438992,1,15
438976,438990,438993,3,14
438976,438991,438993,2,15
438976,438991,438993,2,15
438976,438992,438993,1,16
438976,438992,438994,2,16
438976,438992,438994,2,16
438976,438992,438994,2,16
438976,438991,438994,3,15
438976,438993,438994,1,17
438976,438993,438994,1,17
438976,438992,438995,3,16
438976,438993,438995,2,17
438976,438993,438994,1,17
438976,438993,438994,1,17
438976,438993,438994,1,17
438976,438993,438994,1,17
438976,438991,438995,4,15
438976,438993,438995,2,17
438976,438993,438995,2,17
438976,438993,438995,2,17
438976,438994,438996,2,18
438976,438994,438996,2,18
435742,435767,439359,3592,25
439360,439360,439362,2,0
439360,439360,439362,2,0
439360,439360,439361,1,0
439360,439360,439362,2,0
439360,439360,439362,2,0
439360,439360,439362,2,0
439360,439360,439362,2,0
439360,439360,439362,2,0
439360,439360,439362,2,0
439360,439360,439362,2,0
439360,439360,439363,3,0
439360,439360,439363,3,0
439360,439360,439362,2,0
439360,439360,439362,2,0
439360,439360,439362,2,0
439360,439360,439362,2,0
439360,439360,439363,3,0
439360,439360,439362,2,0
439360,439360,439363,3,0
439360,439360,439363,3,0
439360,439362,439363,1,2
439360,439362,439364,2,2
439360,439362,439364,2,2
439360,439362,439364,2,2
439360,439362,439363,1,2
439360,439362,439364,2,2
439360,439362,439364,2,2
439360,439362,439364,2,2
439360,439362,439364,2,2
439360,439362,439364,2,2
439360,439363,439365,2,3
439360,439363,439365,2,3
439360,439363,439365,2,3
439360,439363,439365,2,3
439360,439363,439366,3,3
439360,439364,439366,2,4
439360,439364,439366,2,4
439360,439364,439366,2,4
439360,439364,439366,2,4
439360,439364,439366,2,4
439360,439363,439365,2,3
439360,439363,439366,3,3
439360,439363,439366,3,3
439360,439364,439366,2,4
439360,439364,439366,2,4
439360,439364,439367,3,4
439360,439364,439366,2,4
439360,439364,439366,2,4
439360,439364,439367,3,4
439360,439365,439367,2,5
439360,439364,439368,4,4
439360,439366,439368,2,6
439360,439366,439368,2,6
439360,439366,439368,2,6
439360,439366,439367,1,6
439360,439366,439368,2,6
439360,439366,439368,2,6
439360,439366,439368,2,6
439360,439366,439367,1,6
439360,439366,439368,2,6
439360,439366,439369,3,6
439360,439366,439368,2,6
439360,439367,439369,2,7
439360,439367,439369,2,7
439360,439367,439368,1,7
439360,439366,439369,3,6
439360,439366,439369,3,6
439360,439366,439369,3,6
439360,439367,439368,1,7
439360,439367,439369,2,7
439360,439368,439369,1,8
439360,439368,439370,2,8
439360,439368,439370,2,8
439360,439368,439370,2,8
439360,439368,439370,2,8
439360,439368,439370,2,8
439360,439368,439370,2,8
439360,439368,439371,3,8
439360,439369,439371,2,9
439360,439369,439371,2,9
439360,439368,439371,3,8
439360,439368,439371,3,8
439360,439370,439371,1,10
439360,439370,439371,1,10
439360,439369,439371,2,9
439360,439369,439372,3,9
439360,439369,439372,3,9
439360,439369,439372,3,9
439360,439370,439372,2,10
439360,439370,439372,2,10
439360,439370,439372,2,10
439360,439370,439372,2,10
439360,439369,439372,3,9
439360,439369,439372,3,9
439360,439371,439372,1,11
439360,439371,439372,1,11
439360,439371,439373,2,11
439360,439371,439373,2,11
439360,439370,439373,3,10
439360,439372,439373,1,12
439360,439372,439373,1,12
439360,439371,439374,3,11
439360,439371,439374,3,11
439360,439373,439374,1,13
439360,439373,439374,1,13
439360,439373,439374,1,13
439360,439373,439374,1,13
439360,439372,439374,2,12
439360,439373,439374,1,13
439360,439373,439374,1,13
439360,439372,439374,2,12
439360,439372,439375,3,12
439360,439372,439375,3,12
439360,439373,439375,2,13
439360,439372,439375,3,12
439360,439373,439375,2,13
439360,439374,439375,1,14
439360,439374,439375,1,14
439360,439374,439376,2,14
439360,439373,439376,3,13
439360,439375,439376,1,15
439360,439375,439377,2,15
439360,439373,439376,3,13
439360,439375,439376,1,15
439360,439375,439376,1,15
439360,439375,439376,1,15
439360,439375,439377,2,15
439360,439374,439377,3,14
439360,439374,439377,3,14
439360,439376,439377,1,16
439360,439375,439377,2,15
439360,439376,439377,1,16
439360,439376,439377,1,16
439360,439376,439377,1,16
439360,439375,439378,3,15
439360,439375,439377,2,15
439360,439375,439378,3,15
439360,439376,439378,2,16
439360,439377,439378,1,17
439360,439377,439378,1,17
439360,439377,439378,1,17
439360,439376,439379,3,16
439360,439377,439378,1,17
439360,439377,439378,1,17
439360,439377,439378,1,17
439360,439377,439379,2,17
439360,439378,439379,1,18
439360,439377,439379,2,17
439360,439377,439380,3,17
439360,439378,439380,2,18
434576,434594,439514,4920,18
439515,439515,439517,2,0
439515,439515,439517,2,0
439515,439515,439517,2,0
439515,439515,439517,2,0
439515,439515,439517,2,0
439515,439515,439517,2,0
439515,439515,439517,2,0
439515,439515,439517,2,0
439515,439515,439518,3,0
439515,439515,439518,3,0
439515,439515,439518,3,0
439515,439515,439518,3,0
439515,439515,439518,3,0
439515,439515,439518,3,0
439515,439515,439518,3,0
439515,439515,439518,3,0
439515,439515,439518,3,0
439515,439515,439517,2,0
439515,439515,439517,2,0
439515,439515,439517,2,0
439515,439517,439519,2,2
439515,439517,439519,2,2
439515,439517,439518,1,2
439515,439517,439519,2,2
439515,439517,439519,2,2
439515,439517,439519,2,2
439515,439517,439519,2,2
439515,439517,439519,2,2
439515,439518,439520,2,3
439515,439518,439520,2,3
439515,439518,439520,2,3
439515,439518,439520,2,3
439515,439518,439521,3,3
439515,439518,439520,2,3
439515,439518,439520,2,3
439515,439518,439521,3,3
439515,439518,439521,3,3
439515,439518,439521,3,3
439515,439518,439520,2,3
439515,439518,439520,2,3
439515,439519,439521,2,4
439515,439519,439521,2,4
439515,439519,439521,2,4
439515,439519,439522,3,4
439515,439519,439521,2,4
439515,439520,439522,2,5
439515,439520,439522,2,5
439515,439519,439521,2,4
439515,439519,439522,3,4
439515,439519,439521,2,4
439515,439520,439522,2,5
439515,439520,439522,2,5
439515,439521,439522,1,6
439515,439521,439523,2,6
439515,439521,439523,2,6
439515,439521,439523,2,6
439515,439521,439523,2,6
439515,439521,439522,1,6
439515,439521,439523,2,6
439515,439521,439523,2,6
439515,439521,439524,3,6
439515,439521,439524,3,6
439515,439522,439524,2,7
439515,439522,439524,2,7
439515,439521,439523,2,6
439515,439522,439524,2,7
439515,439522,439524,2,7
439515,439523,439524,1,8
439515,439523,439524,1,8
439515,439523,439524,1,8
439515,439523,439524,1,8
439515,439523,439524,1,8
439515,439523,439525,2,8
439515,439523,439525,2,8
439515,439523,439526,3,8
439515,439523,439525,2,8
439515,439524,439525,1,9
439515,439524,439525,1,9
439515,439523,439526,3,8
439515,439524,439526,2,9
439515,439524,439526,2,9
439515,439525,439526,1,10
439515,439525,439526,1,10
439515,439525,439526,1,10
439515,439525,439526,1,10
439515,439525,439527,2,10
439515,439524,439527,3,9
439515,439524,439527,3,9
439515,439524,439527,3,9
439515,439525,439527,2,10
439515,439526,439527,1,11
439515,439525,439527,2,10
439515,439526,439527,1,11
439515,439526,439527,1,11
439515,439524,439528,4,9
439515,439525,439528,3,10
439515,439527,439528,1,12
439515,439527,439528,1,12
439515,439526,439528,2,11
439515,439526,439528,2,11
439515,439527,439528,1,12
439515,439527,439529,2,12
439515,439527,439528,1,12
439515,439527,439529,2,12
439515,439526,439529,3,11
439515,439528,439529,1,13
439515,439528,439529,1,13
439515,439527,439529,2,12
439515,439528,439529,1,13
439515,439527,439530,3,12
439515,439527,439530,3,12
439515,439528,439530,2,13
439515,439529,439530,1,14
439515,439528,439530,2,13
439515,439528,439530,2,13
439515,439529,439530,1,14
439515,439529,439530,1,14
439515,439529,439530,1,14
439515,439529,439531,2,14
439515,439528,439531,3,13
439515,439528,439531,3,13
439515,439529,439531,2,14
439515,439530,439531,1,15
439515,439529,439532,3,14
439515,439529,439531,2,14
439515,439530,439531,1,15
439515,439530,439531,1,15
439515,439530,439531,1,15
439515,439530,439532,2,15
439515,439531,439532,1,16
439515,439531,439532,1,16
439515,439531,439533,2,16
439515,439531,439533,2,16
439515,439531,439533,2,16
439515,439531,439532,1,16
439515,439530,439533,3,15
439515,439531,439533,2,16
439515,439531,439534,3,16
439515,439532,439533,1,17
439515,439532,439534,2,17
439515,439531,439533,2,16
439515,439532,439533,1,17
439515,439532,439534,2,17
439515,439532,439534,2,17
439515,439531,439534,3,16
439515,439532,439534,2,17
439515,439532,439534,2,17
439515,439532,439534,2,17
439515,439533,439536,3,18
436202,436221,439639,3418,19
439640,439640,439643,3,0
439640,439640,439643,3,0
439640,439640,439644,4,0
439640,439640,439644,4,0
439640,439640,439644,4,0
439640,439640,439643,3,0
439640,439640,439644,4,0
439640,439640,439643,3,0
439640,439640,439643,3,0
439640,439640,439644,4,0
439640,439640,439644,4,0
439640,439640,439644,4,0
439640,439640,439644,4,0
439640,439640,439644,4,0
439640,439640,439644,4,0
439640,439640,439644,4,0
439640,439640,439644,4,0
439640,439640,439645,5,0
439640,439643,439645,2,3
439640,439640,439646,6,0
439640,439640,439646,6,0
439640,439644,439647,3,4
439640,439644,439647,3,4
439640,439644,439647,3,4
439640,439644,439647,3,4
439640,439644,439647,3,4
439640,439644,439647,3,4
439640,439644,439646,2,4
439640,439645,439647,2,5
439640,439644,439647,3,4
439640,439645,439648,3,5
439640,439645,439648,3,5
439640,439645,439648,3,5
439640,439645,439649,4,5
439640,439645,439649,4,5
439640,439645,439648,3,5
439640,439645,439648,3,5
439640,439645,439648,3,5
439640,439645,439649,4,5
439640,439648,439650,2,8
439640,439647,439650,3,7
439640,439647,439649,2,7
439640,439647,439650,3,7
439640,439647,439650,3,7
439640,439647,439650,3,7
439640,439647,439650,3,7
439640,439647,439650,3,7
439640,439648,439651,3,8
439640,439646,439650,4,6
439640,439646,439650,4,6
439640,439647,439651,4,7
439640,439649,439651,2,9
439640,439649,439651,2,9
439640,439649,439651,2,9
439640,439650,439651,1,10
439640,439649,439651,2,9
439640,439649,439650,1,9
439640,439649,439651,2,9
439640,439649,439651,2,9
439640,439649,439651,2,9
439640,439651,439652,1,11
439640,439650,439651,1,10
439640,439650,439652,2,10
439640,439650,439651,1,10
439640,439650,439651,1,10
439640,439650,439652,2,10
439640,439651,439653,2,11
439640,439651,439653,2,11
439640,439651,439653,2,11
439640,439651,439653,2,11
439640,439651,439653,2,11
439640,439651,439653,2,11
439640,439651,439653,2,11
439640,439651,439653,2,11
439640,439652,439654,2,12
439640,439651,439653,2,11
439640,439651,439654,3,11
439640,439651,439654,3,11
439640,439652,439653,1,12
439640,439651,439654,3,11
439640,439651,439654,3,11
439640,439651,439654,3,11
439640,439652,439654,2,12
439640,439652,439654,2,12
439640,439652,439654,2,12
439640,439652,439654,2,12
439640,439653,439655,2,13
439640,439653,439655,2,13
439640,439654,439655,1,14
439640,439654,439655,1,14
439640,439654,439655,1,14
439640,439654,439656,2,14
439640,439653,439656,3,13
439640,439653,439655,2,13
439640,439653,439656,3,13
439640,439654,439656,2,14
439640,439655,439656,1,15
439640,439655,439656,1,15
439640,439655,439656,1,15
439640,439655,439656,1,15
439640,439654,439657,3,14
439640,439654,439657,3,14
439640,439654,439657,3,14
439640,439655,439657,2,15
439640,439655,439657,2,15
439640,439655,439657,2,15
439640,439655,439657,2,15
439640,439655,439657,2,15
439640,439656,439657,1,16
439640,439656,439657,1,16
439640,439656,439657,1,16
439640,439656,439657,1,16
439640,439657,439658,1,17
439640,439657,439658,1,17
439640,439657,439658,1,17
439640,439657,439658,1,17
439640,439657,439658,1,17
439640,439656,439659,3,16
439640,439656,439659,3,16
439640,439656,439659,3,16
439640,439658,439659,1,18
439640,439658,439659,1,18
439640,439658,439659,1,18
439640,439658,439660,2,18
439640,439658,439660,2,18
439640,439658,439660,2,18
439640,439659,439660,1,19
439640,439658,439660,2,18
439640,439658,439660,2,18
439640,439658,439660,2,18
439640,439659,439660,1,19
439640,439659,439661,2,19
439640,439658,439660,2,18
439640,439659,439660,1,19
439640,439659,439660,1,19
439640,439657,439661,4,17
439640,439658,439661,3,18
439640,439660,439661,1,20
439640,439660,439661,1,20
439640,439660,439661,1,20
439640,439660,439661,1,20
439640,439660,439662,2,20
439640,439659,439662,3,19
439640,439659,439662,3,19
439640,439660,439662,2,20
439640,439661,439662,1,21
439640,439661,439663,2,21
439640,439661,439664,3,21
439640,439661,439663,2,21
439640,439661,439664,3,21
434880,434904,439893,4989,24
439894,439894,439896,2,0
439894,439894,439896,2,0
439894,439894,439896,2,0
439894,439894,439896,2,0
439894,439894,439896,2,0
439894,439894,439897,3,0
439894,439894,439897,3,0
439894,439894,439897,3,0
439894,439894,439897,3,0
439894,439894,439897,3,0
439894,439894,439896,2,0
439894,439894,439896,2,0
439894,439894,439897,3,0
439894,439894,439897,3,0
439894,439894,439897,3,0
439894,439894,439897,3,0
439894,439894,439898,4,0
439894,439894,439898,4,0
439894,439896,439898,2,2
439894,439894,439897,3,0
439894,439896,439898,2,2
439894,439896,439898,2,2
439894,439894,439898,4,0
439894,439896,439898,2,2
439894,439896,439898,2,2
439894,439897,439899,2,3
439894,439897,439899,2,3
439894,439897,439899,2,3
439894,439897,439899,2,3
439894,439897,439899,2,3
439894,439897,439899,2,3
439894,439897,439899,2,3
439894,439897,439899,2,3
439894,439897,439899,2,3
439894,439897,439899,2,3
439894,439898,439900,2,4
439894,439897,439900,3,3
439894,439898,439900,2,4
439894,439899,439900,1,5
439894,439898,439901,3,4
439894,439898,439901,3,4
439894,439898,439901,3,4
439894,439898,439901,3,4
439894,439899,439901,2,5
439894,439900,439901,1,6
439894,439900,439902,2,6
439894,439900,439902,2,6
439894,439900,439901,1,6
439894,439900,439901,1,6
439894,439900,439902,2,6
439894,439899,439902,3,5
439894,439898,439902,4,4
439894,439900,439902,2,6
439894,439900,439902,2,6
439894,439901,439902,1,7
439894,439900,439902,2,6
439894,439901,439902,1,7
439894,439900,439903,3,6
439894,439900,439903,3,6
439894,439902,439903,1,8
439894,439902,439903,1,8
439894,439901,439903,2,7
439894,439902,439903,1,8
439894,439902,439903,1,8
439894,439902,439903,1,8
439894,439902,439903,1,8
439894,439902,439903,1,8
439894,439902,439903,1,8
439894,439902,439903,1,8
439894,439902,439904,2,8
439894,439903,439904,1,9
439894,439903,439904,1,9
439894,439903,439904,1,9
439894,439903,439904,1,9
439894,439903,439905,2,9
439894,439904,439905,1,10
439894,439904,439905,1,10
439894,439903,439905,2,9
439894,439904,439906,2,10
439894,439903,439905,2,9
439894,439904,439906,2,10
439894,439904,439905,1,10
439894,439904,439905,1,10
439894,439904,439905,1,10
439894,439904,439906,2,10
439894,439903,439906,3,9
439894,439905,439906,1,11
439894,439904,439906,2,10
439894,439904,439906,2,10
439894,439905,439907,2,11
439894,439905,439907,2,11
439894,439905,439907,2,11
439894,439905,439907,2,11
439894,439904,439907,3,10
439894,439906,439908,2,12
439894,439907,439908,1,13
439894,439906,439908,2,12
439894,439906,439908,2,12
439894,439906,439908,2,12
439894,439907,439909,2,13
439894,439906,439908,2,12
439894,439906,439908,2,12
439894,439906,439908,2,12
439894,439906,439908,2,12
439894,439907,439908,1,13
439894,439906,439908,2,12
439894,439907,439909,2,13
439894,439907,439909,2,13
439894,439906,439909,3,12
439894,439906,439909,3,12
439894,439906,439909,3,12
439894,439907,439909,2,13
439894,439908,439910,2,14
439894,439909,439910,1,15
439894,439907,439910,3,13
439894,439909,439910,1,15
439894,439909,439910,1,15
439894,439909,439911,2,15
439894,439909,439911,2,15
439894,439909,439911,2,15
439894,439909,439911,2,15
439894,439909,439911,2,15
439894,439909,439911,2,15
439894,439908,439911,3,14
439894,439909,439911,2,15
439894,439909,439912,3,15
439894,439909,439912,3,15
439894,439909,439911,2,15
439894,439910,439912,2,16
439894,439909,439912,3,15
439894,439910,439912,2,16
439894,439910,439912,2,16
439894,439910,439912,2,16
439894,439911,439913,2,17
439894,439911,439913,2,17
439894,439911,439913,2,17
439894,439911,439913,2,17
439894,439911,439914,3,17
439894,439911,439913,2,17
439894,439911,439913,2,17
439894,439912,439914,2,18
439894,439911,439913,2,17
439894,439911,439913,2,17
439894,439912,439914,2,18
439894,439911,439914,3,17
439894,439912,439914,2,18
439894,439912,439914,2,18
439894,439912,439914,2,18
439894,439913,439915,2,19
439894,439912,439916,4,18
436823,436843,440330,3487,20
440330,440330,440332,2,0
440330,440330,440332,2,0
440330,440330,440332,2,0
440330,440330,440332,2,0
440330,440330,440332,2,0
440330,440330,440332,2,0
440330,440330,440332,2,0
440330,440330,440332,2,0
440330,440330,440333,3,0
440330,440330,440333,3,0
440330,440330,440333,3,0
440330,440330,440332,2,0
440330,440330,440332,2,0
440330,440330,440333,3,0
440330,440330,440333,3,0
440330,440330,440333,3,0
440330,440330,440333,3,0
440330,440330,440332,2,0
440330,440330,440333,3,0
440330,440330,440333,3,0
440330,440332,440334,2,2
440330,440332,440334,2,2
440330,440332,440334,2,2
440330,440332,440334,2,2
440330,440332,440334,2,2
440330,440332,440334,2,2
440330,440332,440334,2,2
440330,440332,440334,2,2
440330,440333,440335,2,3
440330,440333,440335,2,3
440330,440333,440335,2,3
440330,440333,440335,2,3
440330,440333,440335,2,3
440330,440333,440335,2,3
440330,440333,440336,3,3
440330,440333,440336,3,3
440330,440333,440336,3,3
440330,440333,440335,2,3
440330,440333,440336,3,3
440330,440334,440336,2,4
440330,440334,440336,2,4
440330,440334,440336,2,4
440330,440334,440336,2,4
440330,440333,440336,3,3
440330,440334,440336,2,4
440330,440334,440336,2,4
440330,440334,440337,3,4
440330,440335,440337,2,5
440330,440335,440337,2,5
440330,440335,440337,2,5
440330,440336,440337,1,6
440330,440336,440338,2,6
440330,440336,440338,2,6
440330,440336,440338,2,6
440330,440336,440338,2,6
440330,440336,440337,1,6
440330,440336,440338,2,6
440330,440336,440338,2,6
440330,440336,440338,2,6
440330,440335,440338,3,5
440330,440335,440338,3,5
440330,440337,440338,1,7
440330,440337,440338,1,7
440330,440337,440338,1,7
440330,440338,440339,1,8
440330,440336,440339,3,6
440330,440336,440339,3,6
440330,440337,440338,1,7
440330,440337,440339,2,7
440330,440338,440339,1,8
440330,440339,440340,1,9
440330,440339,440340,1,9
440330,440339,440340,1,9
440330,440339,440340,1,9
440330,440339,440341,2,9
440330,440339,440340,1,9
440330,440339,440340,1,9
440330,440339,440341,2,9
440330,440338,440340,2,8
440330,440338,440341,3,8
440330,440338,440341,3,8
440330,440338,440341,3,8
440330,440340,440341,1,10
440330,440340,440341,1,10
440330,440339,440341,2,9
440330,440339,440341,2,9
440330,440339,440341,2,9
440330,440340,440341,1,10
440330,440339,440342,3,9
440330,440341,440342,1,11
440330,440341,440342,1,11
440330,440341,440342,1,11
440330,440341,440343,2,11
440330,440341,440342,1,11
440330,440341,440342,1,11
440330,440341,440343,2,11
440330,440341,440343,2,11
440330,440339,440342,3,9
440330,440342,440344,2,12
440330,440342,440344,2,12
440330,440342,440343,1,12
440330,440342,440343,1,12
440330,440341,440344,3,11
440330,440341,440344,3,11
440330,440342,440344,2,12
440330,440343,440344,1,13
440330,440343,440344,1,13
440330,440343,440344,1,13
440330,440343,440344,1,13
440330,440343,440344,1,13
440330,440342,440344,2,12
440330,440342,440344,2,12
440330,440342,440344,2,12
440330,440343,440344,1,13
440330,440343,440344,1,13
440330,440343,440345,2,13
440330,440343,440345,2,13
440330,440344,440345,1,14
440330,440344,440345,1,14
440330,440344,440346,2,14
440330,440344,440346,2,14
440330,440345,440346,1,15
440330,440345,440346,1,15
440330,440345,440346,1,15
440330,440345,440347,2,15
440330,440345,440346,1,15
440330,440345,440346,1,15
440330,440345,440346,1,15
440330,440345,440347,2,15
440330,440343,440347,4,13
440330,440344,440347,3,14
440330,440345,440347,2,15
440330,440346,440347,1,16
440330,440346,440348,2,16
440330,440345,440347,2,15
440330,440345,440347,2,15
440330,440345,440347,2,15
440330,440346,440347,1,16
440330,440345,440348,3,15
440330,440346,440348,2,16
440330,440347,440348,1,17
440330,440347,440348,1,17
440330,440347,440348,1,17
440330,440347,440348,1,17
440330,440347,440349,2,17
440330,440347,440348,1,17
440330,440347,440349,2,17
440330,440347,440349,2,17
440330,440347,440349,2,17
435729,435747,440722,4975,18
440724,440724,440725,1,0
440724,440724,440725,1,0
440724,440724,440725,1,0
440724,440724,440725,1,0
440724,440724,440725,1,0
440724,440724,440726,2,0
440724,440724,440726,2,0
440724,440724,440726,2,0
440724,440724,440726,2,0
440724,440724,440726,2,0
440724,440724,440726,2,0
440724,440724,440726,2,0
440724,440724,440726,2,0
440724,440724,440726,2,0
440724,440724,440726,2,0
440724,440724,440726,2,0
440724,440724,440726,2,0
440724,440724,440726,2,0
440724,440724,440726,2,0
440724,440724,440727,3,0
440724,440726,440727,1,2
440724,440726,440727,1,2
440724,440726,440727,1,2
440724,440726,440727,1,2
440724,440726,440727,1,2
440724,440726,440727,1,2
440724,440726,440727,1,2
440724,440726,440728,2,2
440724,440727,440728,1,3
440724,440727,440728,1,3
440724,440727,440729,2,3
440724,440727,440728,1,3
440724,440727,440728,1,3
440724,440727,440729,2,3
440724,440727,440729,2,3
440724,440727,440729,2,3
440724,440727,440729,2,3
440724,440728,440730,2,4
440724,440727,440729,2,3
440724,440727,440729,2,3
440724,440728,440730,2,4
440724,440728,440730,2,4
440724,440728,440730,2,4
440724,440729,440731,2,5
440724,440728,440730,2,4
440724,440728,440730,2,4
440724,440728,440730,2,4
440724,440728,440730,2,4
440724,440730,440731,1,6
440724,440729,440730,1,5
440724,440729,440730,1,5
440724,440729,440730,1,5
440724,440728,440731,3,4
440724,440729,440731,2,5
440724,440731,440732,1,7
440724,440729,440731,2,5
440724,440730,440732,2,6
440724,440730,440731,1,6
440724,440730,440731,1,6
440724,440730,440731,1,6
440724,440730,440731,1,6
440724,440731,440732,1,7
440724,440730,440732,2,6
440724,440730,440732,2,6
440724,440730,440732,2,6
440724,440731,440732,1,7
440724,440731,440732,1,7
440724,440732,440733,1,8
440724,440731,440732,1,7
440724,440731,440733,2,7
440724,440731,440732,1,7
440724,440731,440732,1,7
440724,440731,440732,1,7
440724,440732,440734,2,8
440724,440732,440733,1,8
440724,440732,440734,2,8
440724,440732,440733,1,8
440724,440732,440734,2,8
440724,440732,440733,1,8
440724,440733,440734,1,9
440724,440733,440735,2,9
440724,440732,440734,2,8
440724,440732,440735,3,8
440724,440732,440734,2,8
440724,440733,440735,2,9
440724,440733,440735,2,9
440724,440733,440735,2,9
440724,440733,440735,2,9
440724,440733,440735,2,9
440724,440733,440735,2,9
440724,440733,440735,2,9
440724,440733,440735,2,9
440724,440733,440735,2,9
440724,440734,440736,2,10
440724,440734,440736,2,10
440724,440734,440736,2,10
440724,440734,440736,2,10
440724,440734,440736,2,10
440724,440734,440736,2,10
440724,440735,440736,1,11
440724,440735,440737,2,11
440724,440735,440737,2,11
440724,440735,440737,2,11
440724,440735,440737,2,11
440724,440735,440737,2,11
440724,440735,440737,2,11
440724,440736,440738,2,12
440724,440736,440737,1,12
440724,440736,440738,2,12
440724,440735,440738,3,11
440724,440735,440737,2,11
440724,440735,440737,2,11
440724,440736,440738,2,12
440724,440736,440738,2,12
440724,440736,440739,3,12
440724,440736,440738,2,12
440724,440737,440739,2,13
440724,440737,440739,2,13
440724,440737,440739,2,13
440724,440737,440739,2,13
440724,440737,440739,2,13
440724,440736,440739,3,12
440724,440737,440739,2,13
440724,440737,440739,2,13
440724,440736,440739,3,12
440724,440737,440740,3,13
440724,440738,440739,1,14
440724,440738,440740,2,14
440724,440738,440740,2,14
440724,440738,440740,2,14
440724,440739,440741,2,15
440724,440739,440741,2,15
440724,440738,440741,3,14
440724,440738,440741,3,14
440724,440738,440741,3,14
440724,440739,440741,2,15
440724,440739,440741,2,15
440724,440739,440741,2,15
440724,440739,440741,2,15
440724,440739,440741,2,15
440724,440739,440741,2,15
440724,440739,440742,3,15
440724,440739,440742,3,15
440724,440739,440741,2,15
440724,440740,440742,2,16
440724,440740,440742,2,16
440724,440740,440742,2,16
440724,440740,440743,3,16
440724,440740,440743,3,16
440724,440741,440744,3,17
436135,436153,441108,4955,18
441110,441110,441111,1,0
441110,441110,441112,2,0
441110,441110,441111,1,0
441110,441110,441111,1,0
441110,441110,441112,2,0
441110,441110,441112,2,0
441110,441110,441112,2,0
441110,441110,441112,2,0
441110,441110,441112,2,0
441110,441110,441112,2,0
441110,441110,441112,2,0
441110,441110,441112,2,0
441110,441110,441112,2,0
441110,441110,441112,2,0
441110,441110,441112,2,0
441110,441110,441112,2,0
441110,441110,441112,2,0
441110,441110,441112,2,0
441110,441110,441112,2,0
441110,441110,441112,2,0
441110,441112,441114,2,2
441110,441112,441113,1,2
441110,441112,441113,1,2
441110,441112,441113,1,2
441110,441112,441113,1,2
441110,441112,441114,2,2
441110,441112,441113,1,2
441110,441113,441115,2,3
441110,441113,441115,2,3
441110,441113,441115,2,3
441110,441113,441114,1,3
441110,441113,441115,2,3
441110,441113,441115,2,3
441110,441113,441115,2,3
441110,441113,441115,2,3
441110,441114,441116,2,4
441110,441113,441115,2,3
441110,441113,441115,2,3
441110,441113,441115,2,3
441110,441114,441116,2,4
441110,441114,441116,2,4
441110,441114,441116,2,4
441110,441113,441116,3,3
441110,441113,441116,3,3
441110,441114,441115,1,4
441110,441114,441116,2,4
441110,441115,441117,2,5
441110,441114,441116,2,4
441110,441116,441117,1,6
441110,441115,441116,1,5
441110,441115,441116,1,5
441110,441115,441117,2,5
441110,441115,441118,3,5
441110,441116,441117,1,6
441110,441115,441117,2,5
441110,441116,441117,1,6
441110,441116,441118,2,6
441110,441116,441118,2,6
441110,441116,441118,2,6
441110,441116,441117,1,6
441110,441116,441118,2,6
441110,441116,441118,2,6
441110,441116,441118,2,6
441110,441117,441118,1,7
441110,441117,441118,1,7
441110,441116,441118,2,6
441110,441116,441119,3,6
441110,441117,441119,2,7
441110,441117,441119,2,7
441110,441117,441118,1,7
441110,441117,441119,2,7
441110,441118,441120,2,8
441110,441118,441119,1,8
441110,441118,441120,2,8
441110,441118,441120,2,8
441110,441118,441120,2,8
441110,441117,441120,3,7
441110,441118,441120,2,8
441110,441118,441120,2,8
441110,441118,441120,2,8
441110,441119,441120,1,9
441110,441119,441121,2,9
441110,441119,441121,2,9
441110,441119,441121,2,9
441110,441119,441121,2,9
441110,441119,441121,2,9
441110,441119,441121,2,9
441110,441119,441121,2,9
441110,441119,441121,2,9
441110,441120,441122,2,10
441110,441119,441121,2,9
441110,441120,441122,2,10
441110,441120,441122,2,10
441110,441120,441122,2,10
441110,441120,441122,2,10
441110,441120,441122,2,10
441110,441120,441122,2,10
441110,441119,441122,3,9
441110,441120,441122,2,10
441110,441121,441123,2,11
441110,441121,441123,2,11
441110,441121,441123,2,11
441110,441121,441123,2,11
441110,441120,441123,3,10
441110,441121,441123,2,11
441110,441121,441124,3,11
441110,441122,441125,3,12
441110,441122,441125,3,12
441110,441122,441125,3,12
441110,441123,441125,2,13
441110,441123,441125,2,13
441110,441122,441126,4,12
441110,441122,441125,3,12
441110,441123,441126,3,13
441110,441124,441126,2,14
441110,441124,441126,2,14
441110,441123,441125,2,13
441110,441123,441126,3,13
441110,441123,441126,3,13
441110,441122,441125,3,12
441110,441123,441126,3,13
441110,441124,441126,2,14
441110,441124,441126,2,14
441110,441123,441125,2,13
441110,441122,441126,4,12
441110,441125,441127,2,15
441110,441124,441127,3,14
441110,441125,441127,2,15
441110,441125,441127,2,15
441110,441125,441127,2,15
441110,441126,441128,2,16
441110,441126,441128,2,16
441110,441126,441128,2,16
441110,441126,441128,2,16
441110,441126,441128,2,16
441110,441125,441128,3,15
441110,441127,441128,1,17
441110,441126,441129,3,16
441110,441126,441128,2,16
441110,441126,441129,3,16
441110,441126,441128,2,16
441110,441126,441129,3,16
441110,441126,441129,3,16
441110,441126,441129,3,16
441110,441127,441129,2,17
441110,441127,441130,3,17
441110,441128,441130,2,18
441110,441128,441130,2,18
441110,441128,441130,2,18
441110,441127,441130,3,17
438232,438249,441747,3498,17
441749,441749,441751,2,0
441749,441749,441751,2,0
441749,441749,441751,2,0
441749,441749,441751,2,0
441749,441749,441751,2,0
441749,441749,441752,3,0
441749,441749,441752,3,0
441749,441749,441752,3,0
441749,441749,441752,3,0
441749,441749,441752,3,0
441749,441749,441752,3,0
441749,441749,441752,3,0
441749,441749,441752,3,0
441749,441749,441752,3,0
441749,441749,441752,3,0
441749,441749,441752,3,0
441749,441749,441752,3,0
441749,441749,441752,3,0
441749,441749,441752,3,0
441749,441749,441752,3,0
441749,441752,441753,1,3
441749,441752,441753,1,3
441749,441752,441755,3,3
441749,441753,441755,2,4
441749,441752,441755,3,3
441749,441752,441755,3,3
441749,441753,441756,3,4
441749,441752,441756,4,3
441749,441752,441756,4,3
441749,441753,441756,3,4
441749,441753,441756,3,4
441749,441753,441756,3,4
441749,441753,441756,3,4
441749,441753,441756,3,4
441749,441753,441756,3,4
441749,441753,441756,3,4
441749,441754,441756,2,5
441749,441754,441756,2,5
441749,441753,441757,4,4
441749,441753,441757,4,4
441749,441756,441757,1,7
441749,441753,441757,4,4
441749,441756,441758,2,7
441749,441756,441757,1,7
441749,441756,441757,1,7
441749,441753,441757,4,4
441749,441755,441757,2,6
441749,441757,441758,1,8
441749,441757,441758,1,8
441749,441757,441758,1,8
441749,441757,441758,1,8
441749,441757,441758,1,8
441749,441757,441759,2,8
441749,441757,441758,1,8
441749,441757,441758,1,8
441749,441757,441760,3,8
441749,441757,441759,2,8
441749,441757,441760,3,8
441749,441757,441759,2,8
441749,441758,441760,2,9
441749,441758,441760,2,9
441749,441758,441760,2,9
441749,441758,441761,3,9
441749,441758,441761,3,9
441749,441759,441761,2,10
441749,441759,441761,2,10
441749,441758,441761,3,9
441749,441759,441762,3,10
441749,441759,441761,2,10
441749,441759,441761,2,10
441749,441759,441761,2,10
441749,441758,441761,3,9
441749,441758,441761,3,9
441749,441759,441761,2,10
441749,441759,441762,3,10
441749,441760,441762,2,11
441749,441760,441763,3,11
441749,441760,441762,2,11
441749,441761,441763,2,12
441749,441760,441762,2,11
441749,441761,441763,2,12
441749,441761,441763,2,12
441749,441761,441762,1,12
441749,441762,441764,2,13
441749,441762,441764,2,13
441749,441762,441764,2,13
441749,441762,441764,2,13
441749,441762,441764,2,13
441749,441762,441764,2,13
441749,441762,441765,3,13
441749,441762,441765,3,13
441749,441762,441765,3,13
441749,441762,441764,2,13
441749,441762,441765,3,13
441749,441762,441765,3,13
441749,441763,441766,3,14
441749,441763,441766,3,14
441749,441763,441766,3,14
441749,441763,441766,3,14
441749,441764,441766,2,15
441749,441764,441766,2,15
441749,441763,441766,3,14
441749,441764,441767,3,15
441749,441764,441766,2,15
441749,441764,441766,2,15
441749,441763,441767,4,14
441749,441765,441767,2,16
441749,441763,441767,4,14
441749,441763,441767,4,14
441749,441766,441768,2,17
441749,441765,441767,2,16
441749,441765,441768,3,16
441749,441765,441767,2,16
441749,441765,441767,2,16
441749,441765,441767,2,16
441749,441766,441768,2,17
441749,441766,441768,2,17
441749,441765,441768,3,16
441749,441767,441769,2,18
441749,441767,441769,2,18
441749,441767,441769,2,18
441749,441767,441769,2,18
441749,441767,441769,2,18
441749,441767,441769,2,18
441749,441767,441769,2,18
441749,441768,441770,2,19
441749,441768,441770,2,19
441749,441767,441769,2,18
441749,441768,441770,2,19
441749,441768,441770,2,19
441749,441768,441770,2,19
441749,441768,441771,3,19
441749,441767,441770,3,18
441749,441768,441771,3,19
441749,441768,441771,3,19
441749,441768,441770,2,19
441749,441769,441772,3,20
441749,441769,441772,3,20
441749,441769,441772,3,20
441749,441768,441771,3,19
441749,441769,441772,3,20
441749,441769,441772,3,20
441749,441770,441772,2,21
441749,441769,441773,4,20
441749,441770,441773,3,21
441749,441770,441773,3,21
441749,441769,441772,3,20
441749,441769,441773,4,20
441749,441770,441773,3,21
441749,441770,441773,3,21
438328,438347,441810,3463,19
441811,441811,441812,1,0
441811,441811,441813,2,0
441811,441811,441813,2,0
441811,441811,441813,2,0
441811,441811,441813,2,0
441811,441811,441812,1,0
441811,441811,441812,1,0
441811,441811,441812,1,0
441811,441811,441813,2,0
441811,441811,441813,2,0
441811,441811,441813,2,0
441811,441811,441813,2,0
441811,441811,441813,2,0
441811,441811,441813,2,0
441811,441811,441813,2,0
441811,441811,441813,2,0
441811,441811,441813,2,0
441811,441811,441813,2,0
441811,441811,441813,2,0
441811,441813,441814,1,2
441811,441813,441815,2,2
441811,441813,441815,2,2
441811,441813,441815,2,2
441811,441813,441815,2,2
441811,441813,441815,2,2
441811,441814,441815,1,3
441811,441814,441816,2,3
441811,441814,441816,2,3
441811,441813,441815,2,2
441811,441813,441815,2,2
441811,441814,441816,2,3
441811,441814,441816,2,3
441811,441814,441816,2,3
441811,441811,441816,5,0
441811,441814,441817,3,3
441811,441814,441816,2,3
441811,441814,441816,2,3
441811,441815,441817,2,4
441811,441815,441817,2,4
441811,441816,441818,2,5
441811,441816,441818,2,5
441811,441814,441817,3,3
441811,441814,441817,3,3
441811,441816,441818,2,5
441811,441816,441818,2,5
441811,441816,441818,2,5
441811,441816,441818,2,5
441811,441816,441818,2,5
441811,441816,441817,1,5
441811,441817,441818,1,6
441811,441817,441819,2,6
441811,441817,441819,2,6
441811,441816,441818,2,5
441811,441816,441818,2,5
441811,441817,441818,1,6
441811,441817,441818,1,6
441811,441817,441819,2,6
441811,441817,441818,1,6
441811,441818,441819,1,7
441811,441817,441819,2,6
441811,441818,441819,1,7
441811,441818,441819,1,7
441811,441818,441820,2,7
441811,441818,441820,2,7
441811,441818,441819,1,7
441811,441818,441820,2,7
441811,441818,441819,1,7
441811,441818,441819,1,7
441811,441818,441819,1,7
441811,441818,441819,1,7
441811,441819,441821,2,8
441811,441819,441821,2,8
441811,441819,441821,2,8
441811,441819,441821,2,8
441811,441819,441821,2,8
441811,441819,441821,2,8
441811,441819,441821,2,8
441811,441819,441822,3,8
441811,441820,441822,2,9
441811,441820,441822,2,9
441811,441819,441821,2,8
441811,441820,441822,2,9
441811,441820,441822,2,9
441811,441820,441822,2,9
441811,441820,441822,2,9
441811,441820,441822,2,9
441811,441820,441823,3,9
441811,441820,441823,3,9
441811,441821,441823,2,10
441811,441820,441822,2,9
441811,441821,441823,2,10
441811,441821,441823,2,10
441811,441821,441823,2,10
441811,441820,441823,3,9
441811,441821,441823,2,10
441811,441821,441824,3,10
441811,441822,441824,2,11
441811,441822,441824,2,11
441811,441822,441824,2,11
441811,441822,441824,2,11
441811,441822,441824,2,11
441811,441822,441824,2,11
441811,441822,441824,2,11
441811,441822,441824,2,11
441811,441822,441825,3,11
441811,441822,441824,2,11
441811,441823,441825,2,12
441811,441823,441825,2,12
441811,441823,441825,2,12
441811,441823,441825,2,12
441811,441823,441826,3,12
441811,441823,441826,3,12
441811,441824,441826,2,13
441811,441824,441826,2,13
441811,441824,441826,2,13
441811,441824,441826,2,13
441811,441824,441826,2,13
441811,441824,441826,2,13
441811,441824,441826,2,13
441811,441824,441827,3,13
441811,441824,441826,2,13
441811,441824,441826,2,13
441811,441825,441827,2,14
441811,441826,441827,1,15
441811,441826,441827,1,15
441811,441826,441827,1,15
441811,441826,441827,1,15
441811,441825,441828,3,14
441811,441824,441827,3,13
441811,441825,441828,3,14
441811,441827,441828,1,16
441811,441827,441828,1,16
441811,441827,441828,1,16
441811,441827,441828,1,16
441811,441827,441828,1,16
441811,441827,441828,1,16
441811,441827,441828,1,16
441811,441826,441829,3,15
441811,441826,441829,3,15
441811,441828,441829,1,17
441811,441828,441829,1,17
441811,441828,441829,1,17
441811,441828,441830,2,17
441811,441827,441830,3,16
441811,441828,441830,2,17
441811,441827,441830,3,16
441811,441827,441830,3,16
441811,441827,441830,3,16
441811,441828,441831,3,17
441811,441828,441831,3,17
438484,438502,441964,3462,18
441965,441965,441967,2,0
441965,441965,441966,1,0
441965,441965,441967,2,0
441965,441965,441967,2,0
441965,441965,441966,1,0
441965,441965,441966,1,0
441965,441965,441966,1,0
441965,441965,441967,2,0
441965,441965,441966,1,0
441965,441965,441966,1,0
441965,441965,441966,1,0
441965,441965,441967,2,0
441965,441965,441967,2,0
441965,441965,441967,2,0
441965,441965,441967,2,0
441965,441965,441967,2,0
441965,441965,441967,2,0
441965,441965,441967,2,0
441965,441965,441967,2,0
441965,441965,441967,2,0
441965,441967,441968,1,2
441965,441967,441968,1,2
441965,441967,441968,1,2
441965,441967,441968,1,2
441965,441967,441969,2,2
441965,441967,441968,1,2
441965,441967,441968,1,2
441965,441967,441968,1,2
441965,441967,441969,2,2
441965,441967,441968,1,2
441965,441967,441968,1,2
441965,441967,441969,2,2
441965,441968,441970,2,3
441965,441968,441971,3,3
441965,441968,441971,3,3
441965,441968,441970,2,3
441965,441968,441970,2,3
441965,441969,441971,2,4
441965,441968,441971,3,3
441965,441969,441971,2,4
441965,441969,441971,2,4
441965,441969,441971,2,4
441965,441969,441971,2,4
441965,441969,441971,2,4
441965,441969,441972,3,4
441965,441970,441972,2,5
441965,441968,441971,3,3
441965,441968,441971,3,3
441965,441969,441971,2,4
441965,441969,441971,2,4
441965,441969,441971,2,4
441965,441970,441971,1,5
441965,441971,441972,1,6
441965,441969,441971,2,4
441965,441971,441973,2,6
441965,441971,441972,1,6
441965,441971,441973,2,6
441965,441971,441972,1,6
441965,441971,441972,1,6
441965,441971,441973,2,6
441965,441971,441972,1,6
441965,441971,441972,1,6
441965,441971,441972,1,6
441965,441971,441973,2,6
441965,441972,441973,1,7
441965,441972,441974,2,7
441965,441972,441974,2,7
441965,441972,441974,2,7
441965,441972,441974,2,7
441965,441972,441973,1,7
441965,441972,441973,1,7
441965,441972,441973,1,7
441965,441972,441973,1,7
441965,441972,441974,2,7
441965,441973,441974,1,8
441965,441973,441975,2,8
441965,441973,441975,2,8
441965,441973,441975,2,8
441965,441973,441975,2,8
441965,441973,441976,3,8
441965,441973,441976,3,8
441965,441973,441975,2,8
441965,441973,441975,2,8
441965,441973,441975,2,8
441965,441974,441976,2,9
441965,441974,441976,2,9
441965,441974,441976,2,9
441965,441973,441975,2,8
441965,441974,441976,2,9
441965,441974,441976,2,9
441965,441975,441977,2,10
441965,441974,441976,2,9
441965,441974,441977,3,9
441965,441974,441976,2,9
441965,441974,441977,3,9
441965,441975,441977,2,10
441965,441975,441977,2,10
441965,441975,441977,2,10
441965,441976,441978,2,11
441965,441976,441978,2,11
441965,441976,441978,2,11
441965,441976,441978,2,11
441965,441976,441978,2,11
441965,441976,441978,2,11
441965,441976,441978,2,11
441965,441976,441977,1,11
441965,441976,441978,2,11
441965,441977,441978,1,12
441965,441976,441979,3,11
441965,441976,441978,2,11
441965,441976,441979,3,11
441965,441977,441979,2,12
441965,441977,441979,2,12
441965,441977,441979,2,12
441965,441977,441980,3,12
441965,441977,441980,3,12
441965,441978,441980,2,13
441965,441977,441980,3,12
441965,441977,441980,3,12
441965,441978,441980,2,13
441965,441979,441980,1,14
441965,441979,441981,2,14
441965,441978,441981,3,13
441965,441978,441981,3,13
441965,441978,441980,2,13
441965,441978,441981,3,13
441965,441978,441981,3,13
441965,441979,441981,2,14
441965,441978,441980,2,13
441965,441979,441981,2,14
441965,441979,441981,2,14
441965,441979,441981,2,14
441965,441979,441982,3,14
441965,441979,441982,3,14
441965,441980,441982,2,15
441965,441981,441983,2,16
441965,441980,441983,3,15
441965,441980,441983,3,15
441965,441980,441983,3,15
441965,441980,441983,3,15
441965,441982,441983,1,17
441965,441981,441983,2,16
441965,441982,441983,1,17
441965,441981,441983,2,16
441965,441980,441984,4,15
441965,441982,441984,2,17
441965,441982,441984,2,17
441965,441982,441984,2,17
441965,441982,441986,4,17
441965,441982,441987,5,17
437263,437281,442236,4955,18
442237,442237,442239,2,0
442237,442237,442239,2,0
442237,442237,442239,2,0
442237,442237,442239,2,0
442237,442237,442239,2,0
442237,442237,442239,2,0
442237,442237,442239,2,0
442237,442237,442239,2,0
442237,442237,442239,2,0
442237,442237,442240,3,0
442237,442237,442240,3,0
442237,442237,442240,3,0
442237,442237,442240,3,0
442237,442237,442240,3,0
442237,442237,442240,3,0
442237,442237,442240,3,0
442237,442237,442240,3,0
442237,442237,442240,3,0
442237,442237,442239,2,0
442237,442237,442239,2,0
442237,442239,442241,2,2
442237,442239,442241,2,2
442237,442239,442241,2,2
442237,442239,442241,2,2
442237,442239,442241,2,2
442237,442239,442241,2,2
442237,442239,442241,2,2
442237,442239,442241,2,2
442237,442240,442242,2,3
442237,442239,442242,3,2
442237,442240,442242,2,3
442237,442240,442242,2,3
442237,442241,442243,2,4
442237,442240,442243,3,3
442237,442240,442242,2,3
442237,442240,442243,3,3
442237,442240,442243,3,3
442237,442240,442242,2,3
442237,442241,442243,2,4
442237,442241,442243,2,4
442237,442241,442243,2,4
442237,442241,442243,2,4
442237,442241,442243,2,4
442237,442241,442243,2,4
442237,442241,442243,2,4
442237,442240,442243,3,3
442237,442240,442243,3,3
442237,442242,442244,2,5
442237,442243,442244,1,6
442237,442240,442244,4,3
442237,442243,442244,1,6
442237,442242,442245,3,5
442237,442243,442245,2,6
442237,442242,442245,3,5
442237,442243,442245,2,6
442237,442243,442245,2,6
442237,442243,442245,2,6
442237,442243,442245,2,6
442237,442244,442245,1,7
442237,442244,442245,1,7
442237,442244,442245,1,7
442237,442244,442245,1,7
442237,442244,442245,1,7
442237,442244,442245,1,7
442237,442244,442246,2,7
442237,442243,442246,3,6
442237,442245,442246,1,8
442237,442245,442246,1,8
442237,442245,442247,2,8
442237,442245,442247,2,8
442237,442246,442247,1,9
442237,442245,442247,2,8
442237,442246,442247,1,9
442237,442245,442248,3,8
442237,442245,442248,3,8
442237,442245,442248,3,8
442237,442245,442248,3,8
442237,442246,442248,2,9
442237,442246,442248,2,9
442237,442246,442248,2,9
442237,442246,442248,2,9
442237,442246,442248,2,9
442237,442247,442248,1,10
442237,442247,442248,1,10
442237,442246,442248,2,9
442237,442246,442248,2,9
442237,442246,442248,2,9
442237,442247,442249,2,10
442237,442247,442249,2,10
442237,442248,442249,1,11
442237,442248,442250,2,11
442237,442247,442250,3,10
442237,442249,442250,1,12
442237,442249,442250,1,12
442237,442249,442251,2,12
442237,442248,442250,2,11
442237,442249,442250,1,12
442237,442249,442251,2,12
442237,442249,442250,1,12
442237,442249,442250,1,12
442237,442249,442251,2,12
442237,442249,442251,2,12
442237,442249,442251,2,12
442237,442249,442251,2,12
442237,442249,442251,2,12
442237,442249,442251,2,12
442237,442250,442251,1,13
442237,442249,442251,2,12
442237,442249,442252,3,12
442237,442250,442251,1,13
442237,442251,442252,1,14
442237,442250,442252,2,13
442237,442251,442252,1,14
442237,442251,442252,1,14
442237,442251,442253,2,14
442237,442251,442253,2,14
442237,442251,442253,2,14
442237,442251,442252,1,14
442237,442251,442253,2,14
442237,442251,442252,1,14
442237,442251,442253,2,14
442237,442251,442253,2,14
442237,442252,442254,2,15
442237,442252,442254,2,15
442237,442252,442254,2,15
442237,442253,442254,1,16
442237,442252,442254,2,15
442237,442252,442254,2,15
442237,442252,442254,2,15
442237,442253,442254,1,16
442237,442252,442255,3,15
442237,442253,442255,2,16
442237,442252,442255,3,15
442237,442253,442255,2,16
442237,442253,442256,3,16
442237,442253,442255,2,16
442237,442253,442256,3,16
442237,442253,442256,3,16
442237,442253,442256,3,16
442237,442254,442256,2,17
442237,442253,442256,3,16
442237,442253,442256,3,16
442237,442255,442257,2,18
442237,442254,442257,3,17
442237,442255,442257,2,18
442237,442255,442258,3,18
442237,442255,442258,3,18
442237,442255,442258,3,18
437433,437453,442383,4930,20
442383,442383,442385,2,0
442383,442383,442385,2,0
442383,442383,442385,2,0
442383,442383,442385,2,0
442383,442383,442385,2,0
442383,442383,442385,2,0
442383,442383,442385,2,0
442383,442383,442386,3,0
442383,442383,442386,3,0
442383,442383,442386,3,0
442383,442383,442385,2,0
442383,442383,442386,3,0
442383,442383,442386,3,0
442383,442383,442386,3,0
442383,442383,442386,3,0
442383,442383,442386,3,0
442383,442383,442385,2,0
442383,442383,442385,2,0
442383,442383,442385,2,0
442383,442383,442386,3,0
442383,442385,442387,2,2
442383,442385,442387,2,2
442383,442385,442387,2,2
442383,442385,442387,2,2
442383,442385,442387,2,2
442383,442385,442387,2,2
442383,442385,442387,2,2
442383,442386,442388,2,3
442383,442386,442388,2,3
442383,442386,442388,2,3
442383,442386,442388,2,3
442383,442386,442388,2,3
442383,442386,442388,2,3
442383,442386,442388,2,3
442383,442387,442389,2,4
442383,442387,442389,2,4
442383,442387,442389,2,4
442383,442386,442389,3,3
442383,442386,442389,3,3
442383,442386,442389,3,3
442383,442386,442388,2,3
442383,442386,442389,3,3
442383,442386,442389,3,3
442383,442387,442389,2,4
442383,442388,442389,1,5
442383,442388,442389,1,5
442383,442387,442390,3,4
442383,442388,442390,2,5
442383,442389,442390,1,6
442383,442388,442390,2,5
442383,442389,442390,1,6
442383,442389,442390,1,6
442383,442389,442390,1,6
442383,442389,442390,1,6
442383,442389,442391,2,6
442383,442390,442391,1,7
442383,442390,442391,1,7
442383,442390,442391,1,7
442383,442390,442391,1,7
442383,442391,442392,1,8
442383,442388,442391,3,5
442383,442390,442391,1,7
442383,442390,442391,1,7
442383,442390,442391,1,7
442383,442391,442392,1,8
442383,442391,442392,1,8
442383,442391,442392,1,8
442383,442390,442392,2,7
442383,442390,442392,2,7
442383,442391,442392,1,8
442383,442391,442392,1,8
442383,442391,442392,1,8
442383,442391,442392,1,8
442383,442391,442392,1,8
442383,442391,442393,2,8
442383,442392,442393,1,9
442383,442392,442393,1,9
442383,442392,442394,2,9
442383,442392,442393,1,9
442383,442392,442394,2,9
442383,442392,442393,1,9
442383,442392,442394,2,9
442383,442392,442394,2,9
442383,442392,442394,2,9
442383,442392,442394,2,9
442383,442393,442394,1,10
442383,442393,442394,1,10
442383,442393,442395,2,10
442383,442393,442394,1,10
442383,442393,442395,2,10
442383,442393,442395,2,10
442383,442393,442395,2,10
442383,442393,442395,2,10
442383,442393,442395,2,10
442383,442393,442395,2,10
442383,442394,442395,1,11
442383,442394,442395,1,11
442383,442394,442395,1,11
442383,442394,442396,2,11
442383,442394,442396,2,11
442383,442394,442396,2,11
442383,442395,442396,1,12
442383,442395,442396,1,12
442383,442395,442396,1,12
442383,442395,442397,2,12
442383,442396,442397,1,13
442383,442395,442397,2,12
442383,442395,442397,2,12
442383,442395,442398,3,12
442383,442396,442397,1,13
442383,442396,442398,2,13
442383,442395,442397,2,12
442383,442395,442397,2,12
442383,442396,442397,1,13
442383,442396,442398,2,13
442383,442396,442398,2,13
442383,442396,442398,2,13
442383,442397,442399,2,14
442383,442397,442398,1,14
442383,442397,442399,2,14
442383,442397,442399,2,14
442383,442397,442399,2,14
442383,442397,442399,2,14
442383,442398,442399,1,15
442383,442396,442399,3,13
442383,442396,442399,3,13
442383,442398,442399,1,15
442383,442398,442399,1,15
442383,442398,442400,2,15
442383,442398,442400,2,15
442383,442398,442400,2,15
442383,442398,442401,3,15
442383,442398,442400,2,15
442383,442399,442401,2,16
442383,442399,442401,2,16
442383,442399,442400,1,16
442383,442399,442401,2,16
442383,442399,442401,2,16
442383,442399,442401,2,16
442383,442400,442401,1,17
442383,442399,442401,2,16
442383,442399,442401,2,16
442383,442398,442401,3,15
442383,442400,442402,2,17
442383,442400,442401,1,17
442383,442398,442401,3,15
442383,442400,442402,2,17
442383,442400,442403,3,17
442383,442400,442405,5,17
437729,437746,442665,4919,17
442666,442666,442667,1,0
442666,442666,442668,2,0
442666,442666,442668,2,0
442666,442666,442668,2,0
442666,442666,442668,2,0
442666,442666,442668,2,0
442666,442666,442668,2,0
442666,442666,442669,3,0
442666,442666,442668,2,0
442666,442666,442668,2,0
442666,442666,442668,2,0
442666,442666,442668,2,0
442666,442666,442668,2,0
442666,442666,442669,3,0
442666,442666,442669,3,0
442666,442666,442668,2,0
442666,442666,442668,2,0
442666,442666,442668,2,0
442666,442666,442668,2,0
442666,442668,442669,1,2
442666,442666,442669,3,0
442666,442668,442670,2,2
442666,442668,442670,2,2
442666,442668,442670,2,2
442666,442668,442670,2,2
442666,442668,442670,2,2
442666,442669,442671,2,3
442666,442669,442671,2,3
442666,442669,442671,2,3
442666,442670,442671,1,4
442666,442669,442671,2,3
442666,442669,442671,2,3
442666,442669,442671,2,3
442666,442669,442671,2,3
442666,442670,442672,2,4
442666,442669,442671,2,3
442666,442669,442671,2,3
442666,442669,442671,2,3
442666,442669,442671,2,3
442666,442669,442671,2,3
442666,442669,442671,2,3
442666,442670,442672,2,4
442666,442670,442672,2,4
442666,442671,442673,2,5
442666,442670,442673,3,4
442666,442670,442672,2,4
442666,442670,442672,2,4
442666,442671,442673,2,5
442666,442671,442673,2,5
442666,442672,442673,1,6
442666,442672,442673,1,6
442666,442672,442673,1,6
442666,442672,442673,1,6
442666,442672,442674,2,6
442666,442672,442674,2,6
442666,442673,442676,3,7
442666,442672,442676,4,6
442666,442673,442676,3,7
442666,442672,442676,4,6
442666,442672,442676,4,6
442666,442672,442676,4,6
442666,442672,442676,4,6
442666,442672,442676,4,6
442666,442673,442676,3,7
442666,442672,442676,4,6
442666,442672,442676,4,6
442666,442673,442676,3,7
442666,442673,442676,3,7
442666,442673,442676,3,7
442666,442674,442677,3,8
442666,442674,442677,3,8
442666,442674,442677,3,8
442666,442674,442677,3,8
442666,442674,442677,3,8
442666,442674,442677,3,8
442666,442676,442677,1,10
442666,442676,442678,2,10
442666,442676,442678,2,10
442666,442676,442678,2,10
442666,442676,442678,2,10
442666,442676,442678,2,10
442666,442676,442678,2,10
442666,442677,442678,1,11
442666,442676,442678,2,10
442666,442676,442678,2,10
442666,442676,442678,2,10
442666,442676,442678,2,10
442666,442676,442679,3,10
442666,442676,442679,3,10
442666,442677,442679,2,11
442666,442676,442679,3,10
442666,442677,442679,2,11
442666,442677,442679,2,11
442666,442677,442679,2,11
442666,442677,442679,2,11
442666,442678,442680,2,12
442666,442678,442680,2,12
442666,442678,442680,2,12
442666,442678,442680,2,12
442666,442678,442680,2,12
442666,442678,442681,3,12
442666,442678,442681,3,12
442666,442679,442681,2,13
442666,442679,442682,3,13
442666,442679,442682,3,13
442666,442679,442682,3,13
442666,442679,442681,2,13
442666,442680,442682,2,14
442666,442679,442682,3,13
442666,442679,442682,3,13
442666,442679,442682,3,13
442666,442679,442682,3,13
442666,442679,442682,3,13
442666,442681,442682,1,15
442666,442679,442682,3,13
442666,442679,442683,4,13
442666,442679,442683,4,13
442666,442681,442683,2,15
442666,442682,442683,1,16
442666,442682,442683,1,16
442666,442681,442683,2,15
442666,442682,442684,2,16
442666,442681,442684,3,15
442666,442682,442684,2,16
442666,442682,442684,2,16
442666,442682,442684,2,16
442666,442683,442684,1,17
442666,442683,442684,1,17
442666,442683,442684,1,17
442666,442683,442684,1,17
442666,442682,442685,3,16
442666,442682,442685,3,16
442666,442682,442685,3,16
442666,442684,442685,1,18
442666,442684,442685,1,18
442666,442683,442686,3,17
442666,442683,442685,2,17
442666,442682,442685,3,16
442666,442683,442686,3,17
442666,442683,442685,2,17
442666,442685,442687,2,19
442666,442685,442686,1,19
442666,442685,442686,1,19
442666,442685,442686,1,19
442666,442684,442687,3,18
442666,442684,442686,2,18
442666,442684,442687,3,18
442666,442684,442687,3,18
442666,442684,442686,2,18
442666,442684,442687,3,18
437737,437769,442758,4989,32
442761,442761,442762,1,0
442761,442761,442762,1,0
442761,442761,442763,2,0
442761,442761,442762,1,0
442761,442761,442762,1,0
442761,442761,442763,2,0
442761,442761,442763,2,0
442761,442761,442763,2,0
442761,442761,442763,2,0
442761,442761,442764,3,0
442761,442761,442763,2,0
442761,442761,442763,2,0
442761,442761,442763,2,0
442761,442761,442763,2,0
442761,442761,442763,2,0
442761,442761,442763,2,0
442761,442761,442763,2,0
442761,442761,442763,2,0
442761,442763,442765,2,2
442761,442763,442764,1,2
442761,442763,442764,1,2
442761,442763,442764,1,2
442761,442763,442764,1,2
442761,442763,442764,1,2
442761,442761,442765,4,0
442761,442763,442764,1,2
442761,442764,442766,2,3
442761,442764,442765,1,3
442761,442764,442765,1,3
442761,442761,442765,4,0
442761,442764,442766,2,3
442761,442764,442766,2,3
442761,442764,442766,2,3
442761,442764,442766,2,3
442761,442764,442766,2,3
442761,442765,442767,2,4
442761,442765,442767,2,4
442761,442764,442766,2,3
442761,442764,442766,2,3
442761,442765,442767,2,4
442761,442764,442766,2,3
442761,442765,442767,2,4
442761,442765,442767,2,4
442761,442765,442767,2,4
442761,442765,442767,2,4
442761,442766,442767,1,5
442761,442766,442768,2,5
442761,442766,442768,2,5
442761,442767,442768,1,6
442761,442766,442768,2,5
442761,442767,442768,1,6
442761,442767,442769,2,6
442761,442767,442768,1,6
442761,442767,442769,2,6
442761,442765,442768,3,4
442761,442766,442769,3,5
442761,442768,442769,1,7
442761,442766,442768,2,5
442761,442767,442769,2,6
442761,442768,442769,1,7
442761,442768,442769,1,7
442761,442768,442769,1,7
442761,442767,442769,2,6
442761,442767,442769,2,6
442761,442768,442769,1,7
442761,442767,442769,2,6
442761,442768,442769,1,7
442761,442768,442769,1,7
442761,442768,442769,1,7
442761,442768,442770,2,7
442761,442769,442770,1,8
442761,442769,442770,1,8
442761,442769,442771,2,8
442761,442769,442771,2,8
442761,442769,442771,2,8
442761,442770,442771,1,9
442761,442770,442771,1,9
442761,442770,442772,2,9
442761,442770,442772,2,9
442761,442769,442772,3,8
442761,442769,442771,2,8
442761,442769,442771,2,8
442761,442769,442772,3,8
442761,442770,442772,2,9
442761,442770,442772,2,9
442761,442770,442773,3,9
442761,442770,442773,3,9
442761,442770,442773,3,9
442761,442771,442773,2,10
442761,442770,442773,3,9
442761,442771,442773,2,10
442761,442770,442774,4,9
442761,442771,442774,3,10
442761,442772,442774,2,11
442761,442772,442774,2,11
442761,442771,442774,3,10
442761,442771,442774,3,10
442761,442772,442775,3,11
442761,442772,442775,3,11
442761,442772,442775,3,11
442761,442772,442775,3,11
442761,442772,442775,3,11
442761,442774,442776,2,13
442761,442773,442776,3,12
442761,442773,442776,3,12
442761,442772,442776,4,11
442761,442772,442776,4,11
442761,442774,442776,2,13
442761,442772,442776,4,11
442761,442774,442776,2,13
442761,442773,442775,2,12
442761,442774,442776,2,13
442761,442775,442777,2,14
442761,442775,442776,1,14
442761,442774,442776,2,13
442761,442775,442776,1,14
442761,442775,442777,2,14
442761,442775,442777,2,14
442761,442775,442777,2,14
442761,442776,442778,2,15
442761,442776,442777,1,15
442761,442775,442777,2,14
442761,442775,442778,3,14
442761,442776,442778,2,15
442761,442776,442778,2,15
442761,442776,442778,2,15
442761,442776,442778,2,15
442761,442776,442778,2,15
442761,442777,442779,2,16
442761,442777,442779,2,16
442761,442776,442779,3,15
442761,442776,442779,3,15
442761,442776,442778,2,15
442761,442776,442778,2,15
442761,442777,442779,2,16
442761,442777,442780,3,16
442761,442777,442780,3,16
442761,442777,442780,3,16
442761,442778,442780,2,17
442761,442778,442781,3,17
442761,442778,442781,3,17
442761,442779,442781,2,18
442761,442778,442782,4,17
442761,442779,442782,3,18
442761,442779,442782,3,18
442761,442778,442782,4,17
442761,442778,442782,4,17
442761,442778,442782,4,17
442761,442778,442782,4,17
442761,442779,442782,3,18
439516,439533,443047,3514,17
443048,443048,443050,2,0
443048,443048,443051,3,0
443048,443048,443051,3,0
443048,443048,443051,3,0
443048,443048,443051,3,0
443048,443048,443051,3,0
443048,443048,443051,3,0
443048,443048,443051,3,0
443048,443048,443050,2,0
443048,443048,443051,3,0
443048,443048,443051,3,0
443048,443048,443051,3,0
443048,443048,443051,3,0
443048,443048,443052,4,0
443048,443048,443052,4,0
443048,443048,443052,4,0
443048,443048,443052,4,0
443048,443048,443052,4,0
443048,443048,443051,3,0
443048,443048,443052,4,0
443048,443051,443053,2,3
443048,443051,443053,2,3
443048,443051,443053,2,3
443048,443051,443053,2,3
443048,443051,443053,2,3
443048,443051,443053,2,3
443048,443051,443053,2,3
443048,443051,443054,3,3
443048,443051,443054,3,3
443048,443051,443054,3,3
443048,443051,443054,3,3
443048,443051,443055,4,3
443048,443052,443055,3,4
443048,443052,443055,3,4
443048,443053,443055,2,5
443048,443053,443055,2,5
443048,443051,443055,4,3
443048,443052,443055,3,4
443048,443052,443055,3,4
443048,443052,443055,3,4
443048,443052,443055,3,4
443048,443053,443055,2,5
443048,443053,443055,2,5
443048,443054,443055,1,6
443048,443052,443055,3,4
443048,443054,443056,2,6
443048,443055,443056,1,7
443048,443054,443056,2,6
443048,443054,443056,2,6
443048,443054,443056,2,6
443048,443055,443057,2,7
443048,443055,443057,2,7
443048,443054,443057,3,6
443048,443056,443057,1,8
443048,443056,443057,1,8
443048,443056,443057,1,8
443048,443056,443057,1,8
443048,443057,443058,1,9
443048,443056,443057,1,8
443048,443056,443057,1,8
443048,443056,443057,1,8
443048,443056,443057,1,8
443048,443055,443058,3,7
443048,443056,443058,2,8
443048,443057,443058,1,9
443048,443056,443058,2,8
443048,443057,443058,1,9
443048,443057,443058,1,9
443048,443057,443058,1,9
443048,443058,443059,1,10
443048,443058,443059,1,10
443048,443058,443059,1,10
443048,443058,443059,1,10
443048,443058,443060,2,10
443048,443058,443059,1,10
443048,443058,443059,1,10
443048,443058,443060,2,10
443048,443058,443060,2,10
443048,443059,443060,1,11
443048,443059,443060,1,11
443048,443058,443060,2,10
443048,443058,443060,2,10
443048,443058,443060,2,10
443048,443058,443060,2,10
443048,443059,443061,2,11
443048,443059,443060,1,11
443048,443058,443061,3,10
443048,443060,443061,1,12
443048,443060,443061,1,12
443048,443060,443061,1,12
443048,443060,443061,1,12
443048,443060,443061,1,12
443048,443059,443061,2,11
443048,443060,443062,2,12
443048,443060,443062,2,12
443048,443060,443062,2,12
443048,443059,443062,3,11
443048,443061,443062,1,13
443048,443061,443062,1,13
443048,443061,443063,2,13
443048,443061,443062,1,13
443048,443061,443063,2,13
443048,443061,443063,2,13
443048,443062,443063,1,14
443048,443062,443064,2,14
443048,443061,443064,3,13
443048,443062,443063,1,14
443048,443061,443063,2,13
443048,443061,443063,2,13
443048,443062,443064,2,14
443048,443062,443063,1,14
443048,443062,443063,1,14
443048,443061,443064,3,13
443048,443063,443064,1,15
443048,443062,443064,2,14
443048,443063,443064,1,15
443048,443063,443065,2,15
443048,443063,443064,1,15
443048,443063,443065,2,15
443048,443063,443065,2,15
443048,443064,443065,1,16
443048,443064,443065,1,16
443048,443064,443065,1,16
443048,443064,443065,1,16
443048,443064,443066,2,16
443048,443063,443065,2,15
443048,443064,443066,2,16
443048,443064,443066,2,16
443048,443064,443066,2,16
443048,443064,443066,2,16
443048,443064,443066,2,16
443048,443065,443066,1,17
443048,443064,443067,3,16
443048,443065,443066,1,17
443048,443065,443067,2,17
443048,443065,443067,2,17
443048,443065,443067,2,17
443048,443066,443068,2,18
443048,443066,443067,1,18
443048,443066,443067,1,18
443048,443065,443067,2,17
443048,443066,443068,2,18
443048,443066,443068,2,18
443048,443066,443067,1,18
443048,443066,443068,2,18
443048,443066,443069,3,18
443048,443066,443068,2,18
443048,443067,443073,6,19
439643,439661,443109,3448,18
443110,443110,443112,2,0
443110,443110,443112,2,0
443110,443110,443112,2,0
443110,443110,443112,2,0
443110,443110,443112,2,0
443110,443110,443113,3,0
443110,443110,443113,3,0
443110,443110,443113,3,0
443110,443110,443112,2,0
443110,443110,443113,3,0
443110,443110,443112,2,0
443110,443110,443113,3,0
443110,443110,443113,3,0
443110,443110,443113,3,0
443110,443110,443113,3,0
443110,443110,443113,3,0
443110,443110,443113,3,0
443110,443110,443113,3,0
443110,443112,443114,2,2
443110,443112,443114,2,2
443110,443112,443114,2,2
443110,443112,443114,2,2
443110,443113,443115,2,3
443110,443113,443115,2,3
443110,443112,443114,2,2
443110,443113,443115,2,3
443110,443113,443115,2,3
443110,443113,443115,2,3
443110,443113,443116,3,3
443110,443113,443116,3,3
443110,443113,443116,3,3
443110,443113,443116,3,3
443110,443113,443116,3,3
443110,443113,443116,3,3
443110,443113,443116,3,3
443110,443113,443116,3,3
443110,443111,443116,5,1
443110,443111,443116,5,1
443110,443114,443117,3,4
443110,443114,443117,3,4
443110,443114,443117,3,4
443110,443115,443117,2,5
443110,443115,443117,2,5
443110,443115,443117,2,5
443110,443114,443117,3,4
443110,443116,443117,1,6
443110,443116,443117,1,6
443110,443116,443117,1,6
443110,443116,443118,2,6
443110,443116,443118,2,6
443110,443116,443118,2,6
443110,443116,443119,3,6
443110,443116,443119,3,6
443110,443116,443119,3,6
443110,443116,443119,3,6
443110,443117,443119,2,7
443110,443117,443119,2,7
443110,443116,443119,3,6
443110,443118,443119,1,8
443110,443118,443119,1,8
443110,443118,443119,1,8
443110,443118,443119,1,8
443110,443118,443119,1,8
443110,443118,443119,1,8
443110,443118,443119,1,8
443110,443118,443119,1,8
443110,443119,443120,1,9
443110,443119,443120,1,9
443110,443117,443120,3,7
443110,443117,443120,3,7
443110,443119,443121,2,9
443110,443120,443122,2,10
443110,443120,443122,2,10
443110,443119,443122,3,9
443110,443119,443122,3,9
443110,443120,443122,2,10
443110,443120,443122,2,10
443110,443120,443122,2,10
443110,443120,443122,2,10
443110,443120,443122,2,10
443110,443120,443122,2,10
443110,443121,443122,1,11
443110,443120,443122,2,10
443110,443120,443122,2,10
443110,443120,443122,2,10
443110,443120,443122,2,10
443110,443119,443122,3,9
443110,443121,443123,2,11
443110,443122,443124,2,12
443110,443122,443123,1,12
443110,443123,443125,2,13
443110,443123,443124,1,13
443110,443122,443124,2,12
443110,443123,443124,1,13
443110,443123,443124,1,13
443110,443123,443124,1,13
443110,443123,443124,1,13
443110,443123,443125,2,13
443110,443121,443125,4,11
443110,443121,443124,3,11
443110,443123,443125,2,13
443110,443123,443125,2,13
443110,443123,443125,2,13
443110,443123,443125,2,13
443110,443123,443125,2,13
443110,443123,443125,2,13
443110,443124,443126,2,14
443110,443124,443126,2,14
443110,443123,443126,3,13
443110,443125,443127,2,15
443110,443125,443126,1,15
443110,443124,443126,2,14
443110,443125,443126,1,15
443110,443125,443126,1,15
443110,443125,443127,2,15
443110,443125,443127,2,15
443110,443125,443127,2,15
443110,443125,443127,2,15
443110,443126,443128,2,16
443110,443126,443127,1,16
443110,443126,443128,2,16
443110,443126,443127,1,16
443110,443125,443128,3,15
443110,443126,443128,2,16
443110,443126,443128,2,16
443110,443127,443128,1,17
443110,443127,443128,1,17
443110,443126,443128,2,16
443110,443127,443129,2,17
443110,443127,443128,1,17
443110,443127,443129,2,17
443110,443127,443129,2,17
443110,443127,443129,2,17
443110,443126,443129,3,16
443110,443125,443129,4,15
443110,443126,443129,3,16
443110,443128,443130,2,18
443110,443128,443130,2,18
443110,443128,443129,1,18
443110,443128,443129,1,18
443110,443128,443130,2,18
443110,443129,443130,1,19
443110,443129,443130,1,19
443110,443128,443130,2,18
443110,443129,443131,2,19
443110,443129,443130,1,19
443110,443129,443131,2,19
443110,443129,443131,2,19
443110,443129,443132,3,19
443110,443129,443132,3,19
438495,438522,443324,4802,27
443325,443325,443326,1,0
443325,443325,443326,1,0
443325,443325,443326,1,0
443325,443325,443326,1,0
443325,443325,443326,1,0
443325,443325,443326,1,0
443325,443325,443326,1,0
443325,443325,443326,1,0
443325,443325,443326,1,0
443325,443325,443327,2,0
443325,443325,443326,1,0
443325,443325,443326,1,0
443325,443325,443327,2,0
443325,443325,443327,2,0
443325,443325,443327,2,0
443325,443325,443328,3,0
443325,443325,443328,3,0
443325,443325,443328,3,0
443325,443325,443328,3,0
443325,443325,443328,3,0
443325,443327,443329,2,2
443325,443327,443329,2,2
443325,443327,443329,2,2
443325,443327,443329,2,2
443325,443327,443329,2,2
443325,443327,443329,2,2
443325,443327,443329,2,2
443325,443327,443329,2,2
443325,443327,443330,3,2
443325,443327,443329,2,2
443325,443327,443329,2,2
443325,443327,443329,2,2
443325,443329,443331,2,4
443325,443327,443330,3,2
443325,443328,443330,2,3
443325,443329,443330,1,4
443325,443329,443331,2,4
443325,443327,443330,3,2
443325,443329,443330,1,4
443325,443328,443331,3,3
443325,443329,443331,2,4
443325,443329,443332,3,4
443325,443330,443331,1,5
443325,443330,443332,2,5
443325,443330,443332,2,5
443325,443330,443331,1,5
443325,443330,443332,2,5
443325,443330,443331,1,5
443325,443330,443332,2,5
443325,443330,443331,1,5
443325,443331,443332,1,6
443325,443331,443332,1,6
443325,443331,443333,2,6
443325,443331,443333,2,6
443325,443331,443332,1,6
443325,443331,443332,1,6
443325,443329,443332,3,4
443325,443331,443332,1,6
443325,443332,443333,1,7
443325,443330,443333,3,5
443325,443332,443333,1,7
443325,443332,443333,1,7
443325,443332,443333,1,7
443325,443332,443333,1,7
443325,443332,443333,1,7
443325,443332,443333,1,7
443325,443332,443333,1,7
443325,443332,443334,2,7
443325,443332,443333,1,7
443325,443332,443334,2,7
443325,443332,443334,2,7
443325,443333,443334,1,8
443325,443333,443334,1,8
443325,443333,443334,1,8
443325,443333,443335,2,8
443325,443333,443335,2,8
443325,443333,443335,2,8
443325,443333,443335,2,8
443325,443334,443335,1,9
443325,443334,443336,2,9
443325,443334,443336,2,9
443325,443334,443336,2,9
443325,443334,443336,2,9
443325,443334,443336,2,9
443325,443334,443336,2,9
443325,443334,443336,2,9
443325,443333,443336,3,8
443325,443335,443337,2,10
443325,443335,443337,2,10
443325,443334,443336,2,9
443325,443335,443337,2,10
443325,443335,443337,2,10
443325,443334,443337,3,9
443325,443336,443337,1,11
443325,443335,443338,3,10
443325,443335,443338,3,10
443325,443335,443337,2,10
443325,443336,443338,2,11
443325,443336,443338,2,11
443325,443336,443338,2,11
443325,443336,443338,2,11
443325,443336,443338,2,11
443325,443337,443339,2,12
443325,443337,443339,2,12
443325,443337,443339,2,12
443325,443337,443338,1,12
443325,443336,443338,2,11
443325,443337,443339,2,12
443325,443337,443339,2,12
443325,443337,443339,2,12
443325,443338,443339,1,13
443325,443337,443340,3,12
443325,443338,443340,2,13
443325,443338,443340,2,13
443325,443338,443340,2,13
443325,443338,443340,2,13
443325,443337,443340,3,12
443325,443338,443340,2,13
443325,443339,443341,2,14
443325,443339,443341,2,14
443325,443339,443341,2,14
443325,443338,443340,2,13
443325,443338,443340,2,13
443325,443339,443341,2,14
443325,443339,443341,2,14
443325,443339,443341,2,14
443325,443339,443341,2,14
443325,443339,443341,2,14
443325,443339,443341,2,14
443325,443339,443342,3,14
443325,443340,443342,2,15
443325,443340,443341,1,15
443325,443340,443342,2,15
443325,443340,443342,2,15
443325,443340,443342,2,15
443325,443341,443343,2,16
443325,443341,443343,2,16
443325,443341,443343,2,16
443325,443340,443343,3,15
443325,443341,443343,2,16
443325,443341,443343,2,16
443325,443341,443343,2,16
443325,443341,443343,2,16
443325,443341,443343,2,16
443325,443341,443344,3,16
443325,443341,443344,3,16
443325,443341,443343,2,16
443325,443341,443343,2,16
443325,443342,443344,2,17
443325,443342,443344,2,17
438430,438450,443403,4953,20
443404,443404,443406,2,0
443404,443404,443406,2,0
443404,443404,443406,2,0
443404,443404,443406,2,0
443404,443404,443406,2,0
443404,443404,443406,2,0
443404,443404,443407,3,0
443404,443404,443407,3,0
443404,443404,443407,3,0
443404,443404,443407,3,0
443404,443404,443406,2,0
443404,443404,443407,3,0
443404,443404,443406,2,0
443404,443404,443406,2,0
443404,443404,443407,3,0
443404,443404,443407,3,0
443404,443404,443407,3,0
443404,443404,443407,3,0
443404,443404,443407,3,0
443404,443404,443406,2,0
443404,443406,443408,2,2
443404,443406,443408,2,2
443404,443406,443408,2,2
443404,443406,443408,2,2
443404,443406,443408,2,2
443404,443407,443409,2,3
443404,443406,443409,3,2
443404,443407,443409,2,3
443404,443408,443409,1,4
443404,443407,443409,2,3
443404,443407,443410,3,3
443404,443407,443410,3,3
443404,443407,443410,3,3
443404,443407,443410,3,3
443404,443407,443410,3,3
443404,443408,443410,2,4
443404,443408,443410,2,4
443404,443408,443410,2,4
443404,443408,443410,2,4
443404,443407,443410,3,3
443404,443408,443410,2,4
443404,443409,443410,1,5
443404,443409,443410,1,5
443404,443408,443410,2,4
443404,443409,443411,2,5
443404,443409,443412,3,5
443404,443409,443412,3,5
443404,443410,443412,2,6
443404,443411,443412,1,7
443404,443411,443412,1,7
443404,443410,443412,2,6
443404,443411,443412,1,7
443404,443411,443412,1,7
443404,443411,443412,1,7
443404,443411,443412,1,7
443404,443411,443412,1,7
443404,443411,443412,1,7
443404,443411,443412,1,7
443404,443412,443413,1,8
443404,443411,443412,1,7
443404,443411,443412,1,7
443404,443411,443413,2,7
443404,443410,443413,3,6
443404,443410,443413,3,6
443404,443411,443413,2,7
443404,443412,443414,2,8
443404,443412,443414,2,8
443404,443413,443414,1,9
443404,443413,443414,1,9
443404,443413,443414,1,9
443404,443413,443414,1,9
443404,443413,443414,1,9
443404,443413,443414,1,9
443404,443413,443414,1,9
443404,443413,443414,1,9
443404,443413,443414,1,9
443404,443413,443415,2,9
443404,443413,443415,2,9
443404,443413,443415,2,9
443404,443413,443415,2,9
443404,443413,443415,2,9
443404,443413,443415,2,9
443404,443413,443416,3,9
443404,443413,443416,3,9
443404,443414,443417,3,10
443404,443415,443417,2,11
443404,443415,443417,2,11
443404,443414,443417,3,10
443404,443415,443418,3,11
443404,443415,443417,2,11
443404,443415,443417,2,11
443404,443415,443417,2,11
443404,443415,443417,2,11
443404,443415,443417,2,11
443404,443415,443417,2,11
443404,443415,443417,2,11
443404,443415,443417,2,11
443404,443415,443418,3,11
443404,443416,443418,2,12
443404,443414,443417,3,10
443404,443416,443418,2,12
443404,443416,443418,2,12
443404,443417,443419,2,13
443404,443417,443418,1,13
443404,443417,443419,2,13
443404,443418,443419,1,14
443404,443418,443419,1,14
443404,443417,443419,2,13
443404,443418,443420,2,14
443404,443418,443420,2,14
443404,443418,443420,2,14
443404,443418,443420,2,14
443404,443418,443420,2,14
443404,443417,443420,3,13
443404,443418,443420,2,14
443404,443418,443420,2,14
443404,443418,443421,3,14
443404,443419,443421,2,15
443404,443419,443420,1,15
443404,443419,443420,1,15
443404,443418,443420,2,14
443404,443418,443421,3,14
443404,443419,443421,2,15
443404,443420,443422,2,16
443404,443420,443421,1,16
443404,443418,443421,3,14
443404,443420,443422,2,16
443404,443420,443422,2,16
443404,443420,443422,2,16
443404,443420,443422,2,16
443404,443421,443423,2,17
443404,443420,443423,3,16
443404,443420,443423,3,16
443404,443421,443423,2,17
443404,443421,443423,2,17
443404,443421,443423,2,17
443404,443422,443423,1,18
443404,443421,443423,2,17
443404,443421,443423,2,17
443404,443422,443423,1,18
443404,443422,443424,2,18
443404,443421,443423,2,17
443404,443422,443423,1,18
443404,443421,443423,2,17
443404,443421,443423,2,17
443404,443422,443424,2,18
443404,443422,443424,2,18
443404,443422,443424,2,18
443404,443422,443424,2,18
443404,443423,443426,3,19
438977,438994,443876,4882,17
443877,443877,443879,2,0
443877,443877,443879,2,0
443877,443877,443879,2,0
443877,443877,443879,2,0
443877,443877,443879,2,0
443877,443877,443879,2,0
443877,443877,443879,2,0
443877,443877,443879,2,0
443877,443877,443879,2,0
443877,443877,443879,2,0
443877,443877,443879,2,0
443877,443877,443879,2,0
443877,443877,443879,2,0
443877,443877,443880,3,0
443877,443877,443880,3,0
443877,443877,443880,3,0
443877,443877,443880,3,0
443877,443877,443880,3,0
443877,443877,443880,3,0
443877,443877,443879,2,0
443877,443879,443881,2,2
443877,443879,443881,2,2
443877,443879,443881,2,2
443877,443879,443881,2,2
443877,443879,443881,2,2
443877,443879,443881,2,2
443877,443879,443881,2,2
443877,443879,443881,2,2
443877,443879,443881,2,2
443877,443879,443882,3,2
443877,443879,443882,3,2
443877,443879,443882,3,2
443877,443880,443883,3,3
443877,443881,443883,2,4
443877,443880,443883,3,3
443877,443880,443883,3,3
443877,443881,443883,2,4
443877,443881,443883,2,4
443877,443881,443883,2,4
443877,443880,443883,3,3
443877,443880,443883,3,3
443877,443880,443883,3,3
443877,443880,443883,3,3
443877,443881,443883,2,4
443877,443881,443883,2,4
443877,443881,443883,2,4
443877,443880,443883,3,3
443877,443881,443884,3,4
443877,443883,443884,1,6
443877,443883,443884,1,6
443877,443883,443884,1,6
443877,443882,443885,3,5
443877,443884,443885,1,7
443877,443884,443885,1,7
443877,443884,443885,1,7
443877,443884,443885,1,7
443877,443884,443885,1,7
443877,443884,443885,1,7
443877,443884,443885,1,7
443877,443884,443885,1,7
443877,443884,443885,1,7
443877,443884,443885,1,7
443877,443884,443885,1,7
443877,443884,443885,1,7
443877,443885,443886,1,8
443877,443883,443886,3,6
443877,443884,443886,2,7
443877,443884,443886,2,7
443877,443885,443886,1,8
443877,443885,443886,1,8
443877,443886,443887,1,9
443877,443886,443887,1,9
443877,443886,443887,1,9
443877,443886,443887,1,9
443877,443886,443887,1,9
443877,443886,443887,1,9
443877,443886,443887,1,9
443877,443886,443888,2,9
443877,443886,443888,2,9
443877,443886,443888,2,9
443877,443886,443888,2,9
443877,443886,443888,2,9
443877,443886,443888,2,9
443877,443886,443888,2,9
443877,443886,443888,2,9
443877,443887,443888,1,10
443877,443887,443888,1,10
443877,443887,443889,2,10
443877,443888,443890,2,11
443877,443888,443889,1,11
443877,443888,443889,1,11
443877,443888,443890,2,11
443877,443888,443889,1,11
443877,443888,443889,1,11
443877,443886,443889,3,9
443877,443888,443890,2,11
443877,443888,443890,2,11
443877,443886,443890,4,9
443877,443889,443890,1,12
443877,443889,443890,1,12
443877,443889,443890,1,12
443877,443889,443890,1,12
443877,443890,443891,1,13
443877,443890,443891,1,13
443877,443889,443892,3,12
443877,443889,443892,3,12
443877,443890,443891,1,13
443877,443890,443891,1,13
443877,443889,443891,2,12
443877,443889,443891,2,12
443877,443889,443892,3,12
443877,443890,443891,1,13
443877,443890,443891,1,13
443877,443890,443891,1,13
443877,443891,443892,1,14
443877,443890,443892,2,13
443877,443890,443892,2,13
443877,443890,443892,2,13
443877,443891,443893,2,14
443877,443891,443893,2,14
443877,443890,443893,3,13
443877,443892,443893,1,15
443877,443892,443893,1,15
443877,443891,443893,2,14
443877,443892,443893,1,15
443877,443892,443893,1,15
443877,443892,443894,2,15
443877,443892,443893,1,15
443877,443892,443893,1,15
443877,443893,443894,1,16
443877,443893,443895,2,16
443877,443892,443894,2,15
443877,443892,443894,2,15
443877,443892,443894,2,15
443877,443892,443895,3,15
443877,443892,443895,3,15
443877,443893,443895,2,16
443877,443893,443895,2,16
443877,443893,443895,2,16
443877,443894,443895,1,17
443877,443894,443895,1,17
443877,443894,443895,1,17
443877,443894,443895,1,17
443877,443894,443896,2,17
443877,443894,443895,1,17
443877,443894,443896,2,17
443877,443894,443896,2,17
443877,443893,443896,3,16
443877,443894,443896,2,17
440725,440741,444257,3516,16
444259,444259,444261,2,0
444259,444259,444261,2,0
444259,444259,444261,2,0
444259,444259,444262,3,0
444259,444259,444262,3,0
444259,444260,444262,2,1
444259,444259,444262,3,0
444259,444259,444261,2,0
444259,444259,444262,3,0
444259,444259,444262,3,0
444259,444259,444262,3,0
444259,444259,444262,3,0
444259,444259,444262,3,0
444259,444259,444263,4,0
444259,444259,444263,4,0
444259,444259,444262,3,0
444259,444259,444263,4,0
444259,444259,444262,3,0
444259,444259,444263,4,0
444259,444260,444263,3,1
444259,444261,444263,2,2
444259,444261,444263,2,2
444259,444262,444264,2,3
444259,444262,444264,2,3
444259,444262,444264,2,3
444259,444261,444264,3,2
444259,444262,444264,2,3
444259,444263,444264,1,4
444259,444262,444265,3,3
444259,444262,444265,3,3
444259,444262,444265,3,3
444259,444264,444265,1,5
444259,444264,444266,2,5
444259,444263,444266,3,4
444259,444262,444265,3,3
444259,444263,444266,3,4
444259,444263,444266,3,4
444259,444263,444266,3,4
444259,444263,444266,3,4
444259,444264,444266,2,5
444259,444264,444266,2,5
444259,444264,444266,2,5
444259,444265,444266,1,6
444259,444264,444267,3,5
444259,444265,444267,2,6
444259,444265,444267,2,6
444259,444265,444267,2,6
444259,444265,444267,2,6
444259,444266,444267,1,7
444259,444266,444267,1,7
444259,444265,444268,3,6
444259,444266,444268,2,7
444259,444267,444268,1,8
444259,444267,444269,2,8
444259,444266,444268,2,7
444259,444267,444268,1,8
444259,444266,444269,3,7
444259,444266,444269,3,7
444259,444267,444269,2,8
444259,444267,444269,2,8
444259,444267,444269,2,8
444259,444268,444269,1,9
444259,444268,444269,1,9
444259,444268,444269,1,9
444259,444268,444269,1,9
444259,444267,444269,2,8
444259,444267,444269,2,8
444259,444268,444269,1,9
444259,444268,444269,1,9
444259,444268,444269,1,9
444259,444269,444271,2,10
444259,444269,444271,2,10
444259,444269,444271,2,10
444259,444269,444271,2,10
444259,444269,444271,2,10
444259,444269,444271,2,10
444259,444269,444272,3,10
444259,444270,444272,2,11
444259,444270,444272,2,11
444259,444270,444273,3,11
444259,444270,444272,2,11
444259,444270,444272,2,11
444259,444270,444273,3,11
444259,444270,444272,2,11
444259,444270,444272,2,11
444259,444270,444272,2,11
444259,444270,444273,3,11
444259,444270,444273,3,11
444259,444270,444273,3,11
444259,444270,444273,3,11
444259,444271,444273,2,12
444259,444272,444274,2,13
444259,444272,444274,2,13
444259,444272,444274,2,13
444259,444272,444274,2,13
444259,444273,444275,2,14
444259,444273,444275,2,14
444259,444273,444274,1,14
444259,444272,444274,2,13
444259,444273,444275,2,14
444259,444273,444275,2,14
444259,444273,444275,2,14
444259,444273,444275,2,14
444259,444274,444276,2,15
444259,444274,444276,2,15
444259,444273,444275,2,14
444259,444273,444275,2,14
444259,444273,444276,3,14
444259,444274,444276,2,15
444259,444274,444276,2,15
444259,444274,444276,2,15
444259,444274,444276,2,15
444259,444275,444277,2,16
444259,444275,444277,2,16
444259,444274,444277,3,15
444259,444275,444277,2,16
444259,444275,444277,2,16
444259,444276,444278,2,17
444259,444275,444277,2,16
444259,444275,444278,3,16
444259,444275,444277,2,16
444259,444275,444278,3,16
444259,444275,444278,3,16
444259,444276,444278,2,17
444259,444276,444279,3,17
444259,444276,444278,2,17
444259,444277,444279,2,18
444259,444277,444279,2,18
444259,444276,444279,3,17
444259,444277,444279,2,18
444259,444277,444279,2,18
444259,444278,444279,1,19
444259,444278,444280,2,19
444259,444278,444280,2,19
444259,444277,444279,2,18
444259,444278,444280,2,19
444259,444278,444280,2,19
444259,444277,444280,3,18
444259,444278,444280,2,19
444259,444278,444280,2,19
444259,444278,444280,2,19
444259,444278,444280,2,19
444259,444279,444281,2,20
444259,444279,444281,2,20
444259,444279,444281,2,20
444259,444279,444281,2,20
444259,444279,444281,2,20
444259,444279,444282,3,20
444259,444280,444282,2,21
444259,444280,444283,3,21
439361,439378,444429,5051,17
444430,444430,444432,2,0
444430,444430,444432,2,0
444430,444430,444432,2,0
444430,444430,444432,2,0
444430,444430,444432,2,0
444430,444430,444432,2,0
444430,444430,444432,2,0
444430,444430,444432,2,0
444430,444430,444432,2,0
444430,444430,444432,2,0
444430,444430,444432,2,0
444430,444431,444433,2,1
444430,444430,444433,3,0
444430,444430,444433,3,0
444430,444430,444433,3,0
444430,444430,444433,3,0
444430,444430,444433,3,0
444430,444430,444433,3,0
444430,444430,444433,3,0
444430,444430,444433,3,0
444430,444432,444434,2,2
444430,444432,444434,2,2
444430,444432,444434,2,2
444430,444432,444434,2,2
444430,444432,444434,2,2
444430,444432,444434,2,2
444430,444432,444434,2,2
444430,444432,444434,2,2
444430,444432,444435,3,2
444430,444432,444435,3,2
444430,444432,444435,3,2
444430,444433,444436,3,3
444430,444433,444436,3,3
444430,444433,444436,3,3
444430,444433,444436,3,3
444430,444433,444437,4,3
444430,444435,444436,1,5
444430,444435,444436,1,5
444430,444434,444436,2,4
444430,444434,444436,2,4
444430,444434,444436,2,4
444430,444434,444436,2,4
444430,444435,444436,1,5
444430,444435,444436,1,5
444430,444435,444436,1,5
444430,444435,444436,1,5
444430,444435,444437,2,5
444430,444436,444437,1,6
444430,444436,444437,1,6
444430,444436,444437,1,6
444430,444437,444438,1,7
444430,444435,444437,2,5
444430,444437,444438,1,7
444430,444437,444438,1,7
444430,444437,444438,1,7
444430,444437,444438,1,7
444430,444437,444438,1,7
444430,444437,444438,1,7
444430,444437,444438,1,7
444430,444437,444438,1,7
444430,444437,444439,2,7
444430,444437,444438,1,7
444430,444438,444439,1,8
444430,444437,444438,1,7
444430,444437,444438,1,7
444430,444436,444439,3,6
444430,444437,444439,2,7
444430,444438,444439,1,8
444430,444438,444439,1,8
444430,444438,444439,1,8
444430,444438,444439,1,8
444430,444438,444439,1,8
444430,444438,444439,1,8
444430,444439,444440,1,9
444430,444439,444440,1,9
444430,444439,444440,1,9
444430,444439,444440,1,9
444430,444439,444440,1,9
444430,444439,444441,2,9
444430,444439,444441,2,9
444430,444440,444442,2,10
444430,444440,444441,1,10
444430,444439,444441,2,9
444430,444439,444441,2,9
444430,444439,444441,2,9
444430,444439,444442,3,9
444430,444440,444441,1,10
444430,444440,444441,1,10
444430,444440,444442,2,10
444430,444439,444442,3,9
444430,444440,444442,2,10
444430,444439,444442,3,9
444430,444440,444442,2,10
444430,444441,444443,2,11
444430,444441,444442,1,11
444430,444441,444443,2,11
444430,444441,444442,1,11
444430,444441,444443,2,11
444430,444442,444443,1,12
444430,444442,444443,1,12
444430,444442,444444,2,12
444430,444442,444444,2,12
444430,444442,444444,2,12
444430,444442,444444,2,12
444430,444443,444445,2,13
444430,444443,444445,2,13
444430,444442,444444,2,12
444430,444442,444444,2,12
444430,444442,444444,2,12
444430,444442,444444,2,12
444430,444443,444445,2,13
444430,444443,444444,1,13
444430,444443,444444,1,13
444430,444443,444445,2,13
444430,444443,444445,2,13
444430,444442,444445,3,12
444430,444443,444445,2,13
444430,444444,444445,1,14
444430,444443,444445,2,13
444430,444444,444445,1,14
444430,444444,444446,2,14
444430,444444,444446,2,14
444430,444445,444447,2,15
444430,444445,444447,2,15
444430,444445,444446,1,15
444430,444445,444447,2,15
444430,444445,444447,2,15
444430,444445,444447,2,15
444430,444445,444447,2,15
444430,444446,444447,1,16
444430,444445,444448,3,15
444430,444445,444448,3,15
444430,444445,444447,2,15
444430,444445,444447,2,15
444430,444446,444448,2,16
444430,444446,444448,2,16
444430,444446,444448,2,16
444430,444446,444448,2,16
444430,444446,444448,2,16
444430,444446,444448,2,16
444430,444446,444448,2,16
444430,444446,444449,3,16
444430,444447,444448,1,17
444430,444447,444449,2,17
444430,444447,444448,1,17
444430,444447,444449,2,17
444430,444447,444449,2,17
444430,444447,444449,2,17
444430,444448,444449,1,18
444430,444448,444450,2,18
441111,441128,444620,3492,17
444622,444622,444624,2,0
444622,444622,444624,2,0
444622,444622,444623,1,0
444622,444622,444624,2,0
444622,444622,444624,2,0
444622,444622,444624,2,0
444622,444622,444624,2,0
444622,444622,444624,2,0
444622,444622,444624,2,0
444622,444622,444624,2,0
444622,444622,444624,2,0
444622,444622,444624,2,0
444622,444622,444625,3,0
444622,444622,444625,3,0
444622,444622,444625,3,0
444622,444622,444624,2,0
444622,444622,444624,2,0
444622,444622,444624,2,0
444622,444622,444625,3,0
444622,444624,444626,2,2
444622,444624,444626,2,2
444622,444622,444625,3,0
444622,444624,444626,2,2
444622,444624,444626,2,2
444622,444624,444626,2,2
444622,444624,444626,2,2
444622,444624,444626,2,2
444622,444624,444626,2,2
444622,444625,444627,2,3
444622,444625,444627,2,3
444622,444625,444627,2,3
444622,444625,444628,3,3
444622,444625,444627,2,3
444622,444625,444627,2,3
444622,444625,444628,3,3
444622,444625,444627,2,3
444622,444625,444628,3,3
444622,444626,444627,1,4
444622,444626,444628,2,4
444622,444625,444627,2,3
444622,444626,444628,2,4
444622,444626,444628,2,4
444622,444626,444628,2,4
444622,444626,444628,2,4
444622,444626,444628,2,4
444622,444626,444627,1,4
444622,444626,444628,2,4
444622,444626,444628,2,4
444622,444627,444629,2,5
444622,444627,444629,2,5
444622,444628,444629,1,6
444622,444628,444629,1,6
444622,444628,444629,1,6
444622,444628,444630,2,6
444622,444628,444630,2,6
444622,444628,444630,2,6
444622,444628,444630,2,6
444622,444628,444629,1,6
444622,444628,444630,2,6
444622,444628,444630,2,6
444622,444628,444630,2,6
444622,444628,444630,2,6
444622,444628,444630,2,6
444622,444628,444630,2,6
444622,444628,444630,2,6
444622,444629,444631,2,7
444622,444629,444631,2,7
444622,444628,444630,2,6
444622,444629,444631,2,7
444622,444629,444631,2,7
444622,444630,444632,2,8
444622,444630,444632,2,8
444622,444630,444632,2,8
444622,444630,444632,2,8
444622,444630,444632,2,8
444622,444630,444632,2,8
444622,444630,444632,2,8
444622,444630,444632,2,8
444622,444631,444633,2,9
444622,444631,444633,2,9
444622,444631,444633,2,9
444622,444631,444633,2,9
444622,444631,444633,2,9
444622,444631,444633,2,9
444622,444632,444634,2,10
444622,444632,444634,2,10
444622,444631,444633,2,9
444622,444632,444634,2,10
444622,444632,444634,2,10
444622,444632,444634,2,10
444622,444632,444634,2,10
444622,444632,444634,2,10
444622,444632,444634,2,10
444622,444631,444635,4,9
444622,444631,444635,4,9
444622,444631,444635,4,9
444622,444631,444634,3,9
444622,444633,444635,2,11
444622,444633,444635,2,11
444622,444633,444635,2,11
444622,444634,444636,2,12
444622,444633,444635,2,11
444622,444634,444636,2,12
444622,444634,444636,2,12
444622,444634,444636,2,12
444622,444634,444636,2,12
444622,444634,444636,2,12
444622,444634,444636,2,12
444622,444634,444637,3,12
444622,444634,444637,3,12
444622,444634,444636,2,12
444622,444635,444637,2,13
444622,444636,444637,1,14
444622,444636,444637,1,14
444622,444635,444638,3,13
444622,444634,444637,3,12
444622,444635,444638,3,13
444622,444635,444638,3,13
444622,444635,444638,3,13
444622,444636,444638,2,14
444622,444636,444638,2,14
444622,444637,444638,1,15
444622,444637,444638,1,15
444622,444637,444638,1,15
444622,444637,444638,1,15
444622,444637,444639,2,15
444622,444635,444638,3,13
444622,444636,444639,3,14
444622,444636,444639,3,14
444622,444638,444639,1,16
444622,444638,444639,1,16
444622,444638,444639,1,16
444622,444637,444639,2,15
444622,444638,444640,2,16
444622,444637,444640,3,15
444622,444639,444640,1,17
444622,444639,444641,2,17
444622,444639,444640,1,17
444622,444639,444641,2,17
444622,444639,444640,1,17
444622,444638,444641,3,16
444622,444638,444641,3,16
444622,444638,444641,3,16
444622,444639,444641,2,17
444622,444638,444641,3,16
444622,444640,444642,2,18
444622,444638,444641,3,16
444622,444639,444641,2,17
444622,444639,444642,3,17
444622,444639,444642,3,17
439896,439913,444923,5010,17
444923,444923,444926,3,0
444923,444923,444926,3,0
444923,444923,444926,3,0
444923,444923,444926,3,0
444923,444923,444926,3,0
444923,444923,444926,3,0
444923,444923,444926,3,0
444923,444923,444926,3,0
444923,444923,444926,3,0
444923,444923,444927,4,0
444923,444923,444927,4,0
444923,444923,444927,4,0
444923,444923,444927,4,0
444923,444923,444927,4,0
444923,444923,444927,4,0
444923,444923,444927,4,0
444923,444923,444926,3,0
444923,444923,444927,4,0
444923,444923,444926,3,0
444923,444923,444926,3,0
444923,444926,444928,2,3
444923,444926,444928,2,3
444923,444926,444928,2,3
444923,444926,444928,2,3
444923,444926,444928,2,3
444923,444926,444928,2,3
444923,444926,444929,3,3
444923,444926,444928,2,3
444923,444927,444929,2,4
444923,444927,444929,2,4
444923,444927,444930,3,4
444923,444926,444930,4,3
444923,444927,444930,3,4
444923,444927,444930,3,4
444923,444927,444930,3,4
444923,444928,444930,2,5
444923,444927,444930,3,4
444923,444929,444930,1,6
444923,444927,444931,4,4
444923,444927,444931,4,4
444923,444927,444930,3,4
444923,444927,444930,3,4
444923,444930,444931,1,7
444923,444928,444931,3,5
444923,444929,444931,2,6
444923,444929,444931,2,6
444923,444929,444931,2,6
444923,444930,444931,1,7
444923,444929,444932,3,6
444923,444929,444932,3,6
444923,444930,444932,2,7
444923,444931,444932,1,8
444923,444931,444932,1,8
444923,444931,444932,1,8
444923,444931,444932,1,8
444923,444930,444933,3,7
444923,444931,444933,2,8
444923,444932,444933,1,9
444923,444931,444933,2,8
444923,444932,444933,1,9
444923,444932,444933,1,9
444923,444932,444933,1,9
444923,444932,444933,1,9
444923,444932,444933,1,9
444923,444932,444933,1,9
444923,444932,444934,2,9
444923,444932,444934,2,9
444923,444930,444934,4,7
444923,444933,444934,1,10
444923,444933,444934,1,10
444923,444933,444934,1,10
444923,444933,444934,1,10
444923,444932,444935,3,9
444923,444933,444935,2,10
444923,444933,444935,2,10
444923,444934,444935,1,11
444923,444934,444935,1,11
444923,444934,444935,1,11
444923,444934,444935,1,11
444923,444934,444936,2,11
444923,444934,444935,1,11
444923,444934,444936,2,11
444923,444934,444936,2,11
444923,444934,444936,2,11
444923,444934,444936,2,11
444923,444935,444937,2,12
444923,444935,444937,2,12
444923,444935,444936,1,12
444923,444935,444936,1,12
444923,444936,444938,2,13
444923,444935,444937,2,12
444923,444935,444937,2,12
444923,444935,444938,3,12
444923,444936,444937,1,13
444923,444936,444937,1,13
444923,444936,444938,2,13
444923,444936,444937,1,13
444923,444936,444938,2,13
444923,444936,444938,2,13
444923,444936,444938,2,13
444923,444936,444938,2,13
444923,444937,444938,1,14
444923,444937,444939,2,14
444923,444937,444939,2,14
444923,444937,444939,2,14
444923,444937,444939,2,14
444923,444937,444940,3,14
444923,444937,444940,3,14
444923,444937,444939,2,14
444923,444938,444939,1,15
444923,444938,444940,2,15
444923,444938,444940,2,15
444923,444938,444939,1,15
444923,444938,444940,2,15
444923,444938,444940,2,15
444923,444938,444941,3,15
444923,444938,444940,2,15
444923,444938,444940,2,15
444923,444939,444940,1,16
444923,444939,444940,1,16
444923,444938,444940,2,15
444923,444939,444940,1,16
444923,444939,444941,2,16
444923,444939,444941,2,16
444923,444940,444942,2,17
444923,444940,444941,1,17
444923,444940,444942,2,17
444923,444940,444942,2,17
444923,444940,444941,1,17
444923,444940,444942,2,17
444923,444940,444943,3,17
444923,444940,444942,2,17
444923,444941,444943,2,18
444923,444941,444943,2,18
444923,444941,444943,2,18
444923,444941,444943,2,18
444923,444940,444943,3,17
444923,444941,444943,2,18
444923,444940,444943,3,17
444923,444941,444944,3,18
444923,444941,444943,2,18
444923,444942,444944,2,19
444923,444942,444944,2,19
444923,444942,444944,2,19
444923,444942,444943,1,19
444923,444942,444944,2,19
444923,444942,444944,2,19
444923,444941,444944,3,18
444923,444942,444944,2,19
444923,444943,444945,2,20
440331,440347,445280,4933,16
445282,445282,445283,1,0
445282,445282,445283,1,0
445282,445282,445284,2,0
445282,445282,445284,2,0
445282,445282,445284,2,0
445282,445282,445283,1,0
445282,445282,445284,2,0
445282,445282,445284,2,0
445282,445282,445284,2,0
445282,445282,445285,3,0
445282,445282,445284,2,0
445282,445282,445284,2,0
445282,445282,445285,3,0
445282,445282,445284,2,0
445282,445282,445285,3,0
445282,445282,445285,3,0
445282,445282,445284,2,0
445282,445282,445284,2,0
445282,445282,445284,2,0
445282,445282,445284,2,0
445282,445284,445286,2,2
445282,445284,445286,2,2
445282,445284,445286,2,2
445282,445284,445286,2,2
445282,445284,445285,1,2
445282,445284,445286,2,2
445282,445284,445286,2,2
445282,445284,445286,2,2
445282,445285,445287,2,3
445282,445284,445286,2,2
445282,445285,445288,3,3
445282,445285,445288,3,3
445282,445285,445288,3,3
445282,445285,445287,2,3
445282,445285,445287,2,3
445282,445285,445288,3,3
445282,445286,445288,2,4
445282,445286,445287,1,4
445282,445286,445288,2,4
445282,445286,445288,2,4
445282,445286,445288,2,4
445282,445285,445287,2,3
445282,445285,445287,2,3
445282,445285,445287,2,3
445282,445285,445288,3,3
445282,445287,445289,2,5
445282,445287,445289,2,5
445282,445287,445289,2,5
445282,445287,445289,2,5
445282,445288,445290,2,6
445282,445287,445289,2,5
445282,445288,445289,1,6
445282,445288,445289,1,6
445282,445288,445289,1,6
445282,445288,445289,1,6
445282,445288,445290,2,6
445282,445288,445290,2,6
445282,445288,445290,2,6
445282,445288,445290,2,6
445282,445288,445290,2,6
445282,445288,445290,2,6
445282,445288,445290,2,6
445282,445288,445290,2,6
445282,445288,445290,2,6
445282,445289,445291,2,7
445282,445289,445291,2,7
445282,445289,445291,2,7
445282,445289,445291,2,7
445282,445290,445292,2,8
445282,445290,445292,2,8
445282,445290,445292,2,8
445282,445290,445292,2,8
445282,445289,445291,2,7
445282,445290,445292,2,8
445282,445290,445292,2,8
445282,445290,445293,3,8
445282,445291,445293,2,9
445282,445291,445293,2,9
445282,445291,445293,2,9
445282,445290,445292,2,8
445282,445290,445292,2,8
445282,445290,445292,2,8
445282,445291,445294,3,9
445282,445291,445294,3,9
445282,445291,445294,3,9
445282,445292,445294,2,10
445282,445292,445294,2,10
445282,445291,445294,3,9
445282,445292,445294,2,10
445282,445292,445294,2,10
445282,445292,445294,2,10
445282,445292,445294,2,10
445282,445291,445294,3,9
445282,445291,445294,3,9
445282,445292,445295,3,10
445282,445293,445295,2,11
445282,445293,445295,2,11
445282,445293,445295,2,11
445282,445294,445296,2,12
445282,445294,445296,2,12
445282,445294,445296,2,12
445282,445294,445296,2,12
445282,445293,445295,2,11
445282,445293,445296,3,11
445282,445293,445296,3,11
445282,445293,445295,2,11
445282,445294,445296,2,12
445282,445294,445296,2,12
445282,445294,445297,3,12
445282,445294,445297,3,12
445282,445294,445297,3,12
445282,445295,445297,2,13
445282,445295,445297,2,13
445282,445294,445297,3,12
445282,445295,445297,2,13
445282,445296,445298,2,14
445282,445296,445298,2,14
445282,445294,445297,3,12
445282,445296,445298,2,14
445282,445296,445298,2,14
445282,445296,445298,2,14
445282,445296,445298,2,14
445282,445296,445299,3,14
445282,445295,445299,4,13
445282,445297,445299,2,15
445282,445296,445299,3,14
445282,445296,445299,3,14
445282,445296,445299,3,14
445282,445298,445299,1,16
445282,445297,445300,3,15
445282,445297,445300,3,15
445282,445297,445299,2,15
445282,445298,445300,2,16
445282,445298,445300,2,16
445282,445298,445300,2,16
445282,445298,445300,2,16
445282,445296,445300,4,14
445282,445298,445300,2,16
445282,445299,445300,1,17
445282,445299,445300,1,17
445282,445298,445301,3,16
445282,445298,445301,3,16
445282,445299,445301,2,17
445282,445300,445301,1,18
445282,445300,445301,1,18
445282,445299,445302,3,17
445282,445299,445301,2,17
445282,445300,445302,2,18
445282,445300,445302,2,18
445282,445300,445305,5,18
441812,441829,445378,3549,17
445379,445379,445380,1,0
445379,445379,445380,1,0
445379,445379,445380,1,0
445379,445379,445381,2,0
445379,445379,445381,2,0
445379,445379,445381,2,0
445379,445379,445381,2,0
445379,445379,445382,3,0
445379,445379,445382,3,0
445379,445379,445381,2,0
445379,445379,445382,3,0
445379,445379,445381,2,0
445379,445379,445381,2,0
445379,445379,445381,2,0
445379,445379,445381,2,0
445379,445379,445381,2,0
445379,445379,445381,2,0
445379,445379,445382,3,0
445379,445381,445382,1,2
445379,445381,445383,2,2
445379,445381,445382,1,2
445379,445381,445383,2,2
445379,445381,445383,2,2
445379,445381,445383,2,2
445379,445379,445383,4,0
445379,445382,445383,1,3
445379,445382,445384,2,3
445379,445382,445383,1,3
445379,445382,445384,2,3
445379,445382,445385,3,3
445379,445383,445384,1,4
445379,445383,445385,2,4
445379,445382,445384,2,3
445379,445382,445384,2,3
445379,445382,445385,3,3
445379,445382,445384,2,3
445379,445383,445385,2,4
445379,445383,445384,1,4
445379,445383,445385,2,4
445379,445383,445384,1,4
445379,445384,445385,1,5
445379,445382,445385,3,3
445379,445382,445385,3,3
445379,445383,445385,2,4
445379,445383,445386,3,4
445379,445384,445387,3,5
445379,445384,445386,2,5
445379,445385,445387,2,6
445379,445385,445387,2,6
445379,445385,445387,2,6
445379,445385,445388,3,6
445379,445385,445388,3,6
445379,445385,445388,3,6
445379,445385,445387,2,6
445379,445385,445388,3,6
445379,445385,445388,3,6
445379,445385,445388,3,6
445379,445385,445388,3,6
445379,445386,445388,2,7
445379,445386,445389,3,7
445379,445385,445388,3,6
445379,445387,445389,2,8
445379,445387,445389,2,8
445379,445386,445389,3,7
445379,445386,445389,3,7
445379,445387,445390,3,8
445379,445388,445389,1,9
445379,445388,445390,2,9
445379,445388,445390,2,9
445379,445388,445389,1,9
445379,445388,445390,2,9
445379,445388,445390,2,9
445379,445389,445390,1,10
445379,445388,445390,2,9
445379,445388,445391,3,9
445379,445389,445391,2,10
445379,445388,445391,3,9
445379,445388,445391,3,9
445379,445388,445391,3,9
445379,445389,445391,2,10
445379,445389,445391,2,10
445379,445389,445391,2,10
445379,445390,445391,1,11
445379,445390,445392,2,11
445379,445390,445391,1,11
445379,445390,445392,2,11
445379,445390,445392,2,11
445379,445390,445392,2,11
445379,445389,445391,2,10
445379,445390,445393,3,11
445379,445390,445393,3,11
445379,445391,445394,3,12
445379,445391,445394,3,12
445379,445391,445395,4,12
445379,445392,445395,3,13
445379,445392,445395,3,13
445379,445392,445395,3,13
445379,445392,445395,3,13
445379,445391,445394,3,12
445379,445392,445395,3,13
445379,445392,445395,3,13
445379,445391,445396,5,12
445379,445392,445395,3,13
445379,445394,445396,2,15
445379,445394,445396,2,15
445379,445391,445396,5,12
445379,445391,445396,5,12
445379,445391,445395,4,12
445379,445392,445396,4,13
445379,445395,445396,1,16
445379,445391,445397,6,12
445379,445393,445396,3,14
445379,445394,445397,3,15
445379,445395,445397,2,16
445379,445395,445397,2,16
445379,445395,445397,2,16
445379,445395,445397,2,16
445379,445395,445397,2,16
445379,445395,445397,2,16
441965,441982,445398,3416,17
445379,445395,445397,2,16
445379,445396,445398,2,17
445379,445396,445398,2,17
445379,445397,445399,2,18
445379,445397,445399,2,18
445379,445397,445399,2,18
445379,445397,445399,2,18
445379,445397,445399,2,18
445379,445397,445399,2,18
445379,445398,445399,1,19
445379,445398,445399,1,19
445379,445397,445400,3,18
445379,445397,445399,2,18
445379,445397,445399,2,18
445379,445397,445399,2,18
445379,445396,445399,3,17
445379,445396,445399,3,17
445379,445397,445400,3,18
445379,445397,445400,3,18
445379,445398,445400,2,19
445379,445398,445400,2,19
445379,445398,445400,2,19
445379,445399,445400,1,20
445379,445399,445401,2,20
445379,445399,445401,2,20
445379,445399,445401,2,20
445379,445399,445401,2,20
445379,445400,445401,1,21
445399,445400,445402,2,1
445379,445399,445401,2,20
445399,445400,445402,2,1
445399,445400,445402,2,1
445399,445401,445402,1,2
445399,445400,445402,2,1
445399,445400,445402,2,1
445399,445400,445403,3,1
445399,445400,445403,3,1
445399,445400,445402,2,1
445399,445400,445403,3,1
445399,445402,445403,1,3
445399,445401,445403,2,2
445399,445400,445403,3,1
445399,445401,445404,3,2
445399,445402,445404,2,3
445399,445402,445404,2,3
445399,445402,445404,2,3
445399,445403,445404,1,4
445399,445402,445405,3,3
445399,445402,445405,3,3
445399,445404,445405,1,5
445379,445400,445405,5,21
445399,445403,445405,2,4
445399,445403,445406,3,4
445399,445403,445405,2,4
445399,445404,445406,2,5
445399,445403,445406,3,4
445399,445403,445406,3,4
445399,445403,445406,3,4
445399,445405,445406,1,6
445399,445405,445406,1,6
445399,445405,445406,1,6
445399,445405,445406,1,6
445399,445405,445406,1,6
445399,445401,445406,5,2
445399,445404,445407,3,5
445399,445405,445408,3,6
445399,445405,445408,3,6
445399,445406,445408,2,7
445399,445406,445409,3,7
445399,445406,445409,3,7
445399,445406,445408,2,7
445399,445407,445409,2,8
445399,445407,445409,2,8
445399,445407,445410,3,8
445399,445407,445409,2,8
445399,445406,445410,4,7
445399,445406,445410,4,7
445399,445406,445410,4,7
445399,445406,445410,4,7
445399,445407,445410,3,8
445399,445409,445411,2,10
445399,445408,445410,2,9
445399,445409,445411,2,10
445399,445409,445411,2,10
445399,445409,445411,2,10
445399,445407,445411,4,8
445399,445408,445411,3,9
445399,445410,445411,1,11
445399,445410,445411,1,11
445399,445402,445412,10,3
445399,445410,445411,1,11
445399,445410,445412,2,11
445399,445411,445412,1,12
445399,445411,445412,1,12
445399,445410,445412,2,11
445399,445411,445413,2,12
445399,445410,445413,3,11
445399,445410,445413,3,11
445399,445410,445413,3,11
445399,445412,445413,1,13
445399,445412,445414,2,13
445399,445412,445413,1,13
445399,445412,445413,1,13
445399,445411,445414,3,12
445399,445411,445414,3,12
445399,445411,445414,3,12
445399,445411,445414,3,12
445399,445411,445414,3,12
445399,445413,445414,1,14
445399,445406,445414,8,7
445399,445413,445415,2,14
445399,445407,445416,9,8
445399,445413,445415,2,14
445399,445413,445416,3,14
445399,445413,445416,3,14
445399,445413,445415,2,14
445399,445414,445416,2,15
445399,445414,445416,2,15
445399,445415,445417,2,16
445399,445414,445416,2,15
445399,445414,445416,2,15
445399,445415,445417,2,16
445399,445414,445417,3,15
445399,445414,445417,3,15
445399,445414,445417,3,15
445399,445413,445417,4,14
445399,445416,445418,2,17
445399,445414,445418,4,15
445399,445414,445418,4,15
445379,445415,445418,3,36
445399,445417,445419,2,18
445399,445417,445420,3,18
445399,445416,445420,4,17
445399,445416,445420,4,17
445399,445416,445420,4,17
445399,445417,445420,3,18
445399,445417,445420,3,18
445399,445417,445420,3,18
445399,445417,445420,3,18
445399,445417,445421,4,18
445399,445417,445421,4,18
445399,445418,445421,3,19
445399,445412,445422,10,13
445399,445418,445421,3,19
445399,445418,445422,4,19
445399,445418,445422,4,19
445399,445420,445422,2,21
445399,445419,445422,3,20
445399,445420,445422,2,21
445399,445421,445423,2,22
445399,445415,445422,7,16
445399,445421,445423,2,22
445399,445418,445423,5,19
445399,445421,445423,2,22
445399,445421,445423,2,22
445399,445421,445423,2,22
445399,445422,445424,2,23
445399,445420,445424,4,21
445399,445420,445424,4,21
445399,445422,445424,2,23
445399,445422,445424,2,23
445399,445423,445425,2,24
445399,445423,445425,2,24
445399,445423,445425,2,24
445399,445422,445425,3,23
445399,445422,445425,3,23
445399,445424,445426,2,25
445399,445424,445426,2,25
445399,445424,445426,2,25
445399,445423,445426,3,24
445399,445424,445426,2,25
445399,445424,445426,2,25
445399,445423,445426,3,24
445399,445423,445426,3,24
445399,445416,445427,11,17
445399,445425,445427,2,26
445399,445425,445427,2,26
445399,445425,445427,2,26
445399,445425,445427,2,26
445399,445422,445431,9,23
445399,445423,445431,8,24
442384,442400,445865,3465,16
445866,445866,445868,2,0
445866,445866,445868,2,0
445866,445866,445868,2,0
445866,445866,445868,2,0
445866,445866,445868,2,0
445866,445866,445868,2,0
445866,445866,445869,3,0
445866,445866,445868,2,0
445866,445866,445868,2,0
445866,445866,445869,3,0
445866,445866,445869,3,0
445866,445866,445869,3,0
445866,445866,445869,3,0
445866,445866,445868,2,0
445866,445866,445869,3,0
445866,445866,445869,3,0
445866,445866,445869,3,0
445866,445868,445870,2,2
445866,445868,445870,2,2
445866,445868,445870,2,2
445866,445868,445870,2,2
445866,445868,445870,2,2
445866,445868,445870,2,2
445866,445866,445869,3,0
445866,445866,445870,4,0
445866,445866,445870,4,0
445866,445869,445871,2,3
445866,445869,445871,2,3
445866,445869,445871,2,3
445866,445869,445871,2,3
445866,445869,445872,3,3
445866,445869,445872,3,3
445866,445869,445872,3,3
445866,445869,445872,3,3
445866,445869,445872,3,3
445866,445870,445872,2,4
445866,445870,445872,2,4
445866,445870,445872,2,4
445866,445870,445872,2,4
445866,445870,445872,2,4
445866,445870,445872,2,4
445866,445869,445872,3,3
445866,445870,445872,2,4
445866,445870,445873,3,4
445866,445871,445873,2,5
445866,445871,445873,2,5
445866,445871,445873,2,5
445866,445871,445873,2,5
445866,445870,445872,2,4
445866,445870,445872,2,4
445866,445872,445874,2,6
445866,445872,445874,2,6
445866,445872,445874,2,6
445866,445872,445874,2,6
445866,445872,445873,1,6
445866,445872,445873,1,6
445866,445872,445874,2,6
445866,445872,445874,2,6
445866,445872,445874,2,6
445866,445872,445874,2,6
445866,445872,445874,2,6
445866,445873,445875,2,7
445866,445873,445875,2,7
445866,445872,445874,2,6
445866,445873,445875,2,7
445866,445873,445875,2,7
445866,445872,445875,3,6
445866,445873,445876,3,7
445866,445874,445876,2,8
445866,445874,445876,2,8
445866,445874,445876,2,8
445866,445874,445876,2,8
445866,445873,445876,3,7
445866,445873,445876,3,7
445866,445874,445876,2,8
445866,445874,445877,3,8
445866,445874,445877,3,8
445866,445874,445877,3,8
445866,445875,445877,2,9
445866,445875,445877,2,9
445866,445876,445877,1,10
445866,445875,445877,2,9
445866,445874,445877,3,8
445866,445876,445877,1,10
445866,445875,445878,3,9
445866,445876,445878,2,10
445866,445876,445878,2,10
445866,445877,445878,1,11
445866,445877,445878,1,11
445866,445876,445878,2,10
445866,445877,445879,2,11
445866,445877,445879,2,11
445866,445876,445879,3,10
445866,445875,445878,3,9
445866,445877,445879,2,11
445866,445877,445879,2,11
445866,445878,445879,1,12
445866,445877,445879,2,11
445866,445878,445880,2,12
445866,445877,445879,2,11
445866,445877,445880,3,11
445866,445878,445880,2,12
445866,445878,445880,2,12
445866,445878,445880,2,12
445866,445877,445881,4,11
445866,445878,445881,3,12
445866,445879,445881,2,13
445866,445879,445881,2,13
445866,445878,445881,3,12
445866,445879,445881,2,13
445866,445879,445881,2,13
445866,445880,445881,1,14
445866,445879,445881,2,13
445866,445879,445882,3,13
445866,445879,445881,2,13
445866,445880,445881,1,14
445866,445879,445882,3,13
445866,445879,445882,3,13
445866,445880,445882,2,14
445866,445880,445882,2,14
445866,445881,445883,2,15
445866,445880,445883,3,14
445866,445880,445883,3,14
445866,445881,445883,2,15
445866,445881,445883,2,15
445866,445882,445883,1,16
445866,445882,445883,1,16
445866,445882,445884,2,16
445866,445881,445884,3,15
445866,445882,445884,2,16
445866,445881,445884,3,15
445866,445881,445884,3,15
445866,445883,445884,1,17
445866,445882,445884,2,16
445866,445882,445884,2,16
445866,445882,445885,3,16
445866,445882,445884,2,16
445866,445883,445885,2,17
445866,445882,445885,3,16
445866,445882,445885,3,16
445866,445884,445885,1,18
445866,445884,445885,1,18
445866,445884,445886,2,18
445866,445884,445886,2,18
445866,445883,445885,2,17
445866,445884,445886,2,18
445866,445884,445886,2,18
445866,445884,445886,2,18
445866,445883,445887,4,17
445866,445883,445889,6,17
443111,443129,446573,3444,18
446575,446575,446577,2,0
446575,446575,446577,2,0
446575,446575,446577,2,0
446575,446575,446577,2,0
446575,446575,446578,3,0
446575,446575,446578,3,0
446575,446575,446578,3,0
446575,446575,446578,3,0
446575,446575,446578,3,0
446575,446575,446577,2,0
446575,446575,446578,3,0
446575,446575,446578,3,0
446575,446575,446577,2,0
446575,446575,446578,3,0
446575,446575,446577,2,0
446575,446575,446577,2,0
446575,446575,446579,4,0
446575,446575,446579,4,0
446575,446577,446579,2,2
446575,446577,446579,2,2
446575,446575,446579,4,0
446575,446575,446578,3,0
446575,446577,446579,2,2
446575,446577,446579,2,2
446575,446578,446580,2,3
446575,446578,446580,2,3
446575,446578,446580,2,3
446575,446578,446580,2,3
446575,446578,446580,2,3
446575,446578,446580,2,3
446575,446578,446581,3,3
446575,446578,446581,3,3
446575,446578,446580,2,3
446575,446579,446581,2,4
446575,446578,446581,3,3
446575,446578,446581,3,3
446575,446579,446581,2,4
446575,446579,446581,2,4
446575,446579,446581,2,4
446575,446578,446581,3,3
446575,446579,446582,3,4
446575,446580,446582,2,5
446575,446579,446582,3,4
446575,446579,446582,3,4
446575,446580,446582,2,5
446575,446580,446582,2,5
446575,446580,446582,2,5
446575,446580,446582,2,5
446575,446580,446582,2,5
446575,446579,446582,3,4
446575,446581,446583,2,6
446575,446581,446583,2,6
446575,446581,446583,2,6
446575,446581,446583,2,6
446575,446581,446583,2,6
446575,446581,446583,2,6
446575,446581,446583,2,6
446575,446582,446583,1,7
446575,446581,446583,2,6
446575,446582,446584,2,7
446575,446582,446584,2,7
446575,446583,446584,1,8
446575,446583,446584,1,8
446575,446583,446584,1,8
446575,446583,446584,1,8
446575,446583,446584,1,8
446575,446582,446585,3,7
446575,446583,446585,2,8
446575,446583,446586,3,8
446575,446583,446586,3,8
446575,446584,446586,2,9
446575,446584,446586,2,9
446575,446584,446586,2,9
446575,446583,446586,3,8
446575,446584,446586,2,9
446575,446584,446587,3,9
446575,446584,446586,2,9
446575,446584,446586,2,9
446575,446585,446587,2,10
446575,446585,446588,3,10
446575,446585,446588,3,10
446575,446585,446588,3,10
446575,446585,446587,2,10
446575,446585,446587,2,10
446575,446584,446588,4,9
446575,446584,446588,4,9
446575,446587,446588,1,12
446575,446587,446589,2,12
446575,446587,446589,2,12
446575,446587,446588,1,12
446575,446586,446588,2,11
446575,446587,446589,2,12
446575,446586,446589,3,11
446575,446585,446588,3,10
446575,446586,446589,3,11
446575,446588,446589,1,13
446575,446588,446589,1,13
446575,446588,446590,2,13
446575,446587,446590,3,12
446575,446587,446589,2,12
446575,446587,446590,3,12
446575,446588,446590,2,13
446575,446588,446589,1,13
446575,446588,446590,2,13
446575,446589,446591,2,14
446575,446589,446591,2,14
446575,446588,446591,3,13
446575,446589,446591,2,14
446575,446589,446591,2,14
446575,446589,446591,2,14
446575,446589,446591,2,14
446575,446588,446591,3,13
446575,446590,446592,2,15
446575,446591,446593,2,16
446575,446591,446592,1,16
446575,446590,446592,2,15
446575,446590,446593,3,15
446575,446590,446592,2,15
446575,446590,446592,2,15
446575,446591,446593,2,16
446575,446589,446593,4,14
446575,446589,446593,4,14
446575,446589,446593,4,14
446575,446592,446593,1,17
446575,446592,446594,2,17
446575,446592,446593,1,17
446575,446592,446594,2,17
446575,446590,446594,4,15
446575,446590,446594,4,15
446575,446590,446594,4,15
446575,446593,446595,2,18
446575,446593,446595,2,18
446575,446593,446595,2,18
446575,446593,446595,2,18
446575,446593,446595,2,18
446575,446593,446594,1,18
446575,446593,446595,2,18
446575,446593,446595,2,18
446575,446592,446595,3,17
446575,446592,446595,3,17
446575,446594,446595,1,19
446575,446594,446596,2,19
446575,446593,446596,3,18
446575,446594,446596,2,19
446575,446594,446596,2,19
446575,446594,446596,2,19
446575,446594,446597,3,19
446575,446594,446597,3,19
446575,446594,446597,3,19
446575,446594,446598,4,19
441750,441771,446694,4923,21
446695,446695,446698,3,0
446695,446695,446698,3,0
446695,446695,446697,2,0
446695,446695,446699,4,0
446695,446695,446698,3,0
446695,446695,446698,3,0
446695,446695,446698,3,0
446695,446695,446699,4,0
446695,446695,446698,3,0
446695,446695,446699,4,0
446695,446695,446698,3,0
446695,446695,446699,4,0
446695,446695,446699,4,0
446695,446695,446698,3,0
446695,446695,446698,3,0
446695,446695,446699,4,0
446695,446695,446698,3,0
446695,446695,446699,4,0
446695,446695,446700,5,0
446695,446695,446699,4,0
446695,446698,446700,2,3
446695,446698,446700,2,3
446695,446699,446701,2,4
446695,446699,446701,2,4
446695,446698,446700,2,3
446695,446699,446701,2,4
446695,446699,446701,2,4
446695,446699,446702,3,4
446695,446699,446702,3,4
446695,446699,446702,3,4
446695,446699,446702,3,4
446695,446699,446701,2,4
446695,446699,446701,2,4
446695,446699,446701,2,4
446695,446699,446701,2,4
446695,446699,446702,3,4
446695,446699,446702,3,4
446695,446699,446701,2,4
446695,446700,446703,3,5
446695,446701,446703,2,6
446695,446701,446703,2,6
446695,446701,446703,2,6
446695,446701,446703,2,6
446695,446701,446703,2,6
446695,446701,446703,2,6
446695,446700,446703,3,5
446695,446702,446704,2,7
446695,446702,446704,2,7
446695,446702,446704,2,7
446695,446702,446704,2,7
446695,446702,446704,2,7
446695,446702,446704,2,7
446695,446701,446703,2,6
446695,446702,446704,2,7
446695,446702,446705,3,7
446695,446702,446704,2,7
446695,446703,446705,2,8
446695,446702,446704,2,7
446695,446702,446705,3,7
446695,446703,446706,3,8
446695,446704,446706,2,9
446695,446703,446705,2,8
446695,446704,446706,2,9
446695,446703,446705,2,8
446695,446703,446705,2,8
446695,446703,446705,2,8
446695,446703,446706,3,8
446695,446703,446706,3,8
446695,446704,446706,2,9
446695,446704,446707,3,9
446695,446704,446707,3,9
446695,446704,446707,3,9
446695,446704,446706,2,9
446695,446704,446707,3,9
446695,446705,446708,3,10
446695,446705,446708,3,10
446695,446705,446709,4,10
446695,446705,446708,3,10
446695,446706,446709,3,11
446695,446706,446708,2,11
446695,446707,446709,2,12
446695,446706,446709,3,11
446695,446706,446709,3,11
446695,446706,446709,3,11
446695,446706,446709,3,11
446695,446706,446709,3,11
446695,446706,446709,3,11
446695,446707,446709,2,12
446695,446705,446709,4,10
446695,446707,446709,2,12
446695,446707,446710,3,12
446695,446707,446710,3,12
446695,446706,446710,4,11
446695,446707,446710,3,12
446695,446709,446711,2,14
446695,446709,446711,2,14
446695,446709,446711,2,14
446695,446709,446711,2,14
446695,446708,446711,3,13
446695,446709,446711,2,14
446695,446709,446711,2,14
446695,446709,446711,2,14
446695,446709,446711,2,14
446695,446708,446711,3,13
446695,446709,446712,3,14
446695,446709,446712,3,14
446695,446709,446712,3,14
446695,446709,446712,3,14
446695,446710,446712,2,15
446695,446711,446713,2,16
446695,446711,446713,2,16
446695,446710,446713,3,15
446695,446710,446713,3,15
446695,446710,446713,3,15
446695,446711,446713,2,16
446695,446711,446713,2,16
446695,446712,446713,1,17
446695,446712,446713,1,17
446695,446712,446713,1,17
446695,446711,446713,2,16
446695,446711,446713,2,16
446695,446712,446714,2,17
446695,446712,446714,2,17
446695,446713,446714,1,18
446695,446712,446714,2,17
446695,446713,446715,2,18
446695,446712,446715,3,17
446695,446712,446715,3,17
446695,446713,446715,2,18
446695,446714,446715,1,19
446695,446714,446715,1,19
446695,446714,446715,1,19
446695,446714,446715,1,19
446695,446714,446715,1,19
446695,446712,446715,3,17
446695,446713,446716,3,18
446695,446713,446716,3,18
446695,446713,446716,3,18
446695,446713,446715,2,18
446695,446715,446716,1,20
446695,446715,446716,1,20
446695,446715,446716,1,20
446695,446714,446716,2,19
446695,446714,446716,2,19
446695,446716,446717,1,21
446695,446715,446717,2,20
446695,446715,446718,3,20
446695,446715,446718,3,20
446695,446715,446718,3,20
446695,446716,446720,4,21
443325,443342,446830,3488,17
446830,446830,446832,2,0
446830,446830,446832,2,0
446830,446830,446832,2,0
446830,446830,446833,3,0
446830,446830,446833,3,0
446830,446830,446832,2,0
446830,446830,446833,3,0
446830,446830,446832,2,0
446830,446830,446833,3,0
446830,446830,446833,3,0
446830,446830,446833,3,0
446830,446830,446833,3,0
446830,446830,446833,3,0
446830,446830,446833,3,0
446830,446830,446833,3,0
446830,446830,446833,3,0
446830,446830,446833,3,0
446830,446830,446833,3,0
446830,446832,446834,2,2
446830,446832,446834,2,2
446830,446830,446833,3,0
446830,446830,446834,4,0
446830,446833,446835,2,3
446830,446833,446835,2,3
446830,446833,446835,2,3
446830,446833,446835,2,3
446830,446833,446835,2,3
446830,446833,446835,2,3
446830,446833,446835,2,3
446830,446833,446836,3,3
446830,446833,446836,3,3
446830,446833,446836,3,3
446830,446833,446835,2,3
446830,446833,446835,2,3
446830,446834,446836,2,4
446830,446834,446836,2,4
446830,446833,446835,2,3
446830,446834,446836,2,4
446830,446833,446836,3,3
446830,446835,446837,2,5
446830,446835,446837,2,5
446830,446835,446837,2,5
446830,446835,446837,2,5
446830,446835,446837,2,5
446830,446835,446837,2,5
446830,446833,446836,3,3
446830,446834,446837,3,4
446830,446834,446836,2,4
446830,446836,446837,1,6
446830,446836,446838,2,6
446830,446836,446838,2,6
446830,446836,446838,2,6
446830,446836,446838,2,6
446830,446836,446838,2,6
446830,446836,446839,3,6
446830,446837,446839,2,7
446830,446836,446839,3,6
446830,446836,446839,3,6
446830,446837,446838,1,7
446830,446837,446839,2,7
446830,446837,446839,2,7
446830,446837,446839,2,7
446830,446837,446839,2,7
446830,446837,446839,2,7
446830,446838,446840,2,8
446830,446838,446840,2,8
446830,446837,446840,3,7
446830,446838,446840,2,8
446830,446837,446840,3,7
446830,446837,446840,3,7
446830,446837,446840,3,7
446830,446838,446840,2,8
446830,446838,446841,3,8
446830,446838,446840,2,8
446830,446839,446841,2,9
446830,446839,446841,2,9
446830,446839,446841,2,9
446830,446839,446841,2,9
446830,446839,446841,2,9
446830,446840,446842,2,10
446830,446839,446842,3,9
446830,446839,446842,3,9
446830,446839,446841,2,9
446830,446839,446842,3,9
446830,446841,446842,1,11
446830,446841,446842,1,11
446830,446841,446843,2,11
446830,446842,446843,1,12
446830,446841,446842,1,11
446830,446841,446843,2,11
446830,446842,446843,1,12
446830,446842,446843,1,12
446830,446842,446843,1,12
446830,446841,446843,2,11
446830,446841,446843,2,11
446830,446840,446843,3,10
446830,446842,446844,2,12
446830,446841,446844,3,11
446830,446843,446844,1,13
446830,446843,446845,2,13
446830,446841,446844,3,11
446830,446841,446844,3,11
446830,446842,446845,3,12
446830,446842,446845,3,12
446830,446842,446845,3,12
446830,446844,446845,1,14
446830,446844,446845,1,14
446830,446844,446845,1,14
446830,446842,446845,3,12
446830,446844,446846,2,14
446830,446844,446846,2,14
446830,446844,446846,2,14
446830,446844,446846,2,14
446830,446845,446847,2,15
446830,446844,446846,2,14
446830,446844,446847,3,14
446830,446844,446847,3,14
446830,446844,446846,2,14
446830,446844,446847,3,14
446830,446846,446847,1,16
446830,446846,446847,1,16
446830,446846,446848,2,16
446830,446845,446847,2,15
446830,446845,446847,2,15
446830,446845,446848,3,15
446830,446846,446848,2,16
446830,446846,446849,3,16
446830,446847,446848,1,17
446830,446847,446849,2,17
446830,446847,446848,1,17
446830,446847,446849,2,17
446830,446847,446849,2,17
446830,446845,446848,3,15
446830,446846,446849,3,16
446830,446848,446849,1,18
446830,446848,446850,2,18
446830,446848,446849,1,18
446830,446847,446849,2,17
446830,446847,446850,3,17
446830,446847,446850,3,17
446830,446849,446851,2,19
446830,446849,446851,2,19
446830,446848,446850,2,18
446830,446848,446851,3,18
446830,446848,446850,2,18
446830,446847,446851,4,17
446830,446848,446851,3,18
446830,446849,446851,2,19
446830,446849,446851,2,19
446830,446849,446851,2,19
442238,442255,447289,5034,17
447290,447290,447292,2,0
447290,447290,447292,2,0
447290,447290,447292,2,0
447290,447290,447292,2,0
447290,447290,447292,2,0
447290,447290,447292,2,0
447290,447290,447292,2,0
447290,447290,447293,3,0
447290,447290,447293,3,0
447290,447290,447292,2,0
447290,447290,447292,2,0
447290,447290,447293,3,0
447290,447290,447293,3,0
447290,447292,447293,1,2
447290,447290,447293,3,0
447290,447290,447293,3,0
447290,447290,447293,3,0
447290,447290,447293,3,0
447290,447292,447294,2,2
447290,447292,447294,2,2
447290,447290,447293,3,0
447290,447290,447293,3,0
447290,447290,447293,3,0
447290,447293,447295,2,3
447290,447292,447294,2,2
447290,447292,447294,2,2
447290,447292,447294,2,2
447290,447292,447294,2,2
447290,447293,447295,2,3
447290,447293,447294,1,3
447290,447293,447295,2,3
447290,447293,447296,3,3
447290,447294,447295,1,4
447290,447294,447296,2,4
447290,447294,447296,2,4
447290,447294,447296,2,4
447290,447294,447296,2,4
447290,447294,447297,3,4
447290,447295,447297,2,5
447290,447294,447296,2,4
447290,447294,447296,2,4
447290,447295,447297,2,5
447290,447295,447297,2,5
447290,447295,447297,2,5
447290,447295,447297,2,5
447290,447295,447297,2,5
447290,447295,447297,2,5
447290,447294,447297,3,4
447290,447294,447297,3,4
447290,447294,447297,3,4
447290,447295,447297,2,5
447290,447296,447297,1,6
447290,447296,447298,2,6
447290,447296,447298,2,6
447290,447296,447298,2,6
447290,447297,447299,2,7
447290,447297,447299,2,7
447290,447297,447299,2,7
447290,447297,447299,2,7
447290,447297,447299,2,7
447290,447297,447299,2,7
447290,447297,447299,2,7
447290,447297,447299,2,7
447290,447297,447299,2,7
447290,447298,447300,2,8
447290,447297,447300,3,7
447290,447297,447300,3,7
447290,447297,447300,3,7
447290,447298,447300,2,8
447290,447298,447300,2,8
447290,447297,447300,3,7
447290,447297,447300,3,7
447290,447297,447300,3,7
447290,447297,447300,3,7
447290,447299,447301,2,9
447290,447299,447301,2,9
447290,447299,447301,2,9
447290,447299,447301,2,9
447290,447299,447301,2,9
447290,447299,447301,2,9
447290,447299,447302,3,9
447290,447300,447302,2,10
447290,447299,447301,2,9
447290,447299,447301,2,9
447290,447300,447302,2,10
447290,447300,447302,2,10
447290,447300,447303,3,10
447290,447300,447302,2,10
447290,447300,447302,2,10
447290,447300,447303,3,10
447290,447301,447303,2,11
447290,447301,447303,2,11
447290,447300,447303,3,10
447290,447300,447303,3,10
447290,447300,447303,3,10
447290,447301,447303,2,11
447290,447301,447303,2,11
447290,447301,447303,2,11
447290,447302,447304,2,12
447290,447301,447304,3,11
447290,447302,447304,2,12
447290,447302,447304,2,12
447290,447302,447304,2,12
447290,447300,447304,4,10
447290,447302,447305,3,12
447290,447302,447305,3,12
447290,447303,447305,2,13
447290,447303,447305,2,13
447290,447303,447305,2,13
447290,447303,447305,2,13
447290,447303,447306,3,13
447290,447304,447306,2,14
447290,447303,447306,3,13
447290,447303,447306,3,13
447290,447303,447306,3,13
447290,447303,447306,3,13
447290,447304,447306,2,14
447290,447303,447306,3,13
447290,447303,447306,3,13
447290,447305,447306,1,15
447290,447305,447307,2,15
447290,447304,447307,3,14
447290,447305,447307,2,15
447290,447306,447307,1,16
447290,447306,447307,1,16
447290,447303,447307,4,13
447290,447305,447307,2,15
447290,447306,447307,1,16
447290,447306,447307,1,16
447290,447305,447308,3,15
447290,447306,447308,2,16
447290,447307,447308,1,17
447290,447307,447308,1,17
447290,447307,447308,1,17
447290,447307,447308,1,17
447290,447306,447308,2,16
447290,447306,447309,3,16
447290,447306,447309,3,16
447290,447308,447309,1,18
447290,447307,447309,2,17
447290,447308,447309,1,18
447290,447308,447310,2,18
447290,447306,447309,3,16
447290,447307,447310,3,17
447290,447307,447310,3,17
447290,447307,447310,3,17
447290,447308,447310,2,18
447290,447308,447310,2,18
447290,447308,447310,2,18
447290,447308,447311,3,18
443878,443895,447417,3522,17
447419,447419,447422,3,0
447419,447419,447422,3,0
447419,447419,447423,4,0
447419,447419,447422,3,0
447419,447419,447423,4,0
447419,447419,447422,3,0
447419,447419,447423,4,0
447419,447419,447423,4,0
447419,447419,447423,4,0
447419,447419,447423,4,0
447419,447419,447423,4,0
447419,447419,447423,4,0
447419,447419,447423,4,0
447419,447419,447423,4,0
447419,447419,447423,4,0
447419,447419,447422,3,0
447419,447419,447423,4,0
447419,447422,447424,2,3
447419,447419,447424,5,0
447419,447419,447424,5,0
447419,447419,447423,4,0
447419,447423,447425,2,4
447419,447423,447424,1,4
447419,447423,447425,2,4
447419,447423,447425,2,4
447419,447423,447425,2,4
447419,447423,447425,2,4
447419,447423,447425,2,4
447419,447423,447425,2,4
447419,447423,447425,2,4
447419,447423,447425,2,4
447419,447423,447425,2,4
447419,447423,447426,3,4
447419,447423,447425,2,4
447419,447423,447425,2,4
447419,447424,447425,1,5
447419,447423,447426,3,4
447419,447423,447426,3,4
447419,447425,447426,1,6
447419,447425,447427,2,6
447419,447425,447427,2,6
447419,447425,447426,1,6
447419,447424,447426,2,5
447419,447424,447427,3,5
447419,447424,447426,2,5
447419,447425,447427,2,6
447419,447425,447427,2,6
447419,447425,447427,2,6
447419,447426,447429,3,7
447419,447426,447429,3,7
447419,447426,447429,3,7
447419,447426,447429,3,7
447419,447427,447429,2,8
447419,447426,447429,3,7
447419,447426,447429,3,7
447419,447426,447429,3,7
447419,447426,447429,3,7
447419,447426,447429,3,7
447419,447427,447430,3,8
447419,447427,447430,3,8
447419,447427,447430,3,8
447419,447427,447430,3,8
447419,447427,447430,3,8
447419,447427,447430,3,8
447419,447427,447429,2,8
447419,447427,447430,3,8
447419,447427,447431,4,8
447419,447427,447431,4,8
447419,447429,447431,2,10
447419,447429,447432,3,10
447419,447430,447432,2,11
447419,447430,447432,2,11
447419,447429,447432,3,10
447419,447430,447432,2,11
447419,447430,447432,2,11
447419,447429,447432,3,10
447419,447430,447432,2,11
447419,447429,447433,4,10
447419,447429,447433,4,10
447419,447429,447433,4,10
447419,447429,447433,4,10
447419,447429,447433,4,10
447419,447429,447432,3,10
447419,447430,447433,3,11
447419,447431,447433,2,12
447419,447430,447432,2,11
447419,447431,447433,2,12
447419,447431,447433,2,12
447419,447432,447434,2,13
447419,447432,447434,2,13
447419,447432,447434,2,13
447419,447431,447434,3,12
447419,447432,447434,2,13
447419,447432,447434,2,13
447419,447432,447434,2,13
447419,447432,447435,3,13
447419,447432,447435,3,13
447419,447434,447435,1,15
447419,447434,447435,1,15
447419,447433,447436,3,14
447419,447433,447436,3,14
447419,447433,447436,3,14
447419,447433,447436,3,14
447419,447433,447436,3,14
447419,447433,447436,3,14
447419,447434,447436,2,15
447419,447433,447436,3,14
447419,447433,447436,3,14
447419,447434,447437,3,15
447419,447434,447437,3,15
447419,447435,447437,2,16
447419,447436,447437,1,17
447419,447436,447437,1,17
447419,447435,447437,2,16
447419,447435,447437,2,16
447419,447435,447437,2,16
447419,447436,447437,1,17
447419,447434,447437,3,15
447419,447436,447438,2,17
447419,447436,447438,2,17
447419,447436,447439,3,17
447419,447436,447439,3,17
447419,447436,447439,3,17
447419,447436,447439,3,17
447419,447436,447439,3,17
447419,447436,447439,3,17
447419,447438,447439,1,19
447419,447438,447439,1,19
447419,447438,447439,1,19
447419,447438,447439,1,19
447419,447438,447439,1,19
447419,447438,447439,1,19
447419,447438,447439,1,19
447419,447437,447439,2,18
447419,447437,447440,3,18
447419,447439,447440,1,20
447419,447438,447440,2,19
447419,447438,447440,2,19
447419,447438,447440,2,19
447419,447440,447441,1,21
447419,447440,447441,1,21
447419,447439,447441,2,20
447419,447439,447442,3,20
447419,447439,447442,3,20
447419,447439,447442,3,20
447419,447439,447442,3,20
447419,447439,447442,3,20
447419,447439,447442,3,20
447419,447440,447444,4,21
447419,447440,447444,4,21
442667,442685,447626,4941,18
447627,447627,447629,2,0
447627,447627,447629,2,0
447627,447627,447629,2,0
447627,447627,447629,2,0
447627,447627,447629,2,0
447627,447627,447629,2,0
447627,447627,447630,3,0
447627,447627,447630,3,0
447627,447627,447630,3,0
447627,447627,447630,3,0
447627,447627,447630,3,0
447627,447627,447630,3,0
447627,447627,447630,3,0
447627,447627,447630,3,0
447627,447627,447630,3,0
447627,447627,447630,3,0
447627,447627,447631,4,0
447627,447627,447631,4,0
447627,447627,447631,4,0
447627,447629,447631,2,2
447627,447629,447631,2,2
447627,447627,447631,4,0
447627,447629,447631,2,2
447627,447629,447631,2,2
447627,447629,447631,2,2
447627,447629,447631,2,2
447627,447630,447632,2,3
447627,447630,447632,2,3
447627,447630,447632,2,3
447627,447631,447633,2,4
447627,447630,447633,3,3
447627,447630,447633,3,3
447627,447630,447633,3,3
447627,447631,447633,2,4
447627,447631,447633,2,4
447627,447630,447633,3,3
447627,447631,447633,2,4
447627,447631,447633,2,4
447627,447631,447633,2,4
447627,447631,447634,3,4
447627,447631,447634,3,4
447627,447631,447634,3,4
447627,447631,447634,3,4
447627,447631,447634,3,4
447627,447631,447634,3,4
447627,447631,447634,3,4
447627,447632,447635,3,5
447627,447633,447634,1,6
447627,447633,447634,1,6
447627,447633,447634,1,6
447627,447634,447635,1,7
447627,447634,447635,1,7
447627,447634,447635,1,7
447627,447634,447635,1,7
447627,447634,447635,1,7
447627,447634,447635,1,7
447627,447633,447636,3,6
447627,447633,447636,3,6
447627,447634,447636,2,7
447627,447635,447636,1,8
447627,447635,447636,1,8
447627,447635,447636,1,8
447627,447635,447636,1,8
447627,447635,447636,1,8
447627,447636,447637,1,9
447627,447636,447637,1,9
447627,447635,447637,2,8
447627,447635,447637,2,8
447627,447635,447638,3,8
447627,447635,447637,2,8
447627,447635,447637,2,8
447627,447636,447637,1,9
447627,447635,447637,2,8
447627,447636,447637,1,9
447627,447636,447638,2,9
447627,447637,447638,1,10
447627,447637,447638,1,10
447627,447636,447638,2,9
447627,447637,447639,2,10
447627,447637,447639,2,10
447627,447636,447639,3,9
447627,447637,447639,2,10
447627,447637,447640,3,10
447627,447637,447639,2,10
447627,447638,447639,1,11
447627,447638,447639,1,11
447627,447638,447639,1,11
447627,447638,447640,2,11
447627,447638,447640,2,11
447627,447638,447640,2,11
447627,447638,447640,2,11
447627,447638,447641,3,11
447627,447638,447641,3,11
447627,447639,447641,2,12
447627,447639,447641,2,12
447627,447639,447640,1,12
447627,447640,447641,1,13
447627,447640,447641,1,13
447627,447639,447641,2,12
447627,447639,447641,2,12
447627,447638,447641,3,11
447627,447640,447641,1,13
447627,447639,447641,2,12
447627,447640,447642,2,13
447627,447639,447642,3,12
447627,447640,447642,2,13
447627,447640,447642,2,13
447627,447640,447642,2,13
447627,447640,447642,2,13
447627,447641,447643,2,14
447627,447641,447643,2,14
447627,447642,447644,2,15
447627,447642,447644,2,15
447627,447641,447644,3,14
447627,447641,447643,2,14
447627,447641,447644,3,14
447627,447641,447643,2,14
447627,447642,447644,2,15
447627,447642,447644,2,15
447627,447642,447644,2,15
447627,447642,447644,2,15
447627,447642,447644,2,15
447627,447643,447645,2,16
447627,447641,447644,3,14
447627,447643,447644,1,16
447627,447643,447645,2,16
447627,447642,447645,3,15
447627,447643,447645,2,16
447627,447643,447646,3,16
447627,447644,447646,2,17
447627,447644,447645,1,17
447627,447642,447645,3,15
447627,447644,447646,2,17
447627,447644,447646,2,17
447627,447644,447646,2,17
447627,447643,447646,3,16
447627,447644,447647,3,17
447627,447644,447647,3,17
447627,447644,447647,3,17
447627,447645,447647,2,18
447627,447644,447646,2,17
447627,447645,447647,2,18
447627,447645,447647,2,18
447627,447645,447647,2,18
447627,447645,447648,3,18
447627,447645,447648,3,18
447627,447645,447648,3,18
447627,447646,447649,3,19
447627,447646,447649,3,19
447627,447646,447650,4,19
442761,442779,447840,5061,18
447841,447842,447844,2,1
447841,447842,447843,1,1
447841,447842,447844,2,1
447841,447842,447844,2,1
447841,447842,447844,2,1
447841,447842,447844,2,1
447841,447842,447844,2,1
447841,447842,447844,2,1
447841,447842,447844,2,1
447841,447842,447844,2,1
447841,447842,447844,2,1
447841,447842,447844,2,1
447841,447842,447844,2,1
447841,447844,447845,1,3
447841,447842,447845,3,1
447841,447842,447845,3,1
447841,447842,447845,3,1
447841,447842,447845,3,1
447841,447844,447845,1,3
447841,447844,447845,1,3
447841,447842,447845,3,1
447841,447842,447845,3,1
447841,447842,447845,3,1
447841,447845,447847,2,4
447841,447845,447847,2,4
447841,447845,447847,2,4
447841,447845,447846,1,4
447841,447845,447847,2,4
447841,447846,447847,1,5
447841,447845,447847,2,4
447841,447845,447847,2,4
447841,447845,447847,2,4
447841,447845,447847,2,4
447841,447846,447848,2,5
447841,447846,447848,2,5
447841,447845,447847,2,4
447841,447846,447849,3,5
447841,447847,447849,2,6
447841,447847,447848,1,6
447841,447847,447849,2,6
447841,447846,447848,2,5
447841,447846,447849,3,5
447841,447847,447849,2,6
447841,447846,447849,3,5
447841,447846,447849,3,5
447841,447846,447849,3,5
447841,447848,447850,2,7
447841,447846,447849,3,5
447841,447848,447850,2,7
447841,447848,447849,1,7
447841,447849,447850,1,8
447841,447848,447850,2,7
447841,447849,447851,2,8
447841,447849,447850,1,8
447841,447849,447850,1,8
447841,447849,447851,2,8
447841,447848,447851,3,7
447841,447848,447850,2,7
447841,447848,447850,2,7
447841,447848,447851,3,7
447841,447849,447850,1,8
447841,447848,447851,3,7
447841,447850,447851,1,9
447841,447849,447851,2,8
447841,447849,447852,3,8
447841,447849,447851,2,8
447841,447849,447852,3,8
447841,447850,447851,1,9
447841,447850,447852,2,9
447841,447850,447852,2,9
447841,447851,447853,2,10
447841,447851,447853,2,10
447841,447851,447853,2,10
447841,447851,447853,2,10
447841,447852,447854,2,11
447841,447851,447853,2,10
447841,447851,447853,2,10
447841,447851,447853,2,10
447841,447851,447853,2,10
447841,447851,447854,3,10
447841,447851,447853,2,10
447841,447852,447853,1,11
447841,447852,447854,2,11
447841,447851,447854,3,10
447841,447852,447855,3,11
447841,447853,447855,2,12
447841,447852,447855,3,11
447841,447852,447855,3,11
447841,447852,447854,2,11
447841,447852,447855,3,11
447841,447854,447855,1,13
447841,447853,447855,2,12
447841,447853,447855,2,12
447841,447853,447855,2,12
447841,447854,447856,2,13
447841,447854,447856,2,13
447841,447853,447856,3,12
447841,447854,447857,3,13
447841,447854,447856,2,13
447841,447854,447857,3,13
447841,447854,447856,2,13
447841,447854,447856,2,13
447841,447855,447857,2,14
447841,447854,447857,3,13
447841,447856,447858,2,15
447841,447856,447858,2,15
447841,447856,447858,2,15
447841,447856,447858,2,15
447841,447856,447858,2,15
447841,447855,447858,3,14
447841,447855,447857,2,14
447841,447855,447858,3,14
447841,447855,447858,3,14
447841,447855,447858,3,14
447841,447856,447859,3,15
447841,447857,447860,3,16
447841,447857,447860,3,16
447841,447857,447860,3,16
447841,447857,447860,3,16
447841,447857,447860,3,16
447841,447857,447859,2,16
447841,447856,447859,3,15
447841,447857,447860,3,16
447841,447857,447860,3,16
447841,447858,447861,3,17
447841,447858,447861,3,17
447841,447858,447861,3,17
447841,447858,447861,3,17
447841,447858,447861,3,17
447841,447858,447861,3,17
447841,447860,447862,2,19
447841,447858,447862,4,17
447841,447858,447862,4,17
447841,447860,447863,3,19
447841,447860,447863,3,19
447841,447860,447863,3,19
447841,447860,447862,2,19
447841,447859,447862,3,18
447841,447859,447863,4,18
447841,447860,447863,3,19
447841,447861,447863,2,20
447841,447861,447863,2,20
447841,447860,447862,2,19
447841,447861,447863,2,20
447841,447860,447863,3,19
447841,447860,447863,3,19
447841,447861,447864,3,20
447841,447861,447863,2,20
447841,447861,447864,3,20
447841,447862,447865,3,21
444623,444640,447876,3236,17
447877,447877,447879,2,0
447877,447877,447880,3,0
447877,447877,447880,3,0
447877,447877,447880,3,0
447877,447877,447880,3,0
447877,447877,447880,3,0
447877,447877,447880,3,0
447877,447877,447880,3,0
447877,447877,447880,3,0
447877,447878,447880,2,1
447877,447877,447880,3,0
447877,447878,447880,2,1
447877,447878,447880,2,1
447877,447877,447880,3,0
447877,447877,447880,3,0
447877,447877,447880,3,0
447877,447877,447880,3,0
447877,447880,447881,1,3
447877,447877,447881,4,0
447877,447881,447882,1,4
447877,447881,447883,2,4
447877,447881,447882,1,4
447877,447881,447882,1,4
447877,447881,447883,2,4
447877,447880,447883,3,3
447877,447882,447883,1,5
447877,447881,447883,2,4
447877,447881,447883,2,4
447877,447881,447883,2,4
447877,447881,447883,2,4
447877,447881,447883,2,4
447877,447881,447883,2,4
447877,447881,447883,2,4
447877,447881,447883,2,4
447877,447881,447883,2,4
447877,447881,447883,2,4
447877,447882,447883,1,5
447877,447883,447884,1,6
447877,447883,447884,1,6
447877,447883,447884,1,6
447877,447883,447884,1,6
447877,447883,447885,2,6
447877,447884,447885,1,7
447877,447884,447885,1,7
447877,447878,447885,7,1
447877,447878,447885,7,1
447877,447884,447885,1,7
447877,447884,447885,1,7
447877,447884,447886,2,7
447877,447884,447886,2,7
447877,447884,447886,2,7
447877,447884,447886,2,7
447877,447885,447886,1,8
447877,447884,447886,2,7
447877,447884,447886,2,7
447877,447884,447886,2,7
447877,447884,447886,2,7
447877,447884,447886,2,7
447877,447885,447886,1,8
447877,447885,447886,1,8
447877,447885,447886,1,8
447877,447885,447886,1,8
447877,447886,447887,1,9
447877,447886,447888,2,9
447877,447886,447888,2,9
447877,447886,447888,2,9
447877,447887,447889,2,10
447877,447886,447889,3,9
447877,447886,447888,2,9
447877,447887,447888,1,10
447877,447887,447888,1,10
447877,447887,447889,2,10
447877,447887,447889,2,10
447877,447888,447889,1,11
447877,447887,447889,2,10
447877,447888,447890,2,11
447877,447887,447890,3,10
447877,447887,447889,2,10
447877,447887,447889,2,10
447877,447887,447890,3,10
447877,447887,447889,2,10
447877,447887,447890,3,10
447877,447889,447891,2,12
447877,447889,447891,2,12
447877,447889,447890,1,12
447877,447889,447891,2,12
447877,447889,447891,2,12
447877,447889,447891,2,12
447877,447890,447891,1,13
447877,447890,447892,2,13
447877,447889,447891,2,12
447877,447890,447892,2,13
447877,447889,447891,2,12
447877,447889,447891,2,12
447877,447886,447892,6,9
447877,447886,447892,6,9
447877,447890,447892,2,13
447877,447890,447892,2,13
447877,447890,447893,3,13
447877,447890,447893,3,13
447877,447890,447893,3,13
447877,447891,447892,1,14
447877,447891,447893,2,14
447877,447891,447892,1,14
447877,447891,447893,2,14
447877,447891,447893,2,14
447877,447892,447893,1,15
447877,447891,447893,2,14
447877,447891,447893,2,14
447877,447892,447894,2,15
447877,447892,447894,2,15
447877,447892,447894,2,15
447877,447892,447895,3,15
447877,447892,447895,3,15
447877,447893,447895,2,16
447877,447893,447895,2,16
447877,447893,447895,2,16
447877,447893,447895,2,16
447877,447894,447895,1,17
447877,447893,447895,2,16
447877,447893,447896,3,16
447877,447893,447896,3,16
447877,447893,447895,2,16
447877,447893,447896,3,16
447877,447894,447896,2,17
447877,447894,447896,2,17
447877,447894,447897,3,17
447877,447895,447897,2,18
447877,447895,447897,2,18
447877,447895,447897,2,18
447877,447895,447897,2,18
447877,447895,447897,2,18
447877,447894,447897,3,17
447877,447896,447897,1,19
447877,447895,447897,2,18
447877,447895,447898,3,18
447877,447895,447897,2,18
447877,447893,447899,6,16
447877,447897,447899,2,20
447877,447896,447898,2,19
447877,447896,447899,3,19
447877,447896,447899,3,19
447877,447896,447899,3,19
447877,447897,447899,2,20
447877,447897,447900,3,20
447877,447897,447900,3,20
447877,447896,447899,3,19
447877,447897,447901,4,20
447877,447897,447901,4,20
447877,447893,447899,6,16
443050,443067,447995,4928,17
447996,447996,447999,3,0
447996,447996,447999,3,0
447996,447996,447999,3,0
447996,447996,448000,4,0
447996,447996,447999,3,0
447996,447996,448000,4,0
447996,447996,448000,4,0
447996,447996,448000,4,0
447996,447996,448000,4,0
447996,447996,448000,4,0
447996,447996,448000,4,0
447996,447996,448000,4,0
447996,447996,448000,4,0
447996,447996,448001,5,0
447996,447996,448001,5,0
447996,447999,448001,2,3
447996,447996,448001,5,0
447996,447996,448001,5,0
447996,447996,448001,5,0
447996,447996,448001,5,0
447996,447996,448000,4,0
447996,447999,448002,3,3
447996,447999,448002,3,3
447996,448000,448003,3,4
447996,448001,448003,2,5
447996,448001,448003,2,5
447996,448001,448003,2,5
447996,448001,448003,2,5
447996,448000,448004,4,4
447996,448001,448004,3,5
447996,448000,448004,4,4
447996,448000,448004,4,4
447996,448000,448005,5,4
447996,448001,448004,3,5
447996,448002,448005,3,6
447996,448001,448005,4,5
447996,448001,448005,4,5
447996,448004,448005,1,8
447996,448003,448005,2,7
447996,448004,448005,1,8
447996,448002,448005,3,6
447996,448002,448005,3,6
447996,448002,448006,4,6
447996,448004,448005,1,8
447996,448004,448005,1,8
447996,448005,448006,1,9
447996,448004,448006,2,8
447996,448005,448006,1,9
447996,448002,448006,4,6
447996,448002,448006,4,6
447996,448005,448006,1,9
447996,448005,448006,1,9
447996,448004,448007,3,8
447996,448005,448007,2,9
447996,448005,448007,2,9
447996,448005,448007,2,9
447996,448006,448007,1,10
447996,448006,448007,1,10
447996,448006,448007,1,10
447996,448005,448007,2,9
447996,448006,448007,1,10
447996,448006,448008,2,10
447996,448006,448008,2,10
447996,448007,448009,2,11
447996,448007,448008,1,11
447996,448006,448008,2,10
447996,448006,448008,2,10
447996,448007,448009,2,11
447996,448008,448009,1,12
447996,448008,448010,2,12
447996,448007,448009,2,11
447996,448007,448009,2,11
447996,448007,448010,3,11
447996,448007,448010,3,11
447996,448008,448010,2,12
447996,448008,448010,2,12
447996,448008,448010,2,12
447996,448008,448010,2,12
447996,448008,448011,3,12
447996,448008,448010,2,12
447996,448007,448010,3,11
447996,448008,448011,3,12
447996,448008,448011,3,12
447996,448009,448011,2,13
447996,448009,448011,2,13
447996,448010,448012,2,14
447996,448010,448013,3,14
447996,448010,448012,2,14
447996,448009,448012,3,13
447996,448009,448012,3,13
447996,448011,448013,2,15
447996,448011,448013,2,15
447996,448010,448014,4,14
447996,448011,448014,3,15
447996,448011,448014,3,15
447996,448009,448013,4,13
447996,448010,448013,3,14
447996,448011,448014,3,15
447996,448011,448014,3,15
447996,448012,448014,2,16
447996,448013,448015,2,17
447996,448012,448014,2,16
447996,448011,448015,4,15
447996,448013,448015,2,17
447996,448011,448015,4,15
447996,448012,448015,3,16
447996,448012,448016,4,16
447996,448013,448015,2,17
447996,448014,448016,2,18
447996,448013,448016,3,17
447996,448014,448016,2,18
447996,448015,448017,2,19
447996,448014,448017,3,18
447996,448014,448016,2,18
447996,448014,448016,2,18
447996,448015,448017,2,19
447996,448013,448016,3,17
447996,448014,448017,3,18
447996,448015,448017,2,19
447996,448016,448017,1,20
447996,448015,448017,2,19
447996,448016,448018,2,20
447996,448016,448018,2,20
447996,448014,448018,4,18
447996,448015,448018,3,19
447996,448016,448018,2,20
447996,448016,448019,3,20
447996,448016,448018,2,20
447996,448016,448019,3,20
447996,448015,448018,3,19
447996,448016,448019,3,20
447996,448017,448019,2,21
447996,448017,448019,2,21
447996,448017,448020,3,21
447996,448017,448020,3,21
447996,448017,448019,2,21
447996,448017,448020,3,21
447996,448018,448020,2,22
447996,448018,448021,3,22
447996,448018,448021,3,22
447996,448018,448021,3,22
447996,448017,448020,3,21
447996,448018,448021,3,22
447996,448019,448022,3,23
447996,448019,448021,2,23
447996,448018,448022,4,22
447996,448019,448022,3,23
447996,448019,448022,3,23
447996,448019,448022,3,23
447996,448019,448025,6,23
443405,443423,448494,5071,18
448495,448495,448496,1,0
448495,448495,448497,2,0
448495,448495,448497,2,0
448495,448495,448497,2,0
448495,448495,448497,2,0
448495,448495,448497,2,0
448495,448495,448498,3,0
448495,448495,448498,3,0
448495,448495,448498,3,0
448495,448495,448497,2,0
448495,448495,448498,3,0
448495,448495,448497,2,0
448495,448495,448498,3,0
448495,448495,448497,2,0
448495,448495,448498,3,0
448495,448497,448499,2,2
448495,448497,448499,2,2
448495,448495,448498,3,0
448495,448495,448498,3,0
448495,448495,448498,3,0
448495,448495,448498,3,0
448495,448495,448498,3,0
448495,448498,448500,2,3
448495,448498,448500,2,3
448495,448498,448500,2,3
448495,448498,448500,2,3
448495,448498,448501,3,3
448495,448498,448500,2,3
448495,448499,448501,2,4
448495,448499,448501,2,4
448495,448498,448500,2,3
448495,448498,448500,2,3
448495,448498,448501,3,3
448495,448498,448500,2,3
448495,448498,448500,2,3
448495,448499,448501,2,4
448495,448498,448500,2,3
448495,448499,448501,2,4
448495,448500,448501,1,5
448495,448500,448501,1,5
448495,448500,448502,2,5
448495,448500,448502,2,5
448495,448499,448501,2,4
448495,448499,448502,3,4
448495,448499,448501,2,4
448495,448499,448502,3,4
448495,448501,448503,2,6
448495,448501,448503,2,6
448495,448501,448503,2,6
448495,448501,448503,2,6
448495,448501,448503,2,6
448495,448501,448503,2,6
448495,448501,448503,2,6
448495,448501,448503,2,6
448495,448501,448503,2,6
448495,448502,448503,1,7
448495,448502,448503,1,7
448495,448502,448503,1,7
448495,448502,448504,2,7
448495,448501,448503,2,6
448495,448502,448504,2,7
448495,448501,448503,2,6
448495,448502,448504,2,7
448495,448503,448505,2,8
448495,448503,448504,1,8
448495,448502,448505,3,7
448495,448502,448505,3,7
448495,448504,448505,1,9
448495,448503,448505,2,8
448495,448503,448505,2,8
448495,448503,448505,2,8
448495,448504,448506,2,9
448495,448504,448506,2,9
448495,448504,448506,2,9
448495,448503,448505,2,8
448495,448503,448506,3,8
448495,448503,448505,2,8
448495,448502,448505,3,7
448495,448504,448506,2,9
448495,448505,448507,2,10
448495,448505,448507,2,10
448495,448504,448507,3,9
448495,448504,448506,2,9
448495,448503,448507,4,8
448495,448505,448508,3,10
448495,448506,448508,2,11
448495,448506,448508,2,11
448495,448506,448508,2,11
448495,448506,448508,2,11
448495,448505,448508,3,10
448495,448505,448508,3,10
448495,448506,448508,2,11
448495,448507,448509,2,12
448495,448506,448508,2,11
448495,448506,448508,2,11
448495,448506,448508,2,11
448495,448506,448509,3,11
448495,448506,448509,3,11
448495,448508,448510,2,13
448495,448507,448509,2,12
448495,448507,448509,2,12
448495,448507,448509,2,12
448495,448508,448510,2,13
448495,448506,448510,4,11
448495,448507,448510,3,12
448495,448506,448510,4,11
448495,448508,448511,3,13
448495,448509,448511,2,14
448495,448508,448510,2,13
448495,448508,448511,3,13
448495,448508,448511,3,13
448495,448508,448511,3,13
448495,448510,448512,2,15
448495,448509,448512,3,14
448495,448510,448512,2,15
448495,448509,448512,3,14
448495,448509,448511,2,14
448495,448510,448512,2,15
448495,448509,448512,3,14
448495,448509,448512,3,14
448495,448509,448512,3,14
448495,448511,448513,2,16
448495,448510,448513,3,15
448495,448510,448513,3,15
448495,448511,448513,2,16
448495,448510,448513,3,15
448495,448510,448513,3,15
448495,448510,448513,3,15
448495,448512,448514,2,17
448495,448511,448513,2,16
448495,448512,448514,2,17
448495,448512,448514,2,17
448495,448511,448514,3,16
448495,448511,448514,3,16
448495,448512,448515,3,17
448495,448512,448515,3,17
448495,448512,448515,3,17
448495,448513,448515,2,18
448495,448512,448515,3,17
448495,448513,448515,2,18
448495,448512,448515,3,17
448495,448512,448515,3,17
448495,448512,448515,3,17
448495,448514,448516,2,19
448495,448513,448516,3,18
448495,448513,448516,3,18
448495,448513,448516,3,18
448495,448513,448516,3,18
448495,448514,448517,3,19
448495,448513,448517,4,18
445399,445425,448861,3436,26
448862,448862,448863,1,0
448862,448862,448864,2,0
448862,448862,448864,2,0
448862,448862,448863,1,0
448862,448862,448863,1,0
448862,448862,448864,2,0
448862,448862,448864,2,0
448862,448862,448863,1,0
448862,448862,448864,2,0
448862,448862,448864,2,0
448862,448862,448864,2,0
448862,448862,448864,2,0
448862,448862,448864,2,0
448862,448862,448864,2,0
448862,448862,448864,2,0
448862,448862,448865,3,0
448862,448862,448864,2,0
448862,448862,448864,2,0
448862,448862,448864,2,0
448862,448864,448865,1,2
448862,448864,448865,1,2
448862,448864,448865,1,2
448862,448864,448866,2,2
448862,448862,448865,3,0
448862,448864,448866,2,2
448862,448864,448866,2,2
448862,448864,448866,2,2
448862,448864,448865,1,2
448862,448864,448865,1,2
448862,448865,448866,1,3
448862,448865,448866,1,3
448862,448865,448867,2,3
448862,448865,448867,2,3
448862,448866,448867,1,4
448862,448866,448867,1,4
448862,448866,448867,1,4
448862,448866,448867,1,4
448862,448865,448867,2,3
448862,448865,448867,2,3
448862,448865,448867,2,3
448862,448865,448867,2,3
448862,448865,448867,2,3
448862,448865,448868,3,3
448862,448866,448868,2,4
448862,448866,448868,2,4
448862,448866,448868,2,4
448862,448866,448867,1,4
448862,448866,448867,1,4
448862,448867,448869,2,5
448862,448866,448869,3,4
448862,448867,448869,2,5
448862,448867,448869,2,5
448862,448868,448869,1,6
448862,448868,448869,1,6
448862,448868,448869,1,6
448862,448868,448869,1,6
448862,448868,448870,2,6
448862,448868,448870,2,6
448862,448868,448869,1,6
448862,448868,448869,1,6
448862,448868,448870,2,6
448862,448868,448870,2,6
448862,448868,448870,2,6
448862,448868,448870,2,6
448862,448869,448871,2,7
448862,448869,448871,2,7
448862,448869,448871,2,7
448862,448868,448870,2,6
448862,448868,448871,3,6
448862,448868,448870,2,6
448862,448868,448871,3,6
448862,448870,448871,1,8
448862,448869,448871,2,7
448862,448870,448872,2,8
448862,448870,448871,1,8
448862,448870,448871,1,8
448862,448870,448872,2,8
448862,448870,448871,1,8
448862,448870,448871,1,8
448862,448870,448872,2,8
448862,448870,448872,2,8
448862,448870,448872,2,8
448862,448870,448872,2,8
448862,448871,448873,2,9
448862,448871,448873,2,9
448862,448871,448873,2,9
448862,448871,448873,2,9
448862,448872,448873,1,10
448862,448872,448874,2,10
448862,448872,448874,2,10
448862,448872,448874,2,10
448862,448872,448873,1,10
448862,448872,448874,2,10
448862,448872,448873,1,10
448862,448872,448873,1,10
448862,448871,448873,2,9
448862,448871,448874,3,9
448862,448871,448873,2,9
448862,448871,448874,3,9
448862,448872,448874,2,10
448862,448873,448875,2,11
448862,448873,448875,2,11
448862,448873,448875,2,11
448862,448873,448875,2,11
448862,448873,448875,2,11
448862,448874,448875,1,12
448862,448873,448876,3,11
448862,448874,448876,2,12
448862,448874,448876,2,12
448862,448874,448876,2,12
448862,448874,448876,2,12
448862,448874,448876,2,12
448862,448874,448876,2,12
448862,448874,448876,2,12
448862,448874,448877,3,12
448862,448874,448876,2,12
448862,448874,448876,2,12
448862,448874,448877,3,12
448862,448874,448877,3,12
448862,448875,448877,2,13
448862,448875,448877,2,13
448862,448876,448877,1,14
448862,448876,448878,2,14
448862,448876,448878,2,14
448862,448876,448878,2,14
448862,448875,448878,3,13
448862,448876,448878,2,14
448862,448876,448878,2,14
448862,448874,448878,4,12
448862,448875,448878,3,13
448862,448875,448878,3,13
448862,448876,448878,2,14
448862,448876,448879,3,14
448862,448878,448880,2,16
448862,448878,448879,1,16
448862,448877,448879,2,15
448862,448877,448879,2,15
448862,448878,448880,2,16
448862,448877,448879,2,15
448862,448877,448879,2,15
448862,448877,448879,2,15
448862,448878,448880,2,16
448862,448878,448880,2,16
448862,448878,448880,2,16
448862,448878,448880,2,16
448862,448878,448880,2,16
448862,448877,448880,3,15
448862,448879,448880,1,17
448862,448878,448881,3,16
448862,448879,448881,2,17
445380,445400,448937,3537,20
448939,448939,448940,1,0
448939,448939,448940,1,0
448939,448939,448940,1,0
448939,448939,448940,1,0
448939,448939,448940,1,0
448939,448939,448941,2,0
448939,448939,448941,2,0
448939,448939,448941,2,0
448939,448939,448941,2,0
448939,448939,448941,2,0
448939,448939,448941,2,0
448939,448939,448941,2,0
448939,448939,448941,2,0
448939,448939,448941,2,0
448939,448939,448941,2,0
448939,448939,448941,2,0
448939,448939,448941,2,0
448939,448941,448942,1,2
448939,448941,448942,1,2
448939,448941,448942,1,2
448939,448941,448942,1,2
448939,448941,448942,1,2
448939,448942,448944,2,3
448939,448942,448943,1,3
448939,448942,448944,2,3
448939,448942,448944,2,3
448939,448942,448944,2,3
448939,448942,448944,2,3
448939,448943,448944,1,4
448939,448943,448944,1,4
448939,448943,448944,1,4
448939,448943,448944,1,4
448939,448942,448944,2,3
448939,448942,448944,2,3
448939,448942,448944,2,3
448939,448942,448944,2,3
448939,448943,448944,1,4
448939,448942,448944,2,3
448939,448942,448944,2,3
448939,448944,448945,1,5
448939,448944,448945,1,5
448939,448944,448946,2,5
448939,448945,448946,1,6
448939,448945,448946,1,6
448939,448945,448946,1,6
448939,448945,448946,1,6
448939,448944,448946,2,5
448939,448945,448947,2,6
448939,448945,448947,2,6
448939,448945,448946,1,6
448939,448944,448946,2,5
448939,448945,448946,1,6
448939,448945,448947,2,6
448939,448945,448947,2,6
448939,448945,448947,2,6
448939,448945,448947,2,6
448939,448946,448947,1,7
448939,448946,448948,2,7
448939,448947,448948,1,8
448939,448947,448948,1,8
448939,448947,448948,1,8
448939,448947,448948,1,8
448939,448947,448948,1,8
448939,448946,448948,2,7
448939,448947,448949,2,8
448939,448947,448949,2,8
448939,448947,448949,2,8
448939,448947,448949,2,8
448939,448947,448949,2,8
448939,448948,448950,2,9
448939,448948,448949,1,9
448939,448948,448949,1,9
448939,448947,448950,3,8
448939,448948,448950,2,9
448939,448949,448950,1,10
448939,448949,448950,1,10
448939,448949,448950,1,10
448939,448949,448950,1,10
448939,448946,448950,4,7
448939,448946,448950,4,7
448939,448946,448950,4,7
448939,448948,448950,2,9
448939,448949,448950,1,10
448939,448949,448951,2,10
448939,448949,448951,2,10
448939,448949,448951,2,10
448939,448950,448952,2,11
448939,448950,448952,2,11
448939,448950,448952,2,11
448939,448950,448951,1,11
448939,448950,448951,1,11
448939,448951,448952,1,12
448939,448951,448952,1,12
448939,448951,448952,1,12
448939,448951,448953,2,12
448939,448950,448952,2,11
448939,448951,448953,2,12
448939,448951,448953,2,12
448939,448950,448952,2,11
448939,448951,448953,2,12
448939,448951,448953,2,12
448939,448952,448954,2,13
448939,448952,448954,2,13
448939,448952,448954,2,13
448939,448952,448954,2,13
448939,448951,448954,3,12
448939,448951,448953,2,12
448939,448953,448954,1,14
448939,448953,448954,1,14
448939,448953,448955,2,14
448939,448953,448954,1,14
448939,448952,448954,2,13
448939,448953,448955,2,14
448939,448953,448955,2,14
448939,448953,448955,2,14
448939,448954,448956,2,15
448939,448953,448955,2,14
448939,448953,448956,3,14
448939,448954,448955,1,15
448939,448954,448956,2,15
448939,448955,448956,1,16
448939,448955,448956,1,16
448939,448955,448957,2,16
448939,448955,448957,2,16
448939,448954,448956,2,15
448939,448954,448956,2,15
448939,448955,448957,2,16
448939,448954,448957,3,15
448939,448954,448956,2,15
448939,448955,448957,2,16
448939,448956,448958,2,17
448939,448955,448957,2,16
448939,448956,448958,2,17
448939,448956,448958,2,17
448939,448956,448958,2,17
448939,448955,448958,3,16
448939,448957,448958,1,18
448939,448956,448958,2,17
448939,448957,448958,1,18
448939,448957,448958,1,18
448939,448957,448959,2,18
448939,448957,448959,2,18
448939,448957,448959,2,18
448939,448957,448960,3,18
448939,448957,448959,2,18
448939,448957,448959,2,18
448939,448957,448960,3,18
448939,448988,448990,2,49
448939,448988,448991,3,49
448939,448988,448991,3,49
444261,444280,449187,4907,19
449187,449187,449190,3,0
449187,449187,449190,3,0
449187,449187,449191,4,0
449187,449187,449191,4,0
449187,449187,449191,4,0
449187,449188,449191,3,1
449187,449188,449191,3,1
449187,449187,449191,4,0
449187,449187,449191,4,0
449187,449187,449191,4,0
449187,449187,449191,4,0
449187,449187,449191,4,0
449187,449187,449191,4,0
449187,449188,449190,2,1
449187,449187,449191,4,0
449187,449187,449191,4,0
449187,449187,449190,3,0
449187,449187,449191,4,0
449187,449187,449191,4,0
449187,449191,449192,1,4
449187,449191,449192,1,4
449187,449187,449192,5,0
449187,449192,449193,1,5
449187,449192,449193,1,5
449187,449192,449194,2,5
449187,449192,449193,1,5
449187,449192,449193,1,5
449187,449191,449194,3,4
449187,449192,449194,2,5
449187,449192,449194,2,5
449187,449192,449194,2,5
449187,449192,449194,2,5
449187,449192,449194,2,5
449187,449192,449194,2,5
449187,449192,449194,2,5
449187,449192,449194,2,5
449187,449192,449194,2,5
449187,449192,449194,2,5
449187,449193,449195,2,6
449187,449193,449195,2,6
449187,449194,449195,1,7
449187,449194,449196,2,7
449187,449192,449195,3,5
449187,449194,449195,1,7
449187,449194,449196,2,7
449187,449195,449197,2,8
449187,449195,449196,1,8
449187,449193,449196,3,6
449187,449195,449196,1,8
449187,449194,449196,2,7
449187,449195,449196,1,8
449187,449195,449197,2,8
449187,449195,449197,2,8
449187,449195,449197,2,8
449187,449196,449197,1,9
449187,449196,449197,1,9
449187,449196,449197,1,9
449187,449196,449197,1,9
449187,449195,449197,2,8
449187,449195,449197,2,8
449187,449195,449197,2,8
449187,449195,449197,2,8
449187,449196,449198,2,9
449187,449196,449198,2,9
449187,449196,449199,3,9
449187,449197,449200,3,10
449187,449197,449199,2,10
449187,449197,449200,3,10
449187,449197,449199,2,10
449187,449197,449200,3,10
449187,449197,449199,2,10
449187,449197,449199,2,10
449187,449197,449199,2,10
449187,449198,449200,2,11
449187,449198,449201,3,11
449187,449198,449200,2,11
449187,449198,449201,3,11
449187,449198,449201,3,11
449187,449198,449201,3,11
449187,449198,449201,3,11
449187,449198,449202,4,11
449187,449198,449202,4,11
449187,449198,449201,3,11
449187,449199,449201,2,12
449187,449200,449202,2,13
449187,449201,449202,1,14
449187,449201,449202,1,14
449187,449201,449202,1,14
449187,449201,449203,2,14
449187,449200,449202,2,13
449187,449200,449202,2,13
449187,449198,449202,4,11
449187,449200,449202,2,13
449187,449200,449203,3,13
449187,449200,449203,3,13
449187,449200,449203,3,13
449187,449200,449202,2,13
449187,449201,449203,2,14
449187,449201,449203,2,14
449187,449202,449204,2,15
449187,449202,449204,2,15
449187,449202,449204,2,15
449187,449203,449204,1,16
449187,449202,449205,3,15
449187,449203,449205,2,16
449187,449203,449205,2,16
449187,449203,449205,2,16
449187,449202,449205,3,15
449187,449202,449205,3,15
449187,449203,449206,3,16
449187,449203,449206,3,16
449187,449203,449206,3,16
449187,449203,449206,3,16
449187,449203,449206,3,16
449187,449203,449206,3,16
449187,449203,449205,2,16
449187,449203,449205,2,16
449187,449204,449206,2,17
449187,449205,449206,1,18
449187,449203,449206,3,16
449187,449203,449206,3,16
449187,449204,449207,3,17
449187,449205,449208,3,18
449187,449206,449208,2,19
449187,449205,449208,3,18
449187,449206,449208,2,19
449187,449206,449208,2,19
449187,449207,449208,1,20
449187,449206,449208,2,19
449187,449206,449209,3,19
449187,449206,449208,2,19
449187,449206,449208,2,19
449187,449207,449209,2,20
449187,449206,449209,3,19
449187,449206,449209,3,19
449187,449207,449209,2,20
449187,449206,449208,2,19
449187,449206,449209,3,19
449187,449206,449209,3,19
449187,449208,449210,2,21
449187,449206,449209,3,19
449187,449207,449209,2,20
449187,449206,449209,3,19
449187,449208,449210,2,21
449187,449208,449210,2,21
449187,449208,449210,2,21
449187,449209,449211,2,22
449187,449209,449211,2,22
449187,449208,449210,2,21
449187,449209,449212,3,22
444431,444448,449341,4893,17
449342,449342,449344,2,0
449342,449342,449344,2,0
449342,449342,449344,2,0
449342,449342,449344,2,0
449342,449342,449344,2,0
449342,449342,449344,2,0
449342,449342,449345,3,0
449342,449342,449344,2,0
449342,449342,449345,3,0
449342,449342,449345,3,0
449342,449342,449344,2,0
449342,449342,449345,3,0
449342,449342,449345,3,0
449342,449342,449345,3,0
449342,449342,449344,2,0
449342,449342,449345,3,0
449342,449344,449345,1,2
449342,449342,449345,3,0
449342,449342,449345,3,0
449342,449342,449345,3,0
449342,449344,449346,2,2
449342,449342,449345,3,0
449342,449345,449346,1,3
449342,449345,449346,1,3
449342,449345,449347,2,3
449342,449345,449347,2,3
449342,449346,449347,1,4
449342,449345,449347,2,3
449342,449345,449347,2,3
449342,449346,449348,2,4
449342,449345,449347,2,3
449342,449345,449348,3,3
449342,449345,449348,3,3
449342,449345,449348,3,3
449342,449345,449348,3,3
449342,449345,449347,2,3
449342,449345,449348,3,3
449342,449345,449348,3,3
449342,449347,449349,2,5
449342,449347,449348,1,5
449342,449346,449349,3,4
449342,449346,449349,3,4
449342,449346,449349,3,4
449342,449347,449349,2,5
449342,449347,449349,2,5
449342,449346,449349,3,4
449342,449348,449349,1,6
449342,449348,449350,2,6
449342,449348,449350,2,6
449342,449348,449350,2,6
449342,449348,449350,2,6
449342,449349,449351,2,7
449342,449349,449351,2,7
449342,449349,449351,2,7
449342,449348,449351,3,6
449342,449348,449351,3,6
449342,449348,449351,3,6
449342,449348,449351,3,6
449342,449348,449351,3,6
449342,449348,449350,2,6
449342,449348,449351,3,6
449342,449350,449352,2,8
449342,449349,449352,3,7
449342,449349,449352,3,7
449342,449349,449352,3,7
449342,449349,449352,3,7
449342,449350,449352,2,8
449342,449350,449352,2,8
449342,449351,449353,2,9
449342,449351,449353,2,9
449342,449350,449353,3,8
449342,449351,449353,2,9
449342,449350,449353,3,8
449342,449349,449353,4,7
449342,449352,449353,1,10
449342,449352,449354,2,10
449342,449351,449354,3,9
449342,449351,449354,3,9
449342,449351,449354,3,9
449342,449352,449354,2,10
449342,449352,449354,2,10
449342,449351,449354,3,9
449342,449351,449354,3,9
449342,449353,449355,2,11
449342,449353,449355,2,11
449342,449352,449355,3,10
449342,449352,449355,3,10
449342,449353,449355,2,11
449342,449351,449355,4,9
449342,449352,449355,3,10
449342,449354,449356,2,12
449342,449352,449356,4,10
449342,449353,449356,3,11
449342,449355,449356,1,13
449342,449355,449356,1,13
449342,449353,449356,3,11
449342,449354,449356,2,12
449342,449355,449357,2,13
449342,449355,449357,2,13
449342,449354,449357,3,12
449342,449355,449358,3,13
449342,449355,449357,2,13
449342,449355,449357,2,13
449342,449355,449357,2,13
449342,449355,449357,2,13
449342,449356,449357,1,14
449342,449356,449358,2,14
449342,449355,449358,3,13
449342,449355,449358,3,13
449342,449357,449358,1,15
449342,449356,449358,2,14
449342,449357,449359,2,15
449342,449356,449358,2,14
449342,449357,449359,2,15
449342,449357,449359,2,15
449342,449356,449359,3,14
449342,449356,449359,3,14
449342,449357,449359,2,15
449342,449358,449359,1,16
449342,449357,449360,3,15
449342,449358,449360,2,16
449342,449357,449360,3,15
449342,449358,449360,2,16
449342,449358,449360,2,16
449342,449359,449360,1,17
449342,449358,449360,2,16
449342,449358,449360,2,16
449342,449359,449361,2,17
449342,449359,449361,2,17
449342,449358,449361,3,16
449342,449358,449361,3,16
449342,449359,449361,2,17
449342,449360,449362,2,18
449342,449360,449362,2,18
449342,449359,449361,2,17
449342,449359,449361,2,17
449342,449358,449361,3,16
449342,449359,449362,3,17
449342,449360,449362,2,18
449342,449359,449362,3,17
449342,449361,449362,1,19
449342,449360,449363,3,18
449342,449361,449363,2,19
449342,449361,449363,2,19
449342,449361,449363,2,19
449342,449361,449363,2,19
449342,449361,449363,2,19
449342,449361,449364,3,19
449342,449361,449364,3,19
449342,449362,449366,4,20
444925,444943,449847,4904,18
449848,449848,449850,2,0
449848,449848,449850,2,0
449848,449848,449850,2,0
449848,449848,449850,2,0
449848,449848,449851,3,0
449848,449848,449851,3,0
449848,449848,449851,3,0
449848,449848,449851,3,0
449848,449848,449851,3,0
449848,449848,449851,3,0
449848,449848,449851,3,0
449848,449848,449851,3,0
449848,449848,449851,3,0
449848,449848,449851,3,0
449848,449848,449851,3,0
449848,449848,449851,3,0
449848,449848,449851,3,0
449848,449848,449850,2,0
449848,449848,449851,3,0
449848,449850,449852,2,2
449848,449850,449852,2,2
449848,449850,449852,2,2
449848,449850,449852,2,2
449848,449848,449851,3,0
449848,449851,449853,2,3
449848,449851,449853,2,3
449848,449851,449853,2,3
449848,449851,449853,2,3
449848,449852,449854,2,4
449848,449852,449853,1,4
449848,449851,449854,3,3
449848,449851,449854,3,3
449848,449851,449854,3,3
449848,449851,449854,3,3
449848,449851,449854,3,3
449848,449852,449854,2,4
449848,449851,449854,3,3
449848,449851,449854,3,3
449848,449851,449854,3,3
449848,449851,449853,2,3
449848,449851,449854,3,3
449848,449852,449854,2,4
449848,449853,449855,2,5
449848,449851,449854,3,3
449848,449853,449855,2,5
449848,449853,449855,2,5
449848,449853,449855,2,5
449848,449854,449856,2,6
449848,449854,449856,2,6
449848,449852,449855,3,4
449848,449854,449856,2,6
449848,449855,449857,2,7
449848,449854,449857,3,6
449848,449854,449857,3,6
449848,449854,449857,3,6
449848,449854,449857,3,6
449848,449854,449857,3,6
449848,449854,449857,3,6
449848,449854,449857,3,6
449848,449854,449857,3,6
449848,449855,449857,2,7
449848,449854,449857,3,6
449848,449854,449857,3,6
449848,449854,449857,3,6
449848,449855,449857,2,7
449848,449855,449857,2,7
449848,449856,449858,2,8
449848,449856,449858,2,8
449848,449855,449858,3,7
449848,449856,449858,2,8
449848,449857,449859,2,9
449848,449857,449859,2,9
449848,449857,449859,2,9
449848,449858,449859,1,10
449848,449858,449859,1,10
449848,449856,449859,3,8
449848,449858,449859,1,10
449848,449858,449860,2,10
449848,449857,449860,3,9
449848,449857,449860,3,9
449848,449857,449860,3,9
449848,449857,449860,3,9
449848,449857,449860,3,9
449848,449857,449860,3,9
449848,449857,449860,3,9
449848,449859,449860,1,11
449848,449858,449860,2,10
449848,449858,449860,2,10
449848,449858,449860,2,10
449848,449859,449861,2,11
449848,449858,449861,3,10
449848,449860,449862,2,12
449848,449860,449861,1,12
449848,449860,449861,1,12
449848,449860,449861,1,12
449848,449860,449862,2,12
449848,449860,449862,2,12
449848,449860,449862,2,12
449848,449860,449862,2,12
449848,449861,449862,1,13
449848,449861,449862,1,13
449848,449861,449863,2,13
449848,449860,449863,3,12
449848,449860,449863,3,12
449848,449860,449863,3,12
449848,449861,449863,2,13
449848,449861,449863,2,13
449848,449862,449863,1,14
449848,449862,449863,1,14
449848,449862,449863,1,14
449848,449861,449863,2,13
449848,449861,449863,2,13
449848,449861,449863,2,13
449848,449862,449864,2,14
449848,449862,449864,2,14
449848,449862,449864,2,14
449848,449863,449864,1,15
449848,449863,449865,2,15
449848,449863,449864,1,15
449848,449862,449864,2,14
449848,449863,449865,2,15
449848,449862,449865,3,14
449848,449864,449865,1,16
449848,449864,449866,2,16
449848,449864,449866,2,16
449848,449864,449866,2,16
449848,449863,449866,3,15
449848,449864,449866,2,16
449848,449864,449866,2,16
449848,449864,449866,2,16
449848,449864,449866,2,16
449848,449865,449866,1,17
449848,449865,449867,2,17
449848,449864,449867,3,16
449848,449865,449867,2,17
449848,449865,449868,3,17
449848,449865,449867,2,17
449848,449864,449867,3,16
449848,449864,449867,3,16
449848,449864,449867,3,16
449848,449865,449867,2,17
449848,449866,449867,1,18
449848,449866,449868,2,18
449848,449866,449868,2,18
449848,449866,449868,2,18
449848,449865,449868,3,17
449848,449866,449869,3,18
449848,449867,449869,2,19
449848,449867,449869,2,19
449848,449867,449869,2,19
446576,446595,450137,3542,19
450138,450138,450140,2,0
450138,450138,450140,2,0
450138,450138,450140,2,0
450138,450138,450140,2,0
450138,450138,450140,2,0
450138,450138,450140,2,0
450138,450138,450140,2,0
450138,450138,450141,3,0
450138,450138,450141,3,0
450138,450138,450141,3,0
450138,450138,450141,3,0
450138,450138,450141,3,0
450138,450138,450141,3,0
450138,450138,450141,3,0
450138,450138,450141,3,0
450138,450138,450141,3,0
450138,450138,450141,3,0
450138,450138,450141,3,0
450138,450140,450142,2,2
450138,450139,450142,3,1
450138,450139,450142,3,1
450138,450140,450143,3,2
450138,450140,450143,3,2
450138,450140,450143,3,2
450138,450140,450143,3,2
450138,450140,450144,4,2
450138,450142,450144,2,4
450138,450141,450145,4,3
450138,450141,450145,4,3
450138,450142,450145,3,4
450138,450144,450145,1,6
450138,450143,450145,2,5
450138,450144,450145,1,6
450138,450144,450145,1,6
450138,450142,450145,3,4
450138,450142,450145,3,4
450138,450142,450145,3,4
450138,450142,450145,3,4
450138,450142,450145,3,4
450138,450144,450145,1,6
450138,450142,450145,3,4
450138,450142,450145,3,4
450138,450142,450145,3,4
450138,450143,450146,3,5
450138,450145,450146,1,7
450138,450145,450146,1,7
450138,450142,450146,4,4
450138,450146,450147,1,8
450138,450146,450147,1,8
450138,450146,450148,2,8
450138,450146,450148,2,8
450138,450146,450148,2,8
450138,450146,450148,2,8
450138,450146,450147,1,8
450138,450145,450148,3,7
450138,450146,450148,2,8
450138,450146,450148,2,8
450138,450146,450148,2,8
450138,450146,450148,2,8
450138,450146,450148,2,8
450138,450146,450148,2,8
450138,450146,450149,3,8
450138,450146,450149,3,8
450138,450147,450149,2,9
450138,450148,450150,2,10
450138,450148,450150,2,10
450138,450147,450150,3,9
450138,450148,450151,3,10
450138,450148,450151,3,10
450138,450148,450150,2,10
450138,450148,450150,2,10
450138,450147,450150,3,9
450138,450148,450150,2,10
450138,450149,450151,2,11
450138,450149,450151,2,11
450138,450147,450151,4,9
450138,450149,450151,2,11
450138,450150,450151,1,12
450138,450149,450152,3,11
450138,450151,450152,1,13
450138,450151,450152,1,13
450138,450149,450152,3,11
450138,450151,450152,1,13
450138,450151,450152,1,13
450138,450150,450152,2,12
450138,450150,450152,2,12
450138,450149,450152,3,11
450138,450149,450152,3,11
450138,450151,450153,2,13
450138,450151,450153,2,13
450138,450151,450153,2,13
450138,450151,450153,2,13
450138,450151,450154,3,13
450138,450152,450153,1,14
450138,450152,450154,2,14
450138,450152,450154,2,14
450138,450152,450154,2,14
450138,450152,450154,2,14
450138,450152,450155,3,14
450138,450153,450155,2,15
450138,450153,450155,2,15
450138,450153,450156,3,15
450138,450153,450156,3,15
450138,450153,450156,3,15
450138,450153,450156,3,15
450138,450154,450156,2,16
450138,450153,450156,3,15
450138,450153,450157,4,15
450138,450153,450157,4,15
450138,450154,450157,3,16
450138,450154,450157,3,16
450138,450153,450156,3,15
450138,450153,450157,4,15
450138,450155,450157,2,17
450138,450155,450157,2,17
450138,450156,450157,1,18
450138,450156,450157,1,18
450138,450155,450157,2,17
450138,450156,450157,1,18
450138,450156,450157,1,18
450138,450155,450157,2,17
450138,450153,450157,4,15
450138,450156,450158,2,18
450138,450156,450158,2,18
450138,450156,450158,2,18
450138,450155,450158,3,17
450138,450158,450160,2,20
450138,450157,450159,2,19
450138,450158,450160,2,20
450138,450157,450159,2,19
450138,450157,450159,2,19
450138,450157,450160,3,19
450138,450157,450160,3,19
450138,450157,450159,2,19
450138,450157,450159,2,19
450138,450158,450160,2,20
450138,450158,450160,2,20
450138,450158,450160,2,20
450138,450158,450160,2,20
450138,450158,450161,3,20
450138,450158,450160,2,20
446697,446716,450161,3445,19
450138,450158,450160,2,20
450138,450158,450161,3,20
450138,450159,450161,2,21
450138,450158,450160,2,20
450138,450160,450161,1,22
450138,450158,450161,3,20
450138,450160,450161,1,22
450138,450160,450163,3,22
450162,450162,450163,1,0
450162,450162,450163,1,0
450162,450162,450163,1,0
450162,450162,450163,1,0
450162,450162,450164,2,0
450162,450162,450163,1,0
450162,450162,450163,1,0
450162,450162,450164,2,0
450138,450160,450163,3,22
450162,450162,450164,2,0
450162,450162,450164,2,0
450162,450162,450164,2,0
450162,450162,450165,3,0
450162,450162,450164,2,0
450162,450162,450164,2,0
450162,450162,450164,2,0
450162,450162,450164,2,0
450162,450164,450165,1,2
450162,450164,450165,1,2
450162,450164,450165,1,2
450162,450164,450165,1,2
450162,450164,450165,1,2
450162,450164,450165,1,2
450162,450164,450165,1,2
450162,450164,450166,2,2
450162,450163,450165,2,1
450162,450164,450165,1,2
450162,450164,450166,2,2
450162,450165,450166,1,3
450162,450165,450167,2,3
450162,450166,450167,1,4
450162,450165,450167,2,3
450162,450165,450167,2,3
450162,450165,450167,2,3
450162,450165,450168,3,3
450162,450165,450167,2,3
450162,450166,450167,1,4
450162,450166,450167,1,4
450162,450166,450167,1,4
450162,450166,450167,1,4
450162,450166,450167,1,4
450162,450166,450167,1,4
450162,450166,450167,1,4
450162,450166,450168,2,4
450162,450166,450168,2,4
450162,450162,450169,7,0
450162,450167,450170,3,5
450162,450167,450170,3,5
450162,450168,450170,2,6
450162,450167,450170,3,5
450162,450168,450170,2,6
450162,450162,450171,9,0
450162,450168,450171,3,6
450162,450168,450171,3,6
450162,450168,450171,3,6
450162,450168,450171,3,6
450162,450168,450171,3,6
450162,450168,450171,3,6
450162,450168,450171,3,6
450162,450171,450172,1,9
450162,450170,450173,3,8
450162,450170,450172,2,8
450162,450168,450172,4,6
450162,450169,450172,3,7
450162,450169,450173,4,7
450162,450171,450173,2,9
450162,450168,450172,4,6
450162,450168,450172,4,6
450162,450168,450172,4,6
450162,450171,450172,1,9
450162,450172,450173,1,10
450162,450172,450173,1,10
450162,450172,450173,1,10
450162,450172,450173,1,10
450162,450172,450173,1,10
450162,450172,450174,2,10
450162,450173,450174,1,11
450162,450173,450175,2,11
450162,450172,450174,2,10
450162,450173,450176,3,11
450162,450173,450176,3,11
450162,450173,450176,3,11
450162,450173,450176,3,11
450162,450173,450176,3,11
450162,450173,450175,2,11
450162,450173,450176,3,11
450162,450173,450176,3,11
450162,450170,450177,7,8
450162,450174,450177,3,12
450162,450174,450177,3,12
450162,450174,450177,3,12
450162,450174,450177,3,12
450162,450173,450176,3,11
450162,450175,450177,2,13
450162,450174,450177,3,12
450162,450174,450177,3,12
450162,450176,450178,2,14
450162,450176,450179,3,14
450162,450176,450179,3,14
450162,450177,450179,2,15
450162,450176,450179,3,14
450162,450175,450178,3,13
450162,450176,450179,3,14
450162,450177,450178,1,15
450162,450175,450179,4,13
450162,450176,450179,3,14
450162,450176,450179,3,14
450162,450177,450178,1,15
450162,450177,450179,2,15
450162,450178,450179,1,16
450162,450176,450180,4,14
450162,450178,450180,2,16
450162,450178,450179,1,16
450162,450178,450180,2,16
450162,450177,450180,3,15
450162,450172,450181,9,10
450162,450179,450181,2,17
450162,450179,450181,2,17
450162,450179,450181,2,17
450162,450179,450181,2,17
450162,450179,450181,2,17
450162,450180,450181,1,18
450162,450179,450181,2,17
450162,450179,450181,2,17
450162,450179,450181,2,17
450162,450179,450182,3,17
450162,450180,450182,2,18
450162,450180,450182,2,18
450162,450179,450182,3,17
450162,450179,450182,3,17
450162,450180,450182,2,18
450162,450181,450183,2,19
450162,450180,450182,2,18
450162,450181,450183,2,19
450162,450179,450183,4,17
450162,450180,450183,3,18
450162,450181,450183,2,19
450162,450181,450183,2,19
450162,450182,450183,1,20
450162,450181,450184,3,19
450162,450182,450184,2,20
450162,450182,450184,2,20
450162,450182,450184,2,20
450162,450182,450184,2,20
450162,450182,450185,3,20
450162,450182,450185,3,20
450162,450177,450184,7,15
450162,450182,450185,3,20
450162,450182,450185,3,20
450162,450182,450184,2,20
450162,450181,450189,8,19
445283,445300,450300,5000,17
450302,450302,450304,2,0
450302,450302,450304,2,0
450302,450302,450305,3,0
450302,450302,450305,3,0
450302,450302,450305,3,0
450302,450302,450305,3,0
450302,450302,450305,3,0
450302,450302,450305,3,0
450302,450302,450305,3,0
450302,450302,450305,3,0
450302,450302,450305,3,0
450302,450302,450305,3,0
450302,450302,450305,3,0
450302,450302,450305,3,0
450302,450302,450306,4,0
450302,450302,450305,3,0
450302,450302,450305,3,0
450302,450302,450305,3,0
450302,450305,450306,1,3
450302,450302,450306,4,0
450302,450302,450307,5,0
450302,450305,450306,1,3
450302,450305,450306,1,3
450302,450305,450307,2,3
450302,450305,450307,2,3
450302,450306,450308,2,4
450302,450306,450307,1,4
450302,450306,450307,1,4
450302,450306,450308,2,4
450302,450306,450307,1,4
450302,450307,450308,1,5
450302,450306,450308,2,4
450302,450306,450308,2,4
450302,450306,450308,2,4
450302,450306,450308,2,4
450302,450306,450308,2,4
450302,450307,450309,2,5
450302,450306,450308,2,4
450302,450306,450308,2,4
450302,450306,450308,2,4
450302,450307,450309,2,5
450302,450307,450309,2,5
450302,450307,450308,1,5
450302,450307,450308,1,5
450302,450307,450309,2,5
450302,450308,450310,2,6
450302,450308,450309,1,6
450302,450308,450309,1,6
450302,450308,450310,2,6
450302,450308,450310,2,6
450302,450309,450310,1,7
450302,450309,450311,2,7
450302,450309,450311,2,7
450302,450309,450310,1,7
450302,450309,450310,1,7
450302,450309,450311,2,7
450302,450309,450311,2,7
450302,450310,450311,1,8
450302,450310,450312,2,8
450302,450310,450312,2,8
450302,450309,450311,2,7
450302,450309,450312,3,7
450302,450309,450312,3,7
450302,450309,450311,2,7
450302,450309,450311,2,7
450302,450309,450311,2,7
450302,450309,450311,2,7
450302,450310,450311,1,8
450302,450310,450312,2,8
450302,450310,450312,2,8
450302,450311,450312,1,9
450302,450311,450313,2,9
450302,450311,450313,2,9
450302,450311,450313,2,9
450302,450311,450313,2,9
450302,450312,450314,2,10
450302,450312,450313,1,10
450302,450312,450314,2,10
450302,450312,450314,2,10
450302,450312,450314,2,10
450302,450312,450314,2,10
450302,450312,450314,2,10
450302,450312,450314,2,10
450302,450313,450314,1,11
450302,450312,450314,2,10
450302,450312,450314,2,10
450302,450312,450314,2,10
450302,450312,450315,3,10
450302,450312,450315,3,10
450302,450313,450315,2,11
450302,450313,450315,2,11
450302,450313,450315,2,11
450302,450313,450316,3,11
450302,450313,450315,2,11
450302,450314,450316,2,12
450302,450314,450316,2,12
450302,450314,450316,2,12
450302,450314,450316,2,12
450302,450313,450315,2,11
450302,450314,450316,2,12
450302,450314,450316,2,12
450302,450315,450317,2,13
450302,450315,450317,2,13
450302,450314,450317,3,12
450302,450314,450316,2,12
450302,450315,450317,2,13
450302,450315,450317,2,13
450302,450316,450318,2,14
450302,450316,450317,1,14
450302,450316,450318,2,14
450302,450315,450318,3,13
450302,450315,450318,3,13
450302,450316,450318,2,14
450302,450316,450318,2,14
450302,450315,450318,3,13
450302,450315,450318,3,13
450302,450315,450318,3,13
450302,450316,450318,2,14
450302,450316,450319,3,14
450302,450316,450319,3,14
450302,450317,450319,2,15
450302,450316,450318,2,14
450302,450317,450319,2,15
450302,450317,450319,2,15
450302,450317,450319,2,15
450302,450317,450320,3,15
450302,450318,450320,2,16
450302,450318,450320,2,16
450302,450318,450320,2,16
450302,450317,450319,2,15
450302,450318,450320,2,16
450302,450318,450320,2,16
450302,450319,450321,2,17
450302,450319,450321,2,17
450302,450318,450321,3,16
450302,450318,450321,3,16
450302,450318,450321,3,16
450302,450318,450321,3,16
450302,450318,450321,3,16
450302,450318,450321,3,16
450302,450319,450321,2,17
450302,450319,450321,2,17
450302,450319,450321,2,17
450302,450319,450322,3,17
450302,450320,450322,2,18
450302,450320,450322,2,18
450302,450320,450322,2,18
450302,450319,450322,3,17
450302,450320,450323,3,18
450302,450320,450325,5,18
446831,446849,450381,3532,18
450383,450383,450385,2,0
450383,450383,450385,2,0
450383,450383,450385,2,0
450383,450383,450385,2,0
450383,450383,450385,2,0
450383,450383,450385,2,0
450383,450383,450386,3,0
450383,450383,450385,2,0
450383,450383,450385,2,0
450383,450383,450385,2,0
450383,450383,450385,2,0
450383,450383,450385,2,0
450383,450383,450385,2,0
450383,450383,450385,2,0
450383,450383,450386,3,0
450383,450383,450386,3,0
450383,450383,450386,3,0
450383,450383,450385,2,0
450383,450385,450386,1,2
450383,450385,450386,1,2
450383,450385,450386,1,2
450383,450385,450386,1,2
450383,450385,450387,2,2
450383,450386,450388,2,3
450383,450386,450388,2,3
450383,450386,450387,1,3
450383,450386,450388,2,3
450383,450386,450388,2,3
450383,450387,450388,1,4
450383,450386,450388,2,3
450383,450386,450388,2,3
450383,450387,450388,1,4
450383,450386,450388,2,3
450383,450386,450388,2,3
450383,450387,450388,1,4
450383,450387,450388,1,4
450383,450386,450388,2,3
450383,450386,450389,3,3
450383,450386,450388,2,3
450383,450386,450388,2,3
450383,450387,450388,1,4
450383,450388,450390,2,5
450383,450388,450390,2,5
450383,450388,450389,1,5
450383,450388,450390,2,5
450383,450388,450390,2,5
450383,450389,450390,1,6
450383,450389,450391,2,6
450383,450389,450391,2,6
450383,450389,450390,1,6
450383,450389,450391,2,6
450383,450389,450390,1,6
450383,450389,450390,1,6
450383,450389,450391,2,6
450383,450389,450391,2,6
450383,450390,450392,2,7
450383,450389,450391,2,6
450383,450389,450391,2,6
450383,450389,450391,2,6
450383,450389,450392,3,6
450383,450390,450392,2,7
450383,450390,450392,2,7
450383,450391,450392,1,8
450383,450391,450393,2,8
450383,450391,450393,2,8
450383,450391,450392,1,8
450383,450390,450393,3,7
450383,450390,450392,2,7
450383,450391,450393,2,8
450383,450391,450393,2,8
450383,450391,450393,2,8
450383,450391,450393,2,8
450383,450392,450394,2,9
450383,450393,450395,2,10
450383,450393,450395,2,10
450383,450393,450395,2,10
450383,450392,450394,2,9
450383,450393,450395,2,10
450383,450393,450395,2,10
450383,450392,450395,3,9
450383,450392,450395,3,9
450383,450392,450395,3,9
450383,450392,450395,3,9
450383,450392,450395,3,9
450383,450394,450395,1,11
450383,450393,450395,2,10
450383,450393,450395,2,10
450383,450393,450395,2,10
450383,450393,450396,3,10
450383,450394,450396,2,11
450383,450392,450395,3,9
450383,450395,450396,1,12
450383,450395,450397,2,12
450383,450394,450396,2,11
450383,450395,450397,2,12
450383,450395,450397,2,12
450383,450396,450397,1,13
450383,450396,450398,2,13
450383,450395,450397,2,12
450383,450395,450397,2,12
450383,450396,450398,2,13
450383,450395,450398,3,12
450383,450395,450398,3,12
450383,450395,450398,3,12
450383,450396,450398,2,13
450383,450397,450399,2,14
450383,450397,450399,2,14
450383,450396,450399,3,13
450383,450396,450399,3,13
450383,450396,450398,2,13
450383,450397,450399,2,14
450383,450397,450399,2,14
450383,450398,450399,1,15
450383,450398,450399,1,15
450383,450397,450400,3,14
450383,450396,450400,4,13
450383,450399,450400,1,16
450383,450399,450400,1,16
450383,450399,450400,1,16
450383,450398,450400,2,15
450383,450399,450400,1,16
450383,450398,450401,3,15
450383,450399,450401,2,16
450383,450399,450401,2,16
450383,450399,450401,2,16
450383,450400,450401,1,17
450383,450400,450401,1,17
450383,450400,450401,1,17
450383,450400,450401,1,17
450383,450399,450402,3,16
450383,450399,450402,3,16
450383,450399,450402,3,16
450383,450401,450403,2,18
450383,450401,450402,1,18
450383,450401,450402,1,18
450383,450401,450403,2,18
450383,450401,450403,2,18
450383,450400,450403,3,17
450383,450402,450403,1,19
450383,450402,450403,1,19
450383,450402,450404,2,19
450383,450401,450403,2,18
450383,450401,450404,3,18
450383,450402,450404,2,19
450383,450402,450404,2,19
450383,450402,450405,3,19
450383,450402,450404,2,19
450383,450402,450407,5,19
450383,450393,450397,4,10
450383,450439,450443,4,56
445867,445884,450796,4912,17
450797,450797,450798,1,0
450797,450797,450798,1,0
450797,450797,450799,2,0
450797,450797,450798,1,0
450797,450797,450799,2,0
450797,450797,450799,2,0
450797,450797,450799,2,0
450797,450797,450799,2,0
450797,450797,450799,2,0
450797,450797,450799,2,0
450797,450797,450799,2,0
450797,450797,450799,2,0
450797,450797,450799,2,0
450797,450797,450800,3,0
450797,450797,450800,3,0
450797,450797,450799,2,0
450797,450799,450800,1,2
450797,450797,450800,3,0
450797,450797,450800,3,0
450797,450797,450800,3,0
450797,450799,450800,1,2
450797,450799,450801,2,2
450797,450799,450801,2,2
450797,450799,450801,2,2
450797,450799,450800,1,2
450797,450799,450800,1,2
450797,450797,450800,3,0
450797,450800,450802,2,3
450797,450800,450802,2,3
450797,450800,450802,2,3
450797,450800,450802,2,3
450797,450800,450802,2,3
450797,450800,450803,3,3
450797,450800,450803,3,3
450797,450800,450802,2,3
450797,450800,450802,2,3
450797,450801,450803,2,4
450797,450801,450803,2,4
450797,450801,450803,2,4
450797,450801,450803,2,4
450797,450801,450804,3,4
450797,450801,450804,3,4
450797,450801,450803,2,4
450797,450801,450803,2,4
450797,450801,450804,3,4
450797,450803,450805,2,6
450797,450801,450804,3,4
450797,450801,450804,3,4
450797,450803,450805,2,6
450797,450803,450805,2,6
450797,450803,450805,2,6
450797,450803,450805,2,6
450797,450803,450804,1,6
450797,450803,450805,2,6
450797,450804,450805,1,7
450797,450804,450805,1,7
450797,450803,450805,2,6
450797,450804,450805,1,7
450797,450804,450806,2,7
450797,450804,450806,2,7
450797,450803,450805,2,6
450797,450804,450806,2,7
450797,450804,450806,2,7
450797,450804,450806,2,7
450797,450805,450807,2,8
450797,450805,450807,2,8
450797,450805,450807,2,8
450797,450805,450807,2,8
450797,450805,450806,1,8
450797,450806,450808,2,9
450797,450805,450807,2,8
450797,450805,450807,2,8
450797,450806,450808,2,9
450797,450805,450808,3,8
450797,450805,450808,3,8
450797,450806,450808,2,9
450797,450806,450808,2,9
450797,450806,450808,2,9
450797,450806,450808,2,9
450797,450806,450809,3,9
450797,450806,450809,3,9
450797,450807,450809,2,10
450797,450807,450809,2,10
450797,450806,450808,2,9
450797,450806,450809,3,9
450797,450806,450809,3,9
450797,450807,450809,2,10
450797,450808,450809,1,11
450797,450808,450810,2,11
450797,450808,450809,1,11
450797,450808,450810,2,11
450797,450808,450810,2,11
450797,450808,450810,2,11
450797,450807,450810,3,10
450797,450807,450810,3,10
450797,450808,450810,2,11
450797,450808,450810,2,11
450797,450808,450810,2,11
450797,450809,450811,2,12
450797,450809,450811,2,12
450797,450808,450811,3,11
450797,450809,450810,1,12
450797,450809,450811,2,12
450797,450810,450811,1,13
450797,450810,450811,1,13
450797,450810,450812,2,13
450797,450809,450812,3,12
450797,450809,450811,2,12
450797,450809,450811,2,12
450797,450809,450811,2,12
450797,450810,450812,2,13
450797,450810,450812,2,13
450797,450810,450812,2,13
450797,450810,450812,2,13
450797,450810,450813,3,13
450797,450810,450813,3,13
450797,450811,450813,2,14
450797,450810,450813,3,13
450797,450811,450813,2,14
450797,450812,450813,1,15
450797,450812,450814,2,15
450797,450811,450813,2,14
450797,450811,450813,2,14
450797,450812,450814,2,15
450797,450812,450814,2,15
450797,450812,450814,2,15
450797,450811,450814,3,14
450797,450812,450814,2,15
450797,450812,450814,2,15
450797,450812,450814,2,15
450797,450812,450814,2,15
450797,450812,450814,2,15
450797,450812,450814,2,15
450797,450812,450815,3,15
450797,450813,450815,2,16
450797,450813,450815,2,16
450797,450814,450815,1,17
450797,450814,450816,2,17
450797,450813,450816,3,16
450797,450813,450816,3,16
450797,450814,450816,2,17
450797,450815,450816,1,18
450797,450815,450816,1,18
450797,450813,450816,3,16
450797,450814,450817,3,17
450797,450815,450817,2,18
450797,450815,450817,2,18
450797,450815,450817,2,18
450797,450815,450817,2,18
450797,450815,450817,2,18
447291,447308,450850,3542,17
450851,450851,450852,1,0
450851,450851,450852,1,0
450851,450851,450852,1,0
450851,450851,450852,1,0
450851,450851,450852,1,0
450851,450851,450853,2,0
450851,450851,450853,2,0
450851,450851,450853,2,0
450851,450851,450853,2,0
450851,450851,450853,2,0
450851,450851,450853,2,0
450851,450851,450853,2,0
450851,450851,450853,2,0
450851,450851,450853,2,0
450851,450851,450853,2,0
450851,450851,450854,3,0
450851,450851,450853,2,0
450851,450851,450853,2,0
450851,450851,450853,2,0
450851,450851,450853,2,0
450851,450853,450855,2,2
450851,450853,450854,1,2
450851,450853,450854,1,2
450851,450853,450854,1,2
450851,450853,450854,1,2
450851,450853,450855,2,2
450851,450853,450855,2,2
450851,450853,450855,2,2
450851,450853,450855,2,2
450851,450853,450855,2,2
450851,450854,450856,2,3
450851,450854,450856,2,3
450851,450854,450856,2,3
450851,450854,450856,2,3
450851,450855,450857,2,4
450851,450854,450856,2,3
450851,450855,450856,1,4
450851,450855,450856,1,4
450851,450855,450856,1,4
450851,450855,450857,2,4
450851,450854,450856,2,3
450851,450854,450856,2,3
450851,450854,450856,2,3
450851,450854,450857,3,3
450851,450854,450857,3,3
450851,450855,450857,2,4
450851,450855,450856,1,4
450851,450855,450856,1,4
450851,450855,450857,2,4
450851,450855,450857,2,4
450851,450856,450858,2,5
450851,450856,450858,2,5
450851,450856,450858,2,5
450851,450856,450858,2,5
450851,450857,450858,1,6
450851,450857,450859,2,6
450851,450857,450859,2,6
450851,450857,450858,1,6
450851,450857,450858,1,6
450851,450857,450859,2,6
450851,450857,450859,2,6
450851,450857,450859,2,6
450851,450857,450858,1,6
450851,450857,450859,2,6
450851,450857,450859,2,6
450851,450858,450860,2,7
450851,450857,450859,2,6
450851,450857,450859,2,6
450851,450857,450860,3,6
450851,450857,450860,3,6
450851,450857,450860,3,6
450851,450858,450860,2,7
450851,450858,450860,2,7
450851,450859,450860,1,8
450851,450859,450860,1,8
450851,450859,450861,2,8
450851,450859,450861,2,8
450851,450859,450861,2,8
450851,450858,450861,3,7
450851,450859,450861,2,8
450851,450860,450861,1,9
450851,450860,450861,1,9
450851,450860,450861,1,9
450851,450860,450861,1,9
450851,450859,450861,2,8
450851,450860,450862,2,9
450851,450860,450862,2,9
450851,450860,450862,2,9
450851,450861,450862,1,10
450851,450860,450862,2,9
450851,450861,450863,2,10
450851,450861,450862,1,10
450851,450861,450863,2,10
450851,450861,450863,2,10
450851,450860,450863,3,9
450851,450860,450863,3,9
450851,450860,450863,3,9
450851,450860,450862,2,9
450851,450861,450863,2,10
450851,450862,450863,1,11
450851,450862,450863,1,11
450851,450862,450863,1,11
450851,450862,450863,1,11
450851,450861,450864,3,10
450851,450863,450865,2,12
450851,450863,450865,2,12
450851,450863,450865,2,12
450851,450863,450865,2,12
450851,450863,450865,2,12
450851,450863,450865,2,12
450851,450862,450865,3,11
450851,450862,450864,2,11
450851,450862,450865,3,11
450851,450864,450865,1,13
450851,450864,450865,1,13
450851,450864,450865,1,13
450851,450864,450865,1,13
450851,450862,450865,3,11
450851,450863,450866,3,12
450851,450863,450866,3,12
450851,450863,450866,3,12
450851,450863,450865,2,12
450851,450863,450865,2,12
450851,450865,450867,2,14
450851,450865,450867,2,14
450851,450865,450867,2,14
450851,450865,450867,2,14
450851,450864,450867,3,13
450851,450865,450867,2,14
450851,450866,450867,1,15
450851,450866,450867,1,15
450851,450866,450868,2,15
450851,450866,450868,2,15
450851,450865,450867,2,14
450851,450865,450867,2,14
450851,450865,450868,3,14
450851,450865,450868,3,14
450851,450866,450868,2,15
450851,450867,450869,2,16
450851,450866,450868,2,15
450851,450866,450869,3,15
450851,450866,450869,3,15
450851,450867,450869,2,16
450851,450867,450869,2,16
450851,450866,450869,3,15
450851,450866,450869,3,15
450851,450867,450869,2,16
450851,450867,450870,3,16
450851,450868,450870,2,17
450851,450868,450872,4,17
447420,447440,450953,3513,20
450954,450954,450955,1,0
450954,450954,450956,2,0
450954,450954,450956,2,0
450954,450954,450956,2,0
450954,450954,450956,2,0
450954,450954,450956,2,0
450954,450954,450956,2,0
450954,450954,450956,2,0
450954,450954,450956,2,0
450954,450954,450956,2,0
450954,450954,450956,2,0
450954,450954,450956,2,0
450954,450954,450956,2,0
450954,450954,450957,3,0
450954,450954,450957,3,0
450954,450954,450956,2,0
450954,450954,450956,2,0
450954,450954,450956,2,0
450954,450954,450957,3,0
450954,450954,450957,3,0
450954,450956,450957,1,2
450954,450956,450957,1,2
450954,450956,450958,2,2
450954,450956,450958,2,2
450954,450956,450958,2,2
450954,450956,450958,2,2
450954,450956,450958,2,2
450954,450956,450958,2,2
450954,450957,450959,2,3
450954,450957,450959,2,3
450954,450956,450959,3,2
450954,450956,450959,3,2
450954,450957,450959,2,3
450954,450957,450959,2,3
450954,450957,450959,2,3
450954,450957,450959,2,3
450954,450957,450959,2,3
450954,450958,450960,2,4
450954,450958,450960,2,4
450954,450958,450960,2,4
450954,450957,450959,2,3
450954,450957,450960,3,3
450954,450958,450960,2,4
450954,450959,450961,2,5
450954,450959,450961,2,5
450954,450958,450960,2,4
450954,450957,450960,3,3
450954,450958,450960,2,4
450954,450958,450960,2,4
450954,450958,450961,3,4
450954,450959,450962,3,5
450954,450959,450961,2,5
450954,450959,450961,2,5
450954,450959,450962,3,5
450954,450960,450962,2,6
450954,450960,450962,2,6
450954,450960,450962,2,6
450954,450960,450962,2,6
450954,450960,450962,2,6
450954,450960,450962,2,6
450954,450960,450963,3,6
450954,450961,450963,2,7
450954,450961,450962,1,7
450954,450960,450963,3,6
450954,450960,450963,3,6
450954,450961,450963,2,7
450954,450961,450963,2,7
450954,450961,450962,1,7
450954,450962,450963,1,8
450954,450962,450963,1,8
450954,450962,450964,2,8
450954,450962,450964,2,8
450954,450962,450964,2,8
450954,450962,450964,2,8
450954,450963,450964,1,9
450954,450962,450964,2,8
450954,450962,450965,3,8
450954,450962,450964,2,8
450954,450962,450964,2,8
450954,450963,450965,2,9
450954,450963,450965,2,9
450954,450964,450965,1,10
450954,450963,450965,2,9
450954,450963,450965,2,9
450954,450964,450965,1,10
450954,450964,450965,1,10
450954,450963,450966,3,9
450954,450963,450966,3,9
450954,450964,450966,2,10
450954,450963,450966,3,9
450954,450963,450966,3,9
450954,450964,450966,2,10
450954,450965,450966,1,11
450954,450965,450966,1,11
450954,450963,450967,4,9
450954,450965,450968,3,11
450954,450965,450968,3,11
450954,450965,450968,3,11
450954,450965,450968,3,11
450954,450966,450968,2,12
450954,450967,450968,1,13
450954,450965,450968,3,11
450954,450966,450968,2,12
450954,450966,450968,2,12
450954,450965,450969,4,11
450954,450965,450969,4,11
450954,450965,450969,4,11
450954,450966,450969,3,12
450954,450966,450969,3,12
450954,450967,450969,2,13
450954,450967,450969,2,13
450954,450967,450969,2,13
450954,450968,450970,2,14
450954,450966,450969,3,12
450954,450969,450970,1,15
450954,450969,450970,1,15
450954,450969,450971,2,15
450954,450967,450970,3,13
450954,450968,450971,3,14
450954,450969,450970,1,15
450954,450969,450971,2,15
450954,450969,450971,2,15
450954,450969,450971,2,15
450954,450970,450971,1,16
450954,450969,450971,2,15
450954,450970,450971,1,16
450954,450968,450972,4,14
450954,450969,450971,2,15
450954,450969,450972,3,15
450954,450969,450972,3,15
450954,450971,450972,1,17
450954,450969,450972,3,15
450954,450971,450972,1,17
450954,450971,450972,1,17
450954,450971,450972,1,17
450954,450970,450972,2,16
450954,450971,450972,1,17
450954,450971,450972,1,17
450954,450971,450973,2,17
450954,450971,450973,2,17
450954,450972,450973,1,18
450954,450972,450973,1,18
450954,450971,450974,3,17
450954,450972,450974,2,18
450954,450972,450973,1,18
450954,450972,450974,2,18
450954,450972,450975,3,18
450954,450972,450975,3,18
450954,450972,450975,3,18
450954,450973,450976,3,19
447628,447646,451185,3539,18
451187,451187,451189,2,0
451187,451187,451189,2,0
451187,451187,451189,2,0
451187,451187,451189,2,0
451187,451187,451189,2,0
451187,451187,451189,2,0
451187,451187,451189,2,0
451187,451187,451190,3,0
451187,451187,451190,3,0
451187,451187,451189,2,0
451187,451187,451190,3,0
451187,451187,451190,3,0
451187,451187,451190,3,0
451187,451187,451190,3,0
451187,451187,451190,3,0
451187,451187,451190,3,0
451187,451187,451190,3,0
451187,451187,451190,3,0
451187,451187,451191,4,0
451187,451189,451191,2,2
451187,451189,451191,2,2
451187,451189,451190,1,2
451187,451187,451191,4,0
451187,451189,451191,2,2
451187,451189,451191,2,2
451187,451189,451191,2,2
451187,451189,451191,2,2
451187,451190,451192,2,3
451187,451190,451192,2,3
451187,451190,451192,2,3
451187,451190,451192,2,3
451187,451190,451192,2,3
451187,451190,451192,2,3
451187,451190,451192,2,3
451187,451190,451192,2,3
451187,451190,451193,3,3
451187,451191,451193,2,4
451187,451191,451193,2,4
451187,451191,451192,1,4
451187,451191,451193,2,4
451187,451191,451193,2,4
451187,451192,451194,2,5
451187,451191,451194,3,4
451187,451191,451194,3,4
451187,451191,451194,3,4
451187,451191,451194,3,4
451187,451191,451193,2,4
451187,451192,451194,2,5
451187,451192,451194,2,5
451187,451192,451194,2,5
451187,451192,451194,2,5
451187,451193,451195,2,6
451187,451192,451195,3,5
451187,451192,451195,3,5
451187,451192,451195,3,5
451187,451192,451195,3,5
451187,451193,451195,2,6
451187,451193,451194,1,6
451187,451193,451195,2,6
451187,451193,451195,2,6
451187,451193,451195,2,6
451187,451194,451196,2,7
451187,451194,451196,2,7
451187,451194,451195,1,7
451187,451194,451196,2,7
451187,451194,451196,2,7
451187,451194,451197,3,7
451187,451195,451197,2,8
451187,451194,451197,3,7
451187,451194,451197,3,7
451187,451194,451197,3,7
451187,451194,451197,3,7
451187,451195,451197,2,8
451187,451195,451197,2,8
451187,451196,451197,1,9
451187,451196,451197,1,9
451187,451195,451197,2,8
451187,451196,451197,1,9
451187,451196,451197,1,9
451187,451195,451198,3,8
451187,451195,451198,3,8
451187,451197,451198,1,10
451187,451197,451198,1,10
451187,451197,451199,2,10
451187,451197,451198,1,10
451187,451196,451199,3,9
451187,451198,451199,1,11
451187,451198,451199,1,11
451187,451198,451199,1,11
451187,451198,451199,1,11
451187,451198,451199,1,11
451187,451197,451200,3,10
451187,451197,451200,3,10
451187,451197,451200,3,10
451187,451197,451200,3,10
451187,451198,451200,2,11
451187,451198,451200,2,11
451187,451199,451200,1,12
451187,451199,451200,1,12
451187,451199,451200,1,12
451187,451199,451200,1,12
451187,451197,451201,4,10
451187,451197,451201,4,10
451187,451198,451201,3,11
451187,451198,451201,3,11
451187,451200,451201,1,13
451187,451200,451201,1,13
451187,451200,451201,1,13
451187,451200,451201,1,13
451187,451200,451201,1,13
451187,451200,451201,1,13
451187,451201,451202,1,14
451187,451201,451203,2,14
451187,451201,451202,1,14
451187,451201,451202,1,14
451187,451201,451202,1,14
451187,451201,451202,1,14
451187,451200,451203,3,13
451187,451200,451203,3,13
451187,451201,451203,2,14
451187,451201,451203,2,14
451187,451202,451204,2,15
451187,451202,451203,1,15
451187,451202,451203,1,15
451187,451202,451203,1,15
451187,451202,451203,1,15
451187,451202,451203,1,15
451187,451202,451204,2,15
451187,451202,451204,2,15
451187,451202,451204,2,15
451187,451202,451204,2,15
451187,451203,451205,2,16
451187,451203,451205,2,16
451187,451203,451204,1,16
451187,451203,451204,1,16
451187,451203,451204,1,16
451187,451203,451204,1,16
451187,451204,451205,1,17
451187,451204,451205,1,17
451187,451204,451205,1,17
451187,451204,451205,1,17
451187,451204,451205,1,17
451187,451204,451206,2,17
451187,451204,451206,2,17
451187,451205,451207,2,18
451187,451204,451206,2,17
451187,451204,451206,2,17
451187,451204,451207,3,17
451187,451205,451209,4,18
451187,451205,451210,5,18
447879,447897,451277,3380,18
451279,451279,451281,2,0
451279,451279,451281,2,0
451279,451279,451281,2,0
451279,451279,451280,1,0
451279,451279,451280,1,0
451279,451279,451280,1,0
451279,451279,451280,1,0
451279,451279,451280,1,0
451279,451279,451280,1,0
451279,451279,451280,1,0
451279,451279,451281,2,0
451279,451279,451281,2,0
451279,451279,451281,2,0
451279,451279,451281,2,0
451279,451279,451281,2,0
451279,451279,451281,2,0
451279,451279,451281,2,0
451279,451279,451282,3,0
451279,451279,451282,3,0
451279,451279,451282,3,0
451279,451281,451282,1,2
451279,451281,451282,1,2
451279,451281,451283,2,2
451279,451281,451282,1,2
451279,451281,451283,2,2
451279,451281,451282,1,2
451279,451281,451283,2,2
451279,451281,451283,2,2
451279,451281,451282,1,2
451279,451281,451283,2,2
451279,451281,451282,1,2
451279,451281,451283,2,2
451279,451282,451284,2,3
451279,451282,451284,2,3
451279,451282,451284,2,3
451279,451282,451284,2,3
451279,451282,451284,2,3
451279,451283,451284,1,4
451279,451283,451284,1,4
451279,451283,451284,1,4
451279,451283,451284,1,4
451279,451283,451284,1,4
451279,451283,451284,1,4
451279,451283,451284,1,4
451279,451283,451284,1,4
451279,451283,451284,1,4
451279,451283,451284,1,4
451279,451282,451285,3,3
451279,451282,451285,3,3
451279,451283,451285,2,4
451279,451284,451286,2,5
451279,451282,451285,3,3
451279,451284,451286,2,5
451279,451284,451286,2,5
451279,451285,451287,2,6
451279,451285,451287,2,6
451279,451285,451286,1,6
451279,451285,451287,2,6
451279,451285,451287,2,6
451279,451285,451286,1,6
451279,451285,451287,2,6
451279,451285,451287,2,6
451279,451285,451287,2,6
451279,451285,451286,1,6
451279,451285,451287,2,6
451279,451285,451286,1,6
451279,451285,451287,2,6
451279,451286,451288,2,7
451279,451285,451288,3,6
451279,451285,451288,3,6
451279,451287,451289,2,8
451279,451286,451288,2,7
451279,451287,451289,2,8
451279,451287,451289,2,8
451279,451287,451289,2,8
451279,451287,451289,2,8
451279,451287,451289,2,8
451279,451287,451289,2,8
451279,451287,451289,2,8
451279,451287,451288,1,8
451279,451287,451289,2,8
451279,451287,451289,2,8
451279,451286,451289,3,7
451279,451287,451290,3,8
451279,451287,451289,2,8
451279,451287,451290,3,8
451279,451288,451290,2,9
451279,451288,451290,2,9
451279,451289,451291,2,10
451279,451288,451291,3,9
451279,451288,451291,3,9
451279,451289,451292,3,10
451279,451289,451292,3,10
451279,451289,451292,3,10
451279,451289,451292,3,10
451279,451289,451292,3,10
451279,451289,451292,3,10
451279,451289,451292,3,10
451279,451289,451291,2,10
451279,451289,451292,3,10
451279,451289,451292,3,10
451279,451290,451293,3,11
451279,451290,451293,3,11
451279,451291,451293,2,12
451279,451289,451292,3,10
451279,451291,451293,2,12
451279,451290,451293,3,11
451279,451291,451293,2,12
451279,451291,451293,2,12
451279,451292,451294,2,13
451279,451292,451294,2,13
451279,451292,451294,2,13
451279,451292,451294,2,13
451279,451292,451294,2,13
451279,451292,451294,2,13
451279,451292,451294,2,13
451279,451292,451294,2,13
451279,451292,451294,2,13
451279,451292,451294,2,13
451279,451292,451294,2,13
451279,451293,451295,2,14
451279,451293,451295,2,14
451279,451292,451295,3,13
451279,451293,451296,3,14
451279,451293,451296,3,14
451279,451294,451296,2,15
451279,451293,451296,3,14
451279,451294,451296,2,15
451279,451294,451296,2,15
451279,451294,451296,2,15
451279,451294,451296,2,15
451279,451294,451296,2,15
451279,451294,451296,2,15
451279,451295,451296,1,16
451279,451295,451296,1,16
451279,451295,451296,1,16
451279,451294,451296,2,15
451279,451294,451297,3,15
451279,451295,451298,3,16
451279,451295,451298,3,16
451279,451295,451299,4,16
451279,451295,451299,4,16
451279,451296,451299,3,17
451279,451296,451299,3,17
451279,451296,451299,3,17
451279,451296,451299,3,17
451279,451296,451300,4,17
451279,451296,451299,3,17
451279,451296,451299,3,17
451279,451296,451302,6,17
447843,447862,451319,3457,19
451320,451321,451323,2,1
451320,451321,451323,2,1
451320,451321,451323,2,1
451320,451321,451323,2,1
451320,451321,451323,2,1
451320,451321,451323,2,1
451320,451321,451323,2,1
451320,451321,451324,3,1
451320,451321,451324,3,1
451320,451321,451324,3,1
451320,451321,451324,3,1
451320,451321,451324,3,1
451320,451321,451324,3,1
451320,451321,451324,3,1
451320,451321,451324,3,1
451320,451324,451325,1,4
451320,451324,451325,1,4
451320,451324,451325,1,4
451320,451324,451325,1,4
451320,451325,451326,1,5
451320,451325,451326,1,5
451320,451324,451326,2,4
451320,451324,451326,2,4
451320,451324,451326,2,4
451320,451325,451326,1,5
451320,451325,451327,2,5
451320,451325,451326,1,5
451320,451325,451326,1,5
451320,451325,451326,1,5
451320,451326,451327,1,6
451320,451326,451327,1,6
451320,451326,451327,1,6
451320,451325,451327,2,5
451320,451326,451327,1,6
451320,451327,451328,1,7
451320,451327,451329,2,7
451320,451327,451329,2,7
451320,451327,451329,2,7
451320,451327,451328,1,7
451320,451327,451328,1,7
451320,451327,451328,1,7
451320,451321,451329,8,1
451320,451321,451329,8,1
451320,451327,451329,2,7
451320,451328,451330,2,8
451320,451327,451329,2,7
451320,451327,451329,2,7
451320,451328,451330,2,8
451320,451328,451329,1,8
451320,451328,451330,2,8
451320,451328,451329,1,8
451320,451329,451331,2,9
451320,451329,451330,1,9
451320,451329,451330,1,9
451320,451329,451332,3,9
451320,451329,451332,3,9
451320,451330,451331,1,10
451320,451330,451331,1,10
451320,451329,451332,3,9
451320,451329,451331,2,9
451320,451329,451331,2,9
451320,451329,451331,2,9
451320,451330,451331,1,10
451320,451331,451332,1,11
451320,451330,451332,2,10
451320,451330,451332,2,10
451320,451330,451332,2,10
451320,451330,451332,2,10
451320,451330,451332,2,10
451320,451331,451332,1,11
451320,451329,451332,3,9
451320,451331,451333,2,11
451320,451332,451334,2,12
451320,451332,451334,2,12
451320,451332,451333,1,12
451320,451332,451334,2,12
451320,451332,451334,2,12
451320,451333,451334,1,13
451320,451332,451334,2,12
451320,451332,451335,3,12
451320,451333,451335,2,13
451320,451332,451334,2,12
451320,451333,451334,1,13
451320,451332,451335,3,12
451320,451333,451335,2,13
451320,451334,451335,1,14
451320,451330,451335,5,10
451320,451333,451335,2,13
451320,451333,451335,2,13
451320,451333,451335,2,13
451320,451333,451336,3,13
451320,451334,451336,2,14
451320,451333,451335,2,13
451320,451334,451336,2,14
451320,451334,451336,2,14
451320,451335,451336,1,15
451320,451335,451336,1,15
451320,451335,451337,2,15
451320,451334,451337,3,14
451320,451335,451337,2,15
451320,451335,451337,2,15
451320,451335,451337,2,15
451320,451335,451337,2,15
451320,451335,451337,2,15
451320,451335,451337,2,15
451320,451336,451338,2,16
451320,451336,451338,2,16
451320,451336,451338,2,16
451320,451337,451338,1,17
451320,451336,451338,2,16
451320,451336,451338,2,16
451320,451336,451338,2,16
451320,451336,451338,2,16
451320,451337,451339,2,17
451320,451337,451339,2,17
451320,451336,451339,3,16
451320,451337,451339,2,17
451320,451337,451339,2,17
451320,451338,451340,2,18
451320,451338,451339,1,18
451320,451337,451340,3,17
451320,451337,451340,3,17
451320,451338,451340,2,18
451320,451338,451340,2,18
451320,451339,451340,1,19
451320,451338,451340,2,18
451320,451338,451340,2,18
451320,451339,451341,2,19
451320,451339,451341,2,19
451320,451339,451341,2,19
451320,451339,451341,2,19
451320,451339,451341,2,19
451320,451330,451336,6,10
451320,451339,451341,2,19
451320,451339,451341,2,19
451320,451339,451341,2,19
451320,451339,451341,2,19
451320,451340,451342,2,20
451320,451340,451342,2,20
451320,451341,451342,1,21
451320,451341,451342,1,21
451320,451340,451342,2,20
451320,451341,451343,2,21
451320,451340,451343,3,20
451320,451340,451343,3,20
451320,451341,451343,2,21
451320,451341,451343,2,21
451320,451341,451344,3,21
451320,451341,451346,5,21
451320,451342,451347,5,22
448496,448514,452062,3548,18
452064,452064,452066,2,0
452064,452064,452065,1,0
452064,452064,452065,1,0
452064,452064,452065,1,0
452064,452064,452066,2,0
452064,452064,452065,1,0
452064,452064,452065,1,0
452064,452064,452066,2,0
452064,452064,452066,2,0
452064,452064,452066,2,0
452064,452064,452066,2,0
452064,452064,452066,2,0
452064,452064,452066,2,0
452064,452064,452066,2,0
452064,452064,452066,2,0
452064,452064,452066,2,0
452064,452064,452066,2,0
452064,452064,452066,2,0
452064,452064,452066,2,0
452064,452064,452066,2,0
452064,452066,452067,1,2
452064,452066,452067,1,2
452064,452066,452067,1,2
452064,452066,452067,1,2
452064,452066,452067,1,2
452064,452066,452067,1,2
452064,452066,452068,2,2
452064,452066,452067,1,2
452064,452066,452068,2,2
452064,452066,452068,2,2
452064,452067,452069,2,3
452064,452067,452069,2,3
452064,452067,452069,2,3
452064,452067,452069,2,3
452064,452068,452069,1,4
452064,452068,452069,1,4
452064,452068,452069,1,4
452064,452068,452069,1,4
452064,452067,452069,2,3
452064,452067,452070,3,3
452064,452067,452069,2,3
452064,452068,452069,1,4
452064,452068,452069,1,4
452064,452067,452069,2,3
452064,452067,452069,2,3
452064,452067,452069,2,3
452064,452068,452069,1,4
452064,452068,452069,1,4
452064,452068,452069,1,4
452064,452068,452070,2,4
452064,452069,452071,2,5
452064,452069,452071,2,5
452064,452070,452072,2,6
452064,452070,452072,2,6
452064,452070,452071,1,6
452064,452070,452071,1,6
452064,452070,452071,1,6
452064,452070,452071,1,6
452064,452070,452071,1,6
452064,452070,452071,1,6
452064,452070,452072,2,6
452064,452070,452072,2,6
452064,452070,452072,2,6
452064,452070,452072,2,6
452064,452070,452072,2,6
452064,452070,452072,2,6
452064,452070,452073,3,6
452064,452070,452073,3,6
452064,452070,452073,3,6
452064,452071,452073,2,7
452064,452070,452072,2,6
452064,452072,452073,1,8
452064,452072,452074,2,8
452064,452072,452074,2,8
452064,452072,452073,1,8
452064,452072,452073,1,8
452064,452072,452074,2,8
452064,452071,452073,2,7
452064,452072,452074,2,8
452064,452072,452074,2,8
452064,452072,452074,2,8
452064,452072,452074,2,8
452064,452072,452074,2,8
452064,452072,452075,3,8
452064,452072,452075,3,8
452064,452073,452075,2,9
452064,452072,452074,2,8
452064,452074,452076,2,10
452064,452074,452076,2,10
452064,452074,452076,2,10
452064,452074,452076,2,10
452064,452073,452076,3,9
452064,452073,452075,2,9
452064,452074,452076,2,10
452064,452074,452076,2,10
452064,452073,452075,2,9
452064,452074,452076,2,10
452064,452074,452076,2,10
452064,452074,452076,2,10
452064,452074,452076,2,10
452064,452074,452076,2,10
452064,452073,452076,3,9
452064,452075,452078,3,11
452064,452075,452077,2,11
452064,452076,452078,2,12
452064,452076,452078,2,12
452064,452076,452078,2,12
452064,452076,452078,2,12
452064,452075,452078,3,11
452064,452075,452077,2,11
452064,452076,452078,2,12
452064,452076,452078,2,12
452064,452075,452077,2,11
452064,452076,452078,2,12
452064,452076,452078,2,12
452064,452076,452078,2,12
452064,452076,452078,2,12
452064,452076,452079,3,12
452064,452076,452079,3,12
452064,452076,452079,3,12
452064,452076,452079,3,12
452064,452078,452080,2,14
452064,452078,452080,2,14
452064,452078,452080,2,14
452064,452078,452080,2,14
452064,452077,452080,3,13
452064,452078,452080,2,14
452064,452078,452080,2,14
452064,452078,452080,2,14
452064,452078,452080,2,14
452064,452078,452080,2,14
452064,452078,452080,2,14
452064,452078,452081,3,14
452064,452078,452081,3,14
452064,452078,452081,3,14
452064,452078,452081,3,14
452064,452078,452082,4,14
452064,452080,452082,2,16
452064,452080,452082,2,16
452064,452080,452082,2,16
452064,452080,452082,2,16
452064,452079,452082,3,15
452064,452080,452082,2,16
452064,452080,452082,2,16
452064,452080,452082,2,16
452064,452079,452082,3,15
452064,452079,452082,3,15
452064,452079,452082,3,15
452064,452081,452084,3,17
452064,452081,452084,3,17
449189,449209,452659,3450,20
452660,452660,452662,2,0
452660,452660,452662,2,0
452660,452661,452662,1,1
452660,452661,452662,1,1
452660,452660,452662,2,0
452660,452660,452662,2,0
452660,452660,452662,2,0
452660,452660,452663,3,0
452660,452660,452663,3,0
452660,452660,452662,2,0
452660,452660,452663,3,0
452660,452660,452663,3,0
452660,452661,452663,2,1
452660,452661,452663,2,1
452660,452660,452663,3,0
452660,452660,452663,3,0
452660,452660,452663,3,0
452660,452661,452663,2,1
452660,452661,452663,2,1
452660,452661,452663,2,1
452660,452663,452664,1,3
452660,452663,452664,1,3
452660,452663,452664,1,3
452660,452663,452664,1,3
452660,452663,452664,1,3
452660,452663,452664,1,3
452660,452663,452664,1,3
452660,452664,452665,1,4
452660,452664,452665,1,4
452660,452664,452665,1,4
452660,452664,452666,2,4
452660,452664,452666,2,4
452660,452664,452666,2,4
452660,452664,452666,2,4
452660,452664,452666,2,4
452660,452664,452666,2,4
452660,452664,452666,2,4
452660,452664,452666,2,4
452660,452665,452666,1,5
452660,452665,452666,1,5
452660,452664,452666,2,4
452660,452664,452666,2,4
452660,452665,452666,1,5
452660,452665,452666,1,5
452660,452665,452666,1,5
452660,452665,452666,1,5
452660,452665,452666,1,5
452660,452666,452667,1,6
452660,452666,452667,1,6
452660,452666,452667,1,6
452660,452667,452669,2,7
452660,452667,452669,2,7
452660,452667,452670,3,7
452660,452667,452670,3,7
452660,452667,452670,3,7
452660,452667,452669,2,7
452660,452668,452670,2,8
452660,452668,452670,2,8
452660,452667,452670,3,7
452660,452667,452670,3,7
452660,452667,452670,3,7
452660,452667,452670,3,7
452660,452667,452670,3,7
452660,452667,452671,4,7
452660,452667,452670,3,7
452660,452667,452670,3,7
452660,452667,452670,3,7
452660,452667,452670,3,7
452660,452668,452670,2,8
452660,452670,452671,1,10
452660,452670,452671,1,10
452660,452667,452671,4,7
452660,452670,452671,1,10
452660,452670,452671,1,10
452660,452670,452671,1,10
452660,452670,452671,1,10
452660,452670,452672,2,10
452660,452670,452671,1,10
452660,452671,452673,2,11
452660,452671,452672,1,11
452660,452671,452673,2,11
452660,452671,452673,2,11
452660,452671,452673,2,11
452660,452671,452673,2,11
452660,452671,452673,2,11
452660,452671,452673,2,11
452660,452671,452673,2,11
452660,452671,452673,2,11
452660,452671,452673,2,11
452660,452672,452674,2,12
452660,452672,452674,2,12
452660,452672,452674,2,12
452660,452672,452674,2,12
452660,452672,452674,2,12
452660,452672,452674,2,12
452660,452673,452675,2,13
452660,452672,452674,2,12
452660,452672,452674,2,12
452660,452672,452674,2,12
452660,452674,452676,2,14
452660,452674,452676,2,14
452660,452674,452675,1,14
452660,452673,452676,3,13
452660,452674,452676,2,14
452660,452674,452677,3,14
452660,452674,452676,2,14
452660,452675,452676,1,15
452660,452675,452677,2,15
452660,452674,452676,2,14
452660,452674,452676,2,14
452660,452674,452677,3,14
452660,452675,452676,1,15
452660,452675,452676,1,15
452660,452675,452677,2,15
452660,452675,452677,2,15
452660,452675,452677,2,15
452660,452675,452676,1,15
452660,452674,452677,3,14
452660,452675,452677,2,15
452660,452676,452677,1,16
452660,452676,452678,2,16
452660,452677,452678,1,17
452660,452677,452679,2,17
452660,452676,452678,2,16
452660,452677,452679,2,17
452660,452677,452679,2,17
452660,452677,452679,2,17
452660,452677,452679,2,17
452660,452677,452679,2,17
452660,452677,452679,2,17
452660,452677,452679,2,17
452660,452677,452680,3,17
452660,452677,452680,3,17
452660,452677,452679,2,17
452660,452677,452680,3,17
452660,452678,452680,2,18
452660,452677,452679,2,17
452660,452678,452679,1,18
452660,452677,452680,3,17
452660,452679,452681,2,19
452660,452679,452681,2,19
452660,452678,452680,2,18
452660,452679,452681,2,19
452660,452679,452680,1,19
452660,452679,452680,1,19
452660,452679,452680,1,19
452660,452678,452681,3,18
452660,452679,452681,2,19
452660,452679,452680,1,19
452660,452680,452685,5,20
447999,448020,453003,4983,21
453004,453004,453006,2,0
453004,453004,453005,1,0
453004,453004,453005,1,0
453004,453004,453006,2,0
453004,453004,453005,1,0
453004,453004,453005,1,0
453004,453004,453005,1,0
453004,453004,453005,1,0
453004,453004,453005,1,0
453004,453004,453006,2,0
453004,453004,453006,2,0
453004,453004,453007,3,0
453004,453004,453006,2,0
453004,453004,453006,2,0
453004,453004,453007,3,0
453004,453004,453007,3,0
453004,453004,453007,3,0
453004,453004,453006,2,0
453004,453004,453006,2,0
453004,453004,453006,2,0
453004,453006,453007,1,2
453004,453006,453008,2,2
453004,453006,453007,1,2
453004,453006,453008,2,2
453004,453006,453007,1,2
453004,453006,453008,2,2
453004,453006,453008,2,2
453004,453006,453007,1,2
453004,453006,453008,2,2
453004,453006,453008,2,2
453004,453007,453009,2,3
453004,453007,453009,2,3
453004,453006,453008,2,2
453004,453007,453009,2,3
453004,453007,453009,2,3
453004,453007,453010,3,3
453004,453007,453009,2,3
453004,453007,453009,2,3
453004,453007,453009,2,3
453004,453008,453009,1,4
453004,453008,453009,1,4
453004,453008,453009,1,4
453004,453008,453010,2,4
453004,453008,453009,1,4
453004,453008,453010,2,4
453004,453008,453009,1,4
453004,453008,453009,1,4
453004,453008,453009,1,4
453004,453008,453009,1,4
453004,453007,453009,2,3
453004,453009,453011,2,5
453004,453009,453011,2,5
453004,453009,453011,2,5
453004,453010,453012,2,6
453004,453010,453012,2,6
453004,453010,453012,2,6
453004,453010,453012,2,6
453004,453010,453012,2,6
453004,453010,453011,1,6
453004,453010,453012,2,6
453004,453010,453012,2,6
453004,453010,453012,2,6
453004,453010,453011,1,6
453004,453010,453012,2,6
453004,453010,453012,2,6
453004,453010,453012,2,6
453004,453010,453012,2,6
453004,453010,453012,2,6
453004,453010,453012,2,6
453004,453011,453013,2,7
453004,453011,453013,2,7
453004,453010,453012,2,6
453004,453011,453013,2,7
453004,453012,453014,2,8
453004,453012,453014,2,8
453004,453012,453014,2,8
453004,453012,453014,2,8
453004,453012,453014,2,8
453004,453012,453014,2,8
453004,453012,453014,2,8
453004,453012,453014,2,8
453004,453012,453014,2,8
453004,453012,453014,2,8
453004,453012,453014,2,8
453004,453013,453015,2,9
453004,453013,453015,2,9
453004,453014,453016,2,10
453004,453013,453016,3,9
453004,453013,453016,3,9
453004,453013,453016,3,9
453004,453013,453016,3,9
453004,453013,453016,3,9
453004,453013,453016,3,9
453004,453014,453015,1,10
453004,453014,453016,2,10
453004,453013,453015,2,9
453004,453014,453016,2,10
453004,453014,453016,2,10
453004,453014,453016,2,10
453004,453014,453016,2,10
453004,453014,453016,2,10
453004,453014,453016,2,10
453004,453014,453016,2,10
453004,453014,453016,2,10
453004,453016,453018,2,12
453004,453016,453018,2,12
453004,453016,453018,2,12
453004,453015,453017,2,11
453004,453016,453018,2,12
453004,453016,453018,2,12
453004,453016,453018,2,12
453004,453016,453018,2,12
453004,453016,453018,2,12
453004,453016,453018,2,12
453004,453016,453018,2,12
453004,453016,453018,2,12
453004,453016,453019,3,12
453004,453016,453018,2,12
453004,453016,453019,3,12
453004,453016,453019,3,12
453004,453016,453019,3,12
453004,453016,453019,3,12
453004,453016,453019,3,12
453004,453016,453019,3,12
453004,453018,453020,2,14
453004,453018,453020,2,14
453004,453018,453020,2,14
453004,453018,453020,2,14
453004,453018,453020,2,14
453004,453018,453020,2,14
453004,453018,453020,2,14
453004,453018,453020,2,14
453004,453018,453020,2,14
453004,453018,453021,3,14
453004,453018,453020,2,14
453004,453018,453021,3,14
453004,453019,453021,2,15
453004,453019,453022,3,15
453004,453019,453022,3,15
453004,453019,453022,3,15
453004,453019,453022,3,15
453004,453019,453022,3,15
453004,453020,453022,2,16
453004,453020,453022,2,16
453004,453019,453022,3,15
453004,453021,453022,1,17
453004,453021,453022,1,17
453004,453021,453022,1,17
453004,453019,453023,4,15
453004,453021,453023,2,17
450162,450183,453590,3407,21
453591,453591,453593,2,0
453591,453591,453592,1,0
453591,453591,453592,1,0
453591,453591,453593,2,0
453591,453591,453593,2,0
453591,453591,453593,2,0
453591,453591,453593,2,0
453591,453591,453593,2,0
453591,453591,453594,3,0
453591,453591,453594,3,0
453591,453591,453593,2,0
453591,453591,453593,2,0
453591,453591,453593,2,0
453591,453591,453593,2,0
453591,453591,453593,2,0
453591,453591,453594,3,0
453591,453591,453594,3,0
453591,453591,453594,3,0
453591,453591,453594,3,0
453591,453593,453594,1,2
453591,453593,453595,2,2
453591,453593,453594,1,2
453591,453593,453595,2,2
453591,453593,453594,1,2
453591,453593,453595,2,2
453591,453591,453594,3,0
453591,453594,453595,1,3
453591,453594,453596,2,3
453591,453594,453595,1,3
453591,453594,453596,2,3
453591,453594,453596,2,3
453591,453593,453595,2,2
453591,453594,453596,2,3
453591,453594,453596,2,3
453591,453595,453597,2,4
453591,453595,453596,1,4
453591,453595,453596,1,4
453591,453595,453596,1,4
453591,453595,453597,2,4
453591,453595,453596,1,4
453591,453594,453596,2,3
453591,453595,453597,2,4
453591,453594,453597,3,3
453591,453595,453598,3,4
453591,453595,453597,2,4
453591,453596,453597,1,5
453591,453596,453597,1,5
453591,453596,453597,1,5
453591,453596,453598,2,5
453591,453595,453598,3,4
453591,453596,453598,2,5
453591,453597,453599,2,6
453591,453597,453598,1,6
453591,453597,453599,2,6
453591,453597,453599,2,6
453591,453597,453599,2,6
453591,453597,453599,2,6
453591,453597,453599,2,6
453591,453596,453598,2,5
453591,453597,453599,2,6
453591,453597,453598,1,6
453591,453597,453599,2,6
453591,453598,453599,1,7
453591,453598,453600,2,7
453591,453598,453600,2,7
453591,453597,453600,3,6
453591,453598,453600,2,7
453591,453598,453600,2,7
453591,453599,453601,2,8
453591,453598,453601,3,7
453591,453598,453600,2,7
453591,453599,453600,1,8
453591,453599,453601,2,8
453591,453599,453601,2,8
453591,453599,453601,2,8
453591,453599,453601,2,8
453591,453599,453601,2,8
453591,453599,453601,2,8
453591,453598,453601,3,7
453591,453599,453601,2,8
453591,453600,453601,1,9
453591,453600,453602,2,9
453591,453600,453602,2,9
453591,453600,453602,2,9
453591,453599,453602,3,8
453591,453600,453602,2,9
453591,453601,453603,2,10
453591,453601,453603,2,10
453591,453601,453603,2,10
453591,453601,453603,2,10
453591,453601,453603,2,10
453591,453600,453603,3,9
453591,453600,453603,3,9
453591,453601,453603,2,10
453591,453601,453603,2,10
453591,453601,453604,3,10
453591,453601,453604,3,10
453591,453602,453604,2,11
453591,453602,453604,2,11
453591,453602,453604,2,11
453591,453601,453604,3,10
453591,453602,453604,2,11
453591,453601,453604,3,10
453591,453603,453605,2,12
453591,453603,453605,2,12
453591,453602,453605,3,11
453591,453603,453605,2,12
453591,453603,453605,2,12
453591,453603,453605,2,12
453591,453602,453605,3,11
453591,453603,453605,2,12
453591,453603,453606,3,12
453591,453604,453606,2,13
453591,453604,453606,2,13
453591,453604,453606,2,13
453591,453603,453606,3,12
453591,453604,453606,2,13
453591,453604,453607,3,13
453591,453604,453607,3,13
453591,453605,453607,2,14
453591,453605,453607,2,14
453591,453605,453607,2,14
453591,453606,453607,1,15
453591,453603,453607,4,12
453591,453604,453607,3,13
453591,453604,453607,3,13
453591,453606,453607,1,15
453591,453604,453608,4,13
453591,453605,453608,3,14
453591,453607,453608,1,16
453591,453607,453608,1,16
453591,453607,453608,1,16
453591,453606,453608,2,15
453591,453605,453608,3,14
453591,453607,453608,1,16
453591,453606,453609,3,15
453591,453607,453609,2,16
453591,453607,453609,2,16
453591,453608,453609,1,17
453591,453608,453609,1,17
453591,453607,453609,2,16
453591,453608,453609,1,17
453591,453607,453610,3,16
453591,453607,453609,2,16
453591,453608,453610,2,17
453591,453608,453610,2,17
453591,453608,453611,3,17
453591,453608,453611,3,17
453591,453608,453611,3,17
453591,453609,453612,3,18
448862,448879,453710,4831,17
453711,453711,453713,2,0
453711,453711,453713,2,0
453711,453711,453713,2,0
453711,453711,453713,2,0
453711,453711,453713,2,0
453711,453711,453713,2,0
453711,453711,453713,2,0
453711,453711,453713,2,0
453711,453711,453714,3,0
453711,453711,453713,2,0
453711,453711,453714,3,0
453711,453711,453713,2,0
453711,453711,453714,3,0
453711,453711,453714,3,0
453711,453711,453714,3,0
453711,453711,453714,3,0
453711,453711,453714,3,0
453711,453711,453715,4,0
453711,453711,453714,3,0
453711,453713,453716,3,2
453711,453713,453715,2,2
453711,453714,453716,2,3
453711,453713,453715,2,2
453711,453713,453715,2,2
453711,453711,453715,4,0
453711,453714,453717,3,3
453711,453714,453716,2,3
453711,453714,453716,2,3
453711,453714,453717,3,3
453711,453714,453716,2,3
453711,453714,453717,3,3
453711,453714,453717,3,3
453711,453714,453717,3,3
453711,453714,453716,2,3
453711,453714,453717,3,3
453711,453715,453718,3,4
453711,453716,453718,2,5
453711,453716,453718,2,5
453711,453716,453718,2,5
453711,453716,453718,2,5
453711,453715,453718,3,4
453711,453717,453719,2,6
453711,453717,453718,1,6
453711,453717,453718,1,6
453711,453715,453718,3,4
453711,453715,453718,3,4
453711,453717,453718,1,6
453711,453717,453719,2,6
453711,453717,453719,2,6
453711,453717,453719,2,6
453711,453717,453719,2,6
453711,453717,453719,2,6
453711,453716,453719,3,5
453711,453717,453719,2,6
453711,453716,453719,3,5
453711,453718,453719,1,7
453711,453718,453719,1,7
453711,453718,453720,2,7
453711,453718,453719,1,7
453711,453718,453719,1,7
453711,453719,453721,2,8
453711,453719,453720,1,8
453711,453719,453720,1,8
453711,453719,453721,2,8
453711,453719,453721,2,8
453711,453719,453720,1,8
453711,453719,453721,2,8
453711,453719,453721,2,8
453711,453719,453721,2,8
453711,453719,453721,2,8
453711,453719,453721,2,8
453711,453718,453721,3,7
453711,453720,453721,1,9
453711,453720,453722,2,9
453711,453720,453722,2,9
453711,453720,453722,2,9
453711,453720,453721,1,9
453711,453720,453722,2,9
453711,453720,453722,2,9
453711,453721,453723,2,10
453711,453721,453723,2,10
453711,453720,453722,2,9
453711,453721,453723,2,10
453711,453721,453723,2,10
453711,453721,453723,2,10
453711,453722,453724,2,11
453711,453722,453723,1,11
453711,453721,453724,3,10
453711,453721,453724,3,10
453711,453722,453724,2,11
453711,453721,453723,2,10
453711,453722,453724,2,11
453711,453721,453724,3,10
453711,453721,453724,3,10
453711,453721,453724,3,10
453711,453722,453724,2,11
453711,453723,453724,1,12
453711,453723,453724,1,12
453711,453723,453725,2,12
453711,453723,453725,2,12
453711,453722,453725,3,11
453711,453723,453725,2,12
453711,453724,453726,2,13
453711,453723,453725,2,12
453711,453724,453726,2,13
453711,453724,453726,2,13
453711,453723,453726,3,12
453711,453724,453726,2,13
453711,453724,453726,2,13
453711,453724,453726,2,13
453711,453725,453727,2,14
453711,453725,453726,1,14
453711,453725,453727,2,14
453711,453725,453727,2,14
453711,453725,453727,2,14
453711,453724,453727,3,13
453711,453724,453727,3,13
453711,453725,453727,2,14
453711,453725,453727,2,14
453711,453725,453727,2,14
453711,453726,453728,2,15
453711,453726,453728,2,15
453711,453726,453728,2,15
453711,453726,453728,2,15
453711,453726,453727,1,15
453711,453727,453728,1,16
453711,453727,453728,1,16
453711,453727,453728,1,16
453711,453726,453728,2,15
453711,453726,453729,3,15
453711,453727,453729,2,16
453711,453727,453729,2,16
453711,453726,453729,3,15
453711,453727,453729,2,16
453711,453728,453729,1,17
453711,453727,453729,2,16
453711,453727,453729,2,16
453711,453728,453730,2,17
453711,453728,453730,2,17
453711,453728,453730,2,17
453711,453727,453730,3,16
453711,453727,453730,3,16
453711,453728,453730,2,17
453711,453729,453730,1,18
453711,453729,453730,1,18
453711,453728,453730,2,17
453711,453729,453731,2,18
453711,453728,453731,3,17
453711,453729,453731,2,18
453711,453729,453732,3,18
448939,448958,454012,5054,19
454013,454014,454015,1,1
454013,454014,454015,1,1
454013,454014,454015,1,1
454013,454014,454015,1,1
454013,454014,454015,1,1
454013,454014,454015,1,1
454013,454014,454015,1,1
454013,454014,454016,2,1
454013,454014,454016,2,1
454013,454014,454016,2,1
454013,454014,454016,2,1
454013,454014,454016,2,1
454013,454014,454016,2,1
454013,454014,454016,2,1
454013,454014,454016,2,1
454013,454014,454016,2,1
454013,454014,454016,2,1
454013,454014,454016,2,1
454013,454014,454016,2,1
454013,454014,454016,2,1
454013,454016,454017,1,3
454013,454016,454018,2,3
454013,454016,454018,2,3
454013,454016,454018,2,3
454013,454017,454019,2,4
454013,454016,454018,2,3
454013,454016,454018,2,3
454013,454016,454018,2,3
454013,454017,454018,1,4
454013,454017,454019,2,4
454013,454017,454019,2,4
454013,454017,454019,2,4
454013,454017,454019,2,4
454013,454017,454019,2,4
454013,454017,454019,2,4
454013,454017,454019,2,4
454013,454018,454019,1,5
454013,454017,454019,2,4
454013,454017,454019,2,4
454013,454017,454019,2,4
454013,454019,454020,1,6
454013,454019,454020,1,6
454013,454019,454020,1,6
454013,454019,454020,1,6
454013,454019,454020,1,6
454013,454019,454020,1,6
454013,454019,454020,1,6
454013,454017,454020,3,4
454013,454019,454020,1,6
454013,454020,454021,1,7
454013,454020,454021,1,7
454013,454020,454022,2,7
454013,454021,454022,1,8
454013,454021,454023,2,8
454013,454020,454022,2,7
454013,454020,454022,2,7
454013,454020,454022,2,7
454013,454020,454022,2,7
454013,454020,454022,2,7
454013,454021,454023,2,8
454013,454020,454022,2,7
454013,454020,454022,2,7
454013,454020,454022,2,7
454013,454021,454023,2,8
454013,454021,454023,2,8
454013,454022,454024,2,9
454013,454021,454023,2,8
454013,454021,454023,2,8
454013,454021,454023,2,8
454013,454021,454023,2,8
454013,454023,454024,1,10
454013,454023,454024,1,10
454013,454021,454024,3,8
454013,454023,454024,1,10
454013,454023,454025,2,10
454013,454023,454025,2,10
454013,454024,454025,1,11
454013,454024,454026,2,11
454013,454024,454026,2,11
454013,454024,454025,1,11
454013,454024,454025,1,11
454013,454023,454025,2,10
454013,454023,454025,2,10
454013,454023,454025,2,10
454013,454023,454025,2,10
454013,454023,454026,3,10
454013,454024,454025,1,11
454013,454024,454025,1,11
454013,454023,454025,2,10
454013,454023,454025,2,10
454013,454025,454026,1,12
454013,454025,454026,1,12
454013,454025,454026,1,12
454013,454025,454028,3,12
454013,454025,454028,3,12
454013,454026,454028,2,13
454013,454026,454029,3,13
454013,454026,454028,2,13
454013,454026,454029,3,13
454013,454026,454029,3,13
454013,454027,454029,2,14
454013,454026,454029,3,13
454013,454027,454029,2,14
454013,454026,454029,3,13
454013,454026,454029,3,13
454013,454027,454029,2,14
454013,454026,454030,4,13
454013,454026,454030,4,13
454013,454026,454030,4,13
454013,454026,454029,3,13
454013,454026,454029,3,13
454013,454026,454030,4,13
454013,454028,454031,3,15
454013,454029,454031,2,16
454013,454029,454030,1,16
454013,454029,454031,2,16
454013,454026,454031,5,13
454013,454028,454030,2,15
454013,454029,454031,2,16
454013,454029,454031,2,16
454013,454029,454031,2,16
454013,454030,454031,1,17
454013,454030,454032,2,17
454013,454030,454032,2,17
454013,454030,454032,2,17
454013,454030,454032,2,17
454013,454031,454033,2,18
454013,454030,454033,3,17
454013,454030,454033,3,17
454013,454030,454033,3,17
454013,454030,454033,3,17
454013,454032,454034,2,19
454013,454031,454034,3,18
454013,454031,454034,3,18
454013,454031,454034,3,18
454013,454031,454034,3,18
454013,454031,454034,3,18
454013,454031,454034,3,18
454013,454031,454034,3,18
454013,454031,454035,4,18
454013,454033,454035,2,20
454013,454033,454035,2,20
454013,454033,454035,2,20
454013,454031,454034,3,18
454013,454031,454035,4,18
454013,454033,454035,2,20
454013,454033,454036,3,20
454013,454033,454036,3,20
454013,454033,454036,3,20
454013,454033,454035,2,20
449343,449362,454200,4838,19
454201,454201,454203,2,0
454201,454201,454202,1,0
454201,454201,454202,1,0
454201,454201,454202,1,0
454201,454201,454202,1,0
454201,454201,454202,1,0
454201,454201,454203,2,0
454201,454201,454203,2,0
454201,454201,454203,2,0
454201,454201,454203,2,0
454201,454201,454203,2,0
454201,454201,454203,2,0
454201,454201,454203,2,0
454201,454201,454203,2,0
454201,454201,454204,3,0
454201,454201,454204,3,0
454201,454201,454204,3,0
454201,454201,454203,2,0
454201,454201,454203,2,0
454201,454201,454203,2,0
454201,454201,454204,3,0
454201,454203,454204,1,2
454201,454203,454205,2,2
454201,454203,454205,2,2
454201,454203,454205,2,2
454201,454203,454205,2,2
454201,454203,454205,2,2
454201,454203,454205,2,2
454201,454203,454205,2,2
454201,454203,454205,2,2
454201,454203,454205,2,2
454201,454204,454205,1,3
454201,454204,454206,2,3
454201,454203,454205,2,2
454201,454204,454206,2,3
454201,454204,454206,2,3
454201,454204,454206,2,3
454201,454205,454206,1,4
454201,454204,454206,2,3
454201,454204,454206,2,3
454201,454204,454206,2,3
454201,454205,454206,1,4
454201,454205,454206,1,4
454201,454205,454206,1,4
454201,454205,454206,1,4
454201,454204,454206,2,3
454201,454204,454206,2,3
454201,454205,454207,2,4
454201,454205,454207,2,4
454201,454205,454207,2,4
454201,454205,454206,1,4
454201,454205,454207,2,4
454201,454206,454207,1,5
454201,454206,454207,1,5
454201,454206,454207,1,5
454201,454206,454208,2,5
454201,454207,454208,1,6
454201,454207,454208,1,6
454201,454207,454208,1,6
454201,454207,454208,1,6
454201,454207,454208,1,6
454201,454206,454208,2,5
454201,454207,454209,2,6
454201,454207,454209,2,6
454201,454207,454208,1,6
454201,454207,454208,1,6
454201,454206,454208,2,5
454201,454207,454209,2,6
454201,454208,454210,2,7
454201,454208,454210,2,7
454201,454207,454209,2,6
454201,454207,454209,2,6
454201,454207,454210,3,6
454201,454207,454210,3,6
454201,454207,454209,2,6
454201,454208,454210,2,7
454201,454208,454210,2,7
454201,454209,454210,1,8
454201,454209,454210,1,8
454201,454209,454211,2,8
454201,454209,454211,2,8
454201,454209,454210,1,8
454201,454209,454211,2,8
454201,454209,454211,2,8
454201,454209,454211,2,8
454201,454209,454211,2,8
454201,454209,454211,2,8
454201,454209,454211,2,8
454201,454210,454212,2,9
454201,454209,454211,2,8
454201,454210,454212,2,9
454201,454211,454213,2,10
454201,454210,454212,2,9
454201,454210,454212,2,9
454201,454210,454212,2,9
454201,454210,454213,3,9
454201,454210,454213,3,9
454201,454211,454213,2,10
454201,454211,454213,2,10
454201,454211,454213,2,10
454201,454211,454213,2,10
454201,454210,454213,3,9
454201,454210,454213,3,9
454201,454211,454213,2,10
454201,454211,454213,2,10
454201,454211,454213,2,10
454201,454211,454214,3,10
454201,454212,454214,2,11
454201,454212,454214,2,11
454201,454213,454214,1,12
454201,454212,454214,2,11
454201,454213,454215,2,12
454201,454213,454215,2,12
454201,454213,454215,2,12
454201,454213,454215,2,12
454201,454212,454215,3,11
454201,454213,454215,2,12
454201,454212,454215,3,11
454201,454214,454215,1,13
454201,454213,454215,2,12
454201,454213,454215,2,12
454201,454213,454216,3,12
454201,454213,454215,2,12
454201,454213,454216,3,12
454201,454213,454216,3,12
454201,454213,454216,3,12
454201,454213,454216,3,12
454201,454215,454216,1,14
454201,454215,454216,1,14
454201,454215,454217,2,14
454201,454214,454217,3,13
454201,454215,454217,2,14
454201,454215,454217,2,14
454201,454215,454217,2,14
454201,454215,454217,2,14
454201,454216,454217,1,15
454201,454216,454217,1,15
454201,454216,454218,2,15
454201,454215,454218,3,14
454201,454215,454218,3,14
454201,454217,454218,1,16
454201,454217,454218,1,16
454201,454216,454218,2,15
454201,454216,454218,2,15
454201,454216,454219,3,15
454201,454216,454219,3,15
454201,454216,454219,3,15
454201,454216,454219,3,15
454201,454217,454219,2,16
454201,454216,454220,4,15
450852,450868,454347,3479,16
454347,454347,454349,2,0
454347,454347,454349,2,0
454347,454347,454348,1,0
454347,454347,454348,1,0
454347,454347,454349,2,0
454347,454347,454349,2,0
454347,454347,454349,2,0
454347,454347,454349,2,0
454347,454347,454350,3,0
454347,454347,454350,3,0
454347,454347,454349,2,0
454347,454347,454350,3,0
454347,454347,454350,3,0
454347,454347,454349,2,0
454347,454347,454349,2,0
454347,454347,454350,3,0
454347,454347,454349,2,0
454347,454347,454349,2,0
454347,454347,454350,3,0
454347,454347,454349,2,0
454347,454347,454350,3,0
454347,454347,454349,2,0
454347,454349,454350,1,2
454347,454349,454350,1,2
454347,454349,454351,2,2
454347,454349,454350,1,2
454347,454349,454351,2,2
454347,454349,454350,1,2
454347,454349,454350,1,2
454347,454349,454351,2,2
454347,454350,454352,2,3
454347,454350,454352,2,3
454347,454350,454352,2,3
454347,454350,454352,2,3
454347,454350,454352,2,3
454347,454350,454352,2,3
454347,454350,454353,3,3
454347,454350,454353,3,3
454347,454351,454352,1,4
454347,454350,454353,3,3
454347,454350,454353,3,3
454347,454350,454353,3,3
454347,454351,454353,2,4
454347,454351,454352,1,4
454347,454351,454352,1,4
454347,454351,454352,1,4
454347,454350,454352,2,3
454347,454350,454352,2,3
454347,454350,454352,2,3
454347,454351,454352,1,4
454347,454351,454353,2,4
454347,454352,454354,2,5
454347,454351,454354,3,4
454347,454353,454355,2,6
454347,454353,454355,2,6
454347,454352,454355,3,5
454347,454352,454354,2,5
454347,454353,454355,2,6
454347,454353,454355,2,6
454347,454352,454355,3,5
454347,454353,454355,2,6
454347,454354,454355,1,7
454347,454353,454355,2,6
454347,454353,454356,3,6
454347,454353,454356,3,6
454347,454353,454356,3,6
454347,454353,454355,2,6
454347,454353,454355,2,6
454347,454354,454356,2,7
454347,454353,454356,3,6
454347,454353,454356,3,6
454347,454353,454356,3,6
454347,454355,454356,1,8
454347,454355,454357,2,8
454347,454353,454357,4,6
454347,454353,454356,3,6
454347,454353,454356,3,6
454347,454355,454357,2,8
454347,454355,454357,2,8
454347,454355,454357,2,8
454347,454355,454357,2,8
454347,454355,454357,2,8
454347,454356,454358,2,9
454347,454356,454358,2,9
454347,454356,454358,2,9
454347,454356,454358,2,9
454347,454356,454358,2,9
454347,454356,454359,3,9
454347,454356,454359,3,9
454347,454356,454359,3,9
454347,454356,454359,3,9
454347,454356,454359,3,9
454347,454356,454358,2,9
454347,454356,454358,2,9
454347,454357,454359,2,10
454347,454357,454360,3,10
454347,454357,454360,3,10
454347,454358,454360,2,11
454347,454357,454360,3,10
454347,454357,454360,3,10
454347,454357,454360,3,10
454347,454358,454360,2,11
454347,454358,454360,2,11
454347,454357,454361,4,10
454347,454357,454360,3,10
454347,454357,454361,4,10
454347,454357,454361,4,10
454347,454360,454361,1,13
454347,454360,454361,1,13
454347,454360,454361,1,13
454347,454359,454361,2,12
454347,454359,454361,2,12
454347,454360,454362,2,13
454347,454360,454361,1,13
454347,454360,454362,2,13
454347,454359,454362,3,12
454347,454359,454362,3,12
454347,454359,454362,3,12
454347,454361,454362,1,14
454347,454361,454362,1,14
454347,454361,454362,1,14
454347,454359,454362,3,12
454347,454360,454362,2,13
454347,454361,454362,1,14
454347,454360,454363,3,13
454347,454362,454364,2,15
454347,454362,454363,1,15
454347,454362,454363,1,15
454347,454362,454364,2,15
454347,454362,454364,2,15
454347,454362,454364,2,15
454347,454361,454364,3,14
454347,454361,454364,3,14
454347,454361,454364,3,14
454347,454361,454364,3,14
454347,454363,454364,1,16
454347,454363,454364,1,16
454347,454363,454364,1,16
454347,454363,454365,2,16
454347,454363,454365,2,16
454347,454363,454364,1,16
454347,454362,454364,2,15
454347,454362,454364,2,15
454347,454362,454365,3,15
454347,454362,454365,3,15
454347,454364,454366,2,17
454347,454363,454365,2,16
454347,454364,454365,1,17
454347,454364,454366,2,17
454347,454364,454366,2,17
450955,450973,454408,3435,18
454409,454409,454411,2,0
454409,454409,454411,2,0
454409,454409,454411,2,0
454409,454409,454411,2,0
454409,454409,454411,2,0
454409,454409,454411,2,0
454409,454409,454411,2,0
454409,454409,454411,2,0
454409,454409,454411,2,0
454409,454409,454411,2,0
454409,454409,454411,2,0
454409,454409,454412,3,0
454409,454409,454412,3,0
454409,454409,454412,3,0
454409,454409,454411,2,0
454409,454409,454411,2,0
454409,454409,454412,3,0
454409,454409,454412,3,0
454409,454409,454412,3,0
454409,454409,454411,2,0
454409,454409,454411,2,0
454409,454409,454411,2,0
454409,454409,454411,2,0
454409,454411,454412,1,2
454409,454411,454413,2,2
454409,454411,454413,2,2
454409,454411,454413,2,2
454409,454411,454413,2,2
454409,454411,454413,2,2
454409,454411,454413,2,2
454409,454411,454413,2,2
454409,454411,454412,1,2
454409,454411,454413,2,2
454409,454411,454413,2,2
454409,454412,454414,2,3
454409,454412,454414,2,3
454409,454412,454414,2,3
454409,454412,454414,2,3
454409,454412,454414,2,3
454409,454412,454414,2,3
454409,454412,454414,2,3
454409,454412,454414,2,3
454409,454412,454415,3,3
454409,454412,454415,3,3
454409,454412,454415,3,3
454409,454413,454414,1,4
454409,454413,454414,1,4
454409,454413,454415,2,4
454409,454413,454415,2,4
454409,454413,454414,1,4
454409,454413,454415,2,4
454409,454413,454415,2,4
454409,454413,454414,1,4
454409,454413,454415,2,4
454409,454413,454415,2,4
454409,454412,454415,3,3
454409,454413,454415,2,4
454409,454414,454416,2,5
454409,454414,454416,2,5
454409,454414,454416,2,5
454409,454414,454416,2,5
454409,454414,454416,2,5
454409,454415,454417,2,6
454409,454415,454417,2,6
454409,454415,454417,2,6
454409,454415,454417,2,6
454409,454415,454417,2,6
454409,454415,454417,2,6
454409,454415,454417,2,6
454409,454415,454417,2,6
454409,454415,454417,2,6
454409,454415,454417,2,6
454409,454415,454417,2,6
454409,454415,454417,2,6
454409,454415,454417,2,6
454409,454415,454417,2,6
454409,454415,454418,3,6
454409,454415,454418,3,6
454409,454415,454418,3,6
454409,454416,454418,2,7
454409,454416,454418,2,7
454409,454416,454418,2,7
454409,454416,454418,2,7
454409,454416,454418,2,7
454409,454417,454419,2,8
454409,454417,454419,2,8
454409,454417,454419,2,8
454409,454417,454419,2,8
454409,454417,454419,2,8
454409,454417,454419,2,8
454409,454417,454419,2,8
454409,454417,454419,2,8
454409,454417,454419,2,8
454409,454417,454419,2,8
454409,454417,454419,2,8
454409,454417,454419,2,8
454409,454417,454420,3,8
454409,454417,454420,3,8
454409,454418,454420,2,9
454409,454418,454420,2,9
454409,454418,454421,3,9
454409,454418,454421,3,9
454409,454418,454421,3,9
454409,454418,454420,2,9
454409,454418,454420,2,9
454409,454418,454421,3,9
454409,454419,454421,2,10
454409,454419,454421,2,10
454409,454419,454421,2,10
454409,454419,454421,2,10
454409,454419,454421,2,10
454409,454419,454421,2,10
454409,454420,454421,1,11
454409,454420,454421,1,11
454409,454420,454421,1,11
454409,454420,454421,1,11
454409,454418,454422,4,9
454409,454419,454422,3,10
454409,454420,454422,2,11
454409,454421,454422,1,12
454409,454421,454423,2,12
454409,454420,454423,3,11
454409,454421,454423,2,12
454409,454420,454423,3,11
454409,454421,454423,2,12
454409,454422,454423,1,13
454409,454422,454423,1,13
454409,454422,454423,1,13
454409,454422,454423,1,13
454409,454422,454423,1,13
454409,454422,454423,1,13
454409,454422,454423,1,13
454409,454422,454423,1,13
454409,454422,454423,1,13
454409,454422,454423,1,13
454409,454421,454423,2,12
454409,454421,454424,3,12
454409,454421,454424,3,12
454409,454421,454424,3,12
454409,454423,454424,1,14
454409,454422,454424,2,13
454409,454422,454425,3,13
454409,454423,454425,2,14
454409,454424,454425,1,15
454409,454424,454425,1,15
454409,454423,454425,2,14
454409,454423,454425,2,14
454409,454423,454426,3,14
454409,454424,454426,2,15
454409,454424,454426,2,15
449849,449867,454668,4801,18
454670,454670,454671,1,0
454670,454670,454671,1,0
454670,454670,454671,1,0
454670,454670,454671,1,0
454670,454670,454671,1,0
454670,454670,454671,1,0
454670,454670,454671,1,0
454670,454670,454671,1,0
454670,454670,454671,1,0
454670,454670,454671,1,0
454670,454670,454671,1,0
454670,454670,454671,1,0
454670,454670,454671,1,0
454670,454670,454671,1,0
454670,454670,454673,3,0
454670,454670,454673,3,0
454670,454670,454672,2,0
454670,454670,454672,2,0
454670,454670,454672,2,0
454670,454670,454672,2,0
454670,454670,454672,2,0
454670,454670,454672,2,0
454670,454670,454672,2,0
454670,454670,454673,3,0
454670,454672,454673,1,2
454670,454672,454673,1,2
454670,454672,454673,1,2
454670,454672,454673,1,2
454670,454672,454673,1,2
454670,454672,454673,1,2
454670,454672,454673,1,2
454670,454672,454673,1,2
454670,454672,454673,1,2
454670,454672,454673,1,2
454670,454672,454673,1,2
454670,454672,454673,1,2
454670,454672,454673,1,2
454670,454672,454673,1,2
454670,454673,454675,2,3
454670,454673,454675,2,3
454670,454673,454675,2,3
454670,454673,454675,2,3
454670,454673,454675,2,3
454670,454673,454675,2,3
454670,454673,454675,2,3
454670,454673,454675,2,3
454670,454674,454675,1,4
454670,454674,454676,2,4
454670,454674,454675,1,4
454670,454674,454675,1,4
454670,454673,454676,3,3
454670,454674,454677,3,4
454670,454674,454676,2,4
454670,454674,454677,3,4
454670,454674,454677,3,4
454670,454674,454677,3,4
454670,454674,454677,3,4
454670,454674,454677,3,4
454670,454674,454677,3,4
454670,454674,454677,3,4
454670,454676,454678,2,6
454670,454676,454678,2,6
454670,454676,454678,2,6
454670,454676,454678,2,6
454670,454674,454677,3,4
454670,454675,454677,2,5
454670,454675,454677,2,5
454670,454676,454678,2,6
454670,454676,454677,1,6
454670,454676,454677,1,6
454670,454676,454678,2,6
454670,454676,454677,1,6
454670,454674,454678,4,4
454670,454677,454678,1,7
454670,454677,454678,1,7
454670,454677,454678,1,7
454670,454677,454678,1,7
454670,454677,454678,1,7
454670,454676,454678,2,6
454670,454677,454678,1,7
454670,454677,454679,2,7
454670,454677,454679,2,7
454670,454678,454679,1,8
454670,454678,454679,1,8
454670,454678,454680,2,8
454670,454678,454681,3,8
454670,454678,454680,2,8
454670,454678,454680,2,8
454670,454678,454680,2,8
454670,454678,454680,2,8
454670,454678,454680,2,8
454670,454678,454680,2,8
454670,454678,454680,2,8
454670,454678,454680,2,8
454670,454678,454680,2,8
454670,454679,454682,3,9
454670,454679,454681,2,9
454670,454679,454681,2,9
454670,454679,454682,3,9
454670,454679,454682,3,9
454670,454678,454681,3,8
454670,454679,454682,3,9
454670,454680,454682,2,10
454670,454681,454682,1,11
454670,454679,454682,3,9
454670,454680,454682,2,10
454670,454679,454683,4,9
454670,454681,454683,2,11
454670,454681,454683,2,11
454670,454681,454683,2,11
454670,454679,454683,4,9
454670,454680,454684,4,10
454670,454682,454683,1,12
454670,454682,454684,2,12
454670,454681,454684,3,11
454670,454681,454684,3,11
454670,454682,454684,2,12
454670,454681,454684,3,11
454670,454682,454684,2,12
454670,454681,454683,2,11
454670,454681,454684,3,11
454670,454681,454683,2,11
454670,454681,454684,3,11
454670,454682,454684,2,12
454670,454682,454684,2,12
454670,454683,454684,1,13
454670,454683,454684,1,13
454670,454683,454686,3,13
454670,454683,454686,3,13
454670,454683,454686,3,13
454670,454683,454686,3,13
454670,454683,454686,3,13
454670,454683,454686,3,13
454670,454683,454686,3,13
454670,454684,454686,2,14
454670,454684,454687,3,14
454670,454684,454687,3,14
454670,454684,454687,3,14
454670,454684,454687,3,14
454670,454684,454688,4,14
454670,454685,454688,3,15
454670,454684,454688,4,14
454670,454684,454687,3,14
454670,454685,454688,3,15
454670,454685,454688,3,15
454670,454684,454688,4,14
454670,454684,454687,3,14
454670,454684,454688,4,14
454670,454684,454688,4,14
454670,454684,454688,4,14
451280,451296,454691,3395,16
454695,454695,454697,2,0
454695,454695,454697,2,0
454695,454695,454696,1,0
454695,454695,454697,2,0
454695,454695,454697,2,0
454695,454695,454697,2,0
454695,454695,454697,2,0
454695,454695,454697,2,0
454695,454695,454697,2,0
454695,454695,454697,2,0
454695,454695,454698,3,0
454695,454695,454697,2,0
454695,454695,454698,3,0
454695,454695,454698,3,0
454695,454695,454698,3,0
454695,454695,454698,3,0
454695,454695,454698,3,0
454695,454695,454697,2,0
454695,454695,454698,3,0
454695,454695,454697,2,0
454695,454695,454697,2,0
454695,454695,454697,2,0
454695,454695,454697,2,0
454695,454695,454698,3,0
454695,454695,454698,3,0
454695,454697,454699,2,2
454695,454697,454699,2,2
454695,454697,454699,2,2
454695,454697,454699,2,2
454695,454697,454699,2,2
454695,454697,454699,2,2
454695,454697,454699,2,2
454695,454697,454699,2,2
454695,454697,454699,2,2
454695,454697,454699,2,2
454695,454698,454700,2,3
454695,454698,454700,2,3
454695,454698,454700,2,3
454695,454698,454700,2,3
454695,454698,454701,3,3
454695,454698,454700,2,3
454695,454698,454700,2,3
454695,454698,454701,3,3
454695,454698,454701,3,3
454695,454698,454701,3,3
454695,454698,454701,3,3
454695,454699,454701,2,4
454695,454699,454701,2,4
454695,454699,454701,2,4
454695,454699,454701,2,4
454695,454699,454701,2,4
454695,454699,454701,2,4
454695,454699,454701,2,4
454695,454699,454701,2,4
454695,454699,454701,2,4
454695,454698,454700,2,3
454695,454698,454700,2,3
454695,454698,454701,3,3
454695,454698,454700,2,3
454695,454699,454701,2,4
454695,454700,454702,2,5
454695,454700,454702,2,5
454695,454700,454702,2,5
454695,454700,454702,2,5
454695,454701,454703,2,6
454695,454701,454703,2,6
454695,454701,454703,2,6
454695,454701,454703,2,6
454695,454701,454703,2,6
454695,454701,454703,2,6
454695,454701,454703,2,6
454695,454701,454703,2,6
454695,454701,454703,2,6
454695,454701,454703,2,6
454695,454701,454703,2,6
454695,454701,454704,3,6
454695,454701,454703,2,6
454695,454701,454704,3,6
454695,454701,454704,3,6
454695,454701,454704,3,6
454695,454702,454704,2,7
454695,454701,454704,3,6
454695,454701,454704,3,6
454695,454702,454704,2,7
454695,454702,454704,2,7
454695,454701,454704,3,6
454695,454701,454704,3,6
454695,454701,454704,3,6
454695,454702,454704,2,7
454695,454703,454705,2,8
454695,454703,454705,2,8
454695,454703,454705,2,8
454695,454703,454705,2,8
454695,454703,454705,2,8
454695,454703,454705,2,8
454695,454703,454705,2,8
454695,454703,454705,2,8
454695,454703,454705,2,8
454695,454703,454706,3,8
454695,454703,454706,3,8
454695,454704,454706,2,9
454695,454705,454706,1,10
454695,454704,454707,3,9
454695,454704,454707,3,9
454695,454704,454707,3,9
454695,454704,454707,3,9
454695,454705,454707,2,10
454695,454705,454707,2,10
454695,454705,454707,2,10
454695,454705,454707,2,10
454695,454705,454707,2,10
454695,454705,454707,2,10
454695,454705,454707,2,10
454695,454705,454707,2,10
454695,454706,454707,1,11
454695,454706,454707,1,11
454695,454706,454708,2,11
454695,454705,454707,2,10
454695,454705,454707,2,10
454695,454705,454707,2,10
454695,454705,454707,2,10
454695,454704,454708,4,9
454695,454705,454707,2,10
454695,454707,454708,1,12
454695,454707,454708,1,12
454695,454706,454709,3,11
454695,454706,454709,3,11
454695,454708,454709,1,13
454695,454708,454709,1,13
454695,454708,454709,1,13
454695,454708,454709,1,13
454695,454708,454710,2,13
454695,454708,454710,2,13
454695,454708,454709,1,13
454695,454707,454710,3,12
454695,454707,454710,3,12
454695,454709,454710,1,14
454695,454708,454710,2,13
454695,454708,454710,2,13
454695,454708,454710,2,13
454695,454708,454710,2,13
454695,454709,454710,1,14
454695,454709,454710,1,14
454695,454708,454710,2,13
454695,454708,454710,2,13
454695,454708,454710,2,13
454695,454708,454711,3,13
454695,454707,454711,4,12
454695,454707,454711,4,12
454695,454708,454711,3,13
451323,451341,454748,3407,18
454749,454750,454751,1,1
454749,454750,454751,1,1
454749,454750,454751,1,1
454749,454750,454751,1,1
454749,454750,454751,1,1
454749,454749,454751,2,0
454749,454750,454751,1,1
454749,454750,454751,1,1
454749,454749,454752,3,0
454749,454750,454752,2,1
454749,454750,454752,2,1
454749,454750,454752,2,1
454749,454750,454752,2,1
454749,454750,454752,2,1
454749,454750,454752,2,1
454749,454750,454752,2,1
454749,454750,454752,2,1
454749,454750,454752,2,1
454749,454750,454752,2,1
454749,454750,454752,2,1
454749,454750,454752,2,1
454749,454750,454752,2,1
454749,454750,454752,2,1
454749,454750,454752,2,1
454749,454750,454752,2,1
454749,454750,454752,2,1
454749,454752,454753,1,3
454749,454752,454753,1,3
454749,454752,454753,1,3
454749,454752,454753,1,3
454749,454752,454753,1,3
454749,454752,454753,1,3
454749,454752,454753,1,3
454749,454752,454753,1,3
454749,454753,454754,1,4
454749,454753,454754,1,4
454749,454753,454755,2,4
454749,454753,454754,1,4
454749,454753,454754,1,4
454749,454753,454755,2,4
454749,454753,454755,2,4
454749,454753,454755,2,4
454749,454753,454755,2,4
454749,454753,454755,2,4
454749,454753,454755,2,4
454749,454753,454755,2,4
454749,454753,454755,2,4
454749,454753,454755,2,4
454749,454753,454755,2,4
454749,454754,454755,1,5
454749,454754,454755,1,5
454749,454753,454755,2,4
454749,454753,454755,2,4
454749,454754,454755,1,5
454749,454754,454755,1,5
454749,454754,454755,1,5
454749,454754,454756,2,5
454749,454754,454755,1,5
454749,454754,454755,1,5
454749,454753,454755,2,4
454749,454755,454756,1,6
454749,454755,454756,1,6
454749,454755,454756,1,6
454749,454755,454756,1,6
454749,454755,454756,1,6
454749,454755,454756,1,6
454749,454755,454757,2,6
454749,454755,454757,2,6
454749,454756,454757,1,7
454749,454756,454757,1,7
454749,454756,454757,1,7
454749,454756,454758,2,7
454749,454756,454758,2,7
454749,454756,454757,1,7
454749,454756,454757,1,7
454749,454756,454758,2,7
454749,454756,454758,2,7
454749,454756,454757,1,7
454749,454756,454758,2,7
454749,454756,454758,2,7
454749,454756,454758,2,7
454749,454756,454758,2,7
454749,454756,454759,3,7
454749,454756,454758,2,7
454749,454756,454758,2,7
454749,454757,454758,1,8
454749,454757,454758,1,8
454749,454757,454759,2,8
454749,454757,454758,1,8
454749,454756,454758,2,7
454749,454757,454758,1,8
454749,454758,454759,1,9
454749,454758,454760,2,9
454749,454758,454760,2,9
454749,454757,454759,2,8
454749,454757,454759,2,8
454749,454757,454759,2,8
454749,454758,454759,1,9
454749,454758,454760,2,9
454749,454758,454760,2,9
454749,454758,454760,2,9
454749,454758,454761,3,9
454749,454758,454760,2,9
454749,454759,454761,2,10
454749,454759,454760,1,10
454749,454758,454760,2,9
454749,454759,454761,2,10
454749,454759,454761,2,10
454749,454759,454761,2,10
454749,454759,454762,3,10
454749,454759,454761,2,10
454749,454759,454761,2,10
454749,454759,454761,2,10
454749,454759,454761,2,10
454749,454759,454762,3,10
454749,454760,454762,2,11
454749,454759,454761,2,10
454749,454760,454761,1,11
454749,454760,454761,1,11
454749,454760,454762,2,11
454749,454760,454762,2,11
454749,454760,454762,2,11
454749,454759,454762,3,10
454749,454761,454763,2,12
454749,454761,454762,1,12
454749,454761,454762,1,12
454749,454761,454763,2,12
454749,454761,454762,1,12
454749,454760,454762,2,11
454749,454760,454763,3,11
454749,454760,454763,3,11
454749,454761,454763,2,12
454749,454761,454763,2,12
454749,454762,454764,2,13
454749,454761,454763,2,12
454749,454761,454764,3,12
454749,454762,454764,2,13
454749,454762,454763,1,13
454749,454762,454764,2,13
454749,454762,454764,2,13
454749,454762,454764,2,13
454749,454762,454764,2,13
454749,454762,454764,2,13
454749,454762,454764,2,13
454749,454762,454764,2,13
454749,454762,454765,3,13
454749,454762,454765,3,13
454749,454762,454765,3,13
454749,454763,454765,2,14
454749,454763,454765,2,14
450139,450160,454948,4788,21
454949,454949,454950,1,0
454949,454949,454951,2,0
454949,454949,454951,2,0
454949,454949,454951,2,0
454949,454949,454951,2,0
454949,454949,454951,2,0
454949,454949,454951,2,0
454949,454949,454951,2,0
454949,454949,454950,1,0
454949,454949,454951,2,0
454949,454949,454951,2,0
454949,454949,454951,2,0
454949,454949,454951,2,0
454949,454949,454952,3,0
454949,454949,454952,3,0
454949,454949,454951,2,0
454949,454949,454951,2,0
454949,454949,454952,3,0
454949,454949,454952,3,0
454949,454949,454952,3,0
454949,454949,454951,2,0
454949,454949,454951,2,0
454949,454949,454951,2,0
454949,454949,454951,2,0
454949,454949,454952,3,0
454949,454949,454951,2,0
454949,454949,454951,2,0
454949,454951,454953,2,2
454949,454951,454953,2,2
454949,454951,454953,2,2
454949,454951,454953,2,2
454949,454951,454953,2,2
454949,454951,454952,1,2
454949,454951,454953,2,2
454949,454951,454953,2,2
454949,454951,454952,1,2
454949,454951,454952,1,2
454949,454951,454953,2,2
454949,454951,454952,1,2
454949,454951,454952,1,2
454949,454952,454954,2,3
454949,454952,454954,2,3
454949,454952,454954,2,3
454949,454952,454954,2,3
454949,454952,454954,2,3
454949,454952,454954,2,3
454949,454952,454953,1,3
454949,454953,454954,1,4
454949,454952,454953,1,3
454949,454952,454953,1,3
454949,454952,454954,2,3
454949,454952,454954,2,3
454949,454952,454954,2,3
454949,454952,454954,2,3
454949,454952,454954,2,3
454949,454953,454954,1,4
454949,454953,454954,1,4
454949,454953,454955,2,4
454949,454953,454954,1,4
454949,454953,454955,2,4
454949,454953,454955,2,4
454949,454953,454955,2,4
454949,454953,454954,1,4
454949,454953,454955,2,4
454949,454953,454955,2,4
454949,454953,454954,1,4
454949,454953,454955,2,4
454949,454954,454956,2,5
454949,454954,454956,2,5
454949,454954,454955,1,5
454949,454954,454956,2,5
454949,454954,454956,2,5
454949,454954,454956,2,5
454949,454954,454956,2,5
454949,454954,454957,3,5
454949,454954,454956,2,5
454949,454954,454957,3,5
454949,454955,454957,2,6
454949,454955,454957,2,6
454949,454955,454957,2,6
454949,454955,454957,2,6
454949,454955,454957,2,6
454949,454955,454957,2,6
454949,454955,454957,2,6
454949,454955,454958,3,6
454949,454955,454958,3,6
454949,454955,454958,3,6
454949,454955,454958,3,6
454949,454955,454957,2,6
454949,454955,454957,2,6
454949,454955,454957,2,6
454949,454955,454957,2,6
454949,454955,454958,3,6
454949,454956,454958,2,7
454949,454955,454957,2,6
454949,454956,454958,2,7
454949,454956,454958,2,7
454949,454956,454958,2,7
454949,454956,454958,2,7
454949,454957,454959,2,8
454949,454957,454959,2,8
454949,454957,454959,2,8
454949,454957,454959,2,8
454949,454957,454959,2,8
454949,454956,454959,3,7
454949,454957,454959,2,8
454949,454957,454959,2,8
454949,454957,454960,3,8
454949,454958,454960,2,9
454949,454958,454960,2,9
454949,454958,454960,2,9
454949,454958,454960,2,9
454949,454958,454960,2,9
454949,454957,454960,3,8
454949,454957,454960,3,8
454949,454958,454960,2,9
454949,454958,454960,2,9
454949,454958,454960,2,9
454949,454958,454960,2,9
454949,454958,454961,3,9
454949,454958,454960,2,9
454949,454958,454961,3,9
454949,454958,454961,3,9
454949,454959,454961,2,10
454949,454960,454961,1,11
454949,454960,454962,2,11
454949,454958,454961,3,9
454949,454960,454962,2,11
454949,454960,454961,1,11
454949,454960,454962,2,11
454949,454959,454961,2,10
454949,454958,454962,4,9
454949,454959,454962,3,10
454949,454959,454962,3,10
454949,454960,454963,3,11
454949,454960,454963,3,11
454949,454960,454963,3,11
454949,454960,454963,3,11
454949,454960,454963,3,11
454949,454960,454963,3,11
454949,454960,454963,3,11
454949,454961,454963,2,12
454949,454961,454963,2,12
454949,454961,454963,2,12
454949,454960,454964,4,11
454949,454960,454964,4,11
454949,454961,454964,3,12
454949,454961,454965,4,12
454949,454961,454965,4,12
454949,454961,454965,4,12
450303,450320,455241,4921,17
455243,455243,455244,1,0
455243,455243,455244,1,0
455243,455243,455244,1,0
455243,455243,455244,1,0
455243,455243,455245,2,0
455243,455243,455244,1,0
455243,455243,455245,2,0
455243,455243,455244,1,0
455243,455243,455245,2,0
455243,455243,455245,2,0
455243,455243,455245,2,0
455243,455243,455245,2,0
455243,455243,455245,2,0
455243,455243,455245,2,0
455243,455243,455246,3,0
455243,455243,455245,2,0
455243,455243,455245,2,0
455243,455243,455246,3,0
455243,455243,455245,2,0
455243,455243,455245,2,0
455243,455243,455245,2,0
455243,455243,455245,2,0
455243,455243,455245,2,0
455243,455243,455245,2,0
455243,455243,455245,2,0
455243,455243,455245,2,0
455243,455243,455245,2,0
455243,455243,455245,2,0
455243,455245,455246,1,2
455243,455245,455247,2,2
455243,455245,455247,2,2
455243,455245,455247,2,2
455243,455245,455247,2,2
455243,455245,455247,2,2
455243,455245,455246,1,2
455243,455245,455246,1,2
455243,455245,455246,1,2
455243,455246,455248,2,3
455243,455246,455248,2,3
455243,455246,455247,1,3
455243,455246,455248,2,3
455243,455246,455248,2,3
455243,455246,455247,1,3
455243,455245,455248,3,2
455243,455246,455248,2,3
455243,455246,455248,2,3
455243,455246,455249,3,3
455243,455246,455248,2,3
455243,455246,455248,2,3
455243,455246,455248,2,3
455243,455247,455249,2,4
455243,455247,455249,2,4
455243,455247,455249,2,4
455243,455247,455249,2,4
455243,455246,455248,2,3
455243,455246,455249,3,3
455243,455246,455249,3,3
455243,455247,455249,2,4
455243,455247,455249,2,4
455243,455246,455249,3,3
455243,455246,455249,3,3
455243,455246,455249,3,3
455243,455247,455249,2,4
455243,455248,455249,1,5
455243,455247,455249,2,4
455243,455247,455249,2,4
455243,455248,455249,1,5
455243,455248,455250,2,5
455243,455248,455250,2,5
455243,455248,455250,2,5
455243,455248,455250,2,5
455243,455248,455250,2,5
455243,455249,455251,2,6
455243,455249,455250,1,6
455243,455249,455251,2,6
455243,455249,455250,1,6
455243,455249,455251,2,6
455243,455249,455251,2,6
455243,455249,455251,2,6
455243,455249,455251,2,6
455243,455249,455251,2,6
455243,455249,455251,2,6
455243,455249,455251,2,6
455243,455249,455252,3,6
455243,455250,455252,2,7
455243,455250,455252,2,7
455243,455249,455251,2,6
455243,455250,455252,2,7
455243,455250,455252,2,7
455243,455249,455251,2,6
455243,455249,455252,3,6
455243,455250,455252,2,7
455243,455250,455252,2,7
455243,455249,455252,3,6
455243,455249,455252,3,6
455243,455249,455251,2,6
455243,455250,455252,2,7
455243,455251,455253,2,8
455243,455251,455253,2,8
455243,455251,455253,2,8
455243,455251,455253,2,8
455243,455251,455253,2,8
455243,455250,455252,2,7
455243,455251,455253,2,8
455243,455251,455253,2,8
455243,455251,455253,2,8
455243,455251,455253,2,8
455243,455252,455254,2,9
455243,455252,455254,2,9
455243,455251,455253,2,8
455243,455252,455254,2,9
455243,455252,455254,2,9
455243,455252,455254,2,9
455243,455253,455255,2,10
455243,455253,455255,2,10
455243,455253,455255,2,10
455243,455252,455255,3,9
455243,455253,455255,2,10
455243,455252,455255,3,9
455243,455252,455255,3,9
455243,455253,455255,2,10
455243,455253,455255,2,10
455243,455252,455255,3,9
455243,455252,455255,3,9
455243,455253,455255,2,10
455243,455253,455255,2,10
455243,455252,455255,3,9
455243,455252,455255,3,9
455243,455252,455255,3,9
455243,455252,455256,4,9
455243,455253,455255,2,10
455243,455252,455256,4,9
455243,455254,455256,2,11
455243,455254,455256,2,11
455243,455254,455256,2,11
455243,455253,455255,2,10
455243,455254,455256,2,11
455243,455254,455256,2,11
455243,455254,455256,2,11
455243,455255,455257,2,12
455243,455255,455257,2,12
455243,455255,455257,2,12
455243,455254,455256,2,11
455243,455255,455257,2,12
455243,455255,455257,2,12
455243,455255,455257,2,12
455243,455255,455257,2,12
455243,455255,455257,2,12
455243,455255,455257,2,12
455243,455255,455258,3,12
450384,450402,455333,4931,18
455334,455334,455335,1,0
455334,455334,455335,1,0
455334,455334,455335,1,0
455334,455334,455336,2,0
455334,455334,455335,1,0
455334,455334,455335,1,0
455334,455334,455336,2,0
455334,455334,455335,1,0
455334,455334,455335,1,0
455334,455334,455335,1,0
455334,455334,455336,2,0
455334,455334,455336,2,0
455334,455334,455336,2,0
455334,455334,455336,2,0
455334,455334,455336,2,0
455334,455334,455336,2,0
455334,455334,455336,2,0
455334,455334,455336,2,0
455334,455334,455336,2,0
455334,455334,455337,3,0
455334,455334,455336,2,0
455334,455334,455336,2,0
455334,455334,455336,2,0
455334,455334,455337,3,0
455334,455334,455336,2,0
455334,455334,455337,3,0
455334,455334,455337,3,0
455334,455334,455337,3,0
455334,455334,455336,2,0
455334,455336,455337,1,2
455334,455336,455337,1,2
455334,455336,455337,1,2
455334,455336,455337,1,2
455334,455336,455338,2,2
455334,455336,455337,1,2
455334,455336,455338,2,2
455334,455336,455338,2,2
455334,455336,455338,2,2
455334,455336,455337,1,2
455334,455336,455338,2,2
455334,455336,455337,1,2
455334,455336,455338,2,2
455334,455336,455338,2,2
455334,455337,455339,2,3
455334,455337,455339,2,3
455334,455337,455339,2,3
455334,455337,455339,2,3
455334,455337,455339,2,3
455334,455337,455339,2,3
455334,455337,455339,2,3
455334,455337,455339,2,3
455334,455337,455339,2,3
455334,455337,455339,2,3
455334,455338,455339,1,4
455334,455338,455339,1,4
455334,455338,455340,2,4
455334,455338,455339,1,4
455334,455338,455339,1,4
455334,455338,455340,2,4
455334,455338,455339,1,4
455334,455338,455340,2,4
455334,455338,455340,2,4
455334,455337,455339,2,3
455334,455338,455339,1,4
455334,455338,455339,1,4
455334,455338,455340,2,4
455334,455337,455339,2,3
455334,455337,455339,2,3
455334,455337,455340,3,3
455334,455337,455339,2,3
455334,455338,455340,2,4
455334,455338,455340,2,4
455334,455339,455341,2,5
455334,455339,455341,2,5
455334,455339,455341,2,5
455334,455339,455341,2,5
455334,455339,455341,2,5
455334,455339,455341,2,5
455334,455339,455341,2,5
455334,455340,455342,2,6
455334,455340,455342,2,6
455334,455340,455341,1,6
455334,455340,455342,2,6
455334,455340,455342,2,6
455334,455340,455342,2,6
455334,455340,455342,2,6
455334,455340,455342,2,6
455334,455340,455342,2,6
455334,455340,455342,2,6
455334,455340,455342,2,6
455334,455340,455342,2,6
455334,455340,455342,2,6
455334,455340,455343,3,6
455334,455340,455342,2,6
455334,455341,455343,2,7
455334,455340,455342,2,6
455334,455340,455343,3,6
455334,455340,455343,3,6
455334,455340,455343,3,6
455334,455340,455342,2,6
455334,455340,455343,3,6
455334,455340,455343,3,6
455334,455341,455344,3,7
455334,455342,455344,2,8
455334,455342,455344,2,8
455334,455342,455344,2,8
455334,455342,455344,2,8
455334,455342,455344,2,8
455334,455342,455344,2,8
455334,455342,455344,2,8
455334,455342,455344,2,8
455334,455341,455343,2,7
455334,455342,455344,2,8
455334,455342,455344,2,8
455334,455341,455344,3,7
455334,455341,455344,3,7
455334,455342,455344,2,8
455334,455342,455345,3,8
455334,455342,455345,3,8
455334,455342,455344,2,8
455334,455342,455345,3,8
455334,455343,455345,2,9
455334,455343,455345,2,9
455334,455343,455345,2,9
455334,455343,455345,2,9
455334,455343,455345,2,9
455334,455343,455346,3,9
455334,455344,455346,2,10
455334,455344,455346,2,10
455334,455344,455346,2,10
455334,455344,455346,2,10
455334,455344,455346,2,10
455334,455344,455346,2,10
455334,455344,455346,2,10
455334,455344,455346,2,10
455334,455344,455346,2,10
455334,455343,455346,3,9
455334,455343,455346,3,9
455334,455343,455346,3,9
455334,455344,455346,2,10
455334,455344,455346,2,10
455334,455343,455345,2,9
455334,455345,455347,2,11
455334,455344,455347,3,10
455334,455344,455347,3,10
455334,455344,455347,3,10
455334,455344,455347,3,10
455334,455345,455347,2,11
455334,455345,455347,2,11
455334,455345,455348,3,11
452065,452081,455379,3298,16
455380,455380,455382,2,0
455380,455380,455382,2,0
455380,455380,455382,2,0
455380,455380,455382,2,0
455380,455380,455382,2,0
455380,455380,455382,2,0
455380,455380,455382,2,0
455380,455380,455382,2,0
455380,455380,455382,2,0
455380,455380,455382,2,0
455380,455380,455382,2,0
455380,455380,455382,2,0
455380,455380,455382,2,0
455380,455380,455382,2,0
455380,455380,455382,2,0
455380,455380,455382,2,0
455380,455380,455382,2,0
455380,455380,455383,3,0
455380,455380,455383,3,0
455380,455380,455382,2,0
455380,455380,455382,2,0
455380,455380,455382,2,0
455380,455380,455383,3,0
455380,455380,455383,3,0
455380,455380,455383,3,0
455380,455380,455383,3,0
455380,455380,455383,3,0
455380,455380,455382,2,0
455380,455380,455382,2,0
455380,455382,455383,1,2
455380,455382,455384,2,2
455380,455382,455383,1,2
455380,455382,455384,2,2
455380,455382,455384,2,2
455380,455382,455383,1,2
455380,455382,455383,1,2
455380,455382,455384,2,2
455380,455382,455384,2,2
455380,455380,455383,3,0
455380,455382,455384,2,2
455380,455382,455383,1,2
455380,455382,455384,2,2
455380,455382,455384,2,2
455380,455383,455385,2,3
455380,455383,455385,2,3
455380,455383,455385,2,3
455380,455383,455385,2,3
455380,455383,455385,2,3
455380,455383,455385,2,3
455380,455383,455385,2,3
455380,455383,455386,3,3
455380,455383,455385,2,3
455380,455383,455386,3,3
455380,455384,455386,2,4
455380,455384,455386,2,4
455380,455384,455386,2,4
455380,455384,455385,1,4
455380,455384,455386,2,4
455380,455384,455385,1,4
455380,455384,455386,2,4
455380,455384,455386,2,4
455380,455384,455386,2,4
455380,455383,455385,2,3
455380,455383,455386,3,3
455380,455383,455385,2,3
455380,455384,455386,2,4
455380,455383,455385,2,3
455380,455383,455386,3,3
455380,455383,455386,3,3
455380,455384,455386,2,4
455380,455384,455386,2,4
455380,455384,455386,2,4
455380,455385,455387,2,5
455380,455385,455387,2,5
455380,455385,455387,2,5
455380,455384,455386,2,4
455380,455385,455387,2,5
455380,455385,455387,2,5
455380,455386,455388,2,6
455380,455386,455388,2,6
455380,455386,455388,2,6
455380,455386,455388,2,6
455380,455386,455388,2,6
455380,455386,455388,2,6
455380,455386,455388,2,6
455380,455386,455388,2,6
455380,455386,455388,2,6
455380,455385,455387,2,5
455380,455386,455388,2,6
455380,455386,455388,2,6
455380,455386,455388,2,6
455380,455386,455388,2,6
455380,455386,455389,3,6
455380,455386,455389,3,6
455380,455386,455389,3,6
455380,455386,455389,3,6
455380,455386,455389,3,6
455380,455386,455389,3,6
455380,455386,455389,3,6
455380,455386,455389,3,6
455380,455387,455389,2,7
455380,455387,455390,3,7
455380,455387,455390,3,7
455380,455388,455390,2,8
455380,455388,455390,2,8
455380,455388,455390,2,8
455380,455388,455390,2,8
455380,455388,455390,2,8
455380,455386,455390,4,6
455380,455386,455390,4,6
455380,455388,455390,2,8
455380,455388,455390,2,8
455380,455387,455390,3,7
455380,455387,455390,3,7
455380,455387,455390,3,7
455380,455388,455390,2,8
455380,455388,455390,2,8
455380,455389,455390,1,9
455380,455389,455390,1,9
455380,455388,455390,2,8
455380,455388,455390,2,8
455380,455389,455391,2,9
455380,455389,455391,2,9
455380,455390,455391,1,10
455380,455389,455392,3,9
455380,455389,455392,3,9
455380,455389,455392,3,9
455380,455389,455391,2,9
455380,455390,455392,2,10
455380,455390,455392,2,10
455380,455390,455392,2,10
455380,455390,455392,2,10
455380,455389,455392,3,9
455380,455389,455392,3,9
455380,455390,455392,2,10
455380,455390,455392,2,10
455380,455389,455392,3,9
455380,455390,455392,2,10
455380,455391,455392,1,11
455380,455391,455392,1,11
455380,455391,455393,2,11
455380,455390,455392,2,10
455380,455390,455393,3,10
455380,455390,455393,3,10
455380,455390,455393,3,10
455380,455390,455393,3,10
455380,455391,455393,2,11
455380,455390,455393,3,10
455380,455390,455393,3,10
455380,455390,455393,3,10
450798,450815,455772,4957,17
455773,455773,455775,2,0
455773,455773,455775,2,0
455773,455773,455775,2,0
455773,455773,455775,2,0
455773,455773,455775,2,0
455773,455773,455775,2,0
455773,455773,455775,2,0
455773,455773,455775,2,0
455773,455773,455775,2,0
455773,455773,455775,2,0
455773,455773,455775,2,0
455773,455773,455775,2,0
455773,455773,455775,2,0
455773,455773,455776,3,0
455773,455773,455776,3,0
455773,455773,455776,3,0
455773,455773,455776,3,0
455773,455773,455776,3,0
455773,455773,455776,3,0
455773,455773,455776,3,0
455773,455773,455776,3,0
455773,455773,455776,3,0
455773,455773,455775,2,0
455773,455773,455775,2,0
455773,455773,455776,3,0
455773,455773,455776,3,0
455773,455773,455776,3,0
455773,455773,455776,3,0
455773,455773,455776,3,0
455773,455773,455776,3,0
455773,455775,455777,2,2
455773,455775,455777,2,2
455773,455775,455777,2,2
455773,455775,455777,2,2
455773,455775,455777,2,2
455773,455775,455777,2,2
455773,455775,455777,2,2
455773,455775,455777,2,2
455773,455775,455777,2,2
455773,455775,455777,2,2
455773,455775,455777,2,2
455773,455775,455777,2,2
455773,455773,455776,3,0
455773,455776,455777,1,3
455773,455776,455778,2,3
455773,455777,455778,1,4
455773,455776,455778,2,3
455773,455777,455778,1,4
455773,455777,455778,1,4
455773,455777,455778,1,4
455773,455776,455779,3,3
455773,455776,455778,2,3
455773,455777,455779,2,4
455773,455777,455779,2,4
455773,455777,455779,2,4
455773,455778,455779,1,5
455773,455778,455779,1,5
455773,455778,455779,1,5
455773,455778,455779,1,5
455773,455778,455779,1,5
455773,455778,455779,1,5
455773,455776,455779,3,3
455773,455776,455779,3,3
455773,455776,455779,3,3
455773,455777,455779,2,4
455773,455778,455779,1,5
455773,455778,455779,1,5
455773,455778,455779,1,5
455773,455777,455779,2,4
455773,455777,455779,2,4
455773,455777,455779,2,4
455773,455777,455779,2,4
455773,455777,455779,2,4
455773,455778,455779,1,5
455773,455778,455780,2,5
455773,455778,455780,2,5
455773,455779,455780,1,6
455773,455779,455780,1,6
455773,455779,455780,1,6
455773,455779,455781,2,6
455773,455779,455781,2,6
455773,455779,455781,2,6
455773,455780,455781,1,7
455773,455780,455781,1,7
455773,455780,455781,1,7
455773,455780,455781,1,7
455773,455780,455781,1,7
455773,455780,455781,1,7
455773,455780,455781,1,7
455773,455780,455781,1,7
455773,455780,455781,1,7
455773,455780,455781,1,7
455773,455780,455781,1,7
455773,455779,455782,3,6
455773,455780,455782,2,7
455773,455780,455782,2,7
455773,455780,455782,2,7
455773,455780,455782,2,7
455773,455780,455782,2,7
455773,455780,455783,3,7
455773,455781,455783,2,8
455773,455781,455782,1,8
455773,455781,455782,1,8
455773,455780,455782,2,7
455773,455781,455783,2,8
455773,455780,455782,2,7
455773,455780,455782,2,7
455773,455780,455782,2,7
455773,455780,455782,2,7
455773,455781,455783,2,8
455773,455782,455783,1,9
455773,455782,455783,1,9
455773,455782,455783,1,9
455773,455782,455783,1,9
455773,455781,455783,2,8
455773,455782,455783,1,9
455773,455782,455783,1,9
455773,455782,455783,1,9
455773,455782,455783,1,9
455773,455782,455783,1,9
455773,455782,455783,1,9
455773,455781,455783,2,8
455773,455782,455784,2,9
455773,455782,455784,2,9
455773,455783,455785,2,10
455773,455783,455784,1,10
455773,455783,455784,1,10
455773,455783,455785,2,10
455773,455784,455785,1,11
455773,455784,455785,1,11
455773,455783,455785,2,10
455773,455783,455786,3,10
455773,455784,455785,1,11
455773,455784,455785,1,11
455773,455783,455785,2,10
455773,455783,455785,2,10
455773,455783,455785,2,10
455773,455784,455785,1,11
455773,455784,455785,1,11
455773,455784,455786,2,11
455773,455784,455786,2,11
455773,455783,455785,2,10
455773,455783,455785,2,10
455773,455783,455785,2,10
455773,455783,455785,2,10
455773,455783,455785,2,10
455773,455783,455785,2,10
455773,455784,455786,2,11
455773,455784,455786,2,11
455773,455783,455786,3,10
451189,451205,456068,4863,16
456069,456069,456070,1,0
456069,456069,456070,1,0
456069,456069,456071,2,0
456069,456069,456070,1,0
456069,456069,456071,2,0
456069,456069,456070,1,0
456069,456069,456071,2,0
456069,456069,456070,1,0
456069,456069,456070,1,0
456069,456069,456071,2,0
456069,456069,456071,2,0
456069,456069,456071,2,0
456069,456069,456070,1,0
456069,456069,456071,2,0
456069,456069,456071,2,0
456069,456069,456071,2,0
456069,456069,456071,2,0
456069,456069,456072,3,0
456069,456069,456071,2,0
456069,456069,456072,3,0
456069,456069,456071,2,0
456069,456069,456072,3,0
456069,456069,456071,2,0
456069,456069,456071,2,0
456069,456069,456071,2,0
456069,456069,456071,2,0
456069,456069,456071,2,0
456069,456069,456071,2,0
456069,456069,456072,3,0
456069,456069,456071,2,0
456069,456069,456071,2,0
456069,456071,456072,1,2
456069,456071,456073,2,2
456069,456071,456073,2,2
456069,456071,456072,1,2
456069,456071,456072,1,2
456069,456069,456072,3,0
456069,456071,456072,1,2
456069,456071,456072,1,2
456069,456071,456072,1,2
456069,456071,456073,2,2
456069,456071,456072,1,2
456069,456071,456073,2,2
456069,456071,456073,2,2
456069,456071,456073,2,2
456069,456071,456073,2,2
456069,456072,456074,2,3
456069,456072,456074,2,3
456069,456072,456074,2,3
456069,456072,456074,2,3
456069,456072,456073,1,3
456069,456072,456074,2,3
456069,456073,456074,1,4
456069,456073,456074,1,4
456069,456072,456074,2,3
456069,456072,456074,2,3
456069,456073,456074,1,4
456069,456073,456074,1,4
456069,456073,456074,1,4
456069,456072,456074,2,3
456069,456072,456074,2,3
456069,456072,456074,2,3
456069,456072,456075,3,3
456069,456073,456074,1,4
456069,456073,456075,2,4
456069,456073,456075,2,4
456069,456073,456075,2,4
456069,456073,456074,1,4
456069,456073,456074,1,4
456069,456073,456074,1,4
456069,456072,456074,2,3
456069,456073,456075,2,4
456069,456072,456074,2,3
456069,456072,456074,2,3
456069,456072,456074,2,3
456069,456072,456075,3,3
456069,456073,456075,2,4
456069,456073,456075,2,4
456069,456074,456076,2,5
456069,456074,456076,2,5
456069,456075,456076,1,6
456069,456075,456077,2,6
456069,456075,456077,2,6
456069,456075,456077,2,6
456069,456075,456077,2,6
456069,456075,456077,2,6
456069,456075,456077,2,6
456069,456075,456077,2,6
456069,456075,456077,2,6
456069,456074,456076,2,5
456069,456074,456076,2,5
456069,456075,456077,2,6
456069,456074,456076,2,5
456069,456074,456076,2,5
456069,456075,456077,2,6
456069,456075,456077,2,6
456069,456075,456078,3,6
456069,456075,456078,3,6
456069,456075,456078,3,6
456069,456075,456078,3,6
456069,456075,456077,2,6
456069,456075,456077,2,6
456069,456076,456078,2,7
456069,456075,456078,3,6
456069,456075,456078,3,6
456069,456075,456078,3,6
456069,456075,456078,3,6
456069,456075,456078,3,6
456069,456075,456078,3,6
456069,456075,456077,2,6
456069,456075,456077,2,6
456069,456077,456079,2,8
456069,456077,456079,2,8
456069,456077,456079,2,8
456069,456077,456079,2,8
456069,456076,456078,2,7
456069,456077,456079,2,8
456069,456077,456079,2,8
456069,456077,456079,2,8
456069,456077,456079,2,8
456069,456077,456079,2,8
456069,456077,456079,2,8
456069,456077,456080,3,8
456069,456077,456080,3,8
456069,456077,456080,3,8
456069,456077,456080,3,8
456069,456077,456080,3,8
456069,456078,456080,2,9
456069,456078,456080,2,9
456069,456078,456080,2,9
456069,456079,456081,2,10
456069,456079,456080,1,10
456069,456078,456080,2,9
456069,456079,456081,2,10
456069,456079,456081,2,10
456069,456078,456081,3,9
456069,456078,456081,3,9
456069,456078,456081,3,9
456069,456078,456081,3,9
456069,456078,456080,2,9
456069,456078,456081,3,9
456069,456078,456081,3,9
456069,456078,456080,2,9
456069,456079,456081,2,10
456069,456079,456081,2,10
456069,456078,456081,3,9
456069,456078,456081,3,9
456069,456078,456081,3,9
456069,456078,456081,3,9
456069,456079,456081,2,10
453005,453021,456328,3307,16
456329,456329,456331,2,0
456329,456329,456331,2,0
456329,456329,456332,3,0
456329,456329,456332,3,0
456329,456329,456332,3,0
456329,456329,456332,3,0
456329,456329,456332,3,0
456329,456329,456332,3,0
456329,456329,456332,3,0
456329,456329,456332,3,0
456329,456329,456332,3,0
456329,456329,456332,3,0
456329,456329,456332,3,0
456329,456329,456332,3,0
456329,456329,456332,3,0
456329,456329,456332,3,0
456329,456329,456332,3,0
456329,456329,456332,3,0
456329,456329,456333,4,0
456329,456329,456333,4,0
456329,456329,456333,4,0
456329,456329,456333,4,0
456329,456329,456333,4,0
456329,456329,456332,3,0
456329,456329,456333,4,0
456329,456329,456333,4,0
456329,456329,456333,4,0
456329,456329,456333,4,0
456329,456329,456332,3,0
456329,456329,456333,4,0
456329,456331,456333,2,2
456329,456331,456333,2,2
456329,456329,456333,4,0
456329,456329,456333,4,0
456329,456332,456334,2,3
456329,456332,456334,2,3
456329,456332,456334,2,3
456329,456332,456334,2,3
456329,456332,456334,2,3
456329,456332,456334,2,3
456329,456332,456334,2,3
456329,456332,456334,2,3
456329,456332,456334,2,3
456329,456332,456334,2,3
456329,456329,456334,5,0
456329,456332,456334,2,3
456329,456332,456334,2,3
456329,456332,456334,2,3
456329,456332,456334,2,3
456329,456332,456334,2,3
456329,456332,456334,2,3
456329,456333,456336,3,4
456329,456334,456336,2,5
456329,456334,456336,2,5
456329,456334,456336,2,5
456329,456334,456336,2,5
456329,456334,456336,2,5
456329,456334,456336,2,5
456329,456334,456336,2,5
456329,456334,456336,2,5
456329,456334,456336,2,5
456329,456334,456336,2,5
456329,456334,456336,2,5
456329,456334,456336,2,5
456329,456334,456336,2,5
456329,456334,456336,2,5
456329,456334,456336,2,5
456329,456335,456337,2,6
456329,456335,456337,2,6
456329,456335,456337,2,6
456329,456335,456337,2,6
456329,456335,456337,2,6
456329,456335,456337,2,6
456329,456335,456337,2,6
456329,456335,456337,2,6
456329,456335,456337,2,6
456329,456335,456338,3,6
456329,456335,456337,2,6
456329,456335,456337,2,6
456329,456335,456337,2,6
456329,456335,456337,2,6
456329,456335,456337,2,6
456329,456335,456337,2,6
456329,456335,456338,3,6
456329,456337,456339,2,8
456329,456337,456338,1,8
456329,456337,456338,1,8
456329,456338,456339,1,9
456329,456338,456339,1,9
456329,456338,456339,1,9
456329,456338,456339,1,9
456329,456338,456339,1,9
456329,456337,456339,2,8
456329,456337,456339,2,8
456329,456337,456339,2,8
456329,456337,456340,3,8
456329,456337,456339,2,8
456329,456337,456339,2,8
456329,456337,456339,2,8
456329,456337,456339,2,8
456329,456337,456339,2,8
456329,456337,456339,2,8
456329,456337,456339,2,8
456329,456337,456340,3,8
456329,456337,456339,2,8
456329,456337,456339,2,8
456329,456338,456340,2,9
456329,456338,456339,1,9
456329,456338,456340,2,9
456329,456338,456340,2,9
456329,456338,456339,1,9
456329,456338,456340,2,9
456329,456338,456340,2,9
456329,456339,456341,2,10
456329,456338,456341,3,9
456329,456338,456341,3,9
456329,456339,456341,2,10
456329,456339,456341,2,10
456329,456338,456341,3,9
456329,456339,456341,2,10
456329,456340,456342,2,11
456329,456340,456342,2,11
456329,456341,456343,2,12
456329,456340,456342,2,11
456329,456340,456342,2,11
456329,456340,456342,2,11
456329,456340,456343,3,11
456329,456340,456343,3,11
456329,456340,456342,2,11
456329,456340,456342,2,11
456329,456340,456342,2,11
456329,456340,456343,3,11
456329,456340,456342,2,11
456329,456340,456342,2,11
456329,456340,456343,3,11
456329,456342,456344,2,13
456329,456340,456343,3,11
456329,456340,456343,3,11
456329,456340,456343,3,11
456329,456340,456343,3,11
456329,456340,456343,3,11
456329,456340,456343,3,11
456329,456340,456343,3,11
456329,456340,456344,4,11
456329,456340,456343,3,11
456329,456340,456343,3,11
456329,456340,456343,3,11
456329,456342,456344,2,13
456329,456342,456344,2,13
456329,456342,456345,3,13
453593,453609,456865,3256,16
456866,456866,456868,2,0
456866,456866,456868,2,0
456866,456866,456868,2,0
456866,456866,456868,2,0
456866,456866,456868,2,0
456866,456866,456868,2,0
456866,456866,456868,2,0
456866,456866,456868,2,0
456866,456866,456868,2,0
456866,456866,456868,2,0
456866,456866,456868,2,0
456866,456866,456868,2,0
456866,456866,456868,2,0
456866,456866,456869,3,0
456866,456866,456869,3,0
456866,456866,456869,3,0
456866,456866,456869,3,0
456866,456866,456869,3,0
456866,456866,456869,3,0
456866,456866,456869,3,0
456866,456866,456869,3,0
456866,456866,456869,3,0
456866,456866,456869,3,0
456866,456866,456869,3,0
456866,456866,456868,2,0
456866,456866,456869,3,0
456866,456866,456869,3,0
456866,456866,456869,3,0
456866,456866,456869,3,0
456866,456866,456868,2,0
456866,456866,456869,3,0
456866,456866,456869,3,0
456866,456866,456869,3,0
456866,456866,456869,3,0
456866,456868,456870,2,2
456866,456868,456870,2,2
456866,456868,456870,2,2
456866,456868,456870,2,2
456866,456868,456870,2,2
456866,456868,456870,2,2
456866,456868,456870,2,2
456866,456868,456870,2,2
456866,456868,456870,2,2
456866,456868,456870,2,2
456866,456868,456870,2,2
456866,456868,456870,2,2
456866,456868,456870,2,2
456866,456870,456871,1,4
456866,456869,456871,2,3
456866,456869,456871,2,3
456866,456869,456871,2,3
456866,456869,456871,2,3
456866,456869,456872,3,3
456866,456869,456871,2,3
456866,456869,456872,3,3
456866,456869,456872,3,3
456866,456869,456872,3,3
456866,456869,456872,3,3
456866,456869,456871,2,3
456866,456869,456872,3,3
456866,456869,456872,3,3
456866,456870,456871,1,4
456866,456870,456872,2,4
456866,456870,456872,2,4
456866,456870,456872,2,4
456866,456870,456872,2,4
456866,456870,456872,2,4
456866,456870,456872,2,4
456866,456869,456872,3,3
456866,456869,456871,2,3
456866,456869,456872,3,3
456866,456869,456872,3,3
456866,456870,456872,2,4
456866,456870,456872,2,4
456866,456870,456872,2,4
456866,456870,456872,2,4
456866,456870,456872,2,4
456866,456869,456872,3,3
456866,456869,456872,3,3
456866,456869,456872,3,3
456866,456869,456872,3,3
456866,456871,456873,2,5
456866,456871,456873,2,5
456866,456871,456873,2,5
456866,456871,456874,3,5
456866,456872,456874,2,6
456866,456872,456874,2,6
456866,456872,456874,2,6
456866,456872,456874,2,6
456866,456872,456874,2,6
456866,456872,456874,2,6
456866,456872,456874,2,6
456866,456873,456874,1,7
456866,456873,456874,1,7
456866,456872,456874,2,6
456866,456872,456875,3,6
456866,456872,456875,3,6
456866,456872,456875,3,6
456866,456873,456875,2,7
456866,456872,456875,3,6
456866,456872,456875,3,6
456866,456872,456875,3,6
456866,456872,456875,3,6
456866,456872,456874,2,6
456866,456873,456875,2,7
456866,456872,456876,4,6
456866,456873,456875,2,7
456866,456874,456875,1,8
456866,456873,456875,2,7
456866,456874,456875,1,8
456866,456872,456875,3,6
456866,456873,456875,2,7
456866,456873,456875,2,7
456866,456872,456875,3,6
456866,456872,456875,3,6
456866,456872,456876,4,6
456866,456874,456876,2,8
456866,456874,456876,2,8
456866,456874,456876,2,8
456866,456875,456876,1,9
456866,456875,456876,1,9
456866,456875,456877,2,9
456866,456874,456876,2,8
456866,456875,456876,1,9
456866,456875,456876,1,9
456866,456875,456876,1,9
456866,456875,456876,1,9
456866,456872,456876,4,6
456866,456876,456877,1,10
456866,456876,456877,1,10
456866,456876,456877,1,10
456866,456876,456877,1,10
456866,456876,456877,1,10
456866,456875,456878,3,9
456866,456875,456878,3,9
456866,456875,456878,3,9
456866,456875,456878,3,9
456866,456876,456878,2,10
456866,456876,456878,2,10
456866,456876,456878,2,10
456866,456875,456878,3,9
456866,456875,456878,3,9
456866,456875,456878,3,9
456866,456876,456878,2,10
456866,456876,456878,2,10
456866,456876,456878,2,10
456866,456876,456879,3,10
456866,456876,456879,3,10
456866,456875,456879,4,9
456866,456876,456879,3,10
453712,453729,457137,3408,17
457137,457138,457139,1,1
457137,457138,457139,1,1
457137,457138,457139,1,1
457137,457138,457139,1,1
457137,457138,457139,1,1
457137,457138,457139,1,1
457137,457138,457139,1,1
457137,457138,457139,1,1
457137,457138,457139,1,1
457137,457138,457139,1,1
457137,457138,457140,2,1
457137,457138,457139,1,1
457137,457138,457139,1,1
457137,457138,457139,1,1
457137,457138,457139,1,1
457137,457138,457140,2,1
457137,457138,457140,2,1
457137,457138,457140,2,1
457137,457138,457140,2,1
457137,457138,457140,2,1
457137,457138,457140,2,1
457137,457138,457140,2,1
457137,457138,457140,2,1
457137,457138,457140,2,1
457137,457138,457140,2,1
457137,457138,457140,2,1
457137,457138,457140,2,1
457137,457138,457140,2,1
457137,457138,457140,2,1
457137,457138,457140,2,1
457137,457138,457140,2,1
457137,457138,457140,2,1
457137,457138,457140,2,1
457137,457138,457140,2,1
457137,457138,457141,3,1
457137,457140,457141,1,3
457137,457140,457142,2,3
457137,457140,457142,2,3
457137,457140,457142,2,3
457137,457140,457141,1,3
457137,457140,457141,1,3
457137,457140,457142,2,3
457137,457140,457142,2,3
457137,457140,457141,1,3
457137,457140,457141,1,3
457137,457140,457141,1,3
457137,457140,457141,1,3
457137,457140,457141,1,3
457137,457140,457141,1,3
457137,457140,457142,2,3
457137,457141,457143,2,4
457137,457141,457143,2,4
457137,457142,457143,1,5
457137,457141,457143,2,4
457137,457141,457143,2,4
457137,457141,457143,2,4
457137,457141,457143,2,4
457137,457141,457143,2,4
457137,457141,457143,2,4
457137,457141,457143,2,4
457137,457141,457144,3,4
457137,457141,457143,2,4
457137,457141,457143,2,4
457137,457142,457144,2,5
457137,457141,457143,2,4
457137,457141,457143,2,4
457137,457141,457143,2,4
457137,457141,457143,2,4
457137,457141,457143,2,4
457137,457141,457143,2,4
457137,457141,457143,2,4
457137,457142,457143,1,5
457137,457142,457143,1,5
457137,457142,457143,1,5
457137,457142,457143,1,5
457137,457142,457143,1,5
457137,457142,457143,1,5
457137,457142,457143,1,5
457137,457142,457143,1,5
457137,457142,457143,1,5
457137,457142,457144,2,5
457137,457142,457143,1,5
457137,457142,457144,2,5
457137,457142,457143,1,5
457137,457142,457144,2,5
457137,457143,457145,2,6
457137,457143,457145,2,6
457137,457143,457145,2,6
457137,457144,457146,2,7
457137,457144,457146,2,7
457137,457144,457146,2,7
457137,457144,457146,2,7
457137,457144,457146,2,7
457137,457144,457146,2,7
457137,457144,457146,2,7
457137,457144,457146,2,7
457137,457144,457147,3,7
457137,457144,457146,2,7
457137,457144,457146,2,7
457137,457144,457147,3,7
457137,457144,457147,3,7
457137,457144,457147,3,7
457137,457144,457147,3,7
457137,457144,457147,3,7
457137,457144,457146,2,7
457137,457144,457146,2,7
457137,457144,457147,3,7
457137,457144,457146,2,7
457137,457144,457147,3,7
457137,457144,457147,3,7
457137,457144,457147,3,7
457137,457144,457147,3,7
457137,457144,457146,2,7
457137,457145,457147,2,8
457137,457144,457146,2,7
457137,457144,457146,2,7
457137,457145,457147,2,8
457137,457144,457146,2,7
457137,457144,457146,2,7
457137,457144,457146,2,7
457137,457144,457146,2,7
457137,457144,457147,3,7
457137,457146,457148,2,9
457137,457146,457147,1,9
457137,457146,457148,2,9
457137,457146,457148,2,9
457137,457146,457148,2,9
457137,457146,457148,2,9
457137,457146,457148,2,9
457137,457146,457148,2,9
457137,457147,457148,1,10
457137,457147,457148,1,10
457137,457147,457149,2,10
457137,457147,457149,2,10
457137,457147,457149,2,10
457137,457147,457150,3,10
457137,457147,457150,3,10
457137,457147,457150,3,10
457137,457147,457149,2,10
457137,457147,457150,3,10
457137,457147,457149,2,10
457137,457147,457149,2,10
457137,457147,457150,3,10
457137,457147,457150,3,10
457137,457147,457150,3,10
457137,457147,457150,3,10
457137,457147,457150,3,10
457137,457147,457150,3,10
457137,457147,457150,3,10
457137,457147,457150,3,10
452662,452680,457603,4923,18
457604,457604,457606,2,0
457604,457604,457605,1,0
457604,457604,457606,2,0
457604,457604,457605,1,0
457604,457604,457605,1,0
457604,457604,457605,1,0
457604,457604,457606,2,0
457604,457604,457605,1,0
457604,457604,457605,1,0
457604,457604,457606,2,0
457604,457604,457606,2,0
457604,457604,457605,1,0
457604,457604,457606,2,0
457604,457604,457606,2,0
457604,457604,457606,2,0
457604,457604,457606,2,0
457604,457604,457606,2,0
457604,457604,457606,2,0
457604,457604,457607,3,0
457604,457604,457607,3,0
457604,457604,457607,3,0
457604,457604,457607,3,0
457604,457604,457607,3,0
457604,457604,457606,2,0
457604,457604,457606,2,0
457604,457604,457606,2,0
457604,457604,457607,3,0
457604,457604,457606,2,0
457604,457604,457606,2,0
457604,457604,457606,2,0
457604,457604,457606,2,0
457604,457604,457606,2,0
457604,457604,457607,3,0
457604,457604,457606,2,0
457604,457604,457607,3,0
457604,457604,457606,2,0
457604,457606,457608,2,2
457604,457606,457607,1,2
457604,457606,457608,2,2
457604,457606,457608,2,2
457604,457606,457607,1,2
457604,457606,457607,1,2
457604,457606,457608,2,2
457604,457606,457608,2,2
457604,457606,457607,1,2
457604,457606,457608,2,2
457604,457606,457608,2,2
457604,457606,457607,1,2
457604,457606,457608,2,2
457604,457606,457608,2,2
457604,457606,457607,1,2
457604,457607,457609,2,3
457604,457607,457609,2,3
457604,457607,457609,2,3
457604,457607,457609,2,3
457604,457607,457609,2,3
457604,457607,457609,2,3
457604,457607,457609,2,3
457604,457607,457609,2,3
457604,457607,457610,3,3
457604,457607,457609,2,3
457604,457607,457609,2,3
457604,457607,457610,3,3
457604,457607,457610,3,3
457604,457607,457609,2,3
457604,457607,457609,2,3
457604,457607,457609,2,3
457604,457608,457610,2,4
457604,457608,457609,1,4
457604,457608,457610,2,4
457604,457608,457610,2,4
457604,457608,457609,1,4
457604,457608,457610,2,4
457604,457608,457609,1,4
457604,457608,457610,2,4
457604,457607,457610,3,3
457604,457607,457610,3,3
457604,457607,457609,2,3
457604,457607,457609,2,3
457604,457608,457610,2,4
457604,457608,457610,2,4
457604,457608,457610,2,4
457604,457608,457610,2,4
457604,457608,457610,2,4
457604,457608,457610,2,4
457604,457608,457610,2,4
457604,457607,457611,4,3
457604,457609,457611,2,5
457604,457609,457611,2,5
457604,457609,457611,2,5
457604,457609,457611,2,5
457604,457609,457611,2,5
457604,457610,457612,2,6
457604,457610,457612,2,6
457604,457610,457612,2,6
457604,457609,457611,2,5
457604,457610,457612,2,6
457604,457610,457612,2,6
457604,457610,457613,3,6
457604,457610,457613,3,6
457604,457610,457613,3,6
457604,457610,457613,3,6
457604,457610,457613,3,6
457604,457610,457613,3,6
457604,457610,457613,3,6
457604,457610,457612,2,6
457604,457610,457612,2,6
457604,457610,457613,3,6
457604,457610,457612,2,6
457604,457610,457613,3,6
457604,457610,457612,2,6
457604,457610,457612,2,6
457604,457610,457612,2,6
457604,457610,457612,2,6
457604,457610,457613,3,6
457604,457610,457613,3,6
457604,457611,457613,2,7
457604,457610,457613,3,6
457604,457610,457613,3,6
457604,457610,457614,4,6
457604,457611,457614,3,7
457604,457610,457613,3,6
457604,457610,457613,3,6
457604,457611,457613,2,7
457604,457611,457614,3,7
457604,457612,457614,2,8
457604,457612,457614,2,8
457604,457612,457614,2,8
457604,457612,457614,2,8
457604,457612,457614,2,8
457604,457612,457614,2,8
457604,457610,457614,4,6
457604,457611,457614,3,7
457604,457612,457614,2,8
457604,457613,457615,2,9
457604,457613,457615,2,9
457604,457613,457615,2,9
457604,457613,457615,2,9
457604,457613,457615,2,9
457604,457613,457615,2,9
457604,457613,457615,2,9
457604,457613,457616,3,9
457604,457613,457616,3,9
457604,457613,457616,3,9
457604,457613,457616,3,9
457604,457613,457615,2,9
457604,457613,457615,2,9
457604,457613,457615,2,9
457604,457613,457615,2,9
457604,457613,457616,3,9
461579,461579,461729,150,0
461845,461845,462257,412,0
466114,466114,466282,168,0
466478,466478,466869,391,0
467257,467258,467424,166,1
469551,469551,469699,148,0
470213,470213,470375,162,0
470358,470359,470763,404,1
471920,471920,472028,108,0
472302,472302,472440,138,0
472700,472701,473100,399,1
480847,480848,481306,458,1
481191,481192,481413,221,1
481633,481633,481747,114,0
481760,481760,482109,349,0
483089,483089,483097,8,0
483088,483088,483099,11,0
483088,483089,483099,10,1
483089,483089,483099,10,0
483449,483449,483480,31,0
483450,483450,483480,30,0
483451,483451,483482,31,0
483452,483452,483482,30,0
483452,483452,483486,34,0
483450,483450,483488,38,0
483450,483450,483488,38,0
483450,483450,483490,40,0
483452,483452,483490,38,0
483455,483455,483489,34,0
483450,483450,483490,40,0
483452,483452,483490,38,0
483450,483450,483520,70,0
483451,483452,483520,68,1
483449,483449,483520,71,0
483451,483451,483521,70,0
483453,483453,483520,67,0
483451,483451,483521,70,0
483453,483453,483521,68,0
483449,483449,483521,72,0
483451,483451,483521,70,0
483451,483451,483521,70,0
483452,483452,483552,100,0
483451,483451,483551,100,0
483451,483451,483552,101,0
483450,483450,483552,102,0
483453,483453,483551,98,0
483454,483454,483552,98,0
483453,483453,483552,99,0
483452,483452,483582,130,0
483453,483453,483583,130,0
483452,483452,483583,131,0
483453,483453,483584,131,0
483454,483454,483584,130,0
483454,483454,483584,130,0
483453,483453,483584,131,0
483455,483455,483614,159,0
483454,483454,483614,160,0
483454,483454,483614,160,0
483454,483454,483615,161,0
483454,483454,483615,161,0
483455,483455,483615,160,0
483456,483456,483616,160,0
483455,483455,483615,160,0
483455,483455,483616,161,0
483455,483455,483616,161,0
483455,483455,483617,162,0
483449,483449,483639,190,0
483750,483750,483869,119,0
483888,483888,484018,130,0
484343,484343,484474,131,0
484733,484734,485209,475,1
486077,486077,486078,1,0
486078,486078,486082,4,0
486076,486076,486114,38,0
486076,486076,486115,39,0
486076,486076,486115,39,0
486075,486076,486115,39,1
486075,486075,486116,41,0
486076,486076,486116,40,0
486079,486079,486116,37,0
486081,486081,486116,35,0
486075,486075,486116,41,0
486079,486079,486146,67,0
486077,486077,486147,70,0
486077,486077,486147,70,0
486077,486077,486147,70,0
486079,486079,486177,98,0
486078,486078,486177,99,0
486076,486076,486177,101,0
486076,486076,486207,131,0
486080,486080,486207,127,0
486078,486078,486207,129,0
486077,486077,486207,130,0
486082,486082,486208,126,0
486080,486080,486238,158,0
486077,486077,486268,191,0
486076,486076,486298,222,0
486078,486078,486298,220,0
486078,486078,486328,250,0
486077,486077,486328,251,0
486080,486080,486328,248,0
486080,486080,486329,249,0
486078,486078,486329,251,0
486078,486078,486329,251,0
486082,486082,486329,247,0
486083,486083,486329,246,0
486079,486079,486330,251,0
486080,486080,486330,250,0
486079,486079,486360,281,0
486079,486079,486360,281,0
486081,486081,486360,279,0
486079,486079,486390,311,0
486078,486078,486390,312,0
486081,486081,486391,310,0
486080,486080,486391,311,0
486081,486081,486391,310,0
486083,486083,486391,308,0
486081,486081,486391,310,0
486081,486081,486392,311,0
486082,486082,486391,309,0
486080,486080,486422,342,0
486083,486083,486422,339,0
486081,486081,486423,342,0
486082,486082,486422,340,0
486082,486082,486422,340,0
486081,486081,486422,341,0
486083,486083,486453,370,0
486083,486083,486453,370,0
486083,486083,486483,400,0
486082,486082,486483,401,0
486082,486082,486484,402,0
486083,486083,486484,401,0
486084,486084,486504,420,0
486084,486084,486542,458,0
486084,486084,486542,458,0
486084,486084,486543,459,0
486084,486084,486544,460,0
486085,486115,486566,451,30
486085,486116,486567,451,31
486085,486116,486597,481,31
486086,486146,486597,451,60
486087,486207,486598,391,120
486087,486208,486598,390,121
486086,486178,486598,420,92
486087,486208,486599,391,121
486088,486298,486629,331,210
486087,486269,486629,360,182
486088,486329,486629,300,241
486089,486330,486630,300,241
486089,486330,486630,300,241
486089,486330,486631,301,241
486090,486391,486631,240,301
486090,486392,486632,240,302
486091,486422,486633,211,331
486092,486453,486633,180,361
486084,486115,486633,518,31
486087,486207,486634,427,120
486093,486505,486636,131,412
486085,486117,486636,519,32
486085,486115,486636,521,30
486086,486178,486637,459,92
486086,486117,486637,520,31
486090,486391,486637,246,301
486086,486147,486637,490,61
486085,486116,486637,521,31
486086,486148,486638,490,62
486086,486147,486668,521,61
486087,486209,486668,459,122
486088,486329,486668,339,241
486087,486238,486668,430,151
486088,486298,486669,371,210
486090,486390,486669,279,300
486088,486330,486669,339,242
486086,486178,486669,491,92
486090,486392,486670,278,302
486089,486360,486670,310,271
486091,486423,486700,277,332
486090,486392,486730,338,302
486088,486329,486760,431,241
486088,486329,486761,432,241
486091,486423,486761,338,332
486089,486330,486791,461,241
486089,486360,486791,431,271
486089,486330,486792,462,241
486091,486392,486791,399,301
486089,486361,486792,431,272
486092,486484,486792,308,392
486091,486392,486792,400,301
486091,486423,486793,370,332
486092,486423,486792,369,331
486091,486422,486792,370,331
486092,486484,486793,309,392
486090,486391,486823,432,301
486092,486453,486825,372,361
486092,486485,486826,341,393
486092,486484,486826,342,392
486084,486114,486875,761,30
486101,486826,486890,64,725
486101,486827,486897,70,726
486093,486567,486897,330,474
486094,486599,486900,301,505
486094,486599,486900,301,505
486095,486631,486901,270,536
486093,486542,486903,361,449
486093,486543,486903,360,450
486094,486630,486906,276,536
486094,486597,486907,310,503
486094,486599,486908,309,505
486097,486638,486909,271,541
486093,486568,486909,341,475
486098,486669,486909,240,571
486094,486598,486910,312,504
486095,486631,486910,279,536
486094,486599,486910,311,505
486095,486630,486910,280,535
486094,486629,486911,282,535
486095,486631,486911,280,536
486097,486637,486911,274,540
486096,486634,486911,277,538
486099,486701,486911,210,602
486099,486792,486912,120,693
486100,486792,486913,121,692
486096,486634,486913,279,538
486093,486543,486943,400,450
486095,486632,486943,311,537
486101,486793,486943,150,692
486095,486632,486974,342,537
486096,486637,486974,337,541
486098,486669,486973,304,571
486093,486544,486974,430,451
486095,486633,486975,342,538
486096,486636,486975,339,540
486097,486669,486976,307,572
486096,486635,486976,341,539
486096,486636,486977,341,540
486096,486637,486977,340,541
486099,486761,486978,217,662
486097,486638,486979,341,541
486097,486668,486979,311,571
486097,486638,486979,341,541
486098,486670,486979,309,572
486098,486669,487009,340,571
486098,486670,487009,339,572
486098,486670,487010,340,572
486097,486638,487040,402,541
486099,486761,487040,279,662
486098,486671,487040,369,573
486099,486762,487041,279,663
486100,486792,487042,250,692
486101,486794,487042,248,693
486100,486792,487043,251,692
486100,486792,487042,250,692
486100,486793,487043,250,693
486099,486731,487043,312,632
486099,486671,487043,372,572
486100,486792,487043,251,692
486100,486793,487044,251,693
486100,486793,487045,252,693
486101,486824,487045,221,723
486101,486826,487046,220,725
486102,486900,487081,181,798
486102,486897,487087,190,795
486103,486907,487088,181,804
486102,486901,487090,189,799
486102,486898,487090,192,796
486102,486900,487091,191,798
486102,486903,487091,188,801
486103,486904,487094,190,801
486101,486876,487096,220,775
486103,486907,487097,190,804
486102,486890,487108,218,788
487383,487383,487384,1,0
487385,487385,487386,1,0
487387,487387,487388,1,0
487387,487387,487388,1,0
487388,487388,487389,1,0
487384,487389,487390,1,5
487386,487389,487390,1,3
487387,487389,487390,1,2
487389,487389,487390,1,0
487389,487389,487390,1,0
487390,487390,487391,1,0
487386,487386,487394,8,0
487386,487386,487396,10,0
487383,487384,487397,13,1
487388,487388,487397,9,0
487385,487385,487397,12,0
487386,487386,487400,14,0
487393,487393,487400,7,0
487386,487386,487400,14,0
487388,487388,487400,12,0
487385,487385,487401,16,0
487389,487389,487402,13,0
487390,487390,487402,12,0
487392,487392,487403,11,0
487384,487384,487403,19,0
487387,487387,487403,16,0
487386,487386,487404,18,0
487391,487391,487405,14,0
487389,487390,487405,15,1
487398,487398,487407,9,0
487400,487400,487407,7,0
487388,487388,487407,19,0
487391,487391,487407,16,0
487394,487395,487407,12,1
487390,487390,487407,17,0
487398,487398,487408,10,0
487408,487408,487409,1,0
487397,487397,487410,13,0
487390,487390,487411,21,0
487404,487404,487411,7,0
487401,487401,487411,10,0
487392,487392,487411,19,0
487398,487398,487411,13,0
487401,487401,487412,11,0
487391,487391,487412,21,0
487384,487384,487415,31,0
487408,487408,487416,8,0
487401,487401,487416,15,0
487404,487404,487416,12,0
487402,487402,487417,15,0
487402,487402,487417,15,0
487405,487405,487417,12,0
487400,487401,487420,19,1
487407,487408,487421,13,1
487408,487408,487421,13,0
487409,487409,487421,12,0
487409,487409,487423,14,0
487404,487404,487425,21,0
487405,487405,487425,20,0
487406,487406,487425,19,0
487408,487408,487428,20,0
487384,487384,487452,68,0
487384,487384,487455,71,0
487387,487387,487477,90,0
487389,487389,487480,91,0
487384,487384,487483,99,0
487385,487385,487484,99,0
487384,487385,487484,99,1
487386,487386,487484,98,0
487389,487389,487485,96,0
487387,487387,487515,128,0
487385,487385,487515,130,0
487385,487385,487516,131,0
487385,487385,487516,131,0
487386,487386,487516,130,0
487387,487387,487516,129,0
487390,487390,487516,126,0
487389,487389,487517,128,0
487388,487388,487517,129,0
487387,487387,487518,131,0
487392,487392,487518,126,0
487388,487388,487518,130,0
487388,487388,487518,130,0
487390,487390,487519,129,0
487388,487388,487520,132,0
487388,487388,487520,132,0
487391,487391,487519,128,0
487393,487393,487520,127,0
487390,487390,487521,131,0
487390,487390,487520,130,0
487389,487389,487521,132,0
487391,487391,487522,131,0
487392,487393,487522,129,1
487392,487392,487552,160,0
487393,487393,487552,159,0
487391,487391,487552,161,0
487396,487396,487582,186,0
487395,487395,487582,187,0
487394,487394,487583,189,0
487394,487394,487583,189,0
487402,487402,487582,180,0
487394,487394,487584,190,0
487394,487394,487584,190,0
487392,487392,487614,222,0
487393,487393,487614,221,0
487393,487393,487614,221,0
487392,487392,487614,222,0
487394,487394,487614,220,0
487396,487396,487644,248,0
487396,487396,487645,249,0
487395,487395,487645,250,0
487395,487395,487645,250,0
487397,487397,487646,249,0
487394,487394,487646,252,0
487396,487396,487646,250,0
487397,487397,487646,249,0
487395,487395,487646,251,0
487393,487393,487646,253,0
487393,487393,487676,283,0
487394,487394,487676,282,0
487395,487396,487677,281,1
487397,487397,487677,280,0
487396,487396,487677,281,0
487398,487398,487677,279,0
487397,487398,487677,279,1
487395,487395,487677,282,0
487395,487395,487678,283,0
487396,487396,487678,282,0
487399,487399,487678,279,0
487398,487398,487678,280,0
487400,487400,487679,279,0
487398,487399,487709,310,1
487399,487399,487709,310,0
487401,487401,487709,308,0
487397,487397,487710,313,0
487398,487398,487709,311,0
487400,487400,487740,340,0
487405,487405,487770,365,0
487401,487401,487770,369,0
487399,487399,487771,372,0
487399,487399,487770,371,0
487403,487403,487770,367,0
487400,487400,487770,370,0
487402,487402,487770,368,0
487401,487401,487775,374,0
487402,487402,487775,373,0
487404,487404,487775,371,0
487405,487405,487775,370,0
487407,487407,487775,368,0
487399,487399,487775,376,0
487400,487400,487775,375,0
487405,487405,487775,370,0
487406,487406,487775,369,0
487407,487407,487775,368,0
487410,487410,487775,365,0
487399,487399,487775,376,0
487401,487401,487775,374,0
487403,487403,487775,372,0
487404,487404,487775,371,0
487406,487406,487775,369,0
487407,487407,487775,368,0
487403,487403,487775,372,0
487404,487405,487775,370,1
487406,487406,487775,369,0
487407,487407,487775,368,0
487409,487409,487775,366,0
487410,487411,487775,364,1
487403,487403,487775,372,0
487404,487404,487775,371,0
487406,487406,487775,369,0
487407,487407,487775,368,0
487409,487409,487775,366,0
487410,487410,487775,365,0
487401,487401,487775,374,0
487402,487402,487775,373,0
487403,487403,487775,372,0
487406,487407,487775,368,1
487408,487408,487775,367,0
487410,487410,487775,365,0
487402,487402,487775,373,0
487403,487403,487775,372,0
487405,487405,487775,370,0
487406,487406,487775,369,0
487407,487407,487775,368,0
487410,487410,487775,365,0
487409,487409,487775,366,0
487410,487410,487775,365,0
487409,487409,487775,366,0
487410,487410,487775,365,0
487822,487822,487826,4,0
487820,487820,487829,9,0
487824,487825,487829,4,1
487820,487821,487830,9,1
487819,487820,487832,12,1
487820,487820,487833,13,0
487824,487824,487833,9,0
487821,487821,487834,13,0
487822,487822,487834,12,0
487822,487822,487834,12,0
487821,487821,487834,13,0
487820,487820,487835,15,0
487820,487820,487835,15,0
487822,487822,487835,13,0
487823,487823,487836,13,0
487823,487823,487836,13,0
487822,487822,487837,15,0
487820,487820,487837,17,0
487822,487822,487838,16,0
487820,487820,487838,18,0
487824,487824,487839,15,0
487821,487821,487841,20,0
487823,487823,487842,19,0
487824,487824,487843,19,0
487824,487824,487842,18,0
487822,487822,487843,21,0
487821,487822,487845,23,1
487833,487833,487845,12,0
487834,487834,487845,11,0
487836,487836,487846,10,0
487835,487835,487846,11,0
487834,487834,487847,13,0
487834,487834,487847,13,0
487834,487834,487848,14,0
487836,487836,487848,12,0
487837,487837,487849,12,0
487835,487835,487849,14,0
487834,487834,487850,16,0
487841,487846,487851,5,5
487824,487834,487852,18,10
487839,487840,487853,13,1
487837,487837,487854,17,0
487839,487839,487853,14,0
487841,487847,487857,10,6
487841,487846,487859,13,5
487836,487836,487859,23,0
487837,487837,487859,22,0
487841,487846,487860,14,5
487841,487847,487860,13,6
487821,487821,487860,39,0
487840,487843,487860,17,3
487822,487823,487860,37,1
487842,487850,487861,11,8
487842,487850,487860,10,8
487839,487839,487861,22,0
487841,487849,487861,12,8
487840,487843,487862,19,3
487842,487851,487863,12,9
487842,487851,487862,11,9
487841,487848,487863,15,7
487842,487849,487863,14,7
487840,487843,487863,20,3
487840,487842,487865,23,2
487841,487845,487865,20,4
487841,487844,487866,22,3
487842,487852,487871,19,10
487821,487821,487890,69,0
487820,487820,487890,70,0
487823,487823,487921,98,0
487825,487825,487921,96,0
487821,487821,487921,100,0
487821,487821,487951,130,0
487823,487823,487951,128,0
487820,487820,487952,132,0
487823,487823,487951,128,0
487829,487829,487952,123,0
487821,487821,487952,131,0
487823,487823,487952,129,0
487822,487822,487953,131,0
487825,487825,487953,128,0
487826,487826,487953,127,0
487825,487826,487954,128,1
487824,487824,487954,130,0
487828,487828,487954,126,0
487823,487823,487954,131,0
487826,487826,487954,128,0
487827,487827,487954,127,0
487825,487825,487955,130,0
487826,487826,487955,129,0
487824,487824,487985,161,0
487824,487824,487985,161,0
487829,487829,487985,156,0
487826,487826,487985,159,0
487825,487825,488015,190,0
487823,487823,488016,193,0
487825,487825,488016,191,0
487825,487825,488016,191,0
487827,487827,488016,189,0
487826,487826,488046,220,0
487830,487830,488046,216,0
487826,487826,488047,221,0
487826,487826,488046,220,0
487825,487825,488046,221,0
487828,487828,488047,219,0
487826,487826,488046,220,0
487826,487826,488047,221,0
487827,487827,488077,250,0
487828,487828,488107,279,0
487831,487831,488107,276,0
487828,487828,488138,310,0
487830,487830,488138,308,0
487825,487825,488138,313,0
487828,487828,488168,340,0
487827,487827,488168,341,0
487827,487827,488168,341,0
487828,487828,488198,370,0
487829,487829,488199,370,0
487827,487827,488198,371,0
487827,487827,488229,402,0
487829,487829,488229,400,0
487827,487827,488229,402,0
487829,487829,488229,400,0
487831,487831,488260,429,0
487828,487828,488260,432,0
487830,487830,488260,430,0
487831,487831,488290,459,0
487829,487829,488290,461,0
487828,487828,488290,462,0
487832,487832,488291,459,0
487832,487832,488291,459,0
487832,487832,488321,489,0
487829,487829,488351,522,0
487831,487831,488351,520,0
487830,487830,488381,551,0
487831,487831,488381,550,0
487829,487829,488381,552,0
487829,487829,488382,553,0
487833,487833,488381,548,0
487831,487831,488382,551,0
487830,487830,488412,582,0
487830,487830,488442,612,0
487834,487834,488442,608,0
487835,487835,488472,637,0
487832,487832,488472,640,0
487832,487832,488502,670,0
487827,487828,488502,674,1
487831,487831,488532,701,0
487837,487837,488532,695,0
487831,487831,488562,731,0
487830,487830,488563,733,0
487830,487830,488562,732,0
487833,487833,488563,730,0
487833,487833,488563,730,0
487838,487838,488593,755,0
487837,487837,488593,756,0
487831,487831,488593,762,0
487832,487832,488594,762,0
487832,487832,488593,761,0
487834,487834,488594,760,0
487835,487835,488624,789,0
487832,487832,488624,792,0
487835,487835,488624,789,0
487832,487832,488624,792,0
487840,487840,488625,785,0
487834,487835,488625,790,1
487833,487833,488625,792,0
487838,487838,488655,817,0
487836,487836,488686,850,0
487834,487834,488685,851,0
487833,487833,488686,853,0
487833,487833,488686,853,0
487833,487833,488716,883,0
487835,487835,488716,881,0
487833,487834,488716,882,1
487836,487836,488717,881,0
487836,487836,488717,881,0
487835,487835,488717,882,0
487838,487838,488717,879,0
487835,487835,488717,882,0
487838,487838,488718,880,0
487836,487836,488718,882,0
487838,487838,488718,880,0
487836,487836,488718,882,0
487838,487839,488718,879,1
487839,487839,488719,880,0
487837,487837,488719,882,0
487837,487837,488719,882,0
487839,487839,488719,880,0
487839,487839,488719,880,0
487837,487837,488719,882,0
487837,487837,488719,882,0
487838,487838,488720,882,0
487838,487838,488720,882,0
487839,487839,488720,881,0
487840,487840,488721,881,0
487840,487840,488721,881,0
487840,487840,488721,881,0
487839,487839,488721,882,0
487839,487839,488722,883,0
487830,487830,488741,911,0
488723,488723,488776,53,0
488723,488723,488777,54,0
488725,488726,488779,53,1
488724,488724,488779,55,0
488727,488727,488781,54,0
488723,488723,488781,58,0
488727,488727,488781,54,0
488724,488724,488782,58,0
488726,488726,488784,58,0
488726,488726,488786,60,0
488725,488725,488786,61,0
488727,488727,488787,60,0
488725,488725,488792,67,0
488727,488727,488792,65,0
488726,488726,488797,71,0
488726,488726,488798,72,0
488727,488728,488802,74,1
488724,488724,488803,79,0
488725,488725,488804,79,0
488723,488723,488805,82,0
488724,488724,488807,83,0
488723,488723,488806,83,0
488727,488727,488808,81,0
488728,488728,488809,81,0
488723,488723,488809,86,0
488740,488742,488811,69,2
488729,488730,488813,83,1
488725,488725,488816,91,0
488732,488732,488816,84,0
488727,488727,488817,90,0
488728,488729,488821,92,1
488733,488733,488821,88,0
488731,488731,488825,94,0
488740,488776,488831,55,36
488741,488780,488831,51,39
488741,488782,488832,50,41
488723,488724,488832,108,1
488741,488781,488833,52,40
488741,488781,488835,54,40
488740,488778,488835,57,38
488740,488779,488836,57,39
488741,488787,488837,50,46
488724,488724,488837,113,0
488741,488782,488840,58,41
488741,488786,488841,55,45
488741,488785,488844,59,44
488741,488787,488846,59,46
488723,488723,488848,125,0
488724,488724,488851,127,0
488732,488732,488852,120,0
488726,488726,488853,127,0
488729,488729,488853,124,0
488724,488724,488854,130,0
488731,488731,488855,124,0
488729,488729,488856,127,0
488742,488804,488871,67,62
488742,488798,488872,74,56
488742,488793,488874,81,51
488742,488792,488874,82,50
488744,488832,488877,45,88
488742,488803,488878,75,61
488743,488810,488877,67,67
488742,488798,488880,82,56
488743,488809,488884,75,66
488724,488724,488886,162,0
488723,488723,488886,163,0
488742,488802,488887,85,60
488742,488805,488887,82,63
488742,488807,488888,81,65
488744,488831,488889,58,87
488744,488832,488890,58,88
488744,488834,488890,56,90
488744,488836,488890,54,92
488744,488835,488891,56,91
488743,488808,488893,85,65
488728,488728,488916,188,0
488725,488725,488917,192,0
488728,488728,488918,190,0
488726,488726,488919,193,0
488725,488725,488920,195,0
488733,488733,488921,188,0
488728,488728,488921,193,0
488726,488726,488922,196,0
488728,488728,488923,195,0
488735,488736,488924,188,1
488725,488725,488924,199,0
488731,488731,488925,194,0
488724,488724,488925,201,0
488729,488729,488925,196,0
488732,488732,488926,194,0
488729,488729,488926,197,0
488743,488810,488956,146,67
488734,488734,488956,222,0
488729,488729,488956,227,0
488726,488726,488957,231,0
488738,488738,488957,219,0
488739,488739,488958,219,0
488728,488728,488958,230,0
488738,488738,488959,221,0
488731,488731,488990,259,0
488730,488730,488989,259,0
488732,488732,488990,258,0
488727,488727,488990,263,0
488730,488730,488990,260,0
488730,488730,488990,260,0
488743,488816,488990,174,73
488740,488740,488990,250,0
488735,488735,489021,286,0
488730,488730,489020,290,0
488737,488737,489020,283,0
488739,488739,489020,281,0
488734,488734,489021,287,0
488732,488732,489051,319,0
488734,488734,489052,318,0
488729,488729,489051,322,0
488725,488725,489052,327,0
488733,488733,489052,319,0
488736,488737,489053,316,1
488730,488730,489083,353,0
488738,488738,489083,345,0
488734,488734,489083,349,0
488730,488730,489113,383,0
488730,488730,489113,383,0
488731,488731,489113,382,0
488736,488736,489113,377,0
488730,488730,489144,414,0
488732,488732,489143,411,0
488733,488733,489144,411,0
488736,488736,489144,408,0
488737,488737,489174,437,0
488735,488735,489174,439,0
488729,488729,489204,475,0
488730,488731,489234,503,1
488734,488734,489235,501,0
488739,488739,489264,525,0
488743,488814,489264,450,71
488743,488816,489264,448,73
488737,488737,489294,557,0
488735,488735,489295,560,0
488739,488739,489294,555,0
488727,488727,489325,598,0
488733,488733,489325,592,0
488743,488817,489326,509,74
488729,488729,489326,597,0
488735,488735,489325,590,0
488733,488733,489326,593,0
488737,488737,489326,589,0
488731,488731,489356,625,0
488744,488821,489356,535,77
488738,488738,489356,618,0
488735,488735,489356,621,0
488737,488737,489386,649,0
488735,488735,489386,651,0
488737,488737,489387,650,0
488733,488733,489387,654,0
488740,488740,489387,647,0
488739,488739,489417,678,0
488735,488735,489417,682,0
488738,488738,489417,679,0
488738,488738,489447,709,0
488740,488740,489448,708,0
488733,488733,489447,714,0
488736,488736,489447,711,0
488731,488731,489478,747,0
488733,488733,489478,745,0
488731,488731,489478,747,0
488735,488735,489508,773,0
488735,488735,489508,773,0
488732,488732,489508,776,0
488738,488738,489508,770,0
489477,489477,489527,50,0
489477,489477,489530,53,0
489476,489476,489531,55,0
489477,489477,489532,55,0
489477,489477,489532,55,0
489479,489479,489531,52,0
489478,489478,489532,54,0
489476,489477,489533,56,1
489478,489478,489534,56,0
489478,489478,489534,56,0
489478,489478,489535,57,0
489479,489479,489535,56,0
488737,488737,489538,801,0
488734,488734,489538,804,0
489478,489478,489541,63,0
489479,489479,489545,66,0
489477,489477,489551,74,0
489476,489476,489552,76,0
489479,489479,489552,73,0
489478,489478,489555,77,0
489478,489478,489557,79,0
489477,489477,489557,80,0
489479,489479,489557,78,0
489477,489477,489559,82,0
489480,489480,489560,80,0
489480,489480,489562,82,0
488737,488737,489569,832,0
488744,488821,489568,747,77
488736,488736,489569,833,0
488739,488739,489569,830,0
488739,488739,489569,830,0
488731,488731,489569,838,0
488736,488736,489570,834,0
489491,489528,489577,49,37
489491,489532,489582,50,41
489491,489532,489583,51,41
489492,489536,489586,50,44
489491,489531,489587,56,40
489492,489535,489587,52,43
489491,489533,489589,56,42
489492,489535,489589,54,43
489491,489532,489589,57,41
489491,489532,489590,58,41
489492,489533,489591,58,41
489492,489535,489592,57,43
488732,488732,489600,868,0
488736,488736,489600,864,0
488736,488736,489600,864,0
488728,488728,489600,872,0
488734,488734,489601,867,0
489493,489552,489621,69,59
489492,489541,489623,82,49
489493,489560,489624,64,67
489492,489545,489624,79,53
489494,489577,489625,48,83
489493,489557,489625,68,64
489493,489558,489626,68,65
489493,489559,489630,71,66
488726,488727,489631,904,1
489493,489556,489631,75,63
489493,489553,489632,79,60
489495,489583,489634,51,88
489493,489552,489634,82,59
489495,489590,489634,44,95
489495,489584,489635,51,89
489493,489557,489636,79,64
489495,489587,489638,51,92
489495,489587,489639,52,92
489494,489563,489643,80,69
489495,489589,489644,55,94
489495,489588,489645,57,93
489496,489592,489645,53,96
489495,489590,489648,58,95
489496,489592,489647,55,96
489495,489591,489647,56,96
488738,488738,489661,923,0
488738,488738,489661,923,0
488739,488739,489661,922,0
488737,488737,489662,925,0
488740,488740,489661,921,0
488728,488728,489662,934,0
488740,488740,489663,923,0
488736,488736,489663,927,0
488744,488826,489664,838,82
489497,489626,489675,49,129
489498,489634,489683,49,136
489530,489645,489687,42,115
489530,489646,489689,43,116
489530,489648,489690,42,118
489530,489648,489690,42,118
489498,489635,489692,57,137
489530,489648,489691,43,118
489498,489635,489694,59,137
488739,488739,489694,955,0
488734,488734,489694,960,0
489498,489639,489694,55,141
488732,488732,489696,964,0
488734,488734,489696,962,0
489498,489640,489697,57,142
489497,489625,489697,72,128
489497,489631,489697,66,134
489498,489636,489698,62,138
489496,489622,489701,79,126
488743,488812,489702,890,69
489499,489645,489702,57,146
489497,489625,489702,77,128
489497,489626,489703,77,129
488744,488833,489706,873,89
489497,489626,489708,82,129
489498,489632,489709,77,134
489497,489624,489714,90,127
489498,489634,489717,83,136
489498,489633,489717,84,135
489531,489676,489721,45,145
489499,489644,489721,77,145
489531,489683,489726,43,152
489531,489687,489728,41,156
489532,489690,489731,41,158
489532,489690,489734,44,158
489531,489690,489734,44,159
489532,489692,489734,42,160
489532,489692,489735,43,160
489532,489695,489740,45,163
489533,489697,489740,43,164
489532,489695,489741,46,163
489533,489702,489743,41,169
489533,489697,489756,59,164
489533,489697,489757,60,164
489533,489699,489757,58,166
489533,489702,489760,58,169
489534,489706,489760,54,172
489534,489704,489764,60,170
489533,489703,489764,61,170
489534,489722,489765,43,188
489534,489709,489768,59,175
489534,489709,489769,60,175
489535,489727,489770,43,192
489535,489729,489772,43,194
489535,489732,489773,41,197
489531,489664,489772,108,133
489480,489480,489773,293,0
489477,489477,489776,299,0
489534,489714,489776,62,180
489535,489735,489777,42,200
489534,489717,489777,60,183
489534,489718,489777,59,184
489535,489736,489778,42,201
489535,489735,489778,43,200
489535,489735,489779,44,200
489479,489479,489780,301,0
489535,489741,489781,40,206
489482,489482,489781,299,0
489494,489569,489782,213,75
489535,489740,489783,43,205
489481,489481,489783,302,0
489536,489742,489786,44,206
489483,489483,489786,303,0
489536,489743,489786,43,207
489534,489722,489787,65,188
489537,489766,489807,41,229
489537,489772,489812,40,235
489537,489773,489816,43,236
489536,489757,489817,60,221
489536,489758,489816,58,222
489530,489661,489817,156,131
489531,489662,489817,155,131
489537,489773,489818,45,236
489537,489771,489819,48,234
489530,489662,489819,157,132
489538,489778,489819,41,240
489491,489509,489820,311,18
489537,489774,489821,47,237
489538,489778,489820,42,240
489478,489478,489821,343,0
489538,489779,489821,42,241
489531,489663,489822,159,132
489536,489764,489823,59,228
489536,489757,489824,67,221
489538,489779,489825,46,241
489538,489782,489826,44,244
489536,489760,489826,66,224
489536,489764,489826,62,228
489539,489783,489827,44,244
489539,489787,489829,42,248
489537,489769,489830,61,232
489539,489786,489830,44,247
489537,489769,489830,61,232
489538,489778,489837,59,240
489538,489778,489838,60,240
489538,489776,489842,66,238
489539,489788,489848,60,249
489539,489807,489851,44,268
489490,489508,489852,344,18
489482,489482,489852,370,0
489494,489569,489852,283,75
489481,489481,489852,371,0
489539,489813,489855,42,274
489540,489816,489857,41,276
489541,489821,489864,43,280
489541,489822,489865,43,281
489540,489819,489867,48,279
489541,489826,489868,42,285
489542,489826,489869,43,284
489540,489820,489869,49,280
489542,489828,489872,44,286
489540,489817,489874,57,277
489542,489829,489878,49,287
489542,489831,489878,47,289
489479,489479,489882,403,0
489541,489825,489884,59,284
489541,489824,489885,61,283
489542,489827,489886,59,285
489542,489827,489886,59,285
489540,489817,489887,70,277
489542,489830,489889,59,288
489543,489852,489893,41,309
489543,489856,489896,40,313
489543,489838,489898,60,295
489544,489858,489900,42,314
489542,489831,489900,69,289
489543,489843,489900,57,300
489542,489837,489904,67,295
489543,489849,489908,59,306
489544,489865,489910,45,321
489544,489865,489912,47,321
489544,489868,489911,43,324
489544,489869,489911,42,325
489544,489870,489913,43,326
489491,489509,489913,404,18
489481,489481,489914,433,0
489544,489870,489913,43,326
489494,489570,489914,344,76
489480,489480,489914,434,0
489544,489872,489914,42,328
489496,489601,489915,314,105
489530,489662,489916,254,132
489482,489482,489915,433,0
489494,489570,489916,346,76
489487,489487,489916,429,0
489530,489662,489917,255,132
489537,489776,489918,142,239
489494,489570,489918,348,76
489532,489695,489919,224,163
489531,489663,489919,256,132
489492,489539,489919,380,47
489545,489879,489921,42,334
489544,489879,489923,44,335
489544,489874,489934,60,330
489545,489894,489936,42,349
489546,489897,489940,43,351
489545,489884,489941,57,339
489546,489900,489942,42,354
489545,489885,489944,59,340
489545,489886,489945,59,341
489538,489780,489949,169,242
489539,489782,489949,167,243
489484,489484,489949,465,0
489485,489485,489949,464,0
489545,489887,489950,63,342
489538,489782,489950,168,244
489481,489481,489950,469,0
489490,489508,489951,443,18
489483,489483,489950,467,0
489480,489480,489951,471,0
489489,489489,489951,462,0
489481,489481,489951,470,0
489547,489914,489954,40,367
489547,489912,489955,43,365
489545,489886,489955,69,341
489546,489911,489955,44,365
489546,489901,489958,57,355
489547,489915,489959,44,368
489546,489899,489959,60,353
489547,489912,489959,47,365
489545,489890,489960,70,345
489546,489912,489960,48,366
489547,489913,489962,49,366
489546,489904,489964,60,358
489549,489921,489964,43,372
489546,489908,489966,58,362
489549,489924,489968,44,375
489546,489901,489970,69,355
489549,489936,489978,42,387
489492,489539,489981,442,47
489549,489942,489985,43,393
489549,489940,489989,49,391
489549,489935,489995,60,386
489551,489955,489996,41,404
489551,489956,489997,41,405
489551,489954,489997,43,403
489549,489942,490000,58,393
489550,489946,490004,58,396
489550,489945,490005,60,395
489550,489950,490008,58,400
489494,489569,490011,442,75
489480,489480,490011,531,0
489480,489480,490012,532,0
489484,489484,490012,528,0
489551,489956,490018,62,405
489539,489783,490042,259,244
489496,489601,490043,442,105
489490,489490,490043,553,0
489479,489479,490073,594,0
489483,489483,490073,590,0
489482,489482,490074,592,0
489532,489697,490074,377,165
489483,489483,490074,591,0
489539,489786,490104,318,247
489481,489481,490104,623,0
489496,489600,490105,505,104
489485,489485,490135,650,0
489496,489600,490165,565,104
489496,489601,490165,564,105
489488,489488,490165,677,0
489479,489479,490165,686,0
489487,489487,490165,678,0
489531,489663,490165,502,132
489484,489484,490165,681,0
489489,489489,490195,706,0
489484,489484,490225,741,0
489488,489488,490226,738,0
489485,489485,490225,740,0
489488,489488,490226,738,0
489485,489485,490225,740,0
489485,489485,490256,771,0
489484,489484,490256,772,0
489489,489489,490256,767,0
489484,489484,490256,772,0
489483,489483,490286,803,0
489485,489485,490286,801,0
489482,489482,490316,834,0
489483,489483,490317,834,0
489488,489488,490316,828,0
489533,489697,490317,620,164
489486,489486,490347,861,0
489483,489483,490377,894,0
489481,489481,490377,896,0
489532,489695,490377,682,163
489487,489487,490407,920,0
489487,489488,490437,949,1
489487,489487,490467,980,0
489489,489489,490467,978,0
489486,489486,490497,1011,0
489482,489482,490497,1015,0
489483,489483,490527,1044,0
489480,489480,490527,1047,0
489484,489484,490557,1073,0
489488,489488,490557,1069,0
489486,489486,490558,1072,0
489489,489489,490558,1069,0
489485,489485,490558,1073,0
489486,489486,490559,1073,0
489485,489485,490559,1074,0
489487,489487,490559,1072,0
489482,489482,490559,1077,0
489533,489702,490559,857,169
489488,489488,490559,1071,0
489484,489484,490560,1076,0
489487,489487,490560,1073,0
489488,489488,490560,1072,0
489483,489483,490560,1077,0
489485,489485,490560,1075,0
489487,489487,490560,1073,0
489486,489486,490560,1074,0
489486,489486,490560,1074,0
489536,489760,490590,830,224
489490,489490,490590,1100,0
489486,489486,490591,1105,0
489486,489486,490621,1135,0
489490,489490,490621,1131,0
489484,489484,490622,1138,0
489489,489489,490622,1133,0
489489,489489,490622,1133,0
489488,489488,490622,1134,0
489486,489486,490622,1136,0
489490,489490,490652,1162,0
489489,489489,490653,1164,0
489478,489478,490653,1175,0
489489,489489,490653,1164,0
489497,489631,490683,1052,134
489490,489490,490683,1193,0
489490,489490,490683,1193,0
489480,489480,490684,1204,0
489481,489481,490684,1203,0
489487,489487,490684,1197,0
489477,489478,490685,1207,1
489494,489570,490685,1115,76
489490,489490,490715,1225,0
489482,489482,490715,1233,0
489481,489481,490717,1236,0
489482,489482,490747,1265,0
489540,489819,490752,933,279
489541,489821,490754,933,280
489540,489817,490757,940,277
489540,489817,490757,940,277
489541,489821,490760,939,280
489540,489820,490762,942,280
489541,489822,490814,992,281
489541,489823,490815,992,282
489543,489852,490815,963,309
489543,489853,490815,962,310
489545,489883,490819,936,338
489543,489853,490819,966,310
489543,489852,490846,994,309
489551,489952,490853,901,401
489551,489952,490854,902,401
489547,489913,490876,963,366
489547,489914,490876,962,367
489547,489914,490878,964,367
489548,489916,490878,962,368
489548,489916,490878,962,368
489548,489916,490880,964,368
489547,489914,490880,966,367
489548,489919,490882,963,371
489548,489917,490882,965,369
489550,489949,490912,963,399
489550,489950,490913,963,400
489548,489919,490943,1024,371
489550,489950,490943,993,400
489548,489917,490973,1056,369
489548,489919,490974,1055,371
489548,489918,490975,1057,370
489549,489920,490977,1057,371
489550,489949,490977,1028,399
489550,489951,490977,1026,401
489550,489951,490977,1026,401
489550,489950,490977,1027,400
489551,489951,490979,1028,400
489548,489919,490979,1060,371
489551,489951,490980,1029,400
491215,491215,491216,1,0
491215,491215,491216,1,0
491215,491215,491216,1,0
491215,491215,491216,1,0
491215,491216,491217,1,1
491215,491216,491217,1,1
491215,491216,491217,1,1
491215,491216,491217,1,1
491215,491216,491221,5,1
491215,491216,491221,5,1
491215,491216,491221,5,1
491225,491228,491229,1,3
491225,491228,491229,1,3
491225,491228,491229,1,3
491478,491482,491483,1,4
491478,491482,491483,1,4
491478,491482,491483,1,4
491478,491482,491483,1,4
491478,491482,491483,1,4
493410,493410,493570,160,0
494866,494866,495006,140,0
494726,494727,495061,334,1
495326,495326,495883,557,0
495976,495976,499218,3242,0
499220,499220,499221,1,0
499220,499220,499221,1,0
499220,499220,499221,1,0
499220,499220,499221,1,0
499220,499220,499221,1,0
499220,499220,499221,1,0
499220,499220,499221,1,0
499220,499220,499222,2,0
499220,499220,499221,1,0
499220,499220,499221,1,0
499220,499220,499221,1,0
499220,499220,499221,1,0
499220,499220,499222,2,0
499220,499220,499221,1,0
499220,499220,499221,1,0
499220,499220,499221,1,0
499220,499221,499222,1,1
495967,495967,499223,3256,0
499220,499221,499222,1,1
499220,499223,499224,1,3
499220,499222,499224,2,2
499220,499222,499224,2,2
499220,499222,499223,1,2
499220,499222,499223,1,2
499220,499222,499223,1,2
499220,499222,499223,1,2
499220,499222,499223,1,2
499220,499222,499224,2,2
499220,499222,499223,1,2
499220,499222,499224,2,2
499220,499222,499224,2,2
499220,499222,499223,1,2
499220,499222,499223,1,2
499220,499222,499223,1,2
499220,499222,499224,2,2
499220,499223,499224,1,3
499220,499223,499225,2,3
495970,495970,499225,3255,0
499220,499224,499225,1,4
499220,499224,499226,2,4
499220,499224,499226,2,4
499220,499224,499226,2,4
499220,499224,499226,2,4
499220,499224,499226,2,4
499220,499224,499226,2,4
499220,499224,499226,2,4
499220,499224,499226,2,4
499220,499224,499226,2,4
499220,499224,499226,2,4
499220,499224,499226,2,4
499220,499224,499226,2,4
499220,499224,499226,2,4
499220,499226,499227,1,6
499220,499224,499226,2,4
499220,499224,499226,2,4
499220,499225,499226,1,5
499220,499225,499227,2,5
499220,499226,499227,1,6
499220,499227,499228,1,7
499220,499226,499228,2,6
499220,499226,499228,2,6
499220,499226,499228,2,6
499220,499226,499228,2,6
499220,499226,499228,2,6
499220,499226,499228,2,6
499220,499226,499228,2,6
499220,499226,499228,2,6
495979,495979,499228,3249,0
499220,499226,499228,2,6
499220,499226,499228,2,6
499220,499226,499228,2,6
499220,499227,499229,2,7
499220,499226,499228,2,6
499220,499227,499228,1,7
499220,499226,499228,2,6
499220,499227,499229,2,7
499220,499228,499229,1,8
499220,499228,499229,1,8
499220,499227,499230,3,7
499220,499228,499230,2,8
499220,499228,499230,2,8
499220,499228,499230,2,8
499220,499228,499230,2,8
499220,499228,499230,2,8
499220,499228,499230,2,8
499220,499228,499230,2,8
499220,499228,499230,2,8
499220,499228,499230,2,8
499220,499228,499230,2,8
499220,499228,499230,2,8
499220,499228,499230,2,8
499220,499229,499231,2,9
499220,499229,499231,2,9
499220,499230,499231,1,10
499220,499230,499231,1,10
499220,499229,499231,2,9
499220,499229,499231,2,9
499220,499230,499231,1,10
499220,499229,499231,2,9
499220,499230,499232,2,10
499220,499230,499232,2,10
499220,499230,499232,2,10
499220,499230,499232,2,10
499220,499230,499232,2,10
499220,499230,499232,2,10
499220,499230,499232,2,10
499220,499230,499232,2,10
499220,499230,499232,2,10
499220,499231,499232,1,11
499220,499232,499233,1,12
499220,499230,499232,2,10
499220,499231,499232,1,11
499220,499231,499233,2,11
499220,499232,499233,1,12
499220,499232,499233,1,12
499220,499232,499234,2,12
499220,499232,499234,2,12
499220,499232,499234,2,12
499220,499232,499234,2,12
499220,499232,499234,2,12
499220,499232,499234,2,12
499220,499232,499234,2,12
499220,499232,499234,2,12
499220,499232,499234,2,12
499220,499233,499234,1,13
499220,499233,499234,1,13
499220,499233,499234,1,13
499220,499233,499234,1,13
499220,499232,499235,3,12
499220,499233,499235,2,13
499220,499232,499235,3,12
499220,499234,499235,1,14
499220,499234,499235,1,14
499220,499233,499236,3,13
499220,499233,499236,3,13
499220,499234,499236,2,14
499220,499235,499236,1,15
499220,499235,499237,2,15
499220,499235,499237,2,15
499223,499236,499237,1,13
499223,499236,499237,1,13
499220,499235,499236,1,15
499220,499235,499237,2,15
499223,499236,499237,1,13
499220,499234,499237,3,14
499220,499235,499237,2,15
499220,499235,499237,2,15
499220,499235,499237,2,15
499220,499235,499237,2,15
499220,499235,499237,2,15
499220,499235,499237,2,15
499220,499235,499237,2,15
499223,499237,499238,1,14
499223,499237,499238,1,14
499223,499237,499238,1,14
499223,499237,499238,1,14
499220,499235,499238,3,15
499223,499236,499238,2,13
499223,499237,499238,1,14
499223,499236,499238,2,13
499223,499237,499238,1,14
499223,499237,499238,1,14
499223,499237,499238,1,14
499223,499238,499239,1,15
499223,499238,499239,1,15
499223,499238,499239,1,15
499223,499238,499239,1,15
499223,499238,499239,1,15
499223,499238,499239,1,15
499223,499238,499239,1,15
499223,499238,499239,1,15
499223,499238,499239,1,15
499223,499238,499239,1,15
499223,499238,499239,1,15
499223,499238,499239,1,15
499223,499239,499240,1,16
499223,499238,499239,1,15
499223,499239,499240,1,16
499223,499238,499240,2,15
499223,499238,499239,1,15
499223,499239,499240,1,16
499223,499239,499240,1,16
499223,499239,499240,1,16
499223,499238,499241,3,15
499223,499240,499241,1,17
499223,499240,499241,1,17
499223,499240,499241,1,17
499223,499240,499241,1,17
499223,499240,499242,2,17
499223,499240,499242,2,17
499223,499240,499242,2,17
499223,499240,499242,2,17
499223,499240,499241,1,17
499223,499240,499241,1,17
499223,499240,499241,1,17
499223,499240,499241,1,17
499223,499240,499242,2,17
499223,499240,499242,2,17
499223,499240,499241,1,17
499223,499241,499242,1,18
499223,499241,499242,1,18
499223,499241,499243,2,18
499223,499242,499243,1,19
499223,499242,499243,1,19
499223,499242,499244,2,19
499223,499242,499244,2,19
499223,499242,499244,2,19
499223,499242,499243,1,19
499223,499242,499244,2,19
499223,499242,499244,2,19
499223,499242,499244,2,19
499223,499242,499244,2,19
499223,499242,499244,2,19
499223,499243,499244,1,20
499223,499242,499244,2,19
499223,499242,499244,2,19
499223,499242,499245,3,19
499223,499243,499245,2,20
499223,499243,499245,2,20
499223,499243,499244,1,20
499223,499241,499245,4,18
499223,499244,499246,2,21
499223,499244,499246,2,21
499223,499244,499246,2,21
499223,499244,499246,2,21
499223,499244,499246,2,21
499223,499244,499246,2,21
499223,499244,499246,2,21
499223,499242,499246,4,19
499223,499245,499246,1,22
499223,499244,499246,2,21
499223,499245,499247,2,22
499223,499245,499247,2,22
499223,499245,499246,1,22
499223,499245,499246,1,22
499223,499245,499247,2,22
499223,499245,499247,2,22
499223,499244,499246,2,21
499223,499246,499248,2,23
499223,499246,499248,2,23
499223,499246,499248,2,23
499223,499246,499248,2,23
499223,499246,499248,2,23
499223,499246,499248,2,23
499223,499246,499248,2,23
499223,499247,499248,1,24
499223,499247,499249,2,24
499223,499247,499249,2,24
499223,499247,499249,2,24
499223,499247,499248,1,24
499223,499247,499249,2,24
499223,499247,499249,2,24
499223,499246,499248,2,23
499223,499246,499249,3,23
499223,499248,499249,1,25
499223,499248,499250,2,25
499223,499248,499250,2,25
499223,499248,499250,2,25
499223,499247,499249,2,24
499223,499248,499250,2,25
499223,499248,499250,2,25
499223,499249,499250,1,26
499223,499248,499250,2,25
499223,499248,499250,2,25
499223,499247,499250,3,24
499223,499250,499251,1,27
499223,499249,499250,1,26
499223,499249,499251,2,26
495975,495975,499251,3276,0
499223,499249,499250,1,26
499223,499249,499251,2,26
499223,499249,499251,2,26
499223,499249,499251,2,26
499223,499249,499251,2,26
499223,499250,499252,2,27
499223,499250,499252,2,27
499223,499250,499252,2,27
499223,499250,499252,2,27
499223,499250,499252,2,27
499223,499250,499252,2,27
499223,499251,499252,1,28
499223,499251,499252,1,28
499223,499251,499252,1,28
495982,495982,499252,3270,0
499223,499251,499252,1,28
499223,499251,499252,1,28
499223,499251,499253,2,28
499223,499251,499253,2,28
499223,499251,499252,1,28
499226,499252,499253,1,26
499223,499250,499253,3,27
499223,499251,499253,2,28
499223,499252,499253,1,29
499223,499252,499253,1,29
499226,499253,499254,1,27
499223,499250,499253,3,27
499226,499253,499254,1,27
499223,499252,499254,2,29
499226,499252,499253,1,26
499226,499253,499254,1,27
499226,499253,499254,1,27
499226,499253,499254,1,27
499226,499252,499254,2,26
499226,499252,499254,2,26
499223,499252,499254,2,29
499226,499253,499254,1,27
499226,499254,499255,1,28
499226,499253,499254,1,27
499226,499254,499255,1,28
499226,499254,499255,1,28
499226,499254,499255,1,28
499226,499254,499255,1,28
499226,499254,499255,1,28
499226,499254,499255,1,28
499226,499255,499256,1,29
499226,499255,499256,1,29
499226,499254,499256,2,28
499226,499254,499256,2,28
499226,499255,499257,2,29
499226,499255,499256,1,29
499226,499255,499256,1,29
499226,499255,499256,1,29
499226,499254,499256,2,28
499226,499255,499256,1,29
499226,499255,499257,2,29
499226,499256,499257,1,30
499226,499257,499258,1,31
499226,499256,499257,1,30
499226,499256,499257,1,30
499226,499256,499258,2,30
499226,499256,499257,1,30
499226,499257,499258,1,31
499226,499256,499257,1,30
499226,499258,499259,1,32
499226,499257,499259,2,31
499226,499257,499259,2,31
499226,499256,499258,2,30
499226,499256,499258,2,30
499226,499256,499258,2,30
499226,499258,499259,1,32
499226,499256,499259,3,30
499226,499256,499259,3,30
499226,499258,499259,1,32
499226,499259,499260,1,33
499226,499258,499259,1,32
499226,499259,499260,1,33
499226,499257,499259,2,31
499226,499257,499259,2,31
499226,499258,499260,2,32
499226,499258,499259,1,32
499226,499257,499260,3,31
499226,499258,499259,1,32
499226,499259,499260,1,33
499226,499258,499259,1,32
499226,499260,499261,1,34
499226,499259,499260,1,33
499226,499259,499261,2,33
499226,499258,499260,2,32
499226,499259,499261,2,33
499226,499259,499261,2,33
499226,499260,499262,2,34
499226,499261,499262,1,35
499226,499260,499261,1,34
499226,499260,499262,2,34
499226,499260,499261,1,34
499226,499260,499262,2,34
499226,499259,499261,2,33
499226,499260,499261,1,34
499226,499260,499261,1,34
499226,499260,499261,1,34
499226,499260,499262,2,34
499226,499260,499262,2,34
499226,499262,499263,1,36
499226,499261,499262,1,35
499226,499262,499263,1,36
499226,499260,499262,2,34
499226,499261,499263,2,35
499226,499261,499263,2,35
499226,499261,499263,2,35
499226,499262,499263,1,36
499226,499262,499263,1,36
499226,499262,499264,2,36
499226,499263,499264,1,37
499226,499262,499263,1,36
499226,499263,499264,1,37
499226,499262,499264,2,36
499226,499262,499264,2,36
499226,499261,499263,2,35
499226,499261,499263,2,35
499226,499262,499264,2,36
499226,499262,499264,2,36
499226,499263,499264,1,37
499226,499263,499265,2,37
499226,499263,499264,1,37
499226,499260,499264,4,34
499226,499263,499265,2,37
499226,499263,499265,2,37
499226,499263,499264,1,37
499226,499263,499265,2,37
499226,499263,499265,2,37
499226,499264,499266,2,38
499226,499264,499265,1,38
499226,499264,499266,2,38
499226,499264,499266,2,38
499226,499263,499265,2,37
499226,499264,499266,2,38
499226,499264,499266,2,38
495968,495968,499266,3298,0
499226,499264,499266,2,38
499226,499264,499265,1,38
499226,499265,499266,1,39
499226,499264,499267,3,38
499226,499265,499266,1,39
499226,499265,499267,2,39
499226,499265,499267,2,39
499226,499264,499266,2,38
499226,499265,499267,2,39
499226,499265,499267,2,39
499226,499266,499267,1,40
499226,499265,499268,3,39
499226,499266,499268,2,40
499226,499266,499268,2,40
499226,499266,499268,2,40
499230,499267,499268,1,37
499226,499266,499268,2,40
499226,499266,499268,2,40
499226,499266,499267,1,40
499230,499267,499268,1,37
499226,499267,499268,1,41
499226,499266,499269,3,40
499226,499266,499269,3,40
499226,499266,499268,2,40
499230,499268,499269,1,38
499226,499266,499268,2,40
499226,499266,499268,2,40
499230,499267,499268,1,37
499230,499268,499269,1,38
499230,499267,499269,2,37
499230,499268,499269,1,38
499230,499268,499269,1,38
499230,499268,499269,1,38
499230,499268,499269,1,38
499226,499267,499269,2,41
499230,499268,499270,2,38
499230,499268,499270,2,38
499230,499269,499270,1,39
499230,499268,499270,2,38
499230,499268,499269,1,38
499230,499268,499270,2,38
499230,499269,499270,1,39
499230,499269,499270,1,39
499230,499270,499271,1,40
499230,499269,499271,2,39
499230,499269,499271,2,39
499230,499269,499271,2,39
499230,499270,499271,1,40
499230,499270,499271,1,40
499230,499270,499271,1,40
499230,499270,499271,1,40
499230,499269,499271,2,39
499230,499270,499272,2,40
499230,499270,499272,2,40
499230,499270,499272,2,40
499230,499271,499272,1,41
499230,499271,499272,1,41
499230,499270,499272,2,40
499230,499270,499272,2,40
499230,499271,499272,1,41
499230,499271,499272,1,41
499230,499271,499272,1,41
499230,499272,499273,1,42
499230,499272,499273,1,42
499230,499273,499274,1,43
499230,499273,499274,1,43
499230,499271,499273,2,41
499230,499272,499274,2,42
499230,499272,499274,2,42
499230,499273,499274,1,43
499230,499273,499274,1,43
499230,499273,499275,2,43
499230,499273,499274,1,43
499230,499273,499274,1,43
499230,499272,499274,2,42
499230,499272,499274,2,42
499230,499272,499274,2,42
499230,499272,499274,2,42
499230,499274,499275,1,44
499230,499272,499274,2,42
499230,499274,499275,1,44
499230,499274,499275,1,44
499230,499274,499275,1,44
499230,499275,499276,1,45
499230,499274,499276,2,44
499230,499274,499275,1,44
499230,499275,499276,1,45
499230,499275,499276,1,45
499230,499276,499277,1,46
499230,499275,499277,2,45
499230,499275,499276,1,45
499230,499275,499276,1,45
499230,499275,499277,2,45
499230,499276,499277,1,46
499230,499274,499276,2,44
499230,499276,499277,1,46
499230,499277,499278,1,47
499230,499275,499277,2,45
499230,499275,499277,2,45
499230,499275,499277,2,45
499230,499276,499277,1,46
499230,499276,499278,2,46
499230,499275,499278,3,45
499230,499276,499277,1,46
499230,499277,499278,1,47
499230,499277,499278,1,47
499230,499278,499279,1,48
499230,499277,499279,2,47
499230,499277,499279,2,47
499230,499277,499279,2,47
499230,499277,499279,2,47
499230,499277,499278,1,47
499230,499278,499279,1,48
499230,499279,499280,1,49
499230,499279,499280,1,49
499230,499278,499280,2,48
499230,499277,499279,2,47
499230,499278,499280,2,48
499230,499278,499280,2,48
499230,499279,499280,1,49
499230,499279,499280,1,49
495977,495978,499280,3302,1
499230,499280,499281,1,50
499230,499280,499281,1,50
499230,499278,499280,2,48
499230,499278,499280,2,48
499230,499278,499280,2,48
499230,499279,499281,2,49
499230,499280,499281,1,50
499230,499279,499280,1,49
499230,499279,499281,2,49
499230,499279,499281,2,49
499230,499278,499280,2,48
499230,499280,499281,1,50
499230,499281,499282,1,51
499230,499281,499282,1,51
499230,499281,499282,1,51
499230,499280,499281,1,50
499230,499280,499282,2,50
499230,499281,499282,1,51
499230,499281,499282,1,51
499230,499281,499282,1,51
499230,499281,499283,2,51
499230,499281,499283,2,51
499230,499282,499283,1,52
499230,499281,499283,2,51
499230,499281,499283,2,51
499230,499280,499283,3,50
499230,499281,499283,2,51
499230,499281,499283,2,51
499230,499281,499283,2,51
499230,499282,499283,1,52
499230,499282,499283,1,52
499230,499281,499283,2,51
499230,499282,499284,2,52
499230,499281,499284,3,51
499230,499283,499284,1,53
499230,499283,499284,1,53
499230,499283,499285,2,53
499230,499283,499285,2,53
499230,499283,499284,1,53
499252,499284,499285,1,32
499230,499283,499285,2,53
499230,499283,499285,2,53
499230,499282,499284,2,52
499252,499285,499286,1,33
499252,499285,499286,1,33
499230,499283,499285,2,53
499230,499284,499286,2,54
499252,499285,499286,1,33
499252,499285,499286,1,33
499252,499285,499286,1,33
499252,499284,499285,1,32
499252,499284,499285,1,32
499230,499283,499286,3,53
499252,499285,499286,1,33
499230,499284,499286,2,54
499252,499286,499287,1,34
499252,499286,499287,1,34
499230,499284,499287,3,54
499252,499285,499286,1,33
499252,499286,499287,1,34
499252,499286,499287,1,34
499252,499285,499287,2,33
499252,499285,499287,2,33
499252,499285,499287,2,33
499252,499286,499287,1,34
499252,499286,499287,1,34
499252,499287,499288,1,35
499252,499286,499287,1,34
499252,499286,499287,1,34
499252,499286,499288,2,34
499252,499287,499288,1,35
499252,499288,499289,1,36
499252,499287,499289,2,35
499252,499287,499289,2,35
499252,499287,499289,2,35
499252,499287,499288,1,35
499252,499286,499289,3,34
499252,499286,499288,2,34
499252,499287,499289,2,35
499252,499288,499289,1,36
499252,499288,499289,1,36
499252,499288,499289,1,36
499252,499288,499290,2,36
499252,499288,499290,2,36
499252,499288,499289,1,36
499252,499289,499290,1,37
499252,499289,499291,2,37
499252,499289,499290,1,37
499252,499289,499290,1,37
499252,499289,499291,2,37
499252,499289,499291,2,37
499252,499289,499291,2,37
499252,499290,499292,2,38
499252,499290,499292,2,38
499252,499290,499292,2,38
499252,499291,499292,1,39
499252,499290,499292,2,38
499252,499290,499292,2,38
499252,499290,499292,2,38
499252,499290,499292,2,38
499252,499291,499293,2,39
499252,499291,499292,1,39
499252,499291,499292,1,39
499252,499290,499293,3,38
499252,499292,499293,1,40
499252,499292,499293,1,40
499252,499292,499294,2,40
499252,499292,499294,2,40
499252,499293,499294,1,41
499252,499293,499294,1,41
499252,499293,499294,1,41
499252,499293,499294,1,41
499252,499293,499294,1,41
499252,499293,499294,1,41
499252,499292,499294,2,40
499252,499293,499294,1,41
499252,499293,499294,1,41
499252,499293,499294,1,41
499252,499294,499295,1,42
499252,499293,499295,2,41
499252,499293,499295,2,41
499252,499295,499296,1,43
499252,499294,499295,1,42
499252,499294,499296,2,42
499252,499294,499295,1,42
499252,499294,499296,2,42
499252,499294,499296,2,42
499252,499295,499296,1,43
499252,499295,499296,1,43
499252,499295,499297,2,43
499252,499295,499297,2,43
499252,499295,499296,1,43
499252,499295,499297,2,43
499252,499295,499296,1,43
499252,499296,499297,1,44
499252,499295,499297,2,43
499252,499296,499297,1,44
499252,499297,499298,1,45
499252,499296,499298,2,44
499252,499296,499298,2,44
499252,499296,499298,2,44
499252,499296,499298,2,44
499252,499296,499298,2,44
499252,499296,499298,2,44
499252,499297,499298,1,45
499252,499298,499299,1,46
499252,499298,499299,1,46
499252,499296,499298,2,44
499252,499297,499299,2,45
499252,499297,499299,2,45
499252,499297,499299,2,45
499252,499297,499299,2,45
499252,499297,499299,2,45
499252,499298,499299,1,46
499252,499298,499299,1,46
499252,499298,499299,1,46
499252,499298,499299,1,46
499252,499298,499300,2,46
499252,499299,499301,2,47
499252,499299,499300,1,47
499252,499299,499301,2,47
499252,499299,499301,2,47
499252,499298,499300,2,46
499252,499299,499301,2,47
499252,499299,499301,2,47
499252,499299,499301,2,47
499252,499299,499301,2,47
499252,499299,499301,2,47
499252,499301,499302,1,49
499252,499300,499303,3,48
499252,499300,499303,3,48
499252,499300,499303,3,48
499252,499301,499303,2,49
499252,499301,499303,2,49
499252,499301,499303,2,49
499252,499301,499303,2,49
499252,499301,499303,2,49
499252,499301,499303,2,49
499252,499301,499303,2,49
499252,499301,499304,3,49
499252,499301,499304,3,49
499252,499302,499304,2,50
499252,499303,499304,1,51
499252,499303,499305,2,51
499252,499303,499305,2,51
499252,499304,499305,1,52
499255,499305,499306,1,50
499252,499303,499305,2,51
499252,499303,499305,2,51
499255,499304,499306,2,49
499252,499303,499306,3,51
499252,499303,499306,3,51
499252,499303,499306,3,51
499255,499304,499306,2,49
499255,499305,499306,1,50
499252,499304,499307,3,52
499252,499304,499306,2,52
499255,499306,499307,1,51
499255,499306,499307,1,51
499255,499306,499307,1,51
499255,499307,499308,1,52
499255,499305,499307,2,50
499255,499306,499308,2,51
499255,499306,499308,2,51
499255,499306,499308,2,51
499255,499306,499308,2,51
499255,499306,499308,2,51
499255,499306,499309,3,51
499255,499308,499309,1,53
499255,499308,499309,1,53
499255,499307,499308,1,52
499255,499307,499309,2,52
499255,499307,499308,1,52
499255,499308,499309,1,53
495972,495972,499310,3338,0
499255,499309,499310,1,54
499255,499308,499310,2,53
499255,499309,499310,1,54
499255,499309,499310,1,54
499255,499309,499310,1,54
499255,499309,499310,1,54
499255,499309,499311,2,54
499255,499308,499310,2,53
499255,499308,499311,3,53
499255,499309,499311,2,54
499255,499309,499311,2,54
499255,499309,499311,2,54
499252,499310,499311,1,58
499255,499310,499311,1,55
499255,499310,499311,1,55
499255,499306,499311,5,51
499255,499310,499312,2,55
499255,499311,499312,1,56
499255,499311,499312,1,56
499255,499311,499312,1,56
499255,499311,499312,1,56
499252,499310,499312,2,58
499255,499311,499313,2,56
499255,499312,499314,2,57
499255,499312,499313,1,57
499255,499312,499313,1,57
499255,499311,499313,2,56
499255,499311,499313,2,56
499255,499312,499314,2,57
499255,499311,499314,3,56
499255,499313,499314,1,58
495973,495973,499314,3341,0
499255,499313,499314,1,58
499255,499313,499314,1,58
499255,499312,499314,2,57
499255,499312,499314,2,57
499255,499313,499314,1,58
499255,499314,499315,1,59
499255,499314,499315,1,59
499255,499312,499315,3,57
499255,499312,499315,3,57
499255,499313,499315,2,58
499255,499314,499315,1,59
499255,499313,499315,2,58
499255,499314,499316,2,59
499255,499315,499316,1,60
499255,499315,499316,1,60
499255,499315,499316,1,60
499255,499315,499316,1,60
499255,499315,499316,1,60
499255,499315,499317,2,60
499255,499315,499317,2,60
499255,499314,499317,3,59
499255,499315,499317,2,60
499255,499315,499317,2,60
499255,499316,499317,1,61
499255,499314,499317,3,59
499255,499316,499317,1,61
499255,499314,499317,3,59
499255,499316,499318,2,61
499255,499317,499318,1,62
499255,499316,499318,2,61
499255,499317,499318,1,62
499255,499317,499318,1,62
499255,499317,499318,1,62
499255,499317,499318,1,62
499255,499316,499318,2,61
499255,499316,499318,2,61
499255,499317,499318,1,62
499255,499316,499318,2,61
499255,499317,499318,1,62
499255,499317,499318,1,62
499230,499270,499272,2,40
499230,499271,499273,2,41
499255,499317,499320,3,62
499255,499318,499320,2,63
499255,499317,499319,2,62
499255,499318,499320,2,63
499255,499318,499320,2,63
499255,499319,499320,1,64
499255,499319,499321,2,64
499255,499319,499320,1,64
499255,499319,499320,1,64
499255,499319,499321,2,64
499255,499318,499321,3,63
499255,499318,499320,2,63
499255,499319,499320,1,64
499255,499319,499320,1,64
499255,499319,499321,2,64
499255,499319,499322,3,64
499255,499319,499321,2,64
499255,499320,499322,2,65
499255,499320,499321,1,65
499255,499319,499321,2,64
499255,499321,499322,1,66
499255,499321,499323,2,66
499255,499321,499322,1,66
499255,499321,499322,1,66
499255,499321,499323,2,66
499255,499320,499322,2,65
499255,499320,499323,3,65
499255,499320,499323,3,65
499255,499321,499323,2,66
499255,499321,499323,2,66
499255,499321,499324,3,66
499255,499322,499324,2,67
499230,499320,499323,3,90
499255,499322,499324,2,67
499255,499322,499324,2,67
499255,499322,499324,2,67
499255,499323,499324,1,68
499255,499322,499325,3,67
499255,499323,499324,1,68
499255,499323,499324,1,68
499255,499323,499325,2,68
499255,499322,499325,3,67
499255,499322,499324,2,67
499255,499322,499324,2,67
499255,499323,499325,2,68
499269,499325,499326,1,56
499269,499325,499326,1,56
499255,499323,499326,3,68
499255,499323,499326,3,68
499255,499324,499326,2,69
499255,499324,499326,2,69
499255,499324,499326,2,69
499255,499325,499326,1,70
499269,499326,499327,1,57
499269,499326,499327,1,57
495981,495981,499327,3346,0
499255,499322,499327,5,67
499255,499324,499327,3,69
499255,499324,499327,3,69
499269,499325,499327,2,56
499269,499325,499327,2,56
499269,499325,499327,2,56
499255,499324,499327,3,69
499255,499324,499327,3,69
499255,499323,499327,4,68
499255,499324,499327,3,69
499269,499325,499327,2,56
499269,499327,499328,1,58
499269,499327,499328,1,58
499269,499327,499328,1,58
499269,499326,499328,2,57
499269,499326,499328,2,57
499255,499325,499328,3,70
499269,499327,499328,1,58
499269,499327,499328,1,58
499269,499328,499329,1,59
499269,499327,499329,2,58
499269,499328,499329,1,59
499269,499327,499329,2,58
499269,499327,499329,2,58
499269,499327,499329,2,58
499269,499327,499329,2,58
499269,499328,499329,1,59
499269,499327,499329,2,58
499269,499328,499329,1,59
499269,499328,499329,1,59
499269,499329,499330,1,60
499269,499329,499330,1,60
499269,499329,499330,1,60
499269,499328,499330,2,59
499269,499327,499330,3,58
499269,499328,499330,2,59
499269,499328,499330,2,59
499269,499328,499330,2,59
499269,499327,499330,3,58
499269,499329,499330,1,60
499269,499329,499330,1,60
499269,499330,499331,1,61
499269,499329,499331,2,60
499269,499329,499331,2,60
499269,499330,499331,1,61
499269,499330,499331,1,61
499269,499330,499331,1,61
499269,499330,499332,2,61
499269,499330,499331,1,61
499269,499330,499331,1,61
499269,499330,499332,2,61
499269,499330,499332,2,61
499269,499331,499332,1,62
499269,499329,499331,2,60
499269,499331,499333,2,62
499269,499331,499332,1,62
499269,499331,499332,1,62
499269,499331,499333,2,62
499269,499330,499333,3,61
499269,499333,499334,1,64
499269,499331,499333,2,62
499269,499331,499333,2,62
499269,499331,499333,2,62
499269,499331,499333,2,62
499269,499332,499333,1,63
499269,499332,499334,2,63
499269,499332,499333,1,63
499269,499332,499333,1,63
499269,499332,499334,2,63
499269,499331,499334,3,62
499269,499330,499334,4,61
499269,499331,499334,3,62
499269,499332,499334,2,63
499269,499333,499334,1,64
499269,499333,499334,1,64
499269,499334,499335,1,65
499269,499332,499335,3,63
499269,499334,499335,1,65
499269,499334,499335,1,65
499269,499333,499335,2,64
499269,499334,499335,1,65
499269,499334,499335,1,65
499269,499335,499336,1,66
499269,499334,499336,2,65
499269,499336,499337,1,67
499269,499334,499337,3,65
499269,499334,499336,2,65
499269,499334,499336,2,65
499269,499334,499336,2,65
499269,499334,499336,2,65
499269,499334,499336,2,65
499269,499335,499336,1,66
499269,499335,499336,1,66
499269,499335,499337,2,66
499269,499336,499337,1,67
499269,499336,499337,1,67
499269,499335,499338,3,66
499269,499335,499337,2,66
499269,499335,499337,2,66
499269,499336,499337,1,67
499269,499336,499337,1,67
499269,499336,499338,2,67
499269,499337,499338,1,68
499269,499337,499338,1,68
499269,499336,499339,3,67
499269,499337,499338,1,68
499269,499337,499338,1,68
499269,499337,499339,2,68
499269,499338,499339,1,69
499269,499338,499339,1,69
499269,499337,499339,2,68
499269,499337,499339,2,68
499269,499337,499339,2,68
499269,499337,499340,3,68
499269,499338,499339,1,69
499269,499338,499339,1,69
499269,499338,499340,2,69
499269,499339,499341,2,70
499269,499339,499340,1,70
499269,499339,499340,1,70
499269,499338,499340,2,69
499269,499338,499340,2,69
499269,499337,499340,3,68
499269,499338,499340,2,69
499269,499337,499340,3,68
499269,499339,499341,2,70
499269,499339,499340,1,70
499269,499339,499340,1,70
499269,499340,499341,1,71
499269,499340,499342,2,71
499269,499340,499341,1,71
499269,499340,499341,1,71
499269,499340,499342,2,71
499269,499341,499342,1,72
499269,499340,499342,2,71
499269,499340,499343,3,71
499269,499341,499343,2,72
499287,499342,499343,1,55
499269,499341,499342,1,72
499269,499341,499342,1,72
499287,499342,499343,1,55
499269,499341,499343,2,72
499269,499341,499343,2,72
499269,499340,499343,3,71
499269,499341,499343,2,72
499269,499341,499344,3,72
499269,499341,499343,2,72
499287,499342,499343,1,55
499287,499343,499344,1,56
499287,499343,499344,1,56
499287,499343,499344,1,56
499287,499343,499344,1,56
499287,499343,499344,1,56
499269,499341,499344,3,72
499269,499341,499345,4,72
499287,499343,499345,2,56
499287,499343,499345,2,56
499287,499344,499345,1,57
499287,499343,499344,1,56
499287,499344,499345,1,57
499287,499344,499345,1,57
499287,499343,499345,2,56
499287,499344,499345,1,57
499287,499344,499345,1,57
499287,499345,499346,1,58
499287,499344,499346,2,57
499287,499344,499346,2,57
499287,499344,499346,2,57
499287,499344,499346,2,57
499287,499344,499346,2,57
499287,499345,499346,1,58
499287,499345,499347,2,58
499287,499344,499346,2,57
499287,499345,499347,2,58
499287,499345,499347,2,58
499287,499345,499347,2,58
499287,499345,499346,1,58
499287,499346,499348,2,59
499287,499346,499348,2,59
499287,499346,499347,1,59
499287,499345,499348,3,58
499287,499345,499347,2,58
499287,499346,499348,2,59
499287,499346,499348,2,59
499287,499346,499348,2,59
499287,499346,499348,2,59
499287,499346,499348,2,59
499287,499346,499349,3,59
499287,499347,499349,2,60
499287,499347,499349,2,60
499287,499347,499349,2,60
499287,499347,499349,2,60
499287,499348,499349,1,61
499287,499348,499350,2,61
499287,499347,499350,3,60
499287,499346,499349,3,59
499287,499347,499350,3,60
499287,499348,499350,2,61
499287,499348,499350,2,61
499287,499348,499351,3,61
499287,499348,499350,2,61
499287,499349,499351,2,62
499287,499348,499350,2,61
499287,499349,499351,2,62
499287,499350,499351,1,63
499287,499350,499351,1,63
499287,499350,499351,1,63
499287,499348,499351,3,61
499287,499349,499351,2,62
499287,499350,499352,2,63
499287,499349,499352,3,62
499287,499349,499351,2,62
499287,499351,499352,1,64
499269,499340,499341,1,71
499287,499350,499353,3,63
499287,499351,499353,2,64
499287,499350,499353,3,63
499287,499350,499353,3,63
499287,499350,499353,3,63
495984,495984,499353,3369,0
499287,499352,499353,1,65
499287,499351,499353,2,64
499287,499351,499353,2,64
499287,499351,499353,2,64
499287,499352,499353,1,65
499287,499351,499353,2,64
499287,499352,499354,2,65
499287,499353,499354,1,66
499287,499353,499354,1,66
499287,499353,499354,1,66
499269,499353,499354,1,84
499287,499353,499354,1,66
499287,499352,499355,3,65
499287,499352,499355,3,65
499287,499352,499355,3,65
499287,499354,499355,1,67
499287,499354,499356,2,67
499287,499354,499355,1,67
499287,499355,499356,1,68
499287,499354,499355,1,67
499287,499354,499356,2,67
499287,499354,499355,1,67
499287,499354,499356,2,67
499287,499354,499356,2,67
499287,499354,499356,2,67
499287,499355,499356,1,68
499287,499355,499356,1,68
499287,499356,499357,1,69
499287,499354,499356,2,67
499287,499355,499356,1,68
499287,499355,499356,1,68
499287,499356,499357,1,69
499287,499354,499356,2,67
495986,495988,499356,3368,2
499287,499356,499357,1,69
499287,499356,499357,1,69
499287,499355,499357,2,68
499287,499355,499357,2,68
499287,499356,499357,1,69
499287,499356,499357,1,69
495971,495971,499357,3386,0
499287,499355,499358,3,68
499287,499355,499358,3,68
499287,499355,499357,2,68
499287,499357,499358,1,70
499287,499357,499358,1,70
499287,499357,499359,2,70
499287,499357,499358,1,70
499287,499357,499358,1,70
499287,499357,499358,1,70
499287,499356,499358,2,69
499287,499358,499359,1,71
499287,499357,499359,2,70
499287,499357,499359,2,70
499287,499357,499360,3,70
499287,499358,499359,1,71
499287,499357,499359,2,70
499287,499358,499360,2,71
499287,499358,499360,2,71
499287,499357,499360,3,70
499287,499358,499360,2,71
499287,499359,499360,1,72
499287,499359,499360,1,72
499287,499357,499358,1,70
499287,499357,499358,1,70
499287,499358,499361,3,71
499287,499358,499361,3,71
499287,499360,499361,1,73
499287,499360,499361,1,73
499287,499360,499361,1,73
499287,499360,499361,1,73
499287,499360,499362,2,73
499287,499359,499361,2,72
499287,499360,499361,1,73
499310,499361,499362,1,51
499310,499361,499362,1,51
499310,499361,499362,1,51
499287,499359,499361,2,72
499287,499358,499362,4,71
499310,499362,499363,1,52
499287,499360,499363,3,73
499287,499360,499362,2,73
499310,499361,499362,1,51
499310,499361,499362,1,51
499287,499361,499362,1,74
499310,499362,499363,1,52
499310,499362,499363,1,52
499310,499362,499363,1,52
499287,499360,499362,2,73
499310,499361,499363,2,51
499310,499361,499363,2,51
499310,499362,499363,1,52
499310,499363,499364,1,53
499310,499362,499363,1,52
499310,499362,499363,1,52
499310,499362,499363,1,52
499310,499363,499364,1,53
499310,499362,499363,1,52
499310,499363,499364,1,53
499310,499362,499363,1,52
499310,499362,499364,2,52
499310,499363,499364,1,53
499310,499363,499364,1,53
499287,499361,499364,3,74
499310,499363,499364,1,53
499310,499363,499365,2,53
499310,499363,499364,1,53
499310,499363,499364,1,53
499310,499363,499365,2,53
499310,499365,499366,1,55
499310,499364,499365,1,54
499310,499363,499365,2,53
499310,499363,499365,2,53
499310,499363,499365,2,53
499310,499364,499366,2,54
499310,499364,499366,2,54
499310,499364,499366,2,54
499310,499364,499365,1,54
499310,499364,499365,1,54
499310,499364,499366,2,54
499310,499365,499366,1,55
499310,499365,499366,1,55
499310,499364,499366,2,54
499310,499364,499366,2,54
499310,499365,499367,2,55
499310,499365,499367,2,55
499310,499365,499367,2,55
499310,499365,499367,2,55
499310,499366,499368,2,56
499310,499366,499367,1,56
499310,499366,499367,1,56
499310,499365,499368,3,55
499310,499365,499368,3,55
499310,499366,499368,2,56
499310,499366,499368,2,56
499310,499366,499368,2,56
499310,499366,499367,1,56
499310,499366,499368,2,56
499310,499366,499367,1,56
499310,499367,499368,1,57
499310,499367,499368,1,57
499310,499366,499368,2,56
499310,499367,499369,2,57
499310,499368,499369,1,58
499310,499367,499369,2,57
499310,499367,499369,2,57
499310,499368,499369,1,58
499310,499368,499369,1,58
499310,499366,499369,3,56
499310,499367,499369,2,57
499310,499367,499369,2,57
499310,499367,499369,2,57
499310,499368,499370,2,58
499310,499368,499370,2,58
499310,499368,499370,2,58
499310,499369,499370,1,59
499310,499368,499370,2,58
499310,499368,499370,2,58
499310,499368,499370,2,58
499310,499368,499370,2,58
499310,499369,499370,1,59
499310,499369,499370,1,59
499310,499368,499371,3,58
499310,499369,499371,2,59
499310,499369,499371,2,59
499310,499368,499370,2,58
499310,499370,499372,2,60
499310,499370,499371,1,60
499310,499370,499371,1,60
499310,499369,499371,2,59
499310,499370,499372,2,60
499310,499370,499372,2,60
499310,499370,499372,2,60
499310,499370,499372,2,60
499310,499371,499372,1,61
499310,499370,499372,2,60
499310,499371,499373,2,61
499310,499371,499372,1,61
499310,499371,499372,1,61
499310,499370,499373,3,60
499310,499372,499373,1,62
499310,499372,499373,1,62
499310,499372,499373,1,62
499310,499372,499373,1,62
499310,499371,499373,2,61
499310,499372,499373,1,62
499310,499370,499373,3,60
499310,499371,499373,2,61
499310,499372,499373,1,62
499310,499372,499374,2,62
499310,499373,499374,1,63
499310,499373,499374,1,63
499310,499374,499375,1,64
499310,499370,499374,4,60
499310,499370,499374,4,60
499310,499373,499374,1,63
499310,499373,499374,1,63
499310,499373,499374,1,63
499310,499373,499374,1,63
499310,499372,499375,3,62
499310,499375,499376,1,65
499310,499374,499375,1,64
499310,499374,499375,1,64
499310,499373,499375,2,63
499310,499373,499375,2,63
499310,499374,499375,1,64
499310,499374,499376,2,64
499310,499373,499375,2,63
499310,499374,499376,2,64
499310,499375,499376,1,65
499310,499375,499377,2,65
499310,499374,499376,2,64
499310,499375,499377,2,65
499310,499375,499376,1,65
499310,499374,499376,2,64
499310,499375,499376,1,65
499310,499375,499376,1,65
499310,499376,499377,1,66
499328,499377,499378,1,49
499310,499375,499377,2,65
499310,499375,499377,2,65
499328,499377,499378,1,49
499310,499376,499377,1,66
499310,499374,499377,3,64
499310,499374,499377,3,64
499328,499376,499378,2,48
499328,499377,499378,1,49
499328,499377,499378,1,49
499310,499375,499377,2,65
499328,499376,499378,2,48
499328,499378,499379,1,50
499328,499378,499379,1,50
499328,499377,499378,1,49
499328,499377,499378,1,49
499310,499376,499378,2,66
499310,499376,499378,2,66
499328,499377,499379,2,49
499310,499376,499378,2,66
499310,499376,499378,2,66
499328,499378,499379,1,50
499328,499378,499379,1,50
499328,499378,499379,1,50
499328,499378,499379,1,50
499328,499378,499379,1,50
499328,499379,499380,1,51
499328,499379,499380,1,51
499328,499379,499380,1,51
499328,499378,499379,1,50
499328,499378,499380,2,50
499328,499378,499380,2,50
499328,499379,499381,2,51
499328,499379,499380,1,51
499328,499378,499380,2,50
499328,499379,499381,2,51
499328,499379,499380,1,51
499328,499379,499380,1,51
499328,499380,499381,1,52
499328,499379,499381,2,51
499328,499379,499380,1,51
499328,499379,499380,1,51
499328,499379,499380,1,51
499328,499379,499380,1,51
499328,499379,499381,2,51
499328,499380,499382,2,52
499328,499380,499381,1,52
499328,499379,499381,2,51
499328,499379,499381,2,51
499328,499380,499381,1,52
499328,499381,499382,1,53
499328,499381,499383,2,53
499328,499381,499382,1,53
499328,499381,499382,1,53
499328,499381,499382,1,53
499328,499381,499383,2,53
499328,499381,499382,1,53
499328,499380,499383,3,52
499328,499380,499383,3,52
499328,499380,499383,3,52
499328,499381,499383,2,53
499328,499381,499383,2,53
499328,499381,499383,2,53
499328,499381,499383,2,53
499328,499381,499383,2,53
499328,499382,499384,2,54
499328,499381,499383,2,53
499328,499382,499383,1,54
499328,499382,499383,1,54
499328,499382,499385,3,54
499328,499382,499384,2,54
499328,499383,499384,1,55
499328,499383,499385,2,55
499328,499383,499384,1,55
499328,499383,499385,2,55
499328,499383,499384,1,55
499328,499383,499385,2,55
499328,499383,499385,2,55
499328,499383,499385,2,55
499328,499384,499385,1,56
499328,499383,499385,2,55
499328,499384,499386,2,56
499328,499384,499386,2,56
499328,499384,499386,2,56
495985,495985,499386,3401,0
499328,499384,499385,1,56
499328,499384,499385,1,56
499328,499383,499385,2,55
499328,499383,499386,3,55
499328,499383,499385,2,55
499328,499384,499386,2,56
499328,499385,499386,1,57
499328,499386,499387,1,58
499328,499385,499386,1,57
499328,499385,499387,2,57
499328,499385,499387,2,57
499328,499385,499386,1,57
499328,499385,499387,2,57
499328,499385,499387,2,57
499328,499386,499387,1,58
499328,499385,499387,2,57
499328,499385,499388,3,57
499328,499386,499388,2,58
499328,499387,499388,1,59
499328,499386,499388,2,58
499328,499386,499388,2,58
499328,499387,499389,2,59
499328,499387,499388,1,59
499328,499387,499388,1,59
499328,499386,499389,3,58
499328,499386,499389,3,58
499328,499386,499389,3,58
499328,499386,499389,3,58
499328,499387,499388,1,59
499328,499386,499389,3,58
499328,499386,499389,3,58
499328,499387,499388,1,59
499328,499387,499389,2,59
499328,499388,499389,1,60
499328,499388,499389,1,60
499328,499388,499389,1,60
499328,499388,499389,1,60
499328,499389,499390,1,61
499328,499386,499390,4,58
499328,499388,499390,2,60
499328,499388,499389,1,60
499328,499388,499390,2,60
499328,499388,499391,3,60
499328,499389,499391,2,61
499328,499389,499391,2,61
499328,499389,499391,2,61
499328,499389,499391,2,61
499328,499389,499391,2,61
499328,499389,499391,2,61
499328,499389,499390,1,61
499328,499389,499391,2,61
499328,499389,499392,3,61
499328,499389,499392,3,61
499328,499389,499392,3,61
499328,499389,499392,3,61
499328,499389,499392,3,61
499328,499390,499392,2,62
499328,499390,499392,2,62
499328,499391,499392,1,63
499328,499390,499392,2,62
499328,499390,499393,3,62
499328,499392,499393,1,64
499328,499392,499393,1,64
499328,499392,499393,1,64
499328,499391,499393,2,63
499328,499392,499393,1,64
499328,499391,499394,3,63
499328,499391,499394,3,63
499328,499391,499394,3,63
499328,499391,499394,3,63
499328,499393,499394,1,65
499328,499393,499394,1,65
499328,499393,499394,1,65
499328,499393,499394,1,65
499328,499392,499395,3,64
499328,499393,499394,1,65
499328,499393,499395,2,65
499328,499395,499396,1,67
499328,499393,499395,2,65
499328,499395,499396,1,67
499328,499395,499396,1,67
499328,499395,499396,1,67
499328,499394,499396,2,66
499328,499394,499396,2,66
499328,499394,499396,2,66
499328,499395,499396,1,67
499328,499395,499396,1,67
499328,499395,499396,1,67
499328,499395,499396,1,67
499328,499395,499396,1,67
499328,499395,499396,1,67
499328,499396,499397,1,68
499328,499396,499397,1,68
499328,499395,499396,1,67
499328,499396,499397,1,68
499328,499395,499397,2,67
499328,499395,499397,2,67
499328,499395,499397,2,67
499328,499396,499397,1,68
499328,499396,499397,1,68
499328,499397,499398,1,69
499328,499396,499398,2,68
499328,499397,499399,2,69
499328,499395,499399,4,67
499328,499397,499398,1,69
499328,499396,499398,2,68
499328,499397,499399,2,69
499328,499397,499399,2,69
499328,499397,499398,1,69
499328,499397,499398,1,69
499328,499398,499399,1,70
499328,499397,499398,1,69
499328,499397,499399,2,69
499328,499397,499399,2,69
499328,499397,499399,2,69
499328,499397,499399,2,69
499328,499397,499399,2,69
499328,499398,499399,1,70
499328,499397,499399,2,69
499328,499398,499399,1,70
499328,499399,499400,1,71
499328,499397,499400,3,69
499328,499399,499400,1,71
499328,499399,499400,1,71
499328,499399,499400,1,71
499328,499399,499400,1,71
499328,499399,499400,1,71
499328,499399,499400,1,71
499328,499400,499401,1,72
499328,499399,499401,2,71
499328,499399,499401,2,71
499328,499400,499402,2,72
499328,499400,499401,1,72
499328,499400,499401,1,72
499328,499399,499401,2,71
499328,499399,499401,2,71
499328,499400,499402,2,72
499328,499401,499402,1,73
499328,499399,499401,2,71
499328,499399,499401,2,71
499328,499401,499402,1,73
499328,499401,499402,1,73
499328,499400,499402,2,72
499328,499400,499402,2,72
499328,499401,499402,1,73
499328,499401,499402,1,73
499328,499401,499402,1,73
499328,499401,499402,1,73
499328,499401,499403,2,73
499328,499401,499402,1,73
499328,499402,499404,2,74
499328,499402,499403,1,74
499328,499402,499403,1,74
499328,499402,499403,1,74
499328,499403,499404,1,75
499328,499402,499403,1,74
499328,499403,499404,1,75
499328,499402,499404,2,74
499328,499402,499403,1,74
499328,499403,499404,1,75
499328,499403,499404,1,75
499328,499402,499404,2,74
499328,499403,499404,1,75
499328,499404,499405,1,76
499328,499404,499405,1,76
499328,499402,499404,2,74
499328,499403,499404,1,75
499328,499404,499405,1,76
499328,499402,499404,2,74
499328,499402,499404,2,74
499328,499404,499405,1,76
499328,499403,499405,2,75
499328,499403,499405,2,75
499328,499403,499405,2,75
499328,499404,499405,1,76
499328,499404,499405,1,76
499328,499404,499405,1,76
499328,499404,499405,1,76
499328,499405,499406,1,77
499328,499402,499406,4,74
499328,499403,499405,2,75
499328,499404,499405,1,76
499328,499405,499406,1,77
499328,499405,499406,1,77
499328,499405,499406,1,77
499328,499404,499406,2,76
499328,499405,499406,1,77
499328,499405,499407,2,77
499328,499405,499407,2,77
499328,499405,499406,1,77
499328,499405,499407,2,77
499328,499405,499407,2,77
499328,499406,499408,2,78
499328,499406,499408,2,78
499328,499406,499407,1,78
499328,499406,499407,1,78
499328,499405,499407,2,77
499328,499406,499408,2,78
499328,499406,499407,1,78
499328,499406,499408,2,78
499328,499406,499408,2,78
499328,499406,499407,1,78
499328,499406,499409,3,78
499356,499408,499409,1,52
499356,499408,499409,1,52
499328,499407,499408,1,79
499328,499407,499409,2,79
499328,499407,499408,1,79
499328,499407,499409,2,79
499328,499407,499408,1,79
499356,499408,499409,1,52
499356,499408,499409,1,52
499328,499407,499409,2,79
499356,499408,499409,1,52
499356,499408,499409,1,52
499356,499408,499409,1,52
499328,499406,499410,4,78
499356,499409,499410,1,53
499356,499409,499410,1,53
499356,499409,499410,1,53
499356,499409,499410,1,53
499356,499409,499410,1,53
499356,499408,499410,2,52
499356,499409,499410,1,53
499356,499409,499410,1,53
499356,499409,499410,1,53
499328,499407,499410,3,79
499328,499407,499410,3,79
499356,499408,499410,2,52
499356,499408,499410,2,52
499356,499409,499410,1,53
499356,499409,499411,2,53
499356,499409,499411,2,53
499356,499410,499411,1,54
499356,499410,499411,1,54
499356,499410,499411,1,54
499356,499410,499411,1,54
499356,499410,499412,2,54
499356,499410,499411,1,54
499356,499410,499411,1,54
499356,499410,499411,1,54
499356,499409,499412,3,53
499356,499410,499411,1,54
499356,499411,499412,1,55
499356,499410,499412,2,54
499356,499410,499412,2,54
499356,499410,499412,2,54
499356,499410,499412,2,54
499356,499411,499413,2,55
499356,499411,499413,2,55
499356,499410,499413,3,54
499356,499411,499413,2,55
499356,499410,499413,3,54
499356,499410,499413,3,54
499356,499411,499413,2,55
499356,499410,499413,3,54
499356,499411,499413,2,55
499356,499412,499413,1,56
499356,499412,499413,1,56
499356,499412,499414,2,56
499356,499413,499414,1,57
499356,499413,499414,1,57
499356,499413,499415,2,57
499356,499412,499415,3,56
499356,499413,499415,2,57
499356,499413,499414,1,57
499356,499413,499414,1,57
499356,499414,499415,1,58
499356,499414,499415,1,58
499356,499414,499416,2,58
499356,499415,499416,1,59
499356,499413,499415,2,57
499356,499414,499416,2,58
499356,499414,499415,1,58
499356,499414,499415,1,58
499356,499414,499416,2,58
499356,499414,499416,2,58
499356,499414,499416,2,58
499356,499415,499417,2,59
499356,499414,499417,3,58
499356,499414,499417,3,58
499356,499415,499417,2,59
499356,499416,499417,1,60
499356,499416,499417,1,60
499356,499416,499417,1,60
499356,499416,499417,1,60
499356,499416,499417,1,60
499356,499416,499417,1,60
499356,499417,499418,1,61
499356,499415,499417,2,59
499356,499414,499417,3,58
499356,499415,499418,3,59
499356,499416,499418,2,60
499356,499416,499418,2,60
499356,499417,499418,1,61
499356,499416,499418,2,60
499356,499417,499419,2,61
499356,499418,499419,1,62
499356,499418,499419,1,62
499356,499418,499419,1,62
499356,499418,499419,1,62
499356,499418,499419,1,62
499356,499416,499419,3,60
499356,499417,499419,2,61
499356,499417,499420,3,61
499356,499417,499419,2,61
499356,499418,499420,2,62
499356,499418,499420,2,62
499356,499418,499419,1,62
499356,499418,499419,1,62
499356,499419,499420,1,63
499356,499420,499421,1,64
499356,499420,499421,1,64
499356,499418,499420,2,62
499356,499418,499420,2,62
499356,499419,499421,2,63
499356,499417,499420,3,61
499356,499418,499421,3,62
499356,499420,499421,1,64
499356,499420,499421,1,64
499356,499420,499421,1,64
499356,499419,499421,2,63
499356,499421,499422,1,65
499356,499421,499422,1,65
499356,499420,499422,2,64
499356,499420,499422,2,64
499356,499420,499422,2,64
499356,499420,499422,2,64
499356,499421,499422,1,65
499356,499421,499422,1,65
499356,499421,499422,1,65
499356,499420,499423,3,64
499356,499420,499423,3,64
499356,499422,499423,1,66
499356,499422,499423,1,66
499356,499422,499423,1,66
499356,499421,499423,2,65
499356,499421,499423,2,65
499356,499422,499423,1,66
499356,499422,499423,1,66
499356,499421,499424,3,65
499356,499422,499424,2,66
499356,499422,499424,2,66
499356,499423,499424,1,67
499356,499423,499424,1,67
499356,499423,499424,1,67
499356,499421,499424,3,65
499356,499422,499425,3,66
499356,499423,499425,2,67
499371,499424,499425,1,53
499371,499424,499425,1,53
499356,499424,499425,1,68
499356,499424,499425,1,68
499356,499424,499425,1,68
499371,499425,499426,1,54
499371,499425,499426,1,54
499356,499423,499425,2,67
499356,499424,499425,1,68
499356,499424,499425,1,68
499356,499422,499425,3,66
499356,499422,499426,4,66
499356,499421,499425,4,65
499371,499425,499426,1,54
499371,499426,499427,1,55
499371,499426,499427,1,55
499371,499426,499427,1,55
499371,499426,499427,1,55
499371,499425,499426,1,54
499371,499425,499427,2,54
499356,499424,499426,2,68
499356,499424,499426,2,68
499371,499426,499427,1,55
499371,499426,499427,1,55
499371,499427,499428,1,56
499371,499427,499428,1,56
499371,499427,499428,1,56
499371,499426,499427,1,55
499371,499427,499428,1,56
499371,499427,499428,1,56
499371,499425,499427,2,54
499371,499426,499427,1,55
499371,499427,499428,1,56
499371,499428,499429,1,57
499371,499427,499428,1,56
499371,499427,499428,1,56
499371,499427,499429,2,56
499371,499427,499429,2,56
499371,499428,499429,1,57
499371,499427,499429,2,56
499371,499427,499429,2,56
499371,499426,499429,3,55
499371,499428,499429,1,57
499371,499428,499429,1,57
499371,499428,499429,1,57
499371,499428,499429,1,57
499371,499428,499429,1,57
499371,499429,499430,1,58
499371,499428,499430,2,57
499371,499429,499430,1,58
499371,499429,499430,1,58
499371,499429,499430,1,58
499371,499429,499431,2,58
499371,499430,499431,1,59
499371,499430,499431,1,59
499371,499428,499430,2,57
499371,499430,499431,1,59
499371,499430,499431,1,59
499371,499430,499431,1,59
499371,499429,499431,2,58
499371,499430,499432,2,59
499371,499431,499432,1,60
499371,499429,499432,3,58
499371,499429,499432,3,58
499371,499430,499432,2,59
499371,499431,499432,1,60
499371,499431,499432,1,60
499371,499431,499432,1,60
499371,499431,499433,2,60
499371,499431,499432,1,60
499371,499429,499432,3,58
499371,499429,499433,4,58
499371,499432,499433,1,61
499371,499432,499433,1,61
499371,499432,499433,1,61
499371,499432,499433,1,61
499371,499432,499433,1,61
499371,499433,499434,1,62
499371,499433,499434,1,62
499371,499433,499434,1,62
499371,499433,499434,1,62
499371,499432,499435,3,61
499371,499433,499435,2,62
499371,499431,499435,4,60
499371,499432,499434,2,61
499371,499432,499434,2,61
499371,499432,499435,3,61
499371,499434,499435,1,63
499371,499434,499435,1,63
499371,499434,499435,1,63
499371,499434,499435,1,63
499371,499434,499435,1,63
499371,499434,499435,1,63
499371,499434,499435,1,63
499371,499435,499436,1,64
499371,499435,499436,1,64
499371,499435,499437,2,64
499371,499433,499436,3,62
499371,499435,499437,2,64
499371,499435,499437,2,64
499371,499436,499437,1,65
499371,499436,499438,2,65
499371,499436,499438,2,65
499371,499436,499437,1,65
499371,499435,499438,3,64
499371,499435,499438,3,64
499371,499435,499438,3,64
499371,499435,499438,3,64
499371,499435,499438,3,64
499371,499437,499438,1,66
499371,499437,499438,1,66
499371,499437,499438,1,66
499371,499435,499438,3,64
499371,499438,499439,1,67
499371,499438,499439,1,67
499371,499438,499439,1,67
499371,499438,499439,1,67
499371,499438,499439,1,67
499371,499438,499440,2,67
499371,499437,499439,2,66
499371,499439,499440,1,68
499371,499439,499440,1,68
499371,499439,499440,1,68
499371,499439,499440,1,68
499371,499439,499441,2,68
499371,499438,499441,3,67
499371,499440,499441,1,69
499371,499440,499441,1,69
499371,499440,499442,2,69
499371,499440,499442,2,69
499371,499439,499442,3,68
499371,499439,499442,3,68
499371,499439,499442,3,68
499371,499439,499442,3,68
499371,499439,499442,3,68
499371,499441,499442,1,70
499371,499441,499442,1,70
499371,499441,499442,1,70
499371,499441,499442,1,70
499371,499439,499442,3,68
499371,499440,499443,3,69
499371,499441,499443,2,70
499371,499442,499443,1,71
499372,499443,499444,1,71
499372,499443,499444,1,71
499371,499442,499443,1,71
499372,499443,499444,1,71
499371,499441,499444,3,70
499371,499443,499444,1,72
499371,499443,499444,1,72
499371,499443,499444,1,72
499371,499443,499444,1,72
499372,499444,499445,1,72
499372,499444,499445,1,72
499372,499444,499445,1,72
499372,499444,499445,1,72
499371,499443,499445,2,72
499371,499443,499445,2,72
499371,499443,499445,2,72
499371,499443,499445,2,72
499371,499443,499445,2,72
499372,499445,499446,1,73
499372,499445,499446,1,73
499372,499444,499445,1,72
499372,499445,499446,1,73
499372,499445,499446,1,73
499372,499445,499446,1,73
499372,499446,499447,1,74
499372,499446,499447,1,74
499372,499446,499447,1,74
499372,499446,499447,1,74
499372,499446,499447,1,74
499372,499446,499447,1,74
499372,499446,499447,1,74
499372,499447,499448,1,75
499372,499447,499448,1,75
499372,499446,499447,1,74
499372,499446,499447,1,74
499372,499446,499448,2,74
499372,499447,499448,1,75
499372,499447,499448,1,75
499372,499446,499448,2,74
499372,499446,499448,2,74
499372,499446,499448,2,74
499372,499446,499448,2,74
499371,499448,499449,1,77
499371,499448,499449,1,77
499372,499447,499449,2,75
499372,499447,499449,2,75
499372,499447,499449,2,75
499372,499448,499449,1,76
499372,499448,499449,1,76
499372,499448,499449,1,76
499372,499448,499449,1,76
499372,499448,499449,1,76
499372,499448,499449,1,76
499372,499448,499450,2,76
499372,499449,499450,1,77
499372,499449,499450,1,77
499372,499449,499450,1,77
499372,499450,499451,1,78
499372,499450,499451,1,78
499372,499450,499452,2,78
499372,499450,499451,1,78
499372,499451,499452,1,79
499372,499449,499452,3,77
499372,499449,499452,3,77
499372,499449,499452,3,77
499372,499449,499452,3,77
499372,499450,499451,1,78
499372,499450,499451,1,78
499372,499450,499451,1,78
499372,499450,499451,1,78
499372,499451,499452,1,79
499372,499451,499452,1,79
499372,499451,499453,2,79
499372,499450,499452,2,78
499372,499451,499452,1,79
499372,499452,499453,1,80
499372,499452,499453,1,80
499372,499452,499453,1,80
499372,499452,499453,1,80
499372,499452,499454,2,80
499372,499452,499453,1,80
499372,499452,499453,1,80
499372,499452,499453,1,80
499372,499453,499454,1,81
499372,499452,499454,2,80
499372,499453,499454,1,81
499372,499452,499455,3,80
499372,499452,499455,3,80
499372,499452,499455,3,80
499372,499452,499455,3,80
499372,499454,499455,1,82
499372,499453,499455,2,81
499372,499453,499455,2,81
499372,499454,499455,1,82
499372,499454,499455,1,82
499372,499454,499455,1,82
499372,499454,499456,2,82
499372,499454,499456,2,82
499372,499454,499456,2,82
499372,499454,499456,2,82
499372,499455,499456,1,83
499372,499456,499457,1,84
499372,499455,499456,1,83
499372,499456,499457,1,84
499372,499456,499457,1,84
499372,499456,499457,1,84
499372,499456,499457,1,84
499372,499456,499457,1,84
499372,499456,499458,2,84
499372,499455,499457,2,83
499372,499456,499457,1,84
499372,499456,499457,1,84
499372,499456,499457,1,84
499372,499455,499457,2,83
499372,499455,499457,2,83
499372,499455,499457,2,83
499372,499455,499457,2,83
499372,499457,499458,1,85
499372,499457,499458,1,85
499372,499457,499458,1,85
499372,499457,499459,2,85
499372,499458,499459,1,86
499372,499458,499459,1,86
499372,499458,499459,1,86
499372,499458,499459,1,86
499372,499458,499460,2,86
499372,499458,499459,1,86
499372,499458,499460,2,86
499372,499459,499460,1,87
499372,499459,499460,1,87
499372,499458,499460,2,86
499372,499458,499460,2,86
499372,499459,499460,1,87
499372,499458,499461,3,86
499372,499458,499460,2,86
499372,499458,499461,3,86
499372,499458,499461,3,86
499372,499460,499461,1,88
499372,499460,499461,1,88
499372,499460,499461,1,88
499372,499460,499461,1,88
499372,499460,499461,1,88
499372,499460,499462,2,88
499372,499460,499461,1,88
499387,499462,499463,1,75
499372,499461,499462,1,89
499372,499461,499462,1,89
499372,499461,499462,1,89
499387,499462,499463,1,75
499387,499462,499463,1,75
499387,499461,499463,2,74
499387,499463,499464,1,76
499372,499461,499463,2,89
499372,499461,499463,2,89
499372,499461,499463,2,89
499387,499463,499464,1,76
499372,499461,499464,3,89
499387,499463,499464,1,76
499387,499463,499464,1,76
499387,499461,499463,2,74
499387,499464,499465,1,77
499387,499464,499465,1,77
499387,499464,499465,1,77
499387,499464,499465,1,77
499387,499464,499465,1,77
499387,499463,499465,2,76
499387,499464,499465,1,77
499372,499461,499465,4,89
499387,499464,499465,1,77
499387,499465,499466,1,78
499387,499465,499466,1,78
499387,499465,499466,1,78
499387,499464,499465,1,77
499387,499464,499466,2,77
499387,499464,499466,2,77
499387,499464,499465,1,77
499387,499465,499466,1,78
499387,499465,499466,1,78
499387,499465,499466,1,78
499387,499466,499467,1,79
495980,495980,499467,3487,0
499387,499465,499466,1,78
499387,499465,499466,1,78
499387,499465,499467,2,78
499387,499466,499467,1,79
499387,499466,499467,1,79
499387,499466,499467,1,79
499387,499467,499468,1,80
499387,499467,499468,1,80
499387,499466,499468,2,79
499387,499466,499468,2,79
499387,499467,499468,1,80
499387,499466,499468,2,79
499387,499466,499468,2,79
499372,499461,499464,3,89
499387,499467,499468,1,80
499387,499466,499469,3,79
499387,499468,499469,1,81
499387,499468,499469,1,81
499387,499467,499468,1,80
499387,499467,499468,1,80
499387,499467,499468,1,80
499387,499468,499469,1,81
499387,499468,499469,1,81
499387,499467,499469,2,80
499387,499468,499469,1,81
499387,499468,499469,1,81
499387,499469,499470,1,82
499387,499469,499470,1,82
499387,499468,499470,2,81
499387,499469,499470,1,82
499387,499469,499470,1,82
499387,499469,499470,1,82
499387,499469,499471,2,82
499387,499468,499470,2,81
499387,499469,499470,1,82
499387,499469,499470,1,82
499387,499470,499471,1,83
499387,499470,499471,1,83
499387,499469,499471,2,82
499387,499469,499471,2,82
499387,499469,499472,3,82
499387,499470,499471,1,83
499387,499470,499471,1,83
499387,499470,499471,1,83
499387,499470,499471,1,83
499387,499470,499471,1,83
499387,499471,499472,1,84
499387,499471,499472,1,84
499387,499470,499472,2,83
499387,499471,499472,1,84
499387,499470,499472,2,83
499387,499472,499473,1,85
499387,499472,499473,1,85
499387,499471,499472,1,84
499387,499472,499473,1,85
499387,499472,499473,1,85
499387,499473,499474,1,86
499387,499472,499474,2,85
499387,499472,499473,1,85
499387,499473,499474,1,86
499387,499471,499473,2,84
499387,499471,499473,2,84
499387,499472,499473,1,85
499387,499473,499474,1,86
499387,499473,499474,1,86
499387,499472,499474,2,85
499387,499472,499473,1,85
499387,499473,499474,1,86
499387,499474,499475,1,87
499387,499474,499475,1,87
499387,499472,499474,2,85
499387,499474,499475,1,87
499387,499474,499475,1,87
499387,499474,499475,1,87
499387,499475,499476,1,88
499387,499475,499476,1,88
499387,499473,499475,2,86
499387,499474,499476,2,87
499387,499474,499475,1,87
499387,499474,499475,1,87
499387,499474,499476,2,87
499387,499473,499475,2,86
499387,499474,499476,2,87
499387,499474,499475,1,87
499387,499475,499476,1,88
499387,499475,499476,1,88
499387,499475,499476,1,88
499387,499475,499476,1,88
499387,499476,499477,1,89
499387,499476,499477,1,89
499387,499476,499477,1,89
499387,499475,499477,2,88
499387,499476,499477,1,89
499387,499476,499477,1,89
499387,499476,499477,1,89
499387,499476,499478,2,89
499387,499476,499477,1,89
499387,499476,499478,2,89
499387,499477,499478,1,90
499387,499477,499478,1,90
499387,499476,499479,3,89
499387,499476,499479,3,89
499387,499477,499478,1,90
499387,499476,499479,3,89
499468,499478,499479,1,10
499468,499478,499479,1,10
499387,499476,499479,3,89
499387,499476,499479,3,89
499387,499477,499478,1,90
499468,499478,499479,1,10
499468,499478,499479,1,10
499387,499478,499479,1,91
499468,499479,499480,1,11
499468,499479,499480,1,11
499468,499479,499480,1,11
499468,499479,499480,1,11
499468,499479,499480,1,11
499468,499479,499480,1,11
499468,499479,499480,1,11
499468,499480,499481,1,12
499468,499480,499481,1,12
499468,499479,499481,2,11
499468,499479,499481,2,11
499468,499479,499481,2,11
499468,499479,499481,2,11
499468,499479,499481,2,11
499468,499480,499481,1,12
499468,499480,499481,1,12
499468,499480,499481,1,12
499468,499481,499482,1,13
499468,499481,499482,1,13
499468,499480,499481,1,12
499387,499478,499481,3,91
499468,499481,499482,1,13
499468,499481,499482,1,13
499468,499482,499483,1,14
499468,499481,499483,2,13
499468,499481,499483,2,13
499468,499481,499483,2,13
499468,499481,499483,2,13
499468,499481,499482,1,13
499468,499482,499483,1,14
499468,499482,499483,1,14
499468,499482,499483,1,14
499468,499482,499483,1,14
499468,499482,499484,2,14
499468,499481,499483,2,13
499468,499482,499484,2,14
499468,499484,499485,1,16
499468,499483,499484,1,15
499468,499483,499484,1,15
499468,499484,499485,1,16
499468,499482,499485,3,14
499468,499483,499485,2,15
499468,499484,499485,1,16
499468,499484,499485,1,16
499468,499485,499486,1,17
499468,499484,499485,1,16
499468,499483,499485,2,15
499468,499483,499486,3,15
499468,499483,499485,2,15
499468,499483,499486,3,15
499468,499484,499486,2,16
499468,499485,499486,1,17
499468,499485,499486,1,17
499468,499485,499486,1,17
499468,499486,499487,1,18
499468,499484,499487,3,16
499468,499485,499487,2,17
499468,499485,499487,2,17
499468,499486,499487,1,18
499468,499486,499487,1,18
499468,499487,499488,1,19
499468,499487,499488,1,19
499468,499486,499488,2,18
499468,499486,499488,2,18
499468,499486,499488,2,18
499468,499487,499488,1,19
499468,499488,499489,1,20
499468,499487,499488,1,19
499468,499487,499488,1,19
499468,499486,499489,3,18
499468,499486,499489,3,18
499468,499488,499489,1,20
499468,499488,499489,1,20
499468,499488,499489,1,20
499468,499488,499489,1,20
499468,499489,499490,1,21
499468,499489,499490,1,21
499468,499488,499490,2,20
499468,499488,499490,2,20
499468,499487,499490,3,19
499468,499487,499489,2,19
499468,499489,499490,1,21
499468,499489,499490,1,21
499468,499488,499491,3,20
499468,499490,499491,1,22
499468,499490,499491,1,22
499468,499490,499491,1,22
499468,499491,499492,1,23
499468,499490,499492,2,22
499468,499490,499492,2,22
499468,499490,499492,2,22
499468,499490,499492,2,22
499468,499489,499492,3,21
499468,499489,499492,3,21
499468,499491,499492,1,23
499468,499492,499493,1,24
499468,499492,499493,1,24
499468,499492,499493,1,24
499468,499492,499493,1,24
499468,499490,499493,3,22
499468,499490,499493,3,22
499468,499490,499493,3,22
499468,499492,499493,1,24
499468,499492,499493,1,24
499468,499493,499494,1,25
499468,499492,499493,1,24
499468,499492,499493,1,24
499468,499492,499494,2,24
499468,499493,499494,1,25
499468,499493,499494,1,25
499468,499494,499495,1,26
499468,499494,499495,1,26
499468,499493,499495,2,25
499468,499493,499494,1,25
499468,499494,499495,1,26
499468,499492,499495,3,24
499468,499494,499495,1,26
499468,499493,499495,2,25
499468,499494,499496,2,26
499468,499494,499495,1,26
499468,499494,499495,1,26
499468,499494,499496,2,26
499468,499493,499495,2,25
499468,499494,499496,2,26
499468,499495,499496,1,27
499468,499495,499496,1,27
499468,499495,499497,2,27
499468,499496,499497,1,28
499468,499496,499497,1,28
499468,499496,499497,1,28
499468,499496,499498,2,28
499468,499496,499497,1,28
499468,499496,499497,1,28
499468,499496,499498,2,28
499468,499496,499498,2,28
499468,499496,499498,2,28
499468,499497,499498,1,29
499468,499497,499498,1,29
499468,499497,499499,2,29
499468,499497,499499,2,29
499468,499498,499499,1,30
499468,499496,499499,3,28
499468,499497,499499,2,29
499387,499469,499472,3,82
499387,499518,499521,3,131
495988,495988,500867,4879,0
500868,500869,500870,1,1
500868,500868,500870,2,0
500868,500868,500870,2,0
500868,500868,500870,2,0
500868,500868,500870,2,0
500868,500868,500870,2,0
500868,500868,500870,2,0
500868,500869,500871,2,1
500868,500869,500870,1,1
500868,500870,500871,1,2
500868,500868,500871,3,0
500868,500869,500871,2,1
500868,500868,500871,3,0
500868,500868,500871,3,0
500868,500868,500870,2,0
500868,500870,500871,1,2
500868,500870,500871,1,2
500868,500870,500872,2,2
500868,500870,500872,2,2
500868,500870,500872,2,2
500868,500870,500872,2,2
500868,500870,500872,2,2
500868,500871,500873,2,3
500868,500871,500872,1,3
500868,500871,500872,1,3
500868,500871,500873,2,3
500868,500870,500873,3,2
500868,500871,500873,2,3
500868,500872,500873,1,4
500868,500872,500873,1,4
495971,495971,500874,4903,0
500868,500869,500874,5,1
500868,500873,500874,1,5
500868,500873,500874,1,5
500868,500873,500874,1,5
500868,500871,500874,3,3
500868,500873,500874,1,5
500868,500873,500874,1,5
500868,500873,500874,1,5
500868,500873,500875,2,5
500868,500872,500875,3,4
500868,500872,500875,3,4
500868,500874,500876,2,6
500868,500874,500876,2,6
500868,500874,500875,1,6
500868,500874,500875,1,6
500868,500875,500876,1,7
500868,500875,500876,1,7
500868,500875,500876,1,7
500868,500875,500876,1,7
500868,500871,500876,5,3
500868,500875,500876,1,7
500868,500874,500877,3,6
500868,500875,500877,2,7
500868,500875,500877,2,7
500868,500876,500877,1,8
500868,500876,500877,1,8
500868,500875,500877,2,7
500868,500876,500878,2,8
500868,500876,500877,1,8
500868,500876,500877,1,8
500868,500875,500878,3,7
500868,500876,500878,2,8
500868,500877,500878,1,9
500868,500877,500878,1,9
500868,500877,500878,1,9
500868,500877,500878,1,9
500868,500877,500878,1,9
500868,500877,500879,2,9
500868,500878,500880,2,10
500868,500878,500880,2,10
500868,500878,500879,1,10
500868,500878,500879,1,10
500868,500879,500880,1,11
500868,500879,500880,1,11
500868,500879,500880,1,11
500868,500879,500880,1,11
500868,500878,500880,2,10
500868,500878,500880,2,10
500868,500878,500880,2,10
500868,500879,500881,2,11
500868,500878,500881,3,10
500868,500880,500881,1,12
500868,500880,500881,1,12
500868,500880,500882,2,12
500868,500881,500882,1,13
500868,500881,500882,1,13
500868,500878,500882,4,10
500868,500880,500882,2,12
500868,500880,500882,2,12
500868,500881,500883,2,13
500868,500881,500883,2,13
500868,500873,500883,10,5
500868,500881,500883,2,13
500868,500881,500883,2,13
500868,500879,500884,5,11
500868,500881,500883,2,13
500868,500881,500883,2,13
500868,500882,500884,2,14
500868,500882,500884,2,14
500868,500883,500885,2,15
500868,500883,500884,1,15
500868,500883,500884,1,15
500868,500883,500885,2,15
500868,500883,500885,2,15
500868,500883,500885,2,15
500868,500883,500885,2,15
500868,500884,500885,1,16
500868,500882,500885,3,14
500868,500884,500885,1,16
500868,500884,500886,2,16
500868,500884,500886,2,16
500868,500884,500885,1,16
500868,500884,500885,1,16
500868,500885,500886,1,17
500868,500885,500886,1,17
500868,500883,500885,2,15
500868,500884,500886,2,16
500868,500885,500887,2,17
500868,500885,500887,2,17
500868,500885,500887,2,17
500868,500879,500887,8,11
500868,500885,500887,2,17
500868,500885,500887,2,17
500868,500886,500888,2,18
500868,500886,500888,2,18
500868,500886,500888,2,18
500868,500886,500888,2,18
500868,500887,500888,1,19
500868,500887,500888,1,19
500868,500886,500889,3,18
500868,500887,500889,2,19
500868,500887,500889,2,19
500868,500887,500890,3,19
500868,500888,500890,2,20
500868,500889,500890,1,21
500868,500889,500891,2,21
500868,500886,500890,4,18
500868,500886,500890,4,18
500868,500888,500890,2,20
500868,500889,500890,1,21
500868,500889,500890,1,21
500868,500888,500890,2,20
500868,500888,500890,2,20
500868,500889,500892,3,21
500875,500891,500892,1,16
500875,500891,500892,1,16
500868,500889,500891,2,21
500875,500890,500892,2,15
500875,500890,500891,1,15
500875,500892,500893,1,17
500875,500891,500892,1,16
500875,500891,500892,1,16
500875,500891,500892,1,16
500875,500892,500893,1,17
500875,500892,500893,1,17
500875,500891,500893,2,16
500868,500884,500893,9,16
500875,500892,500893,1,17
500875,500891,500893,2,16
500868,500887,500894,7,19
500875,500892,500893,1,17
500875,500893,500894,1,18
500875,500893,500894,1,18
500875,500891,500893,2,16
500875,500892,500894,2,17
500875,500892,500894,2,17
500875,500892,500894,2,17
500875,500893,500894,1,18
500875,500893,500894,1,18
500875,500893,500895,2,18
500875,500893,500895,2,18
500875,500894,500895,1,19
500875,500893,500895,2,18
500875,500894,500895,1,19
500875,500894,500896,2,19
500875,500894,500895,1,19
500875,500894,500896,2,19
500875,500894,500895,1,19
500875,500894,500896,2,19
500875,500895,500896,1,20
500875,500894,500896,2,19
500875,500895,500896,1,20
500875,500894,500897,3,19
500875,500895,500897,2,20
500875,500896,500897,1,21
500875,500895,500897,2,20
500875,500896,500898,2,21
500875,500895,500897,2,20
500875,500896,500897,1,21
500875,500895,500898,3,20
500875,500897,500898,1,22
500875,500896,500898,2,21
500875,500896,500899,3,21
500875,500897,500899,2,22
500875,500897,500898,1,22
500875,500897,500899,2,22
500875,500898,500899,1,23
500875,500898,500900,2,23
500868,500888,500900,12,20
500875,500894,500900,6,19
500875,500898,500900,2,23
500875,500898,500900,2,23
500875,500898,500899,1,23
500875,500894,500900,6,19
500875,500899,500901,2,24
500875,500898,500900,2,23
500875,500899,500901,2,24
500875,500900,500901,1,25
500875,500899,500901,2,24
500875,500900,500902,2,25
500875,500900,500902,2,25
500875,500898,500901,3,23
500875,500900,500901,1,25
500875,500899,500901,2,24
500875,500899,500902,3,24
500875,500899,500901,2,24
500875,500900,500902,2,25
500875,500900,500903,3,25
500875,500901,500903,2,26
500875,500901,500902,1,26
500875,500901,500902,1,26
500875,500901,500903,2,26
500875,500902,500904,2,27
500875,500900,500904,4,25
500875,500902,500904,2,27
500875,500902,500903,1,27
500875,500902,500904,2,27
500875,500902,500904,2,27
500875,500902,500904,2,27
500875,500903,500905,2,28
500875,500902,500904,2,27
500875,500903,500905,2,28
500875,500902,500904,2,27
500875,500903,500905,2,28
500875,500903,500904,1,28
500875,500901,500905,4,26
500875,500904,500906,2,29
500875,500903,500906,3,28
500875,500903,500905,2,28
500875,500904,500906,2,29
500875,500904,500906,2,29
500875,500905,500907,2,30
500875,500900,500907,7,25
500875,500904,500906,2,29
500875,500905,500907,2,30
500875,500905,500907,2,30
500875,500904,500907,3,29
500875,500905,500906,1,30
500875,500906,500907,1,31
500875,500905,500908,3,30
500875,500905,500907,2,30
500875,500906,500908,2,31
500875,500906,500908,2,31
500875,500905,500908,3,30
500875,500906,500908,2,31
500875,500906,500908,2,31
500875,500906,500909,3,31
500875,500906,500909,3,31
500875,500907,500909,2,32
500875,500908,500909,1,33
500875,500908,500910,2,33
500875,500907,500910,3,32
500875,500907,500910,3,32
500875,500908,500910,2,33
500875,500908,500910,2,33
500875,500907,500910,3,32
500875,500909,500910,1,34
500875,500909,500910,1,34
500875,500908,500910,2,33
500875,500907,500911,4,32
500875,500907,500910,3,32
500875,500909,500911,2,34
500875,500908,500911,3,33
500875,500909,500911,2,34
500875,500910,500912,2,35
500875,500909,500912,3,34
500875,500909,500912,3,34
500875,500910,500912,2,35
500875,500911,500912,1,36
500875,500911,500912,1,36
500875,500911,500912,1,36
500875,500910,500912,2,35
500875,500911,500912,1,36
500875,500910,500913,3,35
500875,500912,500913,1,37
500875,500911,500914,3,36
500875,500911,500914,3,36
500875,500910,500913,3,35
500875,500912,500914,2,37
500875,500912,500914,2,37
500875,500912,500914,2,37
500875,500912,500915,3,37
500875,500912,500913,1,37
495974,495974,501075,5101,0
501077,501077,501078,1,0
501077,501077,501078,1,0
501077,501077,501078,1,0
501077,501077,501079,2,0
501077,501077,501079,2,0
501077,501077,501078,1,0
501077,501077,501079,2,0
501077,501077,501078,1,0
501077,501077,501078,1,0
501077,501077,501079,2,0
501077,501078,501079,1,1
501077,501078,501079,1,1
501077,501079,501080,1,2
501077,501077,501079,2,0
501077,501079,501080,1,2
501077,501079,501080,1,2
501077,501077,501079,2,0
501077,501080,501081,1,3
501077,501079,501081,2,2
501077,501079,501080,1,2
501077,501079,501080,1,2
501077,501079,501080,1,2
501077,501080,501081,1,3
501077,501079,501081,2,2
495969,495969,501077,5108,0
501077,501077,501082,5,0
501077,501077,501082,5,0
501077,501079,501081,2,2
501077,501081,501082,1,4
501077,501080,501081,1,3
501077,501081,501082,1,4
501077,501079,501082,3,2
501077,501080,501082,2,3
501077,501081,501082,1,4
501077,501081,501083,2,4
501077,501080,501083,3,3
501077,501081,501083,2,4
501077,501081,501083,2,4
501077,501082,501084,2,5
501077,501082,501083,1,5
501077,501082,501083,1,5
501077,501082,501084,2,5
501077,501081,501083,2,4
501077,501082,501084,2,5
501077,501082,501084,2,5
501077,501083,501084,1,6
501077,501083,501085,2,6
501077,501083,501085,2,6
501077,501083,501085,2,6
501077,501084,501085,1,7
501077,501082,501084,2,5
501077,501077,501083,6,0
501077,501077,501083,6,0
501077,501077,501085,8,0
501077,501084,501085,1,7
501077,501082,501085,3,5
501077,501084,501085,1,7
501077,501084,501086,2,7
501077,501084,501086,2,7
501077,501084,501086,2,7
501077,501086,501087,1,9
501077,501084,501087,3,7
501077,501085,501087,2,8
501077,501085,501087,2,8
501077,501085,501086,1,8
501077,501085,501086,1,8
501077,501085,501086,1,8
501077,501086,501087,1,9
501077,501085,501088,3,8
501077,501087,501088,1,10
501077,501087,501088,1,10
501077,501085,501088,3,8
501077,501086,501088,2,9
501077,501087,501089,2,10
501077,501087,501089,2,10
501077,501087,501089,2,10
501077,501087,501088,1,10
501077,501087,501088,1,10
501077,501088,501089,1,11
501077,501086,501089,3,9
501077,501082,501087,5,5
501077,501087,501089,2,10
501077,501088,501089,1,11
501077,501086,501090,4,9
501077,501088,501091,3,11
501077,501090,501091,1,13
501077,501089,501091,2,12
501077,501089,501091,2,12
501077,501090,501091,1,13
501077,501090,501091,1,13
501077,501089,501091,2,12
501077,501090,501091,1,13
501077,501088,501091,3,11
501077,501088,501091,3,11
501077,501090,501092,2,13
501077,501090,501092,2,13
501077,501090,501092,2,13
501077,501085,501091,6,8
501077,501091,501092,1,14
501077,501087,501093,6,10
501077,501091,501093,2,14
501077,501091,501093,2,14
501077,501092,501093,1,15
501077,501092,501093,1,15
501077,501092,501093,1,15
501077,501092,501093,1,15
501077,501092,501094,2,15
501077,501091,501094,3,14
501077,501093,501094,1,16
501077,501093,501094,1,16
501077,501094,501095,1,17
501077,501094,501095,1,17
501077,501092,501094,2,15
501077,501092,501095,3,15
501077,501093,501095,2,16
501077,501093,501095,2,16
501077,501085,501094,9,8
501077,501093,501095,2,16
501077,501093,501095,2,16
501077,501094,501096,2,17
501077,501094,501095,1,17
501077,501094,501095,1,17
501077,501093,501096,3,16
501077,501095,501096,1,18
501077,501095,501096,1,18
501077,501095,501096,1,18
501077,501095,501096,1,18
501077,501094,501096,2,17
501077,501095,501097,2,18
501077,501096,501097,1,19
501077,501095,501098,3,18
501077,501096,501097,1,19
501077,501095,501098,3,18
501077,501096,501098,2,19
501077,501097,501098,1,20
501077,501097,501099,2,20
501077,501096,501098,2,19
501077,501096,501098,2,19
501077,501096,501098,2,19
501077,501097,501098,1,20
501077,501097,501098,1,20
501077,501085,501096,11,8
501077,501090,501097,7,13
501077,501098,501099,1,21
501077,501098,501099,1,21
501082,501099,501100,1,17
501077,501097,501100,3,20
501082,501098,501099,1,16
501082,501099,501100,1,17
501082,501099,501101,2,17
501082,501099,501100,1,17
501082,501100,501101,1,18
501082,501100,501101,1,18
501077,501098,501101,3,21
501082,501100,501101,1,18
501082,501101,501102,1,19
501082,501101,501102,1,19
501082,501101,501102,1,19
501082,501100,501102,2,18
501082,501098,501102,4,16
501082,501101,501102,1,19
501082,501102,501103,1,20
501082,501101,501103,2,19
501082,501102,501103,1,20
501082,501101,501103,2,19
501082,501099,501103,4,17
501082,501102,501103,1,20
501082,501103,501104,1,21
501082,501102,501103,1,20
501082,501103,501104,1,21
501082,501101,501103,2,19
501082,501101,501103,2,19
501082,501102,501103,1,20
501077,501096,501104,8,19
501077,501096,501104,8,19
501082,501099,501103,4,17
501082,501101,501104,3,19
501082,501103,501105,2,21
501082,501103,501104,1,21
501082,501102,501105,3,20
501082,501104,501105,1,22
501082,501104,501105,1,22
501082,501104,501105,1,22
501082,501104,501106,2,22
501082,501104,501106,2,22
501082,501104,501105,1,22
501082,501103,501106,3,21
501082,501104,501106,2,22
501082,501105,501106,1,23
501082,501103,501107,4,21
501082,501106,501107,1,24
501082,501106,501107,1,24
501082,501106,501108,2,24
501082,501106,501107,1,24
501082,501105,501107,2,23
501082,501106,501108,2,24
501082,501106,501107,1,24
501082,501105,501108,3,23
501082,501105,501108,3,23
501082,501103,501106,3,21
501082,501107,501108,1,25
501082,501108,501109,1,26
501082,501106,501108,2,24
501082,501108,501109,1,26
501082,501108,501109,1,26
501082,501108,501110,2,26
501082,501108,501110,2,26
501082,501107,501110,3,25
501082,501109,501110,1,27
501082,501108,501110,2,26
501082,501108,501111,3,26
501082,501108,501111,3,26
501082,501109,501111,2,27
501082,501109,501111,2,27
501082,501108,501111,3,26
501082,501110,501111,1,28
501082,501110,501112,2,28
501082,501110,501112,2,28
501082,501110,501111,1,28
501082,501104,501109,5,22
501082,501111,501112,1,29
501082,501110,501112,2,28
501082,501111,501113,2,29
501082,501112,501113,1,30
501082,501109,501113,4,27
501082,501112,501113,1,30
501082,501112,501114,2,30
501082,501112,501114,2,30
501082,501112,501113,1,30
501082,501111,501114,3,29
501082,501111,501114,3,29
501082,501111,501114,3,29
501082,501113,501114,1,31
501082,501113,501116,3,31
501082,501114,501115,1,32
501082,501112,501115,3,30
501082,501114,501116,2,32
501082,501114,501116,2,32
501082,501114,501115,1,32
501082,501114,501116,2,32
501082,501114,501116,2,32
501082,501115,501116,1,33
501082,501113,501116,3,31
501082,501115,501116,1,33
501082,501115,501117,2,33
501082,501115,501117,2,33
501082,501116,501118,2,34
501082,501116,501117,1,34
501082,501117,501118,1,35
501082,501116,501118,2,34
501082,501116,501118,2,34
501082,501116,501117,1,34
501082,501116,501118,2,34
501082,501117,501118,1,35
501082,501117,501118,1,35
501082,501116,501118,2,34
501082,501116,501118,2,34
501082,501104,501116,12,22
501082,501118,501120,2,36
501082,501118,501119,1,36
501082,501118,501119,1,36
501082,501118,501119,1,36
501082,501118,501119,1,36
501082,501118,501120,2,36
501082,501118,501120,2,36
501082,501119,501120,1,37
501082,501118,501120,2,36
501082,501120,501121,1,38
501082,501119,501120,1,37
501082,501118,501120,2,36
501082,501119,501121,2,37
501082,501120,501122,2,38
501082,501120,501122,2,38
501082,501104,501122,18,22
501082,501112,501122,10,30
501082,501120,501122,2,38
501082,501121,501122,1,39
501082,501120,501122,2,38
501082,501120,501122,2,38
501082,501121,501122,1,39
501082,501119,501122,3,37
501082,501121,501123,2,39
501082,501121,501123,2,39
501082,501121,501123,2,39
501082,501122,501124,2,40
501082,501121,501124,3,39
501082,501122,501124,2,40
501082,501122,501124,2,40
501082,501109,501123,14,27
501082,501119,501123,4,37
501082,501123,501128,5,41
501082,501123,501129,6,41
499227,499267,502493,3226,40
502494,502494,502495,1,0
502494,502494,502495,1,0
502494,502494,502495,1,0
502494,502494,502495,1,0
502494,502494,502496,2,0
502494,502494,502496,2,0
502494,502494,502495,1,0
502494,502494,502495,1,0
502494,502494,502495,1,0
502494,502494,502496,2,0
502494,502494,502496,2,0
502494,502494,502496,2,0
502494,502495,502496,1,1
502494,502495,502496,1,1
502494,502494,502496,2,0
502494,502494,502496,2,0
502494,502495,502496,1,1
502494,502496,502497,1,2
502494,502496,502498,2,2
502494,502496,502497,1,2
502494,502496,502497,1,2
502494,502496,502498,2,2
502494,502496,502497,1,2
502494,502497,502498,1,3
502494,502496,502499,3,2
502494,502496,502498,2,2
502494,502496,502498,2,2
502494,502497,502499,2,3
502494,502497,502498,1,3
502494,502498,502499,1,4
502494,502498,502499,1,4
502494,502497,502500,3,3
502494,502498,502501,3,4
502494,502494,502501,7,0
502494,502498,502500,2,4
502494,502498,502500,2,4
502494,502499,502501,2,5
502494,502499,502501,2,5
502494,502499,502501,2,5
502494,502499,502501,2,5
502494,502499,502502,3,5
502494,502500,502501,1,6
502494,502500,502501,1,6
502494,502501,502503,2,7
502494,502501,502503,2,7
502494,502501,502503,2,7
502494,502501,502503,2,7
502494,502501,502504,3,7
502494,502501,502504,3,7
502494,502502,502503,1,8
502494,502502,502503,1,8
502494,502502,502504,2,8
502494,502501,502505,4,7
502494,502502,502504,2,8
502494,502503,502505,2,9
502494,502502,502504,2,8
502494,502503,502505,2,9
502494,502494,502503,9,0
502494,502496,502503,7,2
502494,502494,502505,11,0
502494,502503,502505,2,9
502494,502498,502506,8,4
502494,502503,502506,3,9
502494,502504,502505,1,10
502494,502504,502506,2,10
502494,502504,502507,3,10
502494,502505,502507,2,11
502494,502504,502506,2,10
502494,502505,502507,2,11
502494,502505,502507,2,11
502494,502506,502508,2,12
502494,502506,502508,2,12
502494,502505,502507,2,11
502494,502505,502507,2,11
502494,502505,502507,2,11
502494,502507,502508,1,13
502494,502507,502508,1,13
502494,502496,502507,11,2
502494,502505,502507,2,11
502494,502507,502508,1,13
502494,502506,502509,3,12
502494,502507,502509,2,13
502494,502508,502509,1,14
499255,499325,502509,3184,70
502494,502508,502509,1,14
502494,502508,502510,2,14
502494,502509,502510,1,15
502494,502509,502510,1,15
502494,502507,502510,3,13
502494,502508,502510,2,14
502494,502508,502511,3,14
502494,502509,502511,2,15
502494,502508,502510,2,14
502494,502508,502511,3,14
502494,502510,502511,1,16
502494,502510,502511,1,16
502494,502511,502512,1,17
502494,502505,502511,6,11
502494,502509,502512,3,15
502494,502510,502512,2,16
502494,502509,502512,3,15
502494,502510,502512,2,16
502494,502511,502512,1,17
502494,502511,502512,1,17
502494,502511,502513,2,17
502494,502512,502513,1,18
502494,502506,502512,6,12
502494,502511,502512,1,17
502494,502510,502513,3,16
502494,502511,502513,2,17
502494,502512,502513,1,18
502494,502512,502513,1,18
502494,502511,502514,3,17
502494,502512,502513,1,18
502494,502512,502514,2,18
502494,502513,502514,1,19
502494,502513,502514,1,19
502494,502509,502514,5,15
502494,502513,502515,2,19
502494,502513,502515,2,19
502494,502513,502515,2,19
502494,502513,502515,2,19
502494,502513,502515,2,19
502494,502514,502515,1,20
502494,502513,502515,2,19
502494,502514,502515,1,20
502494,502515,502516,1,21
502494,502514,502516,2,20
502494,502513,502516,3,19
502494,502513,502516,3,19
502494,502514,502516,2,20
502494,502515,502516,1,21
502494,502515,502516,1,21
502494,502514,502517,3,20
502494,502515,502517,2,21
502494,502512,502516,4,18
502494,502516,502517,1,22
502494,502516,502518,2,22
502494,502516,502518,2,22
502494,502516,502518,2,22
502511,502517,502518,1,6
502494,502516,502518,2,22
502494,502516,502519,3,22
502494,502517,502519,2,23
502494,502517,502519,2,23
502511,502518,502519,1,7
502494,502512,502516,4,18
502494,502516,502519,3,22
502511,502518,502519,1,7
502511,502518,502519,1,7
502494,502517,502519,2,23
502494,502517,502519,2,23
502494,502517,502520,3,23
502511,502519,502520,1,8
502511,502519,502520,1,8
502511,502519,502520,1,8
502511,502519,502520,1,8
502511,502519,502520,1,8
502511,502519,502520,1,8
502511,502519,502520,1,8
502511,502519,502520,1,8
502511,502520,502521,1,9
502511,502520,502521,1,9
502511,502520,502521,1,9
502511,502520,502521,1,9
502511,502520,502521,1,9
502511,502520,502521,1,9
502511,502521,502522,1,10
502511,502520,502522,2,9
502511,502520,502521,1,9
502511,502521,502522,1,10
502511,502519,502521,2,8
502511,502521,502522,1,10
502494,502515,502521,6,21
502511,502522,502523,1,11
502511,502522,502524,2,11
502511,502522,502523,1,11
502511,502522,502523,1,11
502511,502522,502523,1,11
502511,502521,502523,2,10
502511,502521,502523,2,10
502511,502522,502524,2,11
502511,502522,502523,1,11
502511,502523,502524,1,12
502511,502524,502525,1,13
502511,502522,502524,2,11
502511,502522,502525,3,11
502511,502523,502525,2,12
502511,502524,502525,1,13
502511,502524,502525,1,13
502511,502525,502526,1,14
502511,502524,502526,2,13
502494,502515,502526,11,21
502511,502519,502526,7,8
502511,502523,502526,3,12
502511,502524,502526,2,13
502511,502524,502526,2,13
502511,502525,502526,1,14
502511,502524,502526,2,13
502511,502524,502526,2,13
502511,502525,502527,2,14
502511,502526,502527,1,15
502511,502527,502528,1,16
502511,502526,502527,1,15
502511,502526,502527,1,15
502511,502525,502527,2,14
502511,502525,502528,3,14
502511,502526,502527,1,15
502511,502526,502528,2,15
502511,502528,502529,1,17
502511,502526,502528,2,15
502511,502527,502529,2,16
502511,502519,502527,8,8
502511,502526,502529,3,15
502511,502528,502529,1,17
502511,502528,502529,1,17
502511,502528,502529,1,17
502511,502528,502529,1,17
502511,502527,502529,2,16
502511,502528,502530,2,17
502511,502529,502530,1,18
502511,502529,502530,1,18
502511,502529,502530,1,18
502511,502529,502531,2,18
502511,502530,502531,1,19
502511,502529,502531,2,18
502511,502528,502530,2,17
502511,502529,502531,2,18
502511,502530,502531,1,19
502511,502530,502531,1,19
502511,502530,502531,1,19
502511,502530,502532,2,19
502511,502530,502532,2,19
502511,502531,502532,1,20
502511,502531,502532,1,20
502511,502531,502532,1,20
502511,502531,502532,1,20
502511,502526,502533,7,15
502511,502533,502534,1,22
502511,502531,502533,2,20
502511,502532,502534,2,21
502511,502532,502533,1,21
502511,502533,502534,1,22
502511,502532,502533,1,21
502511,502532,502533,1,21
502511,502531,502534,3,20
502511,502532,502534,2,21
502511,502531,502534,3,20
502511,502533,502534,1,22
502511,502533,502534,1,22
502511,502526,502534,8,15
502511,502534,502535,1,23
502511,502534,502535,1,23
502511,502532,502535,3,21
502511,502534,502535,1,23
502511,502534,502535,1,23
502511,502534,502536,2,23
502511,502535,502536,1,24
502511,502534,502535,1,23
502511,502534,502535,1,23
502511,502534,502536,2,23
502511,502534,502536,2,23
502511,502535,502536,1,24
502511,502535,502536,1,24
502511,502535,502536,1,24
502511,502534,502537,3,23
502511,502536,502537,1,25
502511,502536,502538,2,25
502511,502536,502537,1,25
502511,502537,502538,1,26
502511,502536,502537,1,25
502511,502536,502537,1,25
502511,502529,502535,6,18
502511,502535,502538,3,24
502511,502537,502538,1,26
502511,502537,502538,1,26
502511,502536,502538,2,25
502511,502536,502539,3,25
502511,502536,502539,3,25
502511,502538,502539,1,27
502511,502538,502539,1,27
502511,502538,502540,2,27
502511,502538,502539,1,27
502511,502538,502539,1,27
502511,502537,502540,3,26
502511,502539,502540,1,28
502511,502539,502541,2,28
502511,502538,502541,3,27
502511,502539,502541,2,28
502511,502526,502541,15,15
502511,502539,502541,2,28
502511,502539,502542,3,28
502511,502534,502542,8,23
502511,502535,502548,13,24
502511,502538,502549,11,27
499270,499342,502582,3240,72
502584,502584,502585,1,0
502584,502584,502585,1,0
502584,502584,502585,1,0
502584,502584,502586,2,0
502584,502585,502586,1,1
502584,502584,502586,2,0
502584,502584,502585,1,0
502584,502585,502586,1,1
502584,502585,502586,1,1
502584,502585,502586,1,1
502584,502584,502585,1,0
502584,502585,502586,1,1
502584,502585,502586,1,1
502584,502584,502586,2,0
502584,502584,502586,2,0
502584,502585,502586,1,1
502584,502586,502587,1,2
502584,502586,502587,1,2
502584,502586,502587,1,2
502584,502586,502587,1,2
502584,502586,502588,2,2
502584,502586,502587,1,2
502584,502586,502587,1,2
502584,502586,502587,1,2
502584,502586,502587,1,2
502584,502586,502587,1,2
502584,502587,502588,1,3
502584,502588,502590,2,4
502584,502588,502589,1,4
502584,502584,502588,4,0
502584,502584,502588,4,0
502584,502587,502589,2,3
502584,502587,502589,2,3
502584,502588,502589,1,4
502584,502588,502589,1,4
502584,502587,502589,2,3
502584,502588,502589,1,4
502584,502588,502589,1,4
502584,502588,502589,1,4
502584,502588,502590,2,4
502584,502588,502590,2,4
502584,502588,502590,2,4
502584,502590,502592,2,6
502584,502590,502591,1,6
502584,502590,502591,1,6
502584,502590,502591,1,6
502584,502590,502591,1,6
502584,502590,502591,1,6
502584,502590,502591,1,6
502584,502590,502591,1,6
502584,502591,502593,2,7
502584,502591,502593,2,7
502584,502590,502592,2,6
502584,502590,502592,2,6
502584,502590,502592,2,6
502584,502591,502593,2,7
502584,502592,502593,1,8
502584,502592,502593,1,8
502584,502584,502593,9,0
502584,502590,502594,4,6
502584,502592,502593,1,8
502584,502592,502594,2,8
502584,502592,502594,2,8
502584,502592,502593,1,8
499311,499376,502594,3218,65
502584,502592,502593,1,8
502584,502592,502594,2,8
502584,502593,502595,2,9
502584,502593,502595,2,9
502584,502594,502595,1,10
502584,502593,502594,1,9
502584,502594,502595,1,10
502584,502593,502595,2,9
502584,502593,502596,3,9
502584,502593,502596,3,9
502584,502594,502595,1,10
502584,502594,502595,1,10
502584,502594,502596,2,10
502584,502594,502595,1,10
502584,502594,502595,1,10
502584,502595,502597,2,11
502584,502595,502596,1,11
502584,502595,502597,2,11
502584,502584,502595,11,0
502584,502595,502597,2,11
502584,502596,502597,1,12
502584,502595,502597,2,11
502584,502596,502598,2,12
502584,502596,502598,2,12
502584,502596,502598,2,12
502584,502596,502597,1,12
502584,502597,502598,1,13
502584,502596,502597,1,12
502584,502596,502598,2,12
502584,502598,502599,1,14
502584,502596,502599,3,12
502584,502597,502598,1,13
502584,502597,502598,1,13
502584,502598,502599,1,14
502584,502598,502599,1,14
502584,502598,502599,1,14
502584,502598,502599,1,14
502584,502598,502600,2,14
502584,502598,502600,2,14
502584,502598,502600,2,14
502584,502596,502599,3,12
502584,502598,502600,2,14
502584,502599,502600,1,15
502584,502598,502600,2,14
502584,502599,502600,1,15
502584,502599,502600,1,15
502584,502600,502601,1,16
502584,502600,502601,1,16
502584,502599,502601,2,15
502584,502600,502602,2,16
502584,502601,502602,1,17
502584,502601,502602,1,17
502584,502601,502602,1,17
502584,502601,502602,1,17
502584,502600,502602,2,16
502584,502601,502602,1,17
502584,502600,502602,2,16
502584,502600,502602,2,16
502584,502600,502603,3,16
502584,502601,502603,2,17
502584,502602,502603,1,18
502584,502602,502603,1,18
502584,502602,502604,2,18
502584,502594,502604,10,10
502584,502594,502604,10,10
502584,502603,502604,1,19
502584,502603,502604,1,19
502584,502603,502604,1,19
502584,502603,502604,1,19
502584,502603,502604,1,19
502584,502602,502605,3,18
502584,502603,502605,2,19
502584,502594,502605,11,10
502584,502598,502605,7,14
502584,502604,502605,1,20
502584,502604,502605,1,20
502594,502605,502606,1,11
502584,502603,502605,2,19
502584,502603,502605,2,19
502584,502603,502605,2,19
502594,502605,502606,1,11
502594,502605,502606,1,11
502594,502606,502607,1,12
502594,502606,502607,1,12
502594,502606,502607,1,12
502594,502605,502606,1,11
502584,502603,502606,3,19
502594,502605,502607,2,11
502594,502606,502607,1,12
502594,502607,502608,1,13
502594,502607,502608,1,13
502594,502607,502608,1,13
502594,502606,502607,1,12
502594,502606,502608,2,12
502594,502606,502608,2,12
502594,502607,502608,1,13
502594,502607,502608,1,13
502594,502608,502609,1,14
502594,502608,502609,1,14
502594,502607,502608,1,13
502594,502607,502609,2,13
502594,502608,502609,1,14
502594,502608,502609,1,14
502594,502609,502610,1,15
502594,502606,502607,1,12
502594,502607,502610,3,13
502594,502607,502610,3,13
502594,502608,502610,2,14
502594,502609,502610,1,15
502594,502609,502610,1,15
502594,502608,502610,2,14
502594,502609,502610,1,15
502594,502609,502610,1,15
502594,502609,502610,1,15
502594,502608,502611,3,14
502594,502610,502611,1,16
502594,502610,502611,1,16
502594,502610,502611,1,16
502594,502611,502612,1,17
502594,502609,502611,2,15
502594,502610,502612,2,16
502594,502606,502612,6,12
502594,502611,502612,1,17
502594,502611,502612,1,17
502594,502612,502613,1,18
502594,502611,502612,1,17
502594,502611,502612,1,17
502594,502612,502613,1,18
502594,502610,502613,3,16
502594,502610,502613,3,16
502594,502612,502613,1,18
502594,502611,502613,2,17
502594,502612,502613,1,18
502594,502612,502613,1,18
502594,502613,502614,1,19
502594,502613,502614,1,19
502594,502613,502614,1,19
502594,502613,502614,1,19
502594,502613,502614,1,19
502594,502613,502614,1,19
502594,502613,502615,2,19
502594,502614,502615,1,20
502594,502614,502615,1,20
502594,502614,502615,1,20
502594,502614,502615,1,20
502594,502615,502616,1,21
502594,502614,502616,2,20
502594,502615,502616,1,21
502594,502615,502616,1,21
502594,502614,502616,2,20
502594,502615,502617,2,21
502594,502615,502617,2,21
502594,502616,502617,1,22
502594,502615,502616,1,21
502594,502615,502616,1,21
502594,502615,502617,2,21
502594,502616,502617,1,22
502594,502607,502613,6,13
502594,502616,502618,2,22
502594,502617,502618,1,23
502594,502616,502618,2,22
502594,502617,502618,1,23
502594,502617,502619,2,23
502594,502617,502618,1,23
502594,502617,502618,1,23
502594,502617,502619,2,23
502594,502617,502618,1,23
502594,502618,502619,1,24
502594,502617,502619,2,23
502594,502617,502619,2,23
502594,502618,502620,2,24
502594,502619,502620,1,25
502594,502613,502619,6,19
502594,502618,502620,2,24
502594,502617,502619,2,23
502594,502619,502620,1,25
502594,502618,502619,1,24
502594,502619,502620,1,25
502594,502619,502621,2,25
502594,502610,502620,10,16
502594,502620,502621,1,26
502594,502619,502620,1,25
502594,502620,502621,1,26
502594,502620,502621,1,26
502594,502621,502622,1,27
502594,502620,502622,2,26
502594,502620,502621,1,26
502594,502620,502621,1,26
502594,502620,502622,2,26
502594,502621,502622,1,27
502594,502620,502622,2,26
502594,502621,502622,1,27
502594,502622,502623,1,28
502594,502622,502623,1,28
502594,502622,502623,1,28
502594,502622,502623,1,28
502594,502621,502623,2,27
502594,502623,502624,1,29
502594,502623,502624,1,29
502594,502622,502624,2,28
502594,502622,502624,2,28
502594,502623,502625,2,29
502594,502620,502625,5,26
502594,502622,502625,3,28
502594,502623,502625,2,29
502594,502624,502625,1,30
502594,502624,502625,1,30
502594,502624,502625,1,30
502594,502624,502625,1,30
502594,502625,502626,1,31
502594,502625,502626,1,31
502594,502624,502626,2,30
502594,502625,502627,2,31
502594,502625,502627,2,31
502594,502625,502627,2,31
502594,502621,502626,5,27
502594,502613,502628,15,19
502594,502620,502631,11,26
502594,502632,502633,1,38
499468,499498,502639,3141,30
499388,499478,502644,3166,90
499230,499284,502649,3365,54
502650,502650,502651,1,0
502650,502650,502651,1,0
502650,502650,502651,1,0
502650,502650,502651,1,0
502650,502650,502651,1,0
502650,502650,502651,1,0
502650,502650,502651,1,0
502650,502650,502651,1,0
502650,502650,502652,2,0
502650,502650,502651,1,0
502650,502651,502652,1,1
502650,502651,502652,1,1
502650,502650,502651,1,0
502650,502651,502652,1,1
502650,502651,502652,1,1
502650,502651,502652,1,1
502650,502651,502652,1,1
502650,502650,502652,2,0
502650,502650,502653,3,0
502650,502650,502652,2,0
502650,502650,502652,2,0
502650,502650,502653,3,0
502650,502652,502653,1,2
502650,502652,502653,1,2
502650,502651,502652,1,1
502650,502652,502653,1,2
502650,502651,502652,1,1
502650,502652,502653,1,2
502650,502651,502652,1,1
502650,502652,502653,1,2
502650,502652,502653,1,2
502650,502652,502654,2,2
502650,502653,502654,1,3
502650,502652,502653,1,2
502650,502652,502653,1,2
502650,502652,502653,1,2
502650,502653,502654,1,3
502650,502652,502654,2,2
502650,502653,502654,1,3
502650,502653,502654,1,3
502650,502653,502654,1,3
502650,502653,502654,1,3
502650,502653,502654,1,3
502650,502654,502655,1,4
502650,502653,502654,1,3
502650,502653,502655,2,3
502650,502653,502655,2,3
502650,502654,502656,2,4
502650,502653,502655,2,3
502650,502655,502656,1,5
502650,502654,502655,1,4
502650,502654,502655,1,4
502650,502654,502655,1,4
502650,502655,502656,1,5
502650,502654,502655,1,4
502650,502654,502656,2,4
502650,502653,502656,3,3
502650,502653,502656,3,3
502650,502655,502656,1,5
502650,502656,502657,1,6
502650,502655,502656,1,5
502650,502655,502656,1,5
502650,502655,502656,1,5
502650,502655,502656,1,5
502650,502656,502658,2,6
502650,502655,502657,2,5
502650,502656,502658,2,6
502650,502656,502657,1,6
502650,502656,502658,2,6
502650,502656,502657,1,6
502650,502656,502657,1,6
502650,502656,502657,1,6
502650,502656,502658,2,6
502650,502656,502658,2,6
502650,502657,502658,1,7
502650,502657,502658,1,7
502650,502657,502658,1,7
502650,502657,502658,1,7
502650,502657,502659,2,7
502650,502657,502658,1,7
502650,502657,502659,2,7
502650,502657,502660,3,7
502650,502657,502660,3,7
502650,502658,502659,1,8
502650,502658,502659,1,8
502650,502658,502659,1,8
502650,502658,502659,1,8
502650,502658,502660,2,8
502650,502659,502660,1,9
502650,502658,502660,2,8
502650,502658,502660,2,8
502650,502658,502660,2,8
502650,502659,502661,2,9
502650,502659,502660,1,9
502650,502659,502660,1,9
502650,502659,502661,2,9
502650,502659,502660,1,9
502650,502659,502661,2,9
502650,502660,502661,1,10
502650,502660,502661,1,10
502650,502660,502661,1,10
502650,502660,502661,1,10
502650,502659,502662,3,9
502650,502661,502662,1,11
502650,502660,502661,1,10
502650,502660,502661,1,10
502650,502660,502662,2,10
502650,502661,502663,2,11
502650,502660,502662,2,10
502650,502660,502663,3,10
502650,502661,502663,2,11
502650,502661,502663,2,11
502650,502661,502662,1,11
502650,502661,502663,2,11
502650,502661,502663,2,11
502650,502661,502663,2,11
502650,502661,502663,2,11
502650,502661,502663,2,11
502650,502661,502663,2,11
502650,502661,502663,2,11
502650,502661,502664,3,11
502650,502662,502663,1,12
502650,502662,502664,2,12
502650,502663,502664,1,13
502650,502662,502664,2,12
502650,502664,502665,1,14
502650,502662,502664,2,12
502650,502663,502665,2,13
502650,502663,502665,2,13
502650,502663,502665,2,13
502650,502664,502665,1,14
502650,502664,502665,1,14
502650,502664,502665,1,14
502650,502663,502665,2,13
502650,502663,502666,3,13
502650,502663,502666,3,13
502650,502664,502665,1,14
502650,502664,502666,2,14
502650,502664,502666,2,14
502650,502665,502666,1,15
502650,502664,502666,2,14
502650,502665,502666,1,15
502650,502665,502666,1,15
502650,502664,502666,2,14
502650,502664,502667,3,14
502650,502663,502666,3,13
502650,502665,502667,2,15
502650,502666,502667,1,16
502650,502666,502667,1,16
502650,502667,502668,1,17
502650,502667,502668,1,17
502650,502667,502668,1,17
502650,502666,502668,2,16
502650,502664,502668,4,14
502650,502665,502667,2,15
502650,502666,502667,1,16
502650,502667,502668,1,17
502650,502667,502668,1,17
502650,502668,502669,1,18
502650,502668,502669,1,18
502650,502668,502669,1,18
502650,502668,502669,1,18
502650,502666,502668,2,16
502650,502667,502669,2,17
502650,502667,502669,2,17
502650,502668,502669,1,18
502650,502668,502669,1,18
502650,502668,502669,1,18
502650,502669,502670,1,19
502650,502669,502670,1,19
502650,502667,502670,3,17
502650,502668,502670,2,18
502650,502669,502670,1,19
502650,502670,502671,1,20
502650,502670,502671,1,20
502650,502669,502670,1,19
502650,502669,502670,1,19
502650,502669,502670,1,19
502650,502669,502670,1,19
502650,502668,502670,2,18
502650,502668,502671,3,18
502650,502668,502670,2,18
502650,502668,502671,3,18
502650,502669,502671,2,19
502650,502670,502671,1,20
502650,502670,502671,1,20
502650,502670,502671,1,20
502650,502671,502672,1,21
502650,502669,502672,3,19
502650,502669,502671,2,19
502650,502669,502672,3,19
502650,502671,502672,1,21
502650,502671,502672,1,21
502650,502671,502672,1,21
502650,502672,502673,1,22
502650,502671,502673,2,21
502650,502671,502672,1,21
502650,502671,502672,1,21
502650,502671,502672,1,21
502650,502672,502673,1,22
502650,502670,502673,3,20
502650,502672,502673,1,22
502650,502672,502673,1,22
502650,502673,502674,1,23
502650,502673,502674,1,23
502650,502672,502674,2,22
502650,502671,502673,2,21
502650,502671,502674,3,21
502650,502671,502674,3,21
502650,502673,502674,1,23
502650,502673,502674,1,23
502650,502673,502674,1,23
502650,502673,502674,1,23
502650,502673,502674,1,23
502650,502673,502674,1,23
502650,502672,502674,2,22
502650,502672,502674,2,22
502650,502674,502675,1,24
502650,502674,502675,1,24
502650,502674,502675,1,24
502650,502673,502675,2,23
502650,502674,502676,2,24
502650,502675,502676,1,25
502650,502675,502676,1,25
502650,502674,502676,2,24
502650,502675,502676,1,25
502650,502675,502676,1,25
502650,502676,502677,1,26
502650,502675,502676,1,25
502650,502675,502676,1,25
502650,502676,502677,1,26
502650,502675,502676,1,25
502650,502676,502677,1,26
502650,502676,502677,1,26
502650,502676,502677,1,26
502650,502674,502677,3,24
502650,502675,502677,2,25
502650,502676,502677,1,26
502650,502677,502678,1,27
502650,502677,502678,1,27
502650,502677,502678,1,27
502650,502676,502677,1,26
502650,502677,502678,1,27
502650,502677,502678,1,27
502650,502674,502678,4,24
502650,502675,502678,3,25
502650,502675,502678,3,25
502650,502675,502678,3,25
502650,502678,502679,1,28
502650,502677,502678,1,27
502650,502677,502679,2,27
502650,502678,502679,1,28
502650,502677,502678,1,27
502650,502677,502678,1,27
502650,502678,502679,1,28
502650,502677,502679,2,27
502650,502677,502679,2,27
502650,502678,502679,1,28
502650,502679,502680,1,29
502650,502678,502679,1,28
502650,502678,502679,1,28
502650,502677,502680,3,27
502650,502678,502679,1,28
502650,502679,502680,1,29
502650,502680,502681,1,30
502650,502679,502680,1,29
502650,502678,502680,2,28
502650,502679,502680,1,29
502650,502679,502680,1,29
502650,502679,502681,2,29
502650,502679,502681,2,29
502650,502679,502681,2,29
502650,502680,502681,1,30
502650,502680,502681,1,30
502650,502681,502682,1,31
502650,502680,502681,1,30
502650,502681,502682,1,31
502650,502680,502682,2,30
502650,502681,502682,1,31
502650,502681,502682,1,31
502650,502679,502682,3,29
502650,502681,502682,1,31
502650,502679,502682,3,29
502650,502679,502682,3,29
502650,502680,502682,2,30
502650,502682,502683,1,32
502650,502682,502683,1,32
502650,502682,502683,1,32
502650,502682,502683,1,32
502650,502682,502683,1,32
502650,502682,502683,1,32
502650,502681,502683,2,31
502650,502682,502683,1,32
502650,502682,502684,2,32
502650,502683,502684,1,33
502650,502683,502684,1,33
502650,502683,502684,1,33
502650,502683,502684,1,33
502650,502683,502684,1,33
502650,502683,502684,1,33
502650,502681,502683,2,31
502650,502682,502684,2,32
502650,502683,502684,1,33
502650,502683,502684,1,33
502650,502683,502684,1,33
502650,502683,502684,1,33
502650,502684,502685,1,34
502650,502684,502685,1,34
502650,502683,502684,1,33
502650,502684,502685,1,34
502650,502683,502685,2,33
502650,502683,502685,2,33
502650,502683,502685,2,33
502650,502685,502686,1,35
502650,502684,502685,1,34
502650,502684,502685,1,34
502650,502684,502685,1,34
502650,502684,502685,1,34
502650,502684,502685,1,34
502650,502684,502686,2,34
502650,502685,502686,1,35
502650,502684,502686,2,34
502650,502684,502686,2,34
502650,502685,502686,1,35
502650,502685,502686,1,35
502650,502685,502686,1,35
502650,502686,502687,1,36
502650,502686,502687,1,36
502650,502684,502686,2,34
502650,502685,502686,1,35
502650,502685,502687,2,35
502650,502686,502687,1,36
502650,502687,502688,1,37
502650,502687,502688,1,37
502650,502686,502687,1,36
502650,502686,502687,1,36
502650,502686,502687,1,36
502650,502687,502688,1,37
502650,502687,502689,2,37
502650,502686,502688,2,36
502650,502686,502689,3,36
502650,502686,502688,2,36
502650,502687,502688,1,37
502650,502687,502688,1,37
502650,502687,502689,2,37
502650,502688,502689,1,38
502650,502688,502689,1,38
502650,502688,502689,1,38
502650,502688,502689,1,38
502650,502687,502689,2,37
502650,502687,502689,2,37
502650,502687,502689,2,37
502650,502688,502689,1,38
502650,502688,502689,1,38
502650,502689,502690,1,39
502650,502688,502689,1,38
502650,502688,502689,1,38
502650,502688,502689,1,38
502650,502689,502690,1,39
502650,502690,502691,1,40
502650,502689,502690,1,39
502650,502690,502691,1,40
502650,502690,502692,2,40
502650,502690,502691,1,40
502650,502689,502691,2,39
502650,502689,502692,3,39
502650,502690,502692,2,40
502650,502690,502691,1,40
502650,502690,502691,1,40
502650,502690,502691,1,40
502650,502689,502692,3,39
502650,502690,502691,1,40
502650,502690,502692,2,40
502650,502692,502693,1,42
502650,502690,502692,2,40
502650,502690,502693,3,40
502650,502689,502692,3,39
502650,502689,502692,3,39
502650,502691,502692,1,41
502650,502691,502692,1,41
502650,502692,502693,1,42
502650,502692,502693,1,42
502650,502692,502693,1,42
502650,502692,502693,1,42
502650,502693,502694,1,43
502650,502692,502694,2,42
502650,502690,502694,4,40
502650,502692,502694,2,42
502650,502692,502693,1,42
502650,502692,502694,2,42
502650,502692,502694,2,42
502650,502692,502694,2,42
502650,502693,502694,1,43
502650,502693,502694,1,43
502650,502693,502694,1,43
502650,502693,502695,2,43
502650,502693,502694,1,43
502650,502694,502695,1,44
502650,502694,502695,1,44
502650,502693,502695,2,43
502650,502693,502695,2,43
502650,502693,502696,3,43
502650,502693,502696,3,43
502650,502694,502696,2,44
502650,502694,502696,2,44
502650,502694,502696,2,44
502650,502695,502696,1,45
502650,502693,502696,3,43
502650,502695,502696,1,45
502650,502694,502696,2,44
502650,502694,502696,2,44
502650,502694,502697,3,44
502650,502695,502697,2,45
502650,502695,502697,2,45
502650,502696,502697,1,46
502650,502696,502697,1,46
502650,502696,502697,1,46
502650,502696,502698,2,46
502650,502696,502698,2,46
502650,502697,502698,1,47
502650,502697,502698,1,47
502650,502696,502698,2,46
502650,502696,502698,2,46
502650,502696,502699,3,46
502650,502696,502699,3,46
502650,502696,502699,3,46
499404,499478,502773,3295,74
502774,502774,502775,1,0
502774,502774,502775,1,0
502774,502774,502775,1,0
502774,502774,502775,1,0
502774,502774,502775,1,0
502774,502774,502775,1,0
502774,502774,502775,1,0
502774,502774,502775,1,0
502774,502774,502776,2,0
502774,502774,502776,2,0
502774,502774,502776,2,0
502774,502774,502776,2,0
502774,502774,502776,2,0
502774,502774,502776,2,0
502774,502774,502775,1,0
502774,502775,502776,1,1
502774,502775,502776,1,1
502774,502775,502776,1,1
502774,502775,502776,1,1
502774,502775,502776,1,1
502774,502774,502776,2,0
502774,502775,502776,1,1
502774,502775,502776,1,1
502774,502776,502777,1,2
502774,502776,502777,1,2
502774,502775,502776,1,1
502774,502776,502777,1,2
502774,502776,502777,1,2
502774,502776,502778,2,2
502774,502776,502778,2,2
502774,502776,502777,1,2
502774,502777,502778,1,3
502774,502776,502778,2,2
502774,502777,502778,1,3
502774,502777,502778,1,3
502774,502776,502778,2,2
502774,502777,502779,2,3
502774,502776,502778,2,2
502774,502776,502779,3,2
502774,502776,502778,2,2
502774,502777,502779,2,3
502774,502777,502778,1,3
502774,502777,502779,2,3
502774,502777,502779,2,3
502774,502779,502780,1,5
502774,502779,502780,1,5
502774,502778,502780,2,4
502774,502778,502779,1,4
502774,502780,502781,1,6
502774,502780,502781,1,6
502774,502780,502781,1,6
502774,502779,502780,1,5
502774,502780,502781,1,6
502774,502780,502781,1,6
502774,502779,502781,2,5
502774,502778,502781,3,4
502774,502779,502781,2,5
502774,502779,502781,2,5
502774,502779,502781,2,5
502774,502780,502781,1,6
502774,502781,502782,1,7
502774,502780,502781,1,6
502774,502779,502781,2,5
502774,502779,502782,3,5
502774,502781,502782,1,7
502774,502782,502783,1,8
502774,502781,502782,1,7
502774,502781,502782,1,7
502774,502781,502782,1,7
502774,502781,502783,2,7
502774,502780,502783,3,6
502774,502781,502783,2,7
502774,502782,502783,1,8
502774,502782,502783,1,8
502774,502782,502783,1,8
502774,502782,502783,1,8
502774,502782,502784,2,8
502774,502781,502784,3,7
502774,502781,502784,3,7
502774,502783,502784,1,9
502774,502783,502784,1,9
502774,502783,502784,1,9
502774,502783,502784,1,9
502774,502783,502784,1,9
502774,502782,502784,2,8
502774,502783,502785,2,9
502774,502784,502785,1,10
502774,502784,502785,1,10
502774,502784,502785,1,10
502774,502784,502785,1,10
502774,502783,502786,3,9
502774,502785,502786,1,11
502774,502785,502786,1,11
502774,502786,502787,1,12
502774,502785,502786,1,11
502774,502785,502786,1,11
502774,502785,502786,1,11
502774,502786,502787,1,12
502774,502785,502786,1,11
502774,502784,502787,3,10
502774,502784,502787,3,10
502774,502785,502787,2,11
502774,502785,502787,2,11
502774,502786,502787,1,12
502774,502786,502787,1,12
502774,502787,502788,1,13
502774,502787,502788,1,13
502774,502787,502788,1,13
502774,502787,502788,1,13
502774,502785,502788,3,11
502774,502787,502788,1,13
502774,502787,502788,1,13
502774,502787,502788,1,13
502774,502787,502789,2,13
502774,502787,502789,2,13
502774,502788,502789,1,14
502774,502788,502789,1,14
502774,502788,502789,1,14
502774,502788,502789,1,14
502774,502788,502789,1,14
502774,502788,502789,1,14
502774,502789,502790,1,15
502774,502788,502790,2,14
502774,502788,502790,2,14
502774,502788,502790,2,14
502774,502788,502790,2,14
502774,502789,502790,1,15
502774,502789,502790,1,15
502774,502788,502791,3,14
502774,502790,502792,2,16
502774,502790,502791,1,16
502774,502790,502791,1,16
502774,502790,502791,1,16
502774,502790,502791,1,16
502774,502790,502791,1,16
502774,502790,502791,1,16
502774,502790,502791,1,16
502774,502791,502792,1,17
502774,502791,502792,1,17
502774,502791,502792,1,17
502774,502791,502793,2,17
502774,502791,502793,2,17
502774,502791,502793,2,17
502774,502791,502793,2,17
502774,502791,502794,3,17
502774,502792,502794,2,18
502774,502801,502804,3,27
499220,499235,504021,4786,15
504022,504022,504023,1,0
504022,504022,504023,1,0
504022,504022,504023,1,0
504022,504022,504023,1,0
504022,504022,504023,1,0
504022,504022,504023,1,0
504022,504022,504023,1,0
504022,504023,504024,1,1
504022,504022,504024,2,0
504022,504022,504024,2,0
504022,504022,504024,2,0
504022,504023,504024,1,1
504022,504023,504024,1,1
504022,504024,504025,1,2
504022,504023,504024,1,1
504022,504023,504024,1,1
504022,504024,504025,1,2
504022,504024,504025,1,2
504022,504024,504025,1,2
504022,504024,504025,1,2
504022,504024,504027,3,2
504022,504025,504026,1,3
504022,504024,504026,2,2
504022,504024,504026,2,2
504022,504025,504026,1,3
504022,504025,504026,1,3
504022,504025,504026,1,3
504022,504025,504026,1,3
504022,504025,504026,1,3
504022,504025,504026,1,3
504022,504025,504026,1,3
504022,504026,504027,1,4
504022,504026,504028,2,4
504022,504025,504027,2,3
504022,504027,504029,2,5
504022,504026,504028,2,4
504022,504026,504028,2,4
504022,504027,504028,1,5
504022,504027,504028,1,5
504022,504027,504028,1,5
504022,504027,504028,1,5
504022,504027,504028,1,5
504022,504027,504028,1,5
504022,504027,504028,1,5
504022,504027,504030,3,5
504022,504028,504029,1,6
504022,504027,504029,2,5
504022,504027,504029,2,5
504022,504028,504030,2,6
504022,504028,504030,2,6
504022,504024,504030,6,2
504022,504029,504030,1,7
504022,504029,504030,1,7
504022,504030,504031,1,8
504022,504029,504031,2,7
504022,504029,504030,1,7
504022,504029,504030,1,7
504022,504029,504030,1,7
504022,504029,504030,1,7
504022,504029,504030,1,7
504022,504029,504031,2,7
504022,504031,504032,1,9
504022,504030,504032,2,8
504022,504029,504031,2,7
504022,504030,504032,2,8
504022,504030,504031,1,8
504022,504030,504031,1,8
504022,504031,504032,1,9
504022,504030,504032,2,8
504022,504031,504033,2,9
504022,504030,504032,2,8
504022,504030,504032,2,8
504022,504031,504032,1,9
504022,504031,504032,1,9
504022,504031,504032,1,9
504022,504031,504032,1,9
504022,504032,504033,1,10
504022,504032,504034,2,10
504022,504032,504033,1,10
504022,504032,504033,1,10
504022,504032,504034,2,10
504022,504032,504034,2,10
504022,504034,504035,1,12
504022,504033,504035,2,11
504022,504032,504034,2,10
504022,504033,504035,2,11
504022,504033,504034,1,11
504022,504033,504034,1,11
504022,504033,504034,1,11
504022,504034,504035,1,12
504022,504035,504036,1,13
504022,504033,504035,2,11
504022,504032,504035,3,10
504022,504033,504035,2,11
504022,504033,504035,2,11
504022,504035,504036,1,13
504022,504034,504035,1,12
504022,504034,504035,1,12
504022,504035,504036,1,13
504022,504035,504036,1,13
504022,504035,504036,1,13
504022,504036,504037,1,14
504022,504034,504036,2,12
504022,504035,504037,2,13
504022,504035,504036,1,13
504022,504035,504036,1,13
504022,504035,504037,2,13
504022,504036,504038,2,14
504022,504036,504037,1,14
504022,504036,504038,2,14
504022,504036,504038,2,14
504022,504036,504038,2,14
504022,504036,504038,2,14
504022,504030,504038,8,8
504022,504037,504038,1,15
504022,504037,504038,1,15
504022,504036,504038,2,14
504022,504036,504038,2,14
504022,504036,504039,3,14
504022,504037,504039,2,15
504022,504037,504039,2,15
504022,504037,504038,1,15
504022,504037,504040,3,15
504022,504038,504040,2,16
504022,504039,504040,1,17
504022,504039,504040,1,17
504022,504039,504040,1,17
504022,504039,504040,1,17
504022,504039,504041,2,17
504022,504039,504040,1,17
504022,504038,504041,3,16
504022,504038,504040,2,16
504022,504039,504041,2,17
504022,504039,504041,2,17
504022,504039,504042,3,17
504022,504039,504042,3,17
504022,504039,504042,3,17
504022,504039,504042,3,17
504022,504039,504041,2,17
499224,499252,504067,4815,28
504069,504069,504070,1,0
504069,504069,504070,1,0
504069,504069,504070,1,0
504069,504069,504070,1,0
504069,504069,504070,1,0
504069,504069,504070,1,0
504069,504069,504071,2,0
504069,504069,504071,2,0
504069,504069,504070,1,0
504069,504069,504071,2,0
504069,504069,504071,2,0
504069,504070,504071,1,1
504069,504070,504071,1,1
504069,504070,504071,1,1
504069,504070,504071,1,1
504069,504070,504071,1,1
504069,504069,504072,3,0
504069,504069,504071,2,0
504069,504069,504072,3,0
504069,504069,504071,2,0
504069,504070,504071,1,1
504069,504070,504071,1,1
504069,504071,504072,1,2
504069,504071,504072,1,2
504069,504071,504072,1,2
504069,504071,504072,1,2
504069,504071,504072,1,2
504069,504071,504073,2,2
504069,504071,504073,2,2
504069,504071,504073,2,2
504069,504072,504073,1,3
504069,504072,504073,1,3
504069,504072,504073,1,3
504069,504069,504073,4,0
504069,504072,504074,2,3
504069,504071,504073,2,2
504069,504072,504074,2,3
504069,504072,504073,1,3
504069,504072,504073,1,3
504069,504072,504073,1,3
504069,504072,504073,1,3
504069,504072,504074,2,3
504069,504073,504074,1,4
504069,504073,504074,1,4
504069,504074,504075,1,5
504069,504074,504075,1,5
504069,504072,504074,2,3
504069,504073,504075,2,4
504069,504073,504075,2,4
504069,504071,504075,4,2
504069,504074,504075,1,5
504069,504074,504076,2,5
504069,504073,504075,2,4
504069,504074,504076,2,5
504069,504074,504076,2,5
504069,504074,504075,1,5
504069,504075,504076,1,6
504069,504074,504076,2,5
504069,504075,504077,2,6
504069,504076,504077,1,7
504069,504074,504076,2,5
504069,504075,504077,2,6
504069,504075,504076,1,6
504069,504075,504076,1,6
504069,504076,504077,1,7
504069,504076,504077,1,7
504069,504076,504077,1,7
504069,504076,504078,2,7
504069,504076,504078,2,7
504069,504076,504078,2,7
504069,504076,504078,2,7
504069,504076,504078,2,7
504069,504076,504077,1,7
504069,504076,504077,1,7
504069,504077,504078,1,8
504069,504077,504078,1,8
504069,504077,504078,1,8
504069,504076,504078,2,7
504069,504077,504079,2,8
504069,504077,504078,1,8
504069,504077,504079,2,8
504069,504079,504080,1,10
504069,504078,504080,2,9
504069,504077,504079,2,8
504069,504078,504080,2,9
504069,504078,504080,2,9
504069,504078,504080,2,9
504069,504079,504080,1,10
504069,504079,504080,1,10
504069,504078,504080,2,9
504069,504078,504080,2,9
504069,504078,504080,2,9
504069,504079,504080,1,10
504069,504078,504081,3,9
504069,504078,504080,2,9
504069,504080,504081,1,11
504069,504080,504081,1,11
504069,504079,504081,2,10
504069,504079,504081,2,10
504069,504081,504082,1,12
504069,504080,504082,2,11
504069,504080,504082,2,11
504069,504080,504082,2,11
504069,504081,504082,1,12
504069,504081,504082,1,12
504069,504081,504082,1,12
504069,504080,504083,3,11
504069,504081,504082,1,12
504069,504080,504082,2,11
504069,504081,504083,2,12
504069,504081,504083,2,12
504069,504081,504083,2,12
504069,504082,504084,2,13
504069,504082,504083,1,13
504069,504082,504083,1,13
504069,504082,504084,2,13
504069,504082,504083,1,13
504069,504083,504084,1,14
504069,504083,504084,1,14
504069,504083,504084,1,14
504069,504083,504084,1,14
504069,504083,504084,1,14
504069,504083,504085,2,14
504069,504083,504085,2,14
504069,504083,504086,3,14
504069,504084,504085,1,15
504069,504084,504085,1,15
504069,504084,504085,1,15
504069,504083,504086,3,14
504069,504083,504086,3,14
504069,504085,504086,1,16
504069,504085,504086,1,16
504069,504085,504086,1,16
504069,504084,504086,2,15
504069,504084,504086,2,15
504069,504085,504086,1,16
504069,504085,504086,1,16
504069,504084,504087,3,15
504069,504085,504087,2,16
504069,504083,504086,3,14
504069,504086,504087,1,17
504069,504086,504087,1,17
504069,504085,504087,2,16
504069,504086,504087,1,17
504069,504087,504088,1,18
504069,504087,504088,1,18
504069,504086,504088,2,17
504069,504086,504089,3,17
504069,504086,504089,3,17
500869,500890,504092,3202,21
504104,504104,504105,1,0
504104,504104,504105,1,0
504104,504104,504105,1,0
504104,504104,504105,1,0
504104,504104,504105,1,0
504104,504104,504105,1,0
504104,504104,504105,1,0
504104,504104,504106,2,0
504104,504104,504105,1,0
504104,504104,504105,1,0
504104,504105,504106,1,1
504104,504104,504106,2,0
504104,504104,504106,2,0
504104,504104,504106,2,0
504104,504104,504106,2,0
504104,504104,504106,2,0
504104,504105,504106,1,1
504104,504105,504106,1,1
504104,504105,504106,1,1
504104,504105,504106,1,1
504104,504105,504106,1,1
504104,504105,504106,1,1
504104,504105,504107,2,1
504104,504106,504107,1,2
504104,504106,504107,1,2
504104,504106,504107,1,2
504104,504106,504107,1,2
504104,504106,504107,1,2
504104,504104,504108,4,0
504104,504106,504108,2,2
504104,504106,504108,2,2
504104,504106,504108,2,2
504104,504107,504108,1,3
504104,504106,504108,2,2
504104,504106,504108,2,2
504104,504107,504108,1,3
504104,504106,504107,1,2
504104,504106,504108,2,2
504104,504106,504108,2,2
504104,504108,504109,1,4
504104,504106,504109,3,2
504104,504107,504109,2,3
504104,504109,504110,1,5
504104,504108,504110,2,4
504104,504107,504110,3,3
504104,504108,504110,2,4
504104,504108,504110,2,4
504104,504108,504110,2,4
504104,504109,504110,1,5
504104,504109,504110,1,5
504104,504109,504110,1,5
504104,504109,504110,1,5
504104,504110,504111,1,6
504104,504108,504111,3,4
504104,504108,504111,3,4
504104,504109,504110,1,5
504104,504109,504111,2,5
504104,504110,504111,1,6
504104,504111,504112,1,7
504104,504111,504112,1,7
504104,504110,504112,2,6
504104,504111,504112,1,7
504104,504111,504112,1,7
504104,504111,504112,1,7
504104,504111,504112,1,7
504104,504110,504112,2,6
504104,504110,504113,3,6
504104,504112,504113,1,8
504104,504111,504113,2,7
504104,504112,504113,1,8
504104,504112,504113,1,8
504104,504112,504113,1,8
504104,504112,504113,1,8
504104,504112,504113,1,8
504104,504113,504114,1,9
504104,504112,504114,2,8
504104,504113,504115,2,9
504104,504113,504114,1,9
504104,504114,504115,1,10
504104,504114,504115,1,10
504104,504114,504115,1,10
504104,504113,504115,2,9
504104,504114,504116,2,10
504104,504114,504116,2,10
504104,504114,504115,1,10
504104,504106,504107,1,2
504104,504113,504116,3,9
504104,504114,504116,2,10
504104,504114,504116,2,10
504104,504114,504116,2,10
504104,504116,504117,1,12
504104,504116,504117,1,12
504104,504115,504116,1,11
504104,504116,504117,1,12
504104,504116,504117,1,12
504104,504116,504117,1,12
504104,504112,504117,5,8
504104,504115,504118,3,11
504104,504115,504117,2,11
504104,504116,504118,2,12
504104,504117,504118,1,13
504104,504116,504117,1,12
504104,504116,504117,1,12
504104,504117,504118,1,13
504104,504117,504119,2,13
504104,504117,504118,1,13
504104,504118,504119,1,14
504104,504117,504118,1,13
504104,504117,504118,1,13
504104,504117,504118,1,13
504104,504117,504118,1,13
504104,504117,504119,2,13
504104,504116,504118,2,12
504104,504116,504119,3,12
504104,504117,504119,2,13
504104,504118,504119,1,14
504104,504118,504119,1,14
504104,504119,504120,1,15
504104,504119,504120,1,15
504104,504119,504121,2,15
504104,504118,504120,2,14
504104,504118,504120,2,14
504104,504119,504120,1,15
504104,504120,504121,1,16
504104,504119,504120,1,15
504104,504119,504121,2,15
504104,504119,504120,1,15
504104,504119,504121,2,15
504104,504118,504122,4,14
504104,504120,504122,2,16
504104,504120,504122,2,16
504104,504121,504122,1,17
504104,504121,504122,1,17
504104,504119,504122,3,15
504104,504119,504121,2,15
504104,504120,504122,2,16
504104,504121,504122,1,17
504104,504120,504122,2,16
504104,504121,504123,2,17
504104,504121,504122,1,17
504104,504121,504122,1,17
504104,504121,504123,2,17
504104,504121,504123,2,17
504104,504121,504123,2,17
504104,504121,504123,2,17
499253,499304,504124,4820,51
504104,504122,504124,2,18
504125,504125,504126,1,0
504125,504125,504126,1,0
504125,504125,504126,1,0
504125,504125,504126,1,0
504104,504123,504126,3,19
504125,504125,504126,1,0
504125,504125,504127,2,0
504125,504125,504126,1,0
504125,504125,504126,1,0
504125,504125,504127,2,0
504125,504125,504126,1,0
504125,504126,504127,1,1
504125,504125,504126,1,0
504125,504125,504126,1,0
504125,504126,504127,1,1
504125,504126,504127,1,1
504125,504126,504127,1,1
504125,504126,504127,1,1
504125,504126,504127,1,1
504125,504127,504128,1,2
504125,504125,504127,2,0
504125,504127,504128,1,2
504125,504127,504128,1,2
504125,504127,504128,1,2
504125,504127,504128,1,2
504125,504127,504129,2,2
504125,504127,504129,2,2
504125,504128,504129,1,3
504125,504127,504129,2,2
504125,504127,504128,1,2
504125,504127,504128,1,2
504125,504127,504128,1,2
504125,504127,504129,2,2
504125,504129,504130,1,4
504125,504127,504129,2,2
504125,504127,504130,3,2
504125,504128,504129,1,3
504125,504128,504130,2,3
504125,504125,504130,5,0
504125,504129,504131,2,4
504125,504127,504131,4,2
504125,504130,504131,1,5
504125,504129,504131,2,4
504125,504128,504130,2,3
504125,504129,504131,2,4
504125,504129,504130,1,4
504125,504129,504131,2,4
504125,504129,504130,1,4
504125,504129,504131,2,4
504125,504130,504132,2,5
504125,504131,504132,1,6
504125,504130,504132,2,5
504125,504130,504131,1,5
504125,504130,504132,2,5
504125,504131,504132,1,6
504125,504131,504133,2,6
504125,504130,504132,2,5
504125,504131,504133,2,6
504125,504132,504133,1,7
504125,504131,504133,2,6
504125,504131,504132,1,6
504125,504131,504133,2,6
504125,504131,504133,2,6
504125,504129,504133,4,4
504125,504131,504134,3,6
504125,504132,504133,1,7
504125,504133,504134,1,8
504125,504131,504133,2,6
504125,504132,504134,2,7
504125,504132,504133,1,7
504125,504132,504134,2,7
504125,504132,504134,2,7
504125,504133,504135,2,8
504125,504133,504134,1,8
504125,504133,504135,2,8
504125,504133,504134,1,8
504125,504133,504135,2,8
504125,504133,504135,2,8
504125,504133,504135,2,8
504125,504134,504135,1,9
504125,504134,504135,1,9
504125,504133,504135,2,8
504125,504134,504135,1,9
504125,504134,504136,2,9
504125,504134,504136,2,9
504125,504135,504136,1,10
504125,504134,504136,2,9
504125,504134,504136,2,9
504125,504135,504137,2,10
504125,504135,504136,1,10
504125,504135,504137,2,10
504125,504135,504137,2,10
504125,504136,504138,2,11
504125,504136,504137,1,11
504125,504136,504138,2,11
504125,504136,504138,2,11
504125,504136,504137,1,11
504125,504137,504138,1,12
504125,504136,504138,2,11
504125,504136,504138,2,11
504125,504138,504139,1,13
504125,504137,504138,1,12
504125,504137,504138,1,12
504125,504138,504139,1,13
504125,504137,504139,2,12
504125,504137,504139,2,12
504125,504134,504139,5,9
504125,504137,504140,3,12
504125,504138,504140,2,13
504125,504138,504139,1,13
504125,504139,504140,1,14
504125,504138,504140,2,13
504125,504139,504140,1,14
504125,504139,504140,1,14
504125,504138,504140,2,13
504125,504139,504141,2,14
504125,504138,504141,3,13
504125,504139,504140,1,14
504125,504139,504141,2,14
504125,504140,504141,1,15
504125,504140,504142,2,15
504125,504139,504142,3,14
504125,504140,504142,2,15
504125,504140,504142,2,15
504125,504141,504142,1,16
504125,504140,504142,2,15
504125,504140,504143,3,15
504125,504141,504143,2,16
504125,504140,504143,3,15
504125,504141,504143,2,16
504125,504141,504143,2,16
504125,504142,504143,1,17
504125,504141,504143,2,16
504125,504141,504144,3,16
504125,504140,504144,4,15
504125,504141,504144,3,16
504125,504143,504144,1,18
504125,504143,504144,1,18
504125,504142,504145,3,17
504125,504140,504145,5,15
504125,504143,504144,1,18
504125,504142,504144,2,17
504125,504143,504145,2,18
504125,504144,504145,1,19
504125,504144,504146,2,19
504125,504143,504146,3,18
504125,504143,504146,3,18
504125,504142,504146,4,17
499329,499408,504170,4762,79
504171,504171,504172,1,0
504171,504171,504172,1,0
504171,504171,504172,1,0
504171,504171,504172,1,0
504171,504171,504172,1,0
504171,504171,504172,1,0
504171,504171,504172,1,0
504171,504171,504173,2,0
504171,504171,504173,2,0
504171,504171,504173,2,0
504171,504172,504173,1,1
504171,504171,504173,2,0
504171,504171,504173,2,0
504171,504172,504173,1,1
504171,504172,504173,1,1
504171,504171,504174,3,0
504171,504171,504174,3,0
504171,504173,504174,1,2
504171,504172,504173,1,1
504171,504173,504174,1,2
504171,504173,504174,1,2
504171,504173,504175,2,2
504171,504173,504174,1,2
504171,504173,504174,1,2
504171,504173,504175,2,2
504171,504173,504175,2,2
504171,504174,504175,1,3
504171,504174,504175,1,3
504171,504174,504176,2,3
504171,504174,504176,2,3
504171,504173,504176,3,2
504171,504173,504175,2,2
504171,504174,504175,1,3
504171,504173,504175,2,2
504171,504175,504177,2,4
504171,504175,504176,1,4
504171,504175,504177,2,4
504171,504175,504176,1,4
504171,504175,504176,1,4
504171,504175,504177,2,4
504171,504171,504178,7,0
504171,504176,504178,2,5
504171,504175,504178,3,4
504171,504176,504178,2,5
504171,504176,504177,1,5
504171,504177,504179,2,6
504171,504176,504179,3,5
504171,504177,504179,2,6
504171,504177,504179,2,6
504171,504177,504178,1,6
504171,504176,504179,3,5
504171,504177,504179,2,6
504171,504176,504179,3,5
504171,504177,504179,2,6
504171,504178,504180,2,7
504171,504179,504180,1,8
504171,504179,504180,1,8
504171,504178,504180,2,7
504171,504172,504173,1,1
504171,504179,504181,2,8
504171,504178,504181,3,7
504171,504178,504180,2,7
504171,504178,504181,3,7
504171,504179,504181,2,8
504171,504180,504181,1,9
504171,504180,504181,1,9
504171,504179,504182,3,8
504171,504180,504182,2,9
504171,504182,504183,1,11
504171,504181,504182,1,10
504171,504180,504182,2,9
504171,504180,504182,2,9
504171,504181,504182,1,10
504171,504181,504182,1,10
504171,504175,504183,8,4
504171,504179,504183,4,8
504171,504181,504184,3,10
504171,504182,504183,1,11
504171,504183,504184,1,12
504171,504182,504183,1,11
504171,504181,504184,3,10
504171,504182,504184,2,11
504171,504183,504184,1,12
504171,504183,504184,1,12
504171,504183,504184,1,12
504171,504183,504184,1,12
504171,504181,504185,4,10
504171,504180,504184,4,9
504171,504183,504185,2,12
504171,504184,504185,1,13
504171,504184,504185,1,13
504171,504183,504185,2,12
504171,504183,504185,2,12
504171,504184,504186,2,13
504171,504183,504186,3,12
504171,504184,504186,2,13
504171,504184,504186,2,13
504171,504185,504186,1,14
504171,504186,504187,1,15
504171,504185,504186,1,14
504171,504186,504187,1,15
504171,504185,504187,2,14
504171,504183,504187,4,12
504171,504187,504188,1,16
504171,504187,504188,1,16
504171,504186,504188,2,15
504171,504186,504188,2,15
504171,504186,504188,2,15
504171,504187,504189,2,16
504171,504187,504188,1,16
504171,504187,504188,1,16
504171,504185,504189,4,14
504171,504186,504188,2,15
504171,504185,504189,4,14
504171,504188,504189,1,17
504171,504187,504189,2,16
504171,504188,504189,1,17
504171,504188,504189,1,17
504171,504188,504189,1,17
504171,504185,504189,4,14
504171,504189,504191,2,18
504171,504189,504190,1,18
504171,504189,504190,1,18
504171,504188,504190,2,17
504171,504186,504191,5,15
504171,504190,504191,1,19
504171,504189,504191,2,18
504171,504190,504191,1,19
504171,504190,504191,1,19
504171,504189,504192,3,18
504171,504189,504192,3,18
504171,504190,504192,2,19
504171,504191,504192,1,20
504171,504191,504192,1,20
504171,504190,504192,2,19
504171,504190,504192,2,19
504171,504187,504193,6,16
504171,504192,504193,1,21
504171,504191,504193,2,20
504171,504192,504193,1,21
504171,504192,504193,1,21
504171,504191,504193,2,20
504171,504190,504194,4,19
504171,504192,504194,2,21
504171,504192,504194,2,21
504171,504187,504197,10,16
504171,504192,504198,6,21
499287,499361,504205,4844,74
504214,504214,504215,1,0
504214,504214,504215,1,0
504214,504214,504216,2,0
504214,504214,504216,2,0
504214,504215,504216,1,1
504214,504214,504215,1,0
504214,504214,504215,1,0
504214,504214,504215,1,0
504214,504214,504216,2,0
504214,504214,504216,2,0
504214,504214,504216,2,0
504214,504214,504215,1,0
504214,504214,504215,1,0
504214,504215,504216,1,1
504214,504214,504217,3,0
504214,504216,504217,1,2
504214,504216,504217,1,2
504214,504214,504216,2,0
504214,504216,504217,1,2
504214,504216,504217,1,2
504214,504216,504217,1,2
504214,504216,504217,1,2
504214,504217,504218,1,3
504214,504216,504218,2,2
504214,504216,504218,2,2
504214,504216,504217,1,2
504214,504218,504219,1,4
504214,504216,504219,3,2
504214,504217,504219,2,3
504214,504216,504218,2,2
504214,504217,504218,1,3
504214,504214,504220,6,0
504214,504214,504220,6,0
504214,504217,504219,2,3
504214,504214,504219,5,0
504214,504216,504219,3,2
504214,504218,504220,2,4
504214,504217,504219,2,3
504214,504218,504220,2,4
504214,504218,504219,1,4
504214,504218,504220,2,4
504214,504219,504220,1,5
504214,504218,504220,2,4
504214,504219,504221,2,5
504214,504218,504220,2,4
504214,504219,504220,1,5
504214,504219,504220,1,5
504214,504219,504221,2,5
504214,504220,504221,1,6
504214,504220,504222,2,6
504214,504220,504221,1,6
504214,504220,504221,1,6
504214,504220,504222,2,6
504214,504220,504222,2,6
504214,504220,504223,3,6
504214,504221,504222,1,7
504214,504221,504223,2,7
504214,504221,504223,2,7
504214,504220,504223,3,6
504214,504221,504223,2,7
504214,504221,504222,1,7
504214,504221,504222,1,7
504214,504220,504223,3,6
504214,504222,504223,1,8
504214,504222,504223,1,8
504214,504223,504224,1,9
504214,504222,504224,2,8
504214,504223,504224,1,9
504214,504222,504225,3,8
504214,504223,504225,2,9
504214,504222,504225,3,8
504214,504223,504225,2,9
504214,504223,504225,2,9
504214,504220,504226,6,6
504214,504223,504226,3,9
504214,504223,504226,3,9
504214,504224,504225,1,10
504214,504223,504226,3,9
504214,504224,504225,1,10
504214,504224,504226,2,10
504214,504224,504226,2,10
504214,504225,504226,1,11
504214,504225,504227,2,11
504214,504225,504227,2,11
504214,504226,504228,2,12
504214,504226,504228,2,12
504214,504227,504228,1,13
504214,504225,504227,2,11
504214,504226,504227,1,12
504214,504225,504228,3,11
504214,504225,504227,2,11
504214,504226,504228,2,12
504214,504226,504228,2,12
504214,504227,504228,1,13
504214,504223,504229,6,9
504214,504223,504229,6,9
504214,504228,504229,1,14
504214,504226,504228,2,12
504214,504227,504229,2,13
504214,504226,504229,3,12
504214,504226,504228,2,12
504214,504228,504229,1,14
504214,504224,504230,6,10
504214,504228,504230,2,14
504214,504228,504229,1,14
504214,504228,504230,2,14
504214,504228,504230,2,14
504214,504229,504230,1,15
504214,504229,504230,1,15
504214,504229,504230,1,15
504214,504228,504230,2,14
504214,504228,504230,2,14
504214,504229,504230,1,15
504214,504229,504231,2,15
504214,504231,504232,1,17
504214,504229,504232,3,15
504214,504231,504232,1,17
504214,504231,504232,1,17
504214,504231,504232,1,17
504214,504231,504232,1,17
504214,504231,504232,1,17
504214,504231,504232,1,17
504214,504231,504233,2,17
504214,504231,504233,2,17
504214,504230,504233,3,16
504214,504232,504233,1,18
504214,504232,504233,1,18
504214,504229,504234,5,15
504214,504229,504234,5,15
504214,504233,504234,1,19
504214,504234,504235,1,20
504214,504233,504234,1,19
504214,504233,504234,1,19
504214,504233,504234,1,19
504214,504230,504235,5,16
504214,504233,504235,2,19
504214,504232,504235,3,18
504214,504233,504235,2,19
504214,504233,504235,2,19
504214,504233,504235,2,19
504214,504234,504235,1,20
504214,504233,504236,3,19
504214,504233,504236,3,19
504214,504235,504236,1,21
504214,504234,504237,3,20
504214,504233,504237,4,19
504214,504234,504238,4,20
499372,499461,504271,4810,89
504272,504272,504273,1,0
504272,504272,504273,1,0
504272,504272,504274,2,0
504272,504272,504274,2,0
504272,504272,504273,1,0
504272,504272,504273,1,0
504272,504272,504274,2,0
504272,504273,504274,1,1
504272,504272,504274,2,0
504272,504272,504274,2,0
504272,504272,504274,2,0
504272,504272,504274,2,0
504272,504274,504275,1,2
504272,504274,504275,1,2
504272,504274,504275,1,2
504272,504272,504275,3,0
504272,504272,504275,3,0
501083,501123,504276,3153,40
504272,504275,504276,1,3
504272,504274,504275,1,2
504272,504274,504276,2,2
504272,504275,504276,1,3
504272,504274,504276,2,2
504272,504272,504277,5,0
504272,504272,504277,5,0
504272,504276,504277,1,4
504272,504276,504277,1,4
504272,504274,504277,3,2
504272,504274,504276,2,2
504272,504274,504276,2,2
504272,504274,504277,3,2
504272,504274,504277,3,2
504272,504276,504277,1,4
504272,504275,504277,2,3
504272,504275,504277,2,3
499357,499424,504277,4853,67
504272,504272,504277,5,0
504272,504276,504278,2,4
504272,504277,504278,1,5
504272,504276,504277,1,4
504272,504272,504278,6,0
504272,504277,504279,2,5
504272,504277,504279,2,5
504272,504278,504279,1,6
504272,504277,504279,2,5
504272,504277,504279,2,5
504272,504277,504278,1,5
504272,504277,504279,2,5
504272,504278,504279,1,6
504272,504275,504279,4,3
504272,504278,504279,1,6
504272,504277,504279,2,5
504272,504277,504279,2,5
504272,504278,504280,2,6
504272,504277,504280,3,5
504272,504277,504280,3,5
504272,504278,504280,2,6
504272,504276,504280,4,4
504272,504280,504281,1,8
504272,504280,504281,1,8
504272,504280,504281,1,8
504272,504280,504281,1,8
504272,504280,504281,1,8
504272,504281,504282,1,9
504272,504281,504282,1,9
504272,504280,504282,2,8
504272,504279,504282,3,7
504272,504280,504282,2,8
504272,504282,504283,1,10
504272,504279,504282,3,7
504272,504280,504282,2,8
504272,504282,504283,1,10
504272,504282,504283,1,10
504272,504281,504283,2,9
504272,504282,504283,1,10
504272,504283,504284,1,11
504272,504280,504283,3,8
504272,504282,504283,1,10
504272,504282,504283,1,10
504272,504280,504284,4,8
504272,504280,504284,4,8
504272,504283,504284,1,11
504272,504278,504284,6,6
504272,504280,504285,5,8
504272,504283,504285,2,11
504272,504283,504285,2,11
504272,504284,504285,1,12
504272,504284,504285,1,12
504272,504284,504285,1,12
504272,504284,504285,1,12
504272,504281,504285,4,9
504272,504284,504285,1,12
504272,504284,504285,1,12
504272,504282,504286,4,10
504272,504286,504287,1,14
504272,504283,504287,4,11
504272,504286,504287,1,14
504272,504286,504287,1,14
504272,504286,504287,1,14
504272,504284,504286,2,12
504272,504286,504287,1,14
504272,504287,504288,1,15
504272,504285,504287,2,13
504272,504286,504287,1,14
504272,504287,504288,1,15
504272,504287,504288,1,15
504272,504286,504287,1,14
504272,504286,504288,2,14
504272,504288,504289,1,16
504272,504284,504288,4,12
504272,504287,504288,1,15
504272,504279,504287,8,7
504272,504288,504289,1,16
504272,504287,504289,2,15
504272,504288,504289,1,16
504272,504286,504289,3,14
504272,504288,504289,1,16
504272,504288,504289,1,16
504272,504288,504289,1,16
504272,504289,504290,1,17
504272,504284,504290,6,12
504272,504285,504291,6,13
504272,504289,504290,1,17
504272,504289,504290,1,17
504272,504288,504291,3,16
504272,504288,504291,3,16
504272,504289,504291,2,17
504272,504287,504291,4,15
504272,504290,504291,1,18
504272,504291,504292,1,19
504272,504290,504292,2,18
504272,504290,504291,1,18
504272,504290,504291,1,18
504272,504290,504291,1,18
504272,504291,504293,2,19
504272,504289,504292,3,17
504272,504291,504292,1,19
504272,504292,504294,2,20
504272,504292,504293,1,20
504272,504292,504293,1,20
504272,504290,504293,3,18
504272,504292,504294,2,20
504277,504293,504294,1,16
504272,504292,504293,1,20
504272,504291,504293,2,19
504272,504291,504294,3,19
504272,504291,504294,3,19
504277,504293,504294,1,16
504277,504294,504295,1,17
504272,504292,504294,2,20
504277,504294,504295,1,17
504277,504294,504295,1,17
504277,504295,504296,1,18
504277,504294,504295,1,17
504277,504294,504295,1,17
504277,504295,504296,1,18
504277,504294,504296,2,17
504277,504294,504296,2,17
504272,504286,504296,10,14
504277,504293,504296,3,16
504277,504295,504296,1,18
504277,504296,504297,1,19
504277,504296,504297,1,19
504277,504296,504297,1,19
504277,504296,504297,1,19
504277,504296,504297,1,19
504277,504294,504296,2,17
504272,504285,504297,12,13
504277,504294,504298,4,17
504277,504294,504297,3,17
504277,504297,504298,1,20
504277,504297,504298,1,20
504277,504297,504298,1,20
504277,504297,504298,1,20
504277,504296,504298,2,19
504277,504296,504298,2,19
504272,504291,504298,7,19
504277,504297,504298,1,20
504277,504297,504299,2,20
504277,504297,504299,2,20
504277,504298,504299,1,21
504277,504297,504298,1,20
504277,504295,504300,5,18
504277,504298,504299,1,21
504277,504299,504300,1,22
504277,504298,504299,1,21
504277,504297,504300,3,20
504277,504299,504301,2,22
504277,504299,504300,1,22
504277,504298,504301,3,21
504277,504299,504301,2,22
504277,504298,504300,2,21
504277,504299,504301,2,22
504277,504299,504301,2,22
504277,504298,504302,4,21
504277,504300,504301,1,23
504277,504300,504301,1,23
504277,504301,504302,1,24
504277,504300,504301,1,23
504277,504301,504302,1,24
504277,504299,504302,3,22
504277,504301,504303,2,24
504277,504301,504302,1,24
504272,504289,504302,13,17
504277,504301,504303,2,24
504277,504299,504303,4,22
504272,504302,504304,2,30
504277,504298,504303,5,21
504277,504302,504303,1,25
504277,504302,504304,2,25
504277,504302,504303,1,25
504277,504302,504304,2,25
504277,504302,504304,2,25
504277,504301,504305,4,24
504277,504303,504305,2,26
504277,504304,504305,1,27
504277,504304,504305,1,27
504277,504303,504305,2,26
504277,504303,504305,2,26
504277,504300,504306,6,23
504277,504304,504306,2,27
504277,504304,504305,1,27
504277,504305,504306,1,28
504277,504304,504306,2,27
504277,504305,504307,2,28
504277,504305,504307,2,28
504277,504305,504307,2,28
504277,504304,504307,3,27
504277,504306,504308,2,29
504277,504306,504308,2,29
504277,504306,504308,2,29
504277,504306,504309,3,29
504277,504306,504308,2,29
504277,504307,504309,2,30
504277,504308,504309,1,31
504277,504307,504310,3,30
504277,504307,504309,2,30
504277,504304,504310,6,27
504277,504309,504310,1,32
504277,504309,504310,1,32
504277,504309,504310,1,32
504277,504308,504310,2,31
504277,504310,504311,1,33
504277,504301,504311,10,24
504277,504302,504311,9,25
504277,504309,504311,2,32
504277,504310,504311,1,33
504277,504310,504311,1,33
504277,504303,504312,9,26
504277,504305,504312,7,28
504277,504305,504312,7,28
504277,504311,504312,1,34
504277,504311,504312,1,34
504277,504311,504312,1,34
504277,504311,504312,1,34
504277,504304,504312,8,27
504277,504304,504312,8,27
504277,504309,504312,3,32
504277,504311,504313,2,34
504277,504312,504313,1,35
504277,504313,504314,1,36
504277,504312,504313,1,35
504277,504311,504314,3,34
504277,504312,504314,2,35
504277,504312,504314,2,35
504277,504312,504314,2,35
504277,504313,504314,1,36
504277,504313,504314,1,36
504277,504313,504314,1,36
504277,504312,504314,2,35
504277,504313,504315,2,36
504277,504314,504315,1,37
504277,504314,504315,1,37
504277,504315,504316,1,38
504277,504314,504316,2,37
504277,504314,504316,2,37
504277,504314,504316,2,37
504277,504313,504316,3,36
504277,504312,504316,4,35
504277,504313,504316,3,36
504277,504315,504316,1,38
504277,504315,504316,1,38
504277,504315,504316,1,38
504277,504315,504316,1,38
504277,504316,504317,1,39
504277,504316,504317,1,39
504277,504316,504317,1,39
504279,504317,504318,1,38
504277,504312,504317,5,35
504277,504313,504317,4,36
504277,504315,504317,2,38
504277,504317,504318,1,40
504279,504318,504319,1,39
504277,504314,504318,4,37
504277,504316,504319,3,39
504277,504316,504318,2,39
504277,504316,504319,3,39
504277,504317,504319,2,40
504277,504317,504319,2,40
504279,504318,504320,2,39
504279,504319,504320,1,40
499341,499408,504320,4912,67
504277,504316,504320,4,39
504279,504318,504320,2,39
504277,504317,504320,3,40
504279,504319,504320,1,40
504279,504319,504320,1,40
504279,504320,504321,1,41
504279,504319,504321,2,40
504279,504319,504321,2,40
504279,504319,504321,2,40
504279,504320,504321,1,41
504279,504320,504321,1,41
504279,504320,504322,2,41
504279,504321,504322,1,42
504279,504320,504321,1,41
504279,504320,504322,2,41
504277,504315,504322,7,38
504279,504321,504322,1,42
504279,504320,504322,2,41
504279,504321,504322,1,42
504279,504322,504323,1,43
504279,504321,504323,2,42
504279,504321,504323,2,42
504279,504322,504324,2,43
504279,504323,504324,1,44
504279,504323,504324,1,44
504279,504322,504324,2,43
504279,504323,504325,2,44
504279,504323,504325,2,44
504279,504323,504325,2,44
504279,504322,504325,3,43
504279,504321,504326,5,42
504279,504322,504325,3,43
504279,504318,504325,7,39
504279,504318,504325,7,39
504279,504320,504326,6,41
504279,504322,504326,4,43
504279,504323,504326,3,44
504279,504324,504326,2,45
504279,504321,504326,5,42
504279,504325,504326,1,46
504279,504325,504327,2,46
504279,504319,504327,8,40
504279,504325,504327,2,46
504279,504325,504327,2,46
504279,504325,504327,2,46
504279,504326,504328,2,47
504279,504326,504328,2,47
504279,504325,504327,2,46
504279,504327,504328,1,48
504279,504327,504328,1,48
504279,504327,504328,1,48
504279,504327,504329,2,48
504279,504326,504329,3,47
504279,504326,504329,3,47
504279,504327,504329,2,48
504279,504322,504330,8,43
504279,504326,504329,3,47
504279,504326,504330,4,47
504279,504325,504330,5,46
504279,504329,504330,1,50
504279,504329,504330,1,50
504279,504329,504331,2,50
504279,504329,504331,2,50
504279,504331,504332,1,52
504279,504326,504331,5,47
504279,504328,504331,3,49
504279,504326,504332,6,47
504279,504330,504332,2,51
504279,504330,504332,2,51
504279,504330,504332,2,51
504279,504332,504333,1,53
504279,504331,504333,2,52
504279,504331,504332,1,52
504279,504330,504333,3,51
504279,504331,504333,2,52
504279,504329,504334,5,50
504279,504331,504334,3,52
504279,504333,504335,2,54
504279,504330,504334,4,51
504279,504330,504334,4,51
504279,504333,504335,2,54
504279,504333,504335,2,54
504279,504333,504335,2,54
504279,504333,504335,2,54
504279,504334,504336,2,55
504279,504335,504336,1,56
504279,504334,504336,2,55
504279,504327,504335,8,48
504279,504326,504335,9,47
504279,504332,504336,4,53
504279,504333,504336,3,54
504279,504335,504336,1,56
504279,504336,504337,1,57
504279,504335,504337,2,56
504279,504328,504337,9,49
504279,504335,504337,2,56
504279,504336,504337,1,57
504279,504333,504337,4,54
504279,504336,504338,2,57
504279,504336,504338,2,57
504279,504336,504337,1,57
504279,504336,504338,2,57
504279,504337,504338,1,58
504279,504337,504339,2,58
504279,504337,504339,2,58
504279,504338,504340,2,59
504279,504337,504339,2,58
504279,504338,504340,2,59
504279,504338,504339,1,59
504279,504332,504340,8,53
504279,504336,504340,4,57
504279,504336,504340,4,57
504279,504338,504340,2,59
504279,504338,504340,2,59
504279,504338,504340,2,59
504279,504335,504340,5,56
504279,504337,504341,4,58
504279,504340,504341,1,61
504279,504340,504341,1,61
504279,504340,504342,2,61
504279,504340,504341,1,61
504279,504340,504341,1,61
504279,504340,504341,1,61
504279,504336,504342,6,57
504279,504341,504342,1,62
504279,504340,504343,3,61
504279,504342,504343,1,63
504279,504341,504343,2,62
504279,504341,504343,2,62
504279,504342,504344,2,63
504279,504336,504344,8,57
504279,504337,504344,7,58
504279,504342,504344,2,63
504279,504343,504344,1,64
504279,504335,504344,9,56
504279,504342,504344,2,63
504321,504344,504345,1,23
504279,504340,504345,5,61
504279,504344,504345,1,65
504321,504345,504346,1,24
504321,504344,504346,2,23
504279,504341,504345,4,62
504321,504344,504345,1,23
504321,504344,504345,1,23
504321,504344,504346,2,23
504321,504346,504347,1,25
504321,504346,504347,1,25
504321,504345,504347,2,24
504321,504345,504346,1,24
504279,504343,504347,4,64
504321,504345,504347,2,24
504321,504345,504347,2,24
504321,504347,504348,1,26
504279,504341,504348,7,62
504321,504346,504348,2,25
504321,504348,504349,1,27
504321,504348,504349,1,27
504321,504346,504348,2,25
504321,504348,504349,1,27
504321,504349,504350,1,28
504321,504347,504350,3,26
504279,504340,504350,10,61
504279,504342,504350,8,63
504321,504348,504350,2,27
504321,504346,504350,4,25
504321,504346,504350,4,25
504321,504346,504350,4,25
504321,504348,504351,3,27
504321,504350,504351,1,29
504279,504342,504351,9,63
504321,504349,504350,1,28
504321,504349,504351,2,28
504321,504347,504351,4,26
504279,504343,504351,8,64
504321,504350,504351,1,29
504321,504350,504352,2,29
504321,504350,504352,2,29
504321,504351,504353,2,30
504321,504351,504352,1,30
504321,504351,504353,2,30
504321,504350,504353,3,29
504321,504352,504354,2,31
504321,504352,504353,1,31
504321,504353,504354,1,32
504321,504351,504353,2,30
504321,504352,504353,1,31
504321,504351,504354,3,30
504321,504351,504355,4,30
504321,504353,504356,3,32
504321,504354,504355,1,33
504321,504354,504355,1,33
504321,504353,504356,3,32
504321,504354,504356,2,33
504321,504350,504356,6,29
504321,504354,504357,3,33
504321,504356,504357,1,35
504321,504354,504357,3,33
504321,504348,504357,9,27
504321,504356,504358,2,35
504321,504356,504357,1,35
504321,504357,504358,1,36
504321,504350,504358,8,29
504321,504357,504358,1,36
504321,504350,504358,8,29
504321,504353,504358,5,32
504321,504357,504358,1,36
504321,504358,504359,1,37
504321,504357,504359,2,36
504321,504356,504359,3,35
504321,504350,504359,9,29
504321,504347,504359,12,26
504321,504356,504359,3,35
504321,504358,504359,1,37
504321,504359,504360,1,38
504321,504358,504360,2,37
504321,504357,504360,3,36
504321,504357,504360,3,36
504321,504360,504361,1,39
504321,504359,504360,1,38
504321,504353,504361,8,32
504321,504360,504361,1,39
504321,504358,504361,3,37
504321,504360,504362,2,39
504321,504360,504362,2,39
504321,504359,504362,3,38
504321,504361,504362,1,40
504321,504359,504363,4,38
504321,504361,504362,1,40
504321,504355,504362,7,34
504321,504361,504362,1,40
504321,504359,504363,4,38
504321,504360,504363,3,39
504321,504360,504363,3,39
504321,504359,504363,4,38
504321,504362,504363,1,41
504321,504363,504364,1,42
504321,504362,504364,2,41
504321,504363,504364,1,42
504321,504360,504364,4,39
504321,504363,504364,1,42
504321,504363,504364,1,42
504321,504364,504365,1,43
504321,504364,504365,1,43
504321,504363,504365,2,42
504321,504364,504365,1,43
504321,504365,504366,1,44
504321,504361,504365,4,40
504321,504364,504365,1,43
504321,504365,504366,1,44
504321,504365,504366,1,44
504321,504366,504367,1,45
504321,504362,504366,4,41
504321,504365,504366,1,44
504321,504365,504367,2,44
504321,504364,504367,3,43
504321,504366,504368,2,45
504321,504367,504368,1,46
504321,504365,504367,2,44
504321,504366,504368,2,45
504321,504366,504368,2,45
504321,504365,504368,3,44
504321,504367,504368,1,46
504321,504363,504368,5,42
501078,501098,504369,3271,20
504321,504359,504369,10,38
504321,504360,504369,9,39
504321,504362,504370,8,41
504321,504368,504369,1,47
504321,504367,504369,2,46
504321,504367,504370,3,46
504321,504369,504370,1,48
504321,504369,504370,1,48
504321,504368,504371,3,47
504321,504369,504370,1,48
504321,504369,504370,1,48
504321,504370,504371,1,49
504321,504370,504371,1,49
504321,504368,504372,4,47
504321,504368,504371,3,47
504321,504370,504372,2,49
504321,504364,504372,8,43
504321,504371,504372,1,50
504321,504371,504372,1,50
504321,504371,504372,1,50
504321,504370,504372,2,49
504321,504371,504373,2,50
504321,504371,504373,2,50
504370,504373,504374,1,3
504370,504372,504373,1,2
504370,504372,504373,1,2
504370,504372,504373,1,2
504321,504371,504373,2,50
504321,504366,504373,7,45
504370,504373,504374,1,3
504321,504371,504374,3,50
504370,504373,504374,1,3
504321,504370,504374,4,49
504370,504373,504374,1,3
504370,504374,504375,1,4
504370,504374,504375,1,4
504370,504373,504375,2,3
504370,504374,504375,1,4
504370,504375,504376,1,5
504370,504375,504376,1,5
504370,504373,504375,2,3
504370,504374,504376,2,4
504370,504375,504376,1,5
504370,504375,504376,1,5
504370,504375,504376,1,5
504370,504375,504376,1,5
504370,504374,504377,3,4
504370,504376,504377,1,6
504370,504375,504377,2,5
504370,504376,504377,1,6
504370,504375,504377,2,5
504370,504376,504377,1,6
504370,504377,504378,1,7
504370,504374,504378,4,4
504321,504366,504378,12,45
504321,504369,504378,9,48
504370,504376,504378,2,6
504370,504372,504378,6,2
504370,504377,504379,2,7
504370,504377,504378,1,7
504370,504378,504379,1,8
504370,504377,504378,1,7
504370,504374,504378,4,4
504370,504376,504379,3,6
504370,504377,504379,2,7
504370,504377,504379,2,7
504370,504375,504379,4,5
504370,504378,504379,1,8
504370,504379,504380,1,9
504370,504379,504380,1,9
504370,504379,504381,2,9
504370,504377,504381,4,7
504370,504378,504381,3,8
504370,504379,504381,2,9
504370,504379,504380,1,9
504370,504379,504380,1,9
504370,504378,504380,2,8
504370,504379,504381,2,9
504370,504379,504381,2,9
504370,504378,504381,3,8
504370,504380,504381,1,10
504370,504380,504381,1,10
504370,504381,504382,1,11
504370,504381,504383,2,11
504370,504381,504382,1,11
504370,504381,504382,1,11
504370,504378,504382,4,8
504370,504378,504382,4,8
504370,504379,504383,4,9
504370,504381,504383,2,11
504370,504381,504384,3,11
504370,504382,504383,1,12
504370,504382,504383,1,12
504370,504383,504384,1,13
504370,504381,504384,3,11
504370,504380,504384,4,10
504370,504381,504384,3,11
504370,504383,504384,1,13
504370,504384,504385,1,14
504370,504381,504385,4,11
504370,504384,504385,1,14
504370,504384,504385,1,14
504370,504381,504385,4,11
504370,504384,504386,2,14
504370,504382,504385,3,12
504370,504384,504385,1,14
504370,504384,504385,1,14
504370,504385,504387,2,15
504370,504383,504387,4,13
504370,504383,504387,4,13
504370,504385,504387,2,15
504370,504384,504387,3,14
504370,504386,504387,1,16
504370,504386,504387,1,16
504370,504385,504388,3,15
504370,504383,504388,5,13
504370,504383,504387,4,13
504370,504386,504388,2,16
504370,504386,504387,1,16
504370,504387,504388,1,17
504370,504385,504388,3,15
504370,504386,504388,2,16
504370,504386,504388,2,16
504370,504387,504388,1,17
504370,504387,504389,2,17
504370,504388,504389,1,18
504370,504388,504389,1,18
504370,504388,504389,1,18
504370,504389,504390,1,19
504370,504385,504389,4,15
504370,504387,504390,3,17
504370,504388,504390,2,18
504370,504388,504390,2,18
504370,504387,504390,3,17
504370,504386,504390,4,16
504370,504388,504391,3,18
504370,504389,504391,2,19
504370,504389,504390,1,19
504370,504389,504390,1,19
504370,504390,504391,1,20
504370,504388,504391,3,18
504370,504390,504391,1,20
504370,504390,504391,1,20
504370,504389,504392,3,19
504370,504390,504392,2,20
504370,504390,504392,2,20
504370,504389,504393,4,19
504370,504388,504392,4,18
504370,504391,504393,2,21
504370,504389,504393,4,19
504370,504391,504393,2,21
504370,504392,504393,1,22
504370,504392,504393,1,22
504370,504392,504394,2,22
504370,504392,504393,1,22
504370,504392,504393,1,22
504370,504391,504393,2,21
504370,504392,504394,2,22
504370,504393,504395,2,23
504370,504390,504395,5,20
504370,504394,504395,1,24
504370,504394,504395,1,24
504370,504394,504395,1,24
504370,504393,504395,2,23
504370,504394,504395,1,24
504370,504394,504395,1,24
504370,504394,504396,2,24
504370,504393,504395,2,23
504370,504392,504396,4,22
504370,504393,504396,3,23
504370,504394,504396,2,24
504370,504393,504396,3,23
504370,504394,504398,4,24
504370,504390,504394,4,20
504370,504435,504438,3,65
500876,500912,505694,4782,36
505696,505696,505697,1,0
505696,505696,505697,1,0
505696,505696,505698,2,0
505696,505696,505698,2,0
505696,505696,505698,2,0
505696,505696,505698,2,0
505696,505697,505698,1,1
505696,505697,505699,2,1
505696,505697,505699,2,1
505696,505697,505699,2,1
505696,505697,505698,1,1
505696,505696,505699,3,0
505696,505696,505699,3,0
505696,505696,505699,3,0
505696,505696,505700,4,0
505696,505698,505700,2,2
505696,505699,505700,1,3
505696,505699,505700,1,3
505696,505698,505701,3,2
505696,505698,505701,3,2
505696,505700,505701,1,4
505696,505700,505701,1,4
505696,505700,505701,1,4
505696,505696,505702,6,0
505696,505696,505702,6,0
505696,505696,505702,6,0
505696,505700,505702,2,4
505696,505700,505702,2,4
505696,505700,505702,2,4
505696,505700,505702,2,4
505696,505700,505702,2,4
505696,505700,505702,2,4
505696,505700,505702,2,4
505696,505701,505702,1,5
505696,505701,505702,1,5
505696,505702,505703,1,6
505696,505702,505703,1,6
505696,505703,505704,1,7
505696,505703,505704,1,7
505696,505703,505704,1,7
505696,505703,505704,1,7
505696,505702,505704,2,6
505696,505702,505704,2,6
505696,505702,505704,2,6
505696,505703,505704,1,7
505696,505703,505704,1,7
505696,505703,505705,2,7
505696,505703,505705,2,7
505696,505703,505705,2,7
505696,505703,505705,2,7
505696,505703,505705,2,7
505696,505704,505705,1,8
505696,505704,505705,1,8
505696,505705,505706,1,9
505696,505705,505706,1,9
505696,505705,505707,2,9
505696,505705,505706,1,9
505696,505704,505706,2,8
505696,505706,505707,1,10
505696,505705,505707,2,9
505696,505705,505707,2,9
505696,505706,505708,2,10
505696,505706,505707,1,10
505696,505706,505707,1,10
505696,505706,505707,1,10
505696,505707,505709,2,11
505696,505706,505708,2,10
505696,505706,505708,2,10
505696,505706,505708,2,10
505696,505707,505710,3,11
505696,505708,505710,2,12
505696,505708,505709,1,12
505696,505708,505709,1,12
505696,505708,505709,1,12
505696,505708,505710,2,12
505696,505707,505710,3,11
505696,505708,505710,2,12
505696,505708,505710,2,12
505696,505703,505711,8,7
505696,505705,505711,6,9
505696,505709,505711,2,13
505696,505709,505712,3,13
505696,505709,505712,3,13
505696,505709,505712,3,13
505696,505710,505712,2,14
505696,505710,505712,2,14
505696,505710,505711,1,14
505696,505711,505712,1,15
505696,505710,505712,2,14
505696,505712,505713,1,16
505696,505712,505713,1,16
505696,505705,505713,8,9
505696,505707,505713,6,11
505696,505711,505713,2,15
505696,505711,505714,3,15
505696,505712,505714,2,16
505696,505710,505713,3,14
505696,505711,505713,2,15
505696,505712,505713,1,16
505696,505713,505714,1,17
505696,505713,505714,1,17
505696,505714,505715,1,18
505696,505712,505715,3,16
505696,505712,505715,3,16
505696,505712,505714,2,16
505696,505714,505715,1,18
505696,505713,505715,2,17
505696,505714,505716,2,18
505696,505714,505715,1,18
505696,505714,505715,1,18
505696,505715,505716,1,19
505696,505712,505716,4,16
505696,505715,505716,1,19
505696,505714,505716,2,18
505696,505714,505716,2,18
505696,505714,505716,2,18
505696,505714,505716,2,18
505696,505715,505717,2,19
505696,505716,505718,2,20
505696,505715,505718,3,19
505696,505715,505717,2,19
505696,505716,505718,2,20
505696,505716,505717,1,20
505696,505716,505717,1,20
505696,505717,505718,1,21
505696,505714,505718,4,18
505696,505714,505718,4,18
505696,505717,505719,2,21
505696,505712,505719,7,16
505696,505717,505719,2,21
505696,505717,505719,2,21
505696,505716,505719,3,20
505696,505717,505720,3,21
505696,505717,505719,2,21
505696,505718,505720,2,22
505696,505718,505719,1,22
505696,505718,505720,2,22
505696,505717,505720,3,21
505696,505719,505720,1,23
505696,505718,505721,3,22
505696,505718,505721,3,22
505696,505719,505721,2,23
505696,505718,505721,3,22
505696,505719,505721,2,23
505696,505719,505722,3,23
505696,505720,505723,3,24
505696,505720,505725,5,24
502584,502605,505853,3248,21
505854,505854,505855,1,0
505854,505855,505856,1,1
505854,505855,505856,1,1
505854,505855,505856,1,1
505854,505854,505856,2,0
505854,505855,505856,1,1
505854,505855,505856,1,1
505854,505855,505856,1,1
505854,505855,505856,1,1
505854,505855,505857,2,1
505854,505857,505858,1,3
505854,505855,505857,2,1
505854,505856,505857,1,2
505854,505856,505857,1,2
505854,505857,505858,1,3
505854,505857,505858,1,3
505854,505857,505858,1,3
505854,505857,505858,1,3
505854,505857,505858,1,3
505854,505857,505858,1,3
505854,505858,505859,1,4
505854,505855,505859,4,1
505854,505857,505859,2,3
505854,505858,505859,1,4
505854,505858,505859,1,4
505854,505859,505861,2,5
505854,505859,505861,2,5
505854,505858,505860,2,4
505854,505858,505860,2,4
505854,505859,505861,2,5
505854,505859,505860,1,5
505854,505859,505860,1,5
505854,505859,505860,1,5
505854,505860,505861,1,6
505854,505857,505861,4,3
505854,505855,505861,6,1
505854,505859,505861,2,5
505854,505861,505862,1,7
505854,505860,505861,1,6
505854,505861,505862,1,7
505854,505857,505862,5,3
505854,505860,505862,2,6
505854,505861,505863,2,7
505854,505860,505862,2,6
505854,505861,505862,1,7
505854,505862,505863,1,8
505854,505861,505862,1,7
505854,505855,505863,8,1
505854,505862,505863,1,8
505854,505861,505863,2,7
505854,505861,505863,2,7
505854,505862,505864,2,8
505854,505861,505863,2,7
505854,505861,505863,2,7
505854,505863,505864,1,9
505854,505863,505864,1,9
505854,505862,505863,1,8
505854,505862,505863,1,8
505854,505862,505864,2,8
505854,505864,505865,1,10
505854,505863,505864,1,9
505854,505863,505865,2,9
505854,505863,505865,2,9
505854,505864,505865,1,10
505854,505864,505865,1,10
505854,505864,505866,2,10
505854,505864,505866,2,10
505854,505863,505865,2,9
505854,505863,505865,2,9
505854,505864,505865,1,10
505854,505864,505865,1,10
505854,505864,505865,1,10
505854,505864,505866,2,10
505854,505864,505866,2,10
505854,505864,505866,2,10
505854,505865,505866,1,11
505854,505865,505866,1,11
505854,505865,505868,3,11
505854,505866,505867,1,12
505854,505867,505868,1,13
505854,505866,505867,1,12
505854,505866,505867,1,12
505854,505867,505868,1,13
505854,505866,505868,2,12
505854,505866,505868,2,12
505854,505866,505869,3,12
505854,505866,505868,2,12
505854,505868,505869,1,14
505854,505866,505869,3,12
505854,505867,505869,2,13
505854,505867,505869,2,13
505854,505867,505869,2,13
505854,505868,505869,1,14
505854,505868,505869,1,14
505854,505868,505869,1,14
505854,505868,505869,1,14
505854,505866,505870,4,12
505854,505869,505870,1,15
505854,505869,505871,2,15
505854,505869,505870,1,15
505854,505870,505871,1,16
505854,505870,505871,1,16
505854,505866,505871,5,12
505854,505866,505871,5,12
505854,505870,505872,2,16
505854,505869,505871,2,15
505854,505871,505872,1,17
505854,505871,505872,1,17
505854,505870,505871,1,16
505854,505870,505871,1,16
505854,505869,505872,3,15
505854,505868,505872,4,14
505854,505871,505872,1,17
505854,505871,505873,2,17
505854,505871,505873,2,17
505854,505870,505872,2,16
505854,505870,505873,3,16
505854,505870,505872,2,16
505854,505872,505873,1,18
505854,505871,505873,2,17
505854,505872,505874,2,18
505854,505872,505873,1,18
505854,505872,505874,2,18
505854,505872,505874,2,18
505854,505873,505875,2,19
505854,505873,505874,1,19
505854,505872,505874,2,18
505854,505872,505874,2,18
505854,505872,505874,2,18
505854,505873,505874,1,19
505854,505873,505875,2,19
505854,505873,505875,2,19
505854,505873,505875,2,19
505854,505873,505875,2,19
505854,505873,505875,2,19
505854,505873,505876,3,19
505854,505873,505876,3,19
505854,505874,505875,1,20
505854,505874,505876,2,20
505854,505874,505875,1,20
505854,505875,505876,1,21
505854,505874,505877,3,20
505854,505875,505878,3,21
502651,502697,505880,3183,46
505893,505893,505894,1,0
505893,505893,505894,1,0
505893,505893,505894,1,0
505893,505893,505894,1,0
505893,505893,505894,1,0
505893,505893,505894,1,0
505893,505893,505895,2,0
505893,505893,505895,2,0
505893,505893,505895,2,0
505893,505894,505895,1,1
505893,505893,505895,2,0
505893,505894,505895,1,1
505893,505894,505895,1,1
505893,505894,505895,1,1
505893,505894,505895,1,1
505893,505894,505895,1,1
505893,505895,505896,1,2
505893,505893,505895,2,0
505893,505893,505895,2,0
505893,505893,505895,2,0
505893,505893,505895,2,0
505893,505893,505895,2,0
505893,505895,505896,1,2
505893,505895,505896,1,2
505893,505895,505896,1,2
505893,505895,505897,2,2
505893,505895,505897,2,2
505893,505895,505896,1,2
505893,505895,505897,2,2
505893,505895,505896,1,2
505893,505893,505896,3,0
505893,505893,505897,4,0
505893,505896,505897,1,3
505893,505895,505898,3,2
505893,505896,505897,1,3
505893,505896,505898,2,3
505893,505896,505898,2,3
505893,505897,505898,1,4
505893,505896,505898,2,3
505893,505896,505898,2,3
505893,505896,505897,1,3
505893,505897,505898,1,4
505893,505897,505899,2,4
505893,505897,505899,2,4
505893,505897,505899,2,4
505893,505896,505899,3,3
505893,505896,505898,2,3
505893,505898,505899,1,5
505893,505898,505900,2,5
505893,505898,505899,1,5
505893,505897,505900,3,4
505893,505898,505900,2,5
505893,505898,505900,2,5
505893,505898,505900,2,5
505893,505899,505900,1,6
505893,505898,505901,3,5
505893,505898,505901,3,5
505893,505899,505901,2,6
505893,505899,505901,2,6
505893,505900,505901,1,7
505893,505900,505902,2,7
505893,505900,505902,2,7
505893,505899,505901,2,6
505893,505899,505902,3,6
505893,505899,505902,3,6
505893,505900,505902,2,7
505893,505900,505902,2,7
505893,505901,505902,1,8
505893,505901,505902,1,8
505893,505900,505903,3,7
505893,505901,505903,2,8
505893,505902,505903,1,9
505893,505902,505903,1,9
505893,505902,505903,1,9
505893,505902,505903,1,9
505893,505903,505904,1,10
505893,505903,505904,1,10
505893,505903,505905,2,10
505893,505902,505905,3,9
505893,505901,505905,4,8
505893,505902,505905,3,9
505893,505903,505905,2,10
505893,505903,505905,2,10
505893,505903,505905,2,10
505893,505904,505905,1,11
505893,505904,505905,1,11
505893,505904,505905,1,11
505893,505904,505906,2,11
505893,505903,505906,3,10
505893,505905,505906,1,12
505893,505905,505906,1,12
505893,505905,505906,1,12
505893,505906,505907,1,13
505893,505903,505907,4,10
505893,505906,505907,1,13
505893,505906,505907,1,13
505893,505906,505907,1,13
505893,505907,505908,1,14
505893,505906,505908,2,13
505893,505906,505908,2,13
505893,505906,505908,2,13
505893,505906,505908,2,13
505893,505906,505908,2,13
505893,505906,505908,2,13
505893,505907,505908,1,14
505893,505907,505908,1,14
505893,505907,505908,1,14
505893,505908,505909,1,15
505893,505907,505908,1,14
505893,505907,505909,2,14
505893,505908,505909,1,15
505893,505908,505909,1,15
505893,505909,505910,1,16
505893,505909,505910,1,16
505893,505907,505910,3,14
505893,505909,505910,1,16
505893,505909,505911,2,16
505893,505909,505910,1,16
505893,505909,505910,1,16
505893,505909,505911,2,16
505893,505909,505911,2,16
505893,505909,505911,2,16
505893,505909,505911,2,16
505893,505909,505911,2,16
505893,505910,505911,1,17
505893,505910,505911,1,17
505893,505910,505911,1,17
505893,505910,505911,1,17
505893,505910,505912,2,17
505893,505910,505912,2,17
505893,505910,505912,2,17
505893,505911,505913,2,18
505893,505911,505912,1,18
505893,505911,505912,1,18
505893,505912,505913,1,19
505893,505912,505913,1,19
505893,505912,505913,1,19
505893,505912,505914,2,19
505893,505912,505915,3,19
505893,505912,505914,2,19
505893,505912,505914,2,19
505893,505912,505915,3,19
505893,505913,505915,2,20
505893,505912,505915,3,19
505893,505913,505915,2,20
505893,505912,505915,3,19
505893,505913,505915,2,20
505893,505913,505916,3,20
502775,502792,505925,3133,17
505926,505926,505927,1,0
505926,505926,505927,1,0
505926,505926,505927,1,0
505926,505926,505928,2,0
505926,505926,505928,2,0
505926,505926,505927,1,0
505926,505926,505927,1,0
505926,505926,505928,2,0
505926,505926,505927,1,0
505926,505927,505928,1,1
505926,505927,505928,1,1
505926,505926,505928,2,0
505926,505926,505928,2,0
505926,505927,505928,1,1
505926,505927,505928,1,1
505926,505926,505928,2,0
505926,505926,505928,2,0
505926,505928,505930,2,2
505926,505928,505929,1,2
505926,505928,505929,1,2
505926,505929,505930,1,3
505926,505928,505929,1,2
505926,505928,505929,1,2
505926,505928,505929,1,2
505926,505928,505929,1,2
505926,505928,505929,1,2
505926,505929,505930,1,3
505926,505929,505931,2,3
505926,505929,505931,2,3
505926,505930,505931,1,4
505926,505929,505932,3,3
505926,505929,505931,2,3
505926,505930,505931,1,4
505926,505930,505931,1,4
505926,505930,505931,1,4
505926,505930,505932,2,4
505926,505930,505932,2,4
505926,505930,505932,2,4
505926,505931,505932,1,5
505926,505930,505932,2,4
505926,505932,505934,2,6
505926,505932,505933,1,6
505926,505932,505933,1,6
505926,505932,505933,1,6
505926,505932,505935,3,6
505926,505932,505935,3,6
505926,505932,505934,2,6
505926,505932,505934,2,6
505926,505933,505934,1,7
505926,505934,505935,1,8
505926,505933,505935,2,7
505926,505933,505935,2,7
505926,505933,505935,2,7
505926,505934,505935,1,8
505926,505933,505935,2,7
505926,505934,505935,1,8
505926,505934,505936,2,8
505926,505935,505936,1,9
505926,505935,505937,2,9
505926,505935,505937,2,9
505926,505935,505936,1,9
505926,505936,505938,2,10
505926,505935,505937,2,9
505926,505935,505938,3,9
505926,505936,505938,2,10
505926,505936,505938,2,10
505926,505936,505937,1,10
505926,505936,505937,1,10
505926,505936,505938,2,10
505926,505936,505938,2,10
505926,505936,505938,2,10
505926,505937,505939,2,11
505926,505937,505940,3,11
505926,505938,505940,2,12
505926,505938,505940,2,12
505926,505938,505940,2,12
505926,505938,505940,2,12
505926,505939,505940,1,13
505926,505939,505940,1,13
505926,505938,505941,3,12
505926,505937,505940,3,11
505926,505938,505941,3,12
505926,505938,505941,3,12
505926,505939,505941,2,13
505926,505939,505941,2,13
505926,505940,505942,2,14
505926,505938,505941,3,12
505926,505940,505942,2,14
505926,505940,505942,2,14
505926,505940,505942,2,14
505926,505941,505942,1,15
505926,505941,505942,1,15
505926,505939,505942,3,13
505926,505940,505943,3,14
505926,505941,505943,2,15
505926,505942,505943,1,16
505926,505943,505944,1,17
505926,505941,505943,2,15
505926,505941,505943,2,15
505926,505942,505944,2,16
505926,505941,505944,3,15
505926,505941,505944,3,15
505926,505942,505944,2,16
505926,505942,505944,2,16
505926,505942,505943,1,16
505926,505943,505944,1,17
505926,505943,505945,2,17
505926,505942,505944,2,16
505926,505943,505945,2,17
505926,505943,505945,2,17
505926,505944,505945,1,18
505926,505944,505946,2,18
505926,505944,505946,2,18
505926,505944,505946,2,18
505926,505944,505946,2,18
505926,505944,505946,2,18
505926,505945,505946,1,19
505926,505943,505946,3,17
505926,505945,505947,2,19
505926,505944,505947,3,18
505926,505944,505947,3,18
505926,505944,505947,3,18
505926,505946,505947,1,20
505926,505946,505947,1,20
505926,505945,505947,2,19
505926,505945,505948,3,19
505926,505946,505948,2,20
505926,505947,505948,1,21
505926,505947,505948,1,21
505926,505947,505948,1,21
505926,505946,505949,3,20
505926,505947,505949,2,21
505926,505948,505949,1,22
505893,505947,505950,3,54
505926,505948,505949,1,22
505926,505946,505949,3,20
505926,505948,505950,2,22
505926,505948,505950,2,22
505926,505947,505950,3,21
505926,505949,505950,1,23
505926,505949,505950,1,23
505926,505949,505951,2,23
505926,505949,505951,2,23
505926,505947,505951,4,21
505926,505948,505951,3,22
505926,505948,505951,3,22
505926,505949,505952,3,23
505926,505947,505952,5,21
502652,502697,505961,3264,45
505967,505968,505969,1,1
505967,505968,505970,2,1
505967,505968,505969,1,1
505967,505968,505969,1,1
505967,505968,505969,1,1
505967,505969,505970,1,2
505967,505968,505970,2,1
505967,505969,505970,1,2
505967,505969,505970,1,2
505967,505969,505970,1,2
505967,505968,505970,2,1
505967,505968,505970,2,1
505967,505968,505970,2,1
505967,505971,505972,1,4
505967,505970,505971,1,3
505967,505970,505971,1,3
505967,505970,505971,1,3
505967,505970,505972,2,3
505967,505970,505972,2,3
505967,505970,505972,2,3
505967,505971,505972,1,4
505967,505971,505972,1,4
505967,505971,505972,1,4
505967,505972,505973,1,5
505967,505972,505973,1,5
505967,505971,505973,2,4
505967,505970,505972,2,3
505967,505971,505973,2,4
505967,505972,505973,1,5
505967,505972,505974,2,5
505967,505971,505973,2,4
505967,505971,505973,2,4
505967,505973,505974,1,6
505967,505973,505974,1,6
505967,505973,505975,2,6
505967,505973,505974,1,6
505967,505973,505974,1,6
505967,505973,505974,1,6
505967,505973,505974,1,6
505967,505973,505975,2,6
505967,505973,505975,2,6
505967,505973,505975,2,6
505967,505974,505975,1,7
505967,505974,505975,1,7
505967,505974,505976,2,7
505967,505974,505976,2,7
505967,505974,505975,1,7
505967,505974,505976,2,7
505967,505975,505976,1,8
505967,505975,505976,1,8
505967,505975,505976,1,8
505967,505975,505976,1,8
505967,505976,505977,1,9
505967,505976,505977,1,9
505967,505976,505977,1,9
505967,505975,505977,2,8
505967,505977,505978,1,10
505967,505975,505977,2,8
505967,505975,505978,3,8
505967,505975,505978,3,8
505967,505976,505978,2,9
505967,505977,505978,1,10
505967,505977,505978,1,10
505967,505976,505978,2,9
505967,505976,505979,3,9
505967,505977,505978,1,10
505967,505977,505978,1,10
505967,505977,505979,2,10
505967,505978,505979,1,11
505967,505978,505979,1,11
505893,505947,505950,3,54
505967,505978,505980,2,11
505967,505979,505980,1,12
505967,505978,505981,3,11
505967,505979,505981,2,12
505967,505979,505981,2,12
505967,505978,505981,3,11
505967,505979,505981,2,12
505967,505979,505982,3,12
505967,505980,505982,2,13
505967,505979,505982,3,12
505967,505980,505981,1,13
505967,505981,505982,1,14
505967,505979,505982,3,12
505967,505981,505982,1,14
505967,505980,505982,2,13
505967,505979,505982,3,12
505967,505981,505982,1,14
505967,505982,505983,1,15
505967,505982,505983,1,15
505967,505980,505983,3,13
505967,505982,505983,1,15
505967,505983,505984,1,16
505967,505980,505984,4,13
505967,505981,505983,2,14
505967,505982,505984,2,15
505967,505981,505984,3,14
505967,505983,505984,1,16
505967,505983,505985,2,16
505967,505983,505985,2,16
505967,505983,505985,2,16
505967,505984,505985,1,17
505967,505982,505985,3,15
505967,505982,505985,3,15
505967,505984,505985,1,17
505967,505984,505985,1,17
505967,505983,505985,2,16
505967,505983,505985,2,16
505967,505984,505986,2,17
505967,505984,505986,2,17
505967,505984,505986,2,17
505967,505984,505987,3,17
505967,505984,505987,3,17
505967,505985,505986,1,18
505967,505985,505987,2,18
505967,505985,505987,2,18
505967,505985,505987,2,18
505967,505986,505988,2,19
505967,505986,505988,2,19
505967,505986,505988,2,19
505967,505986,505988,2,19
505967,505986,505988,2,19
505967,505986,505988,2,19
505967,505986,505989,3,19
505967,505986,505989,3,19
505967,505987,505989,2,20
505967,505987,505989,2,20
505967,505988,505989,1,21
505967,505987,505989,2,20
505967,505988,505990,2,21
505967,505988,505990,2,21
505967,505979,505980,1,12
505967,505988,505991,3,21
505967,505989,505991,2,22
505967,505987,505990,3,20
505967,505987,505991,4,20
505967,505989,505992,3,22
505967,505989,505991,2,22
505967,505988,505992,4,21
505967,505989,505992,3,22
505967,505989,505992,3,22
505967,505991,505992,1,24
502495,502517,507243,4726,22
507244,507244,507245,1,0
507244,507244,507245,1,0
507244,507244,507246,2,0
507244,507244,507246,2,0
507244,507244,507245,1,0
507244,507244,507246,2,0
507244,507245,507246,1,1
507244,507244,507246,2,0
507244,507244,507245,1,0
507244,507244,507245,1,0
507244,507244,507246,2,0
507244,507244,507245,1,0
507244,507245,507246,1,1
507244,507244,507246,2,0
507244,507244,507246,2,0
507244,507244,507246,2,0
507244,507246,507247,1,2
507244,507244,507246,2,0
507244,507246,507247,1,2
507244,507246,507248,2,2
507244,507246,507248,2,2
507244,507246,507248,2,2
507244,507246,507247,1,2
507244,507246,507247,1,2
507244,507247,507248,1,3
507244,507247,507249,2,3
507244,507247,507248,1,3
507244,507247,507248,1,3
507244,507247,507248,1,3
507244,507246,507248,2,2
507244,507246,507248,2,2
507244,507247,507249,2,3
507244,507247,507249,2,3
507244,507248,507250,2,4
507244,507248,507249,1,4
507244,507248,507249,1,4
507244,507248,507249,1,4
507244,507248,507250,2,4
507244,507248,507250,2,4
507244,507249,507250,1,5
507244,507244,507252,8,0
507244,507249,507251,2,5
507244,507249,507251,2,5
507244,507249,507251,2,5
507244,507250,507252,2,6
507244,507250,507251,1,6
507244,507250,507251,1,6
507244,507250,507252,2,6
507244,507249,507251,2,5
507244,507249,507251,2,5
507244,507250,507252,2,6
507244,507244,507252,8,0
507244,507246,507252,6,2
507244,507250,507252,2,6
507244,507250,507252,2,6
507244,507251,507252,1,7
507244,507251,507253,2,7
507244,507252,507254,2,8
507244,507252,507254,2,8
507244,507252,507253,1,8
507244,507252,507254,2,8
507244,507252,507253,1,8
507244,507252,507253,1,8
507244,507252,507254,2,8
507244,507253,507254,1,9
507244,507253,507255,2,9
507244,507253,507254,1,9
507244,507252,507255,3,8
507244,507252,507255,3,8
507244,507252,507254,2,8
507244,507254,507256,2,10
507244,507254,507256,2,10
507244,507253,507255,2,9
507244,507254,507255,1,10
507244,507254,507255,1,10
507244,507254,507256,2,10
507244,507254,507256,2,10
507244,507254,507256,2,10
507244,507254,507257,3,10
507244,507255,507257,2,11
507244,507252,507257,5,8
507244,507256,507258,2,12
507244,507255,507258,3,11
507244,507256,507258,2,12
507244,507256,507258,2,12
507244,507256,507258,2,12
507244,507255,507258,3,11
507244,507255,507258,3,11
507244,507253,507258,5,9
507244,507256,507258,2,12
507244,507257,507258,1,13
507244,507258,507259,1,14
507244,507258,507259,1,14
507244,507255,507258,3,11
507244,507257,507260,3,13
507244,507256,507260,4,12
507244,507257,507259,2,13
507244,507257,507260,3,13
507244,507258,507260,2,14
507244,507258,507259,1,14
507244,507258,507260,2,14
507244,507255,507260,5,11
507244,507259,507260,1,15
507244,507258,507260,2,14
507244,507259,507261,2,15
507244,507259,507261,2,15
507244,507259,507260,1,15
507244,507259,507260,1,15
507244,507258,507261,3,14
507244,507260,507262,2,16
507244,507260,507262,2,16
507244,507260,507262,2,16
507244,507260,507261,1,16
507244,507260,507262,2,16
507244,507260,507262,2,16
507244,507259,507261,2,15
507244,507260,507262,2,16
507244,507261,507262,1,17
507244,507261,507263,2,17
507244,507261,507263,2,17
507244,507261,507263,2,17
507244,507261,507263,2,17
507244,507262,507264,2,18
507244,507262,507264,2,18
507244,507262,507264,2,18
507244,507262,507263,1,18
507244,507262,507264,2,18
507244,507261,507263,2,17
507244,507262,507264,2,18
507244,507261,507264,3,17
507244,507263,507265,2,19
507244,507263,507265,2,19
507244,507263,507265,2,19
507244,507263,507265,2,19
507244,507263,507265,2,19
507244,507264,507266,2,20
507244,507263,507265,2,19
507244,507264,507267,3,20
507244,507258,507266,8,14
507244,507264,507267,3,20
507244,507264,507267,3,20
507244,507264,507266,2,20
507244,507264,507266,2,20
507244,507264,507267,3,20
507244,507265,507267,2,21
507244,507265,507268,3,21
507244,507265,507268,3,21
507244,507263,507269,6,19
507244,507261,507270,9,17
504070,504087,507278,3191,17
507287,507287,507289,2,0
507287,507287,507289,2,0
507287,507287,507289,2,0
507287,507287,507288,1,0
507287,507287,507289,2,0
507287,507287,507289,2,0
507287,507288,507289,1,1
507287,507287,507289,2,0
507287,507287,507289,2,0
507287,507287,507289,2,0
507287,507287,507290,3,0
507287,507287,507290,3,0
507287,507287,507290,3,0
507287,507287,507290,3,0
507287,507287,507290,3,0
507287,507288,507290,2,1
507287,507290,507291,1,3
507287,507290,507291,1,3
507287,507289,507292,3,2
507287,507290,507292,2,3
507287,507290,507292,2,3
507287,507290,507292,2,3
507287,507291,507293,2,4
507287,507291,507292,1,4
507287,507291,507292,1,4
507287,507291,507292,1,4
507287,507291,507292,1,4
507287,507292,507293,1,5
507287,507287,507293,6,0
507287,507292,507293,1,5
507287,507291,507293,2,4
507287,507291,507293,2,4
507287,507291,507293,2,4
507287,507293,507294,1,6
507287,507293,507294,1,6
507287,507293,507294,1,6
507287,507293,507294,1,6
507287,507293,507294,1,6
507287,507293,507294,1,6
507287,507293,507295,2,6
507287,507293,507295,2,6
507287,507293,507295,2,6
507287,507293,507296,3,6
507287,507290,507296,6,3
507287,507290,507296,6,3
507287,507294,507296,2,7
507287,507294,507296,2,7
507287,507295,507296,1,8
507287,507294,507296,2,7
507287,507294,507296,2,7
507287,507294,507297,3,7
507287,507295,507296,1,8
507287,507295,507296,1,8
507287,507295,507296,1,8
507287,507296,507298,2,9
507287,507295,507297,2,8
507287,507297,507299,2,10
507287,507297,507298,1,10
507287,507296,507298,2,9
507287,507296,507298,2,9
507287,507297,507299,2,10
507287,507297,507298,1,10
507287,507297,507298,1,10
507287,507297,507298,1,10
507287,507297,507299,2,10
507287,507297,507300,3,10
507287,507296,507299,3,9
507287,507297,507300,3,10
507287,507299,507300,1,12
507287,507298,507300,2,11
507287,507297,507300,3,10
507287,507298,507300,2,11
507287,507299,507301,2,12
507287,507299,507301,2,12
507287,507299,507301,2,12
507287,507299,507301,2,12
507287,507299,507302,3,12
507287,507299,507302,3,12
507287,507300,507303,3,13
507287,507301,507303,2,14
507287,507300,507302,2,13
507287,507301,507302,1,14
507287,507301,507302,1,14
507287,507301,507302,1,14
507287,507297,507304,7,10
507287,507300,507303,3,13
507287,507300,507304,4,13
507287,507303,507304,1,16
507287,507301,507304,3,14
507287,507301,507304,3,14
507287,507301,507304,3,14
507287,507302,507303,1,15
507287,507303,507304,1,16
507287,507303,507304,1,16
507287,507303,507304,1,16
507287,507303,507304,1,16
507287,507297,507304,7,10
507287,507302,507304,2,15
507287,507302,507305,3,15
507287,507304,507305,1,17
507287,507299,507305,6,12
507287,507304,507306,2,17
507287,507304,507305,1,17
507287,507303,507306,3,16
507287,507304,507305,1,17
507287,507304,507305,1,17
507287,507304,507306,2,17
507287,507304,507306,2,17
507287,507304,507306,2,17
507287,507304,507306,2,17
507287,507304,507306,2,17
507287,507305,507307,2,18
507287,507305,507306,1,18
507287,507305,507307,2,18
507287,507306,507307,1,19
507287,507304,507307,3,17
507287,507306,507308,2,19
507287,507305,507307,2,18
507287,507306,507307,1,19
507287,507306,507308,2,19
507287,507307,507309,2,20
507287,507306,507308,2,19
507287,507307,507309,2,20
507287,507308,507309,1,21
507287,507308,507310,2,21
507287,507307,507310,3,20
507287,507307,507309,2,20
507287,507307,507310,3,20
507287,507307,507310,3,20
507287,507307,507310,3,20
507287,507308,507310,2,21
507287,507308,507310,2,21
507287,507308,507310,2,21
507287,507309,507311,2,22
507287,507305,507312,7,18
507287,507310,507311,1,23
507287,507310,507311,1,23
507287,507308,507312,4,21
507287,507310,507313,3,23
507287,507309,507313,4,22
507287,507310,507313,3,23
507287,507310,507314,4,23
507287,507310,507314,4,23
507287,507310,507314,4,23
507287,507308,507315,7,21
507287,507306,507317,11,19
507287,507309,507316,7,22
502512,502540,507395,4855,28
507397,507397,507398,1,0
507397,507397,507398,1,0
507397,507397,507398,1,0
507397,507397,507398,1,0
507397,507397,507398,1,0
507397,507397,507398,1,0
507397,507398,507399,1,1
507397,507397,507399,2,0
507397,507397,507399,2,0
507397,507397,507399,2,0
507397,507399,507400,1,2
507397,507399,507400,1,2
507397,507399,507400,1,2
507397,507399,507401,2,2
507397,507399,507400,1,2
504126,504144,507401,3257,18
507397,507400,507401,1,3
507397,507397,507402,5,0
507397,507400,507402,2,3
507397,507400,507401,1,3
507397,507400,507401,1,3
507397,507400,507402,2,3
507397,507397,507402,5,0
507397,507402,507403,1,5
507397,507401,507402,1,4
507397,507401,507402,1,4
507397,507401,507403,2,4
507397,507397,507403,6,0
507397,507397,507403,6,0
507397,507403,507404,1,6
507397,507401,507403,2,4
507397,507402,507404,2,5
507397,507401,507403,2,4
507397,507402,507403,1,5
507397,507403,507405,2,6
507397,507397,507404,7,0
507397,507397,507404,7,0
507397,507403,507405,2,6
507397,507402,507404,2,5
507397,507403,507404,1,6
507397,507402,507404,2,5
507397,507403,507404,1,6
507397,507404,507405,1,7
504105,504122,507405,3283,17
507397,507404,507405,1,7
507397,507404,507406,2,7
507397,507397,507405,8,0
507397,507397,507405,8,0
507397,507404,507406,2,7
507397,507404,507406,2,7
507397,507404,507406,2,7
507397,507405,507406,1,8
507397,507405,507406,1,8
507397,507405,507407,2,8
507397,507404,507406,2,7
507397,507405,507406,1,8
507397,507405,507406,1,8
507397,507406,507407,1,9
507397,507406,507407,1,9
507397,507405,507407,2,8
507397,507405,507407,2,8
507397,507405,507407,2,8
507397,507406,507408,2,9
507397,507406,507408,2,9
507397,507407,507408,1,10
507397,507406,507408,2,9
507397,507407,507409,2,10
507397,507407,507408,1,10
507397,507408,507409,1,11
507397,507408,507409,1,11
507397,507408,507410,2,11
507397,507408,507410,2,11
507397,507407,507409,2,10
507397,507404,507410,6,7
507397,507409,507410,1,12
507397,507409,507410,1,12
507397,507408,507410,2,11
507397,507408,507410,2,11
507397,507409,507411,2,12
507397,507410,507411,1,13
507397,507410,507412,2,13
507397,507405,507411,6,8
507397,507409,507411,2,12
507397,507409,507411,2,12
507397,507410,507413,3,13
507397,507411,507413,2,14
507397,507411,507412,1,14
507397,507412,507413,1,15
507397,507412,507413,1,15
507397,507411,507413,2,14
507397,507407,507413,6,10
507397,507411,507413,2,14
507397,507412,507413,1,15
507397,507406,507414,8,9
507397,507410,507414,4,13
507397,507410,507413,3,13
507397,507411,507413,2,14
507397,507411,507413,2,14
507397,507412,507413,1,15
507397,507413,507414,1,16
507397,507407,507415,8,10
507397,507413,507414,1,16
507397,507412,507414,2,15
507397,507414,507415,1,17
507397,507414,507415,1,17
507397,507413,507415,2,16
507397,507414,507415,1,17
507397,507414,507415,1,17
507397,507414,507415,1,17
507397,507416,507417,1,19
507397,507414,507416,2,17
507397,507415,507416,1,18
507397,507414,507417,3,17
507397,507415,507417,2,18
507397,507414,507416,2,17
507397,507414,507416,2,17
507397,507416,507417,1,19
507397,507416,507417,1,19
507397,507416,507418,2,19
507397,507416,507418,2,19
507397,507417,507418,1,20
507397,507416,507419,3,19
507397,507406,507419,13,9
507397,507417,507418,1,20
507397,507417,507419,2,20
507397,507417,507419,2,20
507397,507418,507419,1,21
507397,507417,507420,3,20
507397,507417,507419,2,20
507397,507417,507419,2,20
507397,507418,507420,2,21
507397,507418,507420,2,21
507397,507419,507421,2,22
507397,507414,507421,7,17
507397,507419,507421,2,22
507397,507419,507421,2,22
507397,507419,507421,2,22
507397,507414,507421,7,17
507397,507414,507421,7,17
507397,507420,507421,1,23
507402,507421,507422,1,19
507397,507419,507422,3,22
507397,507420,507422,2,23
507397,507420,507422,2,23
507397,507419,507422,3,22
507397,507420,507423,3,23
507402,507421,507423,2,19
507397,507420,507423,3,23
507397,507420,507423,3,23
507402,507422,507423,1,20
507402,507422,507423,1,20
507402,507422,507423,1,20
507402,507422,507424,2,20
507402,507422,507424,2,20
507402,507422,507425,3,20
507402,507423,507425,2,21
507402,507424,507425,1,22
507402,507424,507426,2,22
507402,507423,507426,3,21
507402,507423,507425,2,21
507402,507423,507426,3,21
507402,507423,507426,3,21
507402,507425,507426,1,23
507402,507425,507426,1,23
507397,507407,507427,20,10
507397,507419,507426,7,22
507402,507425,507427,2,23
507402,507425,507427,2,23
507402,507421,507428,7,19
507402,507426,507427,1,24
507402,507426,507427,1,24
507402,507425,507428,3,23
507402,507427,507428,1,25
507402,507427,507428,1,25
507397,507414,507428,14,17
507397,507415,507428,13,18
507402,507422,507429,7,20
507402,507422,507429,7,20
507402,507426,507429,3,24
507402,507426,507429,3,24
507402,507427,507429,2,25
507402,507426,507429,3,24
507402,507426,507429,3,24
507402,507428,507430,2,26
507402,507428,507430,2,26
507402,507428,507430,2,26
507402,507429,507430,1,27
507402,507429,507430,1,27
507402,507428,507431,3,26
507402,507428,507431,3,26
507402,507429,507431,2,27
507402,507429,507432,3,27
507402,507430,507432,2,28
507402,507430,507432,2,28
507402,507429,507432,3,27
507402,507429,507432,3,27
507402,507429,507432,3,27
507402,507429,507432,3,27
507402,507431,507433,2,29
507402,507431,507432,1,29
502595,502625,507433,4808,30
507402,507431,507433,2,29
507402,507431,507434,3,29
507402,507432,507434,2,30
507402,507432,507434,2,30
507402,507433,507434,1,31
507402,507433,507434,1,31
507402,507432,507435,3,30
507402,507431,507435,4,29
507402,507433,507435,2,31
507402,507433,507436,3,31
507402,507433,507435,2,31
507402,507432,507436,4,30
507402,507434,507436,2,32
507402,507434,507436,2,32
507402,507435,507437,2,33
507402,507435,507436,1,33
507402,507434,507436,2,32
507402,507429,507436,7,27
507402,507436,507437,1,34
507402,507427,507437,10,25
507402,507427,507438,11,25
507402,507429,507438,9,27
507402,507435,507438,3,33
507402,507436,507438,2,34
507402,507436,507438,2,34
507402,507436,507439,3,34
507402,507429,507439,10,27
507402,507433,507438,5,31
507402,507437,507439,2,35
507402,507437,507439,2,35
507402,507437,507439,2,35
507402,507438,507439,1,36
507402,507437,507439,2,35
507402,507437,507439,2,35
507402,507437,507440,3,35
507402,507438,507441,3,36
507402,507440,507441,1,38
507402,507440,507441,1,38
507402,507440,507441,1,38
507402,507440,507441,1,38
507402,507430,507442,12,28
507402,507439,507442,3,37
507402,507440,507442,2,38
507402,507439,507442,3,37
507402,507439,507442,3,37
507402,507439,507442,3,37
507402,507440,507442,2,38
507402,507432,507443,11,30
507402,507442,507443,1,40
507402,507442,507443,1,40
507402,507442,507443,1,40
507402,507442,507443,1,40
507402,507442,507444,2,40
507402,507443,507445,2,41
507402,507443,507444,1,41
507402,507443,507445,2,41
507402,507443,507445,2,41
507402,507444,507445,1,42
507402,507444,507445,1,42
507402,507443,507445,2,41
507402,507444,507445,1,42
507402,507443,507445,2,41
507402,507444,507446,2,42
507402,507440,507446,6,38
507402,507445,507447,2,43
507402,507444,507446,2,42
507402,507446,507447,1,44
507402,507446,507447,1,44
507402,507446,507448,2,44
507402,507445,507448,3,43
507402,507446,507448,2,44
507402,507438,507448,10,36
507402,507439,507448,9,37
507402,507441,507448,7,39
507402,507437,507448,11,35
507402,507439,507448,9,37
507402,507446,507449,3,44
507402,507446,507449,3,44
507402,507446,507449,3,44
507402,507447,507449,2,45
507402,507446,507449,3,44
507402,507448,507450,2,46
507402,507448,507449,1,46
507402,507446,507450,4,44
507402,507448,507450,2,46
507402,507448,507451,3,46
507402,507448,507450,2,46
507402,507449,507451,2,47
507402,507448,507451,3,46
507402,507450,507452,2,48
507402,507449,507452,3,47
507402,507449,507452,3,47
507406,507451,507452,1,45
507402,507449,507452,3,47
507406,507451,507453,2,45
507406,507451,507452,1,45
507406,507451,507452,1,45
507402,507443,507453,10,41
507406,507451,507453,2,45
507402,507450,507453,3,48
507406,507452,507453,1,46
507406,507453,507454,1,47
507402,507449,507454,5,47
507402,507438,507454,16,36
507406,507452,507454,2,46
507406,507453,507454,1,47
507406,507453,507454,1,47
507402,507448,507455,7,46
507406,507453,507456,3,47
507406,507454,507456,2,48
507406,507454,507455,1,48
507406,507453,507455,2,47
507406,507453,507456,3,47
507406,507454,507455,1,48
507402,507449,507456,7,47
507406,507455,507456,1,49
507406,507455,507456,1,49
507406,507455,507456,1,49
507406,507455,507457,2,49
507406,507456,507457,1,50
507402,507448,507457,9,46
507402,507448,507457,9,46
507406,507456,507458,2,50
507406,507456,507457,1,50
507406,507455,507457,2,49
507406,507456,507458,2,50
507406,507457,507458,1,51
507406,507456,507458,2,50
507406,507457,507458,1,51
507406,507456,507458,2,50
507406,507456,507458,2,50
507406,507457,507459,2,51
507406,507458,507459,1,52
507406,507458,507460,2,52
507406,507458,507460,2,52
507406,507458,507461,3,52
507406,507459,507461,2,53
507406,507459,507461,2,53
507406,507459,507462,3,53
507406,507459,507462,3,53
507406,507459,507462,3,53
507406,507460,507462,2,54
507406,507457,507462,5,51
507406,507457,507462,5,51
507406,507460,507462,2,54
507406,507461,507463,2,55
507406,507461,507463,2,55
507406,507461,507463,2,55
507406,507458,507464,6,52
507406,507461,507464,3,55
507406,507463,507464,1,57
507406,507454,507464,10,48
507406,507454,507464,10,48
507406,507452,507465,13,46
507406,507462,507465,3,56
507406,507463,507465,2,57
507406,507463,507465,2,57
502654,502697,507464,4767,43
507406,507462,507465,3,56
507406,507462,507465,3,56
507406,507463,507465,2,57
507406,507463,507465,2,57
507406,507464,507465,1,58
507406,507458,507465,7,52
507406,507463,507466,3,57
507406,507465,507466,1,59
507406,507464,507466,2,58
507406,507458,507466,8,52
507406,507464,507466,2,58
507406,507465,507467,2,59
507406,507465,507467,2,59
507406,507466,507468,2,60
507406,507459,507468,9,53
507406,507465,507467,2,59
507406,507465,507468,3,59
507406,507465,507467,2,59
507406,507466,507468,2,60
507406,507467,507468,1,61
507406,507466,507469,3,60
507406,507467,507469,2,61
507406,507468,507470,2,62
507406,507467,507469,2,61
507406,507467,507470,3,61
507406,507465,507470,5,59
507406,507466,507470,4,60
507406,507469,507471,2,63
507406,507468,507471,3,62
507406,507468,507471,3,62
507406,507469,507471,2,63
507406,507469,507471,2,63
507406,507470,507471,1,64
507406,507471,507472,1,65
507406,507465,507471,6,59
507406,507470,507472,2,64
507406,507471,507473,2,65
507406,507466,507473,7,60
507406,507470,507472,2,64
507406,507471,507473,2,65
507406,507471,507472,1,65
507406,507465,507473,8,59
507406,507469,507473,4,63
507406,507472,507473,1,66
507406,507472,507473,1,66
507406,507467,507474,7,61
507406,507471,507473,2,65
507406,507465,507474,9,59
507406,507473,507475,2,67
507406,507473,507475,2,67
507406,507473,507475,2,67
507406,507474,507475,1,68
507406,507474,507475,1,68
507406,507468,507475,7,62
507406,507473,507475,2,67
507406,507473,507475,2,67
507406,507474,507476,2,68
507406,507474,507477,3,68
507406,507475,507477,2,69
507406,507475,507477,2,69
507406,507475,507477,2,69
507406,507476,507478,2,70
507406,507476,507478,2,70
507406,507471,507477,6,65
507406,507476,507478,2,70
507406,507476,507479,3,70
507406,507478,507479,1,72
507406,507478,507479,1,72
507406,507478,507480,2,72
507406,507478,507480,2,72
507406,507474,507480,6,68
507406,507468,507480,12,62
507406,507478,507480,2,72
507406,507478,507480,2,72
507406,507477,507480,3,71
507406,507480,507482,2,74
507406,507480,507481,1,74
507406,507472,507481,9,66
507406,507480,507482,2,74
507406,507480,507482,2,74
507406,507477,507482,5,71
504278,504317,507481,3164,39
507406,507479,507482,3,73
507443,507482,507483,1,39
507443,507482,507483,1,39
507406,507481,507483,2,75
507443,507482,507483,1,39
507443,507482,507483,1,39
507443,507483,507484,1,40
507443,507482,507484,2,39
507406,507470,507484,14,64
507406,507480,507483,3,74
507443,507484,507485,1,41
507443,507483,507485,2,40
507406,507481,507484,3,75
507406,507472,507485,13,66
507443,507484,507486,2,41
507443,507485,507486,1,42
507443,507483,507486,3,40
507443,507485,507486,1,42
507406,507473,507486,13,67
507443,507485,507486,1,42
507443,507484,507486,2,41
507443,507486,507487,1,43
507406,507475,507487,12,69
507443,507484,507487,3,41
507443,507485,507487,2,42
507443,507482,507486,4,39
507406,507481,507487,6,75
507406,507481,507487,6,75
507443,507482,507487,5,39
507443,507486,507487,1,43
507443,507486,507488,2,43
507443,507486,507488,2,43
507443,507486,507488,2,43
507443,507485,507488,3,42
507443,507487,507488,1,44
507443,507487,507488,1,44
507443,507487,507488,1,44
507443,507487,507488,1,44
507406,507477,507489,12,71
507443,507487,507489,2,44
507443,507487,507489,2,44
507443,507488,507490,2,45
507443,507488,507490,2,45
507443,507488,507490,2,45
507443,507488,507490,2,45
507443,507488,507490,2,45
507443,507489,507490,1,46
507443,507488,507489,1,45
507443,507489,507490,1,46
507443,507489,507491,2,46
507443,507489,507492,3,46
507443,507490,507492,2,47
507443,507490,507492,2,47
507443,507491,507492,1,48
507443,507490,507492,2,47
507443,507490,507492,2,47
507443,507491,507492,1,48
507443,507491,507492,1,48
507443,507491,507493,2,48
507443,507491,507493,2,48
507443,507492,507494,2,49
507443,507488,507494,6,45
507443,507488,507493,5,45
507443,507493,507494,1,50
507443,507493,507494,1,50
507443,507493,507494,1,50
507443,507493,507495,2,50
507443,507494,507495,1,51
507443,507493,507495,2,50
507443,507493,507495,2,50
507443,507490,507496,6,47
507443,507494,507496,2,51
507443,507494,507496,2,51
507406,507478,507496,18,72
507443,507487,507496,9,44
507443,507495,507496,1,52
507443,507495,507496,1,52
507443,507495,507496,1,52
507443,507496,507497,1,53
507443,507489,507497,8,46
507443,507492,507497,5,49
507443,507489,507498,9,46
507443,507497,507498,1,54
507443,507497,507498,1,54
507443,507496,507498,2,53
507443,507496,507498,2,53
507443,507496,507498,2,53
507443,507497,507498,1,54
507443,507497,507498,1,54
507443,507497,507499,2,54
507443,507493,507498,5,50
507443,507498,507500,2,55
507443,507499,507500,1,56
507443,507499,507500,1,56
507443,507499,507500,1,56
507443,507498,507500,2,55
507443,507499,507501,2,56
507406,507478,507501,23,72
507443,507499,507501,2,56
507443,507499,507501,2,56
507443,507499,507502,3,56
507443,507500,507501,1,57
507443,507501,507502,1,58
507443,507501,507502,1,58
507443,507501,507502,1,58
507443,507496,507503,7,53
507443,507496,507503,7,53
507443,507496,507503,7,53
507443,507502,507503,1,59
507443,507502,507504,2,59
507443,507502,507503,1,59
507443,507502,507503,1,59
507443,507502,507503,1,59
507443,507502,507503,1,59
507443,507498,507504,6,55
507443,507494,507503,9,51
507443,507499,507504,5,56
507443,507503,507504,1,60
507443,507499,507505,6,56
507443,507501,507505,4,58
507443,507494,507504,10,51
507443,507504,507505,1,61
507443,507504,507506,2,61
507443,507504,507505,1,61
507443,507504,507505,1,61
507443,507504,507505,1,61
507443,507504,507506,2,61
507443,507504,507506,2,61
507443,507504,507506,2,61
507443,507505,507506,1,62
507443,507505,507507,2,62
507443,507506,507507,1,63
507443,507506,507508,2,63
507443,507506,507507,1,63
507443,507506,507508,2,63
507443,507505,507507,2,62
507443,507506,507508,2,63
507443,507502,507508,6,59
507443,507502,507508,6,59
507443,507506,507508,2,63
507443,507507,507508,1,64
507443,507503,507509,6,60
507443,507508,507509,1,65
507443,507507,507509,2,64
507443,507508,507510,2,65
507443,507508,507509,1,65
507443,507508,507509,1,65
507443,507505,507509,4,62
507443,507503,507510,7,60
507443,507503,507510,7,60
507443,507509,507511,2,66
507443,507510,507511,1,67
507443,507509,507511,2,66
507443,507509,507511,2,66
507443,507509,507511,2,66
507472,507510,507511,1,38
507472,507511,507512,1,39
507472,507510,507512,2,38
507443,507508,507512,4,65
507443,507508,507512,4,65
507443,507506,507512,6,63
507472,507510,507512,2,38
507443,507509,507512,3,66
507472,507510,507512,2,38
507472,507511,507512,1,39
507443,507510,507513,3,67
507443,507507,507513,6,64
507472,507512,507513,1,40
507472,507512,507514,2,40
507472,507512,507514,2,40
507472,507512,507513,1,40
507472,507512,507513,1,40
507472,507512,507514,2,40
507472,507512,507514,2,40
507472,507512,507514,2,40
507472,507514,507515,1,42
507472,507512,507515,3,40
507472,507514,507515,1,42
507472,507513,507515,2,41
507472,507514,507515,1,42
507472,507514,507515,1,42
507472,507514,507516,2,42
507472,507514,507516,2,42
507472,507516,507517,1,44
507472,507515,507517,2,43
507472,507516,507517,1,44
507472,507516,507518,2,44
507472,507516,507518,2,44
507472,507513,507518,5,41
507472,507515,507517,2,43
507472,507517,507519,2,45
507472,507514,507519,5,42
507472,507513,507519,6,41
507472,507513,507519,6,41
507472,507518,507519,1,46
507472,507517,507520,3,45
507472,507518,507520,2,46
507472,507512,507520,8,40
507472,507515,507520,5,43
507472,507519,507520,1,47
507443,507499,507520,21,56
507472,507518,507520,2,46
507472,507519,507521,2,47
507472,507520,507521,1,48
507472,507512,507521,9,40
507472,507514,507522,8,42
507472,507520,507522,2,48
507472,507520,507522,2,48
507472,507520,507523,3,48
507472,507521,507523,2,49
507472,507522,507523,1,50
507443,507505,507524,19,62
507472,507522,507524,2,50
507472,507521,507523,2,49
507472,507523,507524,1,51
507472,507517,507525,8,45
507472,507519,507524,5,47
507472,507523,507525,2,51
507472,507524,507525,1,52
507472,507524,507526,2,52
507472,507523,507526,3,51
507472,507517,507526,9,45
507472,507525,507526,1,53
507472,507521,507526,5,49
507472,507521,507526,5,49
507472,507520,507526,6,48
507472,507520,507526,6,48
507472,507521,507526,5,49
507472,507525,507527,2,53
507472,507525,507527,2,53
507472,507521,507526,5,49
507472,507524,507526,2,52
507472,507525,507527,2,53
507472,507523,507528,5,51
507472,507526,507527,1,54
507472,507526,507528,2,54
507472,507527,507528,1,55
507472,507527,507529,2,55
507472,507526,507529,3,54
507472,507528,507529,1,56
507472,507527,507529,2,55
507472,507528,507530,2,56
507472,507527,507530,3,55
507472,507527,507530,3,55
507472,507522,507530,8,50
507472,507524,507530,6,52
507472,507527,507530,3,55
507472,507527,507530,3,55
507472,507529,507530,1,57
507472,507528,507531,3,56
507472,507530,507531,1,58
507472,507531,507532,1,59
507472,507530,507531,1,58
507472,507529,507532,3,57
507472,507530,507532,2,58
507472,507526,507532,6,54
507472,507530,507532,2,58
507472,507527,507532,5,55
507472,507527,507532,5,55
507472,507532,507533,1,60
507472,507531,507533,2,59
507472,507532,507533,1,60
507472,507532,507533,1,60
507472,507528,507533,5,56
507472,507533,507535,2,61
507472,507529,507535,6,57
507472,507533,507534,1,61
507472,507532,507535,3,60
507472,507532,507535,3,60
507472,507530,507534,4,58
507472,507530,507534,4,58
507472,507534,507535,1,62
507472,507534,507535,1,62
507472,507533,507535,2,61
507472,507533,507536,3,61
507472,507535,507537,2,63
507472,507535,507536,1,63
507472,507536,507537,1,64
507472,507536,507537,1,64
507472,507536,507537,1,64
507472,507536,507538,2,64
507472,507527,507537,10,55
507472,507534,507537,3,62
507472,507536,507538,2,64
507472,507530,507539,9,58
507472,507537,507539,2,65
507472,507537,507539,2,65
507472,507537,507539,2,65
507472,507538,507539,1,66
507472,507538,507540,2,66
507472,507535,507540,5,63
507472,507535,507539,4,63
507472,507538,507540,2,66
507472,507530,507540,10,58
507472,507530,507540,10,58
507472,507538,507541,3,66
507472,507536,507540,4,64
507472,507538,507541,3,66
507472,507539,507541,2,67
507472,507540,507541,1,68
507472,507539,507541,2,67
507472,507540,507541,1,68
507472,507540,507541,1,68
507484,507541,507542,1,57
507472,507540,507542,2,68
507472,507532,507542,10,60
507472,507540,507542,2,68
507484,507542,507543,1,58
507484,507542,507543,1,58
507472,507538,507544,6,66
507472,507541,507543,2,69
507484,507542,507543,1,58
507472,507541,507543,2,69
507484,507542,507543,1,58
507484,507542,507543,1,58
507484,507543,507544,1,59
507484,507543,507545,2,59
507472,507539,507545,6,67
504273,504292,507546,3254,19
507484,507544,507545,1,60
507484,507544,507545,1,60
507484,507544,507546,2,60
507484,507544,507545,1,60
507484,507544,507545,1,60
507484,507541,507545,4,57
507484,507541,507545,4,57
507484,507544,507546,2,60
507484,507545,507546,1,61
507484,507545,507547,2,61
507484,507543,507547,4,59
507484,507546,507547,1,62
507484,507546,507548,2,62
507484,507546,507547,1,62
507484,507545,507547,2,61
507484,507546,507548,2,62
507484,507546,507548,2,62
507484,507547,507548,1,63
507472,507540,507549,9,68
507484,507546,507548,2,62
507484,507548,507549,1,64
507484,507546,507550,4,62
507484,507546,507549,3,62
507484,507547,507549,2,63
507484,507548,507549,1,64
507484,507548,507549,1,64
507484,507548,507550,2,64
507472,507541,507550,9,69
507484,507543,507551,8,59
507484,507548,507550,2,64
507484,507549,507550,1,65
507484,507550,507551,1,66
507484,507544,507552,8,60
507484,507550,507551,1,66
507484,507550,507552,2,66
507484,507550,507552,2,66
507484,507550,507552,2,66
507484,507550,507552,2,66
507484,507551,507552,1,67
507484,507550,507553,3,66
507484,507547,507552,5,63
507484,507552,507553,1,68
507472,507532,507553,21,60
507484,507551,507553,2,67
507484,507551,507553,2,67
507484,507551,507554,3,67
507484,507552,507553,1,68
507484,507548,507554,6,64
507484,507552,507554,2,68
507484,507548,507554,6,64
507484,507552,507554,2,68
507484,507553,507554,1,69
507484,507553,507555,2,69
507484,507549,507555,6,65
507484,507554,507555,1,70
507484,507553,507555,2,69
507484,507554,507556,2,70
507484,507553,507556,3,69
507484,507553,507557,4,69
507484,507553,507557,4,69
507484,507554,507556,2,70
507484,507556,507557,1,72
507484,507554,507557,3,70
507484,507555,507557,2,71
507484,507556,507558,2,72
507484,507555,507558,3,71
507484,507555,507558,3,71
507484,507549,507559,10,65
507484,507557,507559,2,73
507484,507557,507559,2,73
507484,507557,507559,2,73
507484,507556,507559,3,72
507484,507558,507560,2,74
507484,507554,507560,6,70
507484,507554,507560,6,70
507484,507558,507560,2,74
507484,507558,507561,3,74
507484,507558,507560,2,74
507484,507559,507561,2,75
507484,507558,507560,2,74
507484,507560,507561,1,76
507484,507556,507562,6,72
507484,507561,507563,2,77
507484,507561,507562,1,77
507484,507560,507563,3,76
507484,507561,507563,2,77
507484,507561,507563,2,77
507484,507560,507563,3,76
507484,507561,507562,1,77
507484,507562,507563,1,78
507484,507560,507564,4,76
507484,507554,507563,9,70
507484,507554,507564,10,70
507484,507562,507563,1,78
507484,507559,507563,4,75
507484,507559,507564,5,75
507484,507563,507564,1,79
507484,507560,507564,4,76
507484,507554,507564,10,70
507484,507563,507565,2,79
507484,507563,507565,2,79
507484,507563,507565,2,79
507484,507563,507565,2,79
507484,507564,507565,1,80
507484,507555,507565,10,71
507484,507564,507566,2,80
507484,507564,507566,2,80
507484,507564,507566,2,80
507484,507565,507567,2,81
507484,507565,507566,1,81
507484,507564,507566,2,80
507484,507563,507567,4,79
507484,507564,507567,3,80
507484,507565,507567,2,81
507484,507565,507567,2,81
507484,507566,507567,1,82
507484,507563,507567,4,79
507484,507563,507567,4,79
507484,507565,507568,3,81
507484,507566,507568,2,82
507484,507567,507568,1,83
507484,507565,507569,4,81
507484,507565,507569,4,81
507484,507567,507569,2,83
507484,507568,507569,1,84
507484,507568,507569,1,84
507484,507567,507569,2,83
507484,507567,507569,2,83
507484,507567,507570,3,83
507484,507568,507570,2,84
507484,507568,507570,2,84
507484,507569,507571,2,85
507484,507569,507571,2,85
507484,507569,507572,3,85
507484,507568,507572,4,84
507484,507569,507572,3,85
507547,507570,507572,2,23
507484,507570,507572,2,86
507547,507571,507573,2,24
507547,507571,507572,1,24
507484,507565,507572,7,81
507547,507573,507574,1,26
507484,507568,507573,5,84
507547,507570,507573,3,23
507547,507573,507574,1,26
507547,507573,507574,1,26
507547,507570,507574,4,23
507547,507573,507574,1,26
507547,507572,507575,3,25
507547,507572,507574,2,25
507484,507566,507575,9,82
507484,507566,507574,8,82
507484,507566,507575,9,82
507547,507573,507575,2,26
507547,507574,507575,1,27
507547,507574,507576,2,27
507547,507572,507576,4,25
507547,507574,507576,2,27
507547,507575,507576,1,28
507547,507575,507576,1,28
507547,507575,507576,1,28
507547,507575,507577,2,28
507547,507576,507577,1,29
507547,507573,507577,4,26
507547,507576,507578,2,29
507547,507576,507578,2,29
507547,507575,507577,2,28
507547,507577,507578,1,30
507547,507577,507578,1,30
507547,507577,507579,2,30
507547,507578,507579,1,31
507547,507577,507580,3,30
507547,507579,507580,1,32
507547,507579,507580,1,32
507547,507579,507581,2,32
507547,507578,507581,3,31
507547,507580,507581,1,33
507547,507578,507582,4,31
507547,507581,507582,1,34
507547,507581,507582,1,34
507547,507581,507583,2,34
507547,507578,507583,5,31
507547,507582,507583,1,35
507547,507575,507584,9,28
507547,507575,507584,9,28
507547,507575,507584,9,28
507547,507575,507584,9,28
507547,507580,507584,4,33
507547,507581,507584,3,34
507547,507583,507584,1,36
507547,507583,507584,1,36
507547,507575,507585,10,28
507547,507583,507585,2,36
507547,507583,507585,2,36
507547,507584,507585,1,37
507547,507585,507586,1,38
507547,507585,507586,1,38
507547,507576,507587,11,29
507547,507578,507586,8,31
507547,507585,507587,2,38
507547,507585,507587,2,38
507547,507585,507587,2,38
507547,507584,507587,3,37
507547,507586,507588,2,39
507547,507585,507587,2,38
507547,507586,507588,2,39
507547,507587,507588,1,40
507547,507587,507589,2,40
507547,507587,507590,3,40
507547,507589,507590,1,42
507547,507589,507590,1,42
507547,507588,507590,2,41
507547,507588,507591,3,41
507547,507587,507590,3,40
507547,507588,507591,3,41
507547,507588,507591,3,41
507547,507588,507591,3,41
507547,507591,507593,2,44
507547,507591,507593,2,44
507547,507591,507593,2,44
507547,507587,507593,6,40
507547,507590,507592,2,43
507547,507585,507593,8,38
507547,507585,507593,8,38
507547,507585,507594,9,38
507547,507585,507593,8,38
507547,507591,507594,3,44
507547,507591,507594,3,44
507547,507592,507594,2,45
507547,507593,507595,2,46
507547,507593,507594,1,46
507547,507593,507594,1,46
507547,507589,507595,6,42
507547,507593,507595,2,46
507547,507592,507595,3,45
507547,507595,507596,1,48
507547,507595,507596,1,48
507547,507596,507597,1,49
507547,507591,507597,6,44
507547,507595,507597,2,48
507547,507595,507597,2,48
507547,507595,507598,3,48
507547,507594,507598,4,47
507547,507595,507598,3,48
507547,507596,507598,2,49
507547,507597,507598,1,50
507547,507597,507598,1,50
507547,507597,507599,2,50
507547,507594,507599,5,47
507547,507597,507599,2,50
507547,507598,507599,1,51
507547,507598,507600,2,51
507547,507599,507600,1,52
507547,507599,507600,1,52
507547,507599,507601,2,52
507547,507593,507601,8,46
507547,507599,507601,2,52
507547,507594,507602,8,47
507547,507594,507602,8,47
507547,507600,507602,2,53
507547,507598,507600,2,51
507547,507599,507602,3,52
507547,507594,507602,8,47
507547,507594,507602,8,47
507547,507601,507603,2,54
507547,507601,507603,2,54
507547,507598,507603,5,51
507547,507602,507603,1,55
507547,507601,507603,2,54
507547,507602,507604,2,55
507547,507602,507604,2,55
507547,507602,507604,2,55
507547,507603,507605,2,56
507547,507603,507605,2,56
507547,507604,507605,1,57
507547,507603,507605,2,56
507547,507602,507605,3,55
507547,507604,507606,2,57
507547,507605,507607,2,58
507547,507605,507607,2,58
507547,507606,507608,2,59
507547,507604,507607,3,57
507547,507605,507608,3,58
507547,507603,507608,5,56
507547,507600,507608,8,53
507547,507602,507608,6,55
507547,507603,507610,7,56
507547,507603,507611,8,56
507547,507602,507611,9,55
507547,507605,507614,9,58
507484,507567,507571,4,83
507547,507617,507619,2,70
504215,504235,507626,3391,20
507627,507627,507628,1,0
507627,507627,507629,2,0
507627,507627,507628,1,0
507627,507627,507628,1,0
507627,507627,507629,2,0
507627,507627,507629,2,0
507627,507628,507629,1,1
507627,507627,507629,2,0
507627,507627,507630,3,0
507627,507627,507630,3,0
507627,507628,507630,2,1
507627,507628,507630,2,1
507627,507628,507630,2,1
507627,507629,507631,2,2
507627,507627,507631,4,0
507627,507629,507631,2,2
507627,507629,507631,2,2
507627,507628,507631,3,1
507627,507629,507631,2,2
507627,507629,507631,2,2
507627,507630,507632,2,3
507627,507631,507633,2,4
507627,507630,507633,3,3
507627,507630,507633,3,3
507627,507632,507633,1,5
507627,507632,507633,1,5
507627,507632,507633,1,5
507627,507632,507633,1,5
507627,507632,507634,2,5
507627,507629,507633,4,2
507627,507634,507635,1,7
507627,507632,507635,3,5
507627,507634,507635,1,7
507627,507634,507635,1,7
507627,507634,507635,1,7
507627,507634,507635,1,7
507627,507631,507636,5,4
507627,507627,507636,9,0
507627,507627,507636,9,0
507627,507634,507636,2,7
507627,507636,507638,2,9
507627,507634,507637,3,7
507627,507635,507637,2,8
507627,507636,507637,1,9
507627,507636,507637,1,9
507627,507636,507637,1,9
507627,507636,507637,1,9
507627,507636,507638,2,9
507627,507629,507639,10,2
507627,507637,507639,2,10
507627,507637,507639,2,10
507627,507638,507639,1,11
507627,507638,507639,1,11
507627,507638,507639,1,11
507627,507638,507640,2,11
507627,507638,507640,2,11
507627,507635,507638,3,8
507627,507636,507638,2,9
507627,507637,507640,3,10
507627,507627,507641,14,0
507627,507640,507641,1,13
507627,507639,507641,2,12
507627,507638,507642,4,11
507627,507638,507641,3,11
507627,507640,507642,2,13
507627,507640,507642,2,13
507627,507640,507642,2,13
507627,507640,507641,1,13
507627,507640,507643,3,13
507627,507642,507643,1,15
507627,507642,507643,1,15
507627,507642,507644,2,15
507627,507641,507644,3,14
507627,507642,507645,3,15
507627,507642,507644,2,15
507627,507642,507644,2,15
507627,507642,507645,3,15
507627,507644,507646,2,17
507627,507644,507646,2,17
507627,507644,507646,2,17
507627,507640,507644,4,13
507627,507642,507646,4,15
507627,507645,507647,2,18
507627,507645,507646,1,18
507627,507645,507648,3,18
507627,507645,507648,3,18
507627,507646,507647,1,19
507627,507646,507647,1,19
507627,507647,507648,1,20
507627,507647,507648,1,20
507627,507643,507649,6,16
507627,507647,507648,1,20
507627,507640,507649,9,13
507627,507640,507649,9,13
507627,507640,507649,9,13
507627,507646,507649,3,19
507627,507647,507649,2,20
507627,507648,507649,1,21
507627,507649,507650,1,22
507627,507648,507649,1,21
507627,507648,507649,1,21
507627,507649,507650,1,22
507627,507648,507650,2,21
507627,507648,507650,2,21
507627,507647,507650,3,20
507627,507650,507652,2,23
507627,507650,507651,1,23
507627,507650,507651,1,23
507627,507650,507652,2,23
507627,507650,507651,1,23
507627,507650,507651,1,23
507627,507651,507652,1,24
507627,507649,507653,4,22
507627,507651,507653,2,24
507627,507651,507653,2,24
507627,507650,507653,3,23
507627,507650,507653,3,23
507627,507652,507654,2,25
507627,507652,507653,1,25
507627,507652,507654,2,25
507627,507652,507654,2,25
507627,507652,507654,2,25
507627,507653,507654,1,26
507627,507654,507656,2,27
507627,507654,507656,2,27
507627,507654,507656,2,27
507627,507654,507656,2,27
507627,507641,507656,15,14
507627,507655,507657,2,28
507627,507654,507657,3,27
507627,507654,507656,2,27
507627,507654,507657,3,27
507627,507654,507658,4,27
507627,507656,507658,2,29
507627,507656,507658,2,29
507627,507656,507658,2,29
507627,507650,507658,8,23
507627,507654,507658,4,27
507627,507657,507659,2,30
507627,507655,507659,4,28
507627,507657,507659,2,30
507627,507657,507660,3,30
507627,507657,507660,3,30
507627,507652,507660,8,25
507627,507652,507660,8,25
507627,507657,507661,4,30
507627,507658,507661,3,31
507627,507658,507662,4,31
507627,507663,507665,2,36
507627,507663,507666,3,36
504371,504395,507722,3327,24
507723,507723,507724,1,0
507723,507723,507724,1,0
507723,507723,507724,1,0
507723,507723,507725,2,0
507723,507723,507725,2,0
507723,507723,507724,1,0
507723,507723,507724,1,0
507723,507723,507725,2,0
507723,507723,507725,2,0
507723,507723,507725,2,0
507723,507723,507725,2,0
507723,507723,507726,3,0
507723,507723,507726,3,0
507723,507724,507725,1,1
507723,507725,507727,2,2
507723,507725,507726,1,2
507723,507725,507726,1,2
507723,507725,507727,2,2
507723,507726,507727,1,3
507723,507725,507728,3,2
507723,507725,507729,4,2
507723,507727,507729,2,4
507723,507726,507729,3,3
507723,507726,507728,2,3
507723,507726,507729,3,3
507723,507726,507729,3,3
507723,507726,507728,2,3
507723,507726,507728,2,3
507723,507727,507728,1,4
507723,507727,507729,2,4
507723,507727,507729,2,4
507723,507728,507730,2,5
507723,507729,507731,2,6
507723,507729,507731,2,6
507723,507729,507731,2,6
507723,507729,507731,2,6
507723,507729,507731,2,6
507723,507723,507732,9,0
507723,507723,507732,9,0
507723,507729,507731,2,6
507723,507729,507732,3,6
507723,507729,507732,3,6
507723,507729,507732,3,6
507723,507729,507732,3,6
507723,507729,507732,3,6
507723,507731,507732,1,8
507723,507723,507733,10,0
507723,507731,507733,2,8
507723,507731,507733,2,8
507723,507732,507733,1,9
507723,507732,507733,1,9
507723,507729,507731,2,6
507723,507733,507734,1,10
507723,507732,507735,3,9
507723,507733,507735,2,10
507723,507733,507735,2,10
507723,507732,507735,3,9
507723,507732,507735,3,9
507723,507732,507735,3,9
507723,507732,507735,3,9
507723,507732,507735,3,9
507723,507732,507735,3,9
507723,507734,507735,1,11
507723,507734,507736,2,11
507723,507735,507736,1,12
507723,507735,507737,2,12
507723,507736,507738,2,13
507723,507731,507738,7,8
507723,507735,507737,2,12
507723,507737,507738,1,14
507723,507737,507738,1,14
507723,507732,507739,7,9
507723,507735,507739,4,12
507723,507735,507739,4,12
507723,507738,507739,1,15
507723,507735,507739,4,12
507723,507736,507739,3,13
507723,507736,507739,3,13
507723,507736,507739,3,13
507723,507738,507739,1,15
507723,507739,507740,1,16
507723,507739,507741,2,16
507723,507734,507739,5,11
507723,507738,507741,3,15
507723,507738,507740,2,15
507723,507740,507741,1,17
507723,507733,507741,8,10
507723,507740,507741,1,17
507723,507740,507742,2,17
507723,507740,507742,2,17
507723,507740,507742,2,17
507723,507740,507742,2,17
507723,507740,507742,2,17
507723,507741,507742,1,18
507723,507741,507742,1,18
507723,507741,507743,2,18
507723,507742,507743,1,19
507723,507740,507743,3,17
507723,507743,507744,1,20
507723,507735,507743,8,12
507723,507740,507743,3,17
507723,507742,507743,1,19
507723,507743,507744,1,20
507723,507743,507744,1,20
507723,507741,507744,3,18
507723,507743,507744,1,20
507723,507744,507745,1,21
507723,507742,507744,2,19
507723,507743,507745,2,20
507723,507743,507745,2,20
507723,507744,507745,1,21
507723,507743,507745,2,20
507723,507743,507745,2,20
507723,507744,507745,1,21
507723,507744,507745,1,21
507723,507744,507746,2,21
507723,507744,507746,2,21
507723,507745,507747,2,22
507723,507723,507746,23,0
507723,507744,507747,3,21
507723,507745,507747,2,22
507723,507744,507747,3,21
507723,507745,507747,2,22
507723,507746,507748,2,23
507723,507746,507748,2,23
507723,507746,507748,2,23
507723,507746,507748,2,23
507723,507746,507748,2,23
507723,507746,507748,2,23
507723,507747,507749,2,24
507723,507748,507750,2,25
507723,507748,507750,2,25
507723,507745,507750,5,22
507723,507747,507750,3,24
507723,507749,507751,2,26
507723,507747,507750,3,24
507723,507743,507750,7,20
507723,507749,507750,1,26
507723,507748,507751,3,25
507723,507748,507750,2,25
507723,507748,507751,3,25
507723,507744,507752,8,21
507723,507748,507751,3,25
507723,507750,507752,2,27
507723,507750,507752,2,27
507723,507749,507752,3,26
507723,507749,507752,3,26
507723,507745,507753,8,22
507723,507747,507754,7,24
504022,504040,508788,4748,18
508789,508789,508790,1,0
508789,508790,508791,1,1
508789,508789,508791,2,0
508789,508790,508791,1,1
508789,508790,508791,1,1
508789,508790,508791,1,1
508789,508790,508791,1,1
508789,508790,508792,2,1
508789,508790,508792,2,1
508789,508791,508792,1,2
508789,508791,508792,1,2
508789,508791,508792,1,2
508789,508792,508793,1,3
508789,508792,508794,2,3
508789,508792,508794,2,3
508789,508792,508794,2,3
508789,508793,508794,1,4
508789,508790,508795,5,1
508789,508793,508794,1,4
508789,508793,508794,1,4
508789,508793,508794,1,4
508789,508790,508795,5,1
508789,508794,508795,1,5
508789,508793,508795,2,4
508789,508795,508796,1,6
508789,508795,508796,1,6
508789,508790,508796,6,1
508789,508795,508796,1,6
508789,508795,508796,1,6
508789,508795,508796,1,6
508789,508796,508797,1,7
508789,508796,508797,1,7
508789,508795,508797,2,6
508789,508790,508797,7,1
508789,508790,508797,7,1
508789,508790,508797,7,1
508789,508795,508798,3,6
508789,508796,508798,2,7
508789,508792,508798,6,3
508789,508790,508798,8,1
508789,508797,508798,1,8
508789,508797,508798,1,8
508789,508797,508798,1,8
508789,508798,508799,1,9
508789,508797,508799,2,8
508789,508797,508799,2,8
508789,508798,508800,2,9
508789,508798,508800,2,9
508789,508799,508801,2,10
508789,508799,508800,1,10
508789,508799,508800,1,10
508789,508799,508800,1,10
508789,508799,508801,2,10
508789,508800,508801,1,11
508789,508800,508802,2,11
508789,508800,508802,2,11
508789,508797,508802,5,8
508789,508801,508802,1,12
508789,508801,508802,1,12
508789,508801,508802,1,12
508789,508802,508803,1,13
508789,508801,508804,3,12
508789,508801,508803,2,12
508789,508802,508804,2,13
508789,508802,508804,2,13
508789,508802,508805,3,13
508789,508803,508804,1,14
508789,508803,508805,2,14
508789,508803,508805,2,14
508789,508796,508805,9,7
508789,508804,508805,1,15
508789,508804,508806,2,15
508789,508804,508806,2,15
508789,508799,508806,7,10
508789,508798,508806,8,9
508789,508799,508807,8,10
508789,508805,508807,2,16
508789,508805,508807,2,16
508789,508805,508807,2,16
508789,508806,508807,1,17
508789,508800,508807,7,11
508789,508805,508809,4,16
508789,508805,508808,3,16
508789,508805,508808,3,16
508789,508797,508808,11,8
508789,508803,508808,5,14
508789,508807,508808,1,18
508789,508807,508808,1,18
508789,508807,508808,1,18
508789,508806,508809,3,17
508789,508808,508809,1,19
508789,508807,508810,3,18
508789,508807,508809,2,18
508789,508798,508809,11,9
508789,508807,508809,2,18
508789,508808,508810,2,19
508789,508809,508810,1,20
508789,508809,508811,2,20
508789,508807,508810,3,18
508789,508809,508810,1,20
508789,508809,508811,2,20
508789,508810,508811,1,21
508789,508809,508811,2,20
508789,508810,508811,1,21
508789,508809,508812,3,20
508789,508809,508812,3,20
508789,508810,508811,1,21
508789,508810,508812,2,21
508789,508810,508812,2,21
508789,508811,508813,2,22
508789,508811,508813,2,22
508789,508812,508813,1,23
508789,508812,508813,1,23
508789,508812,508814,2,23
508789,508812,508814,2,23
508789,508812,508814,2,23
508789,508812,508815,3,23
508789,508811,508814,3,22
508789,508813,508815,2,24
508789,508813,508815,2,24
508789,508814,508815,1,25
508789,508814,508816,2,25
508789,508813,508815,2,24
508789,508813,508815,2,24
508789,508807,508816,9,18
508789,508814,508816,2,25
508789,508809,508816,7,20
508789,508816,508817,1,27
508789,508816,508817,1,27
508789,508816,508817,1,27
508789,508815,508818,3,26
508789,508816,508817,1,27
508789,508815,508818,3,26
508789,508815,508818,3,26
508789,508815,508818,3,26
508789,508817,508818,1,28
508789,508816,508819,3,27
508789,508816,508819,3,27
508789,508810,508819,9,21
508789,508818,508819,1,29
508789,508818,508819,1,29
508789,508818,508819,1,29
508789,508810,508819,9,21
508789,508818,508820,2,29
508789,508811,508820,9,22
508789,508810,508822,12,21
508789,508816,508828,12,27
508789,508817,508830,13,28
504172,504192,508904,4712,20
508906,508906,508907,1,0
508906,508906,508907,1,0
508906,508906,508907,1,0
508906,508906,508908,2,0
508906,508906,508908,2,0
508906,508906,508909,3,0
508906,508906,508909,3,0
508906,508907,508909,2,1
508906,508906,508910,4,0
508906,508908,508910,2,2
508906,508908,508909,1,2
508906,508909,508910,1,3
508906,508909,508911,2,3
508906,508909,508911,2,3
508906,508909,508912,3,3
508906,508909,508912,3,3
508906,508910,508911,1,4
508906,508910,508912,2,4
508906,508906,508912,6,0
508906,508911,508912,1,5
508906,508911,508913,2,5
508906,508906,508913,7,0
508906,508906,508914,8,0
508906,508906,508914,8,0
508906,508906,508914,8,0
508906,508912,508914,2,6
508906,508912,508913,1,6
508906,508912,508914,2,6
508906,508910,508914,4,4
508906,508912,508915,3,6
508906,508912,508914,2,6
508906,508906,508914,8,0
508906,508906,508915,9,0
508906,508913,508915,2,7
508906,508913,508916,3,7
508906,508906,508916,10,0
508906,508906,508916,10,0
508906,508915,508916,1,9
508906,508915,508916,1,9
508906,508914,508917,3,8
508906,508914,508917,3,8
508906,508916,508917,1,10
508906,508915,508918,3,9
508906,508915,508918,3,9
508906,508915,508918,3,9
508906,508915,508917,2,9
508906,508917,508918,1,11
508906,508917,508918,1,11
508906,508916,508919,3,10
508906,508916,508919,3,10
508906,508918,508919,1,12
508906,508913,508919,6,7
508906,508919,508920,1,13
508906,508919,508920,1,13
508906,508918,508921,3,12
508906,508915,508921,6,9
508906,508914,508922,8,8
508906,508916,508922,6,10
508906,508918,508921,3,12
508906,508915,508921,6,9
508906,508919,508922,3,13
508906,508920,508922,2,14
508906,508921,508923,2,15
508906,508921,508923,2,15
508906,508914,508924,10,8
508906,508921,508924,3,15
508906,508917,508924,7,11
508906,508917,508924,7,11
508906,508921,508924,3,15
508906,508918,508923,5,12
508906,508919,508924,5,13
508906,508923,508925,2,17
508906,508923,508925,2,17
508906,508919,508924,5,13
508906,508923,508926,3,17
508906,508923,508925,2,17
508906,508920,508925,5,14
508906,508922,508926,4,16
508906,508922,508926,4,16
508906,508925,508927,2,19
508906,508925,508927,2,19
508906,508922,508927,5,16
508906,508926,508928,2,20
508906,508924,508928,4,18
508906,508927,508929,2,21
508906,508927,508929,2,21
508906,508926,508929,3,20
508906,508926,508929,3,20
508906,508924,508929,5,18
508906,508926,508929,3,20
508906,508926,508929,3,20
508906,508928,508930,2,22
508906,508929,508930,1,23
508906,508929,508930,1,23
508906,508928,508931,3,22
508906,508930,508931,1,24
508906,508930,508932,2,24
508906,508924,508932,8,18
508906,508929,508932,3,23
508906,508924,508932,8,18
508906,508925,508932,7,19
508906,508930,508932,2,24
508906,508931,508932,1,25
508906,508931,508933,2,25
508906,508926,508933,7,20
508906,508931,508933,2,25
508906,508922,508933,11,16
508906,508924,508933,9,18
508906,508929,508934,5,23
508906,508932,508934,2,26
508906,508932,508934,2,26
508906,508933,508935,2,27
508906,508933,508935,2,27
508906,508933,508936,3,27
508906,508934,508936,2,28
508906,508933,508936,3,27
508906,508934,508936,2,28
508906,508924,508937,13,18
508906,508930,508936,6,24
508906,508932,508936,4,26
508906,508935,508937,2,29
508906,508935,508938,3,29
508906,508937,508938,1,31
508906,508933,508939,6,27
508906,508936,508939,3,30
508906,508927,508938,11,21
508906,508933,508939,6,27
508906,508938,508939,1,32
508906,508933,508939,6,27
508906,508934,508940,6,28
508906,508937,508940,3,31
508906,508937,508940,3,31
508906,508939,508941,2,33
508906,508939,508940,1,33
508906,508934,508940,6,28
508906,508934,508940,6,28
508906,508940,508941,1,34
508906,508939,508942,3,33
508906,508937,508942,5,31
508906,508937,508943,6,31
508906,508939,508942,3,33
508906,508940,508943,3,34
508906,508941,508943,2,35
508906,508941,508944,3,35
508906,508941,508944,3,35
508906,508937,508944,7,31
508906,508935,508945,10,29
508906,508939,508945,6,33
508906,508939,508946,7,33
508906,508940,508947,7,34
504280,504344,509082,4738,64
509083,509083,509085,2,0
509083,509083,509085,2,0
509083,509083,509085,2,0
509083,509083,509086,3,0
509083,509083,509086,3,0
509083,509083,509086,3,0
509083,509083,509086,3,0
509083,509083,509085,2,0
509083,509083,509087,4,0
509083,509083,509087,4,0
509083,509085,509087,2,2
509083,509087,509088,1,4
509083,509083,509088,5,0
509083,509083,509088,5,0
509083,509086,509088,2,3
509083,509087,509088,1,4
509083,509083,509088,5,0
509083,509083,509088,5,0
509083,509086,509088,2,3
509083,509085,509089,4,2
509083,509086,509089,3,3
509083,509083,509089,6,0
509083,509083,509089,6,0
509083,509088,509089,1,5
509083,509088,509090,2,5
509083,509088,509090,2,5
509083,509089,509090,1,6
509083,509089,509090,1,6
505894,505913,509091,3178,19
509083,509089,509091,2,6
509083,509089,509091,2,6
509083,509091,509092,1,8
509083,509087,509092,5,4
509083,509090,509092,2,7
509083,509090,509092,2,7
509083,509089,509092,3,6
509083,509090,509092,2,7
509083,509092,509093,1,9
509083,509090,509094,4,7
509083,509089,509093,4,6
509083,509089,509093,4,6
509083,509089,509093,4,6
509083,509093,509094,1,10
509083,509092,509094,2,9
509083,509083,509094,11,0
509083,509093,509094,1,10
509083,509090,509094,4,7
509083,509090,509095,5,7
509083,509094,509095,1,11
509083,509093,509095,2,10
509083,509092,509095,3,9
509083,509093,509095,2,10
509083,509090,509095,5,7
509083,509094,509096,2,11
509083,509095,509096,1,12
509083,509091,509096,5,8
509083,509094,509096,2,11
509083,509096,509097,1,13
509083,509095,509097,2,12
509083,509095,509097,2,12
509083,509095,509097,2,12
509083,509094,509097,3,11
509083,509094,509098,4,11
509083,509097,509099,2,14
509083,509095,509098,3,12
509083,509095,509098,3,12
509083,509096,509099,3,13
509083,509096,509098,2,13
509083,509096,509099,3,13
509083,509096,509099,3,13
509083,509099,509100,1,16
509083,509098,509100,2,15
509083,509098,509101,3,15
509083,509093,509101,8,10
509083,509098,509101,3,15
509083,509096,509102,6,13
509083,509097,509101,4,14
509083,509097,509101,4,14
509083,509098,509102,4,15
509083,509093,509102,9,10
509083,509101,509102,1,18
509083,509100,509103,3,17
509083,509101,509103,2,18
509083,509100,509103,3,17
509083,509099,509103,4,16
509083,509099,509103,4,16
509083,509098,509104,6,15
509083,509098,509103,5,15
509083,509099,509104,5,16
509083,509099,509104,5,16
509083,509102,509105,3,19
509083,509102,509105,3,19
509083,509103,509105,2,20
509083,509104,509105,1,21
509083,509102,509105,3,19
509083,509104,509106,2,21
509083,509101,509105,4,18
509083,509104,509106,2,21
509083,509104,509106,2,21
509083,509102,509104,2,19
509083,509104,509106,2,21
509083,509104,509106,2,21
509083,509102,509106,4,19
509083,509102,509106,4,19
509083,509106,509107,1,23
509083,509106,509107,1,23
509083,509106,509108,2,23
509083,509104,509107,3,21
509083,509104,509108,4,21
509083,509106,509108,2,23
509083,509105,509108,3,22
509083,509106,509108,2,23
509083,509108,509109,1,25
509083,509108,509110,2,25
509083,509107,509109,2,24
509083,509105,509110,5,22
509083,509106,509111,5,23
509083,509108,509110,2,25
509083,509107,509111,4,24
509083,509110,509112,2,27
509083,509110,509112,2,27
509083,509109,509111,2,26
509083,509103,509109,6,20
509083,509110,509112,2,27
509083,509110,509113,3,27
509083,509108,509113,5,25
509083,509109,509113,4,26
509083,509112,509114,2,29
509083,509112,509114,2,29
509083,509108,509114,6,25
509083,509109,509114,5,26
509083,509111,509115,4,28
509083,509111,509115,4,28
509083,509107,509114,7,24
509083,509103,509115,12,20
509083,509107,509115,8,24
509083,509114,509116,2,31
509083,509114,509116,2,31
509083,509112,509115,3,29
509083,509113,509116,3,30
509083,509111,509116,5,28
509093,509116,509117,1,23
509083,509113,509116,3,30
509083,509113,509117,4,30
509093,509115,509117,2,22
509093,509116,509117,1,23
509093,509117,509118,1,24
509083,509106,509118,12,23
509083,509107,509117,10,24
504322,504372,509118,4746,50
509083,509113,509117,4,30
509093,509115,509117,2,22
509083,509114,509119,5,31
509083,509114,509119,5,31
509093,509117,509119,2,24
509093,509116,509118,2,23
509093,509118,509119,1,25
509093,509118,509119,1,25
509093,509117,509120,3,24
509093,509117,509120,3,24
509093,509116,509121,5,23
509093,509120,509121,1,27
509093,509119,509121,2,26
509093,509120,509122,2,27
509093,509118,509121,3,25
509093,509120,509121,1,27
509083,509115,509122,7,32
509093,509118,509122,4,25
509093,509120,509122,2,27
509093,509121,509122,1,28
509093,509118,509122,4,25
509093,509116,509122,6,23
509093,509120,509123,3,27
509093,509122,509124,2,29
509093,509122,509123,1,29
509093,509122,509123,1,29
509093,509118,509124,6,25
509083,509112,509124,12,29
509093,509122,509124,2,29
509093,509120,509124,4,27
509093,509122,509124,2,29
509093,509123,509125,2,30
509093,509123,509125,2,30
509093,509124,509126,2,31
509093,509124,509126,2,31
509093,509120,509125,5,27
509093,509124,509126,2,31
509093,509123,509126,3,30
509083,509115,509127,12,32
509093,509121,509127,6,28
509093,509124,509127,3,31
509093,509123,509128,5,30
509093,509125,509127,2,32
509093,509126,509128,2,33
509093,509126,509128,2,33
509093,509122,509127,5,29
509093,509124,509128,4,31
509093,509125,509129,4,32
509093,509125,509128,3,32
509093,509126,509128,2,33
509093,509127,509130,3,34
509093,509128,509130,2,35
509093,509128,509130,2,35
509093,509125,509130,5,32
509093,509127,509131,4,34
509093,509128,509132,4,35
509093,509123,509132,9,30
509093,509126,509132,6,33
509093,509127,509132,5,34
509093,509128,509132,4,35
509093,509129,509133,4,36
509093,509129,509133,4,36
509093,509127,509132,5,34
509093,509131,509133,2,38
509093,509131,509133,2,38
509093,509130,509133,3,37
509093,509129,509133,4,36
509093,509131,509133,2,38
509093,509132,509135,3,39
509093,509129,509135,6,36
509093,509133,509135,2,40
509093,509132,509135,3,39
509093,509131,509135,4,38
509093,509132,509135,3,39
509093,509133,509135,2,40
509093,509133,509136,3,40
509093,509134,509136,2,41
509093,509133,509137,4,40
509093,509135,509137,2,42
509093,509135,509137,2,42
509093,509134,509137,3,41
509093,509133,509137,4,40
509093,509134,509138,4,41
509093,509124,509137,13,31
509093,509136,509138,2,43
509093,509135,509138,3,42
509093,509128,509139,11,35
509093,509137,509139,2,44
509093,509134,509139,5,41
509093,509138,509139,1,45
509093,509135,509139,4,42
509093,509138,509140,2,45
509093,509126,509139,13,33
509093,509138,509140,2,45
509093,509136,509140,4,43
509093,509136,509140,4,43
509093,509139,509141,2,46
509093,509140,509141,1,47
509093,509140,509141,1,47
509093,509136,509141,5,43
509093,509137,509141,4,44
509093,509137,509141,4,44
509093,509138,509141,3,45
509093,509139,509142,3,46
509093,509140,509142,2,47
509093,509139,509142,3,46
509093,509140,509142,2,47
509093,509140,509142,2,47
509093,509141,509143,2,48
509093,509142,509143,1,49
509093,509142,509143,1,49
509093,509142,509144,2,49
509093,509140,509145,5,47
509093,509142,509145,3,49
509093,509142,509145,3,49
509093,509144,509145,1,51
509093,509144,509145,1,51
509093,509141,509145,4,48
509093,509132,509146,14,39
509093,509141,509146,5,48
509093,509142,509146,4,49
509093,509142,509146,4,49
509093,509142,509146,4,49
509093,509144,509146,2,51
509093,509144,509146,2,51
509093,509138,509147,9,45
509093,509146,509147,1,53
509093,509142,509147,5,49
509093,509142,509147,5,49
509093,509146,509147,1,53
509093,509143,509148,5,50
509093,509145,509148,3,52
509093,509147,509148,1,54
509093,509145,509149,4,52
509093,509146,509149,3,53
509093,509147,509149,2,54
509093,509146,509149,3,53
509093,509148,509149,1,55
509093,509147,509149,2,54
509093,509149,509151,2,56
509093,509148,509151,3,55
509093,509148,509150,2,55
509119,509150,509151,1,31
509093,509149,509151,2,56
509093,509146,509151,5,53
509119,509150,509151,1,31
509119,509151,509152,1,32
509119,509152,509153,1,33
509119,509151,509153,2,32
509119,509151,509152,1,32
509119,509151,509152,1,32
509093,509146,509153,7,53
509119,509150,509153,3,31
509119,509153,509154,1,34
509119,509150,509153,3,31
509093,509146,509153,7,53
509093,509148,509153,5,55
509119,509153,509154,1,34
509119,509153,509154,1,34
509093,509150,509155,5,57
509119,509152,509155,3,33
509119,509153,509154,1,34
509119,509153,509154,1,34
509119,509154,509155,1,35
509119,509154,509155,1,35
509093,509145,509156,11,52
509119,509155,509156,1,36
509119,509156,509157,1,37
509119,509155,509156,1,36
509093,509147,509157,10,54
509119,509154,509157,3,35
509119,509155,509158,3,36
509119,509155,509157,2,36
509119,509156,509157,1,37
509119,509154,509158,4,35
509119,509157,509158,1,38
509119,509154,509159,5,35
509119,509157,509158,1,38
509119,509154,509159,5,35
509119,509157,509158,1,38
509119,509158,509159,1,39
509119,509154,509159,5,35
509119,509155,509159,4,36
509119,509159,509160,1,40
509119,509159,509160,1,40
509119,509158,509161,3,39
509119,509159,509161,2,40
509119,509159,509160,1,40
509119,509158,509161,3,39
509119,509158,509162,4,39
509119,509159,509161,2,40
509119,509161,509162,1,42
509119,509152,509162,10,33
509119,509161,509162,1,42
509119,509161,509163,2,42
509119,509161,509163,2,42
509093,509149,509164,15,56
509119,509159,509163,4,40
509119,509161,509163,2,42
509119,509160,509163,3,41
509119,509162,509164,2,43
509119,509157,509164,7,38
509119,509163,509164,1,44
509119,509163,509164,1,44
509119,509163,509165,2,44
509119,509162,509165,3,43
509119,509163,509165,2,44
509119,509160,509165,5,41
509119,509163,509166,3,44
509119,509162,509166,4,43
509119,509165,509167,2,46
509119,509164,509166,2,45
509119,509164,509167,3,45
509119,509165,509167,2,46
509119,509165,509167,2,46
509119,509164,509168,4,45
509119,509166,509169,3,47
509119,509166,509169,3,47
509119,509167,509169,2,48
509119,509168,509169,1,49
509119,509164,509169,5,45
509119,509166,509170,4,47
509119,509167,509171,4,48
509119,509170,509171,1,51
509119,509170,509172,2,51
509119,509166,509171,5,47
509119,509169,509171,2,50
509119,509159,509172,13,40
509119,509167,509172,5,48
509119,509166,509173,7,47
509119,509167,509173,6,48
509119,509169,509172,3,50
509119,509170,509173,3,51
509119,509171,509173,2,52
509119,509158,509173,15,39
509119,509165,509173,8,46
509119,509170,509174,4,51
509119,509172,509174,2,53
509119,509172,509174,2,53
509119,509171,509175,4,52
509119,509174,509175,1,55
509119,509174,509175,1,55
509119,509172,509175,3,53
509119,509174,509175,1,55
509119,509173,509176,3,54
509119,509175,509176,1,56
509119,509173,509176,3,54
509119,509173,509176,3,54
509119,509173,509176,3,54
509119,509174,509176,2,55
509119,509175,509176,1,56
509119,509167,509176,9,48
509119,509176,509177,1,57
509119,509175,509177,2,56
509119,509177,509178,1,58
509119,509176,509177,1,57
509119,509173,509178,5,54
509119,509173,509178,5,54
509119,509177,509178,1,58
509119,509176,509178,2,57
509119,509177,509179,2,58
509119,509176,509179,3,57
509119,509177,509179,2,58
509119,509178,509179,1,59
509119,509178,509179,1,59
509119,509178,509179,1,59
509119,509179,509180,1,60
509119,509178,509181,3,59
509119,509178,509181,3,59
509119,509180,509182,2,61
509119,509179,509182,3,60
509119,509180,509182,2,61
509119,509181,509182,1,62
509119,509174,509182,8,55
509119,509176,509182,6,57
509119,509180,509182,2,61
509119,509179,509183,4,60
509119,509179,509182,3,60
509119,509179,509183,4,60
509119,509172,509183,11,53
509119,509173,509183,10,54
509119,509178,509183,5,59
509119,509181,509183,2,62
509119,509182,509184,2,63
509119,509181,509184,3,62
509119,509183,509185,2,64
509119,509183,509184,1,64
509119,509183,509185,2,64
509119,509184,509186,2,65
509119,509183,509187,4,64
509119,509183,509186,3,64
509119,509184,509187,3,65
509119,509183,509188,5,64
509119,509183,509188,5,64
509119,509183,509189,6,64
509119,509183,509189,6,64
509093,509187,509190,3,94
509119,509182,509190,8,63
509119,509184,509189,5,65
509119,509177,509191,14,58
509119,509183,509193,10,64
509119,509183,509193,10,64
505968,505990,509201,3211,22
509201,509202,509203,1,1
509201,509202,509203,1,1
509201,509202,509203,1,1
509201,509202,509203,1,1
509201,509202,509203,1,1
509201,509202,509204,2,1
509201,509202,509204,2,1
509201,509202,509205,3,1
509201,509204,509205,1,3
509201,509204,509205,1,3
509201,509204,509205,1,3
509201,509202,509205,3,1
509201,509202,509205,3,1
509201,509202,509207,5,1
505926,505950,509206,3256,24
509201,509202,509207,5,1
509201,509202,509206,4,1
509201,509202,509207,5,1
509201,509202,509207,5,1
509201,509206,509207,1,5
509201,509206,509207,1,5
509201,509206,509207,1,5
509201,509205,509208,3,4
509201,509205,509208,3,4
509201,509207,509209,2,6
509201,509204,509208,4,3
509201,509207,509209,2,6
509201,509207,509209,2,6
509201,509208,509209,1,7
509201,509208,509209,1,7
509201,509208,509209,1,7
509201,509206,509209,3,5
509201,509206,509209,3,5
509201,509207,509210,3,6
509201,509209,509210,1,8
509201,509206,509211,5,5
509201,509208,509211,3,7
509201,509210,509211,1,9
509201,509210,509212,2,9
509201,509210,509212,2,9
509201,509209,509212,3,8
509201,509209,509211,2,8
509201,509209,509212,3,8
509201,509208,509212,4,7
509201,509210,509212,2,9
509201,509209,509213,4,8
509201,509202,509213,11,1
509201,509202,509213,11,1
509201,509212,509214,2,11
509201,509211,509213,2,10
509201,509210,509214,4,9
509201,509210,509214,4,9
509201,509212,509215,3,11
509201,509212,509214,2,11
509201,509212,509214,2,11
509201,509210,509214,4,9
509201,509212,509215,3,11
509201,509214,509216,2,13
509201,509212,509216,4,11
509201,509213,509216,3,12
509201,509214,509216,2,13
509201,509215,509217,2,14
509201,509214,509216,2,13
509201,509215,509217,2,14
509201,509213,509216,3,12
509201,509214,509217,3,13
509201,509213,509217,4,12
509201,509216,509217,1,15
509201,509214,509217,3,13
509201,509215,509218,3,14
509201,509212,509218,6,11
509201,509217,509219,2,16
509201,509217,509219,2,16
509201,509215,509219,4,14
509201,509217,509219,2,16
509201,509214,509219,5,13
509201,509217,509220,3,16
509201,509213,509219,6,12
509201,509217,509219,2,16
509201,509218,509220,2,17
509201,509217,509220,3,16
509201,509215,509220,5,14
509201,509218,509220,2,17
509201,509219,509221,2,18
509201,509216,509220,4,15
509201,509216,509222,6,15
509201,509219,509221,2,18
509201,509220,509222,2,19
509201,509220,509221,1,19
509201,509219,509222,3,18
509201,509221,509223,2,20
509201,509221,509222,1,20
509201,509217,509222,5,16
509201,509218,509223,5,17
509201,509218,509223,5,17
509201,509220,509223,3,19
509201,509220,509223,3,19
509201,509222,509223,1,21
509201,509222,509223,1,21
509201,509222,509223,1,21
509201,509219,509224,5,18
509201,509220,509224,4,19
509201,509221,509224,3,20
509201,509220,509224,4,19
509201,509223,509225,2,22
509201,509223,509225,2,22
509201,509223,509225,2,22
509201,509224,509226,2,23
509201,509224,509225,1,23
509201,509224,509226,2,23
509201,509225,509227,2,24
509201,509223,509227,4,22
509201,509225,509228,3,24
509201,509220,509228,8,19
509201,509221,509227,6,20
509201,509226,509228,2,25
509201,509226,509228,2,25
509201,509226,509228,2,25
509201,509223,509227,4,22
509201,509223,509228,5,22
509201,509223,509228,5,22
509201,509225,509228,3,24
509201,509227,509229,2,26
509201,509224,509229,5,23
509201,509224,509228,4,23
509201,509224,509229,5,23
509201,509228,509230,2,27
509201,509228,509230,2,27
509201,509228,509231,3,27
509201,509224,509230,6,23
509201,509228,509230,2,27
509201,509227,509230,3,26
509201,509228,509231,3,27
509201,509226,509232,6,25
509201,509230,509232,2,29
509201,509229,509232,3,28
509201,509230,509232,2,29
509201,509228,509232,4,27
509201,509224,509232,8,23
509215,509232,509233,1,17
509201,509228,509234,6,27
509201,509231,509233,2,30
509215,509232,509234,2,17
509215,509232,509234,2,17
509201,509230,509234,4,29
509201,509230,509234,4,29
509201,509229,509234,5,28
509201,509231,509235,4,30
509201,509231,509234,3,30
509215,509233,509234,1,18
509201,509230,509235,5,29
509201,509229,509236,7,28
509215,509234,509235,1,19
509215,509235,509236,1,20
509215,509234,509236,2,19
509215,509234,509236,2,19
509201,509231,509236,5,30
509215,509235,509237,2,20
509201,509228,509236,8,27
509215,509234,509236,2,19
509215,509235,509237,2,20
509215,509235,509237,2,20
509215,509236,509238,2,21
509215,509236,509238,2,21
509215,509236,509238,2,21
509215,509236,509238,2,21
509215,509235,509238,3,20
509215,509236,509238,2,21
509215,509236,509239,3,21
509215,509236,509238,2,21
509201,509231,509239,8,30
509215,509237,509240,3,22
509215,509238,509239,1,23
509215,509239,509240,1,24
509215,509239,509240,1,24
509215,509238,509240,2,23
509215,509235,509240,5,20
509215,509237,509241,4,22
509215,509239,509241,2,24
509215,509239,509242,3,24
509215,509239,509241,2,24
509215,509238,509241,3,23
509215,509240,509241,1,25
509215,509237,509241,4,22
509215,509240,509242,2,25
509215,509241,509242,1,26
509215,509241,509242,1,26
509215,509241,509243,2,26
509215,509241,509244,3,26
509215,509233,509244,11,18
509215,509242,509244,2,27
509215,509232,509244,12,17
509215,509238,509244,6,23
509215,509240,509244,4,25
509215,509243,509244,1,28
509215,509243,509244,1,28
509215,509242,509245,3,27
509215,509242,509244,2,27
509215,509242,509244,2,27
509215,509243,509245,2,28
509215,509242,509245,3,27
509215,509239,509246,7,24
509215,509241,509246,5,26
509215,509245,509246,1,30
509215,509245,509246,1,30
509215,509244,509247,3,29
509215,509245,509247,2,30
509215,509244,509247,3,29
509215,509245,509248,3,30
509215,509247,509248,1,32
509215,509247,509248,1,32
509215,509245,509249,4,30
509215,509245,509248,3,30
509215,509246,509249,3,31
509215,509246,509249,3,31
509215,509247,509249,2,32
509215,509247,509249,2,32
509215,509245,509249,4,30
509215,509241,509250,9,26
509215,509249,509251,2,34
509215,509249,509251,2,34
509215,509245,509250,5,30
509215,509244,509251,7,29
509215,509249,509251,2,34
509215,509249,509251,2,34
509215,509249,509252,3,34
509215,509249,509252,3,34
509215,509248,509251,3,33
509215,509248,509251,3,33
509215,509242,509252,10,27
509215,509246,509252,6,31
509215,509251,509253,2,36
509215,509250,509252,2,35
509215,509249,509252,3,34
509215,509245,509252,7,30
509215,509251,509253,2,36
509215,509251,509253,2,36
509215,509251,509253,2,36
509215,509253,509254,1,38
509215,509254,509255,1,39
509215,509252,509255,3,37
509215,509251,509255,4,36
509215,509249,509255,6,34
509215,509253,509255,2,38
509215,509254,509255,1,39
509215,509252,509256,4,37
509215,509253,509256,3,38
509215,509252,509256,4,37
509215,509252,509255,3,37
509215,509252,509255,3,37
509215,509253,509256,3,38
509215,509255,509256,1,40
509215,509255,509256,1,40
509215,509250,509257,7,35
509215,509256,509257,1,41
509215,509256,509257,1,41
509215,509251,509257,6,36
509215,509252,509258,6,37
509215,509253,509258,5,38
509215,509255,509258,3,40
509215,509257,509258,1,42
509215,509257,509259,2,42
509215,509256,509258,2,41
509215,509258,509259,1,43
509215,509256,509259,3,41
509215,509256,509259,3,41
509215,509256,509260,4,41
509215,509256,509260,4,41
509215,509258,509260,2,43
509215,509259,509261,2,44
509215,509256,509260,4,41
509215,509259,509261,2,44
509215,509260,509261,1,45
509215,509259,509261,2,44
509215,509259,509262,3,44
509215,509261,509262,1,46
509215,509261,509263,2,46
509215,509255,509262,7,40
509215,509260,509263,3,45
509215,509259,509263,4,44
509215,509262,509264,2,47
509215,509262,509264,2,47
509215,509260,509263,3,45
509215,509260,509264,4,45
509215,509260,509264,4,45
509215,509259,509264,5,44
509215,509263,509265,2,48
509215,509263,509265,2,48
509215,509258,509265,7,43
509215,509261,509264,3,46
509215,509264,509265,1,49
509215,509264,509266,2,49
509215,509262,509265,3,47
509215,509264,509266,2,49
509215,509263,509267,4,48
509215,509262,509267,5,47
509215,509264,509268,4,49
509215,509264,509269,5,49
509215,509263,509271,8,48
509215,509255,509258,3,40
509215,509302,509305,3,87
505697,505720,510442,4722,23
510444,510444,510445,1,0
510444,510444,510445,1,0
510444,510444,510445,1,0
510444,510444,510446,2,0
510444,510444,510445,1,0
510444,510444,510445,1,0
510444,510444,510446,2,0
510444,510444,510446,2,0
510444,510444,510446,2,0
510444,510444,510446,2,0
510444,510444,510446,2,0
510444,510444,510447,3,0
510444,510446,510447,1,2
510444,510446,510447,1,2
510444,510444,510447,3,0
510444,510446,510448,2,2
510444,510446,510447,1,2
510444,510447,510449,2,3
510444,510444,510449,5,0
510444,510444,510449,5,0
510444,510448,510449,1,4
510444,510447,510449,2,3
510444,510448,510449,1,4
510444,510447,510449,2,3
510444,510447,510449,2,3
510444,510444,510446,2,0
510444,510444,510446,2,0
510444,510446,510449,3,2
510444,510447,510449,2,3
510444,510448,510449,1,4
510444,510448,510450,2,4
510444,510446,510450,4,2
510444,510448,510450,2,4
510444,510450,510452,2,6
510444,510449,510451,2,5
510444,510450,510451,1,6
510444,510450,510451,1,6
510444,510450,510452,2,6
510444,510450,510452,2,6
510444,510450,510452,2,6
510444,510450,510452,2,6
510444,510450,510452,2,6
510444,510450,510452,2,6
510444,510450,510453,3,6
510444,510450,510453,3,6
510444,510448,510451,3,4
510444,510452,510453,1,8
510444,510452,510454,2,8
510444,510451,510453,2,7
510444,510452,510454,2,8
510444,510452,510454,2,8
510444,510452,510455,3,8
510444,510450,510454,4,6
510444,510454,510456,2,10
510444,510451,510456,5,7
510444,510454,510456,2,10
510444,510453,510456,3,9
510444,510453,510456,3,9
510444,510453,510456,3,9
510444,510453,510456,3,9
510444,510454,510456,2,10
510444,510453,510457,4,9
510444,510454,510456,2,10
510444,510454,510456,2,10
510444,510456,510458,2,12
510444,510450,510458,8,6
510444,510455,510458,3,11
510444,510454,510457,3,10
510444,510456,510458,2,12
510444,510453,510458,5,9
510444,510456,510459,3,12
510444,510457,510459,2,13
510444,510456,510459,3,12
510444,510453,510455,2,9
510444,510456,510459,3,12
510444,510456,510460,4,12
510444,510457,510459,2,13
510444,510457,510460,3,13
510444,510458,510460,2,14
510444,510459,510461,2,15
510444,510458,510461,3,14
510444,510455,510462,7,11
510444,510459,510461,2,15
510444,510460,510462,2,16
510444,510458,510462,4,14
510444,510459,510462,3,15
510444,510461,510463,2,17
510444,510461,510462,1,17
510444,510459,510462,3,15
510444,510460,510463,3,16
510444,510460,510463,3,16
510444,510461,510463,2,17
510444,510462,510464,2,18
510444,510462,510464,2,18
510444,510462,510464,2,18
510444,510460,510463,3,16
510444,510462,510464,2,18
510444,510463,510465,2,19
510444,510463,510464,1,19
510444,510463,510465,2,19
510444,510462,510465,3,18
510444,510456,510465,9,12
510444,510458,510465,7,14
510444,510459,510465,6,15
510444,510463,510465,2,19
510444,510459,510465,6,15
510444,510464,510466,2,20
510444,510464,510466,2,20
510444,510464,510466,2,20
510444,510457,510466,9,13
510444,510465,510467,2,21
510444,510465,510467,2,21
510444,510464,510466,2,20
510444,510464,510467,3,20
510444,510464,510467,3,20
510444,510465,510468,3,21
510444,510464,510468,4,20
510444,510465,510467,2,21
510444,510466,510469,3,22
510444,510467,510469,2,23
510444,510467,510469,2,23
510444,510466,510468,2,22
510444,510466,510468,2,22
510444,510466,510469,3,22
510444,510467,510470,3,23
510444,510468,510470,2,24
510444,510467,510470,3,23
510444,510469,510471,2,25
510444,510467,510470,3,23
510444,510470,510471,1,26
510444,510470,510471,1,26
510444,510466,510471,5,22
510444,510469,510471,2,25
510444,510468,510472,4,24
510444,510466,510469,3,22
510444,510469,510472,3,25
510444,510469,510472,3,25
510444,510471,510473,2,27
510444,510470,510473,3,26
510444,510469,510472,3,25
510444,510472,510474,2,28
510444,510471,510473,2,27
510444,510472,510474,2,28
510444,510466,510475,9,22
510444,510472,510474,2,28
510444,510471,510475,4,27
510444,510466,510475,9,22
510444,510469,510475,6,25
510444,510471,510476,5,27
510444,510472,510477,5,28
507288,507310,510521,3211,22
510522,510522,510523,1,0
510522,510522,510523,1,0
510522,510522,510523,1,0
510522,510522,510524,2,0
510522,510522,510524,2,0
510522,510522,510525,3,0
510522,510522,510525,3,0
510522,510522,510525,3,0
510522,510522,510525,3,0
510522,510522,510525,3,0
510522,510522,510525,3,0
510522,510523,510525,2,1
510522,510523,510525,2,1
510522,510522,510525,3,0
510522,510524,510526,2,2
510522,510524,510526,2,2
510522,510524,510526,2,2
510522,510522,510527,5,0
510522,510522,510527,5,0
510522,510522,510527,5,0
510522,510522,510526,4,0
510522,510525,510526,1,3
510522,510525,510526,1,3
510522,510525,510527,2,3
510522,510522,510528,6,0
510522,510526,510528,2,4
510522,510526,510528,2,4
510522,510526,510528,2,4
510522,510525,510528,3,3
510522,510525,510528,3,3
510522,510527,510528,1,5
510522,510525,510528,3,3
510522,510525,510528,3,3
510522,510525,510528,3,3
510522,510527,510529,2,5
510522,510527,510529,2,5
510522,510527,510528,1,5
510522,510527,510529,2,5
510522,510526,510529,3,4
510522,510528,510530,2,6
510522,510528,510530,2,6
510522,510528,510530,2,6
510522,510528,510530,2,6
510522,510528,510531,3,6
510522,510529,510531,2,7
510522,510528,510531,3,6
510522,510529,510531,2,7
510522,510527,510532,5,5
510522,510527,510532,5,5
510522,510528,510532,4,6
510522,510530,510532,2,8
510522,510530,510532,2,8
510522,510528,510532,4,6
510522,510528,510532,4,6
510522,510529,510532,3,7
510522,510531,510532,1,9
510522,510530,510532,2,8
510522,510531,510533,2,9
510522,510532,510533,1,10
510522,510530,510534,4,8
510522,510529,510534,5,7
510522,510531,510534,3,9
510522,510533,510534,1,11
510522,510533,510535,2,11
510522,510532,510535,3,10
510522,510534,510535,1,12
510522,510533,510536,3,11
510522,510533,510535,2,11
510522,510533,510535,2,11
510522,510534,510535,1,12
510522,510533,510535,2,11
510522,510533,510536,3,11
510522,510533,510535,2,11
510522,510529,510536,7,7
510522,510535,510537,2,13
510522,510535,510537,2,13
510522,510536,510538,2,14
510522,510536,510537,1,14
510522,510535,510537,2,13
510522,510536,510538,2,14
510522,510536,510538,2,14
510522,510537,510538,1,15
510522,510532,510539,7,10
510522,510536,510539,3,14
510522,510538,510539,1,16
510522,510538,510539,1,16
510522,510536,510539,3,14
510522,510536,510539,3,14
510522,510536,510539,3,14
510522,510531,510537,6,9
510522,510534,510540,6,12
510522,510536,510541,5,14
510522,510538,510540,2,16
510522,510539,510540,1,17
510522,510539,510540,1,17
510522,510539,510541,2,17
510522,510539,510541,2,17
510522,510540,510541,1,18
510522,510540,510541,1,18
510522,510540,510542,2,18
510522,510541,510542,1,19
510522,510540,510542,2,18
510522,510541,510543,2,19
510522,510541,510542,1,19
510522,510540,510542,2,18
510522,510540,510542,2,18
510522,510540,510542,2,18
510522,510542,510543,1,20
510522,510542,510543,1,20
510522,510541,510543,2,19
510522,510542,510543,1,20
510522,510542,510543,1,20
510522,510536,510540,4,14
510522,510541,510544,3,19
510522,510543,510545,2,21
510522,510543,510545,2,21
510522,510544,510546,2,22
510522,510544,510546,2,22
510522,510540,510545,5,18
510522,510543,510546,3,21
510522,510543,510546,3,21
510522,510544,510546,2,22
510522,510543,510547,4,21
510522,510544,510546,2,22
510522,510543,510546,3,21
510522,510544,510546,2,22
510522,510545,510547,2,23
510522,510544,510547,3,22
510522,510543,510546,3,21
510522,510546,510548,2,24
510522,510546,510548,2,24
510522,510547,510548,1,25
510522,510543,510548,5,21
510522,510547,510549,2,25
510522,510546,510548,2,24
510522,510548,510550,2,26
510522,510547,510549,2,25
510522,510546,510549,3,24
510522,510546,510549,3,24
510522,510545,510550,5,23
510522,510547,510551,4,25
510522,510547,510551,4,25
510522,510548,510550,2,26
510522,510547,510550,3,25
510522,510546,510549,3,24
510522,510549,510551,2,27
510522,510547,510551,4,25
510522,510549,510552,3,27
510522,510547,510554,7,25
510522,510581,510584,3,59
507245,507265,510592,3327,20
510596,510596,510598,2,0
510596,510596,510598,2,0
510596,510596,510598,2,0
510596,510596,510598,2,0
510596,510596,510598,2,0
510596,510596,510597,1,0
510596,510596,510598,2,0
510596,510596,510599,3,0
510596,510596,510599,3,0
510596,510596,510599,3,0
510596,510596,510599,3,0
510596,510596,510599,3,0
510596,510596,510599,3,0
510596,510596,510600,4,0
510596,510596,510600,4,0
510596,510598,510600,2,2
510596,510598,510600,2,2
510596,510598,510600,2,2
510596,510598,510600,2,2
510596,510598,510600,2,2
510596,510598,510600,2,2
510596,510596,510601,5,0
510596,510599,510602,3,3
510596,510599,510602,3,3
510596,510596,510601,5,0
510596,510599,510602,3,3
510596,510600,510602,2,4
510596,510600,510602,2,4
510596,510601,510602,1,5
510596,510601,510602,1,5
510596,510601,510602,1,5
510596,510601,510602,1,5
510596,510601,510602,1,5
510596,510600,510602,2,4
510596,510598,510603,5,2
510596,510600,510603,3,4
510596,510600,510603,3,4
510596,510600,510603,3,4
510596,510603,510604,1,7
510596,510603,510604,1,7
510596,510603,510604,1,7
510596,510602,510605,3,6
510596,510602,510605,3,6
510596,510602,510605,3,6
510596,510602,510605,3,6
510596,510603,510605,2,7
510596,510603,510605,2,7
510596,510603,510605,2,7
510596,510601,510606,5,5
510596,510602,510606,4,6
510596,510605,510606,1,9
510596,510605,510606,1,9
510596,510603,510606,3,7
510596,510604,510606,2,8
510596,510604,510607,3,8
510596,510605,510606,1,9
510596,510606,510607,1,10
510596,510606,510607,1,10
510596,510606,510607,1,10
510596,510605,510608,3,9
510596,510605,510608,3,9
510596,510606,510608,2,10
510596,510604,510608,4,8
510596,510607,510608,1,11
510596,510607,510609,2,11
510596,510607,510608,1,11
510596,510604,510606,2,8
510596,510607,510609,2,11
510596,510608,510609,1,12
510596,510608,510609,1,12
510596,510607,510610,3,11
510596,510609,510611,2,13
510596,510609,510610,1,13
510596,510608,510610,2,12
510596,510607,510610,3,11
510596,510607,510610,3,11
510596,510607,510610,3,11
510596,510609,510610,1,13
510596,510606,510611,5,10
510596,510609,510611,2,13
510596,510609,510611,2,13
510596,510609,510611,2,13
510596,510610,510612,2,14
510596,510609,510612,3,13
510596,510610,510613,3,14
510596,510611,510612,1,15
510596,510611,510612,1,15
510596,510611,510613,2,15
510596,510611,510613,2,15
510596,510612,510613,1,16
510596,510611,510614,3,15
510596,510612,510615,3,16
510596,510612,510614,2,16
510596,510610,510614,4,14
510596,510611,510614,3,15
510596,510612,510614,2,16
510596,510613,510614,1,17
510596,510611,510614,3,15
510596,510611,510614,3,15
510596,510611,510614,3,15
510596,510613,510614,1,17
510596,510613,510614,1,17
510596,510613,510615,2,17
510596,510613,510615,2,17
510596,510614,510615,1,18
510596,510614,510615,1,18
510596,510615,510617,2,19
510596,510615,510617,2,19
510596,510615,510617,2,19
510596,510615,510617,2,19
510596,510615,510617,2,19
510596,510615,510617,2,19
510596,510616,510618,2,20
510596,510616,510618,2,20
510596,510616,510618,2,20
510596,510615,510619,4,19
510596,510615,510618,3,19
510596,510615,510618,3,19
510596,510617,510619,2,21
510596,510609,510616,7,13
510596,510617,510619,2,21
510596,510616,510619,3,20
510596,510617,510619,2,21
510596,510618,510619,1,22
510596,510618,510620,2,22
510596,510615,510619,4,19
510596,510618,510620,2,22
510596,510615,510621,6,19
510596,510614,510620,6,18
510596,510619,510621,2,23
510596,510618,510621,3,22
510596,510618,510621,3,22
510596,510618,510621,3,22
510596,510620,510622,2,24
510596,510619,510621,2,23
510596,510620,510622,2,24
510596,510619,510622,3,23
510596,510620,510622,2,24
510596,510620,510622,2,24
510596,510619,510622,3,23
510596,510619,510623,4,23
510596,510619,510622,3,23
510596,510621,510623,2,25
510596,510620,510623,3,24
510596,510621,510624,3,25
510596,510620,510623,3,24
510596,510621,510625,4,25
510596,510622,510626,4,26
510596,510622,510626,4,26
510596,510622,510626,4,26
505855,505875,510690,4815,20
510691,510691,510692,1,0
510691,510691,510692,1,0
510691,510691,510692,1,0
510691,510691,510692,1,0
510691,510691,510693,2,0
510691,510691,510693,2,0
510691,510691,510694,3,0
510691,510691,510693,2,0
510691,510691,510693,2,0
510691,510691,510694,3,0
510691,510691,510693,2,0
510691,510693,510694,1,2
510691,510691,510694,3,0
510691,510691,510695,4,0
510691,510693,510694,1,2
510691,510693,510695,2,2
510691,510693,510694,1,2
510691,510691,510696,5,0
510691,510691,510696,5,0
510691,510694,510696,2,3
510691,510694,510696,2,3
510691,510694,510695,1,3
510691,510691,510697,6,0
510691,510695,510697,2,4
510691,510695,510696,1,4
510691,510695,510696,1,4
510691,510696,510697,1,5
510691,510694,510696,2,3
510691,510694,510697,3,3
510691,510694,510696,2,3
510691,510695,510698,3,4
510691,510696,510699,3,5
510691,510696,510699,3,5
510691,510696,510698,2,5
510691,510697,510699,2,6
510691,510695,510698,3,4
510691,510696,510698,2,5
510691,510697,510698,1,6
510691,510697,510699,2,6
510691,510697,510699,2,6
510691,510697,510699,2,6
510691,510691,510699,8,0
510691,510697,510700,3,6
510691,510697,510700,3,6
510691,510697,510700,3,6
510691,510698,510701,3,7
510691,510699,510701,2,8
510691,510699,510701,2,8
510691,510699,510701,2,8
510691,510699,510701,2,8
510691,510699,510701,2,8
510691,510699,510702,3,8
510691,510699,510702,3,8
510691,510701,510703,2,10
510691,510701,510703,2,10
510691,510701,510703,2,10
510691,510700,510703,3,9
510691,510700,510703,3,9
510691,510693,510704,11,2
510691,510693,510703,10,2
510691,510699,510704,5,8
510691,510701,510703,2,10
510691,510700,510704,4,9
510691,510700,510704,4,9
510691,510699,510704,5,8
510691,510701,510705,4,10
510691,510702,510705,3,11
510691,510703,510705,2,12
510691,510699,510705,6,8
510691,510702,510705,3,11
510691,510702,510706,4,11
510691,510703,510706,3,12
510691,510703,510706,3,12
510691,510704,510706,2,13
510691,510703,510706,3,12
510691,510704,510707,3,13
510691,510705,510707,2,14
510691,510705,510708,3,14
510691,510706,510708,2,15
510691,510707,510708,1,16
510691,510707,510708,1,16
510691,510705,510708,3,14
510691,510707,510709,2,16
510691,510704,510709,5,13
510691,510704,510709,5,13
510691,510706,510709,3,15
510691,510705,510709,4,14
510691,510705,510709,4,14
510691,510706,510709,3,15
510691,510707,510709,2,16
510691,510705,510708,3,14
510691,510704,510709,5,13
510691,510709,510710,1,18
510691,510709,510710,1,18
510691,510709,510710,1,18
510691,510709,510710,1,18
510691,510708,510711,3,17
510691,510709,510710,1,18
510691,510709,510711,2,18
510691,510710,510712,2,19
510691,510709,510712,3,18
510691,510709,510711,2,18
510691,510710,510712,2,19
510691,510710,510712,2,19
510691,510710,510712,2,19
510691,510711,510712,1,20
510691,510711,510712,1,20
510691,510711,510712,1,20
510691,510711,510712,1,20
510691,510710,510712,2,19
510691,510711,510713,2,20
510691,510709,510713,4,18
510691,510711,510713,2,20
510691,510710,510714,4,19
510691,510713,510714,1,22
510691,510713,510714,1,22
510691,510713,510714,1,22
510691,510713,510714,1,22
510691,510712,510714,2,21
510691,510712,510715,3,21
510691,510713,510715,2,22
510691,510713,510716,3,22
510691,510713,510715,2,22
510691,510706,510713,7,15
510691,510713,510716,3,22
510691,510713,510716,3,22
510691,510715,510716,1,24
510691,510715,510716,1,24
510691,510715,510717,2,24
510691,510715,510717,2,24
510691,510714,510717,3,23
510691,510716,510718,2,25
510691,510712,510718,6,21
510691,510715,510718,3,24
510691,510716,510718,2,25
510691,510717,510718,1,26
510691,510717,510719,2,26
510691,510717,510719,2,26
510691,510715,510718,3,24
510691,510716,510719,3,25
510691,510716,510719,3,25
510691,510712,510719,7,21
510691,510718,510720,2,27
510691,510713,510720,7,22
510691,510717,510720,3,26
510691,510718,510720,2,27
510691,510717,510721,4,26
510691,510718,510721,3,27
510691,510718,510722,4,27
510691,510714,510722,8,23
507444,507510,510732,3222,66
507397,507421,510737,3316,24
510738,510738,510739,1,0
510738,510738,510740,2,0
510738,510738,510740,2,0
510738,510738,510739,1,0
510738,510738,510739,1,0
510738,510738,510740,2,0
510738,510738,510739,1,0
510738,510738,510740,2,0
510738,510738,510741,3,0
510738,510738,510741,3,0
510738,510738,510741,3,0
510738,510738,510741,3,0
510738,510738,510741,3,0
510738,510738,510741,3,0
510738,510738,510741,3,0
510738,510739,510740,1,1
510738,510740,510741,1,2
510738,510740,510741,1,2
510738,510740,510742,2,2
510738,510740,510742,2,2
510738,510740,510742,2,2
510738,510740,510741,1,2
510738,510738,510742,4,0
510738,510742,510743,1,4
510738,510741,510743,2,3
510738,510741,510743,2,3
510738,510741,510743,2,3
510738,510738,510744,6,0
510738,510738,510744,6,0
510738,510741,510744,3,3
510738,510741,510744,3,3
510738,510742,510744,2,4
510738,510742,510743,1,4
510738,510742,510744,2,4
510738,510743,510744,1,5
510738,510741,510745,4,3
510738,510744,510745,1,6
510738,510744,510745,1,6
510738,510744,510745,1,6
510738,510741,510745,4,3
510738,510741,510745,4,3
510738,510741,510745,4,3
510738,510745,510747,2,7
510738,510745,510746,1,7
510738,510745,510746,1,7
510738,510744,510747,3,6
510738,510744,510747,3,6
510738,510745,510747,2,7
510738,510744,510747,3,6
510738,510746,510747,1,8
510738,510746,510747,1,8
510738,510746,510747,1,8
510738,510745,510748,3,7
510738,510746,510748,2,8
510738,510747,510748,1,9
510738,510747,510748,1,9
510738,510747,510748,1,9
510738,510746,510748,2,8
510738,510746,510748,2,8
510738,510746,510748,2,8
510738,510747,510749,2,9
510738,510740,510749,9,2
510738,510748,510749,1,10
510738,510748,510749,1,10
510738,510748,510749,1,10
510738,510741,510750,9,3
510738,510748,510751,3,10
510738,510749,510750,1,11
510738,510749,510750,1,11
510738,510749,510750,1,11
510738,510749,510751,2,11
510738,510749,510752,3,11
510738,510749,510751,2,11
510738,510750,510751,1,12
510738,510750,510751,1,12
510738,510750,510752,2,12
510738,510749,510751,2,11
510738,510749,510752,3,11
510738,510747,510752,5,9
510738,510751,510753,2,13
510738,510751,510753,2,13
510738,510749,510752,3,11
510738,510752,510753,1,14
510738,510750,510753,3,12
510738,510752,510754,2,14
510738,510752,510753,1,14
510738,510752,510753,1,14
510738,510751,510753,2,13
510738,510747,510754,7,9
510738,510742,510754,12,4
510738,510751,510754,3,13
510738,510752,510754,2,14
510738,510753,510754,1,15
510738,510753,510754,1,15
510738,510752,510755,3,14
510738,510752,510754,2,14
510738,510752,510755,3,14
510738,510754,510755,1,16
510738,510752,510755,3,14
510738,510754,510755,1,16
510738,510754,510755,1,16
510738,510754,510755,1,16
510738,510754,510755,1,16
510738,510753,510756,3,15
510738,510755,510757,2,17
510738,510755,510757,2,17
510738,510756,510757,1,18
510738,510755,510757,2,17
510738,510755,510757,2,17
510738,510756,510758,2,18
510738,510756,510758,2,18
510738,510756,510758,2,18
510738,510755,510758,3,17
510738,510756,510758,2,18
510738,510756,510758,2,18
510738,510756,510758,2,18
510738,510755,510758,3,17
510738,510756,510759,3,18
510738,510757,510759,2,19
510738,510757,510759,2,19
510738,510758,510759,1,20
510738,510758,510759,1,20
510738,510758,510760,2,20
510738,510758,510760,2,20
510738,510758,510760,2,20
510738,510755,510760,5,17
510738,510758,510761,3,20
510738,510758,510761,3,20
510738,510759,510761,2,21
510738,510760,510761,1,22
510738,510760,510762,2,22
510738,510760,510762,2,22
510738,510758,510761,3,20
510738,510759,510761,2,21
510738,510760,510762,2,22
510738,510751,510762,11,13
510738,510759,510762,3,21
510738,510760,510762,2,22
510738,510759,510762,3,21
510738,510759,510762,3,21
510738,510761,510763,2,23
510739,510762,510763,1,23
510739,510762,510763,1,23
510738,510754,510763,9,16
510738,510755,510763,8,17
510738,510759,510761,2,21
510739,510763,510764,1,24
510739,510763,510764,1,24
510738,510762,510764,2,24
510738,510761,510764,3,23
510738,510761,510764,3,23
510739,510763,510765,2,24
510738,510762,510764,2,24
510738,510762,510765,3,24
510739,510763,510764,1,24
510739,510762,510765,3,23
510739,510763,510765,2,24
510739,510763,510765,2,24
510739,510763,510765,2,24
510739,510764,510766,2,25
510739,510764,510766,2,25
510739,510764,510765,1,25
510739,510765,510766,1,26
510739,510765,510766,1,26
510739,510765,510766,1,26
510739,510765,510766,1,26
510738,510761,510767,6,23
510739,510765,510767,2,26
510739,510766,510767,1,27
510739,510763,510767,4,24
510739,510764,510767,3,25
510739,510765,510767,2,26
510739,510765,510767,2,26
510739,510765,510767,2,26
510739,510767,510768,1,28
510739,510765,510767,2,26
510739,510765,510768,3,26
510739,510766,510768,2,27
507407,507482,510768,3286,75
510739,510767,510768,1,28
510739,510767,510768,1,28
510739,510767,510769,2,28
510739,510766,510768,2,27
510739,510765,510769,4,26
510739,510767,510769,2,28
510739,510768,510769,1,29
510739,510768,510770,2,29
510739,510769,510770,1,30
510739,510768,510770,2,29
510739,510769,510770,1,30
510739,510769,510770,1,30
510739,510768,510771,3,29
510739,510768,510770,2,29
510739,510768,510770,2,29
510739,510769,510771,2,30
510739,510769,510771,2,30
510739,510768,510771,3,29
510739,510768,510770,2,29
510739,510770,510771,1,31
510739,510770,510771,1,31
510739,510770,510772,2,31
510739,510769,510772,3,30
510739,510771,510772,1,32
510739,510764,510772,8,25
510739,510771,510772,1,32
510739,510771,510772,1,32
510739,510767,510769,2,28
510739,510771,510773,2,32
510739,510771,510773,2,32
510739,510772,510773,1,33
510739,510772,510773,1,33
510739,510771,510774,3,32
510739,510771,510774,3,32
510739,510771,510774,3,32
510739,510771,510774,3,32
510739,510771,510774,3,32
510739,510771,510774,3,32
510739,510772,510774,2,33
510739,510773,510774,1,34
510739,510768,510774,6,29
510739,510773,510774,1,34
510739,510773,510774,1,34
510739,510769,510775,6,30
510739,510773,510775,2,34
510739,510774,510775,1,35
510739,510774,510775,1,35
510739,510772,510775,3,33
510739,510774,510775,1,35
510739,510774,510775,1,35
510739,510775,510776,1,36
510739,510775,510777,2,36
510739,510775,510777,2,36
510739,510775,510777,2,36
510739,510774,510777,3,35
510739,510775,510777,2,36
510739,510776,510777,1,37
510739,510776,510777,1,37
510739,510776,510778,2,37
510739,510776,510778,2,37
510739,510774,510777,3,35
510739,510774,510778,4,35
510739,510775,510778,3,36
510739,510776,510778,2,37
510739,510777,510778,1,38
510739,510778,510779,1,39
510739,510777,510778,1,38
510739,510777,510778,1,38
510739,510777,510778,1,38
510739,510778,510779,1,39
510739,510778,510779,1,39
510739,510778,510779,1,39
510739,510777,510779,2,38
510739,510775,510778,3,36
510739,510779,510780,1,40
510739,510779,510780,1,40
510739,510779,510780,1,40
510739,510779,510781,2,40
510739,510779,510780,1,40
510739,510778,510781,3,39
510739,510778,510781,3,39
510739,510778,510781,3,39
510739,510779,510781,2,40
510739,510779,510781,2,40
510739,510775,510781,6,36
510739,510780,510781,1,41
510739,510780,510782,2,41
510739,510780,510782,2,41
510739,510781,510782,1,42
510739,510781,510783,2,42
510739,510774,510782,8,35
510739,510775,510783,8,36
510739,510781,510782,1,42
510739,510781,510783,2,42
510739,510781,510783,2,42
510739,510780,510783,3,41
510739,510782,510784,2,43
510739,510773,510783,10,34
510739,510781,510783,2,42
510739,510781,510784,3,42
510739,510781,510784,3,42
510739,510782,510784,2,43
510739,510783,510785,2,44
510739,510783,510785,2,44
510739,510782,510784,2,43
510739,510782,510784,2,43
510739,510783,510785,2,44
510739,510783,510785,2,44
510739,510783,510785,2,44
510783,510785,510786,1,2
510783,510785,510786,1,2
510783,510785,510786,1,2
510739,510782,510786,4,43
510739,510782,510786,4,43
510739,510784,510786,2,45
510739,510783,510786,3,44
510739,510783,510786,3,44
510783,510785,510786,1,2
510783,510786,510787,1,3
510739,510782,510787,5,43
510739,510785,510787,2,46
510739,510784,510787,3,45
510739,510785,510787,2,46
510739,510785,510787,2,46
510783,510786,510787,1,3
510783,510786,510787,1,3
510783,510787,510788,1,4
510739,510785,510788,3,46
510783,510787,510789,2,4
510783,510787,510789,2,4
510783,510787,510788,1,4
510783,510787,510789,2,4
510783,510788,510789,1,5
510783,510788,510789,1,5
510783,510788,510789,1,5
510783,510788,510789,1,5
510783,510788,510790,2,5
510783,510788,510790,2,5
510783,510789,510791,2,6
510739,510785,510790,5,46
510783,510789,510790,1,6
510783,510789,510790,1,6
510783,510789,510791,2,6
510783,510789,510791,2,6
510783,510789,510792,3,6
510783,510789,510792,3,6
510783,510790,510791,1,7
510783,510790,510792,2,7
510783,510791,510792,1,8
510783,510788,510792,4,5
510783,510791,510792,1,8
510783,510791,510793,2,8
510783,510791,510793,2,8
510783,510791,510794,3,8
510783,510791,510793,2,8
510739,510784,510793,9,45
510783,510787,510793,6,4
510783,510791,510793,2,8
510783,510792,510794,2,9
510783,510792,510793,1,9
510783,510793,510794,1,10
510783,510791,510794,3,8
510783,510792,510794,2,9
510783,510792,510794,2,9
510783,510793,510795,2,10
510783,510793,510795,2,10
510783,510794,510795,1,11
510783,510794,510796,2,11
510783,510787,510795,8,4
510783,510794,510796,2,11
510783,510795,510796,1,12
510783,510794,510796,2,11
510783,510788,510793,5,5
510783,510794,510796,2,11
510783,510795,510797,2,12
510783,510796,510797,1,13
510783,510794,510798,4,11
510783,510795,510797,2,12
510783,510796,510797,1,13
510783,510796,510797,1,13
510783,510795,510798,3,12
510783,510795,510798,3,12
510783,510796,510798,2,13
510783,510797,510798,1,14
510783,510793,510798,5,10
510783,510794,510798,4,11
510783,510797,510799,2,14
510783,510798,510799,1,15
510783,510797,510800,3,14
510783,510798,510800,2,15
510783,510798,510799,1,15
510783,510797,510799,2,14
510783,510796,510800,4,13
510783,510797,510799,2,14
510783,510799,510800,1,16
510783,510798,510801,3,15
510783,510798,510800,2,15
510783,510798,510800,2,15
510783,510798,510800,2,15
510783,510798,510801,3,15
510783,510800,510801,1,17
510783,510800,510802,2,17
510783,510799,510801,2,16
510783,510801,510802,1,18
510783,510801,510803,2,18
510783,510800,510803,3,17
510783,510802,510803,1,19
510783,510800,510803,3,17
510783,510801,510804,3,18
510783,510801,510804,3,18
510783,510794,510804,10,11
510783,510799,510804,5,16
510783,510802,510804,2,19
510783,510801,510804,3,18
510783,510801,510805,4,18
510783,510803,510804,1,20
510783,510799,510801,2,16
510783,510800,510805,5,17
510783,510803,510805,2,20
510783,510804,510805,1,21
510783,510805,510806,1,22
510783,510803,510806,3,20
510783,510805,510806,1,22
510783,510804,510806,2,21
510783,510804,510806,2,21
510783,510804,510806,2,21
510783,510804,510806,2,21
510783,510806,510807,1,23
510783,510805,510807,2,22
510783,510806,510807,1,23
510783,510805,510808,3,22
510783,510807,510808,1,24
510783,510805,510808,3,22
510783,510807,510808,1,24
510783,510808,510809,1,25
510783,510807,510809,2,24
510783,510807,510810,3,24
510783,510808,510810,2,25
510783,510809,510810,1,26
510783,510807,510810,3,24
510783,510809,510810,1,26
510783,510807,510810,3,24
510783,510800,510809,9,17
510783,510808,510811,3,25
510783,510809,510811,2,26
510783,510800,510802,2,17
510783,510810,510811,1,27
510783,510811,510813,2,28
510783,510810,510813,3,27
510783,510811,510813,2,28
510783,510811,510813,2,28
510783,510808,510813,5,25
510783,510812,510813,1,29
510783,510812,510814,2,29
510783,510812,510814,2,29
510783,510810,510813,3,27
510783,510813,510814,1,30
510783,510811,510815,4,28
510783,510805,510815,10,22
510783,510814,510816,2,31
510783,510814,510816,2,31
510783,510811,510816,5,28
510783,510812,510816,4,29
510783,510812,510815,3,29
510783,510814,510816,2,31
510783,510804,510815,11,21
510783,510807,510816,9,24
510783,510814,510816,2,31
510783,510814,510816,2,31
510783,510813,510817,4,30
510783,510812,510815,3,29
510783,510814,510820,6,31
507628,507658,510831,3173,30
510835,510835,510836,1,0
510835,510835,510836,1,0
510835,510835,510836,1,0
510835,510835,510836,1,0
510835,510835,510836,1,0
510835,510835,510836,1,0
510835,510835,510836,1,0
510835,510836,510837,1,1
510835,510835,510836,1,0
510835,510835,510837,2,0
510835,510835,510838,3,0
510835,510835,510837,2,0
510835,510835,510837,2,0
510835,510835,510837,2,0
510835,510835,510837,2,0
510835,510836,510837,1,1
510835,510835,510838,3,0
510835,510835,510838,3,0
510835,510837,510838,1,2
510835,510837,510838,1,2
510835,510837,510838,1,2
510835,510837,510838,1,2
510835,510837,510838,1,2
510835,510837,510838,1,2
510835,510838,510839,1,3
510835,510839,510840,1,4
510835,510839,510840,1,4
510835,510838,510840,2,3
510835,510838,510840,2,3
510835,510838,510840,2,3
510835,510839,510840,1,4
510835,510839,510840,1,4
510835,510839,510840,1,4
510835,510839,510841,2,4
510835,510839,510842,3,4
510835,510839,510841,2,4
510835,510837,510841,4,2
510835,510837,510841,4,2
510835,510838,510841,3,3
510835,510838,510841,3,3
510835,510838,510841,3,3
510835,510840,510842,2,5
510835,510841,510843,2,6
510835,510841,510842,1,6
510835,510841,510842,1,6
510835,510841,510842,1,6
510835,510842,510844,2,7
510835,510842,510844,2,7
510835,510841,510843,2,6
510835,510841,510843,2,6
510835,510842,510843,1,7
510835,510842,510844,2,7
510835,510841,510844,3,6
510835,510843,510844,1,8
510835,510843,510844,1,8
510835,510843,510844,1,8
510835,510842,510844,2,7
510835,510842,510845,3,7
510835,510842,510844,2,7
510835,510843,510845,2,8
510835,510842,510845,3,7
510835,510844,510845,1,9
510835,510844,510845,1,9
510835,510841,510846,5,6
510835,510841,510846,5,6
510835,510844,510845,1,9
510835,510845,510846,1,10
510835,510845,510846,1,10
510835,510845,510846,1,10
510835,510845,510847,2,10
510835,510845,510847,2,10
510835,510846,510848,2,11
510835,510846,510848,2,11
510835,510845,510847,2,10
510835,510845,510848,3,10
510835,510845,510848,3,10
510835,510845,510848,3,10
510835,510847,510849,2,12
510835,510847,510849,2,12
510835,510847,510849,2,12
510835,510846,510848,2,11
510835,510846,510849,3,11
510835,510848,510850,2,13
510835,510848,510850,2,13
510835,510847,510849,2,12
510835,510844,510846,2,9
510835,510844,510849,5,9
510835,510849,510851,2,14
510835,510849,510851,2,14
510835,510849,510850,1,14
510835,510849,510851,2,14
510835,510848,510851,3,13
510835,510848,510851,3,13
510835,510848,510851,3,13
510835,510848,510851,3,13
510835,510850,510851,1,15
510835,510850,510852,2,15
510835,510851,510852,1,16
510835,510851,510852,1,16
510835,510850,510852,2,15
510835,510850,510852,2,15
510835,510850,510852,2,15
510835,510850,510852,2,15
510835,510846,510853,7,11
510835,510851,510852,1,16
510835,510852,510853,1,17
510835,510851,510852,1,16
510835,510852,510853,1,17
510835,510852,510854,2,17
510835,510852,510853,1,17
510835,510852,510854,2,17
510835,510852,510854,2,17
510835,510853,510855,2,18
510835,510853,510854,1,18
510835,510851,510854,3,16
510835,510851,510855,4,16
510835,510851,510855,4,16
510835,510853,510855,2,18
510835,510853,510856,3,18
510835,510854,510856,2,19
510835,510854,510856,2,19
510835,510854,510855,1,19
510835,510854,510856,2,19
510835,510855,510857,2,20
510835,510855,510856,1,20
510835,510855,510857,2,20
510835,510853,510855,2,18
510835,510848,510857,9,13
510835,510855,510858,3,20
510835,510856,510858,2,21
510835,510855,510858,3,20
510835,510856,510858,2,21
510835,510856,510858,2,21
510835,510857,510859,2,22
510835,510857,510859,2,22
510835,510856,510859,3,21
510835,510855,510859,4,20
510835,510846,510859,13,11
510835,510853,510860,7,18
510835,510856,510860,4,21
510835,510858,510860,2,23
510835,510857,510860,3,22
510835,510855,510860,5,20
510835,510858,510861,3,23
510835,510859,510861,2,24
510835,510858,510862,4,23
510835,510852,510862,10,17
510835,510858,510862,4,23
510835,510858,510868,10,23
507403,507450,510882,3432,47
510884,510884,510885,1,0
510884,510884,510885,1,0
510884,510884,510885,1,0
510884,510884,510885,1,0
510884,510884,510885,1,0
510884,510884,510885,1,0
510884,510884,510886,2,0
510884,510884,510886,2,0
510884,510884,510886,2,0
510884,510885,510886,1,1
510884,510886,510887,1,2
510884,510884,510886,2,0
510884,510886,510887,1,2
510884,510886,510887,1,2
510884,510886,510887,1,2
510884,510886,510887,1,2
510884,510884,510888,4,0
510884,510888,510889,1,4
510884,510884,510888,4,0
510884,510887,510888,1,3
510884,510884,510889,5,0
510884,510888,510889,1,4
510884,510888,510890,2,4
510884,510888,510889,1,4
510884,510888,510890,2,4
510884,510887,510889,2,3
510884,510887,510890,3,3
510884,510887,510889,2,3
510884,510888,510889,1,4
510884,510888,510889,1,4
510884,510884,510890,6,0
510884,510889,510890,1,5
510884,510889,510890,1,5
510884,510890,510892,2,6
510884,510889,510891,2,5
510884,510890,510892,2,6
510884,510890,510892,2,6
510884,510890,510892,2,6
510884,510890,510891,1,6
510884,510891,510892,1,7
510884,510891,510892,1,7
510884,510892,510894,2,8
510884,510890,510893,3,6
510884,510892,510894,2,8
510884,510892,510894,2,8
510884,510890,510893,3,6
510884,510890,510894,4,6
510884,510890,510893,3,6
510884,510892,510893,1,8
510884,510892,510893,1,8
510884,510889,510892,3,5
510884,510893,510894,1,9
510884,510892,510894,2,8
510884,510893,510894,1,9
510884,510890,510895,5,6
510884,510891,510896,5,7
510884,510894,510896,2,10
510884,510894,510896,2,10
510884,510894,510896,2,10
510884,510894,510896,2,10
510884,510895,510897,2,11
510884,510894,510897,3,10
510884,510894,510897,3,10
510884,510895,510896,1,11
510884,510894,510898,4,10
510884,510896,510897,1,12
510884,510896,510898,2,12
510884,510896,510898,2,12
510884,510896,510897,1,12
510884,510896,510898,2,12
510884,510894,510897,3,10
510884,510897,510898,1,13
510884,510897,510899,2,13
510884,510894,510897,3,10
510884,510897,510900,3,13
510884,510897,510900,3,13
510884,510898,510900,2,14
510884,510898,510900,2,14
510884,510895,510900,5,11
510884,510899,510900,1,15
510884,510898,510900,2,14
510884,510898,510900,2,14
510884,510898,510900,2,14
510884,510899,510901,2,15
510884,510895,510901,6,11
510884,510898,510901,3,14
510884,510900,510902,2,16
510884,510900,510902,2,16
510884,510901,510902,1,17
510884,510901,510903,2,17
510884,510901,510903,2,17
510884,510900,510903,3,16
510884,510900,510903,3,16
510884,510901,510902,1,17
510884,510896,510903,7,12
510884,510901,510904,3,17
510884,510902,510904,2,18
510884,510902,510904,2,18
510884,510903,510904,1,19
510884,510903,510905,2,19
510884,510903,510905,2,19
510884,510903,510905,2,19
510884,510900,510902,2,16
510884,510902,510906,4,18
510884,510903,510906,3,19
510884,510903,510906,3,19
510884,510904,510906,2,20
510884,510905,510906,1,21
510884,510901,510906,5,17
510884,510905,510906,1,21
510884,510904,510906,2,20
510884,510905,510907,2,21
510884,510905,510907,2,21
510884,510906,510907,1,22
510884,510907,510908,1,23
510884,510907,510908,1,23
510884,510898,510908,10,14
510884,510907,510908,1,23
510884,510907,510909,2,23
510884,510907,510909,2,23
510884,510907,510909,2,23
510884,510907,510909,2,23
510884,510908,510909,1,24
510884,510907,510910,3,23
510884,510907,510910,3,23
510884,510909,510910,1,25
510884,510909,510910,1,25
510884,510904,510911,7,20
510884,510909,510911,2,25
510884,510906,510908,2,22
510884,510907,510908,1,23
510884,510909,510911,2,25
510884,510909,510911,2,25
510884,510910,510911,1,26
510884,510911,510913,2,27
510884,510902,510912,10,18
510884,510911,510913,2,27
510884,510909,510913,4,25
510884,510911,510913,2,27
510884,510911,510914,3,27
510884,510912,510914,2,28
510884,510912,510914,2,28
510884,510910,510914,4,26
510884,510911,510914,3,27
510884,510909,510915,6,25
510884,510911,510915,4,27
510884,510911,510915,4,27
510884,510911,510916,5,27
510884,510918,510921,3,34
510884,510918,510920,2,34
507484,507570,510924,3354,86
510936,510936,510937,1,0
510936,510936,510937,1,0
510936,510936,510937,1,0
510936,510936,510937,1,0
510936,510936,510937,1,0
510936,510936,510938,2,0
510936,510936,510938,2,0
510936,510937,510938,1,1
510936,510936,510937,1,0
510936,510936,510938,2,0
510936,510936,510939,3,0
510936,510936,510939,3,0
510936,510937,510938,1,1
510936,510937,510938,1,1
510936,510937,510939,2,1
510936,510938,510939,1,2
510936,510937,510939,2,1
510936,510936,510939,3,0
510936,510936,510939,3,0
510936,510936,510940,4,0
510936,510936,510940,4,0
510936,510936,510940,4,0
510936,510938,510940,2,2
510936,510938,510940,2,2
510936,510939,510941,2,3
510936,510939,510941,2,3
510936,510939,510941,2,3
510936,510939,510941,2,3
510936,510939,510941,2,3
510936,510939,510941,2,3
510936,510938,510941,3,2
510936,510940,510941,1,4
510936,510939,510942,3,3
510936,510941,510942,1,5
510936,510941,510942,1,5
510936,510938,510941,3,2
510936,510940,510942,2,4
510936,510936,510942,6,0
510936,510940,510943,3,4
510936,510941,510943,2,5
510936,510942,510943,1,6
510936,510942,510943,1,6
510936,510942,510943,1,6
510936,510942,510943,1,6
510936,510940,510944,4,4
510936,510941,510944,3,5
510936,510943,510944,1,7
510936,510940,510944,4,4
510936,510943,510944,1,7
510936,510942,510944,2,6
510936,510942,510944,2,6
510936,510944,510945,1,8
510936,510942,510945,3,6
510936,510944,510945,1,8
510936,510944,510945,1,8
510936,510944,510945,1,8
510936,510943,510945,2,7
510936,510944,510945,1,8
510936,510943,510945,2,7
510936,510945,510946,1,9
510936,510945,510946,1,9
510936,510943,510947,4,7
510936,510946,510947,1,10
510936,510945,510947,2,9
510936,510946,510947,1,10
510936,510946,510947,1,10
510936,510946,510947,1,10
510936,510945,510947,2,9
510936,510946,510947,1,10
510936,510945,510947,2,9
510936,510945,510947,2,9
510936,510943,510949,6,7
510936,510944,510948,4,8
510936,510946,510948,2,10
510936,510947,510948,1,11
510936,510946,510948,2,10
510936,510947,510948,1,11
510936,510946,510948,2,10
510936,510948,510949,1,12
510936,510948,510949,1,12
510936,510948,510950,2,12
510936,510948,510950,2,12
510936,510948,510950,2,12
510936,510948,510950,2,12
510936,510949,510951,2,13
510936,510948,510950,2,12
510936,510949,510951,2,13
510936,510948,510951,3,12
510936,510949,510951,2,13
510936,510949,510951,2,13
510936,510950,510951,1,14
510936,510948,510951,3,12
510936,510949,510952,3,13
510936,510950,510951,1,14
510936,510948,510951,3,12
510936,510949,510952,3,13
510936,510949,510952,3,13
510936,510951,510953,2,15
510936,510951,510952,1,15
510936,510951,510952,1,15
510936,510951,510952,1,15
510936,510951,510952,1,15
510936,510951,510952,1,15
510936,510951,510953,2,15
510936,510952,510953,1,16
510936,510951,510953,2,15
510936,510952,510953,1,16
510936,510953,510954,1,17
510936,510953,510954,1,17
510936,510953,510954,1,17
510936,510953,510955,2,17
510936,510953,510955,2,17
510936,510952,510955,3,16
510936,510952,510955,3,16
510936,510954,510955,1,18
510936,510953,510955,2,17
510936,510952,510955,3,16
510936,510952,510955,3,16
510936,510954,510955,1,18
510936,510952,510955,3,16
510936,510953,510956,3,17
510936,510952,510956,4,16
510936,510953,510957,4,17
510936,510954,510957,3,18
510936,510955,510956,1,19
510936,510955,510957,2,19
510936,510955,510957,2,19
510936,510955,510957,2,19
510936,510955,510957,2,19
510936,510956,510957,1,20
510936,510956,510958,2,20
510936,510956,510959,3,20
510936,510956,510959,3,20
510936,510957,510959,2,21
510936,510957,510959,2,21
510936,510957,510959,2,21
510936,510955,510958,3,19
510936,510956,510959,3,20
510936,510956,510960,4,20
510936,510957,510959,2,21
510936,510958,510959,1,22
510936,510957,510959,2,21
510936,510957,510959,2,21
510936,510956,510959,3,20
510936,510958,510960,2,22
510936,510956,510960,4,20
510936,510957,510960,3,21
510936,510957,510962,5,21
510936,510959,510962,3,23
510936,510959,510962,3,23
508790,508818,512099,3281,28
512101,512101,512102,1,0
512101,512101,512103,2,0
512101,512101,512103,2,0
512101,512101,512103,2,0
512101,512101,512102,1,0
512101,512101,512103,2,0
512101,512101,512102,1,0
512101,512101,512102,1,0
512101,512101,512104,3,0
512101,512101,512104,3,0
512101,512102,512104,2,1
512101,512101,512104,3,0
512101,512101,512104,3,0
512101,512101,512105,4,0
512101,512101,512105,4,0
512101,512101,512105,4,0
512101,512101,512105,4,0
512101,512103,512105,2,2
512101,512103,512105,2,2
512101,512103,512104,1,2
512101,512103,512105,2,2
512101,512103,512105,2,2
512101,512103,512106,3,2
512101,512103,512106,3,2
512101,512104,512106,2,3
512101,512104,512106,2,3
512101,512104,512107,3,3
512101,512101,512106,5,0
512101,512105,512107,2,4
512101,512104,512107,3,3
512101,512104,512107,3,3
512101,512105,512107,2,4
512101,512105,512107,2,4
512101,512105,512107,2,4
512101,512105,512107,2,4
512101,512105,512107,2,4
512101,512105,512108,3,4
512101,512106,512108,2,5
512101,512106,512108,2,5
512101,512105,512109,4,4
512101,512105,512109,4,4
512101,512107,512109,2,6
512101,512106,512109,3,5
512101,512107,512110,3,6
512101,512107,512110,3,6
512101,512108,512110,2,7
512101,512108,512110,2,7
512101,512108,512110,2,7
512101,512108,512110,2,7
512101,512108,512110,2,7
512101,512109,512110,1,8
512101,512107,512110,3,6
512101,512107,512111,4,6
512101,512110,512111,1,9
512101,512107,512111,4,6
512101,512110,512112,2,9
512101,512109,512112,3,8
512101,512108,512112,4,7
512101,512109,512113,4,8
512101,512111,512112,1,10
512101,512111,512112,1,10
512101,512111,512112,1,10
512101,512111,512112,1,10
512101,512111,512112,1,10
512101,512110,512112,2,9
512101,512109,512112,3,8
512101,512110,512113,3,9
512101,512111,512113,2,10
512101,512112,512113,1,11
512101,512111,512114,3,10
512101,512113,512115,2,12
512101,512113,512114,1,12
512101,512111,512114,3,10
512101,512113,512114,1,12
512101,512113,512115,2,12
512101,512113,512115,2,12
512101,512112,512115,3,11
512101,512112,512115,3,11
512101,512113,512115,2,12
512101,512114,512115,1,13
512101,512113,512115,2,12
512101,512112,512115,3,11
512101,512113,512115,2,12
512101,512113,512116,3,12
512101,512114,512116,2,13
512101,512115,512117,2,14
512101,512115,512117,2,14
512101,512115,512117,2,14
512101,512114,512117,3,13
512101,512115,512117,2,14
512101,512116,512117,1,15
512101,512115,512117,2,14
512101,512115,512117,2,14
512101,512115,512118,3,14
512101,512116,512118,2,15
512101,512116,512118,2,15
512101,512114,512117,3,13
512101,512116,512118,2,15
512101,512116,512119,3,15
512101,512116,512118,2,15
512101,512117,512118,1,16
512101,512117,512118,1,16
512101,512117,512119,2,16
512101,512117,512119,2,16
512101,512118,512119,1,17
512101,512118,512119,1,17
512101,512118,512119,1,17
512101,512116,512120,4,15
512101,512118,512120,2,17
512101,512118,512121,3,17
512101,512119,512120,1,18
512101,512119,512120,1,18
512101,512118,512121,3,17
512101,512118,512120,2,17
512101,512118,512121,3,17
512101,512119,512120,1,18
512101,512120,512121,1,19
512101,512119,512121,2,18
512101,512119,512121,2,18
512101,512119,512121,2,18
512101,512120,512121,1,19
512101,512120,512121,1,19
512101,512120,512121,1,19
512101,512120,512122,2,19
512101,512121,512123,2,20
512101,512121,512123,2,20
512101,512121,512123,2,20
512101,512121,512123,2,20
512101,512121,512124,3,20
512101,512122,512124,2,21
512101,512121,512123,2,20
512101,512121,512124,3,20
512101,512121,512124,3,20
512101,512122,512124,2,21
512101,512122,512124,2,21
512101,512122,512124,2,21
512101,512122,512124,2,21
512101,512123,512125,2,22
512101,512121,512125,4,20
512101,512123,512125,2,22
512101,512122,512125,3,21
512101,512123,512126,3,22
512101,512124,512126,2,23
512101,512124,512127,3,23
512101,512122,512126,4,21
512101,512124,512127,3,23
512101,512124,512127,3,23
512101,512124,512128,4,23
512101,512124,512128,4,23
512101,512124,512128,4,23
508907,508941,512178,3237,34
512179,512179,512180,1,0
512179,512179,512180,1,0
512179,512179,512180,1,0
512179,512179,512180,1,0
512179,512179,512180,1,0
512179,512179,512180,1,0
512179,512179,512180,1,0
512179,512179,512180,1,0
512179,512179,512181,2,0
512179,512179,512181,2,0
512179,512179,512181,2,0
512179,512179,512181,2,0
512179,512180,512181,1,1
512179,512179,512181,2,0
512179,512179,512181,2,0
512179,512179,512181,2,0
512179,512180,512181,1,1
512179,512180,512181,1,1
512179,512179,512181,2,0
512179,512179,512181,2,0
512179,512181,512182,1,2
512179,512181,512182,1,2
512179,512181,512182,1,2
512179,512182,512184,2,3
512179,512182,512183,1,3
512179,512181,512183,2,2
512179,512182,512183,1,3
512179,512182,512183,1,3
512179,512181,512183,2,2
512179,512182,512184,2,3
512179,512182,512184,2,3
512179,512183,512184,1,4
512179,512183,512184,1,4
512179,512183,512184,1,4
512179,512182,512184,2,3
512179,512182,512184,2,3
512179,512182,512184,2,3
512179,512182,512184,2,3
512179,512182,512184,2,3
512179,512182,512184,2,3
512179,512184,512186,2,5
512179,512184,512186,2,5
512179,512184,512185,1,5
512179,512184,512186,2,5
512179,512185,512188,3,6
512179,512185,512187,2,6
512179,512186,512188,2,7
512179,512185,512187,2,6
512179,512185,512187,2,6
512179,512184,512187,3,5
512179,512185,512187,2,6
512179,512186,512187,1,7
512179,512186,512187,1,7
512179,512185,512187,2,6
512179,512184,512188,4,5
512179,512185,512188,3,6
512179,512185,512188,3,6
512179,512185,512188,3,6
512179,512185,512189,4,6
512179,512185,512188,3,6
512179,512187,512189,2,8
512179,512188,512190,2,9
512179,512188,512189,1,9
512179,512188,512190,2,9
512179,512188,512190,2,9
512179,512188,512189,1,9
512179,512188,512190,2,9
512179,512188,512191,3,9
512179,512188,512190,2,9
512179,512188,512191,3,9
512179,512188,512191,3,9
512179,512188,512191,3,9
512179,512188,512191,3,9
512179,512190,512191,1,11
512179,512189,512192,3,10
512179,512190,512192,2,11
512179,512190,512192,2,11
512179,512190,512192,2,11
512179,512190,512192,2,11
512179,512190,512192,2,11
512179,512189,512192,3,10
512179,512189,512192,3,10
512179,512190,512192,2,11
512179,512189,512193,4,10
512179,512192,512194,2,13
512179,512191,512194,3,12
512179,512192,512194,2,13
512179,512192,512194,2,13
512179,512192,512194,2,13
512179,512192,512194,2,13
512179,512192,512194,2,13
512179,512191,512194,3,12
512179,512191,512194,3,12
512179,512191,512195,4,12
512179,512191,512194,3,12
512179,512192,512194,2,13
512179,512191,512194,3,12
512179,512192,512195,3,13
512179,512194,512195,1,15
512179,512192,512196,4,13
512179,512194,512195,1,15
512179,512194,512195,1,15
512179,512193,512195,2,14
512179,512194,512196,2,15
512179,512194,512195,1,15
512179,512194,512196,2,15
512179,512193,512196,3,14
512179,512194,512196,2,15
512179,512194,512196,2,15
512179,512194,512197,3,15
512179,512196,512198,2,17
512179,512196,512198,2,17
512179,512196,512198,2,17
512179,512195,512198,3,16
512179,512195,512198,3,16
512179,512196,512198,2,17
512179,512196,512198,2,17
512179,512196,512197,1,17
512179,512195,512198,3,16
512179,512195,512198,3,16
512179,512196,512199,3,17
512179,512195,512199,4,16
512179,512196,512198,2,17
512179,512196,512199,3,17
512179,512198,512200,2,19
512179,512197,512200,3,18
512179,512198,512200,2,19
512179,512197,512200,3,18
512179,512198,512200,2,19
512179,512198,512200,2,19
512179,512198,512200,2,19
512179,512198,512201,3,19
512179,512198,512200,2,19
512179,512199,512201,2,20
512179,512197,512200,3,18
512179,512198,512201,3,19
512179,512198,512202,4,19
512179,512201,512203,2,22
512179,512199,512202,3,20
512179,512200,512202,2,21
512179,512201,512203,2,22
512179,512199,512203,4,20
512179,512201,512203,2,22
512179,512198,512203,5,19
512179,512199,512203,4,20
512179,512201,512204,3,22
512179,512201,512204,3,22
512179,512200,512204,4,21
512179,512201,512205,4,22
512179,512201,512205,4,22
507473,507541,512340,4799,68
512342,512342,512343,1,0
512342,512342,512343,1,0
512342,512342,512344,2,0
512342,512342,512343,1,0
512342,512342,512343,1,0
512342,512342,512344,2,0
512342,512342,512344,2,0
512342,512342,512344,2,0
512342,512342,512344,2,0
512342,512342,512344,2,0
512342,512342,512345,3,0
512342,512344,512345,1,2
512342,512342,512345,3,0
512342,512344,512345,1,2
512342,512344,512345,1,2
512342,512344,512345,1,2
512342,512342,512345,3,0
512342,512342,512345,3,0
512342,512342,512345,3,0
512342,512345,512346,1,3
512342,512345,512347,2,3
512342,512345,512347,2,3
512342,512346,512347,1,4
512342,512346,512348,2,4
512342,512346,512347,1,4
512342,512346,512347,1,4
512342,512345,512347,2,3
512342,512345,512347,2,3
512342,512345,512347,2,3
512342,512346,512347,1,4
512342,512347,512348,1,5
512342,512346,512348,2,4
512342,512346,512349,3,4
512342,512346,512348,2,4
512342,512344,512350,6,2
512342,512348,512349,1,6
512342,512348,512349,1,6
512342,512348,512349,1,6
512342,512348,512349,1,6
512342,512348,512350,2,6
512342,512348,512350,2,6
512342,512348,512350,2,6
512342,512349,512350,1,7
512342,512348,512350,2,6
512342,512348,512351,3,6
512342,512348,512350,2,6
512342,512350,512351,1,8
512342,512350,512351,1,8
512342,512350,512351,1,8
512342,512350,512351,1,8
512342,512349,512352,3,7
512342,512349,512351,2,7
512342,512349,512352,3,7
512342,512342,512352,10,0
512342,512351,512353,2,9
512342,512351,512352,1,9
512342,512351,512353,2,9
512342,512351,512353,2,9
512342,512352,512353,1,10
512342,512352,512353,1,10
512342,512352,512353,1,10
512342,512352,512354,2,10
512342,512351,512354,3,9
512342,512351,512353,2,9
512342,512351,512354,3,9
512342,512352,512354,2,10
512342,512353,512355,2,11
512342,512353,512355,2,11
512342,512352,512355,3,10
512342,512353,512355,2,11
512342,512354,512355,1,12
512342,512354,512356,2,12
512342,512354,512356,2,12
512342,512354,512356,2,12
512342,512352,512355,3,10
512342,512354,512356,2,12
512342,512354,512356,2,12
512342,512355,512357,2,13
512342,512354,512357,3,12
512342,512354,512357,3,12
512342,512342,512357,15,0
512342,512356,512357,1,14
512342,512356,512358,2,14
512342,512356,512358,2,14
512342,512355,512357,2,13
512342,512354,512357,3,12
512342,512354,512357,3,12
512342,512356,512358,2,14
512342,512357,512359,2,15
512342,512355,512359,4,13
512342,512356,512359,3,14
512342,512357,512359,2,15
512342,512357,512360,3,15
512342,512358,512360,2,16
512342,512358,512360,2,16
512342,512358,512360,2,16
512342,512358,512359,1,16
512342,512356,512360,4,14
512342,512359,512360,1,17
512342,512357,512360,3,15
512342,512357,512361,4,15
512342,512358,512360,2,16
512342,512359,512360,1,17
512342,512358,512361,3,16
512342,512360,512361,1,18
512342,512360,512362,2,18
512342,512360,512361,1,18
512342,512360,512362,2,18
512342,512359,512362,3,17
512342,512350,512362,12,8
512342,512360,512362,2,18
512342,512360,512363,3,18
512342,512361,512363,2,19
512342,512361,512363,2,19
512342,512359,512363,4,17
512342,512362,512363,1,20
512342,512362,512364,2,20
512342,512361,512364,3,19
512342,512362,512364,2,20
512342,512362,512364,2,20
512342,512361,512364,3,19
512342,512361,512364,3,19
512342,512363,512365,2,21
512342,512361,512365,4,19
512342,512362,512365,3,20
512342,512361,512366,5,19
512342,512363,512366,3,21
512342,512364,512365,1,22
512342,512364,512366,2,22
512342,512363,512365,2,21
512342,512364,512366,2,22
512342,512363,512366,3,21
512342,512364,512367,3,22
512342,512366,512368,2,24
512342,512366,512368,2,24
512342,512365,512368,3,23
512342,512366,512368,2,24
512342,512366,512368,2,24
512342,512365,512367,2,23
512342,512363,512368,5,21
512342,512365,512368,3,23
512342,512364,512369,5,22
512342,512365,512369,4,23
512342,512365,512369,4,23
512342,512366,512370,4,24
512342,512367,512370,3,25
512342,512363,512371,8,21
512342,512367,512371,4,25
512342,512358,512371,13,16
512342,512366,512372,6,24
507547,507606,512400,4794,59
512401,512401,512402,1,0
512401,512401,512403,2,0
512401,512401,512402,1,0
512401,512401,512403,2,0
512401,512401,512403,2,0
512401,512402,512403,1,1
512401,512401,512404,3,0
512401,512401,512404,3,0
512401,512401,512404,3,0
512401,512401,512404,3,0
512401,512401,512404,3,0
512401,512401,512404,3,0
512401,512401,512404,3,0
512401,512403,512405,2,2
512401,512403,512405,2,2
512401,512403,512404,1,2
512401,512403,512405,2,2
512401,512403,512404,1,2
512401,512401,512404,3,0
512401,512404,512406,2,3
512401,512404,512406,2,3
512401,512405,512407,2,4
512401,512404,512407,3,3
512401,512404,512407,3,3
512401,512405,512407,2,4
512401,512405,512407,2,4
512401,512404,512407,3,3
512401,512404,512407,3,3
512401,512402,512407,5,1
512401,512406,512407,1,5
512401,512406,512407,1,5
512401,512404,512407,3,3
512401,512402,512408,6,1
512401,512402,512408,6,1
512401,512402,512408,6,1
512401,512407,512409,2,6
512401,512406,512409,3,5
512401,512408,512409,1,7
512401,512408,512409,1,7
512401,512408,512409,1,7
512401,512408,512409,1,7
512401,512405,512409,4,4
512401,512408,512410,2,7
512401,512408,512410,2,7
512401,512408,512411,3,7
512401,512408,512410,2,7
512401,512410,512411,1,9
512401,512407,512411,4,6
512401,512410,512411,1,9
512401,512410,512411,1,9
512401,512408,512411,3,7
512401,512410,512411,1,9
512401,512410,512411,1,9
512401,512410,512412,2,9
512401,512411,512413,2,10
512401,512411,512413,2,10
512401,512412,512413,1,11
512401,512412,512413,1,11
512401,512412,512413,1,11
512401,512412,512413,1,11
512401,512412,512413,1,11
512401,512411,512413,2,10
512401,512412,512414,2,11
512401,512414,512415,1,13
512401,512414,512415,1,13
512401,512414,512415,1,13
512401,512414,512415,1,13
512401,512414,512415,1,13
512401,512413,512415,2,12
512401,512414,512416,2,13
512401,512414,512416,2,13
512401,512409,512416,7,8
512401,512414,512417,3,13
512401,512416,512417,1,15
512401,512409,512417,8,8
512401,512416,512418,2,15
512401,512416,512418,2,15
509119,509185,512418,3233,66
512401,512415,512418,3,14
512401,512416,512418,2,15
512401,512416,512418,2,15
512401,512418,512420,2,17
512401,512417,512419,2,16
512401,512416,512419,3,15
512401,512417,512419,2,16
512401,512418,512420,2,17
512401,512418,512420,2,17
512401,512417,512420,3,16
512401,512417,512420,3,16
512401,512419,512420,1,18
512401,512409,512420,11,8
512401,512419,512421,2,18
512401,512419,512420,1,18
512401,512410,512421,11,9
512401,512420,512421,1,19
512401,512419,512422,3,18
512401,512420,512421,1,19
512401,512420,512421,1,19
512401,512412,512422,10,11
512401,512421,512423,2,20
512401,512421,512422,1,20
512401,512420,512422,2,19
512401,512420,512422,2,19
512401,512421,512422,1,20
512401,512421,512422,1,20
512401,512408,512423,15,7
512401,512421,512424,3,20
512401,512422,512424,2,21
512401,512422,512423,1,21
512401,512422,512423,1,21
512401,512422,512425,3,21
512401,512423,512425,2,22
512401,512422,512424,2,21
512401,512423,512424,1,22
512401,512423,512424,1,22
512401,512423,512425,2,22
512401,512423,512425,2,22
512401,512424,512425,1,23
512401,512423,512425,2,22
512401,512423,512426,3,22
512401,512424,512426,2,23
512401,512424,512426,2,23
512401,512425,512427,2,24
512401,512425,512426,1,24
512401,512424,512427,3,23
512401,512426,512428,2,25
512401,512426,512428,2,25
512401,512420,512427,7,19
512401,512421,512428,7,20
512401,512425,512427,2,24
512401,512426,512428,2,25
512401,512426,512428,2,25
512401,512426,512429,3,25
512401,512411,512429,18,10
512401,512418,512428,10,17
512401,512428,512430,2,27
512401,512426,512430,4,25
512401,512426,512430,4,25
512401,512427,512429,2,26
512401,512428,512430,2,27
512401,512427,512429,2,26
512401,512428,512430,2,27
512401,512428,512430,2,27
512401,512428,512431,3,27
512419,512430,512431,1,11
512401,512428,512431,3,27
512419,512430,512432,2,11
512419,512430,512431,1,11
512419,512430,512431,1,11
512419,512430,512432,2,11
512401,512429,512433,4,28
512419,512431,512432,1,12
512419,512430,512433,3,11
512419,512430,512433,3,11
512419,512431,512432,1,12
512401,512425,512433,8,24
512419,512432,512433,1,13
512419,512432,512434,2,13
512419,512432,512433,1,13
512419,512432,512434,2,13
512419,512433,512434,1,14
512419,512432,512434,2,13
512419,512429,512435,6,10
512419,512433,512434,1,14
512419,512431,512435,4,12
512419,512434,512436,2,15
512419,512433,512435,2,14
512401,512428,512436,8,27
512419,512434,512436,2,15
512419,512433,512436,3,14
512419,512433,512436,3,14
512419,512434,512435,1,15
512419,512434,512436,2,15
512419,512434,512436,2,15
512419,512434,512436,2,15
512401,512428,512437,9,27
512419,512435,512437,2,16
512419,512436,512437,1,17
512419,512436,512437,1,17
512419,512435,512438,3,16
512419,512436,512438,2,17
512419,512436,512438,2,17
512419,512436,512438,2,17
512401,512424,512439,15,23
512419,512435,512438,3,16
512419,512437,512439,2,18
512419,512437,512439,2,18
512419,512436,512439,3,17
512419,512438,512439,1,19
512401,512425,512440,15,24
512419,512436,512439,3,17
512419,512435,512439,4,16
512419,512436,512440,4,17
512419,512439,512440,1,20
512419,512439,512440,1,20
512419,512439,512440,1,20
512419,512439,512441,2,20
512419,512439,512441,2,20
512419,512440,512441,1,21
512419,512439,512442,3,20
512419,512437,512442,5,18
512419,512439,512442,3,20
512419,512441,512442,1,22
512419,512441,512442,1,22
512419,512441,512442,1,22
512419,512439,512442,3,20
512419,512440,512442,2,21
512419,512440,512443,3,21
512419,512441,512443,2,22
512419,512441,512443,2,22
512419,512440,512443,3,21
512419,512440,512443,3,21
512419,512442,512443,1,23
512419,512443,512444,1,24
512419,512443,512445,2,24
512419,512443,512444,1,24
512419,512442,512444,2,23
512419,512438,512445,7,19
512419,512442,512445,3,23
512419,512443,512445,2,24
512419,512443,512445,2,24
512419,512442,512445,3,23
512419,512444,512445,1,25
512419,512443,512446,3,24
512419,512436,512446,10,17
512419,512444,512446,2,25
512419,512444,512446,2,25
512419,512445,512446,1,26
512419,512445,512446,1,26
512419,512445,512446,1,26
512419,512445,512447,2,26
512419,512445,512447,2,26
512419,512446,512447,1,27
512419,512445,512448,3,26
512419,512447,512448,1,28
512419,512447,512448,1,28
512419,512447,512448,1,28
512419,512446,512448,2,27
512419,512448,512449,1,29
512419,512448,512449,1,29
512419,512446,512449,3,27
512419,512448,512449,1,29
512419,512447,512450,3,28
512419,512447,512450,3,28
512419,512449,512450,1,30
512419,512449,512450,1,30
512419,512449,512450,1,30
512419,512448,512451,3,29
512419,512445,512451,6,26
512419,512450,512451,1,31
512419,512450,512451,1,31
512419,512450,512451,1,31
512419,512449,512452,3,30
512419,512445,512452,7,26
512419,512450,512452,2,31
512419,512451,512452,1,32
512419,512451,512452,1,32
512419,512451,512452,1,32
512419,512443,512452,9,24
512419,512452,512453,1,33
512419,512452,512453,1,33
512419,512451,512453,2,32
512419,512452,512454,2,33
512419,512436,512453,17,17
512419,512451,512454,3,32
512419,512451,512454,3,32
512419,512453,512455,2,34
512419,512453,512455,2,34
512419,512452,512455,3,33
512419,512454,512456,2,35
512419,512453,512455,2,34
512419,512454,512456,2,35
512419,512452,512456,4,33
512419,512454,512456,2,35
512419,512453,512456,3,34
512419,512455,512457,2,36
512419,512455,512457,2,36
512419,512453,512456,3,34
512419,512454,512457,3,35
512419,512456,512458,2,37
512419,512454,512457,3,35
512419,512456,512458,2,37
512419,512456,512458,2,37
512419,512455,512458,3,36
512419,512457,512459,2,38
512419,512457,512459,2,38
512419,512455,512458,3,36
512419,512451,512459,8,32
512419,512457,512459,2,38
512419,512458,512460,2,39
512419,512443,512459,16,24
512419,512457,512460,3,38
512419,512446,512460,14,27
512419,512458,512460,2,39
512419,512457,512461,4,38
512419,512458,512460,2,39
512419,512458,512460,2,39
512419,512457,512461,4,38
512419,512457,512462,5,38
512419,512459,512463,4,40
512419,512454,512465,11,35
507724,507751,512473,4722,27
512482,512482,512483,1,0
512482,512482,512483,1,0
512482,512482,512483,1,0
512482,512482,512484,2,0
512482,512482,512484,2,0
512482,512482,512485,3,0
512482,512482,512485,3,0
512482,512483,512484,1,1
512482,512483,512484,1,1
512482,512483,512484,1,1
512482,512484,512486,2,2
512482,512485,512486,1,3
512482,512485,512486,1,3
512482,512485,512486,1,3
512482,512482,512488,6,0
512482,512485,512487,2,3
512482,512485,512488,3,3
512482,512485,512488,3,3
512482,512486,512488,2,4
512482,512483,512488,5,1
512482,512482,512489,7,0
512482,512482,512489,7,0
512482,512487,512488,1,5
512482,512487,512489,2,5
512482,512487,512488,1,5
512482,512482,512490,8,0
512482,512482,512490,8,0
512482,512482,512490,8,0
512482,512488,512490,2,6
512482,512488,512490,2,6
512482,512488,512491,3,6
512482,512488,512491,3,6
512482,512488,512490,2,6
512482,512489,512491,2,7
512482,512489,512491,2,7
512482,512489,512491,2,7
512482,512490,512492,2,8
512482,512489,512491,2,7
512482,512489,512491,2,7
512482,512490,512492,2,8
512482,512490,512493,3,8
512482,512490,512493,3,8
512482,512491,512493,2,9
512482,512491,512493,2,9
512482,512492,512493,1,10
512482,512493,512494,1,11
512482,512491,512494,3,9
512482,512491,512494,3,9
512482,512491,512495,4,9
512482,512494,512495,1,12
512482,512494,512495,1,12
512482,512494,512495,1,12
512482,512492,512496,4,10
512482,512495,512496,1,13
512482,512496,512497,1,14
512482,512496,512497,1,14
512482,512496,512497,1,14
512482,512490,512493,3,8
512482,512495,512498,3,13
512482,512495,512498,3,13
512482,512496,512498,2,14
512482,512497,512498,1,15
512482,512492,512499,7,10
512482,512493,512499,6,11
512482,512498,512499,1,16
512482,512498,512499,1,16
512482,512491,512499,8,9
512482,512498,512500,2,16
512482,512499,512500,1,17
512482,512498,512500,2,16
512482,512496,512501,5,14
512482,512493,512501,8,11
512482,512499,512501,2,17
512482,512499,512501,2,17
512482,512499,512501,2,17
512482,512500,512501,1,18
512482,512500,512502,2,18
512482,512501,512502,1,19
512482,512492,512502,10,10
512482,512501,512503,2,19
512482,512502,512503,1,20
512482,512502,512503,1,20
512482,512501,512504,3,19
512482,512502,512504,2,20
512482,512503,512505,2,21
512482,512502,512505,3,20
512482,512502,512505,3,20
512482,512504,512505,1,22
512482,512504,512506,2,22
512482,512504,512505,1,22
512482,512505,512506,1,23
512482,512499,512507,8,17
512482,512500,512507,7,18
512482,512505,512507,2,23
512482,512506,512508,2,24
512482,512506,512507,1,24
512482,512506,512507,1,24
512482,512506,512507,1,24
512482,512507,512508,1,25
512482,512504,512508,4,22
512482,512506,512508,2,24
512482,512499,512505,6,17
512482,512501,512508,7,19
512482,512508,512509,1,26
512482,512508,512509,1,26
512482,512508,512510,2,26
512482,512508,512510,2,26
512482,512509,512510,1,27
512482,512503,512510,7,21
512482,512508,512511,3,26
512482,512508,512510,2,26
512482,512509,512511,2,27
512482,512510,512511,1,28
512482,512510,512512,2,28
512482,512510,512512,2,28
512482,512510,512512,2,28
512482,512507,512513,6,25
512482,512511,512514,3,29
512482,512511,512514,3,29
512482,512512,512513,1,30
512482,512512,512514,2,30
512482,512512,512514,2,30
512482,512512,512514,2,30
512482,512511,512515,4,29
512482,512512,512515,3,30
512482,512514,512516,2,32
512482,512514,512516,2,32
512482,512514,512516,2,32
512482,512514,512516,2,32
512482,512514,512516,2,32
512482,512514,512516,2,32
512482,512510,512513,3,28
512482,512510,512512,2,28
512482,512511,512513,2,29
512482,512507,512517,10,25
512482,512514,512517,3,32
512482,512515,512518,3,33
512482,512516,512518,2,34
512482,512516,512518,2,34
512482,512516,512518,2,34
512482,512515,512518,3,33
512482,512517,512519,2,35
512482,512517,512519,2,35
512482,512517,512520,3,35
512482,512517,512519,2,35
512482,512517,512521,4,35
512482,512517,512526,9,35
512482,512501,512526,25,19
512482,512517,512529,12,35
512482,512516,512519,3,34
510523,510549,513805,3256,26
513806,513806,513807,1,0
513806,513806,513807,1,0
513806,513806,513807,1,0
513806,513806,513808,2,0
513806,513806,513808,2,0
513806,513806,513809,3,0
513806,513806,513808,2,0
513806,513806,513809,3,0
513806,513806,513809,3,0
513806,513806,513809,3,0
513806,513806,513808,2,0
513806,513806,513808,2,0
513806,513808,513809,1,2
513806,513808,513809,1,2
513806,513808,513809,1,2
513806,513809,513810,1,3
513806,513809,513811,2,3
513806,513809,513811,2,3
513806,513809,513810,1,3
513806,513806,513811,5,0
513806,513806,513812,6,0
513806,513806,513811,5,0
513806,513809,513811,2,3
513806,513809,513812,3,3
513806,513809,513812,3,3
513806,513809,513812,3,3
513806,513809,513812,3,3
513806,513809,513811,2,3
513806,513810,513811,1,4
513806,513810,513812,2,4
513806,513810,513811,1,4
513806,513806,513812,6,0
513806,513812,513813,1,6
513806,513811,513813,2,5
513806,513811,513813,2,5
513806,513811,513813,2,5
513806,513812,513814,2,6
513806,513812,513814,2,6
513806,513812,513813,1,6
513806,513812,513815,3,6
513806,513812,513814,2,6
513806,513812,513814,2,6
513806,513812,513814,2,6
513806,513813,513815,2,7
513806,513806,513816,10,0
513806,513812,513815,3,6
513806,513812,513815,3,6
513806,513814,513815,1,8
513806,513814,513816,2,8
513806,513814,513816,2,8
513806,513814,513816,2,8
513806,513814,513817,3,8
513806,513814,513816,2,8
513806,513814,513817,3,8
513806,513812,513817,5,6
513806,513812,513817,5,6
513806,513815,513818,3,9
513806,513815,513818,3,9
513806,513816,513818,2,10
513806,513816,513817,1,10
513806,513816,513817,1,10
513806,513816,513818,2,10
513806,513816,513818,2,10
513806,513815,513819,4,9
513806,513815,513818,3,9
513806,513816,513818,2,10
513806,513816,513819,3,10
513806,513817,513820,3,11
513806,513818,513820,2,12
513806,513818,513820,2,12
513806,513818,513820,2,12
513806,513818,513821,3,12
513806,513817,513820,3,11
513806,513817,513820,3,11
513806,513818,513821,3,12
513806,513818,513821,3,12
510597,510622,513821,3199,25
513806,513819,513822,3,13
513806,513819,513822,3,13
513806,513821,513822,1,15
513806,513819,513822,3,13
513806,513819,513823,4,13
513806,513819,513822,3,13
513806,513820,513823,3,14
513806,513821,513823,2,15
513806,513821,513823,2,15
513806,513822,513824,2,16
513806,513821,513823,2,15
513806,513818,513823,5,12
513806,513818,513823,5,12
513806,513819,513824,5,13
513806,513820,513823,3,14
513806,513821,513824,3,15
513806,513823,513824,1,17
513806,513822,513825,3,16
513806,513821,513824,3,15
513806,513821,513824,3,15
513806,513822,513825,3,16
513806,513823,513825,2,17
513806,513824,513825,1,18
513806,513824,513825,1,18
513806,513824,513826,2,18
513806,513824,513825,1,18
513806,513824,513826,2,18
513806,513824,513826,2,18
513806,513823,513826,3,17
513806,513825,513826,1,19
513806,513825,513827,2,19
513806,513824,513826,2,18
513806,513826,513827,1,20
513806,513826,513827,1,20
513806,513826,513828,2,20
513806,513826,513828,2,20
513806,513826,513828,2,20
513806,513825,513828,3,19
513806,513827,513828,1,21
513806,513824,513829,5,18
513806,513823,513829,6,17
513806,513825,513829,4,19
513806,513825,513829,4,19
513806,513828,513830,2,22
513806,513827,513829,2,21
513806,513828,513830,2,22
513806,513824,513830,6,18
513806,513826,513830,4,20
513806,513828,513830,2,22
513806,513829,513830,1,23
513806,513828,513830,2,22
513806,513827,513831,4,21
513806,513828,513830,2,22
513806,513825,513831,6,19
513806,513824,513832,8,18
513806,513826,513832,6,20
513806,513829,513832,3,23
513806,513830,513832,2,24
513806,513828,513831,3,22
513806,513829,513832,3,23
513806,513830,513832,2,24
513806,513831,513833,2,25
513806,513831,513833,2,25
513806,513830,513832,2,24
513806,513830,513833,3,24
513823,513832,513833,1,9
513806,513831,513833,2,25
513806,513831,513833,2,25
513806,513830,513834,4,24
513806,513831,513834,3,25
513806,513831,513835,4,25
513823,513832,513835,3,9
513823,513833,513835,2,10
513823,513834,513835,1,11
513823,513833,513835,2,10
513823,513833,513834,1,10
513823,513833,513835,2,10
513823,513834,513835,1,11
513823,513835,513836,1,12
513823,513834,513835,1,11
513806,513830,513836,6,24
513823,513835,513836,1,12
513823,513835,513837,2,12
513823,513835,513836,1,12
513823,513835,513837,2,12
513823,513832,513837,5,9
513823,513835,513837,2,12
513823,513835,513837,2,12
513823,513834,513837,3,11
513823,513835,513837,2,12
513823,513835,513837,2,12
513806,513831,513838,7,25
513823,513836,513838,2,13
513823,513836,513838,2,13
513823,513836,513838,2,13
513823,513837,513839,2,14
513823,513837,513839,2,14
513823,513836,513839,3,13
513823,513838,513839,1,15
513823,513837,513839,2,14
513806,513832,513840,8,26
513823,513837,513840,3,14
513823,513839,513840,1,16
513823,513837,513840,3,14
513823,513838,513840,2,15
513823,513838,513840,2,15
513823,513839,513840,1,16
513823,513840,513841,1,17
513806,513832,513840,8,26
513823,513839,513841,2,16
513823,513839,513841,2,16
513823,513839,513841,2,16
513823,513840,513841,1,17
513823,513840,513842,2,17
513823,513841,513842,1,18
513823,513840,513843,3,17
513823,513841,513843,2,18
513823,513841,513843,2,18
513823,513840,513843,3,17
513823,513842,513843,1,19
513823,513842,513843,1,19
513823,513842,513843,1,19
513823,513841,513843,2,18
513823,513841,513844,3,18
513823,513841,513844,3,18
513823,513842,513844,2,19
513823,513839,513844,5,16
513823,513843,513845,2,20
513823,513841,513844,3,18
513823,513841,513845,4,18
513823,513844,513845,1,21
513823,513844,513845,1,21
513823,513843,513845,2,20
513823,513843,513845,2,20
513823,513840,513845,5,17
513823,513844,513845,1,21
513823,513837,513846,9,14
513823,513845,513847,2,22
513823,513845,513846,1,22
513823,513844,513847,3,21
513823,513844,513847,3,21
513823,513843,513846,3,20
509084,509115,513847,4732,31
513823,513843,513847,4,20
513823,513845,513847,2,22
513823,513846,513847,1,23
513823,513846,513847,1,23
513823,513846,513847,1,23
513823,513846,513847,1,23
513823,513846,513848,2,23
513823,513845,513848,3,22
513823,513846,513848,2,23
513823,513847,513849,2,24
513823,513845,513848,3,22
513823,513848,513850,2,25
513823,513848,513849,1,25
513823,513848,513849,1,25
513823,513847,513849,2,24
513823,513848,513849,1,25
513823,513847,513849,2,24
513823,513847,513850,3,24
513823,513845,513851,6,22
513823,513848,513851,3,25
513823,513848,513850,2,25
513823,513849,513850,1,26
513823,513847,513851,4,24
513823,513850,513851,1,27
513823,513850,513851,1,27
513823,513848,513851,3,25
513823,513850,513851,1,27
513823,513850,513851,1,27
513823,513847,513852,5,24
513823,513850,513852,2,27
513823,513851,513852,1,28
513823,513850,513852,2,27
513823,513850,513852,2,27
513823,513849,513853,4,26
513823,513851,513853,2,28
513823,513851,513853,2,28
513823,513848,513853,5,25
513823,513848,513854,6,25
513823,513852,513853,1,29
513823,513852,513853,1,29
513823,513853,513854,1,30
513823,513853,513854,1,30
513823,513849,513854,5,26
513823,513853,513855,2,30
513823,513852,513855,3,29
513823,513851,513855,4,28
513823,513853,513855,2,30
513823,513853,513855,2,30
513823,513854,513856,2,31
513823,513852,513856,4,29
513823,513853,513856,3,30
513823,513854,513856,2,31
513823,513855,513856,1,32
513823,513855,513857,2,32
513823,513854,513856,2,31
513823,513853,513857,4,30
513823,513855,513857,2,32
513823,513856,513858,2,33
513823,513856,513858,2,33
513823,513855,513858,3,32
513823,513857,513858,1,34
513823,513857,513858,1,34
513823,513857,513859,2,34
513823,513854,513856,2,31
513823,513854,513856,2,31
513823,513856,513859,3,33
513823,513856,513859,3,33
513823,513858,513860,2,35
513823,513854,513859,5,31
513823,513857,513859,2,34
513823,513856,513860,4,33
513823,513859,513861,2,36
513823,513859,513861,2,36
513823,513858,513860,2,35
513823,513858,513860,2,35
513823,513857,513861,4,34
513857,513859,513861,2,2
513857,513860,513861,1,3
513857,513861,513862,1,4
513857,513860,513862,2,3
513823,513859,513861,2,36
513857,513860,513862,2,3
513857,513861,513862,1,4
513823,513856,513862,6,33
513857,513861,513862,1,4
513857,513861,513863,2,4
513857,513860,513863,3,3
513857,513862,513863,1,5
513857,513862,513863,1,5
513823,513855,513863,8,32
513857,513862,513863,1,5
513857,513862,513864,2,5
513857,513861,513864,3,4
513857,513861,513864,3,4
513857,513863,513865,2,6
513857,513863,513864,1,6
513823,513859,513865,6,36
513857,513863,513864,1,6
513857,513864,513865,1,7
513857,513864,513866,2,7
513857,513864,513865,1,7
513857,513864,513866,2,7
513857,513863,513867,4,6
513857,513865,513866,1,8
513857,513862,513867,5,5
513857,513865,513866,1,8
513857,513865,513867,2,8
513823,513856,513867,11,33
513857,513865,513867,2,8
513857,513865,513867,2,8
513857,513863,513868,5,6
513857,513866,513867,1,9
513857,513866,513867,1,9
513857,513866,513867,1,9
513857,513865,513867,2,8
513857,513866,513868,2,9
513857,513867,513869,2,10
513857,513864,513869,5,7
513857,513867,513868,1,10
513857,513867,513869,2,10
513857,513867,513869,2,10
513857,513867,513869,2,10
513857,513868,513870,2,11
513857,513868,513870,2,11
513857,513868,513870,2,11
513857,513868,513871,3,11
513857,513869,513871,2,12
513857,513869,513871,2,12
513857,513867,513871,4,10
513857,513868,513870,2,11
513857,513869,513871,2,12
513857,513870,513872,2,13
513857,513870,513872,2,13
513857,513868,513871,3,11
513857,513869,513872,3,12
513857,513870,513872,2,13
513857,513867,513872,5,10
513857,513871,513873,2,14
513857,513871,513873,2,14
513857,513871,513873,2,14
513857,513871,513873,2,14
513857,513871,513873,2,14
513857,513871,513873,2,14
513857,513868,513874,6,11
513857,513872,513874,2,15
513857,513872,513874,2,15
513857,513871,513874,3,14
513857,513873,513875,2,16
513857,513873,513875,2,16
513857,513874,513875,1,17
513857,513874,513875,1,17
513857,513873,513875,2,16
513857,513869,513876,7,12
513857,513873,513876,3,16
513857,513873,513875,2,16
513857,513872,513876,4,15
513857,513874,513876,2,17
513857,513874,513876,2,17
513857,513873,513876,3,16
513857,513874,513877,3,17
513857,513874,513876,2,17
513857,513875,513877,2,18
513857,513876,513877,1,19
513857,513876,513877,1,19
513857,513875,513877,2,18
513857,513874,513878,4,17
513857,513877,513878,1,20
513857,513877,513878,1,20
513857,513876,513878,2,19
513857,513876,513879,3,19
513857,513878,513879,1,21
513857,513878,513879,1,21
513857,513878,513879,1,21
513857,513877,513880,3,20
513857,513877,513879,2,20
513857,513876,513879,3,19
513857,513878,513880,2,21
513857,513876,513880,4,19
513857,513879,513880,1,22
513857,513879,513880,1,22
513857,513879,513881,2,22
513857,513880,513881,1,23
513857,513880,513881,1,23
513857,513880,513881,1,23
513857,513879,513882,3,22
513857,513879,513882,3,22
513857,513876,513882,6,19
513857,513881,513882,1,24
513857,513881,513882,1,24
513857,513880,513883,3,23
513857,513880,513882,2,23
513857,513880,513883,3,23
513857,513882,513883,1,25
513857,513882,513883,1,25
513857,513882,513883,1,25
513857,513882,513884,2,25
513857,513883,513884,1,26
513857,513883,513884,1,26
513857,513881,513884,3,24
513857,513882,513884,2,25
513857,513877,513884,7,20
513857,513880,513885,5,23
513857,513882,513885,3,25
513857,513884,513885,1,27
513857,513884,513886,2,27
513857,513882,513886,4,25
513857,513884,513886,2,27
513857,513884,513886,2,27
513857,513885,513887,2,28
513857,513885,513887,2,28
513857,513883,513886,3,26
513857,513883,513887,4,26
510739,510785,513887,3102,46
513857,513885,513888,3,28
513857,513886,513888,2,29
513857,513886,513888,2,29
513857,513887,513889,2,30
513857,513885,513889,4,28
513857,513885,513889,4,28
513857,513885,513889,4,28
513857,513887,513889,2,30
513857,513888,513889,1,31
513857,513888,513890,2,31
513857,513887,513889,2,30
513857,513887,513889,2,30
513857,513886,513890,4,29
513889,513890,513891,1,1
513857,513888,513890,2,31
513889,513889,513890,1,0
513889,513890,513891,1,1
513857,513887,513891,4,30
513857,513887,513890,3,30
513857,513885,513891,6,28
513889,513890,513891,1,1
513889,513890,513891,1,1
513889,513890,513892,2,1
513889,513891,513892,1,2
513889,513889,513891,2,0
513889,513889,513892,3,0
513889,513889,513892,3,0
513889,513892,513893,1,3
513889,513891,513892,1,2
513889,513891,513892,1,2
513889,513890,513893,3,1
513857,513885,513893,8,28
513889,513891,513893,2,2
513889,513892,513893,1,3
513889,513892,513893,1,3
513889,513892,513894,2,3
513889,513892,513893,1,3
513889,513891,513894,3,2
513889,513891,513894,3,2
513889,513893,513894,1,4
513889,513893,513895,2,4
513889,513892,513895,3,3
513889,513892,513895,3,3
513889,513894,513895,1,5
513889,513894,513895,1,5
513889,513894,513896,2,5
513889,513894,513895,1,5
513889,513893,513896,3,4
513889,513893,513897,4,4
513889,513895,513896,1,6
513889,513895,513897,2,6
513889,513895,513897,2,6
513889,513896,513898,2,7
513889,513896,513897,1,7
513889,513895,513898,3,6
513889,513896,513898,2,7
513889,513896,513898,2,7
513889,513893,513898,5,4
513889,513894,513898,4,5
513889,513894,513898,4,5
513889,513895,513898,3,6
513889,513897,513898,1,8
513889,513896,513899,3,7
513889,513897,513899,2,8
513889,513896,513899,3,7
513889,513897,513899,2,8
513889,513898,513900,2,9
513889,513898,513899,1,9
513889,513898,513900,2,9
513889,513898,513900,2,9
513889,513899,513901,2,10
513889,513899,513901,2,10
513889,513898,513901,3,9
513889,513899,513902,3,10
513889,513900,513902,2,11
513889,513900,513902,2,11
513889,513900,513902,2,11
513889,513901,513902,1,12
513889,513899,513902,3,10
513889,513899,513902,3,10
513889,513899,513903,4,10
513889,513900,513903,3,11
513889,513900,513902,2,11
513889,513901,513903,2,12
513889,513899,513903,4,10
513889,513902,513903,1,13
513889,513901,513903,2,12
513889,513902,513904,2,13
513889,513902,513904,2,13
513889,513903,513904,1,14
513889,513903,513904,1,14
513889,513902,513905,3,13
513889,513903,513905,2,14
513889,513902,513905,3,13
513889,513903,513905,2,14
513889,513904,513905,1,15
513889,513903,513906,3,14
513889,513904,513906,2,15
513889,513904,513906,2,15
513889,513903,513906,3,14
513889,513903,513906,3,14
513889,513905,513906,1,16
513889,513905,513906,1,16
513889,513904,513906,2,15
513889,513904,513907,3,15
513889,513905,513907,2,16
513889,513904,513907,3,15
513889,513906,513908,2,17
513823,513859,513862,3,36
513889,513906,513908,2,17
513889,513906,513908,2,17
513889,513906,513909,3,17
513889,513907,513908,1,18
513889,513907,513908,1,18
513889,513905,513909,4,16
513889,513906,513909,3,17
513889,513907,513909,2,18
513889,513906,513909,3,17
513889,513907,513910,3,18
513889,513907,513910,3,18
513889,513908,513909,1,19
513889,513907,513910,3,18
513889,513908,513910,2,19
513889,513908,513910,2,19
513889,513908,513910,2,19
513889,513909,513910,1,20
513889,513909,513911,2,20
513857,513908,513911,3,51
513889,513910,513911,1,21
513889,513909,513912,3,20
513889,513910,513912,2,21
513889,513908,513911,3,19
513889,513909,513912,3,20
513889,513911,513912,1,22
513889,513911,513912,1,22
513889,513910,513912,2,21
513889,513911,513913,2,22
513889,513909,513913,4,20
513889,513912,513913,1,23
513889,513910,513913,3,21
513889,513910,513913,3,21
513889,513911,513913,2,22
513889,513912,513913,1,23
513889,513910,513914,4,21
513889,513913,513914,1,24
513889,513913,513914,1,24
513889,513911,513915,4,22
513889,513912,513915,3,23
513889,513913,513915,2,24
513889,513911,513915,4,22
513889,513912,513915,3,23
513889,513914,513916,2,25
509094,509150,513916,4766,56
513889,513914,513916,2,25
513889,513915,513916,1,26
513889,513915,513916,1,26
513889,513913,513917,4,24
513889,513914,513917,3,25
513889,513914,513917,3,25
513889,513914,513917,3,25
513889,513915,513917,2,26
513889,513917,513918,1,28
513889,513914,513918,4,25
513889,513915,513918,3,26
513889,513916,513918,2,27
513889,513915,513918,3,26
513889,513916,513919,3,27
513889,513915,513920,5,26
513920,513920,513921,1,0
513920,513920,513921,1,0
513920,513920,513921,1,0
513920,513920,513921,1,0
513920,513920,513921,1,0
513920,513920,513921,1,0
513920,513920,513921,1,0
513920,513921,513922,1,1
513920,513920,513922,2,0
513920,513920,513923,3,0
513920,513920,513922,2,0
513920,513920,513923,3,0
513920,513920,513923,3,0
513920,513920,513923,3,0
513920,513922,513923,1,2
513920,513920,513923,3,0
513920,513922,513923,1,2
513920,513922,513923,1,2
513920,513922,513923,1,2
513920,513922,513923,1,2
513920,513922,513923,1,2
513920,513922,513923,1,2
513920,513920,513923,3,0
513920,513924,513926,2,4
513920,513923,513925,2,3
513920,513923,513925,2,3
513920,513924,513925,1,4
513920,513924,513926,2,4
513920,513924,513926,2,4
513920,513923,513926,3,3
513920,513923,513926,3,3
513920,513924,513926,2,4
513920,513924,513926,2,4
513920,513924,513925,1,4
513920,513924,513927,3,4
513920,513923,513927,4,3
513920,513923,513927,4,3
513920,513924,513927,3,4
513920,513926,513928,2,6
513920,513926,513928,2,6
513920,513926,513928,2,6
513920,513926,513928,2,6
513920,513926,513928,2,6
513920,513926,513928,2,6
513920,513926,513928,2,6
513920,513926,513929,3,6
513920,513926,513929,3,6
513920,513926,513929,3,6
513920,513928,513930,2,8
513920,513926,513930,4,6
513920,513927,513930,3,7
513920,513928,513930,2,8
513920,513928,513930,2,8
513920,513928,513930,2,8
513920,513928,513930,2,8
513920,513928,513930,2,8
513920,513928,513930,2,8
513920,513927,513930,3,7
513920,513927,513931,4,7
513920,513927,513931,4,7
513920,513930,513932,2,10
513920,513929,513932,3,9
513920,513930,513932,2,10
513920,513931,513932,1,11
513920,513931,513932,1,11
513920,513931,513932,1,11
513920,513931,513932,1,11
513920,513931,513932,1,11
513920,513929,513932,3,9
513920,513930,513933,3,10
513920,513929,513933,4,9
513920,513932,513934,2,12
513920,513931,513934,3,11
513920,513930,513933,3,10
513920,513933,513934,1,13
513920,513933,513934,1,13
513920,513933,513935,2,13
513920,513933,513934,1,13
513920,513933,513934,1,13
513920,513933,513934,1,13
513920,513931,513935,4,11
513920,513931,513935,4,11
513920,513933,513935,2,13
513920,513934,513936,2,14
513920,513935,513937,2,15
513920,513935,513936,1,15
513920,513935,513937,2,15
513920,513935,513936,1,15
513920,513935,513936,1,15
513920,513933,513937,4,13
513920,513933,513937,4,13
513920,513934,513937,3,14
513920,513935,513937,2,15
513920,513936,513938,2,16
513920,513934,513938,4,14
513920,513935,513938,3,15
513920,513934,513938,4,14
513920,513936,513938,2,16
513920,513937,513938,1,17
513920,513937,513938,1,17
513920,513937,513938,1,17
513920,513937,513938,1,17
513920,513937,513938,1,17
513920,513936,513939,3,16
513920,513938,513939,1,18
513920,513938,513940,2,18
513920,513938,513940,2,18
513920,513938,513941,3,18
513920,513939,513940,1,19
513920,513939,513941,2,19
513920,513939,513941,2,19
513920,513939,513940,1,19
513920,513939,513940,1,19
513920,513939,513942,3,19
513920,513937,513941,4,17
513920,513939,513941,2,19
513920,513940,513941,1,20
513920,513940,513942,2,20
513920,513939,513942,3,19
513920,513939,513942,3,19
513920,513940,513943,3,20
513920,513941,513943,2,21
513920,513941,513943,2,21
513920,513941,513943,2,21
513920,513941,513943,2,21
513920,513941,513943,2,21
513920,513942,513943,1,22
513920,513942,513944,2,22
513920,513941,513944,3,21
513920,513941,513944,3,21
513920,513943,513945,2,23
513920,513942,513945,3,22
513920,513942,513945,3,22
513920,513942,513945,3,22
513920,513944,513946,2,24
513920,513943,513945,2,23
513920,513943,513945,2,23
513920,513943,513946,3,23
513920,513943,513947,4,23
513920,513944,513946,2,24
513920,513944,513946,2,24
513920,513945,513947,2,25
513920,513945,513947,2,25
513920,513943,513947,4,23
513920,513945,513948,3,25
513920,513945,513948,3,25
513920,513946,513948,2,26
513920,513946,513949,3,26
513920,513946,513950,4,26
513920,513946,513949,3,26
513889,513912,513916,4,23
513889,513953,513956,3,64
509215,509265,514052,4787,50
514053,514053,514054,1,0
514053,514053,514055,2,0
514053,514053,514055,2,0
514053,514053,514055,2,0
514053,514053,514055,2,0
514053,514053,514055,2,0
514053,514053,514056,3,0
514053,514053,514056,3,0
514053,514053,514056,3,0
514053,514053,514056,3,0
514053,514053,514056,3,0
514053,514053,514056,3,0
514053,514053,514056,3,0
514053,514054,514056,2,1
514053,514056,514057,1,3
514053,514056,514057,1,3
514053,514056,514057,1,3
514053,514056,514057,1,3
514053,514056,514057,1,3
514053,514056,514057,1,3
514053,514053,514057,4,0
514053,514057,514058,1,4
514053,514053,514058,5,0
514053,514058,514059,1,5
514053,514057,514059,2,4
514053,514057,514059,2,4
514053,514057,514059,2,4
514053,514057,514059,2,4
514053,514057,514059,2,4
514053,514057,514059,2,4
514053,514058,514059,1,5
514053,514058,514059,1,5
514053,514058,514059,1,5
514053,514058,514059,1,5
514053,514058,514059,1,5
514053,514057,514059,2,4
514053,514058,514060,2,5
514053,514054,514061,7,1
514053,514060,514061,1,7
514053,514059,514062,3,6
514053,514060,514061,1,7
514053,514060,514062,2,7
514053,514060,514061,1,7
514053,514060,514061,1,7
514053,514060,514061,1,7
514053,514060,514062,2,7
514053,514060,514062,2,7
514053,514060,514062,2,7
514053,514060,514062,2,7
514053,514059,514062,3,6
514053,514060,514063,3,7
514053,514060,514063,3,7
514053,514062,514064,2,9
514053,514062,514064,2,9
514053,514062,514063,1,9
514053,514062,514063,1,9
514053,514062,514063,1,9
514053,514060,514064,4,7
514053,514060,514063,3,7
514053,514062,514064,2,9
514053,514062,514064,2,9
514053,514062,514064,2,9
514053,514063,514065,2,10
514053,514063,514065,2,10
509202,509232,514065,4833,30
514053,514063,514065,2,10
514053,514063,514065,2,10
514053,514064,514066,2,11
514053,514064,514066,2,11
514053,514064,514066,2,11
514053,514064,514065,1,11
514053,514064,514066,2,11
514053,514063,514065,2,10
514053,514065,514067,2,12
514053,514064,514066,2,11
514053,514065,514067,2,12
514053,514065,514068,3,12
514053,514064,514067,3,11
514053,514066,514068,2,13
514053,514066,514068,2,13
514053,514066,514068,2,13
514053,514066,514068,2,13
514053,514064,514068,4,11
514053,514064,514067,3,11
514053,514067,514069,2,14
514053,514066,514069,3,13
514053,514066,514069,3,13
514053,514066,514068,2,13
514053,514067,514070,3,14
514053,514066,514069,3,13
514053,514068,514069,1,15
514053,514068,514069,1,15
514053,514068,514069,1,15
514053,514066,514070,4,13
514053,514068,514070,2,15
514053,514069,514070,1,16
514053,514068,514071,3,15
514053,514068,514071,3,15
514053,514068,514070,2,15
514053,514069,514070,1,16
514053,514068,514072,4,15
514053,514070,514072,2,17
514053,514070,514072,2,17
514053,514070,514072,2,17
514053,514070,514072,2,17
514053,514071,514073,2,18
514053,514069,514072,3,16
514053,514070,514072,2,17
514053,514070,514072,2,17
514053,514071,514073,2,18
514053,514071,514074,3,18
514053,514072,514074,2,19
514053,514072,514074,2,19
514053,514072,514074,2,19
514053,514070,514073,3,17
514053,514071,514074,3,18
514053,514071,514074,3,18
514053,514072,514074,2,19
514053,514073,514075,2,20
514053,514074,514076,2,21
514053,514074,514076,2,21
514053,514073,514075,2,20
514053,514072,514076,4,19
514053,514075,514077,2,22
514053,514073,514076,3,20
514053,514073,514076,3,20
514053,514073,514076,3,20
514053,514074,514076,2,21
514053,514074,514077,3,21
514053,514074,514077,3,21
514053,514076,514078,2,23
514053,514074,514078,4,21
514053,514074,514078,4,21
514053,514074,514078,4,21
514053,514076,514078,2,23
514053,514077,514079,2,24
514053,514076,514078,2,23
514053,514077,514079,2,24
514053,514066,514079,13,13
514053,514078,514080,2,25
514053,514077,514080,3,24
514053,514077,514080,3,24
514053,514077,514081,4,24
514053,514077,514080,3,24
514053,514077,514080,3,24
514067,514079,514081,2,12
514067,514079,514080,1,12
514067,514078,514081,3,11
514067,514079,514081,2,12
514067,514080,514081,1,13
514053,514078,514081,3,25
514067,514080,514081,1,13
514067,514080,514082,2,13
514067,514081,514082,1,14
514053,514078,514083,5,25
514067,514081,514083,2,14
514067,514081,514083,2,14
514067,514082,514083,1,15
514067,514082,514083,1,15
514067,514081,514083,2,14
514067,514081,514083,2,14
514067,514081,514083,2,14
514067,514082,514084,2,15
514067,514083,514084,1,16
514067,514082,514085,3,15
514067,514084,514085,1,17
514067,514084,514085,1,17
514067,514084,514085,1,17
514067,514084,514085,1,17
514067,514084,514085,1,17
514067,514084,514086,2,17
514067,514085,514086,1,18
514067,514083,514086,3,16
514067,514084,514087,3,17
514067,514084,514086,2,17
514067,514086,514087,1,19
514067,514086,514087,1,19
514067,514086,514087,1,19
514067,514084,514088,4,17
514067,514085,514087,2,18
514067,514086,514087,1,19
514067,514086,514087,1,19
514067,514085,514088,3,18
514067,514087,514088,1,20
514053,514068,514088,20,15
514067,514086,514089,3,19
514067,514088,514089,1,21
514067,514088,514089,1,21
514067,514088,514089,1,21
514067,514087,514090,3,20
514067,514088,514090,2,21
514067,514087,514090,3,20
514067,514087,514089,2,20
514067,514088,514090,2,21
514067,514089,514090,1,22
514053,514069,514090,21,16
514067,514090,514091,1,23
514067,514090,514092,2,23
514067,514090,514091,1,23
514067,514088,514091,3,21
514067,514090,514092,2,23
514067,514088,514091,3,21
514067,514089,514092,3,22
514067,514088,514092,4,21
514067,514091,514093,2,24
514067,514091,514093,2,24
514067,514090,514093,3,23
514067,514090,514093,3,23
514067,514092,514093,1,25
514067,514092,514093,1,25
514067,514092,514093,1,25
514067,514092,514094,2,25
514067,514092,514095,3,25
514067,514090,514094,4,23
514067,514093,514095,2,26
514067,514093,514095,2,26
514067,514092,514095,3,25
514067,514092,514095,3,25
514067,514094,514095,1,27
514067,514094,514095,1,27
514067,514094,514095,1,27
514067,514094,514096,2,27
514067,514093,514096,3,26
514067,514093,514096,3,26
514067,514093,514096,3,26
514067,514096,514098,2,29
514067,514096,514098,2,29
514067,514096,514098,2,29
514067,514095,514098,3,28
514067,514095,514097,2,28
514067,514095,514097,2,28
514067,514095,514098,3,28
514067,514095,514098,3,28
514067,514096,514098,2,29
514067,514098,514100,2,31
514067,514098,514100,2,31
514067,514098,514100,2,31
514067,514096,514099,3,29
514067,514097,514100,3,30
514067,514096,514099,3,29
514067,514096,514100,4,29
514067,514098,514100,2,31
514067,514098,514101,3,31
514067,514099,514101,2,32
514067,514098,514101,3,31
514067,514098,514101,3,31
514067,514100,514101,1,33
514067,514100,514101,1,33
514067,514098,514102,4,31
514067,514100,514102,2,33
514067,514101,514102,1,34
514067,514101,514103,2,34
514067,514101,514103,2,34
514067,514100,514102,2,33
514067,514100,514103,3,33
514067,514102,514103,1,35
514067,514102,514104,2,35
514067,514101,514104,3,34
514067,514101,514103,2,34
514067,514102,514105,3,35
514067,514103,514105,2,36
514067,514103,514105,2,36
514067,514102,514104,2,35
514067,514104,514106,2,37
514067,514104,514106,2,37
514067,514103,514106,3,36
514067,514105,514107,2,38
514067,514103,514107,4,36
514067,514103,514107,4,36
514067,514104,514107,3,37
514067,514106,514108,2,39
514067,514106,514108,2,39
514067,514105,514108,3,38
514067,514105,514108,3,38
514067,514104,514108,4,37
514067,514107,514109,2,40
514067,514108,514110,2,41
514067,514106,514110,4,39
514067,514107,514110,3,40
510741,510785,514110,3325,44
514067,514108,514110,2,41
514067,514109,514111,2,42
510885,510912,514111,3199,27
514067,514108,514111,3,41
514067,514109,514111,2,42
514067,514108,514111,3,41
514053,514066,514112,46,13
514067,514080,514112,32,13
514067,514089,514112,23,22
514067,514110,514112,2,43
514067,514107,514112,5,40
514067,514109,514112,3,42
514067,514111,514112,1,44
514067,514091,514113,22,24
514067,514105,514112,7,38
514111,514111,514113,2,0
514067,514111,514113,2,44
514111,514112,514113,1,1
514067,514111,514113,2,44
514111,514112,514114,2,1
514111,514112,514113,1,1
514067,514111,514113,2,44
514067,514111,514113,2,44
514111,514113,514114,1,2
514111,514112,514114,2,1
514111,514112,514114,2,1
514111,514113,514115,2,2
514111,514114,514115,1,3
514111,514114,514115,1,3
514111,514113,514115,2,2
514111,514113,514115,2,2
514111,514114,514115,1,3
514111,514114,514115,1,3
514111,514112,514116,4,1
514111,514115,514116,1,4
514111,514114,514116,2,3
514111,514114,514116,2,3
514111,514115,514116,1,4
514111,514113,514117,4,2
514111,514116,514117,1,5
514111,514116,514117,1,5
514111,514116,514117,1,5
514111,514116,514117,1,5
514111,514116,514118,2,5
514111,514116,514118,2,5
514111,514117,514118,1,6
514111,514117,514119,2,6
514111,514117,514118,1,6
514111,514118,514119,1,7
514111,514117,514119,2,6
514111,514118,514119,1,7
514111,514118,514119,1,7
514111,514116,514119,3,5
514111,514118,514119,1,7
514111,514118,514119,1,7
514111,514117,514120,3,6
514111,514119,514120,1,8
514111,514119,514120,1,8
514111,514120,514121,1,9
514111,514119,514121,2,8
514111,514120,514122,2,9
514111,514120,514121,1,9
514111,514120,514121,1,9
514111,514120,514122,2,9
514111,514120,514122,2,9
514111,514119,514122,3,8
514111,514120,514122,2,9
514111,514121,514122,1,10
514111,514121,514123,2,10
514111,514122,514124,2,11
514111,514122,514124,2,11
514111,514122,514123,1,11
514111,514122,514124,2,11
514111,514122,514124,2,11
514111,514120,514124,4,9
514111,514122,514125,3,11
514111,514122,514124,2,11
514111,514123,514124,1,12
514111,514123,514125,2,12
514111,514123,514125,2,12
514111,514123,514125,2,12
514111,514124,514125,1,13
514111,514124,514125,1,13
514111,514124,514125,1,13
514111,514124,514126,2,13
514111,514124,514126,2,13
514111,514125,514126,1,14
510835,510859,514127,3268,24
514111,514125,514127,2,14
514111,514125,514127,2,14
514111,514126,514128,2,15
514111,514126,514128,2,15
514111,514125,514128,3,14
514111,514126,514128,2,15
514111,514127,514129,2,16
514111,514126,514128,2,15
514111,514127,514129,2,16
514111,514126,514129,3,15
514111,514126,514129,3,15
514111,514127,514129,2,16
514111,514128,514129,1,17
514111,514127,514129,2,16
514111,514128,514130,2,17
514111,514129,514131,2,18
514111,514113,514130,17,2
514111,514129,514131,2,18
514111,514128,514131,3,17
514111,514129,514132,3,18
514111,514130,514131,1,19
514111,514129,514131,2,18
514111,514130,514131,1,19
514111,514130,514131,1,19
514111,514130,514131,1,19
514111,514129,514132,3,18
514111,514130,514133,3,19
514111,514130,514133,3,19
514111,514131,514132,1,20
514111,514124,514133,9,13
514111,514131,514133,2,20
514111,514132,514134,2,21
514111,514132,514133,1,21
514111,514132,514134,2,21
514111,514132,514134,2,21
514111,514132,514134,2,21
514111,514132,514134,2,21
514111,514132,514134,2,21
514111,514132,514135,3,21
514111,514133,514135,2,22
514111,514134,514135,1,23
514111,514133,514135,2,22
514111,514133,514135,2,22
514067,514132,514136,4,65
514067,514132,514135,3,65
514111,514134,514136,2,23
514111,514134,514136,2,23
514111,514134,514136,2,23
514111,514134,514136,2,23
514111,514135,514136,1,24
514111,514115,514137,22,4
514111,514133,514137,4,22
514111,514135,514137,2,24
514111,514136,514137,1,25
514111,514135,514138,3,24
514111,514135,514137,2,24
514111,514136,514138,2,25
514111,514136,514138,2,25
514111,514136,514138,2,25
514111,514135,514138,3,24
514111,514136,514139,3,25
514111,514137,514139,2,26
514111,514137,514139,2,26
514111,514138,514140,2,27
514111,514136,514140,4,25
514111,514136,514140,4,25
514111,514139,514140,1,28
514111,514139,514140,1,28
514111,514138,514140,2,27
514111,514140,514141,1,29
514111,514139,514141,2,28
514111,514140,514141,1,29
514111,514140,514142,2,29
514111,514138,514141,3,27
514111,514137,514142,5,26
514123,514141,514142,1,18
514123,514141,514142,1,18
514123,514142,514143,1,19
514111,514140,514142,2,29
514111,514140,514143,3,29
514111,514139,514143,4,28
514123,514141,514143,2,18
514123,514142,514143,1,19
514123,514142,514143,1,19
514123,514142,514143,1,19
514123,514143,514144,1,20
514123,514143,514144,1,20
514123,514143,514144,1,20
514123,514144,514145,1,21
514123,514143,514144,1,20
514123,514142,514144,2,19
514123,514143,514145,2,20
514123,514143,514145,2,20
514123,514144,514145,1,21
514123,514144,514145,1,21
514123,514143,514145,2,20
514123,514143,514146,3,20
514123,514145,514146,1,22
514123,514145,514146,1,22
514123,514145,514146,1,22
514123,514145,514146,1,22
514123,514145,514147,2,22
514123,514145,514147,2,22
514123,514145,514147,2,22
514111,514116,514147,31,5
514123,514146,514147,1,23
514123,514146,514149,3,23
514123,514147,514148,1,24
514123,514147,514148,1,24
514123,514147,514148,1,24
514123,514147,514149,2,24
514123,514147,514149,2,24
514123,514146,514149,3,23
514123,514147,514149,2,24
514123,514146,514149,3,23
514123,514147,514149,2,24
514123,514146,514149,3,23
514123,514148,514149,1,25
514123,514149,514150,1,26
514123,514149,514150,1,26
514123,514149,514150,1,26
514123,514149,514150,1,26
514123,514149,514151,2,26
514111,514147,514150,3,36
514111,514147,514151,4,36
514123,514149,514151,2,26
514111,514131,514151,20,20
514123,514149,514151,2,26
514123,514150,514152,2,27
514123,514149,514152,3,26
514123,514149,514152,3,26
514123,514150,514152,2,27
514123,514151,514152,1,28
514123,514151,514152,1,28
514123,514151,514152,1,28
514123,514151,514153,2,28
514123,514151,514152,1,28
514123,514149,514153,4,26
514123,514151,514153,2,28
514111,514115,514153,38,4
514123,514151,514154,3,28
514123,514152,514154,2,29
514123,514153,514155,2,30
514123,514153,514154,1,30
514123,514153,514155,2,30
514123,514153,514155,2,30
514123,514151,514154,3,28
514123,514152,514154,2,29
514123,514152,514155,3,29
514123,514152,514155,3,29
514123,514153,514155,2,30
514123,514154,514156,2,31
514123,514153,514156,3,30
514123,514155,514156,1,32
514123,514155,514157,2,32
514123,514155,514157,2,32
514123,514153,514156,3,30
514123,514155,514157,2,32
514123,514153,514157,4,30
514123,514155,514157,2,32
514123,514156,514158,2,33
514123,514157,514159,2,34
514123,514157,514159,2,34
514123,514157,514159,2,34
514123,514154,514158,4,31
514123,514155,514159,4,32
514123,514156,514159,3,33
514123,514156,514159,3,33
514123,514157,514159,2,34
514123,514155,514159,4,32
514123,514156,514159,3,33
514123,514158,514160,2,35
514123,514159,514161,2,36
514123,514159,514160,1,36
514123,514159,514161,2,36
514123,514157,514160,3,34
514123,514159,514161,2,36
514123,514160,514161,1,37
514123,514160,514161,1,37
514123,514158,514161,3,35
514123,514159,514161,2,36
514123,514160,514162,2,37
514123,514160,514162,2,37
514123,514160,514162,2,37
514123,514160,514162,2,37
514123,514160,514162,2,37
514123,514161,514163,2,38
514123,514161,514162,1,38
514123,514161,514163,2,38
514123,514162,514163,1,39
514123,514162,514163,1,39
514123,514162,514163,1,39
514123,514162,514164,2,39
514123,514162,514164,2,39
514123,514163,514165,2,40
514123,514163,514165,2,40
514123,514163,514165,2,40
514123,514163,514165,2,40
514123,514164,514165,1,41
514123,514163,514165,2,40
514123,514164,514165,1,41
514123,514162,514165,3,39
514123,514164,514166,2,41
514123,514162,514166,4,39
514123,514163,514166,3,40
514123,514163,514166,3,40
514123,514164,514166,2,41
514123,514164,514166,2,41
514123,514165,514167,2,42
514123,514165,514167,2,42
514123,514165,514167,2,42
514123,514166,514167,1,43
514123,514166,514168,2,43
514123,514166,514168,2,43
514123,514167,514169,2,44
514123,514167,514169,2,44
514123,514166,514169,3,43
514123,514168,514169,1,45
514123,514166,514169,3,43
514123,514166,514169,3,43
514123,514167,514169,2,44
514123,514168,514169,1,45
514123,514167,514170,3,44
514123,514168,514170,2,45
514123,514167,514170,3,44
514127,514170,514171,1,43
514123,514167,514170,3,44
514123,514169,514171,2,46
514123,514169,514171,2,46
514123,514170,514171,1,47
514127,514171,514172,1,44
514127,514171,514172,1,44
514127,514170,514171,1,43
514127,514170,514171,1,43
514127,514171,514172,1,44
514111,514137,514172,35,26
514127,514171,514172,1,44
514127,514172,514173,1,45
514127,514172,514173,1,45
514127,514172,514173,1,45
514127,514170,514172,2,43
514127,514171,514173,2,44
514127,514171,514172,1,44
514127,514171,514173,2,44
514127,514173,514174,1,46
514127,514170,514173,3,43
514127,514172,514173,1,45
514127,514172,514173,1,45
514127,514172,514173,1,45
514127,514173,514174,1,46
514123,514147,514174,27,24
514127,514173,514174,1,46
514127,514173,514174,1,46
514127,514173,514174,1,46
514123,514153,514175,22,30
514127,514173,514175,2,46
514127,514173,514175,2,46
514127,514174,514175,1,47
514127,514175,514176,1,48
514127,514174,514176,2,47
514127,514174,514175,1,47
514127,514174,514176,2,47
514127,514174,514176,2,47
514123,514151,514177,26,28
514127,514174,514176,2,47
514127,514175,514176,1,48
514127,514174,514176,2,47
514127,514175,514176,1,48
514127,514175,514177,2,48
514127,514176,514177,1,49
514127,514176,514177,1,49
514127,514176,514178,2,49
514127,514176,514178,2,49
514127,514177,514178,1,50
514127,514177,514178,1,50
514127,514173,514178,5,46
514127,514176,514179,3,49
514127,514176,514178,2,49
514127,514177,514178,1,50
514127,514177,514179,2,50
514127,514178,514180,2,51
514127,514178,514179,1,51
514127,514178,514180,2,51
514127,514178,514180,2,51
514127,514179,514180,1,52
514127,514179,514180,1,52
514127,514177,514180,3,50
514127,514179,514181,2,52
514127,514180,514181,1,53
514127,514177,514181,4,50
514127,514179,514181,2,52
514127,514179,514181,2,52
514127,514180,514182,2,53
514127,514180,514182,2,53
514127,514180,514182,2,53
514127,514181,514183,2,54
514127,514181,514182,1,54
514127,514181,514183,2,54
514127,514180,514182,2,53
514127,514181,514184,3,54
514127,514182,514183,1,55
514127,514182,514184,2,55
514127,514182,514184,2,55
514127,514183,514184,1,56
514127,514183,514184,1,56
514127,514182,514185,3,55
514127,514182,514184,2,55
514127,514183,514185,2,56
514127,514182,514186,4,55
514127,514183,514185,2,56
514127,514184,514186,2,57
514127,514185,514187,2,58
514127,514185,514186,1,58
514127,514184,514186,2,57
514127,514182,514186,4,55
514127,514184,514186,2,57
514127,514185,514187,2,58
514127,514185,514187,2,58
514127,514185,514188,3,58
514127,514186,514188,2,59
514127,514187,514188,1,60
514127,514179,514188,9,52
514127,514187,514188,1,60
514127,514187,514188,1,60
514127,514184,514188,4,57
514127,514187,514188,1,60
514127,514186,514189,3,59
514127,514187,514188,1,60
514127,514187,514188,1,60
514127,514187,514188,1,60
514127,514187,514189,2,60
514127,514188,514190,2,61
514127,514189,514190,1,62
514127,514189,514190,1,62
514127,514189,514190,1,62
514127,514189,514190,1,62
514127,514189,514190,1,62
514127,514189,514191,2,62
514127,514189,514191,2,62
514127,514189,514191,2,62
514127,514176,514191,15,49
514127,514177,514191,14,50
514127,514189,514191,2,62
514127,514189,514192,3,62
514127,514191,514192,1,64
514127,514191,514192,1,64
514127,514191,514193,2,64
514127,514191,514193,2,64
514127,514189,514193,4,62
514127,514191,514192,1,64
514127,514190,514193,3,63
514127,514191,514193,2,64
514127,514191,514193,2,64
514127,514190,514194,4,63
514127,514191,514194,3,64
514127,514193,514194,1,66
514127,514193,514194,1,66
514127,514193,514195,2,66
514127,514193,514195,2,66
514127,514193,514195,2,66
514127,514194,514195,1,67
514127,514192,514196,4,65
514127,514193,514196,3,66
514127,514194,514196,2,67
514127,514195,514196,1,68
514127,514195,514197,2,68
514127,514195,514197,2,68
514127,514195,514197,2,68
514127,514195,514197,2,68
514127,514195,514198,3,68
514127,514194,514198,4,67
514127,514196,514198,2,69
514127,514197,514199,2,70
514127,514197,514199,2,70
514127,514197,514199,2,70
514127,514197,514199,2,70
514127,514196,514199,3,69
514127,514196,514200,4,69
514127,514192,514203,11,65
514127,514178,514205,27,51
514127,514192,514207,15,65
514123,514215,514218,3,92
514127,514192,514220,28,65
514127,514229,514233,4,102
510937,510959,514235,3276,22
514245,514245,514246,1,0
514245,514245,514246,1,0
514245,514245,514247,2,0
514245,514245,514246,1,0
514245,514245,514246,1,0
514245,514245,514246,1,0
514245,514245,514246,1,0
514245,514245,514246,1,0
514245,514245,514246,1,0
514245,514246,514247,1,1
514245,514245,514247,2,0
514245,514245,514247,2,0
514245,514245,514247,2,0
514245,514247,514248,1,2
514245,514245,514248,3,0
514245,514245,514248,3,0
514245,514247,514248,1,2
514245,514247,514248,1,2
514245,514247,514248,1,2
514245,514247,514249,2,2
514245,514247,514248,1,2
514245,514247,514248,1,2
514245,514247,514248,1,2
514245,514247,514248,1,2
514245,514248,514249,1,3
514245,514249,514250,1,4
514245,514249,514250,1,4
514245,514249,514250,1,4
514245,514248,514250,2,3
514245,514249,514250,1,4
514245,514249,514250,1,4
514245,514249,514250,1,4
514245,514249,514251,2,4
514245,514249,514251,2,4
514245,514249,514251,2,4
514245,514250,514251,1,5
514245,514249,514252,3,4
514245,514251,514252,1,6
514245,514251,514252,1,6
514245,514251,514253,2,6
514245,514251,514253,2,6
514245,514251,514253,2,6
514245,514251,514252,1,6
514245,514251,514252,1,6
514245,514251,514254,3,6
514245,514252,514254,2,7
514245,514253,514254,1,8
514245,514253,514255,2,8
514245,514253,514254,1,8
514245,514253,514254,1,8
514245,514253,514254,1,8
514245,514253,514254,1,8
514245,514253,514255,2,8
514245,514252,514256,4,7
514245,514252,514255,3,7
514245,514254,514256,2,9
514245,514253,514256,3,8
514245,514248,514256,8,3
514245,514255,514257,2,10
514245,514254,514257,3,9
514245,514255,514257,2,10
514245,514255,514257,2,10
514245,514255,514257,2,10
514245,514255,514257,2,10
514245,514255,514257,2,10
514245,514255,514257,2,10
514245,514256,514258,2,11
514245,514257,514259,2,12
514245,514256,514259,3,11
514245,514257,514259,2,12
514245,514257,514259,2,12
514245,514257,514259,2,12
514245,514256,514259,3,11
514245,514257,514260,3,12
514245,514258,514260,2,13
514245,514258,514260,2,13
514245,514258,514260,2,13
514245,514258,514260,2,13
514245,514257,514260,3,12
514245,514245,514260,15,0
514245,514259,514260,1,14
514245,514257,514260,3,12
514245,514259,514261,2,14
514245,514259,514261,2,14
514245,514259,514261,2,14
514245,514260,514262,2,15
514245,514260,514262,2,15
514245,514260,514262,2,15
514245,514260,514262,2,15
514245,514261,514262,1,16
514245,514259,514263,4,14
514245,514261,514263,2,16
514245,514261,514262,1,16
514245,514261,514263,2,16
514245,514261,514263,2,16
514245,514262,514263,1,17
514245,514262,514264,2,17
514245,514262,514263,1,17
514245,514262,514263,1,17
514245,514262,514264,2,17
514245,514261,514264,3,16
514245,514260,514264,4,15
514245,514263,514264,1,18
514245,514263,514265,2,18
514245,514264,514265,1,19
514245,514263,514265,2,18
514245,514263,514266,3,18
514245,514264,514266,2,19
514245,514264,514266,2,19
514245,514264,514266,2,19
514245,514264,514266,2,19
514245,514265,514266,1,20
514245,514265,514267,2,20
514245,514265,514267,2,20
514245,514266,514267,1,21
514245,514265,514268,3,20
514245,514266,514268,2,21
514245,514266,514268,2,21
514245,514266,514268,2,21
514245,514266,514268,2,21
514245,514265,514268,3,20
514245,514245,514269,24,0
514245,514267,514269,2,22
514245,514266,514269,3,21
514245,514268,514269,1,23
514245,514267,514269,2,22
514245,514268,514270,2,23
514245,514266,514269,3,21
514245,514268,514270,2,23
514245,514269,514270,1,24
514245,514268,514270,2,23
514245,514269,514271,2,24
514245,514270,514271,1,25
514245,514270,514272,2,25
514245,514268,514272,4,23
514245,514269,514271,2,24
514245,514271,514273,2,26
514245,514270,514272,2,25
514245,514269,514272,3,24
514245,514269,514273,4,24
514245,514270,514273,3,25
514245,514271,514273,2,26
514245,514272,514273,1,27
514245,514270,514274,4,25
514245,514272,514274,2,27
514245,514275,514278,3,30
514245,514260,514281,21,15
514245,514248,514288,40,3
514245,514264,514290,26,19
514245,514269,514291,22,24
510445,510472,515278,4806,27
515279,515279,515280,1,0
515279,515279,515281,2,0
515279,515279,515281,2,0
515279,515279,515281,2,0
515279,515279,515281,2,0
515279,515279,515282,3,0
515279,515280,515282,2,1
515279,515279,515282,3,0
515279,515279,515282,3,0
515279,515279,515282,3,0
515279,515279,515282,3,0
515279,515281,515282,1,2
515279,515280,515282,2,1
515279,515280,515282,2,1
515279,515281,515283,2,2
515279,515282,515283,1,3
515279,515282,515283,1,3
515279,515282,515284,2,3
515279,515283,515284,1,4
515279,515282,515284,2,3
515279,515282,515285,3,3
515279,515283,515285,2,4
515279,515282,515285,3,3
515279,515282,515285,3,3
515279,515284,515285,1,5
515279,515284,515285,1,5
515279,515284,515285,1,5
515279,515282,515285,3,3
515279,515285,515286,1,6
515279,515285,515286,1,6
515279,515285,515287,2,6
515279,515286,515287,1,7
515279,515286,515287,1,7
515279,515286,515287,1,7
515279,515286,515287,1,7
515279,515286,515288,2,7
515279,515286,515288,2,7
515279,515287,515288,1,8
515279,515287,515288,1,8
515279,515286,515288,2,7
515279,515286,515289,3,7
515279,515283,515289,6,4
515279,515283,515290,7,4
515279,515288,515289,1,9
515279,515288,515289,1,9
515279,515288,515289,1,9
515279,515289,515290,1,10
515279,515289,515291,2,10
515279,515287,515291,4,8
515279,515288,515292,4,9
515279,515289,515291,2,10
515279,515289,515291,2,10
515279,515290,515291,1,11
515279,515290,515291,1,11
515279,515290,515292,2,11
515279,515291,515292,1,12
515279,515289,515292,3,10
515279,515290,515292,2,11
515279,515290,515293,3,11
515279,515292,515294,2,13
515279,515292,515294,2,13
515279,515292,515293,1,13
515279,515292,515294,2,13
515279,515292,515294,2,13
515279,515293,515295,2,14
515279,515292,515294,2,13
515279,515292,515294,2,13
515279,515293,515295,2,14
515279,515294,515295,1,15
515279,515294,515296,2,15
515279,515294,515296,2,15
515279,515294,515297,3,15
515279,515290,515297,7,11
515279,515295,515298,3,16
515279,515295,515297,2,16
515279,515295,515297,2,16
515279,515295,515297,2,16
515279,515295,515298,3,16
515279,515293,515298,5,14
515279,515296,515298,2,17
515279,515296,515298,2,17
515279,515296,515298,2,17
515279,515292,515299,7,13
515279,515296,515299,3,17
515279,515297,515300,3,18
515279,515298,515300,2,19
515279,515298,515299,1,19
515279,515298,515300,2,19
515279,515299,515301,2,20
515279,515299,515301,2,20
515279,515299,515301,2,20
515279,515300,515301,1,21
515279,515298,515301,3,19
515279,515300,515301,1,21
515279,515300,515301,1,21
515279,515299,515301,2,20
515279,515299,515301,2,20
515279,515279,515302,23,0
515279,515279,515302,23,0
515279,515300,515302,2,21
515279,515300,515302,2,21
515279,515301,515303,2,22
515279,515301,515302,1,22
515279,515301,515303,2,22
515279,515279,515303,24,0
515279,515302,515303,1,23
515279,515301,515303,2,22
515279,515302,515304,2,23
515279,515279,515304,25,0
515279,515303,515305,2,24
515279,515302,515304,2,23
515279,515302,515305,3,23
515279,515303,515305,2,24
515279,515302,515305,3,23
515279,515303,515305,2,24
515279,515304,515306,2,25
515279,515303,515306,3,24
515279,515303,515306,3,24
515279,515303,515305,2,24
515279,515297,515306,9,18
515279,515304,515306,2,25
515279,515305,515307,2,26
515279,515305,515307,2,26
515279,515304,515307,3,25
515279,515306,515308,2,27
515279,515306,515308,2,27
515279,515306,515308,2,27
515279,515303,515308,5,24
515279,515305,515309,4,26
515279,515302,515308,6,23
515279,515307,515309,2,28
515279,515306,515309,3,27
515279,515306,515309,3,27
515279,515306,515309,3,27
515279,515307,515309,2,28
515279,515307,515310,3,28
515279,515308,515310,2,29
515279,515305,515310,5,26
515279,515309,515311,2,30
515279,515309,515311,2,30
515279,515310,515311,1,31
515279,515308,515311,3,29
515279,515307,515312,5,28
515279,515309,515311,2,30
515279,515309,515312,3,30
515279,515309,515313,4,30
515279,515304,515314,10,25
515279,515310,515314,4,31
515279,515306,515334,28,27
515279,515309,515338,29,30
512179,512201,515363,3162,22
515365,515365,515366,1,0
515365,515365,515367,2,0
515365,515365,515366,1,0
515365,515365,515366,1,0
515365,515365,515367,2,0
515365,515365,515367,2,0
515365,515365,515367,2,0
515365,515365,515366,1,0
515365,515365,515367,2,0
515365,515365,515368,3,0
515365,515365,515368,3,0
515365,515366,515367,1,1
515365,515367,515368,1,2
515365,515367,515368,1,2
515365,515367,515368,1,2
515365,515367,515369,2,2
515365,515367,515368,1,2
515365,515367,515369,2,2
515365,515367,515369,2,2
515365,515368,515370,2,3
515365,515368,515369,1,3
515365,515368,515369,1,3
515365,515365,515370,5,0
515365,515365,515370,5,0
515365,515368,515371,3,3
515365,515369,515371,2,4
515365,515369,515370,1,4
515365,515369,515370,1,4
515365,515368,515370,2,3
515365,515369,515370,1,4
515365,515369,515371,2,4
515365,515369,515371,2,4
515365,515370,515371,1,5
515365,515370,515372,2,5
515365,515370,515373,3,5
515365,515371,515373,2,6
515365,515371,515373,2,6
515365,515371,515373,2,6
515365,515371,515373,2,6
515365,515365,515374,9,0
515365,515371,515374,3,6
515365,515371,515373,2,6
515365,515371,515373,2,6
515365,515371,515373,2,6
515365,515371,515374,3,6
515365,515372,515374,2,7
515365,515373,515375,2,8
515365,515371,515374,3,6
512102,512124,515374,3250,22
515365,515373,515375,2,8
515365,515373,515375,2,8
515365,515373,515375,2,8
515365,515373,515375,2,8
515365,515374,515376,2,9
515365,515371,515377,6,6
515365,515375,515377,2,10
515365,515375,515377,2,10
515365,515375,515377,2,10
515365,515374,515376,2,9
515365,515374,515377,3,9
515365,515374,515377,3,9
515365,515375,515377,2,10
515365,515365,515378,13,0
515365,515374,515377,3,9
515365,515375,515378,3,10
515365,515375,515378,3,10
515365,515376,515378,2,11
515365,515376,515379,3,11
515365,515377,515379,2,12
515365,515377,515379,2,12
515365,515377,515379,2,12
515365,515377,515379,2,12
515365,515377,515379,2,12
515365,515377,515379,2,12
515365,515377,515379,2,12
515365,515365,515380,15,0
515365,515374,515380,6,9
515365,515377,515380,3,12
515365,515378,515380,2,13
515365,515378,515381,3,13
515365,515379,515381,2,14
515365,515379,515381,2,14
515365,515379,515381,2,14
515365,515378,515381,3,13
515365,515379,515381,2,14
515365,515379,515381,2,14
515365,515379,515381,2,14
515365,515379,515381,2,14
515365,515379,515382,3,14
515365,515378,515382,4,13
515365,515380,515382,2,15
515365,515374,515383,9,9
515365,515380,515382,2,15
515365,515381,515383,2,16
515365,515381,515383,2,16
515365,515381,515383,2,16
515365,515381,515383,2,16
515365,515382,515383,1,17
515365,515382,515383,1,17
515365,515382,515383,1,17
515365,515382,515383,1,17
515365,515382,515384,2,17
515365,515381,515384,3,16
515365,515382,515385,3,17
515365,515383,515385,2,18
515365,515383,515385,2,18
515365,515383,515385,2,18
515365,515384,515385,1,19
515365,515384,515385,1,19
515365,515384,515385,1,19
515365,515384,515385,1,19
515365,515384,515385,1,19
515365,515382,515385,3,17
515365,515380,515386,6,15
515365,515384,515386,2,19
515365,515386,515387,1,21
515365,515386,515387,1,21
515365,515386,515387,1,21
515365,515386,515387,1,21
515365,515386,515388,2,21
515365,515386,515387,1,21
515365,515386,515388,2,21
515365,515385,515388,3,20
515365,515384,515388,4,19
515365,515386,515388,2,21
515365,515383,515389,6,18
515365,515386,515389,3,21
515365,515388,515389,1,23
515365,515388,515389,1,23
515365,515388,515389,1,23
515365,515388,515390,2,23
515365,515388,515390,2,23
515365,515388,515390,2,23
515365,515388,515390,2,23
515365,515389,515390,1,24
515365,515386,515391,5,21
515365,515389,515391,2,24
515365,515390,515391,1,25
515365,515390,515391,1,25
515365,515390,515391,1,25
515365,515388,515392,4,23
515365,515388,515391,3,23
515365,515390,515392,2,25
515376,515392,515393,1,16
515365,515391,515392,1,26
515376,515391,515392,1,15
515365,515389,515392,3,24
515376,515391,515392,1,15
515376,515392,515393,1,16
515365,515391,515393,2,26
515376,515393,515394,1,17
515376,515392,515393,1,16
515376,515393,515394,1,17
515376,515393,515394,1,17
515376,515393,515394,1,17
515376,515392,515395,3,16
515376,515391,515395,4,15
515376,515393,515395,2,17
515376,515392,515395,3,16
515376,515393,515394,1,17
515376,515394,515395,1,18
515376,515394,515395,1,18
515376,515394,515395,1,18
515376,515394,515395,1,18
515365,515386,515396,10,21
515376,515395,515396,1,19
515376,515395,515396,1,19
515376,515395,515397,2,19
515376,515395,515397,2,19
515376,515396,515398,2,20
515376,515396,515397,1,20
515376,515396,515397,1,20
515376,515396,515397,1,20
515376,515397,515398,1,21
515376,515397,515398,1,21
515365,515383,515397,14,18
515376,515395,515398,3,19
515376,515395,515397,2,19
515376,515396,515398,2,20
515376,515395,515398,3,19
515376,515398,515399,1,22
515376,515398,515399,1,22
515376,515398,515400,2,22
515376,515398,515399,1,22
515376,515398,515399,1,22
515376,515398,515400,2,22
515376,515397,515399,2,21
515376,515399,515401,2,23
515376,515398,515401,3,22
515376,515398,515401,3,22
515376,515399,515401,2,23
515376,515400,515402,2,24
515376,515400,515402,2,24
515376,515399,515401,2,23
515376,515400,515402,2,24
515376,515400,515402,2,24
515376,515400,515402,2,24
515376,515396,515402,6,20
515376,515401,515402,1,25
515365,515380,515403,23,15
515376,515400,515403,3,24
515376,515398,515403,5,22
515376,515402,515404,2,26
515376,515402,515404,2,26
515376,515402,515404,2,26
515376,515402,515404,2,26
515376,515402,515404,2,26
515365,515365,515404,39,0
515376,515401,515404,3,25
515376,515402,515404,2,26
515376,515402,515404,2,26
515376,515402,515404,2,26
515365,515378,515405,27,13
515376,515404,515406,2,28
515376,515404,515406,2,28
515376,515403,515406,3,27
515376,515404,515406,2,28
515376,515398,515406,8,22
515376,515403,515406,3,27
515376,515405,515407,2,29
515376,515405,515407,2,29
515376,515403,515407,4,27
515376,515404,515407,3,28
515376,515405,515407,2,29
515376,515405,515407,2,29
515376,515406,515408,2,30
515376,515406,515408,2,30
515376,515406,515408,2,30
515376,515406,515408,2,30
515376,515404,515408,4,28
515376,515403,515408,5,27
515376,515407,515409,2,31
515376,515404,515409,5,28
515376,515408,515410,2,32
515376,515408,515410,2,32
515376,515408,515410,2,32
515376,515408,515410,2,32
515376,515408,515411,3,32
515376,515407,515411,4,31
515376,515409,515411,2,33
515376,515408,515411,3,32
515376,515408,515411,3,32
515376,515409,515411,2,33
515376,515410,515412,2,34
515376,515410,515411,1,34
515376,515410,515412,2,34
515376,515410,515412,2,34
515376,515412,515413,1,36
515376,515411,515413,2,35
515376,515412,515413,1,36
515376,515412,515414,2,36
515376,515412,515414,2,36
515376,515412,515414,2,36
515376,515412,515414,2,36
515376,515413,515414,1,37
515376,515413,515414,1,37
515376,515410,515415,5,34
515376,515406,515415,9,30
515376,515414,515415,1,38
515376,515414,515416,2,38
515376,515414,515416,2,38
515376,515414,515416,2,38
515376,515414,515417,3,38
515376,515415,515416,1,39
515376,515415,515416,1,39
515376,515405,515417,12,29
515376,515415,515417,2,39
515376,515416,515417,1,40
515376,515416,515418,2,40
515376,515416,515418,2,40
515376,515415,515418,3,39
515376,515415,515418,3,39
515376,515416,515418,2,40
515376,515417,515419,2,41
515376,515405,515407,2,29
515376,515417,515419,2,41
515376,515418,515419,1,42
515376,515415,515420,5,39
515376,515419,515420,1,43
515376,515418,515420,2,42
515376,515417,515420,3,41
515376,515419,515421,2,43
515376,515419,515420,1,43
515376,515419,515421,2,43
515376,515412,515421,9,36
515376,515406,515421,15,30
515376,515419,515421,2,43
515376,515420,515422,2,44
515376,515420,515421,1,44
515376,515419,515421,2,43
515376,515421,515422,1,45
515376,515419,515422,3,43
515376,515421,515423,2,45
515376,515421,515423,2,45
515376,515420,515423,3,44
515376,515421,515423,2,45
515376,515417,515424,7,41
515376,515421,515424,3,45
515376,515421,515424,3,45
515376,515419,515426,7,43
515376,515408,515435,27,32
510692,510719,515484,4765,27
515485,515485,515486,1,0
515485,515485,515486,1,0
515485,515485,515486,1,0
515485,515485,515486,1,0
515485,515485,515486,1,0
515485,515485,515486,1,0
515485,515485,515486,1,0
515485,515485,515487,2,0
515485,515485,515487,2,0
515485,515485,515487,2,0
515485,515485,515487,2,0
515485,515487,515488,1,2
515485,515487,515488,1,2
515485,515487,515488,1,2
515485,515487,515488,1,2
515485,515487,515488,1,2
515485,515485,515489,4,0
515485,515488,515489,1,3
515485,515488,515490,2,3
515485,515487,515489,2,2
515485,515488,515489,1,3
515485,515488,515489,1,3
515485,515488,515490,2,3
515485,515487,515490,3,2
515485,515489,515490,1,4
515485,515489,515490,1,4
515485,515489,515490,1,4
515485,515488,515491,3,3
515485,515490,515492,2,5
515485,515490,515491,1,5
515485,515490,515491,1,5
515485,515490,515491,1,5
515485,515485,515492,7,0
515485,515490,515492,2,5
515485,515491,515492,1,6
515485,515491,515492,1,6
515485,515491,515492,1,6
515485,515491,515492,1,6
515485,515485,515493,8,0
515485,515485,515493,8,0
515485,515492,515493,1,7
515485,515491,515493,2,6
515485,515490,515494,4,5
515485,515492,515494,2,7
515485,515492,515494,2,7
515485,515492,515493,1,7
515485,515493,515494,1,8
515485,515493,515495,2,8
515485,515493,515494,1,8
515485,515493,515494,1,8
515485,515492,515495,3,7
515485,515493,515496,3,8
515485,515494,515496,2,9
515485,515493,515495,2,8
515485,515494,515496,2,9
515485,515494,515495,1,9
515485,515485,515496,11,0
515485,515494,515496,2,9
515485,515494,515496,2,9
515485,515495,515496,1,10
515485,515495,515497,2,10
515485,515495,515497,2,10
515485,515495,515497,2,10
515485,515496,515498,2,11
515485,515496,515497,1,11
515485,515496,515497,1,11
515485,515496,515498,2,11
515485,515497,515499,2,12
515485,515496,515499,3,11
515485,515497,515499,2,12
515485,515494,515498,4,9
515485,515497,515499,2,12
515485,515497,515499,2,12
515485,515497,515499,2,12
515485,515494,515499,5,9
515485,515497,515500,3,12
515485,515496,515499,3,11
515485,515498,515500,2,13
515485,515498,515500,2,13
515485,515498,515500,2,13
515485,515499,515501,2,14
515485,515499,515501,2,14
515485,515499,515501,2,14
515485,515499,515501,2,14
515485,515499,515501,2,14
515485,515499,515501,2,14
515485,515500,515501,1,15
515485,515500,515502,2,15
515485,515499,515503,4,14
515485,515501,515502,1,16
515485,515501,515502,1,16
515485,515501,515502,1,16
515485,515501,515502,1,16
515485,515501,515502,1,16
515485,515497,515503,6,12
515485,515502,515503,1,17
515485,515500,515503,3,15
515485,515499,515503,4,14
515485,515500,515503,3,15
515485,515502,515503,1,17
515485,515502,515503,1,17
515485,515485,515505,20,0
515485,515502,515504,2,17
515485,515503,515504,1,18
515485,515503,515504,1,18
515485,515503,515505,2,18
515485,515503,515505,2,18
515485,515503,515505,2,18
515485,515503,515505,2,18
515485,515504,515506,2,19
515485,515504,515506,2,19
515485,515504,515507,3,19
515485,515504,515507,3,19
515485,515505,515507,2,20
515485,515505,515507,2,20
515485,515505,515507,2,20
515485,515505,515507,2,20
515485,515505,515507,2,20
515485,515505,515507,2,20
515485,515504,515508,4,19
515485,515504,515507,3,19
515485,515505,515508,3,20
515485,515506,515508,2,21
515485,515504,515509,5,19
515485,515506,515509,3,21
515485,515507,515509,2,22
515485,515507,515509,2,22
515485,515506,515508,2,21
515485,515507,515509,2,22
515485,515507,515510,3,22
515485,515507,515510,3,22
515485,515509,515511,2,24
515485,515508,515511,3,23
515485,515508,515511,3,23
515485,515508,515511,3,23
515485,515508,515512,4,23
515485,515509,515511,2,24
515485,515509,515512,3,24
515485,515509,515511,2,24
515485,515510,515512,2,25
515485,515509,515513,4,24
515485,515508,515512,4,23
515485,515511,515513,2,26
515485,515511,515515,4,26
515485,515509,515517,8,24
515485,515494,515518,24,9
515485,515508,515518,10,23
515485,515500,515520,20,15
515485,515507,515521,14,22
510784,510814,515564,4750,30
515564,515565,515566,1,1
515564,515565,515566,1,1
515564,515565,515566,1,1
515564,515565,515566,1,1
515564,515565,515566,1,1
515564,515565,515566,1,1
515564,515565,515566,1,1
515564,515565,515567,2,1
515564,515565,515567,2,1
515564,515565,515567,2,1
515564,515565,515568,3,1
515564,515567,515568,1,3
515564,515567,515568,1,3
515564,515567,515568,1,3
515564,515567,515568,1,3
515564,515567,515568,1,3
515564,515567,515568,1,3
515564,515567,515569,2,3
515564,515565,515570,5,1
515564,515568,515570,2,4
515564,515565,515570,5,1
515564,515568,515570,2,4
515564,515568,515570,2,4
515564,515569,515570,1,5
515564,515569,515570,1,5
515564,515569,515570,1,5
515564,515569,515570,1,5
515564,515569,515570,1,5
515564,515569,515571,2,5
515564,515569,515571,2,5
515564,515565,515572,7,1
515564,515570,515572,2,6
515564,515571,515572,1,7
515564,515571,515572,1,7
515564,515571,515572,1,7
515564,515571,515573,2,7
515564,515571,515572,1,7
515564,515571,515573,2,7
515564,515565,515573,8,1
515564,515571,515573,2,7
515564,515571,515573,2,7
515564,515572,515573,1,8
515564,515572,515574,2,8
515564,515571,515574,3,7
515564,515573,515574,1,9
515564,515573,515574,1,9
515564,515573,515574,1,9
515564,515573,515574,1,9
515564,515573,515574,1,9
515564,515571,515575,4,7
515564,515565,515575,10,1
515564,515573,515575,2,9
515564,515573,515576,3,9
515564,515574,515576,2,10
515564,515574,515576,2,10
515564,515574,515576,2,10
515564,515575,515577,2,11
515564,515575,515577,2,11
515564,515574,515577,3,10
515564,515575,515577,2,11
515564,515575,515577,2,11
515564,515576,515578,2,12
515564,515575,515577,2,11
515564,515576,515578,2,12
515564,515575,515578,3,11
515564,515575,515578,3,11
515564,515576,515578,2,12
515564,515577,515579,2,13
515564,515577,515579,2,13
515564,515577,515579,2,13
515564,515578,515580,2,14
515564,515577,515580,3,13
515564,515578,515581,3,14
515564,515578,515580,2,14
515564,515578,515580,2,14
515564,515578,515580,2,14
515564,515579,515581,2,15
515564,515565,515581,16,1
515564,515574,515581,7,10
515564,515579,515582,3,15
515564,515579,515581,2,15
515564,515579,515581,2,15
515564,515580,515582,2,16
515564,515580,515582,2,16
515564,515579,515582,3,15
515564,515579,515583,4,15
515564,515581,515583,2,17
515564,515576,515584,8,12
515564,515576,515583,7,12
515564,515581,515583,2,17
515564,515581,515583,2,17
515564,515582,515584,2,18
515564,515582,515583,1,18
515564,515582,515583,1,18
515564,515582,515584,2,18
515564,515581,515585,4,17
515564,515582,515584,2,18
515564,515583,515585,2,19
515564,515582,515584,2,18
515564,515583,515585,2,19
515564,515583,515585,2,19
515564,515583,515585,2,19
515564,515584,515585,1,20
515564,515584,515586,2,20
515564,515584,515586,2,20
515564,515584,515586,2,20
515564,515584,515586,2,20
515564,515585,515587,2,21
515564,515581,515586,5,17
515564,515585,515587,2,21
515564,515585,515588,3,21
515564,515586,515588,2,22
515564,515586,515588,2,22
515564,515586,515588,2,22
515564,515586,515588,2,22
515564,515586,515588,2,22
515564,515586,515588,2,22
515564,515585,515588,3,21
515564,515586,515589,3,22
515564,515587,515589,2,23
515564,515585,515590,5,21
515564,515587,515589,2,23
515564,515588,515590,2,24
515564,515588,515590,2,24
515564,515588,515590,2,24
515564,515588,515590,2,24
515564,515588,515590,2,24
515564,515589,515591,2,25
515564,515590,515592,2,26
515564,515590,515592,2,26
515564,515589,515592,3,25
515564,515584,515592,8,20
515564,515589,515592,3,25
515564,515589,515593,4,25
515564,515590,515592,2,26
515564,515590,515592,2,26
515564,515590,515592,2,26
515564,515591,515593,2,27
515564,515584,515594,10,20
515564,515585,515594,9,21
515564,515591,515594,3,27
515564,515587,515593,6,23
515564,515592,515594,2,28
515564,515592,515594,2,28
515564,515593,515595,2,29
515564,515593,515596,3,29
515564,515593,515596,3,29
515564,515593,515597,4,29
515564,515590,515598,8,26
515564,515582,515603,21,18
512420,512459,515735,3276,39
515736,515736,515737,1,0
515736,515736,515738,2,0
515736,515736,515738,2,0
515736,515736,515738,2,0
515736,515736,515738,2,0
515736,515736,515738,2,0
515736,515736,515738,2,0
515736,515736,515738,2,0
515736,515736,515738,2,0
515736,515736,515738,2,0
515736,515737,515738,1,1
515736,515736,515739,3,0
515736,515737,515739,2,1
515736,515739,515740,1,3
515736,515738,515740,2,2
515736,515739,515740,1,3
515736,515739,515740,1,3
515736,515739,515740,1,3
515736,515739,515740,1,3
515736,515739,515740,1,3
515736,515739,515740,1,3
515736,515740,515741,1,4
515736,515739,515742,3,3
515736,515739,515742,3,3
515736,515736,515742,6,0
515736,515739,515742,3,3
515736,515741,515742,1,5
515736,515741,515742,1,5
515736,515741,515742,1,5
515736,515741,515742,1,5
515736,515741,515742,1,5
515736,515741,515742,1,5
515736,515741,515742,1,5
515736,515741,515742,1,5
515736,515741,515743,2,5
515736,515736,515744,8,0
515736,515736,515744,8,0
515736,515743,515744,1,7
515736,515743,515744,1,7
515736,515743,515745,2,7
515736,515742,515745,3,6
515736,515743,515745,2,7
515736,515743,515745,2,7
515736,515743,515745,2,7
515736,515743,515745,2,7
515736,515743,515745,2,7
515736,515743,515746,3,7
515736,515745,515747,2,9
515736,515745,515746,1,9
515736,515744,515747,3,8
515736,515743,515748,5,7
515736,515746,515748,2,10
515736,515746,515747,1,10
515736,515745,515747,2,9
515736,515746,515748,2,10
515736,515746,515748,2,10
515736,515746,515748,2,10
515736,515746,515748,2,10
515736,515747,515748,1,11
515736,515747,515748,1,11
515736,515746,515749,3,10
515736,515743,515749,6,7
515736,515748,515749,1,12
515736,515748,515749,1,12
515736,515748,515749,1,12
515736,515748,515750,2,12
515736,515748,515750,2,12
515736,515749,515750,1,13
515736,515748,515750,2,12
515736,515749,515750,1,13
515736,515749,515750,1,13
515736,515736,515751,15,0
515736,515749,515752,3,13
515736,515750,515752,2,14
515736,515750,515751,1,14
515736,515750,515751,1,14
515736,515736,515752,16,0
515736,515748,515752,4,12
515736,515751,515752,1,15
515736,515751,515752,1,15
515736,515751,515753,2,15
515736,515750,515752,2,14
515736,515751,515752,1,15
515736,515750,515754,4,14
515736,515750,515753,3,14
515736,515752,515754,2,16
512342,512368,515754,3386,26
515736,515752,515754,2,16
515736,515752,515753,1,16
515736,515752,515754,2,16
515736,515751,515754,3,15
515736,515753,515755,2,17
515736,515753,515754,1,17
515736,515753,515755,2,17
515736,515753,515755,2,17
515736,515754,515755,1,18
515736,515753,515755,2,17
515736,515754,515755,1,18
515736,515754,515756,2,18
515736,515754,515755,1,18
515736,515754,515757,3,18
515736,515753,515756,3,17
515736,515755,515757,2,19
515736,515755,515757,2,19
515736,515755,515757,2,19
515736,515755,515757,2,19
515736,515754,515757,3,18
515736,515755,515757,2,19
515736,515756,515758,2,20
515736,515756,515757,1,20
515736,515756,515758,2,20
515736,515756,515758,2,20
515736,515756,515757,1,20
515736,515745,515759,14,9
515736,515755,515758,3,19
515736,515757,515759,2,21
515736,515757,515759,2,21
515736,515757,515759,2,21
515736,515757,515759,2,21
515736,515757,515759,2,21
515736,515758,515760,2,22
515736,515758,515760,2,22
515736,515758,515760,2,22
515736,515758,515760,2,22
515736,515758,515760,2,22
515736,515745,515760,15,9
515736,515759,515761,2,23
515736,515759,515761,2,23
515736,515759,515761,2,23
515736,515759,515761,2,23
515736,515752,515761,9,16
515736,515753,515761,8,17
515736,515758,515761,3,22
515736,515759,515761,2,23
515736,515760,515762,2,24
515736,515760,515762,2,24
515736,515760,515762,2,24
515736,515757,515762,5,21
515736,515758,515762,4,22
515736,515760,515762,2,24
515736,515760,515763,3,24
515736,515761,515763,2,25
515736,515761,515763,2,25
515755,515762,515763,1,7
515736,515760,515763,3,24
515755,515762,515763,1,7
515755,515762,515764,2,7
515736,515761,515764,3,25
515755,515762,515764,2,7
515755,515763,515765,2,8
515755,515763,515765,2,8
515755,515763,515765,2,8
515755,515764,515765,1,9
515755,515764,515765,1,9
515755,515764,515765,1,9
515755,515765,515766,1,10
515736,515762,515765,3,26
515755,515764,515766,2,9
515755,515764,515765,1,9
515755,515764,515765,1,9
515755,515765,515766,1,10
515755,515766,515767,1,11
515755,515766,515767,1,11
515755,515765,515766,1,10
515755,515765,515767,2,10
515755,515766,515767,1,11
515755,515766,515767,1,11
515755,515763,515767,4,8
515755,515766,515767,1,11
515755,515766,515768,2,11
515755,515767,515768,1,12
515755,515767,515768,1,12
515755,515767,515768,1,12
515755,515766,515768,2,11
515755,515766,515769,3,11
515755,515767,515768,1,12
515755,515767,515769,2,12
515755,515768,515769,1,13
515755,515768,515769,1,13
515755,515765,515770,5,10
515755,515768,515770,2,13
515755,515768,515770,2,13
515755,515769,515770,1,14
515755,515769,515770,1,14
515755,515769,515770,1,14
515755,515769,515770,1,14
515755,515769,515771,2,14
515755,515769,515772,3,14
515755,515770,515771,1,15
515755,515769,515772,3,14
515755,515770,515772,2,15
515736,515759,515772,13,23
515755,515770,515772,2,15
515755,515771,515773,2,16
515755,515771,515773,2,16
515755,515771,515772,1,16
515755,515770,515773,3,15
515755,515771,515773,2,16
515755,515772,515773,1,17
515755,515772,515774,2,17
515755,515768,515774,6,13
515755,515772,515774,2,17
515755,515772,515775,3,17
515755,515773,515775,2,18
515755,515773,515775,2,18
515755,515774,515775,1,19
515755,515774,515776,2,19
515736,515761,515775,14,25
515755,515772,515775,3,17
515755,515773,515775,2,18
515755,515773,515775,2,18
515755,515774,515775,1,19
515755,515773,515775,2,18
515755,515774,515776,2,19
515755,515774,515776,2,19
515755,515775,515776,1,20
515755,515775,515777,2,20
515755,515776,515777,1,21
515755,515776,515777,1,21
515755,515776,515778,2,21
515755,515776,515778,2,21
515755,515776,515777,1,21
515755,515775,515778,3,20
515755,515776,515778,2,21
515755,515776,515778,2,21
515755,515776,515778,2,21
515755,515777,515779,2,22
515755,515777,515779,2,22
515755,515778,515779,1,23
515755,515778,515779,1,23
515755,515778,515780,2,23
515755,515778,515780,2,23
515755,515778,515780,2,23
515755,515779,515780,1,24
515755,515779,515780,1,24
515755,515779,515781,2,24
515755,515779,515781,2,24
515755,515780,515781,1,25
515755,515780,515781,1,25
515755,515770,515782,12,15
515755,515777,515781,4,22
515755,515780,515782,2,25
515755,515780,515782,2,25
515755,515778,515781,3,23
515755,515780,515782,2,25
515755,515781,515782,1,26
515755,515781,515782,1,26
515755,515779,515782,3,24
515755,515781,515783,2,26
515755,515781,515782,1,26
515755,515782,515783,1,27
515755,515782,515783,1,27
515755,515782,515784,2,27
515755,515782,515784,2,27
515755,515782,515784,2,27
515755,515782,515784,2,27
515755,515783,515784,1,28
515755,515783,515784,1,28
515755,515782,515785,3,27
515755,515783,515785,2,28
515755,515783,515785,2,28
515755,515784,515785,1,29
515755,515784,515786,2,29
515755,515784,515786,2,29
515755,515784,515786,2,29
515755,515784,515786,2,29
515755,515785,515787,2,30
515755,515785,515786,1,30
515755,515783,515787,4,28
515755,515785,515787,2,30
515755,515785,515787,2,30
515755,515786,515788,2,31
515755,515786,515788,2,31
515755,515782,515788,6,27
515755,515784,515787,3,29
515755,515785,515788,3,30
515755,515786,515788,2,31
515755,515786,515788,2,31
515755,515787,515789,2,32
515755,515787,515789,2,32
515736,515762,515789,27,26
515755,515786,515789,3,31
515755,515788,515789,1,33
515755,515788,515789,1,33
515755,515776,515789,13,21
515755,515788,515789,1,33
515755,515788,515790,2,33
515755,515789,515790,1,34
515755,515789,515791,2,34
515755,515789,515791,2,34
515755,515788,515791,3,33
515755,515787,515791,4,32
515755,515788,515791,3,33
515736,515762,515791,29,26
515755,515788,515791,3,33
515755,515789,515792,3,34
515755,515790,515792,2,35
515755,515773,515794,21,18
515755,515788,515793,5,33
515755,515789,515794,5,34
513858,513889,517078,3189,31
517078,517079,517080,1,1
517078,517079,517080,1,1
517078,517079,517080,1,1
517078,517080,517081,1,2
517078,517079,517081,2,1
517078,517079,517081,2,1
517078,517079,517081,2,1
517078,517079,517081,2,1
517078,517079,517081,2,1
517078,517079,517081,2,1
517078,517080,517081,1,2
517078,517081,517082,1,3
517078,517081,517082,1,3
517078,517082,517083,1,4
517078,517082,517083,1,4
517078,517082,517084,2,4
517078,517082,517084,2,4
517078,517082,517083,1,4
517078,517082,517083,1,4
517078,517082,517083,1,4
517078,517082,517083,1,4
517078,517082,517083,1,4
517078,517082,517084,2,4
517078,517083,517084,1,5
517078,517084,517085,1,6
517078,517084,517085,1,6
517078,517084,517085,1,6
517078,517084,517085,1,6
517078,517079,517086,7,1
517078,517079,517086,7,1
517078,517084,517086,2,6
517078,517084,517086,2,6
517078,517084,517086,2,6
517078,517085,517087,2,7
517078,517085,517087,2,7
517078,517079,517088,9,1
517078,517084,517088,4,6
517078,517086,517088,2,8
517078,517087,517088,1,9
517078,517086,517088,2,8
517078,517086,517088,2,8
517078,517086,517088,2,8
517078,517079,517090,11,1
517078,517087,517089,2,9
517078,517087,517089,2,9
517078,517084,517090,6,6
517078,517087,517089,2,9
517078,517089,517090,1,11
517078,517087,517090,3,9
517078,517088,517090,2,10
517078,517089,517090,1,11
517078,517089,517090,1,11
517078,517089,517090,1,11
517078,517089,517090,1,11
517078,517089,517090,1,11
517078,517090,517091,1,12
517078,517089,517091,2,11
517078,517090,517092,2,12
517078,517091,517092,1,13
517078,517090,517092,2,12
517078,517091,517093,2,13
517078,517091,517092,1,13
517078,517091,517092,1,13
517078,517091,517092,1,13
517078,517091,517093,2,13
517078,517091,517092,1,13
517078,517092,517093,1,14
517078,517091,517093,2,13
517078,517093,517094,1,15
517078,517093,517094,1,15
517078,517093,517095,2,15
517078,517093,517095,2,15
517078,517093,517094,1,15
517078,517093,517094,1,15
517078,517093,517095,2,15
517078,517092,517095,3,14
517078,517093,517095,2,15
517078,517094,517095,1,16
517078,517093,517096,3,15
517078,517079,517096,17,1
517078,517090,517097,7,12
517078,517095,517096,1,17
517078,517094,517096,2,16
517078,517095,517097,2,17
517078,517095,517097,2,17
517078,517095,517097,2,17
517078,517095,517096,1,17
517078,517095,517097,2,17
517078,517090,517097,7,12
517078,517096,517097,1,18
517078,517096,517098,2,18
517078,517096,517098,2,18
517078,517096,517098,2,18
517078,517097,517098,1,19
517078,517096,517098,2,18
517078,517097,517099,2,19
517078,517097,517099,2,19
517078,517097,517098,1,19
517078,517097,517099,2,19
517078,517097,517098,1,19
517078,517079,517099,20,1
517078,517097,517099,2,19
517078,517098,517099,1,20
517078,517097,517099,2,19
517078,517099,517100,1,21
517078,517099,517100,1,21
517078,517099,517101,2,21
517078,517099,517101,2,21
517078,517099,517101,2,21
517078,517099,517101,2,21
517078,517099,517101,2,21
517078,517099,517101,2,21
517078,517099,517101,2,21
517078,517100,517102,2,22
517078,517099,517102,3,21
517078,517100,517101,1,22
517078,517101,517103,2,23
517078,517101,517103,2,23
517078,517101,517103,2,23
517078,517101,517103,2,23
517078,517101,517103,2,23
517078,517101,517103,2,23
517078,517101,517103,2,23
517078,517100,517103,3,22
517078,517102,517104,2,24
517078,517102,517105,3,24
517078,517102,517105,3,24
517078,517102,517105,3,24
517078,517103,517105,2,25
517078,517103,517105,2,25
517078,517103,517105,2,25
517078,517103,517105,2,25
517078,517103,517105,2,25
517078,517103,517105,2,25
517078,517102,517105,3,24
517078,517104,517106,2,26
517078,517104,517106,2,26
517078,517105,517107,2,27
517078,517104,517107,3,26
517078,517105,517107,2,27
517078,517105,517108,3,27
517078,517105,517108,3,27
517078,517087,517109,22,9
517078,517097,517112,15,19
517078,517100,517116,16,22
517078,517098,517128,30,20
513921,513946,517196,3250,25
517197,517197,517198,1,0
517197,517197,517198,1,0
517197,517197,517198,1,0
517197,517197,517198,1,0
517197,517197,517199,2,0
517197,517197,517199,2,0
517197,517197,517198,1,0
517197,517197,517199,2,0
517197,517197,517199,2,0
517197,517198,517199,1,1
517197,517197,517200,3,0
517197,517197,517199,2,0
517197,517197,517200,3,0
517197,517198,517200,2,1
517197,517198,517199,1,1
517197,517199,517201,2,2
517197,517198,517201,3,1
517197,517199,517201,2,2
517197,517199,517200,1,2
517197,517199,517200,1,2
517197,517199,517201,2,2
517197,517199,517201,2,2
517197,517200,517201,1,3
517197,517197,517201,4,0
517197,517200,517201,1,3
517197,517201,517202,1,4
517197,517200,517202,2,3
517197,517201,517202,1,4
517197,517200,517202,2,3
517197,517200,517203,3,3
517197,517201,517203,2,4
517197,517201,517203,2,4
517197,517201,517203,2,4
517197,517201,517203,2,4
517197,517202,517204,2,5
517197,517202,517204,2,5
517197,517202,517204,2,5
517197,517202,517204,2,5
517197,517203,517204,1,6
517197,517203,517204,1,6
517197,517202,517204,2,5
517197,517203,517205,2,6
517197,517204,517205,1,7
517197,517203,517206,3,6
517197,517197,517206,9,0
517197,517197,517206,9,0
517197,517197,517206,9,0
517197,517203,517206,3,6
517197,517203,517206,3,6
517197,517204,517206,2,7
517197,517204,517206,2,7
517197,517205,517206,1,8
517197,517205,517206,1,8
517197,517205,517206,1,8
517197,517204,517207,3,7
517197,517197,517207,10,0
517197,517204,517207,3,7
517197,517206,517207,1,9
517197,517206,517207,1,9
517197,517205,517208,3,8
517197,517207,517208,1,10
517197,517207,517208,1,10
517197,517207,517208,1,10
517197,517207,517208,1,10
517197,517207,517208,1,10
517197,517207,517208,1,10
517197,517206,517209,3,9
517197,517206,517209,3,9
517197,517206,517209,3,9
517197,517208,517209,1,11
517197,517208,517209,1,11
517197,517208,517209,1,11
517197,517207,517210,3,10
517197,517209,517210,1,12
517197,517209,517210,1,12
517197,517209,517210,1,12
517197,517209,517210,1,12
517197,517209,517210,1,12
517197,517209,517210,1,12
517197,517209,517211,2,12
517197,517210,517211,1,13
517197,517210,517211,1,13
517197,517210,517211,1,13
517197,517209,517212,3,12
517197,517210,517212,2,13
517197,517211,517212,1,14
517197,517211,517212,1,14
517197,517211,517212,1,14
517197,517211,517212,1,14
517197,517211,517212,1,14
517197,517211,517213,2,14
517197,517210,517213,3,13
517197,517212,517213,1,15
517197,517212,517213,1,15
517197,517212,517213,1,15
517197,517206,517214,8,9
517197,517212,517214,2,15
517197,517213,517214,1,16
517197,517213,517214,1,16
517197,517213,517214,1,16
517197,517213,517214,1,16
517197,517213,517214,1,16
517197,517213,517214,1,16
517197,517212,517215,3,15
517197,517213,517215,2,16
517197,517214,517215,1,17
517197,517214,517215,1,17
517197,517214,517215,1,17
517197,517213,517216,3,16
517197,517215,517217,2,18
517197,517215,517217,2,18
517197,517215,517216,1,18
517197,517215,517216,1,18
517197,517215,517217,2,18
517197,517215,517216,1,18
517197,517216,517217,1,19
517197,517216,517217,1,19
517197,517216,517218,2,19
517197,517215,517218,3,18
517197,517215,517218,3,18
517197,517217,517218,1,20
517197,517217,517218,1,20
517197,517217,517218,1,20
517197,517217,517219,2,20
517197,517217,517219,2,20
517197,517217,517219,2,20
517197,517216,517219,3,19
517197,517217,517219,2,20
517197,517218,517219,1,21
517197,517218,517220,2,21
517197,517218,517220,2,21
517197,517219,517220,1,22
517197,517219,517220,1,22
517197,517219,517220,1,22
517197,517219,517221,2,22
517197,517219,517221,2,22
517197,517218,517221,3,21
517197,517220,517222,2,23
517197,517220,517222,2,23
517197,517220,517222,2,23
517197,517220,517222,2,23
517197,517219,517222,3,22
517197,517220,517222,2,23
517197,517221,517223,2,24
517197,517221,517223,2,24
517197,517220,517223,3,23
517197,517206,517227,21,9
517197,517209,517228,19,12
512483,512517,517229,4712,34
517197,517207,517229,22,10
517230,517230,517231,1,0
517230,517230,517231,1,0
517197,517215,517230,15,18
517230,517230,517231,1,0
517230,517230,517231,1,0
517230,517230,517231,1,0
517230,517230,517231,1,0
517230,517231,517232,1,1
517230,517230,517231,1,0
517230,517230,517231,1,0
517230,517230,517232,2,0
517230,517230,517232,2,0
517230,517230,517232,2,0
517230,517230,517232,2,0
517230,517230,517232,2,0
517230,517232,517233,1,2
517230,517232,517233,1,2
517230,517232,517233,1,2
517230,517231,517232,1,1
517230,517232,517233,1,2
517230,517232,517233,1,2
517230,517232,517233,1,2
517230,517232,517233,1,2
517230,517230,517233,3,0
517230,517232,517234,2,2
517230,517233,517235,2,3
517230,517233,517234,1,3
517230,517233,517234,1,3
517230,517233,517234,1,3
517230,517233,517234,1,3
517230,517233,517234,1,3
517230,517233,517235,2,3
517230,517234,517235,1,4
517230,517233,517235,2,3
517230,517234,517235,1,4
517230,517234,517235,1,4
517230,517235,517236,1,5
517230,517235,517237,2,5
517230,517235,517237,2,5
517230,517235,517237,2,5
517230,517235,517237,2,5
517230,517235,517237,2,5
517230,517236,517238,2,6
517230,517236,517238,2,6
517230,517236,517238,2,6
517230,517237,517239,2,7
517230,517234,517239,5,4
517230,517236,517239,3,6
517230,517237,517239,2,7
517230,517238,517240,2,8
517230,517238,517240,2,8
517230,517238,517240,2,8
517230,517234,517240,6,4
517230,517236,517240,4,6
517230,517239,517241,2,9
517230,517239,517241,2,9
517230,517233,517241,8,3
517230,517238,517241,3,8
517230,517240,517241,1,10
517230,517240,517242,2,10
517230,517240,517242,2,10
517230,517240,517242,2,10
517230,517239,517242,3,9
517230,517230,517242,12,0
517230,517241,517243,2,11
517230,517241,517243,2,11
517230,517241,517243,2,11
517230,517240,517243,3,10
517230,517231,517244,13,1
517230,517241,517244,3,11
517230,517239,517243,4,9
517230,517242,517243,1,12
517230,517242,517243,1,12
517230,517242,517244,2,12
517230,517242,517244,2,12
517230,517242,517244,2,12
517230,517242,517244,2,12
517230,517243,517245,2,13
517230,517243,517245,2,13
517230,517243,517245,2,13
517230,517244,517246,2,14
517230,517244,517246,2,14
517230,517244,517246,2,14
517230,517244,517246,2,14
517230,517244,517246,2,14
517230,517244,517246,2,14
517230,517244,517247,3,14
517230,517245,517247,2,15
517230,517245,517247,2,15
517230,517244,517248,4,14
517230,517230,517247,17,0
517230,517245,517248,3,15
517230,517246,517248,2,16
517230,517246,517248,2,16
517230,517246,517248,2,16
517230,517246,517248,2,16
517230,517246,517249,3,16
517230,517247,517249,2,17
517230,517247,517249,2,17
517230,517247,517250,3,17
517230,517243,517249,6,13
517230,517248,517250,2,18
517230,517248,517250,2,18
517230,517248,517250,2,18
517230,517248,517250,2,18
517230,517246,517251,5,16
517230,517248,517250,2,18
517230,517247,517250,3,17
517230,517248,517250,2,18
517230,517249,517251,2,19
517230,517249,517251,2,19
517230,517249,517251,2,19
517230,517250,517251,1,20
517230,517250,517252,2,20
517230,517250,517252,2,20
517230,517250,517252,2,20
517230,517250,517252,2,20
517230,517250,517252,2,20
517230,517251,517253,2,21
517230,517252,517253,1,22
517230,517252,517253,1,22
517230,517252,517253,1,22
517230,517251,517254,3,21
517230,517251,517254,3,21
517230,517252,517254,2,22
517230,517252,517254,2,22
517230,517252,517254,2,22
517230,517253,517254,1,23
517230,517253,517255,2,23
517230,517254,517255,1,24
517230,517254,517255,1,24
517230,517251,517255,4,21
517230,517254,517255,1,24
517230,517248,517256,8,18
517230,517253,517256,3,23
517230,517254,517256,2,24
517230,517254,517256,2,24
517230,517254,517256,2,24
517230,517255,517256,1,25
517230,517251,517256,5,21
517230,517254,517257,3,24
517230,517255,517257,2,25
517230,517254,517257,3,24
517230,517256,517258,2,26
517230,517256,517258,2,26
517230,517256,517259,3,26
517230,517259,517260,1,29
517230,517244,517260,16,14
517230,517245,517260,15,15
517230,517250,517262,12,20
512402,512429,517271,4842,27
517271,517271,517272,1,0
517271,517271,517273,2,0
517271,517271,517273,2,0
517271,517271,517273,2,0
517271,517271,517272,1,0
517271,517271,517273,2,0
517271,517271,517273,2,0
517271,517271,517273,2,0
517271,517272,517273,1,1
517271,517271,517273,2,0
517271,517271,517273,2,0
517271,517273,517274,1,2
517271,517271,517274,3,0
517271,517274,517275,1,3
517271,517274,517275,1,3
517271,517274,517275,1,3
517271,517274,517275,1,3
517271,517274,517275,1,3
517271,517274,517275,1,3
517271,517274,517275,1,3
517271,517274,517275,1,3
517271,517274,517275,1,3
517271,517275,517276,1,4
517271,517276,517277,1,5
517271,517274,517277,3,3
517271,517276,517277,1,5
517271,517276,517277,1,5
517271,517276,517277,1,5
517271,517275,517277,2,4
517271,517276,517277,1,5
517271,517276,517277,1,5
517271,517276,517277,1,5
517271,517272,517278,6,1
517271,517274,517278,4,3
517271,517276,517278,2,5
517271,517277,517279,2,6
517271,517277,517278,1,6
517271,517271,517279,8,0
517271,517272,517279,7,1
517271,517278,517279,1,7
517271,517278,517279,1,7
517271,517278,517280,2,7
517271,517278,517280,2,7
517271,517278,517279,1,7
517271,517279,517281,2,8
517271,517272,517281,9,1
517271,517279,517281,2,8
517271,517278,517281,3,7
517271,517278,517281,3,7
517271,517279,517281,2,8
517271,517280,517282,2,9
517271,517280,517282,2,9
517271,517280,517282,2,9
517271,517278,517280,2,7
517271,517279,517281,2,8
517271,517280,517282,2,9
517271,517280,517282,2,9
517271,517279,517282,3,8
517271,517281,517282,1,10
517271,517280,517283,3,9
517271,517282,517283,1,11
517271,517282,517284,2,11
517271,517282,517283,1,11
517271,517282,517284,2,11
517230,517256,517284,28,26
517271,517282,517285,3,11
517271,517283,517285,2,12
517271,517282,517285,3,11
517271,517283,517285,2,12
517271,517284,517286,2,13
517271,517284,517285,1,13
517271,517284,517286,2,13
517271,517283,517286,3,12
517271,517283,517286,3,12
517271,517284,517286,2,13
517271,517282,517286,4,11
517271,517285,517286,1,14
517271,517280,517287,7,9
517271,517285,517287,2,14
517271,517286,517287,1,15
517271,517284,517287,3,13
517271,517286,517288,2,15
517271,517286,517288,2,15
517271,517286,517288,2,15
517271,517282,517287,5,11
517271,517282,517289,7,11
517271,517282,517289,7,11
517271,517285,517288,3,14
517271,517287,517288,1,16
517271,517287,517289,2,16
517271,517287,517289,2,16
517271,517288,517290,2,17
517271,517288,517290,2,17
517271,517288,517290,2,17
517271,517288,517290,2,17
517271,517288,517291,3,17
517271,517287,517290,3,16
517271,517287,517290,3,16
517271,517288,517290,2,17
517271,517289,517290,1,18
517271,517285,517288,3,14
517271,517288,517291,3,17
517271,517290,517292,2,19
517271,517289,517291,2,18
517271,517289,517291,2,18
517271,517289,517291,2,18
517271,517290,517292,2,19
517271,517290,517292,2,19
517271,517290,517292,2,19
517271,517291,517294,3,20
517271,517292,517294,2,21
517271,517291,517293,2,20
517271,517292,517294,2,21
517271,517291,517293,2,20
517271,517291,517294,3,20
514067,514111,517293,3182,44
517271,517292,517294,2,21
517271,517292,517294,2,21
517271,517292,517294,2,21
517271,517291,517294,3,20
517271,517294,517296,2,23
517271,517292,517295,3,21
517271,517291,517295,4,20
517271,517292,517295,3,21
517271,517294,517296,2,23
517271,517294,517296,2,23
517271,517288,517296,8,17
517271,517289,517297,8,18
517271,517294,517296,2,23
517271,517294,517296,2,23
517271,517294,517297,3,23
517271,517294,517296,2,23
517271,517294,517297,3,23
517271,517294,517297,3,23
517271,517296,517298,2,25
517271,517296,517298,2,25
517271,517291,517298,7,20
517271,517295,517298,3,24
517271,517296,517299,3,25
517271,517296,517299,3,25
517271,517298,517299,1,27
517271,517298,517299,1,27
517297,517299,517300,1,2
517271,517289,517299,10,18
517271,517296,517300,4,25
517271,517297,517299,2,26
517271,517297,517300,3,26
517271,517297,517300,3,26
517297,517299,517300,1,2
517271,517294,517297,3,23
517297,517299,517301,2,2
517297,517300,517301,1,3
517297,517300,517301,1,3
517297,517300,517301,1,3
517297,517300,517301,1,3
517297,517301,517302,1,4
517297,517301,517302,1,4
517297,517300,517302,2,3
517297,517301,517302,1,4
517297,517300,517302,2,3
517271,517296,517301,5,25
517297,517300,517302,2,3
517297,517302,517303,1,5
517271,517298,517302,4,27
517297,517300,517302,2,3
517297,517301,517303,2,4
517297,517301,517303,2,4
517297,517302,517303,1,5
517297,517302,517303,1,5
517297,517302,517303,1,5
517297,517302,517304,2,5
517297,517302,517304,2,5
517297,517302,517304,2,5
517297,517303,517304,1,6
517297,517304,517305,1,7
517271,517297,517304,7,26
517271,517297,517304,7,26
517297,517303,517305,2,6
517297,517304,517305,1,7
517297,517304,517305,1,7
517297,517304,517305,1,7
517297,517300,517305,5,3
517297,517303,517306,3,6
517297,517303,517305,2,6
517297,517304,517306,2,7
517297,517305,517306,1,8
517297,517305,517306,1,8
517297,517305,517306,1,8
517297,517304,517306,2,7
517297,517303,517307,4,6
517297,517303,517307,4,6
517297,517306,517307,1,9
517297,517299,517307,8,2
517297,517305,517308,3,8
517297,517306,517308,2,9
517297,517306,517307,1,9
517297,517305,517308,3,8
517297,517306,517308,2,9
517297,517307,517308,1,10
517297,517307,517308,1,10
517297,517306,517309,3,9
517297,517306,517309,3,9
517297,517308,517309,1,11
517297,517308,517309,1,11
517297,517308,517309,1,11
517297,517307,517309,2,10
517297,517308,517310,2,11
517297,517308,517310,2,11
517297,517308,517310,2,11
517297,517307,517310,3,10
517297,517308,517310,2,11
517297,517308,517311,3,11
517297,517309,517310,1,12
517297,517309,517310,1,12
517297,517310,517311,1,13
517297,517309,517312,3,12
517297,517309,517311,2,12
517297,517310,517311,1,13
517297,517310,517312,2,13
517297,517310,517312,2,13
517297,517310,517312,2,13
517297,517311,517312,1,14
517297,517306,517312,6,9
517297,517311,517312,1,14
517297,517311,517312,1,14
517297,517308,517314,6,11
517297,517311,517313,2,14
517297,517312,517314,2,15
517297,517312,517313,1,15
517297,517312,517314,2,15
517297,517313,517314,1,16
517297,517313,517314,1,16
517297,517312,517315,3,15
517297,517312,517315,3,15
517297,517313,517315,2,16
517297,517313,517314,1,16
517297,517311,517315,4,14
517297,517311,517315,4,14
517297,517312,517315,3,15
517297,517313,517315,2,16
517297,517314,517316,2,17
517297,517314,517316,2,17
517297,517315,517316,1,18
517297,517315,517316,1,18
517297,517315,517316,1,18
517297,517311,517316,5,14
517297,517315,517317,2,18
517297,517315,517317,2,18
517297,517316,517318,2,19
517297,517316,517318,2,19
517297,517315,517317,2,18
517297,517316,517317,1,19
517297,517305,517318,13,8
517297,517316,517318,2,19
517297,517315,517318,3,18
517297,517316,517318,2,19
517297,517317,517318,1,20
517297,517317,517318,1,20
517297,517317,517318,1,20
517297,517318,517319,1,21
517297,517317,517319,2,20
517297,517318,517319,1,21
517297,517314,517320,6,17
517297,517319,517320,1,22
517297,517319,517320,1,22
517297,517319,517320,1,22
517297,517319,517320,1,22
517297,517318,517321,3,21
517297,517314,517320,6,17
517297,517318,517321,3,21
517297,517318,517321,3,21
517297,517317,517320,3,20
517297,517317,517320,3,20
517297,517320,517321,1,23
517297,517320,517321,1,23
517297,517320,517322,2,23
517297,517318,517322,4,21
517297,517321,517322,1,24
517297,517321,517322,1,24
517297,517321,517323,2,24
517297,517318,517323,5,21
517297,517321,517322,1,24
517297,517322,517323,1,25
517297,517318,517323,5,21
517297,517322,517323,1,25
517297,517321,517323,2,24
517297,517321,517324,3,24
517297,517323,517324,1,26
517297,517323,517324,1,26
517297,517323,517325,2,26
517297,517323,517325,2,26
517297,517322,517325,3,25
517297,517321,517324,3,24
517297,517322,517325,3,25
517297,517323,517326,3,26
517297,517324,517326,2,27
517297,517321,517328,7,24
517297,517321,517329,8,24
517297,517321,517329,8,24
517297,517320,517331,11,23
514128,514198,517380,3182,70
517380,517380,517381,1,0
517380,517380,517381,1,0
517380,517380,517382,2,0
517380,517380,517382,2,0
517380,517380,517382,2,0
517380,517380,517382,2,0
517380,517380,517382,2,0
517380,517380,517381,1,0
517380,517380,517382,2,0
517380,517380,517382,2,0
517380,517381,517382,1,1
517380,517380,517383,3,0
517380,517381,517383,2,1
517380,517382,517384,2,2
517380,517382,517384,2,2
517380,517382,517384,2,2
517380,517382,517384,2,2
517380,517382,517384,2,2
517380,517383,517384,1,3
517380,517380,517385,5,0
517380,517380,517385,5,0
517380,517382,517384,2,2
517380,517382,517385,3,2
517380,517383,517385,2,3
517380,517384,517385,1,4
517380,517384,517385,1,4
517380,517380,517386,6,0
517380,517380,517386,6,0
517380,517380,517386,6,0
517380,517380,517386,6,0
517380,517385,517386,1,5
517380,517385,517386,1,5
517380,517385,517386,1,5
517380,517385,517386,1,5
517380,517385,517386,1,5
517380,517384,517387,3,4
517380,517386,517387,1,6
517380,517386,517387,1,6
517380,517386,517388,2,6
517380,517385,517388,3,5
517380,517385,517388,3,5
517380,517385,517388,3,5
517380,517386,517388,2,6
517380,517387,517388,1,7
517380,517387,517388,1,7
517380,517387,517388,1,7
517380,517387,517388,1,7
517380,517387,517388,1,7
517380,517387,517389,2,7
517380,517388,517389,1,8
517380,517388,517389,1,8
517380,517388,517389,1,8
517380,517388,517390,2,8
517380,517389,517391,2,9
517380,517389,517391,2,9
517380,517389,517390,1,9
517380,517389,517390,1,9
517380,517389,517390,1,9
517380,517389,517391,2,9
517380,517389,517391,2,9
517380,517389,517391,2,9
517380,517390,517391,1,10
517380,517390,517391,1,10
517380,517390,517391,1,10
517380,517391,517392,1,11
517380,517389,517392,3,9
517380,517387,517393,6,7
517380,517387,517392,5,7
517380,517391,517392,1,11
517380,517391,517392,1,11
517380,517391,517392,1,11
517380,517391,517392,1,11
517380,517391,517393,2,11
517380,517387,517393,6,7
517380,517392,517393,1,12
517380,517392,517393,1,12
517380,517392,517393,1,12
517380,517392,517393,1,12
517380,517393,517394,1,13
517380,517392,517394,2,12
517380,517393,517394,1,13
517380,517393,517394,1,13
517380,517393,517394,1,13
517380,517393,517394,1,13
517380,517390,517395,5,10
517380,517394,517395,1,14
517380,517394,517395,1,14
517380,517394,517395,1,14
517380,517392,517396,4,12
517380,517393,517396,3,13
517380,517394,517396,2,14
517380,517394,517396,2,14
517380,517395,517396,1,15
517380,517395,517396,1,15
517380,517395,517396,1,15
517380,517395,517396,1,15
517380,517395,517397,2,15
517380,517395,517397,2,15
517380,517396,517397,1,16
517380,517396,517397,1,16
517380,517396,517397,1,16
517380,517393,517398,5,13
517380,517397,517399,2,17
517380,517397,517398,1,17
517380,517397,517399,2,17
517380,517397,517399,2,17
517380,517397,517398,1,17
517380,517397,517399,2,17
517380,517397,517399,2,17
517380,517393,517399,6,13
517380,517394,517399,5,14
517380,517398,517400,2,18
517380,517398,517400,2,18
517380,517397,517400,3,17
517380,517398,517400,2,18
517380,517398,517400,2,18
517380,517396,517400,4,16
517380,517398,517400,2,18
517380,517399,517401,2,19
517380,517399,517401,2,19
517380,517399,517401,2,19
517380,517399,517401,2,19
517380,517399,517401,2,19
517380,517399,517401,2,19
517380,517400,517402,2,20
517380,517400,517402,2,20
517380,517400,517403,3,20
517380,517401,517403,2,21
517380,517401,517403,2,21
517380,517401,517403,2,21
517380,517401,517403,2,21
517380,517401,517402,1,21
517380,517401,517404,3,21
517380,517401,517403,2,21
517380,517402,517404,2,22
517380,517402,517404,2,22
517380,517399,517404,5,19
517380,517402,517405,3,22
517380,517403,517405,2,23
517380,517403,517404,1,23
517380,517402,517404,2,22
517380,517403,517405,2,23
517380,517403,517405,2,23
517380,517401,517404,3,21
517380,517400,517406,6,20
517380,517403,517405,2,23
517380,517403,517406,3,23
517380,517400,517406,6,20
517380,517401,517410,9,21
514245,514272,517439,3167,27
517440,517440,517441,1,0
517440,517440,517441,1,0
517440,517440,517441,1,0
517440,517440,517441,1,0
517440,517440,517442,2,0
517440,517440,517441,1,0
517440,517440,517441,1,0
517440,517440,517441,1,0
517440,517440,517441,1,0
517440,517441,517442,1,1
517440,517440,517442,2,0
517440,517441,517442,1,1
517440,517441,517442,1,1
517440,517440,517442,2,0
517440,517440,517443,3,0
517440,517442,517443,1,2
517440,517441,517442,1,1
517440,517442,517443,1,2
517440,517442,517443,1,2
517440,517440,517443,3,0
517440,517440,517444,4,0
517440,517442,517443,1,2
517440,517442,517444,2,2
517440,517442,517443,1,2
517440,517443,517444,1,3
517440,517443,517444,1,3
517440,517443,517444,1,3
517440,517443,517444,1,3
517440,517442,517444,2,2
517440,517443,517445,2,3
517440,517443,517445,2,3
517440,517444,517446,2,4
517440,517444,517446,2,4
517440,517444,517446,2,4
517440,517444,517445,1,4
517440,517444,517446,2,4
517440,517444,517446,2,4
517440,517440,517447,7,0
517440,517440,517447,7,0
517440,517445,517447,2,5
517440,517444,517448,4,4
517440,517446,517448,2,6
517440,517446,517448,2,6
517440,517446,517448,2,6
517440,517446,517447,1,6
517440,517445,517447,2,5
517440,517446,517447,1,6
517440,517442,517449,7,2
517440,517446,517449,3,6
517440,517446,517449,3,6
517440,517447,517449,2,7
517440,517440,517449,9,0
517440,517442,517448,6,2
517440,517447,517449,2,7
517440,517447,517449,2,7
517440,517447,517449,2,7
517440,517448,517450,2,8
517440,517448,517450,2,8
517440,517448,517450,2,8
517440,517448,517450,2,8
517440,517448,517450,2,8
517440,517448,517450,2,8
517440,517446,517450,4,6
517440,517449,517451,2,9
517440,517448,517451,3,8
517440,517449,517451,2,9
517440,517449,517451,2,9
517440,517449,517452,3,9
517440,517449,517452,3,9
517440,517450,517451,1,10
517440,517450,517452,2,10
517440,517450,517452,2,10
517440,517450,517452,2,10
517440,517450,517452,2,10
517440,517450,517452,2,10
517440,517449,517452,3,9
517440,517451,517453,2,11
517440,517451,517453,2,11
517440,517452,517454,2,12
517440,517452,517454,2,12
517440,517452,517454,2,12
517440,517452,517454,2,12
517440,517453,517454,1,13
517440,517453,517454,1,13
517440,517451,517455,4,11
517440,517451,517455,4,11
517440,517452,517455,3,12
517440,517452,517454,2,12
517440,517449,517454,5,9
517440,517454,517455,1,14
517440,517453,517456,3,13
517440,517454,517456,2,14
517440,517449,517456,7,9
517440,517450,517456,6,10
517440,517452,517456,4,12
517440,517454,517456,2,14
517440,517454,517456,2,14
517440,517454,517456,2,14
517440,517454,517456,2,14
517440,517455,517456,1,15
517440,517455,517456,1,15
517440,517455,517457,2,15
517440,517455,517457,2,15
517440,517455,517458,3,15
517440,517456,517458,2,16
517440,517455,517457,2,15
517440,517456,517458,2,16
517440,517457,517458,1,17
517440,517457,517458,1,17
517440,517457,517458,1,17
517440,517457,517458,1,17
517440,517457,517458,1,17
517440,517457,517458,1,17
517440,517456,517459,3,16
517440,517455,517457,2,15
517440,517457,517459,2,17
517440,517458,517460,2,18
517440,517458,517460,2,18
517440,517459,517460,1,19
517440,517459,517460,1,19
517440,517459,517461,2,19
517440,517459,517460,1,19
517440,517459,517461,2,19
517440,517459,517461,2,19
517440,517458,517462,4,18
517440,517460,517462,2,20
517440,517460,517462,2,20
517440,517461,517462,1,21
517440,517461,517462,1,21
517440,517461,517462,1,21
517440,517461,517462,1,21
517440,517461,517462,1,21
517440,517457,517462,5,17
517440,517460,517462,2,20
517440,517459,517462,3,19
517440,517456,517463,7,16
517440,517456,517463,7,16
517440,517460,517463,3,20
517440,517462,517463,1,22
517440,517462,517464,2,22
517440,517463,517464,1,23
517440,517463,517464,1,23
517440,517463,517464,1,23
517440,517463,517465,2,23
517440,517463,517465,2,23
517440,517462,517465,3,22
517440,517456,517465,9,16
517440,517463,517465,2,23
517440,517458,517466,8,18
513824,513859,518591,4732,35
518592,518592,518594,2,0
518592,518593,518594,1,1
518592,518593,518594,1,1
518592,518592,518594,2,0
518592,518593,518594,1,1
518592,518592,518594,2,0
518592,518592,518593,1,0
518592,518592,518594,2,0
518592,518592,518594,2,0
518592,518593,518594,1,1
518592,518593,518594,1,1
518592,518594,518595,1,2
518592,518595,518596,1,3
518592,518594,518596,2,2
518592,518592,518596,4,0
518592,518594,518596,2,2
518592,518594,518596,2,2
518592,518594,518596,2,2
518592,518595,518596,1,3
518592,518595,518596,1,3
518592,518594,518597,3,2
518592,518594,518596,2,2
518592,518592,518597,5,0
518592,518596,518597,1,4
518592,518596,518598,2,4
518592,518594,518598,4,2
518592,518597,518598,1,5
518592,518597,518598,1,5
518592,518597,518598,1,5
518592,518597,518598,1,5
518592,518597,518599,2,5
518592,518592,518599,7,0
518592,518598,518599,1,6
518592,518592,518600,8,0
518592,518594,518600,6,2
518592,518594,518600,6,2
518592,518597,518600,3,5
518592,518597,518600,3,5
518592,518592,518600,8,0
518592,518599,518600,1,7
518592,518598,518601,3,6
518592,518599,518601,2,7
518592,518599,518601,2,7
518592,518599,518601,2,7
518592,518599,518601,2,7
518592,518599,518602,3,7
518592,518601,518602,1,9
518592,518600,518602,2,8
518592,518600,518603,3,8
518592,518602,518603,1,10
518592,518601,518603,2,9
518592,518596,518603,7,4
518592,518601,518603,2,9
518592,518602,518603,1,10
518592,518602,518603,1,10
518592,518602,518604,2,10
518592,518603,518604,1,11
518592,518598,518604,6,6
518592,518599,518604,5,7
518592,518602,518604,2,10
518592,518603,518604,1,11
518592,518603,518605,2,11
518592,518604,518605,1,12
518592,518604,518605,1,12
518592,518601,518605,4,9
518592,518604,518605,1,12
518592,518604,518606,2,12
518592,518604,518605,1,12
518592,518600,518606,6,8
518592,518600,518606,6,8
518592,518605,518606,1,13
518592,518604,518606,2,12
518592,518605,518606,1,13
518592,518605,518607,2,13
518592,518605,518606,1,13
518592,518606,518607,1,14
518592,518606,518607,1,14
518592,518604,518607,3,12
518592,518604,518607,3,12
518592,518605,518607,2,13
518592,518606,518607,1,14
518592,518606,518608,2,14
518592,518606,518608,2,14
518592,518606,518608,2,14
518592,518607,518608,1,15
518592,518607,518609,2,15
518592,518607,518609,2,15
518592,518607,518609,2,15
518592,518607,518609,2,15
518592,518607,518609,2,15
518592,518607,518609,2,15
518592,518608,518609,1,16
518592,518608,518609,1,16
518592,518608,518610,2,16
518592,518608,518610,2,16
518592,518608,518610,2,16
518592,518609,518610,1,17
518592,518605,518610,5,13
518592,518609,518610,1,17
518592,518609,518611,2,17
518592,518609,518611,2,17
518592,518610,518611,1,18
518592,518608,518611,3,16
518592,518609,518611,2,17
518592,518610,518611,1,18
518592,518610,518612,2,18
518592,518610,518612,2,18
518592,518610,518612,2,18
518592,518611,518612,1,19
518592,518608,518612,4,16
518592,518608,518612,4,16
518592,518611,518612,1,19
518592,518611,518613,2,19
518592,518612,518613,1,20
518592,518612,518613,1,20
518592,518611,518613,2,19
518592,518612,518614,2,20
518592,518612,518614,2,20
518592,518612,518614,2,20
518592,518612,518614,2,20
518592,518612,518614,2,20
518592,518613,518614,1,21
518592,518609,518614,5,17
518592,518613,518615,2,21
518592,518610,518615,5,18
518592,518610,518615,5,18
518592,518614,518616,2,22
518592,518613,518615,2,21
518592,518614,518616,2,22
518592,518614,518616,2,22
518592,518614,518616,2,22
518592,518614,518616,2,22
518592,518611,518616,5,19
518592,518613,518616,3,21
518592,518615,518617,2,23
518592,518614,518616,2,22
518592,518615,518618,3,23
518592,518616,518617,1,24
518592,518613,518617,4,21
518592,518616,518617,1,24
518592,518616,518618,2,24
518592,518615,518618,3,23
518592,518617,518618,1,25
518592,518616,518618,2,24
518592,518616,518618,2,24
518592,518615,518618,3,23
518592,518615,518619,4,23
518592,518617,518619,2,25
518592,518617,518619,2,25
513806,513832,518627,4795,26
518635,518635,518637,2,0
518635,518635,518637,2,0
518635,518635,518637,2,0
518635,518635,518637,2,0
518635,518635,518637,2,0
518635,518635,518637,2,0
518635,518635,518637,2,0
518635,518635,518637,2,0
518635,518635,518637,2,0
518635,518635,518637,2,0
515366,515391,518638,3247,25
518635,518636,518639,3,1
518635,518636,518639,3,1
518635,518636,518639,3,1
518635,518638,518639,1,3
518635,518638,518639,1,3
518635,518638,518639,1,3
518635,518638,518639,1,3
518635,518638,518639,1,3
518635,518638,518639,1,3
518635,518638,518639,1,3
518635,518638,518639,1,3
518635,518638,518639,1,3
518635,518635,518640,5,0
518635,518635,518641,6,0
518635,518640,518641,1,5
518635,518640,518641,1,5
518635,518640,518641,1,5
518635,518640,518641,1,5
518635,518640,518641,1,5
518635,518640,518641,1,5
518635,518640,518641,1,5
518635,518640,518641,1,5
518635,518640,518641,1,5
518635,518640,518641,1,5
518635,518640,518642,2,5
518635,518640,518643,3,5
518635,518641,518643,2,6
518635,518635,518643,8,0
518635,518635,518644,9,0
518635,518642,518644,2,7
518635,518640,518643,3,5
518635,518642,518644,2,7
518635,518642,518643,1,7
518635,518642,518644,2,7
518635,518642,518644,2,7
518635,518642,518644,2,7
518635,518642,518644,2,7
518635,518642,518644,2,7
518635,518642,518644,2,7
518635,518642,518644,2,7
518635,518644,518645,1,9
518635,518644,518646,2,9
518635,518644,518645,1,9
518635,518644,518645,1,9
518635,518644,518645,1,9
518635,518644,518645,1,9
518635,518638,518646,8,3
518635,518644,518646,2,9
518635,518643,518647,4,8
518635,518643,518646,3,8
518635,518644,518646,2,9
518635,518645,518646,1,10
518635,518645,518646,1,10
518635,518645,518647,2,10
518635,518645,518647,2,10
518635,518642,518647,5,7
518635,518646,518647,1,11
518635,518646,518648,2,11
518635,518646,518648,2,11
518635,518646,518648,2,11
518635,518646,518647,1,11
518635,518646,518647,1,11
518635,518644,518648,4,9
518635,518647,518648,1,12
518635,518647,518649,2,12
518635,518647,518649,2,12
518635,518647,518649,2,12
518635,518644,518649,5,9
518635,518648,518649,1,13
518635,518647,518649,2,12
518635,518647,518650,3,12
518635,518648,518650,2,13
518635,518648,518650,2,13
518635,518648,518650,2,13
518635,518648,518650,2,13
518635,518648,518649,1,13
518635,518648,518650,2,13
518635,518647,518650,3,12
518635,518649,518651,2,14
518635,518649,518650,1,14
518635,518649,518651,2,14
518635,518649,518651,2,14
518635,518649,518651,2,14
518635,518650,518651,1,15
518635,518650,518652,2,15
518635,518650,518652,2,15
518635,518650,518652,2,15
518635,518650,518651,1,15
518635,518650,518651,1,15
518635,518647,518653,6,12
518635,518650,518652,2,15
518635,518650,518652,2,15
518635,518651,518652,1,16
518635,518651,518653,2,16
518635,518651,518653,2,16
518635,518651,518653,2,16
518635,518647,518654,7,12
518635,518652,518653,1,17
518635,518651,518654,3,16
518635,518652,518654,2,17
518635,518652,518654,2,17
518635,518652,518654,2,17
518635,518652,518654,2,17
518635,518652,518654,2,17
518635,518653,518655,2,18
518635,518653,518655,2,18
518635,518653,518655,2,18
518635,518653,518655,2,18
518635,518654,518656,2,19
518635,518653,518656,3,18
518635,518654,518656,2,19
518635,518650,518652,2,15
518635,518654,518656,2,19
518635,518654,518656,2,19
518635,518653,518656,3,18
518635,518654,518657,3,19
518635,518655,518657,2,20
518635,518655,518657,2,20
518635,518654,518656,2,19
518635,518655,518657,2,20
518635,518656,518658,2,21
518635,518654,518657,3,19
518635,518651,518658,7,16
518635,518655,518658,3,20
518635,518656,518658,2,21
518635,518656,518658,2,21
518635,518656,518658,2,21
518635,518657,518659,2,22
518635,518657,518659,2,22
518640,518658,518659,1,18
518635,518657,518659,2,22
518640,518658,518659,1,18
518640,518658,518659,1,18
518635,518656,518659,3,21
518635,518657,518660,3,22
518635,518657,518660,3,22
518640,518659,518660,1,19
518640,518658,518660,2,18
518635,518658,518660,2,23
518635,518657,518661,4,22
518640,518660,518661,1,20
518640,518660,518661,1,20
518640,518659,518661,2,19
518640,518660,518661,1,20
518640,518661,518662,1,21
518640,518661,518662,1,21
518635,518654,518661,7,19
518640,518660,518662,2,20
518640,518661,518662,1,21
518640,518661,518662,1,21
518640,518660,518662,2,20
518640,518661,518663,2,21
518640,518661,518662,1,21
518640,518662,518663,1,22
518640,518662,518663,1,22
518640,518662,518663,1,22
518640,518662,518663,1,22
518640,518663,518664,1,23
518640,518663,518664,1,23
518640,518661,518663,2,21
518640,518663,518664,1,23
518640,518663,518664,1,23
518640,518664,518665,1,24
518640,518664,518665,1,24
518640,518664,518665,1,24
518635,518656,518661,5,21
518640,518664,518665,1,24
518640,518664,518665,1,24
518640,518664,518665,1,24
518640,518664,518665,1,24
518640,518664,518665,1,24
518640,518663,518666,3,23
518640,518665,518667,2,25
518640,518665,518667,2,25
518640,518666,518667,1,26
518640,518666,518668,2,26
518640,518666,518667,1,26
518640,518666,518668,2,26
518640,518666,518667,1,26
518640,518666,518667,1,26
518640,518666,518667,1,26
518640,518666,518667,1,26
518640,518666,518667,1,26
518640,518664,518667,3,24
518640,518662,518668,6,22
518640,518667,518668,1,27
518640,518667,518668,1,27
518640,518668,518669,1,28
518640,518668,518669,1,28
518640,518668,518669,1,28
518635,518653,518669,16,18
518640,518668,518669,1,28
518640,518668,518669,1,28
518640,518668,518669,1,28
518640,518668,518669,1,28
518640,518668,518669,1,28
518640,518666,518669,3,26
518640,518669,518670,1,29
518640,518669,518671,2,29
518640,518668,518670,2,28
518640,518670,518671,1,30
518640,518670,518671,1,30
518640,518670,518671,1,30
518635,518652,518672,20,17
518640,518669,518671,2,29
518640,518670,518671,1,30
518640,518670,518671,1,30
518640,518670,518671,1,30
518640,518670,518671,1,30
518640,518670,518671,1,30
518640,518658,518671,13,18
518640,518671,518673,2,31
518640,518672,518673,1,32
518640,518671,518672,1,31
518640,518670,518673,3,30
518640,518672,518673,1,32
518640,518672,518673,1,32
518640,518672,518673,1,32
518640,518672,518673,1,32
518640,518672,518673,1,32
518640,518672,518673,1,32
518640,518672,518673,1,32
518640,518671,518674,3,31
518640,518672,518674,2,32
518640,518673,518675,2,33
518640,518674,518675,1,34
518640,518673,518674,1,33
518640,518674,518675,1,34
518640,518674,518675,1,34
518640,518673,518674,1,33
518640,518673,518675,2,33
518640,518674,518676,2,34
518640,518674,518675,1,34
518640,518674,518675,1,34
518640,518674,518675,1,34
518640,518675,518676,1,35
518640,518675,518677,2,35
518640,518675,518677,2,35
518640,518675,518676,1,35
518640,518675,518676,1,35
518640,518675,518676,1,35
518640,518674,518677,3,34
518640,518668,518675,7,28
518640,518676,518677,1,36
518640,518676,518678,2,36
518640,518676,518678,2,36
518640,518676,518678,2,36
518640,518675,518678,3,35
518640,518672,518679,7,32
518640,518676,518678,2,36
518640,518677,518679,2,37
518640,518677,518679,2,37
518640,518677,518679,2,37
518640,518677,518679,2,37
518640,518677,518679,2,37
518640,518678,518680,2,38
518640,518678,518679,1,38
518640,518678,518680,2,38
518640,518678,518680,2,38
518640,518679,518680,1,39
518640,518678,518680,2,38
518640,518679,518680,1,39
518640,518679,518681,2,39
518640,518679,518681,2,39
518640,518679,518681,2,39
518640,518679,518681,2,39
518640,518679,518681,2,39
518640,518670,518681,11,30
518640,518680,518682,2,40
518640,518680,518682,2,40
518640,518680,518682,2,40
518640,518680,518682,2,40
518640,518680,518682,2,40
518640,518672,518683,11,32
518640,518681,518683,2,41
518640,518681,518683,2,41
518640,518681,518683,2,41
518640,518681,518683,2,41
518640,518681,518683,2,41
518640,518675,518684,9,35
518640,518681,518684,3,41
518640,518678,518686,8,38
518640,518679,518686,7,39
513890,513916,518690,4774,26
515485,515512,518691,3179,27
518701,518701,518702,1,0
518701,518701,518702,1,0
518701,518701,518703,2,0
518701,518701,518703,2,0
518701,518701,518703,2,0
518701,518701,518703,2,0
518701,518701,518703,2,0
518701,518702,518703,1,1
518701,518701,518703,2,0
518701,518701,518703,2,0
518701,518701,518702,1,0
518701,518702,518703,1,1
518701,518701,518703,2,0
518701,518702,518704,2,1
518701,518701,518703,2,0
518701,518703,518705,2,2
518701,518703,518705,2,2
518701,518703,518705,2,2
518701,518704,518705,1,3
518701,518704,518705,1,3
518701,518704,518705,1,3
518701,518703,518705,2,2
518701,518704,518705,1,3
518701,518704,518705,1,3
518701,518704,518705,1,3
518701,518704,518706,2,3
518701,518701,518707,6,0
518701,518705,518707,2,4
518701,518706,518707,1,5
518701,518706,518707,1,5
518701,518706,518707,1,5
518701,518706,518707,1,5
518701,518706,518707,1,5
518701,518706,518707,1,5
518701,518706,518707,1,5
518701,518706,518707,1,5
518701,518706,518707,1,5
518701,518701,518707,6,0
518701,518708,518709,1,7
518701,518707,518709,2,6
518701,518708,518710,2,7
518701,518708,518710,2,7
518701,518708,518709,1,7
518701,518708,518709,1,7
518701,518708,518709,1,7
518701,518708,518709,1,7
518701,518708,518709,1,7
518701,518708,518710,2,7
518701,518708,518710,2,7
518701,518701,518708,7,0
518701,518707,518711,4,6
518701,518710,518711,1,9
518701,518710,518711,1,9
518701,518710,518711,1,9
518701,518710,518711,1,9
518701,518710,518711,1,9
518701,518710,518711,1,9
518701,518710,518711,1,9
518701,518710,518711,1,9
518701,518704,518712,8,3
518701,518704,518712,8,3
518701,518710,518712,2,9
518701,518711,518712,1,10
518701,518712,518713,1,11
518701,518711,518713,2,10
518701,518712,518713,1,11
518701,518712,518713,1,11
518701,518712,518713,1,11
518701,518712,518713,1,11
518701,518712,518713,1,11
518701,518712,518713,1,11
518701,518712,518713,1,11
518701,518713,518714,1,12
518701,518713,518714,1,12
518701,518713,518715,2,12
518701,518701,518715,14,0
518701,518714,518715,1,13
518701,518714,518715,1,13
518701,518714,518716,2,13
518701,518714,518715,1,13
518701,518714,518715,1,13
518701,518714,518715,1,13
518701,518714,518715,1,13
518701,518714,518715,1,13
518701,518714,518715,1,13
518701,518715,518716,1,14
518701,518708,518718,10,7
518701,518716,518717,1,15
518701,518715,518717,2,14
518701,518716,518717,1,15
518701,518716,518717,1,15
518701,518716,518717,1,15
518701,518716,518717,1,15
518701,518716,518717,1,15
518701,518716,518717,1,15
518701,518716,518718,2,15
518701,518716,518717,1,15
518701,518712,518717,5,11
518701,518717,518718,1,16
518701,518718,518719,1,17
518701,518718,518719,1,17
518701,518718,518720,2,17
518701,518718,518719,1,17
518701,518718,518719,1,17
518701,518718,518719,1,17
518701,518711,518719,8,10
518701,518718,518720,2,17
518701,518718,518720,2,17
518701,518718,518719,1,17
518701,518718,518720,2,17
518701,518716,518720,4,15
518701,518719,518721,2,18
518701,518718,518720,2,17
518701,518712,518721,9,11
518701,518720,518721,1,19
518701,518720,518722,2,19
518701,518720,518722,2,19
518701,518720,518722,2,19
518701,518720,518722,2,19
518701,518720,518722,2,19
518701,518720,518722,2,19
518701,518720,518722,2,19
518701,518720,518722,2,19
518701,518720,518722,2,19
518701,518721,518723,2,20
518701,518722,518724,2,21
518701,518721,518723,2,20
518701,518722,518724,2,21
518701,518722,518724,2,21
518701,518722,518724,2,21
518701,518722,518724,2,21
518701,518722,518724,2,21
518701,518722,518724,2,21
518701,518722,518724,2,21
518701,518723,518725,2,22
518701,518722,518724,2,21
518702,518724,518725,1,22
518701,518724,518725,1,23
518701,518720,518726,6,19
518701,518721,518726,5,20
518701,518724,518726,2,23
518701,518724,518726,2,23
518701,518724,518726,2,23
518701,518724,518726,2,23
518702,518725,518726,1,23
518702,518725,518726,1,23
518702,518726,518727,1,24
518701,518724,518726,2,23
518702,518725,518726,1,23
518702,518725,518726,1,23
518702,518726,518727,1,24
518702,518726,518727,1,24
518702,518726,518727,1,24
518701,518724,518727,3,23
518702,518726,518727,1,24
518702,518726,518727,1,24
518702,518726,518727,1,24
518701,518724,518727,3,23
518702,518727,518728,1,25
518702,518727,518728,1,25
518702,518726,518728,2,24
518702,518726,518728,2,24
518702,518727,518728,1,25
518702,518727,518728,1,25
518702,518727,518728,1,25
518702,518727,518728,1,25
518702,518727,518728,1,25
518702,518728,518729,1,26
518702,518727,518728,1,25
518702,518727,518728,1,25
518702,518728,518729,1,26
518702,518729,518730,1,27
518702,518729,518730,1,27
518702,518728,518729,1,26
518702,518729,518730,1,27
518702,518728,518731,3,26
518702,518729,518730,1,27
518702,518729,518731,2,27
518702,518729,518730,1,27
518702,518729,518731,2,27
518702,518729,518730,1,27
518702,518729,518731,2,27
518702,518730,518731,1,28
518702,518730,518731,1,28
518702,518730,518731,1,28
518702,518730,518732,2,28
518702,518731,518733,2,29
518702,518731,518732,1,29
518702,518731,518732,1,29
518702,518728,518732,4,26
518702,518728,518733,5,26
518702,518731,518733,2,29
518702,518731,518733,2,29
518702,518731,518733,2,29
518702,518732,518733,1,30
518702,518732,518733,1,30
518702,518732,518733,1,30
518702,518732,518733,1,30
518702,518732,518733,1,30
518702,518732,518734,2,30
518702,518733,518734,1,31
518702,518733,518734,1,31
518702,518733,518735,2,31
518702,518733,518735,2,31
518702,518734,518735,1,32
518702,518734,518735,1,32
518702,518734,518735,1,32
518702,518734,518735,1,32
518702,518734,518735,1,32
518702,518734,518735,1,32
518702,518734,518736,2,32
518702,518733,518736,3,31
518702,518735,518736,1,33
518702,518735,518736,1,33
518702,518735,518737,2,33
518702,518735,518737,2,33
518702,518736,518737,1,34
518702,518736,518737,1,34
518702,518736,518737,1,34
518701,518716,518737,21,15
518702,518736,518737,1,34
518702,518736,518737,1,34
518702,518736,518737,1,34
518702,518733,518738,5,31
518702,518733,518738,5,31
518702,518737,518738,1,35
518702,518737,518739,2,35
518702,518737,518738,1,35
518702,518737,518738,1,35
518702,518738,518739,1,36
518702,518738,518739,1,36
518701,518718,518739,21,17
518702,518738,518739,1,36
518702,518738,518739,1,36
518702,518738,518739,1,36
518702,518738,518739,1,36
518702,518738,518739,1,36
518702,518738,518739,1,36
518702,518739,518740,1,37
518702,518739,518740,1,37
518702,518738,518740,2,36
518702,518740,518741,1,38
518702,518739,518740,1,37
518702,518740,518741,1,38
518702,518740,518741,1,38
518702,518740,518741,1,38
518702,518740,518741,1,38
518702,518740,518741,1,38
518702,518740,518741,1,38
518702,518741,518742,1,39
518702,518740,518741,1,38
518702,518740,518741,1,38
518702,518738,518740,2,36
518702,518741,518742,1,39
518702,518739,518743,4,37
518702,518741,518742,1,39
518702,518741,518743,2,39
518702,518741,518742,1,39
518702,518741,518742,1,39
518702,518741,518742,1,39
518702,518738,518743,5,36
518702,518742,518743,1,40
518702,518742,518743,1,40
518702,518742,518743,1,40
518702,518740,518744,4,38
518702,518742,518743,1,40
518702,518742,518744,2,40
518702,518743,518744,1,41
518702,518743,518744,1,41
518702,518743,518744,1,41
518702,518743,518745,2,41
518702,518743,518744,1,41
518702,518743,518745,2,41
518702,518743,518744,1,41
518702,518744,518745,1,42
518702,518744,518745,1,42
518702,518744,518746,2,42
518702,518744,518745,1,42
518702,518744,518745,1,42
518702,518744,518746,2,42
518702,518744,518746,2,42
518702,518744,518746,2,42
518702,518745,518747,2,43
518702,518745,518747,2,43
518702,518745,518747,2,43
518702,518743,518745,2,41
518702,518744,518748,4,42
518702,518746,518747,1,44
518702,518746,518747,1,44
518702,518746,518748,2,44
518702,518745,518748,3,43
518702,518746,518747,1,44
518702,518746,518748,2,44
518701,518722,518750,28,21
518702,518741,518759,18,39
518702,518744,518760,16,42
518701,518767,518769,2,66
514112,514140,518905,4765,28
518906,518906,518907,1,0
518906,518906,518907,1,0
518906,518906,518907,1,0
518906,518906,518907,1,0
518906,518906,518908,2,0
518906,518906,518907,1,0
518906,518906,518907,1,0
518906,518906,518907,1,0
518906,518906,518909,3,0
518906,518906,518909,3,0
518906,518906,518908,2,0
518906,518906,518910,4,0
518906,518908,518909,1,2
518906,518908,518909,1,2
518906,518908,518909,1,2
518906,518908,518910,2,2
518906,518908,518909,1,2
518906,518908,518909,1,2
518906,518908,518909,1,2
518906,518906,518910,4,0
518906,518906,518910,4,0
518906,518909,518911,2,3
518906,518908,518912,4,2
518906,518910,518911,1,4
518906,518906,518911,5,0
518906,518906,518911,5,0
518906,518910,518912,2,4
518906,518910,518911,1,4
518906,518910,518911,1,4
518906,518910,518911,1,4
518906,518910,518911,1,4
518906,518910,518911,1,4
514054,514078,518913,4835,24
518906,518910,518912,2,4
518906,518911,518913,2,5
518906,518909,518912,3,3
518906,518912,518913,1,6
518906,518912,518914,2,6
518906,518911,518914,3,5
518906,518912,518914,2,6
518906,518912,518914,2,6
518906,518912,518914,2,6
518906,518912,518915,3,6
518906,518913,518915,2,7
518906,518912,518915,3,6
518906,518912,518914,2,6
518906,518912,518914,2,6
518906,518914,518916,2,8
518906,518914,518916,2,8
518906,518914,518916,2,8
518906,518914,518916,2,8
518906,518914,518916,2,8
518906,518915,518917,2,9
518906,518915,518916,1,9
518906,518915,518917,2,9
518906,518914,518917,3,8
518906,518916,518918,2,10
518906,518906,518918,12,0
518906,518916,518918,2,10
518906,518915,518918,3,9
518906,518916,518918,2,10
518906,518916,518918,2,10
518906,518916,518918,2,10
518906,518913,518919,6,7
518906,518917,518919,2,11
518906,518915,518918,3,9
518906,518917,518919,2,11
518906,518918,518920,2,12
518906,518918,518920,2,12
518906,518918,518920,2,12
518906,518918,518920,2,12
518906,518918,518920,2,12
518906,518917,518920,3,11
518906,518912,518920,8,6
518906,518912,518920,8,6
518906,518919,518921,2,13
518906,518918,518921,3,12
518906,518919,518921,2,13
518906,518920,518922,2,14
518906,518920,518922,2,14
518906,518919,518922,3,13
518906,518920,518922,2,14
518906,518920,518922,2,14
518906,518920,518922,2,14
518906,518913,518922,9,7
518906,518918,518923,5,12
518906,518913,518920,7,7
518906,518921,518923,2,15
518906,518921,518923,2,15
518906,518921,518923,2,15
518906,518922,518924,2,16
518906,518921,518923,2,15
518906,518919,518924,5,13
518906,518922,518924,2,16
518906,518921,518924,3,15
518906,518922,518924,2,16
518906,518922,518924,2,16
518906,518923,518924,1,17
518906,518923,518924,1,17
518906,518923,518924,1,17
518906,518923,518925,2,17
518906,518923,518925,2,17
518906,518924,518926,2,18
518906,518924,518926,2,18
518906,518914,518926,12,8
518906,518923,518925,2,17
518906,518924,518926,2,18
518906,518924,518926,2,18
518906,518924,518926,2,18
518906,518925,518926,1,19
518906,518925,518926,1,19
518906,518925,518926,1,19
518906,518925,518927,2,19
518906,518926,518928,2,20
518906,518926,518928,2,20
518906,518926,518928,2,20
518906,518927,518928,1,21
518906,518927,518928,1,21
518906,518927,518929,2,21
518906,518927,518929,2,21
518906,518924,518929,5,18
518906,518926,518929,3,20
518906,518928,518929,1,22
518906,518927,518929,2,21
518906,518926,518930,4,20
518906,518926,518929,3,20
518906,518928,518930,2,22
518906,518929,518930,1,23
518906,518928,518930,2,22
518906,518929,518930,1,23
518906,518929,518930,1,23
518906,518929,518931,2,23
518906,518929,518930,1,23
518906,518930,518931,1,24
518906,518930,518931,1,24
518906,518929,518932,3,23
518906,518930,518932,2,24
518906,518931,518932,1,25
518906,518931,518932,1,25
518906,518931,518933,2,25
518906,518931,518933,2,25
518906,518931,518933,2,25
518906,518931,518933,2,25
518914,518933,518934,1,19
518906,518930,518934,4,24
518906,518929,518934,5,23
518914,518933,518934,1,19
518914,518933,518934,1,19
518914,518932,518934,2,18
518914,518933,518934,1,19
518914,518933,518934,1,19
518914,518934,518935,1,20
518906,518930,518935,5,24
518914,518934,518935,1,20
518914,518934,518935,1,20
518914,518934,518936,2,20
518906,518921,518936,15,15
518914,518935,518936,1,21
518914,518935,518936,1,21
518914,518935,518936,1,21
518914,518935,518936,1,21
518914,518935,518936,1,21
518914,518935,518936,1,21
518906,518926,518937,11,20
518914,518932,518937,5,18
518914,518936,518937,1,22
518914,518937,518938,1,23
518914,518936,518938,2,22
518914,518936,518938,2,22
518914,518937,518938,1,23
518914,518937,518938,1,23
518914,518936,518938,2,22
518914,518937,518938,1,23
518914,518937,518938,1,23
518914,518937,518938,1,23
518914,518935,518939,4,21
518914,518938,518939,1,24
518914,518938,518939,1,24
518914,518939,518940,1,25
518914,518939,518940,1,25
518914,518939,518940,1,25
518914,518939,518941,2,25
518914,518939,518940,1,25
518914,518939,518940,1,25
518914,518934,518939,5,20
518914,518939,518942,3,25
518914,518940,518942,2,26
518914,518940,518942,2,26
518906,518938,518941,3,32
518914,518938,518942,4,24
518914,518941,518943,2,27
518914,518941,518943,2,27
518914,518941,518943,2,27
518914,518941,518943,2,27
518914,518941,518943,2,27
518914,518938,518943,5,24
518914,518941,518943,2,27
518914,518942,518944,2,28
518914,518942,518944,2,28
518914,518942,518944,2,28
518914,518943,518944,1,29
518914,518943,518945,2,29
518914,518943,518944,1,29
518914,518943,518945,2,29
518914,518942,518945,3,28
518914,518942,518945,3,28
518914,518943,518944,1,29
518914,518944,518946,2,30
518914,518944,518946,2,30
518906,518923,518946,23,17
518914,518944,518946,2,30
518914,518945,518947,2,31
518914,518945,518947,2,31
518914,518944,518946,2,30
518914,518945,518947,2,31
518914,518945,518946,1,31
518914,518945,518947,2,31
518914,518945,518948,3,31
518914,518946,518947,1,32
518914,518946,518948,2,32
518914,518938,518948,10,24
518914,518943,518948,5,29
518914,518947,518948,1,33
518914,518947,518949,2,33
518914,518947,518949,2,33
518914,518947,518949,2,33
518914,518947,518949,2,33
518914,518945,518949,4,31
518914,518947,518949,2,33
518914,518947,518949,2,33
518914,518947,518949,2,33
518914,518945,518949,4,31
518914,518948,518950,2,34
518914,518948,518950,2,34
518914,518949,518950,1,35
518914,518949,518950,1,35
518914,518948,518950,2,34
518914,518949,518951,2,35
518914,518949,518951,2,35
518914,518949,518951,2,35
518914,518949,518952,3,35
518914,518949,518952,3,35
518914,518950,518952,2,36
518914,518950,518952,2,36
518914,518951,518952,1,37
518914,518951,518953,2,37
518914,518949,518951,2,35
518914,518951,518953,2,37
518914,518951,518953,2,37
518914,518951,518953,2,37
518914,518951,518953,2,37
518914,518952,518954,2,38
518914,518953,518954,1,39
518914,518953,518954,1,39
518914,518953,518954,1,39
518914,518953,518954,1,39
518914,518950,518954,4,36
518914,518953,518955,2,39
518914,518953,518955,2,39
518914,518953,518955,2,39
518914,518937,518955,18,23
518914,518954,518955,1,40
518914,518952,518956,4,38
518914,518954,518956,2,40
518914,518955,518956,1,41
518914,518955,518956,1,41
518914,518955,518957,2,41
518914,518955,518957,2,41
518914,518956,518957,1,42
515756,515790,518957,3167,34
518914,518956,518958,2,42
518914,518954,518957,3,40
518914,518955,518958,3,41
518914,518956,518958,2,42
518914,518957,518958,1,43
518914,518957,518958,1,43
518914,518957,518959,2,43
518914,518957,518959,2,43
518914,518957,518959,2,43
518914,518958,518959,1,44
518914,518958,518959,1,44
518914,518958,518960,2,44
518914,518956,518959,3,42
518914,518959,518960,1,45
518914,518959,518960,1,45
518914,518959,518960,1,45
518914,518958,518961,3,44
518914,518959,518961,2,45
518914,518955,518961,6,41
518914,518950,518962,12,36
518914,518959,518961,2,45
518914,518960,518961,1,46
518914,518960,518962,2,46
518914,518960,518962,2,46
518914,518959,518961,2,45
518958,518961,518962,1,3
518958,518961,518962,1,3
518958,518962,518963,1,4
518958,518962,518963,1,4
518958,518961,518963,2,3
518958,518962,518963,1,4
518958,518962,518963,1,4
518914,518961,518963,2,47
518958,518962,518963,1,4
518958,518963,518964,1,5
518958,518963,518964,1,5
518958,518963,518964,1,5
518958,518963,518964,1,5
518958,518962,518964,2,4
518958,518964,518965,1,6
518958,518964,518965,1,6
518958,518964,518965,1,6
518958,518964,518965,1,6
518958,518962,518965,3,4
518958,518963,518965,2,5
518914,518960,518965,5,46
518958,518964,518965,1,6
518958,518965,518966,1,7
518958,518964,518965,1,6
518958,518965,518966,1,7
518958,518965,518966,1,7
518958,518966,518967,1,8
518958,518965,518967,2,7
518958,518965,518967,2,7
518958,518965,518967,2,7
518914,518959,518964,5,45
518958,518965,518967,2,7
518958,518965,518967,2,7
518958,518966,518967,1,8
518958,518966,518968,2,8
518958,518966,518968,2,8
518958,518966,518968,2,8
518958,518966,518968,2,8
518958,518964,518969,5,6
518958,518968,518970,2,10
518958,518967,518969,2,9
518958,518968,518970,2,10
518958,518968,518969,1,10
518958,518967,518970,3,9
518958,518968,518970,2,10
518958,518968,518970,2,10
518958,518968,518970,2,10
518958,518968,518970,2,10
518906,518924,518970,46,18
518914,518950,518970,20,36
518958,518969,518970,1,11
518958,518970,518971,1,12
518958,518967,518971,4,9
518958,518968,518971,3,10
518958,518970,518972,2,12
518958,518970,518971,1,12
518958,518970,518971,1,12
518958,518970,518971,1,12
518958,518970,518972,2,12
518958,518970,518972,2,12
518914,518949,518973,24,35
518958,518971,518973,2,13
518958,518971,518972,1,13
518958,518970,518973,3,12
518958,518971,518973,2,13
518958,518972,518973,1,14
518958,518972,518973,1,14
518958,518972,518973,1,14
518958,518972,518973,1,14
518958,518972,518974,2,14
518958,518973,518974,1,15
518958,518973,518974,1,15
518958,518973,518974,1,15
518958,518972,518974,2,14
518958,518970,518972,2,12
518958,518971,518975,4,13
518958,518974,518975,1,16
518958,518974,518975,1,16
518958,518974,518975,1,16
518958,518974,518975,1,16
518958,518975,518976,1,17
518958,518975,518976,1,17
518958,518974,518976,2,16
518958,518975,518976,1,17
518958,518975,518977,2,17
518958,518973,518976,3,15
518958,518975,518977,2,17
518958,518976,518977,1,18
518958,518976,518977,1,18
518958,518976,518978,2,18
518958,518976,518978,2,18
518958,518977,518978,1,19
518958,518977,518978,1,19
518958,518978,518979,1,20
518914,518956,518978,22,42
518958,518977,518979,2,19
518958,518977,518978,1,19
518958,518977,518979,2,19
518958,518978,518979,1,20
518958,518978,518979,1,20
518958,518978,518979,1,20
518958,518979,518980,1,21
518958,518979,518980,1,21
518958,518979,518980,1,21
518958,518979,518980,1,21
518958,518979,518980,1,21
518958,518979,518980,1,21
518958,518976,518980,4,18
518958,518976,518980,4,18
518958,518978,518980,2,20
518958,518979,518981,2,21
518958,518980,518981,1,22
518958,518980,518981,1,22
518958,518979,518980,1,21
518958,518980,518981,1,22
518958,518980,518981,1,22
518958,518980,518981,1,22
518958,518979,518981,2,21
518958,518977,518982,5,19
518958,518980,518982,2,22
518958,518981,518982,1,23
518958,518981,518983,2,23
518958,518982,518983,1,24
518958,518981,518983,2,23
518958,518981,518983,2,23
518958,518981,518983,2,23
518958,518982,518984,2,24
518958,518983,518984,1,25
518958,518981,518984,3,23
518958,518983,518984,1,25
518958,518984,518985,1,26
518958,518984,518985,1,26
518958,518984,518986,2,26
518958,518979,518986,7,21
518958,518982,518986,4,24
518958,518985,518986,1,27
518958,518984,518986,2,26
518958,518984,518986,2,26
518958,518985,518986,1,27
518958,518986,518987,1,28
518958,518986,518987,1,28
518958,518984,518988,4,26
518958,518987,518988,1,29
514124,514170,518990,4820,46
518958,518987,518990,3,29
518958,518985,518991,6,27
518958,518986,518991,5,28
518958,518987,518992,5,29
518958,518993,518995,2,35
518958,518993,518994,1,35
518958,518993,518995,2,35
518958,518973,518995,22,15
518958,518973,518995,22,15
518994,518994,518996,2,0
518994,518994,518995,1,0
518994,518994,518996,2,0
518994,518994,518996,2,0
518994,518994,518995,1,0
518994,518994,518995,1,0
518994,518994,518996,2,0
518994,518994,518996,2,0
518958,518971,518996,25,13
518958,518986,518996,10,28
518994,518994,518997,3,0
518994,518996,518998,2,2
518994,518996,518998,2,2
518994,518997,518998,1,3
518994,518997,518998,1,3
518994,518997,518998,1,3
518994,518996,518998,2,2
518994,518996,518999,3,2
518994,518997,518998,1,3
518994,518999,519000,1,5
518994,518999,519000,1,5
518994,518998,518999,1,4
518994,518998,519000,2,4
518994,518998,518999,1,4
518994,518996,519000,4,2
518994,518996,519000,4,2
518994,518994,519000,6,0
518994,518997,519000,3,3
518994,519000,519001,1,6
518994,518999,519001,2,5
518994,519000,519001,1,6
518994,519000,519001,1,6
518994,519000,519001,1,6
518994,518999,519001,2,5
518994,519000,519001,1,6
518994,519000,519002,2,6
518994,519000,519002,2,6
518994,519001,519002,1,7
518994,519001,519003,2,7
518994,519001,519002,1,7
518994,519002,519003,1,8
518994,519001,519003,2,7
518994,519002,519003,1,8
518994,518998,519003,5,4
518994,519002,519004,2,8
518994,519002,519004,2,8
518994,519002,519004,2,8
518994,519002,519004,2,8
518994,519002,519004,2,8
518994,519003,519004,1,9
518994,519003,519004,1,9
518994,519004,519005,1,10
518994,519004,519006,2,10
518994,519001,519003,2,7
518994,519004,519006,2,10
518994,519004,519006,2,10
518994,519004,519006,2,10
518994,519005,519006,1,11
518994,519005,519006,1,11
518994,519005,519006,1,11
518994,519005,519007,2,11
518994,519006,519007,1,12
518994,519001,519007,6,7
518994,519004,519007,3,10
518994,519006,519007,1,12
518994,519007,519008,1,13
518994,519007,519008,1,13
518994,519007,519008,1,13
518994,519007,519008,1,13
518994,519007,519008,1,13
518994,519007,519009,2,13
518994,519008,519009,1,14
518994,519008,519010,2,14
518994,519008,519010,2,14
518994,519008,519009,1,14
518994,519003,519007,4,9
518994,519008,519010,2,14
518994,519009,519010,1,15
518994,519009,519010,1,15
518994,519009,519010,1,15
518994,519009,519010,1,15
518994,519009,519010,1,15
518994,519009,519010,1,15
518994,519006,519011,5,12
518994,519010,519011,1,16
518994,519011,519012,1,17
518994,519011,519012,1,17
518994,519011,519012,1,17
518994,519011,519012,1,17
518994,519011,519013,2,17
518994,519011,519012,1,17
518994,519011,519013,2,17
518994,519012,519013,1,18
518994,519010,519013,3,16
518994,519010,519013,3,16
518994,519010,519013,3,16
518994,519013,519014,1,19
518994,519013,519014,1,19
518994,519013,519014,1,19
518994,519013,519014,1,19
518994,518997,519014,17,3
518994,519004,519014,10,10
518994,519013,519015,2,19
518994,519013,519015,2,19
518994,519010,519013,3,16
518994,519014,519015,1,20
518994,519014,519016,2,20
518994,519011,519016,5,17
518994,519014,519016,2,20
518994,519015,519017,2,21
518994,519015,519016,1,21
518994,519015,519017,2,21
518994,519014,519016,2,20
518994,519014,519016,2,20
518994,519015,519017,2,21
518994,519016,519017,1,22
518994,519015,519017,2,21
518994,519016,519018,2,22
518994,519017,519019,2,23
518994,519017,519019,2,23
518994,519017,519019,2,23
518994,519015,519018,3,21
518994,519017,519019,2,23
518994,519017,519019,2,23
518994,519018,519019,1,24
518994,519018,519019,1,24
518994,519015,519019,4,21
518994,519018,519020,2,24
518994,519019,519020,1,25
518994,519019,519021,2,25
518994,519019,519021,2,25
518994,519019,519021,2,25
518994,519020,519021,1,26
518994,519019,519021,2,25
518994,519020,519022,2,26
518994,519020,519022,2,26
518994,519020,519023,3,26
518994,519017,519023,6,23
518994,519017,519022,5,23
518994,519021,519022,1,27
518994,519021,519023,2,27
518994,519017,519023,6,23
518994,519020,519023,3,26
518994,519021,519023,2,27
518994,519021,519024,3,27
518994,518997,519034,37,3
518994,519002,519036,34,8
518994,519015,519036,21,21
518994,519015,519038,23,21
515280,515310,520106,4796,30
520106,520107,520108,1,1
520106,520107,520108,1,1
520106,520107,520108,1,1
520106,520107,520108,1,1
520106,520107,520108,1,1
520106,520107,520108,1,1
520106,520107,520108,1,1
520106,520108,520109,1,2
520106,520107,520108,1,1
520106,520107,520109,2,1
520106,520107,520109,2,1
520106,520108,520109,1,2
520106,520109,520110,1,3
520106,520109,520110,1,3
520106,520108,520109,1,2
520106,520108,520109,1,2
520106,520109,520110,1,3
520106,520109,520110,1,3
520106,520110,520111,1,4
520106,520110,520111,1,4
520106,520110,520111,1,4
520106,520110,520111,1,4
520106,520110,520111,1,4
520106,520110,520111,1,4
520106,520111,520112,1,5
520106,520110,520111,1,4
520106,520111,520112,1,5
520106,520109,520112,3,3
520106,520111,520112,1,5
520106,520111,520112,1,5
520106,520112,520113,1,6
520106,520112,520113,1,6
520106,520112,520114,2,6
520106,520112,520114,2,6
520106,520112,520114,2,6
520106,520107,520114,7,1
520106,520107,520114,7,1
520106,520113,520114,1,7
520106,520112,520114,2,6
520106,520113,520115,2,7
520106,520113,520115,2,7
520106,520107,520115,8,1
520106,520107,520115,8,1
520106,520114,520115,1,8
520106,520114,520115,1,8
520106,520114,520115,1,8
520106,520114,520115,1,8
520106,520115,520117,2,9
520106,520113,520117,4,7
520106,520115,520116,1,9
520106,520115,520117,2,9
520106,520115,520117,2,9
520106,520116,520118,2,10
520106,520116,520117,1,10
520106,520116,520117,1,10
520106,520116,520117,1,10
520106,520116,520117,1,10
520106,520115,520118,3,9
520106,520117,520119,2,11
520106,520117,520119,2,11
520106,520117,520119,2,11
520106,520117,520119,2,11
520106,520118,520120,2,12
520106,520118,520120,2,12
520106,520118,520119,1,12
520106,520118,520119,1,12
520106,520118,520120,2,12
520106,520115,520121,6,9
520106,520119,520120,1,13
520106,520119,520120,1,13
520106,520115,520122,7,9
520106,520120,520122,2,14
520106,520120,520121,1,14
520106,520120,520122,2,14
520106,520120,520122,2,14
520106,520120,520121,1,14
520106,520121,520123,2,15
520106,520116,520122,6,10
520106,520118,520123,5,12
520106,520121,520123,2,15
520106,520119,520122,3,13
520106,520120,520122,2,14
520106,520121,520123,2,15
520106,520121,520123,2,15
520106,520107,520123,16,1
520106,520122,520124,2,16
520106,520122,520124,2,16
520106,520122,520123,1,16
520106,520122,520123,1,16
520106,520122,520124,2,16
520106,520107,520124,17,1
520106,520109,520125,16,3
520106,520122,520124,2,16
520106,520123,520124,1,17
520106,520123,520125,2,17
520106,520123,520125,2,17
520106,520124,520125,1,18
520106,520124,520126,2,18
520106,520124,520125,1,18
520106,520124,520126,2,18
520106,520124,520126,2,18
520106,520124,520126,2,18
520106,520125,520127,2,19
520106,520123,520126,3,17
520106,520123,520126,3,17
520106,520125,520127,2,19
520106,520125,520127,2,19
520106,520126,520128,2,20
520106,520126,520128,2,20
520106,520126,520128,2,20
520106,520126,520128,2,20
520106,520126,520128,2,20
520106,520126,520128,2,20
520106,520127,520129,2,21
520106,520127,520129,2,21
520106,520128,520129,1,22
520106,520127,520130,3,21
520106,520128,520130,2,22
520106,520128,520130,2,22
520106,520128,520130,2,22
520106,520128,520130,2,22
520106,520123,520131,8,17
520106,520127,520130,3,21
520106,520130,520131,1,24
520106,520130,520131,1,24
520106,520130,520132,2,24
520106,520130,520132,2,24
520106,520130,520132,2,24
520106,520131,520132,1,25
520106,520129,520132,3,23
520106,520125,520133,8,19
520106,520130,520132,2,24
520106,520130,520133,3,24
520106,520132,520133,1,26
520106,520132,520133,1,26
520106,520123,520133,10,17
520106,520131,520134,3,25
520106,520132,520134,2,26
520106,520133,520134,1,27
520106,520133,520134,1,27
520106,520133,520134,1,27
520106,520123,520135,12,17
520106,520133,520135,2,27
520106,520133,520136,3,27
520106,520125,520132,7,19
520106,520127,520134,7,21
520106,520131,520136,5,25
520106,520127,520139,12,21
520106,520133,520140,7,27
515376,515421,520217,4796,45
520219,520219,520220,1,0
520219,520219,520220,1,0
520219,520219,520220,1,0
520219,520219,520220,1,0
520219,520219,520221,2,0
520219,520219,520221,2,0
520219,520219,520220,1,0
520219,520219,520220,1,0
520219,520219,520220,1,0
520219,520220,520221,1,1
520219,520220,520221,1,1
520219,520220,520222,2,1
520219,520220,520221,1,1
520219,520220,520221,1,1
520219,520221,520222,1,2
520219,520221,520222,1,2
520219,520222,520223,1,3
520219,520221,520223,2,2
520219,520222,520223,1,3
520219,520221,520223,2,2
520219,520221,520223,2,2
520219,520221,520223,2,2
520219,520222,520223,1,3
520219,520222,520224,2,3
520219,520222,520223,1,3
520219,520223,520224,1,4
520219,520223,520224,1,4
520219,520223,520224,1,4
520219,520223,520225,2,4
520219,520223,520226,3,4
520219,520224,520226,2,5
520219,520224,520226,2,5
520219,520224,520226,2,5
520219,520219,520226,7,0
520219,520224,520227,3,5
520219,520225,520227,2,6
520219,520225,520227,2,6
520219,520225,520227,2,6
520219,520225,520227,2,6
520219,520219,520227,8,0
520219,520227,520228,1,8
520219,520227,520228,1,8
520219,520227,520228,1,8
520219,520227,520229,2,8
520219,520228,520229,1,9
520219,520228,520229,1,9
520219,520228,520229,1,9
520219,520227,520230,3,8
520219,520228,520230,2,9
520219,520226,520230,4,7
520219,520229,520230,1,10
520219,520229,520230,1,10
520219,520229,520230,1,10
520219,520229,520231,2,10
520219,520230,520231,1,11
520219,520230,520231,1,11
520219,520230,520231,1,11
520219,520219,520227,8,0
520219,520231,520232,1,12
520219,520231,520232,1,12
520219,520231,520232,1,12
520219,520219,520233,14,0
520219,520219,520233,14,0
520219,520230,520233,3,11
520219,520231,520233,2,12
520219,520230,520233,3,11
520219,520232,520233,1,13
520219,520232,520233,1,13
520219,520232,520233,1,13
520219,520233,520234,1,14
520219,520233,520234,1,14
520219,520233,520234,1,14
520219,520233,520235,2,14
520219,520234,520235,1,15
520219,520234,520235,1,15
520219,520234,520235,1,15
520219,520233,520236,3,14
520219,520234,520236,2,15
520219,520235,520236,1,16
520219,520235,520236,1,16
520219,520219,520237,18,0
520219,520236,520237,1,17
520219,520235,520237,2,16
520219,520236,520237,1,17
520219,520236,520238,2,17
520219,520236,520237,1,17
520219,520219,520237,18,0
520219,520237,520238,1,18
520219,520237,520238,1,18
520219,520236,520239,3,17
520219,520232,520234,2,13
520219,520238,520239,1,19
520219,520233,520235,2,14
520219,520237,520239,2,18
520219,520238,520239,1,19
520219,520238,520239,1,19
520219,520239,520240,1,20
520219,520238,520239,1,19
520219,520238,520240,2,19
520219,520239,520240,1,20
520219,520240,520241,1,21
520219,520233,520241,8,14
520219,520240,520241,1,21
520219,520240,520241,1,21
520219,520240,520241,1,21
520219,520240,520241,1,21
520219,520240,520242,2,21
520219,520240,520241,1,21
520219,520239,520241,2,20
520219,520240,520242,2,21
520219,520241,520243,2,22
520219,520242,520243,1,23
520219,520242,520244,2,23
520219,520242,520244,2,23
520219,520242,520244,2,23
520219,520242,520244,2,23
520219,520242,520244,2,23
520219,520243,520245,2,24
520219,520242,520245,3,23
520219,520244,520246,2,25
520219,520243,520245,2,24
520219,520244,520246,2,25
520219,520244,520245,1,25
520219,520244,520246,2,25
520219,520244,520246,2,25
520219,520244,520246,2,25
520219,520245,520247,2,26
520219,520245,520246,1,26
520219,520246,520247,1,27
520219,520246,520248,2,27
520219,520246,520248,2,27
520219,520246,520248,2,27
520219,520246,520248,2,27
520219,520245,520248,3,26
520219,520242,520249,7,23
520219,520246,520248,2,27
520219,520246,520249,3,27
520219,520247,520249,2,28
520219,520247,520249,2,28
520219,520242,520249,7,23
520219,520248,520250,2,29
520219,520248,520250,2,29
520219,520248,520250,2,29
520219,520238,520250,12,19
520219,520248,520250,2,29
520219,520248,520251,3,29
520219,520237,520250,13,18
520219,520240,520252,12,21
520219,520230,520253,23,11
520219,520227,520266,39,8
515565,515593,520337,4744,28
520338,520338,520339,1,0
520338,520338,520339,1,0
520338,520338,520339,1,0
520338,520338,520339,1,0
520338,520338,520339,1,0
520338,520338,520339,1,0
520338,520339,520340,1,1
520338,520338,520339,1,0
520338,520339,520340,1,1
520338,520339,520340,1,1
520338,520339,520340,1,1
520338,520340,520341,1,2
520338,520340,520341,1,2
520338,520340,520341,1,2
520338,520338,520342,4,0
520338,520338,520341,3,0
520338,520340,520341,1,2
520338,520341,520342,1,3
520338,520340,520341,1,2
520338,520341,520342,1,3
520338,520341,520342,1,3
520338,520340,520342,2,2
520338,520341,520342,1,3
520338,520342,520343,1,4
520338,520342,520343,1,4
520338,520342,520343,1,4
520338,520342,520343,1,4
520338,520342,520343,1,4
520338,520342,520343,1,4
520338,520342,520343,1,4
520338,520338,520339,1,0
520338,520342,520345,3,4
520338,520343,520345,2,5
520338,520338,520345,7,0
520338,520338,520345,7,0
520338,520343,520345,2,5
520338,520338,520345,7,0
520338,520344,520345,1,6
520338,520344,520345,1,6
520338,520344,520345,1,6
520338,520344,520345,1,6
520338,520344,520346,2,6
520338,520344,520345,1,6
520338,520338,520346,8,0
520338,520338,520346,8,0
520338,520344,520347,3,6
520338,520345,520346,1,7
520338,520345,520347,2,7
520338,520346,520347,1,8
520338,520345,520347,2,7
520338,520346,520348,2,8
520338,520346,520347,1,8
520338,520346,520347,1,8
520338,520346,520347,1,8
520338,520346,520348,2,8
520338,520346,520348,2,8
520338,520346,520348,2,8
520338,520346,520348,2,8
520338,520347,520349,2,9
520338,520347,520349,2,9
520338,520347,520348,1,9
517079,517105,520350,3245,26
520338,520348,520350,2,10
520338,520348,520349,1,10
520338,520348,520349,1,10
520338,520348,520350,2,10
520338,520348,520350,2,10
520338,520348,520351,3,10
520338,520348,520351,3,10
520338,520349,520351,2,11
520338,520349,520351,2,11
520338,520349,520351,2,11
520338,520350,520351,1,12
520338,520350,520351,1,12
520338,520350,520352,2,12
520338,520350,520351,1,12
520338,520350,520352,2,12
520338,520350,520352,2,12
520338,520351,520352,1,13
520338,520351,520353,2,13
520338,520352,520353,1,14
520338,520351,520354,3,13
520338,520352,520353,1,14
520338,520352,520353,1,14
520338,520352,520354,2,14
520338,520352,520354,2,14
520338,520352,520354,2,14
520338,520352,520354,2,14
520338,520353,520354,1,15
520338,520354,520355,1,16
520338,520354,520355,1,16
520338,520353,520354,1,15
520338,520354,520356,2,16
520338,520348,520350,2,10
520338,520354,520355,1,16
520338,520354,520355,1,16
520338,520355,520356,1,17
520338,520354,520356,2,16
520338,520354,520355,1,16
520338,520355,520357,2,17
520338,520355,520356,1,17
520338,520355,520356,1,17
520338,520356,520357,1,18
520338,520355,520357,2,17
520338,520349,520357,8,11
520338,520356,520358,2,18
520338,520356,520358,2,18
520338,520356,520358,2,18
520338,520357,520358,1,19
520338,520357,520358,1,19
520338,520357,520359,2,19
520338,520357,520359,2,19
520338,520346,520359,13,8
520338,520358,520359,1,20
520338,520358,520359,1,20
520338,520349,520359,10,11
520338,520357,520360,3,19
520338,520351,520360,9,13
520338,520359,520360,1,21
520338,520359,520360,1,21
520338,520359,520360,1,21
520338,520359,520361,2,21
520338,520359,520360,1,21
520338,520360,520361,1,22
520338,520360,520361,1,22
520338,520340,520362,22,2
520338,520356,520362,6,18
520338,520361,520362,1,23
520338,520361,520362,1,23
520338,520361,520363,2,23
520338,520361,520362,1,23
520338,520360,520362,2,22
520338,520361,520363,2,23
520338,520361,520363,2,23
520338,520360,520363,3,22
520338,520362,520363,1,24
520338,520362,520364,2,24
520351,520363,520364,1,12
520338,520347,520363,16,9
520338,520349,520364,15,11
520351,520363,520364,1,12
520351,520363,520364,1,12
520338,520363,520365,2,25
520351,520363,520364,1,12
520351,520363,520365,2,12
520351,520363,520365,2,12
520351,520364,520365,1,13
520351,520364,520365,1,13
520338,520358,520360,2,20
520351,520365,520366,1,14
520351,520365,520366,1,14
520351,520365,520366,1,14
520351,520365,520366,1,14
520338,520360,520366,6,22
520351,520364,520365,1,13
520351,520364,520365,1,13
520338,520362,520365,3,24
520351,520365,520366,1,14
520351,520365,520366,1,14
520351,520366,520367,1,15
520351,520365,520366,1,14
520351,520366,520367,1,15
520351,520366,520367,1,15
520338,520362,520367,5,24
520351,520365,520367,2,14
520351,520365,520367,2,14
520351,520366,520367,1,15
520351,520366,520367,1,15
520351,520367,520368,1,16
520351,520366,520368,2,15
520351,520367,520368,1,16
520351,520367,520368,1,16
520351,520367,520368,1,16
520351,520367,520369,2,16
520351,520368,520369,1,17
520351,520368,520369,1,17
520351,520368,520369,1,17
520351,520368,520369,1,17
520351,520367,520370,3,16
520338,520358,520361,3,20
520351,520367,520370,3,16
520351,520369,520370,1,18
520351,520369,520370,1,18
520351,520369,520370,1,18
520351,520369,520371,2,18
520351,520370,520371,1,19
520351,520370,520371,1,19
520351,520370,520371,1,19
520351,520370,520371,1,19
520351,520370,520372,2,19
520351,520370,520372,2,19
520351,520372,520373,1,21
520351,520371,520372,1,20
520351,520371,520373,2,20
520351,520371,520372,1,20
520351,520366,520372,6,15
520351,520370,520372,2,19
520351,520372,520373,1,21
520351,520372,520373,1,21
520351,520372,520374,2,21
520351,520373,520374,1,22
520351,520373,520374,1,22
520351,520373,520374,1,22
520351,520373,520374,1,22
520351,520373,520375,2,22
520351,520373,520375,2,22
520351,520371,520375,4,20
520351,520372,520375,3,21
520351,520374,520375,1,23
520351,520374,520375,1,23
520351,520374,520375,1,23
520351,520366,520376,10,15
520351,520366,520376,10,15
520351,520375,520376,1,24
520351,520375,520376,1,24
520351,520375,520376,1,24
520351,520375,520377,2,24
520351,520376,520378,2,25
520351,520376,520377,1,25
520351,520376,520378,2,25
520351,520375,520378,3,24
520351,520376,520378,2,25
520338,520359,520373,14,21
520351,520372,520374,2,21
520351,520376,520379,3,25
520351,520377,520378,1,26
520351,520377,520379,2,26
520351,520377,520379,2,26
520351,520377,520379,2,26
520351,520378,520379,1,27
520351,520379,520380,1,28
520351,520378,520380,2,27
520351,520378,520380,2,27
520351,520379,520380,1,28
520351,520378,520380,2,27
520351,520380,520381,1,29
520351,520379,520380,1,28
520351,520378,520381,3,27
520351,520379,520381,2,28
520351,520380,520381,1,29
520351,520380,520381,1,29
520351,520379,520382,3,28
520351,520380,520381,1,29
520351,520381,520382,1,30
520351,520380,520381,1,29
520351,520382,520383,1,31
520351,520382,520383,1,31
520351,520381,520382,1,30
520351,520382,520383,1,31
520351,520381,520383,2,30
520351,520383,520384,1,32
520351,520381,520383,2,30
520351,520382,520383,1,31
520351,520383,520384,1,32
520351,520375,520383,8,24
520351,520383,520384,1,32
520351,520383,520385,2,32
520351,520383,520385,2,32
520351,520384,520385,1,33
520351,520384,520385,1,33
520351,520384,520385,1,33
520351,520384,520386,2,33
520351,520384,520385,1,33
520351,520383,520386,3,32
520351,520372,520380,8,21
520351,520378,520386,8,27
520351,520378,520386,8,27
520351,520384,520386,2,33
520351,520385,520386,1,34
520351,520385,520387,2,34
520351,520385,520387,2,34
520351,520386,520387,1,35
520351,520386,520387,1,35
520351,520386,520387,1,35
520351,520386,520387,1,35
520351,520386,520389,3,35
520351,520387,520388,1,36
520351,520386,520389,3,35
520351,520388,520390,2,37
520351,520387,520391,4,36
520351,520387,520389,2,36
520351,520376,520395,19,25
520351,520387,520395,8,36
520351,520384,520399,15,33
520351,520387,520399,12,36
520351,520369,520400,31,18
520351,520376,520402,26,25
517298,517324,520426,3102,26
520427,520427,520428,1,0
520427,520427,520428,1,0
520427,520427,520428,1,0
520427,520427,520428,1,0
520427,520427,520428,1,0
520427,520427,520428,1,0
520427,520427,520428,1,0
520427,520427,520428,1,0
520427,520427,520428,1,0
520427,520427,520428,1,0
520427,520428,520429,1,1
520427,520428,520429,1,1
520427,520428,520429,1,1
520427,520428,520429,1,1
520427,520428,520429,1,1
520427,520428,520429,1,1
520427,520428,520429,1,1
520427,520429,520430,1,2
520427,520429,520430,1,2
520427,520429,520430,1,2
520427,520429,520430,1,2
520427,520429,520430,1,2
520427,520429,520431,2,2
520427,520429,520430,1,2
520427,520430,520431,1,3
520427,520430,520431,1,3
520427,520430,520431,1,3
520427,520430,520431,1,3
520427,520430,520431,1,3
520427,520431,520432,1,4
520427,520430,520431,1,3
520427,520429,520433,4,2
520427,520429,520433,4,2
520427,520427,520428,1,0
520427,520427,520428,1,0
520427,520427,520433,6,0
520427,520431,520432,1,4
520427,520431,520433,2,4
520427,520431,520433,2,4
520427,520431,520432,1,4
520427,520431,520433,2,4
520427,520432,520434,2,5
520427,520432,520433,1,5
520427,520432,520433,1,5
520427,520427,520434,7,0
520427,520427,520435,8,0
520427,520427,520435,8,0
520427,520433,520435,2,6
520427,520433,520435,2,6
520427,520433,520434,1,6
520427,520433,520434,1,6
520427,520433,520435,2,6
520427,520433,520435,2,6
520427,520433,520435,2,6
520427,520433,520435,2,6
520427,520427,520435,8,0
520427,520434,520436,2,7
520427,520434,520436,2,7
520427,520434,520436,2,7
520427,520434,520436,2,7
520427,520435,520437,2,8
520427,520435,520437,2,8
520427,520435,520437,2,8
520427,520435,520437,2,8
520427,520436,520437,1,9
520427,520436,520437,1,9
520427,520435,520437,2,8
520427,520437,520438,1,10
520427,520437,520438,1,10
520427,520437,520438,1,10
520427,520437,520438,1,10
520427,520437,520439,2,10
520427,520435,520439,4,8
520427,520438,520439,1,11
520427,520438,520439,1,11
520427,520438,520439,1,11
520427,520435,520439,4,8
520427,520439,520440,1,12
520427,520439,520440,1,12
520427,520439,520440,1,12
520427,520439,520440,1,12
520427,520440,520441,1,13
520427,520440,520441,1,13
520427,520440,520441,1,13
520427,520439,520441,2,12
520427,520439,520441,2,12
520427,520440,520442,2,13
520427,520441,520442,1,14
520427,520442,520443,1,15
520427,520433,520442,9,6
520427,520435,520443,8,8
520427,520441,520442,1,14
520427,520441,520442,1,14
520427,520441,520442,1,14
520427,520442,520443,1,15
520427,520436,520443,7,9
520427,520443,520444,1,16
520427,520443,520444,1,16
520427,520435,520443,8,8
520427,520442,520443,1,15
520427,520443,520444,1,16
520427,520443,520444,1,16
520427,520437,520444,7,10
520427,520437,520444,7,10
520427,520442,520444,2,15
520427,520444,520445,1,17
520427,520443,520444,1,16
520427,520444,520445,1,17
520427,520443,520444,1,16
520427,520442,520444,2,15
520427,520438,520445,7,11
520427,520443,520445,2,16
520427,520442,520444,2,15
520427,520444,520445,1,17
520427,520445,520446,1,18
520427,520444,520445,1,17
520427,520444,520446,2,17
520427,520445,520446,1,18
520427,520445,520446,1,18
520427,520445,520446,1,18
520427,520445,520446,1,18
520427,520445,520447,2,18
520427,520446,520447,1,19
520427,520446,520447,1,19
520427,520446,520447,1,19
520427,520445,520448,3,18
520427,520448,520449,1,21
520427,520447,520448,1,20
520427,520447,520448,1,20
520427,520447,520448,1,20
520427,520447,520448,1,20
520427,520446,520449,3,19
520427,520448,520449,1,21
520427,520448,520450,2,21
520427,520447,520450,3,20
520427,520443,520444,1,16
520427,520443,520450,7,16
520427,520449,520450,1,22
520427,520449,520451,2,22
520427,520449,520451,2,22
520427,520449,520451,2,22
520427,520449,520450,1,22
520427,520444,520451,7,17
520427,520449,520451,2,22
520427,520450,520453,3,23
520427,520445,520454,9,18
520427,520444,520455,11,17
520427,520446,520461,15,19
520427,520445,520464,19,18
517272,517298,520467,3169,26
517198,517221,520473,3252,23
520478,520478,520479,1,0
520478,520478,520479,1,0
520478,520478,520479,1,0
520478,520478,520480,2,0
520478,520478,520479,1,0
520478,520478,520479,1,0
520478,520478,520479,1,0
520478,520478,520479,1,0
520478,520478,520479,1,0
520478,520479,520480,1,1
520478,520479,520480,1,1
520478,520479,520480,1,1
520478,520479,520480,1,1
520478,520479,520480,1,1
520478,520479,520480,1,1
520478,520479,520480,1,1
520478,520478,520481,3,0
520478,520480,520481,1,2
520478,520480,520481,1,2
520478,520480,520481,1,2
520478,520480,520481,1,2
520478,520480,520481,1,2
520478,520480,520482,2,2
520478,520480,520481,1,2
520478,520480,520481,1,2
520478,520480,520481,1,2
520478,520481,520482,1,3
520478,520481,520482,1,3
520478,520481,520482,1,3
520478,520481,520482,1,3
520478,520481,520482,1,3
520478,520481,520482,1,3
520478,520482,520483,1,4
520478,520482,520483,1,4
520478,520483,520484,1,5
520478,520482,520484,2,4
520478,520483,520484,1,5
520478,520481,520484,3,3
520478,520483,520484,1,5
520478,520483,520484,1,5
520478,520483,520484,1,5
520478,520483,520484,1,5
520478,520483,520484,1,5
520478,520478,520486,8,0
520478,520482,520486,4,4
520478,520484,520485,1,6
520478,520484,520485,1,6
520478,520485,520486,1,7
520478,520480,520487,7,2
520478,520478,520486,8,0
520478,520485,520487,2,7
520478,520485,520486,1,7
520478,520485,520487,2,7
520478,520485,520486,1,7
520478,520485,520486,1,7
520478,520485,520487,2,7
520478,520486,520488,2,8
520478,520480,520488,8,2
520478,520480,520488,8,2
520478,520486,520488,2,8
520478,520486,520488,2,8
520478,520486,520487,1,8
520478,520486,520487,1,8
520478,520486,520487,1,8
520478,520487,520488,1,9
520478,520487,520488,1,9
520478,520487,520489,2,9
520478,520487,520489,2,9
520478,520487,520488,1,9
520478,520487,520488,1,9
520478,520488,520489,1,10
520478,520488,520490,2,10
520478,520488,520490,2,10
520478,520488,520490,2,10
520478,520489,520490,1,11
520478,520488,520490,2,10
520478,520488,520490,2,10
520478,520489,520491,2,11
520478,520489,520490,1,11
520478,520491,520492,1,13
520478,520491,520492,1,13
520478,520487,520492,5,9
520478,520488,520492,4,10
520478,520490,520492,2,12
520478,520491,520492,1,13
520478,520491,520492,1,13
520478,520491,520492,1,13
520478,520491,520492,1,13
520478,520491,520493,2,13
520478,520491,520493,2,13
520478,520492,520493,1,14
520478,520493,520494,1,15
520478,520492,520494,2,14
520478,520492,520493,1,14
520478,520492,520494,2,14
520478,520493,520494,1,15
520478,520494,520495,1,16
520478,520494,520495,1,16
520478,520494,520495,1,16
520478,520493,520495,2,15
520478,520493,520495,2,15
520478,520495,520496,1,17
520478,520495,520496,1,17
520478,520488,520496,8,10
520478,520489,520496,7,11
520478,520492,520496,4,14
520478,520494,520496,2,16
520478,520495,520496,1,17
520478,520495,520496,1,17
520478,520495,520496,1,17
520478,520495,520496,1,17
520478,520496,520497,1,18
520478,520495,520497,2,17
520478,520496,520497,1,18
520478,520496,520497,1,18
520478,520495,520498,3,17
520478,520496,520498,2,18
520478,520497,520498,1,19
520478,520497,520498,1,19
520478,520497,520498,1,19
520478,520497,520498,1,19
520478,520497,520498,1,19
520478,520498,520499,1,20
520478,520498,520499,1,20
520478,520499,520500,1,21
520478,520499,520500,1,21
520478,520499,520500,1,21
520478,520496,520500,4,18
520478,520499,520500,1,21
520478,520499,520500,1,21
520478,520500,520501,1,22
520478,520498,520501,3,20
520478,520500,520501,1,22
520478,520500,520501,1,22
520478,520500,520501,1,22
520478,520500,520501,1,22
520478,520497,520501,4,19
520478,520488,520501,13,10
520478,520501,520502,1,23
520478,520501,520502,1,23
520478,520501,520502,1,23
520478,520501,520502,1,23
520478,520488,520496,8,10
520478,520496,520498,2,18
520478,520498,520502,4,20
520478,520500,520502,2,22
520478,520489,520503,14,11
520478,520501,520503,2,23
520478,520501,520502,1,23
520478,520502,520503,1,24
520478,520502,520503,1,24
520478,520502,520503,1,24
520478,520502,520503,1,24
520478,520503,520504,1,25
520478,520503,520504,1,25
520478,520503,520504,1,25
520478,520478,520504,26,0
520478,520480,520504,24,2
520478,520503,520504,1,25
520478,520503,520504,1,25
520478,520503,520504,1,25
520478,520502,520504,2,24
520478,520502,520504,2,24
520478,520502,520504,2,24
520478,520503,520505,2,25
520478,520503,520505,2,25
520478,520504,520505,1,26
520478,520504,520505,1,26
520478,520504,520505,1,26
520478,520503,520506,3,25
520478,520504,520506,2,26
520478,520504,520506,2,26
520478,520504,520506,2,26
520478,520504,520506,2,26
520478,520505,520507,2,27
520478,520506,520507,1,28
520478,520506,520507,1,28
520478,520506,520507,1,28
520478,520505,520508,3,27
520478,520507,520508,1,29
520478,520507,520508,1,29
520478,520507,520508,1,29
520478,520507,520508,1,29
520478,520506,520508,2,28
520478,520503,520509,6,25
520478,520509,520510,1,31
520478,520508,520509,1,30
520478,520508,520509,1,30
520478,520508,520509,1,30
520478,520496,520503,7,18
520478,520502,520504,2,24
520478,520502,520504,2,24
520478,520507,520510,3,29
520478,520507,520510,3,29
520478,520509,520510,1,31
520478,520509,520510,1,31
520478,520509,520510,1,31
520478,520509,520510,1,31
520478,520510,520511,1,32
520478,520509,520511,2,31
520478,520510,520511,1,32
520478,520511,520512,1,33
520478,520510,520511,1,32
520478,520510,520511,1,32
520478,520510,520512,2,32
520478,520511,520512,1,33
520478,520511,520512,1,33
520478,520511,520512,1,33
520478,520511,520512,1,33
520478,520512,520513,1,34
520478,520511,520513,2,33
520478,520512,520513,1,34
520478,520512,520513,1,34
520478,520512,520513,1,34
520478,520513,520514,1,35
520478,520504,520514,10,26
520478,520511,520513,2,33
520478,520512,520514,2,34
520478,520513,520514,1,35
520478,520513,520514,1,35
520478,520514,520515,1,36
520478,520513,520515,2,35
520478,520514,520515,1,36
520478,520514,520515,1,36
520478,520514,520515,1,36
520478,520515,520516,1,37
520478,520515,520516,1,37
520478,520515,520516,1,37
520478,520515,520516,1,37
520478,520515,520516,1,37
520478,520514,520516,2,36
520478,520514,520516,2,36
520478,520514,520516,2,36
520478,520513,520516,3,35
520478,520516,520517,1,38
520478,520516,520517,1,38
520478,520516,520517,1,38
520478,520515,520517,2,37
520478,520516,520517,1,38
520478,520516,520517,1,38
520478,520509,520516,7,31
520478,520514,520517,3,36
520478,520516,520517,1,38
520478,520517,520518,1,39
520478,520516,520518,2,38
520478,520516,520518,2,38
520478,520517,520518,1,39
520478,520510,520512,2,32
520478,520510,520517,7,32
520478,520510,520518,8,32
520478,520517,520519,2,39
520478,520517,520518,1,39
520478,520517,520518,1,39
520478,520518,520519,1,40
520478,520517,520519,2,39
520478,520517,520519,2,39
520478,520517,520519,2,39
520478,520518,520519,1,40
520478,520519,520520,1,41
520478,520519,520521,2,41
520478,520518,520520,2,40
520478,520519,520521,2,41
520478,520519,520521,2,41
520478,520519,520521,2,41
520478,520518,520521,3,40
520478,520520,520521,1,42
520478,520520,520521,1,42
520478,520520,520521,1,42
520478,520519,520521,2,41
520478,520519,520521,2,41
520478,520520,520522,2,42
520478,520521,520522,1,43
520478,520519,520523,4,41
520478,520521,520523,2,43
520478,520504,520523,19,26
520478,520521,520525,4,43
520478,520505,520526,21,27
520478,520517,520530,13,39
520478,520521,520533,12,43
520478,520518,520545,27,40
515737,515762,520558,4796,25
520559,520559,520560,1,0
520559,520559,520560,1,0
520559,520559,520560,1,0
520559,520560,520561,1,1
520559,520559,520560,1,0
520559,520559,520560,1,0
520559,520559,520560,1,0
520559,520559,520560,1,0
520559,520560,520561,1,1
520559,520560,520561,1,1
520559,520560,520561,1,1
520559,520561,520562,1,2
520559,520561,520562,1,2
520559,520561,520562,1,2
520559,520559,520562,3,0
520559,520561,520563,2,2
520559,520562,520563,1,3
520559,520562,520563,1,3
520559,520562,520563,1,3
520559,520563,520564,1,4
520559,520562,520563,1,3
520559,520561,520565,4,2
520559,520563,520565,2,4
520559,520563,520564,1,4
520559,520563,520565,2,4
520559,520563,520565,2,4
520559,520559,520566,7,0
520559,520559,520566,7,0
520559,520564,520565,1,5
520559,520559,520566,7,0
520559,520561,520566,5,2
520559,520563,520566,3,4
520559,520564,520566,2,5
520559,520559,520567,8,0
520559,520559,520567,8,0
520559,520565,520567,2,6
520559,520565,520567,2,6
520559,520565,520567,2,6
520559,520565,520567,2,6
520559,520566,520568,2,7
520559,520566,520568,2,7
520559,520566,520568,2,7
520559,520566,520568,2,7
520559,520561,520569,8,2
520559,520567,520569,2,8
520559,520565,520569,4,6
520559,520567,520569,2,8
520559,520568,520569,1,9
520559,520568,520569,1,9
520559,520568,520569,1,9
520559,520568,520569,1,9
520559,520566,520570,4,7
520559,520568,520570,2,9
520559,520566,520570,4,7
520559,520569,520570,1,10
520559,520569,520571,2,10
520559,520570,520571,1,11
520559,520570,520571,1,11
520559,520570,520571,1,11
520559,520570,520571,1,11
520559,520559,520572,13,0
520559,520570,520571,1,11
520559,520570,520572,2,11
520559,520571,520572,1,12
520559,520559,520573,14,0
520559,520572,520573,1,13
520559,520572,520573,1,13
520559,520572,520573,1,13
520559,520572,520573,1,13
520559,520572,520573,1,13
520559,520570,520573,3,11
520559,520573,520574,1,14
520559,520572,520575,3,13
520559,520571,520575,4,12
520559,520574,520575,1,15
520559,520574,520575,1,15
520559,520574,520575,1,15
520559,520574,520575,1,15
520559,520569,520571,2,10
520559,520567,520573,6,8
520559,520574,520576,2,15
520559,520574,520576,2,15
520559,520570,520576,6,11
520559,520575,520576,1,16
520559,520566,520577,11,7
520559,520575,520577,2,16
520559,520576,520577,1,17
520559,520576,520577,1,17
520559,520576,520577,1,17
520559,520576,520577,1,17
520559,520576,520578,2,17
520559,520575,520578,3,16
520559,520577,520578,1,18
520559,520578,520579,1,19
520559,520577,520579,2,18
520559,520578,520579,1,19
520559,520578,520579,1,19
520559,520579,520580,1,20
520559,520578,520579,1,19
520559,520569,520580,11,10
520559,520573,520580,7,14
520559,520578,520580,2,19
520559,520577,520580,3,18
520559,520579,520580,1,20
520559,520580,520581,1,21
520559,520579,520580,1,20
520559,520578,520581,3,19
520559,520579,520581,2,20
520559,520580,520581,1,21
520559,520580,520581,1,21
520559,520581,520582,1,22
520559,520580,520582,2,21
520559,520581,520582,1,22
520559,520569,520576,7,10
520559,520576,520578,2,17
520559,520581,520583,2,22
520559,520581,520584,3,22
520559,520582,520583,1,23
520559,520582,520583,1,23
520559,520582,520583,1,23
520559,520582,520583,1,23
520559,520582,520584,2,23
520559,520583,520584,1,24
520559,520581,520584,3,22
520559,520576,520585,9,17
520559,520583,520585,2,24
520559,520583,520585,2,24
520559,520583,520585,2,24
520559,520584,520586,2,25
520559,520582,520586,4,23
520559,520584,520585,1,25
520559,520584,520586,2,25
520559,520584,520585,1,25
520559,520584,520586,2,25
520559,520585,520586,1,26
520559,520584,520587,3,25
520559,520586,520587,1,27
520559,520586,520588,2,27
520559,520586,520588,2,27
520559,520585,520587,2,26
520559,520577,520588,11,18
520559,520580,520588,8,21
520559,520585,520588,3,26
520559,520586,520588,2,27
520559,520586,520589,3,27
520559,520585,520592,7,26
520559,520572,520592,20,13
520559,520580,520592,12,21
520559,520585,520593,8,26
520559,520585,520593,8,26
518704,518747,521939,3192,43
521941,521941,521942,1,0
521941,521941,521942,1,0
521941,521941,521942,1,0
521941,521941,521942,1,0
521941,521942,521943,1,1
521941,521941,521942,1,0
521941,521941,521943,2,0
521941,521941,521943,2,0
521941,521942,521943,1,1
521941,521942,521943,1,1
521941,521942,521943,1,1
521941,521941,521943,2,0
521941,521941,521944,3,0
521941,521943,521944,1,2
521941,521944,521945,1,3
521941,521943,521945,2,2
521941,521943,521945,2,2
521941,521943,521944,1,2
521941,521943,521944,1,2
521941,521941,521945,4,0
521941,521941,521946,5,0
521941,521943,521945,2,2
521941,521944,521946,2,3
521941,521944,521945,1,3
521941,521944,521946,2,3
521941,521945,521947,2,4
521941,521945,521947,2,4
521941,521945,521946,1,4
521941,521945,521946,1,4
521941,521946,521947,1,5
521941,521946,521947,1,5
521941,521947,521948,1,6
521941,521941,521948,7,0
521941,521941,521948,7,0
521941,521941,521948,7,0
521941,521941,521948,7,0
521941,521946,521948,2,5
521941,521946,521949,3,5
521941,521946,521948,2,5
521941,521948,521949,1,7
521941,521947,521949,2,6
521941,521947,521948,1,6
521941,521941,521949,8,0
521941,521947,521949,2,6
521941,521948,521949,1,7
521941,521949,521950,1,8
521941,521949,521950,1,8
521941,521947,521950,3,6
521941,521949,521950,1,8
521941,521949,521950,1,8
521941,521949,521951,2,8
521941,521949,521952,3,8
521941,521949,521951,2,8
521941,521950,521952,2,9
521941,521951,521952,1,10
521941,521946,521950,4,5
521941,521949,521951,2,8
521941,521951,521952,1,10
521941,521950,521952,2,9
521941,521951,521953,2,10
521941,521951,521952,1,10
521941,521949,521953,4,8
521941,521951,521953,2,10
521941,521952,521954,2,11
521941,521953,521954,1,12
521941,521953,521955,2,12
521941,521953,521954,1,12
521941,521952,521954,2,11
521941,521952,521954,2,11
521941,521953,521955,2,12
521941,521953,521955,2,12
521941,521953,521956,3,12
521941,521954,521956,2,13
521941,521941,521956,15,0
521941,521955,521956,1,14
521941,521949,521956,7,8
521941,521949,521956,7,8
521941,521950,521956,6,9
521941,521955,521956,1,14
521941,521954,521957,3,13
521941,521955,521956,1,14
521941,521955,521957,2,14
521941,521957,521958,1,16
521941,521955,521957,2,14
521941,521955,521958,3,14
521941,521956,521958,2,15
521941,521957,521958,1,16
521941,521958,521959,1,17
521941,521956,521959,3,15
521941,521957,521959,2,16
521941,521957,521959,2,16
521941,521959,521960,1,18
521941,521953,521958,5,12
521941,521955,521960,5,14
521941,521959,521960,1,18
521941,521958,521960,2,17
521941,521957,521960,3,16
521941,521958,521960,2,17
521941,521958,521960,2,17
521941,521960,521961,1,19
521941,521961,521962,1,20
521941,521960,521961,1,19
521941,521954,521961,7,13
521941,521960,521962,2,19
521941,521960,521961,1,19
521941,521959,521962,3,18
521941,521961,521962,1,20
521941,521962,521963,1,21
521941,521962,521963,1,21
521941,521960,521963,3,19
521941,521960,521963,3,19
521941,521963,521964,1,22
521941,521962,521964,2,21
521941,521961,521963,2,20
521941,521963,521964,1,22
521941,521963,521964,1,22
521941,521957,521965,8,16
521941,521957,521964,7,16
521941,521960,521964,4,19
521941,521963,521964,1,22
521941,521962,521965,3,21
521941,521964,521965,1,23
521941,521965,521966,1,24
521941,521964,521965,1,23
521941,521963,521966,3,22
521941,521964,521966,2,23
521941,521963,521966,3,22
521941,521965,521966,1,24
521941,521962,521967,5,21
521941,521965,521966,1,24
521941,521957,521967,10,16
521941,521966,521967,1,25
521941,521966,521967,1,25
521941,521966,521967,1,25
521941,521965,521968,3,24
521941,521966,521968,2,25
521941,521967,521969,2,26
521941,521962,521969,7,21
521941,521966,521969,3,25
521941,521966,521970,4,25
521941,521967,521970,3,26
521941,521965,521971,6,24
521941,521967,521972,5,26
521941,521952,521973,21,11
521941,521957,521974,17,16
521941,521965,521975,10,24
518702,518747,521996,3249,45
521997,521997,521998,1,0
521997,521997,521998,1,0
521997,521997,521998,1,0
521997,521997,521998,1,0
521997,521997,521998,1,0
521997,521997,521998,1,0
521997,521997,521999,2,0
521997,521998,521999,1,1
521997,521997,521999,2,0
521997,521997,521999,2,0
521997,521999,522000,1,2
521997,521999,522000,1,2
521997,521999,522000,1,2
521997,521999,522000,1,2
521997,522000,522001,1,3
521997,521999,522000,1,2
521997,521999,522000,1,2
521997,522000,522001,1,3
521997,521997,521998,1,0
521997,521997,522001,4,0
521997,522001,522002,1,4
521997,522000,522001,1,3
521997,521999,522002,3,2
521997,522001,522002,1,4
521997,522000,522002,2,3
521997,522000,522002,2,3
521997,522001,522002,1,4
521997,521999,522002,3,2
521997,522001,522002,1,4
521997,522001,522002,1,4
521997,522002,522003,1,5
521997,521997,522004,7,0
521997,521997,522004,7,0
521997,522002,522003,1,5
521997,522003,522004,1,6
521997,522002,522004,2,5
521997,522003,522004,1,6
521997,522003,522004,1,6
521997,522003,522005,2,6
521997,522004,522005,1,7
521997,522003,522005,2,6
521997,521997,522005,8,0
521997,521999,522006,7,2
521997,522004,522006,2,7
521997,522004,522006,2,7
521997,522003,522005,2,6
521997,522004,522005,1,7
521997,522005,522006,1,8
521997,522003,522006,3,6
521997,522005,522006,1,8
521997,522005,522007,2,8
521997,522005,522006,1,8
521997,522006,522007,1,9
521997,522005,522007,2,8
521997,521997,522006,9,0
521997,522001,522007,6,4
521997,522006,522007,1,9
521997,522006,522008,2,9
521997,522006,522007,1,9
521997,522001,522008,7,4
521997,522006,522008,2,9
521997,522007,522008,1,10
521997,522007,522008,1,10
521997,522007,522009,2,10
521997,522007,522009,2,10
521997,522007,522009,2,10
521997,522007,522009,2,10
521997,522008,522010,2,11
521997,522008,522010,2,11
521997,522009,522011,2,12
521997,522009,522010,1,12
521997,522009,522011,2,12
521997,522008,522011,3,11
521997,522007,522009,2,10
521997,522007,522009,2,10
521997,522010,522011,1,13
521997,522009,522012,3,12
521997,522010,522012,2,13
521997,522010,522012,2,13
521997,522010,522013,3,13
521997,522011,522013,2,14
521997,522011,522012,1,14
521997,522011,522013,2,14
521997,522006,522013,7,9
521997,522006,522013,7,9
521997,522006,522014,8,9
521997,522011,522013,2,14
521997,522012,522013,1,15
521997,522012,522014,2,15
521997,522012,522014,2,15
521997,522013,522014,1,16
521997,522013,522014,1,16
521997,522012,522015,3,15
521997,522006,522014,8,9
521997,522013,522015,2,16
521997,522013,522015,2,16
521997,522014,522016,2,17
521997,522014,522016,2,17
521997,522013,522015,2,16
521997,522014,522016,2,17
521997,522008,522013,5,11
521997,522014,522016,2,17
521997,522014,522016,2,17
521997,522014,522016,2,17
521997,522015,522017,2,18
521997,522014,522016,2,17
521997,522014,522016,2,17
521997,522012,522017,5,15
521997,522012,522017,5,15
521997,522015,522017,2,18
521997,522015,522018,3,18
521997,522016,522018,2,19
521997,522016,522018,2,19
521997,522017,522018,1,20
521997,522017,522018,1,20
521997,522017,522019,2,20
521997,522016,522018,2,19
521997,522016,522018,2,19
521997,522017,522018,1,20
521997,522017,522019,2,20
521997,522018,522019,1,21
521997,522014,522020,6,17
521997,522015,522020,5,18
521997,522017,522019,2,20
521997,522019,522020,1,22
521997,522019,522020,1,22
521997,522019,522021,2,22
521997,522016,522018,2,19
521997,522017,522020,3,20
521997,522018,522020,2,21
521997,522018,522021,3,21
521997,522018,522021,3,21
521997,522020,522021,1,23
521997,522020,522021,1,23
521997,522019,522022,3,22
521997,522019,522022,3,22
521997,522019,522022,3,22
521997,522021,522022,1,24
521997,522021,522023,2,24
521997,522020,522022,2,23
521997,522017,522023,6,20
521997,522021,522023,2,24
521997,522020,522025,5,23
521997,522020,522025,5,23
521997,522021,522028,7,24
517230,517256,522057,4801,26
522058,522058,522059,1,0
522058,522058,522059,1,0
522058,522058,522059,1,0
522058,522058,522059,1,0
522058,522058,522059,1,0
522058,522058,522059,1,0
522058,522058,522060,2,0
522058,522058,522059,1,0
522058,522059,522060,1,1
522058,522059,522060,1,1
522058,522058,522060,2,0
522058,522059,522060,1,1
522058,522058,522060,2,0
522058,522060,522061,1,2
522058,522060,522061,1,2
522058,522060,522061,1,2
522058,522060,522061,1,2
522058,522060,522062,2,2
522058,522061,522062,1,3
522058,522060,522061,1,2
522058,522058,522062,4,0
522058,522062,522063,1,4
522058,522062,522063,1,4
522058,522061,522062,1,3
522058,522061,522062,1,3
522058,522062,522063,1,4
522058,522060,522062,2,2
522058,522061,522063,2,3
522058,522061,522063,2,3
522058,522062,522064,2,4
522058,522058,522063,5,0
522058,522058,522064,6,0
522058,522062,522064,2,4
522058,522058,522064,6,0
522058,522058,522064,6,0
522058,522058,522065,7,0
522058,522063,522064,1,5
522058,522063,522064,1,5
522058,522062,522065,3,4
522058,522063,522065,2,5
522058,522063,522064,1,5
522058,522063,522064,1,5
522058,522064,522066,2,6
522058,522058,522065,7,0
522058,522064,522065,1,6
522058,522064,522066,2,6
522058,522064,522066,2,6
522058,522064,522067,3,6
522058,522065,522066,1,7
522058,522065,522066,1,7
522058,522064,522066,2,6
522058,522065,522066,1,7
522058,522065,522067,2,7
522058,522065,522066,1,7
522058,522065,522067,2,7
522058,522065,522067,2,7
522058,522067,522068,1,9
522058,522067,522068,1,9
522058,522067,522069,2,9
522058,522067,522068,1,9
522058,522067,522068,1,9
522058,522066,522069,3,8
522058,522067,522070,3,9
522058,522067,522069,2,9
522058,522069,522070,1,11
522058,522069,522070,1,11
522058,522068,522071,3,10
522058,522064,522070,6,6
522058,522069,522071,2,11
522058,522069,522070,1,11
522058,522069,522071,2,11
522058,522065,522072,7,7
522058,522065,522072,7,7
522058,522070,522072,2,12
522058,522066,522072,6,8
522058,522071,522072,1,13
522058,522070,522072,2,12
522058,522070,522072,2,12
522058,522071,522072,1,13
522058,522066,522072,6,8
522058,522071,522073,2,13
522058,522071,522072,1,13
522058,522071,522073,2,13
522058,522071,522073,2,13
522058,522066,522073,7,8
522058,522072,522074,2,14
522058,522071,522074,3,13
522058,522072,522074,2,14
522058,522073,522074,1,15
522058,522073,522075,2,15
522058,522073,522075,2,15
522058,522072,522074,2,14
522058,522073,522075,2,15
522058,522073,522075,2,15
522058,522073,522075,2,15
522058,522074,522076,2,16
522058,522066,522076,10,8
522058,522073,522075,2,15
522058,522075,522076,1,17
522058,522075,522077,2,17
522058,522074,522076,2,16
522058,522073,522077,4,15
522058,522075,522077,2,17
522058,522075,522077,2,17
522058,522075,522077,2,17
522058,522075,522077,2,17
522058,522076,522078,2,18
522058,522075,522077,2,17
522058,522076,522079,3,18
522058,522077,522078,1,19
522058,522077,522079,2,19
522058,522073,522079,6,15
522058,522078,522079,1,20
522058,522078,522079,1,20
522058,522077,522080,3,19
522058,522079,522080,1,21
522058,522078,522080,2,20
522058,522072,522080,8,14
522058,522079,522081,2,21
522058,522079,522081,2,21
522058,522074,522082,8,16
522058,522080,522081,1,22
522058,522080,522081,1,22
522058,522078,522081,3,20
522058,522068,522082,14,10
522058,522076,522082,6,18
522058,522081,522082,1,23
522058,522079,522082,3,21
522058,522078,522082,4,20
522058,522080,522082,2,22
522058,522081,522082,1,23
522058,522074,522083,9,16
522058,522081,522083,2,23
522058,522082,522083,1,24
522058,522082,522083,1,24
522058,522081,522084,3,23
522058,522082,522084,2,24
522058,522082,522084,2,24
522058,522081,522084,3,23
522058,522083,522084,1,25
522058,522082,522085,3,24
522058,522082,522085,3,24
522058,522082,522085,3,24
522058,522083,522085,2,25
522058,522077,522085,8,19
522058,522082,522086,4,24
522058,522080,522088,8,22
522058,522083,522094,11,25
522058,522082,522098,16,24
518915,518961,522129,3168,46
522130,522130,522131,1,0
522130,522130,522131,1,0
522130,522130,522131,1,0
522130,522130,522131,1,0
522130,522130,522132,2,0
522130,522130,522132,2,0
522130,522130,522132,2,0
522130,522130,522131,1,0
522130,522131,522132,1,1
522130,522131,522132,1,1
522130,522131,522132,1,1
522130,522131,522132,1,1
522130,522132,522133,1,2
522130,522132,522133,1,2
522130,522132,522133,1,2
522130,522132,522133,1,2
522130,522132,522133,1,2
522130,522132,522134,2,2
522130,522130,522134,4,0
522130,522133,522134,1,3
522130,522133,522134,1,3
522130,522133,522134,1,3
522130,522133,522134,1,3
522130,522135,522136,1,5
522130,522130,522135,5,0
522130,522132,522136,4,2
522130,522130,522135,5,0
522130,522136,522137,1,6
522130,522130,522137,7,0
522130,522130,522137,7,0
522130,522130,522137,7,0
522130,522130,522137,7,0
522130,522134,522136,2,4
522130,522134,522136,2,4
522130,522136,522137,1,6
522130,522137,522138,1,7
522130,522137,522138,1,7
522130,522136,522138,2,6
522130,522132,522137,5,2
522130,522136,522138,2,6
522130,522137,522138,1,7
522130,522137,522139,2,7
522130,522137,522139,2,7
518907,518932,522139,3207,25
522130,522138,522139,1,8
522130,522138,522139,1,8
522130,522138,522139,1,8
522130,522139,522140,1,9
522130,522136,522139,3,6
522130,522138,522139,1,8
522130,522137,522139,2,7
522130,522134,522140,6,4
522130,522138,522140,2,8
522130,522140,522141,1,10
522130,522137,522141,4,7
522130,522137,522141,4,7
522130,522139,522141,2,9
522130,522140,522141,1,10
522130,522140,522141,1,10
522130,522140,522141,1,10
522130,522140,522141,1,10
522130,522141,522142,1,11
522130,522140,522141,1,10
522130,522137,522142,5,7
522130,522140,522142,2,10
522130,522142,522143,1,12
522130,522139,522143,4,9
522130,522142,522143,1,12
522130,522142,522143,1,12
522130,522142,522143,1,12
522130,522142,522143,1,12
522130,522142,522143,1,12
522130,522140,522144,4,10
522130,522142,522144,2,12
522130,522138,522144,6,8
522130,522141,522144,3,11
522130,522144,522145,1,14
522130,522144,522145,1,14
522130,522144,522145,1,14
522130,522144,522145,1,14
522130,522144,522145,1,14
522130,522144,522146,2,14
522130,522144,522145,1,14
522130,522140,522146,6,10
522130,522140,522146,6,10
522130,522143,522146,3,13
522130,522145,522146,1,15
522130,522146,522147,1,16
522130,522146,522147,1,16
522130,522146,522147,1,16
522130,522146,522147,1,16
522130,522146,522147,1,16
522130,522146,522147,1,16
522130,522147,522148,1,17
522130,522147,522148,1,17
522130,522146,522147,1,16
522130,522147,522148,1,17
522130,522147,522148,1,17
522130,522147,522148,1,17
522130,522147,522148,1,17
522130,522148,522149,1,18
522130,522148,522149,1,18
522130,522148,522149,1,18
522130,522148,522149,1,18
522130,522148,522149,1,18
522130,522149,522150,1,19
522130,522148,522149,1,18
522130,522149,522150,1,19
522130,522149,522150,1,19
522130,522149,522150,1,19
522130,522144,522150,6,14
522130,522149,522151,2,19
522130,522149,522150,1,19
522130,522143,522150,7,13
522130,522144,522150,6,14
522130,522144,522150,6,14
522130,522150,522151,1,20
522130,522149,522150,1,19
522130,522149,522150,1,19
522130,522150,522151,1,20
522130,522150,522151,1,20
522130,522150,522151,1,20
522130,522150,522151,1,20
522130,522149,522151,2,19
522130,522149,522151,2,19
522130,522151,522152,1,21
522130,522142,522153,11,12
522130,522151,522153,2,21
522130,522151,522153,2,21
522130,522151,522153,2,21
522130,522151,522153,2,21
522130,522151,522153,2,21
522130,522152,522153,1,22
522130,522151,522153,2,21
517381,517404,522153,4749,23
522130,522151,522153,2,21
522130,522151,522153,2,21
522130,522151,522153,2,21
522130,522151,522153,2,21
522130,522151,522154,3,21
522130,522153,522154,1,23
522130,522154,522155,1,24
522130,522149,522155,6,19
522141,522154,522155,1,13
522141,522155,522156,1,14
522130,522151,522155,4,21
522130,522151,522155,4,21
522130,522153,522155,2,23
522141,522154,522155,1,13
522141,522154,522155,1,13
522141,522154,522156,2,13
522130,522147,522156,9,17
522141,522156,522157,1,15
522141,522157,522158,1,16
522141,522156,522157,1,15
522141,522157,522158,1,16
522141,522157,522158,1,16
522141,522157,522158,1,16
522141,522157,522158,1,16
522141,522158,522159,1,17
522141,522158,522159,1,17
522141,522158,522159,1,17
522141,522154,522158,4,13
522141,522156,522158,2,15
522141,522156,522158,2,15
522141,522158,522159,1,17
522141,522154,522159,5,13
522141,522154,522160,6,13
522141,522159,522160,1,18
522141,522156,522160,4,15
522141,522156,522159,3,15
522141,522156,522160,4,15
522141,522159,522160,1,18
522141,522159,522160,1,18
522141,522159,522160,1,18
522141,522159,522160,1,18
522141,522159,522161,2,18
522141,522160,522161,1,19
522141,522156,522161,5,15
522141,522160,522162,2,19
522141,522160,522161,1,19
522141,522160,522162,2,19
522141,522159,522161,2,18
522141,522159,522161,2,18
522141,522161,522162,1,20
522141,522156,522162,6,15
522141,522158,522162,4,17
522141,522161,522162,1,20
522141,522161,522162,1,20
522141,522161,522162,1,20
522141,522162,522163,1,21
522141,522160,522162,2,19
522141,522162,522163,1,21
522141,522162,522164,2,21
522141,522162,522164,2,21
522141,522163,522164,1,22
522141,522163,522164,1,22
522141,522163,522165,2,22
522141,522163,522164,1,22
522141,522163,522164,1,22
522141,522160,522165,5,19
522141,522162,522165,3,21
522141,522164,522165,1,23
522141,522165,522166,1,24
522141,522165,522166,1,24
522141,522165,522166,1,24
522141,522165,522166,1,24
522141,522165,522166,1,24
522141,522160,522167,7,19
522141,522164,522166,2,23
522141,522164,522166,2,23
522141,522166,522167,1,25
522141,522165,522167,2,24
522141,522167,522168,1,26
522141,522167,522168,1,26
522141,522167,522169,2,26
522141,522157,522169,12,16
522141,522163,522169,6,22
522141,522163,522169,6,22
522141,522167,522170,3,26
522141,522169,522170,1,28
522141,522169,522170,1,28
522141,522165,522171,6,24
522141,522168,522171,3,27
522141,522169,522171,2,28
522141,522170,522171,1,29
522141,522171,522172,1,30
522141,522171,522172,1,30
522141,522162,522173,11,21
522141,522172,522173,1,31
522141,522171,522173,2,30
522141,522161,522174,13,20
522141,522172,522173,1,31
522141,522167,522174,7,26
522141,522171,522174,3,30
522141,522171,522174,3,30
522141,522173,522174,1,32
522141,522163,522175,12,22
522141,522167,522174,7,26
522141,522174,522175,1,33
522141,522173,522174,1,32
522141,522175,522176,1,34
522141,522170,522176,6,29
522141,522170,522175,5,29
522141,522175,522176,1,34
522141,522167,522168,1,26
522141,522167,522168,1,26
522141,522175,522176,1,34
522141,522174,522176,2,33
522141,522174,522176,2,33
522141,522176,522177,1,35
522141,522170,522176,6,29
522141,522173,522176,3,32
522141,522175,522177,2,34
522141,522175,522177,2,34
522141,522176,522178,2,35
522141,522176,522178,2,35
522141,522176,522178,2,35
522141,522176,522178,2,35
522141,522176,522178,2,35
522141,522176,522178,2,35
522141,522176,522178,2,35
522141,522177,522178,1,36
522141,522176,522179,3,35
522141,522176,522179,3,35
522141,522177,522180,3,36
522141,522178,522179,1,37
522141,522162,522180,18,21
522141,522173,522180,7,32
522141,522178,522180,2,37
522141,522178,522180,2,37
522141,522178,522180,2,37
522141,522178,522180,2,37
522141,522179,522180,1,38
522141,522178,522180,2,37
522154,522180,522181,1,26
522154,522181,522182,1,27
522141,522177,522182,5,36
522154,522181,522182,1,27
522141,522180,522182,2,39
522141,522180,522182,2,39
522154,522181,522182,1,27
522154,522181,522182,1,27
522154,522182,522183,1,28
522141,522177,522183,6,36
522141,522174,522183,9,33
522154,522182,522183,1,28
522154,522183,522184,1,29
522154,522183,522185,2,29
522154,522183,522184,1,29
522154,522184,522185,1,30
522141,522178,522185,7,37
522154,522183,522185,2,29
522141,522177,522185,8,36
522154,522183,522185,2,29
522154,522184,522185,1,30
522154,522183,522185,2,29
522154,522181,522186,5,27
522141,522174,522186,12,33
522154,522185,522186,1,31
522154,522185,522186,1,31
522154,522185,522187,2,31
522154,522185,522187,2,31
522154,522185,522187,2,31
522154,522180,522187,7,26
522154,522185,522186,1,31
522154,522186,522187,1,32
522154,522182,522188,6,28
522154,522187,522189,2,33
522154,522188,522189,1,34
522154,522187,522189,2,33
522154,522185,522189,4,31
522154,522188,522189,1,34
522154,522188,522190,2,34
522154,522188,522189,1,34
522154,522188,522189,1,34
522154,522188,522190,2,34
522154,522187,522190,3,33
522154,522189,522190,1,35
522154,522189,522191,2,35
522154,522186,522191,5,32
522154,522190,522191,1,36
522154,522190,522192,2,36
522154,522190,522192,2,36
522154,522187,522192,5,33
522154,522191,522192,1,37
522154,522188,522192,4,34
522154,522190,522192,2,36
522154,522191,522192,1,37
522154,522191,522193,2,37
522154,522191,522193,2,37
522154,522192,522193,1,38
522154,522192,522193,1,38
522154,522192,522193,1,38
522154,522189,522194,5,35
522154,522188,522194,6,34
522154,522193,522195,2,39
522154,522188,522195,7,34
522154,522193,522195,2,39
522154,522189,522196,7,35
522154,522194,522195,1,40
522154,522193,522195,2,39
522154,522193,522195,2,39
522154,522189,522195,6,35
522154,522194,522195,1,40
522154,522194,522196,2,40
522154,522195,522196,1,41
522154,522195,522196,1,41
522154,522195,522197,2,41
522154,522193,522197,4,39
522154,522195,522197,2,41
522154,522196,522197,1,42
522154,522196,522197,1,42
522154,522196,522197,1,42
522154,522193,522198,5,39
522154,522194,522198,4,40
522154,522196,522199,3,42
522154,522196,522198,2,42
522154,522196,522198,2,42
522154,522197,522199,2,43
522154,522198,522199,1,44
522154,522197,522200,3,43
522154,522198,522200,2,44
522154,522198,522200,2,44
522154,522199,522201,2,45
522154,522191,522200,9,37
522154,522198,522200,2,44
522154,522199,522201,2,45
522154,522200,522201,1,46
522154,522200,522201,1,46
522154,522199,522202,3,45
522154,522199,522202,3,45
522154,522200,522202,2,46
522154,522200,522202,2,46
522154,522199,522203,4,45
522154,522202,522203,1,48
522154,522195,522203,8,41
522154,522201,522203,2,47
522154,522201,522204,3,47
522154,522203,522204,1,49
522154,522202,522203,1,48
522154,522196,522204,8,42
522154,522197,522204,7,43
522154,522203,522204,1,49
522154,522203,522204,1,49
522154,522203,522205,2,49
522154,522202,522204,2,48
522154,522202,522204,2,48
522154,522203,522205,2,49
522154,522204,522205,1,50
522154,522197,522205,8,43
522154,522201,522206,5,47
522154,522204,522205,1,50
522154,522205,522206,1,51
522154,522205,522206,1,51
522154,522206,522207,1,52
522154,522206,522207,1,52
522154,522180,522207,27,26
522154,522207,522208,1,53
522154,522207,522208,1,53
522154,522205,522207,2,51
522154,522205,522208,3,51
522154,522204,522209,5,50
522154,522208,522209,1,54
522154,522208,522209,1,54
522154,522209,522210,1,55
522154,522209,522210,1,55
522154,522204,522210,6,50
522154,522205,522211,6,51
522154,522206,522211,5,52
522154,522210,522211,1,56
522154,522209,522211,2,55
522154,522209,522211,2,55
522154,522204,522212,8,50
522154,522209,522211,2,55
522154,522210,522212,2,56
522154,522211,522213,2,57
522154,522211,522212,1,57
522154,522206,522212,6,52
522154,522212,522215,3,58
522154,522211,522214,3,57
522154,522212,522215,3,58
522154,522205,522221,16,51
522154,522208,522245,37,54
522154,522199,522204,5,45
522154,522201,522206,5,47
522154,522246,522248,2,92
517441,517463,522286,4823,22
522288,522288,522289,1,0
522288,522288,522289,1,0
522288,522288,522289,1,0
522288,522289,522290,1,1
522288,522288,522290,2,0
522288,522290,522291,1,2
522288,522290,522291,1,2
522288,522290,522291,1,2
518995,519022,522292,3270,27
522288,522291,522292,1,3
522288,522292,522293,1,4
522288,522290,522293,3,2
522288,522292,522293,1,4
522288,522291,522293,2,3
522288,522288,522294,6,0
522288,522288,522293,5,0
522288,522288,522293,5,0
522288,522288,522293,5,0
522288,522288,522293,5,0
522288,522292,522293,1,4
522288,522290,522294,4,2
522288,522290,522293,3,2
522288,522288,522295,7,0
522288,522288,522294,6,0
522288,522288,522294,6,0
522288,522293,522294,1,5
522288,522293,522294,1,5
522288,522293,522294,1,5
522288,522294,522295,1,6
522288,522290,522295,5,2
522288,522294,522296,2,6
522288,522294,522295,1,6
522288,522293,522295,2,5
522288,522294,522296,2,6
522288,522295,522297,2,7
522288,522295,522297,2,7
522288,522295,522297,2,7
522288,522294,522296,2,6
522288,522294,522297,3,6
522288,522295,522297,2,7
522288,522294,522295,1,6
522288,522296,522297,1,8
522288,522294,522299,5,6
522288,522294,522298,4,6
522288,522297,522298,1,9
522288,522297,522298,1,9
522288,522296,522298,2,8
522288,522298,522299,1,10
522288,522298,522300,2,10
522288,522298,522300,2,10
522288,522297,522300,3,9
522288,522297,522300,3,9
522288,522296,522300,4,8
522288,522295,522300,5,7
522288,522297,522300,3,9
522288,522299,522301,2,11
522288,522299,522300,1,11
522288,522300,522301,1,12
522288,522296,522301,5,8
522288,522300,522302,2,12
522288,522299,522302,3,11
522288,522297,522303,6,9
522288,522301,522303,2,13
522288,522301,522302,1,13
522288,522300,522302,2,12
522288,522302,522303,1,14
522288,522288,522303,15,0
522288,522301,522303,2,13
522288,522302,522304,2,14
522288,522300,522304,4,12
522288,522303,522305,2,15
522288,522303,522305,2,15
522288,522304,522305,1,16
522288,522304,522306,2,16
522288,522301,522306,5,13
522288,522296,522306,10,8
522288,522304,522306,2,16
522288,522302,522306,4,14
522288,522303,522306,3,15
522288,522299,522304,5,11
522288,522300,522305,5,12
522288,522304,522307,3,16
522288,522305,522307,2,17
522288,522305,522307,2,17
522288,522306,522307,1,18
522288,522302,522307,5,14
522288,522306,522308,2,18
522288,522295,522308,13,7
522288,522306,522308,2,18
522288,522304,522308,4,16
522288,522308,522309,1,20
522288,522307,522308,1,19
522288,522308,522309,1,20
522288,522308,522309,1,20
522288,522306,522309,3,18
522288,522307,522309,2,19
522288,522309,522310,1,21
522288,522308,522310,2,20
522288,522308,522310,2,20
522288,522308,522310,2,20
522288,522309,522310,1,21
522288,522309,522310,1,21
522288,522306,522311,5,18
522288,522309,522310,1,21
522288,522306,522311,5,18
522288,522301,522311,10,13
522288,522310,522311,1,22
522288,522310,522311,1,22
522288,522311,522312,1,23
522288,522307,522311,4,19
522288,522310,522311,1,22
522288,522310,522312,2,22
522288,522310,522312,2,22
522288,522310,522312,2,22
522288,522312,522313,1,24
522288,522299,522312,13,11
522288,522311,522313,2,23
522288,522311,522313,2,23
522288,522312,522313,1,24
522288,522312,522313,1,24
522288,522311,522313,2,23
522288,522307,522314,7,19
522288,522312,522313,1,24
522288,522313,522315,2,25
522288,522313,522314,1,25
522288,522313,522315,2,25
522288,522314,522316,2,26
522288,522314,522315,1,26
522288,522314,522315,1,26
522288,522314,522315,1,26
522288,522310,522315,5,22
522288,522310,522316,6,22
522288,522315,522316,1,27
522288,522312,522314,2,24
522288,522313,522315,2,25
522288,522314,522317,3,26
522288,522315,522317,2,27
522288,522316,522318,2,28
522288,522316,522318,2,28
522288,522316,522317,1,28
522288,522316,522317,1,28
522288,522316,522319,3,28
522293,522318,522319,1,25
522293,522318,522319,1,25
522293,522318,522319,1,25
522288,522313,522319,6,25
522288,522316,522319,3,28
522288,522314,522319,5,26
522293,522317,522319,2,24
522293,522317,522320,3,24
522293,522318,522320,2,25
522293,522318,522320,2,25
522293,522319,522320,1,26
522293,522319,522320,1,26
522293,522319,522320,1,26
522288,522311,522320,9,23
522293,522319,522320,1,26
522293,522320,522321,1,27
522293,522320,522321,1,27
522293,522320,522321,1,27
522293,522320,522321,1,27
522288,522316,522321,5,28
522293,522320,522322,2,27
522293,522320,522322,2,27
522293,522321,522322,1,28
522293,522321,522322,1,28
522293,522319,522322,3,26
522293,522321,522322,1,28
522293,522320,522322,2,27
522293,522321,522323,2,28
522293,522322,522323,1,29
522293,522322,522323,1,29
522288,522311,522323,12,23
522293,522321,522322,1,28
522293,522322,522323,1,29
522293,522322,522324,2,29
522293,522322,522324,2,29
522293,522323,522324,1,30
522293,522323,522324,1,30
522293,522323,522324,1,30
522288,522303,522324,21,15
522288,522312,522325,13,24
522293,522323,522325,2,30
522293,522323,522324,1,30
522293,522319,522325,6,26
522293,522324,522325,1,31
522293,522323,522325,2,30
522293,522324,522325,1,31
522293,522322,522326,4,29
522293,522324,522325,1,31
522293,522324,522327,3,31
522293,522324,522326,2,31
522293,522325,522327,2,32
522293,522322,522327,5,29
522293,522325,522327,2,32
522293,522326,522327,1,33
522293,522326,522327,1,33
522293,522326,522327,1,33
522293,522320,522325,5,27
522293,522326,522328,2,33
522293,522326,522329,3,33
522293,522327,522329,2,34
522293,522320,522329,9,27
522293,522328,522329,1,35
522293,522328,522329,1,35
522293,522327,522329,2,34
522293,522327,522330,3,34
522293,522321,522330,9,28
522293,522320,522331,11,27
522293,522329,522331,2,36
522293,522325,522331,6,32
522293,522330,522331,1,37
522293,522330,522331,1,37
522293,522329,522332,3,36
522293,522325,522332,7,32
522293,522325,522332,7,32
522293,522327,522332,5,34
522293,522331,522332,1,38
522293,522329,522333,4,36
522293,522331,522333,2,38
522293,522331,522332,1,38
522293,522330,522333,3,37
522293,522330,522332,2,37
522293,522327,522334,7,34
522293,522332,522333,1,39
522293,522330,522334,4,37
522293,522332,522333,1,39
522293,522333,522334,1,40
522293,522333,522334,1,40
522293,522333,522334,1,40
522293,522333,522334,1,40
522293,522332,522335,3,39
522293,522333,522335,2,40
522293,522334,522335,1,41
522293,522334,522335,1,41
522293,522333,522336,3,40
522293,522331,522336,5,38
522293,522335,522336,1,42
522293,522336,522337,1,43
522293,522336,522337,1,43
522293,522335,522337,2,42
522293,522335,522337,2,42
522293,522333,522335,2,40
522293,522333,522337,4,40
522293,522337,522338,1,44
522293,522337,522338,1,44
522293,522335,522338,3,42
522293,522333,522338,5,40
522293,522338,522339,1,45
522293,522338,522339,1,45
522293,522337,522339,2,44
522293,522338,522339,1,45
522293,522334,522340,6,41
522293,522339,522340,1,46
522293,522339,522340,1,46
522293,522339,522341,2,46
522293,522335,522341,6,42
522293,522340,522341,1,47
522293,522328,522330,2,35
522293,522340,522341,1,47
522293,522339,522341,2,46
522293,522340,522342,2,47
522293,522337,522341,4,44
522293,522337,522342,5,44
522293,522335,522341,6,42
522293,522340,522341,1,47
522293,522338,522340,2,45
522293,522342,522343,1,49
522293,522340,522342,2,47
522293,522341,522342,1,48
522293,522334,522343,9,41
522293,522338,522343,5,45
522293,522342,522343,1,49
522293,522342,522343,1,49
522293,522342,522343,1,49
522293,522342,522344,2,49
522293,522342,522344,2,49
522293,522342,522343,1,49
522293,522343,522344,1,50
522293,522343,522344,1,50
522293,522342,522344,2,49
522293,522342,522344,2,49
522293,522342,522345,3,49
522293,522343,522345,2,50
522293,522343,522345,2,50
522293,522344,522345,1,51
522293,522344,522345,1,51
522293,522344,522345,1,51
522293,522343,522345,2,50
522293,522344,522346,2,51
522293,522341,522347,6,48
522293,522342,522347,5,49
522293,522343,522349,6,50
522293,522344,522350,6,51
518593,518617,523479,4862,24
523480,523481,523482,1,1
523480,523481,523482,1,1
523480,523481,523482,1,1
523480,523481,523482,1,1
523480,523481,523483,2,1
523480,523482,523483,1,2
523480,523481,523483,2,1
523480,523481,523483,2,1
523480,523481,523483,2,1
523480,523481,523483,2,1
523480,523481,523484,3,1
523480,523483,523484,1,3
523480,523483,523484,1,3
523480,523481,523482,1,1
523480,523481,523485,4,1
523480,523481,523485,4,1
523480,523481,523485,4,1
523480,523484,523485,1,4
523480,523484,523485,1,4
523480,523484,523486,2,4
523480,523481,523485,4,1
523480,523484,523485,1,4
523480,523485,523486,1,5
523480,523485,523486,1,5
523480,523484,523486,2,4
523480,523484,523486,2,4
523480,523485,523486,1,5
523480,523486,523487,1,6
523480,523486,523487,1,6
523480,523486,523487,1,6
523480,523486,523488,2,6
523480,523487,523488,1,7
523480,523487,523488,1,7
523480,523486,523488,2,6
523480,523483,523489,6,3
523480,523487,523489,2,7
523480,523487,523489,2,7
523480,523488,523489,1,8
523480,523485,523487,2,5
523480,523485,523490,5,5
523480,523485,523490,5,5
523480,523487,523489,2,7
523480,523481,523489,8,1
523480,523489,523490,1,9
523480,523489,523490,1,9
523480,523488,523490,2,8
523480,523483,523490,7,3
523480,523490,523492,2,10
523480,523488,523491,3,8
523480,523489,523491,2,9
523480,523490,523491,1,10
523480,523489,523491,2,9
523480,523490,523492,2,10
523480,523486,523491,5,6
523480,523491,523492,1,11
523480,523490,523492,2,10
523480,523490,523492,2,10
523480,523491,523492,1,11
523480,523490,523492,2,10
523480,523490,523492,2,10
523480,523492,523493,1,12
523480,523492,523493,1,12
523480,523492,523493,1,12
523480,523491,523493,2,11
523480,523490,523493,3,10
523480,523492,523494,2,12
523480,523492,523494,2,12
523480,523493,523494,1,13
523480,523492,523495,3,12
523480,523494,523495,1,14
523480,523493,523496,3,13
523480,523493,523495,2,13
523480,523494,523495,1,14
523480,523495,523496,1,15
523480,523493,523495,2,13
523480,523493,523496,3,13
523480,523494,523496,2,14
523480,523492,523497,5,12
523480,523494,523496,2,14
523480,523490,523495,5,10
523480,523494,523496,2,14
523480,523496,523497,1,16
523480,523494,523497,3,14
523480,523496,523497,1,16
523480,523496,523497,1,16
523480,523494,523498,4,14
523480,523497,523499,2,17
523480,523496,523498,2,16
523480,523496,523499,3,16
523480,523491,523499,8,11
523480,523493,523498,5,13
523480,523497,523499,2,17
523480,523496,523498,2,16
523480,523498,523499,1,18
523480,523498,523499,1,18
523480,523498,523499,1,18
523480,523497,523499,2,17
523480,523497,523499,2,17
523480,523499,523500,1,19
523480,523498,523501,3,18
523480,523498,523500,2,18
523480,523498,523502,4,18
523480,523499,523501,2,19
523480,523499,523501,2,19
523480,523500,523501,1,20
523480,523500,523501,1,20
523480,523499,523501,2,19
523480,523499,523501,2,19
523480,523500,523503,3,20
523480,523496,523502,6,16
523480,523500,523502,2,20
523480,523500,523502,2,20
523480,523502,523504,2,22
523480,523501,523503,2,21
523480,523502,523503,1,22
523480,523502,523503,1,22
523480,523499,523504,5,19
523480,523502,523504,2,22
523480,523502,523504,2,22
523480,523502,523504,2,22
523480,523503,523504,1,23
523480,523503,523505,2,23
523480,523504,523506,2,24
523480,523499,523503,4,19
523480,523502,523504,2,22
523480,523504,523506,2,24
523480,523504,523505,1,24
523480,523503,523505,2,23
523480,523503,523506,3,23
523480,523502,523507,5,22
523480,523499,523506,7,19
523480,523502,523507,5,22
523480,523504,523507,3,24
523480,523504,523507,3,24
523480,523504,523507,3,24
523480,523504,523507,3,24
523480,523505,523507,2,25
523480,523506,523507,1,26
523480,523506,523508,2,26
523480,523506,523508,2,26
523480,523504,523508,4,24
523480,523505,523508,3,25
523480,523506,523509,3,26
523480,523506,523509,3,26
523480,523506,523509,3,26
523480,523506,523508,2,26
523480,523507,523512,5,27
523480,523507,523514,7,27
523480,523507,523516,9,27
520339,520363,523554,3191,24
523555,523555,523556,1,0
523555,523555,523556,1,0
523555,523555,523556,1,0
523555,523555,523556,1,0
523555,523555,523556,1,0
523555,523555,523556,1,0
523555,523555,523557,2,0
523555,523555,523556,1,0
523555,523555,523557,2,0
523555,523556,523557,1,1
523555,523556,523558,2,1
523555,523556,523557,1,1
523555,523556,523557,1,1
523555,523557,523558,1,2
523555,523555,523557,2,0
523555,523555,523558,3,0
523555,523557,523558,1,2
523555,523557,523558,1,2
523555,523557,523558,1,2
523555,523555,523559,4,0
523555,523555,523558,3,0
523555,523557,523559,2,2
523555,523557,523559,2,2
523555,523558,523559,1,3
523555,523558,523559,1,3
523555,523557,523559,2,2
523555,523557,523559,2,2
523555,523557,523559,2,2
523555,523558,523559,1,3
523555,523558,523559,1,3
523555,523558,523559,1,3
523555,523558,523559,1,3
523555,523559,523560,1,4
523555,523557,523561,4,2
523555,523559,523561,2,4
523555,523559,523560,1,4
523555,523559,523560,1,4
523555,523559,523560,1,4
523555,523558,523561,3,3
523555,523558,523561,3,3
523555,523559,523561,2,4
523555,523559,523560,1,4
523555,523560,523561,1,5
523555,523559,523561,2,4
523555,523559,523561,2,4
523555,523559,523562,3,4
523555,523559,523562,3,4
523555,523561,523563,2,6
523555,523561,523562,1,6
523555,523561,523562,1,6
523555,523561,523562,1,6
523555,523561,523563,2,6
523555,523561,523562,1,6
523555,523561,523562,1,6
523555,523559,523563,4,4
523555,523561,523563,2,6
523555,523561,523563,2,6
523555,523561,523563,2,6
523555,523563,523565,2,8
523555,523562,523565,3,7
523555,523563,523564,1,8
523555,523563,523564,1,8
523555,523563,523564,1,8
523555,523562,523564,2,7
523555,523562,523564,2,7
523555,523563,523564,1,8
523555,523563,523564,1,8
523555,523560,523565,5,5
523555,523564,523566,2,9
523555,523563,523565,2,8
523555,523565,523567,2,10
523555,523564,523567,3,9
523555,523564,523567,3,9
523555,523565,523566,1,10
523555,523565,523566,1,10
523555,523565,523566,1,10
523555,523565,523566,1,10
523555,523565,523566,1,10
523555,523566,523568,2,11
523555,523567,523568,1,12
523555,523559,523566,7,4
523555,523563,523565,2,8
523555,523567,523568,1,12
523555,523565,523568,3,10
523555,523565,523568,3,10
523555,523567,523568,1,12
523555,523567,523568,1,12
523555,523565,523568,3,10
523555,523566,523568,2,11
523555,523568,523569,1,13
523555,523567,523568,1,12
523555,523568,523569,1,13
523555,523564,523569,5,9
523555,523566,523568,2,11
523555,523568,523569,1,13
523555,523567,523570,3,12
523555,523567,523570,3,12
523555,523567,523570,3,12
523555,523568,523570,2,13
523555,523568,523569,1,13
523555,523569,523570,1,14
523555,523568,523570,2,13
523555,523569,523570,1,14
523555,523569,523571,2,14
523555,523569,523570,1,14
523555,523568,523570,2,13
523555,523569,523571,2,14
523555,523570,523571,1,15
523555,523569,523571,2,14
523555,523571,523572,1,16
523555,523570,523572,2,15
523555,523570,523572,2,15
523555,523571,523572,1,16
523555,523569,523572,3,14
523555,523568,523570,2,13
523555,523568,523570,2,13
523555,523570,523573,3,15
523555,523571,523573,2,16
523555,523570,523573,3,15
523555,523570,523573,3,15
523555,523571,523572,1,16
523555,523571,523573,2,16
523555,523569,523574,5,14
523555,523572,523573,1,17
523555,523572,523574,2,17
523555,523571,523574,3,16
523555,523571,523574,3,16
523555,523572,523574,2,17
523555,523573,523575,2,18
523555,523573,523575,2,18
523555,523573,523574,1,18
523555,523574,523575,1,19
523555,523573,523575,2,18
523555,523573,523576,3,18
523555,523573,523576,3,18
523555,523574,523576,2,19
523555,523573,523576,3,18
523555,523573,523575,2,18
523555,523573,523575,2,18
523555,523574,523576,2,19
518636,518658,523607,4949,22
523608,523608,523609,1,0
523608,523608,523609,1,0
523608,523608,523609,1,0
523608,523608,523609,1,0
523608,523608,523609,1,0
523608,523608,523610,2,0
523608,523608,523610,2,0
523608,523608,523609,1,0
523608,523609,523610,1,1
523608,523608,523609,1,0
523608,523609,523610,1,1
523608,523608,523610,2,0
523608,523609,523611,2,1
523608,523608,523610,2,0
523608,523610,523611,1,2
523608,523610,523612,2,2
523608,523610,523611,1,2
523608,523610,523611,1,2
523608,523610,523611,1,2
523608,523610,523611,1,2
523608,523611,523612,1,3
523608,523608,523612,4,0
523608,523608,523612,4,0
523608,523611,523613,2,3
523608,523611,523612,1,3
523608,523610,523612,2,2
523608,523610,523612,2,2
523608,523610,523613,3,2
523608,523611,523614,3,3
523608,523612,523613,1,4
523608,523612,523613,1,4
523608,523612,523613,1,4
523608,523612,523613,1,4
523608,523612,523613,1,4
523608,523612,523614,2,4
523608,523613,523615,2,5
523608,523613,523615,2,5
523608,523614,523616,2,6
523608,523614,523615,1,6
523608,523614,523615,1,6
523608,523614,523615,1,6
523608,523613,523615,2,5
523608,523613,523615,2,5
523608,523614,523615,1,6
523608,523614,523615,1,6
523608,523608,523616,8,0
523608,523615,523617,2,7
523608,523614,523616,2,6
523608,523613,523617,4,5
523608,523613,523618,5,5
523608,523616,523618,2,8
523608,523616,523617,1,8
523608,523616,523617,1,8
523608,523616,523617,1,8
523608,523616,523618,2,8
523608,523616,523617,1,8
523608,523616,523617,1,8
523608,523616,523618,2,8
523608,523616,523618,2,8
523608,523616,523618,2,8
523608,523617,523619,2,9
523608,523618,523619,1,10
523608,523618,523619,1,10
523608,523618,523619,1,10
523608,523618,523619,1,10
523608,523618,523619,1,10
523608,523618,523620,2,10
523608,523619,523621,2,11
523608,523619,523621,2,11
523608,523617,523622,5,9
523608,523618,523621,3,10
523608,523619,523622,3,11
523608,523620,523621,1,12
523608,523619,523622,3,11
523608,523619,523621,2,11
523608,523620,523622,2,12
523608,523620,523621,1,12
523608,523620,523621,1,12
523608,523620,523622,2,12
523608,523617,523623,6,9
523608,523618,523623,5,10
523608,523621,523622,1,13
523608,523620,523623,3,12
523608,523621,523623,2,13
523608,523622,523624,2,14
523608,523622,523623,1,14
523608,523622,523624,2,14
523608,523622,523624,2,14
523608,523622,523624,2,14
523608,523622,523623,1,14
523608,523621,523624,3,13
523608,523623,523625,2,15
523608,523622,523624,2,14
523608,523622,523624,2,14
523608,523622,523625,3,14
523608,523624,523625,1,16
523608,523624,523625,1,16
523608,523623,523625,2,15
523608,523623,523625,2,15
523608,523624,523625,1,16
523608,523623,523626,3,15
523608,523624,523625,1,16
523608,523624,523625,1,16
523608,523625,523626,1,17
523608,523625,523626,1,17
523608,523624,523627,3,16
523608,523625,523627,2,17
523608,523618,523624,6,10
523608,523623,523627,4,15
523608,523626,523627,1,18
523608,523625,523627,2,17
523608,523625,523627,2,17
523608,523626,523628,2,18
523608,523625,523628,3,17
523608,523626,523628,2,18
523608,523626,523628,2,18
523608,523624,523628,4,16
523608,523625,523629,4,17
523608,523626,523629,3,18
523608,523627,523628,1,19
523608,523627,523628,1,19
523608,523622,523629,7,14
523608,523628,523629,1,20
523608,523628,523630,2,20
523608,523628,523630,2,20
523608,523628,523630,2,20
523608,523628,523630,2,20
523608,523628,523630,2,20
523608,523628,523630,2,20
523608,523628,523631,3,20
523608,523628,523631,3,20
523608,523629,523631,2,21
523608,523629,523631,2,21
523608,523629,523632,3,21
523608,523630,523632,2,22
523608,523628,523632,4,20
523608,523629,523632,3,21
523608,523630,523632,2,22
523608,523630,523632,2,22
523608,523628,523630,2,20
523608,523631,523633,2,23
523608,523631,523633,2,23
523608,523631,523633,2,23
523608,523631,523633,2,23
523608,523629,523634,5,21
523608,523630,523634,4,22
523608,523631,523634,3,23
523608,523631,523634,3,23
523608,523630,523636,6,22
520352,520388,523640,3252,36
523653,523653,523654,1,0
523653,523653,523654,1,0
523653,523653,523654,1,0
523653,523653,523654,1,0
523653,523653,523655,2,0
523653,523653,523655,2,0
523653,523653,523655,2,0
523653,523653,523655,2,0
518640,518682,523655,4973,42
523653,523654,523655,1,1
523653,523654,523655,1,1
523653,523654,523655,1,1
523653,523653,523655,2,0
523653,523653,523654,1,0
523653,523655,523656,1,2
523653,523654,523656,2,1
523653,523655,523656,1,2
523653,523653,523657,4,0
523653,523655,523657,2,2
523653,523655,523657,2,2
523653,523655,523657,2,2
523653,523656,523657,1,3
523653,523656,523657,1,3
523653,523655,523657,2,2
523653,523656,523657,1,3
523653,523656,523657,1,3
523653,523656,523658,2,3
523653,523653,523657,4,0
523653,523653,523657,4,0
523653,523657,523658,1,4
523653,523655,523657,2,2
523653,523656,523657,1,3
523653,523657,523659,2,4
523653,523657,523659,2,4
523653,523657,523659,2,4
523653,523657,523658,1,4
523653,523657,523659,2,4
523653,523658,523659,1,5
523653,523658,523659,1,5
523653,523658,523660,2,5
523653,523658,523659,1,5
523653,523658,523660,2,5
523653,523657,523661,4,4
523653,523659,523661,2,6
523653,523659,523661,2,6
523653,523658,523661,3,5
523653,523659,523661,2,6
523653,523660,523661,1,7
523653,523659,523662,3,6
523653,523659,523661,2,6
523653,523656,523662,6,3
523653,523658,523662,4,5
523653,523660,523661,1,7
523653,523659,523662,3,6
523653,523660,523662,2,7
523653,523655,523662,7,2
523653,523661,523663,2,8
523653,523661,523663,2,8
523653,523662,523663,1,9
523653,523662,523663,1,9
523653,523658,523664,6,5
523653,523662,523664,2,9
523653,523661,523664,3,8
523653,523662,523664,2,9
523653,523663,523664,1,10
523653,523662,523665,3,9
523653,523662,523665,3,9
523653,523661,523663,2,8
523653,523664,523665,1,11
523653,523664,523665,1,11
523653,523660,523666,6,7
523653,523663,523665,2,10
523653,523664,523666,2,11
523653,523664,523666,2,11
523653,523664,523666,2,11
523653,523665,523667,2,12
523653,523664,523666,2,11
523653,523662,523667,5,9
523653,523662,523666,4,9
523653,523665,523666,1,12
523653,523665,523667,2,12
523653,523666,523667,1,13
523653,523666,523667,1,13
523653,523666,523667,1,13
523653,523666,523667,1,13
523653,523667,523668,1,14
523653,523667,523668,1,14
523653,523667,523668,1,14
523653,523667,523669,2,14
523653,523667,523670,3,14
523653,523667,523669,2,14
523653,523668,523669,1,15
523653,523668,523670,2,15
523653,523668,523669,1,15
523653,523669,523670,1,16
523653,523668,523669,1,15
523653,523668,523669,1,15
523653,523669,523670,1,16
523653,523671,523672,1,18
523653,523666,523669,3,13
523653,523670,523671,1,17
523653,523670,523672,2,17
523653,523669,523670,1,16
523653,523670,523671,1,17
523653,523670,523672,2,17
523653,523670,523671,1,17
523653,523670,523671,1,17
523653,523670,523671,1,17
523653,523670,523671,1,17
523653,523672,523673,1,19
523653,523667,523672,5,14
523653,523670,523672,2,17
523653,523666,523673,7,13
523653,523673,523674,1,20
523653,523672,523673,1,19
523653,523672,523673,1,19
523653,523672,523673,1,19
523653,523672,523673,1,19
523653,523666,523673,7,13
523653,523666,523674,8,13
523653,523674,523675,1,21
523653,523672,523674,2,19
523653,523672,523674,2,19
523653,523672,523674,2,19
523653,523672,523674,2,19
523653,523675,523676,1,22
523653,523673,523676,3,20
523653,523674,523675,1,21
523653,523674,523675,1,21
523653,523672,523673,1,19
523653,523674,523675,1,21
523653,523674,523676,2,21
523653,523675,523676,1,22
523653,523673,523676,3,20
523653,523675,523677,2,22
523653,523676,523677,1,23
523653,523675,523677,2,22
523653,523675,523677,2,22
523653,523675,523678,3,22
523653,523676,523677,1,23
523653,523676,523677,1,23
523653,523672,523678,6,19
523653,523676,523678,2,23
523656,523678,523679,1,22
523656,523677,523678,1,21
523653,523676,523678,2,23
523656,523678,523679,1,22
523653,523676,523678,2,23
523656,523677,523679,2,21
523656,523679,523680,1,23
523656,523678,523680,2,22
523656,523678,523679,1,22
523656,523678,523679,1,22
523653,523674,523680,6,21
523653,523675,523681,6,22
523656,523678,523681,3,22
523656,523678,523680,2,22
523656,523679,523681,2,23
523656,523679,523680,1,23
523656,523680,523681,1,24
523656,523680,523681,1,24
523656,523681,523682,1,25
523656,523679,523682,3,23
523656,523680,523682,2,24
523656,523679,523682,3,23
523656,523681,523683,2,25
523656,523681,523683,2,25
523656,523681,523682,1,25
523656,523678,523682,4,22
523656,523679,523682,3,23
523656,523681,523683,2,25
523656,523678,523683,5,22
523656,523682,523683,1,26
523656,523682,523684,2,26
523656,523681,523684,3,25
523656,523682,523684,2,26
523656,523681,523685,4,25
523656,523683,523685,2,27
523656,523684,523685,1,28
523656,523683,523686,3,27
523656,523683,523685,2,27
523656,523682,523684,2,26
523656,523683,523686,3,27
523656,523681,523687,6,25
523656,523684,523687,3,28
523656,523684,523687,3,28
523656,523685,523687,2,29
523656,523685,523686,1,29
523656,523683,523687,4,27
523656,523683,523687,4,27
523656,523681,523687,6,25
523656,523686,523687,1,30
523656,523685,523688,3,29
523656,523686,523688,2,30
523656,523686,523688,2,30
523656,523687,523689,2,31
523656,523686,523688,2,30
523656,523686,523689,3,30
523656,523687,523689,2,31
523656,523687,523688,1,31
523656,523687,523689,2,31
523656,523687,523689,2,31
523656,523684,523690,6,28
523656,523688,523689,1,32
523656,523687,523689,2,31
523653,523687,523690,3,34
523656,523688,523690,2,32
523656,523689,523691,2,33
523656,523688,523691,3,32
523656,523689,523691,2,33
523656,523689,523691,2,33
523653,523687,523690,3,34
523656,523690,523691,1,34
523656,523689,523691,2,33
523656,523689,523692,3,33
523656,523688,523692,4,32
523656,523690,523692,2,34
523656,523687,523692,5,31
523656,523691,523693,2,35
523656,523690,523693,3,34
523656,523691,523693,2,35
523656,523691,523693,2,35
523656,523690,523692,2,34
523656,523692,523693,1,36
523656,523691,523694,3,35
523656,523691,523693,2,35
523656,523689,523694,5,33
523656,523692,523694,2,36
523656,523692,523694,2,36
523656,523688,523694,6,32
523656,523693,523695,2,37
523656,523693,523694,1,37
523656,523692,523695,3,36
523656,523693,523695,2,37
523656,523692,523695,3,36
523656,523693,523694,1,37
523656,523693,523695,2,37
523656,523694,523695,1,38
523656,523693,523696,3,37
523656,523695,523696,1,39
523656,523695,523697,2,39
523656,523696,523697,1,40
523656,523689,523695,6,33
523656,523695,523696,1,39
523656,523694,523697,3,38
523656,523695,523697,2,39
523656,523695,523696,1,39
523656,523694,523697,3,38
523656,523694,523698,4,38
523656,523695,523698,3,39
523656,523695,523698,3,39
523656,523695,523698,3,39
523656,523696,523698,2,40
523656,523697,523698,1,41
523656,523697,523698,1,41
523656,523694,523699,5,38
523656,523697,523699,2,41
523656,523698,523699,1,42
523656,523697,523700,3,41
523656,523697,523700,3,41
523656,523698,523700,2,42
523656,523699,523700,1,43
523656,523699,523701,2,43
523656,523697,523701,4,41
523656,523699,523701,2,43
523656,523698,523701,3,42
523656,523698,523701,3,42
523656,523698,523701,3,42
523656,523700,523701,1,44
523656,523699,523701,2,43
523656,523700,523701,1,44
523656,523698,523701,3,42
523656,523701,523702,1,45
523656,523697,523703,6,41
523656,523701,523703,2,45
523656,523701,523703,2,45
523656,523701,523703,2,45
523656,523702,523703,1,46
523656,523702,523703,1,46
523656,523690,523703,13,34
523656,523702,523704,2,46
523656,523701,523704,3,45
523656,523702,523704,2,46
523656,523701,523704,3,45
523656,523702,523704,2,46
523656,523702,523704,2,46
523656,523703,523704,1,47
523656,523695,523704,9,39
523656,523703,523704,1,47
523656,523703,523705,2,47
523656,523701,523705,4,45
523656,523704,523705,1,48
523656,523703,523706,3,47
523656,523701,523706,5,45
523656,523704,523706,2,48
523656,523704,523706,2,48
523656,523704,523707,3,48
520480,520521,523717,3196,41
523723,523724,523725,1,1
523723,523723,523725,2,0
523723,523723,523725,2,0
523723,523723,523724,1,0
523723,523723,523725,2,0
523723,523723,523725,2,0
523723,523723,523725,2,0
523723,523723,523725,2,0
523723,523723,523725,2,0
523723,523724,523725,1,1
523723,523723,523725,2,0
523723,523723,523725,2,0
523723,523724,523726,2,1
523723,523724,523726,2,1
523723,523726,523727,1,3
523723,523726,523727,1,3
523723,523726,523727,1,3
523723,523726,523727,1,3
523723,523726,523727,1,3
523723,523726,523727,1,3
523723,523726,523727,1,3
523723,523727,523728,1,4
523723,523727,523728,1,4
523723,523727,523728,1,4
523723,523726,523728,2,3
523723,523727,523728,1,4
523723,523728,523729,1,5
523723,523728,523729,1,5
523723,523723,523729,6,0
523723,523728,523729,1,5
523723,523728,523729,1,5
523723,523728,523729,1,5
523723,523728,523729,1,5
523723,523728,523729,1,5
523723,523724,523730,6,1
523723,523729,523730,1,6
523723,523729,523730,1,6
523723,523729,523730,1,6
523723,523729,523730,1,6
523723,523728,523730,2,5
523723,523724,523731,7,1
523723,523729,523731,2,6
523723,523729,523731,2,6
523723,523729,523731,2,6
523723,523729,523731,2,6
523723,523730,523731,1,7
523723,523730,523732,2,7
523723,523730,523732,2,7
523723,523730,523732,2,7
523723,523731,523732,1,8
523723,523731,523732,1,8
523723,523731,523732,1,8
523723,523731,523732,1,8
523723,523730,523733,3,7
523723,523731,523733,2,8
523723,523732,523733,1,9
523723,523732,523734,2,9
523723,523732,523734,2,9
523723,523732,523734,2,9
523723,523732,523734,2,9
523723,523733,523735,2,10
523723,523733,523734,1,10
523723,523732,523734,2,9
523723,523733,523734,1,10
523723,523733,523734,1,10
523723,523733,523734,1,10
523723,523733,523735,2,10
523723,523735,523736,1,12
523723,523734,523735,1,11
523723,523730,523736,6,7
523723,523734,523736,2,11
523723,523735,523737,2,12
523723,523735,523736,1,12
523723,523735,523736,1,12
523723,523734,523737,3,11
523723,523735,523736,1,12
523723,523736,523737,1,13
523723,523735,523736,1,12
523723,523735,523737,2,12
523723,523735,523737,2,12
523723,523735,523737,2,12
523723,523735,523737,2,12
523723,523737,523738,1,14
523723,523737,523738,1,14
523723,523736,523737,1,13
523723,523732,523738,6,9
523723,523737,523739,2,14
523723,523737,523738,1,14
523723,523737,523739,2,14
523723,523737,523738,1,14
523723,523738,523739,1,15
523723,523736,523739,3,13
523723,523737,523739,2,14
523723,523737,523739,2,14
523723,523738,523739,1,15
523723,523738,523739,1,15
523723,523738,523739,1,15
523723,523739,523740,1,16
523723,523738,523740,2,15
523723,523738,523740,2,15
523723,523739,523740,1,16
523723,523738,523740,2,15
523723,523739,523740,1,16
523723,523740,523741,1,17
523723,523740,523741,1,17
523723,523740,523741,1,17
523723,523739,523741,2,16
523723,523740,523742,2,17
518959,518987,523742,4755,28
523723,523740,523742,2,17
523723,523740,523741,1,17
523723,523739,523741,2,16
523723,523741,523742,1,18
523723,523741,523742,1,18
523723,523731,523742,11,8
523723,523741,523742,1,18
523723,523740,523742,2,17
523723,523741,523743,2,18
523723,523741,523742,1,18
523723,523741,523742,1,18
523723,523742,523743,1,19
523723,523737,523743,6,14
523723,523741,523743,2,18
523723,523741,523743,2,18
523723,523742,523743,1,19
523723,523742,523744,2,19
523723,523742,523744,2,19
523723,523742,523743,1,19
523723,523743,523744,1,20
523723,523743,523744,1,20
523723,523742,523744,2,19
523723,523743,523745,2,20
523723,523743,523745,2,20
523743,523744,523745,1,1
523743,523744,523745,1,1
523723,523739,523745,6,16
523723,523743,523745,2,20
523723,523744,523746,2,21
523743,523745,523746,1,2
523723,523743,523746,3,20
523743,523744,523745,1,1
523743,523745,523746,1,2
523743,523745,523746,1,2
523743,523745,523746,1,2
523743,523745,523746,1,2
523723,523744,523746,2,21
523723,523744,523746,2,21
523723,523742,523747,5,19
523743,523745,523747,2,2
523743,523746,523747,1,3
523743,523746,523747,1,3
523743,523746,523747,1,3
523743,523746,523747,1,3
523743,523746,523747,1,3
523743,523746,523747,1,3
523723,523743,523747,4,20
523743,523746,523748,2,3
523743,523746,523748,2,3
523743,523747,523748,1,4
523743,523747,523748,1,4
523743,523747,523748,1,4
523743,523747,523749,2,4
523723,523744,523748,4,21
523743,523747,523749,2,4
523743,523747,523749,2,4
523723,523742,523749,7,19
523743,523747,523749,2,4
523743,523748,523749,1,5
523743,523749,523750,1,6
523743,523747,523750,3,4
523743,523747,523749,2,4
523743,523748,523750,2,5
523743,523748,523750,2,5
523743,523749,523750,1,6
523743,523749,523750,1,6
523743,523748,523751,3,5
523743,523749,523751,2,6
523743,523749,523751,2,6
523743,523750,523751,1,7
523743,523750,523751,1,7
523743,523750,523752,2,7
523743,523750,523752,2,7
523743,523750,523752,2,7
523743,523751,523752,1,8
523743,523746,523752,6,3
523743,523746,523752,6,3
523743,523749,523753,4,6
523743,523751,523753,2,8
523743,523750,523752,2,7
523743,523752,523753,1,9
523743,523752,523753,1,9
523743,523750,523753,3,7
523743,523752,523754,2,9
523743,523750,523753,3,7
523743,523751,523754,3,8
523743,523752,523754,2,9
523743,523753,523754,1,10
523743,523753,523754,1,10
523743,523752,523754,2,9
523743,523748,523754,6,5
523743,523753,523755,2,10
523743,523754,523755,1,11
523743,523754,523755,1,11
523743,523754,523756,2,11
523743,523754,523756,2,11
523743,523754,523756,2,11
523743,523753,523756,3,10
523743,523755,523756,1,12
523743,523755,523756,1,12
523743,523754,523756,2,11
523743,523753,523757,4,10
523743,523755,523757,2,12
523743,523754,523757,3,11
523743,523756,523757,1,13
523743,523756,523757,1,13
523743,523755,523757,2,12
523743,523756,523758,2,13
523743,523756,523758,2,13
523743,523757,523758,1,14
523743,523757,523758,1,14
523743,523757,523758,1,14
523743,523753,523759,6,10
523743,523758,523759,1,15
523743,523758,523759,1,15
523743,523757,523759,2,14
523743,523749,523760,11,6
523743,523758,523760,2,15
523743,523756,523760,4,13
523743,523757,523760,3,14
523743,523759,523760,1,16
523743,523758,523760,2,15
523743,523759,523760,1,16
523743,523759,523760,1,16
523743,523759,523760,1,16
523743,523758,523760,2,15
523743,523753,523760,7,10
523743,523755,523761,6,12
523743,523759,523761,2,16
523743,523757,523761,4,14
523743,523760,523761,1,17
523743,523760,523761,1,17
523743,523760,523762,2,17
523743,523761,523762,1,18
523743,523761,523762,1,18
523743,523761,523762,1,18
523743,523761,523762,1,18
523743,523762,523763,1,19
523743,523760,523763,3,17
523743,523761,523763,2,18
523743,523761,523763,2,18
523743,523761,523763,2,18
523743,523762,523763,1,19
523743,523763,523764,1,20
523743,523760,523764,4,17
523743,523761,523764,3,18
523743,523762,523764,2,19
523743,523761,523764,3,18
523743,523761,523764,3,18
523743,523763,523764,1,20
523743,523763,523765,2,20
523743,523763,523764,1,20
523743,523763,523764,1,20
523743,523764,523765,1,21
523743,523761,523765,4,18
523743,523764,523765,1,21
523743,523764,523766,2,21
523743,523763,523766,3,20
523743,523764,523766,2,21
523743,523765,523766,1,22
523743,523765,523766,1,22
523743,523765,523766,1,22
523743,523764,523766,2,21
523743,523765,523767,2,22
523743,523765,523767,2,22
523743,523765,523767,2,22
523743,523766,523768,2,23
523743,523765,523767,2,22
523743,523766,523767,1,23
523743,523767,523768,1,24
523743,523764,523767,3,21
523743,523767,523768,1,24
523743,523767,523768,1,24
523743,523767,523768,1,24
523743,523767,523769,2,24
523743,523767,523770,3,24
523743,523767,523770,3,24
523743,523768,523771,3,25
523743,523768,523770,2,25
523743,523768,523770,2,25
523743,523761,523776,15,18
523743,523763,523776,13,20
523743,523763,523776,13,20
520428,520450,523781,3331,22
523790,523790,523791,1,0
523790,523790,523791,1,0
523790,523790,523791,1,0
523790,523790,523791,1,0
523790,523790,523791,1,0
523790,523790,523791,1,0
523790,523790,523791,1,0
523790,523790,523792,2,0
523790,523790,523792,2,0
523790,523791,523792,1,1
523790,523791,523792,1,1
523790,523792,523793,1,2
523790,523792,523793,1,2
523790,523791,523793,2,1
523790,523792,523793,1,2
523790,523793,523794,1,3
523790,523793,523794,1,3
523790,523792,523794,2,2
523790,523793,523794,1,3
523790,523793,523794,1,3
523790,523793,523794,1,3
523790,523794,523795,1,4
523790,523794,523795,1,4
523790,523794,523796,2,4
523790,523794,523795,1,4
523790,523794,523795,1,4
523790,523790,523796,6,0
523790,523795,523796,1,5
523790,523795,523796,1,5
523790,523795,523796,1,5
523790,523795,523796,1,5
523790,523795,523796,1,5
523790,523790,523797,7,0
523790,523790,523797,7,0
523790,523795,523797,2,5
523790,523795,523797,2,5
523790,523795,523797,2,5
523790,523795,523798,3,5
523790,523796,523797,1,6
523790,523796,523797,1,6
523790,523797,523798,1,7
523790,523797,523798,1,7
523790,523796,523798,2,6
523790,523797,523798,1,7
523790,523797,523798,1,7
523790,523797,523798,1,7
523790,523797,523799,2,7
523790,523797,523799,2,7
523790,523797,523799,2,7
523790,523798,523799,1,8
523790,523798,523800,2,8
523790,523798,523799,1,8
523790,523798,523799,1,8
523790,523798,523799,1,8
523790,523798,523800,2,8
523790,523799,523800,1,9
523790,523798,523800,2,8
523790,523798,523800,2,8
523790,523799,523800,1,9
523790,523800,523801,1,10
523790,523799,523800,1,9
523790,523799,523800,1,9
523790,523799,523801,2,9
523790,523800,523801,1,10
523790,523800,523801,1,10
523790,523801,523802,1,11
523790,523800,523802,2,10
523790,523801,523802,1,11
523790,523801,523802,1,11
523790,523801,523802,1,11
523790,523801,523802,1,11
523790,523801,523803,2,11
523790,523801,523803,2,11
523790,523801,523803,2,11
523790,523802,523803,1,12
523790,523802,523803,1,12
523790,523800,523803,3,10
523790,523800,523803,3,10
523790,523803,523804,1,13
523790,523802,523804,2,12
523790,523804,523805,1,14
523790,523803,523804,1,13
523790,523803,523804,1,13
523790,523803,523804,1,13
523790,523803,523804,1,13
523790,523803,523805,2,13
523790,523804,523806,2,14
523790,523804,523805,1,14
523790,523805,523806,1,15
523790,523805,523806,1,15
523790,523800,523806,6,10
523790,523800,523806,6,10
523790,523804,523806,2,14
523790,523805,523806,1,15
523790,523804,523806,2,14
523790,523805,523806,1,15
523790,523806,523807,1,16
523790,523805,523806,1,15
523790,523805,523806,1,15
523790,523805,523807,2,15
523790,523806,523808,2,16
523790,523806,523807,1,16
523790,523806,523807,1,16
523790,523807,523808,1,17
523790,523807,523808,1,17
523790,523798,523808,10,8
523790,523807,523808,1,17
523790,523807,523808,1,17
523790,523806,523808,2,16
523790,523807,523808,1,17
523790,523808,523809,1,18
523790,523808,523809,1,18
523790,523807,523809,2,17
523790,523808,523809,1,18
523790,523807,523809,2,17
523790,523807,523809,2,17
523790,523808,523809,1,18
523790,523809,523810,1,19
523790,523809,523810,1,19
523790,523808,523810,2,18
523790,523808,523810,2,18
523790,523809,523810,1,19
523790,523809,523810,1,19
523790,523809,523811,2,19
523790,523809,523811,2,19
523790,523810,523812,2,20
523790,523809,523811,2,19
523790,523811,523812,1,21
523790,523810,523812,2,20
523790,523810,523812,2,20
523790,523810,523812,2,20
523790,523811,523812,1,21
523790,523811,523812,1,21
523790,523811,523813,2,21
523790,523807,523813,6,17
523790,523811,523813,2,21
523790,523811,523814,3,21
523790,523809,523815,6,19
523790,523809,523815,6,19
520479,520521,523820,3299,42
523822,523822,523823,1,0
523822,523822,523823,1,0
523822,523822,523823,1,0
523822,523822,523823,1,0
523822,523822,523823,1,0
523822,523822,523823,1,0
523822,523822,523823,1,0
523822,523823,523824,1,1
523822,523822,523824,2,0
523822,523823,523824,1,1
523822,523823,523824,1,1
523822,523823,523824,1,1
523822,523823,523824,1,1
523822,523824,523825,1,2
523822,523824,523825,1,2
523822,523824,523825,1,2
523822,523824,523825,1,2
523822,523824,523825,1,2
523822,523824,523826,2,2
523822,523824,523825,1,2
523822,523824,523825,1,2
523822,523824,523825,1,2
523822,523825,523826,1,3
523822,523823,523825,2,1
523822,523825,523826,1,3
523822,523825,523826,1,3
523822,523824,523826,2,2
523822,523825,523826,1,3
523822,523826,523827,1,4
523822,523826,523827,1,4
523822,523826,523828,2,4
523822,523826,523828,2,4
523822,523826,523827,1,4
523822,523826,523827,1,4
523822,523826,523827,1,4
523822,523826,523827,1,4
523822,523826,523828,2,4
523822,523827,523828,1,5
523822,523828,523829,1,6
523822,523828,523829,1,6
523822,523827,523829,2,5
523822,523828,523830,2,6
523822,523828,523829,1,6
523822,523828,523829,1,6
523822,523828,523830,2,6
523822,523829,523830,1,7
523822,523829,523830,1,7
523822,523830,523832,2,8
523822,523829,523831,2,7
523822,523830,523831,1,8
523822,523830,523831,1,8
523822,523830,523833,3,8
523822,523830,523832,2,8
523822,523831,523832,1,9
523822,523831,523833,2,9
523822,523822,523833,11,0
523822,523822,523833,11,0
523822,523832,523833,1,10
523822,523831,523833,2,9
523822,523832,523833,1,10
523822,523832,523833,1,10
523822,523832,523834,2,10
523822,523833,523834,1,11
523822,523833,523834,1,11
523822,523834,523836,2,12
523822,523833,523836,3,11
523822,523834,523835,1,12
523822,523834,523835,1,12
523822,523833,523835,2,11
523822,523834,523836,2,12
523822,523834,523836,2,12
523822,523834,523837,3,12
523822,523835,523836,1,13
523822,523835,523837,2,13
523790,523836,523838,2,46
523822,523824,523837,13,2
523822,523836,523837,1,14
523822,523836,523837,1,14
523822,523836,523838,2,14
523790,523836,523838,2,46
523822,523836,523838,2,14
523822,523836,523838,2,14
523822,523827,523828,1,5
523822,523837,523839,2,15
523822,523837,523839,2,15
523822,523838,523839,1,16
523822,523834,523839,5,12
523822,523838,523839,1,16
523822,523837,523839,2,15
523822,523838,523839,1,16
523822,523838,523840,2,16
523822,523839,523840,1,17
523822,523839,523840,1,17
523822,523839,523841,2,17
523822,523840,523841,1,18
523822,523837,523840,3,15
523822,523840,523841,1,18
523822,523840,523841,1,18
523822,523839,523840,1,17
523822,523840,523841,1,18
523822,523840,523842,2,18
523822,523840,523841,1,18
523822,523840,523841,1,18
523822,523841,523842,1,19
523822,523839,523841,2,17
523822,523841,523842,1,19
523822,523841,523842,1,19
523822,523840,523842,2,18
523822,523841,523843,2,19
523822,523842,523843,1,20
523822,523841,523843,2,19
523822,523842,523843,1,20
523822,523842,523843,1,20
523822,523841,523844,3,19
523822,523837,523843,6,15
523822,523842,523843,1,20
523822,523842,523844,2,20
523822,523842,523844,2,20
523822,523843,523845,2,21
523822,523838,523844,6,16
523822,523843,523844,1,21
523822,523844,523845,1,22
523822,523844,523845,1,22
523822,523844,523845,1,22
523822,523843,523846,3,21
523822,523840,523846,6,18
523822,523844,523845,1,22
523822,523843,523846,3,21
523822,523843,523846,3,21
523822,523845,523846,1,23
523822,523845,523846,1,23
523822,523844,523846,2,22
523822,523846,523847,1,24
523822,523846,523847,1,24
523822,523846,523847,1,24
523822,523846,523847,1,24
523822,523844,523847,3,22
523822,523845,523847,2,23
523822,523845,523847,2,23
523822,523846,523848,2,24
523822,523846,523849,3,24
523822,523845,523851,6,23
523822,523846,523853,7,24
523822,523854,523856,2,32
520560,520586,523859,3273,26
523871,523871,523872,1,0
523871,523871,523872,1,0
523871,523871,523872,1,0
523871,523871,523872,1,0
523871,523871,523872,1,0
523871,523871,523872,1,0
523871,523871,523872,1,0
523871,523871,523872,1,0
523871,523871,523873,2,0
523871,523871,523873,2,0
523871,523871,523873,2,0
523871,523871,523873,2,0
523871,523872,523873,1,1
523871,523872,523873,1,1
523871,523872,523873,1,1
523871,523872,523873,1,1
523871,523872,523873,1,1
523871,523872,523873,1,1
523871,523872,523873,1,1
523871,523872,523873,1,1
523871,523872,523873,1,1
523871,523873,523874,1,2
523871,523873,523874,1,2
523871,523873,523874,1,2
523871,523873,523874,1,2
523871,523873,523874,1,2
523871,523873,523875,2,2
523871,523873,523875,2,2
523871,523873,523875,2,2
523871,523873,523875,2,2
523871,523873,523874,1,2
523871,523873,523874,1,2
523871,523874,523875,1,3
523871,523874,523875,1,3
523871,523873,523875,2,2
523871,523874,523875,1,3
523871,523874,523875,1,3
523871,523874,523875,1,3
523871,523871,523877,6,0
523871,523875,523877,2,4
523871,523875,523877,2,4
523871,523875,523877,2,4
523871,523875,523877,2,4
523871,523875,523877,2,4
523871,523876,523877,1,5
523871,523876,523877,1,5
523871,523876,523877,1,5
523871,523875,523877,2,4
523871,523876,523878,2,5
523871,523875,523878,3,4
523871,523875,523878,3,4
523871,523877,523878,1,6
523871,523877,523879,2,6
523871,523878,523879,1,7
523871,523878,523879,1,7
523871,523878,523879,1,7
523871,523878,523879,1,7
523871,523878,523879,1,7
523871,523873,523880,7,2
523871,523878,523880,2,7
523871,523877,523880,3,6
523871,523878,523880,2,7
523871,523878,523881,3,7
523871,523878,523881,3,7
523871,523880,523881,1,9
523871,523880,523881,1,9
523871,523880,523881,1,9
523871,523880,523881,1,9
523871,523880,523881,1,9
523871,523880,523881,1,9
523871,523880,523881,1,9
523871,523871,523881,10,0
523871,523880,523882,2,9
523871,523880,523882,2,9
523871,523882,523883,1,11
523871,523881,523883,2,10
523871,523881,523883,2,10
523871,523881,523883,2,10
523871,523877,523883,6,6
523871,523880,523883,3,9
523871,523882,523883,1,11
523871,523882,523883,1,11
523871,523882,523883,1,11
523871,523882,523883,1,11
523871,523882,523883,1,11
523871,523882,523883,1,11
523871,523882,523884,2,11
523871,523883,523884,1,12
523871,523883,523884,1,12
523871,523884,523885,1,13
523871,523884,523885,1,13
523871,523884,523885,1,13
523871,523884,523885,1,13
523871,523884,523885,1,13
523871,523884,523885,1,13
523871,523884,523885,1,13
523871,523885,523886,1,14
523871,523883,523886,3,12
523871,523883,523886,3,12
523871,523883,523886,3,12
523871,523886,523887,1,15
523871,523886,523887,1,15
523871,523886,523887,1,15
523871,523885,523886,1,14
523871,523885,523886,1,14
523871,523886,523887,1,15
523871,523886,523887,1,15
523871,523886,523887,1,15
523871,523887,523888,1,16
523871,523887,523888,1,16
523871,523887,523888,1,16
523871,523887,523888,1,16
523871,523887,523888,1,16
523871,523886,523888,2,15
523871,523886,523888,2,15
523871,523886,523888,2,15
523871,523886,523888,2,15
523871,523886,523889,3,15
523871,523888,523889,1,17
523871,523888,523889,1,17
523871,523887,523888,1,16
523871,523888,523889,1,17
523871,523888,523889,1,17
523871,523886,523889,3,15
523871,523882,523889,7,11
523871,523888,523889,1,17
523871,523889,523890,1,18
523871,523888,523889,1,17
523871,523888,523890,2,17
523871,523888,523890,2,17
523871,523884,523890,6,13
523871,523889,523890,1,18
523871,523889,523890,1,18
523871,523889,523890,1,18
523871,523889,523890,1,18
523871,523889,523890,1,18
523871,523889,523890,1,18
523871,523888,523890,2,17
523871,523888,523891,3,17
523871,523890,523891,1,19
523871,523890,523891,1,19
523871,523890,523891,1,19
523871,523889,523892,3,18
523871,523891,523892,1,20
523871,523890,523892,2,19
523871,523891,523893,2,20
523871,523891,523893,2,20
523871,523883,523894,11,12
520107,520133,524893,4760,26
524894,524894,524895,1,0
524894,524894,524895,1,0
524894,524894,524895,1,0
524894,524894,524895,1,0
524894,524894,524896,2,0
524894,524894,524895,1,0
524894,524894,524896,2,0
524894,524894,524895,1,0
524894,524895,524896,1,1
524894,524894,524895,1,0
524894,524895,524896,1,1
524894,524894,524895,1,0
524894,524895,524896,1,1
524894,524894,524896,2,0
524894,524894,524896,2,0
524894,524894,524897,3,0
524894,524896,524897,1,2
524894,524896,524897,1,2
524894,524896,524897,1,2
524894,524895,524896,1,1
524894,524896,524898,2,2
524894,524896,524898,2,2
524894,524896,524898,2,2
524894,524897,524898,1,3
524894,524897,524898,1,3
524894,524896,524898,2,2
524894,524896,524897,1,2
524894,524897,524898,1,3
524894,524897,524899,2,3
524894,524897,524899,2,3
524894,524897,524898,1,3
524894,524898,524899,1,4
524894,524894,524900,6,0
524894,524894,524900,6,0
524894,524894,524900,6,0
524894,524898,524900,2,4
524894,524898,524900,2,4
524894,524897,524899,2,3
524894,524898,524900,2,4
524894,524898,524900,2,4
524894,524898,524900,2,4
524894,524898,524900,2,4
524894,524898,524900,2,4
524894,524899,524901,2,5
524894,524899,524901,2,5
524894,524894,524901,7,0
524894,524899,524902,3,5
524894,524900,524902,2,6
524894,524899,524902,3,5
524894,524900,524902,2,6
524894,524901,524902,1,7
524894,524901,524902,1,7
524894,524901,524902,1,7
524894,524900,524902,2,6
524894,524900,524902,2,6
524894,524900,524902,2,6
524894,524900,524903,3,6
524894,524901,524903,2,7
524894,524902,524903,1,8
524894,524903,524904,1,9
524894,524903,524904,1,9
524894,524903,524904,1,9
524894,524903,524904,1,9
524894,524902,524905,3,8
524894,524902,524905,3,8
524894,524902,524905,3,8
524894,524902,524905,3,8
524894,524904,524905,1,10
524894,524903,524905,2,9
524894,524904,524905,1,10
524894,524903,524905,2,9
524894,524900,524906,6,6
524894,524900,524906,6,6
524894,524903,524906,3,9
524894,524905,524906,1,11
524894,524905,524906,1,11
524894,524905,524906,1,11
524894,524905,524906,1,11
524894,524905,524907,2,11
524894,524905,524907,2,11
524894,524905,524907,2,11
524894,524906,524907,1,12
524894,524906,524907,1,12
524894,524906,524907,1,12
524894,524906,524908,2,12
524894,524903,524908,5,9
524894,524906,524908,2,12
524894,524905,524908,3,11
524894,524907,524908,1,13
524894,524907,524908,1,13
524894,524908,524909,1,14
524894,524907,524908,1,13
524894,524907,524908,1,13
524894,524907,524909,2,13
524894,524907,524909,2,13
524894,524908,524910,2,14
524894,524908,524909,1,14
524894,524908,524909,1,14
524894,524908,524910,2,14
524894,524909,524910,1,15
524894,524909,524910,1,15
524894,524909,524910,1,15
524894,524909,524910,1,15
524894,524909,524910,1,15
524894,524910,524911,1,16
524894,524908,524911,3,14
524894,524909,524911,2,15
524894,524909,524911,2,15
524894,524910,524912,2,16
524894,524910,524911,1,16
524894,524911,524912,1,17
524894,524911,524912,1,17
524894,524910,524912,2,16
524894,524911,524912,1,17
524894,524911,524912,1,17
524894,524911,524912,1,17
524894,524911,524912,1,17
524894,524912,524913,1,18
524894,524911,524913,2,17
524894,524912,524913,1,18
524894,524912,524913,1,18
524894,524912,524913,1,18
524894,524912,524913,1,18
524894,524913,524914,1,19
524894,524896,524914,18,2
524894,524911,524913,2,17
524894,524913,524915,2,19
524894,524913,524914,1,19
524894,524913,524914,1,19
524894,524913,524915,2,19
524894,524913,524914,1,19
524894,524908,524915,7,14
524894,524908,524915,7,14
524894,524912,524915,3,18
524894,524914,524915,1,20
524894,524914,524915,1,20
524894,524914,524916,2,20
524894,524914,524915,1,20
524894,524914,524916,2,20
524894,524914,524915,1,20
524894,524915,524916,1,21
524894,524915,524917,2,21
524894,524915,524917,2,21
524894,524915,524916,1,21
524894,524914,524917,3,20
524894,524914,524917,3,20
524894,524906,524917,11,12
524894,524915,524917,2,21
524894,524915,524917,2,21
524894,524916,524918,2,22
520220,520249,525049,4800,29
525050,525050,525051,1,0
525050,525050,525051,1,0
525050,525050,525051,1,0
525050,525050,525051,1,0
525050,525050,525051,1,0
525050,525050,525052,2,0
525050,525050,525052,2,0
525050,525050,525052,2,0
525050,525050,525052,2,0
525050,525050,525052,2,0
525050,525050,525052,2,0
525050,525050,525051,1,0
525050,525051,525052,1,1
525050,525051,525052,1,1
525050,525050,525052,2,0
525050,525051,525053,2,1
525050,525052,525053,1,2
525050,525051,525052,1,1
525050,525051,525052,1,1
525050,525052,525053,1,2
525050,525052,525054,2,2
525050,525052,525054,2,2
525050,525052,525053,1,2
525050,525053,525054,1,3
525050,525052,525054,2,2
525050,525052,525054,2,2
525050,525053,525054,1,3
525050,525052,525055,3,2
525050,525053,525055,2,3
525050,525052,525055,3,2
525050,525053,525055,2,3
525050,525054,525055,1,4
525050,525053,525054,1,3
525050,525053,525054,1,3
525050,525054,525056,2,4
525050,525054,525056,2,4
525050,525054,525056,2,4
525050,525054,525056,2,4
525050,525055,525057,2,5
525050,525054,525056,2,4
525050,525054,525057,3,4
525050,525055,525057,2,5
525050,525055,525057,2,5
525050,525055,525057,2,5
525050,525055,525057,2,5
525050,525056,525057,1,6
525050,525055,525058,3,5
525050,525056,525058,2,6
525050,525056,525058,2,6
525050,525057,525058,1,7
525050,525057,525058,1,7
525050,525056,525058,2,6
525050,525057,525059,2,7
525050,525058,525059,1,8
525050,525057,525059,2,7
525050,525058,525059,1,8
525050,525058,525059,1,8
525050,525050,525060,10,0
525050,525050,525060,10,0
525050,525050,525059,9,0
525050,525057,525060,3,7
525050,525059,525060,1,9
525050,525059,525060,1,9
525050,525057,525060,3,7
525050,525059,525060,1,9
525050,525059,525060,1,9
525050,525059,525061,2,9
525050,525050,525060,10,0
525050,525058,525060,2,8
525050,525060,525061,1,10
525050,525060,525061,1,10
525050,525060,525061,1,10
525050,525060,525061,1,10
525050,525060,525062,2,10
525050,525061,525062,1,11
525050,525061,525062,1,11
525050,525061,525062,1,11
525050,525061,525062,1,11
525050,525061,525062,1,11
525050,525060,525063,3,10
525050,525062,525063,1,12
525050,525062,525063,1,12
525050,525063,525064,1,13
525050,525060,525063,3,10
525050,525062,525063,1,12
525050,525062,525063,1,12
525050,525061,525064,3,11
525050,525061,525064,3,11
525050,525063,525064,1,13
525050,525063,525064,1,13
525050,525063,525065,2,13
525050,525064,525065,1,14
525050,525064,525065,1,14
525050,525063,525065,2,13
525050,525064,525065,1,14
525050,525065,525066,1,15
525050,525064,525065,1,14
525050,525064,525065,1,14
525050,525064,525066,2,14
525050,525064,525066,2,14
525050,525066,525067,1,16
525050,525065,525066,1,15
525050,525066,525067,1,16
525050,525065,525066,1,15
525050,525064,525067,3,14
525050,525065,525067,2,15
525050,525066,525067,1,16
525050,525066,525067,1,16
525050,525066,525067,1,16
525050,525066,525067,1,16
525050,525066,525068,2,16
525050,525067,525068,1,17
525050,525067,525068,1,17
525050,525067,525068,1,17
525050,525068,525069,1,18
525050,525067,525069,2,17
525050,525067,525069,2,17
525050,525067,525069,2,17
525050,525068,525069,1,18
525050,525068,525069,1,18
525050,525067,525069,2,17
525050,525068,525069,1,18
525050,525069,525070,1,19
525050,525069,525070,1,19
525050,525068,525071,3,18
525050,525070,525071,1,20
525050,525069,525071,2,19
525050,525069,525070,1,19
525050,525069,525070,1,19
525050,525060,525071,11,10
525050,525060,525071,11,10
525050,525061,525071,10,11
525050,525069,525071,2,19
525050,525070,525072,2,20
525050,525070,525071,1,20
525050,525070,525072,2,20
525050,525070,525071,1,20
525050,525070,525072,2,20
525050,525069,525071,2,19
525050,525071,525072,1,21
525050,525070,525072,2,20
525050,525071,525073,2,21
525050,525071,525072,1,21
525050,525071,525072,1,21
525050,525071,525073,2,21
525050,525071,525073,2,21
525050,525062,525079,17,12
525050,525072,525081,9,22
525050,525072,525081,9,22
525050,525072,525085,13,22
521941,521967,525173,3206,26
525175,525175,525176,1,0
525175,525175,525176,1,0
525175,525175,525176,1,0
525175,525175,525176,1,0
525175,525175,525176,1,0
525175,525176,525177,1,1
525175,525175,525176,1,0
525175,525177,525178,1,2
525175,525177,525178,1,2
525175,525176,525177,1,1
525175,525177,525178,1,2
525175,525177,525178,1,2
525175,525177,525178,1,2
525175,525177,525178,1,2
525175,525177,525178,1,2
525175,525178,525179,1,3
525175,525177,525178,1,2
525175,525177,525178,1,2
525175,525178,525179,1,3
525175,525177,525178,1,2
525175,525178,525179,1,3
525175,525178,525179,1,3
525175,525178,525179,1,3
525175,525179,525181,2,4
525175,525179,525180,1,4
525175,525179,525180,1,4
525175,525179,525180,1,4
525175,525179,525180,1,4
525175,525179,525180,1,4
525175,525179,525180,1,4
525175,525179,525180,1,4
525175,525179,525180,1,4
525175,525179,525181,2,4
525175,525180,525181,1,5
525175,525180,525181,1,5
525175,525175,525182,7,0
525175,525175,525183,8,0
525175,525175,525182,7,0
525175,525181,525183,2,6
525175,525181,525182,1,6
525175,525181,525182,1,6
525175,525181,525182,1,6
525175,525181,525182,1,6
525175,525181,525182,1,6
525175,525181,525182,1,6
525175,525181,525182,1,6
525175,525177,525183,6,2
525175,525181,525183,2,6
525175,525183,525184,1,8
525175,525182,525183,1,7
525175,525182,525183,1,7
525175,525183,525185,2,8
525175,525182,525184,2,7
525175,525183,525184,1,8
525175,525183,525184,1,8
525175,525183,525184,1,8
525175,525184,525185,1,9
525175,525183,525184,1,8
525175,525183,525184,1,8
525175,525183,525184,1,8
525175,525183,525185,2,8
525175,525183,525185,2,8
525175,525184,525186,2,9
525175,525184,525185,1,9
525175,525185,525186,1,10
525175,525185,525186,1,10
525175,525185,525186,1,10
525175,525184,525185,1,9
525175,525185,525186,1,10
525175,525185,525186,1,10
525175,525185,525186,1,10
525175,525185,525186,1,10
525175,525185,525187,2,10
525175,525187,525188,1,12
525175,525186,525188,2,11
525175,525186,525187,1,11
525175,525186,525187,1,11
525175,525186,525187,1,11
525175,525186,525188,2,11
525175,525187,525188,1,12
525175,525187,525188,1,12
525175,525186,525188,2,11
525175,525186,525188,2,11
525175,525187,525188,1,12
525175,525188,525189,1,13
525175,525188,525189,1,13
525175,525188,525189,1,13
525175,525188,525189,1,13
525175,525188,525189,1,13
525175,525188,525189,1,13
525175,525188,525189,1,13
525175,525188,525190,2,13
525175,525189,525190,1,14
525175,525189,525190,1,14
525175,525189,525190,1,14
525175,525188,525189,1,13
525175,525189,525190,1,14
525175,525189,525190,1,14
525175,525189,525191,2,14
525175,525189,525191,2,14
525175,525189,525190,1,14
525175,525190,525191,1,15
525175,525190,525191,1,15
525175,525190,525191,1,15
525175,525190,525191,1,15
525175,525189,525191,2,14
525175,525189,525191,2,14
525175,525190,525191,1,15
525175,525190,525192,2,15
525175,525191,525192,1,16
525175,525191,525192,1,16
525175,525190,525192,2,15
525175,525191,525192,1,16
525175,525191,525192,1,16
525175,525192,525193,1,17
525175,525191,525192,1,16
525175,525191,525193,2,16
525175,525191,525193,2,16
525175,525191,525193,2,16
525175,525191,525193,2,16
525175,525183,525193,10,8
525175,525191,525193,2,16
525175,525192,525193,1,17
525175,525192,525193,1,17
525175,525192,525193,1,17
525175,525192,525194,2,17
525175,525192,525194,2,17
525175,525193,525194,1,18
525175,525193,525194,1,18
525175,525193,525195,2,18
525175,525194,525195,1,19
525175,525194,525195,1,19
525175,525185,525195,10,10
525175,525194,525196,2,19
525175,525198,525200,2,23
525175,525184,525200,16,9
525175,525186,525204,18,11
522131,522154,525337,3183,23
525338,525338,525339,1,0
525338,525338,525340,2,0
525338,525338,525340,2,0
525338,525338,525340,2,0
525338,525338,525339,1,0
525338,525339,525340,1,1
525338,525339,525340,1,1
525338,525339,525340,1,1
525338,525339,525340,1,1
525338,525338,525339,1,0
525338,525339,525340,1,1
525338,525339,525340,1,1
525338,525339,525340,1,1
525338,525338,525340,2,0
525338,525338,525341,3,0
525338,525340,525341,1,2
525338,525340,525341,1,2
525338,525340,525341,1,2
525338,525340,525341,1,2
525338,525340,525341,1,2
525338,525340,525341,1,2
525338,525340,525341,1,2
525338,525340,525341,1,2
525338,525340,525341,1,2
525338,525340,525342,2,2
525338,525340,525341,1,2
525338,525340,525341,1,2
525338,525340,525341,1,2
525338,525341,525342,1,3
525338,525340,525342,2,2
525338,525341,525343,2,3
525338,525340,525342,2,2
525338,525341,525342,1,3
525338,525341,525342,1,3
522059,522083,525343,3260,24
525338,525341,525342,1,3
525338,525341,525342,1,3
525338,525341,525342,1,3
525338,525341,525342,1,3
525338,525342,525344,2,4
525338,525341,525343,2,3
525338,525342,525343,1,4
525338,525342,525343,1,4
525338,525342,525343,1,4
525338,525342,525343,1,4
525338,525342,525344,2,4
525338,525343,525345,2,5
525338,525343,525345,2,5
525338,525343,525344,1,5
525338,525343,525344,1,5
525338,525343,525344,1,5
525338,525343,525344,1,5
525338,525343,525344,1,5
525338,525343,525344,1,5
525338,525343,525344,1,5
525338,525344,525345,1,6
525338,525342,525345,3,4
525338,525344,525346,2,6
525338,525343,525345,2,5
525338,525344,525345,1,6
525338,525344,525345,1,6
525338,525344,525345,1,6
525338,525345,525346,1,7
525338,525344,525347,3,6
525338,525345,525347,2,7
525338,525345,525346,1,7
525338,525345,525346,1,7
525338,525345,525346,1,7
525338,525345,525346,1,7
525338,525345,525346,1,7
525338,525345,525346,1,7
525338,525345,525347,2,7
525338,525345,525348,3,7
525338,525345,525348,3,7
525338,525347,525348,1,9
525338,525346,525348,2,8
525338,525346,525348,2,8
525338,525346,525347,1,8
525338,525346,525347,1,8
525338,525346,525348,2,8
525338,525346,525348,2,8
525338,525346,525348,2,8
525338,525347,525348,1,9
525338,525348,525349,1,10
525338,525347,525349,2,9
525338,525347,525348,1,9
525338,525347,525349,2,9
525338,525348,525349,1,10
525338,525347,525348,1,9
525338,525347,525348,1,9
525338,525348,525349,1,10
525338,525347,525350,3,9
525338,525349,525350,1,11
525338,525349,525350,1,11
525338,525349,525350,1,11
525338,525348,525349,1,10
525338,525348,525349,1,10
525338,525349,525350,1,11
525338,525349,525350,1,11
525338,525349,525350,1,11
525338,525349,525350,1,11
525338,525349,525351,2,11
525338,525349,525350,1,11
525338,525348,525350,2,10
525338,525348,525351,3,10
525338,525348,525350,2,10
525338,525349,525350,1,11
525338,525350,525351,1,12
525338,525349,525350,1,11
525338,525350,525351,1,12
525338,525350,525351,1,12
525338,525350,525351,1,12
525338,525350,525351,1,12
525338,525350,525351,1,12
525338,525350,525351,1,12
525338,525349,525351,2,11
525338,525350,525352,2,12
525338,525351,525352,1,13
525338,525351,525352,1,13
525338,525351,525353,2,13
525338,525351,525353,2,13
525338,525351,525353,2,13
525338,525351,525352,1,13
525338,525351,525352,1,13
525338,525351,525353,2,13
525338,525351,525353,2,13
525338,525351,525353,2,13
525338,525352,525353,1,14
525338,525352,525353,1,14
525338,525351,525353,2,13
525338,525351,525353,2,13
525338,525351,525354,3,13
525343,525353,525354,1,10
525343,525353,525354,1,10
525343,525353,525354,1,10
525338,525353,525354,1,15
525338,525353,525354,1,15
525338,525353,525354,1,15
525343,525353,525354,1,10
525338,525352,525355,3,14
525343,525354,525355,1,11
525343,525354,525355,1,11
525338,525352,525356,4,14
525343,525354,525356,2,11
525343,525354,525356,2,11
525343,525354,525356,2,11
525343,525355,525356,1,12
525343,525355,525356,1,12
525343,525355,525356,1,12
525343,525356,525357,1,13
525343,525356,525357,1,13
525343,525356,525357,1,13
525343,525355,525356,1,12
525343,525355,525357,2,12
525343,525357,525358,1,14
525343,525357,525358,1,14
525343,525357,525358,1,14
525343,525356,525358,2,13
525343,525357,525358,1,14
525343,525357,525358,1,14
525343,525357,525358,1,14
525343,525357,525358,1,14
525343,525357,525358,1,14
525343,525357,525358,1,14
525343,525357,525359,2,14
525343,525356,525358,2,13
525343,525356,525359,3,13
525343,525356,525359,3,13
525343,525357,525359,2,14
525343,525358,525359,1,15
525343,525359,525360,1,16
525343,525358,525359,1,15
525343,525358,525359,1,15
525343,525358,525359,1,15
525343,525358,525359,1,15
525343,525359,525360,1,16
525343,525358,525360,2,15
525343,525359,525360,1,16
525343,525359,525360,1,16
525343,525359,525360,1,16
525343,525359,525360,1,16
525343,525360,525361,1,17
525343,525360,525361,1,17
525343,525360,525361,1,17
525343,525360,525361,1,17
525343,525360,525361,1,17
525343,525360,525361,1,17
525343,525361,525362,1,18
525343,525360,525361,1,17
525343,525359,525361,2,16
525343,525359,525362,3,16
525343,525359,525361,2,16
525343,525360,525362,2,17
525343,525360,525362,2,17
525343,525362,525363,1,19
525343,525361,525362,1,18
525343,525361,525362,1,18
525343,525361,525362,1,18
525343,525361,525362,1,18
525343,525361,525363,2,18
525343,525362,525363,1,19
525343,525362,525363,1,19
525343,525362,525363,1,19
525343,525362,525363,1,19
525343,525362,525363,1,19
525343,525363,525364,1,20
525343,525362,525363,1,19
525343,525364,525365,1,21
525343,525364,525365,1,21
525343,525363,525364,1,20
525343,525364,525365,1,21
525343,525364,525365,1,21
525343,525363,525364,1,20
525343,525364,525365,1,21
525343,525364,525365,1,21
525343,525363,525364,1,20
525343,525363,525364,1,20
525343,525364,525365,1,21
525343,525362,525364,2,19
525343,525362,525364,2,19
525343,525362,525365,3,19
525343,525363,525365,2,20
525343,525363,525365,2,20
525343,525364,525366,2,21
525343,525365,525366,1,22
525343,525365,525366,1,22
525343,525365,525366,1,22
525343,525365,525366,1,22
525343,525365,525366,1,22
525343,525365,525366,1,22
525343,525365,525366,1,22
525343,525365,525366,1,22
525343,525366,525367,1,23
525343,525365,525367,2,22
525343,525365,525367,2,22
525343,525365,525366,1,22
525343,525366,525367,1,23
525343,525366,525367,1,23
525343,525366,525367,1,23
525343,525366,525367,1,23
525343,525367,525368,1,24
525343,525367,525368,1,24
525343,525366,525367,1,23
525343,525366,525368,2,23
525343,525366,525368,2,23
525343,525366,525368,2,23
525343,525366,525368,2,23
525343,525366,525368,2,23
525343,525366,525368,2,23
525343,525368,525369,1,25
525343,525367,525368,1,24
525343,525368,525369,1,25
525343,525367,525369,2,24
525343,525367,525368,1,24
525343,525367,525368,1,24
525343,525367,525368,1,24
525343,525367,525369,2,24
525343,525368,525369,1,25
525343,525368,525370,2,25
525343,525368,525370,2,25
525343,525368,525369,1,25
525343,525369,525371,2,26
525343,525369,525371,2,26
525343,525369,525371,2,26
525343,525369,525371,2,26
525343,525369,525371,2,26
522155,522212,525414,3202,57
525415,525415,525416,1,0
525415,525415,525416,1,0
525415,525415,525416,1,0
525415,525415,525416,1,0
525415,525415,525416,1,0
525415,525415,525416,1,0
525415,525415,525416,1,0
525415,525415,525416,1,0
525415,525415,525416,1,0
525415,525415,525417,2,0
525415,525415,525417,2,0
525415,525415,525417,2,0
525415,525415,525417,2,0
525415,525415,525417,2,0
525415,525415,525417,2,0
525415,525416,525417,1,1
525415,525416,525417,1,1
525415,525416,525417,1,1
525415,525415,525416,1,0
525415,525416,525417,1,1
525415,525416,525417,1,1
525415,525416,525417,1,1
525415,525416,525417,1,1
525415,525416,525417,1,1
525415,525416,525417,1,1
525415,525418,525419,1,3
525415,525417,525419,2,2
525415,525417,525419,2,2
525415,525417,525419,2,2
525415,525417,525419,2,2
525415,525417,525419,2,2
525415,525417,525419,2,2
525415,525419,525420,1,4
525415,525418,525419,1,3
525415,525419,525420,1,4
525415,525418,525419,1,3
525415,525415,525419,4,0
525415,525419,525420,1,4
525415,525419,525420,1,4
525415,525419,525420,1,4
525415,525419,525420,1,4
525415,525420,525421,1,5
525415,525419,525420,1,4
525415,525419,525420,1,4
525415,525419,525421,2,4
525415,525420,525421,1,5
525415,525420,525421,1,5
525415,525420,525421,1,5
525415,525420,525423,3,5
525415,525420,525422,2,5
525415,525419,525422,3,4
525415,525419,525422,3,4
525415,525421,525422,1,6
525415,525421,525422,1,6
525415,525422,525423,1,7
525415,525421,525422,1,6
525415,525421,525422,1,6
525415,525421,525422,1,6
525415,525421,525422,1,6
525415,525421,525422,1,6
525415,525420,525423,3,5
525415,525421,525423,2,6
525415,525420,525423,3,5
525415,525422,525423,1,7
525415,525423,525424,1,8
525415,525423,525424,1,8
525415,525422,525423,1,7
525415,525423,525424,1,8
525415,525423,525424,1,8
525415,525423,525424,1,8
525415,525423,525424,1,8
525415,525424,525425,1,9
525415,525424,525425,1,9
525415,525424,525425,1,9
525415,525423,525424,1,8
525415,525423,525424,1,8
525415,525423,525425,2,8
525415,525423,525425,2,8
525415,525423,525425,2,8
525415,525423,525425,2,8
525415,525423,525425,2,8
525415,525425,525426,1,10
525415,525424,525425,1,9
525415,525423,525426,3,8
525415,525424,525426,2,9
525415,525425,525426,1,10
525415,525425,525426,1,10
525415,525425,525426,1,10
525415,525425,525426,1,10
525415,525425,525426,1,10
525415,525425,525426,1,10
525415,525426,525427,1,11
525415,525425,525426,1,10
525415,525425,525426,1,10
525415,525426,525427,1,11
525415,525426,525427,1,11
525415,525426,525428,2,11
525415,525426,525427,1,11
525415,525426,525427,1,11
525415,525427,525428,1,12
525415,525427,525428,1,12
525415,525427,525428,1,12
525415,525427,525428,1,12
525415,525427,525428,1,12
525415,525427,525428,1,12
525415,525427,525428,1,12
525415,525427,525428,1,12
525415,525427,525428,1,12
525415,525428,525429,1,13
525415,525428,525429,1,13
525415,525428,525429,1,13
525415,525428,525429,1,13
525415,525428,525429,1,13
525415,525428,525429,1,13
525415,525428,525429,1,13
525415,525427,525428,1,12
525415,525427,525428,1,12
525415,525428,525429,1,13
525415,525428,525430,2,13
525415,525427,525429,2,12
525415,525428,525429,1,13
525415,525428,525429,1,13
525415,525429,525430,1,14
525415,525429,525430,1,14
525415,525429,525430,1,14
525415,525429,525430,1,14
525415,525429,525430,1,14
525415,525428,525429,1,13
525415,525429,525430,1,14
525415,525429,525430,1,14
525415,525430,525431,1,15
525415,525430,525431,1,15
525415,525429,525430,1,14
525415,525429,525430,1,14
525415,525429,525431,2,14
525415,525430,525431,1,15
525415,525430,525431,1,15
525415,525430,525432,2,15
525415,525430,525432,2,15
525415,525430,525432,2,15
525415,525430,525432,2,15
525415,525430,525432,2,15
525415,525425,525433,8,10
522288,522317,525479,3162,29
525481,525481,525482,1,0
525481,525481,525482,1,0
525481,525481,525482,1,0
525481,525481,525482,1,0
525481,525481,525482,1,0
525481,525481,525482,1,0
525481,525481,525483,2,0
525481,525483,525484,1,2
525481,525483,525484,1,2
525481,525483,525484,1,2
525481,525483,525484,1,2
525481,525483,525484,1,2
525481,525483,525484,1,2
525481,525483,525484,1,2
525481,525481,525484,3,0
525481,525483,525484,1,2
525481,525483,525485,2,2
525481,525483,525485,2,2
525481,525483,525485,2,2
525481,525483,525484,1,2
525481,525483,525484,1,2
525481,525483,525484,1,2
525481,525484,525485,1,3
525481,525484,525485,1,3
525481,525484,525485,1,3
525481,525484,525485,1,3
525481,525484,525485,1,3
525481,525484,525485,1,3
525481,525484,525485,1,3
525481,525485,525486,1,4
525481,525485,525487,2,4
525481,525485,525486,1,4
525481,525485,525486,1,4
525481,525485,525486,1,4
525481,525486,525487,1,5
525481,525485,525487,2,4
525481,525485,525487,2,4
525481,525485,525487,2,4
525481,525485,525487,2,4
525481,525485,525487,2,4
525481,525486,525487,1,5
525481,525486,525487,1,5
525481,525486,525487,1,5
525481,525486,525487,1,5
525481,525486,525487,1,5
525481,525487,525488,1,6
525481,525485,525488,3,4
525481,525487,525488,1,6
525481,525487,525488,1,6
525481,525488,525489,1,7
525481,525481,525489,8,0
525481,525488,525490,2,7
525481,525488,525490,2,7
525481,525487,525489,2,6
525481,525488,525489,1,7
525481,525488,525489,1,7
525481,525488,525489,1,7
525481,525488,525489,1,7
525481,525488,525489,1,7
525481,525488,525489,1,7
525481,525488,525490,2,7
525481,525489,525490,1,8
525481,525488,525490,2,7
525481,525488,525490,2,7
525481,525489,525490,1,8
525481,525489,525490,1,8
525481,525490,525491,1,9
525481,525490,525491,1,9
525481,525490,525491,1,9
525481,525490,525491,1,9
525481,525490,525491,1,9
525481,525490,525491,1,9
525481,525490,525492,2,9
525481,525490,525491,1,9
525481,525491,525492,1,10
525481,525490,525491,1,9
525481,525491,525492,1,10
525481,525491,525492,1,10
525481,525491,525492,1,10
525481,525492,525493,1,11
525481,525490,525492,2,9
525481,525491,525493,2,10
525481,525491,525492,1,10
525481,525492,525493,1,11
525481,525490,525492,2,9
525481,525491,525492,1,10
525481,525491,525492,1,10
525481,525492,525493,1,11
525481,525492,525493,1,11
525481,525492,525493,1,11
525481,525492,525493,1,11
525481,525493,525494,1,12
525481,525491,525493,2,10
525481,525491,525493,2,10
525481,525492,525494,2,11
525481,525493,525494,1,12
525481,525492,525493,1,11
525481,525492,525494,2,11
525481,525493,525494,1,12
525481,525493,525494,1,12
525481,525493,525494,1,12
525481,525493,525494,1,12
525481,525493,525494,1,12
525481,525494,525495,1,13
525481,525493,525494,1,12
525481,525493,525495,2,12
525481,525493,525494,1,12
525481,525494,525495,1,13
525481,525493,525494,1,12
525481,525494,525495,1,13
525481,525494,525495,1,13
525481,525495,525496,1,14
525481,525495,525496,1,14
525481,525493,525495,2,12
525481,525495,525496,1,14
525481,525494,525495,1,13
525481,525495,525496,1,14
525481,525495,525496,1,14
525481,525496,525497,1,15
525481,525495,525496,1,14
525481,525494,525497,3,13
525481,525494,525497,3,13
525481,525495,525496,1,14
525481,525495,525496,1,14
525481,525496,525497,1,15
525481,525496,525497,1,15
525481,525496,525497,1,15
525481,525495,525497,2,14
525481,525495,525497,2,14
525481,525494,525497,3,13
525481,525496,525497,1,15
525481,525496,525498,2,15
523609,523632,526793,3161,23
526794,526794,526795,1,0
526794,526794,526795,1,0
526794,526794,526795,1,0
526794,526794,526795,1,0
526794,526794,526795,1,0
526794,526794,526795,1,0
526794,526794,526795,1,0
526794,526795,526796,1,1
526794,526794,526795,1,0
526794,526795,526796,1,1
526794,526795,526796,1,1
526794,526795,526796,1,1
526794,526795,526796,1,1
526794,526795,526796,1,1
526794,526794,526796,2,0
526794,526794,526797,3,0
526794,526794,526797,3,0
526794,526796,526797,1,2
526794,526796,526797,1,2
526794,526796,526797,1,2
526794,526796,526797,1,2
526794,526796,526797,1,2
526794,526796,526797,1,2
526794,526796,526797,1,2
526794,526796,526798,2,2
526794,526796,526798,2,2
526794,526795,526797,2,1
526794,526797,526798,1,3
526794,526796,526797,1,2
526794,526796,526797,1,2
526794,526796,526797,1,2
526794,526796,526798,2,2
526794,526797,526799,2,3
526794,526797,526798,1,3
526794,526798,526799,1,4
526794,526797,526798,1,3
526794,526797,526798,1,3
526794,526797,526798,1,3
526794,526797,526798,1,3
526794,526797,526798,1,3
526794,526797,526798,1,3
526794,526797,526799,2,3
526794,526798,526800,2,4
526794,526798,526800,2,4
526794,526798,526799,1,4
526794,526798,526799,1,4
526794,526798,526799,1,4
526794,526798,526799,1,4
526794,526799,526800,1,5
526794,526799,526801,2,5
526794,526799,526801,2,5
526794,526799,526800,1,5
526794,526799,526800,1,5
526794,526799,526800,1,5
526794,526799,526800,1,5
526794,526799,526800,1,5
526794,526799,526800,1,5
526794,526800,526801,1,6
526794,526799,526801,2,5
526794,526800,526802,2,6
526794,526800,526801,1,6
526794,526800,526802,2,6
526794,526800,526801,1,6
526794,526800,526801,1,6
526794,526801,526802,1,7
526794,526800,526802,2,6
526794,526800,526802,2,6
526794,526801,526802,1,7
526794,526801,526802,1,7
526794,526801,526802,1,7
526794,526801,526802,1,7
526794,526801,526802,1,7
526794,526801,526802,1,7
526794,526802,526804,2,8
526794,526801,526803,2,7
526794,526801,526803,2,7
526794,526802,526804,2,8
526794,526802,526804,2,8
526794,526802,526804,2,8
526794,526802,526804,2,8
526794,526802,526803,1,8
526794,526802,526803,1,8
526794,526803,526804,1,9
526794,526803,526804,1,9
526794,526804,526805,1,10
526794,526803,526804,1,9
526794,526803,526804,1,9
526794,526803,526805,2,9
526794,526803,526804,1,9
526794,526804,526805,1,10
526794,526804,526805,1,10
526794,526803,526805,2,9
526794,526803,526805,2,9
526794,526804,526805,1,10
526794,526804,526805,1,10
526794,526804,526805,1,10
526794,526805,526806,1,11
526794,526805,526806,1,11
526794,526805,526806,1,11
526794,526805,526806,1,11
526794,526805,526806,1,11
526794,526805,526806,1,11
526794,526805,526806,1,11
526794,526804,526806,2,10
526794,526804,526806,2,10
526794,526804,526806,2,10
526794,526804,526806,2,10
526794,526806,526807,1,12
526794,526806,526807,1,12
526794,526805,526807,2,11
526794,526806,526807,1,12
526794,526806,526807,1,12
526794,526806,526807,1,12
526794,526806,526807,1,12
526794,526806,526807,1,12
526794,526806,526808,2,12
526794,526806,526807,1,12
526794,526807,526808,1,13
526794,526806,526808,2,12
526794,526807,526808,1,13
526794,526807,526808,1,13
526794,526806,526807,1,12
526794,526807,526808,1,13
526794,526807,526808,1,13
526794,526807,526809,2,13
526794,526806,526808,2,12
526794,526807,526809,2,13
526794,526807,526809,2,13
526794,526807,526809,2,13
526794,526807,526809,2,13
526794,526807,526809,2,13
526794,526807,526809,2,13
526794,526808,526810,2,14
526794,526808,526810,2,14
526794,526808,526810,2,14
526794,526809,526810,1,15
526794,526809,526810,1,15
526794,526809,526810,1,15
526794,526808,526810,2,14
521997,522021,526814,4793,24
526826,526826,526827,1,0
526826,526826,526827,1,0
526826,526826,526827,1,0
526826,526826,526827,1,0
526826,526826,526827,1,0
526826,526826,526827,1,0
526826,526826,526827,1,0
526826,526826,526827,1,0
526826,526826,526827,1,0
526826,526826,526828,2,0
526826,526826,526828,2,0
526826,526826,526827,1,0
526826,526826,526828,2,0
526826,526826,526828,2,0
526826,526826,526828,2,0
526826,526827,526828,1,1
526826,526827,526828,1,1
526826,526826,526827,1,0
526826,526827,526828,1,1
526826,526827,526828,1,1
526826,526827,526828,1,1
526826,526827,526828,1,1
526826,526827,526828,1,1
526826,526827,526828,1,1
526826,526827,526828,1,1
526826,526828,526829,1,2
526826,526828,526829,1,2
526826,526827,526828,1,1
526826,526828,526829,1,2
526826,526828,526829,1,2
526826,526828,526829,1,2
526826,526828,526830,2,2
526826,526828,526830,2,2
526826,526828,526829,1,2
526826,526828,526830,2,2
526826,526828,526830,2,2
526826,526828,526829,1,2
526826,526828,526829,1,2
526826,526828,526830,2,2
526826,526828,526830,2,2
526826,526829,526830,1,3
526826,526829,526830,1,3
526826,526829,526830,1,3
526826,526829,526831,2,3
526826,526829,526831,2,3
526826,526829,526830,1,3
526826,526829,526830,1,3
526826,526829,526830,1,3
526826,526830,526832,2,4
526826,526830,526832,2,4
526826,526830,526831,1,4
526826,526830,526833,3,4
526826,526830,526832,2,4
526826,526831,526833,2,5
526826,526831,526833,2,5
526826,526831,526832,1,5
526826,526831,526833,2,5
526826,526831,526833,2,5
526826,526831,526833,2,5
526826,526831,526833,2,5
526826,526831,526832,1,5
526826,526831,526832,1,5
526826,526830,526834,4,4
526826,526830,526833,3,4
526826,526831,526834,3,5
526826,526832,526834,2,6
526826,526832,526834,2,6
526826,526832,526834,2,6
526826,526833,526835,2,7
526826,526833,526835,2,7
526826,526833,526835,2,7
526826,526834,526835,1,8
526826,526834,526835,1,8
526826,526834,526835,1,8
526826,526834,526835,1,8
526826,526834,526835,1,8
526826,526833,526836,3,7
526826,526833,526835,2,7
526826,526833,526835,2,7
526826,526835,526836,1,9
526826,526835,526836,1,9
526826,526835,526836,1,9
526826,526835,526836,1,9
526826,526834,526836,2,8
526826,526834,526837,3,8
526826,526834,526836,2,8
526826,526835,526836,1,9
526826,526836,526837,1,10
526826,526836,526837,1,10
526826,526836,526837,1,10
526826,526836,526837,1,10
526826,526836,526837,1,10
526826,526836,526837,1,10
526826,526837,526838,1,11
526826,526836,526838,2,10
526826,526836,526838,2,10
526826,526837,526838,1,11
526826,526837,526838,1,11
526826,526838,526839,1,12
526826,526838,526839,1,12
526826,526838,526839,1,12
526826,526836,526838,2,10
526826,526837,526839,2,11
526826,526837,526839,2,11
526826,526837,526839,2,11
526826,526836,526838,2,10
526826,526838,526839,1,12
526826,526839,526840,1,13
526826,526838,526839,1,12
526826,526839,526840,1,13
526826,526839,526840,1,13
526826,526839,526840,1,13
526826,526839,526840,1,13
526826,526839,526840,1,13
526826,526840,526841,1,14
526826,526840,526841,1,14
526826,526840,526841,1,14
526826,526839,526841,2,13
526826,526839,526841,2,13
526826,526838,526841,3,12
526826,526839,526841,2,13
526826,526840,526841,1,14
526826,526840,526841,1,14
526826,526840,526841,1,14
526826,526839,526841,2,13
526826,526839,526842,3,13
526826,526841,526842,1,15
526826,526841,526842,1,15
526826,526841,526842,1,15
526826,526841,526842,1,15
526826,526841,526842,1,15
526826,526841,526842,1,15
526826,526841,526842,1,15
526826,526841,526843,2,15
526826,526842,526843,1,16
526826,526842,526843,1,16
526826,526842,526844,2,16
526826,526841,526844,3,15
526826,526842,526844,2,16
526826,526842,526844,2,16
523791,523811,526944,3133,20
526946,526946,526947,1,0
526946,526946,526947,1,0
526946,526946,526947,1,0
526946,526946,526947,1,0
526946,526946,526947,1,0
526946,526946,526947,1,0
526946,526946,526947,1,0
526946,526946,526947,1,0
526946,526946,526947,1,0
526946,526946,526947,1,0
526946,526946,526947,1,0
526946,526946,526948,2,0
526946,526946,526947,1,0
526946,526946,526948,2,0
526946,526946,526948,2,0
526946,526946,526948,2,0
526946,526947,526948,1,1
526946,526947,526948,1,1
526946,526947,526948,1,1
526946,526947,526948,1,1
526946,526947,526948,1,1
526946,526947,526948,1,1
526946,526947,526948,1,1
526946,526947,526948,1,1
526946,526947,526948,1,1
526946,526947,526948,1,1
526946,526947,526948,1,1
526946,526946,526948,2,0
526946,526948,526949,1,2
526946,526948,526949,1,2
526946,526948,526949,1,2
526946,526948,526949,1,2
526946,526948,526949,1,2
526946,526948,526949,1,2
526946,526948,526950,2,2
526946,526948,526950,2,2
526946,526948,526950,2,2
526946,526948,526950,2,2
526946,526948,526950,2,2
526946,526948,526950,2,2
526946,526948,526950,2,2
526946,526948,526949,1,2
526946,526948,526951,3,2
526946,526948,526950,2,2
523654,523676,526951,3275,22
526946,526949,526951,2,3
526946,526949,526951,2,3
526946,526949,526951,2,3
526946,526950,526951,1,4
526946,526950,526951,1,4
526946,526950,526951,1,4
526946,526949,526951,2,3
526946,526950,526952,2,4
526946,526950,526952,2,4
526946,526950,526952,2,4
526946,526950,526952,2,4
526946,526951,526952,1,5
526946,526951,526952,1,5
526946,526951,526952,1,5
526946,526952,526953,1,6
526946,526950,526953,3,4
526946,526951,526953,2,5
526946,526952,526953,1,6
526946,526952,526953,1,6
526946,526952,526953,1,6
526946,526952,526953,1,6
526946,526952,526953,1,6
526946,526952,526953,1,6
526946,526951,526954,3,5
526946,526953,526954,1,7
526946,526953,526954,1,7
526946,526953,526954,1,7
526946,526953,526954,1,7
526946,526953,526954,1,7
526946,526953,526954,1,7
526946,526952,526954,2,6
526946,526953,526955,2,7
526946,526952,526955,3,6
526946,526952,526955,3,6
526946,526954,526955,1,8
526946,526954,526955,1,8
526946,526954,526955,1,8
526946,526954,526955,1,8
526946,526954,526955,1,8
526946,526954,526955,1,8
526946,526953,526956,3,7
526946,526955,526956,1,9
526946,526955,526956,1,9
526946,526955,526956,1,9
526946,526955,526956,1,9
526946,526955,526956,1,9
526946,526955,526956,1,9
526946,526954,526957,3,8
526946,526956,526957,1,10
526946,526956,526957,1,10
526946,526956,526957,1,10
526946,526957,526958,1,11
526946,526956,526957,1,10
526946,526956,526957,1,10
526946,526956,526957,1,10
526946,526956,526957,1,10
526946,526956,526957,1,10
526946,526956,526957,1,10
526946,526957,526958,1,11
526946,526955,526958,3,9
526946,526957,526958,1,11
526946,526957,526958,1,11
526946,526958,526959,1,12
526946,526958,526959,1,12
526946,526958,526959,1,12
526946,526958,526959,1,12
526946,526958,526959,1,12
526946,526957,526958,1,11
526946,526958,526959,1,12
526946,526957,526959,2,11
526946,526958,526959,1,12
526946,526958,526959,1,12
526946,526958,526959,1,12
526946,526958,526960,2,12
526946,526959,526960,1,13
526946,526959,526960,1,13
526946,526958,526959,1,12
526946,526959,526960,1,13
526946,526959,526960,1,13
526946,526959,526960,1,13
526946,526959,526960,1,13
526946,526959,526960,1,13
526946,526958,526959,1,12
526946,526959,526960,1,13
526946,526959,526960,1,13
526946,526960,526961,1,14
526946,526960,526961,1,14
526946,526959,526960,1,13
526946,526960,526961,1,14
526946,526958,526960,2,12
526946,526960,526961,1,14
526946,526960,526962,2,14
526946,526960,526961,1,14
526946,526960,526961,1,14
526946,526960,526961,1,14
526946,526960,526961,1,14
526946,526960,526961,1,14
526946,526960,526961,1,14
526946,526960,526961,1,14
526946,526960,526962,2,14
526953,526961,526962,1,8
526953,526961,526962,1,8
526946,526960,526963,3,14
526946,526960,526962,2,14
526946,526961,526962,1,15
526946,526961,526962,1,15
526953,526962,526963,1,9
526953,526962,526963,1,9
526953,526962,526963,1,9
526953,526962,526963,1,9
526953,526962,526963,1,9
526953,526962,526963,1,9
526953,526961,526963,2,8
526953,526962,526963,1,9
526953,526962,526963,1,9
526953,526962,526963,1,9
526953,526963,526964,1,10
526953,526963,526964,1,10
526953,526963,526964,1,10
526953,526963,526964,1,10
526953,526963,526964,1,10
526953,526963,526964,1,10
526953,526963,526964,1,10
526953,526963,526964,1,10
526953,526963,526964,1,10
526953,526963,526964,1,10
526953,526963,526964,1,10
526953,526963,526965,2,10
526953,526964,526965,1,11
526953,526964,526965,1,11
526953,526964,526965,1,11
526953,526964,526965,1,11
526953,526964,526965,1,11
526953,526964,526965,1,11
526953,526963,526964,1,10
526953,526964,526965,1,11
526953,526964,526965,1,11
526953,526964,526966,2,11
526953,526964,526965,1,11
526953,526964,526965,1,11
526953,526964,526965,1,11
526953,526964,526965,1,11
526953,526964,526965,1,11
526953,526965,526967,2,12
526953,526965,526966,1,12
526953,526965,526966,1,12
526953,526965,526966,1,12
526953,526965,526966,1,12
526953,526965,526966,1,12
526953,526965,526966,1,12
526953,526965,526966,1,12
526953,526965,526967,2,12
526953,526965,526967,2,12
526953,526966,526968,2,13
526953,526966,526967,1,13
526953,526966,526967,1,13
526953,526966,526968,2,13
526953,526966,526968,2,13
526953,526966,526968,2,13
526953,526966,526968,2,13
526953,526967,526968,1,14
526953,526967,526968,1,14
526953,526967,526968,1,14
526953,526967,526968,1,14
526953,526967,526969,2,14
526953,526967,526968,1,14
526953,526967,526969,2,14
526953,526967,526969,2,14
526953,526968,526969,1,15
526953,526968,526969,1,15
526953,526969,526970,1,16
526953,526968,526969,1,15
526953,526969,526970,1,16
526953,526969,526971,2,16
526953,526968,526970,2,15
526953,526968,526971,3,15
526953,526968,526971,3,15
526953,526969,526970,1,16
526953,526969,526970,1,16
526953,526969,526970,1,16
526953,526969,526970,1,16
526953,526969,526971,2,16
526953,526969,526970,1,16
526953,526969,526971,2,16
526953,526969,526971,2,16
526953,526971,526972,1,18
526953,526971,526972,1,18
526953,526970,526972,2,17
526953,526970,526972,2,17
526953,526970,526972,2,17
526953,526971,526972,1,18
526953,526970,526972,2,17
526953,526970,526972,2,17
526953,526971,526972,1,18
526953,526971,526972,1,18
526953,526972,526973,1,19
526953,526972,526973,1,19
526953,526972,526973,1,19
526953,526972,526973,1,19
526953,526971,526973,2,18
526953,526972,526973,1,19
526953,526972,526973,1,19
526953,526971,526973,2,18
526953,526972,526974,2,19
526953,526971,526973,2,18
526953,526971,526973,2,18
526953,526971,526973,2,18
526953,526973,526974,1,20
526953,526973,526974,1,20
526953,526973,526974,1,20
526953,526973,526974,1,20
526953,526973,526974,1,20
526953,526972,526974,2,19
526953,526974,526975,1,21
526953,526974,526975,1,21
526953,526975,526976,1,22
526953,526974,526976,2,21
526953,526974,526976,2,21
526953,526974,526976,2,21
526953,526974,526976,2,21
526953,526974,526976,2,21
526953,526976,526977,1,23
526953,526976,526977,1,23
526953,526975,526976,1,22
526953,526976,526977,1,23
526953,526975,526976,1,22
526953,526976,526977,1,23
526953,526976,526977,1,23
526953,526976,526977,1,23
526953,526976,526977,1,23
526953,526975,526978,3,22
526953,526976,526978,2,23
526953,526977,526978,1,24
526953,526977,526978,1,24
526953,526976,526978,2,23
526953,526976,526979,3,23
526953,526976,526979,3,23
526953,526976,526979,3,23
522141,522180,527029,4849,39
527031,527031,527032,1,0
527031,527031,527032,1,0
527031,527031,527032,1,0
527031,527031,527032,1,0
527031,527031,527032,1,0
527031,527031,527032,1,0
527031,527031,527032,1,0
527031,527031,527032,1,0
527031,527031,527032,1,0
527031,527031,527032,1,0
527031,527031,527033,2,0
527031,527031,527033,2,0
527031,527031,527033,2,0
527031,527031,527033,2,0
527031,527031,527033,2,0
527031,527032,527033,1,1
527031,527032,527033,1,1
527031,527031,527032,1,0
527031,527032,527033,1,1
527031,527032,527033,1,1
527031,527032,527033,1,1
527031,527032,527033,1,1
527031,527032,527033,1,1
527031,527031,527033,2,0
527031,527032,527033,1,1
527031,527033,527034,1,2
527031,527032,527033,1,1
527031,527033,527034,1,2
527031,527033,527035,2,2
527031,527033,527035,2,2
527031,527033,527035,2,2
527031,527033,527034,1,2
527031,527033,527035,2,2
527031,527033,527034,1,2
527031,527033,527035,2,2
527031,527034,527035,1,3
527031,527033,527034,1,2
527031,527033,527034,1,2
527031,527033,527036,3,2
527031,527033,527035,2,2
527031,527033,527035,2,2
527031,527034,527036,2,3
527031,527034,527035,1,3
527031,527034,527036,2,3
527031,527034,527035,1,3
527031,527035,527037,2,4
527031,527035,527037,2,4
527031,527035,527037,2,4
527031,527035,527037,2,4
527031,527035,527037,2,4
527031,527035,527037,2,4
527031,527035,527037,2,4
527031,527035,527037,2,4
527031,527036,527038,2,5
527031,527035,527038,3,4
527031,527036,527038,2,5
527031,527036,527038,2,5
527031,527037,527038,1,6
527031,527036,527038,2,5
527031,527036,527038,2,5
527031,527035,527038,3,4
527031,527036,527039,3,5
527031,527036,527038,2,5
527031,527037,527039,2,6
527031,527037,527039,2,6
527031,527037,527039,2,6
527031,527037,527039,2,6
527031,527038,527039,1,7
527031,527038,527039,1,7
527031,527038,527040,2,7
527031,527039,527040,1,8
527031,527039,527040,1,8
527031,527039,527040,1,8
527031,527039,527040,1,8
527031,527038,527040,2,7
527031,527038,527041,3,7
527031,527038,527041,3,7
527031,527039,527041,2,8
527031,527039,527041,2,8
527031,527039,527041,2,8
527031,527040,527041,1,9
527031,527041,527042,1,10
527031,527040,527041,1,9
527031,527040,527041,1,9
527031,527041,527042,1,10
527031,527041,527042,1,10
527031,527041,527042,1,10
527031,527040,527042,2,9
527031,527041,527043,2,10
527031,527039,527043,4,8
527031,527039,527043,4,8
527031,527039,527043,4,8
527031,527041,527043,2,10
527031,527042,527043,1,11
527031,527042,527043,1,11
527031,527042,527043,1,11
527031,527042,527043,1,11
527031,527042,527043,1,11
527031,527043,527044,1,12
527031,527042,527043,1,11
527031,527043,527044,1,12
527031,527042,527043,1,11
527031,527041,527043,2,10
527031,527044,527045,1,13
527031,527043,527044,1,12
527031,527043,527045,2,12
527031,527043,527045,2,12
527031,527044,527045,1,13
527031,527043,527045,2,12
527031,527044,527045,1,13
527031,527044,527045,1,13
527031,527044,527045,1,13
527031,527044,527045,1,13
527031,527044,527045,1,13
527031,527044,527045,1,13
527031,527044,527045,1,13
527031,527044,527045,1,13
527031,527043,527046,3,12
527031,527043,527046,3,12
527031,527045,527046,1,14
527031,527046,527047,1,15
527031,527045,527046,1,14
527031,527045,527047,2,14
527031,527045,527047,2,14
527031,527045,527047,2,14
527031,527046,527047,1,15
527031,527046,527047,1,15
527031,527046,527047,1,15
527031,527046,527047,1,15
527031,527046,527047,1,15
527031,527046,527047,1,15
527031,527046,527047,1,15
527031,527046,527047,1,15
527031,527047,527048,1,16
527031,527047,527048,1,16
527031,527047,527048,1,16
527031,527047,527048,1,16
527031,527047,527049,2,16
527031,527048,527050,2,17
527031,527048,527049,1,17
527031,527048,527049,1,17
527031,527048,527050,2,17
527031,527048,527049,1,17
527031,527048,527049,1,17
527031,527047,527049,2,16
527031,527047,527050,3,16
527031,527047,527050,3,16
527031,527048,527050,2,17
527031,527048,527050,2,17
522294,522344,527090,4746,50
527092,527092,527093,1,0
527092,527092,527093,1,0
527092,527092,527093,1,0
527092,527092,527093,1,0
527092,527092,527094,2,0
527092,527092,527093,1,0
527092,527092,527093,1,0
527092,527092,527093,1,0
527092,527093,527094,1,1
527092,527092,527093,1,0
527092,527092,527093,1,0
527092,527092,527093,1,0
527092,527093,527094,1,1
527092,527092,527093,1,0
527092,527093,527094,1,1
527092,527093,527094,1,1
527092,527092,527095,3,0
527092,527092,527094,2,0
527092,527092,527094,2,0
527092,527094,527095,1,2
527092,527092,527095,3,0
527092,527094,527095,1,2
527092,527094,527095,1,2
527092,527094,527095,1,2
527092,527094,527095,1,2
527092,527094,527095,1,2
527092,527094,527095,1,2
527092,527094,527095,1,2
527092,527094,527095,1,2
527092,527094,527095,1,2
527092,527094,527095,1,2
527092,527095,527096,1,3
527092,527095,527097,2,3
527092,527095,527096,1,3
527092,527095,527096,1,3
527092,527095,527096,1,3
527092,527095,527098,3,3
527092,527096,527097,1,4
527092,527096,527097,1,4
527092,527096,527098,2,4
527092,527096,527097,1,4
527092,527096,527098,2,4
527092,527096,527098,2,4
527092,527095,527099,4,3
527092,527095,527099,4,3
527092,527097,527099,2,5
527092,527097,527098,1,5
527092,527097,527099,2,5
527092,527097,527099,2,5
527092,527098,527099,1,6
527092,527098,527100,2,6
527092,527098,527100,2,6
527092,527098,527099,1,6
527092,527098,527100,2,6
527092,527099,527101,2,7
527092,527092,527101,9,0
527092,527099,527100,1,7
527092,527099,527101,2,7
527092,527099,527101,2,7
527092,527098,527101,3,6
527092,527099,527102,3,7
527092,527100,527101,1,8
527092,527100,527102,2,8
527092,527100,527101,1,8
527092,527100,527102,2,8
527092,527100,527102,2,8
527092,527099,527102,3,7
527092,527099,527102,3,7
527092,527101,527103,2,9
527092,527101,527103,2,9
527092,527101,527103,2,9
527092,527101,527103,2,9
527092,527101,527103,2,9
527092,527102,527104,2,10
527092,527102,527104,2,10
527092,527102,527104,2,10
527092,527102,527104,2,10
527092,527102,527104,2,10
527092,527102,527104,2,10
527092,527102,527104,2,10
527092,527103,527105,2,11
527092,527103,527105,2,11
527092,527103,527105,2,11
527092,527104,527106,2,12
527092,527104,527106,2,12
527092,527103,527106,3,11
527092,527103,527105,2,11
527092,527104,527106,2,12
527092,527104,527106,2,12
527092,527104,527106,2,12
527092,527105,527106,1,13
527092,527104,527106,2,12
527092,527105,527106,1,13
527092,527105,527107,2,13
527092,527094,527107,13,2
527092,527106,527107,1,14
527092,527106,527108,2,14
527092,527106,527108,2,14
527092,527105,527107,2,13
527092,527106,527108,2,14
527092,527106,527108,2,14
527092,527106,527107,1,14
527092,527107,527108,1,15
527092,527107,527108,1,15
527092,527107,527108,1,15
527092,527107,527108,1,15
527092,527107,527108,1,15
527092,527107,527108,1,15
527092,527108,527109,1,16
527092,527108,527110,2,16
527092,527096,527109,13,4
527092,527108,527110,2,16
527092,527109,527110,1,17
527092,527109,527110,1,17
527092,527109,527110,1,17
527092,527109,527110,1,17
527092,527109,527110,1,17
527092,527109,527110,1,17
527092,527109,527110,1,17
527092,527108,527110,2,16
527092,527108,527111,3,16
527092,527108,527110,2,16
527092,527108,527111,3,16
527092,527095,527111,16,3
527092,527110,527112,2,18
527092,527110,527112,2,18
527092,527111,527112,1,19
527092,527112,527113,1,20
527092,527111,527112,1,19
527092,527111,527112,1,19
527092,527111,527112,1,19
527092,527111,527112,1,19
527092,527111,527112,1,19
527092,527111,527113,2,19
527092,527112,527113,1,20
527092,527113,527114,1,21
527092,527111,527113,2,19
527092,527112,527114,2,20
527092,527111,527114,3,19
527092,527103,527114,11,11
527092,527112,527114,2,20
527092,527113,527114,1,21
527092,527113,527114,1,21
527092,527113,527114,1,21
527092,527113,527114,1,21
527092,527111,527115,4,19
527092,527111,527115,4,19
527092,527108,527130,22,16
523481,523507,528315,4808,26
528315,528315,528316,1,0
528315,528315,528317,2,0
528315,528315,528317,2,0
528315,528315,528317,2,0
528315,528315,528316,1,0
528315,528315,528316,1,0
528315,528315,528316,1,0
528315,528315,528316,1,0
528315,528316,528317,1,1
528315,528315,528318,3,0
528315,528315,528318,3,0
528315,528315,528318,3,0
528315,528315,528318,3,0
528315,528317,528318,1,2
528315,528317,528318,1,2
528315,528317,528319,2,2
528315,528317,528319,2,2
528315,528315,528319,4,0
528315,528317,528319,2,2
528315,528317,528319,2,2
528315,528317,528318,1,2
528315,528317,528318,1,2
528315,528318,528319,1,3
528315,528318,528320,2,3
528315,528318,528320,2,3
528315,528318,528319,1,3
528315,528319,528321,2,4
528315,528319,528321,2,4
528315,528320,528321,1,5
528315,528318,528320,2,3
528315,528318,528320,2,3
528315,528319,528320,1,4
528315,528319,528320,1,4
528315,528319,528320,1,4
528315,528319,528321,2,4
528315,528319,528321,2,4
528315,528320,528321,1,5
528315,528320,528321,1,5
528315,528320,528322,2,5
528315,528321,528323,2,6
528315,528315,528323,8,0
528315,528315,528323,8,0
528315,528315,528323,8,0
528315,528315,528323,8,0
528315,528321,528323,2,6
528315,528321,528323,2,6
528315,528321,528323,2,6
528315,528321,528323,2,6
528315,528321,528323,2,6
528315,528322,528323,1,7
528315,528321,528324,3,6
528315,528322,528324,2,7
528315,528322,528324,2,7
528315,528322,528324,2,7
528315,528323,528324,1,8
528315,528322,528324,2,7
528315,528321,528324,3,6
528315,528323,528325,2,8
528315,528323,528325,2,8
528315,528323,528325,2,8
528315,528323,528325,2,8
528315,528324,528325,1,9
528315,528324,528325,1,9
528315,528324,528326,2,9
528315,528325,528326,1,10
528315,528324,528326,2,9
528315,528325,528327,2,10
528315,528325,528327,2,10
528315,528325,528327,2,10
528315,528325,528327,2,10
528315,528326,528328,2,11
528315,528326,528327,1,11
528315,528326,528327,1,11
528315,528324,528328,4,9
528315,528324,528328,4,9
528315,528325,528328,3,10
528315,528326,528327,1,11
528315,528326,528328,2,11
528315,528327,528328,1,12
528315,528327,528329,2,12
528315,528327,528329,2,12
528315,528328,528329,1,13
528315,528328,528329,1,13
528315,528328,528329,1,13
528315,528328,528329,1,13
528315,528327,528329,2,12
528315,528323,528330,7,8
528315,528323,528330,7,8
528315,528323,528330,7,8
528315,528328,528330,2,13
528315,528328,528330,2,13
528315,528329,528330,1,14
528315,528329,528330,1,14
528315,528329,528331,2,14
528315,528327,528331,4,12
528315,528328,528331,3,13
528315,528328,528331,3,13
528315,528330,528331,1,15
528315,528330,528331,1,15
528315,528330,528332,2,15
528315,528330,528331,1,15
528315,528330,528331,1,15
528315,528331,528332,1,16
528315,528331,528332,1,16
528315,528331,528332,1,16
528315,528332,528333,1,17
528315,528331,528332,1,16
528315,528332,528333,1,17
528315,528330,528333,3,15
528315,528331,528333,2,16
528315,528332,528333,1,17
528315,528332,528333,1,17
528315,528332,528333,1,17
528315,528332,528334,2,17
528315,528333,528334,1,18
528315,528333,528334,1,18
528315,528333,528334,1,18
528315,528333,528334,1,18
528315,528333,528334,1,18
528315,528333,528335,2,18
528315,528332,528335,3,17
528315,528331,528335,4,16
528315,528332,528335,3,17
528315,528334,528335,1,19
528315,528335,528336,1,20
528315,528335,528336,1,20
528315,528334,528335,1,19
528315,528333,528335,2,18
528315,528334,528336,2,19
528315,528335,528336,1,20
528315,528335,528336,1,20
528315,528335,528336,1,20
528315,528336,528337,1,21
528315,528336,528337,1,21
528315,528331,528337,6,16
528315,528335,528337,2,20
528315,528336,528338,2,21
528315,528336,528338,2,21
528315,528336,528337,1,21
528315,528336,528337,1,21
528315,528336,528338,2,21
528315,528331,528338,7,16
528315,528336,528338,2,21
528315,528336,528339,3,21
528315,528337,528338,1,22
528315,528337,528338,1,22
528315,528337,528339,2,22
528315,528338,528339,1,23
528315,528333,528339,6,18
528315,528337,528339,2,22
523555,523575,528358,4783,20
528359,528359,528360,1,0
528359,528359,528360,1,0
528359,528359,528360,1,0
528359,528359,528360,1,0
528359,528359,528360,1,0
528359,528359,528360,1,0
528359,528359,528361,2,0
528359,528359,528361,2,0
528359,528359,528361,2,0
528359,528359,528361,2,0
528359,528359,528361,2,0
528359,528359,528361,2,0
528359,528360,528361,1,1
528359,528360,528361,1,1
528359,528359,528361,2,0
528359,528360,528361,1,1
528359,528360,528361,1,1
528359,528360,528361,1,1
528359,528360,528361,1,1
528359,528361,528362,1,2
528359,528361,528363,2,2
528359,528361,528363,2,2
528359,528361,528362,1,2
528359,528359,528363,4,0
528359,528361,528363,2,2
528359,528361,528363,2,2
528359,528362,528363,1,3
528359,528362,528363,1,3
528359,528363,528364,1,4
528359,528359,528364,5,0
528359,528361,528364,3,2
528359,528363,528364,1,4
528359,528363,528364,1,4
528359,528363,528365,2,4
528359,528364,528365,1,5
528359,528363,528365,2,4
528359,528364,528365,1,5
528359,528364,528365,1,5
528359,528364,528365,1,5
528359,528364,528365,1,5
528359,528364,528365,1,5
528359,528364,528366,2,5
528359,528359,528366,7,0
528359,528359,528366,7,0
528359,528365,528366,1,6
528359,528365,528366,1,6
528359,528366,528367,1,7
528359,528364,528367,3,5
528359,528364,528367,3,5
528359,528365,528367,2,6
528359,528366,528367,1,7
528359,528366,528367,1,7
528359,528366,528367,1,7
528359,528366,528367,1,7
528359,528366,528367,1,7
528359,528365,528368,3,6
528359,528366,528368,2,7
528359,528367,528368,1,8
528359,528362,528368,6,3
528359,528367,528368,1,8
528359,528367,528368,1,8
528359,528367,528368,1,8
528359,528367,528368,1,8
528359,528368,528369,1,9
528359,528368,528369,1,9
528359,528368,528369,1,9
528359,528368,528370,2,9
528359,528368,528369,1,9
528359,528368,528369,1,9
528359,528368,528370,2,9
528359,528368,528371,3,9
528359,528369,528370,1,10
528359,528369,528370,1,10
528359,528370,528371,1,11
528359,528368,528371,3,9
528359,528368,528371,3,9
528359,528370,528371,1,11
528359,528370,528371,1,11
528359,528370,528371,1,11
528359,528370,528371,1,11
528359,528370,528371,1,11
528359,528371,528372,1,12
528359,528371,528372,1,12
528359,528371,528373,2,12
528359,528369,528373,4,10
528359,528369,528373,4,10
528359,528372,528374,2,13
528359,528371,528373,2,12
528359,528372,528374,2,13
528359,528372,528373,1,13
528359,528372,528373,1,13
528359,528372,528373,1,13
528359,528372,528373,1,13
528359,528372,528373,1,13
528359,528373,528374,1,14
528359,528372,528374,2,13
528359,528373,528374,1,14
528359,528374,528375,1,15
528359,528374,528375,1,15
528359,528374,528375,1,15
528359,528374,528375,1,15
528359,528374,528375,1,15
528359,528369,528375,6,10
528359,528375,528376,1,16
528359,528374,528375,1,15
528359,528374,528375,1,15
528359,528374,528375,1,15
528359,528374,528375,1,15
528359,528374,528376,2,15
528359,528374,528376,2,15
528359,528369,528376,7,10
528359,528369,528376,7,10
528359,528375,528376,1,16
528359,528375,528376,1,16
528359,528376,528377,1,17
528359,528376,528378,2,17
528359,528374,528377,3,15
528359,528375,528377,2,16
528359,528376,528377,1,17
528359,528376,528377,1,17
528359,528376,528377,1,17
528359,528376,528377,1,17
528359,528377,528378,1,18
528359,528376,528378,2,17
528359,528377,528379,2,18
528359,528376,528378,2,17
528359,528377,528379,2,18
528359,528377,528379,2,18
528359,528377,528378,1,18
528359,528377,528378,1,18
528359,528377,528379,2,18
528359,528378,528380,2,19
528359,528378,528379,1,19
528359,528378,528379,1,19
528359,528378,528379,1,19
528359,528378,528380,2,19
528359,528378,528379,1,19
528359,528376,528380,4,17
528359,528379,528380,1,20
528359,528378,528381,3,19
528359,528379,528380,1,20
528359,528379,528381,2,20
528359,528378,528382,4,19
528359,528379,528386,7,20
528359,528379,528386,7,20
528359,528379,528386,7,20
523657,523705,528466,4761,48
528467,528467,528468,1,0
528467,528467,528468,1,0
528467,528467,528468,1,0
528467,528467,528468,1,0
528467,528467,528468,1,0
528467,528467,528468,1,0
528467,528467,528468,1,0
528467,528467,528468,1,0
528467,528467,528468,1,0
528467,528467,528469,2,0
528467,528467,528468,1,0
528467,528467,528468,1,0
528467,528467,528468,1,0
528467,528468,528469,1,1
528467,528468,528469,1,1
528467,528468,528469,1,1
528467,528468,528469,1,1
528467,528468,528469,1,1
528467,528469,528470,1,2
528467,528469,528470,1,2
528467,528469,528470,1,2
528467,528469,528470,1,2
528467,528469,528470,1,2
528467,528467,528470,3,0
528467,528467,528470,3,0
528467,528469,528470,1,2
528467,528470,528471,1,3
528467,528469,528470,1,2
528467,528469,528471,2,2
528467,528470,528471,1,3
528467,528469,528471,2,2
528467,528470,528471,1,3
528467,528467,528471,4,0
528467,528469,528471,2,2
528467,528470,528471,1,3
528467,528470,528471,1,3
528467,528471,528473,2,4
528467,528471,528473,2,4
528467,528470,528472,2,3
528467,528469,528473,4,2
528467,528471,528472,1,4
528467,528471,528473,2,4
528467,528471,528472,1,4
528467,528472,528473,1,5
528467,528469,528474,5,2
528467,528472,528474,2,5
528467,528472,528473,1,5
528467,528472,528473,1,5
528467,528473,528475,2,6
528467,528469,528474,5,2
523724,523744,528475,4731,20
528467,528473,528475,2,6
528467,528473,528474,1,6
528467,528473,528474,1,6
528467,528471,528475,4,4
528467,528471,528475,4,4
528467,528472,528475,3,5
528467,528473,528474,1,6
528467,528472,528476,4,5
528467,528474,528476,2,7
528467,528474,528475,1,7
528467,528474,528475,1,7
528467,528473,528476,3,6
528467,528473,528476,3,6
528467,528474,528476,2,7
528467,528474,528476,2,7
528467,528475,528477,2,8
528467,528475,528477,2,8
528467,528475,528476,1,8
528467,528475,528477,2,8
528467,528475,528476,1,8
528467,528475,528478,3,8
528467,528476,528478,2,9
528467,528476,528477,1,9
528467,528476,528478,2,9
528467,528477,528479,2,10
528467,528477,528479,2,10
528467,528477,528478,1,10
528467,528477,528479,2,10
528467,528477,528478,1,10
528467,528475,528478,3,8
528467,528475,528479,4,8
528467,528477,528479,2,10
528467,528477,528478,1,10
528467,528478,528480,2,11
528467,528478,528480,2,11
528467,528478,528480,2,11
528467,528479,528480,1,12
528467,528479,528481,2,12
528467,528477,528481,4,10
528467,528479,528481,2,12
528467,528479,528480,1,12
528467,528479,528481,2,12
528467,528476,528481,5,9
528467,528480,528481,1,13
528467,528480,528482,2,13
528467,528481,528482,1,14
528467,528479,528482,3,12
528467,528479,528482,3,12
528467,528480,528482,2,13
528467,528480,528481,1,13
528467,528481,528482,1,14
528467,528479,528482,3,12
528467,528479,528482,3,12
528467,528482,528483,1,15
528467,528481,528482,1,14
528467,528477,528483,6,10
528467,528481,528482,1,14
528467,528482,528483,1,15
528467,528475,528483,8,8
528467,528478,528483,5,11
528467,528475,528483,8,8
528467,528481,528484,3,14
528467,528482,528484,2,15
528467,528482,528484,2,15
528467,528483,528484,1,16
528467,528482,528484,2,15
528467,528483,528485,2,16
528467,528483,528484,1,16
528467,528483,528484,1,16
528467,528483,528485,2,16
528467,528483,528484,1,16
528467,528484,528485,1,17
528467,528483,528485,2,16
528467,528484,528485,1,17
528467,528485,528486,1,18
528467,528485,528486,1,18
528467,528485,528487,2,18
528467,528485,528487,2,18
528467,528485,528487,2,18
528467,528486,528487,1,19
528467,528485,528487,2,18
528467,528483,528488,5,16
528467,528484,528488,4,17
528467,528484,528488,4,17
528467,528484,528488,4,17
528467,528484,528488,4,17
528467,528487,528488,1,20
528467,528487,528488,1,20
528467,528485,528488,3,18
528467,528485,528489,4,18
528476,528489,528490,1,13
528476,528488,528489,1,12
528467,528487,528490,3,20
528476,528490,528491,1,14
528476,528490,528491,1,14
528476,528490,528491,1,14
528476,528489,528491,2,13
528476,528489,528491,2,13
528476,528490,528491,1,14
528476,528491,528492,1,15
528467,528485,528492,7,18
528476,528489,528490,1,13
528476,528492,528493,1,16
528476,528492,528493,1,16
528476,528491,528492,1,15
528467,528481,528493,12,14
528476,528488,528493,5,12
528476,528488,528493,5,12
528476,528492,528493,1,16
528476,528493,528494,1,17
528476,528493,528494,1,17
528476,528493,528494,1,17
528476,528493,528494,1,17
528476,528493,528494,1,17
528476,528492,528494,2,16
528476,528493,528494,1,17
528476,528493,528494,1,17
528476,528489,528493,4,13
528476,528493,528495,2,17
528476,528494,528495,1,18
528476,528492,528495,3,16
528476,528494,528495,1,18
528476,528494,528495,1,18
528476,528495,528496,1,19
528476,528494,528496,2,18
528476,528494,528496,2,18
528476,528494,528496,2,18
528467,528483,528496,13,16
528476,528495,528496,1,19
528476,528494,528497,3,18
528476,528493,528497,4,17
528476,528495,528497,2,19
528476,528496,528498,2,20
528476,528496,528497,1,20
528476,528496,528497,1,20
528476,528496,528497,1,20
528476,528496,528498,2,20
528476,528497,528498,1,21
528476,528497,528498,1,21
528476,528497,528498,1,21
528476,528498,528499,1,22
528476,528496,528499,3,20
528476,528495,528500,5,19
528476,528498,528499,1,22
528476,528498,528499,1,22
528476,528499,528500,1,23
528476,528499,528500,1,23
528476,528499,528500,1,23
528476,528499,528500,1,23
528476,528495,528501,6,19
528476,528497,528502,5,21
528476,528498,528502,4,22
528476,528498,528502,4,22
528476,528500,528502,2,24
528476,528500,528501,1,24
528476,528500,528502,2,24
528476,528500,528501,1,24
528476,528501,528502,1,25
528476,528501,528502,1,25
528476,528502,528503,1,26
528476,528502,528503,1,26
528476,528497,528503,6,21
528476,528498,528503,5,22
528476,528500,528503,3,24
528476,528502,528504,2,26
528476,528495,528502,7,19
528476,528502,528504,2,26
528476,528503,528504,1,27
528476,528503,528504,1,27
528467,528481,528504,23,14
528476,528499,528505,6,23
528476,528502,528504,2,26
528476,528503,528504,1,27
528476,528503,528505,2,27
528476,528504,528505,1,28
528476,528505,528506,1,29
528476,528504,528505,1,28
528476,528502,528505,3,26
528476,528502,528505,3,26
528476,528504,528506,2,28
528476,528505,528506,1,29
528476,528505,528506,1,29
528476,528505,528506,1,29
528476,528502,528506,4,26
528476,528505,528506,1,29
528476,528505,528507,2,29
528476,528504,528507,3,28
528476,528506,528507,1,30
528476,528504,528506,2,28
528476,528507,528508,1,31
528476,528509,528510,1,33
528476,528509,528510,1,33
528476,528504,528509,5,28
528476,528508,528509,1,32
528476,528506,528509,3,30
528476,528506,528509,3,30
528476,528506,528509,3,30
528476,528509,528510,1,33
528476,528505,528510,5,29
528476,528510,528511,1,34
528476,528505,528511,6,29
528476,528510,528511,1,34
528476,528511,528512,1,35
528476,528511,528512,1,35
528476,528511,528512,1,35
528476,528510,528512,2,34
528476,528507,528512,5,31
528476,528507,528513,6,31
528476,528510,528512,2,34
528476,528510,528512,2,34
528476,528510,528513,3,34
528476,528509,528512,3,33
528476,528511,528512,1,35
528476,528511,528514,3,35
528476,528513,528515,2,37
528476,528510,528516,6,34
528476,528510,528516,6,34
528476,528508,528517,9,32
523744,523768,528527,4759,24
528536,528536,528537,1,0
528536,528536,528537,1,0
528536,528536,528537,1,0
528536,528537,528538,1,1
528536,528536,528537,1,0
528536,528536,528537,1,0
528536,528537,528538,1,1
528536,528536,528539,3,0
528536,528537,528538,1,1
528536,528538,528539,1,2
528536,528536,528539,3,0
528536,528536,528538,2,0
528536,528536,528539,3,0
528536,528538,528539,1,2
528536,528538,528539,1,2
528536,528536,528539,3,0
528536,528539,528540,1,3
528536,528539,528540,1,3
528536,528538,528540,2,2
528536,528536,528540,4,0
528536,528539,528540,1,3
528536,528539,528540,1,3
528536,528538,528541,3,2
528536,528540,528541,1,4
528536,528539,528541,2,3
528536,528539,528540,1,3
528536,528538,528541,3,2
528536,528540,528541,1,4
528536,528539,528541,2,3
528536,528540,528541,1,4
528536,528540,528541,1,4
528536,528540,528542,2,4
528536,528540,528542,2,4
528536,528540,528542,2,4
528536,528541,528543,2,5
528536,528541,528542,1,5
528536,528541,528543,2,5
528536,528542,528543,1,6
528536,528541,528544,3,5
528536,528541,528543,2,5
528536,528539,528543,4,3
528536,528542,528544,2,6
528536,528542,528544,2,6
528536,528543,528545,2,7
525344,525369,528545,3176,25
528536,528543,528545,2,7
528536,528542,528544,2,6
528536,528541,528544,3,5
528536,528543,528545,2,7
528536,528542,528545,3,6
528536,528536,528546,10,0
528536,528536,528546,10,0
528536,528544,528546,2,8
528536,528544,528546,2,8
528536,528544,528546,2,8
528536,528544,528546,2,8
528536,528536,528546,10,0
528536,528536,528546,10,0
528536,528545,528547,2,9
528536,528545,528546,1,9
528536,528545,528547,2,9
528536,528546,528547,1,10
528536,528546,528547,1,10
528536,528546,528547,1,10
528536,528544,528548,4,8
528536,528544,528548,4,8
528536,528545,528548,3,9
528536,528546,528548,2,10
528536,528547,528548,1,11
528536,528547,528549,2,11
528536,528547,528549,2,11
528536,528547,528548,1,11
528536,528546,528549,3,10
528536,528548,528549,1,12
528536,528543,528547,4,7
528536,528548,528550,2,12
528536,528548,528550,2,12
528536,528549,528550,1,13
528536,528547,528551,4,11
528536,528548,528551,3,12
528536,528549,528551,2,13
528536,528549,528551,2,13
528536,528548,528551,3,12
528536,528548,528550,2,12
528536,528550,528551,1,14
528536,528549,528552,3,13
528536,528551,528553,2,15
528536,528551,528552,1,15
528536,528551,528553,2,15
528536,528551,528553,2,15
528536,528545,528553,8,9
528536,528550,528554,4,14
528536,528548,528554,6,12
528536,528550,528554,4,14
528536,528553,528554,1,17
528536,528551,528554,3,15
528536,528551,528554,3,15
528536,528552,528554,2,16
528536,528550,528555,5,14
528536,528553,528555,2,17
528536,528553,528554,1,17
528536,528554,528555,1,18
528536,528553,528555,2,17
528536,528551,528555,4,15
528536,528553,528556,3,17
528536,528554,528555,1,18
528536,528556,528557,1,20
528536,528555,528556,1,19
528536,528556,528557,1,20
528536,528555,528556,1,19
528536,528554,528557,3,18
528536,528555,528557,2,19
528536,528557,528558,1,21
528536,528552,528558,6,16
528536,528555,528558,3,19
528536,528557,528558,1,21
528536,528546,528558,12,10
528536,528554,528558,4,18
528536,528554,528558,4,18
528536,528557,528558,1,21
528536,528557,528558,1,21
528536,528558,528559,1,22
528536,528546,528558,12,10
528536,528556,528559,3,20
528536,528558,528559,1,22
528536,528558,528559,1,22
528536,528556,528559,3,20
528536,528557,528559,2,21
528536,528559,528560,1,23
528536,528549,528560,11,13
528536,528558,528561,3,22
528536,528559,528561,2,23
528536,528559,528561,2,23
528536,528560,528561,1,24
528536,528558,528561,3,22
528536,528559,528561,2,23
528536,528560,528562,2,24
528536,528560,528561,1,24
528545,528562,528563,1,17
528545,528562,528563,1,17
528536,528560,528563,3,24
528545,528562,528563,1,17
528536,528558,528562,4,22
528545,528562,528563,1,17
528545,528562,528563,1,17
528545,528562,528563,1,17
528545,528563,528564,1,18
528536,528561,528564,3,25
528545,528563,528564,1,18
528536,528547,528564,17,11
528536,528559,528564,5,23
528536,528559,528564,5,23
528536,528560,528564,4,24
528545,528564,528565,1,19
528545,528564,528565,1,19
528536,528560,528565,5,24
528545,528563,528564,1,18
528536,528556,528564,8,20
528545,528563,528565,2,18
528545,528564,528565,1,19
528545,528563,528566,3,18
528545,528565,528566,1,20
528545,528564,528565,1,19
528545,528565,528566,1,20
528545,528565,528566,1,20
528545,528564,528566,2,19
528545,528565,528566,1,20
528545,528564,528566,2,19
528545,528564,528566,2,19
528545,528565,528566,1,20
528545,528566,528567,1,21
528545,528565,528566,1,20
528545,528566,528567,1,21
528545,528566,528568,2,21
528545,528565,528567,2,20
528545,528566,528567,1,21
528545,528565,528569,4,20
528545,528566,528568,2,21
528545,528567,528568,1,22
528545,528567,528569,2,22
528545,528567,528568,1,22
528536,528560,528569,9,24
528545,528567,528569,2,22
528545,528567,528569,2,22
528545,528568,528569,1,23
528545,528568,528569,1,23
528545,528568,528569,1,23
528545,528569,528571,2,24
528545,528569,528571,2,24
528545,528569,528570,1,24
525482,525496,528570,3074,14
528545,528569,528570,1,24
528545,528565,528570,5,20
528545,528568,528571,3,23
528545,528569,528571,2,24
528545,528570,528572,2,25
528545,528570,528571,1,25
528545,528570,528571,1,25
528545,528570,528571,1,25
528545,528571,528573,2,26
528545,528571,528573,2,26
528545,528571,528572,1,26
528545,528572,528573,1,27
528545,528571,528573,2,26
528545,528571,528572,1,26
528545,528571,528572,1,26
528545,528572,528573,1,27
528545,528573,528574,1,28
528545,528572,528573,1,27
528536,528558,528574,16,22
528545,528569,528574,5,24
528545,528573,528575,2,28
528545,528573,528574,1,28
528545,528573,528574,1,28
528545,528571,528574,3,26
528545,528573,528574,1,28
528545,528573,528575,2,28
528545,528573,528575,2,28
528545,528570,528575,5,25
528545,528574,528575,1,29
528545,528573,528576,3,28
528545,528574,528576,2,29
528545,528566,528576,10,21
528545,528572,528576,4,27
528545,528575,528577,2,30
528545,528575,528577,2,30
528545,528575,528577,2,30
528545,528575,528577,2,30
528545,528576,528577,1,31
528545,528575,528577,2,30
528545,528576,528577,1,31
528545,528576,528577,1,31
528545,528576,528578,2,31
528545,528578,528579,1,33
528545,528577,528578,1,32
528545,528576,528579,3,31
528545,528577,528579,2,32
528545,528577,528579,2,32
528545,528578,528579,1,33
528545,528578,528579,1,33
528545,528579,528580,1,34
528545,528567,528580,13,22
528545,528577,528579,2,32
528545,528578,528579,1,33
528545,528579,528580,1,34
528545,528580,528581,1,35
528545,528580,528581,1,35
528545,528580,528581,1,35
528545,528577,528581,4,32
528545,528579,528581,2,34
528545,528579,528581,2,34
528545,528579,528581,2,34
528545,528580,528581,1,35
528545,528581,528582,1,36
528545,528581,528582,1,36
528545,528565,528581,16,20
528545,528580,528582,2,35
528545,528582,528583,1,37
528545,528581,528582,1,36
528545,528575,528582,7,30
528545,528581,528583,2,36
528545,528581,528582,1,36
528545,528581,528583,2,36
528545,528582,528583,1,37
528545,528582,528583,1,37
528545,528578,528582,4,33
528545,528581,528584,3,36
528545,528581,528583,2,36
528545,528582,528584,2,37
528545,528575,528584,9,30
528545,528583,528584,1,38
528545,528583,528584,1,38
528545,528584,528585,1,39
528545,528584,528585,1,39
528545,528580,528584,4,35
528545,528583,528584,1,38
528545,528584,528585,1,39
528545,528584,528585,1,39
528545,528572,528585,13,27
528545,528577,528585,8,32
528545,528585,528586,1,40
528545,528577,528585,8,32
528545,528585,528586,1,40
528545,528585,528586,1,40
528545,528585,528586,1,40
528545,528584,528587,3,39
528545,528584,528587,3,39
528545,528584,528587,3,39
528545,528586,528587,1,41
528545,528586,528587,1,41
528545,528586,528587,1,41
528545,528582,528587,5,37
528545,528585,528587,2,40
528572,528587,528588,1,15
528572,528587,528588,1,15
528572,528587,528588,1,15
528572,528586,528588,2,14
528545,528585,528587,2,40
528545,528586,528588,2,41
528572,528588,528589,1,16
528545,528583,528589,6,38
528572,528588,528589,1,16
528572,528588,528589,1,16
528572,528588,528589,1,16
528572,528588,528589,1,16
528572,528587,528589,2,15
528572,528588,528589,1,16
528572,528589,528590,1,17
528572,528588,528590,2,16
528572,528588,528589,1,16
528572,528589,528590,1,17
528572,528589,528590,1,17
528572,528589,528590,1,17
528572,528588,528590,2,16
528545,528584,528588,4,39
528572,528588,528590,2,16
528572,528589,528590,1,17
528572,528590,528591,1,18
528572,528590,528591,1,18
528572,528590,528591,1,18
528545,528585,528591,6,40
528572,528590,528591,1,18
528572,528591,528592,1,19
528572,528590,528592,2,18
528572,528590,528592,2,18
528572,528590,528592,2,18
528572,528591,528592,1,19
528572,528591,528592,1,19
528572,528591,528592,1,19
528572,528591,528592,1,19
528572,528591,528593,2,19
528572,528591,528594,3,19
528572,528593,528594,1,21
528572,528589,528594,5,17
528572,528592,528593,1,20
528572,528592,528593,1,20
528572,528593,528595,2,21
528572,528593,528594,1,21
528572,528593,528594,1,21
528572,528593,528594,1,21
528572,528594,528595,1,22
528572,528593,528595,2,21
528572,528593,528595,2,21
528572,528594,528595,1,22
528572,528594,528595,1,22
528572,528590,528596,6,18
528572,528594,528595,1,22
528572,528594,528595,1,22
528572,528595,528596,1,23
528572,528595,528597,2,23
528572,528595,528596,1,23
528572,528595,528596,1,23
528572,528596,528597,1,24
528572,528590,528597,7,18
528572,528596,528598,2,24
528572,528596,528598,2,24
528572,528596,528598,2,24
528572,528596,528598,2,24
528572,528596,528598,2,24
528572,528596,528598,2,24
528572,528597,528599,2,25
528572,528597,528598,1,25
528572,528597,528598,1,25
528572,528597,528598,1,25
528572,528596,528599,3,24
528572,528596,528599,3,24
528572,528594,528599,5,22
528572,528598,528600,2,26
528572,528599,528600,1,27
528572,528599,528600,1,27
528572,528599,528600,1,27
528572,528591,528601,10,19
528572,528599,528600,1,27
528572,528599,528600,1,27
528572,528599,528600,1,27
528572,528599,528601,2,27
528572,528599,528601,2,27
528572,528599,528601,2,27
528572,528600,528602,2,28
528572,528601,528602,1,29
528572,528601,528602,1,29
528572,528601,528602,1,29
528572,528600,528602,2,28
528572,528600,528602,2,28
528572,528601,528602,1,29
528572,528601,528602,1,29
528572,528601,528602,1,29
528572,528603,528604,1,31
528572,528603,528604,1,31
528572,528598,528604,6,26
528572,528603,528604,1,31
528572,528603,528604,1,31
528572,528603,528604,1,31
528572,528602,528604,2,30
528572,528602,528605,3,30
528572,528602,528605,3,30
528572,528589,528592,3,17
528572,528604,528605,1,32
528572,528603,528604,1,31
528572,528604,528605,1,32
528572,528605,528606,1,33
528572,528603,528605,2,31
528572,528605,528606,1,33
528572,528600,528606,6,28
528572,528602,528606,4,30
528572,528604,528606,2,32
528572,528603,528606,3,31
528572,528601,528606,5,29
528572,528605,528606,1,33
528572,528606,528607,1,34
528572,528605,528607,2,33
528572,528605,528606,1,33
528572,528605,528607,2,33
528572,528606,528607,1,34
528572,528605,528607,2,33
528572,528605,528607,2,33
528572,528605,528608,3,33
528572,528605,528608,3,33
528572,528606,528607,1,34
528572,528606,528608,2,34
528572,528607,528608,1,35
528572,528607,528608,1,35
528572,528607,528609,2,35
528572,528607,528608,1,35
528572,528606,528608,2,34
528572,528608,528609,1,36
528572,528607,528609,2,35
528572,528608,528610,2,36
528572,528606,528610,4,34
528572,528609,528610,1,37
528572,528609,528611,2,37
528572,528608,528611,3,36
528572,528608,528611,3,36
528572,528609,528610,1,37
528572,528609,528611,2,37
528572,528607,528609,2,35
528572,528610,528612,2,38
528572,528609,528612,3,37
528572,528609,528612,3,37
528572,528607,528614,7,35
528572,528606,528616,10,34
523823,523846,528630,4784,23
528632,528632,528633,1,0
528632,528632,528633,1,0
528632,528632,528633,1,0
528632,528632,528633,1,0
528632,528633,528634,1,1
528632,528632,528634,2,0
528632,528634,528635,1,2
528632,528634,528635,1,2
528632,528634,528635,1,2
528632,528634,528635,1,2
528632,528635,528636,1,3
528632,528634,528635,1,2
528632,528635,528636,1,3
528632,528635,528636,1,3
528632,528635,528636,1,3
528632,528635,528636,1,3
528632,528634,528637,3,2
528632,528634,528637,3,2
528632,528634,528636,2,2
528632,528636,528637,1,4
528632,528636,528637,1,4
528632,528636,528637,1,4
528632,528632,528637,5,0
528632,528635,528637,2,3
528632,528636,528637,1,4
528632,528636,528637,1,4
528632,528636,528637,1,4
528632,528632,528638,6,0
528632,528632,528638,6,0
528632,528637,528639,2,5
528632,528637,528639,2,5
528632,528637,528638,1,5
528632,528637,528639,2,5
528632,528637,528638,1,5
528632,528637,528638,1,5
528632,528638,528639,1,6
528632,528638,528639,1,6
528632,528638,528639,1,6
528632,528638,528639,1,6
528632,528639,528641,2,7
528632,528639,528640,1,7
528632,528638,528640,2,6
528632,528639,528640,1,7
528632,528639,528640,1,7
528632,528640,528641,1,8
528632,528639,528641,2,7
528632,528641,528642,1,9
528632,528639,528641,2,7
528632,528640,528641,1,8
528632,528641,528642,1,9
528632,528640,528641,1,8
528632,528640,528641,1,8
528632,528632,528642,10,0
528632,528634,528643,9,2
528632,528639,528642,3,7
528632,528641,528643,2,9
528632,528641,528642,1,9
528632,528642,528643,1,10
528632,528642,528644,2,10
528632,528642,528643,1,10
528632,528642,528643,1,10
528632,528642,528643,1,10
528632,528642,528643,1,10
528632,528642,528643,1,10
528632,528644,528645,1,12
528632,528639,528644,5,7
528632,528641,528645,4,9
528632,528643,528645,2,11
528632,528642,528645,3,10
528632,528643,528644,1,11
528632,528644,528645,1,12
528632,528643,528645,2,11
528632,528644,528645,1,12
528632,528644,528645,1,12
528632,528644,528645,1,12
528632,528644,528645,1,12
528632,528645,528646,1,13
528632,528643,528647,4,11
528632,528645,528646,1,13
528632,528643,528645,2,11
528632,528647,528648,1,15
528632,528646,528647,1,14
528632,528645,528647,2,13
528632,528646,528647,1,14
528632,528646,528647,1,14
528632,528646,528647,1,14
528632,528646,528648,2,14
528632,528646,528647,1,14
528632,528647,528649,2,15
528632,528645,528649,4,13
525416,525430,528648,3218,14
528632,528648,528649,1,16
528632,528648,528649,1,16
528632,528646,528648,2,14
528632,528648,528649,1,16
528632,528648,528649,1,16
528632,528648,528649,1,16
528632,528645,528649,4,13
528632,528645,528650,5,13
528632,528649,528650,1,17
528632,528649,528650,1,17
528632,528649,528650,1,17
528632,528648,528650,2,16
528632,528648,528649,1,16
528632,528649,528650,1,17
528632,528648,528650,2,16
528632,528649,528650,1,17
528632,528650,528651,1,18
528632,528650,528651,1,18
528632,528650,528651,1,18
528632,528650,528652,2,18
528632,528649,528651,2,17
528632,528650,528652,2,18
528632,528651,528652,1,19
528632,528651,528652,1,19
528632,528650,528651,1,18
528632,528651,528652,1,19
528632,528651,528652,1,19
528632,528651,528652,1,19
528632,528649,528652,3,17
528632,528651,528653,2,19
528632,528650,528653,3,18
528632,528652,528653,1,20
528632,528652,528653,1,20
528632,528652,528654,2,20
528632,528652,528653,1,20
528632,528653,528654,1,21
528632,528653,528654,1,21
528632,528653,528654,1,21
528632,528644,528653,9,12
528632,528650,528654,4,18
528632,528651,528654,3,19
528650,528654,528655,1,4
528650,528654,528655,1,4
528650,528654,528655,1,4
528632,528652,528655,3,20
528632,528652,528655,3,20
528632,528653,528655,2,21
528632,528653,528655,2,21
528650,528655,528656,1,5
528650,528655,528656,1,5
528650,528655,528656,1,5
528650,528656,528657,1,6
528650,528656,528657,1,6
528650,528656,528657,1,6
528650,528656,528657,1,6
528650,528657,528658,1,7
528650,528655,528656,1,5
528650,528657,528658,1,7
528650,528655,528658,3,5
528650,528655,528658,3,5
528650,528656,528658,2,6
528650,528657,528658,1,7
528650,528658,528659,1,8
528650,528655,528659,4,5
528650,528655,528658,3,5
528632,528647,528659,12,15
528650,528658,528659,1,8
528650,528659,528660,1,9
528650,528658,528659,1,8
528650,528658,528659,1,8
528650,528656,528660,4,6
528650,528659,528660,1,9
528650,528659,528660,1,9
528650,528659,528660,1,9
528650,528659,528660,1,9
528650,528659,528660,1,9
528650,528659,528660,1,9
528650,528658,528661,3,8
528650,528659,528661,2,9
528650,528659,528660,1,9
528650,528660,528661,1,10
528650,528661,528662,1,11
528650,528660,528661,1,10
528650,528660,528661,1,10
528650,528659,528662,3,9
528650,528659,528662,3,9
528650,528662,528663,1,12
528650,528662,528663,1,12
528650,528661,528662,1,11
528650,528661,528662,1,11
528650,528661,528662,1,11
528650,528661,528662,1,11
528650,528661,528663,2,11
528650,528663,528664,1,13
528650,528662,528663,1,12
528650,528662,528663,1,12
528650,528660,528664,4,10
528650,528661,528664,3,11
528650,528661,528664,3,11
528650,528661,528664,3,11
528650,528663,528664,1,13
528650,528664,528665,1,14
528650,528663,528664,1,13
528650,528663,528664,1,13
528650,528663,528664,1,13
528650,528662,528664,2,12
528650,528663,528664,1,13
528650,528664,528665,1,14
528650,528664,528666,2,14
528650,528664,528665,1,14
528650,528662,528666,4,12
528650,528664,528666,2,14
528650,528665,528666,1,15
528650,528665,528666,1,15
528650,528665,528666,1,15
528650,528665,528666,1,15
528650,528665,528666,1,15
528650,528665,528667,2,15
528650,528664,528667,3,14
528650,528664,528667,3,14
528650,528665,528667,2,15
528650,528665,528667,2,15
528650,528666,528667,1,16
528650,528666,528667,1,16
528650,528667,528668,1,17
528650,528667,528668,1,17
528650,528667,528668,1,17
528650,528667,528669,2,17
528650,528667,528668,1,17
528650,528668,528669,1,18
528650,528667,528669,2,17
528650,528669,528670,1,19
528650,528669,528670,1,19
528650,528668,528669,1,18
528650,528666,528670,4,16
528650,528668,528670,2,18
528650,528669,528670,1,19
528650,528666,528670,4,16
528650,528668,528670,2,18
528650,528668,528671,3,18
528650,528670,528671,1,20
528650,528670,528671,1,20
528650,528669,528670,1,19
528650,528670,528671,1,20
528650,528669,528670,1,19
528650,528670,528671,1,20
528650,528668,528672,4,18
528650,528670,528672,2,20
528650,528671,528672,1,21
528650,528670,528672,2,20
528650,528670,528672,2,20
528650,528671,528672,1,21
528650,528671,528672,1,21
528650,528671,528673,2,21
528650,528671,528672,1,21
528650,528671,528673,2,21
528650,528671,528673,2,21
528650,528671,528673,2,21
528650,528673,528674,1,23
528650,528671,528674,3,21
528650,528673,528674,1,23
528650,528672,528673,1,22
528650,528667,528674,7,17
528650,528671,528674,3,21
528650,528673,528674,1,23
528650,528672,528674,2,22
528650,528672,528674,2,22
528650,528673,528675,2,23
528650,528673,528675,2,23
528650,528674,528675,1,24
528650,528674,528675,1,24
528650,528674,528675,1,24
528650,528672,528676,4,22
528650,528674,528676,2,24
528650,528674,528675,1,24
528650,528675,528677,2,25
528650,528674,528677,3,24
528650,528675,528678,3,25
528650,528674,528676,2,24
528650,528675,528680,5,25
528572,528704,528708,4,132
528572,528704,528708,4,132
528650,528716,528720,4,66
528650,528716,528720,4,66
523872,523891,528769,4878,19
528770,528770,528771,1,0
528770,528770,528771,1,0
528770,528770,528771,1,0
528770,528770,528771,1,0
528770,528771,528772,1,1
528770,528770,528772,2,0
528770,528770,528773,3,0
528770,528772,528773,1,2
528770,528770,528772,2,0
528770,528770,528772,2,0
528770,528772,528773,1,2
528770,528772,528773,1,2
528770,528772,528773,1,2
528770,528772,528773,1,2
528770,528772,528773,1,2
528770,528773,528774,1,3
528770,528773,528774,1,3
528770,528773,528774,1,3
528770,528773,528774,1,3
528770,528770,528773,3,0
528770,528770,528774,4,0
528770,528773,528774,1,3
528770,528773,528774,1,3
528770,528770,528775,5,0
528770,528774,528775,1,4
528770,528774,528776,2,4
528770,528774,528776,2,4
528770,528774,528775,1,4
528770,528774,528775,1,4
528770,528774,528775,1,4
528770,528773,528776,3,3
528770,528773,528776,3,3
528770,528773,528774,1,3
528770,528775,528776,1,5
528770,528775,528776,1,5
528770,528775,528777,2,5
528770,528775,528776,1,5
528770,528775,528776,1,5
528770,528774,528776,2,4
528770,528776,528778,2,6
528770,528776,528777,1,6
528770,528776,528777,1,6
528770,528776,528777,1,6
528770,528773,528777,4,3
528770,528776,528778,2,6
528770,528777,528779,2,7
528770,528776,528778,2,6
528770,528776,528778,2,6
528770,528776,528778,2,6
528770,528777,528778,1,7
528770,528777,528778,1,7
528770,528777,528779,2,7
528770,528777,528779,2,7
528770,528778,528779,1,8
528770,528778,528779,1,8
528770,528778,528779,1,8
528770,528776,528780,4,6
528770,528776,528780,4,6
528770,528778,528780,2,8
528770,528779,528780,1,9
528770,528779,528780,1,9
528770,528779,528780,1,9
528770,528779,528780,1,9
528770,528778,528780,2,8
528770,528780,528781,1,10
528770,528781,528782,1,11
528770,528779,528781,2,9
528770,528779,528781,2,9
528770,528780,528781,1,10
528770,528780,528781,1,10
528770,528780,528781,1,10
528770,528781,528782,1,11
528770,528779,528782,3,9
528770,528782,528783,1,12
528770,528781,528782,1,11
528770,528781,528783,2,11
528770,528778,528783,5,8
528770,528782,528784,2,12
528770,528782,528783,1,12
528770,528782,528783,1,12
528770,528782,528783,1,12
528770,528782,528783,1,12
528770,528780,528783,3,10
528770,528782,528784,2,12
528770,528782,528784,2,12
528770,528783,528784,1,13
528770,528783,528784,1,13
528770,528784,528785,1,14
528770,528784,528785,1,14
528770,528784,528785,1,14
528770,528784,528785,1,14
528770,528781,528784,3,11
528770,528785,528786,1,15
528770,528782,528785,3,12
528770,528784,528786,2,14
528770,528784,528786,2,14
528770,528785,528786,1,15
528770,528785,528786,1,15
528770,528785,528786,1,15
528770,528784,528786,2,14
528770,528785,528786,1,15
528770,528777,528786,9,7
528770,528786,528787,1,16
528770,528785,528786,1,15
528770,528785,528786,1,15
528770,528786,528787,1,16
528770,528786,528787,1,16
528770,528784,528787,3,14
528770,528786,528788,2,16
528770,528786,528788,2,16
528770,528787,528788,1,17
528770,528786,528788,2,16
528770,528787,528788,1,17
528770,528787,528789,2,17
528770,528785,528787,2,15
528770,528784,528789,5,14
528770,528787,528789,2,17
528770,528787,528788,1,17
528770,528787,528788,1,17
528770,528787,528789,2,17
528770,528787,528788,1,17
528770,528787,528789,2,17
528770,528788,528790,2,18
528770,528788,528789,1,18
528770,528788,528790,2,18
528770,528786,528790,4,16
528770,528789,528790,1,19
528770,528788,528790,2,18
528770,528789,528791,2,19
528770,528790,528791,1,20
528770,528789,528790,1,19
528770,528790,528791,1,20
528770,528789,528791,2,19
528770,528789,528791,2,19
528770,528789,528792,3,19
528770,528790,528792,2,20
528770,528790,528792,2,20
528770,528789,528794,5,19
528770,528789,528794,5,19
528770,528795,528798,3,25
528770,528795,528798,3,25
524895,524916,529743,4827,21
529745,529745,529746,1,0
529745,529745,529746,1,0
529745,529745,529746,1,0
529745,529745,529747,2,0
529745,529745,529747,2,0
529745,529745,529747,2,0
529745,529745,529747,2,0
529745,529745,529746,1,0
529745,529745,529747,2,0
529745,529745,529747,2,0
529745,529745,529747,2,0
529745,529745,529747,2,0
529745,529745,529746,1,0
529745,529746,529747,1,1
529745,529746,529747,1,1
529745,529746,529747,1,1
529745,529745,529746,1,0
529745,529745,529748,3,0
529745,529747,529748,1,2
529745,529747,529748,1,2
529745,529747,529748,1,2
529745,529747,529748,1,2
529745,529747,529748,1,2
529745,529747,529748,1,2
529745,529747,529749,2,2
529745,529747,529749,2,2
529745,529747,529749,2,2
529745,529747,529749,2,2
529745,529747,529749,2,2
529745,529747,529748,1,2
529745,529748,529749,1,3
529745,529748,529749,1,3
529745,529747,529749,2,2
529745,529748,529750,2,3
529745,529748,529750,2,3
529745,529749,529750,1,4
529745,529749,529750,1,4
529745,529749,529751,2,4
529745,529750,529751,1,5
529745,529749,529752,3,4
529745,529749,529751,2,4
529745,529749,529751,2,4
529745,529749,529751,2,4
529745,529749,529752,3,4
529745,529749,529752,3,4
529745,529749,529751,2,4
529745,529750,529752,2,5
529745,529750,529752,2,5
529745,529751,529753,2,6
529745,529750,529753,3,5
529745,529751,529752,1,6
529745,529751,529753,2,6
529745,529752,529753,1,7
529745,529752,529754,2,7
529745,529745,529753,8,0
529745,529745,529753,8,0
529745,529747,529754,7,2
529745,529752,529754,2,7
529745,529752,529754,2,7
529745,529752,529753,1,7
529745,529752,529754,2,7
529745,529753,529755,2,8
529745,529752,529754,2,7
529745,529752,529754,2,7
529745,529752,529754,2,7
529745,529752,529754,2,7
529745,529753,529755,2,8
529745,529753,529755,2,8
529745,529754,529755,1,9
529745,529753,529755,2,8
529745,529754,529756,2,9
529745,529754,529756,2,9
529745,529754,529756,2,9
529745,529755,529757,2,10
529745,529754,529756,2,9
529745,529755,529757,2,10
529745,529754,529756,2,9
529745,529755,529757,2,10
529745,529755,529757,2,10
529745,529756,529757,1,11
529745,529755,529757,2,10
529745,529755,529757,2,10
529745,529755,529758,3,10
529745,529756,529758,2,11
529745,529756,529758,2,11
529745,529757,529759,2,12
529745,529757,529759,2,12
529745,529756,529758,2,11
529745,529757,529759,2,12
529745,529756,529759,3,11
529745,529757,529758,1,12
529745,529757,529759,2,12
529745,529758,529759,1,13
529745,529757,529760,3,12
529745,529758,529760,2,13
529745,529758,529760,2,13
529745,529758,529760,2,13
529745,529759,529761,2,14
529745,529754,529761,7,9
529745,529754,529761,7,9
529745,529759,529761,2,14
529745,529760,529761,1,15
529745,529758,529761,3,13
529745,529759,529761,2,14
529745,529758,529761,3,13
529745,529759,529761,2,14
529745,529760,529761,1,15
529745,529754,529762,8,9
529745,529759,529762,3,14
529745,529760,529762,2,15
529745,529761,529762,1,16
529745,529761,529762,1,16
529745,529761,529763,2,16
529745,529760,529763,3,15
529745,529761,529762,1,16
529745,529761,529763,2,16
529745,529761,529763,2,16
529745,529761,529763,2,16
529745,529762,529763,1,17
529745,529762,529763,1,17
529745,529763,529764,1,18
529745,529761,529764,3,16
529745,529763,529764,1,18
529745,529763,529764,1,18
529745,529763,529765,2,18
529745,529762,529764,2,17
529745,529762,529765,3,17
529745,529764,529765,1,19
529745,529764,529765,1,19
529745,529764,529765,1,19
529745,529764,529765,1,19
529745,529764,529765,1,19
529745,529763,529765,2,18
529745,529764,529766,2,19
529745,529764,529766,2,19
529745,529764,529766,2,19
529745,529765,529766,1,20
529745,529765,529766,1,20
529745,529765,529767,2,20
529745,529766,529767,1,21
529745,529766,529768,2,21
529745,529766,529768,2,21
529745,529766,529768,2,21
529745,529766,529768,2,21
529745,529761,529769,8,16
529745,529761,529775,14,16
529745,529762,529775,13,17
525051,525072,529835,4763,21
529837,529837,529838,1,0
529837,529837,529838,1,0
529837,529837,529839,2,0
529837,529837,529838,1,0
529837,529837,529839,2,0
529837,529837,529839,2,0
529837,529837,529839,2,0
529837,529837,529839,2,0
529837,529837,529839,2,0
529837,529837,529839,2,0
529837,529838,529839,1,1
529837,529838,529839,1,1
529837,529839,529840,1,2
529837,529839,529840,1,2
529837,529839,529840,1,2
529837,529837,529841,4,0
529837,529839,529840,1,2
529837,529839,529841,2,2
529837,529839,529841,2,2
529837,529839,529841,2,2
529837,529840,529841,1,3
529837,529837,529839,2,0
529837,529837,529838,1,0
529837,529840,529842,2,3
529837,529839,529841,2,2
529837,529839,529842,3,2
529837,529841,529842,1,4
529837,529839,529842,3,2
529837,529840,529842,2,3
529837,529841,529842,1,4
529837,529841,529843,2,4
529837,529841,529843,2,4
529837,529842,529843,1,5
529837,529837,529843,6,0
529837,529841,529843,2,4
529837,529842,529844,2,5
529837,529837,529844,7,0
529837,529841,529843,2,4
529837,529842,529844,2,5
529837,529842,529844,2,5
529837,529841,529844,3,4
529837,529842,529844,2,5
529837,529842,529844,2,5
529837,529843,529844,1,6
529837,529842,529844,2,5
529837,529841,529845,4,4
529837,529844,529845,1,7
529837,529844,529845,1,7
529837,529843,529845,2,6
529837,529844,529846,2,7
529837,529844,529846,2,7
529837,529843,529845,2,6
529837,529844,529846,2,7
529837,529844,529846,2,7
529837,529844,529847,3,7
529837,529844,529846,2,7
529837,529845,529847,2,8
529837,529844,529847,3,7
529837,529844,529847,3,7
529837,529846,529848,2,9
529837,529846,529848,2,9
529837,529845,529847,2,8
529837,529847,529848,1,10
529837,529847,529848,1,10
529837,529847,529849,2,10
529837,529847,529848,1,10
529837,529846,529849,3,9
529837,529848,529849,1,11
529837,529847,529850,3,10
529837,529847,529850,3,10
529837,529849,529850,1,12
529837,529849,529850,1,12
529837,529846,529850,4,9
529837,529846,529850,4,9
529837,529846,529850,4,9
529837,529847,529851,4,10
529837,529848,529851,3,11
529837,529850,529851,1,13
529837,529850,529852,2,13
529837,529849,529852,3,12
529837,529850,529852,2,13
529837,529850,529852,2,13
529837,529851,529852,1,14
529837,529851,529852,1,14
529837,529851,529853,2,14
529837,529837,529853,16,0
529837,529846,529853,7,9
529837,529852,529854,2,15
529837,529852,529853,1,15
529837,529851,529853,2,14
529837,529852,529854,2,15
529837,529853,529854,1,16
529837,529852,529854,2,15
529837,529853,529855,2,16
529837,529853,529854,1,16
529837,529853,529854,1,16
529837,529837,529856,19,0
529837,529854,529856,2,17
529837,529854,529855,1,17
529837,529853,529855,2,16
529837,529854,529855,1,17
529837,529854,529855,1,17
529837,529855,529856,1,18
529837,529855,529856,1,18
529837,529851,529855,4,14
529837,529851,529855,4,14
529837,529848,529855,7,11
529837,529854,529856,2,17
529837,529855,529856,1,18
529837,529854,529856,2,17
529837,529855,529856,1,18
529837,529856,529857,1,19
529837,529855,529857,2,18
529837,529856,529857,1,19
529837,529853,529857,4,16
529837,529857,529858,1,20
529837,529856,529857,1,19
529837,529856,529857,1,19
529837,529856,529857,1,19
529837,529856,529857,1,19
529837,529856,529858,2,19
529837,529857,529858,1,20
529837,529856,529858,2,19
529837,529857,529859,2,20
529837,529858,529859,1,21
529837,529857,529858,1,20
529837,529857,529859,2,20
529837,529857,529859,2,20
529837,529857,529859,2,20
529837,529858,529860,2,21
529837,529858,529859,1,21
529837,529859,529860,1,22
529837,529859,529860,1,22
529837,529859,529860,1,22
529837,529859,529861,2,22
529837,529859,529861,2,22
529837,529856,529861,5,19
529837,529860,529861,1,23
529837,529859,529862,3,22
529837,529861,529862,1,24
529837,529860,529862,2,23
529837,529860,529862,2,23
529837,529856,529862,6,19
529837,529856,529862,6,19
529837,529860,529862,2,23
529837,529860,529862,2,23
529837,529861,529862,1,24
529837,529857,529861,4,20
529837,529858,529863,5,21
529837,529858,529864,6,21
525175,525194,529980,4786,19
529981,529981,529983,2,0
529981,529981,529983,2,0
529981,529981,529983,2,0
529981,529981,529983,2,0
529981,529981,529983,2,0
529981,529981,529983,2,0
529981,529981,529983,2,0
529981,529981,529983,2,0
529981,529981,529984,3,0
529981,529981,529984,3,0
529981,529984,529985,1,3
529981,529981,529985,4,0
529981,529983,529985,2,2
529981,529983,529985,2,2
529981,529983,529985,2,2
529981,529983,529985,2,2
529981,529981,529986,5,0
529981,529983,529986,3,2
529981,529985,529986,1,4
529981,529985,529986,1,4
529981,529981,529987,6,0
529981,529981,529987,6,0
529981,529986,529987,1,5
529981,529985,529987,2,4
529981,529985,529987,2,4
529981,529983,529987,4,2
529981,529986,529987,1,5
529981,529985,529988,3,4
529981,529987,529988,1,6
529981,529985,529988,3,4
529981,529985,529988,3,4
529981,529986,529988,2,5
529981,529983,529989,6,2
529981,529987,529989,2,6
529981,529981,529989,8,0
529981,529988,529989,1,7
529981,529988,529989,1,7
529981,529981,529989,8,0
529981,529988,529990,2,7
529981,529989,529990,1,8
529981,529989,529990,1,8
529981,529989,529991,2,8
529981,529990,529991,1,9
529981,529989,529991,2,8
529981,529983,529991,8,2
529981,529989,529991,2,8
529981,529990,529992,2,9
529981,529991,529992,1,10
529981,529990,529992,2,9
529981,529990,529992,2,9
529981,529990,529992,2,9
529981,529991,529993,2,10
529981,529992,529993,1,11
529981,529992,529994,2,11
529981,529993,529994,1,12
529981,529990,529994,4,9
529981,529993,529994,1,12
529981,529993,529994,1,12
529981,529992,529994,2,11
529981,529993,529995,2,12
529981,529993,529995,2,12
529981,529995,529996,1,14
529981,529995,529996,1,14
529981,529994,529997,3,13
529981,529987,529996,9,6
529981,529995,529997,2,14
529981,529995,529996,1,14
529981,529994,529996,2,13
529981,529992,529997,5,11
529981,529981,529998,17,0
529981,529995,529997,2,14
529981,529987,529994,7,6
529981,529990,529994,4,9
529981,529997,529998,1,16
529981,529997,529998,1,16
529981,529997,529998,1,16
529981,529997,529998,1,16
529981,529996,529998,2,15
529981,529992,529998,6,11
529981,529996,529998,2,15
529981,529997,529999,2,16
529981,529997,529999,2,16
529981,529998,530000,2,17
529981,529999,530000,1,18
529981,529999,530000,1,18
529981,529999,530001,2,18
529981,529995,530000,5,14
529981,530000,530001,1,19
529981,529999,530001,2,18
529981,529997,530002,5,16
529981,530001,530002,1,20
529981,530001,530002,1,20
529981,530000,530002,2,19
529981,530000,530002,2,19
529981,530003,530004,1,22
529981,530003,530004,1,22
529981,530001,530003,2,20
529981,530002,530004,2,21
529981,529998,530000,2,17
529981,530002,530004,2,21
529981,530003,530004,1,22
529981,530004,530005,1,23
529981,529999,530005,6,18
529981,529999,530004,5,18
529981,529998,530004,6,17
529981,530003,530004,1,22
529981,530003,530005,2,22
529981,530005,530006,1,24
529981,530005,530006,1,24
529981,530004,530006,2,23
529981,530004,530006,2,23
529981,530005,530006,1,24
529981,530005,530006,1,24
529981,529998,530006,8,17
529981,530005,530007,2,24
529981,530005,530006,1,24
529981,529988,530007,19,7
529981,530006,530007,1,25
529981,530006,530007,1,25
529981,530005,530007,2,24
529981,530005,530007,2,24
529981,530006,530008,2,25
529981,529998,530008,10,17
529981,530004,530008,4,23
529981,530007,530008,1,26
529981,530008,530009,1,27
529981,530006,530008,2,25
529981,530007,530009,2,26
529981,530007,530009,2,26
529981,530008,530010,2,27
529981,529999,530009,10,18
529981,530009,530010,1,28
529981,530009,530010,1,28
526827,526842,530011,3169,15
529981,530008,530010,2,27
529981,530008,530011,3,27
529981,530008,530011,3,27
529981,530008,530011,3,27
529981,530010,530011,1,29
529981,530009,530011,2,28
529981,530010,530011,1,29
529981,530011,530012,1,30
530012,530012,530013,1,0
529981,530007,530013,6,26
529981,530001,530012,11,20
529981,530005,530012,7,24
529981,530010,530012,2,29
530012,530012,530013,1,0
530012,530012,530013,1,0
530012,530012,530013,1,0
530012,530013,530014,1,1
530012,530013,530014,1,1
529981,530007,530013,6,26
529981,530007,530013,6,26
530012,530012,530014,2,0
530012,530014,530015,1,2
530012,530014,530015,1,2
530012,530014,530015,1,2
530012,530013,530015,2,1
530012,530014,530015,1,2
530012,530014,530015,1,2
530012,530015,530016,1,3
530012,530015,530016,1,3
530012,530014,530016,2,2
530012,530016,530017,1,4
529981,530008,530013,5,27
529981,530009,530013,4,28
530012,530015,530016,1,3
530012,530015,530017,2,3
530012,530016,530018,2,4
530012,530016,530018,2,4
530012,530016,530017,1,4
530012,530017,530018,1,5
530012,530012,530018,6,0
530012,530017,530019,2,5
530012,530013,530019,6,1
530012,530017,530019,2,5
530012,530017,530019,2,5
530012,530018,530019,1,6
530012,530018,530019,1,6
530012,530014,530020,6,2
530012,530013,530020,7,1
530012,530013,530020,7,1
530012,530018,530020,2,6
530012,530014,530020,6,2
530012,530019,530020,1,7
530012,530020,530022,2,8
530012,530020,530021,1,8
530012,530020,530021,1,8
530012,530015,530021,6,3
530012,530020,530022,2,8
530012,530020,530022,2,8
530012,530021,530023,2,9
530012,530021,530023,2,9
530012,530021,530023,2,9
530012,530022,530024,2,10
530012,530022,530023,1,10
530012,530022,530023,1,10
530012,530022,530024,2,10
530012,530023,530024,1,11
530012,530024,530025,1,12
530012,530024,530025,1,12
530012,530019,530025,6,7
530012,530024,530026,2,12
530012,530024,530026,2,12
530012,530025,530027,2,13
530012,530020,530027,7,8
530012,530026,530027,1,14
530012,530026,530027,1,14
530012,530026,530028,2,14
530012,530023,530029,6,11
530012,530022,530028,6,10
530012,530027,530028,1,15
530012,530027,530029,2,15
530012,530027,530029,2,15
530012,530028,530029,1,16
530012,530028,530030,2,16
530012,530022,530029,7,10
530012,530019,530030,11,7
530012,530024,530031,7,12
530012,530029,530031,2,17
530012,530029,530030,1,17
530012,530030,530031,1,18
530012,530030,530031,1,18
530012,530029,530032,3,17
530012,530030,530032,2,18
530012,530017,530029,12,5
530012,530018,530031,13,6
530012,530030,530032,2,18
530012,530030,530032,2,18
530012,530032,530033,1,20
530012,530030,530033,3,18
530012,530031,530033,2,19
530012,530032,530033,1,20
530012,530033,530034,1,21
530012,530032,530034,2,20
530012,530028,530034,6,16
530012,530032,530034,2,20
530012,530033,530034,1,21
530012,530034,530035,1,22
530012,530033,530035,2,21
530012,530033,530036,3,21
530012,530033,530035,2,21
530012,530035,530036,1,23
530012,530035,530036,1,23
530012,530034,530035,1,22
530012,530036,530037,1,24
530012,530036,530037,1,24
530012,530031,530037,6,19
530012,530031,530037,6,19
530012,530036,530038,2,24
530012,530036,530038,2,24
530012,530037,530038,1,25
530012,530037,530038,1,25
530012,530033,530039,6,21
530012,530037,530039,2,25
530012,530038,530039,1,26
530012,530038,530040,2,26
530012,530038,530040,2,26
530012,530032,530040,8,20
530012,530038,530041,3,26
530012,530038,530041,3,26
530012,530040,530041,1,28
530012,530040,530042,2,28
530012,530041,530042,1,29
530012,530027,530042,15,15
530012,530035,530042,7,23
530012,530041,530043,2,29
530012,530035,530042,7,23
530012,530042,530043,1,30
530012,530041,530044,3,29
530012,530041,530044,3,29
530012,530037,530044,7,25
530012,530043,530044,1,31
530012,530043,530044,1,31
530012,530044,530045,1,32
530012,530039,530046,7,27
530012,530040,530046,6,28
530012,530045,530046,1,33
530012,530045,530046,1,33
530012,530044,530047,3,32
530012,530044,530047,3,32
530012,530045,530047,2,33
530012,530046,530047,1,34
530012,530035,530049,14,23
530012,530036,530049,13,24
530012,530043,530049,6,31
530012,530043,530051,8,31
530012,530043,530050,7,31
530012,530043,530050,7,31
525339,525353,530151,4798,14
530156,530156,530157,1,0
530156,530156,530157,1,0
530156,530156,530157,1,0
530156,530156,530158,2,0
530156,530156,530157,1,0
530156,530157,530158,1,1
530156,530157,530158,1,1
530156,530156,530157,1,0
530156,530157,530158,1,1
530156,530158,530159,1,2
530156,530158,530159,1,2
530156,530157,530159,2,1
530156,530158,530160,2,2
530156,530159,530160,1,3
530156,530159,530160,1,3
530156,530156,530157,1,0
530156,530156,530159,3,0
530156,530158,530160,2,2
530156,530160,530161,1,4
530156,530160,530161,1,4
530156,530158,530161,3,2
530156,530160,530162,2,4
530156,530156,530161,5,0
530156,530160,530161,1,4
530156,530161,530162,1,5
530156,530161,530162,1,5
530156,530159,530161,2,3
530156,530161,530163,2,5
530156,530162,530163,1,6
530156,530162,530163,1,6
530156,530156,530164,8,0
530156,530156,530163,7,0
530156,530162,530164,2,6
530156,530163,530164,1,7
530156,530163,530164,1,7
530156,530161,530164,3,5
530156,530162,530164,2,6
530156,530158,530164,6,2
530156,530163,530165,2,7
530156,530164,530165,1,8
530156,530164,530165,1,8
530156,530158,530166,8,2
530156,530164,530166,2,8
530156,530165,530166,1,9
530156,530165,530166,1,9
530156,530164,530166,2,8
530156,530164,530166,2,8
530156,530164,530166,2,8
530156,530156,530167,11,0
530156,530165,530167,2,9
530156,530164,530167,3,8
530156,530166,530168,2,10
530156,530166,530168,2,10
530156,530165,530168,3,9
530156,530162,530166,4,6
530156,530167,530169,2,11
530156,530167,530169,2,11
530156,530160,530169,9,4
530156,530167,530169,2,11
530156,530167,530169,2,11
530156,530169,530170,1,13
530156,530167,530171,4,11
530156,530168,530171,3,12
530156,530169,530171,2,13
530156,530170,530171,1,14
530156,530170,530171,1,14
530156,530172,530173,1,16
530156,530171,530173,2,15
530156,530168,530173,5,12
530156,530167,530173,6,11
530156,530171,530173,2,15
530156,530173,530174,1,17
530156,530168,530174,6,12
530156,530172,530174,2,16
530156,530172,530174,2,16
530156,530172,530174,2,16
530156,530174,530175,1,18
530156,530174,530175,1,18
530156,530173,530175,2,17
530156,530169,530175,6,13
530156,530173,530175,2,17
530156,530174,530175,1,18
530156,530175,530176,1,19
530156,530175,530176,1,19
530156,530176,530177,1,20
530156,530176,530177,1,20
530156,530162,530174,12,6
530156,530170,530177,7,14
530156,530171,530177,6,15
530156,530175,530177,2,19
530156,530175,530177,2,19
530156,530175,530177,2,19
530156,530175,530177,2,19
530156,530177,530178,1,21
530156,530177,530178,1,21
530156,530176,530178,2,20
530156,530178,530179,1,22
530156,530173,530178,5,17
530156,530178,530179,1,22
530156,530178,530179,1,22
530156,530178,530179,1,22
530156,530179,530180,1,23
530156,530179,530180,1,23
530156,530174,530180,6,18
530156,530177,530178,1,21
530156,530177,530178,1,21
530156,530177,530180,3,21
530156,530180,530181,1,24
530156,530180,530181,1,24
530156,530179,530181,2,23
530156,530179,530181,2,23
530156,530180,530181,1,24
530156,530181,530182,1,25
530156,530181,530182,1,25
530156,530175,530182,7,19
530156,530175,530182,7,19
530156,530181,530182,1,25
530156,530180,530182,2,24
530156,530180,530182,2,24
530156,530182,530183,1,26
530156,530182,530183,1,26
530156,530181,530183,2,25
530156,530182,530183,1,26
530156,530182,530184,2,26
530156,530183,530184,1,27
530156,530183,530184,1,27
530156,530183,530184,1,27
530156,530183,530184,1,27
530156,530183,530185,2,27
530157,530184,530185,1,27
530157,530184,530185,1,27
530156,530183,530185,2,27
530156,530184,530185,1,28
530156,530181,530182,1,25
530157,530185,530186,1,28
530157,530185,530186,1,28
530156,530177,530186,9,21
530156,530184,530186,2,28
530157,530185,530187,2,28
530156,530181,530186,5,25
530157,530186,530187,1,29
530157,530186,530187,1,29
530157,530186,530187,1,29
530156,530181,530188,7,25
530157,530186,530188,2,29
530157,530187,530188,1,30
530157,530187,530188,1,30
530157,530186,530188,2,29
530157,530187,530188,1,30
530157,530187,530189,2,30
530157,530187,530189,2,30
530157,530188,530189,1,31
530157,530188,530189,1,31
530157,530188,530190,2,31
530157,530188,530190,2,31
530157,530189,530190,1,32
530157,530189,530190,1,32
530157,530189,530190,1,32
530157,530185,530190,5,28
530157,530185,530191,6,28
530157,530186,530191,5,29
530157,530188,530191,3,31
530157,530189,530191,2,32
530157,530191,530192,1,34
530157,530191,530192,1,34
530157,530191,530192,1,34
530157,530191,530192,1,34
530157,530191,530193,2,34
530157,530192,530193,1,35
530157,530193,530194,1,36
530156,530183,530193,10,27
530157,530191,530194,3,34
530157,530188,530192,4,31
530157,530192,530195,3,35
530157,530194,530195,1,37
530157,530194,530195,1,37
530157,530193,530195,2,36
530157,530196,530197,1,39
530157,530195,530196,1,38
530157,530191,530197,6,34
530157,530193,530197,4,36
530157,530194,530197,3,37
530157,530196,530197,1,39
530157,530196,530198,2,39
530157,530195,530197,2,38
530157,530197,530198,1,40
530157,530197,530199,2,40
530157,530197,530199,2,40
530157,530197,530199,2,40
530157,530198,530199,1,41
530157,530199,530200,1,42
530157,530198,530199,1,41
530157,530193,530200,7,36
530157,530189,530198,9,32
530157,530190,530198,8,33
530157,530197,530201,4,40
530157,530199,530201,2,42
530157,530198,530201,3,41
530157,530200,530201,1,43
530157,530200,530201,1,43
526953,526977,530202,3225,24
530157,530200,530201,1,43
530157,530201,530202,1,44
530157,530202,530203,1,45
530157,530199,530202,3,42
530157,530199,530203,4,42
530157,530202,530203,1,45
530157,530202,530203,1,45
530157,530202,530203,1,45
530157,530193,530203,10,36
530157,530201,530204,3,44
530157,530201,530203,2,44
530157,530203,530204,1,46
530157,530194,530205,11,37
530157,530203,530205,2,46
530157,530203,530205,2,46
530157,530201,530205,4,44
530157,530204,530205,1,47
530157,530204,530205,1,47
530157,530204,530205,1,47
530157,530204,530206,2,47
530157,530201,530206,5,44
530157,530205,530207,2,48
530157,530205,530206,1,48
530157,530201,530207,6,44
530157,530206,530207,1,49
530157,530206,530207,1,49
530157,530206,530207,1,49
530157,530205,530207,2,48
530157,530205,530208,3,48
530157,530203,530208,5,46
530157,530207,530208,1,50
530157,530207,530208,1,50
530157,530208,530209,1,51
530157,530205,530209,4,48
530157,530208,530210,2,51
530157,530208,530209,1,51
530157,530209,530210,1,52
530157,530207,530210,3,50
530157,530208,530210,2,51
530157,530209,530210,1,52
530157,530210,530211,1,53
530157,530210,530211,1,53
530157,530209,530210,1,52
530157,530210,530211,1,53
530157,530211,530212,1,54
530157,530210,530211,1,53
530157,530211,530212,1,54
530157,530211,530212,1,54
530157,530212,530213,1,55
530157,530206,530213,7,49
530157,530206,530209,3,49
530157,530207,530210,3,50
530157,530213,530214,1,56
530157,530212,530213,1,55
530157,530212,530214,2,55
530157,530208,530214,6,51
530157,530213,530214,1,56
530157,530214,530215,1,57
530157,530213,530215,2,56
530157,530211,530215,4,54
530157,530212,530215,3,55
530157,530214,530215,1,57
530157,530214,530215,1,57
530157,530211,530216,5,54
530157,530215,530216,1,58
530157,530215,530216,1,58
530157,530216,530218,2,59
530157,530216,530218,2,59
530157,530216,530217,1,59
530157,530216,530218,2,59
530157,530217,530219,2,60
530157,530213,530215,2,56
530157,530209,530218,9,52
530157,530217,530218,1,60
530157,530217,530219,2,60
530157,530218,530220,2,61
530157,530218,530220,2,61
530157,530219,530220,1,62
530157,530207,530221,14,50
530157,530214,530222,8,57
530157,530218,530223,5,61
530157,530219,530222,3,62
530157,530215,530223,8,58
530157,530213,530225,12,56
530157,530219,530226,7,62
527032,527048,530246,3198,16
530157,530260,530263,3,103
530280,530280,530281,1,0
530280,530280,530281,1,0
530280,530280,530281,1,0
530280,530280,530281,1,0
530280,530280,530281,1,0
527093,527113,530282,3169,20
530280,530281,530282,1,1
530280,530282,530283,1,2
530280,530281,530283,2,1
530280,530281,530283,2,1
530280,530283,530284,1,3
530280,530283,530284,1,3
530280,530283,530284,1,3
530280,530280,530284,4,0
530280,530280,530284,4,0
530280,530280,530285,5,0
530280,530284,530285,1,4
530280,530284,530285,1,4
530280,530284,530285,1,4
530280,530284,530285,1,4
530280,530284,530285,1,4
530280,530284,530285,1,4
530280,530284,530285,1,4
530280,530280,530285,5,0
530280,530285,530286,1,5
530280,530284,530285,1,4
530280,530285,530286,1,5
530280,530285,530286,1,5
530280,530285,530286,1,5
530280,530285,530286,1,5
530280,530285,530286,1,5
530280,530285,530286,1,5
530280,530285,530286,1,5
530280,530281,530286,5,1
530280,530286,530287,1,6
530280,530286,530287,1,6
530280,530286,530287,1,6
530280,530286,530287,1,6
530280,530286,530287,1,6
530280,530286,530287,1,6
530280,530287,530288,1,7
530280,530287,530288,1,7
530280,530287,530288,1,7
530280,530287,530288,1,7
530280,530287,530288,1,7
530280,530287,530288,1,7
530280,530287,530288,1,7
530280,530285,530289,4,5
530280,530286,530289,3,6
530280,530288,530289,1,8
530280,530288,530289,1,8
530280,530288,530289,1,8
530280,530288,530289,1,8
530280,530288,530289,1,8
530280,530288,530289,1,8
530280,530289,530290,1,9
530280,530289,530290,1,9
530280,530285,530286,1,5
530280,530286,530291,5,6
530280,530280,530290,10,0
530280,530280,530291,11,0
530280,530287,530292,5,7
530280,530290,530293,3,10
530280,530290,530292,2,10
530280,530290,530293,3,10
530280,530286,530292,6,6
530280,530291,530292,1,11
530280,530292,530293,1,12
530280,530293,530294,1,13
530280,530291,530294,3,11
530280,530293,530294,1,13
530280,530293,530295,2,13
530280,530295,530296,1,15
530280,530294,530295,1,14
530280,530293,530296,3,13
530280,530296,530297,1,16
530280,530295,530296,1,15
530280,530291,530297,6,11
530280,530291,530297,6,11
530280,530294,530297,3,14
530280,530296,530297,1,16
530280,530297,530298,1,17
530280,530288,530298,10,8
530280,530297,530298,1,17
530280,530297,530298,1,17
530280,530297,530299,2,17
530280,530294,530299,5,14
530280,530294,530299,5,14
530280,530297,530300,3,17
530280,530296,530300,4,16
530280,530293,530301,8,13
530012,530318,530319,1,306
530012,530318,530319,1,306
530416,530416,530417,1,0
530416,530416,530417,1,0
530416,530416,530417,1,0
530416,530416,530417,1,0
530416,530416,530417,1,0
530416,530416,530418,2,0
530416,530416,530418,2,0
530416,530416,530418,2,0
530416,530416,530418,2,0
530416,530416,530417,1,0
530416,530417,530418,1,1
530416,530417,530418,1,1
530416,530417,530418,1,1
530416,530417,530418,1,1
530416,530416,530419,3,0
530416,530418,530419,1,2
530416,530417,530418,1,1
530416,530418,530419,1,2
530416,530418,530419,1,2
530416,530418,530420,2,2
530416,530418,530420,2,2
530416,530418,530419,1,2
530416,530418,530419,1,2
530416,530419,530420,1,3
530416,530419,530420,1,3
530416,530419,530420,1,3
530416,530419,530420,1,3
530416,530418,530420,2,2
530416,530418,530420,2,2
530416,530419,530421,2,3
530416,530420,530421,1,4
530416,530416,530422,6,0
530416,530416,530422,6,0
530416,530416,530422,6,0
530416,530416,530422,6,0
530416,530420,530421,1,4
530416,530420,530421,1,4
530416,530420,530421,1,4
530416,530420,530422,2,4
530416,530420,530421,1,4
530416,530416,530423,7,0
530416,530416,530423,7,0
530416,530421,530422,1,5
530416,530421,530423,2,5
530416,530421,530424,3,5
530416,530422,530424,2,6
530416,530422,530424,2,6
530416,530422,530423,1,6
530416,530422,530424,2,6
530416,530423,530424,1,7
530416,530422,530423,1,6
530416,530422,530423,1,6
530416,530422,530424,2,6
530416,530423,530425,2,7
530416,530424,530426,2,8
530416,530424,530426,2,8
530416,530424,530425,1,8
530416,530424,530425,1,8
530416,530424,530426,2,8
530416,530424,530425,1,8
530416,530424,530425,1,8
530416,530424,530426,2,8
530416,530420,530424,4,4
530416,530420,530427,7,4
530416,530422,530428,6,6
530416,530426,530428,2,10
530416,530426,530427,1,10
530416,530426,530428,2,10
530416,530426,530428,2,10
530416,530426,530428,2,10
530416,530426,530428,2,10
530416,530426,530428,2,10
530416,530422,530428,6,6
530416,530427,530430,3,11
530416,530424,530430,6,8
530416,530428,530430,2,12
530416,530423,530430,7,7
530416,530428,530430,2,12
530416,530428,530430,2,12
530416,530428,530430,2,12
530416,530428,530430,2,12
530416,530428,530430,2,12
530416,530428,530430,2,12
530416,530421,530430,9,5
530416,530428,530430,2,12
530416,530429,530431,2,13
530416,530428,530432,4,12
530416,530431,530432,1,15
530416,530431,530432,1,15
530416,530431,530432,1,15
530416,530431,530432,1,15
530416,530431,530432,1,15
530416,530431,530432,1,15
530416,530430,530433,3,14
530416,530428,530433,5,12
530416,530433,530434,1,17
530416,530433,530434,1,17
530416,530431,530434,3,15
530416,530431,530433,2,15
530416,530432,530434,2,16
530416,530433,530434,1,17
530416,530433,530434,1,17
530416,530433,530434,1,17
530416,530433,530434,1,17
530416,530433,530435,2,17
530416,530435,530436,1,19
530416,530435,530436,1,19
530416,530430,530436,6,14
530416,530430,530436,6,14
530416,530434,530436,2,18
530416,530433,530435,2,17
530416,530435,530436,1,19
530416,530435,530436,1,19
530416,530435,530436,1,19
530416,530435,530436,1,19
530416,530431,530437,6,15
530416,530434,530437,3,18
530416,530436,530437,1,20
530416,530436,530437,1,20
530416,530424,530437,13,8
530416,530425,530438,13,9
530416,530430,530438,8,14
530416,530436,530438,2,20
530416,530434,530438,4,18
530416,530437,530438,1,21
530416,530437,530438,1,21
530416,530437,530438,1,21
530416,530437,530438,1,21
530416,530435,530438,3,19
530416,530436,530439,3,20
530416,530436,530439,3,20
530416,530436,530439,3,20
530416,530438,530439,1,22
530416,530438,530439,1,22
530416,530439,530440,1,23
530416,530439,530440,1,23
530416,530439,530440,1,23
530416,530439,530440,1,23
530416,530439,530442,3,23
530416,530437,530440,3,21
530416,530439,530442,3,23
530416,530438,530444,6,22
530416,530437,530444,7,21
530416,530438,530445,7,22
530416,530438,530445,7,22
530416,530439,530446,7,23
530416,530438,530446,8,22
530416,530438,530447,9,22
530563,530563,530564,1,0
530563,530563,530564,1,0
530563,530563,530564,1,0
530563,530563,530564,1,0
530563,530563,530564,1,0
530563,530563,530564,1,0
530563,530563,530564,1,0
530563,530563,530564,1,0
530563,530564,530565,1,1
530563,530563,530564,1,0
530563,530564,530565,1,1
530563,530563,530565,2,0
530563,530565,530566,1,2
530563,530565,530567,2,2
530563,530565,530566,1,2
530563,530565,530566,1,2
530563,530566,530567,1,3
530563,530565,530566,1,2
530563,530565,530567,2,2
530563,530566,530568,2,3
530563,530567,530568,1,4
530563,530567,530568,1,4
530563,530567,530568,1,4
530563,530567,530568,1,4
530563,530567,530568,1,4
530563,530563,530568,5,0
530563,530563,530568,5,0
530563,530568,530569,1,5
530563,530568,530569,1,5
530563,530567,530569,2,4
530563,530568,530569,1,5
530563,530568,530570,2,5
530563,530563,530569,6,0
530563,530563,530569,6,0
530563,530568,530570,2,5
530563,530565,530570,5,2
530563,530569,530571,2,6
530563,530569,530571,2,6
530563,530569,530570,1,6
530563,530569,530570,1,6
530563,530569,530571,2,6
530563,530570,530571,1,7
530563,530569,530571,2,6
530563,530565,530571,6,2
530563,530565,530571,6,2
530563,530565,530572,7,2
530563,530570,530571,1,7
530563,530565,530570,5,2
530563,530570,530572,2,7
530563,530570,530572,2,7
530563,530571,530572,1,8
530563,530571,530572,1,8
530563,530572,530573,1,9
530563,530573,530574,1,10
530563,530573,530574,1,10
530563,530572,530574,2,9
530563,530573,530575,2,10
530563,530573,530574,1,10
530563,530570,530575,5,7
530563,530572,530575,3,9
530563,530573,530575,2,10
530563,530574,530575,1,11
530563,530572,530575,3,9
530563,530575,530576,1,12
530563,530575,530576,1,12
530563,530575,530577,2,12
530563,530571,530577,6,8
530563,530571,530577,6,8
530563,530575,530576,1,12
530563,530575,530576,1,12
530563,530575,530577,2,12
530563,530575,530577,2,12
530563,530576,530578,2,13
530563,530571,530577,6,8
530563,530572,530578,6,9
530563,530576,530578,2,13
530563,530577,530578,1,14
530563,530577,530578,1,14
530563,530577,530579,2,14
530563,530572,530579,7,9
530563,530572,530579,7,9
530563,530576,530579,3,13
530563,530577,530579,2,14
530563,530577,530579,2,14
530563,530577,530579,2,14
530563,530577,530579,2,14
530563,530578,530580,2,15
530563,530577,530580,3,14
530563,530578,530580,2,15
530563,530579,530580,1,16
530563,530579,530580,1,16
530563,530579,530581,2,16
530563,530578,530580,2,15
530563,530577,530581,4,14
530563,530579,530581,2,16
530563,530579,530581,2,16
530563,530579,530581,2,16
530563,530582,530583,1,19
530563,530582,530583,1,19
530563,530581,530582,1,18
530563,530581,530582,1,18
530563,530580,530583,3,17
530563,530578,530583,5,15
530563,530580,530583,3,17
530563,530582,530583,1,19
530563,530581,530583,2,18
530563,530582,530584,2,19
530563,530582,530584,2,19
530563,530583,530584,1,20
530563,530583,530584,1,20
530563,530584,530585,1,21
530563,530583,530584,1,20
530563,530583,530584,1,20
530563,530583,530585,2,20
530563,530579,530585,6,16
530563,530580,530586,6,17
530563,530584,530586,2,21
530563,530585,530586,1,22
530563,530585,530586,1,22
530563,530585,530586,1,22
530563,530585,530586,1,22
530563,530585,530587,2,22
530563,530585,530586,1,22
530563,530584,530586,2,21
530563,530580,530587,7,17
530563,530586,530588,2,23
530563,530585,530588,3,22
530563,530587,530588,1,24
530563,530587,530588,1,24
530563,530587,530588,1,24
530563,530587,530589,2,24
530563,530586,530589,3,23
530563,530582,530589,7,19
530563,530587,530589,2,24
530563,530587,530589,2,24
530563,530587,530589,2,24
530563,530587,530590,3,24
530563,530589,530590,1,26
530563,530587,530590,3,24
530563,530579,530591,12,16
530563,530583,530592,9,20
530563,530586,530592,6,23
530563,530589,530592,3,26
530563,530588,530594,6,25
530941,530941,530942,1,0
530941,530941,530942,1,0
530941,530941,530942,1,0
530941,530941,530942,1,0
530941,530941,530942,1,0
530941,530941,530943,2,0
530941,530941,530943,2,0
530941,530941,530942,1,0
530941,530941,530942,1,0
530941,530942,530943,1,1
530941,530942,530943,1,1
530941,530942,530943,1,1
530941,530942,530943,1,1
530941,530941,530943,2,0
530941,530943,530944,1,2
530941,530943,530944,1,2
530941,530943,530944,1,2
530941,530943,530944,1,2
530941,530943,530945,2,2
530941,530943,530945,2,2
530941,530944,530945,1,3
530941,530944,530945,1,3
530941,530944,530945,1,3
530941,530944,530945,1,3
530941,530941,530946,5,0
530941,530943,530945,2,2
530941,530943,530945,2,2
530941,530944,530945,1,3
530941,530945,530946,1,4
530941,530945,530946,1,4
530941,530945,530946,1,4
530941,530945,530946,1,4
530941,530941,530947,6,0
530941,530941,530947,6,0
530941,530941,530947,6,0
530941,530945,530947,2,4
530941,530945,530947,2,4
530941,530946,530947,1,5
530941,530946,530947,1,5
530941,530946,530947,1,5
530941,530946,530947,1,5
530941,530941,530948,7,0
530941,530943,530948,5,2
530941,530947,530948,1,6
530941,530947,530948,1,6
530941,530947,530948,1,6
530941,530947,530948,1,6
530941,530947,530949,2,6
530941,530946,530948,2,5
530941,530946,530948,2,5
530941,530946,530948,2,5
530941,530947,530949,2,6
530941,530948,530949,1,7
530941,530948,530949,1,7
530941,530948,530949,1,7
530941,530947,530949,2,6
530941,530949,530950,1,8
530941,530949,530951,2,8
530941,530949,530951,2,8
530941,530949,530951,2,8
530941,530950,530951,1,9
530941,530950,530951,1,9
530941,530950,530952,2,9
530941,530949,530951,2,8
530941,530949,530951,2,8
530941,530948,530953,5,7
530941,530951,530953,2,10
530941,530951,530953,2,10
530941,530952,530953,1,11
530941,530953,530954,1,12
530941,530947,530954,7,6
530941,530947,530954,7,6
530941,530952,530954,2,11
530941,530952,530954,2,11
530941,530954,530955,1,13
530941,530954,530955,1,13
530941,530949,530955,6,8
530941,530953,530955,2,12
530941,530952,530955,3,11
530941,530954,530955,1,13
530941,530955,530956,1,14
530941,530954,530956,2,13
530941,530954,530955,1,13
530941,530954,530956,2,13
530941,530953,530955,2,12
530941,530953,530956,3,12
530941,530955,530956,1,14
530941,530954,530957,3,13
530941,530956,530957,1,15
530941,530956,530957,1,15
530941,530956,530957,1,15
530941,530957,530958,1,16
530941,530956,530958,2,15
530941,530946,530958,12,5
530941,530948,530958,10,7
530941,530955,530958,3,14
530941,530957,530958,1,16
530941,530958,530959,1,17
530941,530958,530959,1,17
530941,530958,530959,1,17
530941,530956,530959,3,15
530941,530955,530959,4,14
530941,530958,530959,1,17
530941,530959,530960,1,18
530941,530959,530960,1,18
530941,530958,530960,2,17
530941,530958,530960,2,17
530941,530958,530960,2,17
530941,530958,530960,2,17
530941,530959,530960,1,18
530941,530959,530961,2,18
530941,530959,530960,1,18
530941,530960,530961,1,19
530941,530960,530961,1,19
530941,530955,530961,6,14
530941,530956,530961,5,15
530941,530959,530961,2,18
530941,530961,530962,1,20
530941,530961,530962,1,20
530941,530961,530962,1,20
530941,530960,530962,2,19
530941,530961,530962,1,20
530941,530961,530962,1,20
530941,530961,530962,1,20
530941,530962,530963,1,21
530941,530962,530963,1,21
530941,530962,530963,1,21
530941,530961,530963,2,20
530941,530961,530962,1,20
530941,530961,530963,2,20
530941,530961,530963,2,20
530941,530963,530964,1,22
530941,530962,530964,2,21
530941,530959,530963,4,18
530941,530963,530965,2,22
530941,530963,530964,1,22
530941,530963,530965,2,22
530941,530960,530967,7,19
530941,530956,530968,12,15
530941,530960,530970,10,19
531088,531088,531089,1,0
531088,531088,531089,1,0
531088,531088,531089,1,0
531088,531089,531090,1,1
531088,531088,531090,2,0
531088,531088,531090,2,0
531088,531088,531090,2,0
531088,531088,531090,2,0
531088,531088,531090,2,0
531088,531088,531091,3,0
531088,531088,531091,3,0
531088,531090,531091,1,2
531088,531091,531092,1,3
531088,531091,531092,1,3
531088,531091,531092,1,3
531088,531091,531092,1,3
531088,531091,531092,1,3
531088,531091,531092,1,3
531088,531088,531093,5,0
531088,531088,531093,5,0
531088,531092,531093,1,4
531088,531092,531093,1,4
531088,531092,531093,1,4
531088,531093,531094,1,5
531088,531088,531095,7,0
531088,531093,531094,1,5
531088,531093,531094,1,5
531088,531093,531094,1,5
531088,531093,531094,1,5
531088,531093,531095,2,5
531088,531094,531095,1,6
531088,531094,531096,2,6
531088,531094,531096,2,6
531088,531095,531096,1,7
531088,531095,531096,1,7
531088,531095,531096,1,7
531088,531095,531096,1,7
531088,531095,531096,1,7
531088,531095,531096,1,7
531088,531096,531097,1,8
531088,531097,531098,1,9
531088,531096,531098,2,8
531088,531097,531098,1,9
531088,531097,531098,1,9
531088,531097,531098,1,9
531088,531097,531098,1,9
531088,531097,531098,1,9
531088,531096,531098,2,8
531088,531098,531099,1,10
531088,531095,531099,4,7
531088,531098,531099,1,10
531088,531099,531100,1,11
531088,531097,531099,2,9
531088,531098,531099,1,10
531088,531099,531100,1,11
531088,531099,531100,1,11
531088,531094,531100,6,6
531088,531095,531101,6,7
531088,531099,531100,1,11
531088,531099,531100,1,11
531088,531099,531101,2,11
531088,531100,531101,1,12
531088,531100,531102,2,12
531088,531100,531101,1,12
531088,531101,531102,1,13
531088,531101,531102,1,13
531088,531101,531102,1,13
531088,531098,531102,4,10
531088,531101,531102,1,13
531088,531100,531102,2,12
531088,531100,531102,2,12
531088,531101,531102,1,13
531088,531101,531102,1,13
531088,531102,531103,1,14
531088,531102,531103,1,14
531088,531102,531104,2,14
531088,531102,531104,2,14
531088,531103,531104,1,15
531088,531103,531104,1,15
531088,531103,531104,1,15
531088,531103,531104,1,15
531088,531101,531105,4,13
531088,531103,531105,2,15
531088,531103,531104,1,15
531088,531104,531105,1,16
531088,531104,531105,1,16
531088,531100,531105,5,12
531088,531103,531105,2,15
531088,531103,531106,3,15
531088,531105,531106,1,17
531088,531104,531106,2,16
531088,531104,531106,2,16
531088,531105,531106,1,17
531088,531105,531106,1,17
531088,531105,531106,1,17
531088,531105,531106,1,17
531088,531101,531106,5,13
531088,531105,531106,1,17
531088,531106,531107,1,18
531088,531106,531107,1,18
531088,531103,531107,4,15
531088,531106,531108,2,18
531088,531106,531108,2,18
531088,531106,531108,2,18
531088,531106,531108,2,18
531088,531106,531108,2,18
531088,531107,531108,1,19
531088,531107,531108,1,19
531088,531107,531108,1,19
531088,531107,531108,1,19
531088,531107,531108,1,19
531088,531108,531109,1,20
531088,531108,531109,1,20
531088,531108,531109,1,20
531088,531105,531110,5,17
531088,531108,531110,2,20
531088,531108,531109,1,20
531088,531108,531110,2,20
531088,531109,531110,1,21
531088,531109,531110,1,21
531088,531109,531110,1,21
531088,531109,531110,1,21
531088,531108,531111,3,20
531088,531108,531111,3,20
531088,531110,531111,1,22
531088,531109,531111,2,21
531088,531110,531111,1,22
531088,531106,531111,5,18
531088,531107,531112,5,19
531088,531110,531111,1,22
531352,531352,531353,1,0
531352,531352,531353,1,0
531352,531352,531354,2,0
531352,531352,531354,2,0
531352,531353,531354,1,1
531352,531353,531354,1,1
531352,531353,531354,1,1
531352,531352,531354,2,0
531352,531352,531353,1,0
531352,531352,531355,3,0
531352,531352,531355,3,0
531352,531354,531356,2,2
531352,531354,531356,2,2
531352,531355,531356,1,3
531352,531355,531356,1,3
531352,531355,531356,1,3
531352,531352,531356,4,0
531352,531352,531356,4,0
531352,531352,531356,4,0
531352,531355,531356,1,3
531352,531356,531357,1,4
531352,531357,531358,1,5
531352,531357,531358,1,5
531352,531357,531358,1,5
531352,531357,531358,1,5
531352,531356,531358,2,4
531352,531358,531359,1,6
531352,531357,531358,1,5
531352,531357,531359,2,5
531352,531357,531359,2,5
531352,531357,531360,3,5
531352,531359,531360,1,7
531352,531359,531360,1,7
531352,531358,531360,2,6
531352,531359,531360,1,7
531352,531359,531360,1,7
531352,531359,531361,2,7
531352,531360,531361,1,8
531352,531359,531361,2,7
531352,531359,531361,2,7
531352,531361,531362,1,9
531352,531357,531361,4,5
531352,531361,531362,1,9
531352,531359,531362,3,7
531352,531361,531362,1,9
531352,531361,531362,1,9
531352,531362,531363,1,10
531352,531360,531362,2,8
531352,531361,531363,2,9
531352,531361,531363,2,9
531352,531362,531363,1,10
531352,531362,531364,2,10
531352,531362,531364,2,10
531352,531360,531363,3,8
531352,531363,531364,1,11
531352,531363,531364,1,11
531352,531362,531364,2,10
531352,531364,531365,1,12
531352,531363,531364,1,11
531352,531363,531365,2,11
531352,531364,531365,1,12
531352,531364,531365,1,12
531352,531364,531365,1,12
531352,531365,531366,1,13
531352,531363,531365,2,11
531352,531364,531365,1,12
531352,531364,531365,1,12
531352,531365,531366,1,13
531352,531363,531366,3,11
531352,531365,531366,1,13
531352,531366,531367,1,14
531352,531363,531366,3,11
531352,531364,531367,3,12
531352,531366,531368,2,14
531352,531366,531367,1,14
531352,531366,531367,1,14
531352,531364,531367,3,12
531352,531367,531368,1,15
531352,531368,531369,1,16
531352,531366,531368,2,14
531352,531366,531368,2,14
531352,531365,531368,3,13
531352,531365,531369,4,13
531352,531367,531368,1,15
531352,531366,531369,3,14
531352,531367,531369,2,15
531352,531368,531369,1,16
531352,531368,531370,2,16
531352,531369,531370,1,17
531352,531368,531369,1,16
531352,531369,531370,1,17
531352,531369,531371,2,17
531352,531369,531371,2,17
531352,531369,531370,1,17
531352,531370,531371,1,18
531352,531370,531371,1,18
531352,531367,531370,3,15
531352,531370,531372,2,18
531352,531370,531371,1,18
531352,531370,531371,1,18
531352,531371,531372,1,19
531352,531371,531372,1,19
531352,531371,531373,2,19
531352,531368,531372,4,16
531352,531369,531372,3,17
531352,531372,531373,1,20
531352,531372,531373,1,20
531352,531372,531373,1,20
531352,531372,531374,2,20
531352,531371,531373,2,19
531352,531373,531374,1,21
531352,531373,531374,1,21
531352,531371,531374,3,19
531352,531372,531374,2,20
531352,531374,531375,1,22
531352,531374,531375,1,22
531352,531374,531375,1,22
531352,531373,531375,2,21
531352,531374,531375,1,22
531352,531374,531376,2,22
531352,531371,531375,4,19
531352,531369,531375,6,17
531352,531369,531375,6,17
531352,531375,531376,1,23
531352,531375,531376,1,23
531352,531375,531376,1,23
531352,531376,531377,1,24
531352,531374,531377,3,22
531352,531376,531377,1,24
531352,531376,531378,2,24
531352,531373,531378,5,21
531352,531373,531378,5,21
531352,531376,531378,2,24
531352,531376,531378,2,24
531352,531377,531379,2,25
531352,531377,531378,1,25
531352,531377,531379,2,25
531352,531378,531379,1,26
531352,531376,531380,4,24
531352,531376,531380,4,24
531352,531376,531381,5,24
531352,531377,531384,7,25
531474,531474,531475,1,0
531474,531474,531475,1,0
531474,531474,531475,1,0
531474,531474,531475,1,0
531474,531474,531475,1,0
531474,531474,531475,1,0
531474,531474,531475,1,0
531474,531474,531476,2,0
531474,531474,531476,2,0
531474,531476,531477,1,2
531474,531474,531476,2,0
531474,531474,531476,2,0
531474,531476,531478,2,2
531474,531476,531477,1,2
531474,531476,531477,1,2
531474,531477,531478,1,3
531474,531476,531478,2,2
531474,531477,531478,1,3
531474,531476,531478,2,2
531474,531478,531479,1,4
531474,531477,531479,2,3
531474,531474,531479,5,0
531474,531478,531480,2,4
531474,531478,531479,1,4
531474,531478,531479,1,4
531474,531479,531480,1,5
531474,531477,531480,3,3
531474,531479,531480,1,5
531474,531479,531481,2,5
531474,531478,531481,3,4
531474,531480,531481,1,6
531474,531476,531481,5,2
531474,531480,531481,1,6
531474,531480,531482,2,6
531474,531480,531482,2,6
531474,531480,531482,2,6
531474,531477,531482,5,3
531474,531480,531483,3,6
531474,531481,531482,1,7
531474,531474,531483,9,0
531474,531481,531483,2,7
531474,531481,531484,3,7
531474,531482,531484,2,8
531474,531483,531485,2,9
531474,531483,531485,2,9
531474,531483,531485,2,9
531474,531483,531485,2,9
531474,531483,531485,2,9
531474,531484,531486,2,10
531474,531481,531486,5,7
531474,531484,531486,2,10
531474,531483,531487,4,9
531474,531485,531487,2,11
531474,531484,531487,3,10
531474,531486,531488,2,12
531474,531486,531488,2,12
531474,531482,531488,6,8
531474,531486,531488,2,12
531474,531486,531488,2,12
531474,531487,531489,2,13
531474,531487,531489,2,13
531474,531480,531490,10,6
531474,531486,531490,4,12
531474,531487,531490,3,13
531474,531487,531489,2,13
531474,531488,531490,2,14
531474,531484,531490,6,10
531474,531489,531491,2,15
531474,531488,531490,2,14
531474,531489,531491,2,15
531474,531490,531492,2,16
531474,531489,531491,2,15
531474,531489,531491,2,15
531474,531489,531492,3,15
531474,531490,531492,2,16
531474,531490,531492,2,16
531474,531490,531493,3,16
531474,531491,531493,2,17
531474,531492,531493,1,18
531474,531491,531493,2,17
531474,531491,531493,2,17
531474,531490,531494,4,16
531474,531493,531494,1,19
531474,531492,531494,2,18
531474,531492,531495,3,18
531474,531493,531495,2,19
531474,531494,531495,1,20
531474,531494,531495,1,20
531474,531493,531495,2,19
531474,531495,531496,1,21
531474,531494,531496,2,20
531474,531496,531497,1,22
531474,531495,531497,2,21
531474,531492,531497,5,18
531474,531491,531498,7,17
531474,531495,531498,3,21
531474,531496,531498,2,22
531474,531497,531498,1,23
531474,531498,531499,1,24
531474,531497,531499,2,23
531474,531490,531499,9,16
531474,531499,531500,1,25
531474,531494,531500,6,20
531474,531494,531500,6,20
531474,531496,531500,4,22
531474,531498,531500,2,24
531474,531499,531500,1,25
531474,531499,531500,1,25
531474,531499,531500,1,25
531474,531496,531501,5,22
531474,531498,531500,2,24
531474,531499,531501,2,25
531474,531499,531501,2,25
531474,531500,531501,1,26
531474,531501,531502,1,27
531474,531498,531503,5,24
531474,531501,531503,2,27
531474,531501,531503,2,27
531474,531502,531503,1,28
531474,531501,531503,2,27
531474,531501,531503,2,27
531474,531501,531503,2,27
531474,531500,531504,4,26
531474,531500,531504,4,26
531474,531500,531504,4,26
531474,531503,531504,1,29
531474,531504,531505,1,30
531474,531504,531505,1,30
531474,531504,531506,2,30
531474,531504,531506,2,30
531474,531505,531506,1,31
531474,531504,531507,3,30
531474,531500,531507,7,26
531474,531501,531507,6,27
531474,531506,531507,1,32
531474,531504,531507,3,30
531474,531505,531508,3,31
531474,531507,531509,2,33
531474,531506,531508,2,32
531474,531503,531508,5,29
531474,531505,531509,4,31
531474,531505,531509,4,31
531474,531507,531509,2,33
531474,531507,531509,2,33
531474,531508,531510,2,34
531474,531507,531510,3,33
531474,531507,531510,3,33
531474,531508,531511,3,34
531474,531509,531513,4,35
531474,531507,531512,5,33
531619,531619,531621,2,0
531619,531619,531621,2,0
531619,531619,531620,1,0
531619,531619,531621,2,0
531619,531619,531620,1,0
531619,531619,531620,1,0
531619,531619,531622,3,0
531619,531619,531622,3,0
531619,531619,531623,4,0
531619,531621,531623,2,2
531619,531621,531623,2,2
531619,531621,531623,2,2
531619,531621,531623,2,2
531619,531622,531623,1,3
531619,531623,531625,2,4
531619,531623,531624,1,4
531619,531623,531625,2,4
531619,531623,531624,1,4
531619,531623,531625,2,4
531619,531619,531626,7,0
531619,531624,531625,1,5
531619,531625,531627,2,6
531619,531621,531627,6,2
531619,531625,531627,2,6
531619,531625,531627,2,6
531619,531625,531627,2,6
531619,531621,531627,6,2
531619,531622,531627,5,3
531619,531626,531628,2,7
531619,531626,531628,2,7
531619,531627,531629,2,8
531619,531627,531629,2,8
531619,531627,531628,1,8
531619,531627,531629,2,8
531619,531627,531629,2,8
531619,531628,531630,2,9
531619,531619,531629,10,0
531619,531629,531631,2,10
531619,531629,531631,2,10
531619,531629,531631,2,10
531619,531629,531631,2,10
531619,531627,531631,4,8
531619,531628,531631,3,9
531619,531626,531631,5,7
531619,531630,531632,2,11
531619,531629,531632,3,10
531619,531631,531633,2,12
531619,531631,531633,2,12
531619,531632,531633,1,13
531619,531632,531633,1,13
531619,531632,531634,2,13
531619,531631,531634,3,12
531619,531631,531634,3,12
531619,531630,531635,5,11
531619,531633,531635,2,14
531619,531634,531635,1,15
531619,531635,531636,1,16
531619,531635,531636,1,16
531619,531635,531637,2,16
531619,531636,531637,1,17
531619,531637,531638,1,18
531619,531635,531637,2,16
531619,531632,531638,6,13
531619,531637,531638,1,18
531619,531637,531638,1,18
531619,531633,531638,5,14
531619,531634,531638,4,15
531619,531638,531639,1,19
531619,531634,531639,5,15
531619,531638,531639,1,19
531619,531638,531640,2,19
531619,531627,531640,13,8
531619,531639,531640,1,20
531619,531639,531640,1,20
531619,531634,531641,7,15
531619,531640,531641,1,21
531619,531640,531641,1,21
531619,531640,531642,2,21
531619,531641,531642,1,22
531619,531641,531643,2,22
531619,531639,531642,3,20
531619,531639,531642,3,20
531619,531640,531643,3,21
531619,531642,531643,1,23
531619,531638,531643,5,19
531619,531642,531643,1,23
531619,531642,531644,2,23
531619,531643,531644,1,24
531619,531643,531644,1,24
531619,531643,531644,1,24
531619,531643,531644,1,24
531619,531643,531645,2,24
531619,531644,531645,1,25
531619,531645,531646,1,26
531619,531640,531646,6,21
531619,531645,531647,2,26
531619,531645,531646,1,26
531619,531646,531647,1,27
531619,531645,531647,2,26
531619,531643,531648,5,24
531619,531647,531648,1,28
531619,531644,531648,4,25
531619,531647,531648,1,28
531619,531647,531648,1,28
531619,531648,531649,1,29
531619,531648,531649,1,29
531619,531649,531650,1,30
531619,531648,531650,2,29
531619,531649,531650,1,30
531619,531650,531651,1,31
531619,531645,531652,7,26
531619,531645,531652,7,26
531619,531650,531651,1,31
531619,531651,531652,1,32
531619,531651,531652,1,32
531619,531651,531652,1,32
531619,531651,531653,2,32
531619,531649,531653,4,30
531619,531649,531654,5,30
531619,531652,531653,1,33
531619,531654,531655,1,35
531619,531653,531655,2,34
531619,531642,531654,12,23
531619,531653,531654,1,34
531619,531653,531654,1,34
531619,531654,531655,1,35
531619,531654,531655,1,35
531619,531654,531655,1,35
531619,531652,531655,3,33
531619,531652,531656,4,33
531619,531652,531655,3,33
531619,531655,531656,1,36
531619,531655,531656,1,36
531619,531655,531657,2,36
531619,531655,531657,2,36
531619,531657,531658,1,38
531619,531656,531657,1,37
531619,531656,531658,2,37
531619,531657,531658,1,38
531619,531657,531659,2,38
531619,531657,531659,2,38
531619,531656,531659,3,37
531619,531655,531660,5,36
531619,531656,531661,5,37
531619,531656,531661,5,37
526794,526809,531661,4852,15
531619,531656,531661,5,37
528477,528512,531726,3214,35
531752,531753,531754,1,1
531752,531752,531754,2,0
531752,531752,531754,2,0
531752,531752,531754,2,0
531752,531752,531753,1,0
531752,531752,531754,2,0
531752,531752,531754,2,0
531752,531752,531756,4,0
531752,531752,531756,4,0
531752,531752,531756,4,0
531752,531754,531756,2,2
531752,531755,531757,2,3
531752,531755,531757,2,3
531752,531752,531757,5,0
531752,531754,531757,3,2
531752,531754,531757,3,2
531752,531754,531758,4,2
531752,531756,531758,2,4
531752,531756,531758,2,4
531752,531756,531758,2,4
531752,531757,531759,2,5
531752,531752,531759,7,0
531752,531754,531759,5,2
531752,531757,531759,2,5
531752,531756,531759,3,4
531752,531758,531759,1,6
531752,531759,531761,2,7
531752,531758,531761,3,6
531752,531759,531761,2,7
531752,531760,531761,1,8
531752,531757,531759,2,5
531752,531759,531761,2,7
531752,531759,531762,3,7
531752,531762,531763,1,10
531752,531758,531763,5,6
531752,531762,531764,2,10
531752,531762,531764,2,10
531752,531757,531764,7,5
531752,531759,531764,5,7
531752,531763,531765,2,11
531752,531761,531765,4,9
531752,531760,531766,6,8
531752,531762,531766,4,10
531752,531764,531766,2,12
531752,531765,531766,1,13
531752,531759,531766,7,7
531752,531764,531766,2,12
531752,531764,531766,2,12
531752,531766,531767,1,14
531752,531762,531767,5,10
531752,531766,531768,2,14
531752,531766,531767,1,14
531752,531767,531768,1,15
531752,531766,531769,3,14
531752,531764,531769,5,12
531752,531768,531769,1,16
531752,531767,531769,2,15
531752,531768,531770,2,16
531752,531767,531771,4,15
531752,531765,531770,5,13
531752,531769,531770,1,17
531752,531769,531771,2,17
531752,531767,531771,4,15
531752,531766,531771,5,14
531752,531768,531771,3,16
531752,531768,531771,3,16
531752,531770,531771,1,18
531752,531769,531772,3,17
531752,531771,531773,2,19
531752,531771,531773,2,19
531752,531772,531774,2,20
531752,531771,531775,4,19
531752,531771,531775,4,19
531752,531771,531772,1,19
531752,531773,531775,2,21
531752,531772,531776,4,20
531752,531771,531773,2,19
531752,531772,531775,3,20
531752,531772,531775,3,20
531752,531774,531776,2,22
531752,531774,531776,2,22
531752,531775,531777,2,23
531752,531775,531777,2,23
531752,531774,531777,3,22
531752,531776,531778,2,24
531752,531776,531778,2,24
531752,531776,531778,2,24
531752,531776,531778,2,24
531752,531777,531779,2,25
531752,531778,531780,2,26
531752,531772,531776,4,20
531752,531776,531778,2,24
531752,531778,531780,2,26
531752,531779,531781,2,27
531752,531776,531781,5,24
531752,531777,531780,3,25
531752,531780,531782,2,28
531752,531781,531783,2,29
531752,531780,531782,2,28
531752,531781,531783,2,29
528468,528488,531782,3294,20
531752,531780,531783,3,28
531752,531781,531784,3,29
531752,531782,531783,1,30
531752,531783,531785,2,31
531752,531780,531785,5,28
531752,531783,531785,2,31
531752,531778,531784,6,26
531752,531778,531784,6,26
531752,531779,531785,6,27
531752,531783,531784,1,31
531752,531784,531785,1,32
531752,531783,531785,2,31
531752,531776,531786,10,24
531752,531780,531785,5,28
531752,531785,531787,2,33
531752,531785,531787,2,33
531752,531784,531787,3,32
531752,531785,531787,2,33
531752,531785,531787,2,33
531752,531786,531788,2,34
531752,531784,531788,4,32
531752,531785,531787,2,33
531752,531785,531788,3,33
531752,531785,531789,4,33
531752,531787,531788,1,35
531752,531785,531789,4,33
531752,531787,531789,2,35
531752,531787,531789,2,35
531752,531787,531789,2,35
531752,531788,531790,2,36
531752,531788,531790,2,36
531752,531789,531791,2,37
531752,531788,531791,3,36
531752,531786,531788,2,34
531752,531789,531791,2,37
531752,531788,531792,4,36
531752,531786,531792,6,34
531752,531790,531792,2,38
531752,531791,531793,2,39
531752,531789,531793,4,37
531752,531792,531793,1,40
531752,531791,531793,2,39
531752,531790,531794,4,38
531752,531790,531794,4,38
531752,531793,531794,1,41
531752,531791,531794,3,39
531752,531793,531794,1,41
531752,531789,531795,6,37
531752,531794,531795,1,42
531752,531793,531795,2,41
531752,531794,531795,1,42
531752,531794,531796,2,42
531752,531794,531796,2,42
531752,531794,531796,2,42
531752,531795,531796,1,43
531752,531792,531796,4,40
531752,531794,531796,2,42
531752,531796,531797,1,44
531752,531787,531796,9,35
531752,531797,531798,1,45
531752,531795,531797,2,43
531752,531796,531798,2,44
531752,531797,531798,1,45
531752,531791,531798,7,39
531752,531792,531798,6,40
531752,531796,531799,3,44
531752,531796,531799,3,44
531752,531795,531799,4,43
531752,531798,531799,1,46
531752,531798,531800,2,46
531752,531795,531800,5,43
531752,531798,531799,1,46
531752,531797,531800,3,45
531752,531797,531800,3,45
531752,531798,531800,2,46
531752,531800,531801,1,48
531752,531800,531802,2,48
531752,531798,531799,1,46
531752,531799,531802,3,47
531752,531799,531802,3,47
531752,531800,531802,2,48
531752,531800,531802,2,48
531752,531801,531803,2,49
531752,531801,531803,2,49
531752,531800,531803,3,48
531752,531801,531804,3,49
531752,531802,531803,1,50
531752,531803,531804,1,51
531752,531802,531804,2,50
531752,531802,531804,2,50
531752,531799,531803,4,47
531752,531803,531805,2,51
531752,531803,531805,2,51
531752,531803,531805,2,51
531752,531804,531805,1,52
531752,531803,531806,3,51
531752,531805,531806,1,53
531752,531804,531806,2,52
531752,531805,531807,2,53
531752,531806,531807,1,54
531752,531804,531807,3,52
531752,531806,531808,2,54
531752,531805,531807,2,53
531752,531806,531808,2,54
531752,531807,531808,1,55
531752,531806,531808,2,54
531752,531806,531808,2,54
531752,531802,531805,3,50
531752,531807,531809,2,55
531752,531808,531810,2,56
531752,531808,531809,1,56
531752,531808,531810,2,56
531752,531809,531810,1,57
531752,531808,531811,3,56
531752,531808,531810,2,56
531752,531810,531811,1,58
531752,531808,531812,4,56
531752,531809,531811,2,57
531752,531811,531812,1,59
531752,531809,531812,3,57
531752,531810,531813,3,58
531752,531811,531813,2,59
531752,531805,531813,8,53
531752,531810,531812,2,58
531752,531810,531813,3,58
531752,531812,531813,1,60
531752,531811,531813,2,59
531752,531813,531814,1,61
531752,531813,531815,2,61
531752,531812,531815,3,60
531752,531813,531815,2,61
531752,531813,531815,2,61
531752,531814,531815,1,62
531752,531812,531815,3,60
531752,531813,531816,3,61
531752,531799,531813,14,47
531752,531809,531813,4,57
531752,531815,531816,1,63
531752,531814,531817,3,62
531752,531814,531817,3,62
531752,531815,531818,3,63
531752,531816,531817,1,64
531752,531815,531818,3,63
531752,531815,531818,3,63
531752,531817,531818,1,65
531752,531816,531818,2,64
531752,531817,531819,2,65
531752,531816,531819,3,64
531752,531818,531820,2,66
531752,531818,531819,1,66
531752,531816,531820,4,64
531752,531818,531820,2,66
531752,531819,531820,1,67
531752,531818,531821,3,66
531752,531819,531821,2,67
531752,531813,531818,5,61
531752,531818,531820,2,66
531752,531820,531821,1,68
531752,531819,531821,2,67
531752,531820,531822,2,68
531752,531821,531822,1,69
531752,531819,531823,4,67
531752,531820,531823,3,68
531752,531823,531824,1,71
531752,531822,531823,1,70
531752,531821,531823,2,69
531752,531822,531824,2,70
531752,531821,531823,2,69
531752,531817,531821,4,65
531752,531817,531823,6,65
531752,531820,531823,3,68
531752,531821,531824,3,69
531752,531822,531825,3,70
531752,531821,531825,4,69
531752,531824,531825,1,72
531752,531824,531825,1,72
531752,531824,531825,1,72
531752,531824,531826,2,72
531752,531823,531826,3,71
531752,531824,531827,3,72
531752,531824,531826,2,72
531752,531824,531826,2,72
531752,531824,531827,3,72
531752,531824,531827,3,72
531752,531826,531827,1,74
531752,531826,531828,2,74
531752,531826,531828,2,74
531752,531825,531828,3,73
531752,531824,531827,3,72
531752,531828,531829,1,76
531752,531827,531829,2,75
531752,531827,531829,2,75
531752,531827,531830,3,75
531752,531826,531830,4,74
531752,531827,531830,3,75
531752,531827,531830,3,75
531752,531825,531831,6,73
531752,531828,531830,2,76
531752,531826,531832,6,74
528770,528791,531974,3183,21
532010,532010,532011,1,0
532010,532010,532011,1,0
532010,532010,532011,1,0
532010,532010,532012,2,0
532010,532012,532013,1,2
532010,532010,532012,2,0
532010,532010,532012,2,0
532010,532010,532012,2,0
532010,532010,532012,2,0
532010,532010,532012,2,0
532010,532012,532013,1,2
532010,532012,532013,1,2
532010,532013,532014,1,3
532010,532010,532011,1,0
532010,532010,532014,4,0
532010,532013,532015,2,3
532010,532013,532014,1,3
532010,532013,532014,1,3
532010,532013,532014,1,3
532010,532013,532014,1,3
532010,532013,532015,2,3
532010,532014,532015,1,4
532010,532013,532015,2,3
532010,532013,532016,3,3
532010,532015,532016,1,5
532010,532014,532016,2,4
532010,532015,532016,1,5
532010,532010,532014,4,0
532010,532014,532016,2,4
532010,532015,532017,2,5
532010,532015,532017,2,5
532010,532016,532017,1,6
532010,532017,532018,1,7
532010,532015,532017,2,5
532010,532017,532018,1,7
532010,532016,532019,3,6
532010,532016,532019,3,6
532010,532016,532018,2,6
532010,532018,532019,1,8
532010,532018,532019,1,8
532010,532017,532019,2,7
532010,532018,532020,2,8
532010,532018,532021,3,8
532010,532019,532020,1,9
532010,532018,532020,2,8
532010,532019,532021,2,9
532010,532014,532018,4,4
532010,532020,532021,1,10
532010,532020,532021,1,10
532010,532019,532022,3,9
532010,532020,532022,2,10
532010,532019,532022,3,9
532010,532017,532022,5,7
532010,532021,532023,2,11
532010,532021,532022,1,11
532010,532022,532023,1,12
532010,532020,532022,2,10
532010,532017,532023,6,7
532010,532021,532023,2,11
532010,532022,532023,1,12
532010,532021,532023,2,11
532010,532023,532024,1,13
532010,532021,532024,3,11
532010,532022,532025,3,12
532010,532022,532025,3,12
532010,532023,532024,1,13
532010,532022,532025,3,12
532010,532023,532025,2,13
532010,532023,532025,2,13
532010,532024,532025,1,14
532010,532024,532026,2,14
532010,532025,532026,1,15
532010,532022,532024,2,12
532010,532025,532026,1,15
532010,532023,532028,5,13
532010,532025,532028,3,15
532010,532025,532028,3,15
532010,532025,532028,3,15
532010,532026,532028,2,16
532010,532025,532028,3,15
532010,532026,532028,2,16
532010,532023,532028,5,13
532010,532027,532029,2,17
532010,532025,532029,4,15
532010,532026,532028,2,16
532010,532027,532029,2,17
532010,532027,532029,2,17
532010,532028,532030,2,18
532010,532028,532030,2,18
532010,532028,532031,3,18
532010,532028,532031,3,18
532010,532028,532030,2,18
532010,532029,532031,2,19
532010,532028,532030,2,18
532010,532030,532031,1,20
532010,532029,532032,3,19
532010,532030,532031,1,20
532010,532029,532032,3,19
532010,532029,532032,3,19
532010,532029,532032,3,19
532010,532031,532033,2,21
532010,532031,532032,1,21
532010,532031,532033,2,21
532010,532032,532033,1,22
532010,532030,532034,4,20
532010,532031,532034,3,21
532010,532031,532034,3,21
532010,532032,532034,2,22
532010,532033,532034,1,23
532010,532032,532034,2,22
532010,532030,532035,5,20
532010,532033,532035,2,23
532010,532032,532035,3,22
532010,532033,532035,2,23
532010,532034,532035,1,24
532010,532034,532036,2,24
532010,532034,532035,1,24
532010,532034,532036,2,24
532010,532033,532036,3,23
532010,532034,532037,3,24
532010,532034,532037,3,24
532010,532036,532037,1,26
532010,532034,532036,2,24
532010,532032,532036,4,22
532010,532036,532038,2,26
532010,532036,532038,2,26
532010,532035,532038,3,25
532010,532036,532038,2,26
532010,532036,532038,2,26
532010,532037,532039,2,27
532010,532038,532040,2,28
532010,532035,532040,5,25
532010,532039,532040,1,29
532010,532039,532040,1,29
532010,532036,532040,4,26
532010,532038,532040,2,28
532010,532038,532040,2,28
532010,532038,532041,3,28
532010,532038,532041,3,28
532010,532039,532041,2,29
532010,532040,532042,2,30
532010,532039,532042,3,29
532010,532041,532042,1,31
532010,532040,532043,3,30
532010,532039,532042,3,29
532010,532041,532045,4,31
532158,532158,532159,1,0
532158,532158,532159,1,0
532158,532158,532160,2,0
532158,532159,532160,1,1
532158,532158,532159,1,0
532158,532158,532160,2,0
532158,532158,532160,2,0
532158,532158,532160,2,0
532158,532158,532159,1,0
532158,532158,532159,1,0
532158,532159,532160,1,1
532158,532160,532161,1,2
532158,532158,532160,2,0
528650,528675,532161,3486,25
532158,532160,532161,1,2
532158,532161,532162,1,3
532158,532160,532161,1,2
532158,532160,532162,2,2
532158,532161,532162,1,3
532158,532160,532162,2,2
532158,532160,532162,2,2
532158,532160,532162,2,2
532158,532162,532163,1,4
532158,532162,532163,1,4
532158,532162,532163,1,4
532158,532163,532164,1,5
532158,532161,532164,3,3
532158,532162,532163,1,4
532158,532162,532164,2,4
532158,532163,532164,1,5
532158,532162,532164,2,4
532158,532162,532163,1,4
532158,532162,532164,2,4
532158,532158,532162,4,0
532158,532160,532163,3,2
532158,532164,532165,1,6
532158,532164,532165,1,6
532158,532165,532166,1,7
532158,532165,532166,1,7
532158,532164,532166,2,6
532158,532164,532166,2,6
532158,532164,532166,2,6
532158,532166,532167,1,8
532158,532164,532167,3,6
532158,532164,532166,2,6
532158,532164,532167,3,6
532158,532166,532167,1,8
532158,532164,532167,3,6
532158,532158,532165,7,0
532158,532164,532166,2,6
532158,532167,532168,1,9
532158,532166,532168,2,8
532158,532167,532169,2,9
532158,532168,532169,1,10
532158,532167,532168,1,9
532158,532167,532169,2,9
532158,532166,532168,2,8
532158,532167,532169,2,9
532158,532164,532169,5,6
532158,532168,532169,1,10
532158,532168,532169,1,10
532158,532169,532170,1,11
532158,532169,532170,1,11
532158,532169,532170,1,11
532158,532167,532169,2,9
532158,532167,532170,3,9
532158,532170,532171,1,12
532158,532170,532171,1,12
532158,532169,532171,2,11
532158,532168,532171,3,10
532158,532169,532171,2,11
532158,532169,532171,2,11
532158,532171,532172,1,13
532158,532169,532171,2,11
532158,532171,532172,1,13
532158,532170,532172,2,12
532158,532170,532172,2,12
532158,532170,532172,2,12
532158,532172,532173,1,14
532158,532172,532173,1,14
532158,532172,532173,1,14
532158,532172,532173,1,14
532158,532172,532173,1,14
532158,532170,532173,3,12
532158,532170,532173,3,12
532158,532173,532174,1,15
532158,532173,532174,1,15
532158,532172,532174,2,14
532158,532171,532174,3,13
532158,532172,532174,2,14
532158,532172,532174,2,14
532158,532170,532174,4,12
532158,532174,532175,1,16
532158,532172,532174,2,14
532158,532174,532175,1,16
532158,532174,532175,1,16
532158,532174,532175,1,16
532158,532174,532175,1,16
532158,532174,532175,1,16
532158,532175,532176,1,17
532158,532175,532176,1,17
532158,532174,532176,2,16
532158,532174,532177,3,16
532158,532174,532176,2,16
532158,532176,532177,1,18
532158,532175,532177,2,17
532158,532176,532177,1,18
532158,532174,532177,3,16
532158,532175,532177,2,17
532158,532176,532177,1,18
532158,532177,532178,1,19
532158,532177,532178,1,19
532158,532176,532177,1,18
532158,532175,532179,4,17
532158,532176,532179,3,18
532158,532177,532178,1,19
532158,532177,532178,1,19
532158,532178,532179,1,20
532158,532177,532179,2,19
532158,532178,532179,1,20
532158,532177,532179,2,19
532158,532178,532179,1,20
532158,532178,532180,2,20
532158,532179,532180,1,21
532158,532179,532180,1,21
532158,532178,532180,2,20
532158,532178,532180,2,20
532158,532179,532180,1,21
532158,532180,532181,1,22
532158,532179,532181,2,21
532158,532180,532181,1,22
532158,532180,532181,1,22
532158,532179,532181,2,21
532158,532180,532182,2,22
532158,532181,532182,1,23
532158,532176,532179,3,18
532158,532179,532181,2,21
532158,532179,532180,1,21
532158,532180,532182,2,22
532158,532181,532182,1,23
532158,532181,532183,2,23
532280,532280,532281,1,0
532280,532280,532281,1,0
532280,532280,532281,1,0
532280,532280,532282,2,0
532280,532281,532282,1,1
532280,532280,532282,2,0
532280,532281,532282,1,1
532280,532281,532282,1,1
532280,532280,532281,1,0
532280,532282,532283,1,2
532280,532282,532283,1,2
532280,532280,532283,3,0
532280,532280,532282,2,0
532280,532282,532283,1,2
532280,532280,532283,3,0
532280,532280,532282,2,0
532280,532280,532281,1,0
532280,532280,532284,4,0
532280,532280,532284,4,0
532280,532282,532284,2,2
532280,532283,532284,1,3
532280,532283,532284,1,3
532280,532282,532283,1,2
532280,532283,532284,1,3
532280,532282,532284,2,2
532280,532284,532285,1,4
532280,532284,532285,1,4
532280,532283,532285,2,3
532280,532284,532285,1,4
532280,532283,532285,2,3
532280,532283,532285,2,3
532280,532284,532285,1,4
532280,532284,532285,1,4
532280,532285,532286,1,5
532280,532285,532286,1,5
532280,532283,532286,3,3
532280,532284,532286,2,4
532280,532285,532286,1,5
532280,532284,532286,2,4
532280,532286,532287,1,6
532280,532286,532287,1,6
532280,532286,532287,1,6
532280,532285,532287,2,5
532280,532285,532287,2,5
532280,532284,532287,3,4
532280,532284,532288,4,4
532280,532286,532288,2,6
532280,532287,532288,1,7
532280,532287,532288,1,7
532280,532287,532288,1,7
532280,532286,532288,2,6
532280,532286,532288,2,6
532280,532285,532288,3,5
532280,532286,532288,2,6
532280,532288,532289,1,8
532280,532288,532289,1,8
532280,532288,532289,1,8
532280,532288,532289,1,8
532280,532288,532290,2,8
532280,532289,532290,1,9
532280,532289,532290,1,9
532280,532289,532290,1,9
532280,532289,532290,1,9
532280,532289,532290,1,9
532280,532286,532289,3,6
532280,532288,532290,2,8
532280,532290,532291,1,10
532280,532290,532291,1,10
532280,532290,532291,1,10
532280,532288,532292,4,8
532280,532290,532292,2,10
532280,532291,532292,1,11
532280,532291,532293,2,11
532280,532291,532292,1,11
532280,532291,532292,1,11
532280,532292,532293,1,12
532280,532291,532293,2,11
532280,532292,532293,1,12
532280,532292,532293,1,12
532280,532292,532294,2,12
532280,532293,532294,1,13
532280,532293,532295,2,13
532280,532293,532294,1,13
532280,532291,532292,1,11
532280,532291,532294,3,11
532280,532294,532295,1,14
532280,532294,532295,1,14
532280,532294,532296,2,14
532280,532292,532296,4,12
532280,532294,532296,2,14
532280,532295,532296,1,15
532280,532295,532296,1,15
532280,532295,532297,2,15
532280,532295,532297,2,15
532280,532295,532297,2,15
532280,532296,532297,1,16
532280,532296,532297,1,16
532280,532296,532298,2,16
532280,532297,532299,2,17
532280,532297,532299,2,17
532280,532297,532298,1,17
532280,532297,532298,1,17
532280,532298,532299,1,18
532280,532298,532300,2,18
532280,532297,532298,1,17
532280,532298,532300,2,18
532280,532299,532300,1,19
532280,532299,532301,2,19
532280,532299,532300,1,19
532280,532299,532300,1,19
532280,532301,532302,1,21
532280,532300,532302,2,20
532280,532300,532301,1,20
532280,532298,532301,3,18
532280,532298,532301,3,18
532280,532300,532301,1,20
532280,532300,532302,2,20
532280,532301,532302,1,21
532303,532303,532304,1,0
532303,532303,532304,1,0
532303,532303,532304,1,0
532303,532303,532305,2,0
532303,532304,532305,1,1
532303,532303,532305,2,0
532303,532303,532305,2,0
532303,532304,532305,1,1
532303,532304,532305,1,1
532303,532305,532306,1,2
532303,532303,532306,3,0
532303,532303,532306,3,0
532303,532303,532305,2,0
532303,532303,532305,2,0
532303,532303,532305,2,0
532303,532305,532306,1,2
532303,532306,532307,1,3
532303,532305,532306,1,2
532303,532303,532306,3,0
532303,532305,532307,2,2
532303,532306,532307,1,3
532303,532305,532307,2,2
532303,532306,532308,2,3
532303,532307,532308,1,4
532303,532305,532309,4,2
532303,532306,532308,2,3
532303,532307,532308,1,4
532303,532306,532308,2,3
532303,532306,532308,2,3
532303,532307,532308,1,4
532303,532307,532310,3,4
532303,532308,532310,2,5
532303,532309,532311,2,6
532303,532309,532310,1,6
532303,532307,532311,4,4
532303,532308,532311,3,5
532303,532309,532311,2,6
532303,532309,532311,2,6
532303,532309,532312,3,6
532303,532309,532312,3,6
532303,532306,532312,6,3
532303,532309,532312,3,6
532303,532311,532313,2,8
532303,532311,532313,2,8
532303,532310,532312,2,7
532303,532311,532313,2,8
532303,532311,532314,3,8
532303,532311,532314,3,8
532303,532311,532314,3,8
532303,532311,532314,3,8
532303,532313,532315,2,10
532303,532313,532315,2,10
532303,532312,532315,3,9
532303,532312,532315,3,9
532303,532314,532315,1,11
532303,532313,532316,3,10
532303,532314,532317,3,11
532303,532315,532317,2,12
532303,532315,532317,2,12
532303,532314,532317,3,11
532303,532315,532317,2,12
532303,532316,532317,1,13
532303,532315,532317,2,12
532303,532315,532317,2,12
532303,532312,532318,6,9
532303,532317,532319,2,14
532303,532317,532319,2,14
532303,532318,532319,1,15
532303,532317,532319,2,14
532303,532317,532320,3,14
532303,532315,532320,5,12
532303,532313,532318,5,10
532303,532318,532320,2,15
532303,532319,532321,2,16
532303,532319,532321,2,16
532303,532320,532321,1,17
532303,532317,532321,4,14
532303,532317,532321,4,14
532303,532318,532321,3,15
532303,532319,532322,3,16
532303,532320,532322,2,17
532303,532320,532323,3,17
532303,532321,532323,2,18
532303,532321,532323,2,18
532303,532322,532323,1,19
532303,532321,532323,2,18
532303,532321,532324,3,18
532303,532322,532324,2,19
532303,532322,532324,2,19
532303,532323,532325,2,20
532303,532323,532325,2,20
532303,532324,532325,1,21
532303,532323,532326,3,20
532303,532323,532326,3,20
532303,532322,532326,4,19
532303,532324,532327,3,21
532303,532325,532327,2,22
532303,532326,532327,1,23
532303,532326,532327,1,23
532303,532325,532328,3,22
532303,532328,532329,1,25
532303,532325,532327,2,22
532303,532325,532328,3,22
532303,532326,532328,2,23
532303,532326,532328,2,23
532303,532328,532329,1,25
532303,532328,532329,1,25
532303,532329,532330,1,26
532303,532327,532329,2,24
532303,532330,532331,1,27
532303,532327,532330,3,24
532303,532329,532331,2,26
532303,532328,532330,2,25
532303,532330,532331,1,27
532303,532330,532331,1,27
532303,532329,532332,3,26
532303,532329,532332,3,26
532303,532331,532332,1,28
532303,532329,532332,3,26
532303,532331,532333,2,28
532303,532330,532333,3,27
532303,532332,532333,1,29
532303,532332,532333,1,29
532303,532331,532334,3,28
532303,532333,532334,1,30
532303,532331,532335,4,28
532303,532332,532335,3,29
532303,532332,532335,3,29
532303,532334,532335,1,31
532303,532334,532335,1,31
532303,532333,532336,3,30
532303,532333,532335,2,30
532303,532335,532336,1,32
532303,532333,532336,3,30
532303,532334,532337,3,31
532303,532336,532337,1,33
532303,532336,532337,1,33
532303,532335,532338,3,32
532303,532335,532338,3,32
532303,532337,532338,1,34
532303,532335,532339,4,32
532303,532336,532339,3,33
532303,532338,532339,1,35
532303,532338,532340,2,35
532303,532336,532340,4,33
532303,532337,532340,3,34
532303,532337,532341,4,34
532303,532338,532341,3,35
532303,532320,532323,3,17
532303,532381,532384,3,78
532450,532450,532451,1,0
532450,532450,532451,1,0
532450,532450,532451,1,0
532450,532451,532452,1,1
532450,532451,532452,1,1
532450,532450,532452,2,0
532450,532450,532452,2,0
532450,532450,532452,2,0
532450,532450,532452,2,0
532450,532452,532453,1,2
532450,532452,532453,1,2
532450,532452,532453,1,2
532450,532450,532453,3,0
532450,532450,532453,3,0
532450,532453,532454,1,3
532450,532453,532454,1,3
532450,532452,532454,2,2
532450,532452,532453,1,2
532450,532452,532454,2,2
532450,532450,532455,5,0
532450,532454,532455,1,4
532450,532454,532455,1,4
532450,532453,532454,1,3
532450,532454,532456,2,4
532450,532455,532456,1,5
532450,532455,532456,1,5
532450,532454,532456,2,4
532450,532454,532456,2,4
532450,532454,532456,2,4
532450,532454,532457,3,4
532450,532455,532456,1,5
532450,532456,532457,1,6
532450,532456,532457,1,6
532450,532454,532458,4,4
532450,532456,532457,1,6
532450,532457,532458,1,7
532450,532457,532458,1,7
532450,532456,532458,2,6
532450,532456,532458,2,6
532450,532456,532458,2,6
532450,532456,532458,2,6
532450,532457,532460,3,7
532450,532458,532460,2,8
532450,532458,532460,2,8
532450,532457,532458,1,7
532450,532458,532460,2,8
532450,532458,532459,1,8
532450,532459,532461,2,9
532450,532459,532461,2,9
532450,532459,532461,2,9
532450,532459,532461,2,9
532450,532460,532461,1,10
532450,532461,532463,2,11
532450,532460,532463,3,10
532450,532461,532463,2,11
532450,532463,532464,1,13
532450,532462,532463,1,12
532450,532461,532464,3,11
532450,532462,532463,1,12
532450,532464,532465,1,14
532450,532462,532464,2,12
532450,532462,532464,2,12
532450,532461,532465,4,11
532450,532463,532465,2,13
532450,532463,532465,2,13
532450,532463,532465,2,13
532450,532465,532466,1,15
532450,532464,532465,1,14
532450,532464,532465,1,14
532450,532466,532467,1,16
532450,532465,532467,2,15
532450,532465,532467,2,15
532450,532467,532468,1,17
532450,532465,532467,2,15
532450,532466,532468,2,16
532450,532466,532468,2,16
532450,532465,532468,3,15
532450,532464,532466,2,14
532450,532465,532467,2,15
532450,532465,532468,3,15
532450,532468,532469,1,18
532450,532468,532469,1,18
532450,532469,532470,1,19
532450,532467,532469,2,17
532450,532468,532469,1,18
532450,532468,532470,2,18
532450,532468,532470,2,18
532450,532469,532470,1,19
532450,532470,532471,1,20
532450,532471,532472,1,21
532450,532470,532472,2,20
532450,532471,532472,1,21
532450,532470,532472,2,20
532450,532472,532473,1,22
532450,532470,532472,2,20
532450,532470,532472,2,20
532450,532473,532474,1,23
532450,532469,532471,2,19
532450,532469,532472,3,19
532450,532471,532472,1,21
532450,532473,532474,1,23
532450,532472,532474,2,22
532450,532469,532474,5,19
532450,532473,532475,2,23
532450,532473,532475,2,23
532450,532474,532475,1,24
532450,532474,532475,1,24
532450,532474,532475,1,24
532450,532473,532475,2,23
532450,532474,532476,2,24
532450,532475,532476,1,25
532450,532474,532477,3,24
532450,532476,532477,1,26
532450,532475,532477,2,25
532450,532476,532477,1,26
532450,532477,532478,1,27
532450,532476,532478,2,26
532450,532476,532478,2,26
532450,532478,532479,1,28
532450,532476,532479,3,26
532450,532477,532479,2,27
532450,532476,532478,2,26
532450,532476,532477,1,26
532450,532478,532479,1,28
532450,532477,532480,3,27
532450,532478,532480,2,28
532450,532477,532481,4,27
532450,532478,532481,3,28
532450,532480,532481,1,30
532450,532480,532481,1,30
532450,532480,532482,2,30
532450,532480,532483,3,30
532450,532480,532483,3,30
532450,532482,532483,1,32
532450,532480,532483,3,30
532450,532482,532483,1,32
532450,532480,532482,2,30
532450,532480,532483,3,30
532450,532481,532484,3,31
532450,532482,532485,3,32
532450,532483,532484,1,33
532450,532483,532484,1,33
532450,532483,532484,1,33
532450,532484,532485,1,34
532450,532484,532485,1,34
532450,532481,532486,5,31
532573,532573,532574,1,0
532573,532573,532575,2,0
532573,532573,532574,1,0
532573,532573,532575,2,0
532573,532573,532574,1,0
532573,532573,532575,2,0
532573,532573,532574,1,0
532573,532574,532575,1,1
532573,532573,532575,2,0
532573,532575,532576,1,2
532573,532575,532576,1,2
532573,532575,532576,1,2
532573,532575,532576,1,2
532573,532575,532577,2,2
532573,532575,532576,1,2
532573,532575,532577,2,2
532573,532577,532578,1,4
532573,532577,532578,1,4
532573,532578,532579,1,5
532573,532578,532579,1,5
532573,532577,532579,2,4
532573,532577,532579,2,4
532573,532577,532579,2,4
532573,532579,532580,1,6
532573,532576,532577,1,3
532573,532580,532581,1,7
532573,532579,532580,1,6
532573,532579,532580,1,6
532573,532579,532581,2,6
532573,532580,532581,1,7
532573,532579,532581,2,6
532573,532581,532582,1,8
532573,532581,532582,1,8
532573,532578,532583,5,5
532573,532582,532583,1,9
532573,532581,532582,1,8
532573,532581,532583,2,8
532573,532581,532582,1,8
532573,532583,532584,1,10
532573,532583,532584,1,10
532573,532576,532583,7,3
532573,532584,532585,1,11
532573,532583,532585,2,10
532573,532584,532585,1,11
532573,532576,532584,8,3
532573,532581,532585,4,8
532573,532582,532585,3,9
532573,532583,532585,2,10
532573,532583,532585,2,10
532573,532583,532585,2,10
532573,532585,532586,1,12
532573,532584,532585,1,11
532573,532586,532587,1,13
532573,532585,532586,1,12
532573,532585,532586,1,12
532573,532586,532587,1,13
532573,532586,532588,2,13
532573,532586,532588,2,13
532573,532587,532588,1,14
532573,532587,532589,2,14
532573,532588,532589,1,15
532573,532587,532589,2,14
532573,532586,532587,1,13
532573,532588,532590,2,15
532573,532589,532590,1,16
532573,532586,532591,5,13
532573,532587,532591,4,14
532573,532588,532590,2,15
532573,532589,532591,2,16
532573,532590,532591,1,17
532573,532590,532592,2,17
532573,532590,532591,1,17
532573,532585,532593,8,12
532573,532591,532593,2,18
532573,532585,532593,8,12
532573,532590,532594,4,17
532573,532591,532594,3,18
532573,532593,532594,1,20
532573,532591,532595,4,18
532573,532593,532594,1,20
532573,532594,532595,1,21
532573,532594,532595,1,21
532573,532591,532596,5,18
532573,532592,532596,4,19
532573,532595,532597,2,22
532573,532595,532596,1,22
532573,532596,532597,1,23
532573,532595,532597,2,22
532573,532596,532597,1,23
532573,532595,532598,3,22
532573,532597,532598,1,24
532573,532597,532598,1,24
532573,532596,532598,2,23
532573,532597,532599,2,24
532573,532594,532598,4,21
532573,532597,532598,1,24
532573,532598,532599,1,25
532573,532595,532599,4,22
532573,532599,532600,1,26
532573,532598,532599,1,25
532573,532599,532600,1,26
532573,532599,532600,1,26
532573,532600,532601,1,27
532573,532601,532602,1,28
532573,532600,532602,2,27
532573,532601,532602,1,28
532573,532601,532602,1,28
532573,532602,532603,1,29
532573,532599,532603,4,26
532573,532602,532603,1,29
532573,532599,532601,2,26
532573,532601,532604,3,28
532573,532602,532604,2,29
532573,532603,532604,1,30
532573,532600,532604,4,27
532573,532603,532604,1,30
532573,532603,532604,1,30
532573,532603,532604,1,30
532573,532604,532605,1,31
532573,532603,532605,2,30
532573,532604,532606,2,31
532573,532605,532606,1,32
532573,532599,532605,6,26
532573,532605,532607,2,32
532573,532605,532606,1,32
532573,532604,532606,2,31
532573,532604,532607,3,31
532573,532604,532607,3,31
532573,532604,532609,5,31
532708,532708,532709,1,0
532708,532709,532710,1,1
532708,532708,532710,2,0
532708,532708,532710,2,0
532708,532708,532711,3,0
532708,532710,532711,1,2
532708,532708,532710,2,0
532708,532711,532712,1,3
532708,532708,532713,5,0
532708,532711,532713,2,3
532708,532712,532713,1,4
532708,532710,532714,4,2
532708,532710,532714,4,2
532708,532711,532714,3,3
532708,532713,532714,1,5
532708,532708,532714,6,0
532708,532713,532715,2,5
532708,532714,532715,1,6
532708,532708,532715,7,0
532708,532714,532716,2,6
532708,532715,532716,1,7
532708,532713,532716,3,5
532708,532715,532717,2,7
532708,532714,532717,3,6
532708,532714,532717,3,6
532708,532716,532717,1,8
532708,532708,532716,8,0
532708,532715,532717,2,7
532708,532717,532719,2,9
532708,532716,532719,3,8
532708,532717,532719,2,9
532708,532717,532718,1,9
532708,532718,532719,1,10
532708,532718,532719,1,10
532708,532717,532719,2,9
532708,532717,532720,3,9
532708,532716,532720,4,8
532708,532719,532720,1,11
532708,532719,532721,2,11
532708,532719,532721,2,11
532708,532719,532720,1,11
532708,532720,532722,2,12
532708,532720,532722,2,12
532708,532720,532722,2,12
532708,532721,532723,2,13
532708,532721,532723,2,13
532708,532722,532723,1,14
532708,532720,532723,3,12
532708,532722,532724,2,14
532708,532722,532724,2,14
532708,532723,532725,2,15
532708,532723,532725,2,15
532708,532724,532725,1,16
532708,532722,532725,3,14
532708,532723,532725,2,15
532708,532723,532725,2,15
532708,532724,532726,2,16
532708,532724,532726,2,16
532708,532725,532727,2,17
532708,532725,532727,2,17
532708,532726,532727,1,18
532708,532725,532727,2,17
532708,532726,532727,1,18
532708,532726,532728,2,18
532708,532726,532729,3,18
532708,532726,532729,3,18
532708,532727,532729,2,19
532708,532727,532729,2,19
532708,532726,532729,3,18
532708,532728,532729,1,20
532708,532728,532730,2,20
532708,532728,532731,3,20
532708,532729,532731,2,21
532708,532729,532731,2,21
532708,532729,532731,2,21
532708,532730,532731,1,22
532708,532730,532732,2,22
532708,532731,532733,2,23
532708,532732,532733,1,24
532708,532731,532733,2,23
532708,532731,532733,2,23
532708,532731,532734,3,23
532708,532732,532734,2,24
532708,532733,532735,2,25
532708,532734,532735,1,26
532708,532734,532736,2,26
532708,532734,532736,2,26
532708,532734,532736,2,26
532708,532735,532737,2,27
532708,532736,532737,1,28
532708,532735,532737,2,27
532708,532736,532738,2,28
532708,532736,532738,2,28
532708,532729,532738,9,21
532708,532738,532739,1,30
532708,532737,532740,3,29
532708,532737,532739,2,29
532708,532729,532740,11,21
532708,532738,532740,2,30
532708,532739,532741,2,31
532708,532729,532741,12,21
532708,532739,532741,2,31
532708,532738,532741,3,30
532708,532740,532741,1,32
532708,532740,532742,2,32
532708,532740,532742,2,32
532708,532740,532742,2,32
532708,532740,532743,3,32
532708,532741,532743,2,33
532708,532741,532743,2,33
532708,532741,532743,2,33
532708,532742,532743,1,34
532708,532742,532743,1,34
532708,532744,532745,1,36
532708,532743,532745,2,35
532708,532743,532745,2,35
532708,532744,532746,2,36
532708,532742,532745,3,34
532708,532744,532745,1,36
532708,532744,532745,1,36
532708,532743,532746,3,35
532708,532745,532746,1,37
532708,532745,532747,2,37
532708,532745,532747,2,37
532708,532746,532747,1,38
532708,532746,532748,2,38
532708,532747,532748,1,39
532708,532744,532748,4,36
532708,532746,532748,2,38
532708,532746,532748,2,38
532708,532746,532749,3,38
532708,532747,532749,2,39
532708,532748,532749,1,40
532708,532747,532750,3,39
532708,532749,532751,2,41
532708,532749,532750,1,41
532708,532749,532751,2,41
532708,532749,532752,3,41
532708,532750,532752,2,42
532708,532750,532752,2,42
532708,532751,532752,1,43
532708,532751,532752,1,43
532708,532749,532752,3,41
532708,532750,532753,3,42
532708,532751,532753,2,43
532708,532752,532754,2,44
532708,532752,532754,2,44
532708,532752,532754,2,44
532708,532753,532756,3,45
532830,532830,532831,1,0
532830,532830,532831,1,0
532830,532830,532832,2,0
532830,532831,532832,1,1
532830,532831,532832,1,1
532830,532830,532832,2,0
532830,532830,532832,2,0
532830,532830,532832,2,0
532830,532830,532833,3,0
532830,532830,532833,3,0
532830,532832,532833,1,2
532830,532832,532833,1,2
532830,532832,532833,1,2
532830,532833,532834,1,3
532830,532830,532834,4,0
532830,532833,532834,1,3
532830,532832,532834,2,2
532830,532834,532835,1,4
532830,532832,532835,3,2
532830,532832,532835,3,2
532830,532834,532836,2,4
532830,532835,532836,1,5
532830,532833,532835,2,3
532830,532833,532834,1,3
532830,532834,532837,3,4
532830,532836,532837,1,6
532830,532836,532837,1,6
532830,532836,532837,1,6
532830,532836,532838,2,6
532830,532837,532838,1,7
532830,532837,532838,1,7
532830,532838,532840,2,8
532830,532838,532840,2,8
532830,532838,532840,2,8
532830,532838,532840,2,8
532830,532841,532842,1,11
532830,532837,532842,5,7
532830,532839,532842,3,9
532830,532839,532842,3,9
532830,532841,532842,1,11
532830,532842,532843,1,12
532830,532841,532843,2,11
532830,532843,532844,1,13
532830,532841,532843,2,11
532830,532841,532843,2,11
532830,532843,532844,1,13
532830,532844,532845,1,14
532830,532844,532845,1,14
532830,532842,532845,3,12
532830,532842,532845,3,12
532830,532842,532845,3,12
532830,532843,532845,2,13
532830,532844,532845,1,14
532830,532844,532845,1,14
532830,532845,532846,1,15
532830,532847,532848,1,17
532830,532846,532847,1,16
532830,532847,532848,1,17
532830,532848,532849,1,18
532830,532846,532848,2,16
532830,532846,532848,2,16
532830,532845,532847,2,15
532830,532845,532849,4,15
532830,532849,532850,1,19
532830,532848,532850,2,18
532830,532849,532850,1,19
532830,532850,532851,1,20
532830,532850,532851,1,20
532830,532849,532850,1,19
532830,532849,532850,1,19
532830,532851,532852,1,21
532830,532851,532852,1,21
532830,532850,532852,2,20
532830,532845,532852,7,15
532830,532851,532853,2,21
532830,532852,532853,1,22
532830,532851,532853,2,21
532830,532851,532852,1,21
532830,532849,532853,4,19
532830,532849,532853,4,19
532830,532853,532854,1,23
532830,532852,532854,2,22
532830,532853,532854,1,23
532830,532854,532855,1,24
532830,532853,532855,2,23
532830,532853,532855,2,23
532830,532855,532856,1,25
532830,532852,532855,3,22
532830,532854,532855,1,24
532830,532854,532855,1,24
532830,532855,532856,1,25
532830,532854,532856,2,24
532830,532855,532856,1,25
532830,532856,532857,1,26
532830,532856,532857,1,26
532830,532855,532857,2,25
532830,532855,532857,2,25
532830,532857,532858,1,27
532830,532856,532858,2,26
532830,532856,532858,2,26
532830,532856,532858,2,26
532830,532857,532858,1,27
532830,532856,532858,2,26
532830,532857,532858,1,27
532830,532858,532859,1,28
532830,532858,532859,1,28
532830,532859,532860,1,29
532830,532858,532859,1,28
532830,532858,532860,2,28
532830,532859,532860,1,29
532830,532858,532860,2,28
532830,532859,532860,1,29
532830,532859,532860,1,29
532830,532860,532861,1,30
532830,532858,532861,3,28
532830,532860,532861,1,30
532830,532861,532862,1,31
532830,532861,532862,1,31
532830,532861,532862,1,31
532830,532858,532862,4,28
532830,532861,532863,2,31
532830,532861,532863,2,31
532830,532862,532865,3,32
532830,532860,532861,1,30
532830,532861,532865,4,31
532830,532860,532866,6,30
529746,529766,532973,3207,20
532988,532988,532989,1,0
532988,532988,532990,2,0
532988,532988,532989,1,0
532988,532988,532990,2,0
532988,532988,532989,1,0
532988,532988,532990,2,0
532988,532990,532991,1,2
532988,532988,532991,3,0
532988,532990,532991,1,2
532988,532990,532992,2,2
532988,532988,532991,3,0
532988,532990,532992,2,2
532988,532988,532990,2,0
532988,532990,532992,2,2
532988,532991,532992,1,3
532988,532992,532993,1,4
532988,532990,532994,4,2
532988,532993,532994,1,5
532988,532992,532994,2,4
532988,532992,532994,2,4
532988,532993,532994,1,5
532988,532994,532995,1,6
532988,532991,532996,5,3
532988,532993,532996,3,5
532988,532995,532997,2,7
532988,532995,532996,1,7
532988,532996,532997,1,8
532988,532995,532997,2,7
532988,532995,532999,4,7
532988,532992,532999,7,4
532988,532998,532999,1,10
532988,532995,532999,4,7
532988,532997,532999,2,9
532988,532998,533000,2,10
532988,532996,533000,4,8
532988,532999,533001,2,11
532988,532997,533001,4,9
532988,532999,533001,2,11
532988,533000,533001,1,12
532988,533000,533001,1,12
532988,533000,533002,2,12
532988,532997,533004,7,9
532988,533001,533003,2,13
532988,533002,533004,2,14
532988,533002,533004,2,14
532988,533004,533006,2,16
532988,533004,533006,2,16
532988,533001,533006,5,13
532988,533001,533006,5,13
532988,533004,533007,3,16
532988,533002,533007,5,14
532988,533002,533004,2,14
532988,533002,533005,3,14
532988,533006,533008,2,18
532988,533006,533008,2,18
532988,533006,533009,3,18
532988,533006,533009,3,18
532988,533008,533010,2,20
532988,533008,533010,2,20
532988,533007,533010,3,19
532988,533004,533009,5,16
532988,533007,533010,3,19
532988,533010,533012,2,22
532988,533010,533012,2,22
532988,533007,533012,5,19
532988,533009,533012,3,21
532988,533011,533014,3,23
532988,533012,533014,2,24
532988,533012,533014,2,24
532988,533013,533014,1,25
532988,533007,533012,5,19
532988,533011,533014,3,23
532988,533014,533016,2,26
532988,533015,533016,1,27
532988,533009,533016,7,21
532988,533014,533017,3,26
532988,533015,533017,2,27
532988,533016,533018,2,28
532988,533017,533018,1,29
532988,533015,533019,4,27
532988,533017,533020,3,29
532988,533018,533020,2,30
532988,533019,533020,1,31
532988,533017,533020,3,29
532988,533011,533018,7,23
532988,533015,533020,5,27
532988,533020,533022,2,32
532988,533021,533022,1,33
532988,533013,533022,9,25
532988,533018,533023,5,30
532988,533020,533023,3,32
532988,533021,533024,3,33
532988,533021,533024,3,33
532988,533022,533024,2,34
532988,533023,533025,2,35
532988,533020,533025,5,32
532988,533021,533025,4,33
532988,533024,533026,2,36
532988,533025,533026,1,37
532988,533023,533027,4,35
532988,533024,533027,3,36
532988,533026,533028,2,38
532988,533027,533028,1,39
532988,533025,533028,3,37
532988,533027,533029,2,39
532988,533025,533029,4,37
532988,533027,533030,3,39
532988,533029,533030,1,41
532988,533024,533028,4,36
532988,533023,533029,6,35
532988,533029,533030,1,41
532988,533029,533031,2,41
532988,533029,533031,2,41
532988,533031,533032,1,43
532988,533024,533032,8,36
532988,533031,533032,1,43
532988,533030,533032,2,42
532988,533030,533033,3,42
532988,533031,533034,3,43
532988,533033,533034,1,45
532988,533033,533034,1,45
532988,533032,533034,2,44
532988,533031,533033,2,43
532988,533031,533033,2,43
532988,533033,533035,2,45
532988,533033,533036,3,45
532988,533035,533036,1,47
532988,533035,533036,1,47
532988,533033,533036,3,45
532988,533034,533037,3,46
532988,533035,533037,2,47
532988,533037,533039,2,49
532988,533036,533038,2,48
532988,533036,533038,2,48
532988,533037,533039,2,49
532988,533036,533039,3,48
532988,533037,533040,3,49
532988,533039,533040,1,51
532988,533039,533041,2,51
532988,533036,533040,4,48
532988,533037,533041,4,49
532988,533039,533042,3,51
532988,533038,533042,4,50
532988,533041,533042,1,53
532988,533041,533043,2,53
532988,533040,533043,3,52
532988,533039,533044,5,51
532988,533040,533044,4,52
532988,533041,533045,4,53
532988,533044,533045,1,56
532988,533045,533046,1,57
532988,533045,533046,1,57
532988,533045,533046,1,57
532988,533041,533047,6,53
532988,533047,533048,1,59
532988,533047,533048,1,59
532988,533047,533048,1,59
532988,533053,533054,1,65
532988,533054,533055,1,66
532988,533057,533058,1,69
532988,533058,533059,1,70
532988,533058,533059,1,70
528316,528338,533121,4783,22
533124,533124,533125,1,0
533124,533124,533126,2,0
533124,533125,533126,1,1
533124,533124,533126,2,0
533124,533124,533127,3,0
533124,533126,533127,1,2
533124,533126,533127,1,2
533124,533127,533128,1,3
533124,533127,533129,2,3
533124,533127,533129,2,3
533124,533128,533129,1,4
533124,533129,533130,1,5
533124,533129,533131,2,5
533124,533129,533131,2,5
533124,533131,533133,2,7
533124,533131,533133,2,7
533124,533133,533135,2,9
533124,533133,533134,1,9
533124,533135,533137,2,11
533124,533135,533137,2,11
533124,533124,533138,14,0
533124,533124,533138,14,0
533124,533124,533138,14,0
533124,533137,533139,2,13
533124,533137,533139,2,13
533124,533139,533140,1,15
533124,533140,533141,1,16
533124,533140,533141,1,16
533124,533126,533141,15,2
533124,533141,533142,1,17
533124,533140,533142,2,16
533124,533142,533143,1,18
533124,533142,533143,1,18
533124,533142,533143,1,18
533124,533143,533144,1,19
533124,533143,533144,1,19
533124,533144,533145,1,20
533124,533144,533145,1,20
533124,533145,533146,1,21
533124,533144,533146,2,20
533124,533139,533146,7,15
533124,533146,533147,1,22
533124,533146,533147,1,22
533124,533147,533148,1,23
533124,533147,533148,1,23
533124,533148,533149,1,24
533124,533148,533149,1,24
533124,533149,533150,1,25
533124,533149,533150,1,25
533124,533150,533151,1,26
533124,533150,533151,1,26
533124,533151,533152,1,27
533124,533151,533152,1,27
533124,533152,533153,1,28
533124,533152,533153,1,28
533124,533144,533153,9,20
533124,533153,533154,1,29
533124,533153,533155,2,29
533124,533154,533155,1,30
533124,533154,533155,1,30
533124,533139,533155,16,15
533124,533155,533157,2,31
533124,533147,533156,9,23
533124,533155,533156,1,31
533124,533156,533157,1,32
533124,533157,533158,1,33
533124,533157,533159,2,33
533124,533158,533159,1,34
533124,533158,533159,1,34
533124,533159,533161,2,35
533124,533160,533161,1,36
533124,533154,533163,9,30
533124,533162,533164,2,38
533124,533162,533163,1,38
533124,533163,533164,1,39
533124,533163,533164,1,39
533124,533165,533166,1,41
533124,533164,533166,2,40
533124,533164,533165,1,40
533124,533166,533167,1,42
533124,533166,533168,2,42
533124,533166,533168,2,42
533124,533167,533168,1,43
533124,533169,533170,1,45
533124,533168,533170,2,44
533124,533170,533171,1,46
533124,533168,533171,3,44
533124,533171,533172,1,47
533124,533170,533171,1,46
533124,533172,533173,1,48
533124,533171,533173,2,47
533124,533173,533174,1,49
533124,533172,533174,2,48
533124,533174,533175,1,50
533124,533173,533174,1,49
533124,533157,533175,18,33
533124,533174,533175,1,50
533124,533175,533177,2,51
533124,533156,533176,20,32
533124,533175,533177,2,51
533124,533176,533178,2,52
533124,533178,533180,2,54
533124,533177,533180,3,53
533124,533180,533182,2,56
533124,533141,533182,41,17
533124,533178,533182,4,54
533124,533180,533183,3,56
533124,533182,533184,2,58
533124,533182,533184,2,58
533124,533184,533186,2,60
533124,533183,533186,3,59
533124,533183,533187,4,59
533124,533177,533187,10,53
533124,533186,533188,2,62
533124,533187,533189,2,63
533124,533187,533189,2,63
533124,533188,533190,2,64
533124,533187,533191,4,63
533124,533190,533191,1,66
533124,533190,533192,2,66
533124,533184,533192,8,60
533124,533192,533193,1,68
533124,533192,533194,2,68
533124,533193,533194,1,69
533124,533191,533194,3,67
533124,533194,533196,2,70
533124,533194,533196,2,70
533124,533195,533199,4,71
533124,533197,533199,2,73
533124,533196,533199,3,72
533124,533189,533199,10,65
533124,533200,533201,1,76
533124,533200,533201,1,76
533124,533199,533202,3,75
533124,533195,533204,9,71
533136,533202,533206,4,66
533136,533205,533206,1,69
533136,533206,533210,4,70
533136,533202,533210,8,66
533124,533165,533212,47,41
533124,533175,533212,37,51
533136,533211,533212,1,75
533136,533212,533214,2,76
533136,533213,533215,2,77
533136,533213,533215,2,77
533136,533210,533215,5,74
533136,533207,533215,8,71
533136,533215,533216,1,79
533136,533215,533217,2,79
533136,533218,533219,1,82
533136,533220,533221,1,84
533124,533220,533222,2,96
533136,533223,533224,1,87
533136,533225,533226,1,89
533136,533226,533227,1,90
533136,533217,533227,10,81
533136,533228,533229,1,92
533136,533228,533230,2,92
533136,533230,533231,1,94
533136,533232,533233,1,96
533136,533215,533234,19,79
533136,533234,533235,1,98
533136,533216,533234,18,80
533136,533235,533236,1,99
533136,533236,533237,1,100
533136,533237,533239,2,101
533136,533238,533239,1,102
533136,533240,533241,1,104
533136,533242,533243,1,106
533136,533235,533245,10,99
533136,533244,533245,1,108
533136,533245,533248,3,109
533136,533246,533248,2,110
533136,533214,533248,34,78
533136,533248,533249,1,112
533136,533228,533250,22,92
533136,533248,533250,2,112
533136,533248,533251,3,112
533136,533234,533251,17,98
533136,533250,533252,2,114
533136,533250,533252,2,114
533136,533245,533253,8,109
533136,533251,533253,2,115
533136,533252,533253,1,116
533136,533252,533254,2,116
533136,533251,533255,4,115
533136,533253,533255,2,117
533136,533254,533256,2,118
533136,533256,533258,2,120
533136,533256,533258,2,120
533136,533258,533260,2,122
533136,533250,533260,10,114
533136,533259,533261,2,123
533136,533260,533262,2,124
533136,533261,533262,1,125
533136,533263,533264,1,127
533136,533262,533264,2,126
533136,533265,533266,1,129
533136,533265,533267,2,129
533136,533267,533268,1,131
533136,533269,533270,1,133
533136,533268,533270,2,132
533136,533271,533272,1,135
533136,533253,533273,20,117
533136,533263,533273,10,127
533136,533271,533273,2,135
533136,533273,533274,1,137
533136,533274,533275,1,138
533136,533274,533277,3,138
533136,533275,533276,1,139
533136,533277,533278,1,141
533136,533277,533279,2,141
533136,533279,533280,1,143
533136,533256,533282,26,120
533136,533280,533282,2,144
533136,533281,533282,1,145
533136,533283,533284,1,147
533136,533283,533285,2,147
533136,533285,533286,1,149
533136,533286,533288,2,150
533136,533287,533289,2,151
533136,533274,533290,16,138
533136,533289,533291,2,153
533136,533289,533291,2,153
533136,533291,533293,2,155
533136,533292,533294,2,156
533136,533254,533294,40,118
533136,533293,533295,2,157
533136,533276,533296,20,140
533136,533294,533296,2,158
533136,533295,533297,2,159
533136,533290,533299,9,154
533136,533297,533299,2,161
533136,533297,533300,3,161
533136,533299,533301,2,163
533136,533283,533302,19,147
533136,533300,533302,2,164
533136,533301,533303,2,165
533136,533302,533304,2,166
533136,533296,533305,9,160
533136,533303,533305,2,167
533136,533303,533305,2,167
533136,533299,533306,7,163
533136,533304,533306,2,168
533136,533305,533307,2,169
533136,533305,533307,2,169
533136,533306,533308,2,170
533136,533307,533309,2,171
533136,533309,533311,2,173
533136,533309,533312,3,173
533136,533312,533313,1,176
533136,533312,533314,2,176
533136,533314,533315,1,178
533136,533306,533316,10,170
533136,533306,533317,11,170
533136,533316,533317,1,180
533136,533315,533317,2,179
533136,533318,533319,1,182
533136,533318,533320,2,182
533136,533320,533321,1,184
533136,533320,533323,3,184
533136,533322,533323,1,186
533136,533324,533325,1,188
533136,533323,533326,3,187
533136,533317,533327,10,181
533136,533326,533327,1,190
533136,533326,533329,3,190
533136,533307,533329,22,171
533136,533328,533329,1,192
533136,533330,533332,2,194
533136,533329,533332,3,193
533136,533332,533334,2,196
533136,533332,533335,3,196
533136,533334,533336,2,198
533136,533336,533337,1,200
533136,533336,533338,2,200
533136,533295,533338,43,159
533136,533317,533338,21,181
533136,533328,533338,10,192
533136,533338,533340,2,202
533136,533340,533342,2,204
533136,533339,533341,2,203
533258,533342,533343,1,84
533136,533342,533344,2,206
533258,533344,533345,1,86
533258,533343,533345,2,85
533258,533345,533346,1,87
533258,533346,533347,1,88
533258,533345,533346,1,87
533258,533347,533348,1,89
533258,533348,533349,1,90
533258,533347,533349,2,89
533136,533339,533349,10,203
533258,533349,533350,1,91
533258,533349,533350,1,91
533258,533350,533351,1,92
533136,533339,533351,12,203
533258,533351,533352,1,93
533258,533350,533352,2,92
533258,533352,533353,1,94
533258,533352,533353,1,94
533258,533353,533354,1,95
533258,533353,533355,2,95
533258,533354,533355,1,96
533258,533355,533356,1,97
533258,533355,533356,1,97
533136,533330,533357,27,194
533258,533356,533358,2,98
533258,533359,533360,1,101
533258,533363,533364,1,105
533258,533365,533366,1,107
533258,533366,533367,1,108
533258,533368,533369,1,110
533258,533352,533369,17,94
533258,533369,533370,1,111
533258,533371,533372,1,113
533258,533372,533374,2,114
533258,533374,533375,1,116
533258,533350,533377,27,92
533258,533376,533377,1,118
533258,533357,533378,21,99
533258,533369,533378,9,111
533258,533377,533378,1,119
533258,533378,533379,1,120
533136,533339,533379,40,203
528573,528610,533379,4769,37
533258,533379,533380,1,121
533258,533378,533379,1,120
533258,533379,533380,1,121
533258,533380,533381,1,122
533258,533380,533381,1,122
533258,533381,533382,1,123
533258,533381,533382,1,123
533258,533382,533383,1,124
533258,533383,533384,1,125
533258,533383,533385,2,125
533258,533384,533385,1,126
533258,533385,533386,1,127
533258,533385,533386,1,127
533258,533386,533387,1,128
533258,533387,533388,1,129
533258,533386,533388,2,128
533258,533379,533389,10,121
533258,533389,533390,1,131
533258,533390,533392,2,132
533258,533392,533393,1,134
533258,533393,533395,2,135
533258,533378,533395,17,120
533258,533395,533396,1,137
533258,533382,533397,15,124
533258,533396,533398,2,138
533258,533399,533400,1,141
533258,533399,533400,1,141
533258,533398,533401,3,140
533258,533400,533401,1,142
533258,533400,533401,1,142
533258,533401,533402,1,143
533258,533401,533402,1,143
533258,533402,533403,1,144
533258,533402,533404,2,144
533258,533403,533404,1,145
533258,533404,533405,1,146
533258,533404,533406,2,146
533258,533405,533406,1,147
533258,533389,533406,17,131
533258,533397,533406,9,139
533258,533403,533406,3,145
533258,533406,533407,1,148
533258,533406,533408,2,148
533258,533407,533408,1,149
533258,533408,533409,1,150
533258,533408,533409,1,150
533258,533409,533410,1,151
533258,533409,533410,1,151
533258,533380,533411,31,122
533258,533407,533410,3,149
533258,533410,533412,2,152
533258,533411,533412,1,153
533258,533412,533413,1,154
533258,533378,533414,36,120
533258,533413,533415,2,155
533258,533407,533415,8,149
533258,533415,533416,1,157
533258,533415,533416,1,157
533258,533416,533417,1,158
533258,533413,533416,3,155
529982,530011,533417,3406,29
533258,533411,533417,6,153
533258,533417,533418,1,159
533258,533417,533418,1,159
533258,533416,533418,2,158
533258,533417,533418,1,159
533258,533407,533420,13,149
533398,533419,533420,1,21
533398,533420,533421,1,22
528537,528561,533421,4860,24
533258,533418,533421,3,160
533398,533421,533422,1,23
533398,533422,533423,1,24
533398,533422,533423,1,24
533398,533423,533424,1,25
533258,533418,533425,7,160
533398,533424,533425,1,26
533398,533422,533425,3,24
533398,533425,533426,1,27
533398,533425,533426,1,27
533398,533423,533426,3,25
533398,533426,533427,1,28
533398,533426,533428,2,28
533398,533427,533428,1,29
533398,533427,533428,1,29
533398,533428,533429,1,30
533398,533428,533429,1,30
533258,533417,533429,12,159
533398,533429,533430,1,31
533398,533430,533431,1,32
533398,533429,533430,1,31
533398,533430,533431,1,32
533398,533431,533432,1,33
533398,533431,533433,2,33
533398,533431,533434,3,33
533398,533434,533435,1,36
533398,533435,533436,1,37
533398,533436,533437,1,38
533398,533436,533437,1,38
533398,533437,533439,2,39
533398,533420,533438,18,22
533398,533439,533440,1,41
533398,533439,533440,1,41
533398,533438,533441,3,40
533398,533441,533443,2,43
533398,533441,533442,1,43
533398,533443,533444,1,45
533398,533444,533445,1,46
533398,533443,533445,2,45
533398,533445,533446,1,47
533398,533430,533446,16,32
533398,533446,533447,1,48
533398,533445,533447,2,47
533398,533427,533447,20,29
533398,533441,533446,5,43
533398,533443,533446,3,45
533398,533447,533448,1,49
533398,533446,533448,2,48
533398,533448,533449,1,50
533398,533449,533450,1,51
533398,533447,533450,3,49
533398,533447,533450,3,49
533398,533447,533451,4,49
533398,533447,533451,4,49
533398,533450,533451,1,52
533398,533448,533451,3,50
533398,533451,533452,1,53
533398,533450,533452,2,52
533398,533451,533452,1,53
533398,533451,533453,2,53
533398,533452,533453,1,54
533398,533450,533453,3,52
533398,533452,533453,1,54
533398,533453,533454,1,55
533398,533453,533454,1,55
533398,533454,533455,1,56
533398,533454,533456,2,56
533398,533453,533456,3,55
533398,533454,533457,3,56
533398,533455,533457,2,57
533398,533456,533458,2,58
533398,533456,533458,2,58
533398,533456,533458,2,58
533398,533457,533459,2,59
533398,533458,533460,2,60
533398,533458,533460,2,60
533398,533459,533460,1,61
533398,533460,533461,1,62
533398,533459,533460,1,61
533398,533460,533461,1,62
533398,533460,533461,1,62
533398,533460,533462,2,62
533398,533461,533463,2,63
533398,533461,533463,2,63
533398,533462,533463,1,64
533398,533462,533463,1,64
533398,533462,533464,2,64
533398,533462,533464,2,64
533398,533463,533465,2,65
533398,533464,533465,1,66
533398,533464,533466,2,66
533398,533464,533465,1,66
533398,533464,533466,2,66
533398,533466,533467,1,68
533398,533466,533467,1,68
533398,533467,533468,1,69
533398,533465,533468,3,67
533398,533466,533468,2,68
533398,533466,533468,2,68
533398,533467,533468,1,69
533398,533468,533469,1,70
533398,533468,533469,1,70
533398,533469,533470,1,71
533398,533468,533470,2,70
533398,533468,533470,2,70
533398,533468,533470,2,70
533398,533469,533470,1,71
533398,533469,533470,1,71
533398,533470,533471,1,72
533398,533471,533472,1,73
533398,533471,533472,1,73
533398,533471,533473,2,73
533398,533472,533473,1,74
533398,533471,533473,2,73
533398,533471,533473,2,73
533398,533473,533474,1,75
533398,533473,533474,1,75
533398,533471,533474,3,73
533398,533473,533474,1,75
533398,533474,533475,1,76
533398,533474,533475,1,76
533398,533474,533475,1,76
533398,533475,533476,1,77
533398,533475,533476,1,77
533398,533475,533478,3,77
533398,533476,533478,2,78
533398,533476,533478,2,78
533398,533477,533478,1,79
533398,533477,533478,1,79
533412,533478,533481,3,66
533412,533479,533481,2,67
533412,533478,533481,3,66
533412,533482,533483,1,70
533412,533483,533484,1,71
533412,533479,533483,4,67
533412,533484,533485,1,72
533412,533485,533486,1,73
533412,533484,533485,1,72
533412,533486,533487,1,74
533412,533482,533487,5,70
533412,533487,533488,1,75
533412,533481,533487,6,69
533412,533481,533488,7,69
533412,533486,533489,3,74
533412,533488,533489,1,76
533412,533487,533489,2,75
533412,533489,533491,2,77
533412,533489,533490,1,77
533412,533491,533492,1,79
533412,533488,533492,4,76
533412,533489,533493,4,77
533412,533488,533494,6,76
533412,533492,533493,1,80
533412,533491,533494,3,79
533412,533493,533495,2,81
533412,533494,533495,1,82
533412,533493,533497,4,81
533412,533494,533496,2,82
533412,533495,533497,2,83
533412,533496,533498,2,84
533412,533498,533499,1,86
533412,533497,533501,4,85
533412,533500,533502,2,88
533412,533495,533504,9,83
533412,533503,533504,1,91
533412,533505,533506,1,93
533412,533507,533508,1,95
533412,533504,533508,4,92
533412,533509,533510,1,97
533412,533509,533512,3,97
533412,533511,533512,1,99
533412,533513,533514,1,101
533412,533515,533516,1,103
533412,533517,533518,1,105
533412,533512,533519,7,100
533412,533519,533520,1,107
533412,533519,533522,3,107
533412,533521,533522,1,109
533412,533523,533524,1,111
533412,533522,533524,2,110
533412,533525,533526,1,113
533412,533525,533528,3,113
533412,533527,533528,1,115
533412,533529,533530,1,117
533412,533528,533531,3,116
533412,533531,533532,1,119
533412,533497,533502,5,85
533412,533497,533502,5,85
533412,533531,533534,3,119
533412,533533,533534,1,121
533412,533535,533536,1,123
533412,533534,533537,3,122
533412,533534,533537,3,122
528633,528654,533538,4884,21
533412,533537,533539,2,125
533412,533534,533539,5,122
533412,533539,533541,2,127
533412,533535,533541,6,123
533412,533537,533542,5,125
533412,533537,533542,5,125
533412,533539,533542,3,127
533412,533541,533543,2,129
533412,533542,533544,2,130
533412,533540,533545,5,128
533412,533544,533545,1,132
533412,533543,533545,2,131
533412,533544,533546,2,132
533412,533543,533546,3,131
533412,533543,533546,3,131
533412,533546,533547,1,134
533412,533548,533549,1,136
533412,533547,533549,2,135
533412,533546,533549,3,134
533412,533547,533549,2,135
533412,533545,533550,5,133
533412,533547,533550,3,135
533412,533550,533551,1,138
533412,533550,533553,3,138
533412,533550,533553,3,138
533412,533552,533553,1,140
533412,533550,533553,3,138
533412,533550,533554,4,138
533412,533551,533553,2,139
533412,533554,533555,1,142
533412,533554,533556,2,142
533412,533554,533557,3,142
533412,533554,533557,3,142
533412,533556,533557,1,144
533412,533554,533557,3,142
533412,533557,533558,1,145
533412,533557,533559,2,145
533412,533558,533559,1,146
533412,533557,533559,2,145
533412,533558,533560,2,146
533412,533554,533560,6,142
533412,533559,533561,2,147
533412,533560,533561,1,148
533412,533559,533562,3,147
533412,533560,533562,2,148
533412,533560,533563,3,148
533412,533562,533563,1,150
533412,533561,533563,2,149
533412,533563,533565,2,151
533412,533564,533565,1,152
533412,533563,533565,2,151
533412,533563,533566,3,151
533412,533564,533567,3,152
533412,533561,533567,6,149
533412,533565,533568,3,153
533412,533566,533568,2,154
533412,533566,533568,2,154
533412,533566,533569,3,154
533412,533568,533570,2,156
533412,533568,533569,1,156
533412,533567,533570,3,155
533412,533568,533570,2,156
533412,533570,533572,2,158
533412,533569,533572,3,157
533412,533568,533572,4,156
533412,533570,533573,3,158
533412,533570,533573,3,158
533412,533570,533573,3,158
533412,533572,533574,2,160
533412,533573,533575,2,161
533412,533574,533576,2,162
533412,533573,533576,3,161
533412,533574,533577,3,162
533412,533574,533577,3,162
533412,533576,533578,2,164
533412,533573,533579,6,161
533412,533577,533579,2,165
533412,533576,533580,4,164
533412,533578,533580,2,166
533412,533578,533581,3,166
533412,533578,533581,3,166
533412,533580,533583,3,168
533412,533580,533583,3,168
533536,533582,533583,1,46
533536,533582,533584,2,46
533536,533585,533586,1,49
533536,533583,533586,3,47
533536,533584,533586,2,48
533536,533584,533586,2,48
533536,533585,533586,1,49
533536,533587,533588,1,51
533536,533587,533588,1,51
533536,533588,533589,1,52
533536,533586,533589,3,50
533536,533586,533588,2,50
533536,533587,533588,1,51
533536,533589,533590,1,53
533536,533589,533590,1,53
533536,533590,533591,1,54
533536,533589,533591,2,53
533536,533589,533590,1,53
533536,533591,533592,1,55
533536,533589,533591,2,53
533536,533591,533592,1,55
533536,533592,533593,1,56
533536,533591,533592,1,55
533536,533591,533593,2,55
533536,533593,533594,1,57
533536,533592,533594,2,56
533536,533593,533594,1,57
533536,533593,533595,2,57
533536,533593,533595,2,57
533536,533594,533595,1,58
533536,533594,533596,2,58
533536,533596,533597,1,60
533536,533595,533597,2,59
533536,533595,533597,2,59
533536,533596,533597,1,60
533536,533597,533598,1,61
533536,533596,533598,2,60
533536,533598,533599,1,62
533536,533597,533599,2,61
533536,533597,533599,2,61
533536,533598,533600,2,62
533536,533598,533600,2,62
533536,533599,533600,1,63
533536,533600,533601,1,64
533536,533600,533601,1,64
533536,533601,533603,2,65
528546,528586,533602,5016,40
533536,533601,533602,1,65
533536,533601,533603,2,65
533536,533602,533603,1,66
533536,533602,533603,1,66
533536,533603,533604,1,67
533536,533603,533605,2,67
533536,533604,533606,2,68
533536,533604,533606,2,68
533536,533603,533605,2,67
533536,533604,533605,1,68
533536,533604,533606,2,68
533536,533606,533607,1,70
533536,533606,533607,1,70
533536,533606,533607,1,70
533536,533607,533608,1,71
533536,533608,533609,1,72
533536,533608,533610,2,72
533536,533608,533610,2,72
533536,533608,533610,2,72
533536,533606,533610,4,70
533536,533609,533611,2,73
533536,533610,533611,1,74
533536,533610,533611,1,74
533536,533610,533612,2,74
533536,533610,533611,1,74
533536,533612,533613,1,76
533536,533611,533613,2,75
533536,533611,533613,2,75
533536,533613,533614,1,77
533536,533612,533614,2,76
533536,533612,533614,2,76
533536,533614,533615,1,78
533536,533612,533614,2,76
533536,533613,533615,2,77
533536,533614,533616,2,78
533536,533615,533616,1,79
533536,533614,533617,3,78
533536,533614,533616,2,78
533536,533615,533617,2,79
533536,533615,533618,3,79
533536,533617,533618,1,81
533536,533617,533619,2,81
533536,533618,533620,2,82
533536,533617,533620,3,81
533536,533617,533620,3,81
533536,533617,533620,3,81
533536,533619,533620,1,83
533536,533621,533622,1,85
533536,533620,533622,2,84
533536,533620,533622,2,84
533536,533620,533622,2,84
533536,533622,533623,1,86
533536,533620,533623,3,84
533536,533620,533623,3,84
533536,533623,533624,1,87
533536,533622,533624,2,86
533536,533623,533624,1,87
533536,533624,533625,1,88
533536,533622,533624,2,86
533536,533623,533625,2,87
533536,533623,533625,2,87
533536,533625,533626,1,89
533536,533624,533626,2,88
533536,533625,533627,2,89
533536,533626,533627,1,90
533536,533625,533627,2,89
533536,533626,533628,2,90
533536,533626,533627,1,90
533536,533627,533628,1,91
533536,533627,533628,1,91
533536,533627,533629,2,91
533536,533628,533629,1,92
533536,533627,533629,2,91
533536,533629,533630,1,93
533536,533628,533630,2,92
533536,533628,533630,2,92
533536,533629,533631,2,93
533536,533629,533631,2,93
533536,533630,533631,1,94
533536,533629,533631,2,93
533536,533631,533632,1,95
533536,533631,533632,1,95
533536,533631,533633,2,95
533536,533631,533632,1,95
533536,533632,533633,1,96
533536,533631,533633,2,95
533536,533633,533634,1,97
533536,533633,533635,2,97
533536,533633,533636,3,97
533536,533633,533635,2,97
533536,533634,533636,2,98
533536,533635,533636,1,99
533536,533634,533636,2,98
533536,533636,533637,1,100
533536,533637,533638,1,101
533536,533636,533638,2,100
533536,533636,533639,3,100
533536,533636,533639,3,100
533658,533658,533659,1,0
533658,533658,533659,1,0
533658,533658,533659,1,0
533658,533658,533659,1,0
533658,533658,533660,2,0
533658,533659,533660,1,1
533658,533660,533661,1,2
533658,533660,533661,1,2
533658,533660,533661,1,2
533658,533661,533662,1,3
533658,533663,533664,1,5
533658,533663,533664,1,5
533658,533662,533663,1,4
533658,533662,533664,2,4
533658,533664,533665,1,6
533658,533662,533664,2,4
533658,533664,533665,1,6
533658,533665,533666,1,7
533658,533664,533665,1,6
533658,533664,533665,1,6
533658,533666,533667,1,8
533658,533666,533667,1,8
533658,533665,533666,1,7
533658,533667,533668,1,9
533658,533666,533668,2,8
533658,533666,533668,2,8
533658,533667,533668,1,9
533658,533668,533669,1,10
533658,533669,533670,1,11
533658,533669,533670,1,11
533658,533670,533671,1,12
533658,533667,533670,3,9
533658,533670,533671,1,12
533658,533671,533672,1,13
533658,533672,533673,1,14
533658,533668,533673,5,10
533658,533672,533673,1,14
533658,533672,533673,1,14
533658,533673,533674,1,15
533658,533668,533675,7,10
533658,533674,533675,1,16
533658,533674,533675,1,16
533658,533674,533676,2,16
533658,533676,533677,1,18
533658,533674,533678,4,16
533658,533678,533679,1,20
533658,533675,533679,4,17
533658,533675,533679,4,17
533658,533679,533680,1,21
533658,533679,533680,1,21
533658,533681,533683,2,23
533658,533680,533683,3,22
533658,533680,533684,4,22
533658,533680,533684,4,22
533658,533683,533684,1,25
533658,533684,533685,1,26
533658,533685,533687,2,27
533658,533687,533688,1,29
533658,533688,533689,1,30
533658,533687,533688,1,29
533658,533685,533689,4,27
533658,533689,533690,1,31
533658,533686,533690,4,28
533658,533690,533691,1,32
533658,533689,533691,2,31
533658,533685,533692,7,27
533658,533690,533691,1,32
533658,533691,533692,1,33
533658,533691,533692,1,33
533658,533692,533693,1,34
533658,533691,533693,2,33
533658,533693,533694,1,35
533658,533694,533695,1,36
533658,533693,533695,2,35
533658,533692,533696,4,34
533658,533695,533696,1,37
533658,533695,533696,1,37
533658,533695,533696,1,37
533658,533693,533697,4,35
533658,533696,533697,1,38
533658,533696,533697,1,38
533658,533692,533698,6,34
533658,533697,533698,1,39
533658,533697,533698,1,39
533658,533696,533698,2,38
533658,533697,533698,1,39
533658,533697,533698,1,39
533658,533698,533700,2,40
533658,533699,533700,1,41
533658,533698,533702,4,40
533658,533700,533702,2,42
533658,533701,533702,1,43
533658,533698,533702,4,40
533658,533698,533703,5,40
533658,533702,533704,2,44
533658,533703,533704,1,45
533658,533703,533704,1,45
533658,533703,533704,1,45
533658,533705,533706,1,47
533658,533705,533706,1,47
533658,533704,533708,4,46
533658,533704,533708,4,46
533658,533707,533708,1,49
533658,533707,533708,1,49
533658,533703,533709,6,45
533658,533709,533710,1,51
533658,533709,533710,1,51
533658,533710,533711,1,52
533658,533711,533712,1,53
533658,533711,533712,1,53
533658,533709,533712,3,51
533658,533711,533712,1,53
533658,533712,533713,1,54
533658,533710,533714,4,52
533658,533713,533714,1,55
533658,533713,533714,1,55
533658,533713,533714,1,55
533658,533714,533715,1,56
533658,533713,533714,1,55
533658,533714,533715,1,56
533658,533709,533715,6,51
533658,533715,533716,1,57
533658,533714,533717,3,56
530563,530589,533801,3212,26
533823,533823,533824,1,0
533823,533823,533824,1,0
533823,533823,533825,2,0
533823,533823,533825,2,0
533823,533824,533825,1,1
533823,533825,533826,1,2
533823,533825,533826,1,2
533823,533826,533827,1,3
533823,533825,533827,2,2
533823,533826,533827,1,3
533823,533827,533828,1,4
533823,533827,533828,1,4
533823,533828,533829,1,5
533823,533827,533828,1,4
533823,533829,533830,1,6
533823,533828,533830,2,5
533823,533829,533830,1,6
533823,533829,533830,1,6
533823,533830,533831,1,7
533823,533829,533830,1,6
533823,533828,533830,2,5
533823,533831,533832,1,8
533823,533831,533833,2,8
533823,533832,533833,1,9
530539,530539,533832,3293,0
533823,533831,533832,1,8
533823,533830,533832,2,7
533823,533831,533833,2,8
533823,533831,533833,2,8
533823,533833,533834,1,10
533823,533833,533834,1,10
533823,533833,533834,1,10
533823,533833,533834,1,10
533823,533833,533835,2,10
533823,533833,533835,2,10
533823,533834,533835,1,11
533823,533834,533836,2,11
533823,533835,533836,1,12
533823,533835,533836,1,12
533823,533835,533837,2,12
533823,533836,533837,1,13
533823,533837,533838,1,14
533823,533836,533839,3,13
533823,533836,533839,3,13
533823,533837,533838,1,14
533823,533838,533839,1,15
533823,533838,533840,2,15
533823,533837,533840,3,14
533823,533839,533840,1,16
533823,533839,533841,2,16
533823,533839,533841,2,16
533823,533839,533841,2,16
533823,533840,533842,2,17
533823,533841,533842,1,18
533823,533841,533842,1,18
533823,533841,533843,2,18
533823,533841,533844,3,18
533823,533841,533843,2,18
533823,533842,533843,1,19
533823,533843,533844,1,20
533823,533842,533844,2,19
533823,533843,533845,2,20
533823,533844,533846,2,21
533823,533844,533847,3,21
533823,533844,533846,2,21
533823,533845,533846,1,22
533823,533844,533846,2,21
533823,533845,533846,1,22
533823,533845,533847,2,22
533823,533846,533848,2,23
533823,533847,533848,1,24
533823,533847,533849,2,24
533823,533847,533850,3,24
533823,533847,533849,2,24
533823,533847,533849,2,24
533823,533849,533850,1,26
533823,533849,533850,1,26
533823,533848,533851,3,25
533823,533850,533851,1,27
533823,533851,533852,1,28
533823,533850,533853,3,27
533823,533850,533852,2,27
533823,533851,533852,1,28
533823,533850,533853,3,27
533823,533852,533853,1,29
533823,533851,533854,3,28
533823,533853,533854,1,30
533823,533853,533855,2,30
533823,533854,533855,1,31
533823,533853,533856,3,30
533823,533853,533856,3,30
533823,533853,533856,3,30
533823,533855,533856,1,32
533823,533855,533857,2,32
533823,533854,533857,3,31
533823,533856,533857,1,33
533823,533857,533858,1,34
533823,533857,533858,1,34
533823,533858,533859,1,35
533823,533856,533858,2,33
533823,533856,533858,2,33
533823,533858,533859,1,35
533823,533856,533859,3,33
533823,533857,533859,2,34
533823,533859,533860,1,36
533823,533859,533860,1,36
533823,533860,533861,1,37
533823,533859,533860,1,36
533823,533860,533861,1,37
533823,533861,533862,1,38
533823,533859,533862,3,36
533823,533859,533862,3,36
533823,533859,533862,3,36
533823,533861,533862,1,38
533823,533861,533862,1,38
533823,533862,533864,2,39
533823,533862,533863,1,39
533823,533862,533864,2,39
533823,533863,533864,1,40
533823,533863,533864,1,40
533823,533862,533865,3,39
533823,533863,533865,2,40
533823,533864,533865,1,41
533823,533864,533866,2,41
533823,533865,533866,1,42
533823,533865,533867,2,42
533823,533865,533867,2,42
533823,533864,533867,3,41
533823,533866,533867,1,43
533823,533865,533868,3,42
533823,533867,533869,2,44
533823,533867,533869,2,44
533823,533867,533869,2,44
533823,533868,533870,2,45
533823,533868,533870,2,45
533823,533869,533871,2,46
533823,533869,533871,2,46
533823,533868,533871,3,45
533823,533868,533872,4,45
533823,533870,533872,2,47
533823,533870,533872,2,47
533823,533871,533873,2,48
533823,533872,533873,1,49
533823,533871,533873,2,48
533823,533872,533875,3,49
533945,533945,533946,1,0
533945,533945,533946,1,0
533945,533945,533947,2,0
533945,533945,533946,1,0
533945,533946,533947,1,1
533945,533945,533946,1,0
533945,533945,533946,1,0
533945,533946,533947,1,1
533945,533946,533947,1,1
533945,533947,533948,1,2
533945,533947,533948,1,2
533945,533947,533948,1,2
533945,533947,533949,2,2
533945,533947,533948,1,2
533945,533948,533949,1,3
533945,533947,533948,1,2
533945,533947,533949,2,2
533945,533948,533949,1,3
533945,533948,533949,1,3
533945,533949,533950,1,4
533945,533949,533950,1,4
533945,533949,533950,1,4
533945,533949,533951,2,4
533945,533949,533951,2,4
533945,533950,533951,1,5
533945,533949,533951,2,4
533945,533949,533951,2,4
533945,533950,533951,1,5
533945,533950,533951,1,5
533945,533951,533952,1,6
533945,533951,533952,1,6
533945,533951,533953,2,6
533945,533951,533953,2,6
533945,533951,533952,1,6
533945,533951,533953,2,6
533945,533951,533953,2,6
533945,533952,533953,1,7
533945,533952,533953,1,7
533945,533953,533954,1,8
533945,533953,533954,1,8
533945,533953,533954,1,8
533945,533953,533955,2,8
533945,533953,533955,2,8
533945,533953,533955,2,8
533945,533954,533955,1,9
533945,533954,533955,1,9
533945,533953,533955,2,8
533945,533954,533955,1,9
533945,533955,533956,1,10
533945,533955,533957,2,10
533945,533955,533957,2,10
533945,533955,533956,1,10
533945,533956,533957,1,11
533945,533955,533957,2,10
533945,533956,533957,1,11
533945,533956,533958,2,11
533945,533957,533959,2,12
533945,533958,533959,1,13
533945,533958,533960,2,13
533945,533958,533959,1,13
533945,533957,533959,2,12
533945,533959,533961,2,14
533945,533959,533961,2,14
533945,533960,533961,1,15
533945,533961,533962,1,16
533945,533960,533962,2,15
533945,533960,533961,1,15
533945,533960,533962,2,15
533945,533961,533963,2,16
533945,533962,533963,1,17
533945,533962,533963,1,17
533945,533962,533963,1,17
533945,533961,533964,3,16
533945,533963,533964,1,18
533945,533964,533965,1,19
533945,533964,533965,1,19
533945,533962,533964,2,17
533945,533964,533965,1,19
533945,533965,533966,1,20
533945,533963,533965,2,18
533945,533965,533967,2,20
533945,533965,533966,1,20
533945,533965,533966,1,20
533945,533965,533967,2,20
533945,533965,533966,1,20
533945,533966,533967,1,21
533945,533967,533968,1,22
533945,533967,533969,2,22
533945,533966,533969,3,21
533945,533967,533969,2,22
533945,533967,533969,2,22
533945,533968,533969,1,23
533945,533967,533970,3,22
533945,533969,533970,1,24
533945,533969,533971,2,24
533945,533970,533971,1,25
533945,533971,533972,1,26
533945,533971,533972,1,26
533945,533969,533972,3,24
533945,533970,533972,2,25
533945,533970,533972,2,25
533945,533972,533973,1,27
533945,533972,533973,1,27
533945,533970,533972,2,25
533945,533972,533973,1,27
533945,533973,533974,1,28
533945,533973,533974,1,28
533945,533972,533974,2,27
533945,533973,533974,1,28
533945,533973,533974,1,28
533945,533973,533974,1,28
533945,533974,533975,1,29
533945,533973,533975,2,28
533945,533974,533975,1,29
533945,533974,533975,1,29
533945,533975,533976,1,30
533945,533975,533977,2,30
533945,533976,533977,1,31
533945,533976,533977,1,31
533945,533976,533977,1,31
533945,533974,533977,3,29
533945,533975,533977,2,30
533945,533977,533978,1,32
533945,533977,533978,1,32
533945,533975,533977,2,30
533945,533978,533979,1,33
533945,533977,533979,2,32
533945,533978,533979,1,33
533945,533978,533979,1,33
533945,533978,533980,2,33
533945,533978,533980,2,33
533945,533978,533980,2,33
533945,533979,533980,1,34
533945,533979,533980,1,34
533945,533979,533981,2,34
533945,533980,533982,2,35
533945,533980,533982,2,35
533945,533980,533982,2,35
533945,533981,533982,1,36
533945,533980,533982,2,35
533945,533980,533983,3,35
533945,533981,533983,2,36
533945,533982,533984,2,37
533945,533983,533984,1,38
533945,533983,533984,1,38
533945,533983,533984,1,38
533966,533983,533985,2,17
533966,533984,533986,2,18
533966,533984,533986,2,18
533966,533985,533986,1,19
533966,533985,533987,2,19
533966,533987,533988,1,21
533966,533986,533988,2,20
533966,533986,533988,2,20
533966,533988,533989,1,22
533966,533988,533989,1,22
533966,533988,533989,1,22
533966,533988,533990,2,22
533966,533988,533990,2,22
533966,533989,533990,1,23
533966,533989,533990,1,23
533966,533990,533991,1,24
533966,533988,533991,3,22
533966,533991,533992,1,25
533966,533991,533992,1,25
533966,533991,533992,1,25
533966,533990,533993,3,24
533966,533992,533993,1,26
533966,533991,533993,2,25
533966,533993,533994,1,27
533966,533993,533994,1,27
533966,533993,533994,1,27
533966,533994,533995,1,28
533966,533994,533996,2,28
533966,533994,533995,1,28
533966,533994,533995,1,28
533966,533994,533996,2,28
533966,533995,533996,1,29
533966,533996,533997,1,30
533966,533996,533997,1,30
533966,533996,533997,1,30
533966,533996,533998,2,30
533966,533997,533998,1,31
533966,533997,533998,1,31
533966,533997,533998,1,31
533966,533997,533999,2,31
533966,533998,534001,3,32
533966,533999,534001,2,33
533966,533999,534000,1,33
533966,533999,534000,1,33
533966,533999,534000,1,33
533966,534000,534002,2,34
533966,534001,534002,1,35
533966,534001,534002,1,35
533966,534001,534002,1,35
533966,534001,534003,2,35
533966,534001,534003,2,35
533966,534002,534004,2,36
533966,534003,534004,1,37
533966,534003,534004,1,37
533966,534003,534005,2,37
533966,534004,534006,2,38
533966,534005,534006,1,39
533966,534005,534007,2,39
533966,534005,534007,2,39
533966,534004,534007,3,38
533966,534005,534007,2,39
533966,534007,534009,2,41
533966,534007,534009,2,41
533966,534007,534009,2,41
533966,534007,534009,2,41
533966,534008,534010,2,42
533966,534008,534011,3,42
533966,534009,534011,2,43
533966,534009,534011,2,43
533966,534009,534011,2,43
533966,534011,534013,2,45
533966,534011,534013,2,45
533966,534011,534013,2,45
533966,534010,534013,3,44
533966,534011,534014,3,45
533966,534011,534013,2,45
533966,534013,534015,2,47
533966,534013,534015,2,47
533966,534013,534015,2,47
533966,534014,534016,2,48
533966,534014,534017,3,48
533966,534014,534016,2,48
533966,534015,534017,2,49
533966,534016,534017,1,50
533966,534016,534017,1,50
533966,534017,534019,2,51
533966,534018,534019,1,52
533966,534018,534019,1,52
533966,534017,534020,3,51
533966,534017,534020,3,51
533966,534017,534020,3,51
533966,534019,534021,2,53
533966,534020,534021,1,54
533966,534020,534021,1,54
533966,534020,534022,2,54
533966,534022,534023,1,56
533966,534020,534022,2,54
533966,534021,534022,1,55
533966,534022,534023,1,56
533966,534023,534024,1,57
533966,534021,534023,2,55
533966,534023,534024,1,57
533966,534024,534025,1,58
533966,534022,534024,2,56
533966,534023,534025,2,57
533966,534024,534025,1,58
533966,534024,534025,1,58
533966,534025,534026,1,59
533966,534026,534027,1,60
533966,534024,534026,2,58
533966,534025,534027,2,59
533966,534025,534027,2,59
533966,534026,534027,1,60
533966,534025,534027,2,59
533966,534027,534028,1,61
533966,534027,534029,2,61
533966,534028,534029,1,62
533966,534027,534030,3,61
533966,534027,534030,3,61
533966,534029,534030,1,63
533966,534029,534031,2,63
533966,534028,534031,3,62
533966,534030,534031,1,64
533966,534031,534032,1,65
533966,534030,534033,3,64
533966,534031,534033,2,65
533966,534030,534033,3,64
533966,534032,534033,1,66
533966,534031,534034,3,65
533966,534033,534035,2,67
533966,534033,534036,3,67
533966,534034,534036,2,68
533966,534033,534036,3,67
533966,534035,534036,1,69
533966,534033,534037,4,67
533966,534035,534037,2,69
533966,534036,534038,2,70
533966,534036,534038,2,70
533966,534036,534039,3,70
533966,534037,534038,1,71
533966,534038,534040,2,72
533966,534038,534040,2,72
533966,534039,534041,2,73
533966,534038,534041,3,72
530941,530963,534278,3315,22
534392,534392,534393,1,0
534392,534392,534393,1,0
534392,534392,534393,1,0
534392,534394,534396,2,2
534392,534394,534396,2,2
534392,534394,534396,2,2
534392,534396,534397,1,4
534392,534396,534397,1,4
534392,534396,534397,1,4
534392,534396,534397,1,4
534392,534397,534398,1,5
534392,534398,534399,1,6
534392,534398,534400,2,6
534392,534398,534400,2,6
534392,534398,534399,1,6
534392,534399,534400,1,7
534392,534400,534401,1,8
534392,534400,534401,1,8
534392,534400,534402,2,8
534392,534400,534401,1,8
534392,534401,534402,1,9
534392,534402,534403,1,10
534392,534402,534404,2,10
534392,534402,534404,2,10
534392,534402,534403,1,10
534392,534403,534404,1,11
534392,534404,534405,1,12
534392,534404,534405,1,12
534392,534404,534406,2,12
534392,534404,534406,2,12
534392,534406,534408,2,14
534392,534406,534408,2,14
534392,534406,534408,2,14
534392,534408,534409,1,16
534392,534408,534410,2,16
534392,534408,534410,2,16
534392,534408,534410,2,16
534392,534410,534411,1,18
534392,534410,534411,1,18
534392,534411,534412,1,19
534392,534410,534412,2,18
534392,534410,534412,2,18
534392,534412,534413,1,20
534392,534411,534413,2,19
534392,534413,534414,1,21
534392,534412,534414,2,20
534392,534413,534414,1,21
534392,534414,534415,1,22
534392,534414,534415,1,22
534392,534415,534416,1,23
534392,534414,534416,2,22
534392,534415,534416,1,23
534392,534416,534417,1,24
534392,534416,534417,1,24
534392,534416,534418,2,24
534392,534417,534418,1,25
534392,534418,534420,2,26
534392,534418,534419,1,26
534392,534418,534420,2,26
534392,534420,534421,1,28
534392,534419,534421,2,27
534392,534420,534421,1,28
534392,534421,534422,1,29
534392,534420,534422,2,28
534392,534422,534423,1,30
534392,534422,534424,2,30
534392,534423,534424,1,31
534392,534422,534424,2,30
534392,534422,534425,3,30
534392,534424,534426,2,32
534392,534424,534426,2,32
534392,534424,534426,2,32
534392,534425,534426,1,33
534392,534426,534427,1,34
534392,534426,534428,2,34
534392,534427,534428,1,35
534392,534427,534428,1,35
534392,534427,534428,1,35
534392,534428,534429,1,36
534392,534428,534429,1,36
534392,534429,534430,1,37
534392,534429,534430,1,37
534392,534429,534430,1,37
534392,534431,534432,1,39
534392,534431,534432,1,39
534392,534430,534432,2,38
534392,534431,534433,2,39
534392,534433,534434,1,41
534392,534433,534435,2,41
534392,534433,534434,1,41
534392,534435,534436,1,43
534392,534435,534437,2,43
534392,534435,534436,1,43
534392,534437,534438,1,45
534392,534437,534438,1,45
534392,534437,534438,1,45
534392,534437,534438,1,45
534392,534439,534440,1,47
534392,534439,534440,1,47
534392,534440,534441,1,48
534392,534439,534441,2,47
534392,534439,534441,2,47
534392,534441,534442,1,49
534392,534441,534442,1,49
534392,534442,534443,1,50
534392,534441,534443,2,49
534392,534441,534442,1,49
534392,534443,534444,1,51
534392,534443,534444,1,51
534392,534444,534445,1,52
534392,534444,534445,1,52
534392,534444,534445,1,52
534392,534445,534446,1,53
534392,534446,534447,1,54
534392,534445,534446,1,53
534392,534446,534447,1,54
534392,534446,534447,1,54
534392,534447,534448,1,55
534392,534447,534449,2,55
534392,534448,534449,1,56
534392,534447,534449,2,55
534392,534448,534449,1,56
534392,534449,534450,1,57
534392,534449,534450,1,57
534392,534450,534451,1,58
534392,534450,534451,1,58
534392,534450,534451,1,58
534392,534451,534452,1,59
534392,534451,534453,2,59
534392,534452,534453,1,60
534392,534452,534453,1,60
534392,534452,534454,2,60
534392,534453,534454,1,61
534392,534453,534454,1,61
534392,534454,534455,1,62
534392,534454,534455,1,62
534392,534454,534455,1,62
534392,534455,534456,1,63
534392,534455,534457,2,63
534392,534456,534458,2,64
534516,534516,534517,1,0
534516,534516,534518,2,0
534516,534518,534519,1,2
534516,534520,534521,1,4
534516,534519,534521,2,3
534516,534522,534523,1,6
534516,534522,534523,1,6
534516,534524,534525,1,8
534516,534524,534526,2,8
534516,534526,534527,1,10
534516,534526,534527,1,10
534516,534528,534529,1,12
534516,534528,534530,2,12
534516,534530,534532,2,14
534516,534530,534532,2,14
534516,534532,534533,1,16
534516,534532,534534,2,16
534516,534534,534535,1,18
534516,534534,534536,2,18
534516,534536,534537,1,20
534516,534536,534537,1,20
534516,534538,534539,1,22
534516,534538,534540,2,22
534516,534540,534542,2,24
534516,534540,534542,2,24
534516,534542,534543,1,26
534516,534543,534544,1,27
534516,534544,534546,2,28
534516,534545,534547,2,29
534516,534546,534548,2,30
534516,534547,534548,1,31
534516,534548,534550,2,32
534516,534549,534551,2,33
534516,534550,534552,2,34
534516,534551,534552,1,35
534516,534552,534554,2,36
534516,534553,534555,2,37
534516,534554,534556,2,38
534516,534555,534556,1,39
534516,534557,534558,1,41
534516,534557,534559,2,41
534516,534559,534561,2,43
534516,534559,534561,2,43
534516,534562,534563,1,46
534516,534561,534563,2,45
534516,534564,534565,1,48
534516,534564,534566,2,48
534516,534566,534567,1,50
534516,534566,534568,2,50
534516,534568,534569,1,52
534516,534569,534571,2,53
534516,534570,534572,2,54
534516,534571,534573,2,55
534516,534572,534574,2,56
534516,534573,534575,2,57
534516,534574,534575,1,58
534516,534576,534577,1,60
534516,534576,534578,2,60
534516,534578,534580,2,62
534516,534579,534580,1,63
534516,534581,534582,1,65
534516,534581,534583,2,65
534516,534583,534585,2,67
534516,534583,534585,2,67
534516,534585,534587,2,69
534516,534586,534588,2,70
534516,534587,534589,2,71
534516,534589,534590,1,73
534516,534589,534591,2,73
534516,534591,534592,1,75
534516,534592,534594,2,76
534516,534593,534594,1,77
534516,534594,534596,2,78
534516,534595,534596,1,79
534516,534596,534598,2,80
534516,534597,534598,1,81
534516,534598,534600,2,82
534516,534599,534600,1,83
534516,534600,534602,2,84
534516,534601,534602,1,85
534516,534602,534604,2,86
534516,534603,534604,1,87
534516,534604,534606,2,88
534516,534605,534606,1,89
534516,534606,534608,2,90
534516,534607,534609,2,91
534516,534608,534610,2,92
534516,534609,534611,2,93
534516,534611,534612,1,95
534516,534610,534612,2,94
534516,534613,534615,2,97
534516,534614,534615,1,98
534516,534615,534617,2,99
534516,534616,534617,1,100
534516,534617,534619,2,101
534516,534618,534619,1,102
534516,534619,534620,1,103
534516,534620,534621,1,104
534516,534621,534623,2,105
534516,534622,534624,2,106
534516,534623,534625,2,107
534516,534624,534626,2,108
534516,534625,534627,2,109
534516,534626,534627,1,110
534516,534627,534629,2,111
534516,534628,534629,1,112
534516,534629,534631,2,113
534516,534630,534631,1,114
534516,534631,534633,2,115
534516,534632,534633,1,116
534516,534633,534635,2,117
534516,534634,534635,1,118
534516,534635,534637,2,119
534516,534636,534638,2,120
534516,534638,534639,1,122
534516,534638,534639,1,122
534516,534640,534641,1,124
534516,534640,534642,2,124
534516,534642,534643,1,126
534516,534642,534644,2,126
534516,534644,534645,1,128
534516,534644,534646,2,128
534516,534646,534647,1,130
534516,534647,534649,2,131
534516,534648,534649,1,132
534516,534649,534651,2,133
534516,534650,534651,1,134
534516,534651,534652,1,135
534516,534652,534653,1,136
534516,534653,534654,1,137
534516,534654,534655,1,138
534516,534655,534657,2,139
534516,534656,534659,3,140
534516,534657,534660,3,141
534516,534659,534660,1,143
534516,534660,534662,2,144
534516,534662,534664,2,146
534516,534661,534664,3,145
534516,534664,534666,2,148
534516,534666,534668,2,150
534516,534665,534669,4,149
534516,534668,534670,2,152
534516,534669,534670,1,153
534516,534670,534672,2,154
534516,534671,534673,2,155
534516,534673,534675,2,157
534516,534673,534677,4,157
534516,534676,534678,2,160
534516,534678,534680,2,162
534516,534679,534680,1,163
534638,534681,534682,1,43
534638,534682,534683,1,44
534638,534680,534683,3,42
534638,534684,534685,1,46
534638,534685,534686,1,47
534638,534684,534687,3,46
534638,534687,534688,1,49
534638,534687,534689,2,49
534638,534689,534690,1,51
534638,534688,534689,1,50
534638,534690,534691,1,52
534638,534691,534693,2,53
534638,534690,534693,3,52
534638,534693,534694,1,55
534638,534693,534695,2,55
534638,534694,534696,2,56
534638,534695,534696,1,57
534638,534697,534698,1,59
534638,534696,534697,1,58
534638,534698,534700,2,60
534638,534698,534700,2,60
534638,534700,534701,1,62
534638,534701,534703,2,63
534638,534700,534703,3,62
534638,534703,534704,1,65
534638,534703,534704,1,65
534638,534704,534706,2,66
534638,534705,534706,1,67
534638,534706,534708,2,68
534638,534708,534710,2,70
534638,534707,534710,3,69
534638,534710,534712,2,72
534638,534711,534712,1,73
534638,534712,534714,2,74
534638,534715,534716,1,77
534638,534713,534716,3,75
534638,534717,534718,1,79
534638,534717,534718,1,79
534638,534719,534720,1,81
534638,534721,534722,1,83
534638,534719,534722,3,81
534638,534723,534724,1,85
534638,534723,534724,1,85
534638,534725,534726,1,87
534638,534725,534728,3,87
534638,534727,534728,1,89
534638,534729,534730,1,91
534638,534729,534730,1,91
534638,534731,534732,1,93
534638,534731,534734,3,93
534638,534733,534734,1,95
534638,534735,534737,2,97
534638,534735,534737,2,97
534638,534737,534738,1,99
534638,534737,534738,1,99
534638,534739,534740,1,101
534638,534739,534741,2,101
534638,534741,534743,2,103
534638,534741,534743,2,103
534638,534743,534745,2,105
534638,534744,534745,1,106
534638,534745,534748,3,107
534638,534746,534749,3,108
534638,534748,534750,2,110
534638,534749,534750,1,111
534638,534750,534752,2,112
534638,534751,534753,2,113
534638,534752,534754,2,114
534638,534753,534754,1,115
534638,534754,534756,2,116
534638,534755,534757,2,117
534638,534757,534759,2,119
534638,534756,534758,2,118
534638,534759,534761,2,121
534638,534759,534761,2,121
534638,534761,534763,2,123
534638,534762,534764,2,124
534638,534763,534765,2,125
534638,534765,534766,1,127
534638,534765,534767,2,127
534638,534767,534769,2,129
534638,534767,534769,2,129
534638,534769,534771,2,131
534638,534770,534771,1,132
534638,534771,534773,2,133
534638,534772,534773,1,134
534638,534774,534775,1,136
534638,534774,534775,1,136
534638,534776,534777,1,138
534638,534776,534777,1,138
534638,534778,534779,1,140
534638,534778,534779,1,140
534638,534780,534782,2,142
534638,534780,534781,1,142
534638,534782,534783,1,144
534638,534782,534783,1,144
534638,534784,534786,2,146
534638,534784,534785,1,146
534638,534786,534787,1,148
534638,534786,534787,1,148
534638,534788,534789,1,150
534638,534788,534790,2,150
534638,534790,534791,1,152
534638,534790,534791,1,152
534638,534792,534793,1,154
534638,534792,534793,1,154
534638,534794,534795,1,156
534638,534794,534795,1,156
534638,534796,534797,1,158
534638,534796,534797,1,158
534638,534798,534800,2,160
534638,534798,534799,1,160
534638,534800,534801,1,162
534638,534800,534801,1,162
534638,534801,534802,1,163
534638,534803,534804,1,165
534638,534802,534804,2,164
534638,534804,534806,2,166
534638,534804,534806,2,166
534638,534806,534808,2,168
534638,534806,534808,2,168
534638,534808,534810,2,170
534638,534808,534810,2,170
534638,534810,534811,1,172
534638,534810,534812,2,172
534638,534811,534813,2,173
534638,534812,534814,2,174
534638,534813,534815,2,175
534638,534814,534816,2,176
531474,531509,534816,3307,35
534638,534815,534817,2,177
534638,534816,534818,2,178
534638,534817,534819,2,179
534638,534819,534820,1,181
534638,534819,534820,1,181
534638,534821,534822,1,183
534638,534821,534823,2,183
534638,534823,534824,1,185
534638,534823,534824,1,185
534638,534824,534825,1,186
534638,534823,534825,2,185
534638,534825,534826,1,187
534638,534825,534826,1,187
534638,534826,534827,1,188
534638,534825,534827,2,187
534771,534827,534828,1,56
534771,534828,534829,1,57
534771,534828,534829,1,57
534771,534829,534830,1,58
534771,534830,534831,1,59
534771,534830,534831,1,59
534771,534831,534832,1,60
534771,534832,534833,1,61
534771,534832,534833,1,61
534771,534833,534834,1,62
534771,534834,534835,1,63
534771,534834,534835,1,63
534771,534835,534836,1,64
534771,534836,534837,1,65
534771,534836,534837,1,65
534771,534837,534838,1,66
534771,534838,534839,1,67
534771,534838,534839,1,67
534771,534839,534840,1,68
534771,534840,534841,1,69
534771,534840,534841,1,69
534771,534841,534842,1,70
534771,534842,534843,1,71
534771,534842,534843,1,71
534771,534843,534844,1,72
534771,534844,534845,1,73
534771,534844,534845,1,73
534771,534845,534846,1,74
534771,534846,534847,1,75
534771,534846,534847,1,75
534771,534848,534849,1,77
534771,534850,534851,1,79
534771,534852,534853,1,81
531485,531509,534854,3345,24
534771,534854,534855,1,83
534771,534855,534856,1,84
534771,534856,534857,1,85
534771,534856,534857,1,85
534771,534857,534858,1,86
534771,534857,534858,1,86
534771,534858,534859,1,87
534771,534859,534860,1,88
534771,534859,534861,2,88
534771,534860,534861,1,89
534771,534861,534862,1,90
534771,534861,534862,1,90
534771,534862,534863,1,91
534771,534863,534864,1,92
534771,534863,534865,2,92
534771,534864,534865,1,93
534771,534865,534866,1,94
534771,534865,534866,1,94
534771,534866,534867,1,95
534771,534867,534868,1,96
534771,534867,534868,1,96
534771,534870,534871,1,99
534771,534869,534871,2,98
534771,534871,534872,1,100
534771,534872,534873,1,101
534771,534871,534873,2,100
534771,534873,534874,1,102
534771,534874,534875,1,103
534771,534873,534875,2,102
534771,534875,534876,1,104
530012,530047,534876,4829,35
534771,534876,534877,1,105
534771,534875,534877,2,104
534771,534877,534878,1,106
534771,534877,534879,2,106
534771,534877,534879,2,106
534771,534878,534879,1,107
534771,534879,534880,1,108
534771,534879,534880,1,108
534771,534880,534881,1,109
534771,534879,534881,2,108
534771,534880,534881,1,109
534771,534881,534882,1,110
534771,534881,534882,1,110
534771,534881,534882,1,110
534771,534882,534883,1,111
534771,534881,534883,2,110
534771,534883,534884,1,112
534771,534882,534885,3,111
534771,534884,534885,1,113
534771,534883,534885,2,112
534771,534885,534886,1,114
534771,534885,534886,1,114
534771,534886,534887,1,115
534771,534886,534887,1,115
534771,534887,534888,1,116
534771,534886,534888,2,115
534771,534888,534889,1,117
534771,534888,534889,1,117
534771,534889,534890,1,118
534771,534889,534890,1,118
534771,534890,534891,1,119
534771,534890,534891,1,119
534771,534891,534892,1,120
534771,534890,534892,2,119
534771,534892,534893,1,121
534771,534892,534893,1,121
534771,534893,534894,1,122
534771,534893,534894,1,122
534771,534894,534895,1,123
534771,534894,534895,1,123
534771,534894,534898,4,123
534905,534905,534906,1,0
534905,534906,534907,1,1
534905,534907,534908,1,2
534905,534905,534908,3,0
534905,534909,534910,1,4
534905,534909,534910,1,4
534905,534910,534911,1,5
534905,534911,534912,1,6
534905,534912,534913,1,7
534905,534911,534914,3,6
534905,534913,534914,1,8
534905,534914,534915,1,9
534905,534914,534915,1,9
534905,534915,534916,1,10
534905,534916,534917,1,11
534905,534917,534918,1,12
534905,534916,534919,3,11
534905,534918,534919,1,13
534905,534919,534920,1,14
534905,534919,534920,1,14
534905,534920,534921,1,15
534905,534921,534922,1,16
534905,534922,534923,1,17
534905,534921,534924,3,16
534905,534923,534924,1,18
534905,534924,534925,1,19
534905,534924,534925,1,19
534905,534925,534926,1,20
534905,534926,534928,2,21
534905,534928,534932,4,23
534905,534932,534934,2,27
534905,534934,534935,1,29
534905,534936,534937,1,31
534905,534937,534938,1,32
534905,534934,534937,3,29
534905,534938,534939,1,33
534905,534939,534940,1,34
534905,534938,534940,2,33
534905,534940,534941,1,35
534905,534941,534942,1,36
534905,534942,534943,1,37
534905,534940,534943,3,35
534905,534943,534944,1,38
534905,534944,534945,1,39
534905,534946,534947,1,41
534905,534943,534947,4,38
534905,534947,534948,1,42
534905,534948,534949,1,43
534905,534947,534949,2,42
534905,534949,534950,1,44
534905,534951,534952,1,46
534905,534949,534953,4,44
534905,534953,534954,1,48
534905,534953,534955,2,48
534905,534955,534956,1,50
534905,534956,534957,1,51
534905,534957,534958,1,52
534905,534959,534960,1,54
534905,534958,534961,3,53
534905,534960,534961,1,55
534905,534962,534963,1,57
534905,534962,534963,1,57
534905,534964,534966,2,59
534905,534966,534967,1,61
534905,534964,534967,3,59
534905,534968,534969,1,63
534905,534968,534969,1,63
534905,534971,534972,1,66
534905,534973,534974,1,68
534905,534970,534973,3,65
534905,534974,534975,1,69
534905,534976,534977,1,71
534905,534974,534977,3,69
534905,534977,534978,1,72
534905,534978,534979,1,73
534905,534977,534978,1,72
534905,534980,534981,1,75
534905,534979,534982,3,74
534905,534982,534983,1,77
534905,534983,534985,2,78
534905,534983,534984,1,78
534905,534985,534986,1,80
534905,534987,534988,1,82
534905,534985,534989,4,80
534905,534988,534989,1,83
534905,534989,534991,2,84
534905,534990,534991,1,85
534905,534992,534993,1,87
534905,534993,534994,1,88
534905,534991,534994,3,86
534905,534994,534995,1,89
534905,534995,534996,1,90
534905,534995,534996,1,90
534905,534997,534998,1,92
534905,534998,534999,1,93
534905,534997,535000,3,92
534905,534999,535000,1,94
534905,535000,535001,1,95
534905,535001,535002,1,96
534905,535002,535003,1,97
534905,535002,535003,1,97
534905,535003,535004,1,98
534905,535004,535005,1,99
534905,535005,535006,1,100
534905,535004,535007,3,99
534905,535006,535007,1,101
534905,535008,535009,1,103
534905,535007,535010,3,102
534905,535010,535011,1,105
534905,535010,535011,1,105
534905,535012,535015,3,107
534905,535015,535016,1,110
534905,535016,535017,1,111
534905,535015,535016,1,110
534905,535017,535018,1,112
534905,535017,535019,2,112
534905,535018,535019,1,113
534905,535020,535021,1,115
534905,535019,535022,3,114
534905,535022,535023,1,117
534905,535022,535024,2,117
534905,535024,535025,1,119
534905,535025,535026,1,120
534905,535024,535027,3,119
534905,535027,535028,1,122
534905,535029,535030,1,124
534905,535027,535031,4,122
534905,535031,535032,1,126
534905,535031,535033,2,126
534905,535033,535034,1,128
534905,535033,535035,2,128
534905,535035,535036,1,130
534905,535037,535038,1,132
534905,535036,535039,3,131
534905,535039,535040,1,134
535027,535041,535042,1,14
535027,535042,535043,1,15
534905,535040,535043,3,135
535027,535043,535044,1,16
535027,535044,535045,1,17
535027,535045,535046,1,18
535027,535046,535047,1,19
535027,535045,535047,2,18
535027,535047,535048,1,20
535027,535048,535049,1,21
535027,535048,535049,1,21
535027,535049,535050,1,22
535027,535050,535051,1,23
535027,535051,535052,1,24
535027,535050,535052,2,23
535027,535053,535054,1,26
531619,531658,535056,3398,39
535027,535055,535057,2,28
530156,530184,535058,4874,28
535027,535058,535059,1,31
535027,535059,535063,4,32
535027,535060,535063,3,33
535027,535063,535064,1,36
535027,535064,535065,1,37
535027,535064,535065,1,37
530280,530297,535066,4769,17
535027,535067,535068,1,40
535027,535067,535068,1,40
535027,535068,535069,1,41
535027,535068,535069,1,41
535027,535065,535069,4,38
535027,535069,535070,1,42
535027,535069,535070,1,42
535027,535065,535070,5,38
535027,535070,535071,1,43
535027,535070,535071,1,43
535027,535070,535071,1,43
535027,535071,535072,1,44
535027,535071,535072,1,44
535027,535071,535072,1,44
535027,535072,535073,1,45
535027,535072,535073,1,45
535027,535073,535074,1,46
535027,535073,535074,1,46
535027,535074,535075,1,47
535027,535074,535075,1,47
535027,535072,535076,4,45
535027,535072,535077,5,45
535027,535076,535077,1,49
535027,535067,535077,10,40
535027,535077,535078,1,50
535027,535078,535080,2,51
535027,535077,535081,4,50
535027,535078,535082,4,51
535027,535082,535083,1,55
535027,535082,535083,1,55
535027,535081,535083,2,54
535027,535084,535086,2,57
535027,535083,535087,4,56
535027,535083,535087,4,56
535027,535087,535088,1,60
535027,535087,535088,1,60
535027,535088,535089,1,61
535027,535088,535089,1,61
535027,535088,535089,1,61
535027,535087,535088,1,60
535027,535089,535090,1,62
535027,535089,535090,1,62
535027,535090,535091,1,63
535027,535090,535091,1,63
535027,535089,535091,2,62
535027,535091,535092,1,64
535027,535091,535092,1,64
535027,535092,535093,1,65
535027,535092,535093,1,65
535027,535092,535093,1,65
535027,535088,535093,5,61
535027,535089,535093,4,62
535027,535093,535094,1,66
535027,535093,535094,1,66
535027,535093,535094,1,66
535027,535093,535094,1,66
535027,535094,535095,1,67
535027,535094,535095,1,67
535027,535094,535096,2,67
535027,535095,535096,1,68
535027,535095,535096,1,68
535027,535096,535097,1,69
535027,535094,535098,4,67
535027,535095,535099,4,68
535027,535098,535099,1,71
535027,535097,535099,2,70
535027,535100,535101,1,73
535027,535100,535101,1,73
535027,535099,535102,3,72
535027,535101,535104,3,74
535173,535173,535174,1,0
535173,535173,535174,1,0
535173,535173,535175,2,0
535173,535175,535176,1,2
535173,535176,535177,1,3
535173,535177,535178,1,4
535173,535173,535179,6,0
535173,535175,535179,4,2
535173,535179,535180,1,6
535173,535178,535181,3,5
535173,535180,535181,1,7
535173,535180,535181,1,7
535173,535181,535182,1,8
535173,535183,535184,1,10
535173,535181,535184,3,8
535173,535182,535187,5,9
535173,535182,535187,5,9
535173,535185,535186,1,12
535173,535187,535189,2,14
535173,535185,535188,3,12
535173,535187,535188,1,14
535173,535187,535189,2,14
535173,535189,535191,2,16
535173,535189,535190,1,16
535173,535191,535192,1,18
535173,535191,535193,2,18
535173,535190,535194,4,17
535173,535193,535194,1,20
535173,535189,535196,7,16
535173,535195,535196,1,22
535173,535195,535196,1,22
535173,535194,535196,2,21
535173,535196,535197,1,23
535173,535196,535198,2,23
535173,535197,535200,3,24
535173,535198,535200,2,25
535173,535200,535202,2,27
535173,535200,535201,1,27
535173,535197,535202,5,24
535173,535199,535204,5,26
535173,535202,535204,2,29
535173,535202,535203,1,29
535173,535203,535205,2,30
535173,535204,535206,2,31
535173,535204,535208,4,31
535173,535206,535208,2,33
535173,535204,535210,6,31
535173,535208,535210,2,35
535173,535206,535211,5,33
535173,535210,535212,2,37
535173,535208,535211,3,35
535173,535210,535212,2,37
535173,535211,535213,2,38
535173,535212,535214,2,39
535173,535212,535214,2,39
535173,535214,535216,2,41
535173,535214,535216,2,41
535173,535216,535218,2,43
535173,535214,535219,5,41
535173,535218,535220,2,45
535173,535212,535220,8,39
535173,535217,535221,4,44
535173,535219,535221,2,46
535173,535220,535222,2,47
535173,535221,535224,3,48
535173,535223,535224,1,50
535173,535221,535225,4,48
535173,535225,535226,1,52
535173,535222,535227,5,49
535173,535225,535228,3,52
535173,535227,535228,1,54
535173,535229,535230,1,56
535173,535228,535231,3,55
535173,535224,535231,7,51
535173,535227,535232,5,54
535173,535231,535232,1,58
535173,535232,535234,2,59
535173,535232,535234,2,59
535173,535233,535234,1,60
535173,535232,535235,3,59
535173,535235,535236,1,62
535173,535235,535236,1,62
535173,535236,535238,2,63
535173,535237,535239,2,64
535173,535239,535240,1,66
535173,535237,535241,4,64
535173,535239,535242,3,66
535173,535235,535242,7,62
535173,535241,535242,1,68
535173,535242,535244,2,69
535173,535243,535245,2,70
535173,535243,535245,2,70
535173,535243,535248,5,70
535173,535246,535248,2,73
535173,535246,535250,4,73
535173,535245,535250,5,72
535173,535249,535251,2,76
535173,535249,535252,3,76
535173,535251,535252,1,78
535173,535250,535253,3,77
535173,535252,535254,2,79
535173,535253,535254,1,80
535173,535254,535256,2,81
535173,535255,535257,2,82
535173,535255,535256,1,82
535173,535257,535258,1,84
535173,535257,535259,2,84
535173,535251,535258,7,78
535173,535258,535259,1,85
535173,535257,535261,4,84
535173,535259,535262,3,86
535173,535260,535261,1,87
535173,535259,535263,4,86
535173,535262,535263,1,89
535173,535262,535265,3,89
535173,535264,535266,2,91
535173,535264,535266,2,91
535173,535262,535266,4,89
535173,535265,535267,2,92
535173,535266,535268,2,93
535173,535266,535268,2,93
535173,535268,535270,2,95
535173,535268,535271,3,95
535173,535270,535272,2,97
535173,535268,535274,6,95
535173,535272,535274,2,99
535173,535272,535274,2,99
535173,535267,535274,7,94
535173,535274,535275,1,101
535173,535274,535277,3,101
535173,535275,535278,3,102
535173,535275,535278,3,102
535173,535276,535278,2,103
535173,535278,535280,2,105
535173,535278,535280,2,105
535173,535280,535282,2,107
535173,535278,535283,5,105
535173,535280,535284,4,107
535173,535282,535284,2,109
535173,535277,535285,8,104
535173,535283,535286,3,110
535173,535284,535286,2,111
535173,535284,535287,3,111
535173,535286,535288,2,113
535173,535286,535289,3,113
535173,535288,535290,2,115
535173,535287,535291,4,114
535173,535286,535292,6,113
532010,532041,535292,3251,31
535173,535291,535293,2,118
535295,535295,535296,1,0
535295,535295,535296,1,0
535173,535289,535295,6,116
535295,535296,535297,1,1
535295,535295,535296,1,0
535295,535296,535297,1,1
535295,535295,535297,2,0
535295,535296,535297,1,1
535295,535297,535298,1,2
535295,535297,535298,1,2
535295,535297,535298,1,2
535295,535298,535299,1,3
535295,535298,535299,1,3
535295,535299,535300,1,4
535295,535299,535300,1,4
535295,535299,535301,2,4
535295,535300,535301,1,5
535295,535300,535301,1,5
535295,535298,535302,4,3
535295,535298,535302,4,3
535295,535301,535302,1,6
535295,535301,535302,1,6
535295,535301,535303,2,6
535295,535302,535303,1,7
535295,535302,535303,1,7
535295,535302,535303,1,7
535295,535302,535304,2,7
535295,535303,535304,1,8
535295,535304,535305,1,9
535295,535304,535305,1,9
535295,535303,535306,3,8
535295,535305,535306,1,10
535295,535305,535306,1,10
535295,535306,535307,1,11
535295,535306,535307,1,11
535295,535304,535308,4,9
535295,535304,535308,4,9
535295,535307,535308,1,12
535295,535307,535308,1,12
535295,535306,535308,2,11
535295,535308,535309,1,13
535295,535308,535310,2,13
535295,535308,535309,1,13
535295,535309,535310,1,14
535295,535309,535311,2,14
535295,535310,535314,4,15
535295,535310,535314,4,15
535295,535311,535314,3,16
535295,535314,535316,2,19
535295,535314,535316,2,19
535295,535314,535316,2,19
535295,535316,535317,1,21
535295,535317,535318,1,22
535295,535317,535318,1,22
535295,535318,535319,1,23
535295,535317,535319,2,22
535295,535319,535320,1,24
535295,535319,535320,1,24
535295,535317,535320,3,22
535295,535320,535321,1,25
535295,535320,535321,1,25
535295,535317,535321,4,22
535295,535321,535322,1,26
535295,535321,535322,1,26
535295,535321,535322,1,26
535295,535322,535323,1,27
535295,535322,535323,1,27
535295,535323,535324,1,28
535295,535322,535324,2,27
535295,535324,535325,1,29
535295,535324,535325,1,29
535295,535325,535326,1,30
535295,535325,535326,1,30
535295,535325,535326,1,30
535295,535323,535326,3,28
535295,535326,535327,1,31
535295,535326,535327,1,31
535295,535324,535327,3,29
535295,535327,535328,1,32
535295,535327,535328,1,32
535295,535327,535328,1,32
535295,535328,535329,1,33
535295,535328,535329,1,33
535295,535327,535329,2,32
535295,535329,535330,1,34
535295,535329,535330,1,34
535295,535330,535331,1,35
535295,535330,535331,1,35
535295,535330,535331,1,35
535295,535331,535332,1,36
535295,535331,535332,1,36
535295,535329,535333,4,34
535295,535332,535333,1,37
535295,535332,535333,1,37
535295,535332,535334,2,37
535295,535328,535333,5,33
535295,535333,535334,1,38
535295,535333,535334,1,38
535295,535334,535335,1,39
535295,535334,535335,1,39
535295,535334,535335,1,39
535295,535335,535336,1,40
535295,535335,535336,1,40
535295,535333,535336,3,38
535295,535336,535337,1,41
535295,535336,535337,1,41
535295,535336,535338,2,41
535295,535334,535337,3,39
535295,535337,535338,1,42
535295,535337,535338,1,42
535295,535337,535338,1,42
535295,535338,535339,1,43
535295,535338,535339,1,43
535295,535338,535339,1,43
535295,535339,535340,1,44
535295,535339,535340,1,44
535295,535340,535341,1,45
535295,535340,535342,2,45
535295,535341,535342,1,46
535295,535338,535343,5,43
535295,535339,535342,3,44
535295,535342,535343,1,47
535295,535343,535344,1,48
535295,535342,535343,1,47
535295,535343,535346,3,48
535295,535343,535346,3,48
535295,535344,535346,2,49
535320,535348,535349,1,28
535320,535347,535348,1,27
535320,535347,535349,2,27
535320,535347,535348,1,27
535320,535349,535350,1,29
535320,535350,535351,1,30
535320,535349,535351,2,29
535320,535349,535350,1,29
535320,535349,535352,3,29
535320,535351,535352,1,31
535320,535353,535354,1,33
535320,535351,535353,2,31
535320,535351,535354,3,31
535320,535354,535355,1,34
535320,535352,535355,3,32
535320,535354,535356,2,34
535320,535355,535356,1,35
535320,535354,535357,3,34
535320,535355,535357,2,35
535320,535357,535358,1,37
535320,535356,535359,3,36
535320,535357,535359,2,37
535320,535357,535359,2,37
535320,535359,535360,1,39
535320,535359,535362,3,39
535320,535360,535362,2,40
535320,535361,535362,1,41
535320,535360,535363,3,40
535320,535362,535364,2,42
535320,535363,535364,1,43
535320,535362,535364,2,42
535320,535363,535366,3,43
535320,535364,535366,2,44
535320,535365,535366,1,45
535320,535365,535367,2,45
535320,535367,535368,1,47
535320,535367,535369,2,47
535320,535367,535369,2,47
535320,535369,535370,1,49
535320,535370,535371,1,50
535320,535368,535371,3,48
535320,535370,535372,2,50
535320,535371,535373,2,51
535320,535372,535374,2,52
535320,535373,535375,2,53
535320,535372,535375,3,52
535320,535373,535375,2,53
535320,535375,535377,2,55
535320,535375,535377,2,55
535320,535376,535378,2,56
535320,535377,535379,2,57
535320,535375,535379,4,55
535320,535378,535380,2,58
535320,535379,535381,2,59
535320,535379,535381,2,59
535320,535380,535382,2,60
535320,535381,535383,2,61
535320,535381,535383,2,61
535320,535382,535384,2,62
535320,535383,535385,2,63
535320,535383,535385,2,63
535320,535384,535386,2,64
535320,535386,535387,1,66
535320,535386,535387,1,66
535320,535385,535387,2,65
535320,535388,535389,1,68
535320,535387,535389,2,67
535320,535388,535390,2,68
535320,535390,535391,1,70
535320,535388,535391,3,68
535320,535390,535392,2,70
535320,535392,535393,1,72
535320,535391,535394,3,71
535320,535392,535394,2,72
535320,535394,535395,1,74
535320,535393,535396,3,73
535320,535394,535396,2,74
535320,535396,535397,1,76
535320,535395,535397,2,75
535320,535396,535399,3,76
535320,535398,535399,1,78
535320,535397,535399,2,77
535320,535398,535401,3,78
535320,535400,535401,1,80
535320,535399,535401,2,79
535320,535400,535403,3,80
535320,535402,535404,2,82
535320,535401,535404,3,81
535320,535402,535405,3,82
535320,535404,535406,2,84
535320,535403,535406,3,83
535320,535406,535408,2,86
535320,535404,535408,4,84
535320,535405,535408,3,85
535320,535406,535409,3,86
535320,535408,535410,2,88
535320,535408,535411,3,88
535320,535408,535412,4,88
535320,535409,535412,3,89
535320,535411,535412,1,91
535320,535413,535414,1,93
535320,535412,535414,2,92
535320,535414,535415,1,94
535320,535412,535416,4,92
535320,535412,535416,4,92
535320,535416,535417,1,96
535320,535415,535417,2,95
535320,535417,535418,1,97
535320,535417,535418,1,97
535320,535418,535419,1,98
535320,535418,535420,2,98
535320,535419,535420,1,99
535320,535421,535422,1,101
535320,535420,535423,3,100
535320,535419,535423,4,99
535320,535419,535423,4,99
535320,535423,535425,2,103
535320,535423,535426,3,103
535320,535424,535426,2,104
535320,535424,535426,2,104
535320,535425,535427,2,105
535320,535426,535429,3,106
535320,535427,535429,2,107
535320,535429,535431,2,109
535320,535427,535431,4,107
535320,535427,535431,4,107
535320,535429,535432,3,109
535320,535431,535433,2,111
535320,535432,535434,2,112
535320,535432,535434,2,112
535320,535433,535435,2,113
535320,535432,535436,4,112
535320,535435,535437,2,115
535320,535435,535439,4,115
535320,535436,535439,3,116
535320,535438,535439,1,118
535320,535435,535439,4,115
535320,535440,535441,1,120
535320,535439,535441,2,119
535320,535439,535442,3,119
535320,535442,535443,1,122
535320,535440,535444,4,120
535320,535442,535444,2,122
535320,535444,535446,2,124
535320,535443,535446,3,123
535320,535446,535448,2,126
535320,535445,535449,4,125
535320,535445,535449,4,125
535320,535447,535450,3,127
535442,535449,535451,2,7
535442,535449,535450,1,7
535442,535451,535452,1,9
535442,535451,535452,1,9
535442,535451,535452,1,9
535442,535453,535454,1,11
535442,535453,535454,1,11
535442,535454,535455,1,12
535442,535455,535456,1,13
535442,535453,535455,2,11
535442,535455,535456,1,13
535442,535456,535457,1,14
535442,535454,535456,2,12
535442,535457,535458,1,15
535442,535456,535458,2,14
535442,535457,535458,1,15
535442,535457,535459,2,15
535442,535458,535459,1,16
535442,535459,535460,1,17
535442,535458,535460,2,16
535442,535459,535461,2,17
535442,535460,535461,1,18
535442,535461,535463,2,19
535442,535462,535463,1,20
535442,535461,535463,2,19
535442,535461,535463,2,19
535442,535463,535464,1,21
535442,535463,535464,1,21
535442,535464,535465,1,22
535442,535463,535465,2,21
535442,535463,535465,2,21
535442,535465,535466,1,23
535442,535465,535467,2,23
535442,535466,535467,1,24
535442,535465,535467,2,23
535442,535465,535467,2,23
535442,535467,535468,1,25
535442,535468,535469,1,26
535442,535467,535469,2,25
535442,535467,535469,2,25
535442,535467,535469,2,25
535442,535469,535470,1,27
535442,535469,535471,2,27
535442,535470,535472,2,28
535442,535471,535472,1,29
535442,535470,535472,2,28
535442,535472,535473,1,30
535442,535472,535473,1,30
535442,535472,535474,2,30
535442,535473,535474,1,31
535442,535473,535474,1,31
535442,535474,535475,1,32
535442,535474,535476,2,32
535442,535475,535476,1,33
535442,535474,535476,2,32
535442,535475,535476,1,33
535442,535476,535477,1,34
535442,535476,535478,2,34
535442,535477,535478,1,35
535442,535477,535478,1,35
535442,535477,535478,1,35
535442,535479,535481,2,37
535442,535479,535480,1,37
535442,535478,535480,2,36
535442,535481,535482,1,39
535442,535481,535482,1,39
535442,535481,535483,2,39
535442,535483,535484,1,41
535442,535483,535484,1,41
535442,535484,535485,1,42
535442,535483,535485,2,41
535442,535483,535485,2,41
535442,535486,535487,1,44
535442,535485,535487,2,43
535442,535487,535488,1,45
535442,535486,535488,2,44
535442,535486,535488,2,44
535442,535487,535489,2,45
535442,535488,535489,1,46
535442,535488,535490,2,46
535442,535488,535490,2,46
535442,535489,535491,2,47
535442,535490,535491,1,48
535442,535490,535492,2,48
535442,535490,535492,2,48
535442,535492,535493,1,50
535442,535493,535494,1,51
535442,535491,535493,2,49
535442,535492,535494,2,50
535442,535492,535494,2,50
535442,535494,535495,1,52
535442,535494,535495,1,52
535442,535494,535496,2,52
535442,535496,535497,1,54
535442,535496,535498,2,54
535442,535495,535498,3,53
535442,535498,535499,1,56
535442,535497,535499,2,55
535442,535499,535500,1,57
535442,535498,535500,2,56
535442,535498,535500,2,56
535442,535500,535501,1,58
535442,535499,535501,2,57
535442,535501,535502,1,59
535442,535501,535502,1,59
535442,535502,535503,1,60
535442,535500,535502,2,58
535442,535501,535502,1,59
535442,535503,535504,1,61
535442,535503,535504,1,61
535442,535504,535505,1,62
535442,535503,535505,2,61
535442,535503,535505,2,61
535442,535505,535506,1,63
535442,535505,535506,1,63
535442,535506,535507,1,64
535442,535505,535507,2,63
535442,535505,535507,2,63
535442,535507,535508,1,65
535442,535507,535509,2,65
535442,535508,535509,1,66
535442,535507,535509,2,65
535442,535507,535509,2,65
535442,535509,535510,1,67
535442,535509,535510,1,67
535442,535510,535511,1,68
535442,535510,535512,2,68
535442,535510,535512,2,68
535442,535511,535513,2,69
535442,535512,535513,1,70
535442,535513,535514,1,71
535442,535513,535514,1,71
535442,535513,535514,1,71
535442,535513,535515,2,71
535442,535514,535515,1,72
535442,535515,535516,1,73
535442,535515,535517,2,73
535442,535515,535517,2,73
535599,535599,535601,2,0
535599,535602,535604,2,3
535599,535604,535605,1,5
535599,535606,535608,2,7
535599,535608,535610,2,9
535599,535610,535611,1,11
535599,535612,535613,1,13
535599,535614,535615,1,15
535599,535616,535618,2,17
535599,535618,535620,2,19
535599,535620,535622,2,21
532316,532339,535623,3284,23
535599,535623,535624,1,24
535599,535624,535625,1,25
535599,535622,535624,2,23
535599,535625,535626,1,26
535599,535625,535627,2,26
535599,535627,535628,1,28
535599,535628,535629,1,29
535599,535627,535629,2,28
535599,535629,535630,1,30
535599,535630,535631,1,31
535599,535629,535631,2,30
535599,535631,535632,1,32
535599,535632,535633,1,33
535599,535633,535634,1,34
535599,535631,535634,3,32
535599,535634,535635,1,35
535599,535635,535636,1,36
535599,535634,535636,2,35
535599,535636,535637,1,37
535599,535637,535638,1,38
535599,535636,535638,2,37
535599,535638,535639,1,39
535599,535639,535640,1,40
535599,535638,535640,2,39
535599,535640,535641,1,41
535599,535641,535642,1,42
535599,535641,535642,1,42
535599,535643,535644,1,44
535599,535645,535646,1,46
535599,535646,535647,1,47
535599,535648,535649,1,49
535599,535647,535649,2,48
535599,535649,535650,1,50
535599,535650,535651,1,51
535599,535651,535652,1,52
535599,535652,535653,1,53
535599,535652,535653,1,53
535599,535654,535655,1,55
535599,535654,535655,1,55
535599,535656,535658,2,57
535599,535656,535657,1,57
535599,535658,535660,2,59
535599,535658,535659,1,59
535599,535660,535661,1,61
535599,535660,535662,2,61
535599,535662,535663,1,63
535599,535663,535665,2,64
535599,535664,535665,1,65
535599,535665,535667,2,66
535599,535666,535667,1,67
535599,535667,535668,1,68
535599,535668,535669,1,69
535599,535669,535671,2,70
535599,535670,535671,1,71
535599,535672,535674,2,73
535599,535672,535673,1,73
535599,535674,535676,2,75
535599,535674,535675,1,75
535599,535676,535677,1,77
535599,535676,535678,2,77
535599,535677,535678,1,78
535599,535678,535680,2,79
535599,535678,535679,1,79
535599,535680,535681,1,81
535599,535680,535682,2,81
535599,535681,535682,1,82
535599,535682,535683,1,83
535599,535682,535684,2,83
535599,535684,535686,2,85
535599,535685,535687,2,86
535599,535686,535687,1,87
535599,535687,535689,2,88
535599,535687,535689,2,88
535599,535690,535691,1,91
535599,535689,535692,3,90
535599,535692,535693,1,93
535599,535692,535694,2,93
535599,535694,535695,1,95
535599,535694,535696,2,95
535599,535696,535697,1,97
535599,535698,535699,1,99
535599,535697,535700,3,98
535599,535700,535701,1,101
535599,535700,535702,2,101
535599,535702,535703,1,103
535599,535704,535705,1,105
535599,535702,535705,3,103
535599,535705,535706,1,106
535599,535706,535707,1,107
535599,535705,535707,2,106
535599,535707,535708,1,108
535599,535708,535709,1,109
535599,535709,535710,1,110
535599,535708,535710,2,109
535599,535710,535711,1,111
535599,535711,535712,1,112
535599,535711,535712,1,112
535599,535712,535713,1,113
535599,535713,535714,1,114
535599,535713,535714,1,114
535599,535714,535715,1,115
535599,535715,535716,1,116
535599,535716,535717,1,117
535599,535717,535718,1,118
535599,535717,535719,2,118
535599,535719,535720,1,120
535599,535720,535721,1,121
535599,535720,535722,2,121
535599,535721,535722,1,122
535599,535722,535723,1,123
535599,535722,535723,1,123
535599,535723,535724,1,124
535599,535724,535725,1,125
535599,535724,535725,1,125
535599,535725,535726,1,126
535599,535726,535727,1,127
535599,535726,535727,1,127
535599,535727,535728,1,128
535599,535729,535730,1,130
535599,535728,535730,2,129
535599,535731,535732,1,132
535599,535733,535734,1,134
535599,535731,535734,3,132
535599,535734,535735,1,135
535599,535734,535736,2,135
535599,535736,535737,1,137
535599,535738,535739,1,139
535599,535737,535739,2,138
535599,535740,535741,1,141
535599,535741,535742,1,142
535599,535740,535742,2,141
535599,535743,535744,1,144
535599,535743,535745,2,144
535599,535745,535746,1,146
535599,535745,535748,3,146
535721,535749,535750,1,28
535721,535748,535749,1,27
535721,535750,535751,1,29
535721,535751,535752,1,30
535721,535750,535752,2,29
535721,535752,535753,1,31
535721,535752,535753,1,31
535721,535753,535754,1,32
535721,535754,535755,1,33
535721,535753,535754,1,32
535721,535755,535756,1,34
535721,535755,535756,1,34
535721,535756,535757,1,35
535721,535757,535758,1,36
535721,535756,535758,2,35
535721,535758,535759,1,37
535721,535758,535760,2,37
535721,535759,535760,1,38
535721,535760,535761,1,39
535721,535760,535762,2,39
535721,535761,535762,1,40
535721,535762,535763,1,41
535721,535762,535764,2,41
535721,535763,535764,1,42
535721,535764,535765,1,43
535721,535764,535765,1,43
535721,535765,535766,1,44
535721,535766,535768,2,45
535721,535768,535770,2,47
535721,535770,535771,1,49
535721,535772,535774,2,51
535721,535775,535776,1,54
535721,535777,535778,1,56
535721,535777,535778,1,56
535721,535779,535780,1,58
535721,535779,535780,1,58
535721,535780,535781,1,59
535721,535781,535782,1,60
535721,535781,535783,2,60
535721,535782,535783,1,61
535721,535783,535784,1,62
535721,535783,535784,1,62
535721,535784,535785,1,63
535721,535785,535786,1,64
535721,535785,535787,2,64
535721,535786,535787,1,65
535721,535787,535788,1,66
535721,535787,535788,1,66
535721,535788,535789,1,67
535721,535789,535790,1,68
535721,535789,535790,1,68
535721,535790,535791,1,69
535721,535791,535793,2,70
535721,535792,535793,1,71
535721,535793,535794,1,72
535721,535793,535794,1,72
535721,535794,535795,1,73
535721,535795,535796,1,74
535721,535795,535796,1,74
535721,535796,535797,1,75
535721,535797,535798,1,76
535721,535797,535798,1,76
535721,535798,535799,1,77
535721,535799,535800,1,78
535721,535799,535800,1,78
535721,535801,535802,1,80
535721,535803,535805,2,82
535721,535805,535806,1,84
535721,535807,535808,1,86
535721,535809,535810,1,88
535721,535809,535811,2,88
535721,535811,535812,1,90
535721,535811,535813,2,90
535721,535814,535815,1,93
535721,535813,535815,2,92
535721,535815,535816,1,94
535721,535816,535817,1,95
535721,535815,535817,2,94
535721,535817,535818,1,96
535721,535818,535819,1,97
535721,535817,535818,1,96
535721,535819,535820,1,98
535721,535820,535821,1,99
535721,535819,535820,1,98
535721,535821,535822,1,100
535721,535822,535823,1,101
535721,535821,535822,1,100
535721,535823,535824,1,102
535721,535823,535824,1,102
535721,535824,535825,1,103
535721,535825,535826,1,104
535721,535824,535825,1,103
535721,535826,535827,1,105
535721,535827,535828,1,106
535721,535826,535828,2,105
535721,535828,535829,1,107
535721,535829,535830,1,108
535721,535828,535830,2,107
535721,535830,535831,1,109
535721,535830,535832,2,109
535721,535831,535832,1,110
535721,535832,535833,1,111
535721,535832,535833,1,111
535721,535833,535834,1,112
535721,535833,535835,2,112
535721,535834,535835,1,113
535721,535835,535837,2,114
535721,535837,535839,2,116
535721,535840,535841,1,119
535721,535842,535843,1,121
535721,535844,535845,1,123
535721,535846,535847,1,125
535721,535846,535847,1,125
535721,535848,535849,1,127
535721,535849,535850,1,128
535855,535855,535856,1,0
535855,535865,535866,1,10
535855,535869,535870,1,14
535855,535871,535872,1,16
535855,535872,535873,1,17
535855,535873,535874,1,18
535855,535874,535875,1,19
535855,535875,535876,1,20
535855,535876,535877,1,21
535855,535877,535878,1,22
535855,535878,535879,1,23
535855,535879,535880,1,24
535855,535880,535881,1,25
535855,535882,535883,1,27
535855,535883,535884,1,28
535855,535884,535885,1,29
535855,535885,535886,1,30
535855,535886,535887,1,31
535855,535887,535888,1,32
535855,535889,535891,2,34
535855,535891,535893,2,36
535855,535897,535898,1,42
535855,535898,535899,1,43
535855,535900,535901,1,45
535855,535902,535903,1,47
535855,535903,535904,1,48
535855,535904,535905,1,49
535855,535906,535907,1,51
535855,535908,535909,1,53
535855,535910,535911,1,55
535855,535912,535913,1,57
535855,535914,535916,2,59
535855,535916,535917,1,61
535855,535918,535919,1,63
535855,535920,535921,1,65
535855,535922,535923,1,67
535855,535924,535925,1,69
535855,535926,535927,1,71
535855,535928,535929,1,73
535855,535930,535931,1,75
535855,535932,535934,2,77
535855,535934,535936,2,79
535855,535936,535938,2,81
535855,535938,535940,2,83
535855,535940,535942,2,85
535855,535942,535944,2,87
535855,535945,535946,1,90
535855,535947,535948,1,92
535855,535949,535950,1,94
535855,535950,535951,1,95
535855,535952,535953,1,97
535855,535954,535955,1,99
535855,535956,535957,1,101
535855,535958,535959,1,103
535855,535959,535960,1,104
535855,535961,535962,1,106
535855,535962,535963,1,107
535855,535964,535965,1,109
535855,535965,535966,1,110
535855,535967,535968,1,112
535855,535968,535969,1,113
535855,535969,535970,1,114
535855,535971,535972,1,116
535855,535973,535974,1,118
531089,531110,535974,4864,21
535855,535974,535975,1,119
535855,535975,535976,1,120
535855,535976,535977,1,121
535855,535977,535978,1,122
535855,535978,535979,1,123
535855,535979,535980,1,124
535855,535980,535981,1,125
535855,535974,535981,7,119
535855,535981,535983,2,126
535855,535982,535984,2,127
535855,535983,535985,2,128
535855,535984,535986,2,129
535855,535986,535987,1,131
535855,535988,535989,1,133
535855,535989,535990,1,134
535855,535991,535992,1,136
535855,535986,535993,7,131
535855,535993,535994,1,138
535855,535995,535996,1,140
535855,535993,535998,5,138
535855,535997,535998,1,142
535855,535999,536000,1,144
535855,536001,536002,1,146
535855,535998,536002,4,143
535855,536002,536003,1,147
535855,536003,536004,1,148
535855,536004,536005,1,149
535855,536002,536005,3,147
535855,536005,536006,1,150
535855,536006,536007,1,151
535855,536006,536007,1,151
535855,536007,536008,1,152
535855,536008,536009,1,153
535855,536009,536010,1,154
535855,536008,536010,2,153
535855,536010,536011,1,155
535855,536011,536012,1,156
535855,536011,536012,1,156
535855,536012,536013,1,157
535855,536013,536014,1,158
535855,536013,536014,1,158
535855,536015,536016,1,160
535855,536016,536017,1,161
535855,536015,536017,2,160
535855,536017,536018,1,162
535855,536018,536019,1,163
535855,536019,536020,1,164
535855,536020,536021,1,165
535855,536021,536022,1,166
535855,536018,536023,5,163
535855,536023,536024,1,168
535855,536024,536025,1,169
535855,536024,536025,1,169
535855,536025,536026,1,170
535855,536026,536029,3,171
535855,536031,536032,1,176
535855,536030,536033,3,175
535855,536033,536034,1,178
535855,536034,536035,1,179
535855,536035,536036,1,180
535855,536037,536038,1,182
535855,536036,536039,3,181
535855,536039,536040,1,184
535855,536041,536042,1,186
535855,536043,536044,1,188
535855,536040,536044,4,185
535855,536044,536045,1,189
535855,536044,536046,2,189
532831,532862,536124,3262,31
532988,533061,536398,3337,73
536122,536398,536399,1,276
536122,536399,536400,1,277
536122,536400,536401,1,278
536122,536401,536402,1,279
536122,536402,536403,1,280
536122,536403,536404,1,281
536122,536404,536405,1,282
536122,536405,536406,1,283
536122,536406,536407,1,284
536122,536407,536408,1,285
536122,536408,536409,1,286
536122,536409,536410,1,287
536122,536410,536411,1,288
536122,536430,536431,1,308
536122,536431,536432,1,309
536122,536432,536433,1,310
536122,536433,536434,1,311
536122,536434,536435,1,312
536122,536435,536436,1,313
536122,536436,536437,1,314
536122,536437,536438,1,315
536122,536438,536439,1,316
536122,536439,536440,1,317
536122,536440,536441,1,318
536122,536441,536442,1,319
536122,536442,536443,1,320
536122,536456,536457,1,334
536122,536457,536458,1,335
536122,536458,536459,1,336
536122,536459,536460,1,337
536122,536460,536461,1,338
536122,536461,536462,1,339
536122,536462,536463,1,340
536122,536463,536464,1,341
536122,536464,536465,1,342
536122,536465,536466,1,343
536122,536466,536467,1,344
536122,536467,536468,1,345
536122,536468,536469,1,346
536122,536469,536470,1,347
536122,536470,536471,1,348
536122,536471,536472,1,349
536122,536472,536473,1,350
536122,536484,536485,1,362
536122,536485,536486,1,363
536122,536486,536487,1,364
536122,536487,536488,1,365
536122,536488,536489,1,366
536122,536489,536490,1,367
536122,536490,536491,1,368
536122,536491,536492,1,369
536122,536492,536493,1,370
536122,536493,536494,1,371
536122,536494,536495,1,372
536122,536495,536496,1,373
536122,536496,536497,1,374
536122,536497,536498,1,375
536122,536498,536499,1,376
536122,536499,536500,1,377
536122,536500,536501,1,378
536122,536501,536502,1,379
536122,536502,536503,1,380
536122,536503,536504,1,381
536122,536504,536505,1,382
536122,536525,536526,1,403
536122,536526,536527,1,404
536122,536527,536528,1,405
536122,536528,536529,1,406
536122,536529,536530,1,407
536122,536530,536531,1,408
536122,536531,536532,1,409
536122,536532,536533,1,410
536122,536533,536534,1,411
536122,536534,536535,1,412
536122,536535,536536,1,413
536122,536536,536537,1,414
536122,536550,536551,1,428
536122,536552,536553,1,430
536257,536553,536554,1,296
536257,536554,536555,1,297
536257,536555,536556,1,298
536257,536556,536557,1,299
536257,536557,536558,1,300
536257,536558,536559,1,301
536257,536559,536560,1,302
536257,536560,536561,1,303
536257,536562,536563,1,305
536257,536564,536566,2,307
536257,536566,536567,1,309
536257,536569,536570,1,312
536257,536571,536572,1,314
536257,536573,536574,1,316
536257,536575,536576,1,318
536257,536576,536577,1,319
536257,536578,536579,1,321
536257,536580,536581,1,323
536257,536582,536583,1,325
536257,536584,536585,1,327
536257,536586,536587,1,329
536257,536588,536589,1,331
536257,536590,536591,1,333
536257,536592,536593,1,335
536257,536594,536595,1,337
536257,536596,536597,1,339
536257,536598,536599,1,341
536257,536600,536602,2,343
536257,536602,536604,2,345
536257,536604,536606,2,347
536257,536606,536608,2,349
536257,536608,536609,1,351
536257,536610,536612,2,353
536257,536612,536614,2,355
536257,536614,536616,2,357
536257,536617,536618,1,360
536257,536619,536620,1,362
536257,536621,536622,1,364
536257,536623,536624,1,366
536257,536625,536626,1,368
536257,536627,536628,1,370
536257,536629,536630,1,372
536257,536631,536632,1,374
536257,536633,536634,1,376
536257,536635,536636,1,378
536257,536637,536638,1,380
536257,536639,536641,2,382
536257,536641,536643,2,384
536257,536644,536646,2,387
536257,536646,536648,2,389
536257,536648,536650,2,391
536257,536650,536652,2,393
536257,536652,536654,2,395
536257,536654,536656,2,397
536257,536656,536658,2,399
536257,536658,536660,2,401
536257,536660,536662,2,403
536257,536662,536664,2,405
536257,536664,536666,2,407
536257,536666,536668,2,409
536257,536669,536670,1,412
536257,536671,536672,1,414
536257,536673,536674,1,416
536257,536675,536676,1,418
536257,536677,536678,1,420
536257,536679,536680,1,422
536257,536681,536683,2,424
536257,536683,536684,1,426
536257,536685,536686,1,428
536257,536687,536689,2,430
536257,536689,536691,2,432
536257,536691,536693,2,434
536257,536693,536695,2,436
536257,536695,536697,2,438
536257,536697,536699,2,440
536257,536699,536701,2,442
536257,536701,536703,2,444
536257,536703,536705,2,446
536257,536705,536707,2,448
536257,536707,536709,2,450
536257,536709,536711,2,452
536257,536711,536713,2,454
536257,536714,536716,2,457
536257,536717,536719,2,460
536257,536719,536721,2,462
536257,536721,536724,3,464
536257,536725,536727,2,468
536257,536728,536730,2,471
536257,536731,536733,2,474
536257,536734,536735,1,477
536257,536736,536738,2,479
536257,536739,536741,2,482
536257,536742,536744,2,485
536257,536744,536746,2,487
536257,536746,536748,2,489
536257,536749,536751,2,492
536257,536752,536754,2,495
536257,536755,536757,2,498
536257,536757,536759,2,500
536257,536759,536761,2,502
536257,536761,536763,2,504
536257,536763,536765,2,506
536257,536765,536767,2,508
536257,536767,536768,1,510
536257,536769,536770,1,512
536257,536771,536773,2,514
536257,536773,536775,2,516
533258,533418,536775,3357,160
536257,536775,536776,1,518
536257,536776,536777,1,519
536257,536776,536777,1,519
536257,536777,536779,2,520
536257,536777,536779,2,520
536257,536779,536780,1,522
536257,536780,536781,1,523
536257,536781,536782,1,524
536257,536782,536783,1,525
536257,536783,536784,1,526
536257,536784,536785,1,527
536257,536785,536786,1,528
536257,536786,536787,1,529
536257,536787,536788,1,530
536257,536788,536789,1,531
536257,536789,536791,2,532
536257,536790,536791,1,533
536257,536791,536793,2,534
536257,536792,536793,1,535
536257,536793,536795,2,536
536257,536793,536795,2,536
536257,536795,536796,1,538
536257,536795,536797,2,538
536257,536797,536799,2,540
536257,536797,536799,2,540
536257,536799,536801,2,542
536257,536799,536801,2,542
536257,536801,536803,2,544
536257,536801,536803,2,544
536257,536803,536805,2,546
536257,536803,536805,2,546
536257,536805,536807,2,548
536257,536805,536807,2,548
536257,536807,536809,2,550
536257,536808,536809,1,551
536257,536810,536811,1,553
536257,536810,536811,1,553
536257,536812,536813,1,555
536257,536812,536814,2,555
536257,536814,536815,1,557
536257,536814,536816,2,557
536257,536816,536818,2,559
536380,536825,536826,1,445
536380,536825,536826,1,445
536380,536826,536827,1,446
536380,536826,536827,1,446
536380,536827,536828,1,447
536380,536827,536828,1,447
536380,536828,536829,1,448
536380,536828,536829,1,448
536380,536829,536830,1,449
536380,536829,536830,1,449
536380,536830,536831,1,450
536380,536830,536831,1,450
536380,536831,536832,1,451
536380,536831,536832,1,451
536380,536842,536843,1,462
536380,536842,536843,1,462
536380,536843,536844,1,463
536380,536843,536844,1,463
536380,536844,536845,1,464
536380,536844,536845,1,464
536380,536845,536846,1,465
536380,536845,536846,1,465
536380,536846,536847,1,466
536380,536846,536847,1,466
536380,536847,536848,1,467
536380,536847,536848,1,467
536380,536848,536849,1,468
536380,536848,536849,1,468
536380,536849,536850,1,469
536380,536849,536850,1,469
536380,536850,536851,1,470
536380,536850,536851,1,470
531753,531829,536853,5024,76
536380,536854,536855,1,474
536380,536856,536857,1,476
536380,536858,536859,1,478
536380,536861,536862,1,481
536380,536861,536862,1,481
536380,536862,536863,1,482
536380,536862,536863,1,482
536380,536858,536864,6,478
536380,536863,536864,1,483
536380,536863,536864,1,483
536380,536864,536865,1,484
536380,536864,536865,1,484
536380,536865,536866,1,485
536380,536865,536866,1,485
536380,536866,536867,1,486
536380,536866,536867,1,486
536380,536864,536867,3,484
536380,536867,536868,1,487
536380,536867,536868,1,487
536380,536868,536869,1,488
536380,536868,536869,1,488
536380,536868,536869,1,488
536380,536869,536870,1,489
536380,536869,536870,1,489
536380,536870,536871,1,490
536380,536870,536871,1,490
536380,536870,536871,1,490
536380,536871,536875,4,491
536380,536876,536877,1,496
536380,536878,536880,2,498
536380,536880,536881,1,500
536380,536882,536883,1,502
536380,536882,536883,1,502
536380,536883,536884,1,503
536380,536883,536884,1,503
536380,536884,536885,1,504
536380,536884,536885,1,504
536380,536882,536884,2,502
536380,536885,536886,1,505
536380,536885,536886,1,505
536380,536885,536886,1,505
536380,536886,536887,1,506
536380,536886,536887,1,506
536380,536887,536888,1,507
536380,536887,536888,1,507
536380,536888,536889,1,508
536380,536887,536889,2,507
536380,536889,536890,1,509
536380,536895,536896,1,515
536380,536908,536909,1,528
536380,536909,536910,1,529
536380,536927,536928,1,547
536380,536929,536930,1,549
536380,536930,536931,1,550
536993,537011,537017,6,18
536993,537017,537019,2,24
536993,537019,537020,1,26
536993,537021,537023,2,28
536993,537023,537024,1,30
536993,537024,537025,1,31
536993,537025,537028,3,32
536993,537028,537029,1,35
536993,537034,537035,1,41
536993,537038,537040,2,45
536993,537040,537043,3,47
536993,537044,537045,1,51
536993,537045,537046,1,52
536993,537048,537049,1,55
536993,537053,537054,1,60
536993,537054,537055,1,61
536993,537055,537056,1,62
536993,537056,537057,1,63
536993,537057,537058,1,64
536993,537058,537059,1,65
536993,537059,537060,1,66
536993,537060,537061,1,67
536993,537061,537062,1,68
536993,537062,537063,1,69
536993,537063,537065,2,70
536993,537065,537066,1,72
536993,537066,537067,1,73
536993,537067,537068,1,74
536993,537073,537074,1,80
536993,537077,537078,1,84
536993,537084,537085,1,91
536993,537087,537088,1,94
536993,537089,537090,1,96
536993,537090,537091,1,97
536993,537091,537092,1,98
536993,537092,537093,1,99
536993,537093,537094,1,100
536993,537094,537095,1,101
536993,537095,537096,1,102
536993,537096,537097,1,103
536993,537097,537098,1,104
536993,537098,537099,1,105
536993,537099,537100,1,106
536993,537101,537102,1,108
536993,537102,537103,1,109
536993,537104,537105,1,111
536993,537114,537115,1,121
536993,537117,537118,1,124
536993,537122,537123,1,129
536993,537124,537125,1,131
536993,537126,537127,1,133
536993,537127,537128,1,134
536993,537128,537129,1,135
536993,537129,537130,1,136
536993,537130,537131,1,137
536993,537131,537132,1,138
536993,537132,537133,1,139
536993,537133,537134,1,140
536993,537134,537135,1,141
536993,537135,537136,1,142
536993,537136,537137,1,143
536993,537137,537139,2,144
532280,532301,537139,4838,21
532304,532338,537145,4807,34
536993,537140,537146,6,147
536993,537146,537147,1,153
536993,537147,537154,7,154
536993,537147,537155,8,154
536993,537154,537155,1,161
536993,537155,537158,3,162
536993,537156,537158,2,163
536993,537158,537159,1,165
536993,537160,537162,2,167
536993,537158,537168,10,165
537271,537271,537272,1,0
537271,537273,537275,2,2
537271,537271,537276,5,0
537271,537275,537278,3,4
537271,537278,537281,3,7
537271,537281,537283,2,10
537271,537277,537284,7,6
537271,537283,537285,2,12
537271,537286,537288,2,15
537271,537289,537290,1,18
537271,537284,537291,7,13
537271,537291,537293,2,20
537271,537294,537295,1,23
537271,537296,537298,2,25
537271,537299,537301,2,28
537271,537302,537303,1,31
537271,537304,537305,1,33
537271,537291,537306,15,20
537271,537306,537308,2,35
537271,537309,537311,2,38
537271,537307,537311,4,36
537271,537311,537314,3,40
537271,537312,537314,2,41
537271,537314,537316,2,43
537271,537316,537319,3,45
537271,537315,537319,4,44
537271,537319,537320,1,48
537271,537320,537323,3,49
537271,537321,537324,3,50
537271,537325,537328,3,54
537271,537329,537331,2,58
537271,537324,537332,8,53
537271,537333,537334,1,62
537271,537331,537335,4,60
537271,537335,537337,2,64
537271,537335,537337,2,64
537271,537338,537340,2,67
537271,537341,537345,4,70
537271,537337,537346,9,66
537271,537345,537348,3,74
537271,537347,537349,2,76
537271,537348,537350,2,77
537271,537350,537352,2,79
537271,537350,537353,3,79
537271,537352,537355,3,81
537271,537353,537356,3,82
537271,537356,537358,2,85
537271,537356,537358,2,85
537271,537358,537361,3,87
537271,537358,537362,4,87
537271,537361,537365,4,90
537271,537362,537365,3,91
537271,537365,537367,2,94
537271,537365,537368,3,94
537271,537369,537371,2,98
537271,537367,537371,4,96
537271,537372,537374,2,101
537271,537371,537375,4,100
537271,537375,537377,2,104
537271,537376,537378,2,105
537271,537378,537379,1,107
537271,537378,537380,2,107
537271,537380,537381,1,109
537271,537381,537383,2,110
537271,537382,537385,3,111
532573,532605,537385,4780,32
537271,537383,537385,2,112
537271,537386,537388,2,115
537271,537386,537389,3,115
537271,537389,537390,1,118
537271,537386,537391,5,115
537271,537388,537391,3,117
537271,537391,537393,2,120
537271,537391,537393,2,120
537271,537391,537393,2,120
537271,537394,537396,2,123
537271,537393,537396,3,122
537271,537393,537396,3,122
537271,537396,537398,2,125
537271,537396,537398,2,125
537271,537396,537398,2,125
537271,537399,537401,2,128
537271,537399,537401,2,128
537271,537399,537404,5,128
537271,537401,537404,3,130
537271,537402,537404,2,131
537271,537404,537406,2,133
537271,537404,537406,2,133
537271,537406,537408,2,135
537271,537405,537409,4,134
537271,537407,537410,3,136
537271,537409,537412,3,138
537271,537410,537412,2,139
537271,537411,537414,3,140
537271,537413,537415,2,142
537271,537414,537417,3,143
537271,537412,537419,7,141
537271,537416,537418,2,145
537271,537418,537420,2,147
537271,537419,537421,2,148
537271,537419,537421,2,148
537271,537421,537423,2,150
537271,537423,537426,3,152
537271,537422,537426,4,151
537271,537422,537428,6,151
537271,537426,537428,2,155
537271,537427,537429,2,156
537271,537428,537431,3,157
537271,537428,537432,4,157
537271,537429,537433,4,158
537271,537431,537433,2,160
537271,537433,537435,2,162
537271,537433,537435,2,162
537271,537433,537435,2,162
534211,534211,537436,3225,0
537271,537437,537438,1,166
537271,537436,537438,2,165
537271,537438,537439,1,167
537271,537439,537440,1,168
537271,537435,537440,5,164
537271,537438,537440,2,167
537271,537435,537440,5,164
537271,537440,537441,1,169
537271,537440,537442,2,169
537271,537440,537443,3,169
537271,537442,537443,1,171
537271,537444,537445,1,173
537271,537441,537446,5,170
537271,537446,537447,1,175
537271,537443,537447,4,172
537271,537447,537448,1,176
537271,537442,537448,6,171
537271,537446,537449,3,175
537271,537448,537449,1,177
537271,537447,537450,3,176
537271,537448,537450,2,177
537271,537450,537452,2,179
537271,537450,537453,3,179
537271,537452,537453,1,181
537271,537454,537455,1,183
537271,537453,537456,3,182
537271,537456,537457,1,185
537271,537449,537459,10,178
537271,537456,537459,3,185
537271,537458,537460,2,187
537271,537451,537460,9,180
537271,537460,537462,2,189
537271,537459,537462,3,188
537271,537459,537463,4,188
537271,537462,537464,2,191
537394,537464,537465,1,70
537394,537464,537465,1,70
537394,537465,537466,1,71
537394,537466,537467,1,72
537271,537460,537467,7,189
537394,537467,537468,1,73
537271,537462,537468,6,191
537394,537466,537468,2,72
537394,537468,537469,1,74
537394,537468,537469,1,74
537394,537469,537470,1,75
537394,537469,537470,1,75
537394,537470,537471,1,76
537394,537471,537472,1,77
537394,537471,537472,1,77
537394,537472,537473,1,78
537394,537469,537473,4,75
537394,537473,537474,1,79
537394,537470,537475,5,76
537394,537474,537475,1,80
537394,537475,537476,1,81
537394,537476,537477,1,82
537394,537477,537479,2,83
537394,537480,537481,1,86
537394,537481,537482,1,87
537394,537480,537482,2,86
537394,537476,537482,6,82
537394,537478,537482,4,84
537394,537483,537484,1,89
537394,537483,537484,1,89
537394,537482,537484,2,88
537394,537484,537485,1,90
537394,537486,537487,1,92
537394,537485,537487,2,91
537394,537487,537488,1,93
537394,537485,537489,4,91
537394,537485,537489,4,91
537394,537487,537489,2,93
534245,534246,537491,3245,1
537394,537489,537490,1,95
537394,537490,537492,2,96
537394,537490,537491,1,96
537394,537491,537492,1,97
537394,537490,537492,2,96
537394,537491,537492,1,97
537394,537492,537493,1,98
537394,537493,537494,1,99
537394,537493,537494,1,99
537394,537493,537496,3,99
537394,537492,537496,4,98
537394,537492,537496,4,98
537394,537495,537496,1,101
537394,537495,537496,1,101
537394,537497,537498,1,103
537394,537496,537498,2,102
537394,537497,537499,2,103
537394,537497,537498,1,103
537394,537497,537499,2,103
537394,537498,537499,1,104
537394,537499,537500,1,105
537394,537499,537502,3,105
537394,537500,537501,1,106
537394,537501,537502,1,107
537394,537502,537503,1,108
537394,537503,537504,1,109
537394,537502,537504,2,108
537394,537500,537504,4,106
537394,537504,537505,1,110
537394,537499,537505,6,105
537394,537504,537506,2,110
537394,537505,537506,1,111
537394,537505,537507,2,111
537394,537506,537507,1,112
537394,537505,537508,3,111
537394,537506,537508,2,112
537394,537506,537508,2,112
537394,537507,537508,1,113
537394,537508,537510,2,114
537394,537508,537510,2,114
537394,537508,537510,2,114
537394,537511,537512,1,117
537394,537511,537512,1,117
537394,537510,537513,3,116
537394,537507,537513,6,113
537394,537508,537513,5,114
537394,537513,537514,1,119
537394,537513,537514,1,119
537394,537513,537515,2,119
537394,537513,537515,2,119
537394,537513,537516,3,119
537394,537515,537516,1,121
537394,537515,537516,1,121
537394,537517,537518,1,123
537394,537517,537518,1,123
537394,537516,537519,3,122
537394,537516,537520,4,122
537394,537516,537519,3,122
537394,537519,537520,1,125
537394,537520,537521,1,126
537394,537519,537521,2,125
537394,537521,537522,1,127
537394,537520,537522,2,126
537394,537521,537522,1,127
537394,537522,537523,1,128
537394,537521,537523,2,127
537394,537523,537524,1,129
537394,537523,537524,1,129
537394,537524,537525,1,130
537394,537524,537525,1,130
537394,537523,537525,2,129
537394,537525,537526,1,131
537394,537525,537526,1,131
537394,537522,537526,4,128
537394,537526,537527,1,132
537394,537520,537526,6,126
537394,537526,537527,1,132
537394,537527,537528,1,133
537394,537525,537527,2,131
537394,537526,537528,2,132
537394,537527,537529,2,133
537394,537528,537529,1,134
537394,537528,537529,1,134
537394,537528,537530,2,134
537394,537528,537531,3,134
537394,537529,537531,2,135
537394,537530,537531,1,136
537394,537530,537531,1,136
537394,537532,537533,1,138
537394,537532,537534,2,138
537394,537531,537534,3,137
537394,537532,537534,2,138
537394,537532,537534,2,138
537394,537534,537535,1,140
537394,537534,537535,1,140
537394,537534,537536,2,140
537394,537535,537536,1,141
537394,537535,537537,2,141
537394,537535,537537,2,141
537394,537536,537538,2,142
537394,537537,537539,2,143
537394,537536,537539,3,142
537394,537538,537540,2,144
537516,537539,537540,1,23
537394,537538,537540,2,144
537394,537538,537540,2,144
537516,537540,537541,1,24
537516,537540,537541,1,24
537516,537539,537541,2,23
537516,537541,537542,1,25
537516,537541,537542,1,25
537516,537541,537542,1,25
537516,537541,537542,1,25
537516,537542,537543,1,26
537516,537542,537543,1,26
537516,537541,537543,2,25
537516,537543,537545,2,27
537516,537543,537544,1,27
537516,537544,537545,1,28
537516,537545,537546,1,29
537516,537545,537546,1,29
537516,537546,537547,1,30
537516,537548,537549,1,32
537516,537547,537549,2,31
537516,537547,537548,1,31
537516,537548,537549,1,32
537516,537549,537550,1,33
537516,537549,537550,1,33
537516,537549,537550,1,33
537516,537550,537552,2,34
537516,537551,537553,2,35
537516,537551,537553,2,35
537516,537553,537555,2,37
537516,537554,537555,1,38
537516,537554,537555,1,38
537516,537553,537555,2,37
537516,537553,537554,1,37
537516,537555,537556,1,39
537516,537555,537556,1,39
537516,537555,537556,1,39
537516,537556,537557,1,40
537516,537555,537557,2,39
537516,537555,537557,2,39
537516,537557,537558,1,41
537516,537557,537558,1,41
537516,537558,537559,1,42
537516,537557,537558,1,41
537516,537557,537559,2,41
537516,537557,537559,2,41
537516,537558,537559,1,42
537516,537559,537560,1,43
537516,537560,537561,1,44
537516,537560,537561,1,44
537516,537559,537561,2,43
537516,537560,537561,1,44
537516,537561,537562,1,45
537516,537561,537562,1,45
537516,537559,537561,2,43
537516,537562,537563,1,46
537516,537562,537563,1,46
537516,537561,537563,2,45
537516,537562,537563,1,46
537516,537562,537564,2,46
537516,537563,537564,1,47
537516,537563,537564,1,47
537516,537563,537565,2,47
537516,537564,537565,1,48
537516,537564,537565,1,48
537516,537564,537565,1,48
537516,537564,537566,2,48
537516,537565,537566,1,49
537516,537565,537566,1,49
537516,537566,537567,1,50
537516,537566,537567,1,50
537516,537565,537568,3,49
537516,537566,537568,2,50
537516,537567,537568,1,51
537516,537567,537568,1,51
537516,537568,537570,2,52
537516,537568,537570,2,52
537516,537568,537570,2,52
537516,537568,537570,2,52
537516,537570,537571,1,54
537516,537570,537572,2,54
537516,537570,537572,2,54
537516,537570,537572,2,54
537516,537572,537573,1,56
537516,537572,537574,2,56
537516,537573,537574,1,57
537516,537575,537576,1,59
537516,537574,537575,1,58
537516,537575,537576,1,59
537516,537575,537576,1,59
537516,537576,537577,1,60
537516,537576,537577,1,60
537516,537577,537578,1,61
537516,537577,537578,1,61
537516,537576,537578,2,60
537516,537577,537578,1,61
537516,537577,537578,1,61
537516,537578,537579,1,62
537516,537578,537579,1,62
537516,537579,537580,1,63
537516,537579,537580,1,63
537516,537578,537579,1,62
537516,537579,537580,1,63
537516,537580,537581,1,64
537516,537580,537581,1,64
537516,537579,537581,2,63
537516,537581,537582,1,65
537516,537580,537581,1,64
537516,537581,537582,1,65
537516,537581,537582,1,65
537516,537582,537583,1,66
537516,537582,537583,1,66
537516,537583,537584,1,67
537516,537583,537585,2,67
537516,537583,537584,1,67
537516,537584,537585,1,68
537516,537582,537584,2,66
537516,537584,537586,2,68
537516,537585,537586,1,69
537516,537585,537586,1,69
537516,537585,537586,1,69
537516,537585,537587,2,69
537516,537586,537587,1,70
537516,537586,537587,1,70
537516,537586,537588,2,70
537516,537587,537589,2,71
537551,537587,537588,1,36
537551,537587,537588,1,36
537551,537589,537591,2,38
537551,537589,537590,1,38
537551,537589,537590,1,38
537551,537589,537591,2,38
537551,537591,537592,1,40
537551,537591,537593,2,40
537551,537591,537592,1,40
537551,537592,537594,2,41
537551,537592,537594,2,41
537551,537593,537595,2,42
537551,537593,537595,2,42
537551,537594,537596,2,43
537551,537594,537596,2,43
537551,537595,537597,2,44
537551,537595,537597,2,44
537551,537596,537598,2,45
537551,537598,537599,1,47
537551,537597,537600,3,46
537551,537597,537599,2,46
537551,537599,537600,1,48
537551,537600,537601,1,49
537551,537600,537602,2,49
537551,537600,537602,2,49
537551,537601,537602,1,50
537551,537602,537603,1,51
537551,537603,537604,1,52
537551,537602,537604,2,51
537551,537602,537605,3,51
537551,537604,537605,1,53
537551,537605,537606,1,54
537551,537606,537607,1,55
537551,537605,537608,3,54
537551,537605,537608,3,54
537551,537607,537608,1,56
537551,537608,537609,1,57
537551,537609,537610,1,58
537551,537608,537611,3,57
537551,537608,537611,3,57
537551,537610,537611,1,59
537551,537611,537612,1,60
537551,537612,537613,1,61
537551,537611,537614,3,60
537551,537611,537614,3,60
537551,537613,537615,2,62
537551,537614,537616,2,63
537551,537615,537617,2,64
537551,537616,537618,2,65
537551,537614,537618,4,63
537551,537617,537619,2,66
537551,537614,537618,4,63
537551,537618,537620,2,67
537551,537619,537621,2,68
537551,537618,537621,3,67
537551,537620,537622,2,69
537551,537621,537623,2,70
537551,537620,537623,3,69
537551,537622,537624,2,71
537551,537622,537624,2,71
537551,537623,537625,2,72
537551,537624,537626,2,73
537551,537625,537627,2,74
537551,537624,537627,3,73
537551,537625,537627,2,74
537551,537626,537628,2,75
537551,537627,537629,2,76
537551,537629,537630,1,78
537551,537628,537630,2,77
537551,537628,537630,2,77
537551,537630,537631,1,79
537551,537631,537632,1,80
537551,537632,537633,1,81
537551,537631,537634,3,80
537551,537631,537633,2,80
537551,537633,537635,2,82
537551,537634,537635,1,83
537551,537635,537636,1,84
537551,537634,537636,2,83
537551,537634,537636,2,83
537551,537636,537637,1,85
537551,537637,537638,1,86
537551,537637,537639,2,86
537551,537637,537639,2,86
537551,537639,537641,2,88
537551,537638,537641,3,87
537551,537640,537643,3,89
537551,537641,537643,2,90
537551,537640,537643,3,89
537551,537642,537644,2,91
537551,537643,537645,2,92
537551,537643,537646,3,92
537551,537645,537647,2,94
537551,537644,537648,4,93
537551,537645,537647,2,94
537551,537647,537649,2,96
537551,537647,537650,3,96
537551,537648,537650,2,97
537551,537649,537651,2,98
537551,537648,537651,3,97
537551,537650,537653,3,99
537551,537651,537653,2,100
537551,537651,537653,2,100
537551,537652,537654,2,101
537551,537653,537654,1,102
537551,537653,537654,1,102
537551,537653,537656,3,102
537551,537654,537656,2,103
537551,537655,537656,1,104
537551,537655,537656,1,104
537551,537656,537658,2,105
537551,537656,537658,2,105
537551,537656,537659,3,105
537551,537657,537659,2,106
537551,537658,537660,2,107
537551,537659,537661,2,108
537551,537659,537661,2,108
537551,537659,537661,2,108
537551,537661,537663,2,110
537551,537661,537663,2,110
537551,537663,537665,2,112
537551,537662,537666,4,111
537551,537661,537666,5,110
537551,537665,537667,2,114
537551,537664,537668,4,113
537551,537666,537668,2,115
537551,537668,537669,1,117
537551,537666,537670,4,115
537551,537669,537670,1,118
537551,537668,537671,3,117
537551,537670,537671,1,119
537551,537671,537672,1,120
537551,537672,537673,1,121
537551,537670,537674,4,119
537551,537671,537674,3,120
537551,537673,537674,1,122
537551,537674,537676,2,123
537551,537675,537677,2,124
537551,537674,537677,3,123
537551,537676,537678,2,125
537551,537675,537679,4,124
537551,537677,537679,2,126
537551,537679,537681,2,128
537551,537678,537681,3,127
537551,537680,537682,2,129
537551,537681,537683,2,130
537551,537680,537683,3,129
537551,537682,537684,2,131
537551,537682,537685,3,131
537551,537683,537685,2,132
537703,537703,537705,2,0
537703,537704,537705,1,1
537703,537706,537707,1,3
537703,537705,537707,2,2
537703,537707,537708,1,4
537703,537708,537709,1,5
537703,537707,537710,3,4
537703,537710,537711,1,7
537703,537711,537712,1,8
537703,537710,537712,2,7
537703,537712,537713,1,9
537703,537713,537714,1,10
537703,537712,537714,2,9
537703,537714,537715,1,11
537703,537715,537716,1,12
537703,537714,537716,2,11
537703,537716,537717,1,13
537703,537717,537718,1,14
537703,537720,537721,1,17
537703,537719,537720,1,16
537703,537721,537722,1,18
537703,537721,537723,2,18
537703,537723,537724,1,20
537703,537723,537727,4,20
537703,537725,537726,1,22
537703,537727,537728,1,24
537703,537727,537731,4,24
537703,537729,537731,2,26
537703,537731,537732,1,28
537703,537731,537734,3,28
537703,537733,537734,1,30
537703,537735,537736,1,32
537703,537735,537738,3,32
537703,537737,537738,1,34
537703,537740,537741,1,37
537703,537741,537742,1,38
537703,537739,537741,2,36
537703,537742,537743,1,39
537703,537743,537744,1,40
537703,537742,537744,2,39
537703,537745,537746,1,42
537703,537746,537747,1,43
537703,537745,537747,2,42
537703,537747,537748,1,44
537703,537748,537749,1,45
537703,537747,537749,2,44
537703,537749,537750,1,46
537703,537750,537751,1,47
537703,537749,537751,2,46
537703,537751,537752,1,48
537703,537753,537754,1,50
537703,537752,537754,2,49
537703,537754,537755,1,51
537703,537755,537756,1,52
537703,537754,537757,3,51
537703,537756,537757,1,53
537703,537757,537758,1,54
537703,537758,537759,1,55
537703,537759,537760,1,56
537703,537760,537762,2,57
537703,537766,537767,1,63
537703,537768,537769,1,65
537703,537769,537770,1,66
537703,537770,537771,1,67
537703,537771,537772,1,68
537703,537772,537773,1,69
537703,537773,537774,1,70
537703,537774,537775,1,71
537703,537775,537776,1,72
537703,537776,537777,1,73
537703,537777,537778,1,74
537703,537778,537779,1,75
537703,537780,537781,1,77
537703,537781,537782,1,78
537703,537782,537783,1,79
537703,537783,537784,1,80
537703,537784,537785,1,81
534257,534257,537785,3528,0
537703,537785,537786,1,82
537703,537785,537787,2,82
537703,537786,537787,1,83
537703,537787,537788,1,84
537703,537787,537788,1,84
537703,537786,537790,4,83
537703,537789,537791,2,86
537703,537789,537791,2,86
537703,537790,537793,3,87
537703,537791,537793,2,88
537703,537792,537793,1,89
537703,537794,537795,1,91
537703,537794,537795,1,91
537703,537795,537796,1,92
537703,537796,537797,1,93
537703,537796,537797,1,93
537703,537798,537799,1,95
537703,537797,537798,1,94
537703,537799,537800,1,96
537703,537799,537800,1,96
537703,537800,537801,1,97
537703,537801,537802,1,98
537703,537799,537801,2,96
537703,537801,537802,1,98
537703,537802,537803,1,99
537703,537802,537803,1,99
537703,537803,537804,1,100
537703,537802,537803,1,99
537703,537803,537804,1,100
537703,537804,537805,1,101
537703,537804,537805,1,101
537703,537805,537806,1,102
537703,537804,537805,1,101
537703,537805,537806,1,102
537703,537806,537807,1,103
537703,537806,537807,1,103
537703,537807,537808,1,104
537703,537806,537807,1,103
537703,537807,537808,1,104
537703,537808,537809,1,105
537703,537808,537809,1,105
537703,537809,537810,1,106
537703,537808,537810,2,105
537703,537809,537810,1,106
537703,537810,537811,1,107
537703,537810,537811,1,107
537703,537810,537811,1,107
537703,537811,537812,1,108
537703,537811,537812,1,108
537703,537812,537813,1,109
537703,537812,537814,2,109
537703,537812,537813,1,109
537703,537813,537814,1,110
537703,537814,537815,1,111
537703,537814,537816,2,111
537703,537814,537815,1,111
537703,537816,537817,1,113
537703,537816,537818,2,113
537703,537817,537818,1,114
537703,537817,537818,1,114
537703,537818,537819,1,115
537703,537818,537819,1,115
537703,537819,537820,1,116
537703,537819,537820,1,116
537703,537820,537821,1,117
534394,534456,537822,3366,62
537703,537820,537822,2,117
537836,537836,537837,1,0
537836,537836,537837,1,0
537836,537837,537838,1,1
537836,537838,537839,1,2
537836,537837,537839,2,1
537836,537840,537841,1,4
537836,537840,537841,1,4
537836,537840,537841,1,4
537836,537841,537842,1,5
537836,537841,537842,1,5
537836,537842,537843,1,6
537836,537842,537843,1,6
537836,537842,537843,1,6
537836,537843,537844,1,7
537836,537843,537844,1,7
537836,537844,537845,1,8
537836,537844,537845,1,8
537836,537844,537845,1,8
537836,537845,537846,1,9
537836,537845,537846,1,9
537836,537846,537847,1,10
537836,537846,537847,1,10
537836,537846,537847,1,10
537836,537847,537848,1,11
537836,537848,537849,1,12
537836,537848,537850,2,12
537836,537849,537850,1,13
537836,537850,537851,1,14
537836,537851,537852,1,15
537836,537850,537851,1,14
537836,537851,537852,1,15
537836,537852,537853,1,16
537836,537852,537853,1,16
537836,537853,537854,1,17
537836,537852,537853,1,16
537836,537853,537854,1,17
537836,537854,537855,1,18
537836,537854,537855,1,18
537836,537855,537856,1,19
537836,537854,537855,1,18
537836,537855,537856,1,19
537836,537856,537857,1,20
537836,537856,537857,1,20
537836,537856,537857,1,20
537836,537857,537858,1,21
537836,537857,537858,1,21
537836,537858,537859,1,22
537836,537858,537859,1,22
537836,537859,537860,1,23
537836,537860,537861,1,24
537836,537860,537861,1,24
537836,537861,537862,1,25
537836,537862,537863,1,26
537836,537862,537863,1,26
537836,537864,537866,2,28
537836,537859,537866,7,23
537836,537866,537868,2,30
537836,537866,537867,1,30
537836,537867,537868,1,31
537836,537868,537870,2,32
537836,537869,537870,1,33
537836,537870,537872,2,34
537836,537868,537871,3,32
537836,537873,537874,1,37
537836,537872,537873,1,36
537836,537872,537875,3,36
537836,537875,537876,1,39
537836,537874,537876,2,38
537836,537876,537877,1,40
537836,537876,537877,1,40
537836,537877,537878,1,41
537836,537876,537878,2,40
537836,537878,537879,1,42
537836,537878,537879,1,42
537836,537879,537880,1,43
537836,537878,537880,2,42
537836,537880,537881,1,44
537836,537881,537882,1,45
537836,537880,537882,2,44
537836,537882,537883,1,46
537836,537883,537884,1,47
537836,537882,537884,2,46
537836,537884,537885,1,48
537836,537885,537886,1,49
537836,537885,537886,1,49
537836,537886,537887,1,50
537836,537887,537888,1,51
537836,537887,537888,1,51
537836,537888,537889,1,52
537836,537888,537889,1,52
537836,537889,537890,1,53
537836,537889,537890,1,53
537836,537890,537891,1,54
537836,537890,537891,1,54
537836,537891,537892,1,55
537836,537891,537892,1,55
537836,537891,537892,1,55
537836,537892,537893,1,56
537836,537892,537893,1,56
537836,537893,537894,1,57
537836,537893,537894,1,57
537836,537893,537894,1,57
537836,537894,537895,1,58
537836,537894,537895,1,58
537836,537895,537896,1,59
537836,537895,537896,1,59
537836,537895,537896,1,59
537836,537896,537897,1,60
537836,537896,537897,1,60
537836,537897,537898,1,61
537836,537897,537898,1,61
537836,537897,537898,1,61
537836,537898,537899,1,62
537836,537899,537900,1,63
537836,537901,537902,1,65
537836,537903,537904,1,67
533000,533061,537953,4892,61
537973,537973,537974,1,0
537973,537973,537975,2,0
537973,537974,537975,1,1
537973,537975,537976,1,2
537973,537973,537977,4,0
537973,537975,537976,1,2
537973,537976,537977,1,3
537973,537977,537978,1,4
537973,537977,537979,2,4
537973,537978,537979,1,5
537973,537979,537980,1,6
537973,537979,537980,1,6
537973,537980,537981,1,7
537973,537980,537981,1,7
537973,537981,537982,1,8
537973,537977,537983,6,4
537973,537981,537982,1,8
537973,537982,537983,1,9
537973,537983,537984,1,10
537973,537983,537985,2,10
537973,537984,537985,1,11
537973,537985,537986,1,12
537973,537985,537986,1,12
537973,537983,537987,4,10
537973,537986,537987,1,13
537973,537986,537987,1,13
537973,537987,537988,1,14
537973,537987,537988,1,14
537973,537990,537991,1,17
537973,537989,537993,4,16
537973,537994,537995,1,21
537973,537993,537995,2,20
537973,537995,537996,1,22
537973,537995,537996,1,22
537973,537996,537997,1,23
537973,537996,537997,1,23
537973,537997,537998,1,24
537973,537997,537998,1,24
537973,537998,537999,1,25
537973,537998,537999,1,25
537973,537995,537998,3,22
537973,537999,538000,1,26
537973,537999,538000,1,26
537973,538000,538001,1,27
537973,538000,538001,1,27
537973,537999,538001,2,26
537973,538001,538002,1,28
537973,538001,538002,1,28
537973,538002,538003,1,29
537973,538002,538003,1,29
537973,538003,538004,1,30
537973,538003,538004,1,30
537973,538001,538004,3,28
537973,538004,538005,1,31
537973,538004,538005,1,31
537973,538005,538006,1,32
537973,538005,538006,1,32
537973,538004,538006,2,31
537973,538006,538007,1,33
537973,538006,538007,1,33
537973,538007,538008,1,34
537973,538007,538008,1,34
533001,533061,538008,4947,60
537973,538008,538009,1,35
537973,538008,538009,1,35
537973,538009,538010,1,36
537973,538009,538010,1,36
537973,538006,538010,4,33
537973,538010,538011,1,37
537973,538011,538012,1,38
537973,538011,538012,1,38
537973,538012,538013,1,39
537973,538009,538013,4,36
537973,538015,538016,1,42
537973,538015,538016,1,42
537973,538016,538017,1,43
537973,538017,538018,1,44
537973,538013,538014,1,40
537973,538017,538018,1,44
537973,538019,538020,1,46
537973,538018,538019,1,45
537973,538014,538019,5,41
537973,538020,538021,1,47
537973,538021,538022,1,48
537973,538022,538023,1,49
537973,538018,538023,5,45
537973,538023,538024,1,50
537973,538020,538024,4,47
537973,538024,538025,1,51
537973,538023,538024,1,50
537973,538025,538026,1,52
537973,538027,538028,1,54
537973,538027,538028,1,54
537973,538028,538029,1,55
537973,538024,538025,1,51
537973,538029,538030,1,56
537973,538025,538030,5,52
537973,538030,538031,1,57
537973,538029,538031,2,56
537973,538031,538032,1,58
537973,538031,538032,1,58
537973,538032,538033,1,59
537973,538032,538033,1,59
537973,538033,538034,1,60
537973,538033,538034,1,60
537973,538034,538035,1,61
537973,538030,538032,2,57
537973,538034,538035,1,61
537973,538032,538036,4,59
537973,538035,538036,1,62
537973,538037,538038,1,64
537973,538038,538039,1,65
537973,538038,538039,1,65
537973,538035,538037,2,62
537973,538040,538041,1,67
537973,538039,538040,1,66
537973,538036,538041,5,63
537973,538041,538042,1,68
537973,538041,538042,1,68
537973,538042,538043,1,69
537973,538042,538043,1,69
537973,538041,538042,1,68
537973,538042,538043,1,69
533125,533202,538070,4868,77
538095,538095,538096,1,0
538095,538095,538096,1,0
538095,538095,538096,1,0
538095,538096,538097,1,1
538095,538096,538097,1,1
538095,538097,538098,1,2
538095,538097,538098,1,2
538095,538096,538098,2,1
538095,538095,538099,4,0
538095,538098,538099,1,3
538095,538096,538100,4,1
538095,538099,538100,1,4
538095,538100,538101,1,5
538095,538101,538104,3,6
538095,538098,538103,5,3
538095,538104,538105,1,9
538095,538105,538106,1,10
538095,538104,538105,1,9
538095,538104,538106,2,9
538095,538106,538107,1,11
538095,538107,538108,1,12
538095,538107,538108,1,12
538095,538107,538108,1,12
538095,538108,538109,1,13
538095,538108,538109,1,13
538095,538109,538110,1,14
538095,538109,538110,1,14
538095,538104,538108,4,9
538095,538106,538110,4,11
538095,538110,538111,1,15
538095,538110,538111,1,15
538095,538109,538111,2,14
538095,538111,538112,1,16
538095,538111,538112,1,16
538095,538111,538112,1,16
538095,538111,538112,1,16
538095,538112,538113,1,17
538095,538112,538113,1,17
538095,538114,538115,1,19
538095,538113,538114,1,18
538095,538115,538116,1,20
538095,538114,538116,2,19
538095,538113,538116,3,18
538095,538113,538117,4,18
538095,538116,538117,1,21
538095,538115,538116,1,20
538095,538117,538118,1,22
538095,538117,538118,1,22
538095,538117,538118,1,22
538095,538117,538118,1,22
538095,538117,538118,1,22
538095,538118,538119,1,23
538095,538119,538120,1,24
538095,538119,538120,1,24
538095,538119,538121,2,24
538095,538121,538122,1,26
538095,538120,538121,1,25
538095,538119,538123,4,24
538095,538122,538123,1,27
538095,538119,538124,5,24
538095,538122,538123,1,27
538095,538122,538123,1,27
538095,538123,538125,2,28
538095,538124,538125,1,29
538095,538124,538125,1,29
538095,538125,538126,1,30
538095,538124,538126,2,29
538095,538126,538127,1,31
538095,538127,538128,1,32
538095,538127,538128,1,32
538095,538124,538125,1,29
538095,538128,538129,1,33
538095,538129,538130,1,34
538095,538127,538129,2,32
538095,538129,538130,1,34
538095,538130,538131,1,35
538095,538129,538130,1,34
538095,538130,538131,1,35
538095,538131,538132,1,36
538095,538130,538131,1,35
538095,538131,538132,1,36
538095,538132,538133,1,37
538095,538132,538133,1,37
538095,538133,538134,1,38
538095,538132,538133,1,37
538095,538133,538134,1,38
538095,538125,538132,7,30
538095,538134,538135,1,39
538095,538131,538135,4,36
538095,538134,538136,2,39
538095,538135,538136,1,40
538095,538136,538137,1,41
538095,538136,538137,1,41
538095,538137,538138,1,42
538095,538138,538139,1,43
538095,538135,538136,1,40
538095,538138,538140,2,43
538095,538139,538140,1,44
538095,538139,538140,1,44
538095,538136,538141,5,41
538095,538140,538141,1,45
538095,538140,538142,2,45
538095,538141,538142,1,46
538095,538142,538143,1,47
538095,538141,538143,2,46
538095,538142,538143,1,47
538095,538143,538144,1,48
538095,538140,538141,1,45
538095,538144,538145,1,49
538095,538144,538145,1,49
538095,538141,538145,4,46
538095,538145,538146,1,50
538095,538145,538146,1,50
538095,538144,538146,2,49
538095,538146,538147,1,51
538095,538147,538148,1,52
538095,538145,538149,4,50
538095,538148,538149,1,53
538095,538147,538149,2,52
538095,538146,538147,1,51
538095,538147,538150,3,52
538095,538149,538150,1,54
538095,538149,538150,1,54
538095,538150,538151,1,55
538095,538151,538152,1,56
538095,538150,538152,2,55
538095,538151,538153,2,56
538095,538152,538153,1,57
538095,538150,538151,1,55
538095,538150,538154,4,55
534771,534895,538235,3340,124
538240,538240,538241,1,0
538240,538240,538242,2,0
538240,538240,538241,1,0
538240,538241,538242,1,1
538240,538242,538243,1,2
538240,538240,538244,4,0
538240,538243,538244,1,3
538240,538243,538244,1,3
538240,538242,538244,2,2
538240,538244,538245,1,4
538240,538244,538245,1,4
538240,538245,538246,1,5
538240,538245,538246,1,5
538240,538245,538246,1,5
538240,538246,538247,1,6
538240,538246,538247,1,6
538240,538247,538248,1,7
538240,538247,538248,1,7
538240,538244,538245,1,4
538240,538248,538249,1,8
538240,538242,538249,7,2
538240,538247,538249,2,7
538240,538248,538249,1,8
538240,538248,538250,2,8
538240,538249,538250,1,9
538240,538250,538251,1,10
538240,538249,538252,3,9
538240,538250,538252,2,10
538240,538251,538252,1,11
538240,538252,538253,1,12
538240,538253,538254,1,13
538240,538253,538255,2,13
538240,538254,538256,2,14
538240,538250,538253,3,10
538240,538255,538256,1,15
538240,538257,538258,1,17
538240,538257,538259,2,17
538240,538256,538259,3,16
538240,538258,538259,1,18
538240,538259,538260,1,19
538240,538260,538261,1,20
538240,538259,538262,3,19
538240,538261,538262,1,21
538240,538252,538260,8,12
538240,538262,538263,1,22
538240,538259,538263,4,19
538240,538263,538265,2,23
538240,538262,538264,2,22
538240,538264,538265,1,24
538240,538263,538266,3,23
538240,538265,538266,1,25
538240,538264,538267,3,24
538240,538266,538267,1,26
538240,538265,538267,2,25
538240,538267,538268,1,27
538240,538268,538269,1,28
538240,538269,538271,2,29
538240,538270,538272,2,30
538240,538268,538271,3,28
538240,538266,538272,6,26
538240,538271,538273,2,31
538240,538267,538273,6,27
538240,538272,538273,1,32
538240,538273,538275,2,33
538240,538272,538275,3,32
538240,538272,538275,3,32
538240,538274,538276,2,34
538240,538273,538276,3,33
538240,538275,538277,2,35
538240,538276,538278,2,36
538240,538277,538279,2,37
538240,538275,538279,4,35
538240,538278,538280,2,38
538240,538279,538281,2,39
538240,538275,538281,6,35
533399,533478,538281,4803,79
538240,538279,538281,2,39
538240,538280,538282,2,40
538240,538276,538282,6,36
538240,538281,538283,2,41
538240,538282,538284,2,42
538240,538283,538285,2,43
538240,538282,538285,3,42
538240,538284,538286,2,44
538240,538282,538284,2,42
538240,538283,538288,5,43
538240,538285,538288,3,45
533275,533419,538288,4869,144
538240,538286,538289,3,46
538240,538286,538289,3,46
538240,538287,538290,3,47
538240,538288,538291,3,48
538240,538290,538291,1,50
538240,538289,538292,3,49
538240,538292,538293,1,52
538240,538292,538293,1,52
538240,538289,538293,4,49
538240,538288,538291,3,48
533263,533418,538292,4874,155
538240,538294,538295,1,54
538240,538294,538295,1,54
538240,538282,538295,13,42
538240,538290,538295,5,50
538240,538294,538296,2,54
538240,538293,538296,3,53
538240,538294,538296,2,54
538240,538296,538297,1,56
538240,538296,538297,1,56
538240,538296,538298,2,56
538240,538298,538299,1,58
538240,538297,538299,2,57
538240,538299,538300,1,59
538240,538298,538300,2,58
538240,538299,538300,1,59
538240,538296,538301,5,56
538240,538300,538301,1,60
538240,538299,538302,3,59
538240,538294,538302,8,54
538240,538296,538302,6,56
538240,538296,538302,6,56
538240,538301,538302,1,61
538240,538301,538303,2,61
538240,538302,538303,1,62
538240,538302,538303,1,62
538240,538303,538304,1,63
538240,538303,538304,1,63
538240,538302,538305,3,62
538240,538304,538305,1,64
538240,538304,538306,2,64
538240,538305,538306,1,65
538240,538306,538307,1,66
538240,538307,538309,2,67
538240,538307,538310,3,67
538240,538306,538310,4,66
538240,538304,538309,5,64
538240,538308,538310,2,68
538240,538303,538306,3,63
538240,538303,538307,4,63
538240,538309,538311,2,69
538240,538310,538312,2,70
538240,538310,538313,3,70
538240,538310,538312,2,70
538240,538310,538312,2,70
538240,538311,538313,2,71
538240,538305,538311,6,65
538240,538310,538313,3,70
538240,538310,538315,5,70
538240,538313,538316,3,73
538240,538313,538316,3,73
538240,538313,538316,3,73
538362,538362,538363,1,0
538362,538362,538363,1,0
538362,538362,538363,1,0
538362,538362,538364,2,0
538362,538362,538364,2,0
538362,538363,538364,1,1
538362,538363,538364,1,1
538362,538364,538365,1,2
538362,538364,538365,1,2
538362,538365,538366,1,3
538362,538362,538364,2,0
538362,538366,538367,1,4
538362,538366,538367,1,4
538362,538362,538367,5,0
538362,538364,538367,3,2
538362,538364,538368,4,2
538362,538367,538368,1,5
538362,538362,538368,6,0
538362,538367,538368,1,5
538362,538364,538369,5,2
538362,538367,538368,1,5
538362,538368,538370,2,6
538362,538368,538369,1,6
538362,538368,538369,1,6
538362,538369,538370,1,7
538362,538368,538371,3,6
538362,538370,538372,2,8
538362,538371,538372,1,9
538362,538370,538373,3,8
538362,538372,538373,1,10
538362,538370,538373,3,8
538362,538372,538374,2,10
538362,538373,538374,1,11
538362,538369,538374,5,7
538362,538369,538374,5,7
538362,538373,538375,2,11
538362,538374,538375,1,12
538362,538375,538376,1,13
538362,538375,538376,1,13
538362,538375,538377,2,13
538362,538377,538378,1,15
538362,538374,538378,4,12
538362,538375,538378,3,13
538362,538377,538378,1,15
538362,538378,538379,1,16
538362,538369,538379,10,7
538362,538377,538380,3,15
538362,538378,538380,2,16
538362,538378,538380,2,16
538362,538379,538380,1,17
538362,538379,538380,1,17
538362,538375,538381,6,13
538362,538376,538382,6,14
538362,538381,538382,1,19
538362,538381,538382,1,19
538362,538380,538383,3,18
538362,538382,538383,1,20
538362,538380,538384,4,18
538362,538383,538384,1,21
538362,538383,538384,1,21
538362,538380,538385,5,18
538362,538383,538385,2,21
538362,538384,538386,2,22
538362,538385,538386,1,23
538362,538385,538386,1,23
538362,538385,538387,2,23
538362,538384,538386,2,22
538362,538387,538388,1,25
538362,538386,538387,1,24
538362,538385,538388,3,23
538362,538387,538388,1,25
538362,538388,538389,1,26
538362,538387,538390,3,25
538362,538388,538390,2,26
538362,538389,538390,1,27
538362,538389,538390,1,27
538362,538387,538391,4,25
538362,538390,538392,2,28
538362,538391,538392,1,29
538362,538391,538392,1,29
538362,538380,538389,9,18
538362,538382,538391,9,20
538362,538390,538392,2,28
538362,538391,538393,2,29
538362,538393,538394,1,31
538362,538393,538394,1,31
538362,538388,538394,6,26
538362,538393,538395,2,31
538362,538393,538396,3,31
538362,538395,538397,2,33
538362,538395,538397,2,33
538362,538396,538398,2,34
538362,538397,538399,2,35
538362,538397,538398,1,35
538362,538396,538399,3,34
538362,538395,538399,4,33
538362,538393,538396,3,31
538362,538393,538396,3,31
538362,538399,538400,1,37
538362,538399,538400,1,37
538362,538400,538401,1,38
538362,538399,538401,2,37
538362,538401,538402,1,39
538362,538400,538402,2,38
538362,538401,538402,1,39
538362,538402,538403,1,40
538362,538402,538403,1,40
538362,538403,538404,1,41
538362,538403,538404,1,41
538362,538403,538404,1,41
538362,538404,538405,1,42
538362,538395,538398,3,33
538362,538405,538406,1,43
538362,538405,538406,1,43
538362,538405,538406,1,43
538362,538402,538406,4,40
538362,538404,538407,3,42
538362,538407,538408,1,45
538362,538407,538409,2,45
538362,538407,538409,2,45
538362,538408,538409,1,46
538362,538409,538411,2,47
538362,538410,538411,1,48
538362,538409,538410,1,47
538362,538406,538408,2,44
538362,538406,538408,2,44
538362,538406,538412,6,44
538362,538410,538412,2,48
538362,538411,538412,1,49
538362,538411,538412,1,49
538362,538409,538412,3,47
538362,538413,538414,1,51
538362,538413,538414,1,51
538362,538413,538415,2,51
538362,538411,538415,4,49
538362,538413,538416,3,51
538362,538415,538416,1,53
538362,538415,538416,1,53
538362,538417,538418,1,55
538362,538417,538418,1,55
538362,538412,538415,3,50
538362,538412,538418,6,50
538362,538416,538419,3,54
538362,538417,538419,2,55
538362,538412,538419,7,50
538362,538419,538420,1,57
538362,538416,538422,6,54
533413,533580,538451,4871,167
533658,533715,538600,4885,57
535028,535101,538602,3501,73
538642,538642,538643,1,0
538642,538642,538643,1,0
538642,538642,538643,1,0
538642,538642,538643,1,0
538642,538642,538644,2,0
538642,538644,538645,1,2
538642,538644,538645,1,2
538642,538642,538645,3,0
538642,538645,538646,1,3
538642,538642,538646,4,0
538642,538646,538647,1,4
538642,538642,538646,4,0
538642,538642,538646,4,0
538642,538646,538647,1,4
538642,538644,538647,3,2
538642,538647,538648,1,5
538642,538644,538647,3,2
538642,538647,538648,1,5
538642,538647,538649,2,5
538642,538648,538649,1,6
538642,538648,538650,2,6
538642,538647,538648,1,5
538642,538650,538651,1,8
538642,538648,538652,4,6
538642,538650,538651,1,8
538642,538651,538652,1,9
538642,538647,538652,5,5
538642,538646,538653,7,4
538642,538652,538653,1,10
538642,538649,538654,5,7
538642,538652,538653,1,10
538642,538652,538653,1,10
538642,538648,538654,6,6
538642,538652,538655,3,10
538642,538653,538655,2,11
538642,538654,538656,2,12
538642,538654,538655,1,12
538642,538654,538655,1,12
538642,538654,538656,2,12
538642,538655,538657,2,13
538642,538653,538657,4,11
538642,538655,538657,2,13
538642,538656,538657,1,14
538642,538654,538658,4,12
538642,538657,538659,2,15
538642,538657,538658,1,15
538642,538658,538659,1,16
538642,538656,538660,4,14
538642,538658,538660,2,16
538642,538659,538662,3,17
538642,538656,538662,6,14
538642,538660,538661,1,18
538642,538658,538662,4,16
538642,538661,538662,1,19
538642,538656,538662,6,14
538642,538659,538663,4,17
538642,538655,538663,8,13
538642,538662,538664,2,20
538642,538662,538663,1,20
538642,538662,538664,2,20
538642,538662,538665,3,20
538642,538663,538665,2,21
538642,538663,538665,2,21
538642,538664,538666,2,22
538642,538664,538666,2,22
538642,538664,538665,1,22
538642,538660,538666,6,18
538642,538665,538666,1,23
538642,538665,538667,2,23
538642,538666,538668,2,24
538642,538666,538668,2,24
538642,538666,538668,2,24
538642,538667,538669,2,25
538642,538664,538669,5,22
538642,538668,538670,2,26
538642,538668,538669,1,26
538642,538668,538670,2,26
538642,538669,538671,2,27
538642,538664,538668,4,22
538642,538669,538672,3,27
538642,538668,538672,4,26
538642,538670,538671,1,28
538642,538670,538672,2,28
538642,538665,538673,8,23
538642,538672,538674,2,30
538642,538666,538674,8,24
538642,538672,538674,2,30
538642,538672,538675,3,30
538642,538673,538676,3,31
538642,538674,538676,2,32
538642,538672,538677,5,30
538642,538670,538676,6,28
538642,538671,538677,6,29
538642,538676,538678,2,34
538642,538676,538678,2,34
538642,538676,538678,2,34
538642,538677,538679,2,35
538642,538677,538679,2,35
538642,538674,538676,2,32
538642,538678,538680,2,36
538642,538678,538679,1,36
538642,538675,538681,6,33
538642,538680,538681,1,38
538642,538679,538682,3,37
538642,538680,538682,2,38
538642,538680,538681,1,38
538642,538677,538682,5,35
538642,538679,538683,4,37
538642,538682,538684,2,40
538642,538682,538684,2,40
538642,538682,538683,1,40
538642,538679,538684,5,37
538642,538682,538684,2,40
538642,538683,538685,2,41
538642,538675,538683,8,33
538642,538682,538683,1,40
538642,538682,538683,1,40
538642,538684,538686,2,42
538642,538684,538685,1,42
538642,538684,538687,3,42
538642,538687,538688,1,45
538642,538687,538689,2,45
538642,538686,538688,2,44
538642,538685,538689,4,43
538642,538685,538689,4,43
538642,538685,538689,4,43
538642,538689,538690,1,47
538642,538685,538687,2,43
538642,538685,538689,4,43
538642,538685,538689,4,43
538642,538689,538691,2,47
538642,538690,538691,1,48
538642,538690,538691,1,48
538642,538689,538691,2,47
538642,538689,538692,3,47
535295,535347,538692,3345,52
538642,538692,538693,1,50
538642,538693,538694,1,51
538642,538692,538695,3,50
538642,538690,538695,5,48
538642,538691,538693,2,49
538642,538691,538696,5,49
538642,538694,538696,2,52
538642,538692,538695,3,50
538642,538691,538695,4,49
538642,538695,538696,1,53
538642,538692,538697,5,50
538642,538696,538698,2,54
538642,538691,538697,6,49
538642,538695,538698,3,53
538642,538696,538698,2,54
538764,538764,538765,1,0
538764,538764,538765,1,0
538764,538764,538765,1,0
538764,538764,538765,1,0
538764,538766,538767,1,2
538764,538764,538765,1,0
538764,538766,538767,1,2
538764,538766,538767,1,2
538764,538766,538767,1,2
538764,538767,538768,1,3
538764,538768,538769,1,4
538764,538768,538769,1,4
538764,538768,538770,2,4
538764,538766,538769,3,2
538764,538768,538769,1,4
538764,538769,538770,1,5
538764,538769,538770,1,5
538764,538764,538767,3,0
538764,538764,538770,6,0
538764,538770,538771,1,6
538764,538770,538771,1,6
538764,538770,538771,1,6
538764,538770,538771,1,6
538764,538770,538771,1,6
538764,538770,538771,1,6
538764,538764,538771,7,0
538764,538767,538772,5,3
538764,538771,538772,1,7
538764,538771,538772,1,7
538764,538772,538773,1,8
538764,538772,538773,1,8
538764,538772,538774,2,8
538764,538772,538773,1,8
538764,538772,538773,1,8
538764,538772,538773,1,8
538764,538773,538774,1,9
538764,538773,538774,1,9
538764,538772,538775,3,8
538764,538770,538773,3,6
538764,538770,538775,5,6
538764,538774,538775,1,10
538764,538774,538775,1,10
538764,538774,538775,1,10
538764,538774,538776,2,10
538764,538771,538775,4,7
538764,538775,538776,1,11
538764,538775,538776,1,11
538764,538775,538776,1,11
538764,538776,538778,2,12
538764,538776,538778,2,12
538764,538775,538776,1,11
538764,538776,538778,2,12
538764,538774,538779,5,10
538764,538778,538779,1,14
538764,538779,538781,2,15
538764,538777,538781,4,13
538764,538780,538782,2,16
538764,538778,538781,3,14
538764,538781,538782,1,17
538764,538775,538779,4,11
538764,538779,538780,1,15
538764,538779,538783,4,15
538764,538782,538783,1,18
538764,538782,538784,2,18
538764,538781,538785,4,17
538764,538785,538786,1,21
538764,538784,538785,1,20
538764,538784,538786,2,20
538764,538786,538787,1,22
538764,538785,538787,2,21
538764,538787,538788,1,23
538764,538786,538787,1,22
538764,538783,538784,1,19
538764,538783,538786,3,19
538764,538783,538787,4,19
538764,538786,538788,2,22
538764,538788,538789,1,24
538764,538788,538789,1,24
538764,538774,538789,15,10
538764,538789,538790,1,25
538764,538789,538790,1,25
538764,538788,538790,2,24
538764,538789,538790,1,25
538764,538788,538790,2,24
538764,538790,538791,1,26
538764,538790,538791,1,26
538764,538790,538791,1,26
538764,538787,538791,4,23
538764,538791,538792,1,27
538764,538791,538792,1,27
538764,538781,538792,11,17
538764,538790,538792,2,26
538764,538792,538793,1,28
538764,538792,538793,1,28
538764,538791,538793,2,27
538764,538791,538792,1,27
538764,538793,538794,1,29
538764,538793,538794,1,29
538764,538788,538789,1,24
538764,538788,538793,5,24
538764,538793,538794,1,29
538764,538790,538794,4,26
538764,538792,538793,1,28
538764,538794,538795,1,30
538764,538794,538795,1,30
538764,538795,538796,1,31
538764,538795,538796,1,31
538764,538794,538795,1,30
538764,538794,538796,2,30
538764,538794,538796,2,30
538764,538788,538795,7,24
538764,538794,538796,2,30
538764,538793,538797,4,29
538764,538796,538797,1,32
538764,538796,538797,1,32
538764,538797,538798,1,33
538764,538796,538798,2,32
538764,538797,538798,1,33
538764,538797,538798,1,33
538764,538794,538798,4,30
538764,538797,538798,1,33
538764,538792,538799,7,28
538764,538796,538799,3,32
538764,538797,538799,2,33
538764,538798,538800,2,34
538764,538796,538801,5,32
538764,538798,538804,6,34
533945,533983,538811,4828,38
538886,538886,538887,1,0
538886,538886,538887,1,0
538886,538886,538887,1,0
538886,538886,538888,2,0
538886,538886,538888,2,0
538886,538887,538888,1,1
538886,538887,538888,1,1
538886,538886,538889,3,0
538886,538888,538889,1,2
538886,538888,538889,1,2
538886,538886,538890,4,0
538886,538888,538889,1,2
538886,538886,538889,3,0
538886,538889,538890,1,3
538886,538889,538890,1,3
538886,538886,538887,1,0
538886,538886,538891,5,0
538886,538886,538891,5,0
538886,538888,538890,2,2
538886,538889,538891,2,3
538886,538890,538891,1,4
538886,538890,538891,1,4
538886,538890,538891,1,4
538886,538890,538892,2,4
535465,535518,538891,3373,53
538886,538891,538892,1,5
538886,538892,538893,1,6
538886,538891,538893,2,5
538886,538890,538893,3,4
538886,538892,538894,2,6
538886,538893,538894,1,7
538886,538894,538895,1,8
538886,538894,538895,1,8
538886,538892,538895,3,6
538886,538893,538895,2,7
538886,538891,538892,1,5
538886,538891,538895,4,5
538886,538895,538896,1,9
538886,538887,538896,9,1
538886,538891,538896,5,5
538886,538891,538896,5,5
538886,538896,538897,1,10
538886,538894,538897,3,8
538886,538897,538898,1,11
538886,538896,538897,1,10
538886,538897,538898,1,11
538886,538898,538899,1,12
538886,538898,538899,1,12
538886,538897,538899,2,11
538886,538898,538899,1,12
538886,538896,538900,4,10
538886,538897,538900,3,11
538886,538900,538901,1,14
538886,538900,538901,1,14
538886,538897,538901,4,11
538886,538900,538901,1,14
538886,538901,538902,1,15
538886,538901,538902,1,15
538886,538901,538902,1,15
538886,538896,538898,2,10
538886,538897,538898,1,11
538886,538897,538901,4,11
538886,538899,538902,3,13
538886,538902,538903,1,16
538886,538902,538903,1,16
538886,538902,538903,1,16
538886,538902,538903,1,16
538886,538903,538904,1,17
538886,538903,538904,1,17
538886,538900,538904,4,14
538886,538902,538904,2,16
538886,538904,538905,1,18
538886,538904,538905,1,18
538886,538904,538905,1,18
538886,538904,538905,1,18
538886,538898,538906,8,12
538886,538905,538906,1,19
538886,538902,538903,1,16
538886,538905,538906,1,19
538886,538905,538906,1,19
538886,538905,538906,1,19
538886,538906,538907,1,20
538886,538906,538907,1,20
538886,538906,538907,1,20
538886,538906,538907,1,20
538886,538903,538907,4,17
538886,538904,538907,3,18
538886,538907,538908,1,21
538886,538902,538907,5,16
538886,538902,538908,6,16
538886,538907,538908,1,21
538886,538907,538908,1,21
538886,538907,538908,1,21
538886,538906,538908,2,20
538886,538907,538908,1,21
538886,538902,538909,7,16
538886,538908,538909,1,22
538886,538908,538909,1,22
538886,538908,538909,1,22
538886,538908,538909,1,22
538886,538909,538910,1,23
538886,538908,538910,2,22
538886,538909,538910,1,23
538886,538909,538910,1,23
538886,538909,538910,1,23
538886,538909,538910,1,23
538886,538906,538911,5,20
538886,538909,538910,1,23
538886,538910,538911,1,24
538886,538910,538911,1,24
538886,538910,538911,1,24
538886,538910,538911,1,24
538886,538911,538912,1,25
538886,538911,538912,1,25
538886,538911,538912,1,25
538886,538911,538912,1,25
538886,538908,538912,4,22
538886,538912,538913,1,26
538886,538912,538913,1,26
538886,538908,538912,4,22
538886,538909,538912,3,23
538886,538911,538915,4,25
538886,538910,538914,4,24
538886,538908,538915,7,22
538886,538912,538915,3,26
538886,538912,538916,4,26
534392,534456,539281,4825,64
539314,539314,539315,1,0
539314,539314,539316,2,0
539314,539314,539316,2,0
539314,539314,539316,2,0
539314,539314,539315,1,0
539314,539314,539315,1,0
539314,539314,539316,2,0
539314,539316,539317,1,2
539314,539316,539318,2,2
539314,539316,539318,2,2
539314,539316,539318,2,2
539314,539316,539318,2,2
539314,539318,539320,2,4
539314,539318,539320,2,4
539314,539318,539320,2,4
539314,539318,539320,2,4
539314,539319,539321,2,5
539314,539316,539321,5,2
539314,539316,539321,5,2
539314,539320,539322,2,6
539314,539321,539323,2,7
539314,539321,539323,2,7
539314,539320,539322,2,6
539314,539320,539322,2,6
539314,539314,539323,9,0
539314,539321,539323,2,7
539314,539322,539324,2,8
539314,539320,539324,4,6
539314,539323,539325,2,9
539314,539323,539325,2,9
539314,539323,539325,2,9
539314,539324,539327,3,10
539314,539324,539327,3,10
539314,539324,539326,2,10
539314,539323,539328,5,9
539314,539323,539328,5,9
539314,539325,539328,3,11
539314,539325,539328,3,11
539314,539327,539329,2,13
539314,539327,539329,2,13
539314,539325,539329,4,11
539314,539327,539329,2,13
539314,539328,539330,2,14
539314,539328,539330,2,14
539314,539328,539330,2,14
539314,539328,539331,3,14
539314,539329,539331,2,15
539314,539330,539332,2,16
539314,539329,539332,3,15
539314,539331,539333,2,17
539314,539330,539333,3,16
539314,539330,539333,3,16
539314,539332,539334,2,18
539314,539331,539333,2,17
539314,539330,539335,5,16
539314,539334,539335,1,20
539314,539334,539336,2,20
539314,539333,539335,2,19
539314,539333,539336,3,19
539314,539335,539336,1,21
539314,539334,539337,3,20
539314,539332,539337,5,18
539314,539336,539338,2,22
539314,539337,539339,2,23
535856,536046,539339,3293,190
539314,539337,539339,2,23
539314,539336,539339,3,22
539314,539336,539339,3,22
539314,539337,539340,3,23
539314,539339,539340,1,25
539314,539339,539340,1,25
539314,539336,539341,5,22
539314,539340,539342,2,26
539314,539340,539342,2,26
539314,539340,539342,2,26
539314,539341,539342,1,27
539314,539340,539343,3,26
539314,539341,539343,2,27
539314,539338,539344,6,24
539314,539338,539343,5,24
539314,539341,539344,3,27
539314,539343,539344,1,29
539314,539343,539345,2,29
539314,539344,539346,2,30
539314,539342,539345,3,28
539314,539342,539345,3,28
539314,539343,539346,3,29
539314,539344,539346,2,30
539314,539345,539347,2,31
539314,539344,539346,2,30
539314,539344,539348,4,30
539314,539346,539349,3,32
539314,539347,539349,2,33
539314,539346,539349,3,32
539314,539346,539349,3,32
539314,539346,539349,3,32
539314,539347,539350,3,33
539314,539346,539350,4,32
539314,539349,539350,1,35
539314,539349,539351,2,35
539314,539348,539351,3,34
539314,539349,539351,2,35
539314,539349,539352,3,35
539314,539350,539352,2,36
539314,539350,539352,2,36
539314,539351,539352,1,37
539314,539349,539353,4,35
539314,539352,539354,2,38
539314,539353,539354,1,39
539314,539347,539355,8,33
539314,539351,539355,4,37
539314,539352,539354,2,38
539314,539353,539355,2,39
539314,539352,539355,3,38
539314,539355,539356,1,41
539314,539354,539356,2,40
539314,539355,539357,2,41
539314,539355,539357,2,41
539314,539355,539357,2,41
539314,539356,539357,1,42
539314,539356,539357,1,42
539314,539352,539358,6,38
539314,539355,539358,3,41
539314,539358,539359,1,44
539314,539357,539360,3,43
539314,539358,539360,2,44
539314,539358,539360,2,44
539314,539355,539361,6,41
539314,539358,539361,3,44
539314,539360,539361,1,46
539314,539358,539361,3,44
539314,539357,539362,5,43
539314,539361,539363,2,47
539314,539361,539363,2,47
539314,539362,539364,2,48
539314,539361,539364,3,47
539314,539356,539364,8,42
539314,539361,539364,3,47
539314,539362,539365,3,48
539314,539362,539365,3,48
539314,539364,539366,2,50
539314,539364,539367,3,50
539314,539364,539367,3,50
539314,539364,539367,3,50
539314,539365,539367,2,51
539314,539366,539368,2,52
539314,539364,539368,4,50
539314,539362,539367,5,48
539314,539366,539368,2,52
539314,539365,539368,3,51
539314,539367,539370,3,53
535999,536125,539389,3264,126
539436,539436,539437,1,0
539436,539436,539437,1,0
539436,539436,539437,1,0
539436,539436,539438,2,0
539436,539436,539438,2,0
539436,539436,539438,2,0
539436,539436,539438,2,0
539436,539436,539438,2,0
539436,539436,539438,2,0
539436,539439,539440,1,3
539436,539439,539440,1,3
539436,539436,539440,4,0
539436,539439,539440,1,3
539436,539439,539440,1,3
539436,539438,539440,2,2
539436,539439,539441,2,3
539436,539441,539442,1,5
539436,539441,539442,1,5
539436,539441,539442,1,5
539436,539441,539442,1,5
539436,539439,539442,3,3
539436,539441,539443,2,5
539436,539441,539443,2,5
539436,539441,539443,2,5
539436,539443,539444,1,7
539436,539443,539444,1,7
539436,539444,539445,1,8
539436,539442,539444,2,6
539436,539442,539444,2,6
539436,539443,539444,1,7
539436,539444,539445,1,8
539436,539444,539445,1,8
539436,539445,539446,1,9
539436,539444,539445,1,8
539436,539445,539446,1,9
539436,539445,539446,1,9
539436,539446,539447,1,10
539436,539446,539447,1,10
539436,539446,539447,1,10
539436,539445,539448,3,9
539436,539445,539447,2,9
539436,539445,539448,3,9
539436,539447,539448,1,11
539436,539447,539448,1,11
539436,539447,539448,1,11
539436,539446,539448,2,10
539436,539448,539449,1,12
539436,539448,539449,1,12
539436,539448,539449,1,12
539436,539449,539450,1,13
539436,539448,539450,2,12
539436,539449,539450,1,13
539436,539449,539450,1,13
539436,539448,539451,3,12
539436,539448,539451,3,12
539436,539451,539452,1,15
539436,539451,539452,1,15
539436,539451,539452,1,15
539436,539449,539451,2,13
539436,539450,539451,1,14
539436,539450,539451,1,14
539436,539450,539452,2,14
539436,539451,539452,1,15
539436,539451,539452,1,15
539436,539452,539453,1,16
539436,539452,539454,2,16
539436,539452,539453,1,16
539436,539453,539454,1,17
539436,539453,539454,1,17
539436,539453,539454,1,17
539436,539453,539454,1,17
539436,539454,539455,1,18
539436,539452,539455,3,16
539436,539452,539455,3,16
539436,539454,539455,1,18
539436,539455,539456,1,19
539436,539455,539456,1,19
539436,539455,539456,1,19
539436,539455,539456,1,19
539436,539456,539457,1,20
539436,539456,539457,1,20
539436,539455,539456,1,19
539436,539452,539456,4,16
539436,539454,539457,3,18
539436,539456,539457,1,20
539436,539457,539458,1,21
539436,539456,539458,2,20
539436,539457,539458,1,21
539436,539457,539458,1,21
539436,539457,539458,1,21
539436,539457,539458,1,21
539436,539457,539458,1,21
539436,539457,539459,2,21
539436,539458,539459,1,22
539436,539458,539459,1,22
539436,539458,539460,2,22
539436,539459,539460,1,23
539436,539459,539460,1,23
539436,539458,539460,2,22
539436,539459,539460,1,23
539436,539457,539461,4,21
539436,539457,539460,3,21
539436,539459,539460,1,23
539436,539460,539461,1,24
539436,539460,539461,1,24
539436,539461,539462,1,25
539436,539461,539462,1,25
539436,539459,539462,3,23
539436,539459,539462,3,23
539436,539460,539461,1,24
539436,539461,539462,1,25
539436,539461,539462,1,25
539436,539461,539462,1,25
539436,539461,539462,1,25
539436,539461,539463,2,25
539436,539462,539463,1,26
539436,539462,539463,1,26
539436,539462,539463,1,26
539436,539462,539464,2,26
539436,539462,539464,2,26
539436,539463,539464,1,27
539436,539463,539464,1,27
539436,539463,539465,2,27
539436,539463,539464,1,27
539436,539462,539465,3,26
539436,539462,539465,3,26
539436,539463,539464,1,27
539571,539585,539586,1,14
539571,539585,539586,1,14
534638,534827,539647,4820,189
539707,539708,539709,1,1
539707,539707,539708,1,0
539707,539707,539708,1,0
539707,539707,539708,1,0
539707,539707,539709,2,0
539707,539707,539709,2,0
539707,539709,539710,1,2
539707,539710,539711,1,3
539707,539710,539711,1,3
539707,539710,539711,1,3
539707,539710,539711,1,3
539707,539711,539712,1,4
539707,539711,539712,1,4
539707,539712,539713,1,5
539707,539712,539713,1,5
539707,539712,539714,2,5
539707,539709,539714,5,2
539707,539713,539714,1,6
539707,539713,539714,1,6
539707,539712,539714,2,5
539707,539714,539715,1,7
539707,539709,539714,5,2
539707,539709,539714,5,2
539707,539714,539715,1,7
539707,539714,539715,1,7
539707,539715,539716,1,8
539707,539714,539715,1,7
539707,539715,539716,1,8
539707,539715,539716,1,8
539707,539715,539716,1,8
539707,539716,539717,1,9
539707,539716,539717,1,9
539707,539716,539717,1,9
539707,539717,539718,1,10
539707,539717,539718,1,10
539707,539717,539718,1,10
539707,539717,539718,1,10
539707,539718,539719,1,11
539707,539718,539719,1,11
539707,539718,539719,1,11
539707,539719,539720,1,12
539707,539719,539720,1,12
539707,539720,539721,1,13
539707,539719,539720,1,12
539707,539719,539720,1,12
539707,539715,539721,6,8
539707,539720,539721,1,13
539707,539720,539722,2,13
539707,539721,539722,1,14
539707,539715,539721,6,8
539707,539716,539721,5,9
539707,539721,539722,1,14
539707,539722,539723,1,15
539707,539721,539723,2,14
539707,539721,539723,2,14
539707,539721,539722,1,14
539707,539722,539723,1,15
534782,534896,539723,4827,114
539707,539722,539724,2,15
539707,539723,539724,1,16
539707,539723,539724,1,16
539707,539724,539725,1,17
539707,539723,539725,2,16
539707,539723,539725,2,16
539707,539724,539725,1,17
539707,539724,539726,2,17
539707,539725,539726,1,18
539707,539725,539726,1,18
539707,539726,539727,1,19
539707,539725,539727,2,18
539707,539725,539726,1,18
539707,539726,539727,1,19
539707,539726,539727,1,19
539707,539722,539728,6,15
539707,539727,539728,1,20
539707,539727,539728,1,20
539707,539723,539728,5,16
539707,539727,539729,2,20
539707,539727,539729,2,20
539707,539728,539729,1,21
539707,539728,539729,1,21
539707,539728,539729,1,21
539707,539722,539730,8,15
539707,539728,539730,2,21
539707,539729,539730,1,22
539707,539729,539730,1,22
539707,539729,539731,2,22
539707,539730,539731,1,23
539707,539729,539731,2,22
539707,539729,539731,2,22
539707,539730,539731,1,23
539707,539730,539731,1,23
539707,539731,539732,1,24
539707,539724,539732,8,17
539707,539732,539733,1,25
539707,539731,539733,2,24
539707,539731,539733,2,24
539707,539732,539734,2,25
539707,539734,539735,1,27
539707,539730,539735,5,23
539707,539734,539735,1,27
539707,539734,539735,1,27
539707,539733,539735,2,26
539707,539730,539736,6,23
539707,539731,539736,5,24
539707,539735,539736,1,28
539707,539735,539737,2,28
539707,539736,539737,1,29
539707,539736,539737,1,29
539707,539737,539739,2,30
539707,539738,539739,1,31
539707,539738,539739,1,31
539707,539739,539741,2,32
539707,539740,539741,1,33
539707,539740,539741,1,33
539707,539736,539742,6,29
539707,539737,539742,5,30
539707,539737,539742,5,30
539707,539736,539742,6,29
539707,539741,539743,2,34
539707,539743,539744,1,36
539707,539742,539743,1,35
539707,539742,539743,1,35
539707,539743,539744,1,36
539707,539743,539744,1,36
539707,539743,539747,4,36
539707,539743,539747,4,36
539829,539829,539830,1,0
539829,539829,539830,1,0
539829,539829,539831,2,0
539829,539829,539831,2,0
539829,539829,539830,1,0
539829,539830,539831,1,1
539829,539830,539831,1,1
539829,539829,539831,2,0
539829,539831,539832,1,2
539829,539831,539832,1,2
539829,539832,539833,1,3
539829,539831,539832,1,2
539829,539831,539832,1,2
539829,539831,539832,1,2
539829,539832,539833,1,3
539829,539832,539833,1,3
539829,539833,539834,1,4
539829,539833,539834,1,4
539829,539833,539835,2,4
539829,539829,539835,6,0
539829,539829,539834,5,0
539829,539829,539834,5,0
539829,539833,539835,2,4
539829,539833,539834,1,4
539829,539834,539835,1,5
539829,539834,539835,1,5
539829,539833,539835,2,4
539829,539835,539836,1,6
539829,539835,539836,1,6
539829,539836,539837,1,7
539829,539835,539836,1,6
539829,539835,539836,1,6
539829,539835,539836,1,6
539829,539836,539837,1,7
539829,539835,539836,1,6
539829,539835,539836,1,6
539829,539836,539837,1,7
539829,539837,539838,1,8
539829,539837,539838,1,8
539829,539837,539838,1,8
539829,539837,539838,1,8
539829,539837,539839,2,8
539829,539838,539839,1,9
539829,539838,539839,1,9
539829,539835,539839,4,6
539829,539837,539840,3,8
539829,539839,539840,1,10
539829,539839,539840,1,10
539829,539840,539841,1,11
539829,539839,539841,2,10
539829,539839,539841,2,10
539829,539839,539841,2,10
539829,539840,539841,1,11
539829,539837,539841,4,8
539829,539840,539841,1,11
539829,539841,539842,1,12
539829,539841,539842,1,12
539829,539841,539843,2,12
539829,539841,539843,2,12
539829,539841,539842,1,12
539829,539842,539843,1,13
539829,539841,539844,3,12
539829,539843,539844,1,14
539829,539844,539845,1,15
539829,539843,539845,2,14
539829,539843,539845,2,14
539829,539843,539845,2,14
539829,539839,539845,6,10
539829,539837,539846,9,8
539829,539845,539847,2,16
539829,539845,539847,2,16
539829,539845,539847,2,16
539829,539841,539847,6,12
539829,539845,539848,3,16
539829,539847,539848,1,18
539829,539848,539849,1,19
539829,539847,539849,2,18
539829,539848,539849,1,19
539829,539848,539849,1,19
539829,539848,539849,1,19
539829,539849,539850,1,20
539829,539849,539851,2,20
539829,539849,539851,2,20
539829,539850,539851,1,21
539829,539850,539851,1,21
539829,539851,539852,1,22
539829,539851,539852,1,22
539829,539852,539853,1,23
539829,539851,539853,2,22
539829,539852,539853,1,23
539829,539852,539853,1,23
539829,539850,539853,3,21
539829,539845,539854,9,16
539829,539853,539855,2,24
539829,539854,539855,1,25
539829,539854,539855,1,25
539829,539852,539855,3,23
539829,539854,539855,1,25
539829,539855,539856,1,26
539829,539853,539856,3,24
539829,539856,539857,1,27
539829,539856,539857,1,27
539829,539856,539857,1,27
539829,539856,539857,1,27
539829,539856,539858,2,27
539829,539858,539859,1,29
539829,539858,539859,1,29
539829,539858,539859,1,29
539829,539858,539859,1,29
539829,539858,539859,1,29
539829,539856,539859,3,27
539829,539859,539860,1,30
539829,539859,539860,1,30
539829,539860,539861,1,31
539829,539860,539861,1,31
539829,539860,539861,1,31
539829,539856,539861,5,27
539829,539859,539863,4,30
539829,539860,539865,5,31
539966,539966,539967,1,0
539966,539966,539967,1,0
539966,539966,539967,1,0
539966,539966,539967,1,0
539966,539967,539968,1,1
539966,539968,539969,1,2
539966,539968,539970,2,2
539966,539968,539969,1,2
539966,539968,539969,1,2
539966,539969,539970,1,3
539966,539966,539971,5,0
539966,539970,539971,1,4
539966,539970,539971,1,4
539966,539970,539972,2,4
539966,539970,539971,1,4
539966,539966,539971,5,0
539966,539971,539972,1,5
539966,539972,539973,1,6
539966,539966,539973,7,0
539966,539971,539972,1,5
539966,539972,539973,1,6
539966,539972,539973,1,6
539966,539973,539974,1,7
539966,539972,539974,2,6
539966,539973,539974,1,7
539966,539974,539975,1,8
539966,539974,539975,1,8
539966,539975,539976,1,9
539966,539974,539976,2,8
539966,539974,539976,2,8
539966,539976,539977,1,10
539966,539972,539977,5,6
539966,539976,539977,1,10
539966,539977,539978,1,11
539966,539976,539977,1,10
539966,539976,539978,2,10
539966,539973,539978,5,7
539966,539973,539978,5,7
539966,539977,539978,1,11
539966,539978,539979,1,12
539966,539978,539980,2,12
539966,539979,539980,1,13
539966,539978,539980,2,12
539966,539978,539980,2,12
539966,539978,539980,2,12
539966,539978,539980,2,12
539966,539978,539979,1,12
539966,539980,539981,1,14
539966,539980,539981,1,14
539966,539981,539982,1,15
539966,539980,539982,2,14
539966,539981,539982,1,15
539966,539982,539984,2,16
539966,539983,539984,1,17
539966,539983,539984,1,17
539966,539981,539985,4,15
539966,539981,539985,4,15
539966,539981,539985,4,15
539966,539984,539986,2,18
539966,539985,539986,1,19
539966,539985,539986,1,19
539966,539986,539987,1,20
539966,539986,539988,2,20
539966,539987,539988,1,21
539966,539987,539988,1,21
539966,539988,539990,2,22
539966,539989,539990,1,23
539966,539989,539990,1,23
539966,539986,539991,5,20
539966,539986,539991,5,20
539966,539990,539992,2,24
539966,539991,539992,1,25
539966,539991,539992,1,25
539966,539992,539993,1,26
539966,539992,539994,2,26
539966,539987,539995,8,21
539966,539993,539994,1,27
539966,539993,539995,2,27
539966,539994,539996,2,28
539966,539995,539996,1,29
539966,539995,539997,2,29
539966,539996,539998,2,30
539966,539991,539999,8,25
539966,539997,539999,2,31
539966,539997,539999,2,31
539966,539993,539999,6,27
539966,539999,540000,1,33
539966,539999,540001,2,33
539966,539999,540001,2,33
539966,540001,540002,1,35
539966,540001,540002,1,35
539966,540002,540003,1,36
539966,540001,540002,1,35
539966,540001,540003,2,35
539966,540003,540004,1,37
539966,540003,540004,1,37
539966,539995,540004,9,29
539966,539999,540005,6,33
539966,540004,540005,1,38
539966,540003,540005,2,37
539966,540003,540005,2,37
539966,540000,540005,5,34
539966,540005,540006,1,39
539966,540005,540006,1,39
539966,540006,540007,1,40
539966,540005,540006,1,39
539966,540005,540007,2,39
539966,540005,540006,1,39
539966,540007,540008,1,41
539966,540007,540008,1,41
539966,540008,540009,1,42
539966,540007,540009,2,41
539966,540007,540009,2,41
539966,540006,540010,4,40
539966,540009,540010,1,43
539966,540009,540010,1,43
539966,540005,540011,6,39
539966,540007,540011,4,41
539966,540010,540011,1,44
539966,540009,540011,2,43
539966,540009,540011,2,43
539966,540011,540012,1,45
539966,540010,540011,1,44
539966,540011,540012,1,45
539966,540011,540012,1,45
539966,540012,540013,1,46
539966,540011,540013,2,45
539966,540011,540013,2,45
539966,540013,540014,1,47
539966,540012,540017,5,46
539966,540012,540021,9,46
539966,540011,540022,11,45
540098,540106,540107,1,8
540098,540106,540107,1,8
540098,540107,540108,1,9
540098,540113,540114,1,15
540098,540119,540120,1,21
536382,536942,540218,3276,560
540230,540230,540231,1,0
540230,540231,540232,1,1
540230,540230,540232,2,0
540230,540230,540232,2,0
540230,540232,540233,1,2
540230,540233,540234,1,3
540230,540233,540235,2,3
540230,540233,540235,2,3
540230,540230,540235,5,0
540230,540235,540237,2,5
540230,540236,540237,1,6
540230,540237,540239,2,7
540230,540238,540239,1,8
540230,540240,540242,2,10
540230,540240,540241,1,10
540230,540230,540242,12,0
540230,540242,540243,1,12
540230,540242,540244,2,12
540230,540244,540245,1,14
540230,540244,540245,1,14
540230,540244,540246,2,14
540230,540246,540248,2,16
540230,540246,540248,2,16
540230,540248,540249,1,18
540230,540248,540249,1,18
540230,540230,540250,20,0
540230,540236,540249,13,6
540230,540243,540249,6,13
540230,540249,540250,1,19
540230,540248,540250,2,18
540230,540250,540251,1,20
540230,540250,540251,1,20
540230,540251,540252,1,21
540230,540250,540252,2,20
540230,540252,540253,1,22
540230,540251,540253,2,21
540230,540253,540254,1,23
540230,540254,540255,1,24
540230,540253,540255,2,23
540230,540250,540255,5,20
540230,540250,540255,5,20
540230,540252,540255,3,22
540230,540254,540256,2,24
540230,540255,540256,1,25
540230,540256,540257,1,26
540230,540256,540257,1,26
540230,540256,540257,1,26
540230,540257,540258,1,27
540230,540256,540258,2,26
540230,540258,540259,1,28
540230,540259,540260,1,29
540230,540258,540260,2,28
540230,540259,540261,2,29
540230,540260,540261,1,30
540230,540256,540261,5,26
540230,540261,540262,1,31
540230,540261,540263,2,31
540230,540261,540263,2,31
540230,540262,540263,1,32
540230,540258,540263,5,28
540230,540263,540264,1,33
540230,540256,540265,9,26
540230,540263,540265,2,33
540230,540264,540265,1,34
540230,540263,540265,2,33
540230,540265,540266,1,35
540230,540262,540266,4,32
540230,540265,540267,2,35
540230,540265,540267,2,35
540230,540266,540268,2,36
540230,540264,540268,4,34
540230,540266,540267,1,36
540230,540267,540269,2,37
540230,540267,540269,2,37
540230,540268,540270,2,38
540230,540267,540270,3,37
540230,540268,540270,2,38
540230,540270,540272,2,40
540230,540270,540272,2,40
540230,540269,540274,5,39
540230,540269,540274,5,39
540230,540273,540274,1,43
540230,540273,540275,2,43
540230,540268,540275,7,38
540230,540273,540275,2,43
540230,540274,540276,2,44
540230,540274,540276,2,44
540230,540276,540278,2,46
540230,540275,540278,3,45
540230,540278,540280,2,48
540230,540275,540280,5,45
540230,540279,540280,1,49
540230,540277,540281,4,47
540230,540277,540281,4,47
540230,540280,540281,1,50
540230,540281,540282,1,51
540230,540282,540284,2,52
540230,540284,540285,1,54
540230,540283,540285,2,53
540230,540285,540286,1,55
540230,540281,540286,5,51
540230,540282,540286,4,52
540230,540286,540287,1,56
540230,540285,540287,2,55
540230,540284,540287,3,54
540230,540282,540287,5,52
540230,540287,540288,1,57
540230,540287,540288,1,57
540230,540288,540289,1,58
540230,540287,540289,2,57
540230,540287,540289,2,57
540230,540289,540290,1,59
540230,540290,540291,1,60
540230,540289,540291,2,59
540230,540289,540291,2,59
540230,540287,540291,4,57
540230,540291,540292,1,61
540230,540292,540293,1,62
540230,540291,540293,2,61
540230,540288,540293,5,58
540230,540293,540294,1,63
540230,540292,540294,2,62
540230,540289,540294,5,59
540230,540294,540296,2,64
540230,540293,540295,2,63
540235,540295,540296,1,60
540235,540296,540297,1,61
540235,540297,540298,1,62
540235,540296,540298,2,61
540230,540292,540299,7,62
540235,540298,540299,1,63
540230,540294,540300,6,64
540235,540299,540300,1,64
540235,540298,540300,2,63
540235,540297,540301,4,62
540235,540300,540301,1,65
540235,540300,540301,1,65
540235,540301,540302,1,66
540235,540300,540302,2,65
540235,540302,540303,1,67
540235,540303,540304,1,68
540235,540302,540304,2,67
540235,540304,540305,1,69
540235,540305,540306,1,70
535476,535518,540306,4788,42
540235,540301,540307,6,66
540235,540299,540307,8,64
540235,540302,540308,6,67
540235,540307,540308,1,72
540235,540307,540308,1,72
540235,540307,540308,1,72
540235,540308,540310,2,73
540235,540309,540310,1,74
540235,540309,540311,2,74
540235,540308,540312,4,73
540235,540311,540312,1,76
540235,540312,540313,1,77
540235,540312,540314,2,77
540235,540313,540314,1,78
540235,540310,540315,5,75
540235,540314,540316,2,79
540235,540315,540316,1,80
540235,540309,540316,7,74
540235,540314,540316,2,79
540235,540316,540317,1,81
540235,540316,540318,2,81
540235,540317,540319,2,82
535442,535517,540319,4802,75
540235,540318,540319,1,83
540235,540317,540319,2,82
540235,540315,540321,6,80
540235,540319,540321,2,84
540235,540320,540321,1,85
540235,540309,540322,13,74
540235,540320,540323,3,85
540235,540322,540323,1,87
540235,540319,540323,4,84
540235,540322,540324,2,87
540235,540320,540325,5,85
540235,540324,540325,1,89
540235,540321,540326,5,86
540235,540323,540327,4,88
540235,540325,540327,2,90
540235,540326,540327,1,91
540235,540324,540328,4,89
540235,540326,540328,2,91
540235,540327,540329,2,92
540235,540324,540329,5,89
540235,540328,540329,1,93
540235,540328,540330,2,93
540235,540330,540331,1,95
540235,540329,540332,3,94
540235,540330,540332,2,95
540235,540330,540331,1,95
540235,540328,540334,6,93
540235,540331,540333,2,96
540235,540332,540334,2,97
540235,540332,540333,1,97
540235,540332,540334,2,97
540235,540334,540336,2,99
540235,540334,540335,1,99
540235,540329,540336,7,94
540235,540332,540336,4,97
540235,540334,540336,2,99
540235,540335,540337,2,100
540235,540336,540338,2,101
540235,540334,540338,4,99
540235,540336,540338,2,101
540235,540337,540339,2,102
540235,540338,540340,2,103
540235,540338,540340,2,103
540235,540340,540342,2,105
540235,540339,540342,3,104
540235,540338,540343,5,103
540235,540337,540342,5,102
540235,540337,540343,6,102
540235,540341,540344,3,106
540235,540338,540343,5,103
540235,540342,540344,2,107
540235,540343,540346,3,108
540235,540343,540345,2,108
540235,540343,540346,3,108
540235,540343,540345,2,108
540235,540344,540346,2,109
540235,540344,540347,3,109
540235,540346,540348,2,111
540235,540346,540348,2,111
540235,540347,540349,2,112
540235,540344,540349,5,109
540235,540348,540350,2,113
540235,540346,540350,4,111
540235,540346,540351,5,111
540235,540349,540351,2,114
540235,540350,540352,2,115
540235,540346,540352,6,111
540235,540350,540353,3,115
540235,540351,540353,2,116
540235,540352,540354,2,117
540235,540352,540354,2,117
540235,540354,540356,2,119
540235,540353,540355,2,118
540235,540355,540356,1,120
540235,540350,540357,7,115
540235,540356,540358,2,121
540235,540353,540357,4,118
540235,540351,540358,7,116
540235,540352,540358,6,117
540235,540357,540358,1,122
540235,540356,540359,3,121
540235,540358,540360,2,123
540235,540359,540360,1,124
540235,540358,540360,2,123
540235,540358,540362,4,123
540235,540359,540362,3,124
540235,540361,540362,1,126
540235,540359,540362,3,124
540235,540359,540363,4,124
540235,540360,540362,2,125
540235,540361,540364,3,126
540235,540363,540364,1,128
540235,540362,540364,2,127
540235,540362,540365,3,127
540235,540363,540365,2,128
540235,540365,540366,1,130
540235,540364,540367,3,129
540235,540363,540367,4,128
540235,540363,540368,5,128
540235,540367,540368,1,132
540235,540366,540368,2,131
540235,540365,540369,4,130
540235,540367,540370,3,132
540235,540369,540371,2,134
540235,540365,540370,5,130
540235,540368,540370,2,133
540235,540368,540370,2,133
540235,540369,540371,2,134
540602,540602,540603,1,0
540602,540602,540604,2,0
540602,540603,540604,1,1
540602,540604,540605,1,2
540602,540602,540606,4,0
540602,540604,540606,2,2
540602,540605,540606,1,3
540602,540606,540608,2,4
540602,540606,540608,2,4
540602,540602,540608,6,0
540602,540602,540608,6,0
540602,540602,540608,6,0
540602,540608,540609,1,6
540602,540609,540610,1,7
540602,540609,540610,1,7
540602,540609,540610,1,7
540602,540611,540612,1,9
540602,540611,540612,1,9
540602,540611,540612,1,9
540602,540611,540614,3,9
540602,540613,540614,1,11
540602,540613,540614,1,11
540602,540609,540614,5,7
540602,540615,540616,1,13
540602,540615,540616,1,13
540602,540615,540616,1,13
540602,540615,540617,2,13
540602,540616,540617,1,14
540602,540611,540617,6,9
540602,540617,540619,2,15
540602,540618,540620,2,16
540602,540618,540619,1,16
540602,540613,540619,6,11
540602,540618,540619,1,16
540602,540617,540620,3,15
540602,540619,540621,2,17
540602,540620,540621,1,18
536993,537160,540621,3461,167
540602,540620,540621,1,18
540602,540621,540622,1,19
540602,540622,540623,1,20
540602,540622,540623,1,20
535722,535850,540623,4773,128
540602,540622,540623,1,20
540602,540623,540624,1,21
540602,540623,540624,1,21
540602,540623,540624,1,21
540602,540624,540625,1,22
540602,540624,540625,1,22
540602,540620,540626,6,18
540602,540625,540626,1,23
540602,540625,540626,1,23
540602,540624,540626,2,22
540602,540620,540626,6,18
540602,540621,540626,5,19
540602,540626,540627,1,24
540602,540626,540627,1,24
540602,540626,540627,1,24
540602,540627,540628,1,25
540602,540627,540628,1,25
540602,540625,540629,4,23
540602,540627,540628,1,25
540602,540627,540629,2,25
540602,540628,540629,1,26
540602,540628,540629,1,26
540602,540624,540629,5,22
540602,540629,540630,1,27
540602,540629,540630,1,27
540602,540629,540630,1,27
540602,540630,540631,1,28
540602,540630,540631,1,28
540602,540630,540631,1,28
540602,540631,540632,1,29
540602,540631,540632,1,29
540602,540629,540632,3,27
540602,540631,540632,1,29
540602,540627,540632,5,25
540602,540632,540633,1,30
540602,540632,540633,1,30
540602,540628,540633,5,26
540602,540629,540633,4,27
540602,540633,540634,1,31
540602,540633,540634,1,31
540602,540633,540635,2,31
540602,540633,540635,2,31
540602,540633,540635,2,31
540602,540634,540635,1,32
540602,540632,540635,3,30
540602,540634,540636,2,32
540602,540634,540635,1,32
540602,540635,540636,1,33
540602,540635,540637,2,33
540602,540636,540637,1,34
540602,540636,540637,1,34
540602,540636,540638,2,34
540602,540637,540638,1,35
540602,540635,540639,4,33
540602,540639,540640,1,37
540602,540636,540641,5,34
540602,540638,540642,4,36
540602,540634,540641,7,32
540602,540641,540642,1,39
540602,540639,540642,3,37
540602,540635,540643,8,33
540602,540641,540643,2,39
540602,540642,540643,1,40
540602,540644,540645,1,42
540602,540643,540645,2,41
540602,540645,540646,1,43
540602,540645,540646,1,43
540602,540646,540647,1,44
540602,540645,540647,2,43
540602,540643,540647,4,41
540602,540646,540648,2,44
540602,540647,540648,1,45
540602,540642,540648,6,40
540602,540643,540648,5,41
540602,540648,540649,1,46
540602,540648,540649,1,46
540602,540647,540649,2,45
540602,540643,540648,5,41
540602,540644,540648,4,42
540602,540647,540649,2,45
540602,540649,540650,1,47
540602,540649,540650,1,47
540602,540648,540650,2,46
540602,540649,540651,2,47
540602,540650,540651,1,48
540602,540649,540651,2,47
540602,540649,540651,2,47
540602,540650,540651,1,48
540602,540651,540653,2,49
540602,540650,540655,5,48
540602,540648,540656,8,46
540602,540651,540656,5,49
540749,540749,540751,2,0
540749,540749,540751,2,0
540749,540749,540752,3,0
540749,540749,540753,4,0
540749,540749,540753,4,0
540749,540751,540753,2,2
540749,540749,540753,4,0
540749,540749,540753,4,0
540749,540752,540755,3,3
540749,540754,540755,1,5
540749,540754,540755,1,5
540749,540754,540755,1,5
540749,540756,540757,1,7
540749,540754,540758,4,5
540749,540756,540758,2,7
540749,540758,540759,1,9
540749,540756,540759,3,7
540749,540759,540760,1,10
540749,540760,540761,1,11
540749,540754,540761,7,5
540749,540760,540761,1,11
540749,540762,540763,1,13
540749,540751,540763,12,2
540749,540759,540764,5,10
540749,540761,540763,2,12
540749,540762,540764,2,13
540749,540764,540765,1,15
540749,540762,540765,3,13
540749,540764,540765,1,15
540749,540766,540767,1,17
540749,540765,540768,3,16
540749,540766,540767,1,17
540749,540766,540767,1,17
540749,540764,540769,5,15
540749,540768,540769,1,19
540749,540768,540769,1,19
540749,540768,540769,1,19
540749,540764,540769,5,15
540749,540769,540770,1,20
540749,540769,540770,1,20
540749,540770,540771,1,21
540749,540770,540771,1,21
540749,540768,540771,3,19
540749,540770,540772,2,21
540749,540771,540772,1,22
540749,540769,540772,3,20
540749,540768,540772,4,19
540749,540772,540773,1,23
540749,540772,540774,2,23
540749,540772,540774,2,23
540749,540772,540774,2,23
540749,540773,540774,1,24
540749,540771,540774,3,22
540749,540773,540774,1,24
540749,540774,540775,1,25
540749,540774,540775,1,25
540749,540773,540776,3,24
540749,540775,540776,1,26
540749,540776,540777,1,27
540749,540776,540777,1,27
540749,540775,540778,3,26
540749,540775,540778,3,26
540749,540774,540777,3,25
540749,540774,540778,4,25
540749,540776,540778,2,27
540749,540777,540778,1,28
540749,540778,540779,1,29
540749,540778,540780,2,29
540749,540778,540780,2,29
540749,540778,540780,2,29
540749,540778,540780,2,29
540749,540779,540780,1,30
540749,540778,540780,2,29
540749,540780,540781,1,31
540749,540780,540782,2,31
540749,540780,540782,2,31
540749,540781,540782,1,32
540749,540778,540782,4,29
540749,540782,540783,1,33
540749,540782,540784,2,33
540749,540780,540784,4,31
540749,540780,540783,3,31
540749,540783,540784,1,34
540749,540784,540785,1,35
540749,540784,540785,1,35
540749,540784,540786,2,35
540749,540785,540786,1,36
540749,540781,540786,5,32
540749,540786,540787,1,37
540749,540784,540788,4,35
540749,540786,540787,1,37
540749,540783,540787,4,34
540749,540788,540790,2,39
540749,540788,540789,1,39
540749,540788,540791,3,39
540749,540790,540791,1,41
540749,540788,540793,5,39
540749,540792,540793,1,43
540749,540792,540794,2,43
540749,540790,540794,4,41
540749,540782,540793,11,33
540749,540787,540794,7,38
540749,540791,540795,4,42
540749,540793,540794,1,44
540749,540794,540796,2,45
540749,540794,540795,1,45
540749,540794,540795,1,45
540749,540794,540796,2,45
540749,540795,540796,1,46
540749,540796,540797,1,47
540749,540795,540799,4,46
540749,540796,540799,3,47
540749,540796,540799,3,47
540749,540798,540799,1,49
540749,540796,540799,3,47
540749,540798,540800,2,49
540749,540797,540800,3,48
540749,540799,540801,2,50
540749,540801,540802,1,52
540749,540800,540803,3,51
540749,540800,540803,3,51
540749,540803,540804,1,54
540749,540803,540804,1,54
540749,540800,540805,5,51
540749,540801,540805,4,52
540749,540804,540805,1,55
540749,540802,540806,4,53
540749,540804,540810,6,55
535989,536047,540867,4820,58
540885,540885,540886,1,0
540885,540885,540886,1,0
540885,540887,540888,1,2
540885,540885,540889,4,0
540885,540885,540889,4,0
540885,540890,540891,1,5
540885,540885,540891,6,0
540885,540890,540892,2,5
540885,540887,540894,7,2
540885,540889,540894,5,4
540885,540892,540894,2,7
540885,540885,540895,10,0
540885,540885,540895,10,0
540885,540894,540895,1,9
540885,540894,540896,2,9
540885,540891,540896,5,6
540885,540895,540896,1,10
540885,540892,540897,5,7
540885,540894,540897,3,9
540885,540895,540897,2,10
540885,540897,540899,2,12
540885,540897,540900,3,12
540885,540896,540901,5,11
540885,540896,540901,5,11
540885,540898,540901,3,13
540885,540897,540902,5,12
540885,540901,540902,1,16
540885,540902,540903,1,17
540885,540897,540900,3,12
540885,540900,540902,2,15
540885,540902,540903,1,17
540885,540902,540903,1,17
540885,540903,540904,1,18
540885,540903,540904,1,18
540885,540903,540907,4,18
540885,540903,540907,4,18
540885,540904,540907,3,19
540885,540904,540907,3,19
540885,540903,540908,5,18
540885,540904,540907,3,19
540885,540908,540909,1,23
540885,540908,540909,1,23
540885,540906,540910,4,21
540885,540910,540911,1,25
540885,540911,540912,1,26
540885,540911,540912,1,26
540885,540910,540913,3,25
540885,540910,540913,3,25
540885,540907,540913,6,22
540885,540909,540913,4,24
540885,540907,540915,8,22
540885,540914,540915,1,29
540885,540914,540915,1,29
540885,540914,540915,1,29
540885,540914,540916,2,29
540885,540913,540917,4,28
540885,540913,540918,5,28
540885,540917,540918,1,32
540885,540916,540919,3,31
540885,540916,540919,3,31
540885,540916,540920,4,31
540885,540919,540920,1,34
540885,540920,540921,1,35
540885,540920,540921,1,35
540885,540915,540922,7,30
540885,540916,540923,7,31
540885,540920,540923,3,35
540885,540918,540921,3,33
540885,540921,540924,3,36
540885,540923,540925,2,38
540885,540922,540925,3,37
540885,540922,540925,3,37
537569,537685,540926,3241,116
540885,540926,540927,1,41
540885,540925,540927,2,40
540885,540926,540928,2,41
540885,540926,540928,2,41
540885,540927,540928,1,42
540885,540923,540928,5,38
540885,540923,540928,5,38
540885,540928,540929,1,43
540885,540928,540930,2,43
540885,540929,540930,1,44
540885,540923,540931,8,38
540885,540925,540931,6,40
540885,540928,540931,3,43
540885,540932,540933,1,47
540885,540930,540934,4,45
540885,540932,540934,2,47
540885,540928,540937,9,43
540885,540931,540937,6,46
540885,540932,540937,5,47
540885,540934,540937,3,49
540885,540934,540937,3,49
540885,540929,540938,9,44
540885,540929,540938,9,44
540885,540937,540939,2,52
540885,540938,540940,2,53
540885,540938,540939,1,53
540885,540937,540938,1,52
540885,540938,540941,3,53
540885,540938,540942,4,53
540885,540938,540942,4,53
540885,540940,540943,3,55
540885,540940,540943,3,55
540885,540943,540944,1,58
540885,540944,540946,2,59
540885,540944,540945,1,59
540885,540942,540945,3,57
540885,540942,540946,4,57
540885,540940,540946,6,55
540885,540945,540946,1,60
540885,540946,540947,1,61
540885,540947,540948,1,62
540885,540948,540949,1,63
540885,540949,540950,1,64
540885,540946,540947,1,61
540885,540946,540950,4,61
540885,540946,540950,4,61
540885,540943,540951,8,58
540885,540947,540950,3,62
540885,540947,540950,3,62
540885,540950,540951,1,65
540885,540946,540951,5,61
540885,540951,540952,1,66
540885,540950,540951,1,65
540885,540950,540952,2,65
540885,540951,540952,1,66
540885,540952,540953,1,67
540885,540953,540954,1,68
540885,540952,540953,1,67
540885,540952,540954,2,67
540885,540951,540954,3,66
540885,540951,540954,3,66
540885,540954,540955,1,69
540885,540951,540955,4,66
540885,540950,540955,5,65
540885,540953,540955,2,68
541030,541030,541032,2,0
541030,541030,541033,3,0
541030,541030,541034,4,0
541030,541033,541034,1,3
541030,541032,541034,2,2
541030,541030,541034,4,0
541030,541030,541034,4,0
541030,541034,541035,1,4
541030,541035,541037,2,5
541030,541035,541037,2,5
541030,541035,541038,3,5
541030,541037,541038,1,7
541030,541037,541038,1,7
541030,541037,541038,1,7
541030,541035,541039,4,5
541030,541035,541039,4,5
541030,541038,541039,1,8
541030,541038,541039,1,8
541030,541039,541040,1,9
541030,541039,541040,1,9
541030,541039,541040,1,9
541030,541040,541041,1,10
541030,541039,541042,3,9
541030,541041,541042,1,11
541030,541041,541043,2,11
541030,541039,541043,4,9
541030,541039,541043,4,9
541030,541042,541043,1,12
541030,541042,541043,1,12
541030,541043,541044,1,13
541030,541043,541044,1,13
541030,541044,541045,1,14
541030,541045,541046,1,15
541030,541045,541047,2,15
541030,541043,541047,4,13
541030,541043,541047,4,13
541030,541043,541047,4,13
541030,541046,541047,1,16
541030,541047,541048,1,17
541030,541047,541048,1,17
541030,541047,541048,1,17
541030,541048,541049,1,18
541030,541047,541050,3,17
541030,541047,541050,3,17
541030,541049,541050,1,19
541030,541049,541051,2,19
541030,541051,541052,1,21
541030,541050,541053,3,20
541030,541053,541054,1,23
541030,541053,541055,2,23
541030,541048,541055,7,18
541030,541050,541055,5,20
541030,541055,541056,1,25
541030,541054,541057,3,24
541030,541057,541059,2,27
541030,541055,541060,5,25
541030,541057,541060,3,27
541030,541058,541061,3,28
541030,541059,541061,2,29
541030,541062,541063,1,32
541030,541061,541063,2,31
541030,541063,541064,1,33
541030,541061,541064,3,31
541030,541061,541064,3,31
541030,541064,541065,1,34
541030,541063,541065,2,33
541030,541065,541066,1,35
541030,541065,541066,1,35
541030,541064,541066,2,34
541030,541066,541067,1,36
541030,541065,541067,2,35
541030,541067,541068,1,37
541030,541066,541068,2,36
541030,541068,541069,1,38
541030,541067,541069,2,37
541030,541062,541069,7,32
541030,541065,541069,4,35
541030,541066,541069,3,36
541030,541069,541070,1,39
541030,541069,541070,1,39
541030,541070,541071,1,40
541030,541070,541071,1,40
541030,541071,541072,1,41
541030,541071,541072,1,41
541030,541070,541073,3,40
541030,541070,541072,2,40
541030,541072,541073,1,42
541030,541072,541073,1,42
541030,541070,541073,3,40
541030,541073,541074,1,43
541030,541073,541074,1,43
541030,541073,541074,1,43
541030,541073,541074,1,43
541030,541074,541075,1,44
541030,541074,541075,1,44
541030,541074,541075,1,44
541030,541074,541076,2,44
541030,541076,541077,1,46
541030,541075,541076,1,45
541030,541074,541077,3,44
541030,541075,541077,2,45
541030,541076,541077,1,46
541030,541077,541078,1,47
541030,541077,541078,1,47
541030,541077,541078,1,47
541030,541079,541080,1,49
541030,541079,541080,1,49
541030,541077,541081,4,47
541030,541077,541080,3,47
541030,541078,541080,2,48
541030,541081,541082,1,51
541030,541081,541082,1,51
541030,541081,541082,1,51
541030,541081,541082,1,51
541030,541081,541082,1,51
541030,541082,541083,1,52
541030,541083,541084,1,53
541030,541083,541084,1,53
541030,541083,541086,3,53
541030,541083,541086,3,53
541030,541083,541086,3,53
537704,537821,541150,3329,117
541163,541163,541164,1,0
541163,541163,541164,1,0
541163,541164,541165,1,1
541163,541164,541165,1,1
541163,541163,541166,3,0
541163,541165,541166,1,2
541163,541165,541166,1,2
541163,541165,541166,1,2
541163,541166,541167,1,3
541163,541166,541167,1,3
541163,541163,541167,4,0
541163,541166,541167,1,3
541163,541167,541168,1,4
541163,541167,541168,1,4
541163,541168,541169,1,5
541163,541168,541169,1,5
541163,541167,541169,2,4
541163,541168,541169,1,5
541163,541169,541170,1,6
541163,541165,541171,6,2
541163,541169,541170,1,6
541163,541170,541171,1,7
541163,541170,541171,1,7
541163,541168,541171,3,5
541163,541171,541172,1,8
541163,541171,541172,1,8
541163,541171,541173,2,8
541163,541172,541173,1,9
541163,541172,541173,1,9
541163,541172,541175,3,9
541163,541170,541175,5,7
541163,541172,541176,4,9
541163,541174,541175,1,11
541163,541174,541176,2,11
541163,541175,541177,2,12
541163,541173,541177,4,10
541163,541175,541177,2,12
541163,541176,541178,2,13
541163,541176,541178,2,13
541163,541177,541179,2,14
541163,541176,541179,3,13
541163,541178,541180,2,15
541163,541178,541180,2,15
541163,541179,541181,2,16
541163,541177,541182,5,14
541163,541177,541181,4,14
541163,541180,541182,2,17
541163,541180,541182,2,17
541163,541181,541183,2,18
541163,541183,541184,1,20
541163,541183,541184,1,20
541163,541184,541186,2,21
541163,541185,541186,1,22
541163,541185,541186,1,22
541163,541179,541188,9,16
541163,541182,541188,6,19
541163,541187,541188,1,24
541163,541187,541188,1,24
541163,541186,541188,2,23
541163,541189,541190,1,26
541163,541189,541190,1,26
541163,541189,541191,2,26
541163,541182,541191,9,19
541163,541191,541192,1,28
541163,541191,541192,1,28
541163,541189,541193,4,26
541163,541191,541193,2,28
541163,541193,541194,1,30
541163,541193,541194,1,30
541163,541189,541195,6,26
541163,541192,541196,4,29
541163,541194,541196,2,31
541163,541195,541196,1,32
541163,541195,541196,1,32
541163,541197,541199,2,34
541163,541197,541198,1,34
541163,541197,541198,1,34
541163,541199,541201,2,36
541163,541199,541200,1,36
541163,541199,541200,1,36
541163,541194,541201,7,31
541163,541201,541203,2,38
541163,541201,541202,1,38
541163,541201,541202,1,38
541163,541196,541203,7,33
541163,541197,541205,8,34
541163,541202,541204,2,39
541163,541203,541204,1,40
541163,541203,541205,2,40
541163,541203,541206,3,40
541163,541205,541207,2,42
541163,541205,541206,1,42
541163,541204,541208,4,41
541163,541207,541209,2,44
541163,541205,541210,5,42
541163,541205,541209,4,42
541163,541207,541210,3,44
541163,541207,541210,3,44
541163,541209,541210,1,46
541163,541210,541211,1,47
541163,541210,541212,2,47
541163,541208,541212,4,45
541163,541210,541212,2,47
541163,541211,541212,1,48
541163,541211,541212,1,48
541163,541212,541213,1,49
541163,541212,541214,2,49
541163,541212,541213,1,49
541163,541213,541214,1,50
541163,541213,541215,2,50
541163,541215,541216,1,52
541163,541214,541216,2,51
541163,541210,541216,6,47
541163,541215,541217,2,52
541163,541217,541219,2,54
541163,541218,541219,1,55
541163,541218,541219,1,55
541163,541212,541220,8,49
541163,541220,541221,1,57
541163,541220,541221,1,57
541163,541221,541222,1,58
541163,541219,541221,2,56
541163,541214,541223,9,51
541163,541217,541222,5,54
541163,541222,541223,1,59
541163,541223,541224,1,60
541163,541223,541225,2,60
541163,541220,541224,4,57
541163,541223,541225,2,60
541163,541224,541225,1,61
541163,541224,541225,1,61
541163,541226,541227,1,63
541163,541226,541228,2,63
541163,541223,541228,5,60
541163,541225,541228,3,62
541163,541225,541227,2,62
541163,541225,541228,3,62
541163,541228,541229,1,65
541163,541228,541229,1,65
541163,541228,541230,2,65
541163,541230,541231,1,67
541163,541230,541231,1,67
541163,541229,541232,3,66
541163,541228,541233,5,65
541163,541228,541233,5,65
541163,541232,541234,2,69
541163,541231,541235,4,68
541285,541285,541286,1,0
541285,541285,541286,1,0
541285,541285,541286,1,0
541285,541285,541287,2,0
541285,541286,541287,1,1
541285,541286,541287,1,1
541285,541287,541288,1,2
541285,541285,541289,4,0
541285,541285,541289,4,0
541285,541286,541289,3,1
541285,541288,541290,2,3
541285,541290,541291,1,5
541285,541292,541293,1,7
541285,541290,541293,3,5
541285,541290,541293,3,5
541285,541291,541293,2,6
541285,541294,541295,1,9
541285,541294,541295,1,9
541285,541295,541296,1,10
541285,541294,541297,3,9
541285,541296,541297,1,11
541285,541295,541297,2,10
541285,541294,541297,3,9
541285,541297,541298,1,12
541285,541298,541299,1,13
541285,541296,541298,2,11
541285,541298,541299,1,13
541285,541298,541299,1,13
541285,541299,541300,1,14
541285,541299,541300,1,14
541285,541299,541300,1,14
541285,541297,541301,4,12
541285,541300,541301,1,15
541285,541300,541301,1,15
541285,541299,541302,3,14
541285,541301,541302,1,16
541285,541301,541302,1,16
541285,541300,541302,2,15
541285,541298,541302,4,13
541285,541302,541303,1,17
541285,541302,541303,1,17
541285,541303,541304,1,18
541285,541303,541304,1,18
541285,541301,541305,4,16
541285,541303,541304,1,18
541285,541304,541305,1,19
541285,541304,541305,1,19
541285,541302,541305,3,17
541285,541303,541305,2,18
541285,541305,541306,1,20
541285,541305,541306,1,20
541285,541305,541306,1,20
541285,541305,541306,1,20
541285,541306,541309,3,21
541285,541306,541309,3,21
541285,541306,541310,4,21
541285,541306,541310,4,21
541285,541309,541310,1,24
541285,541309,541311,2,24
541285,541311,541312,1,26
541285,541312,541313,1,27
541285,541311,541313,2,26
541285,541313,541314,1,28
541285,541311,541315,4,26
541285,541315,541316,1,30
541285,541315,541316,1,30
541285,541313,541316,3,28
541285,541314,541315,1,29
541285,541314,541316,2,29
541285,541316,541317,1,31
541285,541316,541317,1,31
541285,541315,541317,2,30
541285,541317,541318,1,32
541285,541317,541318,1,32
541285,541316,541318,2,31
541285,541316,541318,2,31
541285,541318,541319,1,33
541285,541318,541319,1,33
541285,541317,541319,2,32
541285,541319,541320,1,34
541285,541319,541320,1,34
541285,541317,541320,3,32
541285,541318,541320,2,33
541285,541318,541320,2,33
541285,541320,541321,1,35
541285,541320,541321,1,35
541285,541320,541321,1,35
541285,541321,541322,1,36
541285,541321,541322,1,36
541285,541321,541322,1,36
541285,541320,541322,2,35
541285,541322,541323,1,37
541285,541322,541323,1,37
541285,541321,541323,2,36
541285,541323,541324,1,38
541285,541323,541324,1,38
541285,541324,541325,1,39
541285,541324,541325,1,39
541285,541322,541325,3,37
541285,541321,541325,4,36
541285,541323,541325,2,38
541285,541324,541325,1,39
541285,541325,541326,1,40
541285,541325,541326,1,40
541285,541325,541326,1,40
541285,541326,541327,1,41
541285,541326,541327,1,41
541285,541326,541327,1,41
541285,541326,541328,2,41
541285,541327,541329,2,42
541285,541328,541330,2,43
541285,541328,541331,3,43
541407,541407,541408,1,0
541407,541407,541408,1,0
541407,541407,541408,1,0
541407,541407,541409,2,0
541407,541407,541408,1,0
541407,541409,541410,1,2
541407,541409,541410,1,2
541407,541409,541410,1,2
541407,541409,541410,1,2
541407,541410,541411,1,3
541407,541411,541412,1,4
541407,541411,541412,1,4
541407,541411,541412,1,4
541407,541411,541412,1,4
541407,541412,541413,1,5
541407,541412,541413,1,5
541407,541412,541413,1,5
541407,541413,541414,1,6
541407,541413,541414,1,6
541407,541414,541415,1,7
541407,541411,541415,4,4
541407,541411,541415,4,4
541407,541414,541415,1,7
541407,541414,541415,1,7
541407,541413,541416,3,6
541407,541415,541416,1,8
541407,541415,541416,1,8
541407,541415,541416,1,8
541407,541415,541416,1,8
541407,541415,541416,1,8
541407,541416,541417,1,9
541407,541416,541417,1,9
541407,541417,541418,1,10
541407,541417,541418,1,10
541407,541417,541418,1,10
541407,541418,541419,1,11
541407,541418,541419,1,11
541407,541416,541420,4,9
541407,541416,541420,4,9
541407,541416,541420,4,9
541407,541419,541420,1,12
541407,541419,541420,1,12
541407,541419,541420,1,12
541407,541420,541421,1,13
541407,541420,541421,1,13
541407,541420,541421,1,13
541407,541420,541422,2,13
541407,541420,541422,2,13
541407,541421,541422,1,14
541407,541421,541422,1,14
541407,541421,541423,2,14
541407,541421,541423,2,14
541407,541422,541423,1,15
541407,541422,541423,1,15
541407,541423,541424,1,16
541407,541423,541425,2,16
541407,541423,541425,2,16
541407,541424,541426,2,17
541407,541425,541426,1,18
541407,541425,541426,1,18
541407,541426,541427,1,19
541407,541426,541427,1,19
541407,541426,541427,1,19
541407,541427,541428,1,20
541407,541427,541429,2,20
541407,541429,541430,1,22
541407,541429,541430,1,22
541407,541429,541430,1,22
541407,541430,541431,1,23
541407,541430,541431,1,23
541407,541431,541432,1,24
541407,541431,541432,1,24
541407,541431,541432,1,24
541407,541428,541432,4,21
541407,541430,541432,2,23
541407,541432,541433,1,25
541407,541432,541433,1,25
541407,541428,541433,5,21
541407,541432,541433,1,25
541407,541433,541434,1,26
541407,541433,541434,1,26
541407,541433,541434,1,26
541407,541434,541435,1,27
541407,541434,541435,1,27
541407,541434,541435,1,27
541407,541434,541436,2,27
541407,541435,541436,1,28
541407,541435,541436,1,28
541407,541435,541436,1,28
541407,541434,541436,2,27
541407,541435,541436,1,28
541407,541436,541437,1,29
541407,541436,541437,1,29
541407,541436,541437,1,29
541407,541436,541437,1,29
541407,541437,541438,1,30
541407,541437,541438,1,30
541407,541437,541439,2,30
541407,541437,541439,2,30
541407,541437,541438,1,30
541407,541437,541438,1,30
541407,541439,541440,1,32
541407,541439,541440,1,32
541407,541439,541440,1,32
541407,541439,541440,1,32
541407,541440,541441,1,33
541407,541440,541441,1,33
541407,541441,541442,1,34
541407,541441,541442,1,34
541407,541441,541442,1,34
541407,541444,541445,1,37
541407,541444,541445,1,37
541407,541441,541444,3,34
541407,541443,541444,1,36
541407,541443,541444,1,36
541407,541443,541444,1,36
541407,541445,541446,1,38
541407,541445,541446,1,38
541407,541445,541446,1,38
541407,541445,541446,1,38
541407,541445,541446,1,38
538096,538153,541468,3315,57
541549,541549,541550,1,0
541549,541549,541550,1,0
541549,541549,541550,1,0
541549,541550,541551,1,1
541549,541550,541551,1,1
541549,541550,541551,1,1
541549,541549,541550,1,0
541549,541549,541550,1,0
541549,541549,541550,1,0
541549,541551,541552,1,2
541549,541551,541552,1,2
541549,541551,541552,1,2
541549,541552,541553,1,3
541549,541551,541553,2,2
541549,541551,541553,2,2
541549,541551,541553,2,2
541549,541552,541553,1,3
541549,541552,541553,1,3
541549,541553,541554,1,4
541549,541553,541554,1,4
541549,541553,541554,1,4
541549,541554,541555,1,5
541549,541553,541555,2,4
541549,541553,541555,2,4
541549,541553,541555,2,4
541549,541554,541555,1,5
541549,541554,541555,1,5
541549,541555,541556,1,6
541549,541555,541556,1,6
541549,541555,541556,1,6
541549,541556,541557,1,7
541549,541555,541557,2,6
541549,541555,541557,2,6
541549,541555,541557,2,6
541549,541556,541557,1,7
541549,541556,541557,1,7
541549,541557,541558,1,8
541549,541558,541559,1,9
541549,541557,541559,2,8
541549,541557,541559,2,8
541549,541559,541560,1,10
541549,541559,541560,1,10
541549,541557,541560,3,8
541549,541560,541561,1,11
541549,541560,541561,1,11
541549,541560,541561,1,11
541549,541560,541561,1,11
541549,541560,541561,1,11
541549,541561,541562,1,12
541549,541561,541562,1,12
541549,541561,541562,1,12
541549,541561,541563,2,12
541549,541562,541563,1,13
541549,541563,541564,1,14
541549,541562,541564,2,13
541549,541563,541564,1,14
541549,541563,541564,1,14
541549,541564,541565,1,15
541549,541564,541565,1,15
541549,541564,541565,1,15
541549,541565,541566,1,16
541549,541565,541567,2,16
541549,541565,541566,1,16
541549,541566,541567,1,17
541549,541565,541566,1,16
541549,541566,541567,1,17
541549,541566,541567,1,17
541549,541567,541568,1,18
541549,541567,541568,1,18
541549,541567,541568,1,18
541549,541568,541569,1,19
541549,541568,541569,1,19
541549,541568,541569,1,19
541549,541569,541570,1,20
541549,541569,541570,1,20
541549,541568,541570,2,19
541549,541569,541570,1,20
541549,541570,541571,1,21
541549,541570,541571,1,21
541549,541570,541572,2,21
541549,541571,541572,1,22
541549,541572,541573,1,23
541549,541571,541572,1,22
541549,541571,541573,2,22
541549,541571,541572,1,22
541549,541572,541573,1,23
541549,541573,541574,1,24
541549,541572,541574,2,23
541549,541573,541574,1,24
541549,541573,541574,1,24
541549,541573,541575,2,24
541549,541573,541574,1,24
541549,541574,541575,1,25
541549,541574,541575,1,25
541549,541574,541575,1,25
541549,541574,541575,1,25
541549,541576,541577,1,27
541549,541575,541576,1,26
541549,541575,541576,1,26
541549,541577,541578,1,28
541549,541576,541578,2,27
541549,541578,541579,1,29
541549,541577,541579,2,28
541549,541577,541578,1,28
541549,541579,541580,1,30
541549,541578,541580,2,29
541549,541580,541581,1,31
541549,541580,541581,1,31
541549,541579,541581,2,30
541549,541579,541580,1,30
541549,541581,541582,1,32
541549,541581,541582,1,32
541549,541580,541582,2,31
541549,541582,541583,1,33
541549,541582,541583,1,33
541549,541582,541583,1,33
541549,541581,541583,2,32
541549,541581,541583,2,32
541549,541583,541584,1,34
541549,541583,541584,1,34
541549,541583,541584,1,34
541549,541582,541584,2,33
541549,541584,541585,1,35
541549,541584,541585,1,35
541549,541584,541585,1,35
541549,541584,541585,1,35
541549,541584,541585,1,35
541549,541585,541586,1,36
541549,541585,541586,1,36
541549,541585,541586,1,36
541549,541585,541586,1,36
541562,541586,541587,1,24
541562,541586,541587,1,24
541549,541586,541587,1,37
541549,541586,541587,1,37
541562,541587,541588,1,25
541562,541587,541588,1,25
541562,541587,541589,2,25
541562,541588,541589,1,26
541562,541588,541589,1,26
541562,541588,541589,1,26
541562,541588,541589,1,26
541562,541589,541590,1,27
541562,541589,541590,1,27
541562,541589,541591,2,27
541562,541590,541591,1,28
541562,541590,541591,1,28
541562,541590,541591,1,28
541562,541590,541591,1,28
541562,541592,541593,1,30
541562,541593,541594,1,31
541562,541591,541593,2,29
541562,541592,541594,2,30
541562,541592,541594,2,30
541562,541594,541595,1,32
541562,541594,541595,1,32
541562,541595,541596,1,33
541562,541594,541596,2,32
541562,541594,541596,2,32
541562,541594,541596,2,32
541562,541596,541597,1,34
541562,541596,541597,1,34
541562,541598,541599,1,36
541562,541598,541599,1,36
541562,541597,541599,2,35
541562,541597,541600,3,35
541562,541597,541599,2,35
541562,541600,541601,1,38
541562,541600,541601,1,38
541562,541600,541602,2,38
541562,541600,541603,3,38
541562,541600,541603,3,38
541562,541602,541603,1,40
541562,541602,541603,1,40
541562,541602,541604,2,40
541562,541603,541605,2,41
541562,541604,541606,2,42
541562,541604,541605,1,42
541562,541603,541605,2,41
541562,541604,541607,3,42
541562,541606,541607,1,44
541562,541606,541608,2,44
541562,541605,541608,3,43
541562,541608,541609,1,46
541562,541608,541609,1,46
541562,541606,541611,5,44
541562,541610,541612,2,48
541562,541610,541612,2,48
541562,541608,541612,4,46
541562,541609,541612,3,47
541562,541612,541614,2,50
541562,541612,541614,2,50
541562,541612,541614,2,50
541562,541613,541614,1,51
541562,541613,541615,2,51
541562,541614,541616,2,52
541562,541614,541616,2,52
541562,541615,541617,2,53
541562,541615,541617,2,53
541562,541617,541618,1,55
541562,541617,541618,1,55
541562,541616,541619,3,54
541562,541617,541619,2,55
541562,541619,541620,1,57
541562,541619,541620,1,57
541562,541618,541620,2,56
541562,541619,541621,2,57
541562,541619,541621,2,57
541562,541621,541622,1,59
541562,541621,541622,1,59
541562,541621,541623,2,59
541562,541623,541624,1,61
541562,541623,541624,1,61
541562,541622,541624,2,60
541562,541622,541624,2,60
541562,541623,541626,3,61
541562,541625,541627,2,63
541562,541625,541626,1,63
541562,541625,541627,2,63
541562,541625,541628,3,63
541562,541627,541629,2,65
541562,541627,541629,2,65
541562,541626,541629,3,64
541562,541627,541630,3,65
541562,541629,541631,2,67
541562,541629,541631,2,67
541562,541628,541632,4,66
541562,541629,541632,3,67
541562,541631,541633,2,69
541562,541631,541633,2,69
541562,541630,541632,2,68
541562,541633,541634,1,71
541562,541633,541634,1,71
541562,541634,541635,1,72
541562,541632,541635,3,70
541562,541632,541635,3,70
541562,541633,541635,2,71
541562,541635,541636,1,73
541562,541635,541636,1,73
541562,541635,541637,2,73
541562,541635,541637,2,73
541562,541635,541637,2,73
541562,541637,541638,1,75
541562,541637,541638,1,75
541562,541638,541639,1,76
541562,541639,541640,1,77
541562,541638,541640,2,76
541562,541638,541640,2,76
541562,541639,541640,1,77
541562,541640,541641,1,78
541562,541640,541641,1,78
541562,541641,541642,1,79
541562,541641,541642,1,79
541562,541641,541643,2,79
541562,541641,541643,2,79
541562,541642,541644,2,80
541562,541643,541645,2,81
541562,541644,541645,1,82
541562,541644,541645,1,82
541562,541643,541645,2,81
541562,541646,541647,1,84
541562,541646,541647,1,84
541562,541645,541647,2,83
541562,541645,541648,3,83
541562,541646,541649,3,84
541562,541648,541649,1,86
541562,541648,541649,1,86
541562,541648,541651,3,86
541562,541650,541651,1,88
541562,541650,541651,1,88
541562,541648,541651,3,86
541562,541649,541652,3,87
541562,541652,541653,1,90
541562,541652,541653,1,90
541562,541651,541653,2,89
541562,541652,541655,3,90
541562,541654,541656,2,92
541562,541654,541655,1,92
541562,541653,541656,3,91
541562,541654,541657,3,92
541562,541656,541658,2,94
541562,541655,541658,3,93
538362,538419,541789,3370,57
538507,538507,541825,3318,0
536380,536942,541837,4895,562
541961,541962,541963,1,1
541961,541962,541963,1,1
541961,541962,541963,1,1
541961,541964,541965,1,3
541961,541965,541966,1,4
541961,541964,541967,3,3
541961,541966,541967,1,5
541961,541962,541968,6,1
541961,541963,541967,4,2
541961,541966,541968,2,5
541961,541967,541968,1,6
541961,541968,541969,1,7
541961,541968,541969,1,7
541961,541969,541970,1,8
541961,541969,541970,1,8
541961,541970,541971,1,9
541961,541970,541971,1,9
541961,541968,541972,4,7
541961,541971,541972,1,10
541961,541971,541972,1,10
541961,541969,541973,4,8
541961,541969,541973,4,8
541961,541972,541973,1,11
541961,541972,541973,1,11
541961,541970,541973,3,9
541961,541972,541973,1,11
541961,541973,541974,1,12
541961,541973,541974,1,12
541961,541974,541975,1,13
541961,541973,541974,1,12
541961,541974,541975,1,13
541961,541974,541975,1,13
541961,541973,541976,3,12
541961,541975,541976,1,14
541961,541975,541976,1,14
541961,541975,541977,2,14
541961,541976,541977,1,15
541961,541976,541977,1,15
541961,541977,541978,1,16
541961,541974,541977,3,13
541961,541977,541978,1,16
541961,541977,541978,1,16
541961,541975,541978,3,14
541961,541978,541980,2,17
541961,541978,541979,1,17
541961,541980,541981,1,19
541961,541976,541980,4,15
541961,541979,541980,1,18
541961,541980,541981,1,19
541961,541981,541983,2,20
541961,541983,541984,1,22
541961,541981,541985,4,20
541961,541985,541986,1,24
541961,541981,541985,4,20
541961,541981,541985,4,20
541961,541986,541987,1,25
541961,541986,541987,1,25
541961,541985,541987,2,24
541961,541987,541988,1,26
541961,541987,541988,1,26
541961,541985,541988,3,24
541961,541988,541989,1,27
541961,541988,541989,1,27
541961,541986,541989,3,25
541961,541988,541989,1,27
541961,541989,541990,1,28
541961,541989,541990,1,28
541961,541988,541989,1,27
541961,541990,541991,1,29
541961,541990,541991,1,29
541961,541989,541991,2,28
541961,541990,541992,2,29
541961,541991,541992,1,30
541961,541991,541992,1,30
541961,541986,541992,6,25
541961,541990,541992,2,29
541961,541992,541993,1,31
541961,541992,541993,1,31
541961,541991,541993,2,30
541961,541992,541993,1,31
541961,541992,541993,1,31
541961,541993,541994,1,32
541961,541993,541994,1,32
541961,541993,541994,1,32
541961,541994,541995,1,33
541961,541994,541995,1,33
541961,541994,541995,1,33
541961,541995,541996,1,34
541961,541994,541996,2,33
541961,541996,541997,1,35
541961,541994,541997,3,33
541961,541995,541997,2,34
541961,541997,541998,1,36
541961,541997,541998,1,36
541961,541998,541999,1,37
541961,541998,541999,1,37
541961,541998,541999,1,37
541961,541999,542000,1,38
541961,541999,542001,2,38
541961,542000,542001,1,39
541961,542000,542002,2,39
541961,542001,542002,1,40
541961,542001,542002,1,40
541961,542001,542002,1,40
541961,542001,542002,1,40
541961,542002,542003,1,41
541961,542002,542003,1,41
541961,542002,542003,1,41
541961,542003,542004,1,42
541961,542002,542004,2,41
541961,542003,542004,1,42
541961,542003,542004,1,42
541961,542004,542006,2,43
542233,542233,542235,2,0
542233,542233,542234,1,0
542233,542235,542236,1,2
542233,542235,542236,1,2
542233,542237,542239,2,4
542233,542237,542238,1,4
542233,542239,542240,1,6
542233,542239,542240,1,6
542233,542241,542243,2,8
542233,542241,542243,2,8
542233,542243,542244,1,10
542233,542243,542244,1,10
542233,542245,542247,2,12
542233,542245,542247,2,12
542233,542247,542249,2,14
542233,542247,542248,1,14
542233,542249,542251,2,16
542233,542249,542251,2,16
542233,542251,542253,2,18
542233,542251,542253,2,18
542233,542253,542255,2,20
542233,542254,542255,1,21
542233,542256,542257,1,23
542233,542256,542257,1,23
542233,542258,542259,1,25
542233,542258,542260,2,25
542233,542260,542261,1,27
542233,542261,542262,1,28
542233,542262,542263,1,29
542233,542263,542265,2,30
542233,542264,542266,2,31
542233,542265,542267,2,32
542233,542266,542268,2,33
542233,542268,542270,2,35
542233,542268,542270,2,35
542233,542270,542272,2,37
542233,542270,542271,1,37
542233,542272,542274,2,39
542233,542272,542275,3,39
542233,542274,542276,2,41
542233,542275,542277,2,42
542233,542276,542278,2,43
542233,542278,542280,2,45
542233,542279,542281,2,46
542233,542280,542282,2,47
542233,542281,542283,2,48
542233,542282,542284,2,49
542233,542284,542286,2,51
542233,542284,542287,3,51
542233,542286,542288,2,53
542233,542288,542289,1,55
542233,542289,542292,3,56
542233,542290,542292,2,57
542233,542293,542295,2,60
542233,542293,542295,2,60
542233,542295,542296,1,62
542233,542296,542299,3,63
542233,542297,542300,3,64
542233,542300,542302,2,67
542233,542301,542303,2,68
542233,542303,542305,2,70
542233,542304,542306,2,71
542233,542306,542308,2,73
542233,542307,542309,2,74
542233,542308,542310,2,75
542233,542309,542311,2,76
542233,542310,542312,2,77
542233,542312,542314,2,79
542233,542312,542314,2,79
542233,542314,542317,3,81
542233,542314,542317,3,81
542233,542317,542319,2,84
542233,542317,542319,2,84
542233,542319,542322,3,86
542233,542319,542322,3,86
542233,542322,542324,2,89
542233,542322,542325,3,89
542233,542325,542327,2,92
542233,542326,542327,1,93
542233,542328,542329,1,95
542233,542328,542330,2,95
542233,542330,542332,2,97
542233,542331,542333,2,98
542233,542333,542335,2,100
542233,542334,542336,2,101
542233,542336,542338,2,103
542233,542336,542338,2,103
542233,542339,542341,2,106
542233,542339,542341,2,106
542233,542341,542343,2,108
542233,542342,542344,2,109
542233,542343,542345,2,110
542233,542344,542346,2,111
542233,542345,542347,2,112
542233,542346,542348,2,113
542233,542347,542350,3,114
542233,542348,542351,3,115
542233,542350,542353,3,117
542233,542351,542354,3,118
542233,542353,542357,4,120
542233,542355,542357,2,122
542233,542358,542359,1,125
542233,542358,542359,1,125
542233,542360,542361,1,127
542233,542360,542362,2,127
542233,542362,542363,1,129
542233,542363,542365,2,130
542233,542364,542365,1,131
542233,542365,542366,1,132
542233,542366,542368,2,133
542233,542367,542369,2,134
542233,542368,542370,2,135
542233,542369,542370,1,136
542233,542370,542372,2,137
542233,542371,542373,2,138
542233,542373,542375,2,140
542233,542373,542375,2,140
542233,542375,542377,2,142
542233,542375,542377,2,142
542233,542378,542380,2,145
542233,542378,542380,2,145
542233,542380,542383,3,147
542233,542381,542384,3,148
542233,542383,542386,3,150
542233,542384,542386,2,151
542233,542387,542389,2,154
542233,542387,542389,2,154
542233,542390,542392,2,157
542233,542390,542392,2,157
542233,542392,542394,2,159
542233,542393,542395,2,160
542233,542395,542397,2,162
542233,542396,542397,1,163
542233,542398,542400,2,165
542233,542398,542401,3,165
542233,542401,542403,2,168
542233,542401,542403,2,168
542233,542403,542405,2,170
542233,542403,542405,2,170
542233,542406,542408,2,173
542233,542406,542408,2,173
542233,542408,542410,2,175
542233,542409,542411,2,176
542233,542411,542413,2,178
542233,542412,542414,2,179
542233,542414,542416,2,181
542233,542414,542417,3,181
537516,537587,542417,4830,71
542233,542416,542418,2,183
542233,542418,542420,2,185
542233,542417,542420,3,184
542356,542421,542422,1,65
542356,542421,542423,2,65
542356,542424,542426,2,68
542356,542427,542429,2,71
542356,542423,542430,7,67
542356,542430,542432,2,74
542356,542431,542434,3,75
542356,542433,542435,2,77
542356,542434,542435,1,78
542356,542435,542436,1,79
542356,542436,542437,1,80
542356,542438,542440,2,82
542356,542441,542444,3,85
542356,542444,542445,1,88
539190,539190,542447,3257,0
542356,542446,542449,3,90
542356,542448,542449,1,92
542356,542449,542450,1,93
542356,542450,542451,1,94
542356,542452,542453,1,96
542356,542451,542453,2,95
542356,542454,542455,1,98
542356,542455,542456,1,99
542356,542454,542455,1,98
542356,542456,542457,1,100
542356,542457,542458,1,101
542356,542458,542459,1,102
542356,542456,542459,3,100
542356,542459,542460,1,103
542356,542460,542461,1,104
542356,542459,542460,1,103
539153,539153,542461,3308,0
542356,542461,542462,1,105
542356,542461,542462,1,105
542356,542462,542463,1,106
542356,542461,542462,1,105
542356,542462,542463,1,106
542356,542463,542464,1,107
542356,542464,542465,1,108
542356,542463,542465,2,107
542356,542463,542466,3,107
542356,542465,542466,1,109
542356,542466,542467,1,110
542356,542466,542468,2,110
542356,542467,542468,1,111
542356,542467,542468,1,111
542356,542468,542469,1,112
542356,542469,542470,1,113
542356,542468,542471,3,112
542356,542470,542471,1,114
542356,542471,542472,1,115
542356,542471,542474,3,115
542356,542472,542474,2,116
542356,542473,542474,1,117
542356,542474,542476,2,118
542356,542474,542475,1,118
542356,542475,542476,1,119
542356,542476,542478,2,120
542356,542477,542478,1,121
542356,542476,542479,3,120
542356,542477,542479,2,121
542356,542478,542480,2,122
542356,542479,542480,1,123
542356,542479,542481,2,123
542356,542481,542482,1,125
542356,542481,542482,1,125
542356,542481,542484,3,125
542356,542483,542484,1,127
542356,542483,542484,1,127
542356,542484,542486,2,128
542356,542485,542486,1,129
542356,542485,542486,1,129
542356,542487,542488,1,131
542356,542487,542488,1,131
542356,542486,542489,3,130
542356,542489,542490,1,133
542356,542489,542490,1,133
542356,542490,542491,1,134
542356,542491,542492,1,135
542356,542491,542492,1,135
542356,542492,542494,2,136
542356,542493,542494,1,137
542356,542493,542495,2,137
542356,542495,542496,1,139
542356,542495,542496,1,139
542356,542495,542496,1,139
542356,542497,542498,1,141
542356,542497,542498,1,141
542356,542497,542499,2,141
542356,542499,542500,1,143
542356,542499,542500,1,143
542356,542500,542501,1,144
542356,542501,542502,1,145
542356,542501,542503,2,145
542356,542503,542504,1,147
542356,542502,542504,2,146
542356,542503,542504,1,147
542356,542504,542505,1,148
542356,542505,542506,1,149
542356,542505,542506,1,149
542356,542506,542507,1,150
542356,542507,542508,1,151
542356,542507,542509,2,151
542356,542508,542510,2,152
542356,542509,542510,1,153
542356,542510,542511,1,154
542356,542510,542511,1,154
542356,542511,542512,1,155
542356,542512,542513,1,156
542356,542513,542514,1,157
542356,542512,542514,2,156
542356,542513,542514,1,157
542356,542515,542516,1,159
542356,542515,542516,1,159
542356,542515,542516,1,159
542356,542516,542517,1,160
542356,542517,542518,1,161
542356,542517,542518,1,161
542356,542517,542519,2,161
542356,542519,542520,1,163
542356,542519,542520,1,163
542356,542520,542521,1,164
542356,542520,542521,1,164
542356,542521,542522,1,165
542356,542521,542522,1,165
542356,542523,542524,1,167
542356,542522,542525,3,166
542356,542524,542525,1,168
542356,542525,542526,1,169
542356,542525,542526,1,169
542356,542524,542527,3,168
542356,542527,542528,1,171
542356,542528,542529,1,172
542356,542528,542529,1,172
542356,542529,542530,1,173
542356,542530,542531,1,174
542356,542527,542530,3,171
542356,542529,542530,1,173
542356,542528,542531,3,172
542356,542531,542532,1,175
542356,542531,542532,1,175
542356,542531,542533,2,175
542356,542533,542534,1,177
542356,542532,542534,2,176
542356,542533,542535,2,177
542356,542533,542536,3,177
539179,539179,542546,3367,0
537552,537684,542565,4881,132
542486,542585,542591,6,99
542486,542591,542595,4,105
542486,542595,542598,3,109
542486,542598,542601,3,112
542486,542602,542604,2,116
542486,542605,542606,1,119
542486,542607,542608,1,121
542486,542609,542611,2,123
542486,542612,542615,3,126
542486,542615,542616,1,129
542486,542616,542617,1,130
542486,542617,542620,3,131
542486,542620,542622,2,134
542486,542623,542624,1,137
542486,542624,542626,2,138
542486,542627,542628,1,141
542486,542629,542630,1,143
542486,542630,542632,2,144
542486,542633,542634,1,147
542486,542634,542636,2,148
542486,542637,542638,1,151
542486,542639,542640,1,153
542486,542641,542643,2,155
542486,542643,542645,2,157
542486,542645,542646,1,159
542486,542647,542649,2,161
542486,542649,542650,1,163
542486,542650,542652,2,164
542486,542652,542653,1,166
542486,542653,542655,2,167
542486,542655,542656,1,169
542486,542656,542658,2,170
542486,542658,542659,1,172
542486,542661,542662,1,175
542486,542663,542664,1,177
542486,542665,542666,1,179
542486,542666,542667,1,180
542486,542668,542669,1,182
542486,542670,542671,1,184
542486,542672,542673,1,186
542486,542674,542675,1,188
542486,542676,542677,1,190
542486,542678,542680,2,192
542486,542680,542681,1,194
542486,542682,542684,2,196
542486,542684,542685,1,198
542486,542686,542688,2,200
542486,542688,542689,1,202
542486,542690,542692,2,204
542486,542692,542693,1,206
542486,542694,542696,2,208
542486,542696,542697,1,210
537836,537905,542700,4795,69
542486,542698,542699,1,212
542486,542700,542701,1,214
542486,542700,542701,1,214
542486,542701,542703,2,215
542486,542701,542706,5,215
542486,542706,542707,1,220
542486,542707,542711,4,221
542486,542703,542716,13,217
542486,542713,542717,4,227
542486,542718,542719,1,232
542486,542717,542720,3,231
542486,542720,542721,1,234
542486,542722,542723,1,236
542486,542721,542724,3,235
542486,542724,542725,1,238
542486,542725,542726,1,239
542486,542725,542727,2,239
542486,542726,542728,2,240
542486,542727,542729,2,241
542486,542729,542731,2,243
542486,542731,542732,1,245
542486,542732,542734,2,246
542486,542734,542736,2,248
542486,542736,542737,1,250
542486,542728,542737,9,242
542486,542737,542738,1,251
542486,542738,542740,2,252
542486,542739,542740,1,253
542486,542740,542741,1,254
542486,542741,542743,2,255
542486,542740,542744,4,254
542486,542743,542746,3,257
542486,542744,542746,2,258
542486,542746,542747,1,260
542486,542746,542747,1,260
542486,542747,542749,2,261
542486,542747,542749,2,261
542486,542749,542750,1,263
542486,542749,542750,1,263
542486,542751,542752,1,265
542486,542751,542752,1,265
542486,542753,542754,1,267
542486,542753,542754,1,267
542486,542754,542755,1,268
542486,542754,542755,1,268
542486,542756,542757,1,270
542486,542757,542758,1,271
542486,542758,542760,2,272
542486,542760,542761,1,274
542486,542761,542762,1,275
542486,542756,542764,8,270
542486,542763,542766,3,277
542486,542765,542767,2,279
542486,542766,542768,2,280
542486,542767,542768,1,281
542486,542768,542769,1,282
542486,542768,542769,1,282
542486,542769,542771,2,283
542486,542771,542772,1,285
542486,542772,542773,1,286
542486,542770,542775,5,284
542486,542773,542776,3,287
542486,542776,542777,1,290
542486,542777,542778,1,291
542486,542778,542779,1,292
542486,542779,542783,4,293
542486,542779,542783,4,293
542486,542783,542784,1,297
542486,542783,542784,1,297
542486,542784,542788,4,298
542486,542785,542789,4,299
542486,542788,542789,1,302
542486,542789,542792,3,303
542486,542791,542794,3,305
542486,542793,542796,3,307
542486,542796,542797,1,310
542620,542798,542802,4,178
542620,542803,542804,1,183
542620,542805,542809,4,185
542620,542809,542811,2,189
542620,542811,542813,2,191
542620,542814,542816,2,194
542620,542817,542821,4,197
542620,542821,542823,2,201
542620,542823,542825,2,203
542620,542826,542829,3,206
542620,542829,542831,2,209
542620,542831,542833,2,211
542620,542833,542835,2,213
542620,542835,542837,2,215
542620,542837,542839,2,217
542620,542839,542841,2,219
542620,542841,542843,2,221
542620,542843,542846,3,223
542620,542846,542848,2,226
542620,542849,542850,1,229
542620,542851,542852,1,231
542620,542853,542855,2,233
542620,542856,542858,2,236
542620,542859,542861,2,239
542620,542862,542863,1,242
542620,542864,542866,2,244
542620,542874,542876,2,254
542620,542877,542879,2,257
542620,542880,542883,3,260
542620,542912,542914,2,292
542620,542915,542916,1,295
542620,542917,542919,2,297
542620,542920,542922,2,300
542620,542923,542925,2,303
542620,542926,542928,2,306
542620,542929,542931,2,309
542620,542932,542934,2,312
542620,542934,542936,2,314
542620,542937,542940,3,317
542620,542940,542942,2,320
542620,542942,542944,2,322
542620,542945,542947,2,325
542620,542947,542949,2,327
542620,542950,542952,2,330
542620,542953,542956,3,333
542620,542956,542958,2,336
542620,542959,542961,2,339
542620,542962,542965,3,342
542620,542965,542967,2,345
542620,542968,542971,3,348
542620,542971,542974,3,351
542620,542974,542977,3,354
542620,542977,542980,3,357
542620,542981,542983,2,361
542620,542984,542985,1,364
542620,542986,542988,2,366
542620,542989,542991,2,369
542620,542992,542994,2,372
542620,542995,542996,1,375
542620,542997,542999,2,377
542620,542999,543001,2,379
542620,543001,543003,2,381
542620,543004,543006,2,384
542620,543006,543008,2,386
542620,543008,543010,2,388
542620,543011,543013,2,391
542620,543013,543015,2,393
542620,543016,543018,2,396
542620,543019,543021,2,399
542620,543022,543025,3,402
542620,543025,543027,2,405
542620,543028,543031,3,408
542620,543031,543033,2,411
542620,543034,543037,3,414
542620,543037,543039,2,417
542620,543040,543043,3,420
542620,543043,543045,2,423
542620,543046,543049,3,426
542620,543049,543052,3,429
542620,543052,543055,3,432
542620,543056,543059,3,436
542620,543060,543063,3,440
542620,543064,543066,2,444
542620,543067,543070,3,447
542620,543071,543074,3,451
542620,543075,543078,3,455
542620,543079,543081,2,459
542620,543082,543085,3,462
542620,543085,543088,3,465
542620,543088,543091,3,468
542620,543092,543095,3,472
542620,543095,543099,4,475
542620,543099,543102,3,479
542620,543103,543106,3,483
542620,543107,543110,3,487
542620,543110,543113,3,490
542620,543113,543116,3,493
542620,543116,543119,3,496
542620,543120,543123,3,500
542620,543124,543127,3,504
542620,543127,543130,3,507
542620,543130,543133,3,510
542620,543133,543136,3,513
539829,539860,543137,3277,31
542620,543136,543138,2,516
542620,543138,543139,1,518
542620,543138,543140,2,518
542620,543140,543141,1,520
542620,543140,543142,2,520
542620,543142,543143,1,522
542620,543143,543145,2,523
542620,543144,543146,2,524
542620,543146,543148,2,526
542620,543146,543148,2,526
542620,543148,543149,1,528
542620,543149,543151,2,529
542620,543150,543152,2,530
542620,543152,543153,1,532
542620,543152,543153,1,532
542620,543154,543155,1,534
542620,543154,543156,2,534
542620,543156,543157,1,536
542620,543158,543159,1,538
542620,543157,543159,2,537
542620,543160,543161,1,540
542620,543160,543162,2,540
542620,543162,543163,1,542
542620,543164,543165,1,544
542620,543163,543165,2,543
542620,543166,543167,1,546
542620,543166,543169,3,546
542620,543168,543169,1,548
542620,543170,543172,2,550
542620,543169,543171,2,549
542620,543172,543174,2,552
542620,543174,543176,2,554
542620,543172,543175,3,552
542620,543176,543178,2,556
542620,543176,543179,3,556
542620,543179,543181,2,559
542620,543181,543183,2,561
542620,543180,543183,3,560
542620,543183,543185,2,563
542620,543185,543187,2,565
542620,543184,543188,4,564
542620,543187,543189,2,567
542620,543188,543191,3,568
542620,543189,543190,1,569
542620,543191,543193,2,571
542620,543191,543194,3,571
542620,543193,543195,2,573
542631,543195,543196,1,564
542631,543196,543197,1,565
542631,543197,543198,1,566
542631,543198,543199,1,567
542631,543200,543201,1,569
542631,543201,543202,1,570
542631,543203,543204,1,572
542631,543205,543206,1,574
542631,543209,543210,1,578
542631,543211,543212,1,580
542631,543212,543213,1,581
542631,543214,543215,1,583
542631,543215,543216,1,584
542631,543217,543218,1,586
542631,543219,543220,1,588
542631,543220,543221,1,589
542631,543222,543223,1,591
542631,543224,543225,1,593
542631,543226,543228,2,595
542631,543228,543229,1,597
542631,543230,543231,1,599
542631,543231,543232,1,600
542631,543233,543234,1,602
542631,543234,543235,1,603
542631,543235,543236,1,604
542631,543237,543238,1,606
542631,543239,543240,1,608
542631,543241,543242,1,610
542631,543242,543244,2,611
542631,543244,543245,1,613
542631,543248,543249,1,617
542631,543250,543251,1,619
542631,543252,543253,1,621
542631,543254,543255,1,623
542631,543256,543257,1,625
542631,543258,543259,1,627
542631,543260,543261,1,629
542631,543262,543263,1,631
542631,543264,543265,1,633
542631,543266,543267,1,635
542631,543268,543269,1,637
542631,543270,543271,1,639
542631,543272,543273,1,641
542631,543274,543276,2,643
542631,543276,543278,2,645
542631,543278,543280,2,647
542631,543280,543282,2,649
542631,543282,543284,2,651
542631,543284,543286,2,653
542631,543286,543288,2,655
542631,543288,543290,2,657
542631,543290,543292,2,659
542631,543292,543294,2,661
542631,543294,543296,2,663
542631,543297,543298,1,666
542631,543299,543300,1,668
542631,543301,543302,1,670
542631,543303,543304,1,672
542631,543305,543306,1,674
542631,543307,543308,1,676
542631,543309,543310,1,678
542631,543311,543312,1,680
542631,543313,543314,1,682
542631,543315,543316,1,684
542631,543317,543318,1,686
542631,543319,543320,1,688
542631,543321,543322,1,690
542631,543323,543325,2,692
542631,543325,543327,2,694
542631,543327,543329,2,696
542631,543329,543332,3,698
542631,543332,543334,2,701
542631,543334,543336,2,703
542631,543336,543338,2,705
542631,543338,543340,2,707
542631,543340,543342,2,709
542631,543342,543344,2,711
542631,543344,543346,2,713
542631,543346,543348,2,715
542631,543349,543350,1,718
542631,543351,543353,2,720
542631,543354,543355,1,723
542631,543356,543357,1,725
542631,543358,543360,2,727
542631,543360,543361,1,729
542631,543362,543364,2,731
542631,543364,543365,1,733
542631,543366,543368,2,735
542631,543369,543371,2,738
542631,543371,543373,2,740
542631,543373,543374,1,742
542631,543375,543377,2,744
542631,543377,543379,2,746
542631,543379,543381,2,748
542631,543381,543382,1,750
542631,543383,543385,2,752
542631,543385,543387,2,754
542631,543387,543389,2,756
542631,543389,543390,1,758
542631,543391,543392,1,760
542631,543393,543394,1,762
542631,543395,543396,1,764
542631,543397,543398,1,766
542631,543399,543401,2,768
542631,543401,543403,2,770
542631,543404,543405,1,773
542631,543406,543407,1,775
542631,543408,543409,1,777
542631,543410,543411,1,779
542631,543412,543413,1,781
540107,540120,543415,3295,13
542631,543414,543415,1,783
542631,543415,543417,2,784
542631,543416,543417,1,785
542631,543418,543419,1,787
542631,543418,543419,1,787
542631,543420,543421,1,789
542631,543420,543421,1,789
542631,543422,543423,1,791
542631,543422,543423,1,791
542631,543424,543425,1,793
542631,543424,543426,2,793
542631,543426,543427,1,795
542631,543427,543429,2,796
542631,543428,543429,1,797
542631,543429,543431,2,798
542631,543430,543431,1,799
542631,543431,543433,2,800
542631,543432,543433,1,801
542631,543433,543435,2,802
542631,543434,543435,1,803
542631,543435,543436,1,804
542631,543436,543437,1,805
542631,543437,543439,2,806
542631,543438,543440,2,807
542631,543439,543441,2,808
542631,543440,543441,1,809
542631,543441,543443,2,810
542631,543442,543444,2,811
542631,543443,543445,2,812
542631,543444,543446,2,813
542631,543445,543447,2,814
542631,543446,543448,2,815
542631,543447,543449,2,816
542631,543448,543450,2,817
542754,543450,543451,1,696
542631,543449,543451,2,818
542754,543451,543452,1,697
542754,543451,543452,1,697
542754,543452,543453,1,698
542754,543452,543453,1,698
542754,543453,543454,1,699
542754,543453,543454,1,699
542754,543454,543455,1,700
542754,543454,543455,1,700
542754,543455,543456,1,701
542754,543456,543457,1,702
542754,543457,543458,1,703
542754,543458,543459,1,704
542754,543459,543460,1,705
542754,543471,543472,1,717
542754,543471,543472,1,717
542754,543472,543473,1,718
542754,543472,543473,1,718
542754,543473,543474,1,719
542754,543473,543474,1,719
542754,543474,543475,1,720
542754,543474,543475,1,720
542754,543475,543476,1,721
542754,543475,543476,1,721
542754,543476,543477,1,722
542754,543476,543477,1,722
542754,543477,543478,1,723
542754,543477,543478,1,723
542754,543478,543479,1,724
542754,543478,543479,1,724
542754,543479,543480,1,725
542754,543479,543480,1,725
542754,543480,543481,1,726
542754,543480,543481,1,726
542754,543481,543482,1,727
542754,543481,543482,1,727
542754,543482,543483,1,728
542754,543482,543483,1,728
542754,543483,543484,1,729
542754,543483,543484,1,729
542754,543484,543485,1,730
542754,543484,543485,1,730
542754,543485,543486,1,731
542754,543485,543486,1,731
542754,543486,543487,1,732
542754,543486,543487,1,732
542754,543487,543488,1,733
542754,543488,543489,1,734
542754,543489,543490,1,735
542754,543501,543502,1,747
542754,543502,543503,1,748
542754,543503,543504,1,749
542754,543504,543505,1,750
542754,543505,543506,1,751
542754,543506,543507,1,752
542754,543507,543508,1,753
542754,543508,543509,1,754
542754,543508,543509,1,754
542754,543509,543510,1,755
542754,543509,543510,1,755
542754,543510,543511,1,756
542754,543510,543511,1,756
542754,543511,543512,1,757
542754,543511,543512,1,757
542754,543512,543513,1,758
542754,543512,543513,1,758
542754,543513,543514,1,759
542754,543513,543514,1,759
542754,543514,543515,1,760
542754,543514,543515,1,760
542754,543515,543516,1,761
542754,543515,543516,1,761
542754,543516,543517,1,762
542754,543516,543517,1,762
542754,543517,543518,1,763
542754,543517,543518,1,763
542754,543518,543519,1,764
542754,543519,543520,1,765
542754,543520,543521,1,766
538886,538913,543780,4867,27
542879,543780,543787,7,901
542879,543787,543795,8,908
542879,543795,543798,3,916
542879,543798,543801,3,919
542879,543801,543803,2,922
542879,543803,543804,1,924
542879,543805,543813,8,926
542879,543813,543816,3,934
542879,543816,543820,4,937
542879,543822,543830,8,943
542879,543831,543837,6,952
542879,543838,543840,2,959
542879,543841,543843,2,962
542879,543844,543846,2,965
542879,543846,543847,1,967
542879,543848,543850,2,969
542879,543850,543851,1,971
542879,543852,543854,2,973
542879,543855,543857,2,976
542879,543857,543858,1,978
542879,543858,543860,2,979
542879,543860,543861,1,981
542879,543862,543864,2,983
542879,543864,543865,1,985
542879,543866,543868,2,987
542879,543868,543870,2,989
542879,543870,543871,1,991
542879,543872,543874,2,993
542879,543874,543876,2,995
542879,543876,543878,2,997
542879,543878,543880,2,999
542879,543881,543882,1,1002
542879,543883,543884,1,1004
542879,543885,543886,1,1006
542879,543887,543888,1,1008
542879,543889,543890,1,1010
542879,543891,543893,2,1012
542879,543893,543894,1,1014
542879,543894,543895,1,1015
542879,543896,543897,1,1017
542879,543898,543900,2,1019
542879,543900,543901,1,1021
542879,543902,543904,2,1023
542879,543904,543905,1,1025
542879,543906,543908,2,1027
542879,543908,543910,2,1029
542879,543910,543912,2,1031
542879,543912,543914,2,1033
542879,543914,543916,2,1035
542879,543916,543918,2,1037
542879,543918,543920,2,1039
542879,543920,543922,2,1041
542879,543922,543924,2,1043
542879,543924,543926,2,1045
542879,543927,543928,1,1048
542879,543929,543930,1,1050
542879,543931,543932,1,1052
542879,543933,543934,1,1054
542879,543935,543936,1,1056
542879,543937,543939,2,1058
542879,543940,543941,1,1061
540603,540651,543941,3290,48
542879,543942,543944,2,1063
542879,543942,543943,1,1063
542879,543944,543945,1,1065
542879,543944,543945,1,1065
542879,543945,543946,1,1066
542879,543946,543947,1,1067
542879,543946,543947,1,1067
542879,543947,543948,1,1068
542879,543948,543949,1,1069
542879,543948,543949,1,1069
542879,543949,543950,1,1070
542879,543950,543951,1,1071
542879,543950,543952,2,1071
542879,543951,543952,1,1072
542879,543952,543953,1,1073
542879,543953,543954,1,1074
542879,543952,543954,2,1073
542879,543954,543955,1,1075
542879,543955,543956,1,1076
542879,543957,543959,2,1078
542879,543960,543961,1,1081
542879,543959,543961,2,1080
542879,543961,543962,1,1082
542879,543961,543962,1,1082
542879,543963,543964,1,1084
542879,543964,543965,1,1085
542879,543963,543965,2,1084
542879,543965,543966,1,1086
542879,543966,543967,1,1087
542879,543965,543967,2,1086
542879,543967,543968,1,1088
542879,543968,543969,1,1089
542879,543967,543969,2,1088
542879,543969,543970,1,1090
542879,543970,543971,1,1091
542879,543969,543971,2,1090
542879,543971,543972,1,1092
542879,543972,543973,1,1093
542879,543971,543973,2,1092
542879,543973,543974,1,1094
542879,543974,543975,1,1095
542879,543973,543975,2,1094
542879,543975,543976,1,1096
542879,543976,543977,1,1097
542879,543975,543977,2,1096
542879,543977,543978,1,1098
542879,543978,543979,1,1099
542879,543977,543979,2,1098
542879,543979,543980,1,1100
542879,543980,543981,1,1101
542879,543980,543981,1,1101
542879,543981,543982,1,1102
542879,543982,543983,1,1103
542879,543982,543983,1,1103
542879,543983,543984,1,1104
542879,543984,543985,1,1105
542879,543985,543986,1,1106
542879,543984,543986,2,1105
542879,543987,543988,1,1108
542879,543989,543991,2,1110
542879,543990,543991,1,1111
542879,543991,543992,1,1112
542879,543993,543994,1,1114
542879,543994,543995,1,1115
542879,543995,543996,1,1116
542879,543996,543997,1,1117
542879,543998,543999,1,1119
542879,543997,543999,2,1118
542879,543999,544000,1,1120
542879,543999,544000,1,1120
542879,544000,544001,1,1121
542879,544001,544003,2,1122
542879,544002,544003,1,1123
542879,544003,544005,2,1124
542879,544004,544005,1,1125
542879,544005,544007,2,1126
542879,544006,544007,1,1127
542879,544007,544009,2,1128
542879,544008,544009,1,1129
542879,544009,544011,2,1130
543141,544011,544013,2,870
543141,544013,544015,2,872
543141,544015,544017,2,874
543141,544017,544019,2,876
543141,544019,544020,1,878
543141,544021,544023,2,880
543141,544023,544025,2,882
543141,544025,544027,2,884
539191,539191,544026,4835,0
543141,544027,544029,2,886
543141,544028,544029,1,887
543141,544029,544031,2,888
543141,544029,544031,2,888
543141,544031,544033,2,890
543141,544033,544035,2,892
543141,544035,544037,2,894
543141,544038,544039,1,897
543141,544040,544041,1,899
543141,544042,544043,1,901
543141,544044,544045,1,903
543141,544032,544046,14,891
543141,544046,544047,1,905
543141,544048,544049,1,907
543141,544050,544051,1,909
543141,544047,544053,6,906
543141,544052,544053,1,911
543141,544054,544055,1,913
543141,544056,544057,1,915
543141,544054,544058,4,913
543141,544058,544060,2,917
543141,544061,544062,1,920
543141,544059,544063,4,918
543141,544064,544065,1,923
543141,544063,544065,2,922
543141,544066,544067,1,925
543141,544066,544068,2,925
543141,544068,544070,2,927
543141,544068,544072,4,927
543141,544070,544071,1,929
543141,544072,544073,1,931
543141,544072,544074,2,931
543141,544074,544075,1,933
543141,544074,544076,2,933
543141,544076,544077,1,935
543141,544078,544080,2,937
543141,544076,544080,4,935
543141,544080,544082,2,939
543141,544081,544082,1,940
543141,544082,544084,2,941
543141,544083,544087,4,942
543141,544084,544086,2,943
543141,544087,544089,2,946
543141,544087,544091,4,946
543141,544089,544091,2,948
543141,544091,544092,1,950
543141,544092,544093,1,951
543141,544093,544094,1,952
543141,544094,544095,1,953
543141,544096,544097,1,955
543141,544098,544100,2,957
543141,544101,544102,1,960
543141,544103,544104,1,962
543141,544105,544106,1,964
543141,544107,544108,1,966
543141,544109,544111,2,968
543141,544111,544113,2,970
543141,544095,544114,19,954
543141,544113,544115,2,972
543141,544114,544116,2,973
543141,544115,544117,2,974
543141,544117,544118,1,976
543141,544119,544121,2,978
543141,544117,544122,5,976
543141,544121,544123,2,980
543141,544123,544125,2,982
543141,544125,544127,2,984
543141,544123,544128,5,982
543141,544127,544129,2,986
543141,544130,544131,1,989
543141,544132,544133,1,991
543141,544134,544135,1,993
543141,544136,544137,1,995
543141,544138,544139,1,997
543141,544129,544141,12,988
543141,544140,544141,1,999
543141,544142,544143,1,1001
543141,544144,544145,1,1003
543141,544142,544147,5,1001
543141,544146,544147,1,1005
543141,544148,544150,2,1007
540750,540804,544151,3347,54
543141,544151,544152,1,1010
543141,544152,544153,1,1011
543141,544153,544154,1,1012
543141,544154,544155,1,1013
543141,544156,544157,1,1015
543141,544157,544158,1,1016
543141,544155,544157,2,1014
543141,544147,544155,8,1006
543141,544158,544159,1,1017
543141,544159,544160,1,1018
543141,544158,544161,3,1017
543141,544161,544162,1,1020
543141,544162,544163,1,1021
543141,544161,544162,1,1020
543141,544163,544164,1,1022
543141,544163,544164,1,1022
543141,544164,544165,1,1023
543141,544166,544167,1,1025
543141,544159,544168,9,1018
543141,544167,544168,1,1026
543141,544165,544168,3,1024
543141,544169,544170,1,1028
543141,544169,544171,2,1028
543141,544169,544172,3,1028
543141,544171,544172,1,1030
543141,544173,544174,1,1032
543141,544173,544174,1,1032
543141,544174,544175,1,1033
543141,544171,544175,4,1030
543141,544175,544176,1,1034
543141,544176,544177,1,1035
543141,544175,544178,3,1034
543141,544175,544178,3,1034
543141,544178,544179,1,1037
543141,544179,544180,1,1038
543141,544178,544180,2,1037
543141,544179,544180,1,1038
543141,544180,544181,1,1039
543141,544181,544182,1,1040
543141,544181,544182,1,1040
543141,544182,544183,1,1041
543141,544183,544185,2,1042
543141,544183,544185,2,1042
543141,544183,544186,3,1042
543141,544185,544186,1,1044
543141,544186,544188,2,1045
543141,544187,544189,2,1046
543141,544189,544190,1,1048
543141,544189,544190,1,1048
543141,544187,544191,4,1046
543141,544191,544192,1,1050
543141,544192,544193,1,1051
543141,544192,544193,1,1051
543141,544194,544195,1,1053
543141,544193,544195,2,1052
543141,544196,544197,1,1055
543141,544196,544197,1,1055
543141,544197,544198,1,1056
543141,544194,544198,4,1053
543141,544198,544200,2,1057
539582,539586,544381,4795,4
539584,539586,544382,4796,2
543678,544383,544384,1,705
543678,544382,544386,4,704
543678,544384,544386,2,706
543678,544386,544388,2,708
543678,544386,544388,2,708
539571,539586,544393,4807,15
543678,544388,544393,5,710
543678,544393,544394,1,715
543678,544394,544395,1,716
543678,544388,544396,8,710
543678,544396,544400,4,718
543678,544397,544400,3,719
543678,544395,544401,6,717
543678,544400,544401,1,722
543678,544401,544403,2,723
543678,544402,544403,1,724
543678,544402,544405,3,724
543678,544404,544405,1,726
543678,544404,544405,1,726
543678,544405,544406,1,727
543678,544406,544409,3,728
543678,544406,544409,3,728
543678,544407,544410,3,729
543678,544410,544411,1,732
543678,544409,544412,3,731
543678,544410,544412,2,732
543678,544412,544414,2,734
543678,544411,544414,3,733
543678,544412,544415,3,734
543678,544414,544416,2,736
543678,544415,544416,1,737
543678,544416,544417,1,738
543678,544416,544419,3,738
543678,544418,544420,2,740
543678,544417,544420,3,739
543678,544420,544422,2,742
543678,544421,544422,1,743
543678,544420,544423,3,742
543678,544423,544424,1,745
543678,544425,544426,1,747
543678,544423,544426,3,745
543678,544424,544427,3,746
543678,544427,544428,1,749
543678,544427,544429,2,749
543678,544427,544430,3,749
543678,544429,544430,1,751
543678,544430,544431,1,752
543678,544431,544433,2,753
543678,544432,544434,2,754
543678,544433,544434,1,755
543678,544431,544434,3,753
543678,544435,544436,1,757
543678,544435,544437,2,757
543678,544438,544440,2,760
543678,544437,544440,3,759
543678,544441,544444,3,763
543678,544440,544444,4,762
543678,544444,544445,1,766
543678,544435,544446,11,757
543678,544446,544447,1,768
543678,544444,544447,3,766
543678,544448,544450,2,770
543678,544448,544451,3,770
543678,544447,544450,3,769
543678,544450,544452,2,772
543678,544451,544454,3,773
543678,544451,544454,3,773
543678,544454,544455,1,776
543678,544454,544455,1,776
543678,544452,544455,3,774
543678,544456,544457,1,778
543678,544456,544457,1,778
543678,544456,544458,2,778
543678,544458,544460,2,780
543678,544458,544461,3,780
543678,544458,544461,3,780
543678,544461,544463,2,783
543678,544462,544463,1,784
543678,544461,544464,3,783
543678,544463,544465,2,785
543678,544464,544467,3,786
543678,544465,544466,1,787
543678,544466,544468,2,788
543678,544467,544468,1,789
543678,544467,544470,3,789
543678,544469,544470,1,791
543678,544470,544471,1,792
543678,544471,544472,1,793
543678,544469,544472,3,791
543678,544472,544473,1,794
543678,544473,544474,1,795
543678,544475,544476,1,797
543678,544473,544476,3,795
543678,544474,544477,3,796
543678,544477,544478,1,799
543678,544477,544479,2,799
543678,544478,544480,2,800
543678,544479,544481,2,801
543678,544481,544483,2,803
543678,544479,544482,3,801
543678,544480,544484,4,802
543678,544483,544485,2,805
543678,544483,544485,2,805
543678,544484,544486,2,806
543678,544485,544487,2,807
543678,544485,544488,3,807
543678,544487,544489,2,809
543678,544488,544490,2,810
543678,544486,544490,4,808
543678,544489,544491,2,811
543678,544490,544492,2,812
543678,544491,544493,2,813
543678,544490,544493,3,812
543678,544493,544495,2,815
543678,544493,544495,2,815
543678,544492,544496,4,814
543678,544495,544498,3,817
543678,544496,544498,2,818
543678,544495,544499,4,817
543678,544498,544500,2,820
543678,544499,544500,1,821
543678,544499,544501,2,821
543678,544500,544503,3,822
543678,544501,544503,2,823
543678,544501,544504,3,823
543678,544503,544505,2,825
543678,544504,544505,1,826
543678,544505,544506,1,827
543678,544506,544508,2,828
543678,544507,544508,1,829
543678,544509,544510,1,831
543678,544509,544512,3,831
543678,544506,544511,5,828
543678,544511,544513,2,833
543678,544514,544515,1,836
543678,544512,544515,3,834
543678,544516,544517,1,838
543678,544512,544517,5,834
543678,544516,544518,2,838
543678,544518,544519,1,840
543678,544518,544521,3,840
543678,544520,544522,2,842
543678,544518,544521,3,840
543678,544522,544523,1,844
543678,544522,544523,1,844
543678,544522,544523,1,844
543678,544524,544526,2,846
543678,544524,544526,2,846
543678,544524,544526,2,846
543678,544527,544528,1,849
543678,544526,544529,3,848
543815,544546,544547,1,731
543815,544546,544547,1,731
543815,544547,544548,1,732
543815,544547,544548,1,732
543815,544548,544549,1,733
543815,544549,544550,1,734
543815,544564,544565,1,749
543940,544580,544581,1,640
543940,544581,544583,2,641
543940,544582,544583,1,642
543940,544584,544585,1,644
543940,544585,544587,2,645
543940,544586,544587,1,646
543940,544588,544589,1,648
543940,544588,544591,3,648
543940,544589,544591,2,649
543940,544591,544592,1,651
543940,544592,544594,2,652
543940,544595,544596,1,655
543940,544593,544596,3,653
543940,544596,544597,1,656
543940,544596,544597,1,656
543940,544597,544599,2,657
543940,544600,544601,1,660
543940,544598,544601,3,658
543940,544601,544602,1,661
543940,544601,544603,2,661
543940,544604,544605,1,664
543940,544605,544607,2,665
543940,544603,544606,3,663
543940,544608,544609,1,668
543940,544608,544609,1,668
543940,544610,544612,2,670
543940,544610,544612,2,670
543940,544613,544614,1,673
543940,544613,544614,1,673
543940,544614,544617,3,674
543940,544615,544618,3,675
543940,544618,544619,1,678
543940,544617,544619,2,677
543940,544620,544621,1,680
543940,544619,544622,3,679
543940,544621,544624,3,681
543940,544624,544625,1,684
543940,544623,544624,1,683
543940,544625,544626,1,685
543940,544625,544628,3,685
543940,544626,544628,2,686
543940,544629,544630,1,689
543940,544628,544629,1,688
543940,544630,544632,2,690
543940,544630,544633,3,690
543940,544633,544634,1,693
543940,544633,544635,2,693
543940,544634,544636,2,694
543940,544636,544637,1,696
543940,544636,544639,3,696
543940,544637,544640,3,697
543940,544640,544641,1,700
543940,544639,544641,2,699
543940,544641,544643,2,701
543940,544643,544644,1,703
543940,544642,544644,2,702
543940,544644,544646,2,704
543940,544645,544646,1,705
543940,544648,544649,1,708
543940,544647,544649,2,707
543940,544650,544651,1,710
543940,544652,544654,2,712
543940,544650,544653,3,710
543940,544654,544655,1,714
543940,544654,544655,1,714
543940,544656,544658,2,716
543940,544656,544659,3,716
543940,544658,544659,1,718
543940,544659,544660,1,719
543940,544660,544662,2,720
543940,544661,544664,3,721
543940,544662,544663,1,722
543940,544664,544665,1,724
543940,544664,544666,2,724
543940,544666,544669,3,726
543940,544667,544668,1,727
543940,544669,544670,1,729
543940,544669,544671,2,729
543940,544671,544672,1,731
543940,544671,544674,3,731
543940,544673,544674,1,733
543940,544674,544675,1,734
543940,544675,544677,2,735
543940,544676,544677,1,736
543940,544677,544678,1,737
543940,544678,544681,3,738
543940,544679,544681,2,739
543940,544681,544682,1,741
543940,544681,544682,1,741
543940,544683,544685,2,743
543940,544685,544687,2,745
543940,544683,544686,3,743
543940,544687,544689,2,747
543940,544688,544689,1,748
543940,544689,544690,1,749
543940,544690,544692,2,750
543940,544690,544692,2,750
543940,544692,544693,1,752
543940,544693,544694,1,753
543940,544693,544695,2,753
543940,544695,544696,1,755
543940,544695,544696,1,755
543940,544696,544698,2,756
543940,544696,544698,2,756
543940,544698,544699,1,758
543940,544699,544700,1,759
543940,544699,544701,2,759
543940,544700,544703,3,760
543940,544701,544703,2,761
543940,544703,544704,1,763
543940,544704,544705,1,764
543940,544705,544707,2,765
543940,544707,544708,1,767
543940,544707,544709,2,767
543940,544709,544710,1,769
543940,544709,544710,1,769
543940,544710,544712,2,770
543940,544711,544712,1,771
543940,544712,544713,1,772
543940,544713,544714,1,773
543940,544714,544716,2,774
543940,544715,544716,1,775
543940,544716,544718,2,776
543940,544717,544718,1,777
543940,544718,544719,1,778
543940,544719,544720,1,779
543940,544720,544722,2,780
543940,544721,544722,1,781
543940,544722,544724,2,782
543940,544723,544724,1,783
543940,544724,544725,1,784
543940,544725,544726,1,785
543940,544726,544728,2,786
543940,544727,544729,2,787
543940,544728,544730,2,788
543940,544730,544731,1,790
543940,544731,544732,1,791
543940,544732,544734,2,792
543940,544733,544734,1,793
543940,544734,544735,1,794
543940,544735,544736,1,795
543940,544736,544738,2,796
543940,544736,544737,1,796
543940,544738,544740,2,798
543940,544738,544739,1,798
543940,544740,544741,1,800
543940,544740,544741,1,800
543940,544741,544743,2,801
544064,544743,544745,2,679
544064,544745,544747,2,681
544064,544747,544749,2,683
544064,544749,544751,2,685
544064,544752,544753,1,688
544064,544754,544756,2,690
544064,544757,544758,1,693
544064,544759,544761,2,695
544064,544762,544765,3,698
544064,544766,544767,1,702
544064,544768,544772,4,704
544064,544773,544774,1,709
544064,544775,544776,1,711
544064,544776,544780,4,712
544064,544781,544782,1,717
544064,544783,544786,3,719
544064,544787,544790,3,723
544064,544791,544792,1,727
544064,544792,544796,4,728
544064,544797,544798,1,733
544064,544799,544803,4,735
544064,544804,544805,1,740
544064,544806,544807,1,742
544064,544808,544812,4,744
544064,544812,544817,5,748
544064,544817,544818,1,753
544064,544819,544823,4,755
544064,544823,544824,1,759
544064,544825,544827,2,761
539834,539861,544830,4969,27
544064,544827,544832,5,763
544064,544832,544834,2,768
544064,544835,544838,3,771
544064,544839,544840,1,775
544064,544831,544840,9,767
544064,544841,544844,3,777
544064,544841,544844,3,777
544064,544844,544845,1,780
544064,544846,544847,1,782
544064,544845,544848,3,781
544064,544849,544850,1,785
544064,544851,544852,1,787
544064,544848,544855,7,784
544064,544853,544855,2,789
544064,544855,544857,2,791
544064,544856,544857,1,792
544064,544857,544858,1,793
544064,544858,544861,3,794
544064,544859,544861,2,795
544064,544861,544863,2,797
544064,544861,544864,3,797
544064,544864,544865,1,800
544064,544864,544866,2,800
544064,544866,544868,2,802
544064,544866,544868,2,802
544064,544868,544870,2,804
544064,544868,544870,2,804
544064,544870,544872,2,806
544064,544871,544872,1,807
544064,544872,544874,2,808
544064,544873,544874,1,809
544064,544875,544876,1,811
544064,544874,544877,3,810
544064,544877,544879,2,813
544064,544879,544881,2,815
541549,541586,544882,3296,37
544064,544881,544883,2,817
544064,544877,544883,6,813
544064,544883,544885,2,819
544064,544884,544885,1,820
544064,544885,544887,2,821
544064,544887,544888,1,823
544064,544886,544888,2,822
544064,544888,544889,1,824
544064,544889,544890,1,825
544064,544887,544890,3,823
544064,544890,544891,1,826
544064,544889,544891,2,825
544064,544891,544892,1,827
544064,544890,544892,2,826
544064,544892,544893,1,828
544064,544892,544893,1,828
544064,544893,544894,1,829
544064,544894,544895,1,830
544064,544892,544895,3,828
544064,544894,544895,1,830
544064,544895,544896,1,831
544064,544896,544897,1,832
544064,544895,544897,2,831
544064,544897,544898,1,833
544064,544896,544898,2,832
544064,544898,544899,1,834
544064,544897,544899,2,833
544064,544899,544900,1,835
544064,544899,544900,1,835
544064,544899,544901,2,835
544064,544900,544901,1,836
544064,544902,544903,1,838
544064,544902,544903,1,838
544064,544901,544903,2,837
544064,544903,544904,1,839
544064,544904,544905,1,840
544064,544904,544905,1,840
544064,544904,544905,1,840
544064,544905,544906,1,841
544064,544906,544907,1,842
544064,544907,544908,1,843
544064,544906,544908,2,842
544064,544906,544908,2,842
544064,544908,544909,1,844
544064,544909,544910,1,845
544064,544909,544910,1,845
544064,544909,544911,2,845
544064,544910,544911,1,846
544064,544911,544912,1,847
544064,544911,544912,1,847
544064,544911,544912,1,847
544064,544913,544915,2,849
544064,544913,544915,2,849
544064,544915,544916,1,851
544064,544916,544918,2,852
544064,544917,544918,1,853
544064,544918,544919,1,854
544064,544920,544921,1,856
544064,544919,544921,2,855
544064,544921,544922,1,857
544064,544920,544922,2,856
544064,544922,544923,1,858
544064,544921,544923,2,857
544064,544923,544924,1,859
544064,544922,544924,2,858
544064,544924,544925,1,860
544064,544923,544924,1,859
544064,544925,544926,1,861
544064,544926,544927,1,862
544064,544924,544926,2,860
544064,544925,544927,2,861
544064,544927,544928,1,863
544064,544928,544929,1,864
544064,544927,544929,2,863
544064,544928,544929,1,864
544186,544929,544930,1,743
544186,544930,544931,1,744
544186,544930,544931,1,744
544186,544931,544932,1,745
544186,544929,544932,3,743
544186,544932,544933,1,746
544186,544932,544933,1,746
544186,544932,544933,1,746
544186,544933,544934,1,747
544186,544933,544934,1,747
544186,544934,544935,1,748
544186,544934,544935,1,748
544186,544935,544936,1,749
544186,544934,544936,2,748
544186,544936,544937,1,750
544186,544936,544937,1,750
544186,544936,544938,2,750
544186,544937,544938,1,751
544186,544938,544939,1,752
544186,544938,544939,1,752
544186,544938,544939,1,752
544186,544939,544940,1,753
544186,544940,544941,1,754
544186,544940,544942,2,754
544186,544941,544942,1,755
544186,544942,544943,1,756
544186,544941,544943,2,755
544186,544942,544943,1,756
544186,544943,544944,1,757
544186,544944,544945,1,758
544186,544944,544945,1,758
544186,544944,544946,2,758
544186,544946,544947,1,760
544186,544946,544947,1,760
544186,544947,544949,2,761
544186,544947,544949,2,761
544186,544949,544950,1,763
544186,544950,544951,1,764
544186,544950,544952,2,764
544186,544952,544953,1,766
544186,544953,544954,1,767
544186,544955,544956,1,769
544186,544956,544957,1,770
544186,544954,544956,2,768
544186,544955,544957,2,769
544186,544957,544958,1,771
544186,544957,544958,1,771
544186,544958,544959,1,772
544186,544959,544960,1,773
544186,544958,544959,1,772
544186,544960,544961,1,774
544186,544960,544961,1,774
544186,544960,544961,1,774
544186,544961,544962,1,775
544186,544962,544963,1,776
544186,544962,544963,1,776
544186,544961,544963,2,775
544186,544963,544964,1,777
544186,544963,544964,1,777
544186,544964,544965,1,778
544186,544965,544966,1,779
544186,544964,544966,2,778
544186,544966,544967,1,780
544186,544965,544967,2,779
544186,544967,544968,1,781
544186,544967,544968,1,781
544186,544968,544969,1,782
544186,544968,544969,1,782
544186,544969,544970,1,783
544186,544969,544971,2,783
544186,544970,544971,1,784
544186,544970,544972,2,784
544186,544971,544972,1,785
544186,544971,544972,1,785
544186,544972,544973,1,786
544186,544972,544973,1,786
544186,544972,544973,1,786
544186,544973,544974,1,787
544186,544974,544975,1,788
544186,544974,544976,2,788
544186,544975,544976,1,789
544186,544974,544976,2,788
544186,544976,544977,1,790
544186,544976,544977,1,790
544186,544977,544978,1,791
544186,544978,544979,1,792
540098,540120,544979,4859,22
544186,544978,544980,2,792
544186,544977,544980,3,791
544186,544980,544982,2,794
544186,544980,544981,1,794
544186,544982,544983,1,796
544186,544982,544984,2,796
544186,544984,544985,1,798
544186,544986,544987,1,800
544186,544985,544986,1,799
544186,544986,544987,1,800
544186,544987,544989,2,801
544186,544988,544989,1,802
544186,544989,544990,1,803
544186,544980,544990,10,794
544186,544990,544991,1,804
544186,544990,544992,2,804
544186,544991,544993,2,805
544186,544993,544994,1,807
544186,544992,544993,1,806
544186,544993,544994,1,807
544186,544994,544995,1,808
544186,544995,544996,1,809
544186,544994,544995,1,808
544186,544995,544996,1,809
544186,544996,544997,1,810
544186,544997,544998,1,811
544186,544996,544998,2,810
544186,544997,544998,1,811
544186,544998,544999,1,812
544186,544999,545000,1,813
544186,544998,545000,2,812
544186,544999,545000,1,813
544186,545000,545001,1,814
544186,545001,545002,1,815
544186,545000,545002,2,814
544186,545001,545002,1,815
544186,545002,545003,1,816
544186,545003,545004,1,817
544186,545002,545004,2,816
544186,545003,545004,1,817
544186,544994,545005,11,808
544309,545004,545006,2,695
544309,545005,545007,2,696
544309,545005,545007,2,696
544309,545006,545009,3,697
544309,545008,545011,3,699
544309,545009,545012,3,700
544309,545011,545013,2,702
544309,545012,545014,2,703
544309,545014,545017,3,705
544309,545008,545016,8,699
544309,545015,545017,2,706
541807,541807,545018,3211,0
544309,545017,545018,1,708
544309,545018,545019,1,709
544309,545017,545020,3,708
544309,545018,545020,2,709
544309,545019,545020,1,710
544309,545020,545021,1,711
544309,545020,545022,2,711
544309,545021,545022,1,712
544309,545022,545023,1,713
544309,545022,545024,2,713
544309,545023,545025,2,714
544309,545024,545025,1,715
544309,545021,545026,5,712
544309,545024,545027,3,715
544309,545026,545027,1,717
544309,545026,545027,1,717
544309,545027,545029,2,718
544309,545027,545030,3,718
544309,545028,545029,1,719
544309,545028,545030,2,719
544309,545030,545032,2,721
544309,545030,545031,1,721
544309,545029,545032,3,720
544309,545031,545033,2,722
544309,545032,545034,2,723
544309,545032,545035,3,723
544309,545032,545035,3,723
544309,545034,545035,1,725
544309,545034,545036,2,725
544309,545036,545037,1,727
544309,545036,545038,2,727
544309,545037,545039,2,728
544309,545036,545038,2,727
544309,545038,545040,2,729
544309,545039,545041,2,730
544309,545038,545041,3,729
544309,545039,545042,3,730
544309,545040,545042,2,731
544309,545043,545044,1,734
544309,545041,545044,3,732
544309,545042,545045,3,733
544309,545042,545046,4,733
544309,545045,545046,1,736
544309,545047,545048,1,738
544309,545046,545048,2,737
544309,545045,545048,3,736
544309,545046,545049,3,737
544309,545049,545051,2,740
544309,545049,545051,2,740
544309,545049,545053,4,740
544309,545051,545053,2,742
544309,545050,545054,4,741
544309,545054,545055,1,745
544309,545052,545055,3,743
544309,545053,545056,3,744
544309,545054,545057,3,745
544309,545056,545058,2,747
544309,545056,545059,3,747
544309,545056,545060,4,747
544309,545057,545060,3,748
544309,545059,545061,2,750
544309,545059,545061,2,750
544309,545060,545063,3,751
544309,545061,545063,2,752
544309,545061,545064,3,752
544309,545060,545063,3,751
544309,545064,545066,2,755
544309,545064,545067,3,755
544309,545064,545066,2,755
544309,545063,545067,4,754
544309,545066,545068,2,757
544309,545068,545070,2,759
544309,545067,545069,2,758
544309,545067,545070,3,758
544309,545067,545070,3,758
544309,545070,545072,2,761
544309,545071,545073,2,762
544309,545072,545074,2,763
544309,545070,545074,4,761
544309,545070,545073,3,761
544309,545074,545076,2,765
544309,545074,545076,2,765
544309,545074,545076,2,765
544309,545074,545077,3,765
544309,545076,545077,1,767
544309,545078,545080,2,769
544309,545077,545080,3,768
544309,545077,545080,3,768
544309,545077,545080,3,768
544309,545080,545081,1,771
544309,545080,545082,2,771
544309,545081,545082,1,772
544309,545082,545083,1,773
544309,545081,545083,2,772
544309,545082,545085,3,773
544309,545083,545085,2,774
544309,545084,545086,2,775
544309,545084,545087,3,775
544309,545086,545088,2,777
544309,545086,545088,2,777
544309,545088,545090,2,779
544309,545087,545091,4,778
544309,545089,545091,2,780
544309,545090,545092,2,781
544309,545085,545092,7,776
544309,545092,545094,2,783
544309,545091,545094,3,782
544309,545092,545094,2,783
544309,545094,545096,2,785
544309,545093,545096,3,784
544309,545095,545098,3,786
544309,545097,545098,1,788
544309,545094,545099,5,785
541827,541828,545099,3271,1
544309,545097,545100,3,788
544309,545099,545100,1,790
544309,545098,545100,2,789
540231,540295,545101,4806,64
544309,545100,545101,1,791
544309,545100,545102,2,791
544309,545101,545102,1,792
544309,545101,545103,2,792
544309,545102,545104,2,793
544309,545103,545105,2,794
544309,545101,545104,3,792
544309,545104,545105,1,795
544309,545103,545106,3,794
544309,545105,545106,1,796
544309,545106,545108,2,797
544309,545105,545108,3,796
544309,545107,545109,2,798
544309,545107,545109,2,798
544309,545102,545109,7,793
544309,545104,545109,5,795
544309,545108,545110,2,799
544309,545109,545111,2,800
544309,545108,545111,3,799
544432,545111,545112,1,679
544309,545110,545112,2,801
544309,545110,545112,2,801
544432,545112,545113,1,680
544309,545110,545113,3,801
544432,545112,545113,1,680
544432,545113,545114,1,681
544432,545113,545114,1,681
544432,545114,545115,1,682
544432,545114,545115,1,682
544432,545114,545115,1,682
544432,545114,545115,1,682
544432,545115,545116,1,683
544432,545115,545116,1,683
544309,545110,545116,6,801
544432,545116,545117,1,684
544432,545116,545117,1,684
544432,545116,545117,1,684
544432,545113,545117,4,681
544432,545116,545117,1,684
544432,545117,545118,1,685
544432,545117,545118,1,685
544432,545118,545119,1,686
544432,545118,545119,1,686
544432,545118,545119,1,686
544432,545119,545120,1,687
544432,545120,545121,1,688
544432,545118,545122,4,686
544432,545120,545122,2,688
544432,545122,545123,1,690
544432,545117,545124,7,685
544432,545122,545124,2,690
544432,545125,545126,1,693
544432,545125,545126,1,693
544432,545123,545125,2,691
544432,545125,545126,1,693
544432,545126,545127,1,694
544432,545126,545127,1,694
544432,545122,545126,4,690
544432,545126,545127,1,694
544432,545127,545128,1,695
544432,545127,545128,1,695
544432,545128,545129,1,696
544432,545128,545129,1,696
544432,545124,545129,5,692
544432,545127,545129,2,695
544432,545127,545130,3,695
544432,545129,545130,1,697
544432,545129,545130,1,697
544432,545129,545130,1,697
544432,545130,545131,1,698
544432,545127,545131,4,695
544432,545130,545131,1,698
544432,545130,545131,1,698
544432,545129,545130,1,697
544432,545130,545131,1,698
544432,545131,545132,1,699
544432,545131,545132,1,699
544432,545131,545132,1,699
544432,545132,545133,1,700
544432,545132,545133,1,700
544432,545131,545134,3,699
544432,545131,545134,3,699
544432,545133,545134,1,701
544432,545133,545134,1,701
544432,545134,545135,1,702
544432,545134,545135,1,702
544432,545134,545135,1,702
544432,545133,545137,4,701
544432,545135,545138,3,703
544432,545132,545138,6,700
544432,545137,545138,1,705
544432,545135,545138,3,703
544432,545138,545139,1,706
544432,545138,545139,1,706
544432,545140,545141,1,708
544432,545139,545142,3,707
544432,545138,545142,4,706
544432,545142,545143,1,710
544432,545143,545144,1,711
544432,545143,545144,1,711
544432,545142,545143,1,710
544432,545143,545144,1,711
544432,545144,545145,1,712
544432,545144,545145,1,712
544432,545143,545145,2,711
544432,545145,545146,1,713
544432,545145,545146,1,713
544432,545146,545147,1,714
544432,545146,545147,1,714
544432,545146,545147,1,714
544432,545139,545147,8,707
544432,545147,545148,1,715
544432,545147,545148,1,715
544432,545144,545148,4,712
544432,545148,545149,1,716
544432,545148,545149,1,716
544432,545148,545149,1,716
544432,545145,545149,4,713
544432,545147,545149,2,715
544432,545149,545150,1,717
544432,545149,545150,1,717
544432,545150,545151,1,718
544432,545150,545151,1,718
544432,545148,545151,3,716
544432,545149,545152,3,717
544432,545151,545152,1,719
544432,545151,545152,1,719
544432,545152,545153,1,720
544432,545152,545153,1,720
544432,545150,545154,4,718
544432,545150,545154,4,718
544432,545152,545154,2,720
544432,545155,545156,1,723
544432,545155,545156,1,723
544432,545152,545156,4,720
544432,545155,545158,3,723
544557,545158,545159,1,601
544432,545156,545160,4,724
544557,545159,545160,1,602
544557,545158,545160,2,601
544432,545156,545161,5,724
544557,545160,545161,1,603
544557,545161,545162,1,604
544557,545160,545164,4,603
544557,545161,545164,3,604
544557,545160,545164,4,603
544557,545162,545163,1,605
544557,545165,545166,1,608
544557,545165,545166,1,608
544557,545166,545167,1,609
544557,545167,545168,1,610
544557,545165,545169,4,608
544557,545167,545168,1,610
544557,545168,545169,1,611
544557,545169,545170,1,612
544557,545169,545170,1,612
544557,545168,545170,2,611
544557,545171,545172,1,614
544557,545171,545172,1,614
544557,545170,545172,2,613
544557,545172,545173,1,615
544557,545169,545173,4,612
544557,545173,545174,1,616
544557,545173,545175,2,616
544557,545173,545174,1,616
544557,545174,545176,2,617
544557,545175,545177,2,618
544557,545175,545176,1,618
544557,545176,545177,1,619
544557,545176,545178,2,619
544557,545177,545178,1,620
544557,545177,545179,2,620
544557,545179,545180,1,622
544557,545178,545180,2,621
544557,545180,545181,1,623
544557,545179,545180,1,622
544557,545179,545180,1,622
544557,545181,545182,1,624
544557,545181,545182,1,624
544557,545181,545183,2,624
544557,545181,545183,2,624
544557,545183,545184,1,626
544557,545184,545186,2,627
544557,545183,545186,3,626
544557,545185,545186,1,628
544557,545186,545188,2,629
544557,545187,545188,1,630
544557,545187,545189,2,630
544557,545189,545191,2,632
544557,545189,545190,1,632
544557,545183,545192,9,626
544557,545191,545193,2,634
544557,545191,545192,1,634
544557,545190,545193,3,633
544557,545193,545195,2,636
544557,545193,545194,1,636
544557,545192,545196,4,635
544557,545195,545197,2,638
544557,545195,545196,1,638
544557,545194,545197,3,637
544557,545196,545198,2,639
544557,545197,545199,2,640
544557,545197,545198,1,640
544557,545197,545199,2,640
544557,545199,545201,2,642
544557,545199,545200,1,642
544557,545198,545201,3,641
544557,545201,545203,2,644
544557,545201,545202,1,644
544557,545200,545202,2,643
544557,545201,545203,2,644
544557,545203,545205,2,646
544557,545203,545204,1,646
544557,545203,545205,2,646
544557,545203,545205,2,646
544557,545205,545207,2,648
544557,545205,545206,1,648
544557,545205,545207,2,648
544557,545205,545208,3,648
544557,545207,545209,2,650
544557,545207,545208,1,650
544557,545208,545210,2,651
544557,545209,545210,1,652
544557,545208,545210,2,651
544557,545209,545211,2,652
544557,545210,545212,2,653
544557,545210,545211,1,653
544557,545211,545213,2,654
544557,545210,545213,3,653
544557,545212,545214,2,655
544557,545212,545214,2,655
544557,545213,545215,2,656
544557,545214,545215,1,657
544557,545215,545216,1,658
544557,545215,545216,1,658
544557,545215,545217,2,658
544557,545217,545218,1,660
544557,545216,545218,2,659
544557,545217,545218,1,660
544557,545218,545219,1,661
544557,545217,545219,2,660
544557,545219,545220,1,662
544557,545219,545220,1,662
544557,545220,545221,1,663
544557,545219,545221,2,662
544557,545221,545222,1,664
544557,545219,545222,3,662
541974,542004,545222,3218,30
544557,545222,545223,1,665
544557,545221,545223,2,664
544557,545221,545223,2,664
544557,545223,545224,1,666
544557,545223,545224,1,666
544557,545223,545224,1,666
544557,545224,545225,1,667
544557,545224,545226,2,667
544557,545224,545225,1,667
544557,545223,545226,3,666
544557,545225,545226,1,668
544557,545225,545226,1,668
544557,545226,545227,1,669
544557,545227,545228,1,670
544557,545227,545228,1,670
544557,545227,545228,1,670
544557,545227,545228,1,670
544557,545226,545228,2,669
544557,545228,545229,1,671
544557,545228,545229,1,671
544557,545229,545230,1,672
544557,545230,545231,1,673
544557,545230,545231,1,673
544557,545229,545231,2,672
544557,545229,545231,2,672
544557,545229,545231,2,672
544557,545231,545232,1,674
544557,545231,545232,1,674
544557,545232,545233,1,675
544557,545232,545234,2,675
544557,545232,545234,2,675
544557,545232,545234,2,675
544557,545232,545234,2,675
544557,545235,545236,1,678
544557,545235,545236,1,678
544821,545236,545237,1,415
544821,545236,545237,1,415
544557,545234,545236,2,677
544821,545237,545238,1,416
544821,545237,545238,1,416
544821,545237,545238,1,416
544821,545237,545238,1,416
544821,545238,545239,1,417
544821,545239,545240,1,418
544821,545239,545240,1,418
544821,545240,545241,1,419
544821,545239,545240,1,418
544821,545240,545241,1,419
544821,545241,545242,1,420
544821,545241,545242,1,420
544821,545242,545243,1,421
544821,545241,545243,2,420
544821,545242,545243,1,421
544821,545243,545244,1,422
544821,545243,545244,1,422
544821,545243,545245,2,422
544821,545244,545245,1,423
544821,545244,545245,1,423
544821,545245,545246,1,424
544821,545245,545247,2,424
544821,545246,545247,1,425
544821,545246,545247,1,425
544821,545245,545247,2,424
544821,545247,545248,1,426
544821,545247,545248,1,426
544821,545247,545249,2,426
544821,545248,545249,1,427
544821,545248,545249,1,427
544821,545248,545249,1,427
544821,545249,545250,1,428
540235,540403,545251,4848,168
544821,545249,545251,2,428
544821,545249,545250,1,428
544821,545250,545251,1,429
544821,545251,545252,1,430
544821,545250,545252,2,429
544821,545253,545254,1,432
544821,545253,545254,1,432
544821,545255,545256,1,434
544821,545255,545256,1,434
544821,545255,545256,1,434
544821,545251,545257,6,430
544821,545257,545258,1,436
544821,545257,545258,1,436
544821,545257,545259,2,436
544821,545259,545260,1,438
544821,545259,545260,1,438
544821,545259,545260,1,438
544821,545251,545261,10,430
544821,545257,545262,5,436
544821,545261,545262,1,440
544821,545261,545262,1,440
544821,545261,545263,2,440
544821,545263,545264,1,442
544821,545263,545264,1,442
544821,545263,545265,2,442
544821,545261,545265,4,440
544821,545265,545266,1,444
544821,545265,545266,1,444
544821,545265,545267,2,444
544821,545266,545267,1,445
544821,545262,545268,6,441
544821,545267,545268,1,446
544821,545268,545269,1,447
544821,545269,545270,1,448
544821,545265,545271,6,444
544821,545267,545271,4,446
544821,545270,545271,1,449
544821,545271,545272,1,450
544821,545271,545273,2,450
544821,545272,545273,1,451
544821,545273,545275,2,452
544821,545268,545275,7,447
544821,545274,545275,1,453
544821,545272,545276,4,451
544821,545274,545275,1,453
544821,545275,545277,2,454
544821,545276,545277,1,455
544821,545276,545278,2,455
544821,545276,545278,2,455
544821,545278,545279,1,457
544821,545276,545279,3,455
544821,545279,545280,1,458
544821,545280,545281,1,459
544821,545281,545282,1,460
544821,545278,545282,4,457
544821,545282,545283,1,461
544821,545282,545283,1,461
544821,545282,545284,2,461
544821,545284,545285,1,463
544821,545280,545285,5,459
544821,545284,545285,1,463
544821,545285,545286,1,464
544821,545278,545287,9,457
544821,545286,545287,1,465
544821,545286,545287,1,465
544821,545284,545287,3,463
544821,545287,545288,1,466
544821,545288,545289,1,467
544821,545289,545290,1,468
544821,545288,545290,2,467
544821,545288,545291,3,467
544821,545290,545291,1,469
544821,545290,545292,2,469
544821,545290,545292,2,469
544821,545288,545292,4,467
544821,545292,545293,1,471
544821,545292,545294,2,471
544821,545294,545295,1,473
544821,545294,545296,2,473
544821,545293,545297,4,472
544821,545292,545297,5,471
544821,545296,545298,2,475
544821,545296,545298,2,475
544821,545292,545297,5,471
544821,545297,545299,2,476
544821,545298,545300,2,477
544821,545298,545300,2,477
544821,545298,545300,2,477
544821,545298,545300,2,477
544821,545300,545302,2,479
544821,545301,545302,1,480
544821,545300,545302,2,479
544821,545302,545303,1,481
544821,545302,545304,2,481
544821,545303,545304,1,482
544821,545304,545305,1,483
544821,545303,545305,2,482
544821,545304,545306,2,483
544821,545305,545306,1,484
544821,545306,545307,1,485
544821,545307,545308,1,486
544821,545306,545308,2,485
544821,545306,545309,3,485
544821,545308,545309,1,487
544821,545308,545309,1,487
544821,545301,545309,8,480
544821,545310,545311,1,489
544821,545309,545311,2,488
544821,545310,545311,1,489
544944,545311,545312,1,367
544821,545309,545312,3,488
544821,545310,545312,2,489
544944,545312,545313,1,368
544944,545312,545313,1,368
544944,545311,545313,2,367
544944,545313,545314,1,369
544944,545313,545314,1,369
544944,545312,545314,2,368
544944,545314,545315,1,370
544944,545314,545315,1,370
544944,545313,545315,2,369
544944,545315,545316,1,371
544944,545315,545316,1,371
544944,545314,545316,2,370
544944,545316,545317,1,372
544944,545316,545317,1,372
544944,545312,545317,5,368
544944,545316,545317,1,372
544944,545317,545318,1,373
544944,545317,545318,1,373
544944,545317,545318,1,373
544944,545317,545318,1,373
544944,545318,545319,1,374
544944,545318,545319,1,374
544944,545318,545319,1,374
544944,545319,545320,1,375
544944,545319,545320,1,375
544944,545319,545320,1,375
544944,545320,545321,1,376
544944,545320,545321,1,376
544944,545322,545323,1,378
544944,545322,545323,1,378
544944,545320,545324,4,376
544944,545325,545326,1,381
544944,545324,545325,1,380
544944,545324,545325,1,380
544944,545326,545327,1,382
544944,545327,545328,1,383
544944,545326,545328,2,382
544944,545326,545328,2,382
544944,545328,545329,1,384
544944,545329,545330,1,385
544944,545328,545329,1,384
544944,545328,545330,2,384
544944,545330,545331,1,386
544944,545330,545331,1,386
544944,545327,545331,4,383
544944,545330,545332,2,386
544944,545330,545331,1,386
544944,545331,545332,1,387
544944,545332,545333,1,388
544944,545332,545333,1,388
544944,545332,545334,2,388
544944,545332,545333,1,388
544944,545333,545334,1,389
544944,545333,545334,1,389
544944,545334,545335,1,390
544944,545334,545335,1,390
544944,545332,545336,4,388
544944,545334,545336,2,390
544944,545334,545336,2,390
544944,545335,545336,1,391
544944,545335,545336,1,391
544944,545336,545337,1,392
544944,545336,545337,1,392
544944,545336,545337,1,392
544944,545336,545337,1,392
544944,545336,545338,2,392
544944,545337,545338,1,393
544944,545337,545338,1,393
544944,545338,545339,1,394
544944,545338,545340,2,394
544944,545338,545340,2,394
544944,545337,545340,3,393
544944,545341,545342,1,397
544944,545340,545343,3,396
544944,545340,545343,3,396
544944,545344,545345,1,400
544944,545344,545345,1,400
544944,545345,545346,1,401
544944,545342,545347,5,398
544944,545345,545347,2,401
544944,545345,545347,2,401
544944,545347,545348,1,403
544944,545347,545348,1,403
544944,545347,545348,1,403
544944,545348,545349,1,404
544944,545348,545349,1,404
544944,545348,545349,1,404
544944,545349,545350,1,405
544944,545349,545350,1,405
544944,545350,545351,1,406
544944,545349,545351,2,405
544944,545349,545351,2,405
544944,545348,545352,4,404
544944,545351,545352,1,407
544944,545351,545352,1,407
544944,545352,545353,1,408
544944,545352,545353,1,408
544944,545352,545353,1,408
544944,545352,545353,1,408
544944,545352,545353,1,408
544944,545353,545354,1,409
544944,545353,545354,1,409
544944,545354,545355,1,410
544944,545354,545355,1,410
544944,545353,545355,2,409
544944,545353,545356,3,409
544944,545355,545356,1,411
544944,545355,545356,1,411
544944,545354,545356,2,410
544944,545356,545357,1,412
544944,545356,545357,1,412
544944,545356,545357,1,412
544944,545356,545357,1,412
544944,545357,545358,1,413
544959,545357,545358,1,398
544944,545357,545359,2,413
544959,545358,545359,1,399
544959,545358,545360,2,399
544944,545357,545361,4,413
544959,545360,545361,1,401
544959,545359,545362,3,400
544959,545360,545363,3,401
544959,545361,545363,2,402
544959,545362,545363,1,403
544959,545364,545365,1,405
544959,545362,545365,3,403
544959,545363,545366,3,404
544959,545365,545367,2,406
544959,545366,545367,1,407
544959,545363,545368,5,404
544959,545366,545369,3,407
544959,545367,545369,2,408
544959,545368,545369,1,409
544959,545369,545371,2,410
544959,545370,545371,1,411
544959,545369,545372,3,410
544959,545368,545373,5,409
544959,545371,545373,2,412
544959,545372,545373,1,413
544959,545373,545375,2,414
544959,545374,545375,1,415
544959,545373,545377,4,414
544959,545374,545377,3,415
544959,545375,545377,2,416
544959,545376,545378,2,417
544959,545377,545379,2,418
544959,545377,545378,1,418
544959,545378,545380,2,419
544959,545377,545382,5,418
544959,545380,545382,2,421
544959,545379,545382,3,420
544959,545379,545382,3,420
544959,545382,545384,2,423
544959,545383,545384,1,424
544959,545383,545385,2,424
544959,545383,545384,1,424
544959,545385,545386,1,426
544959,545387,545388,1,428
544959,545385,545388,3,426
544959,545385,545388,3,426
544959,545384,545389,5,425
544959,545389,545390,1,430
544959,545389,545391,2,430
544959,545390,545391,1,431
544959,545389,545391,2,430
544959,545391,545392,1,432
544959,545391,545395,4,432
544959,545394,545395,1,435
544959,545392,545395,3,433
544959,545392,545396,4,433
544959,545396,545398,2,437
544959,545395,545398,3,436
544959,545396,545398,2,437
544959,545399,545401,2,440
544959,545397,545401,4,438
544959,545399,545402,3,440
544959,545399,545402,3,440
544959,545401,545404,3,442
544959,545402,545404,2,443
544959,545404,545406,2,445
544959,545403,545407,4,444
544959,545403,545407,4,444
544959,545405,545407,2,446
541962,542004,545409,3405,42
544959,545407,545410,3,448
544959,545407,545410,3,448
544959,545407,545411,4,448
544959,545410,545411,1,451
544959,545410,545413,3,451
544959,545408,545413,5,449
544959,545411,545412,1,452
544959,545412,545413,1,453
544959,545410,545414,4,451
544959,545413,545415,2,454
544959,545414,545416,2,455
544959,545413,545416,3,454
544959,545415,545417,2,456
544959,545415,545417,2,456
544959,545413,545417,4,454
544959,545416,545418,2,457
544959,545417,545419,2,458
544959,545418,545419,1,459
544959,545417,545421,4,458
544959,545418,545420,2,459
544959,545418,545420,2,459
544959,545419,545421,2,460
544959,545420,545422,2,461
544959,545421,545423,2,462
544959,545421,545423,2,462
544959,545421,545424,3,462
544959,545422,545423,1,463
544959,545421,545424,3,462
544959,545423,545425,2,464
544959,545424,545426,2,465
544959,545425,545426,1,466
544959,545424,545427,3,465
544959,545426,545427,1,467
544959,545424,545428,4,465
544959,545425,545428,3,466
544959,545427,545429,2,468
544959,545428,545430,2,469
544959,545429,545431,2,470
544959,545429,545430,1,470
544959,545428,545432,4,469
544959,545429,545432,3,470
544959,545430,545432,2,471
544959,545432,545433,1,473
544959,545431,545433,2,472
544959,545433,545434,1,474
544959,545433,545434,1,474
544959,545432,545435,3,473
544959,545432,545436,4,473
544959,545435,545436,1,476
544959,545435,545436,1,476
544959,545436,545438,2,477
544959,545436,545438,2,477
544959,545437,545438,1,478
544959,545437,545438,1,478
544959,545439,545440,1,480
544959,545439,545440,1,480
544959,545433,545442,9,474
544959,545438,545442,4,479
544959,545438,545442,4,479
544959,545441,545442,1,482
544959,545441,545442,1,482
544959,545443,545444,1,484
544959,545443,545444,1,484
544959,545442,545445,3,483
544959,545442,545444,2,483
544959,545442,545445,3,483
544959,545445,545447,2,486
544959,545445,545446,1,486
544959,545445,545447,2,486
544959,545447,545448,1,488
544959,545447,545448,1,488
544959,545446,545448,2,487
544959,545445,545450,5,486
544959,545449,545451,2,490
544959,545449,545451,2,490
544959,545448,545451,3,489
544959,545449,545452,3,490
544959,545451,545453,2,492
544959,545451,545453,2,492
544959,545451,545453,2,492
544959,545453,545454,1,494
544959,545452,545454,2,493
544959,545453,545454,1,494
544959,545454,545455,1,495
544959,545452,545455,3,493
544959,545454,545455,1,495
544959,545455,545456,1,496
544959,545456,545458,2,497
544959,545456,545457,1,497
544959,545456,545458,2,497
544959,545455,545459,4,496
544959,545456,545459,3,497
544959,545458,545459,1,499
544959,545458,545459,1,499
544959,545460,545461,1,501
544959,545460,545461,1,501
544959,545460,545461,1,501
544959,545459,545461,2,500
544959,545461,545462,1,502
544959,545461,545462,1,502
544959,545462,545463,1,503
544959,545462,545463,1,503
544959,545460,545463,3,501
544959,545462,545464,2,503
544959,545462,545464,2,503
544959,545463,545464,1,504
544959,545464,545466,2,505
544959,545465,545466,1,506
544959,545465,545466,1,506
544959,545464,545467,3,505
544959,545464,545466,2,505
544959,545466,545468,2,507
544959,545467,545468,1,508
544959,545467,545468,1,508
544959,545467,545469,2,508
544959,545470,545471,1,511
544959,545467,545471,4,508
544959,545468,545471,3,509
544959,545471,545472,1,512
544959,545471,545472,1,512
544959,545471,545473,2,512
544959,545471,545473,2,512
544959,545469,545472,3,510
544959,545472,545473,1,513
544959,545473,545474,1,514
544959,545474,545475,1,515
544959,545473,545475,2,514
544959,545475,545477,2,516
544959,545473,545477,4,514
544959,545473,545477,4,514
544959,545476,545478,2,517
544959,545476,545479,3,517
544959,545477,545479,2,518
544959,545478,545479,1,519
544959,545477,545480,3,518
544959,545477,545480,3,518
544959,545480,545481,1,521
544959,545480,545482,2,521
544959,545479,545483,4,520
544959,545482,545483,1,523
544959,545482,545483,1,523
544959,545480,545484,4,521
544959,545480,545484,4,521
544959,545484,545486,2,525
544959,545484,545486,2,525
544959,545484,545486,2,525
544959,545485,545487,2,526
544959,545486,545488,2,527
544959,545486,545488,2,527
544959,545487,545488,1,528
544959,545485,545488,3,526
544959,545488,545490,2,529
544959,545488,545490,2,529
544959,545488,545490,2,529
544959,545489,545490,1,530
544959,545490,545492,2,531
544959,545490,545492,2,531
544959,545489,545492,3,530
544959,545492,545494,2,533
544959,545492,545494,2,533
544959,545491,545494,3,532
544959,545491,545494,3,532
544959,545493,545495,2,534
544959,545494,545496,2,535
544959,545494,545496,2,535
544959,545495,545497,2,536
544959,545495,545497,2,536
544959,545497,545498,1,538
544959,545497,545498,1,538
544959,545496,545499,3,537
544959,545499,545500,1,540
544959,545499,545500,1,540
544959,545497,545502,5,538
544959,545498,545501,3,539
544959,545501,545502,1,542
544959,545501,545502,1,542
544959,545500,545503,3,541
544959,545502,545504,2,543
544959,545502,545504,2,543
544959,545503,545504,1,544
544959,545503,545504,1,544
544959,545504,545506,2,545
544959,545505,545506,1,546
544959,545505,545506,1,546
544959,545506,545507,1,547
544959,545504,545507,3,545
544959,545504,545507,3,545
544959,545507,545508,1,548
544959,545508,545509,1,549
544959,545506,545508,2,547
544959,545509,545510,1,550
544959,545508,545511,3,549
544959,545510,545512,2,551
544959,545508,545512,4,549
544959,545510,545513,3,551
544959,545511,545513,2,552
544959,545512,545514,2,553
544959,545511,545513,2,552
544959,545513,545514,1,554
544959,545512,545515,3,553
544959,545514,545516,2,555
544959,545513,545517,4,554
544959,545515,545517,2,556
544959,545516,545518,2,557
544959,545515,545519,4,556
544959,545517,545519,2,558
544959,545514,545519,5,555
544959,545518,545520,2,559
544959,545517,545521,4,558
544959,545519,545521,2,560
544959,545519,545521,2,560
544959,545520,545522,2,561
544959,545521,545523,2,562
544959,545520,545523,3,561
544959,545521,545523,2,562
544959,545522,545524,2,563
544959,545521,545525,4,562
544959,545523,545525,2,564
544959,545523,545525,2,564
544959,545523,545526,3,564
544959,545524,545526,2,565
544959,545526,545527,1,567
544959,545526,545528,2,567
544959,545527,545528,1,568
544959,545528,545529,1,569
544959,545526,545530,4,567
544959,545527,545530,3,568
544959,545529,545531,2,570
545369,545530,545531,1,161
545369,545530,545532,2,161
545369,545532,545533,1,163
545369,545533,545534,1,164
545369,545531,545534,3,162
545369,545532,545534,2,163
545369,545532,545535,3,163
545369,545534,545535,1,165
545369,545535,545538,3,166
545369,545535,545538,3,166
545369,545535,545539,4,166
545369,545537,545539,2,168
545369,545539,545541,2,170
545369,545539,545541,2,170
545369,545539,545542,3,170
545369,545539,545542,3,170
545369,545541,545543,2,172
545369,545542,545544,2,173
545369,545543,545545,2,174
545369,545545,545547,2,176
545369,545541,545547,6,172
545369,545545,545547,2,176
545369,545547,545549,2,178
545369,545548,545549,1,179
545369,545548,545550,2,179
545369,545549,545551,2,180
545369,545551,545553,2,182
545369,545552,545554,2,183
545369,545550,545555,5,181
545369,545554,545557,3,185
545369,545554,545556,2,185
545369,545557,545559,2,188
545369,545558,545559,1,189
545369,545555,545559,4,186
545369,545557,545559,2,188
545369,545559,545561,2,190
545369,545560,545561,1,191
545369,545560,545561,1,191
545369,545560,545562,2,191
545369,545561,545563,2,192
545369,545562,545563,1,193
545369,545562,545565,3,193
545369,545564,545565,1,195
545369,545564,545566,2,195
545369,545562,545567,5,193
545369,545566,545567,1,197
545369,545566,545567,1,197
545369,545567,545569,2,198
545369,545567,545569,2,198
545369,545568,545569,1,199
545369,545568,545570,2,199
545369,545570,545573,3,201
545369,545570,545572,2,201
545369,545571,545573,2,202
545369,545571,545573,2,202
545369,545573,545575,2,204
545369,545574,545576,2,205
545369,545574,545576,2,205
545369,545573,545578,5,204
545369,545576,545579,3,207
545369,545577,545579,2,208
545369,545577,545580,3,208
545369,545579,545582,3,210
545369,545580,545583,3,211
545369,545578,545582,4,209
545369,545580,545583,3,211
545369,545584,545586,2,215
545369,545583,545586,3,214
545369,545583,545586,3,214
545369,545583,545585,2,214
545369,545586,545588,2,217
545369,545586,545589,3,217
545369,545586,545590,4,217
545369,545588,545591,3,219
545369,545586,545591,5,217
545369,545589,545591,2,220
545369,545590,545593,3,221
545369,545592,545594,2,223
545369,545592,545595,3,223
545369,545592,545595,3,223
545369,545593,545595,2,224
545369,545594,545597,3,225
545369,545595,545598,3,226
545369,545595,545598,3,226
545369,545596,545599,3,227
545369,545597,545599,2,228
545369,545598,545601,3,229
545369,545598,545601,3,229
545369,545599,545602,3,230
545369,545600,545604,4,231
545369,545601,545604,3,232
545369,545601,545604,3,232
545369,545604,545606,2,235
545369,545604,545606,2,235
545369,545604,545607,3,235
545369,545605,545607,2,236
545369,545606,545608,2,237
545369,545607,545609,2,238
545369,545607,545610,3,238
545369,545608,545610,2,239
545369,545608,545610,2,239
545369,545609,545611,2,240
545369,545610,545612,2,241
545369,545610,545612,2,241
545369,545611,545613,2,242
545369,545613,545614,1,244
545369,545612,545614,2,243
545369,545612,545615,3,243
545369,545615,545616,1,246
545369,545614,545616,2,245
545369,545615,545617,2,246
545369,545616,545618,2,247
545369,545617,545618,1,248
545369,545617,545619,2,248
545369,545619,545621,2,250
545369,545618,545620,2,249
545369,545619,545621,2,250
545369,545621,545622,1,252
545369,545620,545622,2,251
545369,545621,545623,2,252
545369,545622,545624,2,253
545369,545623,545624,1,254
545369,545623,545626,3,254
545369,545625,545626,1,256
545369,545624,545626,2,255
545369,545625,545627,2,256
545369,545627,545628,1,258
545369,545626,545628,2,257
545369,545629,545630,1,260
545369,545627,545630,3,258
545369,545628,545631,3,259
545369,545629,545632,3,260
545369,545631,545632,1,262
545369,545631,545634,3,262
545369,545633,545634,1,264
545369,545632,545635,3,263
545369,545632,545635,3,263
545369,545635,545637,2,266
545369,545634,545637,3,265
545369,545635,545638,3,266
545369,545636,545638,2,267
545369,545637,545638,1,268
545369,545639,545641,2,270
545369,545637,545641,4,268
545369,545638,545641,3,269
545369,545639,545642,3,270
545369,545641,545643,2,272
545369,545641,545644,3,272
545369,545642,545644,2,273
545369,545643,545644,1,274
545369,545645,545646,1,276
545369,545645,545646,1,276
545369,545643,545646,3,274
545369,545646,545647,1,277
545369,545645,545647,2,276
545369,545647,545648,1,278
545369,545647,545649,2,278
545369,545648,545649,1,279
545369,545649,545651,2,280
545369,545650,545652,2,281
545369,545649,545651,2,280
545369,545652,545654,2,283
545369,545652,545654,2,283
545369,545652,545654,2,283
545369,545654,545655,1,285
545369,545654,545656,2,285
545369,545654,545656,2,285
545369,545654,545656,2,285
545369,545656,545657,1,287
545369,545657,545658,1,288
545369,545656,545658,2,287
545369,545656,545658,2,287
545369,545656,545657,1,287
545369,545658,545659,1,289
545369,545659,545660,1,290
545369,545658,545660,2,289
545369,545658,545661,3,289
545369,545660,545661,1,291
545369,545658,545661,3,289
545369,545661,545662,1,292
545369,545660,545662,2,291
545369,545661,545663,2,292
545369,545662,545663,1,293
545369,545661,545665,4,292
545369,545662,545665,3,293
545369,545663,545665,2,294
545369,545664,545665,1,295
545369,545665,545667,2,296
545369,545665,545667,2,296
545369,545666,545667,1,297
545369,545665,545669,4,296
545369,545668,545670,2,299
545369,545667,545670,3,298
545369,545670,545672,2,301
545369,545669,545672,3,300
545369,545668,545672,4,299
545369,545672,545674,2,303
545369,545671,545675,4,302
545369,545672,545675,3,303
545369,545673,545676,3,304
545369,545674,545676,2,305
545369,545676,545677,1,307
545369,545676,545678,2,307
545369,545677,545678,1,308
545369,545676,545679,3,307
545369,545679,545680,1,310
545369,545678,545680,2,309
545369,545681,545682,1,312
545369,545678,545682,4,309
545369,545680,545682,2,311
545369,545682,545683,1,313
545369,545681,545683,2,312
545369,545684,545685,1,315
545369,545683,545685,2,314
545369,545682,545686,4,313
545369,545686,545687,1,317
545369,545684,545688,4,315
545369,545686,545688,2,317
545369,545688,545689,1,319
545369,545686,545688,2,317
545369,545688,545691,3,319
545369,545689,545690,1,320
545369,545689,545691,2,320
545369,545691,545693,2,322
545369,545691,545692,1,322
545369,545688,545691,3,319
545369,545692,545694,2,323
545369,545693,545694,1,324
545369,545693,545696,3,324
545369,545694,545696,2,325
545369,545695,545696,1,326
545369,545695,545697,2,326
545369,545696,545698,2,327
545369,545697,545698,1,328
545369,545697,545700,3,328
545369,545698,545700,2,329
545369,545699,545700,1,330
545369,545699,545702,3,330
545369,545701,545702,1,332
545369,545701,545703,2,332
545369,545703,545704,1,334
540886,540954,545705,4751,68
545369,545701,545704,3,332
545369,545702,545704,2,333
545369,545704,545706,2,335
545369,545704,545705,1,335
545369,545705,545707,2,336
545369,545705,545707,2,336
545369,545706,545707,1,337
545369,545705,545707,2,336
545369,545706,545708,2,337
545369,545707,545708,1,338
545369,545709,545710,1,340
545369,545708,545711,3,339
545369,545708,545711,3,339
545369,545711,545712,1,342
545369,545707,545714,7,338
545369,545711,545714,3,342
545369,545711,545714,3,342
545369,545713,545714,1,344
545369,545707,545715,8,338
545369,545715,545716,1,346
545369,545715,545717,2,346
545369,545715,545717,2,346
545369,545717,545718,1,348
545369,545718,545719,1,349
545369,545718,545720,2,349
545369,545719,545720,1,350
545369,545714,545716,2,345
545369,545721,545722,1,352
545369,545720,545723,3,351
545369,545721,545723,2,352
545369,545723,545724,1,354
545369,545715,545724,9,346
545369,545722,545724,2,353
545369,545724,545726,2,355
545369,545724,545725,1,355
545369,545724,545726,2,355
545369,545724,545726,2,355
545369,545726,545727,1,357
540897,540955,545728,4773,58
545369,545726,545729,3,357
545369,545727,545729,2,358
545369,545728,545729,1,359
545369,545725,545730,5,356
545369,545729,545731,2,360
545369,545730,545731,1,361
545369,545726,545732,6,357
545369,545730,545732,2,361
545369,545730,545732,2,361
545369,545732,545734,2,363
545369,545732,545734,2,363
545392,545734,545735,1,342
545392,545735,545736,1,343
545369,545732,545736,4,363
545369,545728,545735,7,359
545392,545735,545737,2,343
545392,545736,545737,1,344
545392,545736,545738,2,344
545392,545736,545738,2,344
545369,545732,545739,7,363
545392,545738,545739,1,346
545392,545738,545740,2,346
545392,545738,545740,2,346
545392,545739,545741,2,347
545392,545740,545741,1,348
545392,545741,545742,1,349
545392,545741,545743,2,349
545392,545740,545744,4,348
545392,545742,545744,2,350
545392,545745,545746,1,353
545392,545744,545747,3,352
545392,545738,545747,9,346
545392,545741,545748,7,349
545392,545744,545748,4,352
545392,545747,545748,1,355
545392,545748,545750,2,356
545392,545748,545750,2,356
545392,545748,545750,2,356
545392,545749,545750,1,357
545392,545748,545750,2,356
545392,545751,545752,1,359
545392,545752,545753,1,360
545392,545751,545753,2,359
545392,545750,545754,4,358
545392,545754,545755,1,362
545392,545755,545756,1,363
545392,545754,545756,2,362
545392,545756,545757,1,364
545392,545758,545759,1,366
545392,545750,545756,6,358
545392,545757,545760,3,365
545392,545759,545760,1,367
545392,545750,545760,10,358
545392,545759,545761,2,367
545392,545757,545761,4,365
545392,545761,545762,1,369
545392,545761,545763,2,369
545392,545761,545763,2,369
545392,545763,545764,1,371
545392,545765,545766,1,373
545392,545764,545767,3,372
545392,545765,545767,2,373
545392,545767,545769,2,375
545392,545761,545766,5,369
545392,545761,545770,9,369
545392,545768,545770,2,376
545392,545769,545771,2,377
545392,545769,545772,3,377
545392,545770,545773,3,378
545392,545770,545772,2,378
545392,545772,545774,2,380
545392,545771,545775,4,379
545392,545773,545775,2,381
545392,545774,545776,2,382
545392,545775,545777,2,383
545392,545776,545778,2,384
545392,545776,545778,2,384
545392,545773,545779,6,381
545392,545773,545779,6,381
545392,545778,545780,2,386
545392,545779,545781,2,387
545392,545779,545782,3,387
545392,545780,545782,2,388
545392,545778,545782,4,386
545392,545782,545784,2,390
545392,545783,545785,2,391
545392,545782,545785,3,390
545392,545779,545781,2,387
545392,545785,545786,1,393
545392,545781,545786,5,389
545392,545785,545788,3,393
545392,545787,545788,1,395
545392,545785,545789,4,393
545392,545787,545790,3,395
545392,545788,545791,3,396
545392,545790,545792,2,398
545392,545791,545794,3,399
545392,545791,545794,3,399
545392,545787,545791,4,395
545392,545794,545796,2,402
545392,545792,545796,4,400
545392,545794,545797,3,402
545392,545790,545796,6,398
545392,545796,545798,2,404
545392,545794,545799,5,402
545392,545797,545799,2,405
545392,545799,545801,2,407
545392,545800,545802,2,408
545392,545800,545802,2,408
545392,545797,545803,6,405
545392,545803,545804,1,411
545392,545802,545804,2,410
542357,542534,545806,3272,177
545392,545805,545806,1,413
545392,545802,545806,4,410
545392,545805,545807,2,413
545392,545801,545807,6,409
545392,545806,545808,2,414
545392,545803,545809,6,411
545392,545807,545809,2,415
545392,545808,545810,2,416
545392,545807,545811,4,415
545392,545810,545811,1,418
545392,545808,545812,4,416
545392,545811,545812,1,419
545392,545811,545813,2,419
545392,545808,545810,2,416
545392,545809,545814,5,417
545392,545813,545814,1,421
545392,545812,545814,2,420
545392,545812,545814,2,420
545392,545815,545816,1,423
545392,545815,545816,1,423
545392,545817,545818,1,425
545392,545815,545819,4,423
545392,545814,545819,5,422
545392,545815,545819,4,423
545392,545817,545820,3,425
545392,545815,545820,5,423
545392,545819,545820,1,427
545392,545820,545821,1,428
545392,545819,545822,3,427
545392,545821,545822,1,429
545392,545819,545822,3,427
545392,545823,545824,1,431
545392,545822,545825,3,430
545392,545823,545825,2,431
545392,545822,545826,4,430
545392,545820,545822,2,428
545392,545825,545826,1,433
545392,545825,545826,1,433
545392,545821,545827,6,429
545392,545826,545828,2,434
545392,545827,545828,1,435
545392,545826,545829,3,434
545392,545827,545830,3,435
542363,542547,545830,3283,184
545392,545829,545830,1,437
545392,545826,545829,3,434
545392,545827,545829,2,435
545392,545829,545832,3,437
545392,545830,545832,2,438
545392,545831,545833,2,439
545392,545831,545833,2,439
545392,545828,545833,5,436
545404,545833,545834,1,429
545404,545833,545834,1,429
545404,545834,545835,1,430
545404,545832,545834,2,428
545404,545833,545835,2,429
545404,545832,545835,3,428
545404,545834,545835,1,430
545404,545835,545836,1,431
545392,545832,545835,3,440
545404,545836,545837,1,432
545404,545836,545837,1,432
545404,545835,545837,2,431
545404,545835,545837,2,431
545404,545835,545837,2,431
545404,545837,545838,1,433
545404,545837,545838,1,433
545404,545837,545838,1,433
545404,545837,545839,2,433
545404,545838,545839,1,434
545404,545838,545839,1,434
545404,545837,545839,2,433
545404,545839,545840,1,435
545404,545839,545840,1,435
545404,545839,545840,1,435
545404,545838,545840,2,434
545404,545842,545843,1,438
545404,545841,545842,1,437
545404,545841,545843,2,437
545404,545839,545843,4,435
545404,545843,545844,1,439
545404,545844,545845,1,440
545404,545843,545845,2,439
545404,545843,545845,2,439
545404,545844,545845,1,440
545404,545845,545846,1,441
545404,545846,545847,1,442
545404,545846,545847,1,442
545404,545846,545847,1,442
545404,545847,545848,1,443
545404,545845,545848,3,441
545404,545844,545848,4,440
545404,545848,545849,1,444
545404,545848,545849,1,444
545404,545841,545850,9,437
545404,545848,545851,3,444
545404,545848,545852,4,444
545404,545850,545852,2,446
545404,545850,545851,1,446
545404,545850,545853,3,446
545404,545852,545853,1,448
545404,545852,545853,1,448
545404,545851,545854,3,447
545404,545852,545854,2,448
545404,545849,545854,5,445
545404,545854,545855,1,450
545404,545854,545855,1,450
545404,545853,545856,3,449
545404,545855,545857,2,451
545404,545856,545857,1,452
545404,545856,545857,1,452
545404,545855,545858,3,451
545404,545855,545858,3,451
545404,545857,545860,3,453
545404,545858,545860,2,454
545404,545858,545859,1,454
545404,545858,545860,2,454
545404,545859,545860,1,455
545404,545859,545861,2,455
545404,545860,545861,1,456
545404,545860,545862,2,456
545404,545861,545863,2,457
545404,545860,545863,3,456
545404,545861,545864,3,457
545404,545862,545863,1,458
545404,545862,545864,2,458
545404,545863,545866,3,459
545404,545862,545865,3,458
545404,545864,545865,1,460
545404,545863,545866,3,459
545404,545864,545865,1,460
545404,545864,545865,1,460
545404,545866,545867,1,462
545404,545866,545867,1,462
545404,545866,545868,2,462
545404,545866,545868,2,462
545404,545866,545869,3,462
545404,545868,545870,2,464
545404,545868,545870,2,464
545404,545866,545870,4,462
545404,545868,545871,3,464
545404,545869,545871,2,465
545404,545869,545872,3,465
545404,545871,545872,1,467
545404,545871,545872,1,467
545404,545871,545873,2,467
545404,545873,545874,1,469
545404,545872,545875,3,468
545404,545871,545875,4,467
545404,545872,545875,3,468
545404,545874,545875,1,470
545404,545873,545876,3,469
545404,545875,545876,1,471
545404,545875,545877,2,471
545404,545876,545877,1,472
545404,545875,545877,2,471
545404,545875,545878,3,471
545404,545876,545878,2,472
545404,545877,545878,1,473
545404,545878,545879,1,474
545404,545879,545880,1,475
545404,545878,545881,3,474
545404,545878,545881,3,474
545404,545880,545881,1,476
545404,545877,545881,4,473
545404,545879,545882,3,475
545404,545881,545882,1,477
545404,545882,545884,2,478
545404,545882,545883,1,478
545404,545881,545884,3,477
545404,545882,545884,2,478
545404,545883,545884,1,479
545404,545883,545884,1,479
545404,545884,545886,2,480
545404,545884,545885,1,480
545404,545884,545886,2,480
545404,545885,545886,1,481
545404,545886,545887,1,482
545404,545885,545887,2,481
545404,545885,545887,2,481
545404,545887,545888,1,483
545404,545887,545888,1,483
545404,545888,545889,1,484
545404,545886,545890,4,482
545404,545887,545889,2,483
545404,545888,545890,2,484
545404,545889,545890,1,485
545404,545889,545890,1,485
545404,545890,545892,2,486
545404,545890,545893,3,486
545404,545891,545892,1,487
545404,545891,545893,2,487
542360,542536,545893,3357,176
545404,545890,545893,3,486
545527,545893,545894,1,366
545527,545893,545894,1,366
545404,545891,545894,3,487
545527,545894,545895,1,367
545404,545893,545894,1,489
545527,545894,545895,1,367
545527,545894,545895,1,367
545527,545895,545896,1,368
545404,545892,545896,4,488
545527,545894,545896,2,367
545527,545895,545896,1,368
545527,545895,545896,1,368
545527,545895,545896,1,368
545527,545896,545897,1,369
545527,545896,545897,1,369
545527,545896,545897,1,369
545527,545897,545898,1,370
545527,545895,545897,2,368
545527,545896,545898,2,369
545527,545897,545898,1,370
545527,545897,545898,1,370
545527,545898,545899,1,371
545527,545898,545899,1,371
545527,545896,545899,3,369
545527,545899,545900,1,372
545527,545898,545900,2,371
545527,545897,545899,2,370
545527,545900,545901,1,373
545527,545899,545900,1,372
545527,545901,545902,1,374
545527,545901,545902,1,374
545527,545899,545901,2,372
545527,545900,545902,2,373
545527,545900,545902,2,373
545527,545902,545903,1,375
545527,545902,545903,1,375
545527,545903,545904,1,376
545527,545901,545904,3,374
545527,545902,545904,2,375
545527,545902,545904,2,375
545527,545904,545905,1,377
545527,545904,545905,1,377
545527,545905,545906,1,378
545527,545904,545905,1,377
545527,545905,545906,1,378
545527,545903,545905,2,376
545527,545904,545906,2,377
545527,545904,545906,2,377
545527,545906,545907,1,379
545527,545906,545907,1,379
545527,545906,545907,1,379
545527,545907,545908,1,380
545527,545907,545908,1,380
545527,545907,545908,1,380
545527,545906,545908,2,379
545527,545906,545908,2,379
545527,545908,545909,1,381
545527,545908,545909,1,381
545527,545908,545909,1,381
545527,545909,545910,1,382
545527,545909,545910,1,382
545527,545906,545909,3,379
545527,545909,545910,1,382
545527,545907,545909,2,380
545527,545908,545910,2,381
545527,545908,545910,2,381
545527,545910,545911,1,383
545527,545910,545911,1,383
545527,545910,545911,1,383
545527,545910,545911,1,383
545527,545911,545912,1,384
545527,545911,545912,1,384
545527,545910,545911,1,383
545527,545911,545912,1,384
545527,545911,545912,1,384
545527,545912,545913,1,385
545527,545912,545913,1,385
545527,545912,545913,1,385
545527,545910,545913,3,383
545527,545912,545913,1,385
545527,545913,545914,1,386
545527,545913,545914,1,386
545527,545913,545914,1,386
545527,545913,545915,2,386
545527,545914,545915,1,387
545527,545914,545915,1,387
545527,545914,545915,1,387
545527,545914,545915,1,387
545527,545912,545914,2,385
545527,545915,545916,1,388
545527,545915,545916,1,388
545527,545916,545917,1,389
545527,545915,545917,2,388
545527,545916,545917,1,389
545527,545916,545917,1,389
545527,545916,545917,1,389
545527,545914,545918,4,387
545527,545917,545919,2,390
545527,545918,545919,1,391
545527,545919,545920,1,392
545527,545918,545919,1,391
545527,545918,545919,1,391
545527,545920,545921,1,393
545527,545921,545922,1,394
545527,545920,545922,2,393
545527,545920,545923,3,393
545527,545922,545923,1,395
545527,545923,545924,1,396
545527,545924,545925,1,397
545527,545924,545925,1,397
545527,545923,545925,2,396
545527,545924,545925,1,397
545527,545925,545926,1,398
545527,545925,545926,1,398
545527,545924,545926,2,397
545527,545926,545927,1,399
545527,545923,545927,4,396
545527,545926,545927,1,399
545527,545926,545928,2,399
545660,545927,545928,1,267
545660,545926,545927,1,266
545660,545928,545929,1,268
545660,545928,545929,1,268
545660,545927,545929,2,267
545660,545928,545929,1,268
545660,545929,545930,1,269
545660,545929,545930,1,269
545660,545928,545930,2,268
545660,545928,545930,2,268
545660,545930,545931,1,270
545660,545930,545931,1,270
545660,545930,545932,2,270
545660,545931,545932,1,271
545660,545931,545932,1,271
545660,545931,545932,1,271
545660,545932,545933,1,272
545660,545932,545933,1,272
545660,545930,545933,3,270
545660,545933,545934,1,273
545660,545933,545934,1,273
545660,545933,545935,2,273
545660,545932,545934,2,272
545660,545932,545934,2,272
545660,545934,545935,1,274
545660,545934,545935,1,274
545660,545934,545935,1,274
545660,545935,545936,1,275
545660,545935,545936,1,275
545660,545935,545936,1,275
545660,545935,545937,2,275
545660,545935,545936,1,275
545660,545936,545937,1,276
545660,545936,545937,1,276
545660,545936,545937,1,276
545660,545937,545938,1,277
545660,545937,545938,1,277
545660,545936,545938,2,276
545660,545938,545939,1,278
545660,545938,545939,1,278
545660,545937,545939,2,277
545660,545939,545940,1,279
545660,545939,545940,1,279
545660,545939,545941,2,279
545660,545940,545941,1,280
545660,545938,545941,3,278
545660,545940,545941,1,280
545660,545941,545943,2,281
545660,545940,545942,2,280
545660,545941,545942,1,281
545660,545943,545944,1,283
545660,545943,545944,1,283
545660,545942,545944,2,282
545660,545944,545945,1,284
545660,545942,545945,3,282
545660,545943,545945,2,283
545660,545945,545947,2,285
545660,545944,545947,3,284
545660,545947,545948,1,287
545660,545946,545948,2,286
545660,545947,545948,1,287
545660,545947,545949,2,287
545660,545949,545950,1,289
545660,545946,545949,3,286
545660,545950,545951,1,290
545660,545948,545951,3,288
545660,545948,545951,3,288
545660,545951,545952,1,291
545660,545950,545951,1,290
545660,545950,545951,1,290
545660,545949,545952,3,289
545660,545951,545952,1,291
545660,545952,545953,1,292
545660,545951,545953,2,291
545660,545953,545954,1,293
545660,545952,545953,1,292
545660,545952,545953,1,292
545660,545952,545954,2,292
545660,545954,545955,1,294
545660,545953,545955,2,293
545660,545952,545955,3,292
545660,545955,545956,1,295
545660,545954,545955,1,294
545660,545954,545955,1,294
545660,545954,545956,2,294
545660,545955,545956,1,295
545660,545956,545957,1,296
545660,545956,545957,1,296
545660,545957,545958,1,297
545660,545956,545958,2,296
545660,545958,545959,1,298
545660,545955,545958,3,295
545660,545957,545958,1,297
545660,545957,545959,2,297
545660,545956,545959,3,296
545660,545959,545960,1,299
545660,545959,545961,2,299
545660,545959,545960,1,299
545660,545958,545961,3,298
545660,545960,545961,1,300
545660,545961,545962,1,301
545660,545962,545963,1,302
545660,545961,545963,2,301
545660,545961,545963,2,301
545660,545961,545963,2,301
545660,545960,545963,3,300
545660,545963,545964,1,303
545660,545962,545964,2,302
545660,545963,545965,2,303
545660,545964,545965,1,304
545660,545964,545965,1,304
545660,545964,545965,1,304
545660,545964,545965,1,304
545660,545965,545967,2,305
545660,545966,545967,1,306
545660,545965,545967,2,305
545660,545966,545967,1,306
545660,545966,545967,1,306
545660,545966,545968,2,306
545660,545968,545969,1,308
545660,545967,545969,2,307
545660,545968,545970,2,308
545660,545969,545970,1,309
545660,545969,545971,2,309
545660,545969,545971,2,309
545660,545970,545971,1,310
545660,545969,545971,2,309
545660,545970,545971,1,310
545660,545972,545973,1,312
545660,545971,545973,2,311
545660,545972,545973,1,312
545660,545972,545973,1,312
545660,545973,545974,1,313
545660,545972,545975,3,312
545660,545968,545974,6,308
545660,545974,545975,1,314
545660,545973,545975,2,313
545660,545975,545976,1,315
545660,545975,545976,1,315
545660,545974,545976,2,314
545660,545975,545977,2,315
545660,545975,545977,2,315
545660,545974,545977,3,314
545794,545977,545978,1,183
545794,545977,545978,1,183
545794,545977,545979,2,183
545794,545978,545979,1,184
545794,545979,545980,1,185
545794,545978,545980,2,184
545794,545979,545981,2,185
545794,545978,545981,3,184
545794,545981,545982,1,187
545794,545981,545983,2,187
545794,545980,545983,3,186
545794,545981,545983,2,187
545794,545982,545983,1,188
545794,545983,545984,1,189
545794,545983,545984,1,189
545794,545982,545984,2,188
545794,545984,545985,1,190
545794,545984,545985,1,190
545794,545985,545986,1,191
545794,545986,545988,2,192
545794,545986,545988,2,192
545794,545987,545989,2,193
545794,545988,545989,1,194
545794,545985,545988,3,191
545794,545988,545989,1,194
545794,545988,545989,1,194
545794,545989,545990,1,195
545794,545989,545991,2,195
545794,545989,545991,2,195
545794,545990,545991,1,196
545794,545990,545991,1,196
545794,545991,545992,1,197
545794,545990,545992,2,196
545794,545992,545993,1,198
545794,545992,545993,1,198
545794,545991,545993,2,197
545794,545993,545994,1,199
545794,545993,545995,2,199
545794,545994,545995,1,200
545794,545995,545996,1,201
545794,545994,545997,3,200
545794,545996,545997,1,202
545794,545996,545997,1,202
545794,545994,545998,4,200
545794,545997,545998,1,203
541030,541085,545999,4914,55
545794,545998,545999,1,204
545794,545998,545999,1,204
545794,545994,546000,6,200
545794,546000,546001,1,206
545794,545999,546000,1,205
545794,545998,546000,2,204
545794,545999,546000,1,205
545794,546001,546002,1,207
545794,546001,546002,1,207
545794,546001,546003,2,207
545794,546002,546003,1,208
545794,545999,546002,3,205
545794,546003,546004,1,209
545794,546004,546005,1,210
545794,546003,546005,2,209
545794,546000,546005,5,206
545794,546005,546006,1,211
545794,546004,546005,1,210
545794,546001,546005,4,207
545794,546006,546007,1,212
545794,546005,546006,1,211
545794,546005,546007,2,211
545794,546005,546007,2,211
545794,546006,546007,1,212
545794,546007,546008,1,213
545794,546008,546009,1,214
545794,546007,546010,3,213
545794,546007,546009,2,213
545794,546009,546011,2,215
545794,546010,546011,1,216
545794,546006,546011,5,212
545794,546008,546011,3,214
545794,546010,546012,2,216
545794,546011,546012,1,217
545794,546010,546012,2,216
545794,546012,546013,1,218
545794,546012,546013,1,218
545794,546012,546013,1,218
545794,546012,546013,1,218
545794,546012,546014,2,218
545794,546014,546015,1,220
545794,546014,546015,1,220
545794,546015,546016,1,221
545794,546014,546016,2,220
545794,546016,546017,1,222
545794,546011,546017,6,217
545794,546014,546017,3,220
545794,546016,546017,1,222
545794,546017,546018,1,223
545794,546017,546018,1,223
545794,546014,546019,5,220
545794,546018,546019,1,224
545794,546018,546019,1,224
545794,546018,546020,2,224
545794,546019,546020,1,225
545794,546019,546020,1,225
545794,546020,546021,1,226
545794,546019,546021,2,225
545794,546020,546022,2,226
545794,546021,546022,1,227
545794,546020,546023,3,226
545794,546017,546023,6,223
545794,546022,546023,1,228
545794,546021,546024,3,227
545794,546022,546024,2,228
545794,546023,546024,1,229
545794,546024,546025,1,230
545794,546024,546025,1,230
545794,546024,546026,2,230
545794,546026,546027,1,232
545794,546026,546027,1,232
545794,546024,546027,3,230
545794,546026,546028,2,232
545794,546025,546028,3,231
545794,546028,546029,1,234
545794,546028,546029,1,234
545794,546028,546030,2,234
545794,546030,546031,1,236
545794,546029,546032,3,235
545794,546030,546032,2,236
545794,546029,546032,3,235
545794,546032,546033,1,238
545794,546032,546033,1,238
545794,546032,546034,2,238
545794,546029,546034,5,235
545794,546033,546034,1,239
545794,546034,546035,1,240
545916,546034,546036,2,118
545916,546035,546036,1,119
545916,546037,546038,1,121
545916,546036,546037,1,120
545794,546034,546038,4,240
545916,546036,546038,2,120
545916,546037,546039,2,121
545916,546038,546039,1,122
545916,546035,546038,3,119
545916,546039,546040,1,123
545916,546038,546040,2,122
545916,546038,546040,2,122
545916,546040,546041,1,124
545916,546040,546042,2,124
545916,546041,546042,1,125
545916,546041,546042,1,125
545916,546040,546042,2,124
545916,546042,546043,1,126
545916,546042,546044,2,126
545916,546043,546044,1,127
545916,546038,546043,5,122
545916,546039,546043,4,123
545916,546043,546044,1,127
545916,546043,546045,2,127
545916,546044,546045,1,128
545916,546044,546045,1,128
545916,546044,546045,1,128
545916,546045,546046,1,129
545916,546045,546046,1,129
545916,546045,546047,2,129
545916,546046,546047,1,130
545916,546046,546047,1,130
545916,546047,546048,1,131
545916,546048,546049,1,132
545916,546047,546048,1,131
545916,546044,546048,4,128
545916,546045,546049,4,129
545916,546048,546049,1,132
545916,546049,546050,1,133
545916,546049,546050,1,133
545916,546049,546050,1,133
545916,546050,546051,1,134
545916,546049,546050,1,133
545916,546049,546051,2,133
545916,546051,546052,1,135
545916,546051,546052,1,135
545916,546052,546053,1,136
545916,546052,546053,1,136
545916,546053,546054,1,137
545916,546053,546054,1,137
545916,546050,546055,5,134
545916,546054,546055,1,138
545916,546051,546056,5,135
545916,546055,546056,1,139
545916,546055,546056,1,139
545916,546049,546057,8,133
545916,546054,546056,2,138
545916,546055,546057,2,139
545916,546056,546057,1,140
545916,546057,546058,1,141
545916,546057,546058,1,141
545916,546059,546060,1,143
545916,546059,546060,1,143
545916,546057,546060,3,141
545916,546060,546061,1,144
545916,546060,546062,2,144
545916,546057,546062,5,141
545916,546062,546063,1,146
545916,546062,546063,1,146
545916,546058,546063,5,142
545916,546061,546063,2,145
545916,546062,546063,1,146
545916,546063,546064,1,147
545916,546064,546065,1,148
545916,546063,546064,1,147
545916,546064,546065,1,148
545916,546064,546066,2,148
545916,546065,546066,1,149
545916,546065,546066,1,149
545916,546067,546068,1,151
545916,546068,546069,1,152
545916,546067,546068,1,151
545916,546069,546070,1,153
545916,546066,546070,4,150
545916,546069,546070,1,153
545916,546070,546071,1,154
545916,546070,546071,1,154
545916,546067,546071,4,151
545916,546071,546072,1,155
545916,546065,546072,7,149
545916,546071,546072,1,155
545916,546072,546073,1,156
545916,546072,546075,3,156
545916,546073,546074,1,157
545916,546074,546075,1,158
545916,546072,546075,3,156
545916,546073,546077,4,157
545916,546076,546077,1,160
545916,546076,546077,1,160
545916,546075,546076,1,159
545916,546076,546077,1,160
545916,546077,546078,1,161
545916,546078,546079,1,162
545916,546078,546079,1,162
545916,546075,546080,5,159
545916,546079,546080,1,163
545916,546077,546080,3,161
545916,546077,546081,4,161
545916,546080,546081,1,164
545916,546079,546081,2,163
545916,546080,546081,1,164
545916,546080,546082,2,164
545916,546081,546082,1,165
545916,546081,546082,1,165
545916,546081,546082,1,165
545916,546082,546083,1,166
545916,546082,546083,1,166
545916,546083,546084,1,167
545916,546081,546085,4,165
545916,546083,546085,2,167
545916,546084,546085,1,168
545916,546084,546086,2,168
545916,546085,546086,1,169
545916,546084,546086,2,168
545916,546082,546087,5,166
545916,546085,546086,1,169
546206,546225,546226,1,19
546206,546230,546231,1,24
541407,541445,546234,4789,38
546353,546353,546354,1,0
546353,546353,546355,2,0
546353,546353,546355,2,0
546353,546355,546356,1,2
546353,546355,546357,2,2
546353,546353,546358,5,0
546353,546354,546358,4,1
546353,546357,546359,2,4
546353,546358,546359,1,5
546353,546358,546359,1,5
546353,546359,546361,2,6
546353,546353,546362,9,0
546353,546360,546361,1,7
546353,546362,546363,1,9
546353,546356,546363,7,3
546353,546358,546363,5,5
546353,546359,546363,4,6
546353,546361,546363,2,8
546353,546363,546364,1,10
546353,546362,546364,2,9
546353,546363,546364,1,10
546353,546364,546365,1,11
546353,546363,546365,2,10
546353,546363,546365,2,10
546353,546364,546366,2,11
546353,546365,546366,1,12
546353,546365,546366,1,12
546353,546363,546366,3,10
546353,546366,546367,1,13
546353,546365,546367,2,12
546353,546364,546367,3,11
546353,546366,546368,2,13
546353,546367,546368,1,14
546353,546366,546368,2,13
546353,546368,546369,1,15
546353,546368,546369,1,15
546353,546367,546369,2,14
546353,546368,546370,2,15
546353,546370,546371,1,17
546353,546370,546372,2,17
546353,546371,546372,1,18
546353,546370,546372,2,17
546353,546370,546372,2,17
546353,546372,546373,1,19
546353,546373,546374,1,20
546353,546373,546374,1,20
546353,546373,546374,1,20
546353,546374,546375,1,21
546353,546373,546376,3,20
546353,546375,546376,1,22
546353,546376,546377,1,23
546353,546376,546378,2,23
546353,546376,546377,1,23
546353,546375,546377,2,22
546353,546377,546378,1,24
546353,546378,546379,1,25
546353,546377,546379,2,24
546353,546379,546380,1,26
546353,546380,546381,1,27
546353,546380,546381,1,27
546353,546378,546382,4,25
546353,546381,546382,1,28
546353,546380,546383,3,27
546353,546382,546384,2,29
546353,546382,546383,1,29
546353,546383,546384,1,30
546353,546383,546384,1,30
546353,546380,546385,5,27
546353,546384,546385,1,31
546353,546385,546386,1,32
546353,546385,546386,1,32
546353,546386,546387,1,33
546353,546384,546387,3,31
546353,546386,546387,1,33
546353,546387,546388,1,34
546353,546385,546387,2,32
546353,546387,546388,1,34
546353,546388,546389,1,35
546353,546388,546389,1,35
546353,546388,546389,1,35
546353,546389,546390,1,36
546353,546389,546390,1,36
546353,546387,546390,3,34
546353,546389,546390,1,36
546353,546391,546392,1,38
546353,546390,546392,2,37
546353,546391,546392,1,38
546353,546392,546394,2,39
546353,546386,546393,7,33
546353,546390,546394,4,37
546353,546391,546394,3,38
546353,546393,546394,1,40
546353,546392,546394,2,39
546353,546394,546395,1,41
546353,546394,546396,2,41
546353,546395,546397,2,42
546353,546394,546397,3,41
546353,546394,546397,3,41
546353,546396,546397,1,43
546353,546394,546397,3,41
546353,546397,546399,2,44
546353,546397,546399,2,44
546353,546397,546399,2,44
546353,546397,546398,1,44
546353,546398,546399,1,45
546353,546399,546400,1,46
546353,546400,546401,1,47
546353,546400,546401,1,47
546353,546399,546400,1,46
546353,546401,546402,1,48
546353,546398,546402,4,45
546353,546399,546402,3,46
546353,546399,546402,3,46
546353,546401,546403,2,48
546353,546401,546403,2,48
546353,546402,546404,2,49
546353,546402,546404,2,49
546353,546402,546403,1,49
546353,546403,546404,1,50
546353,546404,546405,1,51
546353,546403,546405,2,50
546353,546405,546406,1,52
546353,546402,546406,4,49
546353,546405,546406,1,52
546353,546406,546407,1,53
546353,546405,546406,1,52
546353,546404,546407,3,51
546353,546404,546407,3,51
546493,546493,546494,1,0
546493,546493,546495,2,0
546493,546493,546495,2,0
546493,546495,546496,1,2
546493,546493,546497,4,0
546493,546494,546497,3,1
546493,546496,546497,1,3
546493,546498,546499,1,5
546493,546498,546499,1,5
546493,546497,546499,2,4
546493,546498,546499,1,5
546493,546499,546500,1,6
546493,546493,546502,9,0
546493,546500,546502,2,7
546493,546499,546503,4,6
546493,546499,546503,4,6
546493,546501,546503,2,8
546493,546502,546503,1,9
546493,546503,546504,1,10
546493,546503,546504,1,10
546493,546503,546504,1,10
546493,546504,546506,2,11
546493,546504,546506,2,11
546493,546506,546507,1,13
546493,546506,546507,1,13
546493,546504,546508,4,11
546493,546505,546509,4,12
546493,546508,546509,1,15
546493,546508,546509,1,15
546493,546509,546510,1,16
546493,546509,546510,1,16
546493,546510,546511,1,17
546493,546502,546511,9,9
546493,546510,546512,2,17
546493,546511,546512,1,18
546493,546513,546514,1,20
546493,546511,546513,2,18
546493,546512,546514,2,19
546493,546510,546514,4,17
546493,546511,546514,3,18
546493,546514,546515,1,21
546493,546514,546516,2,21
546493,546515,546516,1,22
546493,546517,546518,1,24
546493,546517,546518,1,24
546493,546515,546519,4,22
546493,546515,546519,4,22
546493,546519,546520,1,26
546493,546519,546520,1,26
546493,546520,546521,1,27
546493,546520,546521,1,27
546493,546520,546521,1,27
546493,546521,546522,1,28
546493,546522,546523,1,29
546493,546514,546523,9,21
546493,546523,546524,1,30
546493,546523,546524,1,30
546493,546521,546524,3,28
546493,546525,546526,1,32
546493,546521,546525,4,28
546493,546524,546525,1,31
546493,546525,546526,1,32
546493,546526,546527,1,33
546493,546526,546527,1,33
546493,546527,546529,2,34
546493,546528,546529,1,35
546493,546529,546530,1,36
546493,546523,546530,7,30
546493,546526,546530,4,33
546493,546527,546531,4,34
546493,546530,546531,1,37
546493,546531,546532,1,38
546493,546530,546532,2,37
546493,546531,546532,1,38
546493,546532,546533,1,39
546493,546532,546533,1,39
546493,546534,546535,1,41
546493,546532,546536,4,39
546493,546534,546536,2,41
546493,546536,546537,1,43
546493,546533,546537,4,40
546493,546536,546537,1,43
546493,546536,546537,1,43
546493,546537,546538,1,44
546493,546537,546539,2,44
546493,546530,546539,9,37
546493,546539,546540,1,46
546493,546539,546541,2,46
546493,546540,546541,1,47
546493,546537,546541,4,44
546493,546539,546542,3,46
546493,546542,546543,1,49
546493,546538,546542,4,45
546493,546542,546543,1,49
546493,546541,546542,1,48
546493,546543,546544,1,50
546493,546543,546544,1,50
546493,546542,546545,3,49
546493,546543,546545,2,50
546493,546545,546546,1,52
546493,546543,546546,3,50
546493,546546,546547,1,53
546493,546544,546548,4,51
546493,546546,546549,3,53
546493,546548,546549,1,55
546493,546549,546550,1,56
546493,546550,546551,1,57
546493,546547,546550,3,54
546493,546548,546551,3,55
546493,546550,546551,1,57
546493,546551,546553,2,58
546493,546552,546553,1,59
546493,546553,546554,1,60
546493,546551,546554,3,58
546493,546551,546554,3,58
546493,546554,546555,1,61
546493,546547,546555,8,54
546493,546554,546556,2,61
546493,546555,546556,1,62
546493,546556,546557,1,63
546493,546554,546557,3,61
546493,546554,546557,3,61
546493,546557,546558,1,64
546493,546557,546558,1,64
546493,546557,546559,2,64
546493,546556,546559,3,63
546493,546558,546560,2,65
546493,546559,546560,1,66
546493,546557,546559,2,64
546493,546560,546561,1,67
546493,546560,546562,2,67
546493,546558,546562,4,65
546493,546562,546563,1,69
546493,546562,546563,1,69
546493,546560,546563,3,67
546493,546562,546564,2,69
546493,546563,546564,1,70
546493,546563,546565,2,70
546493,546565,546566,1,72
546493,546563,546566,3,70
546493,546564,546566,2,71
546493,546565,546567,2,72
546493,546566,546568,2,73
546493,546567,546568,1,74
546493,546567,546568,1,74
546493,546568,546569,1,75
546493,546567,546569,2,74
546493,546560,546569,9,67
546493,546569,546571,2,76
541975,542004,546728,4724,29
546756,546756,546757,1,0
546756,546756,546758,2,0
546756,546756,546758,2,0
546756,546756,546758,2,0
546756,546756,546757,1,0
546756,546757,546759,2,1
546756,546758,546760,2,2
546756,546758,546760,2,2
546756,546758,546760,2,2
546756,546760,546761,1,4
546756,546760,546761,1,4
546756,546760,546762,2,4
546756,546760,546762,2,4
546756,546761,546763,2,5
546756,546758,546763,5,2
546756,546763,546764,1,7
546756,546762,546764,2,6
546756,546762,546764,2,6
546756,546762,546764,2,6
546756,546756,546764,8,0
546756,546764,546766,2,8
546756,546763,546766,3,7
546756,546764,546766,2,8
546756,546764,546766,2,8
546756,546764,546767,3,8
546756,546765,546767,2,9
542754,543528,546768,3240,774
546756,546767,546768,1,11
546756,546766,546768,2,10
546756,546766,546768,2,10
546756,546767,546768,1,11
546756,546767,546768,1,11
546756,546768,546769,1,12
546756,546769,546770,1,13
546756,546769,546770,1,13
546756,546768,546770,2,12
546756,546768,546771,3,12
546756,546771,546772,1,15
546756,546771,546772,1,15
546756,546771,546772,1,15
546756,546773,546774,1,17
546756,546773,546774,1,17
546756,546773,546774,1,17
546756,546773,546775,2,17
546756,546774,546775,1,18
546756,546773,546775,2,17
546756,546769,546775,6,13
546756,546775,546776,1,19
546756,546775,546776,1,19
546756,546772,546776,4,16
546756,546775,546777,2,19
546756,546775,546776,1,19
546756,546776,546777,1,20
546756,546776,546777,1,20
546756,546775,546777,2,19
546756,546776,546777,1,20
546756,546777,546778,1,21
546756,546777,546778,1,21
546756,546777,546778,1,21
546756,546777,546778,1,21
546756,546777,546779,2,21
546756,546778,546779,1,22
546756,546778,546779,1,22
546756,546779,546780,1,23
546756,546779,546780,1,23
546756,546777,546779,2,21
546756,546779,546781,2,23
546756,546779,546781,2,23
546756,546780,546781,1,24
546756,546780,546781,1,24
546756,546781,546782,1,25
546756,546780,546782,2,24
546756,546779,546782,3,23
546756,546781,546783,2,25
546756,546781,546783,2,25
546756,546782,546783,1,26
546756,546782,546783,1,26
546756,546778,546783,5,22
546756,546782,546784,2,26
546756,546783,546784,1,27
546756,546783,546784,1,27
546756,546783,546784,1,27
546756,546783,546785,2,27
546756,546783,546785,2,27
546756,546784,546785,1,28
546756,546784,546785,1,28
546756,546785,546786,1,29
546756,546785,546786,1,29
546756,546785,546787,2,29
546756,546785,546787,2,29
546756,546784,546786,2,28
546756,546786,546787,1,30
546756,546786,546787,1,30
546756,546787,546788,1,31
546756,546784,546788,4,28
546756,546787,546789,2,31
546756,546787,546789,2,31
546756,546787,546789,2,31
546756,546787,546788,1,31
546756,546788,546789,1,32
546756,546787,546790,3,31
546756,546789,546790,1,33
546756,546789,546790,1,33
546756,546789,546790,1,33
546756,546789,546791,2,33
546756,546789,546791,2,33
546756,546789,546791,2,33
546756,546790,546791,1,34
546756,546790,546791,1,34
546756,546790,546791,1,34
546756,546791,546793,2,35
546756,546791,546793,2,35
546756,546791,546793,2,35
546756,546793,546794,1,37
546756,546791,546795,4,35
546756,546793,546795,2,37
546756,546793,546795,2,37
546756,546794,546795,1,38
546756,546794,546795,1,38
546756,546792,546795,3,36
546756,546793,546795,2,37
541977,542005,546796,4791,28
546756,546796,546797,1,40
546756,546796,546797,1,40
546756,546797,546798,1,41
546756,546796,546798,2,40
546756,546795,546798,3,39
546756,546796,546798,2,40
546756,546795,546798,3,39
546756,546797,546798,1,41
546756,546798,546799,1,42
546756,546795,546799,4,39
546756,546798,546799,1,42
546756,546799,546800,1,43
546756,546798,546800,2,42
546756,546798,546800,2,42
546756,546798,546800,2,42
546756,546798,546801,3,42
546756,546800,546801,1,44
546756,546800,546801,1,44
546756,546799,546802,3,43
546756,546798,546803,5,42
542756,543529,546829,3300,773
546878,546879,546880,1,1
546878,546879,546880,1,1
546878,546879,546883,4,1
546878,546881,546882,1,3
546878,546879,546882,3,1
546878,546881,546883,2,3
546878,546879,546883,4,1
546878,546883,546884,1,5
546878,546883,546884,1,5
546878,546883,546884,1,5
546878,546884,546885,1,6
546878,546884,546885,1,6
546878,546885,546886,1,7
546878,546885,546886,1,7
546878,546879,546887,8,1
546878,546886,546887,1,8
546878,546884,546888,4,6
546878,546885,546888,3,7
546878,546887,546888,1,9
546878,546887,546888,1,9
546878,546887,546888,1,9
546878,546886,546888,2,8
546878,546888,546889,1,10
546878,546884,546890,6,6
546878,546889,546890,1,11
546878,546889,546890,1,11
546878,546889,546890,1,11
546878,546890,546891,1,12
546878,546888,546892,4,10
546878,546890,546891,1,12
546878,546891,546892,1,13
546878,546891,546892,1,13
546878,546891,546892,1,13
546878,546888,546892,4,10
546878,546892,546893,1,14
546878,546892,546893,1,14
546878,546892,546893,1,14
546878,546892,546893,1,14
546878,546889,546893,4,11
546878,546888,546893,5,10
546878,546893,546894,1,15
546878,546893,546894,1,15
546878,546893,546894,1,15
546878,546893,546894,1,15
546878,546893,546894,1,15
546878,546894,546895,1,16
546878,546894,546895,1,16
546878,546894,546895,1,16
546878,546895,546896,1,17
546878,546895,546896,1,17
546878,546895,546896,1,17
546878,546896,546897,1,18
546878,546896,546897,1,18
546878,546896,546897,1,18
546878,546894,546897,3,16
546878,546895,546898,3,17
546878,546894,546897,3,16
546878,546897,546898,1,19
546878,546897,546898,1,19
546878,546897,546898,1,19
546878,546897,546898,1,19
546878,546895,546898,3,17
546878,546898,546899,1,20
546878,546898,546899,1,20
546878,546898,546899,1,20
546878,546898,546899,1,20
546878,546899,546900,1,21
546878,546899,546900,1,21
546878,546899,546900,1,21
546878,546899,546900,1,21
546878,546899,546900,1,21
546878,546900,546901,1,22
546878,546900,546901,1,22
546878,546900,546901,1,22
546878,546898,546902,4,20
546878,546898,546901,3,20
546878,546901,546902,1,23
546878,546901,546902,1,23
546878,546901,546902,1,23
546878,546901,546903,2,23
546878,546902,546903,1,24
546878,546902,546903,1,24
546878,546902,546903,1,24
546878,546902,546903,1,24
546878,546902,546903,1,24
546878,546900,546903,3,22
546878,546900,546904,4,22
546878,546903,546904,1,25
546878,546903,546905,2,25
546878,546903,546904,1,25
546878,546904,546905,1,26
546878,546904,546905,1,26
546878,546904,546905,1,26
546878,546905,546906,1,27
546878,546905,546906,1,27
546878,546897,546907,10,19
546878,546905,546906,1,27
546878,546906,546907,1,28
546878,546907,546908,1,29
546878,546907,546908,1,29
546878,546905,546909,4,27
546878,546908,546909,1,30
546889,546909,546910,1,20
546889,546909,546910,1,20
546889,546909,546910,1,20
546889,546910,546911,1,21
546878,546904,546910,6,26
546889,546909,546910,1,20
546878,546907,546911,4,29
546889,546910,546911,1,21
546889,546911,546912,1,22
546889,546911,546912,1,22
546889,546909,546911,2,20
546878,546906,546912,6,28
546889,546911,546912,1,22
546889,546912,546913,1,23
546889,546911,546912,1,22
546889,546911,546912,1,22
546889,546912,546913,1,23
546889,546913,546914,1,24
546889,546913,546914,1,24
546889,546912,546913,1,23
546889,546913,546914,1,24
546889,546914,546915,1,25
546889,546911,546915,4,22
546889,546914,546915,1,25
546889,546915,546916,1,26
546889,546915,546916,1,26
546889,546915,546916,1,26
546889,546915,546916,1,26
546889,546916,546917,1,27
546889,546916,546917,1,27
546878,546907,546917,10,29
546889,546913,546917,4,24
546889,546912,546916,4,23
546889,546915,546917,2,26
546889,546917,546918,1,28
546889,546913,546917,4,24
546889,546917,546918,1,28
546889,546917,546919,2,28
546889,546917,546919,2,28
546889,546917,546919,2,28
546889,546918,546919,1,29
546889,546919,546920,1,30
546889,546918,546920,2,29
546889,546919,546920,1,30
546889,546919,546921,2,30
546889,546919,546921,2,30
546889,546920,546921,1,31
546889,546920,546922,2,31
546889,546921,546922,1,32
546889,546920,546922,2,31
546889,546917,546923,6,28
546889,546922,546923,1,33
546889,546922,546924,2,33
546889,546923,546924,1,34
546889,546921,546925,4,32
546889,546924,546925,1,35
546889,546923,546925,2,34
546889,546924,546926,2,35
546889,546924,546925,1,35
546889,546920,546926,6,31
546889,546925,546926,1,36
546889,546925,546927,2,36
546889,546922,546927,5,33
546889,546926,546927,1,37
546889,546926,546928,2,37
546889,546926,546928,2,37
546889,546926,546928,2,37
546889,546927,546928,1,38
546889,546917,546928,11,28
546889,546928,546930,2,39
546889,546928,546929,1,39
546889,546929,546930,1,40
546889,546928,546930,2,39
546889,546926,546930,4,37
546889,546927,546931,4,38
546889,546930,546932,2,41
546889,546930,546932,2,41
546889,546928,546932,4,39
546889,546928,546933,5,39
546889,546931,546932,1,42
546889,546931,546933,2,42
546889,546931,546933,2,42
546889,546932,546934,2,43
546889,546932,546934,2,43
546889,546933,546934,1,44
546889,546933,546935,2,44
546889,546933,546934,1,44
546889,546931,546935,4,42
546889,546934,546936,2,45
546889,546935,546936,1,46
546889,546935,546936,1,46
546889,546935,546936,1,46
546889,546933,546937,4,44
546889,546937,546938,1,48
546889,546937,546938,1,48
546889,546937,546938,1,48
546889,546936,546938,2,47
546889,546936,546939,3,47
546889,546938,546939,1,49
546889,546939,546940,1,50
546889,546935,546939,4,46
546889,546935,546939,4,46
546889,546939,546940,1,50
546889,546939,546940,1,50
546889,546929,546941,12,40
546889,546940,546941,1,51
546889,546940,546941,1,51
546889,546940,546941,1,51
546889,546941,546942,1,52
546889,546939,546942,3,50
546889,546940,546942,2,51
546889,546940,546942,2,51
546889,546941,546942,1,52
546889,546942,546943,1,53
546889,546942,546943,1,53
546889,546942,546944,2,53
546889,546943,546944,1,54
546889,546941,546945,4,52
546889,546942,546945,3,53
546889,546942,546945,3,53
546889,546944,546945,1,55
546889,546944,546945,1,55
546889,546946,546947,1,57
546889,546945,546946,1,56
546889,546942,546946,4,53
546889,546942,546946,4,53
546889,546946,546948,2,57
546889,546946,546948,2,57
546889,546946,546947,1,57
546889,546945,546948,3,56
546889,546945,546948,3,56
546889,546947,546948,1,58
546889,546947,546948,1,58
546889,546947,546949,2,58
546889,546948,546949,1,59
546889,546949,546950,1,60
546889,546947,546949,2,58
546889,546948,546950,2,59
546889,546948,546950,2,59
546889,546948,546950,2,59
546889,546949,546950,1,60
546889,546950,546951,1,61
546889,546950,546951,1,61
546889,546948,546952,4,59
546889,546951,546953,2,62
546889,546951,546953,2,62
546889,546951,546953,2,62
546889,546951,546953,2,62
546889,546949,546953,4,60
546889,546952,546953,1,63
546889,546950,546954,4,61
547033,547033,547034,1,0
547033,547033,547034,1,0
547033,547033,547034,1,0
547033,547033,547034,1,0
547033,547033,547034,1,0
547033,547033,547034,1,0
547033,547034,547035,1,1
547033,547034,547035,1,1
547033,547035,547036,1,2
547033,547035,547036,1,2
547033,547033,547036,3,0
547033,547033,547037,4,0
547033,547035,547036,1,2
547033,547033,547037,4,0
547033,547035,547036,1,2
547033,547036,547037,1,3
547033,547036,547037,1,3
547033,547037,547038,1,4
547033,547035,547038,3,2
547033,547037,547038,1,4
547033,547037,547039,2,4
547033,547037,547039,2,4
547033,547035,547039,4,2
547033,547037,547038,1,4
547033,547038,547039,1,5
547033,547039,547040,1,6
547033,547039,547040,1,6
547033,547039,547040,1,6
547033,547039,547041,2,6
547033,547039,547040,1,6
547033,547040,547041,1,7
547033,547041,547042,1,8
547033,547039,547043,4,6
547033,547039,547043,4,6
547033,547037,547043,6,4
547033,547041,547042,1,8
547033,547037,547043,6,4
547033,547041,547043,2,8
547033,547041,547042,1,8
547033,547042,547043,1,9
547033,547041,547043,2,8
547033,547043,547044,1,10
547033,547043,547044,1,10
547033,547043,547045,2,10
547033,547043,547045,2,10
547033,547043,547045,2,10
547033,547043,547044,1,10
547033,547044,547045,1,11
547033,547045,547046,1,12
547033,547044,547047,3,11
547033,547045,547047,2,12
547033,547043,547047,4,10
547033,547043,547047,4,10
547033,547047,547048,1,14
547033,547047,547048,1,14
547033,547047,547049,2,14
547033,547047,547049,2,14
547033,547045,547049,4,12
547033,547048,547050,2,15
547033,547045,547049,4,12
547033,547045,547049,4,12
547033,547049,547050,1,16
547033,547049,547050,1,16
547033,547049,547051,2,16
547033,547049,547051,2,16
547033,547047,547051,4,14
547033,547049,547051,2,16
547033,547051,547052,1,18
547033,547050,547052,2,17
547033,547050,547052,2,17
547033,547051,547052,1,18
547033,547051,547053,2,18
547033,547052,547053,1,19
547033,547050,547054,4,17
547033,547053,547054,1,20
547033,547051,547054,3,18
547033,547053,547055,2,20
547033,547054,547055,1,21
547033,547054,547056,2,21
547033,547051,547056,5,18
547033,547051,547056,5,18
547033,547055,547056,1,22
547033,547056,547057,1,23
547033,547052,547057,5,19
547033,547052,547056,4,19
547033,547055,547057,2,22
547033,547056,547058,2,23
547033,547057,547058,1,24
547033,547057,547058,1,24
547033,547055,547058,3,22
547033,547057,547059,2,24
547033,547057,547059,2,24
547033,547059,547060,1,26
547033,547056,547060,4,23
547033,547059,547060,1,26
547033,547059,547061,2,26
547033,547056,547061,5,23
547033,547059,547061,2,26
547033,547060,547061,1,27
547033,547061,547062,1,28
547033,547059,547062,3,26
547033,547062,547063,1,29
547033,547061,547063,2,28
547033,547061,547063,2,28
547033,547062,547063,1,29
547033,547061,547064,3,28
547033,547057,547064,7,24
547033,547059,547064,5,26
547033,547061,547064,3,28
547033,547063,547064,1,30
547033,547063,547064,1,30
547033,547063,547065,2,30
547033,547064,547065,1,31
547033,547064,547065,1,31
547033,547064,547066,2,31
547033,547064,547066,2,31
547033,547065,547066,1,32
547033,547065,547066,1,32
547033,547066,547067,1,33
547033,547066,547067,1,33
547033,547065,547068,3,32
547033,547067,547068,1,34
547033,547067,547069,2,34
547033,547067,547068,1,34
547033,547067,547068,1,34
547033,547066,547069,3,33
547033,547065,547069,4,32
547033,547068,547069,1,35
547033,547065,547070,5,32
547033,547069,547070,1,36
547033,547069,547070,1,36
547033,547070,547071,1,37
547033,547069,547072,3,36
547033,547069,547072,3,36
547033,547071,547073,2,38
547033,547071,547073,2,38
547033,547070,547073,3,37
547033,547072,547073,1,39
547033,547069,547073,4,36
547033,547069,547073,4,36
547033,547071,547073,2,38
547033,547073,547074,1,40
547033,547073,547075,2,40
547033,547073,547075,2,40
547033,547072,547075,3,39
547033,547074,547076,2,41
547033,547074,547075,1,41
547033,547074,547076,2,41
547033,547074,547076,2,41
547033,547074,547076,2,41
547155,547155,547156,1,0
547155,547155,547156,1,0
547155,547155,547157,2,0
547155,547155,547156,1,0
547155,547155,547156,1,0
547155,547155,547157,2,0
547155,547156,547157,1,1
547155,547156,547157,1,1
547155,547157,547158,1,2
547155,547155,547157,2,0
547155,547157,547158,1,2
547155,547157,547158,1,2
547155,547155,547158,3,0
547155,547155,547159,4,0
547155,547157,547159,2,2
547155,547158,547159,1,3
547155,547157,547159,2,2
547155,547158,547159,1,3
547155,547158,547159,1,3
547155,547159,547160,1,4
547155,547158,547160,2,3
547155,547159,547160,1,4
547155,547159,547160,1,4
547155,547157,547161,4,2
547155,547159,547161,2,4
547155,547159,547161,2,4
547155,547159,547161,2,4
547155,547160,547161,1,5
547155,547159,547162,3,4
547155,547160,547162,2,5
547155,547161,547162,1,6
547155,547161,547162,1,6
547155,547161,547163,2,6
547155,547161,547163,2,6
547155,547162,547163,1,7
547155,547162,547164,2,7
547155,547162,547164,2,7
547155,547163,547165,2,8
547155,547161,547165,4,6
547155,547163,547165,2,8
547155,547165,547166,1,10
547155,547165,547166,1,10
547155,547165,547167,2,10
547155,547166,547167,1,11
547155,547166,547167,1,11
547155,547165,547167,2,10
547155,547166,547167,1,11
547155,547165,547167,2,10
547155,547167,547168,1,12
547155,547163,547168,5,8
547155,547167,547168,1,12
547155,547167,547168,1,12
547155,547168,547169,1,13
547155,547167,547169,2,12
547155,547165,547169,4,10
547155,547168,547169,1,13
547155,547168,547170,2,13
547155,547169,547170,1,14
547155,547169,547170,1,14
547155,547168,547170,2,13
547155,547169,547171,2,14
547155,547170,547171,1,15
547155,547169,547171,2,14
547155,547166,547172,6,11
547155,547170,547171,1,15
547155,547170,547171,1,15
547155,547170,547171,1,15
547155,547170,547171,1,15
547155,547171,547172,1,16
547155,547172,547173,1,17
547155,547172,547173,1,17
547155,547172,547173,1,17
547155,547172,547173,1,17
547155,547172,547173,1,17
547155,547171,547173,2,16
547155,547172,547174,2,17
547155,547173,547174,1,18
547155,547170,547174,4,15
547155,547173,547174,1,18
547155,547174,547175,1,19
547155,547174,547175,1,19
547155,547174,547175,1,19
547155,547174,547175,1,19
547155,547174,547175,1,19
547155,547175,547176,1,20
547155,547175,547176,1,20
547155,547174,547176,2,19
547155,547172,547177,5,17
547155,547174,547176,2,19
547155,547176,547177,1,21
547155,547176,547177,1,21
547155,547176,547177,1,21
547155,547176,547177,1,21
547155,547176,547178,2,21
547155,547177,547178,1,22
547155,547178,547179,1,23
547155,547177,547178,1,22
547155,547177,547179,2,22
547155,547177,547178,1,22
547155,547178,547179,1,23
547155,547178,547179,1,23
547155,547176,547179,3,21
547155,547179,547180,1,24
547155,547177,547180,3,22
547155,547178,547180,2,23
547155,547179,547180,1,24
547155,547179,547180,1,24
547155,547179,547180,1,24
547155,547180,547181,1,25
547155,547179,547181,2,24
547155,547180,547181,1,25
547155,547180,547182,2,25
547155,547181,547182,1,26
547155,547181,547182,1,26
547155,547181,547182,1,26
547155,547181,547182,1,26
547155,547181,547182,1,26
547155,547182,547183,1,27
547155,547183,547184,1,28
547155,547182,547184,2,27
547155,547182,547184,2,27
547155,547182,547184,2,27
547155,547183,547185,2,28
547155,547184,547185,1,29
547155,547184,547185,1,29
547155,547184,547186,2,29
547155,547182,547185,3,27
547155,547185,547186,1,30
547155,547186,547187,1,31
547155,547185,547186,1,30
547155,547181,547186,5,26
547155,547183,547187,4,28
547155,547186,547187,1,31
547155,547186,547188,2,31
547155,547186,547188,2,31
547155,547187,547188,1,32
547155,547187,547189,2,32
547155,547186,547188,2,31
542233,542418,547258,4840,185
542879,544010,547275,3265,1131
547303,547303,547304,1,0
547303,547303,547304,1,0
547303,547303,547305,2,0
547303,547303,547304,1,0
547303,547303,547304,1,0
547303,547303,547304,1,0
547303,547303,547305,2,0
547303,547303,547304,1,0
547303,547303,547304,1,0
547303,547303,547304,1,0
547303,547304,547305,1,1
547303,547304,547305,1,1
547303,547305,547306,1,2
547303,547305,547306,1,2
547303,547305,547306,1,2
547303,547305,547306,1,2
547303,547305,547306,1,2
547303,547305,547306,1,2
547303,547305,547307,2,2
547303,547305,547307,2,2
547303,547305,547306,1,2
547303,547306,547307,1,3
547303,547306,547307,1,3
547303,547306,547307,1,3
547303,547303,547308,5,0
547303,547306,547307,1,3
547303,547307,547308,1,4
547303,547307,547308,1,4
547303,547307,547308,1,4
547303,547307,547309,2,4
547303,547307,547309,2,4
547303,547307,547309,2,4
547303,547308,547309,1,5
547303,547308,547309,1,5
547303,547308,547309,1,5
547303,547308,547309,1,5
547303,547306,547309,3,3
547303,547308,547310,2,5
547303,547309,547310,1,6
547303,547309,547310,1,6
547303,547309,547310,1,6
547303,547309,547311,2,6
547303,547309,547311,2,6
547303,547309,547311,2,6
547303,547309,547310,1,6
547303,547310,547311,1,7
547303,547310,547311,1,7
547303,547310,547311,1,7
547303,547310,547311,1,7
547303,547310,547311,1,7
547303,547311,547312,1,8
547303,547311,547312,1,8
547303,547311,547313,2,8
547303,547311,547313,2,8
547303,547311,547313,2,8
547303,547311,547312,1,8
547303,547305,547314,9,2
547303,547313,547314,1,10
547303,547313,547315,2,10
547303,547311,547315,4,8
547303,547313,547315,2,10
547303,547313,547314,1,10
547303,547314,547315,1,11
547303,547315,547316,1,12
547303,547312,547316,4,9
547303,547312,547315,3,9
547303,547314,547316,2,11
547303,547315,547316,1,12
547303,547315,547317,2,12
547303,547315,547317,2,12
547303,547315,547316,1,12
547303,547317,547318,1,14
547303,547316,547318,2,13
547303,547316,547318,2,13
547303,547315,547318,3,12
547303,547317,547319,2,14
542361,542536,547319,4783,175
547303,547317,547319,2,14
547303,547318,547319,1,15
547303,547319,547320,1,16
547303,547320,547321,1,17
547303,547319,547321,2,16
547303,547316,547321,5,13
547303,547321,547322,1,18
547303,547321,547322,1,18
547303,547321,547322,1,18
547303,547318,547321,3,15
547303,547321,547322,1,18
547303,547322,547323,1,19
547303,547321,547323,2,18
547303,547318,547323,5,15
547303,547321,547323,2,18
547303,547323,547324,1,20
547303,547323,547324,1,20
547303,547322,547323,1,19
547303,547324,547325,1,21
547303,547324,547325,1,21
547303,547324,547325,1,21
547303,547325,547326,1,22
547303,547325,547326,1,22
547303,547323,547326,3,20
547303,547318,547326,8,15
547303,547323,547326,3,20
547303,547324,547326,2,21
547303,547326,547327,1,23
547303,547326,547327,1,23
547303,547325,547326,1,22
547303,547326,547327,1,23
547303,547319,547327,8,16
547303,547319,547327,8,16
547303,547327,547328,1,24
547303,547327,547328,1,24
547303,547327,547328,1,24
547303,547326,547328,2,23
547303,547327,547328,1,24
547303,547328,547329,1,25
547303,547328,547329,1,25
547303,547328,547329,1,25
547303,547324,547329,5,21
547303,547328,547329,1,25
547303,547328,547329,1,25
547303,547328,547331,3,25
547303,547327,547331,4,24
542358,542535,547332,4797,177
547303,547329,547332,3,26
547303,547307,547333,26,4
547303,547327,547334,7,24
547303,547328,547335,7,25
543143,544200,547411,3211,1057
547575,547575,547576,1,0
547575,547575,547576,1,0
547575,547575,547576,1,0
547575,547575,547576,1,0
547575,547575,547576,1,0
547575,547575,547576,1,0
547575,547575,547576,1,0
547575,547575,547576,1,0
547575,547576,547577,1,1
547575,547576,547577,1,1
547575,547576,547577,1,1
547575,547576,547577,1,1
547575,547575,547577,2,0
547575,547577,547578,1,2
547575,547577,547578,1,2
547575,547577,547578,1,2
547575,547577,547578,1,2
547575,547578,547579,1,3
547575,547578,547579,1,3
547575,547578,547579,1,3
547575,547578,547579,1,3
547575,547578,547579,1,3
547575,547577,547580,3,2
547575,547579,547580,1,4
547575,547579,547580,1,4
547575,547579,547580,1,4
547575,547579,547580,1,4
547575,547579,547580,1,4
547575,547577,547580,3,2
547575,547575,547581,6,0
547575,547575,547581,6,0
547575,547580,547581,1,5
547575,547580,547581,1,5
547575,547580,547581,1,5
547575,547580,547581,1,5
547575,547580,547581,1,5
547575,547578,547581,3,3
547575,547575,547582,7,0
547575,547580,547581,1,5
547575,547581,547582,1,6
547575,547581,547582,1,6
547575,547581,547582,1,6
547575,547581,547582,1,6
547575,547581,547582,1,6
547575,547581,547582,1,6
547575,547582,547583,1,7
547575,547582,547583,1,7
547575,547582,547583,1,7
547575,547582,547583,1,7
547575,547577,547584,7,2
547575,547582,547583,1,7
547575,547583,547584,1,8
547575,547583,547584,1,8
547575,547582,547584,2,7
547575,547583,547584,1,8
547575,547582,547585,3,7
547575,547583,547584,1,8
547575,547584,547585,1,9
547575,547584,547585,1,9
547575,547583,547585,2,8
547575,547585,547586,1,10
547575,547584,547585,1,9
547575,547584,547585,1,9
547575,547581,547585,4,6
547575,547585,547586,1,10
547575,547585,547586,1,10
547575,547584,547586,2,9
547575,547575,547586,11,0
547575,547585,547587,2,10
547575,547585,547586,1,10
547575,547586,547587,1,11
547575,547586,547587,1,11
547575,547586,547587,1,11
547575,547586,547588,2,11
547575,547577,547588,11,2
547575,547588,547589,1,13
547575,547588,547589,1,13
547575,547587,547588,1,12
547575,547587,547589,2,12
547575,547586,547589,3,11
547575,547581,547590,9,6
547575,547589,547590,1,14
547575,547589,547590,1,14
547575,547587,547590,3,12
547575,547589,547591,2,14
547575,547590,547591,1,15
547575,547591,547592,1,16
547575,547590,547592,2,15
547575,547592,547593,1,17
547575,547592,547593,1,17
547575,547591,547592,1,16
547575,547591,547593,2,16
547575,547588,547592,4,13
547575,547593,547594,1,18
547575,547590,547594,4,15
547575,547594,547595,1,19
547575,547593,547594,1,18
547575,547594,547595,1,19
547575,547594,547595,1,19
547575,547593,547595,2,18
547575,547587,547594,7,12
547575,547593,547595,2,18
547575,547593,547595,2,18
547575,547595,547596,1,20
547575,547595,547596,1,20
547575,547588,547595,7,13
547575,547591,547596,5,16
547575,547596,547597,1,21
547575,547596,547597,1,21
547575,547595,547596,1,20
547575,547596,547597,1,21
547575,547596,547597,1,21
547575,547595,547597,2,20
547575,547592,547597,5,17
547575,547586,547598,12,11
547575,547596,547598,2,21
547575,547594,547598,4,19
547575,547595,547597,2,20
547575,547595,547598,3,20
547575,547595,547601,6,20
547702,547702,547703,1,0
547702,547702,547703,1,0
547702,547702,547703,1,0
547702,547702,547703,1,0
547702,547702,547703,1,0
547702,547702,547703,1,0
547702,547702,547704,2,0
547702,547703,547704,1,1
547702,547703,547704,1,1
547702,547702,547703,1,0
547702,547703,547704,1,1
547702,547703,547704,1,1
547702,547704,547705,1,2
547702,547704,547705,1,2
547702,547704,547705,1,2
547702,547704,547705,1,2
547702,547704,547705,1,2
547702,547704,547706,2,2
547702,547704,547706,2,2
547702,547704,547706,2,2
547702,547705,547706,1,3
547702,547705,547706,1,3
547702,547705,547706,1,3
547702,547705,547706,1,3
547702,547706,547707,1,4
547702,547706,547707,1,4
547702,547705,547706,1,3
547702,547706,547707,1,4
547702,547706,547707,1,4
547702,547706,547707,1,4
547702,547706,547708,2,4
547702,547706,547707,1,4
547702,547707,547708,1,5
547702,547707,547708,1,5
547702,547707,547708,1,5
547702,547707,547708,1,5
547702,547702,547709,7,0
547702,547702,547709,7,0
547702,547702,547709,7,0
547702,547708,547709,1,6
547702,547708,547709,1,6
547702,547702,547710,8,0
547702,547702,547710,8,0
547702,547708,547710,2,6
547702,547708,547710,2,6
547702,547709,547710,1,7
547702,547708,547710,2,6
547702,547709,547711,2,7
547702,547709,547711,2,7
547702,547710,547711,1,8
547702,547710,547711,1,8
547702,547710,547712,2,8
547702,547710,547712,2,8
547702,547712,547713,1,10
547702,547712,547713,1,10
547702,547702,547713,11,0
547702,547713,547714,1,11
547702,547711,547713,2,9
547702,547712,547714,2,10
547702,547712,547714,2,10
547702,547713,547714,1,11
547702,547714,547715,1,12
547702,547714,547715,1,12
547702,547709,547715,6,7
547702,547715,547716,1,13
547702,547715,547716,1,13
547702,547715,547716,1,13
547702,547715,547716,1,13
547702,547715,547716,1,13
547702,547714,547716,2,12
547702,547714,547716,2,12
547702,547714,547716,2,12
547702,547716,547717,1,14
547702,547716,547717,1,14
547702,547716,547717,1,14
547702,547716,547717,1,14
547702,547717,547718,1,15
547702,547717,547718,1,15
547702,547717,547718,1,15
547702,547717,547718,1,15
547702,547717,547718,1,15
547702,547710,547718,8,8
547702,547710,547718,8,8
547702,547716,547718,2,14
547702,547718,547719,1,16
547702,547718,547719,1,16
547702,547718,547719,1,16
547702,547718,547719,1,16
547702,547718,547719,1,16
547702,547711,547719,8,9
547702,547711,547719,8,9
547702,547717,547719,2,15
547702,547717,547719,2,15
547702,547719,547720,1,17
547702,547719,547720,1,17
547702,547719,547720,1,17
547702,547719,547720,1,17
547702,547718,547720,2,16
547702,547718,547720,2,16
547702,547713,547720,7,11
547702,547720,547721,1,18
547702,547720,547721,1,18
547702,547719,547720,1,17
547702,547720,547721,1,18
547702,547720,547721,1,18
547702,547718,547721,3,16
547702,547719,547721,2,17
547702,547720,547721,1,18
547702,547720,547721,1,18
547702,547720,547721,1,18
547702,547721,547722,1,19
547702,547721,547722,1,19
547702,547721,547722,1,19
547702,547721,547722,1,19
547702,547721,547722,1,19
547702,547715,547722,7,13
547702,547722,547723,1,20
547702,547722,547723,1,20
547702,547722,547723,1,20
547702,547722,547723,1,20
547702,547722,547723,1,20
547702,547721,547723,2,19
547702,547723,547724,1,21
547702,547722,547725,3,20
547702,547722,547724,2,20
547702,547723,547724,1,21
547702,547720,547727,7,18
547702,547721,547727,6,19
547702,547720,547728,8,18
547702,547722,547729,7,20
547702,547723,547729,6,21
547702,547722,547730,8,20
542486,542797,547749,4952,311
547836,547836,547837,1,0
547836,547836,547837,1,0
547836,547836,547837,1,0
547836,547836,547838,2,0
547836,547836,547838,2,0
547836,547836,547837,1,0
547836,547836,547838,2,0
547836,547836,547838,2,0
547836,547836,547837,1,0
547836,547837,547838,1,1
547836,547836,547837,1,0
547836,547837,547838,1,1
547836,547837,547838,1,1
547836,547838,547839,1,2
547836,547838,547839,1,2
547836,547838,547839,1,2
547836,547838,547839,1,2
547836,547838,547839,1,2
547836,547838,547840,2,2
547836,547838,547840,2,2
547836,547839,547840,1,3
547836,547839,547840,1,3
547836,547839,547840,1,3
547836,547839,547840,1,3
547836,547839,547840,1,3
547836,547838,547840,2,2
547836,547840,547841,1,4
547836,547840,547841,1,4
547836,547840,547842,2,4
547836,547840,547842,2,4
547836,547841,547842,1,5
547836,547841,547843,2,5
547836,547842,547843,1,6
547836,547843,547844,1,7
547836,547836,547844,8,0
547836,547836,547844,8,0
547836,547843,547844,1,7
547836,547843,547844,1,7
547836,547844,547845,1,8
547836,547836,547845,9,0
547836,547842,547845,3,6
547836,547842,547845,3,6
547836,547845,547846,1,9
547836,547845,547846,1,9
547836,547844,547845,1,8
547836,547844,547845,1,8
547836,547843,547846,3,7
547836,547844,547846,2,8
547836,547838,547846,8,2
547836,547844,547846,2,8
547836,547846,547847,1,10
547836,547846,547847,1,10
547836,547845,547846,1,9
547836,547846,547847,1,10
547836,547846,547847,1,10
547836,547845,547847,2,9
547836,547845,547847,2,9
547836,547846,547847,1,10
547836,547847,547848,1,11
547836,547847,547848,1,11
547836,547836,547847,11,0
547836,547846,547848,2,10
547836,547846,547848,2,10
547836,547847,547848,1,11
547836,547847,547848,1,11
547836,547847,547848,1,11
547836,547848,547849,1,12
547836,547848,547849,1,12
547836,547848,547850,2,12
547836,547849,547850,1,13
547836,547848,547849,1,12
547836,547849,547850,1,13
547836,547849,547850,1,13
547836,547836,547850,14,0
547836,547849,547850,1,13
547836,547850,547851,1,14
547836,547850,547851,1,14
547836,547848,547851,3,12
547836,547838,547851,13,2
547836,547850,547851,1,14
547836,547850,547851,1,14
547836,547850,547851,1,14
547836,547850,547851,1,14
547836,547851,547852,1,15
547836,547848,547852,4,12
547836,547851,547852,1,15
547836,547851,547852,1,15
547836,547851,547852,1,15
547836,547852,547853,1,16
547836,547852,547853,1,16
547836,547851,547853,2,15
547836,547846,547853,7,10
547836,547847,547853,6,11
547836,547851,547853,2,15
547836,547852,547853,1,16
547836,547853,547854,1,17
547836,547853,547854,1,17
547836,547852,547854,2,16
547836,547846,547854,8,10
547836,547853,547854,1,17
547836,547852,547854,2,16
547836,547853,547854,1,17
547836,547853,547854,1,17
547836,547854,547855,1,18
547836,547854,547855,1,18
547836,547854,547855,1,18
547836,547853,547855,2,17
547836,547855,547856,1,19
547836,547855,547856,1,19
547836,547855,547856,1,19
547836,547855,547856,1,19
547836,547855,547856,1,19
547836,547852,547856,4,16
547836,547855,547856,1,19
547836,547855,547856,1,19
547836,547856,547857,1,20
547836,547856,547857,1,20
547836,547856,547857,1,20
547836,547856,547857,1,20
547836,547856,547858,2,20
547836,547857,547858,1,21
547836,547857,547858,1,21
547836,547857,547858,1,21
547836,547858,547859,1,22
547836,547857,547859,2,21
547836,547857,547859,2,21
547836,547858,547859,1,22
547836,547859,547860,1,23
547836,547849,547860,11,13
547836,547858,547860,2,22
547836,547859,547860,1,23
547836,547859,547860,1,23
547836,547859,547860,1,23
547836,547860,547861,1,24
547836,547860,547861,1,24
547836,547854,547861,7,18
547836,547854,547861,7,18
547836,547854,547861,7,18
547836,547854,547861,7,18
547836,547857,547863,6,21
547836,547860,547865,5,24
547836,547860,547865,5,24
547836,547855,547868,13,19
547836,547861,547869,8,25
542621,543195,547964,4769,574
548241,548241,548242,1,0
548241,548241,548242,1,0
548241,548241,548242,1,0
548241,548241,548242,1,0
548241,548241,548243,2,0
548241,548241,548242,1,0
548241,548241,548243,2,0
548241,548241,548243,2,0
548241,548241,548242,1,0
548241,548241,548242,1,0
548241,548242,548243,1,1
548241,548242,548243,1,1
548241,548241,548242,1,0
548241,548242,548243,1,1
548241,548242,548243,1,1
548241,548241,548242,1,0
548241,548243,548244,1,2
548241,548243,548244,1,2
548241,548243,548244,1,2
548241,548243,548244,1,2
548241,548243,548244,1,2
548241,548243,548245,2,2
548241,548241,548244,3,0
548241,548241,548245,4,0
548241,548243,548245,2,2
548241,548243,548245,2,2
548241,548244,548245,1,3
548241,548244,548245,1,3
548241,548244,548245,1,3
548241,548244,548245,1,3
548241,548244,548245,1,3
548241,548245,548246,1,4
548241,548245,548246,1,4
548241,548245,548246,1,4
548241,548245,548246,1,4
548241,548245,548246,1,4
548241,548245,548246,1,4
548241,548245,548246,1,4
548241,548245,548246,1,4
548241,548245,548247,2,4
548241,548246,548247,1,5
548241,548246,548247,1,5
548241,548245,548246,1,4
548241,548246,548247,1,5
548241,548246,548247,1,5
548241,548247,548248,1,6
548241,548247,548249,2,6
548241,548247,548249,2,6
548241,548247,548249,2,6
548241,548249,548250,1,8
548241,548243,548250,7,2
548241,548243,548250,7,2
548241,548243,548250,7,2
548241,548241,548250,9,0
548241,548241,548250,9,0
548241,548247,548250,3,6
548241,548249,548250,1,8
548241,548250,548251,1,9
548241,548249,548251,2,8
548241,548243,548251,8,2
548241,548249,548251,2,8
548241,548251,548252,1,10
548241,548250,548251,1,9
548241,548251,548252,1,10
548241,548247,548252,5,6
548241,548250,548252,2,9
548241,548250,548252,2,9
548241,548250,548252,2,9
548241,548250,548252,2,9
548241,548252,548253,1,11
548241,548252,548253,1,11
548241,548251,548253,2,10
548241,548251,548253,2,10
548241,548253,548254,1,12
548241,548252,548253,1,11
548241,548253,548254,1,12
548241,548252,548254,2,11
548241,548253,548254,1,12
548241,548254,548255,1,13
548241,548254,548255,1,13
548241,548254,548255,1,13
548241,548254,548255,1,13
548241,548253,548255,2,12
548241,548247,548254,7,6
548241,548255,548256,1,14
548241,548255,548256,1,14
548241,548254,548255,1,13
548241,548255,548256,1,14
548241,548255,548256,1,14
548241,548254,548256,2,13
548241,548254,548256,2,13
548241,548255,548256,1,14
548241,548256,548257,1,15
548241,548256,548257,1,15
548241,548256,548257,1,15
548241,548256,548257,1,15
548241,548255,548257,2,14
548241,548250,548257,7,9
548241,548255,548257,2,14
548241,548257,548258,1,16
548241,548257,548258,1,16
548241,548257,548258,1,16
548241,548257,548258,1,16
548241,548250,548257,7,9
548241,548252,548258,6,11
548241,548251,548259,8,10
548241,548257,548258,1,16
548241,548257,548258,1,16
548241,548258,548259,1,17
548241,548258,548259,1,17
548241,548258,548259,1,17
548241,548257,548259,2,16
548241,548253,548259,6,12
548241,548259,548260,1,18
548241,548259,548260,1,18
548241,548258,548259,1,17
548241,548258,548259,1,17
548241,548259,548260,1,18
548241,548257,548260,3,16
548241,548258,548260,2,17
548241,548253,548260,7,12
548241,548259,548260,1,18
548241,548259,548261,2,18
548241,548259,548261,2,18
548241,548260,548261,1,19
548241,548260,548261,1,19
548241,548260,548261,1,19
548241,548260,548261,1,19
548241,548256,548261,5,15
548241,548260,548261,1,19
548241,548260,548261,1,19
548241,548260,548262,2,19
548241,548257,548261,4,16
548241,548258,548265,7,17
548241,548260,548266,6,19
544186,545004,548320,3316,818
544432,545157,548402,3245,725
548509,548509,548510,1,0
548509,548509,548510,1,0
548509,548509,548510,1,0
548509,548509,548510,1,0
548509,548509,548510,1,0
548509,548509,548510,1,0
548509,548509,548510,1,0
548509,548509,548510,1,0
548509,548509,548510,1,0
548509,548509,548511,2,0
548509,548509,548510,1,0
548509,548509,548510,1,0
548509,548509,548510,1,0
548509,548510,548511,1,1
548509,548510,548511,1,1
548509,548510,548511,1,1
548509,548510,548511,1,1
548509,548510,548511,1,1
548509,548510,548511,1,1
548509,548510,548511,1,1
548509,548511,548512,1,2
548509,548511,548512,1,2
548509,548511,548512,1,2
548509,548511,548512,1,2
548509,548511,548512,1,2
548509,548511,548512,1,2
548509,548511,548512,1,2
548509,548511,548512,1,2
548509,548511,548513,2,2
548509,548512,548513,1,3
548509,548512,548513,1,3
548509,548512,548513,1,3
548509,548512,548513,1,3
548509,548512,548513,1,3
548509,548512,548513,1,3
548509,548512,548513,1,3
548509,548509,548514,5,0
548509,548509,548513,4,0
548509,548511,548514,3,2
548509,548513,548514,1,4
548509,548513,548515,2,4
548509,548511,548515,4,2
548509,548511,548515,4,2
548509,548513,548515,2,4
548509,548509,548516,7,0
548509,548514,548516,2,5
548509,548515,548516,1,6
548509,548515,548516,1,6
548509,548516,548517,1,7
548509,548515,548517,2,6
548509,548515,548517,2,6
548509,548517,548518,1,8
548509,548517,548518,1,8
548509,548517,548518,1,8
548509,548509,548518,9,0
548509,548509,548518,9,0
548509,548516,548518,2,7
548509,548515,548518,3,6
548509,548517,548518,1,8
548509,548517,548518,1,8
548509,548517,548518,1,8
548509,548518,548519,1,9
548509,548518,548519,1,9
548509,548518,548519,1,9
548509,548518,548519,1,9
548509,548518,548519,1,9
548509,548517,548519,2,8
548509,548514,548519,5,5
548509,548511,548519,8,2
548509,548517,548519,2,8
548509,548519,548520,1,10
548509,548519,548520,1,10
548509,548519,548520,1,10
548509,548519,548520,1,10
548509,548519,548520,1,10
548509,548515,548520,5,6
548509,548518,548520,2,9
548509,548519,548520,1,10
548509,548519,548520,1,10
548509,548520,548521,1,11
548509,548520,548521,1,11
548509,548520,548521,1,11
548509,548520,548521,1,11
548509,548519,548521,2,10
548509,548514,548521,7,5
548509,548519,548521,2,10
548509,548519,548521,2,10
548509,548519,548522,3,10
548509,548520,548521,1,11
548509,548521,548522,1,12
548509,548521,548522,1,12
548509,548521,548522,1,12
548509,548521,548522,1,12
548509,548521,548522,1,12
548509,548519,548522,3,10
548509,548522,548523,1,13
548509,548522,548523,1,13
548509,548522,548523,1,13
548509,548522,548523,1,13
548509,548521,548523,2,12
548509,548519,548523,4,10
548509,548522,548523,1,13
548509,548522,548523,1,13
548509,548523,548524,1,14
548509,548522,548523,1,13
548509,548522,548523,1,13
548509,548523,548524,1,14
548509,548523,548524,1,14
548509,548523,548524,1,14
548509,548523,548524,1,14
548509,548518,548524,6,9
548509,548520,548524,4,11
548509,548524,548525,1,15
548509,548524,548525,1,15
548509,548524,548525,1,15
548509,548518,548525,7,9
548509,548524,548525,1,15
548509,548524,548525,1,15
548509,548524,548525,1,15
548509,548524,548525,1,15
548509,548524,548525,1,15
548509,548523,548526,3,14
548509,548525,548526,1,16
548509,548523,548527,4,14
548509,548522,548528,6,13
548509,548524,548528,4,15
548509,548525,548529,4,16
548509,548525,548529,4,16
548509,548521,548533,12,12
548509,548522,548534,12,13
544944,545357,548615,3258,413
545204,545529,548930,3401,325
543141,544199,548994,4795,1058
543524,544201,549009,4808,677
545527,545926,549114,3188,399
545661,545976,549170,3194,315
543815,544580,549347,4767,765
543941,544742,549566,4824,801
546354,546406,549698,3292,52
544434,545157,549912,4755,723
544558,545235,550042,4807,677
545370,545733,550441,4708,363
545393,545832,550539,4707,439
546206,546231,550961,4730,25
528360,528379,679530,151151,19
529838,529861,679533,149672,23
530012,530016,679536,149520,4
526947,526961,679540,152579,14
