submit_time,start_time,end_time,run_time,wait_time
279,279,807,528,0
251,251,823,572,0
257,257,830,573,0
284,284,846,562,0
252,252,851,599,0
259,259,852,593,0
253,253,861,608,0
255,255,865,610,0
262,262,874,612,0
263,263,882,619,0
302,302,888,586,0
256,256,913,657,0
253,253,930,677,0
267,267,932,665,0
258,258,951,693,0
274,274,981,707,0
264,264,991,727,0
293,293,1010,717,0
300,300,1061,761,0
282,282,1071,789,0
812,812,1479,667,0
126065,126065,126067,2,0
126064,126064,126067,3,0
126065,126065,126067,2,0
126065,126065,126068,3,0
126064,126064,126067,3,0
126065,126065,126068,3,0
126065,126065,126068,3,0
126065,126065,126068,3,0
126065,126065,126067,2,0
126066,126066,126068,2,0
126065,126065,126068,3,0
126065,126065,126069,4,0
126066,126066,126069,3,0
126066,126066,126069,3,0
126065,126066,126069,3,1
126066,126066,126069,3,0
126064,126064,126070,6,0
126066,126066,126070,4,0
126066,126066,126070,4,0
126066,126066,126069,3,0
126066,126066,126069,3,0
126066,126066,126070,4,0
126065,126065,126070,5,0
126068,126068,126070,2,0
126068,126068,126070,2,0
126065,126065,126071,6,0
126066,126066,126071,5,0
126067,126067,126071,4,0
126066,126066,126072,6,0
126066,126066,126071,5,0
126067,126068,126071,3,1
126064,126065,126072,7,1
126065,126065,126072,7,0
126068,126068,126071,3,0
126066,126066,126072,6,0
126067,126067,126072,5,0
126070,126070,126072,2,0
126069,126069,126071,2,0
126065,126065,126072,7,0
126065,126065,126072,7,0
126069,126069,126072,3,0
126066,126066,126072,6,0
126067,126067,126072,5,0
126069,126069,126072,3,0
126065,126065,126072,7,0
126066,126066,126073,7,0
126069,126070,126073,3,1
126067,126067,126073,6,0
126067,126067,126073,6,0
126071,126071,126073,2,0
126068,126068,126073,5,0
126070,126070,126073,3,0
126068,126068,126073,5,0
126067,126067,126073,6,0
126067,126067,126074,7,0
126069,126069,126074,5,0
126070,126070,126074,4,0
126070,126070,126074,4,0
126068,126068,126074,6,0
126067,126067,126074,7,0
126067,126067,126075,8,0
126068,126068,126075,7,0
126067,126067,126074,7,0
126068,126069,126074,5,1
126072,126072,126075,3,0
126071,126071,126075,4,0
126070,126070,126076,6,0
126071,126071,126076,5,0
126068,126069,126075,6,1
126070,126070,126075,5,0
126069,126069,126075,6,0
126069,126069,126075,6,0
126071,126071,126075,4,0
126073,126073,126075,2,0
126072,126072,126076,4,0
126068,126068,126076,8,0
126069,126069,126077,8,0
126070,126070,126077,7,0
126073,126073,126076,3,0
126069,126069,126076,7,0
126075,126075,126077,2,0
126073,126073,126077,4,0
126075,126075,126077,2,0
126065,126065,126077,12,0
126066,126067,126077,10,1
126070,126070,126078,8,0
126071,126071,126078,7,0
126067,126067,126078,11,0
126070,126070,126078,8,0
126074,126074,126078,4,0
126073,126073,126079,6,0
126072,126072,126079,7,0
126073,126073,126078,5,0
126076,126076,126079,3,0
126067,126067,126079,12,0
126072,126072,126079,7,0
126075,126075,126080,5,0
126070,126071,126079,8,1
126073,126073,126080,7,0
126071,126071,126080,9,0
126072,126072,126080,8,0
126075,126075,126080,5,0
126076,126076,126081,5,0
126069,126069,126080,11,0
126070,126070,126080,10,0
126076,126076,126081,5,0
126069,126069,126080,11,0
126076,126076,126081,5,0
126072,126072,126081,9,0
126068,126068,126081,13,0
126069,126069,126080,11,0
126073,126073,126081,8,0
126077,126077,126080,3,0
126074,126074,126081,7,0
126074,126074,126081,7,0
126074,126074,126082,8,0
126075,126075,126082,7,0
126073,126073,126082,9,0
126077,126077,126082,5,0
126075,126075,126082,7,0
126069,126069,126082,13,0
126076,126076,126081,5,0
126069,126069,126082,13,0
126074,126074,126083,9,0
126078,126078,126083,5,0
126079,126079,126083,4,0
126080,126080,126084,4,0
126074,126074,126083,9,0
126075,126076,126083,7,1
126078,126079,126084,5,1
126080,126080,126084,4,0
126078,126078,126083,5,0
126081,126082,126084,2,1
126078,126078,126084,6,0
126078,126078,126084,6,0
126071,126071,126084,13,0
126081,126081,126084,3,0
126080,126080,126084,4,0
126079,126079,126085,6,0
126080,126080,126085,5,0
126075,126075,126086,11,0
126073,126073,126085,12,0
126075,126075,126085,10,0
126076,126076,126085,9,0
126082,126082,126085,3,0
126076,126076,126085,9,0
126077,126077,126085,8,0
126075,126075,126085,10,0
126080,126080,126085,5,0
126082,126082,126085,3,0
126080,126080,126085,5,0
126078,126078,126087,9,0
126080,126080,126087,7,0
126077,126077,126086,9,0
126076,126076,126087,11,0
126076,126076,126087,11,0
126080,126080,126087,7,0
126072,126073,126086,13,1
126075,126075,126087,12,0
126078,126078,126087,9,0
126082,126082,126087,5,0
126074,126074,126086,12,0
126076,126076,126086,10,0
126078,126078,126086,8,0
126074,126074,126087,13,0
126074,126075,126087,12,1
126076,126076,126088,12,0
126079,126079,126087,8,0
126083,126083,126087,4,0
126082,126083,126087,4,1
126077,126077,126088,11,0
126080,126080,126088,8,0
126081,126081,126088,7,0
126076,126076,126088,12,0
126078,126079,126088,9,1
126078,126078,126088,10,0
126082,126082,126088,6,0
126082,126082,126088,6,0
126067,126067,126088,21,0
126078,126078,126089,11,0
126074,126074,126089,15,0
126079,126079,126089,10,0
126082,126082,126089,7,0
126074,126074,126089,15,0
126067,126067,126089,22,0
126077,126077,126089,12,0
126080,126080,126089,9,0
126082,126082,126090,8,0
126073,126073,126090,17,0
126078,126078,126089,11,0
126080,126081,126090,9,1
126076,126076,126089,13,0
126080,126080,126089,9,0
126082,126083,126090,7,1
126074,126074,126090,16,0
126083,126083,126090,7,0
126076,126076,126090,14,0
126082,126082,126090,8,0
126079,126079,126090,11,0
126080,126080,126091,11,0
126081,126082,126091,9,1
126082,126082,126090,8,0
126083,126083,126090,7,0
126083,126083,126091,8,0
126077,126077,126091,14,0
126072,126072,126091,19,0
126079,126079,126091,12,0
126080,126080,126091,11,0
126083,126083,126092,9,0
126083,126083,126092,9,0
126080,126080,126092,12,0
126075,126075,126092,17,0
126070,126070,126092,22,0
126082,126082,126093,11,0
126071,126071,126093,22,0
126078,126078,126093,15,0
126075,126075,126094,19,0
126073,126073,126094,21,0
126076,126076,126094,18,0
126074,126074,126095,21,0
126069,126069,126096,27,0
126077,126077,126097,20,0
126079,126079,126097,18,0
126078,126078,126097,19,0
126065,126065,126098,33,0
126077,126077,126098,21,0
126076,126076,126099,23,0
126078,126078,126100,22,0
126080,126080,126100,20,0
126080,126080,126102,22,0
126078,126078,126102,24,0
126067,126067,126103,36,0
126067,126067,126103,36,0
126075,126075,126105,30,0
126077,126077,126110,33,0
126077,126077,126116,39,0
126076,126077,126118,41,1
126083,126083,126121,38,0
126075,126075,126148,73,0
126083,126083,126151,68,0
126187,126188,126266,78,1
126187,126187,126276,89,0
126188,126188,126276,88,0
126187,126187,126288,101,0
126188,126188,126295,107,0
126188,126188,126328,140,0
126187,126187,126340,153,0
126187,126187,126340,153,0
126187,126187,126353,166,0
126188,126188,126353,165,0
126188,126188,126357,169,0
126187,126187,126366,179,0
126465,126465,126915,450,0
127845,127845,127911,66,0
127845,127845,127912,67,0
127845,127845,127916,71,0
127845,127845,127918,73,0
127845,127845,127928,83,0
127845,127845,127937,92,0
127844,127844,127985,141,0
127845,127845,127992,147,0
127845,127845,127996,151,0
127845,127845,128001,156,0
127845,127845,128009,164,0
127845,127845,128017,172,0
128017,128017,128018,1,0
128084,128084,128085,1,0
128355,128355,128455,100,0
128355,128355,128465,110,0
128503,128503,128505,2,0
128504,128504,128506,2,0
128503,128503,128506,3,0
128504,128504,128506,2,0
128503,128503,128506,3,0
128504,128504,128506,2,0
128503,128503,128506,3,0
128503,128503,128506,3,0
128503,128503,128505,2,0
128503,128503,128506,3,0
128503,128503,128506,3,0
128503,128503,128506,3,0
128504,128504,128506,2,0
128504,128504,128507,3,0
128504,128504,128507,3,0
128504,128504,128507,3,0
128504,128504,128507,3,0
128503,128503,128506,3,0
128504,128504,128506,2,0
128504,128504,128508,4,0
128504,128504,128508,4,0
128505,128505,128508,3,0
128503,128504,128507,3,1
128505,128505,128507,2,0
128505,128505,128508,3,0
128503,128503,128509,6,0
128505,128505,128509,4,0
128505,128505,128510,5,0
128503,128503,128509,6,0
128504,128504,128509,5,0
128508,128508,128510,2,0
128508,128508,128510,2,0
128504,128504,128510,6,0
128508,128508,128510,2,0
128507,128508,128511,3,1
128508,128508,128511,3,0
128508,128508,128511,3,0
128508,128508,128511,3,0
128508,128508,128511,3,0
128508,128508,128511,3,0
128508,128508,128510,2,0
128508,128508,128511,3,0
128507,128507,128511,4,0
128508,128508,128511,3,0
128508,128508,128511,3,0
128505,128505,128510,5,0
128505,128505,128511,6,0
128508,128508,128512,4,0
128509,128510,128512,2,1
128510,128510,128512,2,0
128509,128509,128512,3,0
128510,128510,128512,2,0
128508,128509,128512,3,1
128503,128503,128513,10,0
128508,128508,128512,4,0
128510,128510,128512,2,0
128510,128510,128513,3,0
128510,128510,128512,2,0
128509,128509,128513,4,0
128508,128508,128513,5,0
128503,128503,128513,10,0
128510,128510,128514,4,0
128503,128503,128513,10,0
128509,128509,128514,5,0
128512,128512,128514,2,0
128512,128512,128515,3,0
128512,128512,128514,2,0
128509,128509,128514,5,0
128513,128513,128515,2,0
128504,128504,128515,11,0
128509,128509,128515,6,0
128512,128512,128515,3,0
128512,128512,128515,3,0
128512,128512,128515,3,0
128512,128512,128515,3,0
128512,128512,128515,3,0
128512,128513,128515,2,1
128512,128512,128515,3,0
128513,128513,128515,2,0
128510,128510,128516,6,0
128512,128512,128515,3,0
128513,128513,128516,3,0
128513,128513,128516,3,0
128513,128513,128515,2,0
128513,128513,128516,3,0
128513,128513,128516,3,0
128514,128514,128516,2,0
128514,128514,128517,3,0
128513,128514,128516,2,1
128513,128513,128516,3,0
128514,128514,128516,2,0
128514,128514,128516,2,0
128515,128515,128517,2,0
128513,128513,128518,5,0
128514,128514,128517,3,0
128514,128514,128517,3,0
128513,128513,128517,4,0
128515,128515,128517,2,0
128514,128514,128518,4,0
128515,128515,128518,3,0
128515,128515,128518,3,0
128515,128516,128518,2,1
128516,128516,128518,2,0
128513,128513,128517,4,0
128515,128515,128517,2,0
128514,128514,128518,4,0
128515,128515,128518,3,0
128509,128509,128518,9,0
128509,128509,128518,9,0
128516,128516,128519,3,0
128515,128515,128518,3,0
128509,128509,128518,9,0
128513,128513,128519,6,0
128516,128516,128519,3,0
128517,128517,128519,2,0
128517,128517,128519,2,0
128513,128513,128519,6,0
128515,128516,128520,4,1
128516,128516,128519,3,0
128516,128516,128519,3,0
128517,128517,128519,2,0
128517,128517,128520,3,0
128517,128517,128519,2,0
128510,128510,128519,9,0
128517,128517,128519,2,0
128509,128509,128520,11,0
128515,128515,128519,4,0
128518,128518,128520,2,0
128518,128518,128520,2,0
128518,128518,128520,2,0
128518,128518,128520,2,0
128513,128513,128520,7,0
128514,128514,128520,6,0
128518,128518,128521,3,0
128515,128515,128521,6,0
128518,128518,128520,2,0
128517,128517,128521,4,0
128519,128519,128521,2,0
128520,128520,128522,2,0
128520,128520,128522,2,0
128518,128518,128522,4,0
128519,128519,128521,2,0
128519,128519,128522,3,0
128519,128519,128522,3,0
128519,128519,128522,3,0
128519,128519,128521,2,0
128517,128517,128522,5,0
128519,128519,128522,3,0
128505,128505,128522,17,0
128520,128520,128523,3,0
128505,128505,128523,18,0
128519,128519,128522,3,0
128521,128521,128523,2,0
128521,128521,128523,2,0
128520,128520,128523,3,0
128520,128520,128523,3,0
128520,128520,128523,3,0
128520,128520,128523,3,0
128521,128521,128523,2,0
128514,128514,128523,9,0
128521,128521,128523,2,0
128521,128521,128523,2,0
128518,128518,128524,6,0
128522,128522,128524,2,0
128522,128522,128524,2,0
128521,128521,128524,3,0
128522,128522,128524,2,0
128523,128523,128525,2,0
128523,128523,128525,2,0
128522,128523,128525,2,1
128522,128522,128526,4,0
128521,128521,128525,4,0
128522,128522,128525,3,0
128523,128523,128525,2,0
128508,128508,128526,18,0
128523,128523,128526,3,0
128524,128524,128526,2,0
128518,128519,128524,5,1
128519,128519,128523,4,0
128521,128521,128524,3,0
128524,128524,128526,2,0
128524,128524,128526,2,0
128524,128524,128526,2,0
128521,128521,128527,6,0
128523,128523,128527,4,0
128523,128524,128527,3,1
128508,128508,128527,19,0
128523,128523,128527,4,0
128523,128523,128527,4,0
128521,128521,128527,6,0
128523,128523,128527,4,0
128523,128523,128527,4,0
128524,128524,128527,3,0
128524,128524,128527,3,0
128524,128524,128527,3,0
128524,128524,128527,3,0
128524,128525,128527,2,1
128522,128523,128528,5,1
128523,128523,128528,5,0
128510,128510,128527,17,0
128518,128518,128528,10,0
128519,128519,128528,9,0
128516,128516,128528,12,0
128523,128523,128528,5,0
128523,128523,128529,6,0
128520,128520,128529,9,0
128522,128522,128529,7,0
128523,128523,128529,6,0
128527,128527,128530,3,0
128527,128527,128530,3,0
128520,128520,128530,10,0
128527,128527,128529,2,0
128521,128521,128531,10,0
128509,128509,128530,21,0
128521,128521,128531,10,0
128525,128525,128532,7,0
128521,128521,128531,10,0
128523,128523,128532,9,0
128527,128527,128532,5,0
128527,128527,128533,6,0
128522,128522,128533,11,0
128522,128522,128534,12,0
128517,128517,128535,18,0
128519,128519,128537,18,0
128520,128520,128538,18,0
128505,128505,128538,33,0
128505,128505,128539,34,0
128504,128504,128539,35,0
128505,128505,128539,34,0
128521,128521,128541,20,0
128509,128509,128543,34,0
128509,128509,128543,34,0
128522,128522,128557,35,0
128504,128504,128567,63,0
128505,128505,128568,63,0
128505,128505,128569,64,0
128505,128505,128569,64,0
128509,128509,128573,64,0
128523,128523,128587,64,0
128504,128504,128597,93,0
128527,128527,128621,94,0
128527,128527,128621,94,0
128527,128527,128623,96,0
128527,128527,128623,96,0
128527,128527,128625,98,0
128527,128527,128628,101,0
128527,128528,128649,121,1
128527,128527,128660,133,0
128527,128527,128660,133,0
128527,128528,128661,133,1
128527,128527,128743,216,0
128744,128744,128887,143,0
128744,128744,128906,162,0
129432,129432,129434,2,0
129432,129432,129434,2,0
129432,129432,129434,2,0
129432,129432,129434,2,0
129432,129432,129434,2,0
129432,129432,129434,2,0
129432,129432,129434,2,0
129432,129432,129434,2,0
129433,129433,129434,1,0
129433,129433,129434,1,0
129432,129432,129434,2,0
129433,129433,129434,1,0
129432,129432,129435,3,0
129432,129432,129435,3,0
129432,129432,129434,2,0
129432,129433,129435,2,1
129433,129433,129435,2,0
129433,129433,129435,2,0
129432,129432,129434,2,0
129433,129433,129435,2,0
129434,129434,129436,2,0
129432,129433,129435,2,1
129433,129433,129435,2,0
129432,129433,129436,3,1
129434,129434,129436,2,0
129433,129433,129435,2,0
129433,129433,129435,2,0
129434,129434,129436,2,0
129434,129434,129436,2,0
129433,129434,129436,2,1
129434,129434,129437,3,0
129433,129433,129436,3,0
129434,129434,129437,3,0
129434,129434,129437,3,0
129434,129434,129437,3,0
129434,129434,129437,3,0
129435,129435,129437,2,0
129436,129436,129437,1,0
129436,129436,129437,1,0
129435,129436,129437,1,1
129435,129435,129437,2,0
129435,129435,129438,3,0
129435,129435,129438,3,0
129435,129435,129438,3,0
129433,129433,129438,5,0
129434,129434,129437,3,0
129433,129433,129438,5,0
129435,129435,129438,3,0
129433,129433,129438,5,0
129436,129436,129438,2,0
129437,129437,129438,1,0
129437,129437,129438,1,0
129436,129436,129439,3,0
129432,129432,129438,6,0
129433,129433,129438,5,0
129436,129436,129439,3,0
129436,129436,129438,2,0
129433,129433,129439,6,0
129436,129436,129439,3,0
129437,129437,129439,2,0
129436,129436,129439,3,0
129436,129436,129438,2,0
129436,129436,129439,3,0
129437,129437,129439,2,0
129438,129438,129440,2,0
129436,129437,129439,2,1
129438,129438,129440,2,0
129436,129436,129440,4,0
129434,129434,129439,5,0
129437,129437,129439,2,0
129439,129439,129440,1,0
129439,129439,129441,2,0
129439,129439,129440,1,0
129439,129439,129441,2,0
129439,129439,129441,2,0
129438,129438,129440,2,0
129438,129438,129440,2,0
129439,129439,129441,2,0
129438,129438,129441,3,0
129438,129439,129441,2,1
129436,129436,129441,5,0
129439,129439,129441,2,0
129439,129439,129441,2,0
129440,129440,129442,2,0
129437,129438,129442,4,1
129439,129439,129442,3,0
129440,129440,129442,2,0
129436,129436,129442,6,0
129440,129440,129442,2,0
129441,129441,129443,2,0
129436,129436,129442,6,0
129440,129440,129442,2,0
129440,129440,129442,2,0
129440,129440,129442,2,0
129440,129440,129442,2,0
129441,129441,129443,2,0
129441,129441,129443,2,0
129441,129441,129443,2,0
129441,129441,129443,2,0
129440,129440,129442,2,0
129440,129440,129442,2,0
129440,129440,129442,2,0
129441,129441,129443,2,0
129437,129437,129442,5,0
129441,129441,129443,2,0
129439,129439,129443,4,0
129440,129440,129443,3,0
129441,129441,129443,2,0
129440,129440,129443,3,0
129441,129441,129443,2,0
129438,129438,129443,5,0
129440,129440,129443,3,0
129434,129434,129443,9,0
129440,129440,129443,3,0
129441,129441,129443,2,0
129440,129441,129444,3,1
129439,129439,129444,5,0
129442,129442,129444,2,0
129442,129442,129445,3,0
129439,129439,129444,5,0
129441,129441,129444,3,0
129443,129443,129445,2,0
129443,129443,129445,2,0
129443,129443,129445,2,0
129443,129443,129445,2,0
129439,129439,129444,5,0
129442,129442,129445,3,0
129442,129442,129445,3,0
129443,129443,129445,2,0
129440,129441,129446,5,1
129443,129443,129445,2,0
129443,129443,129445,2,0
129443,129443,129445,2,0
129443,129443,129446,3,0
129443,129443,129445,2,0
129443,129444,129446,2,1
129444,129444,129446,2,0
129444,129444,129446,2,0
129443,129443,129446,3,0
129444,129444,129446,2,0
129445,129445,129447,2,0
129444,129444,129446,2,0
129445,129445,129447,2,0
129441,129441,129446,5,0
129444,129444,129447,3,0
129441,129442,129447,5,1
129444,129444,129447,3,0
129445,129445,129447,2,0
129445,129445,129447,2,0
129445,129446,129447,1,1
129445,129445,129447,2,0
129446,129446,129447,1,0
129443,129443,129447,4,0
129444,129444,129447,3,0
129445,129445,129447,2,0
129445,129445,129448,3,0
129445,129445,129448,3,0
129444,129444,129447,3,0
129445,129445,129448,3,0
129446,129446,129448,2,0
129446,129446,129448,2,0
129445,129445,129448,3,0
129445,129445,129448,3,0
129445,129445,129448,3,0
129446,129446,129449,3,0
129446,129446,129449,3,0
129446,129446,129448,2,0
129446,129446,129449,3,0
129447,129447,129449,2,0
129447,129447,129450,3,0
129448,129448,129449,1,0
129448,129448,129450,2,0
129448,129448,129450,2,0
129447,129447,129449,2,0
129448,129448,129450,2,0
129448,129448,129450,2,0
129448,129448,129450,2,0
129441,129441,129450,9,0
129446,129446,129449,3,0
129449,129449,129451,2,0
129441,129441,129450,9,0
129445,129445,129450,5,0
129448,129448,129450,2,0
129446,129446,129450,4,0
129447,129447,129450,3,0
129448,129448,129451,3,0
129447,129447,129451,4,0
129448,129448,129451,3,0
129434,129434,129451,17,0
129448,129448,129451,3,0
129449,129450,129451,1,1
129448,129448,129451,3,0
129449,129449,129452,3,0
129449,129449,129452,3,0
129448,129448,129451,3,0
129449,129449,129451,2,0
129449,129449,129452,3,0
129449,129449,129452,3,0
129449,129449,129452,3,0
129449,129449,129452,3,0
129449,129449,129453,4,0
129449,129449,129452,3,0
129450,129450,129452,2,0
129450,129450,129452,2,0
129451,129451,129453,2,0
129450,129451,129452,1,1
129451,129451,129453,2,0
129451,129451,129454,3,0
129451,129451,129454,3,0
129444,129444,129452,8,0
129449,129449,129453,4,0
129450,129450,129453,3,0
129451,129451,129453,2,0
129449,129449,129454,5,0
129437,129437,129454,17,0
129448,129448,129453,5,0
129448,129448,129453,5,0
129451,129451,129455,4,0
129450,129450,129454,4,0
129450,129450,129455,5,0
129436,129436,129454,18,0
129450,129450,129454,4,0
129451,129452,129454,2,1
129449,129449,129455,6,0
129450,129450,129455,5,0
129447,129447,129456,9,0
129446,129446,129456,10,0
129451,129451,129457,6,0
129451,129452,129456,4,1
129451,129451,129458,7,0
129447,129447,129458,11,0
129449,129449,129460,11,0
129445,129445,129463,18,0
129448,129448,129466,18,0
129448,129448,129468,20,0
129440,129440,129475,35,0
129451,129451,129481,30,0
129449,129449,129482,33,0
129433,129433,129496,63,0
129448,129448,129512,64,0
129452,129452,129523,71,0
129452,129452,129525,73,0
129453,129455,129526,71,2
129454,129454,129535,81,0
129452,129452,129535,83,0
129452,129452,129536,84,0
129453,129454,129536,82,1
129452,129452,129539,87,0
129453,129455,129541,86,2
129452,129452,129542,90,0
129453,129453,129547,94,0
129452,129452,129548,96,0
129454,129455,129549,94,1
129453,129456,129550,94,3
129452,129452,129549,97,0
129453,129455,129555,100,2
129452,129452,129552,100,0
129453,129453,129558,105,0
129453,129453,129559,106,0
129453,129453,129598,145,0
129452,129452,129614,162,0
129452,129452,129615,163,0
129453,129453,129644,191,0
129645,129645,129873,228,0
129645,129645,129873,228,0
124896,124896,130216,5320,0
130365,130366,130449,83,1
130365,130365,130449,84,0
130365,130366,130450,84,1
130365,130365,130451,86,0
130365,130365,130453,88,0
130365,130365,130462,97,0
130365,130365,130469,104,0
130365,130365,130480,115,0
130365,130365,130527,162,0
130365,130365,130531,166,0
130365,130365,130531,166,0
130365,130365,130537,172,0
130538,130538,130610,72,0
130538,130538,130640,102,0
130862,130862,130864,2,0
130862,130862,130864,2,0
130863,130863,130864,1,0
130862,130862,130865,3,0
130862,130862,130864,2,0
130862,130862,130864,2,0
130862,130862,130864,2,0
130862,130862,130864,2,0
130862,130862,130864,2,0
130862,130862,130864,2,0
130862,130862,130865,3,0
130863,130863,130865,2,0
130863,130863,130865,2,0
130863,130863,130865,2,0
130863,130863,130865,2,0
130863,130863,130865,2,0
130864,130864,130865,1,0
130863,130863,130865,2,0
130864,130864,130865,1,0
130863,130863,130865,2,0
130863,130863,130865,2,0
130864,130864,130866,2,0
130864,130864,130865,1,0
130864,130864,130866,2,0
130863,130863,130865,2,0
130863,130863,130866,3,0
130864,130864,130866,2,0
130863,130863,130865,2,0
130863,130863,130865,2,0
130864,130864,130866,2,0
130864,130864,130866,2,0
130864,130864,130866,2,0
130863,130863,130866,3,0
130865,130865,130867,2,0
130863,130863,130866,3,0
130863,130864,130866,2,1
130864,130864,130867,3,0
130865,130865,130867,2,0
130865,130865,130867,2,0
130865,130865,130867,2,0
130864,130864,130867,3,0
130866,130866,130868,2,0
130866,130866,130867,1,0
130863,130863,130868,5,0
130864,130864,130868,4,0
130866,130866,130868,2,0
130862,130863,130868,5,1
130866,130866,130868,2,0
130864,130864,130867,3,0
130866,130866,130868,2,0
130865,130865,130867,2,0
130865,130865,130867,2,0
130865,130865,130868,3,0
130865,130865,130867,2,0
130865,130865,130867,2,0
130866,130866,130869,3,0
130866,130867,130868,1,1
130867,130867,130868,1,0
130867,130867,130868,1,0
130864,130864,130869,5,0
130867,130867,130869,2,0
130867,130867,130869,2,0
130866,130866,130868,2,0
130864,130864,130869,5,0
130866,130866,130869,3,0
130867,130867,130869,2,0
130867,130867,130869,2,0
130866,130866,130869,3,0
130868,130868,130869,1,0
130867,130868,130870,2,1
130868,130868,130870,2,0
130868,130868,130870,2,0
130868,130868,130870,2,0
130867,130867,130870,3,0
130867,130867,130870,3,0
130866,130866,130871,5,0
130869,130869,130870,1,0
130867,130867,130870,3,0
130867,130867,130870,3,0
130867,130867,130870,3,0
130868,130868,130870,2,0
130869,130869,130871,2,0
130868,130868,130870,2,0
130869,130869,130871,2,0
130869,130869,130870,1,0
130869,130869,130871,2,0
130869,130869,130871,2,0
130868,130868,130871,3,0
130867,130867,130871,4,0
130868,130868,130871,3,0
130869,130869,130871,2,0
130868,130868,130871,3,0
130868,130868,130871,3,0
130869,130869,130871,2,0
130866,130866,130871,5,0
130869,130869,130872,3,0
130869,130869,130871,2,0
130870,130870,130872,2,0
130870,130870,130872,2,0
130870,130870,130872,2,0
130867,130867,130872,5,0
130869,130869,130872,3,0
130865,130865,130873,8,0
130870,130870,130873,3,0
130869,130870,130872,2,1
130870,130870,130872,2,0
130863,130863,130872,9,0
130870,130870,130873,3,0
130871,130871,130873,2,0
130868,130868,130872,4,0
130870,130870,130872,2,0
130871,130871,130873,2,0
130871,130871,130873,2,0
130871,130871,130873,2,0
130870,130870,130872,2,0
130871,130871,130873,2,0
130871,130871,130873,2,0
130871,130871,130873,2,0
130872,130872,130873,1,0
130871,130871,130873,2,0
130870,130870,130873,3,0
130872,130872,130874,2,0
130871,130871,130874,3,0
130871,130871,130874,3,0
130872,130872,130874,2,0
130872,130872,130874,2,0
130872,130872,130874,2,0
130872,130872,130874,2,0
130872,130872,130875,3,0
130870,130870,130874,4,0
130871,130871,130874,3,0
130872,130872,130874,2,0
130872,130872,130874,2,0
130873,130873,130875,2,0
130872,130872,130874,2,0
130872,130872,130875,3,0
130873,130873,130875,2,0
130873,130873,130875,2,0
130871,130871,130875,4,0
130872,130872,130875,3,0
130873,130873,130875,2,0
130866,130866,130875,9,0
130873,130873,130875,2,0
130874,130874,130875,1,0
130873,130873,130875,2,0
130872,130873,130875,2,1
130874,130874,130876,2,0
130864,130864,130876,12,0
130870,130871,130876,5,1
130875,130875,130877,2,0
130874,130875,130876,1,1
130873,130874,130876,2,1
130874,130874,130876,2,0
130874,130874,130876,2,0
130873,130873,130876,3,0
130875,130875,130876,1,0
130874,130874,130877,3,0
130875,130875,130877,2,0
130870,130870,130876,6,0
130871,130872,130876,4,1
130874,130874,130877,3,0
130872,130872,130877,5,0
130874,130874,130877,3,0
130876,130876,130877,1,0
130876,130876,130877,1,0
130876,130876,130877,1,0
130874,130874,130877,3,0
130874,130874,130878,4,0
130875,130875,130878,3,0
130875,130875,130878,3,0
130875,130875,130878,3,0
130875,130875,130878,3,0
130875,130875,130877,2,0
130876,130876,130878,2,0
130873,130873,130878,5,0
130875,130875,130878,3,0
130875,130875,130878,3,0
130875,130875,130878,3,0
130877,130877,130879,2,0
130873,130873,130878,5,0
130875,130876,130879,3,1
130876,130876,130879,3,0
130877,130877,130879,2,0
130877,130877,130879,2,0
130877,130877,130879,2,0
130870,130870,130879,9,0
130876,130876,130879,3,0
130876,130876,130879,3,0
130874,130874,130879,5,0
130878,130878,130879,1,0
130878,130878,130880,2,0
130877,130877,130879,2,0
130877,130877,130879,2,0
130877,130877,130879,2,0
130874,130874,130879,5,0
130876,130876,130879,3,0
130877,130878,130879,1,1
130878,130878,130880,2,0
130878,130878,130879,1,0
130878,130878,130880,2,0
130871,130871,130880,9,0
130878,130878,130880,2,0
130877,130877,130880,3,0
130876,130876,130881,5,0
130877,130877,130880,3,0
130876,130876,130880,4,0
130879,130879,130881,2,0
130870,130870,130880,10,0
130877,130877,130880,3,0
130878,130878,130881,3,0
130878,130878,130881,3,0
130878,130879,130881,2,1
130878,130878,130881,3,0
130875,130875,130881,6,0
130879,130879,130881,2,0
130876,130877,130881,4,1
130879,130879,130882,3,0
130879,130879,130882,3,0
130865,130865,130881,16,0
130873,130873,130882,9,0
130879,130879,130882,3,0
130877,130877,130882,5,0
130866,130866,130883,17,0
130877,130877,130883,6,0
130877,130877,130883,6,0
130879,130879,130884,5,0
130878,130878,130884,6,0
130879,130879,130885,6,0
130879,130879,130885,6,0
130874,130874,130886,12,0
130877,130877,130886,9,0
130869,130870,130887,17,1
130869,130869,130886,17,0
130874,130874,130891,17,0
130873,130873,130891,18,0
130877,130877,130894,17,0
130862,130862,130896,34,0
130866,130866,130899,33,0
130869,130869,130902,33,0
130880,130880,130911,31,0
130880,130880,130911,31,0
130880,130880,130912,32,0
130879,130880,130916,36,1
130880,130880,130916,36,0
130879,130879,130920,41,0
130879,130879,130923,44,0
130866,130866,130929,63,0
130880,130880,130944,64,0
130880,130880,130950,70,0
130880,130880,130954,74,0
130955,130955,130986,31,0
130955,130955,131002,47,0
124897,124897,131738,6841,0
124896,124896,131955,7059,0
124898,124898,132186,7288,0
132009,132009,132645,636,0
132033,132033,132647,614,0
132013,132013,132698,685,0
132041,132041,132704,663,0
132039,132039,132704,665,0
132014,132014,132716,702,0
132025,132025,132740,715,0
132019,132019,132740,721,0
132010,132010,132767,757,0
132015,132015,132776,761,0
132011,132012,132777,765,1
132036,132036,132780,744,0
132017,132017,132785,768,0
132031,132031,132813,782,0
132020,132020,132830,810,0
132026,132027,132833,806,1
132873,132873,132876,3,0
132873,132873,132877,4,0
132873,132873,132876,3,0
132873,132873,132877,4,0
132873,132873,132877,4,0
132873,132873,132878,5,0
132874,132874,132877,3,0
132875,132875,132878,3,0
132873,132873,132878,5,0
132875,132875,132878,3,0
132874,132874,132877,3,0
132875,132875,132878,3,0
132874,132874,132878,4,0
132875,132875,132878,3,0
132875,132875,132878,3,0
132875,132875,132878,3,0
132873,132873,132877,4,0
132874,132874,132879,5,0
132873,132873,132879,6,0
132873,132873,132879,6,0
132873,132873,132878,5,0
132875,132875,132879,4,0
132874,132874,132879,5,0
132876,132876,132879,3,0
132874,132874,132879,5,0
132876,132876,132879,3,0
132875,132875,132878,3,0
132876,132876,132879,3,0
132875,132875,132879,4,0
132875,132875,132879,4,0
132876,132876,132880,4,0
132874,132874,132880,6,0
132874,132874,132880,6,0
132873,132873,132880,7,0
132877,132877,132881,4,0
132877,132877,132880,3,0
132875,132875,132881,6,0
132877,132877,132880,3,0
132877,132877,132880,3,0
132878,132878,132881,3,0
132878,132878,132881,3,0
132878,132878,132882,4,0
132875,132876,132881,5,1
132877,132877,132881,4,0
132878,132878,132882,4,0
132878,132878,132883,5,0
132877,132877,132882,5,0
132879,132879,132882,3,0
132879,132879,132883,4,0
132880,132880,132883,3,0
132879,132879,132883,4,0
132880,132880,132883,3,0
132880,132880,132884,4,0
132876,132876,132884,8,0
132880,132880,132884,4,0
132881,132881,132884,3,0
132878,132878,132883,5,0
132881,132881,132884,3,0
132881,132881,132884,3,0
132878,132878,132885,7,0
132879,132879,132885,6,0
132879,132880,132885,5,1
132880,132880,132884,4,0
132882,132882,132885,3,0
132881,132881,132884,3,0
132879,132879,132885,6,0
132880,132880,132885,5,0
132882,132882,132885,3,0
132882,132882,132886,4,0
132882,132882,132886,4,0
132882,132882,132886,4,0
132882,132882,132885,3,0
132882,132882,132885,3,0
132880,132880,132886,6,0
132882,132882,132886,4,0
132882,132882,132885,3,0
132883,132883,132886,3,0
132882,132882,132886,4,0
132880,132880,132886,6,0
132881,132881,132886,5,0
132882,132882,132886,4,0
132876,132876,132886,10,0
132882,132882,132887,5,0
132881,132881,132886,5,0
132882,132882,132887,5,0
132883,132883,132887,4,0
132881,132881,132888,7,0
132882,132882,132887,5,0
132883,132883,132887,4,0
132883,132883,132887,4,0
132885,132885,132888,3,0
132882,132882,132887,5,0
132884,132884,132887,3,0
132884,132884,132888,4,0
132884,132884,132888,4,0
132885,132885,132888,3,0
132885,132885,132888,3,0
132885,132885,132888,3,0
132885,132885,132889,4,0
132885,132885,132889,4,0
132883,132883,132890,7,0
132886,132886,132889,3,0
132886,132886,132889,3,0
132886,132886,132890,4,0
132884,132884,132890,6,0
132880,132880,132890,10,0
132885,132886,132890,4,1
132885,132885,132891,6,0
132885,132885,132891,6,0
132885,132885,132891,6,0
132885,132885,132891,6,0
132886,132886,132891,5,0
132886,132886,132891,5,0
132885,132885,132892,7,0
132886,132886,132892,6,0
132886,132886,132893,7,0
132883,132883,132893,10,0
132876,132876,132895,19,0
132878,132878,132897,19,0
132886,132886,132896,10,0
132899,132900,132933,33,1
132900,132900,132933,33,0
132011,132011,132989,978,0
132028,132028,132989,961,0
132022,132022,133016,994,0
132016,132016,133018,1002,0
124897,124898,133076,8178,1
124897,124897,133084,8187,0
124897,124897,133099,8202,0
132648,132649,133292,643,1
124898,124898,133302,8404,0
133346,133346,133348,2,0
133346,133346,133348,2,0
133346,133346,133348,2,0
133347,133347,133349,2,0
133346,133346,133349,3,0
133347,133347,133350,3,0
133347,133347,133350,3,0
133346,133346,133349,3,0
133347,133347,133350,3,0
133348,133348,133350,2,0
133346,133346,133350,4,0
133347,133347,133350,3,0
133347,133347,133350,3,0
133347,133347,133350,3,0
133346,133346,133351,5,0
133347,133347,133351,4,0
133349,133349,133351,2,0
133348,133348,133351,3,0
133346,133346,133351,5,0
133347,133347,133351,4,0
133348,133348,133351,3,0
133347,133347,133351,4,0
133349,133349,133351,2,0
133348,133348,133351,3,0
133347,133348,133351,3,1
133349,133349,133352,3,0
133349,133349,133352,3,0
133346,133346,133353,7,0
133347,133347,133352,5,0
133348,133348,133352,4,0
133348,133348,133353,5,0
133348,133348,133353,5,0
133349,133349,133353,4,0
133348,133348,133353,5,0
133350,133350,133354,4,0
133351,133351,133354,3,0
133349,133349,133354,5,0
133348,133348,133353,5,0
133351,133351,133353,2,0
133349,133349,133354,5,0
133348,133348,133355,7,0
133349,133349,133354,5,0
133350,133350,133355,5,0
133351,133352,133354,2,1
133350,133350,133355,5,0
133348,133348,133355,7,0
133351,133351,133355,4,0
133349,133349,133355,6,0
133350,133351,133355,4,1
133348,133348,133356,8,0
133349,133349,133355,6,0
133350,133350,133355,5,0
133350,133350,133356,6,0
133351,133351,133356,5,0
133352,133352,133356,4,0
133352,133352,133355,3,0
133352,133353,133356,3,1
133354,133354,133356,2,0
133352,133352,133356,4,0
133350,133350,133356,6,0
133350,133350,133357,7,0
133351,133351,133356,5,0
133353,133353,133358,5,0
133346,133346,133357,11,0
133352,133352,133357,5,0
133354,133354,133357,3,0
133352,133352,133357,5,0
133353,133353,133357,4,0
133349,133349,133357,8,0
133351,133351,133357,6,0
133352,133352,133358,6,0
133354,133354,133357,3,0
133353,133353,133358,5,0
133351,133351,133358,7,0
133352,133352,133359,7,0
133356,133356,133360,4,0
133349,133349,133360,11,0
133350,133350,133359,9,0
133352,133352,133359,7,0
133353,133353,133360,7,0
133356,133356,133359,3,0
133357,133357,133360,3,0
133355,133356,133361,5,1
133350,133350,133360,10,0
133354,133354,133361,7,0
133356,133356,133360,4,0
133357,133357,133361,4,0
133348,133348,133361,13,0
133351,133351,133361,10,0
133349,133349,133361,12,0
133356,133356,133362,6,0
133352,133352,133361,9,0
133353,133353,133362,9,0
133357,133357,133362,5,0
133356,133356,133362,6,0
133354,133354,133362,8,0
133355,133355,133362,7,0
133353,133353,133362,9,0
133355,133355,133363,8,0
133352,133352,133363,11,0
133353,133353,133363,10,0
133356,133356,133363,7,0
133354,133354,133363,9,0
133357,133357,133363,6,0
133353,133353,133363,10,0
133358,133358,133363,5,0
133351,133351,133364,13,0
133360,133360,133363,3,0
133358,133358,133363,5,0
133353,133353,133364,11,0
133355,133355,133364,9,0
133354,133354,133364,10,0
133352,133352,133364,12,0
133355,133355,133365,10,0
133357,133357,133365,8,0
133356,133356,133364,8,0
133359,133359,133365,6,0
133353,133353,133365,12,0
133355,133355,133365,10,0
133360,133360,133365,5,0
133358,133358,133365,7,0
133360,133360,133365,5,0
133361,133361,133365,4,0
133358,133358,133366,8,0
133358,133358,133365,7,0
133361,133361,133366,5,0
133361,133361,133366,5,0
133361,133361,133366,5,0
133366,133366,133367,1,0
133363,133363,133366,3,0
133356,133356,133367,11,0
133358,133358,133367,9,0
133359,133359,133367,8,0
133360,133360,133367,7,0
133363,133364,133367,3,1
133363,133363,133367,4,0
133363,133363,133367,4,0
133361,133361,133367,6,0
133363,133363,133367,4,0
133349,133349,133367,18,0
133349,133349,133368,19,0
133357,133357,133368,11,0
133360,133360,133368,8,0
133362,133362,133368,6,0
133364,133364,133368,4,0
133351,133351,133368,17,0
133352,133352,133368,16,0
133358,133358,133368,10,0
133355,133355,133368,13,0
133364,133364,133368,4,0
133364,133364,133368,4,0
133360,133360,133369,9,0
133364,133364,133369,5,0
133364,133364,133368,4,0
133354,133354,133369,15,0
133360,133360,133368,8,0
133361,133362,133369,7,1
133363,133363,133369,6,0
133361,133361,133370,9,0
133362,133362,133370,8,0
133363,133363,133370,7,0
133365,133365,133370,5,0
133364,133364,133369,5,0
133362,133362,133371,9,0
133362,133362,133371,9,0
133362,133362,133370,8,0
133367,133367,133370,3,0
133367,133367,133370,3,0
133366,133366,133371,5,0
133357,133357,133371,14,0
133362,133362,133371,9,0
133365,133365,133371,6,0
133364,133364,133370,6,0
133358,133358,133372,14,0
133362,133362,133372,10,0
133368,133368,133372,4,0
133369,133369,133372,3,0
133363,133363,133373,10,0
133367,133367,133373,6,0
133367,133367,133373,6,0
133357,133357,133373,16,0
133367,133368,133373,5,1
133355,133355,133372,17,0
133356,133356,133370,14,0
133359,133359,133373,14,0
133353,133354,133373,19,1
133357,133357,133374,17,0
133369,133369,133374,5,0
133364,133364,133374,10,0
133364,133365,133374,9,1
133366,133366,133373,7,0
133367,133367,133374,7,0
133369,133369,133375,6,0
133368,133368,133373,5,0
133359,133359,133374,15,0
133358,133358,133374,16,0
133358,133358,133375,17,0
133359,133360,133375,15,1
133361,133361,133375,14,0
133371,133371,133376,5,0
133370,133370,133375,5,0
133370,133370,133376,6,0
133371,133371,133376,5,0
133353,133353,133376,23,0
133360,133360,133376,16,0
133361,133361,133376,15,0
133362,133362,133376,14,0
133363,133363,133376,13,0
133364,133364,133376,12,0
133369,133369,133376,7,0
133372,133373,133377,4,1
133371,133371,133377,6,0
133370,133370,133377,7,0
133365,133365,133376,11,0
133373,133373,133378,5,0
133352,133352,133378,26,0
133361,133361,133379,18,0
133371,133371,133378,7,0
133373,133374,133378,4,1
133356,133356,133379,23,0
133363,133363,133379,16,0
133371,133373,133379,6,2
133371,133373,133379,6,2
133370,133370,133379,9,0
133358,133358,133379,21,0
133374,133375,133379,4,1
133373,133373,133379,6,0
133374,133374,133379,5,0
133372,133374,133379,5,2
133374,133375,133379,4,1
133361,133361,133380,19,0
133374,133374,133380,6,0
133375,133375,133380,5,0
133375,133375,133379,4,0
133370,133370,133379,9,0
133357,133357,133380,23,0
133375,133375,133380,5,0
133376,133376,133381,5,0
133374,133374,133380,6,0
133374,133374,133381,7,0
133376,133376,133380,4,0
133359,133359,133380,21,0
133367,133367,133380,13,0
133365,133365,133381,16,0
133361,133361,133381,20,0
133371,133373,133381,8,2
133368,133368,133380,12,0
133358,133358,133381,23,0
133375,133375,133382,7,0
133378,133378,133382,4,0
133376,133377,133381,4,1
133379,133379,133383,4,0
133377,133377,133382,5,0
133378,133378,133383,5,0
133375,133375,133383,8,0
133363,133363,133382,19,0
133375,133375,133383,8,0
133379,133379,133383,4,0
133379,133379,133384,5,0
133354,133354,133383,29,0
133363,133363,133383,20,0
133378,133378,133384,6,0
133372,133375,133384,9,3
133380,133380,133384,4,0
133379,133379,133384,5,0
133378,133378,133384,6,0
133379,133379,133385,6,0
133379,133379,133385,6,0
133380,133380,133384,4,0
133376,133377,133385,8,1
133352,133352,133384,32,0
133379,133379,133385,6,0
133381,133381,133385,4,0
133381,133382,133385,3,1
133354,133354,133386,32,0
133380,133380,133385,5,0
133355,133355,133386,31,0
133356,133357,133385,28,1
133378,133378,133386,8,0
133380,133380,133384,4,0
133377,133377,133385,8,0
133374,133374,133387,13,0
133375,133375,133387,12,0
133377,133377,133386,9,0
133379,133379,133386,7,0
133381,133381,133386,5,0
133382,133382,133386,4,0
133382,133383,133387,4,1
133382,133383,133387,4,1
133381,133381,133387,6,0
133381,133381,133388,7,0
133365,133365,133388,23,0
133380,133380,133387,7,0
133382,133383,133388,5,1
133382,133383,133388,5,1
133360,133361,133386,25,1
133379,133380,133387,7,1
133382,133382,133388,6,0
133365,133365,133387,22,0
133378,133378,133387,9,0
133381,133382,133388,6,1
133382,133382,133388,6,0
133382,133382,133389,7,0
133380,133380,133387,7,0
133383,133384,133388,4,1
133383,133384,133390,6,1
133382,133382,133390,8,0
133384,133386,133391,5,2
133356,133356,133389,33,0
133381,133382,133389,7,1
133385,133387,133391,4,2
133384,133385,133390,5,1
133384,133386,133391,5,2
133383,133385,133392,7,2
133383,133385,133392,7,2
133383,133385,133392,7,2
133383,133385,133391,6,2
133353,133353,133391,38,0
133385,133387,133391,4,2
133383,133384,133392,8,1
133385,133387,133392,5,2
133382,133383,133390,7,1
133383,133384,133392,8,1
133380,133380,133392,12,0
133381,133382,133392,10,1
133368,133368,133392,24,0
133385,133386,133392,6,1
133385,133387,133391,4,2
133386,133388,133392,4,2
133386,133388,133392,4,2
133386,133388,133392,4,2
133378,133378,133393,15,0
133384,133386,133393,7,2
133386,133389,133394,5,3
133386,133389,133394,5,3
133386,133388,133393,5,2
133386,133388,133395,7,2
133365,133365,133393,28,0
133382,133383,133393,10,1
133387,133389,133394,5,2
133375,133375,133394,19,0
133375,133375,133394,19,0
133387,133389,133394,5,2
133375,133375,133395,20,0
133380,133381,133395,14,1
133387,133389,133395,6,2
133377,133377,133395,18,0
133386,133388,133395,7,2
133386,133389,133395,6,3
133386,133387,133395,8,1
133386,133387,133395,8,1
133387,133389,133395,6,2
133385,133386,133395,9,1
133383,133384,133396,12,1
133388,133391,133395,4,3
133359,133359,133396,37,0
133387,133390,133396,6,3
133389,133392,133396,4,3
133388,133391,133396,5,3
133388,133391,133396,5,3
133385,133387,133396,9,2
133387,133390,133396,6,3
133387,133391,133397,6,4
133355,133355,133397,42,0
133375,133375,133397,22,0
133387,133389,133397,8,2
133360,133360,133397,37,0
133384,133386,133397,11,2
133388,133391,133397,6,3
133375,133376,133397,21,1
133387,133389,133397,8,2
133355,133355,133397,42,0
133388,133391,133397,6,3
133359,133359,133398,39,0
133379,133379,133398,19,0
133379,133379,133398,19,0
133382,133383,133398,15,1
133354,133355,133398,43,1
133389,133392,133398,6,3
133389,133392,133398,6,3
133389,133392,133398,6,3
133389,133392,133398,6,3
133355,133355,133398,43,0
133389,133392,133398,6,3
133354,133354,133398,44,0
133357,133358,133399,41,1
133360,133360,133398,38,0
133380,133380,133399,19,0
133388,133391,133399,8,3
133363,133363,133399,36,0
133389,133393,133399,6,4
133374,133374,133399,25,0
133380,133380,133399,19,0
133352,133352,133400,48,0
133381,133381,133400,19,0
133381,133381,133400,19,0
133389,133392,133399,7,3
133350,133350,133400,50,0
133389,133393,133401,8,4
133350,133350,133400,50,0
133374,133375,133400,25,1
133387,133389,133401,12,2
133387,133389,133401,12,2
133355,133355,133402,47,0
133365,133365,133401,36,0
133366,133366,133402,36,0
133358,133358,133402,44,0
133365,133365,133403,38,0
133377,133377,133402,25,0
133358,133359,133402,43,1
133358,133358,133404,46,0
133359,133359,133403,44,0
133368,133369,133404,35,1
133361,133361,133404,43,0
133368,133368,133404,36,0
133361,133361,133404,43,0
133367,133367,133405,38,0
133385,133387,133405,18,2
133385,133387,133406,19,2
133369,133370,133405,35,1
133360,133360,133405,45,0
133384,133386,133406,20,2
133370,133370,133407,37,0
133385,133387,133407,20,2
133370,133370,133407,37,0
133370,133370,133408,38,0
133374,133374,133409,35,0
133370,133371,133410,39,1
133375,133375,133410,35,0
133377,133377,133412,35,0
133377,133377,133412,35,0
133376,133376,133412,36,0
133374,133375,133413,38,1
133379,133379,133413,34,0
133347,133347,133413,66,0
133380,133380,133414,34,0
133380,133380,133415,35,0
133378,133378,133416,38,0
133382,133382,133416,34,0
133351,133351,133416,65,0
133383,133384,133420,36,1
133353,133353,133423,70,0
133354,133354,133424,70,0
133356,133356,133424,68,0
133357,133357,133425,68,0
133352,133352,133426,74,0
133357,133357,133426,69,0
133362,133362,133427,65,0
124897,124897,133428,8531,0
133358,133358,133427,69,0
133351,133351,133427,76,0
133363,133363,133428,65,0
133361,133361,133428,67,0
133362,133362,133429,67,0
133360,133360,133430,70,0
133365,133365,133430,65,0
133356,133356,133431,75,0
133359,133359,133432,73,0
133356,133356,133431,75,0
133365,133365,133431,66,0
133355,133355,133432,77,0
133357,133357,133432,75,0
133368,133368,133433,65,0
133361,133361,133434,73,0
133354,133354,133434,80,0
133367,133367,133435,68,0
133372,133373,133437,64,1
133376,133377,133446,69,1
133354,133354,133454,100,0
133355,133355,133454,99,0
133362,133362,133455,93,0
133359,133359,133458,99,0
133355,133355,133459,104,0
133360,133360,133460,100,0
133357,133357,133462,105,0
133359,133359,133464,105,0
133382,133383,133479,96,1
133362,133362,133494,132,0
133481,133481,133549,68,0
133481,133481,133583,102,0
134205,134205,134209,4,0
134204,134204,134208,4,0
134205,134205,134208,3,0
134205,134205,134209,4,0
134205,134205,134208,3,0
134205,134205,134209,4,0
134204,134204,134209,5,0
134205,134205,134208,3,0
134205,134205,134209,4,0
134206,134206,134210,4,0
134205,134205,134209,4,0
134206,134206,134209,3,0
134206,134206,134209,3,0
134206,134206,134209,3,0
134206,134206,134210,4,0
134206,134206,134210,4,0
134207,134207,134210,3,0
134207,134207,134210,3,0
134205,134205,134211,6,0
134205,134205,134211,6,0
134206,134206,134211,5,0
134207,134207,134211,4,0
134207,134207,134210,3,0
134207,134207,134211,4,0
134207,134207,134211,4,0
134205,134205,134211,6,0
134208,134208,134211,3,0
134206,134206,134211,5,0
134208,134208,134211,3,0
134208,134208,134212,4,0
134209,134209,134212,3,0
134207,134207,134212,5,0
134208,134208,134212,4,0
134207,134208,134211,3,1
134205,134206,134212,6,1
134208,134208,134211,3,0
134209,134209,134212,3,0
134209,134209,134213,4,0
134207,134207,134212,5,0
134207,134207,134213,6,0
134209,134209,134213,4,0
134210,134210,134213,3,0
134211,134211,134214,3,0
134209,134209,134213,4,0
134210,134210,134213,3,0
134210,134210,134214,4,0
134209,134209,134214,5,0
134210,134210,134214,4,0
134208,134208,134214,6,0
134210,134210,134214,4,0
134211,134211,134215,4,0
134210,134210,134214,4,0
134210,134210,134214,4,0
134210,134210,134215,5,0
134210,134210,134215,5,0
134211,134211,134215,4,0
134212,134212,134215,3,0
134211,134211,134215,4,0
134212,134212,134215,3,0
134211,134211,134215,4,0
134210,134210,134216,6,0
134212,134212,134215,3,0
134213,134213,134216,3,0
134209,134209,134215,6,0
134212,134212,134216,4,0
134207,134207,134217,10,0
134211,134211,134216,5,0
134213,134213,134216,3,0
134213,134213,134216,3,0
134213,134213,134217,4,0
134212,134212,134217,5,0
134211,134211,134217,6,0
134212,134212,134217,5,0
134213,134213,134217,4,0
134214,134214,134217,3,0
134211,134211,134217,6,0
134214,134214,134218,4,0
134211,134211,134217,6,0
134211,134211,134217,6,0
134212,134212,134218,6,0
134213,134213,134218,5,0
134213,134214,134218,4,1
134213,134214,134217,3,1
134214,134214,134218,4,0
134213,134213,134218,5,0
134214,134214,134218,4,0
134215,134215,134219,4,0
134213,134213,134219,6,0
134212,134212,134218,6,0
134213,134213,134219,6,0
134213,134213,134218,5,0
134214,134214,134218,4,0
134215,134215,134219,4,0
134214,134214,134220,6,0
134212,134212,134219,7,0
134216,134216,134219,3,0
134214,134214,134220,6,0
134216,134216,134220,4,0
134216,134216,134219,3,0
134214,134214,134219,5,0
134216,134216,134220,4,0
134216,134216,134219,3,0
134215,134215,134220,5,0
134216,134216,134220,4,0
134216,134216,134220,4,0
134217,134217,134221,4,0
134216,134216,134220,4,0
134216,134216,134220,4,0
134217,134217,134221,4,0
134216,134216,134221,5,0
134217,134217,134221,4,0
134217,134217,134222,5,0
134217,134218,134222,4,1
134218,134218,134222,4,0
134218,134218,134222,4,0
134218,134218,134222,4,0
134217,134218,134223,5,1
134218,134219,134223,4,1
134220,134220,134224,4,0
134218,134218,134223,5,0
134217,134217,134224,7,0
134218,134218,134223,5,0
134220,134220,134224,4,0
134219,134219,134223,4,0
134218,134218,134224,6,0
134218,134218,134224,6,0
134220,134220,134224,4,0
134221,134221,134225,4,0
134221,134221,134224,3,0
134218,134218,134225,7,0
134220,134220,134224,4,0
134218,134218,134224,6,0
134220,134220,134225,5,0
134221,134221,134225,4,0
134221,134221,134225,4,0
134221,134221,134225,4,0
134218,134218,134225,7,0
134217,134217,134224,7,0
134218,134218,134225,7,0
134220,134220,134225,5,0
134221,134221,134226,5,0
134219,134220,134224,4,1
134221,134221,134225,4,0
134220,134220,134225,5,0
134222,134222,134226,4,0
134220,134220,134226,6,0
134222,134222,134226,4,0
134222,134223,134226,3,1
134222,134222,134227,5,0
134222,134222,134226,4,0
134219,134220,134225,5,1
134219,134219,134226,7,0
134223,134223,134226,3,0
124896,124896,134227,9331,0
134208,134208,134227,19,0
134223,134223,134227,4,0
134223,134223,134227,4,0
134221,134222,134228,6,1
134223,134223,134227,4,0
134225,134225,134228,3,0
134224,134224,134228,4,0
134224,134224,134228,4,0
134220,134220,134228,8,0
134221,134221,134228,7,0
134220,134220,134228,8,0
134224,134224,134229,5,0
134223,134223,134229,6,0
134223,134223,134229,6,0
134221,134221,134228,7,0
134226,134226,134230,4,0
134225,134225,134230,5,0
134226,134226,134230,4,0
134225,134226,134229,3,1
134227,134227,134230,3,0
134227,134227,134231,4,0
134225,134225,134230,5,0
134226,134226,134230,4,0
134227,134227,134230,3,0
134224,134224,134230,6,0
134225,134225,134231,6,0
134227,134227,134231,4,0
134217,134217,134231,14,0
134226,134226,134230,4,0
134224,134224,134231,7,0
134227,134227,134232,5,0
134224,134224,134232,8,0
134226,134226,134231,5,0
134213,134213,134231,18,0
134228,134228,134232,4,0
134228,134228,134232,4,0
134225,134225,134231,6,0
134227,134228,134231,3,1
134226,134226,134232,6,0
134227,134227,134232,5,0
134229,134229,134233,4,0
134226,134226,134233,7,0
134214,134214,134232,18,0
134229,134229,134232,3,0
134227,134227,134232,5,0
134225,134225,134233,8,0
134228,134228,134233,5,0
134229,134229,134233,4,0
134216,134216,134233,17,0
134231,134231,134234,3,0
134229,134230,134233,3,1
134226,134226,134233,7,0
134222,134223,134233,10,1
134226,134226,134234,8,0
134229,134229,134234,5,0
134229,134230,134233,3,1
134228,134228,134234,6,0
134231,134231,134234,3,0
134230,134230,134234,4,0
134230,134231,134234,3,1
134232,134232,134236,4,0
134229,134229,134236,7,0
134231,134231,134236,5,0
134230,134230,134236,6,0
134231,134231,134236,5,0
134232,134232,134236,4,0
134228,134228,134236,8,0
134232,134232,134237,5,0
134229,134229,134236,7,0
134232,134232,134236,4,0
134230,134230,134236,6,0
134231,134231,134236,5,0
134231,134231,134237,6,0
134226,134227,134237,10,1
134226,134226,134237,11,0
134225,134225,134237,12,0
134231,134231,134238,7,0
134228,134228,134239,11,0
134228,134229,134239,10,1
134231,134232,134242,10,1
134208,134208,134242,34,0
134232,134232,134242,10,0
134217,134217,134243,26,0
134210,134210,134245,35,0
134213,134213,134247,34,0
134228,134228,134247,19,0
134204,134204,134269,65,0
134272,134272,134338,66,0
134272,134272,134338,66,0
124896,124896,134411,9515,0
124897,124897,134411,9514,0
124898,124898,134411,9513,0
124898,124898,134411,9513,0
124896,124896,134411,9515,0
124898,124898,134411,9513,0
124896,124896,134411,9515,0
124898,124898,134411,9513,0
124897,124897,134411,9514,0
124898,124898,134411,9513,0
134440,134440,134443,3,0
134440,134440,134442,2,0
134440,134440,134443,3,0
134440,134440,134443,3,0
134441,134441,134443,2,0
134440,134440,134443,3,0
134440,134440,134443,3,0
134441,134441,134444,3,0
134441,134441,134444,3,0
134440,134440,134443,3,0
134441,134441,134444,3,0
134441,134441,134444,3,0
134442,134442,134444,2,0
134442,134442,134444,2,0
134442,134442,134445,3,0
134440,134441,134445,4,1
134442,134442,134445,3,0
134441,134442,134445,3,1
134441,134441,134445,4,0
134442,134442,134446,4,0
134774,134774,134775,1,0
134774,134774,134776,2,0
134774,134774,134776,2,0
134774,134774,134776,2,0
134774,134774,134776,2,0
134775,134775,134776,1,0
134773,134774,134776,2,1
134774,134774,134776,2,0
134774,134774,134776,2,0
134774,134774,134776,2,0
134774,134774,134777,3,0
134775,134775,134777,2,0
134775,134775,134777,2,0
134774,134774,134776,2,0
134775,134775,134777,2,0
134774,134774,134777,3,0
134774,134774,134776,2,0
134775,134775,134777,2,0
134775,134775,134777,2,0
134774,134774,134776,2,0
134775,134775,134777,2,0
134776,134776,134777,1,0
134775,134775,134777,2,0
134776,134776,134777,1,0
134775,134775,134777,2,0
134775,134775,134777,2,0
134776,134776,134778,2,0
134775,134775,134777,2,0
134775,134775,134778,3,0
134775,134775,134777,2,0
134776,134776,134778,2,0
134776,134776,134778,2,0
134776,134776,134778,2,0
134775,134775,134778,3,0
134775,134775,134778,3,0
134776,134777,134778,1,1
134776,134776,134778,2,0
134777,134777,134778,1,0
134777,134777,134779,2,0
134777,134777,134779,2,0
134777,134777,134779,2,0
134777,134777,134779,2,0
134777,134777,134779,2,0
134776,134776,134779,3,0
134778,134778,134780,2,0
134774,134775,134779,4,1
134778,134778,134780,2,0
134778,134778,134780,2,0
134776,134776,134779,3,0
134777,134777,134779,2,0
134777,134777,134779,2,0
134777,134777,134779,2,0
134778,134778,134780,2,0
134778,134779,134780,1,1
134779,134779,134781,2,0
134778,134778,134780,2,0
134779,134779,134781,2,0
134779,134779,134780,1,0
134776,134776,134780,4,0
134778,134778,134781,3,0
134779,134779,134781,2,0
134778,134778,134780,2,0
134778,134778,134780,2,0
134779,134779,134781,2,0
134779,134779,134781,2,0
134779,134779,134781,2,0
134779,134779,134781,2,0
134779,134779,134781,2,0
134780,134780,134781,1,0
134780,134780,134781,1,0
134780,134780,134782,2,0
134780,134780,134782,2,0
134780,134780,134781,1,0
134780,134780,134782,2,0
134779,134779,134782,3,0
134780,134780,134782,2,0
134777,134777,134782,5,0
134781,134781,134782,1,0
134780,134780,134782,2,0
134781,134781,134783,2,0
134781,134781,134783,2,0
134781,134781,134783,2,0
134781,134781,134784,3,0
134778,134778,134783,5,0
134781,134781,134783,2,0
134780,134780,134783,3,0
134781,134781,134783,2,0
134781,134781,134783,2,0
134781,134781,134783,2,0
134782,134782,134784,2,0
134782,134782,134784,2,0
134779,134779,134783,4,0
134781,134781,134784,3,0
134781,134781,134784,3,0
134781,134781,134784,3,0
134782,134782,134783,1,0
134782,134782,134784,2,0
134783,134783,134784,1,0
134782,134782,134784,2,0
134782,134782,134784,2,0
134780,134780,134784,4,0
134781,134781,134785,4,0
134782,134782,134785,3,0
134779,134779,134784,5,0
134783,134783,134785,2,0
134782,134782,134785,3,0
134783,134783,134785,2,0
134783,134783,134785,2,0
134783,134784,134786,2,1
134784,134784,134786,2,0
134783,134783,134785,2,0
134784,134784,134785,1,0
134785,134785,134786,1,0
134783,134783,134786,3,0
134784,134784,134786,2,0
134784,134784,134786,2,0
134784,134784,134787,3,0
134784,134784,134787,3,0
134784,134784,134787,3,0
134782,134782,134787,5,0
134784,134784,134786,2,0
134785,134785,134787,2,0
134785,134785,134787,2,0
134785,134785,134787,2,0
134783,134783,134786,3,0
134784,134784,134786,2,0
134785,134785,134787,2,0
134783,134783,134788,5,0
134785,134785,134787,2,0
134786,134786,134788,2,0
134786,134786,134788,2,0
134785,134785,134787,2,0
134785,134785,134787,2,0
134786,134786,134788,2,0
134786,134786,134788,2,0
134786,134786,134788,2,0
134783,134783,134788,5,0
134787,134787,134789,2,0
134785,134785,134788,3,0
134786,134786,134788,2,0
134786,134786,134788,2,0
134783,134783,134789,6,0
134787,134787,134789,2,0
134787,134787,134789,2,0
134787,134787,134789,2,0
134786,134786,134789,3,0
134787,134787,134789,2,0
134787,134787,134790,3,0
134787,134787,134790,3,0
134788,134788,134789,1,0
134788,134788,134789,1,0
134787,134787,134790,3,0
134787,134787,134789,2,0
134788,134788,134790,2,0
134786,134786,134789,3,0
134787,134787,134790,3,0
134788,134788,134790,2,0
134785,134786,134790,4,1
134788,134788,134790,2,0
134781,134781,134790,9,0
134785,134785,134791,6,0
134788,134789,134791,2,1
134789,134789,134790,1,0
134789,134789,134791,2,0
134788,134788,134790,2,0
134788,134788,134791,3,0
134786,134786,134791,5,0
134789,134789,134791,2,0
134790,134790,134791,1,0
134786,134787,134791,4,1
134788,134788,134791,3,0
134789,134789,134791,2,0
134789,134790,134792,2,1
134790,134790,134792,2,0
134790,134790,134791,1,0
134790,134790,134792,2,0
134790,134790,134792,2,0
134788,134788,134792,4,0
134789,134789,134792,3,0
134789,134789,134792,3,0
134788,134788,134792,4,0
134789,134789,134792,3,0
134789,134789,134792,3,0
134791,134791,134793,2,0
134789,134789,134792,3,0
134790,134790,134792,2,0
134790,134790,134792,2,0
134790,134790,134792,2,0
134791,134791,134793,2,0
134790,134790,134793,3,0
134791,134791,134793,2,0
134791,134791,134794,3,0
134790,134790,134794,4,0
134788,134788,134793,5,0
134792,134792,134794,2,0
134791,134791,134794,3,0
134791,134791,134794,3,0
134792,134792,134794,2,0
134785,134785,134794,9,0
134789,134789,134794,5,0
134791,134791,134794,3,0
134791,134791,134794,3,0
134792,134792,134794,2,0
134792,134792,134794,2,0
134792,134792,134794,2,0
134793,134793,134794,1,0
134792,134792,134795,3,0
134786,134786,134795,9,0
134790,134790,134794,4,0
134792,134792,134795,3,0
134792,134792,134794,2,0
134791,134791,134794,3,0
134792,134792,134794,2,0
134793,134793,134795,2,0
134793,134793,134795,2,0
134786,134786,134795,9,0
134793,134793,134796,3,0
134794,134794,134796,2,0
134792,134792,134796,4,0
134793,134793,134796,3,0
134793,134793,134796,3,0
134793,134793,134796,3,0
134792,134792,134797,5,0
134794,134794,134796,2,0
134794,134794,134796,2,0
134794,134794,134796,2,0
134791,134792,134797,5,1
134794,134794,134798,4,0
134794,134794,134798,4,0
134795,134795,134799,4,0
134795,134795,134799,4,0
134782,134782,134799,17,0
134781,134781,134799,18,0
134794,134794,134799,5,0
134795,134795,134799,4,0
134795,134795,134799,4,0
134789,134789,134798,9,0
134793,134793,134798,5,0
134795,134795,134798,3,0
134795,134795,134798,3,0
134793,134793,134799,6,0
134796,134796,134800,4,0
134794,134794,134800,6,0
134795,134795,134799,4,0
134795,134795,134799,4,0
134794,134794,134800,6,0
134794,134794,134800,6,0
134794,134794,134800,6,0
134796,134796,134800,4,0
134791,134791,134800,9,0
134797,134797,134800,3,0
134798,134798,134801,3,0
134797,134797,134801,4,0
134791,134791,134800,9,0
134795,134795,134802,7,0
134798,134798,134801,3,0
134798,134798,134802,4,0
134797,134797,134802,5,0
134798,134798,134802,4,0
134798,134798,134802,4,0
134799,134799,134802,3,0
134798,134798,134802,4,0
134785,134785,134802,17,0
134797,134797,134802,5,0
134797,134797,134802,5,0
134799,134799,134803,4,0
134799,134799,134803,4,0
134797,134797,134803,6,0
134797,134797,134803,6,0
134797,134797,134803,6,0
134796,134796,134803,7,0
134799,134799,134803,4,0
134800,134800,134803,3,0
134797,134797,134804,7,0
134799,134800,134804,4,1
134797,134797,134803,6,0
134792,134792,134804,12,0
134800,134800,134804,4,0
134800,134800,134804,4,0
134799,134799,134804,5,0
134800,134800,134804,4,0
134801,134801,134805,4,0
134794,134794,134805,11,0
134802,134802,134805,3,0
134801,134801,134806,5,0
134789,134789,134806,17,0
134802,134803,134806,3,1
134800,134800,134806,6,0
134800,134800,134806,6,0
134802,134802,134806,4,0
134802,134802,134807,5,0
134801,134801,134806,5,0
134802,134802,134806,4,0
134802,134802,134806,4,0
134797,134797,134807,10,0
134801,134801,134808,7,0
134803,134803,134807,4,0
134802,134802,134807,5,0
134805,134805,134808,3,0
134804,134804,134808,4,0
134804,134805,134808,3,1
134805,134805,134809,4,0
134805,134805,134808,3,0
134805,134805,134809,4,0
134805,134806,134809,3,1
134804,134804,134809,5,0
134804,134804,134810,6,0
134775,134776,134809,33,1
134804,134804,134809,5,0
134805,134805,134810,5,0
134806,134806,134810,4,0
134803,134803,134809,6,0
134803,134803,134809,6,0
134805,134805,134810,5,0
134805,134805,134810,5,0
134807,134807,134810,3,0
134806,134806,134810,4,0
134804,134804,134810,6,0
134802,134802,134811,9,0
134807,134807,134811,4,0
134806,134806,134811,5,0
134799,134800,134811,11,1
134806,134807,134811,4,1
134807,134807,134811,4,0
134808,134808,134812,4,0
134807,134807,134812,5,0
134805,134805,134811,6,0
134807,134807,134812,5,0
134808,134808,134812,4,0
134808,134808,134812,4,0
134805,134805,134813,8,0
134809,134809,134813,4,0
134807,134807,134812,5,0
134807,134807,134813,6,0
134809,134809,134813,4,0
134809,134809,134813,4,0
134810,134810,134813,3,0
134809,134809,134813,4,0
134809,134809,134813,4,0
134802,134802,134813,11,0
134809,134809,134813,4,0
134810,134810,134814,4,0
134806,134806,134814,8,0
134809,134809,134813,4,0
134803,134803,134814,11,0
134807,134808,134814,6,1
134782,134782,134815,33,0
134800,134800,134814,14,0
134808,134808,134815,7,0
134808,134808,134815,7,0
134805,134805,134815,10,0
134806,134806,134816,10,0
134808,134809,134815,6,1
134798,134798,134816,18,0
134798,134798,134816,18,0
134805,134805,134817,12,0
134786,134786,134819,33,0
134802,134802,134821,19,0
134802,134802,134823,21,0
134798,134798,134832,34,0
134833,134833,134867,34,0
134833,134833,134882,49,0
134943,134944,134947,3,1
134944,134944,134947,3,0
134944,134944,134947,3,0
134945,134945,134948,3,0
134944,134944,134947,3,0
134945,134945,134948,3,0
134944,134944,134948,4,0
134945,134945,134949,4,0
134944,134944,134948,4,0
134946,134946,134949,3,0
134944,134944,134949,5,0
134945,134945,134949,4,0
134945,134945,134948,3,0
134945,134945,134949,4,0
134945,134946,134949,3,1
134946,134946,134949,3,0
134946,134946,134950,4,0
134945,134945,134949,4,0
134947,134947,134950,3,0
134946,134946,134949,3,0
134943,134943,134949,6,0
134944,134944,134949,5,0
134947,134947,134951,4,0
134947,134947,134950,3,0
134946,134946,134950,4,0
134944,134944,134950,6,0
134945,134945,134950,5,0
134944,134944,134950,6,0
134944,134944,134950,6,0
134945,134945,134951,6,0
134946,134946,134950,4,0
134947,134947,134950,3,0
134945,134945,134951,6,0
134945,134945,134951,6,0
134947,134947,134951,4,0
134945,134945,134952,7,0
134947,134947,134951,4,0
134947,134947,134951,4,0
134948,134948,134952,4,0
134948,134948,134953,5,0
134949,134949,134953,4,0
134949,134949,134953,4,0
134949,134949,134952,3,0
134946,134946,134952,6,0
134949,134949,134952,3,0
134946,134946,134952,6,0
134950,134950,134953,3,0
134949,134949,134953,4,0
134950,134950,134954,4,0
134949,134949,134953,4,0
134950,134950,134954,4,0
134950,134950,134954,4,0
134950,134950,134954,4,0
134952,134952,134955,3,0
134950,134950,134956,6,0
134950,134950,134956,6,0
134949,134949,134956,7,0
134952,134952,134956,4,0
134952,134952,134957,5,0
134953,134953,134957,4,0
134953,134953,134956,3,0
134952,134952,134957,5,0
134953,134953,134957,4,0
134953,134953,134958,5,0
134954,134954,134958,4,0
134952,134952,134957,5,0
134952,134952,134957,5,0
134954,134954,134957,3,0
134952,134952,134958,6,0
134951,134951,134958,7,0
134952,134952,134958,6,0
134955,134955,134958,3,0
134952,134953,134958,5,1
134954,134954,134958,4,0
134951,134951,134958,7,0
134951,134952,134958,6,1
134952,134952,134958,6,0
134955,134955,134958,3,0
134955,134955,134958,3,0
134948,134948,134959,11,0
134954,134954,134959,5,0
134956,134956,134959,3,0
134952,134952,134959,7,0
134953,134953,134960,7,0
134954,134954,134960,6,0
134955,134955,134960,5,0
134957,134957,134961,4,0
134957,134957,134961,4,0
134958,134958,134961,3,0
134957,134957,134961,4,0
134956,134956,134962,6,0
134957,134957,134962,5,0
134957,134957,134962,5,0
134957,134957,134962,5,0
134957,134958,134962,4,1
134958,134958,134962,4,0
134958,134958,134962,4,0
134958,134958,134962,4,0
134960,134960,134963,3,0
134960,134960,134963,3,0
134960,134960,134963,3,0
134960,134960,134963,3,0
134960,134960,134963,3,0
134957,134957,134963,6,0
134960,134960,134963,3,0
134957,134958,134963,5,1
134959,134959,134964,5,0
134952,134952,134964,12,0
134953,134954,134964,10,1
134960,134960,134964,4,0
134960,134960,134964,4,0
134960,134960,134965,5,0
134959,134959,134965,6,0
134955,134955,134965,10,0
134960,134960,134966,6,0
134959,134959,134965,6,0
134959,134960,134965,5,1
134960,134960,134966,6,0
134954,134954,134972,18,0
134955,134955,134973,18,0
134974,134974,135009,35,0
134974,134974,135024,50,0
135408,135408,135410,2,0
135408,135408,135410,2,0
135408,135408,135410,2,0
135407,135408,135410,2,1
135408,135408,135410,2,0
135408,135408,135411,3,0
135408,135408,135410,2,0
135408,135408,135410,2,0
135409,135409,135411,2,0
135408,135408,135410,2,0
135409,135409,135411,2,0
135409,135409,135411,2,0
135409,135409,135410,1,0
135409,135409,135411,2,0
135408,135408,135410,2,0
135410,135410,135411,1,0
135408,135408,135411,3,0
135409,135409,135411,2,0
135410,135410,135412,2,0
135408,135408,135411,3,0
135409,135409,135411,2,0
135409,135409,135411,2,0
135410,135410,135412,2,0
135409,135409,135411,2,0
135410,135410,135412,2,0
135409,135409,135411,2,0
135409,135409,135412,3,0
135409,135410,135412,2,1
135410,135411,135412,1,1
135409,135409,135412,3,0
135410,135410,135413,3,0
135410,135410,135413,3,0
135409,135409,135412,3,0
135411,135411,135413,2,0
135411,135411,135413,2,0
135411,135411,135413,2,0
135411,135411,135413,2,0
135411,135411,135413,2,0
135411,135412,135413,1,1
135412,135412,135413,1,0
135410,135410,135413,3,0
135410,135410,135413,3,0
135412,135412,135414,2,0
135411,135411,135414,3,0
135412,135412,135414,2,0
135411,135411,135414,3,0
135413,135413,135414,1,0
135412,135412,135414,2,0
135413,135413,135415,2,0
135412,135413,135414,1,1
135413,135413,135415,2,0
135410,135410,135415,5,0
135411,135412,135415,3,1
135413,135413,135415,2,0
135411,135411,135415,4,0
135412,135412,135415,3,0
135411,135411,135415,4,0
135413,135413,135415,2,0
135412,135412,135415,3,0
135413,135413,135415,2,0
135413,135413,135415,2,0
135412,135412,135416,4,0
135414,135414,135416,2,0
135414,135414,135416,2,0
135414,135414,135415,1,0
135414,135414,135416,2,0
135413,135413,135416,3,0
135414,135414,135417,3,0
135413,135413,135416,3,0
135414,135414,135416,2,0
135414,135415,135417,2,1
135415,135415,135416,1,0
135414,135414,135417,3,0
135414,135414,135416,2,0
135414,135414,135416,2,0
135414,135414,135416,2,0
135415,135416,135417,1,1
135412,135412,135417,5,0
135416,135416,135418,2,0
135416,135416,135418,2,0
135411,135411,135417,6,0
135415,135415,135417,2,0
135416,135416,135418,2,0
135412,135412,135418,6,0
135412,135412,135417,5,0
135416,135416,135418,2,0
135415,135415,135418,3,0
135415,135416,135418,2,1
135416,135416,135418,2,0
135417,135417,135418,1,0
135416,135416,135418,2,0
135416,135417,135418,1,1
135417,135417,135418,1,0
135416,135416,135419,3,0
135416,135416,135418,2,0
135417,135417,135419,2,0
135417,135417,135419,2,0
135416,135416,135419,3,0
135416,135416,135419,3,0
135413,135413,135418,5,0
135417,135417,135419,2,0
135417,135417,135420,3,0
135418,135418,135419,1,0
135418,135418,135420,2,0
135417,135417,135420,3,0
135410,135410,135419,9,0
135410,135410,135420,10,0
135414,135414,135420,6,0
135417,135417,135420,3,0
135418,135418,135420,2,0
135415,135415,135420,5,0
135419,135419,135421,2,0
135419,135419,135421,2,0
135418,135418,135421,3,0
135418,135418,135421,3,0
135418,135418,135421,3,0
135419,135419,135420,1,0
135419,135419,135421,2,0
135418,135418,135421,3,0
135419,135420,135422,2,1
135420,135420,135421,1,0
135416,135416,135421,5,0
135417,135417,135422,5,0
135417,135417,135422,5,0
135420,135420,135422,2,0
135416,135416,135421,5,0
135420,135420,135422,2,0
135413,135413,135422,9,0
135419,135419,135422,3,0
135419,135419,135422,3,0
135413,135413,135423,10,0
135420,135420,135423,3,0
135420,135420,135422,2,0
135421,135421,135423,2,0
135421,135421,135423,2,0
135421,135421,135423,2,0
135421,135421,135423,2,0
135421,135421,135423,2,0
135416,135416,135422,6,0
135420,135420,135422,2,0
135420,135420,135422,2,0
135421,135421,135423,2,0
135420,135420,135423,3,0
135421,135421,135423,2,0
135421,135421,135423,2,0
135418,135418,135423,5,0
135421,135421,135424,3,0
135422,135422,135423,1,0
135422,135422,135424,2,0
135422,135422,135424,2,0
135421,135422,135424,2,1
135422,135422,135424,2,0
135422,135422,135424,2,0
135422,135422,135424,2,0
135416,135416,135425,9,0
135421,135421,135425,4,0
135415,135415,135425,10,0
135423,135423,135425,2,0
135418,135419,135424,5,1
135421,135421,135424,3,0
135423,135423,135425,2,0
135420,135421,135425,4,1
135424,135424,135426,2,0
135422,135423,135425,2,1
135423,135423,135425,2,0
135424,135424,135426,2,0
135424,135424,135426,2,0
135424,135424,135426,2,0
135423,135423,135425,2,0
135424,135424,135425,1,0
135419,135419,135426,7,0
135419,135419,135426,7,0
135424,135424,135426,2,0
135423,135423,135426,3,0
135423,135423,135426,3,0
135423,135424,135426,2,1
135424,135424,135426,2,0
135418,135418,135426,8,0
135420,135420,135426,6,0
135422,135422,135427,5,0
135425,135425,135427,2,0
135424,135424,135426,2,0
135424,135424,135427,3,0
135421,135421,135426,5,0
135423,135423,135426,3,0
135424,135425,135426,1,1
135425,135425,135427,2,0
135425,135425,135427,2,0
135424,135424,135427,3,0
135423,135423,135427,4,0
135418,135418,135427,9,0
135424,135424,135428,4,0
135426,135426,135428,2,0
135426,135426,135428,2,0
135426,135426,135428,2,0
135426,135427,135428,1,1
135427,135427,135428,1,0
135425,135425,135428,3,0
135425,135425,135428,3,0
135426,135426,135428,2,0
135426,135426,135428,2,0
135425,135426,135428,2,1
135426,135426,135428,2,0
135426,135426,135429,3,0
135427,135427,135429,2,0
135423,135423,135428,5,0
135424,135424,135428,4,0
135425,135425,135429,4,0
135427,135428,135429,1,1
135427,135427,135429,2,0
135427,135427,135429,2,0
135427,135427,135429,2,0
135427,135427,135429,2,0
135427,135427,135429,2,0
135427,135427,135430,3,0
135421,135421,135430,9,0
135428,135428,135430,2,0
135428,135428,135430,2,0
135427,135428,135430,2,1
135410,135410,135431,21,0
135427,135427,135430,3,0
135428,135428,135431,3,0
135428,135428,135430,2,0
135426,135426,135432,6,0
135426,135426,135431,5,0
135428,135428,135431,3,0
135428,135428,135431,3,0
135428,135428,135432,4,0
135428,135429,135432,3,1
135426,135426,135432,6,0
135429,135429,135432,3,0
135429,135429,135433,4,0
135429,135429,135432,3,0
135428,135428,135432,4,0
135428,135428,135433,5,0
135428,135428,135433,5,0
135429,135429,135433,4,0
135429,135429,135433,4,0
135429,135429,135434,5,0
135430,135431,135434,3,1
135430,135430,135434,4,0
135424,135424,135434,10,0
135431,135431,135434,3,0
135431,135431,135435,4,0
135429,135429,135435,6,0
135429,135429,135435,6,0
135417,135417,135434,17,0
135424,135424,135434,10,0
135429,135429,135436,7,0
135430,135430,135435,5,0
135432,135432,135436,4,0
135432,135432,135435,3,0
135429,135429,135436,7,0
135431,135431,135436,5,0
135431,135431,135437,6,0
135432,135432,135436,4,0
135431,135431,135436,5,0
135432,135432,135436,4,0
135430,135430,135437,7,0
135430,135430,135438,8,0
135432,135432,135437,5,0
135434,135434,135437,3,0
135434,135434,135438,4,0
135430,135430,135437,7,0
135432,135432,135437,5,0
135433,135433,135437,4,0
135435,135435,135438,3,0
135433,135433,135438,5,0
135434,135434,135438,4,0
135429,135430,135438,8,1
135430,135430,135438,8,0
135434,135435,135438,3,1
135435,135435,135438,3,0
135435,135435,135438,3,0
135435,135435,135439,4,0
135432,135432,135439,7,0
135430,135430,135440,10,0
135430,135430,135440,10,0
135430,135430,135439,9,0
135435,135435,135439,4,0
135435,135435,135440,5,0
135435,135435,135441,6,0
135436,135437,135441,4,1
135436,135436,135441,5,0
135429,135429,135440,11,0
135432,135432,135440,8,0
135436,135436,135440,4,0
135430,135430,135441,11,0
135435,135435,135441,6,0
135435,135435,135441,6,0
135423,135423,135442,19,0
135437,135437,135441,4,0
135425,135425,135442,17,0
135437,135437,135441,4,0
135438,135438,135442,4,0
135438,135439,135442,3,1
135431,135432,135443,11,1
135438,135438,135442,4,0
135438,135438,135443,5,0
135437,135437,135442,5,0
135439,135439,135443,4,0
135439,135439,135443,4,0
135439,135440,135443,3,1
135438,135438,135443,5,0
135432,135432,135444,12,0
135438,135438,135444,6,0
135439,135440,135443,3,1
135440,135440,135445,5,0
135439,135439,135444,5,0
135440,135440,135445,5,0
135442,135442,135446,4,0
135441,135441,135445,4,0
135441,135441,135445,4,0
135439,135439,135446,7,0
135440,135440,135447,7,0
135443,135443,135447,4,0
135443,135443,135447,4,0
135441,135441,135446,5,0
135439,135439,135447,8,0
135440,135440,135447,7,0
135443,135443,135447,4,0
135444,135444,135448,4,0
135444,135444,135448,4,0
135443,135443,135448,5,0
135442,135442,135448,6,0
135442,135442,135448,6,0
135440,135440,135448,8,0
135444,135444,135448,4,0
135428,135428,135448,20,0
135442,135442,135448,6,0
135444,135444,135448,4,0
135443,135443,135448,5,0
135438,135438,135449,11,0
135438,135438,135449,11,0
135445,135445,135449,4,0
135442,135443,135449,6,1
135443,135443,135449,6,0
135445,135445,135449,4,0
135416,135416,135450,34,0
135441,135441,135450,9,0
135444,135445,135450,5,1
135441,135441,135449,8,0
135447,135447,135451,4,0
135444,135444,135450,6,0
135446,135446,135450,4,0
135444,135444,135450,6,0
135447,135447,135450,3,0
135446,135446,135450,4,0
135440,135441,135451,10,1
135442,135442,135451,9,0
135446,135447,135451,4,1
135447,135447,135451,4,0
135447,135447,135452,5,0
135448,135448,135452,4,0
135440,135440,135451,11,0
135445,135445,135452,7,0
135447,135447,135451,4,0
135446,135446,135451,5,0
135446,135446,135452,6,0
135440,135440,135451,11,0
135445,135445,135451,6,0
135446,135446,135452,6,0
135448,135448,135452,4,0
135449,135449,135453,4,0
135448,135448,135452,4,0
135444,135445,135452,7,1
135447,135447,135452,5,0
135442,135442,135453,11,0
135449,135449,135453,4,0
135447,135447,135453,6,0
135448,135449,135453,4,1
135448,135448,135453,5,0
135448,135448,135454,6,0
135443,135443,135454,11,0
135420,135420,135454,34,0
135449,135449,135454,5,0
135451,135451,135454,3,0
135448,135448,135454,6,0
135449,135449,135454,5,0
135449,135449,135454,5,0
135450,135451,135455,4,1
135449,135449,135455,6,0
135449,135449,135456,7,0
135450,135450,135455,5,0
135452,135452,135456,4,0
135452,135452,135456,4,0
135449,135449,135456,7,0
135451,135451,135456,5,0
135437,135437,135456,19,0
135451,135451,135456,5,0
135451,135452,135457,5,1
135445,135445,135456,11,0
135452,135452,135456,4,0
135451,135451,135456,5,0
135447,135447,135457,10,0
135453,135454,135457,3,1
135453,135453,135457,4,0
135446,135446,135457,11,0
135452,135453,135458,5,1
135445,135445,135457,12,0
135451,135451,135457,6,0
135454,135454,135458,4,0
135454,135454,135457,3,0
135451,135452,135458,6,1
135439,135439,135459,20,0
135452,135452,135459,7,0
135454,135454,135458,4,0
135455,135455,135458,3,0
135454,135454,135458,4,0
135451,135451,135458,7,0
135455,135455,135459,4,0
135455,135455,135458,3,0
135454,135454,135460,6,0
135451,135451,135459,8,0
135453,135454,135459,5,1
135455,135455,135459,4,0
135449,135449,135459,10,0
135456,135456,135460,4,0
135449,135449,135460,11,0
135453,135453,135460,7,0
135456,135456,135459,3,0
135454,135454,135460,6,0
135457,135457,135460,3,0
135457,135457,135460,3,0
135455,135455,135461,6,0
135454,135454,135460,6,0
135441,135441,135461,20,0
135458,135458,135461,3,0
135458,135458,135461,3,0
135428,135428,135461,33,0
135456,135456,135462,6,0
135457,135457,135461,4,0
135458,135458,135462,4,0
135455,135455,135461,6,0
135458,135458,135462,4,0
135455,135455,135461,6,0
135451,135451,135462,11,0
135458,135458,135462,4,0
135457,135457,135462,5,0
135458,135458,135462,4,0
135459,135459,135462,3,0
135459,135459,135462,3,0
135457,135457,135462,5,0
135459,135459,135463,4,0
135459,135459,135463,4,0
135444,135444,135463,19,0
135452,135452,135462,10,0
135457,135457,135464,7,0
135458,135458,135463,5,0
135459,135460,135463,3,1
135459,135459,135463,4,0
135457,135458,135463,5,1
135429,135429,135464,35,0
135457,135458,135463,5,1
135456,135456,135464,8,0
135456,135457,135464,7,1
135458,135459,135464,5,1
135461,135461,135465,4,0
135445,135445,135464,19,0
135459,135459,135464,5,0
135459,135459,135465,6,0
135462,135462,135466,4,0
135462,135462,135466,4,0
135459,135459,135465,6,0
135454,135454,135466,12,0
135459,135459,135466,7,0
135461,135461,135467,6,0
135462,135462,135466,4,0
135461,135461,135466,5,0
135457,135457,135468,11,0
135462,135462,135468,6,0
135457,135457,135468,11,0
135462,135462,135468,6,0
135462,135462,135468,6,0
135408,135408,135471,63,0
135452,135452,135471,19,0
135452,135452,135472,20,0
135413,135413,135477,64,0
135449,135449,135488,39,0
135489,135489,135598,109,0
135490,135490,135599,109,0
136650,136650,136652,2,0
136650,136650,136652,2,0
136650,136650,136652,2,0
136650,136650,136652,2,0
136651,136651,136653,2,0
136651,136652,136653,1,1
136651,136651,136654,3,0
136651,136651,136654,3,0
136650,136650,136653,3,0
136650,136650,136653,3,0
136651,136651,136653,2,0
136651,136651,136653,2,0
136652,136652,136654,2,0
136651,136651,136653,2,0
136652,136652,136654,2,0
136652,136652,136654,2,0
136652,136652,136653,1,0
136652,136652,136654,2,0
136651,136651,136654,3,0
136651,136651,136654,3,0
136652,136652,136654,2,0
136653,136653,136654,1,0
136650,136650,136653,3,0
136651,136651,136653,2,0
136652,136652,136654,2,0
136652,136652,136654,2,0
136652,136652,136654,2,0
136651,136651,136654,3,0
136652,136652,136655,3,0
136651,136651,136655,4,0
136652,136653,136655,2,1
136654,136654,136656,2,0
136652,136653,136656,3,1
136653,136653,136656,3,0
136653,136653,136656,3,0
136651,136651,136656,5,0
136653,136653,136656,3,0
136655,136655,136656,1,0
136655,136655,136657,2,0
136655,136655,136657,2,0
136655,136655,136657,2,0
136656,136656,136658,2,0
136655,136656,136658,2,1
136655,136655,136658,3,0
136655,136655,136657,2,0
136655,136655,136657,2,0
136654,136654,136658,4,0
136654,136654,136658,4,0
136654,136655,136658,3,1
136655,136655,136658,3,0
136656,136657,136658,1,1
136655,136655,136657,2,0
136656,136656,136658,2,0
136657,136657,136659,2,0
136653,136653,136658,5,0
136656,136656,136658,2,0
136657,136657,136659,2,0
136656,136656,136658,2,0
136656,136656,136659,3,0
136658,136658,136659,1,0
136656,136656,136659,3,0
136656,136656,136659,3,0
136656,136656,136659,3,0
136657,136657,136660,3,0
136656,136656,136659,3,0
136657,136658,136661,3,1
136657,136657,136660,3,0
136658,136658,136660,2,0
136658,136658,136660,2,0
136658,136659,136661,2,1
136658,136658,136660,2,0
136658,136658,136660,2,0
136658,136658,136660,2,0
136658,136658,136661,3,0
136658,136658,136661,3,0
136659,136659,136662,3,0
136655,136655,136661,6,0
136656,136657,136662,5,1
136657,136657,136662,5,0
136657,136657,136661,4,0
136659,136659,136662,3,0
136659,136659,136662,3,0
136660,136660,136663,3,0
136661,136661,136663,2,0
136656,136656,136663,7,0
136653,136653,136662,9,0
136660,136660,136663,3,0
136661,136661,136663,2,0
136660,136660,136663,3,0
136661,136661,136663,2,0
136657,136657,136663,6,0
136652,136652,136662,10,0
136652,136652,136662,10,0
136661,136661,136664,3,0
136660,136660,136663,3,0
136661,136661,136663,2,0
136662,136662,136664,2,0
136662,136662,136664,2,0
136661,136661,136664,3,0
136661,136661,136664,3,0
136662,136662,136664,2,0
136661,136661,136664,3,0
136661,136662,136664,2,1
136662,136662,136664,2,0
136661,136661,136664,3,0
136661,136661,136665,4,0
136662,136662,136665,3,0
136661,136661,136664,3,0
136662,136662,136664,2,0
136661,136661,136665,4,0
136662,136662,136664,2,0
136662,136662,136665,3,0
136664,136664,136666,2,0
136662,136662,136665,3,0
136662,136662,136665,3,0
136663,136664,136665,1,1
136663,136663,136666,3,0
136663,136663,136666,3,0
136663,136663,136666,3,0
136664,136664,136666,2,0
136661,136661,136667,6,0
136657,136657,136666,9,0
136664,136664,136666,2,0
136664,136664,136666,2,0
136663,136664,136667,3,1
136664,136664,136667,3,0
136665,136665,136667,2,0
136664,136664,136667,3,0
136664,136664,136667,3,0
136664,136664,136667,3,0
136665,136665,136667,2,0
136665,136665,136667,2,0
136658,136658,136667,9,0
136662,136662,136667,5,0
136660,136660,136667,7,0
136664,136664,136667,3,0
136665,136665,136667,2,0
136665,136665,136667,2,0
136665,136665,136667,2,0
136664,136665,136668,3,1
136665,136665,136668,3,0
136666,136666,136668,2,0
136662,136662,136668,6,0
136665,136665,136669,4,0
136665,136665,136668,3,0
136665,136666,136668,2,1
136666,136667,136670,3,1
136665,136666,136669,3,1
136664,136664,136670,6,0
136664,136664,136670,6,0
136667,136667,136669,2,0
136667,136667,136669,2,0
136667,136668,136670,2,1
136667,136667,136670,3,0
136667,136667,136670,3,0
136668,136668,136670,2,0
136669,136669,136671,2,0
136668,136668,136670,2,0
136668,136668,136670,2,0
136668,136668,136671,3,0
136668,136668,136671,3,0
136668,136668,136671,3,0
136668,136668,136670,2,0
136669,136669,136671,2,0
136666,136666,136672,6,0
136668,136668,136671,3,0
136668,136669,136671,2,1
136669,136669,136671,2,0
136670,136670,136671,1,0
136669,136669,136672,3,0
136669,136669,136672,3,0
136670,136670,136672,2,0
136667,136667,136670,3,0
136669,136670,136672,2,1
136669,136669,136672,3,0
136669,136669,136673,4,0
136669,136669,136672,3,0
136669,136669,136672,3,0
136670,136670,136673,3,0
136671,136671,136674,3,0
136672,136672,136674,2,0
136669,136669,136673,4,0
136672,136672,136674,2,0
136671,136671,136674,3,0
136671,136671,136674,3,0
136671,136671,136674,3,0
136672,136672,136675,3,0
136663,136663,136675,12,0
136668,136668,136674,6,0
136672,136672,136674,2,0
136673,136673,136675,2,0
136673,136673,136675,2,0
136672,136672,136675,3,0
136669,136669,136675,6,0
136673,136673,136675,2,0
136673,136673,136676,3,0
136674,136674,136676,2,0
136673,136673,136675,2,0
136673,136673,136675,2,0
136673,136673,136676,3,0
136670,136670,136676,6,0
136673,136673,136676,3,0
136672,136672,136676,4,0
136673,136673,136677,4,0
136674,136674,136676,2,0
136672,136673,136676,3,1
136673,136673,136676,3,0
136674,136674,136676,2,0
136674,136674,136676,2,0
136673,136673,136676,3,0
136674,136674,136677,3,0
136672,136672,136677,5,0
136675,136675,136677,2,0
136670,136670,136678,8,0
136676,136676,136678,2,0
136673,136673,136679,6,0
136674,136674,136678,4,0
136676,136676,136678,2,0
136675,136676,136678,2,1
136676,136676,136678,2,0
136676,136676,136679,3,0
136667,136668,136679,11,1
136673,136673,136679,6,0
136674,136674,136679,5,0
136673,136674,136679,5,1
136670,136671,136681,10,1
136670,136670,136683,13,0
136665,136665,136682,17,0
136672,136672,136683,11,0
136676,136676,136684,8,0
136676,136676,136684,8,0
136677,136677,136685,8,0
136677,136677,136685,8,0
136676,136677,136685,8,1
136679,136679,136686,7,0
136676,136676,136685,9,0
136679,136679,136687,8,0
136669,136669,136687,18,0
136677,136677,136687,10,0
136679,136679,136688,9,0
136678,136679,136687,8,1
136678,136678,136687,9,0
136679,136679,136688,9,0
136679,136679,136687,8,0
136679,136679,136688,9,0
136670,136670,136688,18,0
136677,136677,136688,11,0
136679,136679,136688,9,0
136679,136679,136689,10,0
136679,136679,136689,10,0
136682,136682,136689,7,0
136679,136679,136688,9,0
136676,136676,136689,13,0
136676,136676,136690,14,0
136679,136679,136690,11,0
136682,136682,136690,8,0
136682,136682,136691,9,0
136682,136682,136691,9,0
136678,136678,136691,13,0
136679,136680,136691,11,1
136679,136679,136691,12,0
136683,136683,136693,10,0
136682,136682,136692,10,0
136682,136682,136693,11,0
136681,136681,136694,13,0
136683,136684,136694,10,1
136685,136685,136693,8,0
136683,136684,136693,9,1
136684,136684,136693,9,0
136682,136682,136694,12,0
136681,136681,136695,14,0
136684,136684,136694,10,0
136684,136685,136694,9,1
136678,136678,136696,18,0
136682,136682,136696,14,0
136685,136685,136695,10,0
136683,136684,136697,13,1
136678,136678,136696,18,0
136685,136686,136696,10,1
136685,136685,136695,10,0
136690,136690,136698,8,0
136684,136684,136698,14,0
136687,136687,136698,11,0
136688,136688,136698,10,0
136680,136680,136698,18,0
136682,136682,136699,17,0
136689,136689,136699,10,0
136690,136690,136699,9,0
136690,136691,136699,8,1
136691,136691,136699,8,0
136685,136687,136699,12,2
136687,136688,136699,11,1
136686,136688,136701,13,2
136689,136690,136700,10,1
136692,136692,136701,9,0
136679,136679,136701,22,0
136694,136695,136701,6,1
136692,136692,136701,9,0
136690,136690,136701,11,0
136668,136668,136702,34,0
136692,136692,136703,11,0
136689,136690,136703,13,1
136691,136693,136703,10,2
136692,136693,136703,10,1
136696,136696,136703,7,0
136677,136677,136704,27,0
136694,136694,136704,10,0
136693,136694,136704,10,1
136692,136692,136704,12,0
136694,136694,136704,10,0
136694,136694,136704,10,0
136696,136696,136705,9,0
136692,136694,136705,11,2
136694,136694,136706,12,0
136694,136694,136705,11,0
136692,136692,136705,13,0
136696,136696,136706,10,0
136696,136697,136706,9,1
136695,136696,136707,11,1
136690,136691,136707,16,1
136672,136673,136708,35,1
136690,136691,136708,17,1
136699,136700,136708,8,1
136692,136692,136707,15,0
136698,136699,136707,8,1
136691,136691,136708,17,0
136701,136701,136708,7,0
136696,136698,136708,10,2
136697,136698,136709,11,1
136698,136698,136709,11,0
136701,136701,136709,8,0
136697,136697,136708,11,0
136698,136698,136709,11,0
136693,136694,136709,15,1
136694,136694,136710,16,0
136700,136700,136709,9,0
136701,136701,136709,8,0
136701,136701,136709,8,0
136700,136701,136711,10,1
136701,136702,136710,8,1
136699,136699,136712,13,0
136692,136694,136711,17,2
136696,136698,136712,14,2
136701,136702,136712,10,1
136702,136702,136714,12,0
136691,136691,136715,24,0
136653,136653,136716,63,0
136652,136652,136718,66,0
136688,136689,136719,30,1
136681,136682,136720,38,1
136684,136685,136725,40,1
136669,136669,136733,64,0
136670,136670,136734,64,0
136699,136699,136737,38,0
136690,136691,136761,70,1
136668,136668,136764,96,0
136668,136669,136794,125,1
136669,136669,136824,155,0
136763,136764,136873,109,1
136764,136764,136873,109,0
136948,136949,136950,1,1
136949,136949,136951,2,0
136949,136949,136951,2,0
136949,136949,136951,2,0
136949,136949,136951,2,0
136949,136949,136951,2,0
136949,136949,136951,2,0
136949,136949,136952,3,0
136949,136949,136951,2,0
136950,136950,136952,2,0
136950,136950,136952,2,0
136948,136948,136952,4,0
136948,136948,136952,4,0
136949,136949,136952,3,0
136949,136949,136952,3,0
136950,136950,136952,2,0
136949,136950,136952,2,1
136950,136951,136952,1,1
136950,136950,136952,2,0
136949,136949,136951,2,0
136950,136950,136952,2,0
136950,136950,136952,2,0
136951,136951,136953,2,0
136951,136951,136954,3,0
136950,136950,136953,3,0
136950,136950,136953,3,0
136951,136951,136954,3,0
136951,136951,136954,3,0
136951,136951,136954,3,0
136950,136950,136954,4,0
136951,136952,136954,2,1
136951,136952,136955,3,1
136951,136951,136955,4,0
136953,136953,136955,2,0
136953,136953,136955,2,0
136954,136954,136955,1,0
136951,136951,136956,5,0
136953,136953,136955,2,0
136953,136953,136956,3,0
136950,136950,136955,5,0
136950,136950,136955,5,0
136951,136951,136956,5,0
136954,136954,136956,2,0
136953,136953,136956,3,0
136953,136953,136956,3,0
136954,136954,136956,2,0
136950,136950,136956,6,0
136955,136955,136957,2,0
136953,136953,136956,3,0
136954,136954,136956,2,0
136954,136954,136956,2,0
136954,136954,136957,3,0
136955,136955,136957,2,0
136955,136955,136957,2,0
136954,136954,136956,2,0
136954,136954,136957,3,0
136955,136955,136957,2,0
136954,136954,136957,3,0
136955,136955,136958,3,0
136954,136954,136958,4,0
136955,136955,136958,3,0
136956,136956,136958,2,0
136955,136956,136958,2,1
136956,136956,136958,2,0
136956,136956,136958,2,0
136956,136956,136958,2,0
136956,136956,136958,2,0
136956,136956,136959,3,0
136955,136955,136959,4,0
136956,136956,136959,3,0
136956,136956,136959,3,0
136956,136956,136959,3,0
136958,136958,136960,2,0
136958,136958,136960,2,0
136958,136958,136960,2,0
136950,136950,136960,10,0
136951,136951,136960,9,0
136959,136959,136961,2,0
136958,136958,136961,3,0
136958,136958,136961,3,0
136958,136958,136961,3,0
136958,136958,136960,2,0
136959,136959,136961,2,0
136958,136958,136961,3,0
136958,136958,136961,3,0
136959,136959,136961,2,0
136958,136958,136961,3,0
136959,136959,136961,2,0
136960,136960,136962,2,0
136958,136958,136961,3,0
136959,136959,136961,2,0
136956,136956,136961,5,0
136958,136958,136962,4,0
136959,136959,136961,2,0
136959,136959,136961,2,0
136959,136959,136961,2,0
136959,136960,136962,2,1
136958,136959,136962,3,1
136960,136960,136963,3,0
136960,136960,136962,2,0
136958,136958,136962,4,0
136960,136960,136963,3,0
136960,136960,136963,3,0
136960,136960,136963,3,0
136960,136960,136963,3,0
136961,136961,136964,3,0
136962,136962,136964,2,0
136960,136960,136963,3,0
136961,136961,136964,3,0
136961,136961,136963,2,0
136961,136961,136963,2,0
136962,136962,136964,2,0
136961,136961,136964,3,0
136961,136961,136964,3,0
136962,136962,136964,2,0
136958,136958,136964,6,0
136959,136959,136964,5,0
136962,136962,136964,2,0
136962,136962,136964,2,0
136962,136962,136964,2,0
136962,136962,136964,2,0
136962,136962,136964,2,0
136962,136962,136965,3,0
136955,136955,136965,10,0
136955,136955,136965,10,0
136959,136959,136964,5,0
136962,136962,136964,2,0
136962,136962,136965,3,0
136962,136962,136965,3,0
136963,136963,136965,2,0
136963,136963,136965,2,0
136963,136963,136965,2,0
136962,136963,136966,3,1
136963,136963,136966,3,0
136964,136964,136966,2,0
136964,136964,136966,2,0
136965,136965,136966,1,0
136964,136964,136967,3,0
136964,136964,136967,3,0
136963,136963,136966,3,0
136965,136965,136967,2,0
136965,136965,136967,2,0
136963,136963,136966,3,0
136963,136963,136966,3,0
136966,136966,136968,2,0
136950,136950,136967,17,0
136964,136964,136967,3,0
136963,136963,136968,5,0
136959,136959,136968,9,0
136966,136966,136968,2,0
136966,136966,136968,2,0
136957,136957,136967,10,0
136966,136966,136969,3,0
136965,136965,136968,3,0
136965,136965,136968,3,0
136965,136966,136968,2,1
136967,136967,136969,2,0
136967,136967,136969,2,0
136965,136965,136968,3,0
136962,136962,136968,6,0
136967,136967,136969,2,0
136966,136966,136968,2,0
136963,136963,136969,6,0
136966,136966,136969,3,0
136966,136967,136969,2,1
136967,136967,136969,2,0
136966,136966,136969,3,0
136967,136967,136970,3,0
136967,136967,136970,3,0
136967,136967,136970,3,0
136966,136966,136970,4,0
136967,136968,136970,2,1
136968,136968,136970,2,0
136968,136968,136971,3,0
136967,136968,136971,3,1
136968,136968,136971,3,0
136968,136968,136970,2,0
136969,136969,136970,1,0
136969,136969,136970,1,0
136969,136969,136971,2,0
136962,136962,136971,9,0
136966,136966,136971,5,0
136968,136969,136972,3,1
136968,136968,136971,3,0
136970,136970,136972,2,0
136970,136970,136972,2,0
136970,136970,136973,3,0
136970,136970,136972,2,0
136971,136971,136973,2,0
136963,136963,136972,9,0
136970,136970,136973,3,0
136969,136969,136972,3,0
136971,136971,136973,2,0
136971,136971,136974,3,0
136971,136972,136974,2,1
136972,136972,136974,2,0
136970,136970,136973,3,0
136971,136971,136973,2,0
136970,136971,136973,2,1
136971,136971,136973,2,0
136967,136967,136973,6,0
136953,136953,136973,20,0
136970,136971,136973,2,1
136971,136971,136973,2,0
136970,136970,136974,4,0
136971,136971,136973,2,0
136973,136973,136975,2,0
136973,136973,136975,2,0
136972,136972,136975,3,0
136972,136972,136975,3,0
136972,136972,136975,3,0
136973,136973,136975,2,0
136970,136970,136974,4,0
136972,136972,136975,3,0
136972,136972,136976,4,0
136972,136972,136975,3,0
136971,136971,136975,4,0
136972,136972,136975,3,0
136973,136973,136975,2,0
136973,136973,136975,2,0
136972,136972,136975,3,0
136975,136975,136977,2,0
136975,136975,136977,2,0
136972,136973,136977,4,1
136973,136973,136976,3,0
136973,136973,136976,3,0
136972,136972,136977,5,0
136974,136975,136977,2,1
136974,136975,136977,2,1
136975,136975,136977,2,0
136975,136975,136978,3,0
136971,136971,136981,10,0
136975,136975,136983,8,0
136972,136972,136982,10,0
136975,136976,136983,7,1
136975,136975,136982,7,0
136976,136976,136983,7,0
136966,136966,136984,18,0
136977,136977,136984,7,0
136975,136975,136984,9,0
136977,136977,136984,7,0
136978,136978,136985,7,0
136975,136975,136984,9,0
136977,136977,136985,8,0
136975,136975,136985,10,0
136977,136977,136986,9,0
136976,136976,136986,10,0
136977,136977,136985,8,0
136981,136981,136987,6,0
136976,136976,136986,10,0
136977,136977,136987,10,0
136977,136977,136988,11,0
136978,136978,136987,9,0
136975,136975,136988,13,0
136978,136978,136988,10,0
136978,136978,136988,10,0
136980,136981,136989,8,1
136975,136975,136989,14,0
136976,136976,136989,13,0
136976,136976,136990,14,0
136982,136982,136989,7,0
136981,136981,136989,8,0
136971,136971,136990,19,0
136981,136981,136991,10,0
136979,136980,136991,11,1
136983,136983,136991,8,0
136975,136975,136991,16,0
136977,136977,136992,15,0
136977,136977,136992,15,0
136984,136984,136992,8,0
136973,136974,136992,18,1
136979,136980,136992,12,1
136982,136982,136992,10,0
136983,136984,136993,9,1
136985,136985,136993,8,0
136986,136986,136993,7,0
136987,136987,136993,6,0
136985,136985,136993,8,0
136985,136985,136994,9,0
136978,136979,136994,15,1
136981,136982,136993,11,1
136985,136985,136994,9,0
136986,136986,136994,8,0
136978,136978,136994,16,0
136978,136978,136995,17,0
136981,136982,136995,13,1
136986,136986,136995,9,0
136988,136988,136996,8,0
136962,136962,136995,33,0
136989,136989,136996,7,0
136986,136986,136997,11,0
136963,136963,136996,33,0
136986,136986,136996,10,0
136987,136987,136996,9,0
136991,136991,136997,6,0
136985,136985,136997,12,0
136978,136978,136996,18,0
136983,136983,136999,16,0
136978,136978,137001,23,0
136994,136994,137000,6,0
136991,136992,137001,9,1
136993,136993,137001,8,0
136994,136994,137001,7,0
136990,136990,137001,11,0
136994,136994,137002,8,0
136990,136990,137002,12,0
136993,136993,137002,9,0
136986,136986,137001,15,0
136993,136993,137003,10,0
136989,136990,137004,14,1
136993,136993,137004,11,0
136993,136993,137005,12,0
136997,136997,137005,8,0
136993,136993,137004,11,0
136997,136997,137005,8,0
136998,136998,137005,7,0
136998,136998,137004,6,0
136997,136997,137005,8,0
136992,136993,137005,12,1
137000,137000,137007,7,0
136999,136999,137007,8,0
136994,136996,137006,10,2
136998,136998,137007,9,0
136998,136998,137007,9,0
136993,136993,137006,13,0
136998,136999,137006,7,1
137001,137001,137008,7,0
137001,137001,137008,7,0
136999,136999,137008,9,0
136997,136997,137007,10,0
136997,136997,137009,12,0
136996,136996,137009,13,0
136996,136996,137009,13,0
137002,137002,137009,7,0
136999,136999,137009,10,0
136999,136999,137008,9,0
136999,137000,137010,10,1
137004,137004,137010,6,0
137001,137001,137010,9,0
137002,137002,137010,8,0
137001,137001,137011,10,0
137003,137003,137011,8,0
137004,137004,137011,7,0
137004,137004,137012,8,0
136998,136998,137011,13,0
137000,137001,137012,11,1
137004,137005,137012,7,1
137007,137008,137014,6,1
137007,137007,137015,8,0
137007,137007,137016,9,0
137003,137003,137016,13,0
137008,137008,137016,8,0
137008,137008,137016,8,0
137007,137008,137017,9,1
137008,137008,137017,9,0
137008,137010,137017,7,2
137005,137005,137017,12,0
137007,137007,137018,11,0
137004,137004,137017,13,0
137004,137004,137018,14,0
137008,137008,137018,10,0
137009,137009,137018,9,0
136992,136992,137018,26,0
137012,137013,137018,5,1
137007,137007,137019,12,0
137012,137012,137020,8,0
137012,137012,137019,7,0
137012,137012,137019,7,0
137006,137007,137019,12,1
137012,137012,137019,7,0
137012,137012,137020,8,0
137012,137012,137020,8,0
137013,137013,137021,8,0
137015,137015,137022,7,0
137012,137012,137021,9,0
137013,137013,137021,8,0
137013,137013,137021,8,0
137012,137012,137022,10,0
137014,137014,137022,8,0
137011,137011,137021,10,0
137014,137014,137023,9,0
137014,137014,137022,8,0
137013,137013,137023,10,0
137010,137011,137023,12,1
137012,137012,137023,11,0
137011,137011,137023,12,0
137013,137013,137023,10,0
137016,137016,137024,8,0
137012,137012,137024,12,0
137015,137016,137025,9,1
137014,137014,137025,11,0
137018,137018,137025,7,0
137017,137017,137025,8,0
137015,137015,137025,10,0
137015,137015,137025,10,0
137015,137016,137026,10,1
137021,137021,137030,9,0
137019,137020,137029,9,1
137017,137017,137029,12,0
137018,137018,137027,9,0
137018,137019,137026,7,1
137018,137018,137028,10,0
137018,137018,137030,12,0
137023,137023,137030,7,0
137013,137013,137030,17,0
137018,137018,137030,12,0
137024,137024,137031,7,0
137022,137022,137031,9,0
137018,137018,137031,13,0
137022,137022,137030,8,0
137024,137024,137031,7,0
137018,137019,137027,8,1
137019,137019,137027,8,0
137018,137018,137031,13,0
137018,137018,137033,15,0
137021,137021,137030,9,0
137022,137022,137033,11,0
137024,137024,137033,9,0
137026,137026,137034,8,0
137025,137025,137034,9,0
137025,137027,137034,7,2
137026,137026,137034,8,0
137026,137026,137035,9,0
137025,137026,137034,8,1
137024,137024,137036,12,0
137022,137022,137035,13,0
137019,137020,137035,15,1
137024,137026,137036,10,2
137025,137026,137035,9,1
137021,137021,137036,15,0
137023,137023,137036,13,0
137023,137023,137036,13,0
137012,137012,137037,25,0
136970,136970,137036,66,0
137023,137023,137037,14,0
137024,137026,137037,11,2
137026,137027,137037,10,1
137026,137026,137037,11,0
137023,137026,137038,12,3
137027,137030,137038,8,3
137027,137030,137038,8,3
137030,137030,137039,9,0
137024,137025,137038,13,1
137025,137026,137038,12,1
137026,137027,137038,11,1
137024,137024,137039,15,0
137024,137024,137040,16,0
137027,137027,137040,13,0
137030,137032,137040,8,2
136972,136972,137040,68,0
137025,137026,137040,14,1
137025,137026,137040,14,1
137033,137033,137041,8,0
137034,137034,137041,7,0
137033,137033,137041,8,0
137027,137027,137041,14,0
137025,137026,137042,16,1
137024,137024,137042,18,0
137027,137031,137042,11,4
137031,137031,137042,11,0
137034,137034,137043,9,0
137034,137034,137043,9,0
137027,137030,137043,13,3
137036,137036,137044,8,0
137035,137035,137044,9,0
137036,137036,137044,8,0
137036,137036,137044,8,0
137035,137036,137044,8,1
137037,137037,137044,7,0
137033,137033,137045,12,0
137031,137032,137045,13,1
137036,137036,137048,12,0
137026,137026,137049,23,0
137004,137005,137049,44,1
137036,137036,137049,13,0
137027,137027,137051,24,0
137037,137038,137051,13,1
137037,137038,137051,13,1
137037,137038,137051,13,1
137014,137014,137053,39,0
137055,137055,137273,218,0
137055,137055,137274,219,0
139003,139003,139005,2,0
139004,139004,139006,2,0
139004,139004,139006,2,0
139004,139004,139006,2,0
139004,139004,139007,3,0
139004,139004,139006,2,0
139004,139004,139006,2,0
139005,139005,139007,2,0
139005,139005,139007,2,0
139005,139005,139007,2,0
139003,139003,139006,3,0
139003,139004,139006,2,1
139004,139004,139006,2,0
139004,139004,139007,3,0
139005,139005,139008,3,0
139005,139005,139008,3,0
139005,139005,139007,2,0
139005,139005,139007,2,0
139004,139004,139008,4,0
139005,139005,139008,3,0
139005,139005,139008,3,0
139005,139005,139008,3,0
139006,139006,139008,2,0
139006,139006,139008,2,0
139005,139005,139007,2,0
139005,139005,139008,3,0
139007,139007,139009,2,0
139007,139007,139009,2,0
139007,139007,139010,3,0
139003,139003,139009,6,0
139004,139004,139009,5,0
139007,139007,139009,2,0
139008,139008,139010,2,0
139008,139008,139009,1,0
139008,139008,139010,2,0
139007,139008,139011,3,1
139007,139008,139011,3,1
139008,139008,139011,3,0
139005,139005,139011,6,0
139006,139006,139010,4,0
139006,139006,139010,4,0
139007,139007,139010,3,0
139005,139006,139011,5,1
139009,139009,139011,2,0
139008,139008,139011,3,0
139008,139008,139011,3,0
139008,139008,139011,3,0
139009,139010,139011,1,1
139009,139010,139011,1,1
139009,139009,139012,3,0
139008,139008,139011,3,0
139010,139010,139012,2,0
139008,139008,139011,3,0
139009,139009,139012,3,0
139006,139007,139013,6,1
139011,139011,139013,2,0
139011,139011,139013,2,0
139011,139011,139013,2,0
139010,139010,139013,3,0
139010,139010,139014,4,0
139008,139008,139013,5,0
139010,139010,139013,3,0
139005,139005,139014,9,0
139010,139010,139013,3,0
139010,139010,139014,4,0
139011,139011,139014,3,0
139011,139012,139014,2,1
139011,139011,139015,4,0
139011,139011,139014,3,0
139011,139011,139014,3,0
139011,139011,139014,3,0
139013,139013,139015,2,0
139013,139013,139015,2,0
139013,139013,139015,2,0
139013,139013,139015,2,0
139013,139013,139015,2,0
139013,139013,139015,2,0
139014,139014,139016,2,0
139013,139013,139016,3,0
139005,139005,139015,10,0
139014,139014,139016,2,0
139010,139010,139016,6,0
139010,139011,139016,5,1
139014,139014,139016,2,0
139013,139013,139016,3,0
139013,139013,139016,3,0
139013,139013,139016,3,0
139014,139014,139016,2,0
139010,139010,139017,7,0
139014,139014,139017,3,0
139015,139015,139017,2,0
139014,139014,139018,4,0
139014,139014,139017,3,0
139013,139013,139018,5,0
139015,139015,139019,4,0
139015,139015,139019,4,0
139015,139015,139019,4,0
139016,139016,139019,3,0
139015,139015,139018,3,0
139015,139015,139018,3,0
139011,139011,139018,7,0
139014,139014,139019,5,0
139015,139015,139018,3,0
139015,139015,139019,4,0
139013,139013,139019,6,0
139014,139014,139019,5,0
139018,139018,139020,2,0
139017,139018,139019,1,1
139018,139018,139020,2,0
139018,139018,139020,2,0
139010,139010,139020,10,0
139018,139018,139021,3,0
139019,139019,139021,2,0
139018,139018,139021,3,0
139018,139018,139020,2,0
139017,139017,139020,3,0
139018,139018,139020,2,0
139018,139018,139021,3,0
139019,139019,139021,2,0
139013,139014,139020,6,1
139018,139018,139020,2,0
139019,139019,139021,2,0
139019,139019,139021,2,0
139019,139019,139021,2,0
139019,139019,139022,3,0
139020,139020,139022,2,0
139019,139019,139022,3,0
139018,139018,139022,4,0
139019,139020,139022,2,1
139018,139019,139022,3,1
139020,139020,139022,2,0
139021,139021,139023,2,0
139019,139019,139022,3,0
139019,139019,139022,3,0
139019,139019,139022,3,0
139019,139019,139022,3,0
139021,139021,139023,2,0
139021,139021,139023,2,0
139021,139021,139023,2,0
139020,139020,139023,3,0
139021,139022,139023,1,1
139014,139014,139023,9,0
139018,139018,139023,5,0
139019,139019,139023,4,0
139020,139020,139023,3,0
139023,139023,139025,2,0
139006,139006,139024,18,0
139015,139015,139024,9,0
139020,139020,139024,4,0
139015,139015,139025,10,0
139020,139021,139025,4,1
139022,139022,139024,2,0
139022,139022,139024,2,0
139022,139022,139025,3,0
139022,139022,139025,3,0
139022,139022,139025,3,0
139023,139023,139025,2,0
139015,139015,139025,10,0
139022,139022,139025,3,0
139023,139023,139025,2,0
139022,139023,139025,2,1
139024,139024,139026,2,0
139024,139024,139026,2,0
139024,139024,139026,2,0
139020,139020,139025,5,0
139024,139024,139026,2,0
139025,139025,139027,2,0
139020,139020,139027,7,0
139025,139025,139027,2,0
139025,139026,139027,1,1
139024,139025,139027,2,1
139025,139025,139027,2,0
139023,139023,139026,3,0
139008,139009,139028,19,1
139025,139025,139028,3,0
139026,139026,139028,2,0
139025,139025,139028,3,0
139025,139025,139028,3,0
139025,139025,139028,3,0
139023,139024,139028,4,1
139024,139024,139028,4,0
139024,139024,139028,4,0
139024,139024,139028,4,0
139025,139025,139028,3,0
139026,139026,139029,3,0
139025,139025,139028,3,0
139026,139026,139028,2,0
139019,139019,139029,10,0
139024,139025,139029,4,1
139027,139027,139029,2,0
139027,139027,139029,2,0
139022,139022,139028,6,0
139025,139025,139029,4,0
139026,139026,139029,3,0
139028,139028,139030,2,0
139028,139028,139030,2,0
139028,139028,139030,2,0
139027,139027,139030,3,0
139019,139019,139029,10,0
139024,139024,139030,6,0
139028,139028,139030,2,0
139028,139028,139031,3,0
139026,139026,139031,5,0
139028,139028,139030,2,0
139028,139028,139031,3,0
139024,139024,139031,7,0
139028,139028,139031,3,0
139014,139014,139031,17,0
139026,139026,139031,5,0
139028,139028,139032,4,0
139022,139022,139031,9,0
139027,139027,139031,4,0
139028,139028,139032,4,0
139029,139029,139032,3,0
139029,139029,139032,3,0
139029,139029,139032,3,0
139028,139028,139032,4,0
139027,139028,139032,4,1
139014,139014,139033,19,0
139023,139023,139033,10,0
139029,139029,139032,3,0
139029,139029,139032,3,0
139029,139029,139032,3,0
139029,139029,139032,3,0
139031,139031,139037,6,0
139003,139003,139037,34,0
139027,139028,139037,9,1
139031,139031,139037,6,0
139032,139032,139038,6,0
139031,139031,139037,6,0
139028,139028,139038,10,0
139030,139031,139039,8,1
139032,139032,139038,6,0
139032,139032,139038,6,0
139031,139031,139040,9,0
139032,139032,139040,8,0
139028,139028,139038,10,0
139033,139033,139040,7,0
139033,139033,139040,7,0
139029,139029,139040,11,0
139031,139031,139040,9,0
139033,139033,139040,7,0
139030,139030,139040,10,0
139032,139032,139040,8,0
139023,139023,139040,17,0
139033,139033,139040,7,0
139033,139033,139042,9,0
139035,139035,139042,7,0
139031,139031,139042,11,0
139033,139033,139042,9,0
139035,139035,139042,7,0
139031,139031,139043,12,0
139022,139022,139043,21,0
139035,139035,139043,8,0
139032,139032,139043,11,0
139008,139009,139044,35,1
139010,139010,139044,34,0
139032,139032,139043,11,0
139033,139033,139043,10,0
139035,139035,139044,9,0
139033,139033,139044,11,0
139032,139033,139045,12,1
139032,139032,139045,13,0
139034,139034,139045,11,0
139034,139034,139045,11,0
139034,139034,139047,13,0
139035,139035,139047,12,0
139029,139029,139047,18,0
139015,139015,139049,34,0
139022,139022,139056,34,0
139026,139026,139059,33,0
139009,139009,139074,65,0
139010,139010,139104,94,0
139124,139124,139130,6,0
139124,139125,139131,6,1
139124,139124,139131,7,0
139126,139126,139132,6,0
139124,139124,139131,7,0
139125,139126,139132,6,1
139125,139125,139132,7,0
139125,139125,139133,8,0
139126,139126,139132,6,0
139124,139124,139133,9,0
139125,139125,139133,8,0
139127,139127,139133,6,0
139126,139126,139133,7,0
139127,139127,139134,7,0
139126,139127,139134,7,1
139127,139127,139134,7,0
139128,139128,139134,6,0
139010,139010,139134,124,0
139128,139128,139134,6,0
139126,139126,139135,9,0
139124,139124,139135,11,0
139127,139127,139134,7,0
139124,139124,139135,11,0
139128,139128,139135,7,0
139128,139128,139136,8,0
139128,139128,139136,8,0
139129,139129,139136,7,0
139127,139127,139136,9,0
139126,139126,139137,11,0
139124,139124,139137,13,0
139124,139125,139137,12,1
139125,139125,139137,12,0
139128,139128,139137,9,0
139129,139129,139137,8,0
139125,139125,139138,13,0
139126,139126,139138,12,0
139127,139127,139138,11,0
139148,139148,139150,2,0
139149,139149,139151,2,0
139149,139149,139151,2,0
139149,139149,139151,2,0
139149,139149,139152,3,0
139149,139150,139152,2,1
139149,139149,139151,2,0
139150,139150,139152,2,0
139149,139149,139152,3,0
139150,139150,139152,2,0
139148,139149,139152,3,1
139148,139149,139152,3,1
139149,139149,139152,3,0
139149,139149,139152,3,0
139150,139150,139152,2,0
139149,139149,139151,2,0
139150,139151,139152,1,1
139150,139150,139152,2,0
139148,139149,139152,3,1
139150,139150,139152,2,0
139151,139151,139153,2,0
139150,139150,139152,2,0
139150,139150,139152,2,0
139150,139150,139152,2,0
139150,139150,139152,2,0
139151,139151,139153,2,0
139150,139151,139153,2,1
139150,139150,139154,4,0
139150,139150,139153,3,0
139151,139151,139153,2,0
139150,139150,139154,4,0
139151,139151,139154,3,0
139151,139151,139153,2,0
139153,139153,139154,1,0
139149,139149,139154,5,0
139151,139151,139154,3,0
139149,139150,139155,5,1
139153,139153,139155,2,0
139153,139153,139155,2,0
139153,139153,139156,3,0
139151,139152,139155,3,1
139154,139154,139156,2,0
139153,139153,139156,3,0
139153,139153,139155,2,0
139154,139154,139155,1,0
139154,139154,139156,2,0
139152,139152,139156,4,0
139152,139153,139156,3,1
139153,139153,139156,3,0
139153,139153,139156,3,0
139151,139151,139156,5,0
139154,139154,139156,2,0
139153,139153,139156,3,0
139153,139153,139156,3,0
139154,139154,139156,2,0
139154,139154,139156,2,0
139153,139154,139157,3,1
139154,139154,139157,3,0
139155,139155,139157,2,0
139155,139155,139157,2,0
139153,139153,139157,4,0
139154,139154,139156,2,0
139155,139155,139157,2,0
139155,139155,139157,2,0
139155,139156,139157,1,1
139155,139155,139158,3,0
139154,139154,139157,3,0
139154,139154,139157,3,0
139155,139155,139158,3,0
139156,139156,139158,2,0
139156,139156,139158,2,0
139155,139155,139158,3,0
139154,139154,139157,3,0
139154,139154,139157,3,0
139155,139155,139158,3,0
139156,139156,139159,3,0
139155,139155,139158,3,0
139156,139156,139158,2,0
139157,139158,139159,1,1
139156,139156,139159,3,0
139156,139156,139159,3,0
139156,139156,139159,3,0
139156,139156,139159,3,0
139158,139158,139160,2,0
139158,139158,139160,2,0
139158,139158,139160,2,0
139157,139157,139160,3,0
139158,139158,139160,2,0
139158,139158,139160,2,0
139159,139159,139161,2,0
139151,139151,139160,9,0
139159,139159,139161,2,0
139159,139160,139161,1,1
139158,139159,139161,2,1
139155,139155,139162,7,0
139159,139159,139161,2,0
139159,139159,139161,2,0
139160,139160,139162,2,0
139159,139159,139162,3,0
139160,139160,139163,3,0
139159,139159,139163,4,0
139160,139160,139163,3,0
139160,139160,139163,3,0
139155,139155,139162,7,0
139159,139159,139162,3,0
139160,139160,139163,3,0
139160,139160,139163,3,0
139160,139160,139163,3,0
139160,139160,139164,4,0
139158,139158,139163,5,0
139160,139160,139163,3,0
139158,139158,139164,6,0
139162,139162,139164,2,0
139162,139162,139164,2,0
139162,139162,139164,2,0
139162,139162,139165,3,0
139162,139162,139164,2,0
139163,139163,139165,2,0
139155,139155,139164,9,0
139163,139163,139165,2,0
139163,139163,139165,2,0
139162,139162,139165,3,0
139162,139162,139165,3,0
139163,139163,139165,2,0
139163,139163,139165,2,0
139163,139163,139165,2,0
139159,139159,139165,6,0
139162,139163,139165,2,1
139163,139163,139165,2,0
139164,139164,139166,2,0
139162,139162,139165,3,0
139163,139163,139166,3,0
139163,139163,139165,2,0
139164,139164,139166,2,0
139160,139160,139165,5,0
139163,139163,139165,2,0
139164,139164,139167,3,0
139164,139164,139166,2,0
139164,139165,139167,2,1
139165,139165,139167,2,0
139165,139165,139167,2,0
139165,139165,139167,2,0
139165,139165,139167,2,0
139165,139165,139167,2,0
139163,139163,139166,3,0
139164,139164,139167,3,0
139165,139165,139167,2,0
139165,139165,139167,2,0
139164,139164,139167,3,0
139165,139165,139167,2,0
139163,139163,139167,4,0
139164,139164,139167,3,0
139158,139158,139168,10,0
139159,139159,139168,9,0
139166,139166,139169,3,0
139160,139160,139169,9,0
139167,139167,139169,2,0
139167,139167,139169,2,0
139159,139159,139169,10,0
139159,139160,139169,9,1
139168,139168,139170,2,0
139168,139168,139170,2,0
139168,139168,139170,2,0
139167,139167,139169,2,0
139168,139168,139170,2,0
139167,139167,139170,3,0
139167,139167,139170,3,0
139167,139167,139170,3,0
139167,139167,139169,2,0
139167,139167,139169,2,0
139168,139168,139170,2,0
139168,139168,139170,2,0
139167,139167,139170,3,0
139168,139169,139171,2,1
139167,139167,139171,4,0
139168,139168,139171,3,0
139169,139169,139171,2,0
139168,139168,139171,3,0
139168,139168,139170,2,0
139169,139169,139171,2,0
139169,139169,139171,2,0
139169,139169,139171,2,0
139163,139163,139171,8,0
139169,139169,139172,3,0
139169,139169,139172,3,0
139169,139169,139172,3,0
139170,139170,139172,2,0
139170,139170,139173,3,0
139169,139169,139172,3,0
139169,139170,139172,2,1
139170,139170,139172,2,0
139170,139170,139172,2,0
139170,139171,139172,1,1
139171,139171,139173,2,0
139171,139171,139173,2,0
139171,139171,139173,2,0
139170,139170,139173,3,0
139171,139171,139174,3,0
139163,139163,139173,10,0
139164,139164,139173,9,0
139169,139169,139173,4,0
139169,139169,139174,5,0
139171,139171,139174,3,0
139171,139171,139174,3,0
139171,139171,139174,3,0
139169,139169,139174,5,0
139171,139171,139174,3,0
139171,139171,139174,3,0
139173,139173,139174,1,0
139173,139173,139175,2,0
139168,139168,139174,6,0
139174,139174,139175,1,0
139172,139172,139176,4,0
139173,139173,139176,3,0
139173,139173,139176,3,0
139172,139172,139175,3,0
139173,139173,139176,3,0
139172,139172,139175,3,0
139171,139171,139176,5,0
139173,139173,139176,3,0
139173,139173,139176,3,0
139173,139173,139176,3,0
139174,139174,139176,2,0
139168,139168,139177,9,0
139160,139160,139177,17,0
139159,139159,139177,18,0
139173,139173,139177,4,0
139173,139173,139177,4,0
139173,139173,139178,5,0
139173,139173,139178,5,0
139173,139173,139178,5,0
139174,139174,139179,5,0
139173,139173,139179,6,0
139174,139174,139180,6,0
139170,139170,139180,10,0
139174,139174,139180,6,0
139174,139174,139180,6,0
139164,139164,139181,17,0
139164,139164,139181,17,0
139174,139174,139181,7,0
139174,139174,139186,12,0
139174,139174,139187,13,0
139174,139175,139187,12,1
139169,139169,139188,19,0
139170,139170,139188,18,0
139159,139159,139193,34,0
139231,139231,139233,2,0
139231,139231,139233,2,0
139231,139231,139233,2,0
139231,139231,139233,2,0
139232,139232,139234,2,0
139231,139231,139233,2,0
139231,139231,139233,2,0
139232,139232,139233,1,0
139232,139232,139234,2,0
139232,139232,139234,2,0
139231,139231,139233,2,0
139232,139232,139235,3,0
139232,139232,139235,3,0
139233,139233,139234,1,0
139233,139233,139235,2,0
139232,139232,139234,2,0
139231,139231,139234,3,0
139231,139232,139234,2,1
139233,139233,139235,2,0
139233,139233,139235,2,0
139233,139233,139236,3,0
139234,139234,139236,2,0
139232,139232,139235,3,0
139233,139233,139235,2,0
139232,139232,139235,3,0
139234,139234,139236,2,0
139233,139233,139235,2,0
139233,139233,139236,3,0
139233,139233,139236,3,0
139232,139232,139235,3,0
139234,139234,139237,3,0
139234,139234,139236,2,0
139234,139234,139236,2,0
139235,139235,139237,2,0
139234,139234,139236,2,0
139235,139235,139237,2,0
139233,139233,139237,4,0
139234,139234,139238,4,0
139234,139234,139237,3,0
139236,139236,139238,2,0
139234,139234,139237,3,0
139236,139236,139238,2,0
139236,139236,139238,2,0
139236,139236,139238,2,0
139235,139235,139237,2,0
139236,139236,139238,2,0
139236,139236,139238,2,0
139234,139234,139239,5,0
139236,139236,139239,3,0
139233,139233,139239,6,0
139237,139237,139239,2,0
139233,139233,139238,5,0
139237,139237,139239,2,0
139237,139237,139239,2,0
139237,139237,139239,2,0
139237,139238,139240,2,1
139237,139237,139239,2,0
139236,139236,139239,3,0
139237,139237,139239,2,0
139238,139238,139240,2,0
139236,139237,139239,2,1
139237,139237,139239,2,0
139238,139238,139240,2,0
139236,139237,139240,3,1
139237,139237,139239,2,0
139238,139238,139240,2,0
139238,139238,139240,2,0
139238,139238,139240,2,0
139239,139239,139240,1,0
139238,139238,139241,3,0
139239,139239,139241,2,0
139238,139238,139241,3,0
139239,139239,139241,2,0
139238,139238,139241,3,0
139239,139239,139241,2,0
139239,139239,139242,3,0
139240,139240,139242,2,0
139239,139239,139241,2,0
139239,139239,139241,2,0
139239,139239,139242,3,0
139240,139240,139242,2,0
139240,139240,139242,2,0
139239,139239,139241,2,0
139239,139239,139242,3,0
139240,139240,139243,3,0
139240,139240,139242,2,0
139240,139240,139243,3,0
139241,139241,139243,2,0
139240,139240,139242,2,0
139241,139241,139243,2,0
139241,139241,139243,2,0
139241,139241,139243,2,0
139241,139241,139243,2,0
139241,139242,139244,2,1
139242,139242,139244,2,0
139241,139241,139244,3,0
139241,139241,139243,2,0
139242,139242,139244,2,0
139238,139238,139243,5,0
139238,139238,139243,5,0
139241,139241,139244,3,0
139242,139242,139244,2,0
139241,139241,139245,4,0
139242,139242,139245,3,0
139242,139242,139245,3,0
139237,139237,139244,7,0
139242,139242,139245,3,0
139243,139243,139245,2,0
139242,139242,139245,3,0
139242,139242,139244,2,0
139242,139242,139245,3,0
139243,139243,139245,2,0
139243,139243,139245,2,0
139243,139243,139245,2,0
139243,139243,139245,2,0
139243,139243,139246,3,0
139243,139243,139246,3,0
139243,139243,139246,3,0
139244,139244,139246,2,0
139244,139244,139246,2,0
139244,139244,139246,2,0
139243,139243,139246,3,0
139240,139241,139246,5,1
139243,139244,139246,2,1
139245,139245,139247,2,0
139243,139244,139247,3,1
139244,139245,139247,2,1
139245,139245,139247,2,0
139242,139242,139247,5,0
139245,139246,139248,2,1
139245,139245,139247,2,0
139245,139245,139247,2,0
139245,139245,139248,3,0
139245,139245,139248,3,0
139245,139245,139248,3,0
139246,139247,139248,1,1
139246,139246,139249,3,0
139245,139245,139248,3,0
139247,139247,139249,2,0
139246,139246,139249,3,0
139247,139247,139249,2,0
139247,139247,139249,2,0
139246,139246,139249,3,0
139246,139246,139249,3,0
139247,139247,139249,2,0
139244,139244,139249,5,0
139247,139247,139249,2,0
139247,139248,139250,2,1
139245,139245,139249,4,0
139247,139247,139249,2,0
139247,139247,139250,3,0
139247,139247,139251,4,0
139248,139248,139251,3,0
139245,139245,139250,5,0
139247,139247,139250,3,0
139248,139248,139251,3,0
139248,139248,139251,3,0
139234,139234,139251,17,0
139249,139249,139251,2,0
139250,139250,139251,1,0
139249,139249,139252,3,0
139249,139249,139252,3,0
139249,139249,139252,3,0
139248,139248,139251,3,0
139241,139241,139251,10,0
139248,139248,139251,3,0
139248,139248,139251,3,0
139248,139249,139252,3,1
139250,139250,139252,2,0
139250,139250,139252,2,0
139250,139250,139252,2,0
139249,139249,139252,3,0
139250,139250,139253,3,0
139249,139249,139252,3,0
139249,139249,139252,3,0
139249,139250,139252,2,1
139248,139248,139253,5,0
139251,139251,139254,3,0
139251,139251,139254,3,0
139247,139247,139253,6,0
139248,139248,139253,5,0
139250,139251,139254,3,1
139252,139252,139254,2,0
139252,139252,139254,2,0
139250,139250,139253,3,0
139250,139250,139253,3,0
139252,139252,139253,1,0
139251,139251,139253,2,0
139251,139251,139253,2,0
139252,139252,139254,2,0
139252,139252,139255,3,0
139252,139252,139255,3,0
139252,139252,139255,3,0
139253,139253,139255,2,0
139251,139251,139255,4,0
139253,139253,139255,2,0
139253,139253,139254,1,0
139249,139249,139255,6,0
139253,139253,139255,2,0
139252,139252,139255,3,0
139253,139253,139255,2,0
139253,139253,139256,3,0
139253,139253,139256,3,0
139254,139254,139256,2,0
139254,139254,139256,2,0
139254,139254,139256,2,0
139251,139251,139256,5,0
139251,139251,139255,4,0
139252,139252,139255,3,0
139251,139251,139256,5,0
139251,139251,139256,5,0
139253,139253,139256,3,0
139254,139254,139256,2,0
139253,139253,139256,3,0
139254,139254,139256,2,0
139255,139255,139257,2,0
139255,139255,139257,2,0
139255,139255,139258,3,0
139255,139255,139257,2,0
139253,139254,139257,3,1
139255,139255,139257,2,0
139248,139248,139258,10,0
139255,139256,139258,2,1
139253,139253,139259,6,0
139255,139255,139259,4,0
139252,139253,139258,5,1
139254,139255,139258,3,1
139255,139255,139258,3,0
139255,139255,139258,3,0
139241,139241,139259,18,0
139254,139254,139259,5,0
139255,139255,139259,4,0
139255,139255,139259,4,0
139251,139251,139261,10,0
139255,139255,139261,6,0
139243,139243,139261,18,0
139256,139256,139262,6,0
139256,139256,139262,6,0
139257,139257,139264,7,0
139257,139257,139264,7,0
139256,139256,139265,9,0
139256,139256,139265,9,0
139259,139259,139266,7,0
139259,139259,139265,6,0
139248,139248,139266,18,0
139259,139259,139266,7,0
139256,139256,139266,10,0
139249,139249,139266,17,0
139259,139259,139266,7,0
139258,139258,139267,9,0
139259,139259,139267,8,0
139257,139257,139267,10,0
139259,139259,139267,8,0
139258,139258,139268,10,0
139259,139259,139268,9,0
139251,139252,139269,17,1
139257,139258,139269,11,1
139256,139256,139270,14,0
139256,139256,139270,14,0
139259,139259,139270,11,0
139238,139238,139271,33,0
139258,139258,139271,13,0
139259,139260,139272,12,1
139259,139259,139271,12,0
139259,139259,139274,15,0
139256,139256,139277,21,0
139259,139259,139278,19,0
139352,139352,139354,2,0
139352,139352,139355,3,0
139352,139352,139355,3,0
139353,139353,139355,2,0
139353,139353,139354,1,0
139353,139353,139355,2,0
139353,139353,139355,2,0
139353,139353,139355,2,0
139354,139354,139356,2,0
139353,139353,139355,2,0
139354,139354,139356,2,0
139353,139353,139356,3,0
139353,139353,139356,3,0
139353,139354,139356,2,1
139354,139354,139356,2,0
139354,139354,139356,2,0
139353,139353,139356,3,0
139354,139354,139356,2,0
139355,139355,139357,2,0
139355,139355,139357,2,0
139353,139353,139356,3,0
139354,139354,139356,2,0
139354,139354,139356,2,0
139355,139355,139357,2,0
139355,139355,139357,2,0
139354,139354,139357,3,0
139354,139354,139357,3,0
139356,139356,139358,2,0
139356,139356,139358,2,0
139355,139355,139358,3,0
139355,139355,139358,3,0
139356,139356,139358,2,0
139356,139356,139358,2,0
139357,139357,139359,2,0
139355,139356,139359,3,1
139355,139356,139359,3,1
139356,139356,139359,3,0
139357,139357,139359,2,0
139356,139356,139359,3,0
139356,139357,139359,2,1
139356,139356,139359,3,0
139354,139354,139359,5,0
139358,139358,139360,2,0
139356,139357,139359,2,1
139355,139355,139360,5,0
139358,139358,139360,2,0
139357,139358,139360,2,1
139358,139358,139360,2,0
139358,139358,139360,2,0
139358,139358,139360,2,0
139358,139358,139360,2,0
139358,139358,139360,2,0
139358,139358,139360,2,0
139358,139358,139361,3,0
139359,139359,139361,2,0
139360,139360,139361,1,0
139359,139359,139362,3,0
139358,139358,139361,3,0
139359,139359,139361,2,0
139359,139359,139361,2,0
139359,139359,139362,3,0
139359,139359,139361,2,0
139359,139359,139362,3,0
139359,139360,139362,2,1
139358,139359,139362,3,1
139359,139359,139362,3,0
139360,139360,139363,3,0
139359,139359,139362,3,0
139359,139359,139362,3,0
139361,139361,139363,2,0
139361,139361,139363,2,0
139361,139361,139363,2,0
139360,139360,139363,3,0
139360,139360,139363,3,0
139360,139360,139363,3,0
139361,139361,139363,2,0
139357,139357,139363,6,0
139361,139361,139364,3,0
139362,139362,139364,2,0
139362,139362,139364,2,0
139361,139362,139364,2,1
139362,139362,139364,2,0
139356,139356,139364,8,0
139363,139363,139365,2,0
139363,139363,139365,2,0
139362,139363,139365,2,1
139362,139362,139364,2,0
139362,139362,139365,3,0
139363,139363,139365,2,0
139363,139363,139365,2,0
139363,139363,139365,2,0
139362,139362,139365,3,0
139363,139363,139365,2,0
139363,139363,139365,2,0
139363,139363,139365,2,0
139362,139362,139366,4,0
139363,139363,139366,3,0
139365,139365,139366,1,0
139364,139364,139366,2,0
139364,139364,139366,2,0
139364,139364,139366,2,0
139364,139364,139367,3,0
139364,139364,139367,3,0
139364,139364,139367,3,0
139364,139364,139367,3,0
139364,139364,139366,2,0
139364,139364,139367,3,0
139365,139365,139366,1,0
139364,139364,139367,3,0
139364,139365,139367,2,1
139362,139362,139367,5,0
139363,139363,139367,4,0
139364,139364,139367,3,0
139366,139366,139368,2,0
139366,139366,139368,2,0
139364,139364,139368,4,0
139365,139365,139368,3,0
139366,139366,139368,2,0
139366,139366,139368,2,0
139366,139366,139369,3,0
139365,139365,139368,3,0
139362,139362,139369,7,0
139367,139367,139369,2,0
139367,139367,139369,2,0
139366,139366,139369,3,0
139367,139367,139369,2,0
139368,139368,139370,2,0
139367,139367,139370,3,0
139367,139367,139370,3,0
139367,139367,139370,3,0
139367,139367,139370,3,0
139368,139368,139370,2,0
139368,139368,139370,2,0
139367,139367,139371,4,0
139368,139368,139370,2,0
139367,139368,139370,2,1
139369,139369,139371,2,0
139360,139360,139370,10,0
139366,139366,139370,4,0
139367,139367,139370,3,0
139368,139368,139371,3,0
139370,139370,139371,1,0
139368,139368,139371,3,0
139368,139368,139371,3,0
139368,139368,139371,3,0
139370,139370,139372,2,0
139369,139369,139371,2,0
139369,139369,139371,2,0
139369,139369,139371,2,0
139368,139368,139372,4,0
139370,139370,139373,3,0
139370,139370,139373,3,0
139370,139370,139372,2,0
139369,139369,139372,3,0
139370,139370,139372,2,0
139367,139367,139373,6,0
139369,139369,139372,3,0
139370,139370,139373,3,0
139370,139370,139373,3,0
139370,139371,139373,2,1
139371,139371,139374,3,0
139371,139371,139373,2,0
139371,139371,139373,2,0
139372,139372,139373,1,0
139372,139372,139373,1,0
139371,139371,139374,3,0
139372,139372,139374,2,0
139369,139369,139374,5,0
139372,139372,139375,3,0
139371,139371,139374,3,0
139372,139372,139374,2,0
139372,139372,139374,2,0
139369,139369,139374,5,0
139372,139372,139375,3,0
139372,139372,139375,3,0
139373,139374,139376,2,1
139372,139373,139375,2,1
139373,139373,139375,2,0
139373,139373,139375,2,0
139370,139370,139375,5,0
139369,139369,139376,7,0
139372,139372,139375,3,0
139373,139373,139375,2,0
139357,139357,139375,18,0
139372,139372,139375,3,0
139373,139373,139376,3,0
139374,139374,139377,3,0
139375,139375,139377,2,0
139373,139373,139376,3,0
139373,139373,139376,3,0
139375,139375,139377,2,0
139374,139374,139377,3,0
139374,139374,139376,2,0
139375,139375,139377,2,0
139375,139375,139377,2,0
139374,139374,139377,3,0
139374,139374,139377,3,0
139368,139368,139377,9,0
139369,139369,139378,9,0
139375,139375,139377,2,0
139373,139373,139377,4,0
139376,139376,139378,2,0
139376,139376,139378,2,0
139376,139377,139379,2,1
139375,139375,139378,3,0
139375,139375,139378,3,0
139376,139376,139379,3,0
139376,139376,139379,3,0
139376,139376,139378,2,0
139376,139376,139378,2,0
139378,139378,139379,1,0
139376,139376,139379,3,0
139376,139376,139378,2,0
139378,139378,139380,2,0
139376,139376,139380,4,0
139377,139377,139380,3,0
139378,139378,139380,2,0
139378,139378,139380,2,0
139379,139379,139380,1,0
139377,139377,139381,4,0
139377,139377,139380,3,0
139377,139377,139380,3,0
139377,139378,139381,3,1
139378,139378,139381,3,0
139378,139378,139381,3,0
139375,139376,139381,5,1
139372,139372,139381,9,0
139372,139372,139381,9,0
139372,139372,139382,10,0
139376,139376,139381,5,0
139379,139379,139382,3,0
139379,139379,139381,2,0
139378,139378,139381,3,0
139378,139379,139381,2,1
139377,139377,139382,5,0
139372,139372,139382,10,0
139379,139379,139382,3,0
139377,139377,139383,6,0
139376,139377,139385,8,1
139376,139376,139386,10,0
139397,139397,139404,7,0
139398,139398,139405,7,0
139399,139399,139406,7,0
139398,139398,139405,7,0
139398,139398,139405,7,0
139398,139398,139406,8,0
139397,139397,139407,10,0
139398,139398,139407,9,0
139398,139398,139406,8,0
139398,139398,139407,9,0
139400,139400,139407,7,0
139399,139399,139406,7,0
139399,139399,139407,8,0
139400,139400,139407,7,0
139399,139399,139407,8,0
139400,139401,139408,7,1
139400,139400,139408,8,0
139401,139401,139408,7,0
139402,139402,139409,7,0
139399,139400,139409,9,1
139400,139400,139408,8,0
139401,139402,139410,8,1
139403,139403,139410,7,0
139402,139403,139410,7,1
139400,139400,139410,10,0
139403,139403,139411,8,0
139401,139401,139412,11,0
139401,139401,139411,10,0
139403,139403,139411,8,0
139403,139404,139411,7,1
139403,139404,139411,7,1
139404,139404,139411,7,0
139397,139397,139412,15,0
139398,139399,139412,13,1
139404,139404,139412,8,0
139402,139402,139413,11,0
139405,139405,139413,8,0
139407,139407,139414,7,0
139403,139403,139414,11,0
139399,139399,139414,15,0
139404,139404,139414,10,0
139406,139406,139415,9,0
139397,139397,139414,17,0
139398,139398,139414,16,0
139407,139407,139415,8,0
139405,139405,139415,10,0
139398,139398,139415,17,0
139407,139408,139415,7,1
139398,139398,139415,17,0
139397,139397,139415,18,0
139408,139408,139416,8,0
139408,139408,139416,8,0
139408,139408,139416,8,0
139406,139407,139417,10,1
139408,139408,139417,9,0
139410,139410,139417,7,0
139397,139398,139417,19,1
139402,139402,139418,16,0
139411,139411,139418,7,0
139410,139410,139418,8,0
139411,139411,139419,8,0
139405,139405,139420,15,0
139412,139412,139420,8,0
139411,139411,139419,8,0
139410,139410,139419,9,0
139411,139412,139419,7,1
139406,139406,139420,14,0
139408,139409,139421,12,1
139411,139411,139421,10,0
139414,139414,139423,9,0
139412,139413,139423,10,1
139408,139410,139422,12,2
139412,139412,139421,9,0
139415,139415,139424,9,0
139414,139414,139423,9,0
139415,139416,139424,8,1
139415,139415,139424,9,0
139416,139416,139424,8,0
139416,139416,139424,8,0
139413,139413,139425,12,0
139413,139414,139425,11,1
139418,139418,139426,8,0
139418,139418,139426,8,0
139418,139419,139425,6,1
139415,139415,139426,11,0
139418,139418,139426,8,0
139417,139417,139426,9,0
139418,139418,139426,8,0
139418,139418,139427,9,0
139416,139416,139427,11,0
139412,139412,139427,15,0
139415,139415,139427,12,0
139420,139420,139427,7,0
139416,139416,139428,12,0
139421,139421,139428,7,0
139418,139418,139428,10,0
139418,139419,139428,9,1
139420,139421,139429,8,1
139415,139415,139428,13,0
139415,139415,139429,14,0
139418,139418,139429,11,0
139420,139420,139428,8,0
139412,139412,139428,16,0
139419,139420,139430,10,1
139417,139417,139429,12,0
139418,139418,139430,12,0
139421,139421,139429,8,0
139424,139424,139430,6,0
139423,139424,139431,7,1
139424,139424,139432,8,0
139420,139420,139431,11,0
139420,139420,139431,11,0
139424,139424,139432,8,0
139425,139425,139432,7,0
139421,139424,139433,9,3
139424,139424,139433,9,0
139424,139424,139433,9,0
139425,139426,139433,7,1
139425,139426,139433,7,1
139418,139418,139435,17,0
139437,139437,139539,102,0
139437,139437,139540,103,0
139605,139605,139606,1,0
139605,139606,139607,1,1
139605,139605,139607,2,0
139604,139605,139607,2,1
139605,139605,139607,2,0
139605,139605,139607,2,0
139606,139606,139607,1,0
139606,139606,139608,2,0
139605,139605,139608,3,0
139605,139605,139608,3,0
139605,139605,139607,2,0
139606,139606,139608,2,0
139606,139606,139608,2,0
139606,139606,139609,3,0
139606,139606,139608,2,0
139605,139605,139608,3,0
139607,139607,139608,1,0
139605,139605,139608,3,0
139606,139606,139608,2,0
139606,139606,139609,3,0
139607,139607,139609,2,0
139606,139606,139609,3,0
139607,139607,139609,2,0
139606,139606,139609,3,0
139606,139607,139609,2,1
139607,139607,139609,2,0
139607,139607,139610,3,0
139608,139608,139610,2,0
139607,139607,139609,2,0
139608,139608,139610,2,0
139608,139608,139610,2,0
139609,139609,139611,2,0
139607,139607,139610,3,0
139608,139608,139611,3,0
139608,139608,139611,3,0
139608,139608,139611,3,0
139609,139609,139611,2,0
139609,139609,139611,2,0
139608,139609,139611,2,1
139609,139609,139611,2,0
139609,139609,139611,2,0
139610,139610,139611,1,0
139608,139608,139611,3,0
139610,139610,139612,2,0
139610,139610,139612,2,0
139609,139609,139612,3,0
139609,139609,139612,3,0
139611,139611,139612,1,0
139611,139611,139613,2,0
139609,139610,139612,2,1
139610,139610,139612,2,0
139609,139609,139612,3,0
139610,139610,139612,2,0
139611,139611,139613,2,0
139611,139611,139613,2,0
139610,139610,139612,2,0
139610,139610,139612,2,0
139611,139611,139613,2,0
139611,139611,139613,2,0
139612,139612,139613,1,0
139612,139612,139614,2,0
139612,139612,139614,2,0
139607,139607,139613,6,0
139610,139610,139614,4,0
139612,139612,139614,2,0
139611,139612,139614,2,1
139611,139611,139614,3,0
139612,139612,139614,2,0
139609,139609,139614,5,0
139611,139612,139615,3,1
139611,139612,139615,3,1
139612,139612,139615,3,0
139614,139614,139616,2,0
139614,139614,139616,2,0
139613,139613,139616,3,0
139614,139614,139616,2,0
139612,139612,139616,4,0
139614,139614,139617,3,0
139615,139615,139617,2,0
139614,139614,139616,2,0
139614,139614,139616,2,0
139615,139615,139617,2,0
139614,139614,139617,3,0
139615,139615,139617,2,0
139615,139615,139617,2,0
139615,139615,139617,2,0
139616,139616,139618,2,0
139616,139616,139618,2,0
139607,139607,139618,11,0
139615,139615,139617,2,0
139615,139615,139618,3,0
139615,139615,139618,3,0
139615,139615,139618,3,0
139614,139614,139618,4,0
139616,139616,139619,3,0
139616,139616,139618,2,0
139617,139617,139619,2,0
139617,139617,139619,2,0
139616,139616,139618,2,0
139616,139616,139618,2,0
139616,139616,139618,2,0
139616,139616,139618,2,0
139617,139617,139619,2,0
139616,139617,139618,1,1
139616,139616,139618,2,0
139616,139616,139619,3,0
139617,139617,139619,2,0
139617,139617,139619,2,0
139617,139617,139619,2,0
139618,139618,139620,2,0
139618,139618,139620,2,0
139615,139615,139620,5,0
139618,139618,139621,3,0
139617,139618,139620,2,1
139618,139618,139620,2,0
139619,139619,139621,2,0
139619,139619,139621,2,0
139619,139619,139621,2,0
139616,139616,139621,5,0
139618,139618,139621,3,0
139618,139618,139621,3,0
139619,139619,139621,2,0
139620,139620,139621,1,0
139619,139619,139621,2,0
139620,139620,139622,2,0
139619,139620,139622,2,1
139620,139620,139622,2,0
139616,139616,139621,5,0
139619,139619,139621,2,0
139620,139620,139623,3,0
139620,139621,139622,1,1
139621,139621,139622,1,0
139620,139620,139623,3,0
139620,139620,139623,3,0
139620,139620,139622,2,0
139620,139620,139622,2,0
139620,139620,139622,2,0
139621,139621,139623,2,0
139621,139621,139623,2,0
139621,139621,139623,2,0
139621,139621,139623,2,0
139620,139620,139623,3,0
139621,139621,139623,2,0
139621,139621,139623,2,0
139621,139621,139623,2,0
139621,139621,139623,2,0
139622,139622,139624,2,0
139622,139622,139623,1,0
139619,139619,139624,5,0
139621,139621,139624,3,0
139623,139623,139625,2,0
139621,139621,139624,3,0
139623,139624,139625,1,1
139623,139623,139625,2,0
139622,139622,139625,3,0
139622,139622,139625,3,0
139623,139623,139626,3,0
139623,139623,139626,3,0
139623,139623,139625,2,0
139624,139624,139626,2,0
139625,139625,139627,2,0
139623,139623,139626,3,0
139624,139624,139626,2,0
139625,139625,139626,1,0
139624,139624,139627,3,0
139626,139626,139628,2,0
139625,139625,139627,2,0
139624,139624,139627,3,0
139625,139625,139627,2,0
139624,139625,139627,2,1
139624,139624,139627,3,0
139624,139624,139627,3,0
139624,139624,139628,4,0
139625,139625,139628,3,0
139626,139626,139628,2,0
139624,139624,139627,3,0
139624,139624,139627,3,0
139625,139625,139628,3,0
139626,139626,139628,2,0
139611,139611,139628,17,0
139625,139625,139629,4,0
139626,139626,139628,2,0
139627,139627,139629,2,0
139626,139627,139629,2,1
139628,139628,139630,2,0
139628,139628,139630,2,0
139626,139626,139628,2,0
139625,139625,139629,4,0
139626,139626,139630,4,0
139626,139626,139630,4,0
139626,139626,139630,4,0
139626,139627,139630,3,1
139624,139624,139629,5,0
139626,139626,139629,3,0
139628,139628,139630,2,0
139628,139628,139630,2,0
139627,139627,139630,3,0
139628,139628,139630,2,0
139627,139628,139630,2,1
139627,139627,139630,3,0
139628,139628,139630,2,0
139628,139628,139631,3,0
139629,139629,139631,2,0
139629,139629,139631,2,0
139629,139629,139632,3,0
139630,139630,139632,2,0
139630,139630,139632,2,0
139628,139629,139631,2,1
139625,139625,139631,6,0
139629,139629,139631,2,0
139625,139625,139631,6,0
139630,139630,139632,2,0
139629,139629,139631,2,0
139630,139630,139632,2,0
139630,139630,139632,2,0
139629,139629,139632,3,0
139630,139630,139632,2,0
139631,139631,139633,2,0
139631,139632,139633,1,1
139630,139630,139633,3,0
139630,139630,139633,3,0
139630,139630,139633,3,0
139630,139630,139633,3,0
139615,139615,139633,18,0
139630,139630,139633,3,0
139631,139631,139633,2,0
139630,139631,139634,3,1
139629,139629,139634,5,0
139631,139631,139634,3,0
139631,139631,139634,3,0
139631,139631,139634,3,0
139631,139631,139633,2,0
139629,139629,139635,6,0
139631,139631,139635,4,0
139632,139632,139634,2,0
139632,139632,139634,2,0
139632,139632,139635,3,0
139607,139607,139644,37,0
139611,139611,139644,33,0
139609,139609,139674,65,0
139677,139677,139684,7,0
139676,139676,139682,6,0
139676,139676,139682,6,0
139677,139677,139685,8,0
139676,139676,139685,9,0
139677,139677,139684,7,0
139677,139677,139685,8,0
139678,139678,139685,7,0
139677,139677,139686,9,0
139680,139680,139686,6,0
139675,139676,139686,10,1
139676,139676,139686,10,0
139676,139677,139686,9,1
139679,139679,139686,7,0
139678,139678,139687,9,0
139679,139679,139686,7,0
139680,139680,139687,7,0
139679,139679,139686,7,0
139676,139676,139688,12,0
139681,139681,139688,7,0
139678,139679,139688,9,1
139679,139680,139687,7,1
139681,139681,139688,7,0
139681,139681,139688,7,0
139678,139678,139688,10,0
139681,139681,139688,7,0
139676,139676,139688,12,0
139677,139677,139688,11,0
139682,139683,139689,6,1
139681,139682,139689,7,1
139679,139679,139689,10,0
139680,139680,139689,9,0
139676,139676,139690,14,0
139682,139682,139689,7,0
139678,139678,139689,11,0
139682,139683,139690,7,1
139675,139675,139691,16,0
139676,139676,139690,14,0
139682,139682,139690,8,0
139680,139680,139690,10,0
139677,139677,139691,14,0
139682,139683,139692,9,1
139684,139684,139692,8,0
139682,139682,139691,9,0
139682,139682,139691,9,0
139685,139685,139692,7,0
139678,139678,139692,14,0
139680,139680,139693,13,0
139684,139684,139694,10,0
139684,139684,139693,9,0
139678,139678,139693,15,0
139686,139686,139694,8,0
139684,139685,139695,10,1
139684,139684,139694,10,0
139676,139677,139694,17,1
139688,139688,139696,8,0
139681,139681,139696,15,0
139689,139689,139696,7,0
139686,139686,139696,10,0
139686,139686,139697,11,0
139690,139690,139697,7,0
139690,139690,139697,7,0
139689,139689,139697,8,0
139690,139690,139697,7,0
139688,139689,139698,9,1
139690,139690,139699,9,0
139689,139690,139698,8,1
139689,139689,139699,10,0
139691,139691,139699,8,0
139689,139689,139701,12,0
139692,139692,139700,8,0
139694,139694,139700,6,0
139695,139695,139702,7,0
139692,139692,139702,10,0
139693,139694,139701,7,1
139692,139693,139701,8,1
139693,139693,139701,8,0
139693,139693,139702,9,0
139689,139690,139702,12,1
139691,139691,139702,11,0
139696,139696,139703,7,0
139688,139689,139703,14,1
139691,139691,139703,12,0
139694,139694,139703,9,0
139695,139695,139703,8,0
139691,139691,139702,11,0
139681,139681,139704,23,0
139697,139698,139704,6,1
139697,139697,139705,8,0
139694,139694,139704,10,0
139689,139690,139705,15,1
139697,139698,139705,7,1
139698,139698,139705,7,0
139697,139697,139705,8,0
139691,139691,139704,13,0
139693,139693,139705,12,0
139697,139698,139705,7,1
139695,139696,139706,10,1
139683,139684,139706,22,1
139695,139695,139706,11,0
139698,139698,139707,9,0
139697,139697,139706,9,0
139691,139691,139707,16,0
139696,139696,139708,12,0
139696,139697,139708,11,1
139699,139700,139708,8,1
139698,139698,139708,10,0
139696,139697,139708,11,1
139698,139698,139708,10,0
139701,139701,139709,8,0
139701,139701,139709,8,0
139700,139700,139709,9,0
139695,139695,139710,15,0
139696,139696,139710,14,0
139703,139703,139710,7,0
139695,139695,139710,15,0
139703,139703,139711,8,0
139694,139695,139711,16,1
139703,139703,139714,11,0
139703,139703,139715,12,0
139716,139716,139788,72,0
139716,139716,139818,102,0
139877,139877,139879,2,0
139878,139878,139879,1,0
139877,139877,139879,2,0
139877,139877,139880,3,0
139877,139878,139880,2,1
139878,139878,139879,1,0
139877,139877,139880,3,0
139877,139877,139880,3,0
139878,139878,139880,2,0
139877,139877,139879,2,0
139878,139878,139880,2,0
139878,139879,139880,1,1
139879,139879,139880,1,0
139878,139878,139880,2,0
139879,139879,139880,1,0
139879,139879,139881,2,0
139878,139878,139880,2,0
139879,139879,139881,2,0
139879,139879,139881,2,0
139878,139878,139880,2,0
139880,139880,139882,2,0
139880,139880,139881,1,0
139880,139880,139881,1,0
139879,139879,139881,2,0
139880,139880,139881,1,0
139879,139879,139881,2,0
139879,139879,139881,2,0
139879,139879,139881,2,0
139879,139879,139882,3,0
139880,139881,139882,1,1
139879,139879,139882,3,0
139880,139880,139882,2,0
139879,139880,139882,2,1
139879,139879,139882,3,0
139880,139880,139882,2,0
139880,139880,139882,2,0
139881,139881,139883,2,0
139881,139881,139882,1,0
139881,139881,139883,2,0
139881,139881,139883,2,0
139881,139881,139883,2,0
139880,139880,139883,3,0
139882,139882,139884,2,0
139878,139878,139883,5,0
139879,139879,139883,4,0
139882,139882,139884,2,0
139882,139882,139883,1,0
139882,139882,139884,2,0
139882,139883,139884,1,1
139881,139881,139883,2,0
139883,139883,139885,2,0
139883,139883,139885,2,0
139883,139883,139885,2,0
139881,139881,139884,3,0
139881,139881,139884,3,0
139882,139882,139884,2,0
139883,139883,139886,3,0
139883,139883,139886,3,0
139883,139883,139885,2,0
139884,139884,139885,1,0
139884,139884,139885,1,0
139882,139882,139885,3,0
139882,139882,139885,3,0
139880,139880,139885,5,0
139883,139883,139885,2,0
139884,139884,139886,2,0
139881,139881,139886,5,0
139882,139883,139885,2,1
139883,139883,139886,3,0
139885,139885,139886,1,0
139885,139885,139886,1,0
139885,139885,139887,2,0
139884,139884,139886,2,0
139885,139885,139886,1,0
139885,139885,139887,2,0
139884,139884,139887,3,0
139885,139885,139887,2,0
139885,139885,139887,2,0
139884,139884,139887,3,0
139885,139885,139887,2,0
139885,139886,139888,2,1
139886,139886,139888,2,0
139882,139882,139888,6,0
139885,139885,139888,3,0
139886,139886,139888,2,0
139886,139886,139887,1,0
139887,139887,139888,1,0
139887,139887,139888,1,0
139886,139886,139888,2,0
139887,139887,139889,2,0
139887,139887,139889,2,0
139885,139885,139888,3,0
139886,139886,139889,3,0
139886,139886,139888,2,0
139887,139887,139889,2,0
139880,139880,139889,9,0
139887,139887,139889,2,0
139884,139884,139889,5,0
139887,139887,139889,2,0
139884,139884,139889,5,0
139888,139888,139890,2,0
139886,139886,139889,3,0
139886,139886,139889,3,0
139886,139886,139889,3,0
139884,139884,139890,6,0
139888,139888,139890,2,0
139888,139889,139890,1,1
139889,139889,139890,1,0
139887,139888,139890,2,1
139889,139889,139891,2,0
139888,139888,139890,2,0
139889,139889,139891,2,0
139885,139885,139890,5,0
139888,139888,139890,2,0
139888,139888,139890,2,0
139888,139888,139891,3,0
139888,139888,139891,3,0
139889,139889,139891,2,0
139890,139890,139892,2,0
139890,139890,139892,2,0
139889,139889,139891,2,0
139889,139889,139892,3,0
139890,139890,139892,2,0
139889,139889,139891,2,0
139890,139891,139892,1,1
139890,139890,139892,2,0
139891,139891,139893,2,0
139889,139890,139892,2,1
139890,139890,139893,3,0
139891,139891,139893,2,0
139891,139891,139893,2,0
139891,139891,139893,2,0
139891,139891,139893,2,0
139890,139890,139893,3,0
139890,139890,139892,2,0
139890,139890,139893,3,0
139891,139891,139893,2,0
139888,139888,139893,5,0
139890,139890,139893,3,0
139890,139890,139894,4,0
139892,139892,139894,2,0
139890,139890,139893,3,0
139891,139891,139893,2,0
139892,139892,139893,1,0
139892,139892,139894,2,0
139891,139891,139894,3,0
139892,139892,139894,2,0
139891,139891,139894,3,0
139890,139890,139895,5,0
139885,139885,139894,9,0
139893,139893,139895,2,0
139892,139892,139894,2,0
139892,139892,139894,2,0
139893,139893,139895,2,0
139891,139891,139894,3,0
139893,139893,139894,1,0
139893,139893,139895,2,0
139893,139893,139895,2,0
139893,139894,139895,1,1
139893,139893,139895,2,0
139889,139889,139895,6,0
139892,139892,139895,3,0
139893,139893,139895,2,0
139892,139892,139895,3,0
139894,139894,139896,2,0
139891,139891,139896,5,0
139893,139893,139896,3,0
139894,139894,139896,2,0
139895,139895,139896,1,0
139894,139894,139896,2,0
139894,139894,139896,2,0
139894,139894,139896,2,0
139894,139894,139896,2,0
139895,139895,139897,2,0
139894,139894,139897,3,0
139895,139895,139897,2,0
139895,139895,139897,2,0
139895,139896,139897,1,1
139896,139896,139897,1,0
139894,139895,139897,2,1
139895,139895,139898,3,0
139896,139896,139898,2,0
139896,139896,139898,2,0
139896,139896,139898,2,0
139896,139896,139898,2,0
139894,139894,139898,4,0
139896,139896,139898,2,0
139896,139896,139899,3,0
139896,139897,139898,1,1
139893,139893,139898,5,0
139897,139897,139899,2,0
139897,139897,139898,1,0
139896,139896,139898,2,0
139897,139897,139899,2,0
139897,139897,139899,2,0
139897,139897,139900,3,0
139897,139897,139900,3,0
139898,139898,139899,1,0
139898,139898,139899,1,0
139897,139897,139899,2,0
139895,139895,139900,5,0
139897,139897,139900,3,0
139896,139896,139899,3,0
139898,139898,139900,2,0
139898,139898,139900,2,0
139899,139899,139901,2,0
139895,139895,139900,5,0
139897,139897,139901,4,0
139898,139898,139900,2,0
139899,139899,139900,1,0
139897,139898,139900,2,1
139898,139899,139900,1,1
139897,139897,139900,3,0
139897,139897,139900,3,0
139899,139899,139901,2,0
139892,139892,139901,9,0
139896,139896,139901,5,0
139899,139899,139901,2,0
139898,139898,139901,3,0
139899,139899,139901,2,0
139900,139900,139902,2,0
139900,139900,139902,2,0
139900,139900,139902,2,0
139884,139884,139902,18,0
139896,139896,139901,5,0
139899,139899,139902,3,0
139899,139899,139902,3,0
139899,139899,139902,3,0
139899,139899,139902,3,0
139900,139901,139902,1,1
139899,139899,139902,3,0
139900,139900,139903,3,0
139900,139900,139902,2,0
139900,139900,139903,3,0
139900,139900,139902,2,0
139901,139901,139903,2,0
139899,139899,139904,5,0
139899,139899,139904,5,0
139899,139899,139904,5,0
139901,139901,139905,4,0
139906,139906,139909,3,0
139905,139905,139909,4,0
139905,139905,139909,4,0
139906,139906,139910,4,0
139906,139906,139909,3,0
139906,139906,139910,4,0
139907,139907,139910,3,0
139907,139907,139910,3,0
139906,139906,139910,4,0
139907,139907,139911,4,0
139907,139907,139912,5,0
139905,139905,139911,6,0
139905,139905,139912,7,0
139906,139906,139912,6,0
139907,139907,139911,4,0
139908,139908,139911,3,0
139908,139909,139912,3,1
139908,139908,139912,4,0
139905,139906,139911,5,1
139907,139907,139912,5,0
139908,139908,139911,3,0
139908,139908,139912,4,0
139909,139909,139912,3,0
139908,139908,139912,4,0
139909,139909,139912,3,0
139906,139906,139912,6,0
139908,139908,139912,4,0
139908,139908,139912,4,0
139909,139909,139913,4,0
139908,139909,139913,4,1
139907,139907,139913,6,0
139907,139907,139913,6,0
139910,139910,139914,4,0
139906,139906,139912,6,0
139907,139907,139912,5,0
139910,139910,139914,4,0
139910,139910,139914,4,0
139911,139911,139915,4,0
139910,139911,139914,3,1
139910,139910,139914,4,0
139911,139911,139916,5,0
139912,139912,139915,3,0
139912,139912,139916,4,0
139912,139912,139916,4,0
139913,139913,139917,4,0
139911,139911,139917,6,0
139914,139914,139917,3,0
139913,139913,139917,4,0
139914,139914,139918,4,0
139913,139913,139917,4,0
139912,139912,139917,5,0
139912,139913,139918,5,1
139914,139914,139918,4,0
139912,139912,139919,7,0
139913,139913,139919,6,0
139913,139913,139919,6,0
139913,139913,139919,6,0
139916,139916,139919,3,0
139914,139914,139920,6,0
139913,139913,139919,6,0
139916,139916,139919,3,0
139915,139915,139919,4,0
139914,139914,139919,5,0
139914,139914,139920,6,0
139913,139914,139919,5,1
139913,139913,139920,7,0
139913,139914,139920,6,1
139916,139916,139921,5,0
139916,139916,139920,4,0
139910,139910,139920,10,0
139917,139917,139920,3,0
139916,139916,139920,4,0
139917,139917,139921,4,0
139917,139917,139921,4,0
139914,139915,139922,7,1
139917,139917,139921,4,0
139917,139917,139921,4,0
139916,139916,139921,5,0
139917,139918,139921,3,1
139917,139917,139921,4,0
139914,139914,139923,9,0
139917,139918,139923,5,1
139918,139918,139922,4,0
139918,139918,139923,5,0
139921,139921,139925,4,0
139920,139920,139924,4,0
139921,139921,139925,4,0
139921,139921,139924,3,0
139918,139918,139925,7,0
139920,139920,139925,5,0
139921,139921,139925,4,0
139921,139921,139925,4,0
139921,139922,139926,4,1
139920,139920,139925,5,0
139921,139921,139926,5,0
139922,139922,139925,3,0
139922,139922,139925,3,0
139923,139923,139926,3,0
139920,139920,139926,6,0
139920,139920,139926,6,0
139919,139919,139926,7,0
139920,139920,139926,6,0
139920,139921,139926,5,1
139923,139923,139926,3,0
139922,139922,139926,4,0
139922,139922,139926,4,0
139923,139923,139926,3,0
139920,139920,139927,7,0
139921,139921,139927,6,0
139923,139923,139926,3,0
139916,139916,139927,11,0
139923,139923,139926,3,0
139922,139922,139927,5,0
139923,139923,139927,4,0
139924,139924,139927,3,0
139923,139923,139927,4,0
139924,139924,139928,4,0
139922,139922,139928,6,0
139922,139922,139928,6,0
139918,139918,139929,11,0
139930,139930,139989,59,0
139930,139930,139989,59,0
140155,140155,140157,2,0
140156,140156,140157,1,0
140155,140155,140157,2,0
140155,140155,140157,2,0
140155,140155,140157,2,0
140156,140156,140158,2,0
140156,140156,140158,2,0
140156,140156,140158,2,0
140155,140155,140158,3,0
140156,140156,140158,2,0
140155,140155,140158,3,0
140155,140155,140158,3,0
140155,140156,140158,2,1
140156,140156,140159,3,0
140156,140157,140159,2,1
140157,140157,140159,2,0
140156,140156,140159,3,0
140157,140157,140159,2,0
140156,140156,140159,3,0
140157,140157,140159,2,0
140156,140156,140158,2,0
140157,140157,140159,2,0
140157,140157,140159,2,0
140157,140158,140160,2,1
140158,140158,140160,2,0
140157,140157,140160,3,0
140158,140158,140160,2,0
140157,140157,140160,3,0
140157,140157,140160,3,0
140158,140159,140160,1,1
140158,140158,140160,2,0
140158,140158,140160,2,0
140159,140159,140161,2,0
140158,140158,140161,3,0
140158,140158,140162,4,0
140159,140159,140161,2,0
140158,140158,140161,3,0
140158,140158,140161,3,0
140157,140157,140162,5,0
140161,140161,140163,2,0
140160,140160,140162,2,0
140160,140161,140162,1,1
140160,140160,140162,2,0
140159,140160,140163,3,1
140160,140160,140163,3,0
140160,140160,140163,3,0
140160,140160,140163,3,0
140160,140160,140162,2,0
140160,140160,140162,2,0
140161,140161,140163,2,0
140162,140162,140164,2,0
140162,140162,140164,2,0
140161,140162,140164,2,1
140162,140163,140164,1,1
140157,140158,140164,6,1
140161,140161,140164,3,0
140163,140163,140165,2,0
140162,140162,140165,3,0
140161,140161,140165,4,0
140161,140161,140165,4,0
140162,140162,140165,3,0
140163,140163,140165,2,0
140162,140162,140165,3,0
140163,140163,140165,2,0
140163,140163,140165,2,0
140161,140161,140166,5,0
140163,140163,140166,3,0
140164,140164,140166,2,0
140163,140163,140166,3,0
140163,140163,140166,3,0
140163,140164,140166,2,1
140165,140165,140168,3,0
140165,140165,140167,2,0
140157,140157,140167,10,0
140158,140158,140167,9,0
140162,140162,140167,5,0
140165,140165,140167,2,0
140165,140165,140167,2,0
140166,140166,140168,2,0
140165,140165,140167,2,0
140165,140166,140168,2,1
140166,140166,140168,2,0
140166,140166,140168,2,0
140162,140162,140168,6,0
140163,140163,140167,4,0
140163,140163,140167,4,0
140166,140166,140168,2,0
140166,140166,140169,3,0
140165,140165,140168,3,0
140165,140165,140168,3,0
140167,140167,140169,2,0
140167,140167,140169,2,0
140166,140166,140169,3,0
140166,140167,140169,2,1
140167,140167,140170,3,0
140167,140167,140170,3,0
140168,140168,140170,2,0
140168,140168,140170,2,0
140169,140169,140171,2,0
140167,140167,140171,4,0
140169,140169,140171,2,0
140166,140166,140171,5,0
140166,140166,140171,5,0
140167,140168,140171,3,1
140168,140168,140171,3,0
140168,140168,140171,3,0
140168,140168,140171,3,0
140168,140168,140171,3,0
140169,140169,140172,3,0
140169,140169,140171,2,0
140170,140170,140172,2,0
140168,140168,140171,3,0
140169,140169,140171,2,0
140170,140170,140172,2,0
140170,140170,140172,2,0
140168,140169,140171,2,1
140168,140168,140172,4,0
140170,140170,140173,3,0
140163,140163,140172,9,0
140167,140167,140172,5,0
140169,140169,140172,3,0
140171,140171,140174,3,0
140171,140171,140173,2,0
140169,140169,140174,5,0
140170,140170,140174,4,0
140170,140170,140174,4,0
140171,140171,140174,3,0
140172,140172,140174,2,0
140172,140173,140174,1,1
140170,140171,140174,3,1
140171,140171,140174,3,0
140172,140172,140175,3,0
140172,140172,140175,3,0
140172,140172,140175,3,0
140171,140171,140174,3,0
140172,140172,140175,3,0
140172,140172,140175,3,0
140172,140172,140175,3,0
140172,140172,140175,3,0
140172,140172,140175,3,0
140173,140173,140175,2,0
140173,140173,140175,2,0
140173,140173,140176,3,0
140171,140171,140175,4,0
140174,140174,140176,2,0
140171,140171,140176,5,0
140175,140175,140177,2,0
140174,140174,140176,2,0
140173,140173,140177,4,0
140175,140175,140177,2,0
140174,140174,140176,2,0
140175,140175,140177,2,0
140174,140174,140177,3,0
140175,140175,140177,2,0
140175,140175,140177,2,0
140175,140175,140177,2,0
140175,140175,140178,3,0
140168,140169,140178,9,1
140174,140175,140178,3,1
140174,140174,140178,4,0
140176,140176,140179,3,0
140176,140176,140178,2,0
140176,140176,140179,3,0
140176,140176,140179,3,0
140176,140176,140179,3,0
140176,140176,140179,3,0
140176,140176,140179,3,0
140175,140175,140178,3,0
140177,140177,140179,2,0
140177,140177,140179,2,0
140163,140163,140180,17,0
140177,140178,140180,2,1
140177,140177,140180,3,0
140178,140178,140180,2,0
140178,140178,140180,2,0
140178,140178,140180,2,0
140178,140178,140181,3,0
140178,140178,140181,3,0
140162,140162,140181,19,0
140170,140171,140181,10,1
140177,140177,140181,4,0
140178,140178,140181,3,0
140170,140170,140181,11,0
140179,140179,140181,2,0
140177,140177,140182,5,0
140178,140178,140181,3,0
140179,140179,140181,2,0
140177,140177,140181,4,0
140179,140179,140182,3,0
140180,140180,140182,2,0
140179,140179,140182,3,0
140180,140180,140182,2,0
140180,140180,140182,2,0
140180,140181,140182,1,1
140179,140179,140182,3,0
140180,140180,140183,3,0
140179,140179,140183,4,0
140179,140179,140183,4,0
140179,140179,140183,4,0
140180,140180,140183,3,0
140179,140179,140182,3,0
140171,140171,140182,11,0
140179,140179,140182,3,0
140181,140181,140184,3,0
140181,140181,140183,2,0
140181,140181,140183,2,0
140180,140180,140184,4,0
140182,140182,140184,2,0
140182,140182,140184,2,0
140182,140182,140184,2,0
140181,140181,140184,3,0
140183,140183,140185,2,0
140183,140183,140185,2,0
140183,140183,140185,2,0
140181,140182,140185,3,1
140182,140182,140185,3,0
140176,140176,140184,8,0
140182,140182,140185,3,0
140183,140183,140185,2,0
140183,140183,140186,3,0
140182,140182,140186,4,0
140180,140180,140186,6,0
140183,140183,140186,3,0
140183,140183,140187,4,0
140183,140183,140187,4,0
140183,140183,140187,4,0
140183,140183,140187,4,0
140182,140182,140187,5,0
140180,140180,140187,7,0
140182,140182,140187,5,0
140171,140171,140189,18,0
140183,140184,140189,5,1
140180,140181,140190,9,1
140175,140175,140192,17,0
140175,140175,140192,17,0
140180,140180,140193,13,0
140162,140162,140195,33,0
140163,140163,140196,33,0
140171,140171,140205,34,0
140162,140162,140226,64,0
140227,140228,140234,6,1
140228,140228,140234,6,0
140228,140228,140234,6,0
140227,140227,140236,9,0
140228,140228,140236,8,0
140229,140229,140236,7,0
140227,140227,140235,8,0
140228,140228,140235,7,0
140229,140229,140236,7,0
140230,140231,140238,7,1
140229,140229,140237,8,0
140230,140230,140237,7,0
140230,140230,140238,8,0
140228,140228,140238,10,0
140229,140229,140238,9,0
140231,140231,140238,7,0
140231,140231,140238,7,0
140229,140229,140238,9,0
140227,140227,140239,12,0
140231,140231,140239,8,0
140232,140232,140239,7,0
140230,140230,140240,10,0
140233,140233,140240,7,0
140232,140232,140241,9,0
140233,140233,140241,8,0
140233,140233,140241,8,0
140233,140234,140242,8,1
140227,140227,140243,16,0
140232,140232,140242,10,0
140233,140233,140242,9,0
140234,140235,140243,8,1
140229,140229,140243,14,0
140230,140230,140244,14,0
140231,140231,140244,13,0
140235,140235,140244,9,0
140234,140235,140244,9,1
140235,140235,140245,10,0
140227,140227,140245,18,0
140228,140228,140245,17,0
140229,140230,140244,14,1
140236,140236,140245,9,0
140238,140238,140245,7,0
140228,140228,140246,18,0
140228,140228,140246,18,0
140229,140229,140247,18,0
140238,140238,140246,8,0
140238,140238,140247,9,0
140238,140239,140247,8,1
140238,140238,140247,9,0
140238,140238,140247,9,0
140236,140237,140248,11,1
140238,140238,140248,10,0
140241,140241,140248,7,0
140242,140242,140249,7,0
140239,140239,140248,9,0
140241,140241,140249,8,0
140241,140242,140249,7,1
140242,140242,140249,7,0
140238,140239,140249,10,1
140238,140238,140251,13,0
140242,140242,140250,8,0
140231,140232,140253,21,1
140243,140243,140252,9,0
140240,140240,140252,12,0
140230,140230,140252,22,0
140242,140243,140251,8,1
140245,140245,140252,7,0
140245,140245,140253,8,0
140243,140243,140254,11,0
140245,140245,140254,9,0
140245,140245,140254,9,0
140248,140248,140255,7,0
140245,140245,140254,9,0
140245,140245,140255,10,0
140248,140248,140255,7,0
140244,140244,140256,12,0
140236,140236,140256,20,0
140248,140248,140257,9,0
140245,140246,140257,11,1
140242,140243,140258,15,1
140249,140249,140257,8,0
140250,140251,140258,7,1
140250,140250,140258,8,0
140251,140252,140258,6,1
140247,140247,140257,10,0
140248,140248,140257,9,0
140249,140249,140257,8,0
140250,140250,140258,8,0
140246,140247,140258,11,1
140246,140246,140259,13,0
140246,140248,140259,11,2
140250,140250,140259,9,0
140252,140252,140260,8,0
140248,140249,140259,10,1
140250,140250,140259,9,0
140247,140247,140259,12,0
140250,140250,140259,9,0
140251,140252,140259,7,1
140252,140253,140260,7,1
140248,140248,140260,12,0
140253,140253,140261,8,0
140247,140247,140261,14,0
140254,140254,140261,7,0
140254,140254,140262,8,0
140254,140254,140262,8,0
140247,140247,140262,15,0
140244,140245,140263,18,1
140255,140255,140263,8,0
140254,140254,140263,9,0
140254,140254,140263,9,0
140254,140254,140263,9,0
140255,140256,140263,7,1
140254,140254,140263,9,0
140254,140254,140264,10,0
140253,140253,140264,11,0
140255,140256,140264,8,1
140242,140242,140265,23,0
140235,140235,140272,37,0
140236,140236,140275,39,0
140247,140247,140285,38,0
140286,140286,140395,109,0
140286,140287,140396,109,1
140425,140425,140427,2,0
140425,140425,140427,2,0
140425,140425,140427,2,0
140426,140426,140427,1,0
140425,140425,140427,2,0
140425,140425,140428,3,0
140426,140426,140428,2,0
140425,140425,140427,2,0
140426,140426,140428,2,0
140425,140425,140429,4,0
140426,140426,140429,3,0
140426,140426,140428,2,0
140427,140427,140428,1,0
140426,140426,140428,2,0
140427,140427,140429,2,0
140427,140427,140429,2,0
140425,140425,140428,3,0
140426,140426,140428,2,0
140426,140426,140428,2,0
140427,140427,140429,2,0
140426,140426,140429,3,0
140427,140427,140429,2,0
140427,140427,140430,3,0
140427,140427,140429,2,0
140427,140427,140429,2,0
140427,140427,140430,3,0
140427,140427,140429,2,0
140427,140427,140430,3,0
140428,140428,140430,2,0
140428,140428,140431,3,0
140428,140428,140430,2,0
140428,140428,140430,2,0
140429,140429,140431,2,0
140429,140429,140431,2,0
140427,140428,140431,3,1
140428,140428,140431,3,0
140428,140429,140431,2,1
140426,140426,140432,6,0
140429,140429,140431,2,0
140429,140429,140431,2,0
140430,140430,140432,2,0
140428,140428,140431,3,0
140429,140429,140432,3,0
140429,140429,140432,3,0
140430,140430,140432,2,0
140429,140429,140432,3,0
140430,140430,140433,3,0
140425,140425,140432,7,0
140430,140430,140432,2,0
140430,140430,140432,2,0
140431,140431,140433,2,0
140431,140431,140433,2,0
140431,140431,140433,2,0
140430,140430,140432,2,0
140430,140430,140433,3,0
140431,140432,140433,1,1
140427,140427,140433,6,0
140431,140431,140434,3,0
140431,140431,140434,3,0
140431,140431,140433,2,0
140432,140432,140434,2,0
140432,140432,140434,2,0
140433,140433,140435,2,0
140431,140431,140434,3,0
140431,140431,140434,3,0
140431,140431,140435,4,0
140432,140432,140435,3,0
140432,140432,140434,2,0
140431,140431,140434,3,0
140432,140432,140434,2,0
140432,140432,140435,3,0
140432,140432,140435,3,0
140432,140432,140435,3,0
140434,140434,140436,2,0
140434,140434,140436,2,0
140432,140432,140436,4,0
140432,140432,140436,4,0
140434,140434,140437,3,0
140433,140433,140436,3,0
140435,140435,140437,2,0
140434,140434,140437,3,0
140435,140435,140437,2,0
140434,140434,140437,3,0
140435,140435,140437,2,0
140434,140434,140437,3,0
140434,140434,140437,3,0
140436,140436,140438,2,0
140435,140435,140437,2,0
140435,140435,140437,2,0
140435,140435,140437,2,0
140436,140436,140438,2,0
140431,140431,140437,6,0
140431,140431,140437,6,0
140435,140435,140438,3,0
140435,140435,140438,3,0
140436,140436,140438,2,0
140436,140436,140438,2,0
140436,140436,140438,2,0
140436,140436,140438,2,0
140435,140436,140439,3,1
140435,140436,140439,3,1
140436,140436,140438,2,0
140437,140437,140439,2,0
140436,140436,140438,2,0
140436,140436,140439,3,0
140436,140436,140439,3,0
140436,140436,140439,3,0
140438,140438,140439,1,0
140437,140437,140439,2,0
140435,140435,140440,5,0
140438,140438,140440,2,0
140437,140437,140440,3,0
140437,140437,140440,3,0
140437,140437,140440,3,0
140439,140439,140441,2,0
140436,140436,140441,5,0
140439,140439,140441,2,0
140438,140438,140441,3,0
140438,140439,140441,2,1
140439,140439,140442,3,0
140439,140439,140442,3,0
140439,140439,140442,3,0
140439,140439,140441,2,0
140438,140438,140441,3,0
140439,140439,140442,3,0
140439,140439,140442,3,0
140430,140430,140440,10,0
140437,140437,140440,3,0
140439,140439,140441,2,0
140436,140436,140441,5,0
140439,140439,140442,3,0
140438,140438,140441,3,0
140438,140438,140441,3,0
140440,140440,140443,3,0
140440,140441,140443,2,1
140436,140437,140442,5,1
140439,140440,140442,2,1
140440,140440,140443,3,0
140440,140440,140443,3,0
140441,140441,140444,3,0
140440,140440,140443,3,0
140442,140442,140444,2,0
140442,140442,140444,2,0
140442,140442,140443,1,0
140441,140441,140444,3,0
140441,140442,140444,2,1
140441,140441,140443,2,0
140428,140428,140445,17,0
140439,140439,140444,5,0
140441,140441,140444,3,0
140442,140442,140444,2,0
140443,140443,140445,2,0
140443,140443,140445,2,0
140441,140441,140444,3,0
140443,140443,140446,3,0
140443,140443,140446,3,0
140443,140443,140445,2,0
140442,140442,140446,4,0
140443,140443,140446,3,0
140443,140443,140446,3,0
140444,140444,140447,3,0
140443,140443,140446,3,0
140443,140443,140446,3,0
140442,140442,140446,4,0
140444,140444,140447,3,0
140444,140444,140446,2,0
140444,140444,140446,2,0
140445,140445,140446,1,0
140443,140443,140446,3,0
140444,140444,140446,2,0
140444,140444,140447,3,0
140445,140445,140447,2,0
140445,140445,140447,2,0
140444,140444,140448,4,0
140444,140444,140447,3,0
140445,140445,140448,3,0
140445,140445,140447,2,0
140444,140444,140447,3,0
140446,140446,140448,2,0
140447,140447,140449,2,0
140447,140447,140449,2,0
140447,140447,140449,2,0
140447,140447,140449,2,0
140446,140447,140450,3,1
140447,140447,140450,3,0
140447,140447,140449,2,0
140447,140447,140450,3,0
140445,140445,140450,5,0
140442,140442,140449,7,0
140444,140444,140449,5,0
140445,140445,140450,5,0
140448,140448,140450,2,0
140448,140448,140450,2,0
140448,140448,140451,3,0
140448,140448,140450,2,0
140439,140440,140451,11,1
140448,140448,140450,2,0
140449,140449,140451,2,0
140441,140441,140450,9,0
140448,140448,140450,2,0
140447,140447,140450,3,0
140447,140447,140450,3,0
140448,140448,140450,2,0
140448,140448,140450,2,0
140448,140448,140450,2,0
140449,140449,140451,2,0
140449,140449,140451,2,0
140450,140450,140451,1,0
140449,140449,140452,3,0
140449,140449,140452,3,0
140448,140448,140451,3,0
140449,140449,140451,2,0
140449,140449,140451,2,0
140449,140449,140451,2,0
140450,140451,140452,1,1
140451,140451,140452,1,0
140451,140451,140453,2,0
140447,140448,140453,5,1
140449,140449,140452,3,0
140450,140450,140453,3,0
140450,140450,140453,3,0
140451,140451,140453,2,0
140451,140451,140453,2,0
140444,140444,140453,9,0
140451,140451,140453,2,0
140449,140449,140453,4,0
140448,140448,140454,6,0
140451,140451,140454,3,0
140451,140451,140454,3,0
140449,140449,140454,5,0
140451,140451,140454,3,0
140444,140444,140453,9,0
140451,140451,140454,3,0
140450,140450,140455,5,0
140451,140451,140454,3,0
140450,140450,140455,5,0
140451,140452,140455,3,1
140439,140439,140456,17,0
140451,140451,140457,6,0
140440,140440,140458,18,0
140459,140459,140465,6,0
140459,140459,140466,7,0
140460,140460,140466,6,0
140460,140460,140468,8,0
140461,140461,140468,7,0
140461,140461,140467,6,0
140461,140461,140468,7,0
140459,140459,140468,9,0
140459,140460,140469,9,1
140460,140460,140469,9,0
140462,140462,140468,6,0
140460,140460,140469,9,0
140462,140462,140469,7,0
140460,140460,140470,10,0
140461,140461,140470,9,0
140464,140464,140470,6,0
140461,140461,140471,10,0
140464,140464,140471,7,0
140464,140464,140471,7,0
140461,140461,140470,9,0
140461,140462,140470,8,1
140459,140460,140471,11,1
140459,140459,140472,13,0
140464,140464,140472,8,0
140465,140465,140472,7,0
140460,140460,140472,12,0
140466,140467,140472,5,1
140465,140465,140472,7,0
140459,140459,140472,13,0
140462,140462,140472,10,0
140465,140465,140472,7,0
140463,140464,140472,8,1
140463,140463,140472,9,0
140459,140459,140473,14,0
140461,140461,140472,11,0
140466,140467,140473,6,1
140462,140462,140473,11,0
140464,140464,140473,9,0
140465,140465,140474,9,0
140466,140466,140473,7,0
140460,140460,140475,15,0
140460,140461,140475,14,1
140468,140468,140475,7,0
140466,140466,140475,9,0
140468,140468,140474,6,0
140466,140466,140475,9,0
140466,140466,140476,10,0
140460,140460,140476,16,0
140463,140463,140477,14,0
140470,140470,140478,8,0
140462,140462,140479,17,0
140468,140468,140479,11,0
140473,140473,140480,7,0
140468,140469,140479,10,1
140472,140472,140479,7,0
140471,140471,140480,9,0
140474,140475,140480,5,1
140475,140475,140481,6,0
140475,140475,140482,7,0
140475,140475,140482,7,0
140473,140473,140482,9,0
140475,140475,140482,7,0
140476,140476,140483,7,0
140476,140476,140483,7,0
140475,140475,140483,8,0
140472,140472,140483,11,0
140477,140477,140484,7,0
140475,140475,140485,10,0
140477,140477,140484,7,0
140477,140478,140485,7,1
140475,140475,140485,10,0
140478,140478,140485,7,0
140479,140480,140486,6,1
140477,140477,140485,8,0
140478,140478,140486,8,0
140477,140477,140486,9,0
140473,140473,140486,13,0
140474,140474,140487,13,0
140481,140481,140487,6,0
140479,140479,140485,6,0
140481,140481,140487,6,0
140481,140481,140488,7,0
140480,140481,140487,6,1
140481,140481,140488,7,0
140475,140475,140487,12,0
140476,140476,140488,12,0
140479,140479,140488,9,0
140479,140479,140488,9,0
140479,140479,140488,9,0
140478,140478,140488,10,0
140476,140476,140488,12,0
140481,140481,140488,7,0
140477,140477,140488,11,0
140480,140481,140489,8,1
140482,140482,140489,7,0
140482,140483,140490,7,1
140473,140473,140490,17,0
140480,140481,140490,9,1
140480,140480,140490,10,0
140481,140481,140490,9,0
140479,140479,140490,11,0
140481,140481,140490,9,0
140484,140484,140491,7,0
140485,140485,140492,7,0
140483,140483,140492,9,0
140484,140485,140492,7,1
140483,140483,140492,9,0
140486,140487,140493,6,1
140485,140485,140493,8,0
140485,140485,140492,7,0
140485,140485,140492,7,0
140485,140485,140494,9,0
140484,140485,140494,9,1
140485,140485,140494,9,0
140486,140487,140495,8,1
140487,140487,140494,7,0
140485,140485,140497,12,0
140486,140486,140498,12,0
140487,140487,140499,12,0
140488,140488,140499,11,0
140501,140501,140575,74,0
140501,140501,140605,104,0
140631,140631,140633,2,0
140632,140632,140634,2,0
140631,140631,140633,2,0
140632,140632,140634,2,0
140631,140631,140633,2,0
140632,140632,140634,2,0
140632,140632,140634,2,0
140632,140632,140635,3,0
140632,140632,140634,2,0
140632,140632,140634,2,0
140633,140633,140635,2,0
140633,140633,140635,2,0
140632,140633,140634,1,1
140632,140632,140635,3,0
140632,140632,140634,2,0
140633,140633,140635,2,0
140634,140634,140636,2,0
140634,140634,140635,1,0
140633,140633,140635,2,0
140633,140633,140635,2,0
140634,140634,140636,2,0
140633,140633,140635,2,0
140634,140634,140636,2,0
140634,140634,140636,2,0
140634,140634,140636,2,0
140633,140633,140635,2,0
140634,140634,140636,2,0
140633,140633,140635,2,0
140633,140633,140636,3,0
140634,140634,140636,2,0
140634,140634,140636,2,0
140634,140634,140637,3,0
140634,140634,140636,2,0
140635,140635,140637,2,0
140635,140635,140637,2,0
140635,140635,140638,3,0
140635,140636,140637,1,1
140636,140636,140637,1,0
140635,140635,140637,2,0
140635,140635,140637,2,0
140635,140635,140637,2,0
140633,140633,140637,4,0
140634,140634,140637,3,0
140634,140634,140637,3,0
140636,140636,140638,2,0
140636,140636,140638,2,0
140635,140635,140637,2,0
140636,140636,140638,2,0
140635,140635,140638,3,0
140636,140636,140638,2,0
140637,140637,140639,2,0
140636,140636,140638,2,0
140637,140637,140639,2,0
140637,140637,140639,2,0
140637,140637,140639,2,0
140637,140637,140639,2,0
140636,140636,140638,2,0
140637,140637,140639,2,0
140637,140637,140639,2,0
140638,140638,140640,2,0
140637,140638,140639,1,1
140638,140638,140639,1,0
140637,140637,140639,2,0
140637,140637,140640,3,0
140635,140635,140639,4,0
140637,140637,140640,3,0
140637,140637,140640,3,0
140637,140637,140640,3,0
140637,140637,140640,3,0
140638,140638,140640,2,0
140639,140639,140640,1,0
140638,140638,140640,2,0
140639,140639,140640,1,0
140631,140631,140641,10,0
140638,140638,140640,2,0
140638,140638,140640,2,0
140638,140638,140640,2,0
140639,140639,140641,2,0
140639,140639,140641,2,0
140639,140639,140641,2,0
140639,140639,140641,2,0
140640,140640,140642,2,0
140638,140639,140641,2,1
140636,140636,140641,5,0
140639,140639,140642,3,0
140640,140640,140641,1,0
140640,140640,140641,1,0
140640,140640,140642,2,0
140640,140640,140642,2,0
140640,140640,140642,2,0
140640,140640,140642,2,0
140640,140640,140643,3,0
140641,140641,140643,2,0
140639,140639,140642,3,0
140641,140641,140643,2,0
140641,140641,140643,2,0
140640,140640,140643,3,0
140641,140641,140643,2,0
140641,140641,140644,3,0
140641,140641,140643,2,0
140642,140642,140644,2,0
140642,140642,140644,2,0
140641,140641,140643,2,0
140642,140642,140644,2,0
140642,140643,140644,1,1
140641,140641,140644,3,0
140641,140641,140644,3,0
140641,140641,140644,3,0
140642,140642,140644,2,0
140642,140642,140644,2,0
140642,140642,140644,2,0
140642,140642,140645,3,0
140643,140643,140645,2,0
140642,140642,140644,2,0
140641,140642,140645,3,1
140642,140642,140645,3,0
140643,140643,140645,2,0
140643,140643,140645,2,0
140643,140643,140646,3,0
140643,140643,140645,2,0
140635,140635,140645,10,0
140643,140643,140645,2,0
140644,140644,140646,2,0
140643,140643,140646,3,0
140644,140644,140646,2,0
140644,140644,140646,2,0
140644,140644,140646,2,0
140644,140644,140646,2,0
140644,140644,140646,2,0
140644,140645,140646,1,1
140645,140645,140646,1,0
140644,140644,140647,3,0
140644,140644,140646,2,0
140644,140644,140646,2,0
140644,140644,140647,3,0
140643,140643,140646,3,0
140645,140645,140647,2,0
140641,140641,140647,6,0
140646,140646,140647,1,0
140645,140646,140648,2,1
140645,140645,140648,3,0
140645,140645,140648,3,0
140645,140645,140648,3,0
140645,140645,140648,3,0
140645,140645,140648,3,0
140643,140643,140649,6,0
140646,140646,140649,3,0
140646,140647,140648,1,1
140647,140647,140648,1,0
140647,140647,140648,1,0
140645,140645,140648,3,0
140646,140646,140648,2,0
140647,140647,140649,2,0
140647,140647,140649,2,0
140646,140646,140648,2,0
140646,140646,140648,2,0
140647,140647,140649,2,0
140648,140648,140649,1,0
140648,140648,140650,2,0
140648,140648,140649,1,0
140647,140647,140649,2,0
140645,140645,140650,5,0
140646,140646,140649,3,0
140647,140647,140649,2,0
140648,140648,140650,2,0
140648,140648,140650,2,0
140647,140648,140650,2,1
140649,140649,140651,2,0
140647,140647,140650,3,0
140649,140649,140651,2,0
140649,140649,140651,2,0
140649,140649,140651,2,0
140648,140648,140650,2,0
140649,140649,140651,2,0
140649,140649,140651,2,0
140649,140649,140651,2,0
140648,140648,140651,3,0
140648,140648,140651,3,0
140648,140648,140651,3,0
140649,140649,140651,2,0
140634,140635,140652,17,1
140650,140650,140652,2,0
140648,140649,140651,2,1
140649,140649,140651,2,0
140650,140650,140652,2,0
140650,140650,140652,2,0
140650,140650,140652,2,0
140650,140650,140652,2,0
140650,140650,140652,2,0
140649,140649,140652,3,0
140651,140651,140653,2,0
140651,140651,140653,2,0
140650,140650,140652,2,0
140650,140650,140652,2,0
140650,140650,140652,2,0
140651,140651,140653,2,0
140651,140651,140653,2,0
140651,140651,140653,2,0
140651,140651,140653,2,0
140652,140652,140653,1,0
140651,140651,140654,3,0
140651,140651,140653,2,0
140651,140651,140653,2,0
140652,140652,140654,2,0
140652,140652,140654,2,0
140652,140652,140654,2,0
140652,140652,140655,3,0
140652,140652,140654,2,0
140652,140653,140654,1,1
140653,140653,140655,2,0
140652,140652,140655,3,0
140653,140653,140656,3,0
140653,140654,140656,2,1
140653,140653,140655,2,0
140654,140654,140655,1,0
140654,140654,140655,1,0
140654,140654,140656,2,0
140654,140654,140656,2,0
140653,140653,140656,3,0
140653,140653,140656,3,0
140647,140647,140656,9,0
140653,140653,140655,2,0
140654,140654,140656,2,0
140654,140654,140656,2,0
140654,140654,140656,2,0
140654,140655,140656,1,1
140655,140655,140657,2,0
140655,140655,140657,2,0
140653,140653,140657,4,0
140654,140654,140656,2,0
140652,140652,140657,5,0
140654,140654,140657,3,0
140655,140655,140657,2,0
140654,140654,140657,3,0
140655,140655,140657,2,0
140655,140655,140657,2,0
140655,140655,140657,2,0
140655,140655,140658,3,0
140655,140656,140658,2,1
140655,140655,140664,9,0
140665,140665,140669,4,0
140666,140666,140669,3,0
140665,140665,140669,4,0
140667,140667,140670,3,0
140666,140666,140670,4,0
140666,140666,140670,4,0
140666,140667,140670,3,1
140668,140668,140671,3,0
140666,140666,140670,4,0
140665,140665,140671,6,0
140665,140665,140670,5,0
140667,140667,140671,4,0
140668,140668,140671,3,0
140667,140667,140671,4,0
140665,140665,140671,6,0
140666,140666,140672,6,0
140665,140665,140672,7,0
140667,140668,140671,3,1
140668,140668,140671,3,0
140666,140666,140672,6,0
140667,140667,140672,5,0
140668,140668,140671,3,0
140667,140667,140671,4,0
140666,140666,140672,6,0
140666,140666,140672,6,0
140667,140667,140672,5,0
140668,140668,140672,4,0
140668,140668,140672,4,0
140666,140666,140672,6,0
140669,140669,140672,3,0
140669,140669,140672,3,0
140667,140667,140673,6,0
140670,140670,140673,3,0
140667,140667,140673,6,0
140669,140669,140673,4,0
140669,140669,140673,4,0
140670,140670,140674,4,0
140670,140670,140674,4,0
140670,140670,140675,5,0
140670,140670,140674,4,0
140671,140671,140675,4,0
140671,140671,140675,4,0
140673,140673,140676,3,0
140671,140671,140676,5,0
140672,140673,140676,3,1
140673,140673,140677,4,0
140673,140673,140677,4,0
140673,140673,140678,5,0
140674,140674,140678,4,0
140670,140671,140677,6,1
140674,140674,140677,3,0
140671,140671,140678,7,0
140671,140672,140678,6,1
140672,140672,140678,6,0
140672,140672,140678,6,0
140672,140672,140678,6,0
140675,140675,140678,3,0
140674,140674,140678,4,0
140675,140675,140678,3,0
140675,140675,140678,3,0
140674,140674,140679,5,0
140673,140673,140679,6,0
140673,140673,140679,6,0
140673,140673,140679,6,0
140676,140676,140680,4,0
140677,140677,140680,3,0
140673,140674,140679,5,1
140675,140675,140679,4,0
140674,140674,140679,5,0
140675,140675,140679,4,0
140674,140674,140680,6,0
140676,140676,140680,4,0
140677,140677,140680,3,0
140676,140676,140680,4,0
140676,140676,140680,4,0
140676,140676,140680,4,0
140676,140676,140680,4,0
140676,140676,140680,4,0
140677,140677,140681,4,0
140677,140677,140682,5,0
140678,140678,140682,4,0
140679,140679,140682,3,0
140678,140678,140682,4,0
140677,140677,140683,6,0
140673,140673,140684,11,0
140680,140680,140683,3,0
140680,140680,140683,3,0
140681,140681,140684,3,0
140678,140678,140684,6,0
140678,140678,140684,6,0
140674,140674,140684,10,0
140681,140681,140684,3,0
140679,140680,140684,4,1
140681,140681,140684,3,0
140678,140678,140685,7,0
140678,140679,140684,5,1
140679,140679,140685,6,0
140680,140680,140684,4,0
140681,140681,140686,5,0
140680,140681,140685,4,1
140679,140679,140685,6,0
140682,140682,140686,4,0
140680,140680,140685,5,0
140681,140681,140685,4,0
140682,140682,140686,4,0
140681,140681,140685,4,0
140682,140682,140685,3,0
140680,140680,140686,6,0
140681,140681,140686,5,0
140682,140682,140686,4,0
140683,140683,140686,3,0
140681,140681,140686,5,0
140683,140683,140686,3,0
140680,140680,140686,6,0
140683,140683,140687,4,0
140668,140669,140687,18,1
140683,140683,140686,3,0
140681,140681,140687,6,0
140683,140683,140687,4,0
140669,140669,140688,19,0
140690,140690,140725,35,0
140690,140690,140741,51,0
134482,134483,142709,8226,1
134483,134483,142732,8249,0
134481,134481,142734,8253,0
134482,134482,143906,9424,0
144598,144598,144600,2,0
144600,144600,144601,1,0
144602,144602,144603,1,0
144603,144603,144604,1,0
144605,144605,144606,1,0
144607,144607,144608,1,0
144608,144608,144609,1,0
144610,144610,144611,1,0
144611,144611,144612,1,0
144613,144613,144614,1,0
144615,144615,144616,1,0
144616,144616,144617,1,0
144618,144618,144619,1,0
144619,144619,144620,1,0
144621,144621,144622,1,0
144623,144623,144624,1,0
144624,144624,144625,1,0
144626,144626,144627,1,0
144627,144627,144628,1,0
144629,144629,144630,1,0
144631,144631,144632,1,0
144632,144632,144633,1,0
144634,144634,144635,1,0
144636,144636,144637,1,0
144637,144637,144638,1,0
144639,144639,144640,1,0
144641,144641,144642,1,0
144642,144642,144643,1,0
144644,144644,144645,1,0
144646,144646,144647,1,0
144648,144648,144649,1,0
144649,144649,144650,1,0
144651,144651,144652,1,0
144652,144652,144653,1,0
144654,144654,144655,1,0
144656,144656,144657,1,0
144658,144658,144659,1,0
144659,144659,144660,1,0
144661,144661,144662,1,0
144662,144662,144663,1,0
144664,144664,144665,1,0
144666,144666,144667,1,0
144668,144668,144669,1,0
144669,144669,144670,1,0
144671,144671,144672,1,0
144672,144672,144673,1,0
144674,144674,144675,1,0
144676,144676,144677,1,0
144677,144677,144678,1,0
144679,144679,144680,1,0
144682,144682,144683,1,0
144684,144684,144685,1,0
144685,144685,144686,1,0
144687,144687,144688,1,0
144689,144689,144690,1,0
144690,144690,144691,1,0
144692,144692,144693,1,0
144694,144694,144695,1,0
144695,144695,144696,1,0
144697,144697,144698,1,0
144699,144699,144700,1,0
144700,144700,144701,1,0
144702,144702,144703,1,0
144703,144703,144704,1,0
144705,144705,144706,1,0
144706,144706,144707,1,0
144708,144708,144709,1,0
144711,144711,144712,1,0
144712,144712,144713,1,0
144714,144714,144715,1,0
144716,144716,144717,1,0
144717,144717,144718,1,0
144719,144719,144720,1,0
134482,134482,144719,10237,0
144722,144722,144723,1,0
144723,144723,144724,1,0
144726,144726,144727,1,0
144728,144728,144729,1,0
144729,144729,144730,1,0
144731,144731,144732,1,0
144732,144732,144733,1,0
144734,144734,144736,2,0
144736,144736,144737,1,0
144737,144737,144739,2,0
144739,144739,144740,1,0
144741,144741,144743,2,0
144742,144742,144743,1,0
144744,144744,144746,2,0
144746,144746,144747,1,0
144747,144747,144749,2,0
144749,144749,144750,1,0
144751,144751,144752,1,0
144752,144752,144753,1,0
144754,144754,144756,2,0
144756,144756,144757,1,0
144757,144757,144759,2,0
144759,144759,144760,1,0
144761,144761,144763,2,0
144762,144762,144763,1,0
144764,144764,144766,2,0
144766,144766,144767,1,0
144767,144767,144769,2,0
144769,144769,144770,1,0
144771,144771,144772,1,0
144772,144772,144773,1,0
144774,144774,144775,1,0
144775,144775,144776,1,0
134482,134482,144856,10374,0
134481,134481,150014,15533,0
134482,134482,151084,16602,0
151630,151630,151803,173,0
151941,151941,152140,199,0
134483,134483,154443,19960,0
134483,134483,159424,24941,0
134483,134483,165512,31029,0
134481,134481,170050,35569,0
134481,134482,171756,37274,1
134483,134483,180682,46199,0
134482,134482,186560,52078,0
196022,196022,196104,82,0
196022,196022,196117,95,0
196022,196022,196121,99,0
196022,196022,196126,104,0
196021,196021,196183,162,0
196021,196022,196183,161,1
196022,196022,196183,161,0
196021,196021,196189,168,0
196021,196021,196191,170,0
196022,196022,196193,171,0
196022,196022,196196,174,0
196022,196022,196200,178,0
196203,196203,196277,74,0
196203,196203,196309,106,0
196379,196379,196466,87,0
196379,196379,196467,88,0
196379,196380,196467,87,1
196379,196380,196469,89,1
196379,196379,196479,100,0
196379,196379,196484,105,0
196379,196379,196495,116,0
196379,196379,196510,131,0
196379,196379,196543,164,0
196378,196379,196554,175,1
196379,196379,196554,175,0
196379,196379,196554,175,0
196556,196556,196638,82,0
196556,196556,196658,102,0
196743,196743,196788,45,0
196743,196743,196789,46,0
196743,196743,196790,47,0
196743,196744,196794,50,1
196743,196743,196798,55,0
196743,196743,196801,58,0
196743,196743,196802,59,0
196742,196743,196807,64,1
196743,196743,196822,79,0
196743,196743,196827,84,0
196743,196743,196827,84,0
196743,196743,196833,90,0
196835,196835,196873,38,0
196835,196835,196887,52,0
196942,196942,197025,83,0
196942,196942,197025,83,0
196942,196942,197027,85,0
196942,196942,197037,95,0
196942,196942,197039,97,0
196941,196941,197086,145,0
196941,196942,197089,147,1
196942,196942,197094,152,0
196942,196942,197101,159,0
196942,196942,197107,165,0
196941,196942,197108,166,1
196942,196942,197114,172,0
197115,197115,197215,100,0
197115,197115,197216,101,0
197287,197287,197373,86,0
197287,197287,197373,86,0
197287,197287,197375,88,0
197287,197287,197376,89,0
197287,197287,197383,96,0
197287,197287,197384,97,0
197286,197286,197416,130,0
197287,197287,197416,129,0
197287,197287,197439,152,0
197286,197287,197449,162,1
197287,197287,197455,168,0
197287,197287,197456,169,0
197458,197458,197540,82,0
197458,197458,197561,103,0
197649,197649,197693,44,0
197649,197650,197693,43,1
197650,197650,197695,45,0
197649,197649,197699,50,0
197649,197649,197702,53,0
197649,197649,197710,61,0
197649,197649,197710,61,0
197649,197649,197728,79,0
197649,197649,197732,83,0
197649,197649,197732,83,0
197650,197650,197732,82,0
197649,197650,197732,82,1
197734,197734,197773,39,0
197734,197734,197784,50,0
195281,195281,199678,4397,0
195281,195281,199954,4673,0
195282,195282,200153,4871,0
195281,195281,200531,5250,0
134483,134483,200653,66170,0
195283,195283,201954,6671,0
195282,195282,202818,7536,0
195282,195282,203661,8379,0
195283,195283,204159,8876,0
195283,195283,204865,9582,0
195283,195283,205318,10035,0
195281,195281,205938,10657,0
195283,195283,206114,10831,0
195282,195282,206251,10969,0
195283,195283,207235,11952,0
195283,195283,207792,12509,0
195282,195282,210711,15429,0
195281,195281,211678,16397,0
195282,195283,213903,18620,1
195282,195282,216914,21632,0
134481,134481,217031,82550,0
195281,195281,230855,35574,0
134484,134484,237376,102892,0
239474,239474,239615,141,0
239892,239892,240092,200,0
134483,134484,254383,119899,1
306552,306552,307701,1149,0
307702,307702,307708,6,0
307702,307702,307709,7,0
307702,307702,307708,6,0
307702,307702,307709,7,0
307702,307702,307710,8,0
307702,307702,307709,7,0
307702,307702,307711,9,0
307702,307702,307710,8,0
307702,307702,307712,10,0
307702,307702,307712,10,0
307702,307702,307712,10,0
307702,307702,307713,11,0
307702,307702,307713,11,0
307702,307702,307713,11,0
307702,307702,307713,11,0
307702,307702,307713,11,0
307702,307702,307714,12,0
307702,307702,307713,11,0
307702,307702,307717,15,0
307702,307709,307718,9,7
307702,307709,307719,10,7
307702,307709,307719,10,7
307702,307708,307720,12,6
307702,307710,307720,10,8
307702,307711,307721,10,9
307702,307712,307721,9,10
307702,307711,307722,11,9
307702,307710,307721,11,8
307702,307713,307721,8,11
307702,307712,307722,10,10
307702,307713,307723,10,11
307702,307713,307723,10,11
307702,307713,307723,10,11
307702,307712,307724,12,10
307702,307714,307724,10,12
307702,307714,307725,11,12
307702,307718,307726,8,16
307702,307714,307727,13,12
307702,307719,307728,9,17
307702,307717,307730,13,15
306553,306553,307738,1185,0
307739,307739,307742,3,0
307739,307739,307743,4,0
307739,307739,307745,6,0
307739,307739,307744,5,0
307739,307739,307744,5,0
307739,307739,307744,5,0
307739,307739,307745,6,0
307739,307739,307745,6,0
307739,307739,307746,7,0
307739,307739,307746,7,0
307739,307745,307747,2,6
307739,307739,307747,8,0
307739,307743,307747,4,4
307739,307739,307749,10,0
307739,307747,307748,1,8
307739,307746,307748,2,7
307739,307739,307748,9,0
307739,307746,307748,2,7
307739,307747,307748,1,8
307739,307745,307749,4,6
307739,307739,307748,9,0
307739,307739,307749,10,0
307739,307739,307750,11,0
307739,307739,307750,11,0
307739,307739,307750,11,0
307739,307748,307750,2,9
307739,307739,307750,11,0
307739,307745,307750,5,6
307739,307739,307751,12,0
307739,307749,307751,2,10
307739,307749,307751,2,10
307739,307749,307752,3,10
307739,307747,307753,6,8
307739,307745,307754,9,6
307739,307749,307756,7,10
307739,307743,307756,13,4
307739,307748,307757,9,9
307739,307749,307758,9,10
307739,307749,307758,9,10
307739,307749,307758,9,10
306776,306776,307936,1160,0
307937,307937,307944,7,0
307937,307937,307944,7,0
307937,307937,307944,7,0
307937,307937,307944,7,0
307937,307937,307945,8,0
307937,307937,307946,9,0
307937,307937,307946,9,0
307937,307937,307945,8,0
307937,307937,307946,9,0
307937,307937,307947,10,0
307937,307937,307948,11,0
307937,307937,307947,10,0
307937,307937,307949,12,0
307937,307937,307950,13,0
307937,307937,307950,13,0
307937,307937,307950,13,0
307937,307937,307950,13,0
307937,307937,307951,14,0
307937,307937,307950,13,0
307937,307937,307951,14,0
307937,307937,307952,15,0
307937,307937,307951,14,0
307937,307944,307953,9,7
307937,307944,307954,10,7
307937,307946,307956,10,9
307937,307946,307956,10,9
307937,307948,307956,8,11
307937,307945,307957,12,8
307937,307947,307957,10,10
307937,307944,307957,13,7
307937,307946,307957,11,9
307937,307948,307958,10,11
307937,307950,307958,8,13
307937,307944,307959,15,7
307937,307947,307960,13,10
307937,307950,307961,11,13
307937,307949,307961,12,12
307937,307950,307962,12,13
307937,307951,307962,11,14
307937,307950,307963,13,13
306776,306777,308567,1790,1
308567,308567,308571,4,0
308567,308567,308572,5,0
308567,308567,308572,5,0
308567,308567,308572,5,0
308567,308567,308573,6,0
308567,308571,308573,2,4
308567,308567,308574,7,0
308567,308567,308574,7,0
308567,308567,308574,7,0
308567,308567,308575,8,0
308567,308567,308575,8,0
308567,308567,308575,8,0
308567,308573,308575,2,6
308567,308567,308575,8,0
308567,308572,308575,3,5
308567,308567,308576,9,0
308567,308574,308576,2,7
308567,308572,308576,4,5
308567,308573,308576,3,6
308567,308567,308577,10,0
308567,308574,308577,3,7
308567,308575,308578,3,8
308567,308567,308578,11,0
308567,308567,308578,11,0
308567,308575,308578,3,8
308567,308567,308578,11,0
308567,308567,308578,11,0
308567,308567,308577,10,0
308567,308567,308579,12,0
308567,308575,308579,4,8
308567,308567,308581,14,0
308567,308567,308581,14,0
308567,308572,308581,9,5
308567,308574,308582,8,7
308567,308567,308582,15,0
308567,308575,308584,9,8
308567,308575,308584,9,8
308567,308576,308586,10,9
308567,308575,308586,11,8
308567,308576,308586,10,9
309485,309485,309486,1,0
309486,309486,309487,1,0
309488,309488,309489,1,0
309492,309492,309493,1,0
312299,312299,312456,157,0
313086,313086,314225,1139,0
314225,314226,314227,1,1
314225,314226,314228,2,1
314225,314226,314228,2,1
314225,314226,314228,2,1
314225,314226,314228,2,1
314225,314226,314229,3,1
314225,314226,314231,5,1
314225,314230,314231,1,5
314225,314229,314231,2,4
314225,314228,314232,4,3
314225,314226,314233,7,1
314225,314226,314233,7,1
314225,314226,314233,7,1
314225,314226,314233,7,1
314225,314229,314233,4,4
314225,314229,314233,4,4
314225,314232,314233,1,7
314225,314232,314233,1,7
314225,314233,314234,1,8
314225,314225,314236,11,0
314225,314226,314235,9,1
314225,314225,314235,10,0
314225,314226,314235,9,1
314225,314225,314236,11,0
314225,314234,314236,2,9
314225,314225,314236,11,0
314225,314229,314236,7,4
314225,314226,314236,10,1
314225,314226,314236,10,1
314225,314226,314237,11,1
314225,314234,314243,9,9
314225,314232,314242,10,7
314225,314234,314243,9,9
314225,314234,314244,10,9
314225,314234,314244,10,9
314225,314234,314245,11,9
314225,314236,314245,9,11
314225,314235,314245,10,10
314225,314234,314246,12,9
314225,314234,314246,12,9
317749,317749,319687,1938,0
319687,319688,319690,2,1
319687,319688,319690,2,1
319687,319688,319691,3,1
319687,319688,319691,3,1
319687,319688,319691,3,1
319687,319688,319691,3,1
319687,319688,319691,3,1
319687,319688,319691,3,1
319687,319688,319691,3,1
319687,319688,319693,5,1
319687,319688,319692,4,1
319687,319688,319692,4,1
319687,319688,319692,4,1
319687,319688,319692,4,1
319687,319688,319693,5,1
319687,319688,319694,6,1
319687,319688,319697,9,1
319687,319688,319701,13,1
319687,319688,319703,15,1
319687,319688,319704,16,1
325275,325276,325311,35,1
325318,325320,325354,34,2
333098,333098,333186,88,0
333187,333187,333188,1,0
333187,333187,333188,1,0
333187,333187,333188,1,0
333187,333187,333188,1,0
333187,333187,333188,1,0
333187,333187,333188,1,0
333187,333187,333188,1,0
333187,333187,333188,1,0
333187,333187,333188,1,0
333187,333187,333188,1,0
333187,333188,333189,1,1
333187,333188,333189,1,1
333187,333188,333189,1,1
333187,333188,333189,1,1
333187,333188,333189,1,1
333187,333188,333189,1,1
333187,333188,333189,1,1
333187,333188,333189,1,1
333187,333188,333189,1,1
333187,333188,333189,1,1
333187,333188,333189,1,1
333187,333188,333189,1,1
333187,333188,333189,1,1
333187,333189,333190,1,2
333187,333189,333190,1,2
333187,333189,333190,1,2
333187,333189,333190,1,2
333187,333189,333190,1,2
333187,333189,333190,1,2
333187,333189,333190,1,2
333187,333189,333190,1,2
333187,333189,333190,1,2
333187,333189,333190,1,2
333187,333189,333190,1,2
333187,333189,333190,1,2
333187,333190,333191,1,3
333187,333189,333190,1,2
333187,333190,333191,1,3
333187,333190,333191,1,3
333187,333190,333191,1,3
333187,333190,333191,1,3
333187,333189,333190,1,2
333187,333190,333191,1,3
333187,333190,333191,1,3
333187,333190,333191,1,3
333187,333190,333191,1,3
333187,333190,333191,1,3
333187,333190,333191,1,3
333187,333191,333192,1,4
333187,333191,333192,1,4
333187,333191,333192,1,4
333187,333191,333192,1,4
333187,333191,333192,1,4
333187,333191,333192,1,4
333187,333191,333192,1,4
333187,333191,333192,1,4
333187,333192,333193,1,5
333187,333191,333193,2,4
333187,333192,333193,1,5
333187,333192,333193,1,5
333187,333192,333193,1,5
333187,333192,333193,1,5
333187,333192,333193,1,5
333187,333193,333194,1,6
333187,333192,333194,2,5
333187,333194,333195,1,7
333187,333193,333194,1,6
333187,333193,333194,1,6
333187,333193,333194,1,6
333187,333193,333195,2,6
333187,333193,333195,2,6
333187,333195,333196,1,8
333097,333097,333196,99,0
333187,333195,333196,1,8
333187,333195,333196,1,8
333187,333195,333196,1,8
333197,333197,333198,1,0
333197,333197,333198,1,0
333197,333197,333198,1,0
333197,333197,333198,1,0
333197,333197,333198,1,0
333197,333197,333198,1,0
333197,333198,333199,1,1
333197,333198,333199,1,1
333197,333198,333199,1,1
333197,333198,333199,1,1
333197,333198,333199,1,1
333197,333198,333199,1,1
333197,333198,333199,1,1
333197,333198,333199,1,1
333197,333198,333199,1,1
333197,333198,333199,1,1
333197,333198,333199,1,1
333197,333199,333200,1,2
333197,333198,333199,1,1
333197,333199,333200,1,2
333197,333199,333200,1,2
333197,333198,333199,1,1
333197,333199,333200,1,2
333197,333199,333200,1,2
333197,333199,333200,1,2
333197,333199,333200,1,2
333197,333199,333200,1,2
333187,333187,333194,7,0
333187,333187,333194,7,0
333197,333199,333200,1,2
333197,333199,333200,1,2
333197,333200,333201,1,3
333197,333199,333200,1,2
333197,333200,333201,1,3
333197,333200,333201,1,3
333197,333200,333201,1,3
333197,333199,333200,1,2
333197,333200,333201,1,3
333197,333200,333201,1,3
333197,333200,333201,1,3
333197,333200,333201,1,3
333197,333200,333201,1,3
333197,333200,333201,1,3
333197,333200,333201,1,3
333187,333187,333201,14,0
333187,333187,333202,15,0
333197,333201,333202,1,4
333197,333201,333202,1,4
333197,333201,333202,1,4
333197,333201,333202,1,4
333197,333201,333202,1,4
333197,333201,333202,1,4
333197,333201,333202,1,4
333197,333201,333202,1,4
333197,333201,333202,1,4
333197,333201,333202,1,4
333197,333201,333202,1,4
333197,333202,333203,1,5
333197,333201,333202,1,4
333197,333201,333202,1,4
333197,333202,333203,1,5
333197,333201,333202,1,4
333197,333201,333202,1,4
333197,333201,333202,1,4
333197,333202,333203,1,5
333197,333201,333202,1,4
333197,333202,333203,1,5
333197,333202,333203,1,5
333197,333202,333203,1,5
333197,333202,333203,1,5
333197,333202,333203,1,5
333197,333202,333203,1,5
333197,333203,333204,1,6
333197,333202,333203,1,5
333197,333203,333204,1,6
333197,333203,333204,1,6
333197,333203,333204,1,6
333197,333203,333204,1,6
333096,333096,333205,109,0
333197,333203,333204,1,6
333197,333203,333205,2,6
333197,333203,333205,2,6
333197,333203,333205,2,6
333197,333203,333205,2,6
333197,333202,333207,5,5
333197,333202,333207,5,5
333197,333203,333209,6,6
333197,333203,333209,6,6
333228,333228,333229,1,0
333228,333228,333229,1,0
333228,333228,333229,1,0
333228,333228,333229,1,0
333228,333228,333229,1,0
333228,333228,333229,1,0
333228,333228,333229,1,0
333228,333228,333229,1,0
333228,333228,333229,1,0
333228,333228,333229,1,0
333228,333228,333229,1,0
333228,333228,333229,1,0
333228,333228,333229,1,0
333228,333228,333229,1,0
333228,333229,333230,1,1
333228,333229,333230,1,1
333228,333229,333230,1,1
333228,333229,333230,1,1
333228,333229,333230,1,1
333228,333229,333230,1,1
333228,333229,333230,1,1
333228,333229,333230,1,1
333228,333229,333230,1,1
333228,333229,333230,1,1
333228,333229,333230,1,1
333228,333229,333230,1,1
333228,333229,333230,1,1
333228,333229,333230,1,1
333228,333230,333231,1,2
333228,333229,333230,1,1
333228,333229,333230,1,1
333228,333230,333231,1,2
333228,333230,333231,1,2
333228,333230,333231,1,2
333228,333230,333231,1,2
333228,333230,333231,1,2
333228,333230,333231,1,2
333228,333230,333231,1,2
333228,333230,333231,1,2
333228,333231,333232,1,3
333228,333230,333231,1,2
333228,333230,333231,1,2
333228,333230,333231,1,2
333228,333231,333232,1,3
333228,333230,333231,1,2
333228,333231,333232,1,3
333228,333231,333232,1,3
333228,333231,333232,1,3
333228,333231,333232,1,3
333228,333231,333232,1,3
333228,333231,333232,1,3
333228,333231,333232,1,3
333228,333231,333232,1,3
333228,333232,333233,1,4
333228,333233,333234,1,5
333228,333233,333234,1,5
333228,333232,333234,2,4
333228,333232,333234,2,4
333228,333233,333234,1,5
333228,333233,333234,1,5
333228,333233,333234,1,5
333228,333234,333235,1,6
333228,333234,333235,1,6
333228,333235,333236,1,7
333228,333235,333236,1,7
333228,333234,333235,1,6
333228,333235,333236,1,7
333228,333235,333236,1,7
333228,333235,333236,1,7
333228,333235,333236,1,7
333228,333235,333236,1,7
333228,333228,333235,7,0
333228,333228,333236,8,0
333228,333228,333246,18,0
333228,333228,333254,26,0
333435,333435,333664,229,0
333435,333435,333664,229,0
333434,333434,333664,230,0
333466,333466,333674,208,0
333465,333465,333673,208,0
333463,333464,333674,210,1
333734,333735,334686,951,1
334687,334687,334688,1,0
334687,334687,334688,1,0
334687,334687,334688,1,0
334687,334687,334688,1,0
334687,334687,334688,1,0
334687,334687,334688,1,0
334687,334687,334688,1,0
334687,334687,334688,1,0
334687,334687,334689,2,0
334687,334687,334690,3,0
334687,334688,334691,3,1
334687,334689,334691,2,2
334687,334687,334691,4,0
334687,334687,334692,5,0
334687,334689,334691,2,2
334687,334688,334691,3,1
334687,334689,334691,2,2
334687,334690,334692,2,3
334687,334688,334692,4,1
334687,334687,334692,5,0
334687,334688,334692,4,1
334687,334689,334692,3,2
334687,334687,334692,5,0
334687,334691,334693,2,4
334687,334691,334693,2,4
334687,334691,334693,2,4
334687,334692,334694,2,5
334687,334692,334694,2,5
334687,334692,334694,2,5
334687,334692,334694,2,5
334687,334692,334694,2,5
334687,334692,334694,2,5
334687,334692,334694,2,5
334687,334693,334694,1,6
334687,334693,334694,1,6
334687,334694,334695,1,7
334687,334694,334695,1,7
334687,334693,334694,1,6
334687,334693,334694,1,6
334687,334693,334694,1,6
334687,334693,334694,1,6
334687,334693,334695,2,6
334687,334694,334695,1,7
334687,334694,334695,1,7
334687,334694,334695,1,7
334687,334694,334695,1,7
334687,334695,334697,2,8
334687,334695,334696,1,8
334687,334695,334696,1,8
334687,334695,334696,1,8
334687,334695,334696,1,8
334687,334695,334696,1,8
334687,334695,334696,1,8
334687,334695,334696,1,8
334687,334695,334696,1,8
334687,334696,334697,1,9
334687,334696,334697,1,9
334687,334696,334698,2,9
334687,334696,334698,2,9
334687,334696,334697,1,9
334687,334697,334698,1,10
334687,334697,334698,1,10
334687,334697,334698,1,10
334687,334697,334698,1,10
334687,334697,334699,2,10
334687,334697,334698,1,10
333734,333734,334701,967,0
334701,334701,334702,1,0
334701,334701,334702,1,0
334701,334701,334702,1,0
334701,334701,334703,2,0
334701,334701,334703,2,0
334701,334701,334702,1,0
334701,334701,334703,2,0
334701,334701,334702,1,0
334701,334701,334704,3,0
334701,334701,334704,3,0
334701,334701,334704,3,0
334701,334701,334704,3,0
334701,334702,334704,2,1
334701,334701,334705,4,0
334701,334701,334705,4,0
334701,334702,334705,3,1
334701,334703,334705,2,2
334701,334704,334706,2,3
334701,334703,334706,3,2
334701,334703,334705,2,2
334701,334701,334706,5,0
334701,334704,334706,2,3
334701,334703,334707,4,2
334701,334703,334707,4,2
334701,334704,334707,3,3
334701,334704,334707,3,3
334701,334705,334707,2,4
334687,334687,334706,19,0
334687,334687,334706,19,0
334687,334687,334706,19,0
334701,334703,334708,5,2
334701,334705,334708,3,4
334701,334706,334708,2,5
334701,334705,334708,3,4
334701,334706,334708,2,5
334687,334687,334708,21,0
334701,334707,334709,2,6
334701,334707,334709,2,6
334701,334704,334709,5,3
334701,334705,334708,3,4
334701,334708,334709,1,7
334701,334708,334709,1,7
334701,334708,334709,1,7
334701,334708,334709,1,7
334701,334708,334709,1,7
334701,334706,334709,3,5
334701,334708,334710,2,7
334701,334708,334709,1,7
334701,334708,334709,1,7
334701,334708,334709,1,7
334701,334708,334710,2,7
334701,334709,334710,1,8
334701,334709,334710,1,8
334701,334709,334710,1,8
334701,334710,334711,1,9
334701,334710,334711,1,9
334701,334710,334711,1,9
334701,334710,334711,1,9
334701,334710,334711,1,9
334701,334710,334711,1,9
334701,334710,334711,1,9
334701,334710,334711,1,9
334701,334710,334711,1,9
334701,334710,334711,1,9
334701,334711,334712,1,10
334701,334711,334712,1,10
334701,334711,334712,1,10
334701,334711,334712,1,10
334701,334711,334712,1,10
334701,334709,334711,2,8
334701,334710,334711,1,9
334701,334710,334713,3,9
334701,334710,334714,4,9
333781,333781,334717,936,0
334718,334719,334720,1,1
334718,334719,334720,1,1
334718,334719,334720,1,1
334718,334719,334720,1,1
334718,334719,334721,2,1
334718,334719,334721,2,1
334718,334719,334721,2,1
334718,334719,334721,2,1
334718,334719,334722,3,1
334718,334719,334722,3,1
334718,334719,334723,4,1
334718,334719,334723,4,1
334718,334719,334723,4,1
334718,334719,334723,4,1
334718,334719,334724,5,1
334718,334719,334724,5,1
334718,334721,334724,3,3
334718,334721,334724,3,3
334718,334719,334726,7,1
334718,334719,334725,6,1
334718,334722,334725,3,4
334718,334722,334725,3,4
334718,334723,334725,2,5
334718,334722,334725,3,4
334718,334722,334725,3,4
334718,334724,334726,2,6
334718,334725,334727,2,7
334718,334721,334726,5,3
334718,334724,334727,3,6
334718,334726,334727,1,8
334718,334726,334727,1,8
334718,334726,334727,1,8
334718,334721,334728,7,3
334718,334726,334728,2,8
334718,334724,334727,3,6
334718,334726,334727,1,8
334718,334726,334727,1,8
334718,334724,334729,5,6
334718,334725,334729,4,7
334718,334725,334729,4,7
334718,334725,334729,4,7
334718,334727,334728,1,9
334718,334727,334728,1,9
334718,334728,334729,1,10
334718,334728,334729,1,10
334718,334728,334729,1,10
334718,334729,334730,1,11
334718,334728,334730,2,10
334718,334728,334730,2,10
334718,334728,334729,1,10
334718,334728,334730,2,10
334718,334728,334730,2,10
334718,334726,334727,1,8
334718,334723,334728,5,5
334718,334729,334730,1,11
334718,334729,334730,1,11
334718,334729,334730,1,11
334718,334729,334731,2,11
334718,334729,334731,2,11
334718,334719,334731,12,1
334718,334730,334731,1,12
334718,334730,334732,2,12
334718,334730,334732,2,12
334718,334719,334731,12,1
334718,334719,334733,14,1
334718,334728,334732,4,10
334718,334730,334733,3,12
334718,334730,334734,4,12
334718,334730,334733,3,12
333735,333735,334739,1004,0
334718,334727,334734,7,9
334744,334744,334746,2,0
334744,334744,334745,1,0
334744,334744,334746,2,0
334744,334744,334745,1,0
334744,334744,334746,2,0
334744,334744,334745,1,0
334744,334744,334745,1,0
334744,334744,334745,1,0
334744,334744,334746,2,0
334744,334744,334746,2,0
334744,334744,334747,3,0
334744,334744,334748,4,0
334744,334744,334748,4,0
334744,334746,334748,2,2
334744,334746,334748,2,2
334744,334746,334748,2,2
334744,334746,334748,2,2
334744,334744,334749,5,0
334744,334744,334749,5,0
334744,334744,334749,5,0
334744,334746,334749,3,2
334744,334747,334750,3,3
334744,334747,334749,2,3
334744,334746,334749,3,2
334744,334749,334751,2,5
334744,334749,334751,2,5
334744,334746,334751,5,2
334744,334749,334750,1,5
334744,334746,334751,5,2
334744,334749,334750,1,5
334744,334749,334750,1,5
334744,334750,334751,1,6
334744,334748,334751,3,4
334744,334748,334750,2,4
334744,334749,334750,1,5
334744,334749,334750,1,5
334744,334750,334751,1,6
334744,334750,334751,1,6
334744,334750,334751,1,6
334744,334750,334751,1,6
334744,334751,334752,1,7
334744,334751,334752,1,7
334744,334751,334752,1,7
334744,334751,334752,1,7
334744,334751,334752,1,7
334744,334751,334752,1,7
334744,334751,334752,1,7
334744,334751,334752,1,7
334744,334751,334752,1,7
334744,334751,334752,1,7
334744,334751,334752,1,7
334744,334751,334752,1,7
334744,334752,334753,1,8
334744,334752,334753,1,8
334744,334752,334753,1,8
334744,334752,334753,1,8
334744,334752,334753,1,8
334744,334752,334753,1,8
334744,334753,334754,1,9
334744,334753,334754,1,9
334744,334753,334754,1,9
334744,334753,334754,1,9
334744,334753,334754,1,9
334744,334753,334754,1,9
334744,334753,334754,1,9
334744,334753,334754,1,9
334744,334744,334758,14,0
334744,334744,334762,18,0
334744,334744,334771,27,0
334744,334744,334777,33,0
333780,333781,335144,1363,1
335145,335145,335146,1,0
335145,335145,335146,1,0
335145,335145,335147,2,0
335145,335145,335147,2,0
335145,335145,335147,2,0
335145,335145,335147,2,0
335145,335145,335147,2,0
335145,335145,335147,2,0
335145,335145,335148,3,0
335145,335145,335149,4,0
335145,335145,335149,4,0
335145,335146,335149,3,1
335145,335147,335150,3,2
335145,335145,335150,5,0
335145,335145,335150,5,0
335145,335147,335149,2,2
335145,335148,335150,2,3
335145,335145,335150,5,0
335145,335145,335150,5,0
335145,335147,335151,4,2
335145,335148,335151,3,3
335145,335149,335151,2,4
335145,335145,335152,7,0
335145,335147,335151,4,2
335145,335147,335152,5,2
335145,335149,335152,3,4
335145,335150,335152,2,5
335145,335149,335151,2,4
335145,335150,335152,2,5
335145,335150,335152,2,5
335145,335150,335152,2,5
335145,335150,335152,2,5
335145,335151,335153,2,6
335145,335151,335153,2,6
335145,335151,335152,1,6
335145,335147,335153,6,2
335145,335151,335153,2,6
335145,335151,335152,1,6
335145,335145,335153,8,0
335145,335152,335153,1,7
335145,335152,335154,2,7
335145,335152,335153,1,7
335145,335152,335153,1,7
335145,335152,335153,1,7
335145,335152,335154,2,7
335145,335152,335154,2,7
335145,335152,335154,2,7
335145,335152,335154,2,7
335145,335152,335154,2,7
335145,335153,335155,2,8
335145,335145,335155,10,0
335145,335153,335155,2,8
335145,335153,335154,1,8
335145,335153,335155,2,8
335145,335153,335155,2,8
335145,335154,335155,1,9
335145,335154,335156,2,9
335145,335154,335156,2,9
335145,335154,335156,2,9
335145,335154,335156,2,9
335145,335154,335156,2,9
335145,335154,335156,2,9
335145,335155,335157,2,10
335145,335145,335155,10,0
335145,335155,335156,1,10
335145,335155,335156,1,10
335145,335155,335157,2,10
335145,335145,335157,12,0
335145,335145,335157,12,0
335145,335145,335165,20,0
333782,333782,335247,1465,0
335248,335248,335249,1,0
335248,335248,335250,2,0
335248,335248,335249,1,0
335248,335248,335250,2,0
335248,335248,335250,2,0
335248,335248,335249,1,0
335248,335248,335249,1,0
335248,335248,335250,2,0
335248,335248,335250,2,0
335248,335248,335251,3,0
335248,335248,335251,3,0
335248,335249,335252,3,1
335248,335250,335252,2,2
335248,335248,335253,5,0
335248,335250,335253,3,2
335248,335248,335252,4,0
335248,335250,335252,2,2
335248,335250,335253,3,2
335248,335250,335253,3,2
335248,335250,335252,2,2
335248,335250,335253,3,2
335248,335248,335254,6,0
335248,335248,335253,5,0
335248,335248,335254,6,0
335248,335248,335254,6,0
335248,335252,335254,2,4
335248,335250,335254,4,2
335248,335251,335253,2,3
335248,335251,335253,2,3
335248,335252,335254,2,4
335248,335248,335254,6,0
335248,335253,335255,2,5
335248,335253,335255,2,5
335248,335253,335255,2,5
335248,335253,335254,1,5
335248,335248,335255,7,0
335248,335253,335255,2,5
335248,335253,335254,1,5
335248,335253,335255,2,5
335248,335253,335255,2,5
335248,335254,335256,2,6
335248,335254,335256,2,6
335248,335254,335256,2,6
335248,335254,335256,2,6
335248,335254,335255,1,6
335248,335254,335256,2,6
335248,335254,335256,2,6
335248,335254,335256,2,6
335248,335254,335256,2,6
335248,335255,335257,2,7
335248,335255,335257,2,7
335248,335255,335257,2,7
335248,335255,335257,2,7
335248,335255,335257,2,7
335248,335255,335257,2,7
335248,335255,335257,2,7
335248,335255,335257,2,7
335248,335255,335257,2,7
335248,335256,335258,2,8
335248,335256,335258,2,8
335248,335256,335258,2,8
335248,335256,335258,2,8
335248,335256,335258,2,8
335248,335256,335258,2,8
335248,335257,335258,1,9
335248,335257,335258,1,9
335248,335248,335261,13,0
335248,335248,335264,16,0
335248,335248,335267,19,0
335248,335248,335267,19,0
336938,336939,336940,1,1
336938,336939,336941,2,1
336938,336939,336941,2,1
337204,337204,337206,2,0
337204,337204,337206,2,0
337204,337204,337206,2,0
337204,337204,337206,2,0
337204,337204,337206,2,0
337204,337204,337206,2,0
337204,337204,337206,2,0
337204,337204,337207,3,0
337204,337204,337206,2,0
337204,337204,337207,3,0
337204,337204,337207,3,0
337204,337204,337206,2,0
337204,337204,337206,2,0
337204,337204,337206,2,0
337204,337204,337208,4,0
337204,337204,337208,4,0
337204,337204,337208,4,0
337204,337206,337209,3,2
337204,337207,337209,2,3
337204,337206,337209,3,2
337204,337206,337209,3,2
337204,337206,337209,3,2
337204,337207,337209,2,3
337204,337207,337210,3,3
337204,337207,337210,3,3
337204,337208,337210,2,4
337204,337206,337210,4,2
337204,337207,337209,2,3
337204,337207,337209,2,3
337204,337207,337209,2,3
337204,337207,337210,3,3
337204,337209,337211,2,5
337204,337208,337210,2,4
337204,337209,337211,2,5
337204,337209,337211,2,5
337204,337209,337211,2,5
337204,337210,337212,2,6
337204,337210,337212,2,6
337204,337209,337212,3,5
337204,337210,337212,2,6
337204,337210,337212,2,6
337204,337209,337212,3,5
337204,337210,337212,2,6
337204,337210,337212,2,6
337204,337210,337212,2,6
337204,337207,337212,5,3
337204,337210,337212,2,6
337204,337211,337213,2,7
337204,337211,337213,2,7
337204,337211,337213,2,7
337204,337211,337213,2,7
337204,337211,337213,2,7
337204,337204,337209,5,0
337204,337204,337209,5,0
337204,337204,337210,6,0
337204,337208,337210,2,4
337204,337212,337214,2,8
337204,337212,337214,2,8
337204,337212,337214,2,8
337204,337212,337214,2,8
337204,337212,337214,2,8
337204,337212,337214,2,8
337204,337212,337214,2,8
337204,337212,337214,2,8
337204,337213,337215,2,9
337204,337213,337215,2,9
337204,337213,337215,2,9
337204,337214,337215,1,10
337204,337214,337215,1,10
337204,337212,337215,3,8
337223,337224,337225,1,1
337223,337224,337225,1,1
337223,337224,337225,1,1
337223,337224,337225,1,1
337223,337224,337225,1,1
337223,337224,337226,2,1
337223,337224,337226,2,1
337223,337224,337226,2,1
337223,337224,337226,2,1
337223,337224,337227,3,1
337223,337224,337227,3,1
337223,337224,337226,2,1
337223,337224,337226,2,1
337223,337224,337227,3,1
337223,337224,337227,3,1
337223,337224,337227,3,1
337223,337226,337228,2,3
337223,337227,337228,1,4
337223,337226,337228,2,3
337223,337226,337228,2,3
337223,337227,337230,3,4
337223,337227,337229,2,4
337223,337227,337229,2,4
337223,337226,337229,3,3
337223,337227,337229,2,4
337223,337226,337229,3,3
337223,337227,337229,2,4
337223,337227,337229,2,4
337223,337227,337229,2,4
337223,337228,337230,2,5
337223,337228,337230,2,5
337223,337229,337230,1,6
337223,337229,337230,1,6
337223,337228,337230,2,5
337223,337229,337230,1,6
337223,337229,337230,1,6
337223,337230,337232,2,7
337223,337230,337232,2,7
337223,337230,337232,2,7
337223,337230,337231,1,7
337223,337230,337232,2,7
337223,337230,337232,2,7
337223,337230,337232,2,7
337223,337230,337231,1,7
337223,337230,337232,2,7
337223,337230,337232,2,7
337223,337231,337233,2,8
337223,337231,337232,1,8
337223,337231,337232,1,8
337223,337231,337232,1,8
337223,337231,337232,1,8
337223,337231,337233,2,8
337223,337224,337229,5,1
337223,337232,337234,2,9
337223,337232,337234,2,9
337223,337232,337233,1,9
337223,337232,337234,2,9
337223,337232,337233,1,9
337223,337232,337234,2,9
337223,337232,337234,2,9
337223,337232,337234,2,9
337223,337233,337235,2,10
337223,337233,337234,1,10
337223,337233,337234,1,10
337223,337233,337235,2,10
337223,337232,337234,2,9
337223,337233,337235,2,10
337223,337224,337235,11,1
337223,337224,337237,13,1
337223,337224,337263,39,1
337267,337267,337270,3,0
337267,337267,337270,3,0
337267,337268,337270,2,1
337267,337268,337270,2,1
337267,337267,337270,3,0
337267,337267,337270,3,0
337267,337267,337270,3,0
337267,337268,337270,2,1
337267,337268,337270,2,1
337267,337268,337270,2,1
337267,337268,337271,3,1
337267,337268,337270,2,1
337267,337268,337271,3,1
337267,337268,337271,3,1
337267,337268,337271,3,1
337267,337271,337272,1,4
337267,337271,337272,1,4
337267,337271,337272,1,4
337267,337268,337272,4,1
337267,337271,337272,1,4
337267,337271,337273,2,4
337267,337271,337273,2,4
337267,337271,337273,2,4
337267,337272,337274,2,5
337267,337271,337274,3,4
337267,337272,337274,2,5
337267,337271,337274,3,4
337267,337271,337273,2,4
337267,337271,337274,3,4
337267,337273,337275,2,6
337267,337273,337275,2,6
337267,337273,337274,1,6
337267,337273,337274,1,6
337267,337271,337274,3,4
337267,337272,337274,2,5
337267,337273,337275,2,6
337267,337273,337274,1,6
337267,337273,337274,1,6
337267,337274,337275,1,7
337267,337274,337275,1,7
337267,337274,337275,1,7
337267,337274,337275,1,7
337267,337274,337275,1,7
337267,337274,337276,2,7
337267,337275,337276,1,8
337267,337275,337276,1,8
337267,337275,337276,1,8
337267,337275,337277,2,8
337267,337275,337276,1,8
337267,337275,337277,2,8
337267,337275,337277,2,8
337267,337275,337277,2,8
337267,337275,337277,2,8
337267,337275,337277,2,8
337267,337276,337278,2,9
337267,337276,337278,2,9
337267,337276,337278,2,9
337267,337276,337278,2,9
337267,337276,337277,1,9
337267,337276,337278,2,9
337267,337277,337278,1,10
337267,337277,337279,2,10
337267,337277,337278,1,10
337267,337277,337278,1,10
337267,337277,337279,2,10
337267,337277,337279,2,10
337267,337268,337282,14,1
337267,337268,337313,45,1
337267,337268,337312,44,1
337267,337268,337314,46,1
338402,338402,338405,3,0
338402,338402,338405,3,0
338402,338402,338405,3,0
338402,338402,338405,3,0
338402,338402,338406,4,0
338402,338402,338405,3,0
338402,338402,338405,3,0
338402,338402,338406,4,0
338402,338402,338407,5,0
338402,338402,338406,4,0
338402,338402,338406,4,0
338402,338402,338406,4,0
338402,338402,338407,5,0
338402,338402,338407,5,0
338402,338402,338407,5,0
338402,338402,338407,5,0
338402,338402,338409,7,0
338402,338402,338409,7,0
338402,338405,338410,5,3
338402,338407,338410,3,5
338402,338402,338410,8,0
338402,338402,338411,9,0
338402,338407,338410,3,5
338402,338407,338411,4,5
338402,338405,338410,5,3
338402,338407,338411,4,5
338402,338407,338410,3,5
338402,338407,338410,3,5
338402,338406,338411,5,4
338402,338408,338411,3,6
338402,338407,338411,4,5
338402,338406,338411,5,4
338402,338410,338412,2,8
338402,338410,338412,2,8
338402,338408,338412,4,6
338402,338409,338413,4,7
338402,338406,338412,6,4
338402,338405,338413,8,3
338402,338410,338412,2,8
338402,338411,338413,2,9
338402,338411,338413,2,9
338402,338411,338414,3,9
338402,338411,338414,3,9
338402,338411,338414,3,9
338402,338412,338414,2,10
338402,338411,338413,2,9
338402,338411,338414,3,9
338402,338411,338414,3,9
338402,338411,338413,2,9
338402,338412,338414,2,10
338402,338412,338414,2,10
338402,338413,338415,2,11
338402,338413,338415,2,11
338402,338413,338415,2,11
338402,338406,338415,9,4
338402,338413,338416,3,11
338402,338414,338417,3,12
338402,338414,338417,3,12
338402,338414,338417,3,12
338402,338414,338417,3,12
338402,338414,338416,2,12
338402,338414,338417,3,12
338402,338414,338417,3,12
338402,338414,338417,3,12
338402,338414,338417,3,12
338402,338415,338417,2,13
338402,338411,338413,2,9
338402,338412,338422,10,10
338402,338413,338423,10,11
338402,338413,338423,10,11
338431,338431,338434,3,0
338431,338431,338433,2,0
338431,338431,338434,3,0
338431,338431,338433,2,0
338431,338431,338434,3,0
338431,338431,338435,4,0
338431,338431,338435,4,0
338431,338431,338434,3,0
338431,338431,338434,3,0
338431,338431,338434,3,0
338431,338431,338436,5,0
338431,338431,338436,5,0
338431,338431,338437,6,0
338431,338431,338438,7,0
338431,338435,338438,3,4
338431,338431,338437,6,0
338431,338431,338438,7,0
338431,338435,338439,4,4
338431,338436,338439,3,5
338431,338435,338439,4,4
338431,338435,338438,3,4
338431,338434,338440,6,3
338431,338436,338440,4,5
338431,338437,338440,3,6
338431,338431,338440,9,0
338431,338435,338441,6,4
338431,338435,338440,5,4
338431,338438,338441,3,7
338431,338438,338441,3,7
338431,338438,338441,3,7
338431,338434,338441,7,3
338431,338431,338442,11,0
338431,338439,338442,3,8
338431,338439,338442,3,8
338431,338434,338441,7,3
338431,338439,338442,3,8
338431,338440,338442,2,9
338431,338434,338441,7,3
338431,338439,338441,2,8
338431,338439,338442,3,8
338431,338431,338442,11,0
338431,338441,338443,2,10
338431,338441,338443,2,10
338431,338440,338443,3,9
338431,338440,338443,3,9
338431,338441,338444,3,10
338431,338441,338444,3,10
338431,338441,338444,3,10
338431,338442,338444,2,11
338431,338442,338444,2,11
338431,338441,338444,3,10
338431,338442,338444,2,11
338431,338442,338444,2,11
338431,338441,338444,3,10
338431,338431,338444,13,0
338431,338442,338445,3,11
338431,338442,338445,3,11
338431,338442,338445,3,11
338431,338442,338445,3,11
338431,338444,338445,1,13
338431,338442,338445,3,11
338431,338445,338447,2,14
338431,338445,338446,1,14
338431,338444,338446,2,13
338431,338444,338446,2,13
338431,338444,338447,3,13
338431,338444,338447,3,13
338431,338445,338447,2,14
338431,338443,338448,5,12
338431,338443,338449,6,12
338457,338457,338460,3,0
338457,338457,338460,3,0
338457,338457,338461,4,0
338457,338457,338462,5,0
338457,338457,338461,4,0
338457,338457,338461,4,0
338457,338457,338461,4,0
338457,338457,338461,4,0
338457,338457,338461,4,0
338457,338457,338462,5,0
338457,338457,338463,6,0
338457,338457,338463,6,0
338457,338457,338463,6,0
338457,338457,338464,7,0
338457,338462,338464,2,5
338457,338457,338464,7,0
338457,338462,338464,2,5
338457,338457,338465,8,0
338457,338462,338465,3,5
338457,338462,338465,3,5
338457,338463,338466,3,6
338457,338462,338465,3,5
338457,338463,338466,3,6
338457,338464,338467,3,7
338457,338463,338466,3,6
338457,338462,338468,6,5
338457,338465,338468,3,8
338457,338465,338467,2,8
338457,338465,338467,2,8
338457,338466,338468,2,9
338457,338465,338468,3,8
338457,338466,338468,2,9
338457,338461,338468,7,4
338457,338466,338468,2,9
338457,338461,338469,8,4
338457,338466,338468,2,9
338457,338466,338468,2,9
338457,338466,338468,2,9
338457,338461,338469,8,4
338457,338467,338469,2,10
338457,338468,338470,2,11
338457,338467,338470,3,10
338457,338468,338470,2,11
338457,338468,338470,2,11
338457,338468,338470,2,11
338457,338469,338471,2,12
338457,338469,338471,2,12
338457,338468,338470,2,11
338457,338469,338472,3,12
338457,338469,338472,3,12
338457,338469,338471,2,12
338457,338469,338471,2,12
338457,338470,338472,2,13
338457,338469,338471,2,12
338457,338469,338472,3,12
338457,338470,338472,2,13
338457,338470,338472,2,13
338457,338470,338472,2,13
338457,338470,338473,3,13
338457,338471,338473,2,14
338457,338471,338474,3,14
338457,338471,338473,2,14
338457,338471,338473,2,14
338457,338471,338474,3,14
338457,338472,338474,2,15
338457,338472,338474,2,15
338457,338457,338464,7,0
338457,338457,338478,21,0
338457,338457,338478,21,0
338457,338457,338502,45,0
340657,340657,341576,919,0
341577,341577,341580,3,0
341577,341577,341580,3,0
341577,341577,341580,3,0
341577,341577,341580,3,0
341577,341577,341580,3,0
341577,341577,341580,3,0
341577,341577,341580,3,0
341577,341577,341581,4,0
341577,341577,341581,4,0
341577,341577,341581,4,0
341577,341577,341582,5,0
341577,341577,341582,5,0
341577,341577,341583,6,0
341577,341581,341585,4,4
341577,341583,341586,3,6
341577,341577,341585,8,0
341577,341580,341585,5,3
341577,341582,341585,3,5
341577,341581,341585,4,4
341577,341583,341586,3,6
340655,340655,341586,931,0
341577,341581,341586,5,4
341577,341581,341587,6,4
341577,341580,341587,7,3
341577,341581,341588,7,4
341577,341581,341588,7,4
341577,341585,341588,3,8
341577,341577,341588,11,0
341577,341581,341589,8,4
341577,341586,341589,3,9
341577,341581,341589,8,4
341577,341586,341589,3,9
341577,341586,341589,3,9
341577,341587,341589,2,10
341577,341586,341589,3,9
341577,341586,341589,3,9
341577,341586,341589,3,9
341577,341587,341589,2,10
341577,341588,341590,2,11
341577,341587,341590,3,10
341577,341587,341590,3,10
341577,341588,341590,2,11
341577,341588,341591,3,11
341577,341590,341591,1,13
341577,341590,341591,1,13
341577,341589,341591,2,12
341577,341589,341592,3,12
341577,341590,341592,2,13
341577,341589,341592,3,12
341577,341589,341592,3,12
341577,341589,341592,3,12
341577,341589,341591,2,12
341577,341589,341591,2,12
341577,341590,341592,2,13
341577,341591,341593,2,14
341577,341577,341592,15,0
341577,341590,341593,3,13
341577,341590,341593,3,13
341577,341592,341594,2,15
341577,341592,341593,1,15
341577,341577,341594,17,0
341577,341577,341594,17,0
341577,341591,341594,3,14
341577,341592,341595,3,15
341577,341592,341594,2,15
341577,341592,341594,2,15
341577,341592,341595,3,15
341577,341592,341595,3,15
341577,341592,341595,3,15
341577,341592,341595,3,15
341588,341593,341595,2,5
341588,341592,341597,5,4
341588,341593,341596,3,5
341588,341593,341597,4,5
341588,341593,341597,4,5
341588,341594,341598,4,6
341588,341595,341599,4,7
341588,341595,341599,4,7
341588,341594,341599,5,6
341588,341595,341599,4,7
341588,341596,341600,4,8
341588,341597,341601,4,9
341588,341595,341602,7,7
341588,341597,341604,7,9
341588,341595,341604,9,7
341588,341595,341604,9,7
341588,341598,341604,6,10
341588,341603,341605,2,15
341588,341595,341605,10,7
341588,341595,341605,10,7
341588,341598,341605,7,10
341588,341602,341605,3,14
341588,341601,341605,4,13
341588,341601,341606,5,13
341588,341599,341607,8,11
341588,341604,341607,3,16
341588,341605,341607,2,17
341588,341599,341607,8,11
341588,341606,341608,2,18
341588,341600,341608,8,12
341588,341605,341607,2,17
341588,341600,341607,7,12
341588,341606,341608,2,18
341588,341605,341608,3,17
341588,341606,341608,2,18
341588,341606,341608,2,18
341588,341607,341608,1,19
341588,341606,341608,2,18
341588,341606,341608,2,18
341588,341607,341609,2,19
341588,341607,341609,2,19
341588,341608,341610,2,20
341588,341608,341610,2,20
341588,341608,341610,2,20
341588,341608,341610,2,20
341588,341608,341610,2,20
341588,341609,341611,2,21
341588,341608,341610,2,20
341588,341608,341610,2,20
341588,341609,341611,2,21
341588,341609,341611,2,21
341588,341609,341611,2,21
341588,341609,341611,2,21
341588,341610,341612,2,22
341588,341609,341611,2,21
341588,341609,341611,2,21
341588,341609,341611,2,21
341588,341610,341612,2,22
341588,341610,341612,2,22
341588,341610,341612,2,22
341588,341610,341612,2,22
341588,341611,341613,2,23
341588,341611,341613,2,23
341588,341611,341614,3,23
341588,341611,341613,2,23
341588,341612,341614,2,24
341588,341612,341615,3,24
340658,340658,341618,960,0
341618,341619,341621,2,1
341618,341619,341621,2,1
341618,341619,341622,3,1
341618,341619,341622,3,1
341618,341619,341622,3,1
341618,341619,341623,4,1
341618,341619,341623,4,1
341618,341619,341623,4,1
341618,341619,341624,5,1
341618,341619,341624,5,1
341618,341619,341625,6,1
341618,341619,341626,7,1
341618,341619,341625,6,1
341618,341619,341626,7,1
341618,341619,341626,7,1
341618,341619,341626,7,1
341618,341625,341628,3,7
341618,341626,341628,2,8
341618,341625,341628,3,7
341618,341626,341629,3,8
341618,341627,341630,3,9
341618,341622,341629,7,4
341618,341623,341630,7,5
341618,341622,341630,8,4
341618,341627,341630,3,9
341618,341627,341630,3,9
341618,341629,341631,2,11
341618,341629,341631,2,11
341618,341626,341630,4,8
341618,341628,341630,2,10
341618,341624,341632,8,6
341618,341623,341632,9,5
341618,341629,341631,2,11
341618,341630,341632,2,12
341618,341624,341632,8,6
341618,341630,341632,2,12
341618,341623,341633,10,5
341618,341631,341632,1,13
341618,341631,341633,2,13
341577,341589,341596,7,12
341618,341630,341632,2,12
341618,341631,341633,2,13
341588,341593,341603,10,5
341618,341631,341634,3,13
341618,341631,341633,2,13
341618,341631,341633,2,13
341618,341632,341634,2,14
341618,341631,341633,2,13
341618,341632,341634,2,14
341618,341624,341634,10,6
341618,341632,341634,2,14
341618,341632,341634,2,14
341618,341632,341634,2,14
341618,341633,341635,2,15
341618,341633,341635,2,15
341618,341633,341635,2,15
341618,341633,341635,2,15
341618,341634,341636,2,16
341618,341633,341635,2,15
341618,341633,341635,2,15
341618,341634,341636,2,16
341618,341634,341636,2,16
341618,341634,341637,3,16
341618,341634,341636,2,16
341618,341634,341636,2,16
341618,341635,341637,2,17
341618,341635,341637,2,17
341588,341594,341637,43,6
341618,341635,341637,2,17
341618,341635,341637,2,17
341618,341635,341638,3,17
341618,341633,341637,4,15
341618,341633,341641,8,15
341588,341594,341642,48,6
377783,377783,377963,180,0
380404,380404,380603,199,0
381897,381898,382297,399,1
383389,383390,384328,938,1
384329,384329,384331,2,0
384329,384329,384331,2,0
384329,384329,384331,2,0
384329,384329,384331,2,0
384329,384329,384331,2,0
384329,384329,384331,2,0
384329,384329,384331,2,0
384329,384329,384331,2,0
384329,384329,384332,3,0
384329,384329,384331,2,0
384329,384329,384333,4,0
384329,384329,384333,4,0
384329,384331,384333,2,2
384329,384331,384333,2,2
384329,384329,384334,5,0
384329,384329,384334,5,0
384329,384332,384334,2,3
384329,384329,384334,5,0
384329,384329,384333,4,0
384329,384332,384334,2,3
384329,384332,384334,2,3
384329,384332,384334,2,3
384329,384332,384334,2,3
384329,384332,384334,2,3
384329,384333,384335,2,4
384329,384333,384335,2,4
384329,384332,384334,2,3
384329,384332,384335,3,3
384329,384334,384336,2,5
384329,384333,384336,3,4
384329,384333,384336,3,4
384329,384334,384336,2,5
384329,384334,384337,3,5
384329,384334,384336,2,5
384329,384335,384337,2,6
384329,384334,384336,2,5
384329,384334,384336,2,5
384329,384334,384336,2,5
384329,384335,384337,2,6
384329,384335,384337,2,6
384329,384335,384337,2,6
384329,384335,384337,2,6
384329,384335,384337,2,6
384329,384335,384338,3,6
384329,384336,384338,2,7
384329,384336,384338,2,7
384329,384336,384338,2,7
384329,384336,384339,3,7
384329,384337,384340,3,8
384329,384337,384340,3,8
384329,384337,384340,3,8
384329,384337,384340,3,8
384329,384337,384340,3,8
384329,384337,384340,3,8
384329,384337,384340,3,8
384329,384337,384339,2,8
384329,384337,384340,3,8
384329,384337,384340,3,8
384329,384338,384341,3,9
384329,384338,384340,2,9
384329,384338,384341,3,9
384329,384338,384341,3,9
384329,384339,384342,3,10
384329,384339,384342,3,10
384329,384340,384343,3,11
384329,384340,384343,3,11
384329,384329,384367,38,0
384329,384329,384377,48,0
384329,384329,384377,48,0
384329,384329,384387,58,0
384889,384889,385818,929,0
385820,385820,385823,3,0
385820,385820,385825,5,0
385820,385820,385826,6,0
385820,385820,385826,6,0
385820,385820,385826,6,0
385820,385820,385827,7,0
385820,385820,385827,7,0
385820,385820,385828,8,0
385820,385820,385829,9,0
385820,385820,385828,8,0
385820,385823,385828,5,3
385820,385820,385828,8,0
385820,385820,385830,10,0
385820,385820,385830,10,0
385820,385820,385831,11,0
385820,385820,385831,11,0
385820,385820,385831,11,0
385820,385829,385831,2,9
385820,385827,385832,5,7
385820,385820,385833,13,0
385820,385820,385833,13,0
385820,385820,385832,12,0
385820,385832,385834,2,12
385820,385830,385834,4,10
385820,385825,385834,9,5
384879,384879,385835,956,0
385820,385826,385835,9,6
385820,385820,385835,15,0
385820,385831,385835,4,11
385820,385820,385832,12,0
384907,384907,385836,929,0
385820,385833,385836,3,13
385820,385834,385836,2,14
385820,385826,385836,10,6
385820,385827,385836,9,7
385820,385829,385837,8,9
385820,385835,385837,2,15
385820,385829,385837,8,9
385820,385833,385837,4,13
385820,385833,385837,4,13
385820,385828,385837,9,8
385820,385833,385837,4,13
385820,385830,385838,8,10
385820,385835,385838,3,15
385820,385836,385839,3,16
385820,385838,385839,1,18
385820,385836,385839,3,16
385820,385836,385839,3,16
385820,385831,385839,8,11
385820,385836,385840,4,16
384880,384880,385839,959,0
385820,385837,385841,4,17
385820,385837,385840,3,17
385820,385831,385838,7,11
385820,385829,385841,12,9
385820,385820,385840,20,0
385820,385820,385841,21,0
385820,385839,385841,2,19
385820,385837,385841,4,17
385820,385840,385842,2,20
385820,385834,385842,8,14
385820,385838,385842,4,18
385820,385838,385842,4,18
385820,385839,385842,3,19
385820,385836,385842,6,16
385837,385840,385843,3,3
385820,385836,385844,8,16
385820,385836,385843,7,16
385837,385840,385844,4,3
385820,385820,385842,22,0
384877,384877,385845,968,0
385837,385841,385845,4,4
385820,385838,385844,6,18
385820,385820,385845,25,0
385837,385843,385847,4,6
385837,385840,385847,7,3
385837,385841,385848,7,4
385837,385842,385849,7,5
385820,385838,385849,11,18
384883,384883,385848,965,0
384884,384884,385849,965,0
385837,385841,385850,9,4
385820,385827,385850,23,7
385837,385845,385851,6,8
385837,385845,385851,6,8
385837,385846,385851,5,9
385820,385838,385851,13,18
385837,385844,385852,8,7
385837,385849,385851,2,12
385837,385841,385851,10,4
384888,384888,385852,964,0
385837,385849,385852,3,12
385837,385850,385852,2,13
385837,385849,385853,4,12
385837,385841,385853,12,4
385837,385851,385853,2,14
385837,385842,385853,11,5
385837,385848,385853,5,11
385837,385852,385854,2,15
385837,385850,385854,4,13
385837,385852,385854,2,15
385837,385852,385854,2,15
385837,385853,385854,1,16
385837,385853,385855,2,16
385837,385853,385855,2,16
385837,385843,385855,12,6
385837,385848,385855,7,11
385837,385852,385855,3,15
385837,385841,385852,11,4
385837,385854,385856,2,17
385837,385854,385856,2,17
385837,385852,385856,4,15
385837,385840,385857,17,3
385837,385843,385856,13,6
385837,385843,385856,13,6
385837,385853,385856,3,16
385837,385855,385857,2,18
385837,385846,385857,11,9
385837,385855,385857,2,18
385837,385855,385857,2,18
385837,385855,385857,2,18
385837,385856,385858,2,19
385837,385852,385857,5,15
385837,385854,385858,4,17
385837,385856,385858,2,19
385837,385856,385858,2,19
385837,385854,385858,4,17
385837,385854,385859,5,17
384890,384890,385859,969,0
385837,385843,385860,17,6
385837,385846,385860,14,9
385838,385858,385860,2,20
385838,385858,385860,2,20
385837,385856,385860,4,19
385837,385856,385860,4,19
385837,385856,385860,4,19
385837,385857,385861,4,20
385837,385857,385861,4,20
385837,385854,385861,7,17
385837,385845,385859,14,8
385837,385851,385860,9,14
384893,384894,385861,967,1
384904,384904,385861,957,0
385838,385857,385862,5,19
385838,385860,385862,2,22
385838,385860,385862,2,22
385837,385848,385862,14,11
385838,385859,385862,3,21
385838,385858,385862,4,20
385838,385860,385862,2,22
385837,385857,385862,5,20
385838,385858,385862,4,20
385838,385858,385863,5,20
385838,385858,385862,4,20
385838,385860,385863,3,22
385838,385858,385862,4,20
385837,385857,385863,6,20
385838,385859,385863,4,21
385837,385856,385863,7,19
385838,385862,385864,2,24
385837,385845,385864,19,8
385838,385858,385864,6,20
385838,385858,385865,7,20
385838,385862,385864,2,24
385838,385861,385865,4,23
385838,385861,385865,4,23
385838,385861,385865,4,23
385838,385862,385865,3,24
385837,385844,385865,21,7
385838,385860,385865,5,22
384895,384895,385864,969,0
385838,385862,385864,2,24
385838,385862,385865,3,24
385838,385863,385866,3,25
385838,385863,385865,2,25
385837,385844,385865,21,7
385838,385863,385865,2,25
385838,385863,385865,2,25
385838,385863,385866,3,25
385838,385861,385865,4,23
385838,385864,385866,2,26
385838,385864,385866,2,26
385837,385841,385862,21,4
385838,385865,385868,3,27
385838,385863,385867,4,25
385838,385863,385868,5,25
385838,385865,385867,2,27
385838,385865,385868,3,27
385838,385865,385868,3,27
385838,385865,385868,3,27
385838,385866,385869,3,28
385838,385866,385869,3,28
385838,385866,385869,3,28
385838,385861,385868,7,23
385838,385866,385869,3,28
385838,385863,385869,6,25
385838,385864,385869,5,26
385838,385862,385869,7,24
385838,385867,385869,2,29
385838,385866,385869,3,28
385838,385865,385870,5,27
385838,385865,385870,5,27
385838,385865,385870,5,27
385838,385865,385870,5,27
385838,385866,385869,3,28
385838,385862,385870,8,24
385838,385862,385870,8,24
385838,385864,385870,6,26
385838,385866,385870,4,28
385838,385865,385870,5,27
385838,385868,385871,3,30
385841,385870,385871,1,29
385838,385863,385871,8,25
385838,385865,385871,6,27
385841,385869,385872,3,28
385841,385870,385872,2,29
385841,385870,385873,3,29
385838,385868,385872,4,30
385838,385866,385873,7,28
385841,385869,385873,4,28
385841,385869,385873,4,28
385841,385872,385873,1,31
385838,385868,385874,6,30
385841,385870,385874,4,29
385841,385870,385874,4,29
385841,385870,385874,4,29
385841,385869,385874,5,28
385841,385869,385874,5,28
385841,385871,385874,3,30
385841,385873,385875,2,32
385841,385869,385874,5,28
385841,385872,385875,3,31
385841,385870,385875,5,29
385841,385871,385875,4,30
385841,385869,385875,6,28
385841,385869,385875,6,28
385841,385874,385876,2,33
385841,385873,385876,3,32
385841,385874,385876,2,33
385841,385871,385877,6,30
385841,385873,385878,5,32
385841,385873,385876,3,32
385841,385875,385877,2,34
385841,385875,385877,2,34
385841,385875,385877,2,34
385841,385876,385878,2,35
385841,385876,385878,2,35
385841,385875,385877,2,34
385837,385856,385873,17,19
385841,385873,385878,5,32
385841,385875,385878,3,34
385841,385874,385878,4,33
385841,385875,385878,3,34
385841,385876,385878,2,35
385841,385871,385878,7,30
385841,385876,385879,3,35
385841,385872,385878,6,31
385841,385869,385879,10,28
385841,385874,385879,5,33
385841,385874,385879,5,33
385841,385876,385879,3,35
385841,385877,385879,2,36
385841,385876,385880,4,35
385841,385878,385880,2,37
385841,385878,385880,2,37
385841,385878,385881,3,37
385841,385878,385881,3,37
385841,385878,385880,2,37
385841,385878,385880,2,37
385841,385878,385880,2,37
385841,385878,385881,3,37
385841,385879,385882,3,38
385841,385878,385883,5,37
385841,385879,385882,3,38
385848,385881,385883,2,33
385848,385881,385883,2,33
385841,385879,385884,5,38
385848,385881,385884,3,33
385848,385881,385883,2,33
385841,385879,385884,5,38
385841,385879,385884,5,38
385841,385879,385884,5,38
385848,385881,385884,3,33
385848,385883,385885,2,35
385848,385880,385884,4,32
385848,385882,385885,3,34
385848,385883,385885,2,35
385841,385872,385884,12,31
385848,385882,385885,3,34
385841,385880,385885,5,39
385848,385881,385885,4,33
385848,385881,385885,4,33
385848,385883,385886,3,35
385848,385884,385886,2,36
385848,385883,385886,3,35
385848,385884,385887,3,36
385848,385885,385887,2,37
385848,385885,385887,2,37
385848,385885,385887,2,37
385841,385871,385887,16,30
385841,385879,385887,8,38
384897,384897,385887,990,0
385848,385884,385886,2,36
385848,385885,385887,2,37
385848,385885,385888,3,37
385848,385885,385888,3,37
385848,385885,385889,4,37
385848,385885,385888,3,37
385841,385869,385888,19,28
385848,385886,385888,2,38
385848,385886,385889,3,38
385848,385887,385889,2,39
385848,385885,385889,4,37
384902,384903,385888,985,1
385848,385887,385889,2,39
385848,385887,385889,2,39
385848,385885,385889,4,37
385838,385867,385890,23,29
385841,385878,385890,12,37
385848,385887,385890,3,39
385848,385887,385890,3,39
385848,385880,385891,11,32
385848,385881,385890,9,33
385848,385886,385890,4,38
385848,385887,385890,3,39
385841,385870,385891,21,29
385848,385888,385891,3,40
385848,385888,385891,3,40
385848,385888,385891,3,40
385848,385886,385891,5,38
385848,385880,385891,11,32
385848,385887,385891,4,39
385848,385889,385892,3,41
385848,385889,385891,2,41
385848,385887,385892,5,39
385848,385890,385892,2,42
385848,385890,385892,2,42
385848,385889,385892,3,41
385848,385889,385892,3,41
385848,385889,385892,3,41
385848,385889,385892,3,41
385848,385887,385893,6,39
385848,385891,385893,2,43
385848,385891,385893,2,43
385848,385891,385894,3,43
385848,385892,385894,2,44
385852,385893,385894,1,41
385848,385892,385894,2,44
385848,385890,385895,5,42
385848,385886,385895,9,38
385852,385893,385896,3,41
385852,385894,385896,2,42
385841,385877,385896,19,36
385848,385889,385896,7,41
385852,385893,385896,3,41
385852,385895,385896,1,43
385841,385879,385881,2,38
385852,385893,385896,3,41
385852,385894,385896,2,42
385852,385894,385896,2,42
385852,385895,385897,2,43
385838,385863,385886,23,25
385838,385865,385884,19,27
385838,385865,385885,20,27
385848,385891,385896,5,43
385852,385893,385896,3,41
385852,385892,385897,5,40
385852,385895,385897,2,43
385848,385891,385897,6,43
385848,385891,385897,6,43
385852,385892,385898,6,40
385852,385893,385899,6,41
385852,385897,385899,2,45
385852,385897,385899,2,45
385852,385897,385900,3,45
385848,385891,385900,9,43
385848,385889,385900,11,41
385848,385891,385900,9,43
385852,385893,385900,7,41
385852,385892,385900,8,40
385852,385897,385900,3,45
385852,385898,385900,2,46
385852,385897,385901,4,45
385852,385897,385900,3,45
385852,385898,385900,2,46
385852,385892,385900,8,40
385852,385897,385901,4,45
385852,385897,385901,4,45
385852,385896,385901,5,44
385852,385899,385901,2,47
385852,385897,385902,5,45
385852,385897,385902,5,45
385852,385897,385901,4,45
385852,385900,385902,2,48
385852,385900,385902,2,48
385852,385900,385902,2,48
385852,385898,385902,4,46
385852,385896,385902,6,44
385852,385901,385903,2,49
385852,385892,385903,11,40
385852,385901,385903,2,49
385852,385901,385903,2,49
385852,385901,385904,3,49
385852,385902,385904,2,50
385848,385890,385902,12,42
385848,385890,385903,13,42
385852,385902,385904,2,50
385852,385903,385905,2,51
385852,385902,385904,2,50
385852,385902,385904,2,50
385852,385902,385905,3,50
385852,385901,385905,4,49
385852,385903,385905,2,51
385852,385903,385905,2,51
385852,385901,385906,5,49
385852,385901,385906,5,49
385852,385897,385906,9,45
385852,385900,385906,6,48
385852,385901,385907,6,49
385852,385901,385906,5,49
385852,385900,385906,6,48
385852,385903,385906,3,51
385852,385901,385907,6,49
385852,385900,385907,7,48
385873,385905,385908,3,32
385873,385905,385907,2,32
385873,385906,385908,2,33
385852,385903,385908,5,51
385852,385897,385906,9,45
385852,385898,385903,5,46
385873,385905,385909,4,32
385873,385906,385909,3,33
385873,385905,385908,3,32
385873,385904,385909,5,31
385873,385906,385909,3,33
385873,385904,385910,6,31
385873,385904,385910,6,31
385873,385906,385910,4,33
385873,385906,385910,4,33
385852,385902,385910,8,50
385873,385905,385910,5,32
385873,385907,385910,3,34
385873,385908,385911,3,35
385873,385908,385912,4,35
385873,385909,385912,3,36
385873,385907,385912,5,34
385873,385907,385912,5,34
385873,385907,385913,6,34
385873,385909,385913,4,36
385873,385909,385912,3,36
385873,385909,385913,4,36
385873,385910,385912,2,37
385873,385908,385912,4,35
385873,385910,385913,3,37
385873,385911,385914,3,38
385873,385911,385914,3,38
385873,385910,385914,4,37
385852,385900,385914,14,48
385873,385910,385914,4,37
385852,385909,385914,5,57
385873,385911,385915,4,38
385873,385912,385914,2,39
385873,385912,385915,3,39
385873,385910,385915,5,37
385873,385908,385915,7,35
385873,385911,385915,4,38
385873,385913,385916,3,40
385873,385913,385916,3,40
385873,385913,385916,3,40
385873,385913,385916,3,40
385873,385913,385916,3,40
385873,385907,385916,9,34
385873,385913,385916,3,40
385873,385916,385917,1,43
385873,385913,385917,4,40
385873,385915,385917,2,42
385873,385914,385918,4,41
385873,385909,385915,6,36
385873,385908,385918,10,35
385873,385916,385918,2,43
385873,385907,385918,11,34
385873,385913,385919,6,40
385873,385915,385918,3,42
385873,385916,385919,3,43
385873,385915,385920,5,42
385873,385917,385919,2,44
385873,385917,385919,2,44
385873,385915,385920,5,42
385873,385916,385919,3,43
385873,385917,385920,3,44
385873,385917,385919,2,44
385873,385915,385921,6,42
385873,385916,385920,4,43
385873,385920,385921,1,47
385873,385919,385921,2,46
385873,385904,385921,17,31
385873,385916,385920,4,43
385873,385904,385922,18,31
385873,385919,385922,3,46
385873,385919,385922,3,46
385873,385920,385922,2,47
385873,385917,385923,6,44
385873,385918,385923,5,45
385873,385920,385923,3,47
385873,385907,385924,17,34
385873,385918,385924,6,45
385873,385920,385924,4,47
385873,385918,385924,6,45
385873,385920,385924,4,47
385873,385919,385925,6,46
385873,385917,385925,8,44
385873,385920,385925,5,47
385873,385922,385925,3,49
385873,385922,385926,4,49
385873,385913,385925,12,40
385873,385919,385926,7,46
385873,385919,385926,7,46
385873,385923,385927,4,50
385873,385922,385927,5,49
385873,385923,385927,4,50
385873,385924,385927,3,51
385873,385926,385928,2,53
385873,385924,385928,4,51
385873,385925,385927,2,52
385873,385925,385927,2,52
385873,385925,385928,3,52
385873,385925,385928,3,52
385873,385920,385929,9,47
385873,385922,385928,6,49
385873,385921,385928,7,48
385873,385921,385929,8,48
385873,385927,385929,2,54
385873,385926,385928,2,53
385873,385918,385930,12,45
385873,385925,385929,4,52
385873,385926,385929,3,53
385873,385928,385930,2,55
385873,385928,385930,2,55
385873,385928,385930,2,55
385873,385922,385930,8,49
385873,385928,385930,2,55
385873,385928,385930,2,55
385873,385927,385931,4,54
385873,385928,385931,3,55
385873,385928,385930,2,55
385873,385928,385931,3,55
385873,385925,385932,7,52
385873,385926,385932,6,53
385873,385929,385931,2,56
385873,385930,385932,2,57
385873,385930,385932,2,57
385873,385929,385931,2,56
385873,385930,385932,2,57
385873,385919,385932,13,46
385873,385929,385932,3,56
385873,385929,385934,5,56
385873,385931,385934,3,58
385873,385930,385934,4,57
385873,385930,385934,4,57
385873,385930,385934,4,57
385873,385919,385934,15,46
385873,385931,385934,3,58
385852,385897,385911,14,45
385873,385929,385934,5,56
385873,385931,385935,4,58
385873,385924,385934,10,51
385873,385929,385935,6,56
385873,385929,385936,7,56
385873,385932,385936,4,59
385873,385931,385935,4,58
385873,385930,385936,6,57
385873,385932,385937,5,59
385873,385931,385937,6,58
385873,385922,385938,16,49
385873,385931,385937,6,58
385873,385932,385938,6,59
385873,385932,385939,7,59
385873,385932,385940,8,59
385873,385932,385940,8,59
385873,385937,385941,4,64
385873,385933,385942,9,60
385873,385935,385941,6,62
385873,385940,385942,2,67
385873,385937,385942,5,64
385873,385939,385942,3,66
385873,385934,385942,8,61
385873,385941,385943,2,68
385873,385941,385943,2,68
385873,385935,385943,8,62
385873,385939,385944,5,66
385852,385897,385938,41,45
385852,385897,385938,41,45
385873,385908,385940,32,35
385873,385935,385942,7,62
385873,385922,385943,21,49
385873,385942,385944,2,69
385873,385936,385944,8,63
385873,385942,385944,2,69
385873,385936,385944,8,63
385873,385943,385945,2,70
385873,385943,385944,1,70
385873,385935,385944,9,62
385873,385938,385945,7,65
385873,385942,385944,2,69
385873,385944,385945,1,71
385873,385943,385946,3,70
385873,385945,385946,1,72
385873,385944,385946,2,71
385873,385945,385947,2,72
385873,385944,385946,2,71
385873,385944,385946,2,71
385873,385938,385947,9,65
385873,385934,385947,13,61
385873,385944,385946,2,71
385873,385945,385947,2,72
385873,385946,385947,1,73
385873,385945,385947,2,72
385873,385945,385947,2,72
385873,385945,385948,3,72
385873,385944,385949,5,71
385873,385934,385948,14,61
385873,385945,385949,4,72
385873,385936,385949,13,63
385873,385932,385949,17,59
385873,385946,385949,3,73
385873,385947,385949,2,74
385873,385947,385949,2,74
385873,385947,385949,2,74
385873,385933,385950,17,60
385873,385934,385949,15,61
385873,385948,385950,2,75
385873,385948,385951,3,75
385873,385947,385951,4,74
385873,385947,385951,4,74
385873,385947,385951,4,74
385873,385948,385952,4,75
385873,385948,385952,4,75
385873,385944,385950,6,71
385873,385936,385951,15,63
385873,385935,385952,17,62
385873,385932,385955,23,59
385873,385950,385955,5,77
385873,385944,385952,8,71
385873,385948,385956,8,75
385873,385949,385956,7,76
385873,385940,385950,10,67
385873,385950,385956,6,77
385873,385949,385957,8,76
385873,385944,385953,9,71
385873,385953,385958,5,80
385873,385944,385958,14,71
385873,385947,385959,12,74
385873,385951,385959,8,78
385873,385957,385959,2,84
385873,385949,385960,11,76
385873,385951,385960,9,78
385873,385956,385959,3,83
385873,385950,385959,9,77
385873,385953,385959,6,80
385873,385957,385959,2,84
385873,385934,385960,26,61
385873,385934,385960,26,61
385873,385945,385960,15,72
385873,385956,385960,4,83
385873,385957,385960,3,84
385873,385958,385960,2,85
385873,385957,385961,4,84
385873,385960,385961,1,87
385873,385951,385962,11,78
385873,385951,385961,10,78
385873,385960,385961,1,87
385873,385960,385962,2,87
385873,385960,385962,2,87
385873,385960,385962,2,87
385873,385960,385962,2,87
385873,385960,385962,2,87
385873,385949,385962,13,76
385873,385960,385962,2,87
385873,385958,385962,4,85
385873,385958,385962,4,85
385873,385959,385962,3,86
385873,385949,385963,14,76
385873,385961,385963,2,88
385873,385951,385963,12,78
385873,385962,385964,2,89
385873,385962,385964,2,89
385873,385961,385963,2,88
385873,385960,385964,4,87
385873,385962,385964,2,89
385873,385962,385964,2,89
385873,385962,385964,2,89
385873,385963,385965,2,90
385873,385959,385965,6,86
385873,385947,385965,18,74
385873,385960,385965,5,87
385873,385960,385965,5,87
385873,385963,385965,2,90
385873,385961,385966,5,88
385873,385963,385966,3,90
385875,385964,385968,4,89
385873,385962,385968,6,89
385875,385964,385968,4,89
385875,385964,385968,4,89
385875,385964,385968,4,89
385873,385963,385967,4,90
385875,385965,385968,3,90
385873,385949,385968,19,76
385873,385953,385967,14,80
385875,385965,385969,4,90
385875,385964,385969,5,89
385875,385965,385969,4,90
385873,385953,385969,16,80
385875,385965,385970,5,90
385873,385955,385970,15,82
385873,385963,385966,3,90
385873,385963,385966,3,90
385875,385966,385971,5,91
385873,385953,385970,17,80
385873,385968,385972,4,95
385875,385968,385972,4,93
385875,385966,385972,6,91
385875,385965,385973,8,90
385875,385968,385972,4,93
385875,385968,385973,5,93
385875,385968,385974,6,93
385875,385964,385973,9,89
385875,385966,385973,7,91
385875,385966,385973,7,91
385875,385971,385974,3,96
385875,385968,385974,6,93
385875,385972,385974,2,97
385875,385968,385974,6,93
385875,385969,385975,6,94
385875,385973,385975,2,98
385875,385970,385975,5,95
385875,385970,385975,5,95
385875,385973,385975,2,98
385875,385974,385976,2,99
385875,385973,385975,2,98
385875,385973,385975,2,98
385875,385966,385976,10,91
385875,385974,385976,2,99
385875,385974,385976,2,99
385875,385975,385977,2,100
385875,385975,385977,2,100
385875,385975,385977,2,100
385875,385974,385977,3,99
385875,385974,385978,4,99
385875,385965,385975,10,90
385875,385974,385978,4,99
385875,385977,385978,1,102
385875,385976,385978,2,101
385875,385976,385978,2,101
385875,385976,385978,2,101
385875,385976,385978,2,101
385875,385974,385978,4,99
385873,385957,385978,21,84
385875,385976,385978,2,101
385875,385976,385978,2,101
385875,385968,385979,11,93
385875,385978,385979,1,103
385875,385977,385979,2,102
385873,385950,385980,30,77
385875,385978,385980,2,103
385875,385979,385980,1,104
385875,385976,385981,5,101
385875,385971,385981,10,96
385875,385978,385982,4,103
385875,385978,385981,3,103
385875,385979,385981,2,104
385875,385968,385978,10,93
385875,385978,385982,4,103
385875,385979,385983,4,104
385875,385979,385982,3,104
385875,385971,385982,11,96
385875,385977,385983,6,102
385875,385978,385983,5,103
385875,385979,385983,4,104
385875,385979,385984,5,104
385875,385979,385986,7,104
385875,385982,385987,5,107
385873,385963,385972,9,90
385873,385963,385987,24,90
385875,385971,385987,16,96
385875,385980,385987,7,105
385875,385981,385987,6,106
385875,385981,385988,7,106
385875,385982,385987,5,107
385875,385983,385988,5,108
385875,385983,385988,5,108
385875,385978,385988,10,103
385875,385979,385988,9,104
385875,385968,385989,21,93
385875,385980,385990,10,105
385875,385972,385990,18,97
385875,385970,385990,20,95
385875,385988,385990,2,113
385875,385988,385990,2,113
385875,385988,385991,3,113
385875,385988,385991,3,113
385875,385988,385990,2,113
385875,385982,385991,9,107
385875,385981,385991,10,106
385875,385988,385991,3,113
385875,385989,385992,3,114
385875,385991,385993,2,116
385875,385991,385993,2,116
385875,385983,385993,10,108
385875,385989,385993,4,114
385875,385991,385993,2,116
385875,385990,385993,3,115
385875,385983,385993,10,108
385875,385992,385994,2,117
385875,385982,385993,11,107
385875,385984,385993,9,109
385875,385991,385993,2,116
385875,385991,385993,2,116
385875,385986,385993,7,111
385875,385982,385994,12,107
385875,385971,385989,18,96
385875,385993,385995,2,118
385875,385984,385994,10,109
385875,385987,385995,8,112
385875,385992,385995,3,117
385875,385992,385995,3,117
385875,385991,385995,4,116
385875,385993,385995,2,118
385875,385994,385996,2,119
385875,385993,385996,3,118
385875,385994,385996,2,119
385875,385993,385996,3,118
385875,385993,385996,3,118
385875,385982,385997,15,107
385875,385993,385997,4,118
385875,385993,385997,4,118
385875,385995,385997,2,120
385875,385980,385996,16,105
385875,385994,385996,2,119
385875,385994,385997,3,119
385875,385994,385997,3,119
385875,385991,385995,4,116
385875,385995,385998,3,120
385875,385994,385998,4,119
385875,385995,385998,3,120
385875,385993,385998,5,118
385875,385984,385998,14,109
385875,385981,385999,18,106
385875,385995,386000,5,120
385920,385996,386000,4,76
385920,385996,386000,4,76
385920,385996,386000,4,76
385920,385996,386001,5,76
385920,385997,386001,4,77
385920,385996,386002,6,76
385875,385982,386000,18,107
385875,385990,386001,11,115
385920,385997,386002,5,77
385920,385997,386002,5,77
385920,385997,386003,6,77
385920,385999,386003,4,79
385875,385988,385998,10,113
385920,385996,386003,7,76
385920,385996,386005,9,76
385920,386003,386006,3,83
385920,385997,386006,9,77
385920,385997,386005,8,77
385920,386003,386005,2,83
385920,386003,386006,3,83
385920,386004,386007,3,84
385920,386001,386007,6,81
385920,386006,386008,2,86
385920,386004,386007,3,84
385920,385997,386008,11,77
385920,386006,386008,2,86
385920,385998,386008,10,78
385920,386006,386008,2,86
385920,385998,386009,11,78
385920,386007,386009,2,87
385920,386007,386009,2,87
385920,386002,386009,7,82
385920,386002,386009,7,82
385920,386008,386010,2,88
385920,386008,386010,2,88
385920,386006,386009,3,86
385920,386008,386010,2,88
385920,386006,386011,5,86
385920,386000,386010,10,80
385920,385997,386011,14,77
385920,386009,386011,2,89
385920,386003,386009,6,83
385875,385988,386008,20,113
385875,385988,386011,23,113
385920,385998,386010,12,78
385920,386008,386012,4,88
385920,386000,386012,12,80
385920,386010,386012,2,90
385920,386010,386012,2,90
385920,386010,386012,2,90
385920,385999,386012,13,79
385920,386010,386012,2,90
385920,386010,386012,2,90
385920,386010,386013,3,90
385920,386010,386012,2,90
385920,386008,386013,5,88
385920,386009,386013,4,89
385920,386012,386013,1,92
385920,386002,386014,12,82
385920,385999,386014,15,79
385920,385997,386014,17,77
385920,386010,386014,4,90
385920,386012,386015,3,92
385920,386012,386014,2,92
385920,386011,386015,4,91
385920,386013,386015,2,93
385920,386012,386016,4,92
385920,386013,386016,3,93
385920,386013,386016,3,93
385920,386013,386016,3,93
385920,386009,386017,8,89
385920,386013,386017,4,93
385920,386014,386017,3,94
385920,386000,386018,18,80
385920,386000,386017,17,80
385920,386004,386018,14,84
385920,386012,386018,6,92
385920,386013,386018,5,93
385920,386013,386017,4,93
385920,386003,386017,14,83
385920,386012,386021,9,92
385920,386012,386020,8,92
385920,386013,386020,7,93
385920,386013,386021,8,93
385920,386018,386022,4,98
385920,386018,386022,4,98
385920,386013,386022,9,93
385920,386015,386023,8,95
385920,386017,386023,6,97
385920,386018,386023,5,98
385920,386021,386023,2,101
385920,386018,386024,6,98
385920,386018,386023,5,98
385920,386013,386020,7,93
385920,386021,386024,3,101
385920,386022,386024,2,102
385920,386015,386024,9,95
385920,386017,386024,7,97
385920,386022,386025,3,102
385920,386015,386025,10,95
385920,386022,386025,3,102
385920,386024,386026,2,104
385920,386023,386025,2,103
385920,386014,386026,12,94
385920,386023,386026,3,103
385920,386025,386026,1,105
385920,386015,386026,11,95
385920,386025,386027,2,105
385920,386014,386027,13,94
385920,386022,386027,5,102
385920,386024,386027,3,104
385920,386026,386028,2,106
385920,386017,386028,11,97
385920,386026,386028,2,106
385920,386025,386028,3,105
385920,386016,386028,12,96
385920,386027,386029,2,107
385920,386017,386028,11,97
385920,386026,386029,3,106
385920,386018,386029,11,98
385920,386018,386029,11,98
385920,386027,386029,2,107
385920,386027,386029,2,107
385920,386026,386030,4,106
385920,386028,386030,2,108
385920,386028,386030,2,108
385920,386026,386030,4,106
385920,386027,386031,4,107
385920,386028,386030,2,108
385920,386026,386031,5,106
385920,386027,386031,4,107
385920,386029,386031,2,109
385920,386029,386032,3,109
385920,386012,386029,17,92
385920,386027,386032,5,107
385920,386029,386032,3,109
385920,386024,386033,9,104
385920,386016,386034,18,96
385920,386019,386037,18,99
385920,386016,386040,24,96
385920,386021,386024,3,101
385920,386017,386050,33,97
385920,386024,386055,31,104
385920,386024,386056,32,104
385920,386024,386056,32,104
384905,384905,386376,1471,0
386377,386377,386381,4,0
386377,386377,386381,4,0
386377,386377,386382,5,0
386377,386377,386382,5,0
386377,386377,386382,5,0
386377,386377,386383,6,0
384900,384900,386385,1485,0
386377,386377,386385,8,0
386377,386377,386386,9,0
386377,386381,386386,5,4
386377,386382,386386,4,5
386377,386377,386388,11,0
386377,386382,386388,6,5
386377,386382,386388,6,5
386377,386386,386388,2,9
386377,386377,386389,12,0
386377,386385,386389,4,8
386377,386381,386389,8,4
386377,386386,386389,3,9
386377,386383,386389,6,6
386377,386377,386390,13,0
386377,386386,386390,4,9
386377,386377,386390,13,0
386377,386377,386390,13,0
386377,386377,386391,14,0
386377,386377,386391,14,0
386377,386389,386391,2,12
386377,386389,386391,2,12
386377,386389,386391,2,12
386377,386388,386391,3,11
386377,386377,386392,15,0
386377,386377,386392,15,0
386377,386377,386392,15,0
386377,386389,386392,3,12
386377,386377,386392,15,0
386377,386390,386392,2,13
386377,386385,386393,8,8
386377,386377,386393,16,0
386377,386391,386393,2,14
386377,386389,386393,4,12
386377,386391,386394,3,14
386377,386390,386394,4,13
386377,386377,386394,17,0
386377,386392,386394,2,15
386377,386392,386394,2,15
386377,386391,386394,3,14
386377,386377,386395,18,0
386377,386392,386395,3,15
386377,386392,386395,3,15
386377,386389,386393,4,12
386377,386388,386396,8,11
386377,386393,386395,2,16
386377,386392,386396,4,15
386377,386393,386396,3,16
386377,386393,386397,4,16
386377,386377,386397,20,0
386377,386395,386397,2,18
386377,386394,386398,4,17
386377,386394,386398,4,17
386377,386377,386395,18,0
386377,386377,386398,21,0
386377,386393,386397,4,16
386377,386395,386398,3,18
386377,386393,386398,5,16
386377,386394,386399,5,17
386387,386395,386400,5,8
386387,386396,386400,4,9
386387,386396,386401,5,9
386387,386397,386402,5,10
386387,386398,386402,4,11
386377,386391,386403,12,14
386387,386397,386403,6,10
384891,384891,386403,1512,0
386387,386397,386404,7,10
386387,386399,386405,6,12
386387,386398,386405,7,11
386387,386397,386406,9,10
386387,386398,386406,8,11
386387,386399,386406,7,12
386387,386398,386407,9,11
386387,386397,386408,11,10
386387,386400,386409,9,13
386387,386401,386409,8,14
386377,386391,386410,19,14
386377,386393,386410,17,16
386387,386406,386410,4,19
386387,386404,386410,6,17
386387,386402,386411,9,15
386387,386401,386412,11,14
386387,386407,386413,6,20
386387,386410,386412,2,23
386377,386393,386406,13,16
386377,386395,386411,16,18
386387,386403,386412,9,16
386387,386398,386413,15,11
386387,386399,386413,14,12
386387,386403,386413,10,16
386387,386411,386413,2,24
386387,386411,386414,3,24
386387,386410,386414,4,23
386387,386407,386414,7,20
386387,386412,386414,2,25
386387,386413,386415,2,26
386387,386407,386415,8,20
386387,386413,386415,2,26
386387,386408,386416,8,21
386387,386409,386416,7,22
386387,386404,386413,9,17
386377,386394,386414,20,17
386387,386413,386415,2,26
386387,386413,386417,4,26
386387,386414,386417,3,27
386387,386406,386416,10,19
386387,386413,386418,5,26
386387,386414,386417,3,27
386387,386414,386418,4,27
386387,386414,386418,4,27
386387,386415,386418,3,28
386387,386415,386417,2,28
386387,386413,386417,4,26
386387,386415,386418,3,28
386387,386416,386418,2,29
386387,386416,386419,3,29
386387,386410,386419,9,23
386387,386404,386419,15,17
386387,386417,386420,3,30
386387,386416,386419,3,29
386387,386416,386419,3,29
386387,386418,386420,2,31
386387,386415,386422,7,28
386387,386416,386422,6,29
386405,386418,386422,4,13
386405,386418,386422,4,13
386387,386414,386419,5,27
386387,386416,386423,7,29
386387,386416,386423,7,29
386387,386418,386422,4,31
386387,386398,386423,25,11
386387,386410,386423,13,23
384876,384876,386423,1547,0
386387,386404,386424,20,17
386387,386417,386424,7,30
386405,386420,386425,5,15
386405,386419,386425,6,14
386387,386418,386423,5,31
386387,386418,386425,7,31
386405,386421,386428,7,16
386405,386422,386427,5,17
386405,386419,386428,9,14
386405,386422,386429,7,17
386405,386420,386429,9,15
386405,386420,386429,9,15
386405,386420,386429,9,15
386405,386418,386429,11,13
386405,386419,386430,11,14
386405,386425,386431,6,20
386405,386429,386433,4,24
386405,386429,386432,3,24
386405,386428,386432,4,23
386405,386431,386433,2,26
386405,386428,386434,6,23
386405,386426,386434,8,21
386405,386429,386433,4,24
386405,386423,386434,11,18
386405,386424,386434,10,19
386405,386425,386434,9,20
386405,386422,386435,13,17
386405,386422,386434,12,17
386405,386433,386435,2,28
386405,386433,386435,2,28
386405,386433,386435,2,28
386405,386434,386437,3,29
386405,386425,386436,11,20
386405,386430,386436,6,25
386405,386433,386436,3,28
386405,386434,386438,4,29
386405,386435,386438,3,30
386405,386435,386439,4,30
386405,386435,386439,4,30
386405,386429,386439,10,24
386405,386437,386439,2,32
386387,386398,386436,38,11
386405,386419,386436,17,14
386405,386436,386439,3,31
386405,386431,386439,8,26
386405,386434,386439,5,29
386405,386435,386439,4,30
386405,386435,386439,4,30
386405,386435,386439,4,30
386405,386437,386440,3,32
386405,386431,386440,9,26
386405,386438,386441,3,33
386405,386438,386440,2,33
386405,386427,386441,14,22
386405,386439,386442,3,34
386405,386439,386442,3,34
386405,386440,386442,2,35
386405,386440,386442,2,35
386405,386440,386442,2,35
386405,386437,386442,5,32
386405,386437,386443,6,32
386405,386439,386443,4,34
386405,386439,386443,4,34
386405,386439,386443,4,34
386405,386439,386443,4,34
386433,386442,386446,4,9
386433,386443,386445,2,10
386433,386441,386446,5,8
386433,386443,386445,2,10
386433,386443,386445,2,10
386433,386443,386445,2,10
386433,386440,386445,5,7
386433,386441,386446,5,8
386433,386442,386446,4,9
386405,386439,386447,8,34
386433,386446,386447,1,13
386433,386446,386447,1,13
386405,386423,386447,24,18
386433,386444,386448,4,11
386433,386446,386448,2,13
386433,386443,386448,5,10
386433,386443,386448,5,10
386433,386443,386447,4,10
386433,386446,386449,3,13
386433,386446,386449,3,13
386433,386448,386450,2,15
386433,386448,386450,2,15
386433,386448,386451,3,15
386433,386449,386451,2,16
386433,386450,386452,2,17
386433,386449,386452,3,16
386433,386451,386452,1,18
386405,386427,386450,23,22
386433,386442,386452,10,9
386433,386448,386453,5,15
386433,386448,386453,5,15
386433,386452,386453,1,19
386433,386451,386454,3,18
386433,386448,386454,6,15
386433,386451,386454,3,18
386433,386453,386454,1,20
386433,386448,386454,6,15
386433,386453,386455,2,20
386433,386454,386456,2,21
386433,386446,386456,10,13
386433,386446,386456,10,13
386433,386446,386456,10,13
386433,386440,386457,17,7
386433,386454,386457,3,21
386433,386453,386457,4,20
386433,386455,386457,2,22
386433,386455,386457,2,22
386433,386448,386454,6,15
386433,386454,386458,4,21
386433,386456,386458,2,23
386433,386456,386458,2,23
386433,386446,386459,13,13
386433,386456,386459,3,23
386433,386453,386460,7,20
386433,386455,386460,5,22
386405,386423,386460,37,18
386405,386423,386460,37,18
386433,386443,386460,17,10
386433,386458,386461,3,25
386433,386458,386460,2,25
386433,386444,386461,17,11
386433,386459,386461,2,26
386433,386457,386461,4,24
386433,386457,386462,5,24
386433,386457,386462,5,24
386433,386459,386462,3,26
386433,386459,386462,3,26
386433,386457,386463,6,24
386433,386453,386464,11,20
386433,386459,386464,5,26
386433,386459,386465,6,26
386433,386459,386464,5,26
384881,384881,386465,1584,0
384886,384886,386465,1579,0
386405,386423,386437,14,18
386405,386423,386440,17,18
386466,386466,386469,3,0
386466,386466,386469,3,0
386466,386466,386470,4,0
386466,386466,386470,4,0
386466,386466,386470,4,0
386466,386466,386470,4,0
386466,386466,386470,4,0
386466,386466,386470,4,0
386466,386466,386471,5,0
386466,386466,386472,6,0
386466,386466,386472,6,0
386466,386466,386471,5,0
386466,386466,386471,5,0
386466,386466,386472,6,0
386433,386447,386472,25,14
386405,386469,386473,4,64
386466,386470,386473,3,4
386466,386471,386473,2,5
386466,386471,386473,2,5
386466,386470,386474,4,4
386433,386453,386474,21,20
386466,386470,386474,4,4
386466,386466,386474,8,0
386466,386466,386474,8,0
386466,386470,386474,4,4
386466,386474,386476,2,8
386466,386466,386475,9,0
386466,386472,386476,4,6
386466,386473,386476,3,7
386466,386471,386477,6,5
386466,386474,386476,2,8
386466,386471,386477,6,5
386466,386474,386478,4,8
386466,386474,386477,3,8
386466,386475,386477,2,9
386466,386474,386478,4,8
386466,386472,386477,5,6
386466,386466,386475,9,0
386466,386475,386478,3,9
386466,386476,386478,2,10
386466,386477,386479,2,11
386466,386475,386479,4,9
386466,386476,386479,3,10
386466,386477,386479,2,11
386466,386476,386480,4,10
386433,386458,386480,22,25
386466,386479,386481,2,13
386466,386479,386481,2,13
386466,386471,386481,10,5
386466,386478,386481,3,12
386466,386477,386481,4,11
386466,386473,386480,7,7
386466,386471,386482,11,5
386466,386478,386482,4,12
386466,386478,386482,4,12
386466,386477,386482,5,11
386466,386475,386482,7,9
386466,386480,386482,2,14
386466,386479,386483,4,13
386466,386472,386483,11,6
386466,386472,386483,11,6
386466,386479,386483,4,13
386466,386472,386483,11,6
386466,386481,386483,2,15
386466,386481,386483,2,15
386466,386478,386483,5,12
386466,386479,386483,4,13
386466,386480,386484,4,14
386466,386466,386484,18,0
386466,386475,386485,10,9
386467,386484,386485,1,17
386467,386484,386486,2,17
386466,386466,386486,20,0
386466,386478,386485,7,12
386467,386484,386486,2,17
386466,386481,386486,5,15
386467,386483,386486,3,16
386467,386484,386488,4,17
386467,386484,386487,3,17
386467,386482,386488,6,15
386467,386486,386489,3,19
386467,386486,386489,3,19
386467,386484,386488,4,17
386467,386483,386490,7,16
386467,386484,386490,6,17
386467,386485,386490,5,18
386467,386487,386492,5,20
386467,386485,386492,7,18
386467,386489,386492,3,22
386467,386487,386492,5,20
386467,386489,386493,4,22
386467,386489,386492,3,22
386467,386483,386493,10,16
386467,386492,386494,2,25
386467,386488,386495,7,21
386467,386484,386494,10,17
386467,386484,386494,10,17
386467,386492,386494,2,25
386467,386482,386494,12,15
386467,386489,386495,6,22
386467,386493,386495,2,26
386467,386486,386494,8,19
386467,386493,386495,2,26
386467,386493,386496,3,26
386467,386494,386496,2,27
386467,386483,386496,13,16
386467,386488,386496,8,21
386467,386495,386497,2,28
386467,386487,386496,9,20
386467,386494,386498,4,27
386467,386495,386498,3,28
386467,386482,386498,16,15
386467,386490,386498,8,23
386467,386495,386499,4,28
386467,386496,386498,2,29
386467,386495,386499,4,28
386467,386495,386499,4,28
386467,386496,386499,3,29
386467,386495,386499,4,28
386467,386496,386499,3,29
386467,386486,386499,13,19
386467,386491,386499,8,24
386467,386495,386500,5,28
386467,386497,386500,3,30
386467,386496,386500,4,29
386467,386498,386501,3,31
386467,386499,386501,2,32
386467,386497,386502,5,30
386467,386498,386502,4,31
386467,386491,386501,10,24
386467,386492,386501,9,25
386467,386497,386502,5,30
386467,386500,386503,3,33
386467,386499,386503,4,32
386467,386499,386503,4,32
386467,386486,386503,17,19
386467,386498,386504,6,31
386467,386500,386504,4,33
386467,386500,386503,3,33
386467,386482,386511,29,15
386467,386499,386512,13,32
386467,386500,386512,12,33
386466,386478,386534,56,12
386467,386483,386542,59,16
385821,385840,386822,982,19
386825,386825,386828,3,0
386825,386825,386829,4,0
386825,386825,386829,4,0
386825,386825,386830,5,0
386825,386825,386830,5,0
386825,386825,386831,6,0
386825,386825,386832,7,0
385840,385869,386833,964,29
386825,386825,386833,8,0
386825,386829,386834,5,4
386825,386831,386835,4,6
386825,386825,386835,10,0
386825,386825,386835,10,0
386825,386832,386836,4,7
386825,386825,386835,10,0
386825,386833,386835,2,8
385838,385868,386836,968,30
386825,386825,386837,12,0
386825,386831,386836,5,6
386825,386835,386837,2,10
386825,386835,386837,2,10
386825,386830,386837,7,5
386825,386830,386837,7,5
386825,386825,386837,12,0
386825,386825,386837,12,0
386825,386833,386837,4,8
386825,386836,386838,2,11
386825,386825,386838,13,0
386825,386837,386839,2,12
386825,386837,386839,2,12
386825,386834,386838,4,9
386825,386837,386839,2,12
386825,386837,386839,2,12
386825,386825,386839,14,0
386825,386836,386839,3,11
386825,386836,386839,3,11
386825,386836,386840,4,11
386825,386838,386840,2,13
386825,386825,386840,15,0
386825,386838,386840,2,13
386825,386836,386840,4,11
386825,386825,386840,15,0
386825,386838,386840,2,13
386825,386839,386841,2,14
386825,386825,386840,15,0
386825,386839,386841,2,14
386825,386839,386841,2,14
386825,386825,386839,14,0
386825,386825,386841,16,0
386825,386839,386841,2,14
386825,386838,386842,4,13
386825,386840,386842,2,15
386825,386837,386842,5,12
386825,386839,386843,4,14
386825,386841,386844,3,16
386825,386841,386843,2,16
386825,386841,386843,2,16
386825,386840,386844,4,15
386825,386839,386843,4,14
386825,386840,386844,4,15
386825,386841,386844,3,16
386825,386840,386844,4,15
386825,386825,386842,17,0
386825,386825,386844,19,0
386825,386841,386846,5,16
386825,386840,386846,6,15
386833,386841,386846,5,8
386825,386838,386846,8,13
385853,385904,386846,942,51
386825,386841,386846,5,16
386825,386841,386847,6,16
386833,386844,386848,4,11
386833,386842,386848,6,9
386833,386842,386848,6,9
386833,386844,386848,4,11
386833,386842,386850,8,9
386833,386844,386850,6,11
386833,386842,386851,9,9
386833,386848,386851,3,15
386825,386825,386848,23,0
386825,386825,386850,25,0
386833,386849,386852,3,16
386833,386846,386852,6,13
386833,386844,386852,8,11
386833,386848,386852,4,15
386833,386844,386853,9,11
386833,386851,386853,2,18
386833,386844,386853,9,11
386833,386842,386853,11,9
386833,386852,386854,2,19
386833,386847,386854,7,14
386833,386852,386854,2,19
386833,386852,386854,2,19
386833,386851,386855,4,18
386833,386853,386855,2,20
386833,386850,386855,5,17
386833,386848,386854,6,15
386833,386851,386855,4,18
386833,386852,386855,3,19
386833,386854,386855,1,21
386833,386854,386856,2,21
386825,386838,386856,18,13
386833,386855,386857,2,22
386833,386853,386856,3,20
386833,386847,386857,10,14
386833,386844,386857,13,11
386833,386853,386857,4,20
386833,386855,386857,2,22
386833,386854,386856,2,21
386833,386856,386857,1,23
386833,386856,386857,1,23
386833,386855,386858,3,22
386833,386854,386857,3,21
386833,386855,386857,2,22
386833,386845,386859,14,12
386833,386855,386859,4,22
386833,386856,386858,2,23
386833,386841,386857,16,8
386833,386846,386859,13,13
386833,386848,386859,11,15
386833,386854,386859,5,21
386833,386845,386860,15,12
386833,386855,386859,4,22
386833,386857,386859,2,24
386833,386857,386860,3,24
386833,386858,386860,2,25
386833,386858,386860,2,25
386833,386845,386861,16,12
386833,386857,386860,3,24
386833,386858,386860,2,25
386833,386857,386861,4,24
386833,386846,386860,14,13
386833,386857,386861,4,24
386833,386857,386861,4,24
386833,386858,386861,3,25
386833,386845,386861,16,12
386833,386857,386861,4,24
386833,386846,386862,16,13
386833,386855,386862,7,22
386833,386859,386864,5,26
386838,386861,386865,4,23
386838,386860,386864,4,22
386833,386856,386864,8,23
386838,386861,386865,4,23
386833,386858,386866,8,25
386838,386860,386865,5,22
386838,386860,386868,8,22
386838,386861,386868,7,23
386838,386860,386868,8,22
386838,386860,386869,9,22
386838,386860,386869,9,22
386838,386861,386869,8,23
386838,386860,386870,10,22
386838,386867,386870,3,29
386838,386869,386871,2,31
386838,386866,386872,6,28
386838,386870,386872,2,32
386838,386865,386871,6,27
386838,386861,386873,12,23
386838,386865,386873,8,27
386838,386862,386873,11,24
386838,386868,386873,5,30
386838,386871,386873,2,33
386838,386872,386874,2,34
386838,386872,386874,2,34
386838,386869,386873,4,31
386838,386869,386874,5,31
386838,386872,386874,2,34
386838,386872,386875,3,34
386838,386860,386873,13,22
386838,386863,386873,10,25
386838,386874,386876,2,36
386838,386874,386876,2,36
386838,386874,386876,2,36
386838,386869,386875,6,31
386838,386863,386876,13,25
386838,386874,386876,2,36
386838,386870,386877,7,32
386838,386873,386877,4,35
386838,386864,386877,13,26
386838,386861,386877,16,23
386838,386874,386877,3,36
386838,386874,386877,3,36
386838,386875,386877,2,37
386838,386876,386878,2,38
386838,386876,386878,2,38
386838,386874,386878,4,36
386838,386875,386877,2,37
386838,386861,386878,17,23
386838,386874,386878,4,36
386838,386876,386878,2,38
386838,386862,386878,16,24
386838,386877,386879,2,39
386838,386861,386880,19,23
386838,386876,386880,4,38
386838,386878,386880,2,40
386838,386875,386881,6,37
386838,386877,386881,4,39
386838,386877,386881,4,39
386838,386879,386881,2,41
386838,386879,386881,2,41
386838,386875,386882,7,37
386838,386878,386882,4,40
386838,386878,386882,4,40
386838,386878,386883,5,40
386833,386859,386862,3,26
386848,386879,386882,3,31
386838,386877,386883,6,39
386838,386866,386883,17,28
386848,386880,386883,3,32
386838,386876,386882,6,38
386838,386878,386884,6,40
386848,386879,386885,6,31
386838,386861,386886,25,23
386838,386861,386886,25,23
386848,386881,386886,5,33
386848,386878,386887,9,30
386848,386879,386887,8,31
386838,386866,386884,18,28
386848,386883,386888,5,35
386848,386880,386888,8,32
386848,386884,386888,4,36
386848,386883,386888,5,35
386848,386882,386889,7,34
386848,386887,386889,2,39
386848,386888,386890,2,40
386848,386882,386891,9,34
386848,386889,386891,2,41
386848,386888,386891,3,40
386848,386889,386891,2,41
386848,386888,386892,4,40
386848,386890,386892,2,42
386848,386884,386893,9,36
386848,386886,386893,7,38
386848,386880,386893,13,32
386848,386891,386893,2,43
386848,386891,386893,2,43
386848,386883,386893,10,35
386848,386891,386893,2,43
386848,386892,386894,2,44
386848,386888,386894,6,40
386848,386888,386895,7,40
386848,386894,386895,1,46
386848,386894,386895,1,46
386848,386882,386895,13,34
386848,386892,386895,3,44
386848,386893,386895,2,45
386848,386893,386896,3,45
386848,386884,386896,12,36
386848,386893,386897,4,45
386848,386894,386897,3,46
386848,386896,386897,1,48
386848,386883,386897,14,35
386848,386887,386893,6,39
386848,386887,386898,11,39
386848,386893,386898,5,45
386848,386883,386898,15,35
386848,386893,386898,5,45
386848,386896,386898,2,48
386848,386896,386899,3,48
386848,386898,386899,1,50
386848,386897,386899,2,49
386848,386897,386900,3,49
386848,386896,386900,4,48
386848,386896,386900,4,48
386848,386897,386901,4,49
386848,386883,386900,17,35
386848,386897,386901,4,49
386848,386898,386901,3,50
386848,386899,386902,3,51
386848,386895,386903,8,47
386848,386898,386903,5,50
386848,386881,386903,22,33
386848,386894,386903,9,46
386848,386897,386903,6,49
386848,386896,386904,8,48
386848,386899,386905,6,51
386848,386881,386908,27,33
386848,386882,386908,26,34
386848,386883,386907,24,35
386848,386889,386901,12,41
386848,386898,386923,25,50
386848,386898,386930,32,50
385944,386029,386980,951,85
386981,386981,386985,4,0
386981,386981,386985,4,0
386981,386981,386985,4,0
386981,386981,386986,5,0
386981,386981,386986,5,0
386981,386981,386986,5,0
386981,386981,386986,5,0
386981,386981,386987,6,0
386981,386985,386987,2,4
386981,386985,386987,2,4
386981,386981,386988,7,0
386981,386981,386987,6,0
386981,386985,386988,3,4
386981,386986,386988,2,5
386981,386981,386989,8,0
386981,386987,386989,2,6
386981,386987,386989,2,6
386981,386988,386989,1,7
386981,386986,386990,4,5
386981,386989,386990,1,8
386981,386986,386991,5,5
386981,386981,386991,10,0
386981,386987,386991,4,6
386981,386989,386991,2,8
386981,386981,386992,11,0
386981,386990,386992,2,9
386981,386990,386992,2,9
386981,386990,386992,2,9
386981,386991,386993,2,10
386981,386981,386993,12,0
386981,386989,386993,4,8
386981,386988,386994,6,7
386981,386988,386994,6,7
386981,386981,386994,13,0
386981,386992,386994,2,11
386981,386993,386995,2,12
386981,386990,386995,5,9
386981,386993,386995,2,12
386981,386981,386995,14,0
386981,386993,386995,2,12
386981,386993,386995,2,12
386981,386991,386996,5,10
386981,386992,386996,4,11
386981,386993,386996,3,12
386981,386995,386997,2,14
386981,386981,386997,16,0
386981,386981,386997,16,0
386981,386995,386997,2,14
386981,386981,386998,17,0
386981,386994,386998,4,13
386981,386994,386998,4,13
386981,386996,386998,2,15
386981,386991,386998,7,10
386981,386996,386998,2,15
386981,386996,386998,2,15
386981,386981,386999,18,0
386981,386997,386999,2,16
386981,386992,386998,6,11
386981,386981,387000,19,0
386981,386997,387001,4,16
386981,386996,387000,4,15
386981,386995,387000,5,14
386981,386997,387001,4,16
386981,386994,387001,7,13
386981,386995,387001,6,14
386981,386997,387001,4,16
386981,386991,387002,11,10
386981,386996,387003,7,15
385877,385996,387004,1008,119
387005,387005,387009,4,0
387005,387005,387009,4,0
387005,387005,387008,3,0
387005,387005,387008,3,0
387005,387005,387008,3,0
387005,387005,387009,4,0
386981,386981,387010,29,0
387005,387009,387011,2,4
386018,386029,387011,982,11
386981,386991,387011,20,10
387005,387005,387011,6,0
387005,387005,387011,6,0
387005,387009,387012,3,4
387005,387009,387011,2,4
387005,387009,387011,2,4
387005,387009,387011,2,4
387005,387009,387011,2,4
387005,387011,387013,2,6
387005,387011,387013,2,6
387005,387005,387014,9,0
387005,387005,387013,8,0
387005,387010,387013,3,5
387005,387012,387014,2,7
387005,387012,387014,2,7
387005,387012,387014,2,7
387005,387012,387014,2,7
387005,387013,387015,2,8
387005,387012,387014,2,7
387005,387005,387014,9,0
387005,387005,387015,10,0
387005,387005,387016,11,0
387005,387014,387016,2,9
387005,387013,387015,2,8
387005,387005,387017,12,0
387005,387005,387016,11,0
387005,387014,387016,2,9
387005,387014,387017,3,9
387005,387015,387017,2,10
387005,387014,387017,3,9
387005,387005,387017,12,0
387005,387005,387017,12,0
387005,387015,387018,3,10
387005,387005,387018,13,0
387005,387014,387018,4,9
387005,387005,387018,13,0
387005,387016,387018,2,11
387005,387017,387019,2,12
387005,387016,387019,3,11
387005,387017,387019,2,12
387005,387017,387020,3,12
387005,387018,387020,2,13
387005,387005,387020,15,0
387005,387016,387020,4,11
387005,387014,387021,7,9
387005,387019,387021,2,14
387005,387017,387021,4,12
387005,387015,387021,6,10
387005,387016,387022,6,11
387005,387019,387022,3,14
387005,387019,387022,3,14
387005,387005,387023,18,0
387005,387014,387023,9,9
387005,387019,387023,4,14
387005,387019,387023,4,14
387005,387012,387015,3,7
387005,387012,387016,4,7
387005,387017,387024,7,12
387012,387020,387023,3,8
387005,387018,387024,6,13
387012,387020,387025,5,8
387005,387005,387025,20,0
387005,387005,387026,21,0
387012,387021,387026,5,9
387012,387022,387026,4,10
387012,387024,387027,3,12
387012,387025,387027,2,13
387012,387021,387028,7,9
387012,387027,387029,2,15
387012,387027,387029,2,15
387012,387027,387029,2,15
387012,387026,387030,4,14
387012,387021,387029,8,9
387012,387024,387030,6,12
387012,387022,387029,7,10
387012,387028,387030,2,16
387012,387024,387031,7,12
387012,387023,387031,8,11
387012,387030,387031,1,18
387012,387024,387027,3,12
387012,387023,387032,9,11
387012,387028,387032,4,16
387012,387021,387032,11,9
387012,387031,387032,1,19
387012,387030,387032,2,18
387012,387030,387032,2,18
387012,387032,387033,1,20
387012,387031,387033,2,19
387012,387032,387034,2,20
387012,387030,387034,4,18
387012,387030,387034,4,18
387012,387030,387034,4,18
387012,387033,387035,2,21
387012,387031,387035,4,19
387012,387022,387035,13,10
387012,387034,387036,2,22
387012,387033,387036,3,21
387012,387033,387036,3,21
387005,387018,387035,17,13
387005,387019,387035,16,14
387012,387032,387036,4,20
387012,387034,387036,2,22
387012,387035,387037,2,23
387012,387034,387036,2,22
387012,387032,387037,5,20
387012,387025,387038,13,13
387012,387036,387038,2,24
387012,387034,387038,4,22
387012,387022,387038,16,10
387012,387037,387039,2,25
387012,387037,387039,2,25
387012,387023,387039,16,11
387012,387026,387038,12,14
387012,387036,387039,3,24
387012,387036,387039,3,24
387012,387034,387039,5,22
387012,387035,387039,4,23
387012,387034,387038,4,22
387012,387037,387039,2,25
387012,387038,387040,2,26
387012,387036,387040,4,24
387012,387032,387040,8,20
387012,387035,387040,5,23
387012,387023,387041,18,11
387012,387036,387041,5,24
387012,387022,387041,19,10
387012,387036,387041,5,24
387012,387038,387042,4,26
387012,387038,387043,5,26
387012,387039,387043,4,27
387012,387038,387043,5,26
386114,386114,387054,940,0
387005,387012,387038,26,7
387012,387024,387038,14,12
387012,387032,387039,7,20
386078,386078,387068,990,0
387072,387072,387074,2,0
387072,387072,387075,3,0
387072,387072,387076,4,0
387072,387072,387075,3,0
387072,387072,387076,4,0
387072,387072,387076,4,0
387072,387072,387076,4,0
387072,387072,387075,3,0
387072,387072,387076,4,0
387072,387072,387077,5,0
387072,387072,387076,4,0
387072,387072,387077,5,0
387072,387076,387078,2,4
387072,387072,387077,5,0
387072,387076,387078,2,4
387072,387077,387078,1,5
387072,387072,387078,6,0
387072,387072,387078,6,0
387072,387072,387078,6,0
387072,387077,387079,2,5
387072,387077,387079,2,5
387072,387072,387079,7,0
387072,387076,387079,3,4
387072,387076,387080,4,4
387072,387075,387080,5,3
387072,387077,387080,3,5
387072,387072,387081,9,0
387072,387072,387080,8,0
387072,387078,387080,2,6
387072,387078,387080,2,6
387072,387079,387081,2,7
387072,387077,387081,4,5
387072,387072,387081,9,0
387072,387078,387082,4,6
387072,387079,387081,2,7
387072,387080,387082,2,8
387072,387072,387082,10,0
387072,387080,387082,2,8
387072,387080,387084,4,8
387072,387081,387084,3,9
387072,387081,387083,2,9
387072,387082,387085,3,10
387072,387080,387085,5,8
387072,387082,387084,2,10
387072,387082,387085,3,10
387072,387080,387085,5,8
387072,387076,387086,10,4
387072,387076,387086,10,4
387072,387072,387085,13,0
387072,387081,387085,4,9
387072,387083,387085,2,11
387072,387083,387086,3,11
387072,387081,387087,6,9
387072,387082,387087,5,10
387072,387084,387086,2,12
387072,387084,387086,2,12
387072,387082,387087,5,10
387072,387085,387087,2,13
387072,387085,387088,3,13
387072,387084,387088,4,12
387072,387079,387089,10,7
387072,387085,387090,5,13
387072,387072,387091,19,0
387072,387072,387092,20,0
387089,387089,387092,3,0
387089,387089,387093,4,0
387072,387083,387094,11,11
387089,387089,387094,5,0
387089,387089,387094,5,0
387089,387089,387094,5,0
387089,387090,387094,4,1
387089,387089,387094,5,0
387089,387089,387095,6,0
387089,387092,387095,3,3
387089,387089,387096,7,0
387089,387089,387096,7,0
387089,387093,387096,3,4
387089,387094,387095,1,5
387089,387095,387096,1,6
387089,387090,387097,7,1
387089,387089,387097,8,0
387089,387095,387097,2,6
387089,387095,387097,2,6
387089,387089,387098,9,0
387089,387095,387098,3,6
387089,387095,387098,3,6
387089,387093,387098,5,4
387089,387094,387099,5,5
387089,387097,387099,2,8
387089,387095,387099,4,6
387089,387097,387099,2,8
387089,387097,387099,2,8
387089,387096,387099,3,7
387072,387072,387100,28,0
387089,387096,387100,4,7
387089,387089,387100,11,0
387089,387098,387100,2,9
387089,387098,387100,2,9
387089,387097,387101,4,8
387089,387097,387102,5,8
387089,387100,387102,2,11
387089,387098,387102,4,9
387089,387100,387102,2,11
387089,387099,387103,4,10
387089,387099,387103,4,10
387089,387099,387103,4,10
387089,387101,387103,2,12
387089,387101,387103,2,12
387089,387100,387104,4,11
387089,387089,387104,15,0
387089,387100,387104,4,11
387089,387100,387104,4,11
387089,387089,387105,16,0
387089,387101,387105,4,12
387089,387103,387105,2,14
387089,387103,387105,2,14
387072,387072,387105,33,0
387089,387099,387106,7,10
387089,387100,387106,6,11
387089,387104,387106,2,15
387089,387104,387106,2,15
387089,387103,387107,4,14
387072,387079,387083,4,7
387072,387079,387082,3,7
387089,387103,387107,4,14
387089,387103,387107,4,14
387089,387104,387108,4,15
387089,387105,387108,3,16
387089,387105,387108,3,16
387089,387101,387108,7,12
387089,387103,387109,6,14
387089,387106,387108,2,17
387089,387103,387108,5,14
387089,387089,387109,20,0
387089,387105,387109,4,16
387089,387099,387110,11,10
387089,387106,387110,4,17
387089,387106,387110,4,17
387089,387102,387111,9,13
386134,386134,387115,981,0
387072,387080,387109,29,8
387135,387135,387139,4,0
387135,387135,387139,4,0
387135,387135,387139,4,0
387135,387135,387139,4,0
387135,387135,387139,4,0
387135,387135,387140,5,0
387135,387135,387140,5,0
387135,387136,387140,4,1
387135,387135,387140,5,0
387135,387135,387141,6,0
387135,387135,387141,6,0
387135,387136,387141,5,1
387135,387135,387142,7,0
387135,387135,387142,7,0
387135,387140,387142,2,5
387135,387135,387143,8,0
387135,387135,387143,8,0
387135,387139,387143,4,4
387135,387139,387143,4,4
387135,387139,387143,4,4
387135,387141,387143,2,6
387135,387135,387141,6,0
387135,387139,387144,5,4
387135,387139,387144,5,4
387135,387142,387144,2,7
387135,387142,387145,3,7
387135,387141,387145,4,6
387135,387140,387145,5,5
387135,387143,387146,3,8
387135,387143,387146,3,8
387135,387135,387146,11,0
387135,387142,387146,4,7
387135,387144,387146,2,9
387135,387145,387147,2,10
387135,387144,387147,3,9
387135,387144,387147,3,9
387135,387144,387147,3,9
387135,387145,387147,2,10
387135,387141,387148,7,6
387135,387135,387148,13,0
387135,387147,387149,2,12
387135,387147,387149,2,12
387135,387145,387149,4,10
387135,387145,387149,4,10
387135,387147,387149,2,12
387135,387144,387149,5,9
387135,387147,387150,3,12
387135,387146,387150,4,11
387135,387147,387150,3,12
387135,387146,387150,4,11
387135,387148,387150,2,13
387135,387149,387151,2,14
387135,387136,387145,9,1
387135,387135,387151,16,0
387135,387148,387151,3,13
387135,387148,387152,4,13
387135,387146,387151,5,11
387135,387147,387151,4,12
387135,387150,387152,2,15
387135,387150,387152,2,15
387135,387148,387152,4,13
387135,387135,387152,17,0
387135,387144,387152,8,9
387135,387150,387153,3,15
387135,387150,387153,3,15
387135,387149,387154,5,14
387135,387135,387155,20,0
387135,387149,387160,11,14
387135,387135,387152,17,0
387135,387136,387162,26,1
385842,385880,387356,1476,38
387356,387356,387360,4,0
387356,387356,387360,4,0
387356,387356,387361,5,0
387356,387356,387361,5,0
387356,387356,387361,5,0
387356,387356,387362,6,0
387356,387360,387364,4,4
387356,387361,387364,3,5
387356,387361,387365,4,5
387356,387362,387365,3,6
387356,387362,387365,3,6
387356,387356,387367,11,0
387356,387356,387367,11,0
387356,387360,387367,7,4
387356,387364,387367,3,8
387356,387356,387368,12,0
387356,387365,387368,3,9
387356,387365,387368,3,9
387356,387356,387369,13,0
387356,387356,387363,7,0
387356,387356,387365,9,0
387356,387356,387366,10,0
387356,387356,387369,13,0
387356,387367,387369,2,11
387356,387366,387369,3,10
387356,387367,387369,2,11
387356,387356,387370,14,0
387356,387365,387370,5,9
387356,387356,387371,15,0
387356,387356,387370,14,0
387356,387356,387371,15,0
387356,387368,387371,3,12
387356,387368,387371,3,12
387356,387356,387372,16,0
387356,387368,387372,4,12
387356,387356,387372,16,0
387356,387367,387372,5,11
387356,387369,387372,3,13
387356,387367,387372,5,11
387356,387369,387373,4,13
387356,387356,387372,16,0
387356,387369,387373,4,13
387356,387371,387373,2,15
387356,387370,387373,3,14
387356,387370,387373,3,14
387356,387356,387374,18,0
387356,387356,387374,18,0
387356,387370,387374,4,14
387356,387371,387374,3,15
387356,387372,387374,2,16
387356,387372,387375,3,16
387356,387374,387376,2,18
387356,387374,387376,2,18
387356,387356,387374,18,0
387356,387371,387376,5,15
387356,387373,387377,4,17
387356,387372,387376,4,16
387356,387372,387377,5,16
387356,387372,387377,5,16
387356,387372,387377,5,16
387356,387374,387377,3,18
387356,387356,387377,21,0
387356,387371,387378,7,15
387356,387371,387377,6,15
387356,387373,387378,5,17
387356,387373,387378,5,17
387356,387373,387381,8,17
387356,387369,387372,3,13
387356,387369,387381,12,13
387356,387369,387392,23,13
385851,385892,387417,1525,41
387418,387418,387422,4,0
387418,387418,387422,4,0
387418,387418,387422,4,0
387418,387418,387421,3,0
387418,387418,387422,4,0
387418,387418,387423,5,0
386387,386418,387423,1005,31
387418,387422,387425,3,4
387418,387422,387425,3,4
387418,387422,387426,4,4
387418,387423,387426,3,5
387418,387424,387427,3,6
387418,387418,387427,9,0
387418,387425,387428,3,7
387418,387424,387428,4,6
387418,387425,387428,3,7
387418,387426,387429,3,8
387418,387426,387429,3,8
387418,387428,387430,2,10
387418,387422,387430,8,4
387418,387427,387430,3,9
387418,387418,387431,13,0
387418,387428,387431,3,10
387418,387429,387431,2,11
387418,387428,387432,4,10
387418,387418,387432,14,0
387418,387429,387432,3,11
387418,387430,387432,2,12
387418,387418,387432,14,0
387418,387418,387433,15,0
387418,387418,387433,15,0
387418,387430,387433,3,12
387418,387430,387433,3,12
387418,387431,387433,2,13
387418,387418,387434,16,0
387418,387418,387434,16,0
387418,387432,387434,2,14
387418,387432,387435,3,14
387418,387432,387435,3,14
387418,387433,387435,2,15
387418,387418,387436,18,0
387418,387431,387435,4,13
387418,387432,387436,4,14
387418,387418,387436,18,0
387418,387433,387436,3,15
387418,387434,387436,2,16
387418,387434,387436,2,16
387418,387433,387437,4,15
387418,387432,387437,5,14
387418,387418,387437,19,0
387418,387418,387437,19,0
387418,387433,387437,4,15
387418,387435,387437,2,17
387418,387418,387437,19,0
387418,387433,387438,5,15
387418,387436,387438,2,18
387418,387436,387438,2,18
387418,387436,387438,2,18
387418,387434,387439,5,16
387418,387437,387439,2,19
387418,387434,387438,4,16
387418,387418,387440,22,0
387418,387436,387440,4,18
387418,387436,387441,5,18
387418,387436,387441,5,18
387425,387440,387441,1,15
387425,387439,387442,3,14
387425,387437,387442,5,12
387425,387439,387441,2,14
387425,387439,387442,3,14
387425,387442,387443,1,17
387425,387442,387444,2,17
387418,387418,387444,26,0
387425,387440,387444,4,15
387425,387442,387445,3,17
387425,387438,387445,7,13
387425,387442,387444,2,17
387425,387437,387445,8,12
387418,387436,387445,9,18
387425,387442,387445,3,17
387425,387442,387445,3,17
387425,387444,387445,1,19
387425,387443,387445,2,18
387425,387444,387446,2,19
387425,387437,387446,9,12
387425,387445,387447,2,20
387425,387441,387447,6,16
387425,387445,387447,2,20
387425,387445,387447,2,20
387425,387441,387446,5,16
387425,387439,387448,9,14
387425,387441,387448,7,16
387425,387445,387449,4,20
387425,387446,387448,2,21
387425,387446,387448,2,21
387425,387446,387448,2,21
387425,387446,387449,3,21
387425,387447,387450,3,22
387425,387445,387450,5,20
387425,387437,387450,13,12
387425,387446,387450,4,21
387425,387449,387451,2,24
387425,387448,387450,2,23
387425,387448,387451,3,23
387425,387446,387451,5,21
387425,387437,387451,14,12
387418,387418,387445,27,0
387418,387418,387444,26,0
387425,387444,387451,7,19
387425,387438,387451,13,13
387425,387448,387452,4,23
387425,387449,387451,2,24
387425,387449,387451,2,24
387425,387438,387452,14,13
387425,387449,387452,3,24
387425,387446,387453,7,21
387425,387449,387453,4,24
387425,387451,387453,2,26
387425,387449,387453,4,24
387425,387451,387454,3,26
387425,387451,387454,3,26
387418,387442,387454,12,24
387425,387450,387454,4,25
387425,387452,387454,2,27
387425,387451,387455,4,26
387425,387450,387455,5,25
387425,387451,387455,4,26
387425,387450,387456,6,25
387425,387452,387455,3,27
386468,386500,387457,957,32
387425,387449,387457,8,24
387425,387452,387457,5,27
387425,387452,387456,4,27
387425,387452,387458,6,27
387418,387442,387459,17,24
387425,387451,387456,5,26
387425,387452,387459,7,27
387425,387452,387458,6,27
387425,387452,387459,7,27
387425,387452,387459,7,27
387457,387457,387461,4,0
387457,387457,387461,4,0
387457,387457,387461,4,0
387457,387457,387461,4,0
387457,387457,387461,4,0
387457,387457,387461,4,0
387457,387457,387462,5,0
387457,387457,387461,4,0
387457,387457,387461,4,0
387457,387457,387462,5,0
387457,387457,387463,6,0
387457,387461,387463,2,4
387457,387457,387463,6,0
387457,387459,387463,4,2
387425,387454,387463,9,29
387457,387459,387463,4,2
387457,387461,387464,3,4
387457,387461,387464,3,4
387457,387461,387464,3,4
387457,387457,387465,8,0
387457,387462,387465,3,5
387457,387461,387465,4,4
387457,387457,387466,9,0
387457,387462,387466,4,5
387457,387462,387466,4,5
387457,387461,387465,4,4
387457,387463,387465,2,6
387457,387463,387466,3,6
387425,387453,387465,12,28
387457,387464,387467,3,7
387457,387463,387467,4,6
387457,387464,387467,3,7
387457,387464,387467,3,7
387457,387459,387468,9,2
387457,387465,387468,3,8
387457,387461,387468,7,4
387457,387461,387468,7,4
387457,387466,387469,3,9
387457,387466,387468,2,9
387457,387461,387469,8,4
387457,387462,387469,7,5
387457,387467,387470,3,10
387457,387467,387470,3,10
387457,387468,387470,2,11
387457,387466,387471,5,9
387457,387465,387471,6,8
387457,387466,387471,5,9
387457,387466,387471,5,9
387457,387466,387471,5,9
387457,387466,387471,5,9
387457,387467,387471,4,10
387457,387470,387471,1,13
387457,387469,387471,2,12
387457,387469,387471,2,12
387457,387470,387473,3,13
387457,387469,387473,4,12
387457,387471,387473,2,14
387457,387471,387473,2,14
387457,387469,387474,5,12
387457,387470,387473,3,13
387457,387471,387476,5,14
385879,385996,387477,1481,117
387457,387457,387477,20,0
387457,387458,387477,19,1
387457,387460,387477,17,3
387457,387463,387477,14,6
387457,387471,387478,7,14
387457,387471,387479,8,14
385874,385963,387488,1525,89
387457,387470,387478,8,13
387457,387463,387494,31,6
387457,387463,387494,31,6
387457,387467,387494,27,10
387457,387468,387503,35,11
387502,387502,387506,4,0
387502,387502,387506,4,0
387502,387502,387506,4,0
387502,387502,387506,4,0
387502,387502,387507,5,0
387502,387502,387507,5,0
387502,387502,387508,6,0
387502,387506,387508,2,4
387502,387506,387509,3,4
387502,387506,387509,3,4
387502,387506,387509,3,4
387502,387508,387510,2,6
387502,387507,387509,2,5
387502,387502,387511,9,0
387502,387508,387511,3,6
387502,387508,387511,3,6
387502,387509,387511,2,7
387502,387502,387512,10,0
387502,387509,387512,3,7
387502,387502,387510,8,0
387502,387502,387510,8,0
387502,387502,387511,9,0
387502,387510,387512,2,8
387502,387509,387512,3,7
387502,387510,387512,2,8
387502,387502,387513,11,0
387502,387511,387513,2,9
387502,387503,387513,10,1
387502,387513,387514,1,11
387502,387511,387514,3,9
387502,387502,387514,12,0
387502,387512,387515,3,10
387502,387511,387515,4,9
387502,387513,387515,2,11
387502,387513,387515,2,11
387502,387511,387516,5,9
387502,387502,387516,14,0
387502,387513,387516,3,11
387502,387515,387517,2,13
387502,387515,387517,2,13
387502,387502,387518,16,0
387502,387515,387518,3,13
387502,387516,387518,2,14
387502,387516,387518,2,14
387502,387516,387518,2,14
387502,387516,387519,3,14
387502,387515,387519,4,13
387502,387513,387520,7,11
387502,387516,387520,4,14
387502,387518,387520,2,16
387502,387518,387520,2,16
387502,387519,387521,2,17
387502,387519,387521,2,17
387502,387519,387521,2,17
387502,387518,387523,5,16
387520,387520,387523,3,0
387520,387521,387524,3,1
387520,387521,387525,4,1
387502,387502,387525,23,0
387502,387502,387525,23,0
387502,387502,387525,23,0
387502,387502,387525,23,0
387502,387502,387525,23,0
387520,387522,387527,5,2
387502,387513,387523,10,11
387502,387513,387523,10,11
387502,387513,387526,13,11
387520,387522,387527,5,2
387520,387522,387527,5,2
387520,387520,387528,8,0
387520,387520,387528,8,0
387520,387525,387528,3,5
387502,387502,387527,25,0
387502,387513,387527,14,11
387520,387525,387530,5,5
387520,387524,387530,6,4
387520,387528,387530,2,8
387520,387528,387530,2,8
387520,387529,387531,2,9
387502,387512,387531,19,10
387520,387527,387531,4,7
387520,387528,387532,4,8
387502,387519,387533,14,17
387520,387531,387533,2,11
387520,387530,387532,2,10
387520,387530,387533,3,10
387520,387531,387533,2,11
387520,387531,387533,2,11
387520,387526,387534,8,6
387520,387527,387535,8,7
387520,387527,387535,8,7
387520,387530,387535,5,10
387520,387532,387535,3,12
387520,387533,387536,3,13
387520,387533,387536,3,13
387520,387533,387535,2,13
387520,387534,387536,2,14
387520,387526,387536,10,6
387520,387531,387536,5,11
387520,387523,387536,13,3
387520,387532,387536,4,12
387520,387534,387536,2,14
387520,387520,387537,17,0
387520,387530,387537,7,10
387502,387519,387537,18,17
387502,387519,387538,19,17
387520,387533,387538,5,13
387520,387526,387537,11,6
387520,387536,387538,2,16
387520,387536,387539,3,16
387520,387536,387538,2,16
387520,387535,387539,4,15
387520,387537,387539,2,17
387520,387536,387540,4,16
387520,387527,387537,10,7
387520,387535,387538,3,15
387520,387535,387538,3,15
387520,387536,387539,3,16
387520,387536,387540,4,16
387520,387528,387541,13,8
387520,387537,387541,4,17
387520,387537,387541,4,17
387520,387539,387542,3,19
387520,387539,387541,2,19
387520,387536,387542,6,16
387520,387540,387542,2,20
387520,387538,387543,5,18
387520,387539,387542,3,19
387520,387538,387543,5,18
387520,387538,387543,5,18
387520,387538,387543,5,18
387520,387538,387544,6,18
387520,387536,387546,10,16
387520,387539,387545,6,19
387520,387540,387545,5,20
387520,387541,387547,6,21
387520,387525,387547,22,5
387520,387525,387550,25,5
387502,387550,387555,5,48
387520,387541,387571,30,21
386826,386841,387794,953,15
387796,387796,387800,4,0
387796,387796,387800,4,0
387796,387796,387800,4,0
387796,387796,387800,4,0
387796,387796,387800,4,0
387796,387796,387800,4,0
387796,387796,387800,4,0
387796,387796,387801,5,0
387796,387796,387800,4,0
387796,387796,387802,6,0
387796,387796,387801,5,0
387796,387796,387802,6,0
387796,387796,387802,6,0
387796,387796,387802,6,0
387796,387796,387801,5,0
387796,387800,387802,2,4
387796,387796,387802,6,0
387796,387796,387803,7,0
387796,387796,387802,6,0
387796,387796,387803,7,0
387796,387796,387803,7,0
387796,387800,387804,4,4
387796,387796,387803,7,0
387796,387796,387803,7,0
387796,387800,387804,4,4
387796,387801,387803,2,5
387796,387796,387804,8,0
387796,387802,387805,3,6
387796,387800,387805,5,4
387796,387796,387805,9,0
387796,387800,387805,5,4
387796,387802,387805,3,6
387796,387801,387806,5,5
387796,387803,387807,4,7
387796,387804,387806,2,8
387796,387804,387808,4,8
387796,387804,387807,3,8
387796,387805,387808,3,9
387796,387803,387808,5,7
387796,387804,387809,5,8
387796,387800,387803,3,4
387796,387802,387809,7,6
387796,387802,387809,7,6
387796,387804,387809,5,8
387796,387805,387810,5,9
387796,387804,387809,5,8
387796,387805,387810,5,9
387796,387807,387810,3,11
387796,387802,387810,8,6
387796,387803,387810,7,7
387796,387805,387810,5,9
387796,387804,387811,7,8
387796,387796,387810,14,0
387796,387808,387811,3,12
387796,387802,387811,9,6
387796,387800,387812,12,4
387796,387805,387811,6,9
387796,387808,387812,4,12
387796,387809,387812,3,13
387796,387802,387812,10,6
387796,387803,387812,9,7
387796,387807,387813,6,11
387796,387807,387813,6,11
387796,387809,387813,4,13
387796,387808,387814,6,12
387796,387810,387815,5,14
387796,387809,387815,6,13
387796,387810,387816,6,14
387796,387809,387816,7,13
387796,387809,387817,8,13
386836,386859,387828,969,23
386839,386878,387832,954,39
387836,387836,387839,3,0
387836,387836,387838,2,0
387836,387836,387839,3,0
387836,387836,387840,4,0
387836,387836,387839,3,0
387836,387836,387839,3,0
387836,387836,387840,4,0
387836,387836,387839,3,0
387836,387836,387841,5,0
387836,387836,387840,4,0
387836,387836,387842,6,0
387836,387836,387841,5,0
387836,387836,387841,5,0
387836,387836,387841,5,0
387836,387836,387842,6,0
387836,387836,387842,6,0
387836,387836,387842,6,0
387836,387836,387842,6,0
387836,387836,387842,6,0
387836,387839,387841,2,3
387836,387839,387842,3,3
387836,387839,387841,2,3
387836,387836,387842,6,0
387836,387840,387842,2,4
387836,387836,387843,7,0
387836,387841,387844,3,5
387836,387842,387844,2,6
387836,387836,387842,6,0
387836,387840,387845,5,4
387836,387840,387845,5,4
387836,387840,387844,4,4
387836,387840,387844,4,4
387836,387842,387844,2,6
387836,387842,387844,2,6
387836,387843,387845,2,7
387836,387842,387845,3,6
387836,387844,387846,2,8
387836,387842,387845,3,6
387836,387843,387846,3,7
387836,387836,387842,6,0
387836,387841,387847,6,5
387836,387844,387846,2,8
387836,387842,387848,6,6
387836,387836,387848,12,0
387836,387844,387847,3,8
387836,387845,387848,3,9
387836,387845,387847,2,9
387836,387845,387847,2,9
387836,387846,387849,3,10
387836,387846,387848,2,10
387836,387846,387849,3,10
387836,387842,387849,7,6
387836,387842,387849,7,6
387836,387839,387846,7,3
387836,387839,387847,8,3
387836,387845,387849,4,9
387836,387842,387850,8,6
387836,387845,387849,4,9
387836,387847,387850,3,11
387836,387846,387849,3,10
387836,387842,387848,6,6
387836,387845,387850,5,9
387836,387845,387851,6,9
387838,387850,387853,3,12
387836,387847,387853,6,11
387838,387849,387853,4,11
387838,387848,387853,5,10
387838,387850,387852,2,12
387838,387848,387852,4,10
387838,387849,387853,4,11
387838,387850,387853,3,12
387838,387850,387853,3,12
387838,387850,387853,3,12
387838,387850,387854,4,12
387838,387848,387854,6,10
387838,387849,387853,4,11
387838,387850,387854,4,12
387838,387848,387854,6,10
387838,387853,387855,2,15
387838,387851,387855,4,13
387838,387851,387855,4,13
387838,387853,387855,2,15
387838,387853,387855,2,15
387836,387845,387853,8,9
387838,387853,387856,3,15
387838,387853,387856,3,15
387838,387854,387856,2,16
387838,387854,387856,2,16
387838,387854,387856,2,16
387838,387853,387857,4,15
387838,387854,387857,3,16
387838,387854,387858,4,16
387838,387854,387858,4,16
387838,387855,387858,3,17
387838,387855,387858,3,17
387838,387857,387858,1,19
387838,387857,387858,1,19
387836,387842,387858,16,6
387838,387854,387859,5,16
387838,387855,387859,4,17
387838,387857,387859,2,19
387838,387857,387859,2,19
387836,387842,387859,17,6
387836,387847,387859,12,11
387836,387848,387860,12,12
387838,387855,387859,4,17
387838,387857,387859,2,19
387838,387857,387860,3,19
387838,387854,387860,6,16
387836,387848,387858,10,12
387838,387854,387860,6,16
387838,387855,387860,5,17
387838,387858,387861,3,20
387838,387859,387861,2,21
387838,387859,387861,2,21
387838,387859,387861,2,21
387838,387859,387861,2,21
387838,387857,387862,5,19
387838,387860,387862,2,22
387838,387858,387862,4,20
387838,387860,387863,3,22
387838,387860,387863,3,22
387838,387861,387863,2,23
387838,387860,387863,3,22
387838,387851,387863,12,13
387838,387861,387864,3,23
386380,386395,387864,1469,15
387838,387859,387864,5,21
387838,387859,387864,5,21
387838,387862,387864,2,24
387838,387856,387864,8,18
387838,387850,387865,15,12
387838,387859,387865,6,21
387838,387860,387866,6,22
387838,387850,387865,15,12
387838,387861,387866,5,23
387838,387861,387866,5,23
387838,387861,387867,6,23
387838,387860,387867,7,22
387838,387860,387867,7,22
386852,386899,387874,975,47
387838,387861,387877,16,23
387878,387879,387882,3,1
387878,387879,387882,3,1
387878,387879,387882,3,1
387878,387879,387882,3,1
387878,387879,387882,3,1
387878,387879,387882,3,1
387878,387879,387882,3,1
387878,387879,387883,4,1
387878,387879,387883,4,1
387878,387879,387884,5,1
387878,387879,387884,5,1
387878,387879,387884,5,1
387878,387879,387884,5,1
387878,387879,387884,5,1
387878,387879,387884,5,1
387878,387879,387884,5,1
387878,387879,387885,6,1
387878,387884,387885,1,6
387878,387884,387885,1,6
387878,387879,387885,6,1
387878,387883,387886,3,5
387878,387883,387886,3,5
387878,387883,387886,3,5
387878,387883,387886,3,5
387878,387883,387886,3,5
387878,387883,387886,3,5
387878,387883,387886,3,5
387878,387879,387886,7,1
387878,387885,387887,2,7
387878,387885,387887,2,7
387878,387885,387887,2,7
387878,387885,387888,3,7
387878,387885,387889,4,7
387878,387886,387888,2,8
387878,387886,387888,2,8
387878,387886,387888,2,8
387878,387886,387888,2,8
387878,387887,387889,2,9
387878,387887,387890,3,9
387878,387887,387891,4,9
387878,387887,387891,4,9
387878,387887,387891,4,9
387878,387887,387891,4,9
387878,387887,387890,3,9
387878,387888,387890,2,10
387878,387888,387891,3,10
387878,387889,387891,2,11
387878,387888,387890,2,10
387878,387879,387892,13,1
387878,387879,387891,12,1
387878,387879,387891,12,1
387878,387885,387891,6,7
387878,387887,387891,4,9
387878,387889,387891,2,11
387878,387889,387891,2,11
387878,387890,387892,2,12
387878,387889,387892,3,11
387878,387879,387892,13,1
387878,387879,387892,13,1
387878,387879,387892,13,1
387878,387885,387892,7,7
387878,387889,387892,3,11
387879,387892,387894,2,13
387879,387892,387894,2,13
387879,387892,387894,2,13
387878,387889,387894,5,11
387878,387891,387894,3,13
387878,387879,387892,13,1
387878,387891,387895,4,13
387879,387892,387894,2,13
387878,387891,387895,4,13
387878,387891,387895,4,13
387879,387892,387895,3,13
387879,387893,387896,3,14
387879,387891,387896,5,12
387879,387891,387896,5,12
387879,387894,387896,2,15
387879,387894,387896,2,15
387879,387891,387896,5,12
387878,387891,387896,5,13
387878,387891,387896,5,13
387879,387894,387897,3,15
387879,387892,387897,5,13
387879,387895,387897,2,16
387879,387895,387898,3,16
387879,387895,387899,4,16
387879,387891,387898,7,12
387879,387896,387899,3,17
387879,387896,387899,3,17
387879,387896,387898,2,17
387879,387896,387898,2,17
387879,387896,387899,3,17
387879,387893,387899,6,14
387879,387893,387899,6,14
387879,387893,387899,6,14
387879,387893,387899,6,14
387879,387892,387900,8,13
387879,387897,387900,3,18
387879,387895,387898,3,16
387879,387892,387901,9,13
387879,387896,387901,5,17
387879,387898,387900,2,19
387879,387897,387900,3,18
387879,387899,387901,2,20
387879,387899,387901,2,20
387879,387899,387901,2,20
387879,387897,387900,3,18
387879,387896,387902,6,17
387879,387896,387901,5,17
387879,387896,387902,6,17
387879,387899,387902,3,20
387879,387899,387901,2,20
387879,387899,387902,3,20
387879,387899,387903,4,20
387879,387899,387903,4,20
387879,387900,387903,3,21
387879,387901,387903,2,22
387879,387901,387903,2,22
387879,387901,387904,3,22
387879,387901,387903,2,22
387879,387901,387904,3,22
387879,387892,387904,12,13
387879,387902,387905,3,23
387879,387902,387905,3,23
387879,387901,387904,3,22
387879,387900,387905,5,21
387879,387902,387905,3,23
387879,387901,387906,5,22
387879,387899,387906,7,20
387879,387898,387906,8,19
387879,387902,387906,4,23
387879,387899,387906,7,20
387879,387899,387906,7,20
387879,387902,387907,5,23
387879,387902,387907,5,23
387879,387903,387908,5,24
387879,387899,387907,8,20
387879,387895,387914,19,16
387879,387900,387914,14,21
387879,387901,387914,13,22
387006,387020,387954,934,14
387955,387955,387957,2,0
387955,387955,387958,3,0
387955,387955,387958,3,0
387955,387955,387959,4,0
387955,387955,387959,4,0
387955,387955,387959,4,0
387955,387955,387959,4,0
387955,387956,387959,3,1
387955,387955,387960,5,0
387955,387955,387960,5,0
387955,387955,387960,5,0
387955,387957,387960,3,2
387955,387955,387960,5,0
387955,387955,387961,6,0
387955,387955,387961,6,0
387955,387955,387961,6,0
387955,387955,387961,6,0
387955,387955,387961,6,0
387955,387958,387961,3,3
387955,387955,387962,7,0
387955,387958,387962,4,3
387955,387955,387963,8,0
387955,387955,387963,8,0
387955,387955,387963,8,0
387955,387959,387963,4,4
387955,387960,387963,3,5
387955,387961,387963,2,6
387955,387960,387963,3,5
387955,387955,387964,9,0
387955,387961,387963,2,6
387955,387959,387964,5,4
387955,387961,387963,2,6
387955,387955,387962,7,0
387955,387955,387961,6,0
387955,387961,387965,4,6
387955,387962,387965,3,7
387955,387962,387965,3,7
387955,387959,387966,7,4
387955,387963,387965,2,8
387955,387963,387966,3,8
387955,387963,387966,3,8
387955,387963,387966,3,8
387955,387959,387967,8,4
387955,387960,387966,6,5
387955,387964,387967,3,9
387955,387965,387967,2,10
387955,387965,387967,2,10
387955,387960,387967,7,5
387955,387960,387968,8,5
387955,387966,387968,2,11
387955,387966,387968,2,11
387955,387961,387968,7,6
387955,387967,387969,2,12
387955,387967,387969,2,12
387955,387967,387969,2,12
387955,387967,387969,2,12
386434,386460,387970,1510,26
387955,387965,387969,4,10
387955,387963,387970,7,8
387955,387963,387970,7,8
387955,387963,387970,7,8
387955,387968,387970,2,13
387955,387966,387971,5,11
387955,387964,387971,7,9
387955,387964,387971,7,9
387955,387967,387972,5,12
387955,387967,387973,6,12
387955,387960,387972,12,5
387972,387972,387976,4,0
387972,387972,387975,3,0
387972,387972,387976,4,0
387972,387972,387976,4,0
387955,387965,387972,7,10
387972,387972,387976,4,0
387972,387972,387977,5,0
387972,387972,387977,5,0
387972,387972,387977,5,0
387972,387972,387977,5,0
387972,387973,387977,4,1
387972,387972,387977,5,0
387972,387972,387978,6,0
387972,387972,387978,6,0
387972,387972,387978,6,0
387972,387976,387978,2,4
387955,387965,387974,9,10
387972,387977,387979,2,5
387972,387972,387978,6,0
387972,387976,387979,3,4
387972,387976,387979,3,4
387972,387977,387980,3,5
387972,387972,387980,8,0
387972,387977,387980,3,5
387972,387977,387980,3,5
387972,387978,387980,2,6
387972,387978,387980,2,6
387972,387976,387980,4,4
387972,387972,387979,7,0
387972,387972,387978,6,0
387972,387977,387981,4,5
387972,387978,387981,3,6
387972,387972,387980,8,0
387972,387972,387981,9,0
387972,387978,387982,4,6
387972,387979,387982,3,7
387972,387981,387982,1,9
387972,387976,387982,6,4
387955,387961,387981,20,6
387972,387972,387982,10,0
387972,387980,387983,3,8
387972,387980,387983,3,8
387972,387980,387983,3,8
387972,387981,387983,2,9
387972,387980,387984,4,8
387972,387980,387984,4,8
387972,387983,387985,2,11
387972,387980,387985,5,8
387972,387981,387985,4,9
387972,387983,387985,2,11
387972,387981,387986,5,9
387972,387983,387986,3,11
387972,387984,387986,2,12
387972,387984,387986,2,12
387972,387982,387986,4,10
387972,387984,387986,2,12
387972,387982,387987,5,10
387972,387983,387987,4,11
387972,387985,387987,2,13
387972,387978,387988,10,6
387972,387981,387987,6,9
387972,387984,387988,4,12
387972,387985,387990,5,13
387972,387984,387990,6,12
387972,387979,387988,9,7
387972,387979,387988,9,7
386405,386440,387991,1551,35
387972,387981,387992,11,9
387972,387980,387991,11,8
387972,387982,387992,10,10
387972,387982,387994,12,10
387972,387978,387997,19,6
387972,387983,387997,14,11
387972,387983,387997,14,11
388001,388001,388005,4,0
388001,388001,388005,4,0
388001,388001,388005,4,0
388001,388001,388005,4,0
388001,388001,388006,5,0
388001,388001,388006,5,0
388001,388001,388006,5,0
388001,388001,388007,6,0
388001,388001,388007,6,0
388001,388001,388007,6,0
388001,388001,388008,7,0
388001,388006,388008,2,5
388001,388005,388009,4,4
388001,388005,388009,4,4
388001,388005,388009,4,4
388001,388001,388009,8,0
388001,388006,388009,3,5
388001,388006,388009,3,5
388001,388007,388009,2,6
388001,388007,388010,3,6
388001,388005,388010,5,4
388001,388009,388011,2,8
388001,388001,388011,10,0
388001,388001,388010,9,0
388001,388001,388011,10,0
388001,388010,388011,1,9
388001,388001,388012,11,0
388001,388010,388012,2,9
388001,388010,388012,2,9
388001,388010,388012,2,9
387032,387039,388012,973,7
388001,388010,388012,2,9
388001,388002,388013,11,1
388001,388002,388013,11,1
388001,388001,388013,12,0
388001,388001,388013,12,0
388001,388009,388013,4,8
388001,388009,388013,4,8
388001,388011,388013,2,10
388001,388009,388014,5,8
388001,388008,388013,5,7
388001,388012,388014,2,11
388001,388013,388015,2,12
388001,388013,388015,2,12
388001,388013,388015,2,12
388001,388001,388014,13,0
388001,388013,388015,2,12
388001,388013,388015,2,12
388001,388010,388016,6,9
388001,388014,388016,2,13
388001,388015,388017,2,14
388001,388001,388017,16,0
388001,388014,388017,3,13
388001,388014,388017,3,13
388001,388014,388017,3,13
388001,388014,388018,4,13
388001,388016,388018,2,15
388001,388016,388018,2,15
388001,388016,388018,2,15
388001,388014,388019,5,13
388001,388014,388019,5,13
388001,388011,388019,8,10
388001,388011,388019,8,10
388001,388013,388019,6,12
388001,388013,388020,7,12
388019,388019,388021,2,0
388001,388012,388021,9,11
388001,388001,388021,20,0
388001,388001,388021,20,0
388001,388001,388021,20,0
388019,388019,388022,3,0
388019,388019,388023,4,0
388019,388019,388023,4,0
388019,388019,388023,4,0
388019,388019,388023,4,0
388019,388020,388024,4,1
388001,388013,388022,9,12
388019,388020,388023,3,1
388019,388019,388024,5,0
388019,388022,388024,2,3
388019,388019,388025,6,0
388019,388019,388025,6,0
388019,388019,388026,7,0
388019,388023,388026,3,4
388019,388019,388027,8,0
388019,388020,388028,8,1
388019,388021,388027,6,2
388019,388024,388028,4,5
388019,388025,388028,3,6
388019,388026,388029,3,7
388019,388027,388029,2,8
388019,388025,388029,4,6
388019,388026,388029,3,7
388019,388027,388029,2,8
388019,388019,388030,11,0
388019,388028,388030,2,9
388019,388024,388030,6,5
388019,388024,388031,7,5
388019,388029,388031,2,10
388019,388029,388030,1,10
388019,388030,388032,2,11
388019,388022,388032,10,3
388019,388020,388032,12,1
388019,388030,388032,2,11
388019,388030,388032,2,11
388019,388030,388032,2,11
388019,388030,388032,2,11
388019,388031,388033,2,12
388001,388008,388033,25,7
388019,388024,388033,9,5
388019,388031,388033,2,12
388019,388031,388034,3,12
388019,388031,388033,2,12
388019,388028,388033,5,9
388019,388028,388034,6,9
388019,388032,388034,2,13
388019,388022,388034,12,3
388019,388031,388035,4,12
388019,388031,388034,3,12
388019,388033,388035,2,14
388019,388033,388035,2,14
388019,388033,388035,2,14
388019,388033,388036,3,14
388019,388033,388035,2,14
388019,388034,388036,2,15
388019,388034,388036,2,15
388019,388034,388037,3,15
388019,388034,388037,3,15
388019,388025,388038,13,6
388019,388034,388038,4,15
388019,388019,388035,16,0
388019,388034,388041,7,15
388019,388034,388042,8,15
388019,388025,388044,19,6
388019,388033,388044,11,14
388019,388022,388049,27,3
388019,388022,388049,27,3
388019,388032,388049,17,13
388019,388033,388049,16,14
388019,388020,388025,5,1
387090,387106,388053,947,16
388055,388055,388057,2,0
388055,388055,388056,1,0
388055,388055,388058,3,0
388055,388055,388058,3,0
388055,388055,388060,5,0
388055,388055,388059,4,0
388055,388055,388060,5,0
388055,388055,388060,5,0
388055,388055,388060,5,0
388055,388055,388060,5,0
388055,388055,388060,5,0
388055,388055,388060,5,0
388055,388055,388060,5,0
388055,388055,388060,5,0
388055,388055,388061,6,0
388055,388055,388061,6,0
388055,388057,388062,5,2
388055,388057,388061,4,2
388055,388055,388062,7,0
388055,388055,388063,8,0
388019,388052,388063,11,33
388055,388055,388064,9,0
388055,388055,388064,9,0
388055,388055,388063,8,0
388055,388060,388064,4,5
388055,388061,388063,2,6
388055,388062,388064,2,7
388055,388059,388065,6,4
388055,388061,388064,3,6
388055,388061,388064,3,6
388055,388062,388064,2,7
388055,388060,388066,6,5
388055,388060,388066,6,5
388055,388061,388065,4,6
388055,388064,388066,2,9
388055,388064,388066,2,9
388055,388064,388066,2,9
388055,388062,388066,4,7
388055,388062,388067,5,7
388055,388065,388067,2,10
387073,387085,388066,981,12
388055,388055,388067,12,0
388055,388064,388068,4,9
388055,388064,388068,4,9
388055,388061,388066,5,6
388055,388055,388067,12,0
388055,388065,388067,2,10
388055,388064,388068,4,9
388055,388065,388068,3,10
388055,388065,388067,2,10
388055,388066,388068,2,11
388055,388066,388068,2,11
388055,388066,388068,2,11
388055,388066,388068,2,11
388055,388066,388068,2,11
388055,388066,388068,2,11
388055,388067,388069,2,12
388055,388067,388069,2,12
388055,388061,388070,9,6
388055,388059,388070,11,4
388055,388061,388070,9,6
388055,388067,388071,4,12
388055,388063,388071,8,8
388055,388068,388072,4,13
388055,388068,388072,4,13
388055,388068,388072,4,13
388055,388055,388074,19,0
388055,388064,388074,10,9
388055,388067,388074,7,12
388055,388068,388073,5,13
388055,388062,388077,15,7
388055,388068,388077,9,13
388080,388080,388082,2,0
388080,388080,388083,3,0
388080,388080,388083,3,0
388080,388080,388084,4,0
388080,388080,388084,4,0
388080,388080,388084,4,0
388080,388080,388085,5,0
388080,388080,388085,5,0
388080,388080,388086,6,0
388080,388080,388086,6,0
388080,388080,388086,6,0
388080,388081,388087,6,1
388080,388080,388087,7,0
388080,388080,388087,7,0
388080,388080,388087,7,0
388080,388083,388088,5,3
388080,388083,388087,4,3
388080,388080,388086,6,0
388080,388080,388086,6,0
388080,388080,388086,6,0
388080,388080,388088,8,0
388080,388083,388088,5,3
388080,388088,388089,1,8
388080,388085,388089,4,5
388080,388086,388089,3,6
388080,388087,388089,2,7
388080,388088,388090,2,8
388080,388088,388089,1,8
388080,388080,388090,10,0
388080,388080,388090,10,0
388080,388080,388090,10,0
388080,388089,388090,1,9
388080,388088,388090,2,8
388080,388087,388090,3,7
388080,388087,388090,3,7
388080,388087,388090,3,7
388080,388090,388092,2,10
388080,388090,388091,1,10
388080,388090,388092,2,10
388080,388081,388091,10,1
388080,388090,388092,2,10
388080,388090,388092,2,10
388080,388090,388092,2,10
388080,388080,388093,13,0
388080,388088,388093,5,8
388080,388088,388093,5,8
388080,388091,388093,2,11
388080,388091,388093,2,11
388080,388092,388094,2,12
388080,388091,388094,3,11
388080,388091,388093,2,11
388080,388092,388094,2,12
388080,388092,388094,2,12
388080,388085,388094,9,5
388080,388091,388095,4,11
388080,388091,388095,4,11
388080,388093,388095,2,13
388080,388093,388095,2,13
388080,388093,388095,2,13
388080,388084,388096,12,4
388080,388088,388096,8,8
388080,388080,388095,15,0
388080,388084,388097,13,4
388080,388091,388097,6,11
388080,388091,388097,6,11
388080,388088,388097,9,8
388080,388088,388097,9,8
388080,388092,388100,8,12
388080,388094,388107,13,14
388080,388094,388115,21,14
386467,386481,388199,1718,14
388200,388200,388202,2,0
388200,388200,388203,3,0
388200,388200,388203,3,0
388200,388200,388204,4,0
388200,388200,388204,4,0
388200,388200,388204,4,0
388200,388200,388204,4,0
388200,388200,388204,4,0
388200,388200,388204,4,0
388200,388200,388204,4,0
388200,388200,388204,4,0
388200,388200,388204,4,0
388200,388200,388204,4,0
388200,388200,388204,4,0
388200,388203,388204,1,3
388200,388200,388204,4,0
388200,388200,388205,5,0
388200,388200,388205,5,0
388200,388200,388205,5,0
388200,388200,388206,6,0
388200,388204,388206,2,4
388200,388204,388206,2,4
388200,388200,388206,6,0
388200,388200,388207,7,0
388200,388200,388207,7,0
388200,388200,388207,7,0
388200,388205,388207,2,5
388200,388205,388207,2,5
388200,388205,388207,2,5
388200,388205,388207,2,5
388200,388205,388207,2,5
388200,388204,388208,4,4
388200,388205,388208,3,5
388200,388205,388208,3,5
388200,388200,388208,8,0
388200,388201,388208,7,1
388200,388206,388208,2,6
388200,388207,388209,2,7
388200,388205,388209,4,5
388200,388207,388209,2,7
388200,388205,388209,4,5
388200,388205,388209,4,5
388200,388205,388209,4,5
388200,388205,388209,4,5
388200,388208,388210,2,8
388200,388207,388210,3,7
388200,388208,388210,2,8
388200,388206,388210,4,6
388200,388208,388210,2,8
388200,388208,388210,2,8
388200,388208,388210,2,8
388200,388208,388210,2,8
388200,388209,388212,3,9
388200,388209,388211,2,9
388200,388210,388212,2,10
388200,388210,388212,2,10
388200,388209,388213,4,9
388200,388206,388208,2,6
388200,388207,388209,2,7
388200,388210,388213,3,10
388200,388209,388213,4,9
388200,388209,388213,4,9
388200,388210,388214,4,10
388200,388210,388214,4,10
388200,388210,388214,4,10
388200,388210,388215,5,10
388200,388208,388214,6,8
388200,388209,388215,6,9
388200,388208,388219,11,8
388200,388209,388221,12,9
387420,387437,388426,989,17
388427,388427,388429,2,0
388427,388427,388430,3,0
388427,388427,388430,3,0
388427,388427,388430,3,0
388427,388427,388430,3,0
388427,388427,388431,4,0
388427,388427,388431,4,0
388427,388427,388431,4,0
388427,388427,388431,4,0
388427,388427,388432,5,0
388427,388432,388435,3,5
388427,388431,388435,4,4
388427,388427,388435,8,0
388427,388432,388435,3,5
388427,388430,388436,6,3
388427,388431,388436,5,4
388427,388427,388437,10,0
388427,388433,388436,3,6
388427,388427,388437,10,0
388427,388430,388437,7,3
388427,388430,388437,7,3
388427,388427,388438,11,0
388427,388435,388438,3,8
388427,388435,388437,2,8
388427,388436,388438,2,9
388427,388436,388438,2,9
388427,388427,388438,11,0
388427,388427,388438,11,0
388427,388427,388438,11,0
388427,388431,388438,7,4
388427,388437,388439,2,10
388427,388431,388439,8,4
388427,388436,388438,2,9
388427,388437,388439,2,10
388427,388427,388439,12,0
388427,388427,388439,12,0
388427,388437,388440,3,10
388427,388438,388440,2,11
388427,388438,388440,2,11
388427,388438,388440,2,11
388427,388427,388440,13,0
388427,388439,388441,2,12
388427,388436,388440,4,9
388427,388437,388441,4,10
388427,388438,388441,3,11
388427,388439,388441,2,12
388427,388438,388441,3,11
388427,388437,388441,4,10
388427,388439,388441,2,12
388427,388439,388442,3,12
388427,388439,388442,3,12
388427,388440,388442,2,13
388427,388439,388442,3,12
388427,388439,388443,4,12
388427,388427,388442,15,0
388427,388427,388442,15,0
388427,388427,388442,15,0
388427,388440,388442,2,13
388427,388439,388443,4,12
388427,388440,388442,2,13
388427,388440,388442,2,13
388427,388440,388444,4,13
388427,388441,388443,2,14
388427,388441,388443,2,14
388427,388441,388445,4,14
388427,388441,388446,5,14
388427,388440,388445,5,13
388427,388441,388445,4,14
388427,388427,388453,26,0
388427,388427,388464,37,0
386983,386998,388469,1471,15
388484,388484,388486,2,0
387503,387519,388486,967,16
388484,388484,388486,2,0
388484,388484,388488,4,0
388484,388484,388488,4,0
388484,388484,388487,3,0
388484,388484,388487,3,0
388484,388484,388488,4,0
388484,388484,388487,3,0
388484,388484,388488,4,0
388484,388484,388487,3,0
388484,388484,388487,3,0
388484,388484,388488,4,0
388484,388484,388487,3,0
388484,388484,388487,3,0
388484,388486,388489,3,2
388484,388484,388489,5,0
388484,388484,388489,5,0
388484,388484,388489,5,0
388484,388484,388489,5,0
388484,388484,388490,6,0
388484,388486,388489,3,2
388484,388487,388490,3,3
388484,388489,388491,2,5
388484,388488,388490,2,4
388484,388484,388490,6,0
388484,388484,388489,5,0
388484,388490,388492,2,6
388484,388490,388492,2,6
388484,388490,388492,2,6
388484,388488,388492,4,4
388484,388489,388491,2,5
388484,388488,388492,4,4
388484,388488,388493,5,4
388484,388488,388492,4,4
388484,388490,388493,3,6
388484,388490,388493,3,6
388484,388488,388494,6,4
388484,388488,388493,5,4
388484,388488,388493,5,4
388484,388488,388493,5,4
388484,388492,388494,2,8
388484,388491,388493,2,7
388484,388491,388493,2,7
388484,388484,388492,8,0
388484,388491,388494,3,7
388484,388488,388495,7,4
388484,388492,388494,2,8
388484,388492,388494,2,8
388484,388492,388495,3,8
388484,388488,388495,7,4
388484,388488,388495,7,4
388484,388493,388496,3,9
388484,388493,388496,3,9
388484,388484,388494,10,0
388484,388492,388496,4,8
388484,388493,388497,4,9
388484,388493,388497,4,9
388484,388492,388497,5,8
388484,388494,388496,2,10
388484,388494,388497,3,10
388484,388494,388497,3,10
388484,388492,388497,5,8
388487,388495,388498,3,8
388484,388492,388498,6,8
388484,388493,388499,6,9
388484,388494,388499,5,10
388484,388494,388499,5,10
388487,388495,388499,4,8
388484,388494,388499,5,10
388484,388494,388499,5,10
388487,388497,388500,3,10
388487,388496,388500,4,9
388487,388495,388501,6,8
388487,388497,388501,4,10
388487,388497,388501,4,10
388487,388497,388502,5,10
388487,388498,388502,4,11
388487,388497,388505,8,10
388487,388496,388505,9,9
388487,388496,388505,9,9
388487,388499,388506,7,12
388487,388497,388506,9,10
388487,388501,388507,6,14
388487,388501,388507,6,14
388487,388502,388507,5,15
388487,388497,388507,10,10
388487,388502,388508,6,15
388487,388499,388508,9,12
388487,388500,388508,8,13
388484,388492,388508,16,8
388484,388494,388509,15,10
388487,388499,388509,10,12
388487,388507,388509,2,20
388487,388507,388509,2,20
388487,388508,388509,1,21
388487,388497,388509,12,10
388487,388507,388510,3,20
388487,388501,388510,9,14
388487,388506,388510,4,19
388487,388508,388510,2,21
388487,388508,388511,3,21
388487,388509,388511,2,22
388487,388498,388512,14,11
388487,388509,388511,2,22
388487,388510,388511,1,23
388487,388510,388511,1,23
388487,388508,388512,4,21
388487,388507,388511,4,20
388487,388499,388513,14,12
388487,388506,388513,7,19
388487,388506,388513,7,19
388487,388511,388513,2,24
388487,388512,388513,1,25
388487,388509,388514,5,22
388487,388512,388514,2,25
388487,388512,388514,2,25
388487,388511,388513,2,24
388487,388511,388514,3,24
388487,388511,388513,2,24
388487,388500,388513,13,13
388487,388511,388514,3,24
388487,388509,388514,5,22
388487,388510,388514,4,23
388487,388509,388514,5,22
388487,388512,388514,2,25
388487,388514,388516,2,27
388487,388514,388516,2,27
388487,388500,388515,15,13
388487,388514,388516,2,27
388487,388512,388516,4,25
388487,388513,388517,4,26
388487,388512,388516,4,25
388487,388497,388517,20,10
388487,388514,388518,4,27
388487,388501,388519,18,14
388487,388513,388519,6,26
388487,388513,388519,6,26
388487,388499,388512,13,12
388487,388512,388518,6,25
388487,388497,388525,28,10
387136,387150,388628,1478,14
388629,388629,388632,3,0
388629,388629,388632,3,0
388629,388629,388633,4,0
388629,388629,388634,5,0
388629,388629,388633,4,0
388629,388629,388634,5,0
388629,388629,388634,5,0
388629,388629,388633,4,0
388629,388629,388634,5,0
388629,388629,388634,5,0
388629,388629,388634,5,0
388629,388629,388636,7,0
388629,388629,388636,7,0
388629,388629,388636,7,0
388629,388629,388636,7,0
388629,388629,388636,7,0
388629,388629,388636,7,0
388629,388629,388638,9,0
388629,388635,388638,3,6
388629,388634,388638,4,5
388629,388634,388638,4,5
388629,388629,388638,9,0
388629,388633,388639,6,4
388629,388634,388639,5,5
388629,388629,388639,10,0
388629,388634,388639,5,5
388629,388634,388639,5,5
388629,388629,388639,10,0
388629,388629,388639,10,0
388629,388629,388640,11,0
388629,388634,388640,6,5
388629,388638,388640,2,9
388629,388638,388640,2,9
388629,388634,388641,7,5
388629,388636,388641,5,7
388629,388636,388641,5,7
388629,388638,388641,3,9
388629,388629,388641,12,0
388629,388638,388642,4,9
388629,388639,388642,3,10
388629,388639,388642,3,10
388629,388640,388642,2,11
388629,388640,388642,2,11
388629,388636,388640,4,7
388629,388636,388643,7,7
388629,388640,388643,3,11
388629,388641,388643,2,12
388629,388640,388643,3,11
388629,388640,388644,4,11
388629,388642,388644,2,13
388629,388641,388645,4,12
388629,388633,388645,12,4
388629,388641,388645,4,12
388629,388643,388645,2,14
388629,388636,388640,4,7
388629,388643,388645,2,14
388629,388643,388645,2,14
388629,388643,388645,2,14
388629,388629,388645,16,0
388629,388642,388646,4,13
388629,388642,388646,4,13
388629,388638,388644,6,9
388629,388633,388647,14,4
388629,388640,388647,7,11
388629,388636,388650,14,7
388629,388640,388651,11,11
388629,388643,388651,8,14
388629,388639,388648,9,10
388629,388641,388655,14,12
388629,388643,388657,14,14
387840,387862,388822,960,22
388824,388824,388827,3,0
388824,388824,388827,3,0
388824,388824,388828,4,0
388824,388824,388828,4,0
388824,388824,388828,4,0
388824,388824,388828,4,0
388824,388824,388830,6,0
388824,388824,388830,6,0
388824,388828,388832,4,4
388824,388824,388832,8,0
388824,388828,388833,5,4
388824,388829,388832,3,5
388824,388824,388834,10,0
388824,388824,388833,9,0
388824,388831,388834,3,7
388824,388824,388834,10,0
388824,388828,388834,6,4
388824,388832,388835,3,8
388824,388831,388835,4,7
388824,388828,388835,7,4
388824,388827,388836,9,3
388824,388833,388836,3,9
388824,388833,388836,3,9
388824,388824,388834,10,0
388824,388824,388837,13,0
388824,388834,388836,2,10
388824,388834,388836,2,10
388824,388824,388837,13,0
388824,388833,388837,4,9
388824,388824,388837,13,0
388824,388824,388838,14,0
388824,388836,388838,2,12
388824,388835,388837,2,11
388824,388836,388838,2,12
388824,388834,388838,4,10
388824,388834,388838,4,10
388824,388837,388839,2,13
388824,388836,388839,3,12
388824,388836,388839,3,12
388824,388824,388839,15,0
388824,388836,388839,3,12
387838,387862,388840,978,24
388824,388838,388840,2,14
388824,388838,388840,2,14
388824,388837,388840,3,13
388824,388824,388841,17,0
388824,388839,388841,2,15
388824,388838,388840,2,14
388824,388838,388842,4,14
388824,388840,388842,2,16
388824,388840,388842,2,16
388824,388839,388842,3,15
388824,388839,388842,3,15
388824,388824,388842,18,0
388824,388838,388842,4,14
388824,388839,388843,4,15
388824,388840,388842,2,16
388824,388840,388843,3,16
388824,388837,388843,6,13
388824,388838,388844,6,14
388824,388837,388843,6,13
388824,388840,388844,4,16
388824,388839,388844,5,15
388840,388841,388844,3,1
388824,388834,388844,10,10
388824,388838,388844,6,14
388824,388824,388844,20,0
388824,388824,388844,20,0
388840,388841,388845,4,1
388840,388842,388844,2,2
388840,388842,388845,3,2
388840,388842,388846,4,2
388824,388840,388845,5,16
388840,388843,388847,4,3
388840,388843,388847,4,3
388840,388844,388847,3,4
388840,388843,388851,8,3
388840,388842,388852,10,2
388840,388844,388851,7,4
388840,388846,388852,6,6
388840,388844,388852,8,4
388840,388848,388852,4,8
388840,388845,388853,8,5
388840,388845,388853,8,5
388840,388844,388854,10,4
388840,388847,388854,7,7
388840,388853,388855,2,13
388840,388847,388854,7,7
388840,388854,388855,1,14
388840,388854,388855,1,14
388840,388848,388855,7,8
388840,388853,388856,3,13
388824,388824,388856,32,0
388840,388852,388856,4,12
388840,388855,388856,1,15
388840,388855,388856,1,15
388840,388843,388855,12,3
388840,388844,388856,12,4
388840,388852,388856,4,12
388840,388844,388857,13,4
388840,388856,388857,1,16
388840,388856,388857,1,16
388840,388855,388857,2,15
388840,388843,388857,14,3
388840,388844,388857,13,4
388840,388857,388858,1,17
388840,388857,388858,1,17
388840,388856,388858,2,16
388840,388856,388858,2,16
388840,388852,388858,6,12
388840,388857,388859,2,17
388840,388858,388860,2,18
388840,388845,388860,15,5
388840,388851,388859,8,11
388840,388858,388860,2,18
388840,388859,388861,2,19
388840,388859,388861,2,19
388840,388858,388860,2,18
388840,388857,388861,4,17
388840,388857,388861,4,17
388840,388860,388862,2,20
388840,388845,388862,17,5
388840,388860,388862,2,20
388840,388858,388862,4,18
388840,388859,388862,3,19
388840,388859,388861,2,19
388840,388845,388862,17,5
388824,388824,388859,35,0
388824,388824,388862,38,0
388840,388857,388862,5,17
388840,388859,388863,4,19
388840,388861,388863,2,21
388840,388861,388863,2,21
388840,388856,388864,8,16
388840,388860,388865,5,20
388840,388858,388865,7,18
388840,388845,388866,21,5
388840,388854,388866,12,14
388840,388860,388869,9,20
388840,388857,388869,12,17
388840,388847,388878,31,7
387359,387374,388909,1535,15
388911,388911,388914,3,0
388911,388911,388914,3,0
388911,388911,388916,5,0
388911,388911,388915,4,0
388911,388911,388916,5,0
388911,388911,388917,6,0
388911,388911,388917,6,0
388911,388911,388917,6,0
388911,388911,388917,6,0
388911,388911,388918,7,0
388911,388911,388917,6,0
388911,388911,388919,8,0
388911,388911,388919,8,0
388911,388911,388921,10,0
388911,388917,388921,4,6
388911,388911,388919,8,0
388911,388911,388921,10,0
388911,388917,388921,4,6
388911,388917,388921,4,6
388911,388918,388922,4,7
388911,388918,388922,4,7
388911,388911,388922,11,0
388911,388915,388923,8,4
388911,388911,388923,12,0
388911,388915,388923,8,4
388911,388916,388922,6,5
388911,388922,388924,2,11
388911,388921,388923,2,10
388911,388911,388925,14,0
388911,388923,388925,2,12
388911,388923,388925,2,12
388911,388911,388922,11,0
388911,388911,388922,11,0
388911,388917,388925,8,6
388911,388919,388925,6,8
388911,388922,388925,3,11
388911,388922,388925,3,11
388911,388922,388925,3,11
388911,388922,388925,3,11
388911,388924,388926,2,13
388911,388923,388926,3,12
388911,388911,388927,16,0
388911,388917,388927,10,6
388911,388923,388927,4,12
388911,388925,388927,2,14
388911,388924,388926,2,13
388911,388926,388928,2,15
388911,388925,388928,3,14
388911,388911,388928,17,0
388911,388923,388928,5,12
388911,388922,388928,6,11
388911,388926,388929,3,15
388911,388919,388927,8,8
388911,388926,388929,3,15
388911,388926,388930,4,15
388911,388927,388930,3,16
388911,388921,388930,9,10
388911,388926,388931,5,15
388911,388911,388929,18,0
388911,388927,388931,4,16
388911,388927,388932,5,16
388911,388916,388931,15,5
388911,388927,388931,4,16
387426,387454,388933,1479,28
388911,388926,388933,7,15
388911,388926,388934,8,15
388911,388911,388936,25,0
388911,388926,388937,11,15
388934,388934,388937,3,0
388911,388925,388938,13,14
388934,388934,388938,4,0
388934,388934,388938,4,0
388934,388934,388939,5,0
388934,388934,388938,4,0
388911,388926,388937,11,15
388911,388926,388940,14,15
387458,387471,388941,1470,13
388934,388934,388942,8,0
388934,388934,388942,8,0
388934,388934,388943,9,0
388934,388934,388944,10,0
388934,388934,388944,10,0
388934,388934,388944,10,0
388934,388934,388944,10,0
388934,388934,388944,10,0
388934,388937,388944,7,3
387960,387968,388946,978,8
388934,388934,388946,12,0
388934,388939,388946,7,5
388934,388945,388947,2,11
388934,388939,388947,8,5
388934,388934,388947,13,0
388934,388934,388948,14,0
388934,388939,388948,9,5
388934,388940,388948,8,6
388934,388947,388948,1,13
388934,388947,388948,1,13
388934,388947,388949,2,13
388934,388941,388949,8,7
388934,388947,388949,2,13
388934,388948,388949,1,14
388934,388943,388949,6,9
388934,388945,388949,4,11
388934,388943,388949,6,9
388934,388934,388950,16,0
388934,388944,388950,6,10
388934,388934,388950,16,0
388934,388949,388951,2,15
388934,388949,388950,1,15
388934,388944,388950,6,10
388934,388944,388951,7,10
388934,388950,388951,1,16
388934,388949,388951,2,15
388934,388934,388952,18,0
388934,388949,388952,3,15
388934,388950,388952,2,16
388934,388951,388953,2,17
388934,388950,388953,3,16
388934,388948,388953,5,14
388934,388949,388953,4,15
388934,388951,388953,2,17
388934,388936,388948,12,2
388934,388943,388948,5,9
388934,388952,388954,2,18
388934,388952,388954,2,18
388934,388937,388954,17,3
388934,388938,388954,16,4
388934,388951,388955,4,17
388934,388951,388955,4,17
388934,388952,388955,3,18
388934,388953,388955,2,19
388934,388950,388955,5,16
388934,388935,388954,19,1
388934,388945,388953,8,11
388934,388952,388956,4,18
388934,388950,388957,7,16
388934,388950,388957,7,16
388934,388953,388958,5,19
388934,388941,388958,17,7
388934,388950,388958,8,16
388934,388951,388958,7,17
388934,388940,388960,20,6
388934,388953,388958,5,19
388958,388958,388961,3,0
388958,388958,388961,3,0
388958,388958,388962,4,0
388958,388958,388962,4,0
388958,388958,388965,7,0
388958,388958,388965,7,0
388958,388958,388966,8,0
388958,388958,388967,9,0
388958,388958,388965,7,0
388958,388962,388967,5,4
388958,388958,388969,11,0
388958,388959,388969,10,1
388958,388958,388969,11,0
388958,388958,388968,10,0
388958,388958,388970,12,0
388958,388968,388970,2,10
388958,388962,388970,8,4
388958,388966,388970,4,8
388958,388958,388970,12,0
388958,388964,388971,7,6
388958,388970,388972,2,12
388958,388970,388972,2,12
388958,388958,388973,15,0
388958,388971,388973,2,13
388958,388971,388973,2,13
388958,388971,388973,2,13
388958,388971,388973,2,13
388958,388958,388974,16,0
388958,388958,388974,16,0
388958,388967,388975,8,9
388958,388958,388975,17,0
388958,388964,388974,10,6
388958,388967,388975,8,9
388958,388970,388975,5,12
388958,388970,388975,5,12
388958,388958,388975,17,0
388958,388959,388975,16,1
388958,388959,388975,16,1
388958,388961,388975,14,3
388958,388958,388975,17,0
388958,388967,388975,8,9
388958,388971,388975,4,13
388958,388974,388976,2,16
388958,388972,388975,3,14
388958,388974,388976,2,16
388958,388974,388976,2,16
388958,388974,388976,2,16
388958,388975,388977,2,17
388958,388971,388977,6,13
388958,388976,388978,2,18
388958,388973,388979,6,15
388958,388974,388978,4,16
388958,388959,388976,17,1
388958,388976,388980,4,18
388958,388976,388980,4,18
388958,388976,388981,5,18
388958,388976,388981,5,18
388958,388976,388980,4,18
388958,388976,388980,4,18
388958,388977,388981,4,19
388958,388976,388981,5,18
388958,388977,388981,4,19
388958,388977,388981,4,19
388958,388976,388982,6,18
388958,388976,388982,6,18
388958,388976,388982,6,18
388958,388975,388982,7,17
388958,388975,388982,7,17
388958,388978,388983,5,20
388958,388978,388983,5,20
388958,388981,388984,3,23
388958,388979,388984,5,21
388958,388976,388983,7,18
388958,388961,388985,24,3
388958,388966,388986,20,8
388958,388975,388985,10,17
388958,388982,388988,6,24
388958,388985,388988,3,27
388958,388985,388989,4,27
388958,388982,388988,6,24
388958,388984,388989,5,26
388958,388981,388988,7,23
388958,388979,388990,11,21
388958,388981,388989,8,23
388958,388984,388989,5,26
388958,388982,388990,8,24
388958,388989,388991,2,31
388958,388980,388992,12,22
388958,388989,388992,3,31
388958,388981,388991,10,23
388958,388981,388992,11,23
388958,388989,388991,2,31
388958,388989,388992,3,31
388958,388976,388991,15,18
388958,388985,388991,6,27
388958,388989,388992,3,31
388958,388985,388990,5,27
388958,388989,388993,4,31
388958,388986,388993,7,28
388958,388982,388993,11,24
388958,388990,388993,3,32
388958,388991,388993,2,33
388958,388992,388994,2,34
388958,388990,388994,4,32
388958,388992,388994,2,34
388958,388986,388995,9,28
388958,388993,388995,2,35
388958,388990,388995,5,32
388958,388979,388996,17,21
388958,388992,388996,4,34
388958,388993,388995,2,35
388958,388992,388996,4,34
388958,388992,388996,4,34
388958,388982,388995,13,24
388958,388992,388996,4,34
388958,388992,388997,5,34
388958,388994,388997,3,36
388958,388993,388997,4,35
388958,388993,388996,3,35
388958,388995,388997,2,37
388958,388995,388998,3,37
388958,388995,388997,2,37
388958,388993,388997,4,35
388958,388996,388998,2,38
388958,388996,388999,3,38
388958,388996,388998,2,38
388958,388995,388999,4,37
388958,388994,388999,5,36
388958,388996,389000,4,38
388958,388996,389000,4,38
388958,388996,389000,4,38
388958,388982,389000,18,24
388958,388982,389003,21,24
388958,388982,389000,18,24
388958,388982,389003,21,24
388958,388996,389004,8,38
388958,388994,389005,11,36
388958,388975,388995,20,17
388958,388992,388995,3,34
388958,388996,389007,11,38
388057,388068,389058,990,11
389060,389060,389064,4,0
389060,389060,389064,4,0
389060,389060,389064,4,0
389060,389060,389064,4,0
389060,389060,389064,4,0
389060,389060,389065,5,0
389060,389060,389065,5,0
389060,389060,389065,5,0
389060,389064,389066,2,4
389060,389064,389067,3,4
389060,389060,389068,8,0
389060,389060,389067,7,0
389060,389064,389067,3,4
389060,389065,389067,2,5
389060,389066,389068,2,6
389060,389067,389069,2,7
389060,389060,389069,9,0
389060,389066,389069,3,6
389060,389060,389070,10,0
389060,389064,389070,6,4
389060,389066,389070,4,6
389060,389067,389070,3,7
389060,389068,389070,2,8
389060,389068,389071,3,8
389060,389068,389070,2,8
389060,389060,389071,11,0
389060,389068,389072,4,8
389060,389069,389071,2,9
389060,389068,389072,4,8
389060,389069,389071,2,9
389060,389060,389072,12,0
389060,389070,389073,3,10
389060,389060,389072,12,0
389060,389060,389073,13,0
389060,389070,389072,2,10
389060,389070,389073,3,10
389060,389070,389073,3,10
389060,389070,389074,4,10
389060,389072,389074,2,12
389060,389072,389074,2,12
389060,389060,389075,15,0
389060,389060,389075,15,0
389060,389071,389075,4,11
389060,389072,389075,3,12
389060,389072,389075,3,12
389060,389073,389075,2,13
389060,389072,389076,4,12
389060,389074,389076,2,14
389060,389073,389076,3,13
389060,389073,389076,3,13
389060,389060,389077,17,0
389060,389072,389076,4,12
389060,389060,389076,16,0
389060,389060,389077,17,0
389060,389073,389077,4,13
389060,389074,389076,2,14
389060,389073,389078,5,13
389060,389075,389078,3,15
389060,389076,389078,2,16
389060,389073,389079,6,13
389060,389060,389079,19,0
389060,389075,389079,4,15
389060,389069,389076,7,9
389060,389060,389078,18,0
389060,389060,389080,20,0
389060,389075,389080,5,15
389060,389075,389080,5,15
389060,389074,389081,7,14
389060,389060,389081,21,0
389060,389073,389081,8,13
388201,388211,389164,953,10
389167,389167,389170,3,0
389167,389167,389170,3,0
389167,389167,389170,3,0
389167,389167,389171,4,0
389167,389167,389171,4,0
389167,389167,389171,4,0
389167,389167,389171,4,0
389167,389167,389171,4,0
389167,389167,389172,5,0
389167,389171,389172,1,4
389167,389167,389173,6,0
389167,389172,389173,1,5
389167,389171,389173,2,4
389167,389171,389173,2,4
389167,389172,389174,2,5
389167,389173,389175,2,6
389167,389172,389174,2,5
389167,389172,389174,2,5
389167,389167,389175,8,0
389167,389172,389176,4,5
389167,389174,389175,1,7
389167,389173,389175,2,6
389167,389167,389176,9,0
389167,389175,389177,2,8
389167,389175,389177,2,8
389167,389174,389176,2,7
389167,389174,389176,2,7
389167,389167,389177,10,0
389167,389174,389177,3,7
389167,389167,389178,11,0
389167,389176,389178,2,9
389167,389175,389177,2,8
389167,389175,389177,2,8
389167,389167,389179,12,0
389167,389167,389178,11,0
389167,389176,389179,3,9
389167,389167,389179,12,0
389167,389167,389179,12,0
389167,389167,389179,12,0
389167,389176,389180,4,9
389167,389178,389180,2,11
389167,389177,389179,2,10
389167,389177,389179,2,10
389167,389167,389180,13,0
389167,389177,389180,3,10
389167,389178,389181,3,11
389167,389178,389180,2,11
389167,389179,389181,2,12
389167,389177,389180,3,10
389167,389177,389180,3,10
389167,389167,389182,15,0
389167,389178,389182,4,11
389167,389167,389182,15,0
389167,389178,389183,5,11
389167,389180,389182,2,13
389167,389180,389182,2,13
389167,389180,389183,3,13
389167,389178,389183,5,11
389167,389181,389184,3,14
389167,389179,389184,5,12
389167,389180,389184,4,13
389167,389167,389184,17,0
389167,389179,389184,5,12
389167,389180,389184,4,13
389167,389180,389184,4,13
389167,389167,389185,18,0
389167,389181,389185,4,14
389167,389167,389181,14,0
389167,389180,389188,8,13
389167,389176,389190,14,9
387797,387810,389275,1465,13
389276,389276,389280,4,0
389276,389276,389280,4,0
389276,389276,389279,3,0
389276,389276,389281,5,0
389276,389276,389280,4,0
389276,389276,389282,6,0
389276,389276,389282,6,0
389276,389276,389283,7,0
389276,389276,389284,8,0
389276,389276,389284,8,0
389276,389276,389284,8,0
389276,389276,389285,9,0
389276,389280,389286,6,4
389276,389280,389287,7,4
389276,389280,389286,6,4
389276,389282,389286,4,6
389276,389282,389287,5,6
389276,389281,389288,7,5
389276,389276,389287,11,0
389276,389284,389289,5,8
389276,389284,389289,5,8
389276,389287,389289,2,11
389276,389286,389289,3,10
389276,389287,389289,2,11
389276,389281,389289,8,5
389276,389287,389289,2,11
389276,389276,389290,14,0
389276,389276,389291,15,0
389276,389276,389287,11,0
389276,389287,389290,3,11
389276,389289,389291,2,13
389276,389288,389291,3,12
389276,389289,389291,2,13
389276,389276,389291,15,0
389276,389276,389291,15,0
389276,389289,389292,3,13
389276,389289,389292,3,13
389276,389289,389292,3,13
389276,389276,389292,16,0
389276,389289,389293,4,13
389276,389291,389293,2,15
389276,389283,389291,8,7
389276,389285,389293,8,9
389276,389291,389294,3,15
389276,389289,389293,4,13
389276,389292,389294,2,16
389276,389292,389294,2,16
389276,389276,389295,19,0
389276,389276,389294,18,0
389276,389293,389296,3,17
389276,389293,389295,2,17
389276,389276,389296,20,0
389276,389292,389296,4,16
389276,389293,389295,2,17
389276,389293,389296,3,17
389276,389276,389293,17,0
389276,389276,389296,20,0
389276,389291,389296,5,15
389276,389294,389297,3,18
389276,389292,389298,6,16
389276,389293,389297,4,17
389276,389294,389298,4,18
389276,389291,389295,4,15
389276,389289,389299,10,13
389276,389291,389298,7,15
389276,389293,389299,6,17
389276,389293,389300,7,17
389276,389286,389301,15,10
389276,389293,389302,9,17
389276,389276,389302,26,0
387521,387541,389329,1788,20
389341,389342,389345,3,1
389341,389342,389345,3,1
389341,389342,389346,4,1
389341,389342,389346,4,1
389341,389342,389346,4,1
389341,389342,389347,5,1
389341,389342,389348,6,1
389341,389342,389349,7,1
389341,389342,389349,7,1
389341,389342,389350,8,1
389341,389342,389351,9,1
389341,389342,389353,11,1
389341,389342,389352,10,1
389341,389346,389353,7,5
389341,389346,389353,7,5
389341,389347,389353,6,6
389341,389342,389353,11,1
389341,389342,389354,12,1
389341,389346,389353,7,5
389341,389342,389353,11,1
389341,389347,389354,7,6
389341,389348,389356,8,7
389341,389354,389355,1,13
389341,389353,389356,3,12
389341,389342,389356,14,1
389341,389351,389356,5,10
389341,389342,389356,14,1
389341,389350,389356,6,9
389341,389354,389356,2,13
389341,389354,389357,3,13
389341,389342,389356,14,1
389341,389352,389357,5,11
389341,389353,389358,5,12
389341,389353,389357,4,12
389341,389356,389357,1,15
389341,389355,389357,2,14
389341,389354,389357,3,13
389341,389354,389357,3,13
389341,389342,389358,16,1
389341,389354,389357,3,13
389341,389356,389358,2,15
389341,389342,389358,16,1
389341,389350,389359,9,9
389341,389349,389359,10,8
389341,389356,389359,3,15
389341,389358,389360,2,17
389341,389342,389359,17,1
389341,389357,389359,2,16
389341,389357,389361,4,16
389341,389358,389360,2,17
389341,389357,389360,3,16
389341,389358,389361,3,17
389341,389358,389361,3,17
389341,389358,389361,3,17
389341,389357,389361,4,16
389341,389358,389362,4,17
389341,389358,389362,4,17
389341,389357,389362,5,16
389341,389360,389362,2,19
389341,389357,389362,5,16
389341,389358,389363,5,17
389341,389359,389363,4,18
389341,389359,389363,4,18
389341,389359,389364,5,18
388430,388441,389365,924,11
389341,389358,389362,4,17
389366,389366,389369,3,0
389366,389366,389369,3,0
389366,389366,389370,4,0
389366,389366,389370,4,0
389366,389366,389370,4,0
389341,389357,389368,11,16
389366,389366,389372,6,0
389366,389370,389373,3,4
389366,389371,389374,3,5
389366,389370,389373,3,4
389366,389371,389373,2,5
389366,389366,389374,8,0
389366,389366,389374,8,0
389366,389371,389374,3,5
389341,389342,389369,27,1
389341,389342,389372,30,1
389341,389342,389370,28,1
389341,389358,389375,17,17
389366,389366,389375,9,0
389366,389366,389376,10,0
389366,389373,389376,3,7
389366,389374,389376,2,8
389366,389374,389376,2,8
389366,389366,389377,11,0
389366,389375,389377,2,9
389366,389374,389377,3,8
389366,389375,389378,3,9
389366,389375,389378,3,9
389366,389366,389378,12,0
389366,389375,389378,3,9
389366,389377,389379,2,11
389366,389366,389379,13,0
389366,389375,389380,5,9
387880,387903,389380,1477,23
389366,389366,389379,13,0
389366,389366,389379,13,0
389366,389377,389379,2,11
389366,389366,389378,12,0
389366,389374,389380,6,8
389366,389366,389377,11,0
389366,389373,389379,6,7
389366,389376,389379,3,10
389366,389377,389380,3,11
389366,389378,389380,2,12
389366,389366,389381,15,0
389366,389366,389381,15,0
389366,389377,389381,4,11
389366,389380,389382,2,14
389366,389379,389381,2,13
389366,389378,389381,3,12
389366,389378,389382,4,12
389366,389379,389382,3,13
389366,389379,389383,4,13
389366,389380,389383,3,14
389366,389381,389383,2,15
389366,389380,389384,4,14
389366,389382,389384,2,16
389366,389381,389384,3,15
389366,389366,389383,17,0
389366,389375,389384,9,9
389366,389379,389384,5,13
389366,389379,389384,5,13
389366,389380,389385,5,14
389366,389380,389384,4,14
389366,389382,389385,3,16
389366,389382,389385,3,16
389366,389381,389385,4,15
389366,389376,389387,11,10
389366,389380,389387,7,14
389366,389381,389387,6,15
389366,389380,389387,7,14
389366,389381,389388,7,15
389366,389380,389388,8,14
389366,389382,389389,7,16
389366,389382,389389,7,16
389366,389381,389391,10,15
389393,389393,389396,3,0
389393,389393,389397,4,0
389393,389393,389397,4,0
389393,389393,389397,4,0
389393,389393,389397,4,0
389393,389393,389398,5,0
389393,389393,389401,8,0
389393,389393,389402,9,0
389393,389398,389402,4,5
389393,389398,389401,3,5
389393,389393,389402,9,0
389393,389393,389403,10,0
389393,389393,389402,9,0
389393,389398,389401,3,5
389393,389398,389402,4,5
389393,389397,389403,6,4
389393,389398,389404,6,5
389393,389402,389405,3,9
389393,389393,389405,12,0
389393,389404,389406,2,11
389393,389402,389406,4,9
389393,389403,389406,3,10
389393,389393,389407,14,0
389393,389402,389406,4,9
389393,389393,389406,13,0
389393,389393,389406,13,0
389393,389405,389407,2,12
389393,389403,389406,3,10
389393,389405,389407,2,12
389393,389393,389408,15,0
389393,389402,389408,6,9
389393,389406,389408,2,13
389393,389406,389408,2,13
389393,389393,389408,15,0
389393,389403,389408,5,10
389393,389393,389408,15,0
389393,389393,389408,15,0
389393,389393,389408,15,0
389393,389403,389408,5,10
389393,389393,389408,15,0
389393,389406,389409,3,13
389393,389403,389410,7,10
389393,389408,389410,2,15
389393,389407,389410,3,14
389393,389407,389410,3,14
389393,389408,389411,3,15
389393,389407,389410,3,14
389393,389393,389412,19,0
389393,389407,389411,4,14
389393,389393,389412,19,0
389393,389408,389411,3,15
389393,389407,389411,4,14
389393,389408,389412,4,15
389393,389408,389411,3,15
389393,389409,389412,3,16
389393,389406,389412,6,13
389393,389407,389412,5,14
389393,389410,389412,2,17
389393,389410,389413,3,17
389393,389410,389412,2,17
389393,389410,389414,4,17
389393,389409,389414,5,16
389393,389409,389414,5,16
389393,389409,389414,5,16
389393,389409,389414,5,16
389393,389409,389414,5,16
389393,389409,389414,5,16
388485,388494,389417,923,9
389393,389393,389413,20,0
389393,389393,389414,21,0
389393,389409,389414,5,16
389418,389418,389422,4,0
389418,389418,389422,4,0
389418,389418,389422,4,0
389418,389418,389422,4,0
389418,389418,389423,5,0
389418,389418,389423,5,0
389418,389418,389423,5,0
389418,389422,389424,2,4
389418,389418,389424,6,0
389418,389422,389424,2,4
389418,389422,389424,2,4
389418,389418,389425,7,0
389418,389422,389425,3,4
389418,389424,389426,2,6
389418,389424,389426,2,6
389418,389424,389426,2,6
389418,389423,389427,4,5
389418,389423,389427,4,5
389418,389418,389427,9,0
389418,389426,389427,1,8
389418,389425,389427,2,7
389418,389425,389427,2,7
389418,389427,389428,1,9
389418,389418,389428,10,0
389418,389418,389429,11,0
389418,389418,389429,11,0
389418,389425,389429,4,7
389418,389427,389429,2,9
389418,389427,389429,2,9
389418,389418,389430,12,0
389418,389420,389430,10,2
389418,389420,389430,10,2
389418,389420,389430,10,2
389418,389428,389430,2,10
389418,389428,389430,2,10
389418,389428,389430,2,10
389418,389418,389431,13,0
389418,389418,389431,13,0
389418,389418,389431,13,0
389418,389429,389431,2,11
389418,389427,389432,5,9
389418,389430,389432,2,12
389418,389418,389433,15,0
389418,389427,389433,6,9
389418,389431,389433,2,13
389418,389428,389433,5,10
389418,389430,389433,3,12
389418,389431,389433,2,13
389418,389431,389433,2,13
389418,389430,389434,4,12
389418,389432,389434,2,14
389418,389431,389434,3,13
389418,389429,389435,6,11
389418,389432,389436,4,14
389418,389418,389436,18,0
389418,389429,389435,6,11
389418,389430,389436,6,12
389418,389433,389435,2,15
389418,389418,389437,19,0
389418,389433,389437,4,15
389418,389433,389437,4,15
389418,389431,389438,7,13
389418,389431,389439,8,13
389418,389434,389439,5,16
389418,389432,389439,7,14
389418,389432,389439,7,14
389418,389429,389440,11,11
389418,389443,389447,4,25
388488,388514,389448,934,26
389418,389443,389449,6,25
389449,389449,389452,3,0
389449,389449,389453,4,0
389449,389449,389453,4,0
389449,389449,389452,3,0
389418,389434,389439,5,16
389449,389449,389454,5,0
389449,389449,389453,4,0
389449,389449,389454,5,0
389449,389449,389453,4,0
389449,389449,389454,5,0
389449,389449,389454,5,0
389449,389449,389455,6,0
389449,389453,389455,2,4
389449,389449,389455,6,0
389449,389454,389456,2,5
389449,389454,389456,2,5
389449,389453,389457,4,4
389449,389453,389457,4,4
389449,389453,389456,3,4
389449,389454,389456,2,5
389449,389455,389457,2,6
389449,389455,389457,2,6
389449,389449,389457,8,0
389449,389449,389458,9,0
389449,389455,389458,3,6
389449,389456,389458,2,7
389449,389454,389459,5,5
389449,389456,389458,2,7
389449,389449,389460,11,0
389449,389449,389459,10,0
389449,389455,389459,4,6
389449,389457,389460,3,8
389449,389457,389459,2,8
389449,389457,389460,3,8
389449,389456,389460,4,7
389449,389458,389460,2,9
389449,389449,389462,13,0
389449,389457,389461,4,8
389449,389457,389461,4,8
389449,389457,389461,4,8
389449,389458,389462,4,9
389449,389459,389462,3,10
389449,389460,389462,2,11
389449,389460,389462,2,11
389449,389459,389463,4,10
389449,389458,389462,4,9
389449,389460,389463,3,11
389449,389460,389463,3,11
389449,389461,389463,2,12
389449,389462,389464,2,13
389449,389460,389464,4,11
389449,389462,389465,3,13
389449,389462,389465,3,13
389449,389462,389465,3,13
389449,389458,389465,7,9
389449,389460,389466,6,11
389449,389462,389466,4,13
387974,387986,389467,1481,12
389449,389462,389467,5,13
389449,389462,389466,4,13
389449,389449,389466,17,0
389449,389449,389467,18,0
389449,389461,389467,6,12
389449,389463,389468,5,14
389449,389463,389468,5,14
389449,389449,389469,20,0
389449,389462,389472,10,13
389449,389449,389474,25,0
389449,389449,389474,25,0
389471,389471,389474,3,0
389471,389471,389474,3,0
389471,389471,389475,4,0
389471,389471,389475,4,0
389471,389471,389476,5,0
389471,389471,389476,5,0
389471,389471,389476,5,0
389471,389471,389478,7,0
389471,389471,389479,8,0
389471,389475,389479,4,4
389471,389476,389480,4,5
389449,389454,389462,8,5
389449,389454,389471,17,5
389471,389476,389480,4,5
389471,389471,389482,11,0
389471,389471,389482,11,0
389471,389471,389482,11,0
389471,389476,389482,6,5
389471,389480,389482,2,9
389471,389474,389481,7,3
389449,389454,389481,27,5
389471,389480,389483,3,9
389471,389478,389483,5,7
389471,389471,389484,13,0
389471,389482,389484,2,11
389471,389482,389484,2,11
389471,389481,389484,3,10
389471,389480,389485,5,9
389471,389471,389485,14,0
389471,389480,389485,5,9
389471,389482,389484,2,11
389471,389480,389485,5,9
389471,389482,389486,4,11
389471,389473,389486,13,2
389471,389471,389486,15,0
389471,389484,389486,2,13
389471,389484,389486,2,13
389471,389483,389486,3,12
389471,389484,389487,3,13
389471,389471,389487,16,0
389471,389471,389487,16,0
389471,389482,389486,4,11
389471,389482,389486,4,11
389471,389484,389487,3,13
389471,389477,389487,10,6
389471,389486,389488,2,15
389471,389485,389488,3,14
389471,389485,389489,4,14
389471,389485,389489,4,14
389471,389477,389489,12,6
389471,389486,389489,3,15
389471,389486,389489,3,15
389471,389487,389489,2,16
389471,389483,389487,4,12
389471,389488,389490,2,17
389471,389487,389490,3,16
389471,389486,389490,4,15
389471,389486,389490,4,15
389471,389486,389490,4,15
389471,389488,389491,3,17
389471,389471,389479,8,0
389471,389487,389493,6,16
389471,389489,389495,6,18
389471,389487,389495,8,16
389471,389471,389492,21,0
389471,389488,389498,10,17
389471,389484,389500,16,13
389471,389485,389492,7,14
389471,389486,389504,18,15
389471,389487,389505,18,16
389471,389487,389504,17,16
389471,389494,389508,14,23
388002,388016,389512,1496,14
389471,389494,389513,19,23
389513,389513,389515,2,0
389513,389513,389517,4,0
389513,389513,389516,3,0
389513,389513,389516,3,0
389513,389513,389517,4,0
389513,389513,389518,5,0
389513,389516,389520,4,3
389513,389518,389520,2,5
389513,389517,389520,3,4
389513,389517,389520,3,4
389513,389517,389520,3,4
389513,389513,389522,9,0
389513,389520,389522,2,7
389513,389519,389523,4,6
389513,389513,389523,10,0
389513,389514,389522,8,1
389513,389520,389522,2,7
389513,389520,389522,2,7
389513,389520,389522,2,7
389513,389513,389523,10,0
389513,389513,389523,10,0
389513,389522,389524,2,9
389513,389521,389523,2,8
389513,389513,389525,12,0
389513,389513,389525,12,0
389513,389513,389525,12,0
389513,389523,389525,2,10
389513,389523,389525,2,10
389513,389513,389526,13,0
389513,389523,389526,3,10
389513,389524,389526,2,11
389513,389523,389525,2,10
389513,389513,389526,13,0
389513,389513,389527,14,0
389513,389525,389527,2,12
389513,389524,389527,3,11
389513,389525,389527,2,12
389513,389513,389527,14,0
389513,389522,389527,5,9
389513,389523,389527,4,10
389513,389523,389528,5,10
389513,389526,389528,2,13
389513,389525,389527,2,12
389513,389513,389528,15,0
389513,389513,389528,15,0
389513,389525,389528,3,12
389513,389526,389528,2,13
389513,389524,389528,4,11
389513,389526,389528,2,13
389513,389524,389529,5,11
389513,389525,389529,4,12
389513,389527,389529,2,14
389513,389526,389530,4,13
389513,389527,389531,4,14
389513,389513,389531,18,0
389513,389528,389530,2,15
389513,389527,389530,3,14
389513,389528,389531,3,15
389513,389513,389532,19,0
389513,389528,389532,4,15
389513,389528,389532,4,15
389513,389528,389532,4,15
389513,389528,389532,4,15
389513,389513,389534,21,0
389513,389513,389534,21,0
389513,389513,389535,22,0
389513,389527,389536,9,14
389513,389529,389539,10,16
389513,389528,389538,10,15
388020,388035,389550,1515,15
389551,389552,389555,3,1
389551,389552,389555,3,1
389551,389552,389556,4,1
389551,389552,389556,4,1
389551,389552,389556,4,1
389551,389552,389558,6,1
389551,389556,389558,2,5
389551,389556,389558,2,5
389551,389556,389559,3,5
389551,389557,389560,3,6
389551,389557,389560,3,6
389551,389559,389560,1,8
389551,389559,389561,2,8
389551,389558,389561,3,7
389551,389552,389562,10,1
389551,389561,389563,2,10
389551,389561,389563,2,10
389551,389560,389562,2,9
389551,389560,389563,3,9
389551,389561,389563,2,10
389551,389552,389563,11,1
389551,389552,389564,12,1
389551,389563,389565,2,12
389551,389563,389565,2,12
389551,389552,389565,13,1
389551,389562,389565,3,11
389551,389563,389565,2,12
389551,389563,389566,3,12
389551,389552,389566,14,1
389551,389564,389566,2,13
389551,389565,389567,2,14
389551,389552,389567,15,1
389551,389563,389567,4,12
389551,389564,389567,3,13
389551,389565,389567,2,14
389551,389552,389568,16,1
389551,389552,389568,16,1
389551,389552,389568,16,1
389551,389565,389569,4,14
389551,389567,389569,2,16
389551,389566,389568,2,15
389551,389552,389569,17,1
389551,389552,389569,17,1
389551,389552,389570,18,1
389551,389567,389570,3,16
389551,389566,389570,4,15
389551,389568,389570,2,17
389551,389569,389571,2,18
388081,388094,389571,1477,13
389551,389552,389572,20,1
389551,389568,389572,4,17
389551,389569,389573,4,18
389551,389569,389573,4,18
389551,389570,389574,4,19
389551,389569,389573,4,18
389551,389570,389573,3,19
389551,389566,389570,4,15
389551,389552,389571,19,1
389551,389568,389572,4,17
389513,389571,389575,4,58
389551,389571,389575,4,20
389572,389572,389575,3,0
389551,389574,389577,3,23
389551,389552,389577,25,1
389551,389552,389571,19,1
389551,389552,389576,24,1
389572,389573,389577,4,1
389551,389567,389578,11,16
389572,389574,389579,5,2
389551,389568,389579,11,17
389551,389569,389580,11,18
389572,389572,389581,9,0
389572,389576,389581,5,4
389572,389574,389581,7,2
389572,389581,389583,2,9
389551,389566,389581,15,15
389572,389577,389583,6,5
389572,389579,389583,4,7
389572,389574,389584,10,2
389572,389574,389584,10,2
389572,389582,389585,3,10
389551,389570,389578,8,19
389572,389583,389585,2,11
389572,389585,389587,2,13
389572,389584,389587,3,12
389572,389585,389587,2,13
389572,389585,389587,2,13
389572,389575,389584,9,3
389572,389574,389589,15,2
389572,389581,389589,8,9
389572,389588,389589,1,16
389572,389585,389589,4,13
389572,389585,389589,4,13
389572,389588,389590,2,16
389572,389588,389590,2,16
389572,389588,389591,3,16
389572,389590,389591,1,18
389572,389573,389592,19,1
389572,389573,389592,19,1
389572,389576,389592,16,4
389572,389591,389593,2,19
389572,389591,389593,2,19
389572,389590,389594,4,18
389572,389591,389593,2,19
389572,389584,389594,10,12
389572,389575,389594,19,3
389572,389589,389594,5,17
389572,389592,389594,2,20
389572,389590,389594,4,18
389572,389594,389596,2,22
389572,389594,389596,2,22
389572,389581,389596,15,9
389572,389594,389597,3,22
389572,389593,389597,4,21
389572,389593,389597,4,21
389572,389595,389597,2,23
389572,389589,389597,8,17
389572,389593,389597,4,21
389572,389594,389598,4,22
389572,389594,389598,4,22
389572,389581,389598,17,9
389572,389594,389599,5,22
389572,389597,389599,2,25
389572,389597,389599,2,25
389572,389578,389599,21,6
389572,389595,389599,4,23
389572,389588,389600,12,16
389572,389598,389600,2,26
389572,389597,389600,3,25
389572,389594,389601,7,22
389572,389597,389601,4,25
389572,389597,389602,5,25
389572,389597,389602,5,25
389572,389575,389602,27,3
389572,389598,389604,6,26
389551,389570,389603,33,19
388630,388644,389613,969,14
389572,389578,389613,35,6
389572,389585,389617,32,13
389551,389552,389589,37,1
389614,389614,389618,4,0
389614,389614,389617,3,0
389614,389614,389619,5,0
389614,389614,389619,5,0
389614,389614,389619,5,0
389614,389614,389619,5,0
389614,389614,389618,4,0
389614,389614,389620,6,0
389614,389614,389621,7,0
389614,389614,389621,7,0
389614,389614,389620,6,0
389614,389620,389622,2,6
389614,389619,389621,2,5
389614,389619,389621,2,5
389614,389618,389622,4,4
389614,389619,389621,2,5
389614,389619,389621,2,5
389572,389579,389597,18,7
389572,389579,389591,12,7
389614,389618,389624,6,4
389614,389622,389625,3,8
389614,389622,389624,2,8
389614,389622,389625,3,8
389614,389621,389625,4,7
389614,389622,389625,3,8
389614,389622,389625,3,8
389614,389622,389626,4,8
389614,389619,389626,7,5
389614,389623,389627,4,9
389614,389621,389627,6,7
389614,389625,389628,3,11
389614,389625,389628,3,11
389614,389625,389628,3,11
389614,389625,389628,3,11
389614,389625,389628,3,11
389614,389614,389629,15,0
389572,389578,389623,45,6
389614,389614,389630,16,0
389614,389614,389630,16,0
389614,389621,389630,9,7
389614,389625,389630,5,11
389614,389626,389630,4,12
389614,389623,389630,7,9
389614,389623,389630,7,9
389614,389628,389631,3,14
389614,389628,389631,3,14
389614,389628,389631,3,14
389614,389628,389631,3,14
389614,389628,389631,3,14
389614,389624,389631,7,10
389614,389614,389632,18,0
389614,389628,389632,4,14
389614,389629,389631,2,15
389614,389614,389633,19,0
389614,389631,389633,2,17
389614,389631,389634,3,17
389614,389631,389634,3,17
389614,389631,389634,3,17
389614,389632,389634,2,18
389614,389632,389634,2,18
389614,389630,389635,5,16
389614,389614,389631,17,0
389614,389627,389635,8,13
389614,389630,389635,5,16
389614,389630,389634,4,16
387898,387903,389635,1732,5
389614,389630,389638,8,16
389614,389614,389632,18,0
389614,389630,389641,11,16
389614,389630,389641,11,16
389614,389614,389645,31,0
389614,389614,389645,31,0
389614,389617,389647,30,3
389651,389651,389654,3,0
389651,389651,389655,4,0
389651,389651,389655,4,0
389651,389651,389655,4,0
389651,389651,389655,4,0
389651,389651,389656,5,0
389614,389630,389657,27,16
389651,389651,389659,8,0
389651,389651,389659,8,0
389651,389656,389660,4,5
389651,389656,389661,5,5
389651,389656,389660,4,5
389651,389651,389662,11,0
389651,389657,389661,4,6
389651,389656,389662,6,5
389651,389655,389663,8,4
389651,389660,389663,3,9
389651,389661,389664,3,10
389651,389659,389664,5,8
389651,389651,389664,13,0
389651,389651,389664,13,0
389651,389661,389664,3,10
389651,389651,389665,14,0
389651,389663,389665,2,12
389651,389662,389666,4,11
389651,389660,389665,5,9
389651,389663,389665,2,12
389651,389663,389665,2,12
389651,389665,389667,2,14
389651,389664,389666,2,13
389651,389651,389667,16,0
389651,389651,389667,16,0
389651,389651,389667,16,0
389651,389662,389668,6,11
389651,389664,389668,4,13
389651,389666,389668,2,15
389651,389665,389668,3,14
389651,389666,389668,2,15
389651,389666,389669,3,15
389651,389651,389669,18,0
389651,389651,389670,19,0
389651,389667,389670,3,16
389651,389666,389670,4,15
389651,389667,389669,2,16
389651,389668,389670,2,17
389651,389654,389671,17,3
389651,389665,389670,5,14
389651,389651,389671,20,0
389651,389669,389671,2,18
389651,389654,389671,17,3
389651,389657,389672,15,6
389651,389669,389671,2,18
389651,389669,389672,3,18
389651,389651,389670,19,0
389651,389665,389669,4,14
389651,389651,389672,21,0
389651,389669,389673,4,18
389651,389670,389672,2,19
389651,389668,389673,5,17
389651,389651,389672,21,0
389651,389668,389674,6,17
389651,389670,389674,4,19
389651,389670,389673,3,19
389651,389670,389674,4,19
389651,389670,389675,5,19
389651,389671,389675,4,20
389651,389654,389676,22,3
389651,389668,389673,5,17
389651,389673,389678,5,22
389651,389666,389678,12,15
389651,389667,389686,19,16
388844,388861,389818,957,17
389819,389819,389823,4,0
389819,389819,389824,5,0
389819,389819,389824,5,0
389819,389819,389824,5,0
389819,389819,389824,5,0
389819,389819,389824,5,0
389819,389819,389824,5,0
389819,389819,389825,6,0
389819,389819,389825,6,0
389819,389824,389826,2,5
389819,389824,389826,2,5
389819,389819,389827,8,0
389819,389823,389827,4,4
389819,389825,389827,2,6
389819,389819,389827,8,0
389819,389824,389828,4,5
389819,389824,389828,4,5
389819,389826,389828,2,7
389819,389826,389828,2,7
389819,389819,389828,9,0
389819,389819,389828,9,0
389819,389819,389828,9,0
389819,389824,389829,5,5
389819,389819,389828,9,0
389819,389826,389828,2,7
389819,389827,389830,3,8
389819,389828,389830,2,9
389819,389828,389830,2,9
389819,389828,389831,3,9
389819,389819,389831,12,0
389819,389827,389831,4,8
389819,389828,389832,4,9
389819,389829,389832,3,10
389819,389830,389832,2,11
389819,389826,389830,4,7
389819,389828,389833,5,9
389819,389831,389833,2,12
389819,389829,389833,4,10
389819,389828,389834,6,9
389819,389830,389833,3,11
389819,389829,389835,6,10
389819,389833,389835,2,14
389819,389833,389835,2,14
389819,389829,389836,7,10
389819,389832,389836,4,13
389819,389834,389836,2,15
389819,389829,389835,6,10
389819,389819,389834,15,0
389819,389819,389835,16,0
389819,389832,389837,5,13
389819,389836,389837,1,17
389819,389835,389837,2,16
389819,389833,389838,5,14
389819,389836,389838,2,17
389819,389834,389839,5,15
389819,389832,389839,7,13
389819,389834,389840,6,15
389819,389836,389840,4,17
389819,389819,389841,22,0
389819,389835,389841,6,16
389819,389836,389842,6,17
389819,389819,389843,24,0
389819,389832,389843,11,13
389819,389819,389843,24,0
389819,389829,389844,15,10
389819,389833,389846,13,14
389819,389819,389847,28,0
389819,389822,389850,28,3
389819,389822,389852,30,3
389819,389822,389853,31,3
388912,388927,389895,968,15
389896,389896,389899,3,0
389896,389896,389900,4,0
389896,389896,389900,4,0
389896,389896,389899,3,0
389896,389896,389901,5,0
389896,389896,389901,5,0
389896,389896,389901,5,0
389896,389896,389901,5,0
389896,389896,389900,4,0
389896,389896,389902,6,0
389896,389896,389902,6,0
389896,389900,389902,2,4
389896,389896,389902,6,0
389896,389896,389903,7,0
389896,389901,389903,2,5
389896,389901,389903,2,5
389896,389901,389903,2,5
389896,389900,389904,4,4
389896,389901,389904,3,5
389896,389900,389904,4,4
389896,389902,389904,2,6
389896,389896,389903,7,0
389896,389896,389905,9,0
389896,389896,389905,9,0
389896,389896,389905,9,0
389896,389902,389905,3,6
389896,389901,389905,4,5
389896,389902,389905,3,6
389896,389904,389906,2,8
389896,389896,389906,10,0
389896,389900,389906,6,4
389896,389902,389906,4,6
389896,389896,389906,10,0
389896,389904,389906,2,8
389896,389904,389906,2,8
389896,389896,389907,11,0
389896,389896,389907,11,0
389896,389904,389907,3,8
389896,389905,389907,2,9
389896,389906,389908,2,10
389896,389906,389908,2,10
389896,389904,389909,5,8
389896,389904,389909,5,8
389896,389906,389909,3,10
389896,389907,389909,2,11
389896,389907,389909,2,11
389896,389908,389910,2,12
389896,389903,389910,7,7
389896,389896,389910,14,0
389896,389908,389910,2,12
389896,389909,389911,2,13
389896,389896,389911,15,0
389896,389905,389911,6,9
389896,389906,389911,5,10
389896,389910,389912,2,14
389896,389906,389912,6,10
389896,389905,389912,7,9
389896,389905,389912,7,9
389896,389909,389912,3,13
389896,389907,389913,6,11
389896,389910,389913,3,14
389896,389909,389914,5,13
389896,389896,389914,18,0
389896,389910,389914,4,14
389896,389906,389914,8,10
389896,389906,389915,9,10
389896,389907,389917,10,11
389896,389907,389917,10,11
389896,389905,389919,14,9
389896,389896,389920,24,0
388936,388953,389924,971,17
389937,389937,389941,4,0
389937,389937,389941,4,0
389937,389937,389942,5,0
389937,389937,389942,5,0
389937,389937,389942,5,0
389937,389937,389941,4,0
389937,389937,389942,5,0
389937,389937,389942,5,0
389937,389937,389942,5,0
389937,389937,389943,6,0
389937,389937,389943,6,0
389937,389941,389943,2,4
389937,389937,389943,6,0
389937,389942,389944,2,5
389937,389937,389944,7,0
389937,389937,389944,7,0
389937,389942,389944,2,5
389937,389937,389943,6,0
389937,389941,389945,4,4
389937,389942,389945,3,5
389937,389943,389946,3,6
389937,389942,389946,4,5
389937,389942,389946,4,5
389937,389942,389946,4,5
389937,389943,389946,3,6
389937,389944,389946,2,7
389937,389937,389946,9,0
389937,389937,389946,9,0
389937,389944,389946,2,7
389937,389944,389946,2,7
389937,389937,389947,10,0
389937,389937,389948,11,0
389937,389937,389948,11,0
389937,389947,389949,2,10
389937,389946,389948,2,9
389937,389937,389949,12,0
389937,389945,389948,3,8
389937,389947,389949,2,10
389937,389947,389949,2,10
389937,389943,389949,6,6
389937,389947,389949,2,10
389937,389947,389950,3,10
389937,389946,389949,3,9
389937,389945,389950,5,8
389937,389943,389950,7,6
389937,389937,389950,13,0
389937,389946,389950,4,9
389937,389946,389950,4,9
389937,389944,389950,6,7
389937,389944,389950,6,7
389937,389949,389950,1,12
389937,389947,389951,4,10
389937,389950,389951,1,13
389937,389949,389952,3,12
389937,389949,389952,3,12
389937,389946,389952,6,9
389937,389947,389952,5,10
389937,389950,389952,2,13
389937,389950,389953,3,13
389937,389937,389953,16,0
389937,389948,389953,5,11
389937,389949,389953,4,12
389937,389937,389953,16,0
389937,389950,389953,3,13
389937,389950,389953,3,13
389937,389948,389954,6,11
389937,389950,389955,5,13
389937,389949,389957,8,12
389937,389950,389957,7,13
389937,389937,389957,20,0
389061,389076,390007,931,15
390008,390009,390012,3,1
390008,390009,390012,3,1
390008,390009,390012,3,1
390008,390009,390012,3,1
390008,390009,390012,3,1
390008,390009,390013,4,1
390008,390009,390013,4,1
390008,390009,390013,4,1
390008,390009,390014,5,1
390008,390009,390013,4,1
390008,390009,390014,5,1
390008,390013,390014,1,5
390008,390009,390015,6,1
390008,390009,390015,6,1
390008,390013,390015,2,5
390008,390014,390016,2,6
390008,390013,390016,3,5
390008,390013,390016,3,5
390008,390013,390016,3,5
390008,390014,390016,2,6
390008,390014,390016,2,6
390008,390015,390017,2,7
390008,390015,390017,2,7
390008,390009,390018,9,1
390008,390009,390018,9,1
390008,390016,390018,2,8
390008,390017,390019,2,9
390008,390012,390019,7,4
390008,390012,390019,7,4
390008,390016,390018,2,8
390008,390014,390019,5,6
390008,390014,390019,5,6
390008,390017,390019,2,9
390008,390017,390020,3,9
390008,390009,390020,11,1
390008,390017,390020,3,9
390008,390017,390021,4,9
390008,390018,390020,2,10
390008,390018,390020,2,10
390008,390019,390021,2,11
390008,390012,390020,8,4
390008,390017,390021,4,9
390008,390009,390021,12,1
390008,390019,390021,2,11
390008,390019,390021,2,11
390008,390020,390022,2,12
390008,390016,390023,7,8
390008,390020,390023,3,12
390008,390009,390023,14,1
390008,390009,390023,14,1
390008,390021,390023,2,13
390008,390021,390023,2,13
390008,390021,390023,2,13
390008,390019,390024,5,11
390008,390020,390024,4,12
390008,390021,390025,4,13
390008,390022,390024,2,14
390008,390022,390025,3,14
390008,390021,390025,4,13
390008,390019,390026,7,11
390008,390022,390026,4,14
390008,390021,390026,5,13
390008,390020,390027,7,12
390008,390022,390027,5,14
390008,390019,390030,11,11
390008,390019,390030,11,11
390008,390021,390030,9,13
390008,390009,390047,38,1
390008,390009,390046,37,1
390008,390009,390049,40,1
389169,389181,390113,932,12
390115,390115,390118,3,0
390115,390115,390119,4,0
390115,390115,390119,4,0
390115,390115,390119,4,0
390115,390115,390119,4,0
390115,390115,390118,3,0
390115,390115,390119,4,0
390115,390115,390118,3,0
390115,390115,390118,3,0
390115,390115,390119,4,0
390115,390115,390119,4,0
390115,390115,390119,4,0
390115,390115,390120,5,0
390115,390115,390120,5,0
390115,390115,390119,4,0
390115,390118,390120,2,3
390115,390115,390119,4,0
390115,390115,390122,7,0
390115,390115,390121,6,0
390115,390115,390121,6,0
390115,390119,390122,3,4
390115,390119,390122,3,4
390115,390115,390121,6,0
390115,390115,390121,6,0
390115,390120,390122,2,5
390115,390119,390123,4,4
390115,390120,390122,2,5
390115,390120,390122,2,5
390115,390119,390123,4,4
390115,390119,390123,4,4
390115,390119,390123,4,4
390115,390120,390122,2,5
390115,390120,390124,4,5
390115,390119,390124,5,4
390115,390119,390123,4,4
390115,390122,390124,2,7
390115,390122,390124,2,7
390115,390122,390125,3,7
390115,390120,390125,5,5
390115,390119,390124,5,4
390115,390122,390124,2,7
390115,390123,390125,2,8
390115,390123,390125,2,8
390115,390122,390126,4,7
390115,390123,390125,2,8
390115,390115,390124,9,0
390115,390120,390126,6,5
390115,390124,390126,2,9
390115,390123,390127,4,8
390115,390123,390127,4,8
390115,390123,390127,4,8
390115,390125,390128,3,10
390115,390126,390129,3,11
390115,390126,390129,3,11
390115,390125,390128,3,10
390115,390125,390129,4,10
390115,390124,390129,5,9
390115,390124,390129,5,9
390115,390126,390129,3,11
390115,390122,390129,7,7
390115,390124,390130,6,9
390115,390125,390130,5,10
390115,390123,390132,9,8
390115,390125,390132,7,10
390115,390126,390131,5,11
390115,390122,390132,10,7
390115,390122,390136,14,7
390115,390115,390146,31,0
390115,390115,390146,31,0
390115,390115,390153,38,0
389277,389295,390260,965,18
390261,390263,390265,2,2
390261,390261,390265,4,0
390261,390261,390265,4,0
390261,390261,390265,4,0
390261,390261,390265,4,0
390261,390261,390265,4,0
390261,390261,390266,5,0
390261,390261,390266,5,0
390261,390261,390266,5,0
390261,390261,390266,5,0
390261,390261,390265,4,0
390261,390261,390265,4,0
390261,390261,390266,5,0
390261,390261,390267,6,0
390261,390261,390267,6,0
390261,390261,390267,6,0
390261,390261,390267,6,0
390261,390265,390267,2,4
390261,390261,390267,6,0
390261,390261,390267,6,0
390261,390261,390267,6,0
390261,390261,390267,6,0
390261,390261,390268,7,0
390261,390261,390267,6,0
390261,390266,390268,2,5
390261,390265,390269,4,4
390261,390265,390269,4,4
390261,390267,390269,2,6
390261,390267,390269,2,6
390261,390263,390269,6,2
390261,390265,390270,5,4
390261,390267,390269,2,6
390261,390267,390270,3,6
390261,390267,390270,3,6
390261,390267,390270,3,6
390261,390263,390270,7,2
390261,390266,390271,5,5
390261,390266,390271,5,5
390261,390267,390271,4,6
390261,390266,390271,5,5
390261,390266,390271,5,5
390261,390269,390271,2,8
390261,390268,390271,3,7
390261,390268,390271,3,7
390261,390266,390272,6,5
390261,390266,390271,5,5
390261,390269,390272,3,8
390261,390271,390273,2,10
390261,390272,390273,1,11
390261,390270,390273,3,9
390261,390271,390273,2,10
390261,390271,390274,3,10
390261,390267,390274,7,6
390261,390269,390273,4,8
390261,390269,390274,5,8
390261,390272,390274,2,11
390261,390272,390274,2,11
390261,390270,390275,5,9
390261,390267,390275,8,6
390261,390268,390275,7,7
390261,390268,390275,7,7
390261,390272,390276,4,11
390261,390271,390277,6,10
390261,390271,390278,7,10
390261,390271,390278,7,10
390261,390271,390278,7,10
390261,390271,390278,7,10
390261,390265,390274,9,4
390261,390270,390283,13,9
390261,390271,390282,11,10
388825,388841,390333,1492,16
390334,390334,390337,3,0
390334,390334,390338,4,0
390334,390334,390338,4,0
389343,389360,390338,978,17
390334,390334,390339,5,0
390334,390334,390339,5,0
390334,390334,390339,5,0
390334,390334,390338,4,0
390334,390334,390339,5,0
390334,390334,390338,4,0
390334,390334,390339,5,0
390334,390334,390339,5,0
390334,390334,390339,5,0
390334,390339,390340,1,5
390334,390339,390341,2,5
390334,390339,390341,2,5
390334,390339,390341,2,5
390334,390339,390341,2,5
390334,390338,390342,4,4
390334,390338,390342,4,4
390334,390338,390341,3,4
390334,390334,390341,7,0
390334,390334,390342,8,0
390334,390339,390341,2,5
390334,390339,390341,2,5
390334,390341,390342,1,7
390334,390336,390342,6,2
390334,390339,390343,4,5
390334,390341,390343,2,7
390334,390334,390344,10,0
390334,390339,390343,4,5
390334,390341,390344,3,7
390334,390341,390343,2,7
390334,390341,390344,3,7
390334,390342,390344,2,8
390334,390343,390344,1,9
390334,390334,390344,10,0
390334,390334,390345,11,0
390334,390339,390344,5,5
390334,390342,390345,3,8
390334,390342,390345,3,8
390334,390342,390344,2,8
390334,390342,390346,4,8
390334,390343,390345,2,9
390334,390344,390346,2,10
390334,390342,390347,5,8
390334,390342,390346,4,8
390334,390344,390347,3,10
390334,390344,390347,3,10
390334,390346,390348,2,12
390334,390344,390347,3,10
390334,390343,390347,4,9
390334,390345,390347,2,11
390334,390334,390347,13,0
390334,390343,390348,5,9
390334,390345,390348,3,11
390334,390347,390348,1,13
390334,390347,390348,1,13
390334,390336,390348,12,2
390334,390344,390349,5,10
390334,390345,390349,4,11
390334,390345,390349,4,11
390341,390349,390350,1,8
390341,390349,390350,1,8
390341,390349,390350,1,8
390341,390348,390350,2,7
390334,390344,390351,7,10
390334,390346,390350,4,12
390334,390345,390351,6,11
390341,390348,390352,4,7
390341,390348,390352,4,7
390341,390348,390352,4,7
390341,390350,390352,2,9
390341,390349,390353,4,8
390341,390351,390352,1,10
390341,390348,390352,4,7
390341,390351,390352,1,10
390341,390351,390352,1,10
390341,390348,390353,5,7
390341,390351,390353,2,10
390341,390349,390353,4,8
390341,390348,390354,6,7
390334,390345,390354,9,11
390341,390351,390355,4,10
390341,390351,390355,4,10
390341,390353,390355,2,12
390341,390353,390355,2,12
390341,390349,390354,5,8
390341,390353,390355,2,12
390341,390353,390355,2,12
390341,390353,390355,2,12
390341,390353,390356,3,12
390341,390348,390357,9,7
390341,390353,390357,4,12
390341,390355,390357,2,14
390341,390356,390358,2,15
390341,390356,390358,2,15
390341,390356,390358,2,15
390341,390351,390358,7,10
390341,390356,390358,2,15
390341,390356,390358,2,15
390341,390354,390359,5,13
390341,390354,390359,5,13
390341,390356,390359,3,15
390341,390357,390360,3,16
390341,390358,390360,2,17
390341,390355,390360,5,14
390341,390354,390360,6,13
390341,390358,390360,2,17
390341,390358,390360,2,17
390341,390358,390360,2,17
390341,390347,390361,14,6
390341,390355,390361,6,14
390341,390359,390361,2,18
390341,390359,390361,2,18
390341,390352,390360,8,11
390341,390360,390362,2,19
390341,390360,390362,2,19
390341,390358,390362,4,17
390341,390358,390362,4,17
390341,390360,390362,2,19
390341,390360,390363,3,19
390341,390361,390363,2,20
390341,390361,390363,2,20
390341,390361,390364,3,20
390341,390362,390364,2,21
390341,390362,390364,2,21
390341,390360,390365,5,19
390334,390334,390365,31,0
390341,390361,390365,4,20
390341,390352,390366,14,11
390341,390361,390366,5,20
390341,390362,390366,4,21
390341,390360,390368,8,19
390341,390362,390367,5,21
390341,390358,390368,10,17
390334,390334,390347,13,0
390341,390355,390370,15,14
390334,390334,390371,37,0
390334,390334,390371,37,0
390334,390334,390372,38,0
389394,389411,390405,994,17
390407,390407,390409,2,0
390407,390407,390410,3,0
390407,390407,390409,2,0
390407,390407,390410,3,0
390407,390407,390410,3,0
390407,390407,390410,3,0
390407,390407,390411,4,0
390407,390407,390410,3,0
390407,390407,390411,4,0
390407,390407,390410,3,0
390407,390407,390410,3,0
389450,389463,390411,948,13
390407,390407,390412,5,0
390407,390407,390411,4,0
390407,390410,390413,3,3
390407,390407,390413,6,0
390407,390410,390413,3,3
390407,390407,390411,4,0
390407,390410,390413,3,3
390407,390407,390414,7,0
390407,390407,390413,6,0
390407,390407,390413,6,0
390407,390411,390414,3,4
390407,390412,390415,3,5
390407,390413,390415,2,6
390407,390413,390415,2,6
390407,390412,390415,3,5
390407,390413,390415,2,6
390407,390414,390416,2,7
390407,390414,390416,2,7
390407,390414,390417,3,7
390407,390414,390417,3,7
390407,390411,390417,6,4
390407,390411,390417,6,4
390407,390411,390416,5,4
390407,390411,390416,5,4
390407,390411,390417,6,4
390407,390412,390416,4,5
390407,390414,390417,3,7
390407,390413,390417,4,6
390407,390415,390417,2,8
390407,390411,390417,6,4
390407,390415,390417,2,8
390407,390415,390418,3,8
390407,390411,390417,6,4
390407,390416,390418,2,9
390407,390416,390418,2,9
390407,390416,390418,2,9
390407,390416,390419,3,9
390407,390417,390420,3,10
390407,390417,390419,2,10
390407,390417,390420,3,10
390407,390417,390419,2,10
390407,390418,390421,3,11
390407,390418,390421,3,11
390407,390417,390422,5,10
390407,390417,390422,5,10
390407,390417,390422,5,10
390407,390417,390422,5,10
390407,390417,390423,6,10
390407,390417,390423,6,10
390407,390418,390423,5,11
390407,390417,390424,7,10
390407,390418,390424,6,11
390413,390421,390424,3,8
390413,390421,390424,3,8
390413,390420,390424,4,7
390413,390420,390424,4,7
390413,390419,390425,6,6
390413,390419,390425,6,6
390407,390407,390420,13,0
390407,390407,390420,13,0
390413,390420,390426,6,7
390413,390422,390426,4,9
390413,390422,390426,4,9
390413,390419,390426,7,6
390413,390420,390426,6,7
390413,390423,390427,4,10
390413,390423,390427,4,10
390413,390423,390427,4,10
390413,390423,390427,4,10
390413,390423,390427,4,10
390413,390425,390427,2,12
390413,390425,390427,2,12
390413,390425,390427,2,12
390407,390407,390428,21,0
390407,390407,390428,21,0
390413,390426,390429,3,13
390413,390425,390428,3,12
390407,390407,390428,21,0
390407,390407,390428,21,0
390413,390424,390429,5,11
390413,390424,390429,5,11
390413,390427,390430,3,14
390413,390426,390429,3,13
390413,390426,390429,3,13
390413,390428,390430,2,15
390413,390428,390430,2,15
390413,390429,390432,3,16
390413,390428,390432,4,15
390413,390429,390432,3,16
390413,390430,390433,3,17
390413,390430,390432,2,17
390413,390427,390432,5,14
390413,390430,390433,3,17
390413,390426,390433,7,13
390413,390431,390434,3,18
390413,390426,390434,8,13
390413,390427,390434,7,14
390413,390427,390434,7,14
390413,390429,390433,4,16
390413,390431,390434,3,18
390413,390432,390434,2,19
390413,390432,390434,2,19
390413,390427,390434,7,14
390413,390427,390435,8,14
390413,390432,390435,3,19
390413,390433,390436,3,20
390413,390433,390435,2,20
390413,390433,390436,3,20
390413,390427,390436,9,14
390413,390429,390435,6,16
390413,390434,390437,3,21
390407,390407,390435,28,0
390413,390435,390437,2,22
390413,390435,390438,3,22
390413,390435,390437,2,22
390413,390433,390437,4,20
390413,390428,390438,10,15
390413,390434,390438,4,21
390413,390426,390438,12,13
390413,390428,390439,11,15
390413,390429,390439,10,16
390413,390429,390438,9,16
390413,390435,390439,4,22
390413,390434,390438,4,21
390413,390433,390439,6,20
390413,390434,390439,5,21
390413,390434,390439,5,21
390413,390435,390439,4,22
390413,390426,390441,15,13
388960,388997,390482,1485,37
390484,390484,390487,3,0
390484,390484,390487,3,0
390484,390484,390487,3,0
390484,390484,390488,4,0
390484,390484,390489,5,0
390484,390484,390489,5,0
390484,390484,390488,4,0
390484,390484,390488,4,0
390484,390484,390489,5,0
390484,390484,390489,5,0
390484,390484,390489,5,0
390484,390484,390489,5,0
390484,390484,390490,6,0
390484,390484,390490,6,0
390484,390484,390489,5,0
390484,390484,390490,6,0
390484,390484,390488,4,0
390484,390484,390492,8,0
390484,390488,390491,3,4
390484,390488,390491,3,4
390484,390488,390491,3,4
390484,390489,390491,2,5
390484,390489,390491,2,5
390484,390484,390492,8,0
390484,390484,390492,8,0
390484,390490,390492,2,6
390484,390490,390492,2,6
390484,390489,390493,4,5
390484,390490,390492,2,6
390484,390490,390492,2,6
390484,390491,390493,2,7
390484,390484,390493,9,0
390484,390489,390493,4,5
390484,390489,390493,4,5
390484,390489,390494,5,5
390484,390484,390495,11,0
390484,390490,390495,5,6
390484,390492,390495,3,8
390484,390492,390494,2,8
390484,390488,390495,7,4
390484,390493,390496,3,9
390484,390484,390495,11,0
390484,390492,390496,4,8
390484,390493,390495,2,9
390484,390493,390496,3,9
390484,390493,390496,3,9
390484,390494,390497,3,10
390484,390484,390496,12,0
390484,390492,390496,4,8
390484,390495,390497,2,11
390484,390492,390498,6,8
390484,390492,390498,6,8
390484,390493,390498,5,9
390484,390495,390498,3,11
390484,390496,390499,3,12
390484,390494,390498,4,10
390484,390496,390499,3,12
390484,390496,390499,3,12
390484,390494,390499,5,10
390484,390495,390499,4,11
389536,389536,390500,964,0
390484,390495,390500,5,11
390484,390496,390501,5,12
390484,390496,390501,5,12
390501,390501,390503,2,0
390501,390501,390504,3,0
390501,390501,390504,3,0
390501,390501,390505,4,0
390501,390501,390504,3,0
390501,390501,390504,3,0
390484,390484,390505,21,0
390484,390495,390505,10,11
390501,390501,390505,4,0
390501,390501,390506,5,0
390501,390501,390507,6,0
390501,390501,390506,5,0
390501,390501,390506,5,0
390501,390501,390506,5,0
390501,390504,390507,3,3
390501,390501,390507,6,0
390501,390502,390507,5,1
390501,390502,390507,5,1
390501,390505,390508,3,4
390501,390501,390508,7,0
390501,390501,390509,8,0
390501,390501,390508,7,0
390484,390492,390494,2,8
390484,390493,390510,17,9
390501,390505,390510,5,4
390501,390508,390510,2,7
390501,390505,390511,6,4
390501,390507,390512,5,6
390501,390509,390512,3,8
390484,390493,390512,19,9
390501,390508,390511,3,7
388959,388996,390512,1516,37
390501,390507,390513,6,6
390501,390507,390513,6,6
390501,390508,390513,5,7
390501,390505,390513,8,4
390501,390508,390513,5,7
390501,390511,390513,2,10
390501,390507,390513,6,6
390501,390508,390515,7,7
390501,390506,390514,8,5
390501,390506,390514,8,5
390501,390511,390515,4,10
390501,390512,390514,2,11
390501,390512,390515,3,11
390484,390494,390515,21,10
390501,390512,390514,2,11
390501,390510,390514,4,9
390501,390514,390516,2,13
390501,390509,390515,6,8
390501,390505,390515,10,4
390501,390513,390515,2,12
390501,390513,390516,3,12
390501,390512,390516,4,11
390501,390508,390516,8,7
390501,390513,390517,4,12
390501,390514,390516,2,13
390484,390496,390516,20,12
390501,390514,390517,3,13
390501,390510,390517,7,9
390501,390512,390517,5,11
390501,390514,390518,4,13
390501,390515,390518,3,14
390501,390515,390517,2,14
390501,390516,390518,2,15
390501,390515,390519,4,14
390501,390514,390518,4,13
390501,390516,390519,3,15
390501,390505,390519,14,4
390501,390505,390519,14,4
390501,390515,390520,5,14
390501,390516,390520,4,15
390514,390519,390521,2,5
390501,390515,390520,5,14
390501,390515,390521,6,14
390514,390518,390521,3,4
390501,390516,390522,6,15
390514,390518,390521,3,4
390514,390519,390521,2,5
390501,390515,390521,6,14
390514,390521,390523,2,7
390514,390519,390523,4,5
390514,390519,390523,4,5
390514,390517,390523,6,3
390514,390521,390523,2,7
390514,390518,390524,6,4
390501,390515,390523,8,14
390514,390517,390523,6,3
390514,390523,390525,2,9
390514,390520,390525,5,6
390514,390521,390525,4,7
390514,390521,390525,4,7
390514,390522,390525,3,8
390514,390522,390525,3,8
390514,390517,390525,8,3
390514,390523,390526,3,9
390514,390522,390526,4,8
390514,390523,390526,3,9
390514,390517,390527,10,3
390514,390517,390527,10,3
390514,390524,390526,2,10
390514,390525,390527,2,11
390514,390524,390528,4,10
390514,390522,390528,6,8
390514,390524,390528,4,10
390514,390525,390528,3,11
390514,390525,390528,3,11
390514,390523,390528,5,9
390514,390523,390528,5,9
390514,390526,390529,3,12
390514,390526,390529,3,12
390514,390517,390530,13,3
390514,390519,390530,11,5
390514,390527,390530,3,13
390514,390520,390531,11,6
390514,390528,390530,2,14
390514,390527,390531,4,13
390514,390529,390531,2,15
390514,390529,390531,2,15
390514,390529,390532,3,15
390514,390528,390532,4,14
390514,390530,390532,2,16
390514,390528,390532,4,14
390514,390530,390533,3,16
390514,390531,390533,2,17
390514,390525,390534,9,11
390514,390525,390534,9,11
390514,390525,390534,9,11
390514,390526,390533,7,12
390514,390532,390534,2,18
390514,390532,390534,2,18
390514,390519,390535,16,5
390514,390532,390535,3,18
390514,390531,390536,5,17
390514,390527,390536,9,13
390514,390529,390536,7,15
390514,390532,390536,4,18
390514,390533,390536,3,19
389553,389571,390538,967,18
390514,390533,390538,5,19
390514,390528,390539,11,14
390514,390530,390540,10,16
390514,390531,390542,11,17
390539,390539,390543,4,0
390539,390539,390542,3,0
390539,390539,390543,4,0
390539,390539,390543,4,0
390539,390539,390543,4,0
390539,390539,390543,4,0
390539,390539,390543,4,0
390539,390539,390543,4,0
390539,390539,390545,6,0
390514,390529,390545,16,15
390539,390539,390544,5,0
390539,390539,390544,5,0
390539,390540,390545,5,1
390539,390539,390545,6,0
390501,390516,390520,4,15
390514,390518,390534,16,4
390514,390518,390525,7,4
390539,390539,390546,7,0
390539,390544,390547,3,5
390539,390544,390548,4,5
390539,390539,390548,9,0
390539,390545,390550,5,6
390539,390547,390550,3,8
390539,390545,390550,5,6
390539,390543,390550,7,4
390539,390543,390550,7,4
390539,390548,390550,2,9
390539,390545,390550,5,6
390539,390548,390550,2,9
390539,390539,390552,13,0
390514,390530,390552,22,16
390539,390544,390551,7,5
390539,390543,390552,9,4
390539,390550,390552,2,11
390539,390539,390552,13,0
390539,390551,390553,2,12
390539,390550,390552,2,11
390539,390551,390554,3,12
390539,390544,390553,9,5
390539,390546,390554,8,7
390539,390544,390554,10,5
390539,390552,390554,2,13
390539,390551,390553,2,12
390539,390551,390554,3,12
390539,390545,390554,9,6
390539,390553,390555,2,14
390539,390552,390556,4,13
390539,390554,390556,2,15
390539,390553,390556,3,14
390539,390543,390556,13,4
390539,390554,390556,2,15
390539,390552,390556,4,13
390539,390555,390557,2,16
390539,390554,390556,2,15
390539,390554,390557,3,15
390539,390556,390558,2,17
390539,390554,390559,5,15
390539,390556,390559,3,17
390539,390554,390560,6,15
390539,390557,390561,4,18
390539,390556,390562,6,17
390539,390549,390563,14,10
390539,390555,390563,8,16
390539,390552,390564,12,13
390514,390526,390565,39,12
390539,390541,390566,25,2
390539,390545,390565,20,6
390539,390551,390567,16,12
390539,390551,390567,16,12
390539,390554,390567,13,15
390539,390553,390568,15,14
390539,390557,390571,14,18
390539,390546,390579,33,7
390539,390552,390582,30,13
390539,390546,390580,34,7
390539,390546,390590,44,7
389820,389837,390838,1001,17
390841,390841,390844,3,0
390841,390841,390844,3,0
390841,390841,390844,3,0
390841,390841,390844,3,0
390841,390841,390844,3,0
390841,390841,390844,3,0
390841,390841,390845,4,0
390841,390841,390849,8,0
390841,390841,390849,8,0
390841,390844,390849,5,3
390841,390844,390850,6,3
390841,390841,390851,10,0
390841,390845,390852,7,4
390841,390845,390852,7,4
390841,390845,390851,6,4
390841,390845,390852,7,4
390841,390845,390851,6,4
390841,390850,390852,2,9
390841,390852,390854,2,11
390841,390852,390854,2,11
390841,390852,390855,3,11
390841,390851,390854,3,10
390841,390852,390854,2,11
390841,390852,390855,3,11
390841,390853,390855,2,12
389897,389910,390855,945,13
390841,390849,390855,6,8
390841,390841,390855,14,0
390841,390841,390856,15,0
390841,390841,390855,14,0
390841,390854,390856,2,13
390841,390854,390856,2,13
390841,390855,390857,2,14
390841,390855,390857,2,14
390841,390850,390856,6,9
390841,390852,390857,5,11
390841,390855,390858,3,14
390841,390855,390858,3,14
390841,390855,390857,2,14
390841,390856,390858,2,15
390841,390856,390858,2,15
390841,390856,390859,3,15
390841,390856,390858,2,15
390841,390841,390859,18,0
390841,390841,390858,17,0
390841,390857,390859,2,16
390841,390841,390859,18,0
390841,390857,390859,2,16
390841,390856,390860,4,15
390841,390858,390860,2,17
390841,390858,390860,2,17
390841,390841,390860,19,0
390841,390841,390860,19,0
390841,390841,390861,20,0
390841,390858,390861,3,17
390841,390858,390861,3,17
390841,390858,390860,2,17
390841,390856,390861,5,15
390841,390841,390861,20,0
390841,390859,390861,2,18
390841,390856,390861,5,15
390841,390857,390861,4,16
390841,390859,390862,3,18
390841,390858,390862,4,17
390841,390859,390863,4,18
390856,390860,390863,3,4
390856,390860,390864,4,4
390856,390860,390864,4,4
389366,389383,390866,1483,17
390856,390861,390867,6,5
390856,390861,390867,6,5
390856,390860,390867,7,4
390856,390862,390867,5,6
390841,390859,390867,8,18
390856,390864,390868,4,8
390856,390864,390868,4,8
390841,390841,390866,25,0
390856,390863,390869,6,7
390856,390864,390869,5,8
390856,390861,390870,9,5
390856,390860,390870,10,4
390856,390860,390872,12,4
390841,390841,390867,26,0
390841,390841,390870,29,0
390841,390841,390869,28,0
390856,390868,390874,6,12
390856,390867,390874,7,11
390856,390867,390874,7,11
390856,390861,390874,13,5
390856,390862,390874,12,6
390856,390868,390875,7,12
390856,390870,390875,5,14
390856,390863,390874,11,7
390841,390841,390875,34,0
390856,390870,390875,5,14
390856,390871,390875,4,15
390856,390868,390876,8,12
390856,390874,390876,2,18
390856,390874,390876,2,18
390856,390874,390876,2,18
390856,390862,390877,15,6
390856,390864,390877,13,8
390856,390874,390877,3,18
390856,390875,390878,3,19
390856,390875,390877,2,19
390856,390861,390878,17,5
390856,390875,390878,3,19
390856,390876,390878,2,20
390856,390876,390878,2,20
390856,390861,390879,18,5
390856,390876,390879,3,20
390856,390867,390879,12,11
390856,390875,390879,4,19
390856,390875,390879,4,19
390856,390877,390879,2,21
390856,390875,390880,5,19
390856,390861,390880,19,5
390856,390867,390880,13,11
390856,390869,390880,11,13
390856,390871,390880,9,15
390856,390878,390880,2,22
390856,390878,390880,2,22
390856,390878,390880,2,22
390856,390878,390880,2,22
390856,390874,390881,7,18
390856,390878,390881,3,22
390856,390879,390881,2,23
390856,390873,390882,9,17
390856,390875,390881,6,19
390856,390879,390881,2,23
390856,390874,390881,7,18
390856,390876,390882,6,20
390856,390880,390882,2,24
390856,390880,390883,3,24
390868,390881,390884,3,13
390868,390882,390884,2,14
390868,390881,390884,3,13
390868,390882,390884,2,14
390868,390882,390884,2,14
390868,390883,390885,2,15
390868,390881,390885,4,13
390868,390882,390885,3,14
390868,390882,390886,4,14
390868,390882,390885,3,14
390868,390885,390886,1,17
390868,390881,390886,5,13
390868,390885,390887,2,17
390868,390885,390887,2,17
390868,390881,390886,5,13
390868,390885,390887,2,17
390868,390884,390888,4,16
390868,390885,390887,2,17
390856,390877,390887,10,21
390856,390878,390887,9,22
390868,390887,390889,2,19
390856,390877,390889,12,21
390868,390886,390890,4,18
390868,390887,390890,3,19
390868,390887,390890,3,19
390868,390887,390890,3,19
390868,390887,390890,3,19
390868,390888,390891,3,20
390868,390888,390891,3,20
390856,390868,390892,24,12
390868,390890,390892,2,22
390868,390890,390893,3,22
390868,390880,390893,13,12
390868,390891,390893,2,23
390868,390891,390893,2,23
390868,390891,390893,2,23
390868,390888,390894,6,20
390868,390891,390893,2,23
390868,390891,390894,3,23
390868,390892,390894,2,24
390856,390879,390896,17,23
390868,390886,390895,9,18
390856,390880,390897,17,24
390868,390893,390896,3,25
390868,390894,390897,3,26
390868,390894,390897,3,26
390868,390894,390897,3,26
390868,390894,390897,3,26
390868,390894,390897,3,26
390868,390893,390897,4,25
390856,390880,390897,17,24
390856,390880,390897,17,24
390868,390895,390897,2,27
390868,390888,390898,10,20
390868,390884,390890,6,16
390868,390885,390896,11,17
390868,390890,390899,9,22
390868,390892,390899,7,24
390868,390880,390896,16,12
390868,390888,390896,8,20
390868,390893,390897,4,25
390868,390897,390899,2,29
390868,390894,390900,6,26
390868,390897,390900,3,29
390868,390897,390900,3,29
390868,390897,390899,2,29
390868,390897,390900,3,29
390868,390897,390900,3,29
390868,390898,390900,2,30
390868,390882,390901,19,14
390868,390898,390901,3,30
390868,390896,390902,6,28
390868,390897,390903,6,29
390868,390898,390903,5,30
390868,390896,390904,8,28
390868,390898,390904,6,30
390868,390880,390905,25,12
390868,390884,390904,20,16
389421,389434,390930,1496,13
390933,390933,390936,3,0
390933,390933,390935,2,0
390933,390933,390937,4,0
390933,390933,390936,3,0
390933,390933,390937,4,0
390933,390933,390938,5,0
390933,390933,390937,4,0
390933,390933,390938,5,0
390933,390933,390937,4,0
390933,390933,390937,4,0
390933,390933,390937,4,0
390933,390933,390937,4,0
390933,390933,390938,5,0
390933,390933,390939,6,0
390933,390933,390940,7,0
390933,390933,390940,7,0
390933,390933,390939,6,0
390933,390936,390939,3,3
390933,390933,390941,8,0
390933,390936,390940,4,3
390933,390938,390941,3,5
390933,390939,390942,3,6
390933,390939,390941,2,6
390933,390938,390941,3,5
390933,390938,390941,3,5
390933,390940,390942,2,7
390933,390940,390942,2,7
390933,390941,390943,2,8
390933,390937,390943,6,4
390933,390942,390944,2,9
390933,390933,390941,8,0
390933,390940,390944,4,7
390933,390937,390943,6,4
390933,390938,390943,5,5
390933,390942,390944,2,9
390933,390942,390945,3,9
390933,390942,390945,3,9
390933,390938,390945,7,5
390933,390942,390945,3,9
390933,390943,390946,3,10
390933,390943,390945,2,10
390933,390943,390945,2,10
390933,390944,390946,2,11
390933,390941,390947,6,8
390933,390945,390948,3,12
390933,390945,390947,2,12
390933,390945,390948,3,12
390933,390943,390948,5,10
390933,390946,390948,2,13
390933,390946,390949,3,13
390933,390946,390948,2,13
390933,390946,390949,3,13
390933,390940,390947,7,7
390933,390944,390949,5,11
390933,390947,390949,2,14
390933,390944,390950,6,11
390933,390944,390949,5,11
390933,390948,390951,3,15
390933,390933,390948,15,0
390933,390933,390949,16,0
390933,390946,390952,6,13
390933,390933,390952,19,0
390933,390948,390952,4,15
390933,390944,390955,11,11
390933,390951,390957,6,18
390933,390951,390958,7,18
390933,390951,390958,7,18
390933,390937,390943,6,4
390933,390960,390964,4,27
390933,390960,390967,7,27
389472,389489,390969,1480,17
390986,390986,390990,4,0
390986,390986,390989,3,0
390986,390986,390989,3,0
390986,390986,390989,3,0
390986,390986,390990,4,0
390986,390986,390989,3,0
390986,390986,390990,4,0
390986,390986,390990,4,0
390986,390986,390990,4,0
390986,390986,390992,6,0
390986,390986,390992,6,0
390986,390986,390992,6,0
390986,390986,390992,6,0
390986,390986,390992,6,0
390986,390986,390993,7,0
390986,390990,390992,2,4
390986,390986,390993,7,0
390986,390986,390993,7,0
390986,390989,390995,6,3
390986,390990,390995,5,4
390986,390993,390995,2,7
390986,390993,390995,2,7
390986,390989,390995,6,3
390986,390991,390995,4,5
390986,390993,390995,2,7
390986,390992,390995,3,6
390986,390990,390997,7,4
390986,390995,390997,2,9
390986,390986,390997,11,0
390986,390995,390997,2,9
390986,390990,390997,7,4
390986,390993,390998,5,7
390986,390996,390998,2,10
390986,390993,390998,5,7
390986,390994,390999,5,8
390986,390996,390998,2,10
390986,390991,390999,8,5
390986,390996,390998,2,10
390986,390996,390998,2,10
390986,390996,390999,3,10
390986,390994,391000,6,8
390986,390990,390999,9,4
390986,390991,391000,9,5
390986,390995,390999,4,9
390986,390997,390999,2,11
390986,390997,391001,4,11
390986,390998,391000,2,12
390986,390998,391000,2,12
390986,390999,391001,2,13
390986,390999,391001,2,13
390986,390999,391002,3,13
390986,391000,391002,2,14
390986,390998,391002,4,12
390986,390993,391003,10,7
390986,391000,391003,3,14
390986,390999,391003,4,13
390986,391000,391004,4,14
390986,390998,391003,5,12
390986,390999,391005,6,13
390986,391000,391004,4,14
390986,391000,391004,4,14
390986,390986,390995,9,0
390986,390986,391004,18,0
390986,390998,391004,6,12
390986,390986,391005,19,0
390986,390999,391005,6,13
390010,390023,391006,983,13
390986,391000,391006,6,14
391007,391007,391010,3,0
391007,391007,391010,3,0
391007,391007,391011,4,0
391007,391007,391011,4,0
391007,391007,391011,4,0
391007,391007,391011,4,0
390986,390986,391014,28,0
391007,391007,391013,6,0
391007,391007,391013,6,0
391007,391007,391014,7,0
390986,390986,391015,29,0
391007,391007,391016,9,0
391007,391007,391016,9,0
391007,391011,391017,6,4
391007,391007,391017,10,0
391007,391010,391018,8,3
391007,391007,391018,11,0
391007,391012,391019,7,5
391007,391007,391019,12,0
391007,391010,391019,9,3
390986,390990,391020,30,4
391007,391007,391019,12,0
391007,391018,391020,2,11
391007,391017,391020,3,10
391007,391016,391021,5,9
391007,391011,391021,10,4
391007,391014,391021,7,7
391007,391019,391022,3,12
391007,391007,391021,14,0
391007,391011,391022,11,4
391007,391014,391021,7,7
391007,391018,391022,4,11
391007,391019,391022,3,12
391007,391020,391022,2,13
391007,391020,391022,2,13
391007,391007,391023,16,0
391007,391019,391023,4,12
391007,391021,391023,2,14
391007,391021,391023,2,14
391007,391007,391023,16,0
391007,391018,391024,6,11
391007,391022,391024,2,15
391007,391023,391024,1,16
391007,391022,391025,3,15
391007,391016,391024,8,9
391007,391022,391025,3,15
391007,391022,391025,3,15
391007,391022,391025,3,15
391007,391007,391026,19,0
391007,391022,391026,4,15
391007,391007,391026,19,0
391007,391021,391026,5,14
391007,391024,391026,2,17
391007,391024,391026,2,17
391007,391024,391026,2,17
391007,391025,391026,1,18
391007,391007,391026,19,0
391007,391024,391027,3,17
391007,391025,391027,2,18
391007,391007,391028,21,0
391007,391014,391028,14,7
391007,391023,391028,5,16
391007,391025,391028,3,18
391007,391025,391028,3,18
391007,391025,391028,3,18
391007,391024,391029,5,17
391007,391023,391029,6,16
391007,391025,391031,6,18
391007,391022,391032,10,15
391007,391014,391027,13,7
391007,391020,391045,25,13
391007,391020,391048,28,13
391007,391015,391052,37,8
389573,389598,391082,1484,25
391084,391084,391087,3,0
391084,391084,391089,5,0
391084,391084,391088,4,0
391084,391084,391088,4,0
391084,391084,391088,4,0
391084,391084,391090,6,0
391084,391084,391089,5,0
391084,391084,391089,5,0
391084,391084,391090,6,0
391084,391084,391089,5,0
391084,391084,391089,5,0
391084,391084,391090,6,0
391084,391084,391091,7,0
391084,391084,391090,6,0
391084,391088,391092,4,4
391084,391084,391094,10,0
391084,391084,391093,9,0
391084,391091,391093,2,7
391084,391091,391094,3,7
391084,391090,391095,5,6
391084,391089,391095,6,5
391084,391093,391095,2,9
391084,391094,391096,2,10
391084,391090,391096,6,6
391084,391091,391095,4,7
391084,391090,391095,5,6
391084,391090,391095,5,6
391084,391089,391095,6,5
391084,391093,391097,4,9
391084,391089,391096,7,5
391084,391090,391096,6,6
391084,391090,391096,6,6
391084,391095,391097,2,11
391084,391095,391097,2,11
391084,391095,391097,2,11
391084,391095,391097,2,11
391084,391096,391098,2,12
391084,391084,391096,12,0
391084,391094,391096,2,10
391084,391084,391098,14,0
391084,391093,391098,5,9
391084,391096,391098,2,12
391084,391096,391098,2,12
391084,391097,391099,2,13
391084,391096,391100,4,12
391084,391097,391099,2,13
391084,391098,391100,2,14
391084,391098,391100,2,14
391084,391096,391100,4,12
391084,391097,391101,4,13
391084,391098,391101,3,14
391084,391096,391100,4,12
391084,391099,391101,2,15
391084,391094,391101,7,10
391084,391098,391101,3,14
391084,391097,391101,4,13
391084,391099,391102,3,15
391084,391097,391102,5,13
391084,391089,391102,13,5
391084,391099,391101,2,15
391084,391099,391103,4,15
391084,391099,391103,4,15
391084,391100,391104,4,16
391084,391084,391102,18,0
391084,391098,391103,5,14
391084,391098,391103,5,14
391084,391084,391115,31,0
391084,391084,391117,33,0
391084,391084,391117,33,0
391084,391084,391120,36,0
389654,389671,391160,1489,17
391161,391161,391164,3,0
391161,391161,391164,3,0
391161,391161,391164,3,0
391161,391161,391164,3,0
391161,391161,391164,3,0
391161,391161,391165,4,0
391161,391161,391165,4,0
391161,391161,391165,4,0
391161,391161,391167,6,0
391161,391161,391166,5,0
391161,391161,391168,7,0
391161,391161,391168,7,0
391161,391165,391169,4,4
391161,391165,391170,5,4
391161,391165,391171,6,4
391161,391166,391170,4,5
391161,391161,391171,10,0
391161,391167,391171,4,6
391161,391165,391171,6,4
391161,391166,391172,6,5
391161,391165,391173,8,4
391161,391161,391172,11,0
391161,391161,391172,11,0
391161,391161,391173,12,0
391161,391170,391172,2,9
391161,391171,391173,2,10
391161,391171,391173,2,10
391161,391167,391173,6,6
391161,391169,391173,4,8
391161,391171,391173,2,10
391161,391161,391173,12,0
391161,391161,391174,13,0
391161,391173,391175,2,12
391161,391161,391175,14,0
391161,391172,391174,2,11
391161,391173,391175,2,12
391161,391173,391175,2,12
391161,391173,391175,2,12
391161,391173,391175,2,12
391161,391172,391175,3,11
391161,391172,391175,3,11
391161,391174,391176,2,13
391161,391175,391177,2,14
391161,391175,391177,2,14
391161,391174,391178,4,13
391161,391173,391177,4,12
391161,391174,391178,4,13
391161,391173,391178,5,12
391161,391175,391178,3,14
391161,391175,391177,2,14
391161,391175,391179,4,14
391161,391175,391178,3,14
391161,391174,391179,5,13
391161,391177,391179,2,16
391161,391176,391179,3,15
391161,391161,391179,18,0
391161,391166,391179,13,5
391161,391176,391180,4,15
391161,391175,391179,4,14
391161,391176,391180,4,15
391161,391177,391179,2,16
391161,391177,391179,2,16
391161,391173,391181,8,12
391161,391178,391182,4,17
391161,391169,391182,13,8
391161,391161,391184,23,0
391161,391161,391186,25,0
391161,391161,391189,28,0
391161,391161,391194,33,0
391161,391161,391201,40,0
390342,390363,391340,977,21
391342,391342,391345,3,0
391342,391342,391345,3,0
391342,391342,391345,3,0
391342,391342,391346,4,0
391342,391342,391345,3,0
391342,391342,391347,5,0
391342,391342,391346,4,0
391342,391342,391347,5,0
391342,391342,391348,6,0
391342,391342,391350,8,0
389618,389632,391349,1717,14
391342,391345,391350,5,3
391342,391347,391350,3,5
391342,391342,391351,9,0
391342,391342,391351,9,0
391342,391342,391351,9,0
391342,391345,391351,6,3
391342,391347,391351,4,5
391342,391346,391352,6,4
391342,391347,391352,5,5
391342,391350,391352,2,8
391342,391346,391352,6,4
391342,391342,391352,10,0
391342,391342,391353,11,0
391342,391345,391352,7,3
391342,391351,391353,2,9
391342,391350,391353,3,8
391342,391342,391354,12,0
391342,391352,391354,2,10
391342,391352,391354,2,10
391342,391351,391354,3,9
391342,391352,391355,3,10
391342,391349,391355,6,7
391342,391354,391355,1,12
391342,391353,391355,2,11
391342,391350,391356,6,8
391342,391342,391356,14,0
391342,391351,391355,4,9
391342,391354,391356,2,12
391342,391355,391356,1,13
391342,391354,391356,2,12
391342,391342,391356,14,0
391342,391342,391357,15,0
391342,391355,391357,2,13
391342,391342,391358,16,0
391342,391355,391357,2,13
391342,391354,391358,4,12
391342,391354,391358,4,12
391342,391353,391358,5,11
391342,391356,391358,2,14
391342,391357,391359,2,15
391342,391356,391358,2,14
391342,391355,391359,4,13
391342,391357,391359,2,15
391342,391357,391359,2,15
391342,391358,391360,2,16
391342,391356,391361,5,14
391342,391357,391361,4,15
391342,391357,391361,4,15
391351,391359,391362,3,8
391342,391357,391362,5,15
391351,391359,391362,3,8
391342,391342,391360,18,0
391351,391360,391363,3,9
391351,391359,391363,4,8
391351,391360,391363,3,9
391351,391361,391363,2,10
391351,391358,391364,6,7
391342,391350,391356,6,8
391342,391351,391362,11,9
391342,391351,391362,11,9
391342,391357,391364,7,15
391351,391362,391365,3,11
390409,390418,391366,948,9
391351,391358,391366,8,7
391351,391362,391366,4,11
391351,391363,391366,3,12
391351,391358,391367,9,7
391351,391362,391367,5,11
391351,391362,391368,6,11
391342,391358,391368,10,16
391342,391353,391368,15,11
391351,391363,391368,5,12
391351,391364,391370,6,13
391351,391364,391370,6,13
391351,391363,391371,8,12
391351,391364,391370,6,13
391351,391363,391371,8,12
391342,391342,391371,29,0
391351,391365,391371,6,14
391351,391369,391372,3,18
391351,391359,391372,13,8
391351,391367,391372,5,16
391351,391370,391372,2,19
391351,391371,391373,2,20
391351,391368,391373,5,17
391351,391370,391373,3,19
391351,391372,391373,1,21
391351,391368,391373,5,17
391351,391366,391374,8,15
391342,391342,391374,32,0
391351,391367,391374,7,16
391351,391371,391374,3,20
391351,391373,391375,2,22
391351,391373,391375,2,22
391351,391373,391375,2,22
391351,391365,391370,5,14
391351,391365,391371,6,14
391351,391365,391373,8,14
391351,391369,391373,4,18
391351,391372,391374,2,21
391351,391371,391375,4,20
391351,391367,391375,8,16
391351,391373,391375,2,22
391342,391342,391376,34,0
391351,391373,391376,3,22
391351,391374,391376,2,23
391351,391368,391376,8,17
391351,391375,391377,2,24
391351,391373,391377,4,22
391351,391374,391377,3,23
391351,391375,391377,2,24
391351,391375,391377,2,24
391351,391375,391377,2,24
391351,391375,391378,3,24
391351,391374,391378,4,23
391351,391374,391378,4,23
391351,391371,391379,8,20
391351,391376,391379,3,25
391351,391375,391379,4,24
391351,391375,391379,4,24
391368,391377,391380,3,9
391368,391378,391380,2,10
391351,391365,391380,15,14
391351,391376,391380,4,25
391351,391367,391381,14,16
391342,391342,391380,38,0
391368,391377,391381,4,9
391368,391379,391381,2,11
391351,391377,391381,4,26
391368,391378,391381,3,10
391368,391378,391381,3,10
391351,391367,391382,15,16
391351,391377,391381,4,26
391368,391380,391384,4,12
391368,391377,391384,7,9
391368,391380,391385,5,12
391368,391377,391385,8,9
391351,391375,391385,10,24
391368,391380,391387,7,12
391368,391382,391387,5,14
391368,391382,391387,5,14
391368,391382,391387,5,14
391368,391380,391387,7,12
391368,391385,391388,3,17
391368,391382,391389,7,14
391368,391387,391390,3,19
391368,391388,391390,2,20
391368,391385,391391,6,17
391368,391388,391390,2,20
391368,391388,391390,2,20
391368,391388,391390,2,20
391368,391379,391391,12,11
391368,391385,391391,6,17
391368,391389,391392,3,21
391368,391379,391392,13,11
391368,391391,391392,1,23
391368,391391,391393,2,23
391368,391391,391393,2,23
391368,391379,391393,14,11
391368,391388,391392,4,20
391368,391391,391393,2,23
391368,391391,391393,2,23
391368,391392,391393,1,24
391368,391391,391393,2,23
391368,391393,391394,1,25
391368,391393,391395,2,25
391368,391383,391394,11,15
391368,391393,391395,2,25
391368,391380,391395,15,12
391368,391392,391395,3,24
391368,391381,391395,14,13
391368,391393,391396,3,25
391368,391394,391396,2,26
391368,391394,391396,2,26
391368,391394,391396,2,26
391368,391395,391396,1,27
391368,391381,391397,16,13
391368,391382,391397,15,14
391368,391393,391397,4,25
391368,391395,391397,2,27
391368,391395,391397,2,27
391368,391380,391398,18,12
391368,391397,391399,2,29
391368,391396,391398,2,28
391368,391396,391399,3,28
391368,391397,391399,2,29
391368,391397,391399,2,29
391368,391391,391397,6,23
391368,391385,391399,14,17
391368,391393,391399,6,25
391368,391395,391399,4,27
391368,391392,391400,8,24
391368,391396,391400,4,28
391368,391396,391401,5,28
391368,391381,391402,21,13
391368,391396,391403,7,28
391368,391384,391404,20,16
391351,391375,391399,24,24
391368,391386,391410,24,18
390414,390436,391415,979,22
391351,391375,391419,44,24
391429,391429,391431,2,0
391429,391429,391432,3,0
391429,391429,391432,3,0
391429,391429,391432,3,0
391429,391429,391432,3,0
391429,391429,391432,3,0
391429,391429,391432,3,0
391429,391429,391433,4,0
391429,391429,391435,6,0
391429,391433,391436,3,4
391429,391433,391436,3,4
391429,391433,391437,4,4
391429,391434,391436,2,5
391429,391433,391436,3,4
391429,391429,391437,8,0
391429,391433,391437,4,4
391429,391432,391438,6,3
391429,391429,391437,8,0
391429,391433,391438,5,4
391429,391437,391439,2,8
391429,391438,391440,2,9
391429,391437,391440,3,8
391429,391437,391439,2,8
391429,391436,391439,3,7
391429,391437,391439,2,8
391429,391438,391440,2,9
391429,391439,391441,2,10
391429,391436,391441,5,7
391429,391440,391441,1,11
391429,391440,391442,2,11
391429,391440,391442,2,11
391429,391440,391442,2,11
391429,391429,391442,13,0
391429,391438,391442,4,9
391429,391429,391442,13,0
391429,391440,391442,2,11
391429,391440,391443,3,11
391429,391441,391443,2,12
391429,391440,391442,2,11
391429,391429,391444,15,0
391429,391429,391443,14,0
391429,391442,391444,2,13
391429,391429,391445,16,0
391429,391442,391444,2,13
391429,391442,391444,2,13
391429,391443,391445,2,14
391429,391442,391444,2,13
391429,391442,391446,4,13
391429,391443,391446,3,14
391429,391443,391445,2,14
391429,391442,391446,4,13
391429,391443,391446,3,14
391429,391429,391447,18,0
391429,391443,391446,3,14
391429,391445,391447,2,16
391429,391442,391447,5,13
391429,391444,391446,2,15
391429,391429,391447,18,0
391429,391429,391447,18,0
391429,391445,391447,2,16
391429,391445,391448,3,16
391429,391445,391450,5,16
391429,391429,391453,24,0
391429,391444,391456,12,15
390485,390496,391459,963,11
391429,391429,391442,13,0
390502,390516,391461,945,14
391351,391375,391453,78,24
391429,391444,391453,9,15
391461,391461,391464,3,0
391461,391461,391464,3,0
391461,391461,391464,3,0
391461,391461,391464,3,0
391461,391461,391464,3,0
391461,391461,391464,3,0
391461,391461,391465,4,0
391461,391461,391466,5,0
391429,391461,391466,5,32
391461,391461,391467,6,0
391461,391462,391468,6,1
391429,391429,391468,39,0
391461,391466,391469,3,5
391461,391466,391469,3,5
391461,391465,391469,4,4
391461,391465,391469,4,4
391461,391465,391471,6,4
391461,391465,391471,6,4
391461,391465,391470,5,4
391461,391461,391471,10,0
391461,391461,391471,10,0
391461,391461,391471,10,0
391461,391465,391471,6,4
391461,391461,391471,10,0
391461,391466,391472,6,5
391461,391469,391472,3,8
391461,391461,391472,11,0
391461,391471,391473,2,10
391461,391471,391473,2,10
391461,391470,391472,2,9
391461,391470,391473,3,9
391461,391470,391473,3,9
391461,391470,391473,3,9
391461,391472,391474,2,11
391461,391468,391474,6,7
391461,391471,391474,3,10
391461,391473,391474,1,12
391461,391473,391475,2,12
391461,391472,391474,2,11
391461,391472,391475,3,11
391461,391473,391475,2,12
391461,391472,391476,4,11
391461,391474,391476,2,13
391461,391473,391476,3,12
391461,391473,391475,2,12
391461,391474,391477,3,13
391461,391461,391476,15,0
391461,391472,391476,4,11
391461,391475,391477,2,14
391461,391475,391477,2,14
391461,391473,391477,4,12
391461,391476,391478,2,15
391461,391475,391478,3,14
391461,391475,391479,4,14
391461,391476,391478,2,15
391461,391476,391479,3,15
391461,391476,391479,3,15
391461,391477,391480,3,16
391461,391475,391479,4,14
391461,391476,391480,4,15
391461,391461,391480,19,0
391462,391477,391481,4,15
391462,391478,391481,3,16
391461,391472,391482,10,11
391461,391472,391482,10,11
391461,391476,391482,6,15
391461,391477,391482,5,16
391462,391479,391483,4,17
391462,391479,391483,4,17
391462,391479,391483,4,17
391462,391480,391483,3,18
391462,391480,391483,3,18
391462,391478,391484,6,16
391462,391481,391485,4,19
391461,391477,391483,6,16
391462,391481,391486,5,19
391461,391461,391486,25,0
391462,391480,391486,6,18
391462,391486,391489,3,24
391461,391461,391487,26,0
391462,391483,391489,6,21
391462,391485,391490,5,23
391462,391484,391490,6,22
391462,391484,391490,6,22
391462,391487,391490,3,25
391462,391483,391490,7,21
391462,391484,391491,7,22
391462,391481,391491,10,19
391462,391489,391492,3,27
391462,391490,391492,2,28
391462,391480,391493,13,18
391462,391490,391493,3,28
391462,391491,391494,3,29
391462,391491,391493,2,29
391462,391491,391494,3,29
391462,391491,391493,2,29
391462,391492,391494,2,30
391462,391492,391494,2,30
391462,391486,391493,7,24
391462,391482,391494,12,20
391462,391492,391494,2,30
391462,391493,391495,2,31
391462,391494,391496,2,32
391462,391494,391496,2,32
391462,391482,391496,14,20
391462,391494,391496,2,32
391462,391494,391496,2,32
391462,391480,391496,16,18
391462,391485,391497,12,23
391462,391494,391497,3,32
391462,391482,391497,15,20
391462,391494,391497,3,32
391462,391495,391497,2,33
391462,391493,391498,5,31
391462,391494,391498,4,32
391461,391469,391490,21,8
391462,391495,391499,4,33
391462,391496,391499,3,34
391462,391496,391499,3,34
391462,391497,391499,2,35
391462,391497,391499,2,35
391462,391497,391499,2,35
391462,391497,391500,3,35
391462,391497,391500,3,35
391462,391498,391500,2,36
391461,391461,391501,40,0
391462,391497,391501,4,35
391462,391497,391501,4,35
391462,391497,391501,4,35
391462,391497,391501,4,35
391462,391499,391502,3,37
391462,391482,391502,20,20
391462,391500,391502,2,38
391462,391498,391502,4,36
389938,389950,391503,1553,12
391462,391499,391503,4,37
391504,391504,391507,3,0
391504,391504,391507,3,0
391462,391492,391505,13,30
391462,391499,391506,7,37
391504,391504,391508,4,0
391504,391504,391508,4,0
391504,391504,391508,4,0
391504,391504,391508,4,0
391462,391486,391505,19,24
391504,391504,391509,5,0
391504,391504,391510,6,0
391504,391504,391511,7,0
391504,391504,391512,8,0
391504,391508,391512,4,4
391504,391507,391512,5,3
391504,391507,391513,6,3
391504,391504,391512,8,0
391504,391508,391513,5,4
391504,391507,391514,7,3
391504,391504,391514,10,0
391504,391508,391515,7,4
391504,391509,391515,6,5
390515,390534,391517,983,19
391504,391510,391517,7,6
391504,391512,391518,6,8
391504,391513,391518,5,9
391504,391515,391518,3,11
391504,391504,391517,13,0
391504,391512,391518,6,8
391504,391515,391518,3,11
391504,391504,391519,15,0
391504,391513,391518,5,9
391504,391517,391520,3,13
391504,391517,391520,3,13
391504,391518,391521,3,14
391504,391518,391521,3,14
391504,391518,391521,3,14
391504,391519,391521,2,15
391504,391519,391521,2,15
391462,391490,391521,31,28
391504,391520,391522,2,16
391504,391514,391522,8,10
391504,391515,391522,7,11
391504,391519,391523,4,15
391504,391513,391523,10,9
391504,391507,391522,15,3
391504,391521,391523,2,17
391504,391521,391523,2,17
391504,391522,391524,2,18
391504,391521,391524,3,17
391504,391522,391524,2,18
391504,391522,391524,2,18
391504,391522,391524,2,18
391504,391510,391525,15,6
391504,391523,391525,2,19
391504,391524,391526,2,20
391504,391524,391526,2,20
391504,391524,391526,2,20
391429,391429,391507,78,0
391461,391464,391526,62,3
391461,391464,391514,50,3
391504,391518,391524,6,14
391504,391523,391527,4,19
391504,391523,391527,4,19
391504,391524,391527,3,20
391504,391525,391527,2,21
391504,391525,391527,2,21
391504,391525,391527,2,21
391504,391523,391527,4,19
391504,391512,391529,17,8
391504,391511,391529,18,7
391518,391527,391529,2,9
391504,391504,391529,25,0
391504,391525,391530,5,21
391504,391524,391530,6,20
391518,391527,391530,3,9
391518,391527,391530,3,9
391504,391522,391531,9,18
391518,391528,391533,5,10
391518,391528,391533,5,10
391518,391528,391533,5,10
391518,391527,391534,7,9
391518,391527,391535,8,9
391518,391533,391536,3,15
391518,391530,391536,6,12
391518,391534,391537,3,16
391518,391531,391537,6,13
391518,391531,391537,6,13
391518,391527,391538,11,9
391518,391533,391539,6,15
391518,391536,391538,2,18
391518,391537,391539,2,19
391518,391537,391539,2,19
391518,391538,391540,2,20
391518,391538,391541,3,20
391518,391539,391541,2,21
391518,391527,391536,9,9
391518,391527,391537,10,9
391518,391535,391541,6,17
391518,391535,391541,6,17
391518,391539,391541,2,21
391504,391510,391535,25,6
391518,391539,391541,2,21
391518,391540,391542,2,22
391518,391529,391542,13,11
391518,391541,391543,2,23
391518,391540,391543,3,22
391518,391541,391544,3,23
391518,391541,391543,2,23
391518,391531,391544,13,13
391518,391543,391545,2,25
391518,391528,391545,17,10
391518,391530,391545,15,12
391518,391542,391545,3,24
391518,391542,391544,2,24
391518,391527,391545,18,9
391518,391541,391545,4,23
391518,391542,391545,3,24
391518,391543,391546,3,25
391518,391541,391546,5,23
391518,391542,391546,4,24
391518,391544,391547,3,26
391518,391544,391547,3,26
391518,391530,391547,17,12
391518,391529,391547,18,11
391429,391429,391547,118,0
391518,391545,391548,3,27
391518,391545,391548,3,27
391518,391545,391548,3,27
391518,391546,391548,2,28
391518,391547,391549,2,29
391518,391547,391549,2,29
391518,391547,391550,3,29
391518,391547,391550,3,29
391518,391545,391550,5,27
391518,391545,391550,5,27
391518,391530,391550,20,12
391518,391541,391550,9,23
391518,391545,391550,5,27
391518,391546,391550,4,28
391518,391545,391551,6,27
391518,391547,391551,4,29
391462,391499,391549,50,37
391518,391547,391552,5,29
391518,391548,391552,4,30
391504,391522,391552,30,18
391518,391527,391554,27,9
391518,391541,391555,14,23
391518,391542,391555,13,24
391504,391504,391572,68,0
390116,390126,391651,1525,10
391653,391653,391655,2,0
391653,391653,391655,2,0
391653,391653,391656,3,0
391653,391653,391657,4,0
391653,391653,391656,3,0
391653,391653,391656,3,0
391653,391653,391656,3,0
391653,391653,391658,5,0
391653,391653,391661,8,0
391653,391656,391661,5,3
391653,391656,391662,6,3
391653,391657,391661,4,4
391653,391657,391662,5,4
391653,391653,391663,10,0
391653,391657,391663,6,4
391653,391657,391664,7,4
391653,391662,391664,2,9
391653,391653,391665,12,0
391653,391662,391665,3,9
391653,391657,391665,8,4
391653,391662,391665,3,9
391653,391662,391664,2,9
391653,391663,391665,2,10
391653,391659,391666,7,6
391653,391653,391666,13,0
391653,391664,391666,2,11
391653,391664,391667,3,11
391653,391665,391667,2,12
391653,391662,391668,6,9
391653,391665,391667,2,12
391653,391665,391667,2,12
391653,391665,391668,3,12
391653,391653,391669,16,0
391653,391663,391668,5,10
391653,391666,391669,3,13
391653,391667,391669,2,14
391653,391653,391670,17,0
391653,391667,391669,2,14
391653,391667,391670,3,14
391653,391653,391671,18,0
391653,391653,391671,18,0
391653,391653,391670,17,0
391653,391668,391670,2,15
391653,391668,391670,2,15
391653,391668,391671,3,15
391653,391669,391671,2,16
391653,391667,391671,4,14
391653,391668,391672,4,15
391653,391669,391672,3,16
391653,391665,391672,7,12
391653,391653,391673,20,0
391653,391653,391672,19,0
391653,391669,391673,4,16
391653,391667,391673,6,14
391653,391670,391673,3,17
391653,391671,391673,2,18
391653,391669,391674,5,16
391653,391671,391673,2,18
391653,391671,391674,3,18
391653,391672,391674,2,19
391653,391671,391674,3,18
391653,391653,391677,24,0
391653,391671,391677,6,18
391653,391653,391678,25,0
391653,391670,391677,7,17
391653,391671,391678,7,18
391653,391653,391687,34,0
391653,391653,391689,36,0
391653,391653,391690,37,0
391653,391653,391693,40,0
390264,390272,391776,1504,8
391777,391777,391780,3,0
391777,391777,391780,3,0
391777,391777,391781,4,0
391777,391777,391781,4,0
391777,391777,391784,7,0
391777,391777,391783,6,0
391777,391777,391784,7,0
391777,391777,391786,9,0
391777,391777,391787,10,0
391777,391777,391787,10,0
391777,391780,391787,7,3
391777,391777,391788,11,0
391777,391777,391788,11,0
391777,391781,391788,7,4
391777,391780,391789,9,3
391777,391777,391790,13,0
391777,391787,391790,3,10
391777,391784,391790,6,7
391777,391781,391790,9,4
391777,391789,391791,2,12
391777,391777,391788,11,0
391777,391777,391790,13,0
391777,391787,391792,5,10
391777,391788,391792,4,11
391777,391777,391792,15,0
391777,391784,391792,8,7
391777,391790,391793,3,13
391777,391777,391792,15,0
391777,391777,391792,15,0
391777,391786,391793,7,9
391777,391790,391793,3,13
391777,391790,391793,3,13
391777,391777,391793,16,0
391777,391788,391793,5,11
391777,391791,391793,2,14
391777,391777,391793,16,0
391777,391787,391793,6,10
391777,391784,391794,10,7
391777,391792,391794,2,15
391777,391777,391795,18,0
391777,391790,391795,5,13
391777,391793,391795,2,16
391777,391792,391796,4,15
391777,391792,391796,4,15
391777,391794,391796,2,17
391777,391794,391796,2,17
391777,391792,391796,4,15
391777,391793,391797,4,16
391777,391794,391796,2,17
391777,391777,391795,18,0
391777,391792,391797,5,15
391777,391795,391797,2,18
391777,391792,391798,6,15
391777,391794,391798,4,17
391777,391777,391798,21,0
391777,391793,391798,5,16
391777,391796,391798,2,19
391777,391794,391799,5,17
391777,391797,391799,2,20
391777,391793,391799,6,16
391777,391795,391800,5,18
391777,391797,391801,4,20
391777,391797,391801,4,20
391777,391777,391806,29,0
391777,391777,391799,22,0
391777,391795,391807,12,18
391777,391795,391811,16,18
390842,390859,391814,955,17
391777,391793,391814,21,16
391814,391814,391818,4,0
391814,391814,391818,4,0
391814,391814,391818,4,0
391814,391814,391818,4,0
391814,391814,391819,5,0
391814,391814,391819,5,0
391814,391818,391821,3,4
391814,391819,391821,2,5
391814,391818,391822,4,4
391814,391820,391822,2,6
391814,391820,391822,2,6
391814,391818,391823,5,4
391814,391822,391823,1,8
391814,391822,391824,2,8
391814,391814,391824,10,0
391814,391823,391825,2,9
391814,391824,391825,1,10
391814,391823,391825,2,9
391814,391823,391825,2,9
391777,391794,391824,30,17
391814,391814,391826,12,0
391814,391814,391826,12,0
391814,391814,391827,13,0
391814,391814,391827,13,0
391814,391814,391827,13,0
391814,391824,391827,3,10
391814,391826,391827,1,12
391814,391825,391827,2,11
391814,391814,391828,14,0
391814,391826,391828,2,12
391814,391826,391828,2,12
391814,391826,391828,2,12
391814,391828,391829,1,14
391814,391825,391830,5,11
391777,391794,391826,32,17
391814,391828,391830,2,14
391814,391826,391831,5,12
391814,391828,391831,3,14
391814,391829,391831,2,15
391814,391830,391831,1,16
391814,391829,391831,2,15
391814,391829,391832,3,15
391814,391814,391831,17,0
391814,391826,391832,6,12
391814,391827,391832,5,13
391814,391828,391832,4,14
391814,391827,391832,5,13
391814,391828,391832,4,14
391814,391814,391833,19,0
391814,391832,391834,2,18
391814,391831,391833,2,17
391814,391832,391834,2,18
391814,391832,391835,3,18
391814,391832,391835,3,18
391814,391814,391835,21,0
391814,391814,391835,21,0
391814,391814,391831,17,0
391814,391832,391836,4,18
391814,391832,391836,4,18
391814,391833,391837,4,19
391814,391833,391837,4,19
391814,391833,391837,4,19
391814,391814,391838,24,0
391814,391814,391839,25,0
390335,390347,391840,1493,12
391814,391826,391841,15,12
391814,391833,391841,8,19
391814,391815,391839,24,1
391814,391831,391841,10,17
391814,391831,391848,17,17
391814,391832,391848,16,18
391848,391848,391851,3,0
391848,391848,391851,3,0
391848,391848,391851,3,0
391848,391848,391851,3,0
391848,391848,391851,3,0
391848,391848,391851,3,0
391814,391815,391849,34,1
391814,391815,391849,34,1
391848,391848,391855,7,0
391848,391851,391858,7,3
391848,391848,391857,9,0
391848,391851,391858,7,3
391848,391851,391858,7,3
391848,391848,391859,11,0
391848,391852,391859,7,4
391848,391848,391860,12,0
391848,391852,391860,8,4
391848,391848,391861,13,0
391848,391852,391860,8,4
391848,391848,391861,13,0
391848,391858,391860,2,10
391848,391858,391861,3,10
391848,391858,391861,3,10
391848,391848,391862,14,0
391848,391859,391862,3,11
391848,391848,391863,15,0
391848,391856,391862,6,8
391848,391859,391863,4,11
391848,391861,391863,2,13
391848,391848,391863,15,0
391848,391860,391863,3,12
391848,391861,391863,2,13
391848,391862,391864,2,14
391848,391848,391864,16,0
391848,391861,391864,3,13
391848,391848,391864,16,0
391848,391858,391864,6,10
391848,391862,391865,3,14
391848,391864,391865,1,16
391848,391861,391865,4,13
391848,391863,391865,2,15
391848,391864,391866,2,16
391848,391863,391867,4,15
391848,391860,391867,7,12
391848,391865,391867,2,17
391848,391864,391868,4,16
391848,391863,391867,4,15
391848,391866,391868,2,18
391848,391854,391859,5,6
391848,391853,391860,7,5
391848,391853,391862,9,5
391848,391866,391868,2,18
391848,391866,391868,2,18
391848,391863,391869,6,15
391848,391865,391869,4,17
391848,391867,391869,2,19
391848,391866,391870,4,18
391848,391868,391870,2,20
391848,391861,391871,10,13
391848,391868,391871,3,20
391848,391848,391871,23,0
391848,391848,391867,19,0
391848,391867,391872,5,19
391848,391868,391872,4,20
391848,391848,391875,27,0
391848,391865,391875,10,17
391848,391867,391872,5,19
391848,391862,391873,11,14
391848,391864,391881,17,16
391848,391848,391883,35,0
391848,391848,391883,35,0
391848,391863,391892,29,15
390934,390948,391906,958,14
391909,391909,391912,3,0
391909,391909,391913,4,0
391909,391909,391913,4,0
391909,391909,391912,3,0
391909,391909,391913,4,0
391909,391909,391914,5,0
391909,391913,391916,3,4
391909,391913,391915,2,4
391909,391914,391916,2,5
391909,391913,391915,2,4
391909,391913,391915,2,4
391909,391913,391915,2,4
391909,391909,391918,9,0
391909,391909,391919,10,0
391909,391916,391918,2,7
391909,391916,391918,2,7
391909,391916,391918,2,7
391909,391916,391919,3,7
391909,391916,391918,2,7
391909,391916,391918,2,7
391909,391909,391911,2,0
391909,391909,391914,5,0
391909,391909,391916,7,0
391909,391909,391919,10,0
391909,391909,391921,12,0
391909,391909,391921,12,0
391909,391909,391920,11,0
391909,391909,391921,12,0
391909,391919,391921,2,10
391909,391919,391922,3,10
391909,391919,391922,3,10
391909,391919,391922,3,10
391909,391919,391922,3,10
391909,391919,391922,3,10
391909,391918,391923,5,9
391909,391919,391924,5,10
391909,391909,391925,16,0
391909,391920,391924,4,11
391909,391909,391925,16,0
391909,391922,391925,3,13
391909,391922,391925,3,13
391909,391923,391925,2,14
391909,391923,391925,2,14
391909,391923,391925,2,14
391909,391921,391925,4,12
391909,391909,391928,19,0
391909,391909,391928,19,0
391909,391925,391928,3,16
391909,391925,391928,3,16
391909,391926,391928,2,17
391909,391926,391928,2,17
391909,391926,391928,2,17
391909,391924,391929,5,15
391909,391922,391928,6,13
391909,391909,391930,21,0
391909,391925,391930,5,16
391909,391922,391930,8,13
391909,391924,391930,6,15
391909,391921,391925,4,12
391909,391925,391931,6,16
391909,391926,391931,5,17
391909,391909,391933,24,0
391909,391909,391933,24,0
391909,391909,391928,19,0
391909,391920,391932,12,11
391909,391920,391941,21,11
391909,391920,391940,20,11
391909,391922,391941,19,13
391909,391925,391941,16,16
391909,391909,391946,37,0
390540,390557,392048,1491,17
392050,392050,392053,3,0
392050,392050,392053,3,0
392050,392050,392054,4,0
392050,392050,392053,3,0
392050,392050,392054,4,0
392050,392054,392057,3,4
392050,392054,392057,3,4
392050,392053,392056,3,3
392050,392054,392057,3,4
392050,392054,392057,3,4
392050,392050,392058,8,0
392050,392050,392060,10,0
392050,392057,392060,3,7
392050,392057,392060,3,7
392050,392057,392060,3,7
392050,392057,392060,3,7
392050,392057,392060,3,7
392050,392058,392061,3,8
392050,392050,392062,12,0
392050,392050,392063,13,0
392050,392050,392062,12,0
392050,392060,392063,3,10
392050,392060,392063,3,10
392050,392060,392063,3,10
392050,392060,392063,3,10
392050,392060,392063,3,10
392050,392050,392063,13,0
392050,392050,392064,14,0
392050,392050,392064,14,0
392050,392050,392064,14,0
392050,392061,392065,4,11
392050,392060,392065,5,10
392050,392050,392066,16,0
392050,392062,392066,4,12
392050,392063,392066,3,13
392050,392063,392066,3,13
392050,392064,392066,2,14
392050,392064,392066,2,14
392050,392064,392066,2,14
392050,392050,392067,17,0
392050,392050,392067,17,0
392050,392063,392067,4,13
392050,392050,392067,17,0
392050,392065,392068,3,15
392050,392064,392068,4,14
392050,392065,392069,4,15
392050,392064,392069,5,14
392050,392050,392068,18,0
392050,392065,392069,4,15
392050,392067,392069,2,17
392050,392067,392069,2,17
392050,392067,392069,2,17
392050,392067,392069,2,17
392050,392067,392069,2,17
392050,392068,392071,3,18
392050,392066,392070,4,16
392050,392067,392072,5,17
392050,392050,392072,22,0
392050,392066,392071,5,16
392050,392068,392073,5,18
392050,392063,392070,7,13
392050,392050,392071,21,0
392050,392067,392075,8,17
392050,392067,392076,9,17
392050,392065,392077,12,15
392050,392068,392078,10,18
392050,392050,392079,29,0
391085,391100,392087,987,15
392090,392090,392093,3,0
392090,392090,392094,4,0
392090,392090,392094,4,0
392090,392090,392095,5,0
392090,392090,392094,4,0
392090,392090,392094,4,0
392090,392090,392094,4,0
392090,392090,392095,5,0
392090,392090,392094,4,0
392090,392090,392095,5,0
392090,392090,392095,5,0
392090,392095,392096,1,5
392090,392090,392096,6,0
392090,392095,392097,2,5
392090,392094,392097,3,4
392090,392095,392097,2,5
392090,392095,392097,2,5
392090,392095,392097,2,5
392090,392095,392097,2,5
392090,392095,392097,2,5
392090,392090,392099,9,0
392090,392095,392099,4,5
392090,392097,392099,2,7
392090,392097,392099,2,7
392090,392090,392100,10,0
392090,392098,392100,2,8
392090,392098,392100,2,8
392090,392098,392100,2,8
392090,392098,392101,3,8
392090,392098,392100,2,8
392090,392097,392101,4,7
392050,392061,392090,29,11
392050,392061,392090,29,11
392050,392061,392097,36,11
392090,392100,392102,2,10
392090,392098,392102,4,8
392090,392100,392102,2,10
392090,392099,392103,4,9
392090,392099,392103,4,9
392090,392101,392104,3,11
392090,392101,392104,3,11
392090,392101,392103,2,11
392090,392101,392103,2,11
392090,392101,392103,2,11
392090,392096,392102,6,6
392090,392090,392105,15,0
392090,392103,392106,3,13
392090,392103,392105,2,13
392090,392102,392106,4,12
392090,392104,392107,3,14
392090,392104,392107,3,14
392090,392104,392107,3,14
392090,392104,392106,2,14
392090,392104,392106,2,14
392090,392106,392108,2,16
392090,392103,392108,5,13
392090,392104,392109,5,14
392090,392106,392109,3,16
392090,392090,392109,19,0
392090,392095,392107,12,5
392090,392104,392108,4,14
392090,392090,392107,17,0
392090,392106,392110,4,16
392090,392090,392113,23,0
392090,392090,392113,23,0
392090,392101,392114,13,11
392090,392090,392115,25,0
392090,392104,392120,16,14
392090,392090,392125,35,0
392090,392102,392124,22,12
392090,392090,392132,42,0
392090,392102,392131,29,12
392090,392102,392153,51,12
391343,391358,392313,955,15
392316,392316,392319,3,0
392316,392316,392319,3,0
392316,392316,392319,3,0
392316,392316,392320,4,0
392316,392316,392320,4,0
392316,392316,392320,4,0
392316,392316,392320,4,0
392316,392316,392321,5,0
392316,392316,392321,5,0
392316,392316,392322,6,0
392316,392316,392322,6,0
392316,392320,392322,2,4
392316,392320,392323,3,4
392316,392320,392323,3,4
392316,392320,392323,3,4
392316,392321,392323,2,5
392316,392321,392323,2,5
392316,392321,392323,2,5
392316,392322,392324,2,6
392316,392316,392324,8,0
392316,392316,392322,6,0
392316,392323,392325,2,7
392316,392323,392325,2,7
392316,392323,392325,2,7
392316,392316,392326,10,0
392316,392324,392326,2,8
392316,392324,392326,2,8
392316,392324,392326,2,8
392316,392325,392327,2,9
392316,392325,392327,2,9
392316,392316,392326,10,0
392316,392316,392328,12,0
392316,392322,392328,6,6
392316,392324,392328,4,8
392316,392324,392328,4,8
392316,392324,392328,4,8
392316,392326,392329,3,10
392316,392326,392328,2,10
392316,392326,392329,3,10
392316,392327,392329,2,11
392316,392327,392330,3,11
392316,392327,392329,2,11
392316,392328,392330,2,12
392316,392316,392331,15,0
392316,392316,392328,12,0
392316,392329,392332,3,13
392316,392329,392332,3,13
392316,392329,392331,2,13
392316,392325,392330,5,9
392316,392329,392333,4,13
392316,392329,392333,4,13
392316,392329,392333,4,13
392316,392330,392333,3,14
392316,392330,392332,2,14
392316,392330,392333,3,14
392316,392316,392333,17,0
392316,392316,392333,17,0
392316,392328,392334,6,12
392316,392331,392334,3,15
392316,392332,392334,2,16
392316,392316,392336,20,0
392316,392327,392334,7,11
392316,392329,392337,8,13
392316,392316,392338,22,0
392316,392316,392340,24,0
392316,392332,392341,9,16
391352,391377,392351,974,25
392352,392352,392356,4,0
392352,392352,392356,4,0
392352,392352,392355,3,0
392352,392352,392357,5,0
392352,392352,392357,5,0
392352,392352,392358,6,0
392352,392352,392358,6,0
392352,392352,392358,6,0
392352,392352,392358,6,0
392352,392352,392358,6,0
392352,392352,392359,7,0
392352,392357,392359,2,5
392352,392356,392360,4,4
392352,392352,392360,8,0
392352,392358,392360,2,6
392352,392356,392360,4,4
392352,392356,392360,4,4
392352,392357,392360,3,5
392352,392352,392359,7,0
392352,392358,392361,3,6
392352,392358,392361,3,6
392316,392316,392358,42,0
392316,392328,392358,30,12
392316,392328,392360,32,12
392352,392360,392362,2,8
392352,392359,392362,3,7
390869,390898,392362,1464,29
392352,392360,392363,3,8
392352,392361,392363,2,9
392352,392359,392363,4,7
392352,392359,392364,5,7
392352,392358,392364,6,6
392352,392360,392364,4,8
392352,392362,392364,2,10
392352,392362,392364,2,10
392352,392361,392365,4,9
392352,392360,392364,4,8
392352,392360,392364,4,8
392352,392362,392365,3,10
392352,392363,392365,2,11
392352,392363,392365,2,11
392352,392352,392366,14,0
392352,392364,392366,2,12
392352,392364,392367,3,12
392352,392365,392367,2,13
392352,392365,392367,2,13
392352,392364,392368,4,12
392352,392366,392368,2,14
392352,392366,392368,2,14
392316,392316,392364,48,0
392352,392363,392369,6,11
392352,392366,392368,2,14
392352,392364,392367,3,12
392352,392367,392369,2,15
392352,392365,392370,5,13
392352,392365,392370,5,13
392352,392369,392370,1,17
392352,392369,392371,2,17
392352,392368,392370,2,16
392352,392368,392370,2,16
392352,392369,392373,4,17
392352,392370,392372,2,18
392363,392369,392372,3,6
392363,392370,392373,3,7
392352,392366,392374,8,14
392352,392352,392374,22,0
392363,392370,392374,4,7
392352,392364,392375,11,12
392363,392371,392375,4,8
392363,392371,392375,4,8
392363,392371,392376,5,8
392352,392365,392375,10,13
391430,391445,392376,931,15
392363,392371,392377,6,8
392363,392369,392377,8,6
392352,392362,392379,17,10
392352,392362,392379,17,10
392352,392362,392379,17,10
392363,392376,392379,3,13
392363,392376,392379,3,13
392363,392371,392379,8,8
392363,392373,392380,7,10
392363,392376,392379,3,13
392363,392373,392379,6,10
392352,392352,392380,28,0
392352,392352,392375,23,0
392363,392377,392380,3,14
392363,392378,392382,4,15
392363,392380,392382,2,17
392363,392380,392381,1,17
392352,392352,392381,29,0
392352,392352,392381,29,0
392363,392380,392382,2,17
392363,392379,392383,4,16
392363,392378,392382,4,15
392352,392352,392382,30,0
392363,392373,392382,9,10
392363,392380,392383,3,17
392363,392380,392382,2,17
392363,392380,392383,3,17
392363,392376,392383,7,13
392363,392382,392384,2,19
392352,392352,392383,31,0
392363,392370,392384,14,7
392363,392381,392383,2,18
392363,392379,392384,5,16
392363,392380,392384,4,17
392363,392382,392384,2,19
392363,392382,392385,3,19
392363,392384,392386,2,21
392363,392383,392385,2,20
392363,392383,392386,3,20
392363,392383,392386,3,20
392363,392375,392386,11,12
392363,392383,392386,3,20
392363,392373,392386,13,10
392363,392382,392386,4,19
392363,392385,392387,2,22
392363,392382,392386,4,19
392363,392385,392387,2,22
392363,392383,392387,4,20
392363,392386,392388,2,23
392363,392381,392386,5,18
392363,392385,392388,3,22
392363,392375,392388,13,12
392363,392381,392389,8,18
392363,392383,392389,6,20
392363,392386,392389,3,23
392363,392386,392389,3,23
392363,392386,392389,3,23
392363,392387,392389,2,24
392363,392387,392389,2,24
392363,392387,392389,2,24
392363,392387,392389,2,24
392363,392384,392390,6,21
392363,392388,392390,2,25
392363,392387,392391,4,24
392363,392387,392391,4,24
392386,392388,392392,4,2
392386,392390,392392,2,4
392363,392382,392392,10,19
392386,392390,392393,3,4
392386,392390,392392,2,4
392386,392390,392392,2,4
392386,392390,392393,3,4
392386,392389,392393,4,3
392363,392384,392390,6,21
390857,390880,392394,1514,23
392386,392391,392393,2,5
392363,392385,392394,9,22
392386,392392,392394,2,6
392386,392392,392394,2,6
392386,392389,392394,5,3
392363,392374,392394,20,11
392386,392393,392395,2,7
392386,392393,392395,2,7
392363,392383,392394,11,20
392386,392391,392395,4,5
392386,392393,392395,2,7
392386,392392,392395,3,6
392386,392394,392396,2,8
392386,392394,392396,2,8
392386,392390,392396,6,4
392386,392390,392396,6,4
392386,392394,392396,2,8
392386,392394,392396,2,8
392363,392385,392396,11,22
392386,392394,392397,3,8
392386,392395,392397,2,9
392386,392395,392397,2,9
392386,392396,392398,2,10
392386,392396,392398,2,10
392386,392392,392398,6,6
392386,392396,392398,2,10
392386,392397,392399,2,11
392386,392397,392399,2,11
392386,392397,392399,2,11
392386,392397,392400,3,11
392386,392398,392400,2,12
392386,392396,392401,5,10
392386,392395,392401,6,9
392386,392398,392400,2,12
392386,392398,392400,2,12
392386,392399,392401,2,13
392363,392375,392401,26,12
392386,392395,392401,6,9
392386,392398,392402,4,12
392386,392399,392401,2,13
392386,392400,392402,2,14
391461,391477,392402,925,16
392386,392400,392402,2,14
392386,392400,392403,3,14
392386,392400,392402,2,14
392386,392400,392402,2,14
392386,392401,392403,2,15
392386,392401,392403,2,15
392386,392401,392403,2,15
392386,392403,392404,1,17
392386,392389,392402,13,3
392386,392403,392404,1,17
392386,392392,392395,3,6
392386,392402,392404,2,16
392386,392393,392397,4,7
392386,392394,392401,7,8
392386,392401,392405,4,15
392386,392403,392405,2,17
392386,392394,392405,11,8
392386,392397,392407,10,11
392386,392402,392407,5,16
392405,392405,392409,4,0
392405,392405,392409,4,0
392405,392405,392408,3,0
392405,392405,392409,4,0
392405,392405,392409,4,0
392363,392384,392403,19,21
392386,392394,392410,16,8
392405,392405,392410,5,0
392405,392405,392409,4,0
392405,392405,392409,4,0
392386,392399,392410,11,13
392405,392405,392411,6,0
392386,392401,392411,10,15
392405,392410,392412,2,5
392405,392410,392412,2,5
392386,392402,392410,8,16
392405,392411,392413,2,6
392405,392409,392413,4,4
392405,392410,392413,3,5
392405,392406,392413,7,1
392405,392409,392413,4,4
392405,392409,392412,3,4
392405,392409,392414,5,4
392405,392412,392414,2,7
392405,392413,392415,2,8
392405,392409,392415,6,4
392405,392413,392415,2,8
392405,392412,392415,3,7
392405,392413,392416,3,8
392405,392414,392416,2,9
392405,392414,392416,2,9
392405,392414,392416,2,9
392405,392413,392417,4,8
392405,392412,392417,5,7
392405,392415,392417,2,10
392405,392415,392417,2,10
392405,392415,392417,2,10
392405,392415,392417,2,10
392405,392415,392417,2,10
392405,392416,392418,2,11
392405,392417,392419,2,12
392405,392417,392419,2,12
392405,392418,392419,1,13
392405,392417,392419,2,12
392405,392417,392419,2,12
392405,392417,392419,2,12
392405,392417,392419,2,12
392386,392396,392420,24,10
392405,392410,392420,10,5
392386,392388,392418,30,2
392386,392389,392421,32,3
392405,392418,392420,2,13
392405,392418,392420,2,13
392405,392405,392421,16,0
392405,392417,392421,4,12
392405,392420,392422,2,15
392386,392402,392421,19,16
392405,392419,392421,2,14
392405,392419,392422,3,14
392405,392420,392422,2,15
392405,392420,392422,2,15
392405,392420,392422,2,15
392405,392420,392422,2,15
392405,392420,392422,2,15
392405,392421,392423,2,16
392405,392420,392424,4,15
392405,392408,392424,16,3
392405,392406,392424,18,1
392405,392421,392424,3,16
392405,392423,392425,2,18
392405,392423,392426,3,18
392405,392423,392425,2,18
392405,392423,392425,2,18
392405,392422,392426,4,17
392405,392424,392426,2,19
392405,392425,392427,2,20
392405,392417,392424,7,12
392405,392408,392426,18,3
392405,392422,392426,4,17
392405,392423,392427,4,18
392405,392426,392428,2,21
392405,392421,392428,7,16
392405,392408,392425,17,3
392405,392427,392428,1,22
392405,392425,392428,3,20
392405,392427,392429,2,22
392405,392426,392428,2,21
392405,392426,392428,2,21
392405,392426,392428,2,21
392405,392427,392429,2,22
392405,392411,392429,18,6
392405,392422,392429,7,17
392405,392428,392430,2,23
392405,392427,392429,2,22
392405,392424,392430,6,19
392405,392429,392431,2,24
392405,392428,392430,2,23
392405,392421,392431,10,16
392405,392420,392430,10,15
392405,392430,392431,1,25
392405,392427,392432,5,22
392405,392429,392431,2,24
392405,392429,392432,3,24
392405,392429,392432,3,24
392405,392429,392431,2,24
392405,392429,392432,3,24
392405,392430,392432,2,25
392405,392427,392432,5,22
392405,392428,392432,4,23
392405,392430,392432,2,25
392405,392429,392433,4,24
392405,392429,392433,4,24
392405,392429,392434,5,24
392405,392431,392433,2,26
392405,392431,392433,2,26
391465,391500,392434,934,35
392405,392432,392434,2,27
392405,392433,392435,2,28
392405,392432,392435,3,27
392405,392432,392435,3,27
392405,392432,392435,3,27
392405,392432,392434,2,27
392405,392432,392435,3,27
392405,392434,392436,2,29
392405,392433,392435,2,28
392405,392429,392436,7,24
392405,392435,392436,1,30
392405,392435,392436,1,30
392405,392435,392437,2,30
392405,392431,392437,6,26
392405,392434,392437,3,29
392405,392435,392437,2,30
392405,392435,392437,2,30
392405,392435,392437,2,30
392405,392405,392437,32,0
392405,392405,392438,33,0
392405,392431,392438,7,26
392405,392435,392437,2,30
392405,392434,392438,4,29
392405,392430,392439,9,25
392405,392434,392439,5,29
392405,392432,392439,7,27
392405,392433,392440,7,28
392405,392410,392440,30,5
392405,392421,392440,19,16
392405,392434,392441,7,29
392405,392433,392441,8,28
392405,392405,392440,35,0
392405,392421,392443,22,16
392446,392446,392448,2,0
392405,392422,392449,27,17
392446,392446,392449,3,0
392446,392446,392450,4,0
392446,392446,392450,4,0
392446,392446,392450,4,0
392446,392446,392450,4,0
392446,392446,392450,4,0
392446,392446,392450,4,0
392446,392449,392451,2,3
392446,392446,392450,4,0
392446,392446,392451,5,0
392446,392446,392451,5,0
392446,392446,392452,6,0
392446,392446,392452,6,0
392446,392446,392452,6,0
392446,392446,392453,7,0
392446,392446,392453,7,0
392446,392451,392453,2,5
392446,392451,392453,2,5
392446,392451,392453,2,5
392446,392446,392453,7,0
392446,392446,392453,7,0
392446,392451,392453,2,5
392446,392451,392453,2,5
392446,392451,392453,2,5
392446,392450,392454,4,4
392446,392451,392454,3,5
392446,392453,392455,2,7
392446,392453,392455,2,7
392446,392454,392456,2,8
392446,392451,392456,5,5
392446,392454,392456,2,8
392446,392454,392456,2,8
392446,392454,392456,2,8
392446,392455,392457,2,9
392446,392452,392457,5,6
392446,392452,392457,5,6
392446,392453,392457,4,7
392446,392454,392457,3,8
392446,392455,392457,2,9
392446,392456,392458,2,10
392446,392456,392458,2,10
392446,392446,392459,13,0
392446,392453,392459,6,7
392446,392457,392459,2,11
392446,392457,392459,2,11
392446,392446,392460,14,0
392446,392457,392460,3,11
392446,392458,392460,2,12
392446,392457,392459,2,11
392446,392453,392460,7,7
392446,392453,392460,7,7
392446,392446,392460,14,0
392446,392459,392460,1,13
392446,392454,392458,4,8
392446,392454,392461,7,8
392446,392458,392461,3,12
392446,392458,392460,2,12
392446,392456,392461,5,10
392446,392459,392461,2,13
392446,392457,392462,5,11
392446,392458,392462,4,12
392446,392460,392462,2,14
392446,392458,392464,6,12
392446,392455,392466,11,9
392446,392460,392466,6,14
392446,392446,392479,33,0
392446,392446,392481,35,0
392446,392446,392483,37,0
392446,392449,392483,34,3
390989,391001,392491,1490,12
391008,391026,392500,1474,18
392502,392502,392504,2,0
392502,392502,392505,3,0
392502,392502,392506,4,0
392502,392502,392506,4,0
392502,392502,392507,5,0
392502,392502,392506,4,0
392502,392502,392507,5,0
392502,392502,392508,6,0
392502,392506,392508,2,4
392502,392505,392507,2,3
392502,392502,392509,7,0
392502,392502,392508,6,0
392502,392507,392509,2,5
392502,392507,392510,3,5
392502,392507,392510,3,5
392502,392508,392510,2,6
392502,392508,392512,4,6
392502,392502,392512,10,0
392502,392509,392511,2,7
392502,392508,392511,3,6
392502,392507,392511,4,5
392502,392509,392513,4,7
392502,392510,392512,2,8
392502,392510,392512,2,8
392502,392510,392513,3,8
392502,392508,392514,6,6
392502,392502,392514,12,0
392502,392512,392514,2,10
392502,392512,392514,2,10
392502,392509,392513,4,7
392502,392502,392510,8,0
392502,392502,392516,14,0
392502,392512,392515,3,10
392502,392513,392515,2,11
392502,392513,392516,3,11
392502,392513,392516,3,11
392502,392515,392517,2,13
392502,392512,392517,5,10
392502,392514,392516,2,12
392502,392513,392517,4,11
392502,392514,392518,4,12
392502,392516,392518,2,14
392502,392516,392519,3,14
392502,392516,392519,3,14
392502,392502,392515,13,0
392502,392514,392519,5,12
392502,392516,392519,3,14
392502,392502,392520,18,0
392502,392517,392519,2,15
392502,392517,392519,2,15
392502,392512,392520,8,10
392502,392502,392521,19,0
392502,392516,392521,5,14
392502,392519,392521,2,17
392502,392517,392521,4,15
392502,392519,392522,3,17
392502,392519,392522,3,17
392502,392518,392523,5,16
392504,392520,392524,4,16
392504,392520,392524,4,16
392504,392521,392525,4,17
392502,392502,392526,24,0
392504,392520,392526,6,16
392504,392524,392528,4,20
392504,392526,392529,3,22
392502,392502,392526,24,0
392502,392516,392527,11,14
392502,392502,392528,26,0
392504,392521,392530,9,17
392502,392502,392529,27,0
392504,392526,392530,4,22
392502,392502,392529,27,0
392504,392522,392530,8,18
391505,391525,392530,1005,20
392504,392529,392530,1,25
392504,392523,392530,7,19
392502,392502,392530,28,0
392504,392524,392530,6,20
392504,392529,392531,2,25
392504,392521,392532,11,17
392504,392521,392532,11,17
392504,392531,392532,1,27
392504,392531,392532,1,27
392504,392523,392532,9,19
392504,392531,392532,1,27
392504,392527,392533,6,23
392504,392523,392533,10,19
392504,392530,392533,3,26
392504,392530,392534,4,26
392502,392519,392534,15,17
392504,392531,392533,2,27
392504,392533,392535,2,29
392504,392533,392535,2,29
392504,392532,392534,2,28
392504,392533,392535,2,29
392504,392520,392535,15,16
392504,392521,392535,14,17
392504,392533,392535,2,29
392504,392533,392535,2,29
392504,392532,392536,4,28
392504,392534,392536,2,30
392504,392535,392537,2,31
392502,392502,392537,35,0
392502,392502,392536,34,0
392504,392533,392537,4,29
392504,392535,392537,2,31
392504,392536,392538,2,32
392504,392535,392537,2,31
392504,392535,392537,2,31
392504,392533,392537,4,29
392504,392534,392537,3,30
392504,392529,392536,7,25
392504,392537,392539,2,33
392504,392536,392538,2,32
392502,392502,392538,36,0
392504,392534,392539,5,30
392504,392529,392539,10,25
392504,392530,392539,9,26
392504,392537,392539,2,33
392504,392538,392540,2,34
392502,392519,392539,20,17
392504,392538,392540,2,34
392504,392539,392541,2,35
392504,392538,392540,2,34
392504,392538,392540,2,34
392504,392539,392541,2,35
392504,392536,392541,5,32
392504,392534,392540,6,30
392504,392538,392541,3,34
392504,392537,392542,5,33
392532,392541,392544,3,9
392532,392541,392543,2,9
392532,392541,392543,2,9
392504,392538,392543,5,34
392532,392541,392543,2,9
392532,392541,392545,4,9
392532,392540,392545,5,8
392532,392540,392546,6,8
392532,392541,392545,4,9
392532,392544,392546,2,12
392532,392544,392546,2,12
392532,392541,392546,5,9
392532,392545,392547,2,13
392532,392544,392546,2,12
392532,392544,392546,2,12
392532,392546,392548,2,14
392532,392546,392548,2,14
392532,392546,392548,2,14
392532,392542,392548,6,10
392532,392546,392548,2,14
392504,392539,392546,7,35
392532,392547,392549,2,15
392532,392546,392549,3,14
392504,392536,392549,13,32
392504,392530,392541,11,26
392532,392544,392549,5,12
392532,392547,392550,3,15
392532,392547,392550,3,15
392532,392548,392550,2,16
392532,392548,392551,3,16
392532,392548,392551,3,16
392532,392547,392551,4,15
392532,392549,392551,2,17
392532,392549,392552,3,17
392532,392548,392552,4,16
392504,392537,392552,15,33
392532,392551,392553,2,19
392532,392550,392553,3,18
392532,392551,392553,2,19
392504,392529,392540,11,25
392504,392531,392540,9,27
392504,392539,392541,2,35
392532,392551,392554,3,19
392532,392552,392554,2,20
392532,392550,392554,4,18
392532,392552,392554,2,20
392532,392553,392555,2,21
392532,392549,392554,5,17
392532,392553,392556,3,21
392532,392554,392556,2,22
392532,392552,392557,5,20
392532,392554,392556,2,22
392532,392554,392557,3,22
392532,392555,392557,2,23
392532,392552,392557,5,20
392532,392550,392558,8,18
392532,392556,392558,2,24
392532,392555,392558,3,23
392532,392540,392559,19,8
392532,392556,392559,3,24
392532,392557,392559,2,25
392532,392550,392560,10,18
392532,392558,392560,2,26
392532,392558,392560,2,26
392532,392557,392560,3,25
392532,392549,392561,12,17
392532,392558,392561,3,26
392532,392558,392564,6,26
392532,392558,392564,6,26
392532,392558,392565,7,26
392504,392537,392573,36,33
392504,392530,392575,45,26
392532,392550,392571,21,18
392532,392539,392576,37,7
392504,392535,392578,43,31
392532,392554,392563,9,22
392532,392553,392580,27,21
392532,392554,392581,27,22
392532,392539,392583,44,7
392532,392554,392583,29,22
392532,392541,392600,59,9
391654,391672,392639,967,18
392640,392640,392642,2,0
392640,392640,392644,4,0
392640,392640,392643,3,0
392640,392640,392644,4,0
392640,392640,392645,5,0
392640,392640,392644,4,0
392640,392640,392644,4,0
392640,392640,392644,4,0
392640,392640,392645,5,0
392640,392640,392645,5,0
392640,392640,392645,5,0
392640,392643,392645,2,3
392640,392640,392647,7,0
392640,392640,392646,6,0
392640,392644,392647,3,4
392640,392644,392646,2,4
392640,392645,392648,3,5
392640,392645,392648,3,5
392640,392646,392649,3,6
392640,392646,392649,3,6
392640,392644,392649,5,4
392640,392645,392649,4,5
392640,392640,392650,10,0
392640,392640,392650,10,0
392640,392646,392649,3,6
392640,392646,392649,3,6
392640,392647,392650,3,7
392640,392647,392649,2,7
392640,392640,392651,11,0
392640,392640,392650,10,0
392640,392647,392650,3,7
392640,392649,392651,2,9
392640,392640,392651,11,0
392640,392640,392651,11,0
392640,392640,392651,11,0
392640,392645,392651,6,5
392640,392649,392651,2,9
392640,392650,392652,2,10
392640,392640,392652,12,0
392640,392640,392652,12,0
392640,392648,392653,5,8
392640,392650,392653,3,10
392640,392650,392652,2,10
392640,392650,392652,2,10
392640,392650,392652,2,10
392640,392650,392654,4,10
392640,392651,392653,2,11
392640,392651,392654,3,11
392640,392650,392654,4,10
392640,392650,392655,5,10
392640,392652,392655,3,12
392640,392647,392655,8,7
392640,392653,392656,3,13
392640,392653,392656,3,13
392640,392653,392656,3,13
392640,392653,392656,3,13
392640,392653,392655,2,13
392640,392650,392656,6,10
392640,392652,392661,9,12
392640,392640,392661,21,0
392640,392640,392663,23,0
392640,392651,392663,12,11
392640,392653,392664,11,13
392640,392652,392665,13,12
392640,392651,392666,15,11
392640,392652,392666,14,12
392640,392653,392666,13,13
392640,392653,392668,15,13
392640,392640,392675,35,0
392640,392652,392676,24,12
391162,391178,392694,1516,16
392695,392695,392698,3,0
392695,392695,392699,4,0
392695,392695,392699,4,0
392695,392695,392698,3,0
392695,392695,392699,4,0
392695,392695,392700,5,0
392695,392695,392699,4,0
392695,392695,392700,5,0
392695,392695,392701,6,0
392695,392695,392700,5,0
392695,392695,392700,5,0
392695,392695,392700,5,0
392695,392699,392701,2,4
392695,392699,392701,2,4
392695,392695,392701,6,0
392695,392699,392702,3,4
392695,392700,392702,2,5
392695,392701,392703,2,6
392695,392701,392703,2,6
392695,392700,392702,2,5
392695,392700,392702,2,5
392695,392701,392703,2,6
392695,392699,392703,4,4
392695,392702,392704,2,7
392695,392701,392703,2,6
392695,392695,392705,10,0
392695,392703,392705,2,8
392695,392703,392705,2,8
392695,392695,392705,10,0
392695,392703,392705,2,8
392695,392701,392705,4,6
392695,392704,392706,2,9
392695,392703,392705,2,8
392695,392703,392705,2,8
392695,392703,392705,2,8
392695,392695,392706,11,0
392695,392695,392706,11,0
392695,392700,392706,6,5
392695,392701,392707,6,6
392695,392705,392707,2,10
392695,392704,392706,2,9
392695,392705,392707,2,10
392695,392706,392708,2,11
392695,392703,392708,5,8
392695,392704,392708,4,9
392695,392695,392708,13,0
392695,392706,392709,3,11
392695,392707,392709,2,12
392695,392707,392709,2,12
392695,392706,392709,3,11
392695,392706,392709,3,11
392695,392706,392708,2,11
392695,392705,392710,5,10
392695,392707,392710,3,12
392695,392707,392711,4,12
392695,392708,392711,3,13
392695,392706,392712,6,11
392695,392695,392712,17,0
392695,392695,392712,17,0
392695,392709,392713,4,14
392695,392706,392714,8,11
392695,392709,392715,6,14
392695,392707,392716,9,12
392695,392707,392715,8,12
392695,392695,392717,22,0
392695,392695,392717,22,0
392695,392695,392719,24,0
392695,392707,392722,15,12
392695,392695,392718,23,0
392695,392695,392718,23,0
391779,391797,392768,971,18
392769,392770,392772,2,1
392769,392770,392772,2,1
392769,392769,392773,4,0
392769,392769,392773,4,0
392769,392769,392774,5,0
392769,392770,392774,4,1
392769,392770,392774,4,1
392769,392773,392775,2,4
392769,392769,392775,6,0
392769,392769,392775,6,0
392769,392769,392775,6,0
392769,392770,392775,5,1
392769,392770,392775,5,1
392769,392769,392775,6,0
392769,392769,392776,7,0
392769,392773,392776,3,4
392769,392775,392777,2,6
392769,392775,392777,2,6
392769,392775,392777,2,6
392769,392774,392778,4,5
392769,392774,392779,5,5
392769,392778,392780,2,9
392769,392778,392779,1,9
392769,392776,392779,3,7
392769,392777,392779,2,8
392769,392777,392779,2,8
392769,392776,392780,4,7
392769,392775,392780,5,6
392769,392770,392780,10,1
392769,392770,392780,10,1
392769,392770,392780,10,1
392769,392770,392780,10,1
392769,392776,392780,4,7
392769,392776,392780,4,7
392769,392778,392780,2,9
392769,392770,392781,11,1
392769,392780,392782,2,11
392769,392780,392782,2,11
392769,392780,392782,2,11
392769,392780,392782,2,11
392769,392780,392782,2,11
392769,392776,392783,7,7
392769,392779,392783,4,10
392769,392781,392783,2,12
392769,392781,392783,2,12
392769,392781,392783,2,12
392769,392780,392784,4,11
392769,392781,392786,5,12
392769,392783,392785,2,14
392769,392783,392785,2,14
392769,392783,392786,3,14
392769,392783,392785,2,14
392769,392783,392785,2,14
392769,392781,392786,5,12
392769,392784,392786,2,15
392769,392784,392786,2,15
392769,392781,392786,5,12
392769,392784,392789,5,15
392769,392776,392789,13,7
392769,392781,392792,11,12
392769,392784,392795,11,15
392769,392770,392798,28,1
392769,392781,392801,20,12
392769,392770,392802,32,1
392769,392782,392802,20,13
392769,392770,392804,34,1
392769,392770,392794,24,1
392769,392770,392803,33,1
392769,392770,392795,25,1
392769,392781,392806,25,12
391851,391868,392844,976,17
392846,392846,392848,2,0
392846,392846,392849,3,0
392846,392846,392850,4,0
392846,392846,392850,4,0
392846,392846,392851,5,0
392846,392846,392851,5,0
392846,392846,392851,5,0
392846,392846,392851,5,0
392846,392846,392852,6,0
392846,392848,392852,4,2
392846,392846,392849,3,0
392846,392846,392852,6,0
392846,392846,392853,7,0
392846,392846,392852,6,0
392846,392846,392853,7,0
392846,392846,392852,6,0
392846,392846,392854,8,0
392846,392846,392854,8,0
392846,392851,392855,4,5
392846,392846,392856,10,0
392846,392846,392856,10,0
392846,392850,392856,6,4
392846,392850,392856,6,4
392846,392853,392856,3,7
392846,392852,392856,4,6
392846,392853,392856,3,7
392846,392853,392857,4,7
392846,392855,392857,2,9
392846,392849,392858,9,3
392846,392851,392857,6,5
392846,392852,392858,6,6
392846,392856,392858,2,10
392846,392856,392858,2,10
392846,392856,392858,2,10
392846,392855,392859,4,9
392846,392855,392859,4,9
392846,392853,392860,7,7
392846,392857,392860,3,11
392846,392858,392860,2,12
392846,392856,392861,5,10
392846,392856,392861,5,10
392846,392858,392861,3,12
392846,392858,392861,3,12
392846,392859,392861,2,13
392846,392859,392861,2,13
392846,392853,392861,8,7
392846,392846,392853,7,0
392846,392846,392857,11,0
392846,392846,392855,9,0
392846,392861,392863,2,15
392846,392858,392863,5,12
392846,392859,392863,4,13
392846,392861,392863,2,15
392846,392862,392864,2,16
392846,392862,392864,2,16
392846,392862,392864,2,16
392846,392862,392864,2,16
392846,392858,392865,7,12
392846,392853,392865,12,7
392846,392861,392866,5,15
392846,392861,392866,5,15
392846,392856,392867,11,10
392846,392860,392867,7,14
392846,392859,392869,10,13
392846,392851,392870,19,5
392846,392846,392871,25,0
392846,392846,392873,27,0
392846,392856,392875,19,10
392846,392846,392879,33,0
391369,391397,392884,1487,28
392885,392885,392888,3,0
392885,392885,392889,4,0
392846,392852,392888,36,6
392885,392885,392888,3,0
392885,392885,392889,4,0
392885,392885,392889,4,0
392885,392885,392889,4,0
392885,392885,392889,4,0
392885,392885,392890,5,0
392885,392885,392889,4,0
392885,392885,392889,4,0
392885,392885,392890,5,0
392885,392885,392889,4,0
392885,392885,392891,6,0
392885,392889,392891,2,4
392885,392885,392891,6,0
392885,392885,392891,6,0
392885,392890,392892,2,5
392885,392885,392892,7,0
392885,392889,392893,4,4
392885,392889,392893,4,4
392885,392890,392892,2,5
392885,392890,392892,2,5
392885,392890,392894,4,5
392885,392891,392893,2,6
392885,392891,392893,2,6
392885,392890,392895,5,5
392885,392890,392894,4,5
392885,392890,392894,4,5
392885,392892,392894,2,7
392885,392892,392894,2,7
392885,392893,392896,3,8
392885,392894,392896,2,9
392885,392893,392896,3,8
392885,392893,392895,2,8
392885,392892,392896,4,7
392885,392895,392897,2,10
392885,392885,392896,11,0
392885,392894,392896,2,9
392885,392893,392897,4,8
392885,392893,392898,5,8
392885,392895,392897,2,10
392885,392894,392898,4,9
392885,392896,392899,3,11
392885,392896,392898,2,11
392885,392897,392899,2,12
392885,392896,392899,3,11
392885,392896,392899,3,11
392885,392897,392899,2,12
392885,392895,392899,4,10
392885,392889,392898,9,4
392885,392889,392898,9,4
392885,392895,392899,4,10
392885,392898,392900,2,13
392885,392897,392901,4,12
392885,392885,392900,15,0
392885,392899,392901,2,14
392885,392899,392902,3,14
392885,392899,392901,2,14
392885,392899,392903,4,14
392885,392898,392902,4,13
392885,392895,392906,11,10
392885,392885,392898,13,0
392885,392898,392908,10,13
392885,392885,392910,25,0
392885,392885,392911,26,0
392885,392897,392911,14,12
392885,392885,392913,28,0
392885,392885,392914,29,0
392885,392885,392917,32,0
392885,392889,392930,41,4
391519,391548,393166,1618,29
393169,393169,393173,4,0
393169,393169,393172,3,0
393169,393169,393173,4,0
393169,393169,393173,4,0
393169,393169,393173,4,0
393169,393169,393173,4,0
393169,393169,393173,4,0
393169,393169,393175,6,0
393169,393169,393174,5,0
393169,393169,393175,6,0
393169,393169,393175,6,0
393169,393169,393176,7,0
393169,393174,393177,3,5
393169,393174,393176,2,5
393169,393173,393177,4,4
393169,393175,393177,2,6
393169,393175,393177,2,6
393169,393173,393178,5,4
393169,393169,393178,9,0
393169,393174,393179,5,5
393169,393175,393178,3,6
393169,393169,393180,11,0
393169,393169,393180,11,0
393169,393174,393179,5,5
393169,393169,393180,11,0
393169,393177,393180,3,8
393169,393169,393180,11,0
393169,393169,393180,11,0
393169,393177,393180,3,8
393169,393175,393181,6,6
393169,393177,393180,3,8
393169,393178,393180,2,9
393169,393178,393181,3,9
393169,393179,393182,3,10
393169,393174,393181,7,5
393169,393179,393181,2,10
393169,393169,393182,13,0
393169,393180,393182,2,11
393169,393179,393183,4,10
393169,393181,393184,3,12
393169,393180,393184,4,11
393169,393181,393184,3,12
393169,393181,393184,3,12
393169,393181,393184,3,12
393169,393182,393185,3,13
393169,393179,393185,6,10
393169,393182,393186,4,13
393169,393181,393185,4,12
393169,393183,393185,2,14
393169,393178,393186,8,9
393169,393182,393187,5,13
393169,393184,393187,3,15
393169,393184,393187,3,15
393169,393184,393187,3,15
393169,393184,393187,3,15
393169,393184,393189,5,15
393169,393169,393190,21,0
393169,393185,393189,4,16
393169,393184,393190,6,15
393169,393181,393193,12,12
393169,393180,393195,15,11
393169,393180,393195,15,11
393169,393169,393195,26,0
393169,393169,393195,26,0
393169,393181,393199,18,12
393169,393169,393203,34,0
393169,393169,393206,37,0
393169,393180,393208,28,11
393169,393169,393209,40,0
393169,393182,393236,54,13
391815,391833,393326,1493,18
392317,392332,393330,998,15
393327,393328,393331,3,1
393327,393328,393331,3,1
393327,393328,393331,3,1
393327,393328,393331,3,1
393327,393328,393331,3,1
393327,393328,393331,3,1
393327,393328,393332,4,1
393327,393328,393332,4,1
393327,393328,393333,5,1
393327,393328,393333,5,1
393327,393328,393334,6,1
393327,393328,393334,6,1
393327,393328,393335,7,1
393327,393332,393335,3,5
393327,393328,393335,7,1
393327,393331,393335,4,4
393327,393332,393338,6,5
393327,393332,393338,6,5
393327,393333,393337,4,6
393327,393332,393337,5,5
393327,393334,393337,3,7
393327,393334,393337,3,7
393327,393328,393338,10,1
393327,393328,393338,10,1
393327,393332,393338,6,5
393327,393332,393338,6,5
393327,393336,393338,2,9
393327,393335,393338,3,8
393327,393336,393340,4,9
393327,393333,393339,6,6
393327,393335,393339,4,8
393327,393336,393340,4,9
393327,393338,393340,2,11
393327,393338,393340,2,11
393327,393338,393340,2,11
393327,393338,393341,3,11
393327,393339,393342,3,12
393327,393339,393341,2,12
393327,393328,393336,8,1
393327,393338,393342,4,11
393327,393338,393342,4,11
393327,393340,393342,2,13
393327,393340,393342,2,13
393327,393340,393342,2,13
393327,393339,393343,4,12
393327,393340,393343,3,13
393327,393340,393343,3,13
393327,393342,393344,2,15
393327,393341,393344,3,14
393327,393343,393345,2,16
393327,393339,393346,7,12
393327,393340,393345,5,13
393327,393342,393345,3,15
393327,393343,393345,2,16
393327,393342,393346,4,15
393327,393343,393346,3,16
393331,393344,393347,3,13
393331,393344,393348,4,13
393331,393346,393348,2,15
393327,393328,393346,18,1
393327,393328,393348,20,1
393327,393343,393348,5,16
393331,393344,393348,4,13
393331,393346,393349,3,15
393331,393347,393349,2,16
393331,393348,393350,2,17
393331,393348,393350,2,17
393331,393347,393350,3,16
393331,393345,393350,5,14
393331,393348,393351,3,17
393331,393345,393350,5,14
393327,393339,393351,12,12
393327,393336,393348,12,9
393327,393328,393352,24,1
393331,393349,393354,5,18
393327,393342,393352,10,15
393331,393346,393355,9,15
393331,393346,393356,10,15
393331,393349,393355,6,18
393331,393350,393356,6,19
393331,393350,393355,5,19
393331,393350,393355,5,19
393331,393350,393356,6,19
393327,393339,393356,17,12
393331,393351,393357,6,20
393331,393351,393358,7,20
393331,393356,393358,2,25
393331,393348,393355,7,17
393331,393356,393359,3,25
393331,393356,393358,2,25
393331,393356,393359,3,25
393331,393351,393359,8,20
393331,393357,393360,3,26
393331,393358,393360,2,27
393327,393328,393360,32,1
393331,393356,393360,4,25
393331,393354,393361,7,23
393331,393358,393361,3,27
393331,393359,393361,2,28
393327,393343,393362,19,16
393331,393359,393361,2,28
393331,393361,393363,2,30
393331,393360,393363,3,29
393331,393360,393363,3,29
393331,393361,393363,2,30
393331,393361,393363,2,30
393331,393362,393363,1,31
393331,393356,393363,7,25
393331,393361,393364,3,30
393331,393363,393365,2,32
393331,393352,393365,13,21
393331,393361,393364,3,30
393331,393362,393365,3,31
393331,393364,393365,1,33
393331,393364,393365,1,33
393331,393363,393366,3,32
393331,393363,393366,3,32
393331,393363,393366,3,32
393331,393364,393366,2,33
393331,393365,393367,2,34
393331,393351,393366,15,20
393327,393328,393360,32,1
393331,393366,393368,2,35
393331,393364,393367,3,33
393331,393366,393368,2,35
393331,393365,393369,4,34
393331,393365,393368,3,34
393331,393356,393369,13,25
393331,393353,393370,17,22
393327,393328,393371,43,1
393327,393328,393372,44,1
393327,393328,393373,45,1
393331,393361,393375,14,30
393331,393362,393378,16,31
393331,393348,393382,34,17
393331,393357,393383,26,26
393331,393359,393383,24,28
392407,392436,393384,948,29
393331,393352,393387,35,21
393331,393355,393392,37,24
393392,393393,393396,3,1
393392,393393,393396,3,1
393392,393393,393396,3,1
393392,393393,393396,3,1
393392,393393,393396,3,1
393392,393393,393397,4,1
393392,393393,393397,4,1
393392,393393,393398,5,1
392406,392435,393401,966,29
393392,393397,393402,5,5
393392,393397,393402,5,5
393392,393397,393403,6,5
393392,393399,393403,4,7
393392,393397,393402,5,5
393392,393393,393403,10,1
393392,393398,393403,5,6
393392,393398,393403,5,6
393392,393393,393404,11,1
393392,393403,393405,2,11
393392,393393,393405,12,1
393392,393393,393405,12,1
393392,393397,393405,8,5
393392,393403,393406,3,11
393392,393403,393406,3,11
393392,393403,393406,3,11
393392,393403,393405,2,11
393392,393404,393406,2,12
393392,393405,393406,1,13
393392,393402,393406,4,10
393392,393404,393406,2,12
393392,393404,393407,3,12
393392,393406,393408,2,14
393392,393406,393408,2,14
393392,393406,393408,2,14
393392,393405,393408,3,13
393392,393406,393408,2,14
393392,393407,393409,2,15
393392,393406,393408,2,14
393392,393407,393409,2,15
393392,393408,393410,2,16
393392,393407,393409,2,15
393392,393407,393409,2,15
393392,393408,393410,2,16
393392,393408,393410,2,16
393331,393365,393410,45,34
393392,393406,393410,4,14
393392,393406,393410,4,14
393392,393393,393410,17,1
393392,393409,393411,2,17
393392,393409,393411,2,17
393392,393393,393411,18,1
393392,393408,393411,3,16
393392,393409,393412,3,17
393392,393410,393412,2,18
393392,393409,393411,2,17
393392,393410,393412,2,18
393392,393410,393412,2,18
393392,393393,393412,19,1
393392,393393,393412,19,1
393392,393409,393412,3,17
393392,393410,393413,3,18
393392,393410,393412,2,18
393402,393411,393414,3,9
393392,393393,393414,21,1
391910,391928,393414,1486,18
393402,393411,393414,3,9
393402,393412,393415,3,10
393392,393411,393415,4,19
393402,393412,393415,3,10
393402,393412,393416,4,10
393402,393412,393417,5,10
393402,393412,393416,4,10
393392,393393,393417,24,1
393392,393393,393419,26,1
393402,393413,393418,5,11
393392,393393,393414,21,1
393392,393411,393420,9,19
393402,393413,393420,7,11
393402,393412,393420,8,10
393402,393414,393421,7,12
393402,393413,393421,8,11
393402,393412,393422,10,10
393402,393413,393421,8,11
393402,393415,393422,7,13
393402,393415,393422,7,13
393392,393393,393423,30,1
393402,393413,393422,9,11
393402,393411,393423,12,9
393402,393421,393424,3,19
393402,393416,393424,8,14
393402,393422,393424,2,20
393402,393420,393425,5,18
393402,393421,393424,3,19
393402,393417,393425,8,15
393402,393422,393425,3,20
393402,393424,393426,2,22
393402,393417,393425,8,15
393402,393416,393427,11,14
393402,393425,393427,2,23
393402,393424,393427,3,22
393402,393424,393427,3,22
393402,393426,393427,1,24
393402,393425,393428,3,23
393402,393426,393428,2,24
393402,393425,393428,3,23
393402,393427,393429,2,25
393402,393423,393429,6,21
393402,393422,393428,6,20
393402,393424,393429,5,22
393402,393428,393429,1,26
393402,393428,393430,2,26
393402,393428,393430,2,26
393402,393428,393430,2,26
393402,393421,393429,8,19
393402,393428,393430,2,26
393402,393429,393430,1,27
393402,393429,393431,2,27
393402,393429,393431,2,27
393402,393429,393431,2,27
393402,393430,393432,2,28
393402,393430,393432,2,28
393402,393430,393432,2,28
393402,393430,393432,2,28
393402,393431,393433,2,29
393402,393419,393432,13,17
393402,393423,393433,10,21
393402,393429,393433,4,27
393402,393429,393433,4,27
393402,393431,393433,2,29
393402,393415,393434,19,13
393402,393416,393435,19,14
393402,393432,393434,2,30
393402,393419,393435,16,17
393402,393429,393435,6,27
393402,393430,393434,4,28
392448,392460,393435,975,12
393428,393433,393437,4,5
393428,393432,393437,5,4
393428,393434,393437,3,6
393428,393435,393437,2,7
393428,393432,393438,6,4
393428,393432,393437,5,4
393428,393433,393437,4,5
393428,393435,393438,3,7
393428,393435,393438,3,7
393428,393432,393438,6,4
393428,393432,393438,6,4
393428,393435,393438,3,7
393428,393435,393438,3,7
392409,392436,393439,1003,27
393428,393438,393440,2,10
393428,393433,393440,7,5
393428,393434,393439,5,6
393402,393415,393440,25,13
393428,393438,393440,2,10
393428,393438,393441,3,10
393428,393437,393441,4,9
393402,393420,393441,21,18
393428,393438,393441,3,10
393428,393439,393442,3,11
393428,393439,393441,2,11
393428,393438,393441,3,10
393428,393438,393441,3,10
393428,393433,393439,6,5
393428,393433,393441,8,5
393428,393438,393441,3,10
393428,393435,393441,6,7
393402,393418,393443,25,16
393428,393440,393443,3,12
393428,393442,393444,2,14
393428,393442,393444,2,14
393428,393441,393443,2,13
393428,393442,393444,2,14
393428,393439,393443,4,11
393428,393441,393445,4,13
393428,393442,393444,2,14
393428,393442,393444,2,14
393428,393442,393445,3,14
393428,393439,393445,6,11
393428,393439,393446,7,11
393428,393444,393446,2,16
393428,393444,393446,2,16
393428,393444,393446,2,16
393428,393439,393446,7,11
393428,393442,393447,5,14
393428,393444,393446,2,16
393428,393444,393446,2,16
393428,393444,393447,3,16
393428,393445,393448,3,17
393428,393446,393448,2,18
393428,393446,393448,2,18
393428,393445,393448,3,17
393428,393446,393448,2,18
393428,393441,393447,6,13
393428,393445,393448,3,17
393428,393445,393449,4,17
393428,393440,393448,8,12
393428,393447,393449,2,19
393428,393447,393449,2,19
393428,393444,393447,3,16
393428,393447,393450,3,19
393428,393446,393450,4,18
393436,393448,393451,3,12
393428,393446,393451,5,18
393428,393440,393451,11,12
393436,393448,393451,3,12
393436,393448,393452,4,12
393436,393448,393452,4,12
393392,393393,393429,36,1
393436,393449,393453,4,13
393436,393449,393453,4,13
393428,393442,393453,11,14
393436,393451,393454,3,15
393436,393449,393455,6,13
393428,393447,393456,9,19
393436,393448,393456,8,12
393436,393451,393456,5,15
393402,393422,393457,35,20
393436,393452,393457,5,16
393436,393452,393457,5,16
393436,393452,393457,5,16
393436,393449,393458,9,13
393436,393452,393459,7,16
393436,393454,393460,6,18
393436,393451,393461,10,15
393436,393458,393461,3,22
393436,393458,393461,3,22
393436,393455,393461,6,19
393436,393456,393461,5,20
393436,393454,393462,8,18
393436,393458,393462,4,22
393428,393441,393462,21,13
393436,393458,393463,5,22
393436,393461,393463,2,25
393436,393457,393464,7,21
393436,393462,393464,2,26
393436,393462,393464,2,26
393436,393462,393464,2,26
393436,393462,393464,2,26
393436,393449,393465,16,13
393436,393463,393465,2,27
393436,393463,393465,2,27
393436,393452,393466,14,16
393436,393465,393467,2,29
393436,393464,393466,2,28
393436,393465,393467,2,29
393436,393465,393467,2,29
393436,393460,393466,6,24
393436,393465,393467,2,29
393436,393461,393467,6,25
393436,393466,393468,2,30
393436,393466,393468,2,30
393436,393465,393467,2,29
393436,393465,393467,2,29
393436,393467,393469,2,31
393436,393467,393469,2,31
393436,393467,393469,2,31
393436,393465,393469,4,29
393436,393468,393470,2,32
393436,393468,393470,2,32
393436,393467,393469,2,31
393436,393468,393470,2,32
393436,393468,393470,2,32
393436,393469,393471,2,33
393436,393469,393471,2,33
393436,393469,393471,2,33
393436,393470,393472,2,34
393436,393468,393472,4,32
393436,393467,393472,5,31
393436,393466,393473,7,30
393442,393470,393473,3,28
393436,393456,393474,18,20
393442,393471,393475,4,29
393442,393471,393474,3,29
393442,393471,393474,3,29
393442,393471,393475,4,29
393442,393471,393475,4,29
393428,393444,393475,31,16
393436,393463,393476,13,27
393436,393468,393476,8,32
393442,393472,393477,5,30
393436,393456,393477,21,20
393442,393475,393478,3,33
393442,393475,393479,4,33
393442,393474,393479,5,32
393436,393469,393480,11,33
393442,393476,393479,3,34
393442,393475,393480,5,33
393442,393476,393480,4,34
393442,393476,393482,6,34
393442,393475,393482,7,33
393442,393478,393484,6,36
393442,393477,393485,8,35
393442,393479,393486,7,37
393442,393480,393486,6,38
393442,393479,393487,8,37
393442,393480,393487,7,38
393436,393454,393486,32,18
393442,393480,393488,8,38
393442,393484,393488,4,42
393428,393444,393451,7,16
393428,393446,393451,5,18
393442,393476,393489,13,34
393442,393473,393489,16,31
393442,393486,393489,3,44
393442,393482,393489,7,40
393442,393487,393489,2,45
393436,393457,393490,33,21
393442,393476,393490,14,34
393442,393486,393489,3,44
393442,393488,393490,2,46
393442,393486,393491,5,44
393402,393419,393491,72,17
393442,393489,393491,2,47
393442,393490,393492,2,48
393442,393491,393492,1,49
393442,393491,393492,1,49
393442,393491,393493,2,49
393442,393489,393493,4,47
393442,393490,393492,2,48
393392,393393,393493,100,1
393442,393478,393493,15,36
393442,393492,393494,2,50
393442,393483,393493,10,41
393442,393492,393494,2,50
393392,393393,393494,101,1
393442,393480,393494,14,38
393442,393493,393495,2,51
393442,393493,393495,2,51
393436,393489,393495,6,53
393442,393489,393494,5,47
393442,393489,393494,5,47
393442,393494,393495,1,52
393436,393453,393495,42,17
393442,393494,393496,2,52
393442,393493,393496,3,51
393442,393494,393496,2,52
393442,393493,393497,4,51
393442,393495,393497,2,53
393442,393495,393497,2,53
393442,393474,393498,24,32
393442,393495,393499,4,53
393442,393494,393498,4,52
393442,393473,393499,26,31
393442,393495,393499,4,53
393442,393495,393499,4,53
393442,393494,393500,6,52
392533,392559,393501,942,26
393442,393492,393501,9,50
393442,393490,393502,12,48
393442,393489,393506,17,47
393505,393506,393508,2,1
393505,393506,393509,3,1
393442,393494,393509,15,52
393505,393506,393509,3,1
393505,393506,393509,3,1
393505,393506,393509,3,1
393442,393487,393510,23,45
393505,393506,393510,4,1
393505,393506,393510,4,1
393505,393509,393515,6,4
393505,393511,393514,3,6
393505,393510,393516,6,5
393505,393506,393517,11,1
393505,393511,393517,6,6
393505,393515,393517,2,10
393505,393515,393517,2,10
393505,393510,393518,8,5
393505,393510,393518,8,5
393505,393506,393519,13,1
393505,393506,393519,13,1
393505,393510,393519,9,5
393505,393517,393520,3,12
393505,393518,393520,2,13
393505,393519,393521,2,14
393505,393518,393520,2,13
393505,393518,393520,2,13
393505,393506,393520,14,1
393505,393506,393521,15,1
393505,393519,393522,3,14
393505,393506,393522,16,1
393505,393521,393523,2,16
393505,393521,393523,2,16
393505,393520,393522,2,15
393505,393521,393523,2,16
393505,393521,393523,2,16
393505,393520,393523,3,15
393505,393518,393523,5,13
393505,393521,393523,2,16
393505,393522,393524,2,17
393505,393510,393524,14,5
393505,393523,393525,2,18
393505,393523,393525,2,18
393505,393523,393525,2,18
393505,393523,393525,2,18
393505,393522,393525,3,17
393505,393523,393525,2,18
393505,393524,393526,2,19
393505,393525,393527,2,20
393505,393525,393527,2,20
393505,393525,393527,2,20
393505,393525,393527,2,20
393505,393506,393527,21,1
393505,393521,393527,6,16
393505,393524,393528,4,19
393505,393524,393527,3,19
393505,393526,393528,2,21
393505,393524,393528,4,19
393505,393526,393528,2,21
393505,393527,393529,2,22
393505,393527,393529,2,22
393505,393527,393529,2,22
393505,393526,393530,4,21
393505,393506,393519,13,1
393505,393506,393522,16,1
393505,393506,393520,14,1
393442,393490,393531,41,48
393505,393520,393536,16,15
393505,393525,393540,15,20
393505,393506,393541,35,1
393505,393523,393542,19,18
393505,393506,393543,37,1
392051,392069,393545,1476,18
393505,393511,393547,36,6
393505,393507,393553,46,2
393572,393572,393575,3,0
393572,393572,393576,4,0
393572,393572,393576,4,0
393572,393572,393576,4,0
393572,393572,393576,4,0
393572,393572,393577,5,0
393572,393572,393578,6,0
393572,393572,393578,6,0
393572,393572,393579,7,0
393572,393576,393579,3,4
393572,393572,393580,8,0
393572,393577,393580,3,5
393572,393576,393581,5,4
393572,393572,393582,10,0
393572,393572,393582,10,0
393572,393572,393583,11,0
393572,393576,393583,7,4
393572,393577,393583,6,5
393572,393572,393583,11,0
393572,393572,393583,11,0
393572,393572,393583,11,0
393572,393578,393583,5,6
393572,393576,393584,8,4
393572,393579,393585,6,7
393572,393580,393585,5,8
393572,393581,393585,4,9
393572,393584,393585,1,12
393572,393579,393585,6,7
393572,393582,393586,4,10
393572,393578,393586,8,6
393572,393585,393587,2,13
393572,393583,393587,4,11
393572,393583,393587,4,11
393572,393586,393587,1,14
393572,393586,393587,1,14
393572,393584,393588,4,12
393572,393585,393587,2,13
393572,393581,393587,6,9
393572,393587,393589,2,15
393572,393586,393589,3,14
393572,393588,393590,2,16
393572,393586,393590,4,14
393572,393586,393590,4,14
393572,393588,393590,2,16
393572,393589,393591,2,17
393572,393572,393591,19,0
393572,393590,393591,1,18
393572,393588,393591,3,16
393572,393587,393591,4,15
393572,393590,393592,2,18
393572,393588,393592,4,16
393442,393487,393592,105,45
393442,393488,393592,104,46
393572,393591,393593,2,19
393572,393591,393593,2,19
393572,393572,393593,21,0
393572,393588,393593,5,16
393572,393589,393594,5,17
393572,393591,393593,2,19
393572,393583,393594,11,11
393572,393592,393594,2,20
393572,393584,393595,11,12
393572,393591,393595,4,19
393572,393584,393596,12,12
392092,392107,393600,1493,15
393572,393591,393601,10,19
393572,393572,393602,30,0
393572,393582,393605,23,10
393572,393572,393606,34,0
393572,393583,393606,23,11
393614,393614,393617,3,0
393614,393614,393617,3,0
393614,393614,393618,4,0
393614,393614,393617,3,0
393614,393614,393618,4,0
393614,393614,393618,4,0
393614,393614,393618,4,0
393614,393614,393618,4,0
393614,393614,393620,6,0
393614,393614,393619,5,0
393614,393614,393620,6,0
393614,393614,393621,7,0
393614,393614,393621,7,0
393614,393618,393621,3,4
393614,393618,393621,3,4
393572,393572,393624,52,0
393614,393618,393623,5,4
393614,393619,393624,5,5
393614,393622,393624,2,8
393614,393622,393626,4,8
393614,393614,393626,12,0
393614,393614,393626,12,0
393614,393621,393626,5,7
393614,393619,393625,6,5
393614,393622,393625,3,8
393614,393620,393625,5,6
393614,393618,393627,9,4
393614,393620,393626,6,6
393614,393625,393627,2,11
393614,393619,393627,8,5
393614,393614,393627,13,0
393614,393626,393628,2,12
393614,393626,393628,2,12
393572,393572,393624,52,0
393614,393625,393627,2,11
393614,393626,393628,2,12
393614,393624,393628,4,10
393614,393627,393629,2,13
393614,393626,393628,2,12
393614,393627,393629,2,13
393614,393619,393630,11,5
393614,393628,393630,2,14
393614,393628,393630,2,14
393614,393627,393630,3,13
393614,393626,393631,5,12
393614,393614,393631,17,0
393614,393628,393631,3,14
393614,393628,393630,2,14
393614,393628,393631,3,14
393614,393629,393631,2,15
393614,393629,393631,2,15
393614,393614,393631,17,0
393614,393630,393632,2,16
393614,393630,393632,2,16
393614,393631,393633,2,17
393614,393628,393633,5,14
393614,393629,393633,4,15
393614,393630,393634,4,16
393614,393629,393634,5,15
393614,393631,393634,3,17
393614,393631,393635,4,17
393614,393631,393634,3,17
393614,393622,393634,12,8
393614,393624,393635,11,10
393614,393626,393637,11,12
393614,393614,393638,24,0
393614,393614,393637,23,0
393614,393614,393638,24,0
393572,393572,393638,66,0
393614,393614,393639,25,0
393614,393628,393638,10,14
393614,393631,393640,9,17
393614,393626,393642,16,12
392698,392709,393672,963,11
393674,393674,393677,3,0
393674,393674,393678,4,0
393674,393674,393678,4,0
393674,393674,393678,4,0
393674,393674,393678,4,0
393674,393674,393678,4,0
393674,393674,393678,4,0
393674,393674,393679,5,0
393674,393679,393680,1,5
393674,393674,393681,7,0
393674,393679,393682,3,5
393674,393679,393681,2,5
393674,393679,393681,2,5
393674,393680,393682,2,6
393674,393679,393682,3,5
393674,393679,393682,3,5
393674,393678,393683,5,4
393674,393681,393683,2,7
393674,393682,393684,2,8
393674,393682,393684,2,8
393674,393682,393685,3,8
393674,393682,393684,2,8
393674,393674,393685,11,0
393674,393683,393685,2,9
393674,393683,393685,2,9
393674,393684,393685,1,10
393674,393683,393686,3,9
393674,393684,393686,2,10
393674,393685,393687,2,11
393674,393685,393686,1,11
393674,393674,393687,13,0
393674,393685,393687,2,11
393674,393685,393687,2,11
393674,393674,393688,14,0
393674,393686,393688,2,12
393674,393686,393688,2,12
393674,393686,393688,2,12
393674,393687,393689,2,13
393674,393687,393689,2,13
393674,393687,393689,2,13
393674,393688,393690,2,14
393674,393688,393690,2,14
393674,393689,393691,2,15
393674,393689,393691,2,15
393674,393674,393691,17,0
393674,393686,393691,5,12
393674,393687,393691,4,13
393674,393689,393691,2,15
393674,393689,393692,3,15
393674,393690,393692,2,16
393674,393689,393692,3,15
393674,393674,393692,18,0
393674,393688,393692,4,14
393674,393690,393692,2,16
393674,393690,393692,2,16
393674,393691,393693,2,17
393674,393691,393693,2,17
393674,393691,393693,2,17
393674,393674,393695,21,0
393674,393674,393695,21,0
393674,393675,393695,20,1
393674,393692,393696,4,18
393674,393675,393696,21,1
393674,393675,393699,24,1
393674,393675,393700,25,1
393674,393674,393704,30,0
393674,393675,393706,31,1
393674,393681,393705,24,7
393674,393681,393706,25,7
393674,393681,393706,25,7
392770,392784,393749,965,14
393750,393750,393752,2,0
393750,393750,393753,3,0
393750,393750,393753,3,0
393750,393750,393754,4,0
393750,393750,393753,3,0
393750,393750,393754,4,0
393750,393750,393756,6,0
393750,393750,393755,5,0
393750,393753,393756,3,3
393750,393753,393756,3,3
393750,393753,393755,2,3
393750,393754,393757,3,4
393750,393754,393757,3,4
393750,393754,393757,3,4
393750,393750,393758,8,0
393750,393750,393758,8,0
393750,393756,393759,3,6
393750,393756,393759,3,6
393750,393756,393759,3,6
393750,393757,393759,2,7
393750,393756,393759,3,6
393750,393756,393759,3,6
393750,393757,393759,2,7
393750,393757,393760,3,7
393750,393758,393760,2,8
393750,393758,393761,3,8
393750,393760,393761,1,10
393750,393759,393762,3,9
393750,393759,393762,3,9
393750,393760,393762,2,10
393750,393760,393762,2,10
393750,393760,393762,2,10
393750,393760,393762,2,10
393750,393761,393762,1,11
393750,393759,393763,4,9
393750,393762,393763,1,12
393750,393762,393763,1,12
393750,393761,393764,3,11
393750,393763,393765,2,13
393750,393763,393765,2,13
393750,393750,393764,14,0
393750,393763,393765,2,13
393750,393763,393765,2,13
393750,393763,393765,2,13
393750,393764,393766,2,14
393750,393763,393765,2,13
393750,393765,393767,2,15
393750,393764,393766,2,14
393750,393763,393767,4,13
393750,393765,393768,3,15
393750,393765,393767,2,15
393750,393750,393767,17,0
393750,393766,393768,2,16
393750,393766,393768,2,16
393750,393766,393768,2,16
393750,393766,393768,2,16
393750,393750,393769,19,0
393750,393750,393769,19,0
393750,393750,393768,18,0
393750,393750,393769,19,0
393750,393765,393770,5,15
393750,393750,393770,20,0
393750,393750,393772,22,0
393750,393750,393776,26,0
393750,393750,393778,28,0
393750,393750,393777,27,0
393750,393750,393763,13,0
393750,393750,393774,24,0
393750,393750,393770,20,0
393750,393750,393779,29,0
392886,392899,393872,973,13
393873,393873,393877,4,0
393873,393873,393877,4,0
393873,393873,393877,4,0
393873,393873,393877,4,0
393873,393873,393877,4,0
393873,393873,393877,4,0
393873,393873,393878,5,0
393873,393873,393878,5,0
393873,393877,393880,3,4
393873,393873,393880,7,0
393873,393877,393880,3,4
393873,393878,393881,3,5
393873,393877,393881,4,4
393873,393877,393881,4,4
393873,393877,393880,3,4
393873,393878,393881,3,5
393873,393873,393881,8,0
393873,393880,393882,2,7
393873,393880,393882,2,7
393873,393881,393883,2,8
393873,393881,393883,2,8
393873,393880,393883,3,7
393873,393881,393883,2,8
393873,393882,393884,2,9
393873,393879,393883,4,6
393873,393881,393884,3,8
393873,393883,393884,1,10
393873,393882,393884,2,9
393873,393873,393880,7,0
393873,393873,393882,9,0
393873,393884,393886,2,11
393873,393883,393885,2,10
393873,393884,393886,2,11
393873,393884,393886,2,11
393873,393885,393887,2,12
393873,393884,393887,3,11
393873,393884,393887,3,11
393873,393884,393887,3,11
393873,393873,393886,13,0
393873,393885,393887,2,12
393873,393886,393888,2,13
393873,393887,393889,2,14
393873,393886,393889,3,13
393873,393887,393889,2,14
393873,393887,393889,2,14
393873,393873,393890,17,0
393873,393887,393890,3,14
393873,393887,393890,3,14
393873,393884,393890,6,11
393873,393888,393890,2,15
393873,393888,393890,2,15
393873,393888,393890,2,15
393873,393889,393891,2,16
393873,393873,393890,17,0
393873,393888,393891,3,15
393873,393889,393892,3,16
393873,393873,393892,19,0
393873,393890,393892,2,17
393873,393890,393892,2,17
393873,393873,393892,19,0
393873,393873,393892,19,0
393873,393873,393892,19,0
393873,393873,393896,23,0
393873,393873,393897,24,0
393873,393873,393890,17,0
393873,393885,393901,16,12
393873,393885,393902,17,12
393873,393873,393907,34,0
392353,392369,393911,1542,16
393912,393912,393914,2,0
393912,393912,393914,2,0
393912,393912,393916,4,0
393912,393912,393916,4,0
393912,393912,393916,4,0
393912,393912,393916,4,0
393912,393912,393917,5,0
393912,393912,393917,5,0
393912,393912,393917,5,0
393912,393912,393918,6,0
393912,393912,393918,6,0
393912,393912,393920,8,0
392364,392388,393919,1531,24
393912,393912,393920,8,0
393912,393912,393921,9,0
393912,393915,393922,7,3
393912,393916,393922,6,4
393912,393917,393921,4,5
393912,393916,393922,6,4
393912,393912,393923,11,0
393912,393912,393923,11,0
393873,393873,393922,49,0
393912,393917,393923,6,5
393912,393920,393923,3,8
393912,393918,393922,4,6
393912,393916,393923,7,4
393912,393922,393924,2,10
393912,393915,393924,9,3
393912,393912,393924,12,0
393912,393920,393925,5,8
393912,393922,393925,3,10
393912,393921,393925,4,9
393912,393922,393924,2,10
393912,393922,393924,2,10
393912,393919,393926,7,7
393912,393920,393926,6,8
393912,393923,393925,2,11
393912,393923,393925,2,11
393912,393924,393926,2,12
393912,393924,393926,2,12
393912,393923,393926,3,11
393912,393912,393926,14,0
393873,393873,393926,53,0
393912,393923,393927,4,11
393912,393924,393927,3,12
393912,393925,393927,2,13
393912,393925,393927,2,13
393912,393912,393928,16,0
393912,393925,393928,3,13
393912,393925,393928,3,13
393912,393926,393928,2,14
393912,393927,393928,1,15
393912,393925,393929,4,13
393912,393926,393929,3,14
393912,393926,393929,3,14
393912,393927,393929,2,15
393912,393928,393930,2,16
393912,393926,393930,4,14
393912,393926,393930,4,14
393912,393917,393930,13,5
393912,393917,393930,13,5
393912,393925,393930,5,13
393912,393912,393931,19,0
393912,393927,393932,5,15
393912,393923,393931,8,11
393920,393928,393932,4,8
393920,393928,393932,4,8
393912,393927,393931,4,15
393920,393929,393932,3,9
393920,393930,393932,2,10
393920,393929,393933,4,9
393920,393929,393933,4,9
393920,393930,393934,4,10
393920,393929,393934,5,9
393912,393923,393935,12,11
393920,393930,393936,6,10
393920,393929,393939,10,9
393920,393934,393940,6,14
393920,393932,393940,8,12
393920,393933,393940,7,13
393920,393933,393940,7,13
393920,393933,393940,7,13
393920,393933,393941,8,13
393920,393931,393941,10,11
393920,393930,393940,10,10
393920,393935,393941,6,15
393920,393930,393943,13,10
393920,393941,393943,2,21
393920,393941,393943,2,21
393920,393932,393944,12,12
393920,393942,393944,2,22
393920,393941,393945,4,21
393920,393941,393946,5,21
393920,393944,393946,2,24
393920,393944,393946,2,24
393920,393941,393947,6,21
393920,393933,393948,15,13
393920,393945,393947,2,25
393920,393940,393947,7,20
393920,393946,393948,2,26
393920,393946,393948,2,26
393920,393944,393948,4,24
393920,393934,393948,14,14
393920,393946,393948,2,26
393920,393944,393948,4,24
393920,393946,393948,2,26
393920,393936,393949,13,16
393920,393948,393950,2,28
393920,393948,393950,2,28
393920,393948,393950,2,28
393920,393948,393950,2,28
393920,393948,393951,3,28
393920,393949,393951,2,29
393920,393948,393951,3,28
393920,393949,393951,2,29
393920,393950,393952,2,30
393920,393950,393952,2,30
393920,393950,393952,2,30
393920,393948,393952,4,28
393920,393940,393952,12,20
393920,393949,393953,4,29
393920,393949,393953,4,29
393920,393951,393953,2,31
393920,393951,393953,2,31
393920,393952,393954,2,32
393920,393952,393954,2,32
393920,393952,393954,2,32
393920,393952,393954,2,32
393920,393952,393955,3,32
393912,393927,393955,28,15
393920,393930,393955,25,10
393912,393928,393955,27,16
393912,393928,393955,27,16
393920,393930,393958,28,10
393920,393948,393959,11,28
393920,393941,393961,20,21
393920,393952,393961,9,32
393920,393932,393946,14,12
393912,393912,393959,47,0
393912,393912,393959,47,0
393912,393912,393959,47,0
393920,393966,393971,5,46
393920,393935,393975,40,15
392505,392539,394025,1486,34
394027,394027,394030,3,0
394027,394027,394030,3,0
394027,394027,394030,3,0
394027,394027,394030,3,0
394027,394027,394030,3,0
394027,394027,394030,3,0
394027,394027,394031,4,0
394027,394027,394032,5,0
394027,394027,394032,5,0
394027,394032,394035,3,5
394027,394027,394034,7,0
394027,394031,394034,3,4
394027,394033,394036,3,6
394027,394031,394035,4,4
394027,394033,394037,4,6
394027,394031,394038,7,4
394027,394035,394038,3,8
394027,394035,394038,3,8
394027,394036,394038,2,9
394027,394036,394038,2,9
394027,394035,394040,5,8
394027,394037,394040,3,10
394027,394031,394040,9,4
394027,394038,394040,2,11
394027,394038,394040,2,11
394027,394038,394040,2,11
394027,394027,394040,13,0
394027,394031,394041,10,4
394027,394038,394041,3,11
394027,394030,394041,11,3
394027,394039,394041,2,12
394027,394040,394042,2,13
394027,394040,394042,2,13
394027,394040,394042,2,13
394027,394027,394042,15,0
394027,394027,394042,15,0
394027,394027,394037,10,0
394027,394027,394038,11,0
394027,394027,394039,12,0
394027,394040,394042,2,13
394027,394040,394042,2,13
394027,394040,394042,2,13
394027,394041,394043,2,14
394027,394041,394043,2,14
394027,394041,394044,3,14
394027,394042,394044,2,15
394027,394042,394044,2,15
394027,394042,394044,2,15
394027,394042,394044,2,15
394027,394043,394046,3,16
394027,394043,394046,3,16
394027,394043,394046,3,16
394027,394043,394045,2,16
394027,394027,394046,19,0
394027,394041,394046,5,14
394027,394044,394047,3,17
394027,394044,394047,3,17
394027,394043,394047,4,16
394027,394043,394048,5,16
394027,394027,394047,20,0
394027,394027,394048,21,0
394027,394027,394049,22,0
394027,394043,394050,7,16
394027,394027,394052,25,0
394027,394027,394052,25,0
394027,394043,394054,11,16
394027,394043,394054,11,16
394027,394027,394054,27,0
394027,394027,394074,47,0
394027,394027,394076,49,0
392503,392519,394077,1558,16
394102,394102,394105,3,0
394102,394102,394106,4,0
394102,394102,394106,4,0
394102,394102,394107,5,0
394102,394102,394106,4,0
394102,394102,394108,6,0
394102,394102,394107,5,0
394102,394102,394107,5,0
394102,394102,394110,8,0
394102,394102,394110,8,0
394102,394108,394112,4,6
394102,394107,394111,4,5
394102,394108,394112,4,6
394102,394102,394112,10,0
394102,394102,394112,10,0
394102,394105,394113,8,3
394102,394108,394113,5,6
394102,394112,394114,2,10
394102,394107,394114,7,5
394102,394111,394115,4,9
394102,394107,394115,8,5
394102,394107,394115,8,5
394102,394112,394116,4,10
394102,394112,394115,3,10
394102,394113,394115,2,11
394102,394114,394116,2,12
394102,394102,394117,15,0
394102,394113,394116,3,11
394102,394114,394117,3,12
394102,394111,394118,7,9
394102,394113,394117,4,11
394102,394115,394117,2,13
394102,394115,394117,2,13
394102,394116,394118,2,14
394102,394116,394118,2,14
394102,394116,394118,2,14
394102,394102,394118,16,0
394102,394102,394118,16,0
394102,394102,394118,16,0
394102,394116,394118,2,14
394102,394116,394119,3,14
394102,394116,394119,3,14
394102,394102,394119,17,0
394102,394117,394120,3,15
394102,394118,394120,2,16
394102,394118,394120,2,16
394102,394118,394120,2,16
394102,394102,394120,18,0
394102,394118,394120,2,16
394102,394118,394121,3,16
394102,394118,394122,4,16
394102,394118,394122,4,16
394102,394119,394122,3,17
394102,394119,394122,3,17
394102,394119,394121,2,17
394102,394120,394122,2,18
394102,394117,394122,5,15
394102,394120,394123,3,18
394102,394102,394120,18,0
394102,394119,394123,4,17
394102,394102,394124,22,0
394102,394119,394128,9,17
394102,394102,394129,27,0
394102,394119,394131,12,17
394102,394117,394134,17,15
392641,392654,394133,1479,13
394102,394120,394136,16,18
394134,394134,394137,3,0
394134,394134,394138,4,0
394134,394134,394138,4,0
394134,394134,394138,4,0
394134,394134,394139,5,0
394134,394134,394139,5,0
394134,394134,394139,5,0
394134,394134,394139,5,0
394102,394102,394140,38,0
394102,394126,394140,14,24
394102,394126,394140,14,24
394134,394139,394142,3,5
394134,394140,394143,3,6
394134,394138,394145,7,4
394134,394139,394145,6,5
394134,394138,394145,7,4
394134,394134,394146,12,0
394134,394143,394146,3,9
394134,394137,394146,9,3
394134,394134,394147,13,0
394134,394134,394147,13,0
394134,394144,394147,3,10
394134,394134,394148,14,0
394134,394139,394148,9,5
394134,394134,394149,15,0
394134,394146,394149,3,12
394134,394140,394149,9,6
394134,394148,394150,2,14
394134,394147,394149,2,13
394134,394146,394149,3,12
394134,394147,394149,2,13
394134,394140,394150,10,6
394134,394134,394150,16,0
394134,394146,394151,5,12
394134,394146,394151,5,12
394134,394149,394151,2,15
394134,394148,394152,4,14
394134,394150,394152,2,16
394134,394150,394152,2,16
394134,394150,394152,2,16
394134,394150,394152,2,16
394134,394150,394152,2,16
394134,394150,394152,2,16
394134,394134,394152,18,0
394134,394152,394154,2,18
394134,394152,394154,2,18
394134,394153,394155,2,19
394134,394153,394155,2,19
394134,394153,394155,2,19
394134,394153,394156,3,19
394134,394153,394155,2,19
394134,394134,394154,20,0
394134,394153,394155,2,19
394134,394149,394155,6,15
394134,394134,394156,22,0
394134,394152,394156,4,18
394134,394151,394157,6,17
394134,394134,394157,23,0
394134,394134,394157,23,0
394134,394153,394157,4,19
394134,394155,394158,3,21
394134,394155,394157,2,21
394134,394148,394159,11,14
394134,394148,394158,10,14
394134,394156,394159,3,22
394134,394156,394159,3,22
394134,394153,394159,6,19
394102,394126,394142,16,24
394134,394141,394159,18,7
394134,394156,394159,3,22
394134,394134,394162,28,0
394134,394151,394172,21,17
394134,394136,394178,42,2
394134,394141,394160,19,7
392848,392862,394337,1475,14
394339,394339,394343,4,0
394339,394339,394342,3,0
393332,393366,394342,976,34
394339,394339,394343,4,0
394339,394339,394344,5,0
394339,394339,394343,4,0
394339,394339,394345,6,0
394339,394339,394344,5,0
394339,394343,394346,3,4
394339,394343,394346,3,4
394339,394343,394347,4,4
394339,394343,394347,4,4
394339,394344,394347,3,5
394339,394339,394348,9,0
394339,394345,394348,3,6
394339,394344,394347,3,5
394339,394346,394349,3,7
394339,394346,394349,3,7
394339,394347,394350,3,8
394339,394345,394350,5,6
394339,394347,394349,2,8
394339,394347,394350,3,8
394339,394348,394351,3,9
394339,394348,394350,2,9
394339,394339,394352,13,0
394339,394349,394351,2,10
394339,394349,394352,3,10
394339,394350,394353,3,11
394339,394350,394353,3,11
394339,394350,394353,3,11
394339,394350,394353,3,11
394339,394339,394353,14,0
394339,394351,394353,2,12
394339,394339,394355,16,0
394339,394352,394354,2,13
394339,394352,394355,3,13
394339,394339,394355,16,0
394339,394353,394356,3,14
394339,394353,394356,3,14
394339,394353,394356,3,14
394339,394353,394356,3,14
394339,394352,394356,4,13
394339,394339,394356,17,0
394339,394339,394357,18,0
394339,394339,394356,17,0
394339,394354,394357,3,15
394339,394339,394357,18,0
394339,394339,394357,18,0
394339,394355,394357,2,16
394339,394356,394358,2,17
394339,394357,394358,1,18
394339,394356,394359,3,17
394339,394351,394359,8,12
394339,394357,394359,2,18
394339,394355,394360,5,16
394339,394356,394359,3,17
394339,394339,394359,20,0
394344,394359,394362,3,15
394339,394357,394361,4,18
394339,394357,394361,4,18
394344,394359,394362,3,15
394339,394339,394363,24,0
394344,394358,394363,5,14
394339,394357,394362,5,18
394344,394359,394364,5,15
394344,394360,394365,5,16
394339,394339,394365,26,0
394344,394358,394364,6,14
394339,394339,394364,25,0
394339,394357,394365,8,18
394344,394359,394368,9,15
394344,394363,394368,5,19
394344,394358,394369,11,14
394344,394362,394369,7,18
394339,394339,394370,31,0
394344,394364,394370,6,20
394344,394369,394371,2,25
394344,394370,394372,2,26
394344,394360,394372,12,16
394344,394368,394371,3,24
394344,394365,394373,8,21
394344,394365,394372,7,21
394344,394365,394372,7,21
394339,394354,394370,16,15
394344,394371,394373,2,27
394344,394372,394374,2,28
394344,394369,394374,5,25
394344,394364,394373,9,20
394344,394372,394374,2,28
394344,394362,394373,11,18
394344,394373,394376,3,29
394344,394374,394376,2,30
394339,394339,394376,37,0
394344,394365,394375,10,21
394344,394373,394376,3,29
394344,394373,394376,3,29
394344,394374,394376,2,30
394339,394339,394348,9,0
394339,394339,394350,11,0
394344,394373,394377,4,29
394344,394360,394375,15,16
394344,394374,394377,3,30
394344,394375,394377,2,31
394344,394376,394378,2,32
394344,394364,394378,14,20
394344,394362,394378,16,18
394339,394356,394375,19,17
394344,394376,394379,3,32
394344,394374,394379,5,30
394344,394377,394379,2,33
394344,394377,394379,2,33
394344,394377,394379,2,33
394344,394377,394380,3,33
394344,394373,394380,7,29
394344,394373,394379,6,29
394344,394361,394378,17,17
394344,394366,394380,14,22
394344,394378,394381,3,34
394344,394378,394380,2,34
394344,394379,394382,3,35
394344,394377,394382,5,33
394344,394380,394382,2,36
394344,394378,394383,5,34
394344,394370,394383,13,26
394344,394381,394383,2,37
394344,394380,394383,3,36
394344,394380,394383,3,36
394344,394377,394381,4,33
394344,394376,394384,8,32
394344,394363,394382,19,19
394344,394381,394387,6,37
394344,394381,394387,6,37
394344,394379,394388,9,35
394344,394378,394388,10,34
394344,394377,394383,6,33
394339,394348,394389,41,9
394344,394376,394390,14,32
394344,394377,394391,14,33
394344,394376,394390,14,32
394344,394381,394393,12,37
393403,393432,394401,969,29
394407,394407,394411,4,0
394407,394407,394411,4,0
394407,394407,394411,4,0
394407,394407,394412,5,0
394407,394407,394412,5,0
394407,394407,394412,5,0
394407,394407,394413,6,0
394407,394407,394413,6,0
394344,394379,394412,33,35
394407,394407,394414,7,0
394407,394411,394414,3,4
394407,394407,394415,8,0
394407,394407,394414,7,0
394407,394412,394414,2,5
394407,394411,394414,3,4
394407,394412,394414,2,5
394407,394412,394414,2,5
394407,394412,394414,2,5
394407,394407,394415,8,0
394407,394413,394415,2,6
394407,394413,394415,2,6
394407,394414,394416,2,7
394407,394407,394417,10,0
394407,394407,394417,10,0
394407,394407,394418,11,0
394407,394415,394417,2,8
394407,394415,394417,2,8
394407,394415,394418,3,8
394407,394415,394418,3,8
394407,394407,394418,11,0
394407,394416,394419,3,9
394407,394415,394418,3,8
394407,394416,394419,3,9
394407,394417,394420,3,10
394407,394407,394420,13,0
394407,394414,394420,6,7
394407,394416,394420,4,9
394407,394415,394421,6,8
394407,394418,394420,2,11
394407,394418,394420,2,11
394407,394418,394421,3,11
394407,394413,394421,8,6
394407,394418,394421,3,11
394407,394419,394421,2,12
394407,394419,394421,2,12
394407,394418,394422,4,11
394407,394418,394422,4,11
394407,394418,394422,4,11
394407,394407,394423,16,0
394407,394420,394422,2,13
394407,394420,394422,2,13
394407,394407,394424,17,0
394407,394421,394424,3,14
394407,394422,394425,3,15
394407,394422,394424,2,15
394407,394422,394425,3,15
394407,394421,394425,4,14
394407,394421,394425,4,14
394407,394421,394425,4,14
394407,394407,394427,20,0
394407,394422,394428,6,15
394407,394407,394431,24,0
394407,394415,394431,16,8
394407,394421,394432,11,14
394407,394422,394433,11,15
394407,394407,394434,27,0
393437,393470,394441,971,33
394407,394407,394442,35,0
394407,394421,394428,7,14
394407,394419,394429,10,12
394407,394421,394429,8,14
394407,394407,394444,37,0
394442,394442,394445,3,0
394442,394442,394446,4,0
394442,394442,394447,5,0
394442,394442,394447,5,0
394442,394442,394447,5,0
394442,394445,394447,2,3
394442,394442,394448,6,0
394442,394442,394448,6,0
394442,394442,394447,5,0
394442,394442,394448,6,0
394442,394446,394448,2,4
394442,394442,394449,7,0
394442,394442,394450,8,0
394442,394447,394450,3,5
394442,394448,394450,2,6
394442,394448,394450,2,6
394442,394447,394449,2,5
394442,394447,394450,3,5
394442,394448,394451,3,6
394442,394449,394451,2,7
394442,394449,394451,2,7
394442,394450,394452,2,8
394442,394449,394452,3,7
393429,393448,394453,1005,19
394442,394450,394453,3,8
394442,394450,394453,3,8
394442,394442,394454,12,0
394442,394450,394454,4,8
394442,394452,394454,2,10
394442,394452,394455,3,10
394442,394452,394454,2,10
394442,394442,394453,11,0
394442,394451,394455,4,9
394442,394453,394456,3,11
394442,394453,394456,3,11
394442,394454,394456,2,12
394442,394455,394457,2,13
394442,394451,394457,6,9
394442,394447,394458,11,5
394442,394455,394457,2,13
394442,394442,394458,16,0
394442,394455,394458,3,13
394442,394450,394459,9,8
394442,394450,394459,9,8
394442,394456,394459,3,14
394442,394457,394459,2,15
394442,394457,394459,2,15
394442,394457,394459,2,15
394442,394454,394460,6,12
394442,394458,394460,2,16
394442,394451,394460,9,9
394442,394458,394461,3,16
394442,394455,394459,4,13
394442,394442,394462,20,0
394442,394442,394462,20,0
394442,394442,394460,18,0
394442,394460,394462,2,18
394442,394458,394462,4,16
394442,394459,394462,3,17
394442,394444,394463,19,2
394442,394453,394463,10,11
394442,394458,394464,6,16
394442,394451,394464,13,9
394442,394460,394465,5,18
394442,394460,394465,5,18
394442,394454,394465,11,12
394442,394442,394467,25,0
394442,394442,394466,24,0
394442,394442,394467,25,0
394442,394458,394467,9,16
394465,394465,394469,4,0
394465,394465,394469,4,0
394465,394465,394469,4,0
394465,394465,394470,5,0
394465,394465,394470,5,0
394465,394465,394469,4,0
394465,394465,394470,5,0
394465,394465,394471,6,0
394465,394469,394471,2,4
394465,394465,394471,6,0
394465,394469,394471,2,4
394465,394469,394472,3,4
394465,394470,394473,3,5
394465,394470,394473,3,5
394465,394470,394473,3,5
394465,394471,394473,2,6
394465,394471,394473,2,6
394465,394465,394473,8,0
394465,394471,394474,3,6
394465,394471,394474,3,6
394465,394471,394474,3,6
394465,394468,394475,7,3
394465,394466,394475,9,1
394465,394473,394475,2,8
394465,394473,394475,2,8
394465,394473,394476,3,8
394465,394473,394476,3,8
394465,394474,394476,2,9
394465,394474,394477,3,9
394465,394473,394477,4,8
394465,394475,394477,2,10
394465,394475,394477,2,10
394465,394465,394478,13,0
394465,394476,394478,2,11
394465,394476,394478,2,11
394465,394477,394479,2,12
394465,394465,394479,14,0
394465,394476,394479,3,11
394465,394474,394479,5,9
394465,394465,394480,15,0
394465,394478,394480,2,13
394465,394477,394480,3,12
394465,394478,394480,2,13
394465,394478,394480,2,13
394465,394478,394480,2,13
394465,394465,394481,16,0
394465,394467,394470,3,2
394442,394442,394476,34,0
394465,394479,394481,2,14
394465,394479,394481,2,14
394465,394479,394481,2,14
394465,394465,394482,17,0
394465,394480,394482,2,15
394465,394478,394483,5,13
394465,394481,394483,2,16
394465,394481,394483,2,16
394465,394481,394483,2,16
394465,394465,394483,18,0
394465,394465,394483,18,0
394465,394475,394484,9,10
394465,394479,394484,5,14
394465,394480,394484,4,15
394465,394467,394484,17,2
394465,394481,394484,3,16
394465,394481,394484,3,16
394465,394480,394485,5,15
394465,394465,394485,20,0
394465,394465,394495,30,0
394465,394481,394496,15,16
394465,394475,394498,23,10
393506,393527,394499,972,21
394465,394467,394500,33,2
394501,394501,394504,3,0
394501,394501,394504,3,0
394501,394501,394506,5,0
394501,394501,394505,4,0
394501,394501,394505,4,0
394501,394501,394506,5,0
394501,394501,394506,5,0
394501,394501,394506,5,0
394501,394501,394506,5,0
394501,394501,394506,5,0
394501,394505,394507,2,4
394501,394506,394508,2,5
394501,394506,394508,2,5
394501,394505,394508,3,4
394501,394501,394510,9,0
394501,394507,394510,3,6
394501,394501,394509,8,0
394501,394508,394510,2,7
394501,394507,394509,2,6
394501,394508,394510,2,7
394501,394506,394511,5,5
394501,394507,394511,4,6
394501,394501,394512,11,0
394501,394501,394512,11,0
394501,394501,394512,11,0
394501,394510,394512,2,9
394501,394501,394512,11,0
394501,394501,394512,11,0
394501,394507,394512,5,6
394501,394507,394512,5,6
394501,394510,394512,2,9
394501,394510,394512,2,9
394501,394509,394513,4,8
394501,394510,394512,2,9
394501,394510,394512,2,9
394501,394501,394514,13,0
394501,394501,394514,13,0
394501,394511,394515,4,10
394501,394501,394515,14,0
394501,394501,394514,13,0
394501,394512,394514,2,11
394501,394513,394515,2,12
394501,394513,394515,2,12
394501,394512,394516,4,11
394501,394513,394516,3,12
394501,394513,394515,2,12
394501,394511,394515,4,10
394501,394510,394517,7,9
394501,394515,394517,2,14
394501,394512,394516,4,11
394501,394514,394517,3,13
394501,394515,394517,2,14
394501,394515,394517,2,14
394501,394512,394517,5,11
394501,394514,394518,4,13
394501,394513,394517,4,12
394501,394513,394519,6,12
394501,394513,394519,6,12
394501,394513,394519,6,12
394501,394516,394519,3,15
394501,394515,394520,5,14
394501,394516,394521,5,15
394501,394501,394524,23,0
394501,394506,394524,18,5
394501,394515,394523,8,14
394501,394515,394524,9,14
394501,394512,394526,14,11
394501,394501,394534,33,0
394501,394501,394530,29,0
394501,394501,394537,36,0
393171,393186,394668,1482,15
394669,394669,394672,3,0
394669,394669,394673,4,0
394669,394669,394673,4,0
394669,394669,394674,5,0
394669,394669,394674,5,0
394669,394669,394673,4,0
394669,394669,394674,5,0
394669,394669,394674,5,0
394669,394672,394675,3,3
394669,394669,394676,7,0
394669,394673,394676,3,4
394669,394673,394676,3,4
394669,394674,394676,2,5
394669,394674,394676,2,5
394669,394674,394677,3,5
394669,394674,394677,3,5
394669,394674,394677,3,5
394669,394676,394678,2,7
394669,394676,394678,2,7
394669,394675,394677,2,6
394669,394676,394678,2,7
394669,394677,394679,2,8
394669,394677,394679,2,8
394669,394677,394680,3,8
394669,394678,394680,2,9
394669,394677,394680,3,8
394669,394678,394680,2,9
394669,394678,394681,3,9
394669,394679,394681,2,10
394669,394678,394681,3,9
394669,394680,394681,1,11
394669,394669,394682,13,0
394669,394669,394682,13,0
394669,394669,394682,13,0
394669,394669,394682,13,0
394669,394679,394681,2,10
394669,394681,394683,2,12
394669,394681,394683,2,12
394669,394669,394682,13,0
394669,394669,394683,14,0
394669,394681,394683,2,12
394669,394681,394683,2,12
394669,394681,394683,2,12
394669,394682,394684,2,13
394669,394683,394685,2,14
394669,394682,394684,2,13
394669,394669,394685,16,0
394669,394681,394685,4,12
394669,394683,394685,2,14
394669,394683,394685,2,14
394669,394682,394686,4,13
394669,394669,394686,17,0
394669,394682,394686,4,13
394669,394682,394685,3,13
394669,394684,394686,2,15
394669,394684,394686,2,15
394669,394682,394687,5,13
394669,394682,394686,4,13
394669,394685,394687,2,16
394669,394685,394687,2,16
394669,394683,394688,5,14
394669,394669,394688,19,0
394669,394669,394688,19,0
394669,394669,394689,20,0
394669,394683,394690,7,14
394669,394669,394692,23,0
394669,394669,394694,25,0
394669,394669,394696,27,0
393751,393766,394711,945,15
394669,394669,394710,41,0
394669,394669,394709,40,0
394711,394711,394715,4,0
394711,394711,394715,4,0
394711,394711,394715,4,0
394711,394711,394715,4,0
394711,394711,394715,4,0
394711,394711,394716,5,0
394711,394711,394715,4,0
394711,394711,394715,4,0
394711,394711,394717,6,0
394711,394715,394717,2,4
394711,394711,394717,6,0
394711,394711,394717,6,0
394711,394711,394716,5,0
394711,394711,394716,5,0
394711,394715,394717,2,4
394711,394711,394717,6,0
394711,394711,394718,7,0
394711,394716,394718,2,5
394711,394711,394717,6,0
394711,394715,394719,4,4
394711,394711,394718,7,0
394711,394716,394718,2,5
394711,394715,394719,4,4
394711,394715,394719,4,4
394711,394715,394720,5,4
394711,394717,394720,3,6
394711,394716,394720,4,5
394711,394711,394719,8,0
394711,394716,394720,4,5
394711,394718,394721,3,7
394711,394719,394721,2,8
394711,394719,394722,3,8
394711,394719,394722,3,8
394711,394719,394722,3,8
394711,394719,394723,4,8
394711,394721,394723,2,10
394711,394720,394723,3,9
394711,394718,394724,6,7
394711,394717,394723,6,6
394711,394717,394723,6,6
394711,394711,394724,13,0
394711,394711,394724,13,0
394711,394721,394724,3,10
394711,394720,394724,4,9
394711,394717,394724,7,6
394711,394721,394725,4,10
394711,394721,394725,4,10
394711,394723,394725,2,12
394711,394723,394726,3,12
394711,394723,394726,3,12
394711,394720,394725,5,9
394711,394721,394726,5,10
394711,394723,394726,3,12
394711,394724,394726,2,13
394711,394724,394727,3,13
394711,394724,394727,3,13
394711,394724,394729,5,13
394711,394725,394729,4,14
394711,394711,394730,19,0
394711,394717,394730,13,6
394711,394720,394730,10,9
394711,394725,394731,6,14
394711,394719,394729,10,8
394711,394711,394736,25,0
394711,394724,394736,12,13
394711,394724,394736,12,13
394711,394711,394737,26,0
394711,394723,394728,5,12
394711,394724,394743,19,13
394711,394724,394745,21,13
393329,393344,394825,1481,15
394827,394827,394831,4,0
394827,394827,394830,3,0
394827,394827,394830,3,0
394827,394827,394831,4,0
394827,394827,394831,4,0
394827,394827,394831,4,0
394827,394827,394831,4,0
394827,394827,394831,4,0
394827,394827,394833,6,0
394827,394831,394833,2,4
394827,394831,394833,2,4
394827,394831,394834,3,4
394827,394831,394833,2,4
394827,394832,394835,3,5
394827,394832,394834,2,5
394827,394834,394836,2,7
394827,394832,394835,3,5
394827,394832,394835,3,5
394827,394834,394836,2,7
394827,394827,394836,9,0
394827,394834,394836,2,7
394827,394834,394836,2,7
394827,394834,394836,2,7
394827,394836,394838,2,9
394827,394835,394837,2,8
394827,394835,394837,2,8
394827,394836,394838,2,9
394827,394827,394838,11,0
394827,394836,394838,2,9
394827,394836,394839,3,9
394827,394837,394839,2,10
394827,394837,394839,2,10
394827,394838,394840,2,11
394827,394837,394840,3,10
394827,394838,394840,2,11
394827,394827,394840,13,0
394827,394827,394841,14,0
394827,394837,394841,4,10
394827,394838,394840,2,11
394827,394838,394841,3,11
394827,394827,394841,14,0
394827,394827,394841,14,0
394827,394840,394842,2,13
394827,394839,394843,4,12
394827,394840,394842,2,13
394827,394840,394843,3,13
394827,394840,394842,2,13
394827,394840,394843,3,13
394827,394839,394843,4,12
394827,394841,394843,2,14
394827,394841,394844,3,14
394827,394839,394844,5,12
394827,394842,394844,2,15
394827,394827,394846,19,0
394827,394841,394845,4,14
394827,394827,394845,18,0
394827,394841,394845,4,14
394827,394843,394846,3,16
394827,394827,394846,19,0
394827,394842,394846,4,15
394827,394841,394846,5,14
394827,394827,394847,20,0
394827,394843,394847,4,16
394827,394842,394847,5,15
394827,394827,394847,20,0
394827,394827,394849,22,0
394827,394827,394849,22,0
394827,394827,394858,31,0
394827,394828,394864,36,1
394827,394828,394863,35,1
393393,393411,394930,1519,18
394932,394932,394934,2,0
394932,394932,394935,3,0
394932,394932,394936,4,0
394932,394932,394936,4,0
394932,394932,394936,4,0
394932,394932,394936,4,0
394932,394932,394937,5,0
394932,394932,394937,5,0
394932,394935,394937,2,3
394932,394932,394938,6,0
394932,394936,394938,2,4
394932,394932,394940,8,0
394932,394938,394940,2,6
394932,394937,394939,2,5
394932,394936,394939,3,4
394932,394937,394939,2,5
394932,394937,394939,2,5
394932,394938,394940,2,6
394932,394932,394940,8,0
394932,394938,394940,2,6
394932,394939,394941,2,7
394932,394939,394942,3,7
394932,394932,394942,10,0
394932,394940,394943,3,8
394932,394940,394942,2,8
394932,394940,394942,2,8
394932,394940,394943,3,8
394932,394940,394943,3,8
394932,394940,394943,3,8
394932,394941,394943,2,9
394932,394940,394944,4,8
394932,394942,394945,3,10
394932,394941,394945,4,9
394932,394943,394946,3,11
394932,394943,394946,3,11
394932,394943,394946,3,11
394932,394943,394945,2,11
394932,394932,394947,15,0
394932,394932,394946,14,0
394932,394943,394946,3,11
394932,394944,394947,3,12
394932,394943,394947,4,11
394932,394944,394947,3,12
394932,394945,394947,2,13
394932,394945,394949,4,13
394932,394932,394949,17,0
394932,394946,394948,2,14
394932,394946,394949,3,14
394932,394946,394948,2,14
394932,394932,394950,18,0
394932,394940,394942,2,8
394932,394940,394948,8,8
394932,394932,394949,17,0
394932,394932,394949,17,0
394932,394946,394949,3,14
394932,394932,394950,18,0
394932,394946,394951,5,14
394932,394947,394950,3,15
394932,394948,394951,3,16
394932,394947,394951,4,15
394932,394947,394951,4,15
394932,394932,394951,19,0
394932,394944,394951,7,12
394932,394948,394951,3,16
394932,394948,394952,4,16
394932,394932,394953,21,0
394932,394932,394954,22,0
394932,394949,394954,5,17
394932,394932,394956,24,0
394932,394947,394974,27,15
393443,393495,394983,1488,52
394993,394993,394996,3,0
394993,394993,394997,4,0
394993,394993,394998,5,0
394993,394993,394997,4,0
394993,394993,394997,4,0
394993,394993,394998,5,0
394993,394993,394999,6,0
394993,394993,394998,5,0
394993,394993,394999,6,0
394993,394993,395000,7,0
394993,394993,394999,6,0
394993,394993,394999,6,0
394993,394998,395000,2,5
394993,394993,394997,4,0
394993,394993,395000,7,0
394993,394998,395001,3,5
394993,394998,395000,2,5
394993,394998,395002,4,5
394993,394998,395002,4,5
394993,394999,395002,3,6
394993,395000,395002,2,7
394993,395000,395002,2,7
394993,395000,395002,2,7
394993,394993,395002,9,0
394993,394999,395002,3,6
394993,394999,395002,3,6
394993,395000,395002,2,7
394993,394993,395004,11,0
394993,395001,395004,3,8
394993,395001,395004,3,8
394993,394993,395004,11,0
394993,395001,395004,3,8
394993,395002,395004,2,9
394993,395002,395005,3,9
394993,395003,395006,3,10
394993,395003,395006,3,10
394993,395002,395006,4,9
394993,395004,395007,3,11
394993,395002,395007,5,9
394993,395003,395006,3,10
394993,395004,395007,3,11
394993,395003,395007,4,10
394993,395003,395007,4,10
394993,395005,395008,3,12
394993,395006,395009,3,13
394993,394993,395009,16,0
394993,395005,395008,3,12
394993,395005,395009,4,12
394993,395007,395010,3,14
394993,395005,395010,5,12
394993,395006,395009,3,13
394993,395007,395010,3,14
394993,394993,395011,18,0
394993,394997,395010,13,4
394993,395007,395010,3,14
394993,395008,395011,3,15
394993,395008,395012,4,15
394993,395008,395012,4,15
394993,395009,395012,3,16
394993,395007,395012,5,14
394993,395007,395013,6,14
394993,394993,395015,22,0
394993,394993,395002,9,0
394993,395000,395009,9,7
394993,394993,395016,23,0
394993,395003,395016,13,10
394028,394044,395019,975,16
395020,395020,395024,4,0
395020,395020,395024,4,0
395020,395020,395024,4,0
395020,395020,395024,4,0
395020,395020,395024,4,0
395020,395020,395024,4,0
395020,395020,395024,4,0
395020,395020,395025,5,0
395020,395020,395025,5,0
395020,395020,395026,6,0
395020,395020,395026,6,0
395020,395024,395026,2,4
395020,395020,395027,7,0
395020,395020,395028,8,0
395020,395020,395027,7,0
395020,395025,395028,3,5
395020,395024,395028,4,4
395020,395024,395028,4,4
395020,395024,395028,4,4
395020,395024,395028,4,4
395020,395024,395028,4,4
395020,395025,395028,3,5
395020,395026,395029,3,6
395020,395026,395029,3,6
395020,395026,395029,3,6
395020,395020,395030,10,0
395020,395020,395030,10,0
395020,395020,395030,10,0
395020,395025,395030,5,5
395020,395027,395031,4,7
395020,395028,395031,3,8
395020,395028,395031,3,8
395020,395028,395031,3,8
395020,395029,395032,3,9
395020,395030,395032,2,10
395020,395030,395032,2,10
395020,395030,395032,2,10
394993,395004,395033,29,11
395020,395029,395033,4,9
395020,395031,395034,3,11
395020,395028,395034,6,8
395020,395028,395034,6,8
395020,395031,395034,3,11
395020,395032,395034,2,12
395020,395032,395034,2,12
395020,395020,395032,12,0
395020,395020,395032,12,0
395020,395031,395035,4,11
395020,395030,395035,5,10
395020,395031,395034,3,11
395020,395029,395035,6,9
395020,395029,395035,6,9
395020,395033,395035,2,13
395020,395033,395036,3,13
394993,395019,395037,18,26
395020,395035,395037,2,15
395020,395035,395038,3,15
395020,395035,395038,3,15
395020,395035,395038,3,15
395020,395035,395039,4,15
395020,395034,395039,5,14
395020,395034,395039,5,14
395020,395035,395040,5,15
395020,395034,395040,6,14
395020,395035,395041,6,15
395020,395030,395042,12,10
395020,395020,395043,23,0
395020,395020,395043,23,0
395020,395033,395043,10,13
395020,395030,395044,14,10
395020,395035,395040,5,15
394993,395019,395045,26,26
395020,395030,395047,17,10
394993,395019,395069,50,26
394103,394120,395073,953,17
393574,393592,395074,1482,18
395086,395086,395090,4,0
395086,395086,395089,3,0
395086,395086,395090,4,0
395086,395086,395090,4,0
395086,395086,395091,5,0
395086,395086,395092,6,0
395086,395086,395091,5,0
395086,395086,395092,6,0
395086,395086,395091,5,0
395086,395086,395092,6,0
395086,395086,395093,7,0
395086,395086,395093,7,0
395086,395086,395094,8,0
395086,395090,395093,3,4
395086,395092,395094,2,6
395086,395090,395093,3,4
395086,395090,395094,4,4
395086,395091,395093,2,5
395086,395086,395095,9,0
395086,395092,395095,3,6
395086,395092,395095,3,6
395086,395092,395094,2,6
395086,395093,395096,3,7
395086,395086,395096,10,0
395086,395094,395096,2,8
395086,395092,395096,4,6
395086,395086,395096,10,0
395086,395086,395097,11,0
395086,395086,395096,10,0
395086,395086,395097,11,0
395086,395086,395096,10,0
395086,395094,395097,3,8
395086,395094,395097,3,8
395086,395086,395098,12,0
395086,395086,395098,12,0
395086,395090,395097,7,4
395086,395096,395098,2,10
395086,395095,395098,3,9
395086,395095,395098,3,9
395086,395095,395098,3,9
395086,395094,395099,5,8
395086,395094,395099,5,8
395086,395094,395098,4,8
395086,395096,395099,3,10
395086,395086,395100,14,0
395086,395097,395100,3,11
395086,395098,395100,2,12
395086,395097,395100,3,11
395086,395099,395101,2,13
395086,395095,395099,4,9
395086,395096,395101,5,10
395086,395096,395101,5,10
395086,395099,395101,2,13
395086,395099,395101,2,13
395086,395086,395102,16,0
395086,395096,395102,6,10
395086,395093,395103,10,7
395086,395100,395103,3,14
395086,395097,395104,7,11
395086,395099,395104,5,13
395086,395099,395104,5,13
395086,395099,395104,5,13
395086,395102,395104,2,16
395086,395102,395104,2,16
395086,395098,395104,6,12
395086,395086,395105,19,0
395086,395097,395105,8,11
395086,395097,395105,8,11
395086,395103,395106,3,17
395086,395098,395106,8,12
395086,395100,395105,5,14
395086,395100,395106,6,14
395086,395101,395106,5,15
395086,395101,395106,5,15
395086,395101,395106,5,15
395086,395105,395107,2,19
395086,395098,395107,9,12
395086,395101,395107,6,15
395086,395105,395107,2,19
395086,395104,395108,4,18
395086,395098,395107,9,12
395086,395106,395108,2,20
395086,395104,395108,4,18
395086,395104,395108,4,18
395086,395107,395109,2,21
395086,395107,395109,2,21
395086,395107,395109,2,21
395086,395107,395109,2,21
395086,395107,395109,2,21
395086,395108,395111,3,22
395086,395107,395112,5,21
395086,395105,395111,6,19
395086,395108,395112,4,22
395086,395110,395112,2,24
395086,395110,395112,2,24
395086,395110,395112,2,24
395086,395110,395113,3,24
395086,395110,395112,2,24
395086,395111,395113,2,25
395086,395107,395113,6,21
395086,395108,395114,6,22
395086,395109,395114,5,23
395086,395103,395114,11,17
395086,395113,395115,2,27
395086,395112,395115,3,26
395086,395112,395115,3,26
395086,395109,395115,6,23
395086,395100,395115,15,14
395086,395112,395116,4,26
395086,395101,395116,15,15
395086,395113,395115,2,27
395086,395113,395116,3,27
395086,395113,395116,3,27
395086,395113,395116,3,27
395086,395113,395115,2,27
395086,395115,395117,2,29
395086,395105,395117,12,19
395086,395102,395109,7,16
395086,395103,395109,6,17
395086,395116,395118,2,30
395086,395105,395118,13,19
395086,395116,395119,3,30
395086,395116,395119,3,30
395086,395115,395118,3,29
395086,395114,395119,5,28
395086,395105,395119,14,19
395086,395107,395118,11,21
395086,395116,395119,3,30
395086,395114,395119,5,28
395086,395115,395119,4,29
395086,395106,395119,13,20
395086,395116,395119,3,30
395086,395108,395120,12,22
395086,395116,395121,5,30
395086,395116,395121,5,30
395086,395116,395121,5,30
395086,395104,395126,22,18
395086,395115,395129,14,29
395086,395086,395131,45,0
395086,395116,395134,18,30
394136,394156,395160,1004,20
395172,395172,395175,3,0
395172,395172,395176,4,0
395172,395172,395176,4,0
395172,395172,395176,4,0
395172,395172,395176,4,0
395172,395172,395177,5,0
395172,395172,395177,5,0
395172,395172,395177,5,0
395172,395172,395177,5,0
395172,395173,395178,5,1
395172,395172,395178,6,0
395172,395172,395178,6,0
395172,395176,395178,2,4
395172,395172,395179,7,0
395172,395172,395179,7,0
393678,393692,395179,1487,14
395172,395172,395180,8,0
395172,395178,395181,3,6
395172,395179,395181,2,7
395172,395177,395181,4,5
395172,395172,395179,7,0
395172,395172,395179,7,0
395172,395180,395182,2,8
395172,395178,395182,4,6
395172,395176,395182,6,4
395172,395179,395182,3,7
395172,395179,395182,3,7
395172,395180,395183,3,8
395172,395178,395183,5,6
395172,395172,395184,12,0
395172,395178,395184,6,6
395172,395182,395184,2,10
395172,395182,395185,3,10
395172,395183,395185,2,11
395172,395182,395186,4,10
395172,395183,395185,2,11
395172,395183,395185,2,11
395172,395182,395186,4,10
395172,395183,395186,3,11
395172,395183,395186,3,11
395172,395183,395187,4,11
395172,395172,395187,15,0
395172,395177,395186,9,5
395172,395185,395187,2,13
395172,395186,395188,2,14
395172,395186,395188,2,14
395172,395184,395188,4,12
395172,395186,395188,2,14
395172,395187,395189,2,15
395172,395187,395189,2,15
395172,395173,395189,16,1
395172,395185,395189,4,13
395172,395177,395187,10,5
395172,395182,395187,5,10
395172,395186,395189,3,14
395172,395185,395190,5,13
395172,395188,395190,2,16
395172,395172,395185,13,0
395172,395188,395190,2,16
395172,395186,395191,5,14
395172,395188,395192,4,16
395172,395181,395192,11,9
395180,395189,395193,4,9
395180,395190,395192,2,10
395172,395178,395190,12,6
395172,395188,395193,5,16
395172,395188,395193,5,16
395180,395191,395193,2,11
395180,395190,395194,4,10
395180,395193,395195,2,13
395172,395172,395195,23,0
395180,395190,395195,5,10
395180,395193,395195,2,13
395180,395190,395196,6,10
395180,395193,395196,3,13
395180,395190,395197,7,10
395180,395192,395197,5,12
395180,395194,395196,2,14
395180,395195,395197,2,15
395180,395190,395198,8,10
395180,395196,395198,2,16
395172,395180,395198,18,8
395180,395194,395198,4,14
395180,395195,395198,3,15
395172,395186,395196,10,14
395180,395194,395200,6,14
395180,395197,395199,2,17
395180,395197,395199,2,17
395180,395198,395200,2,18
395180,395189,395199,10,9
395180,395197,395199,2,17
395180,395197,395199,2,17
395180,395198,395200,2,18
395180,395197,395200,3,17
395180,395197,395200,3,17
395180,395193,395201,8,13
395180,395200,395202,2,20
395180,395194,395202,8,14
395180,395200,395202,2,20
395180,395200,395203,3,20
395180,395200,395202,2,20
395180,395200,395203,3,20
395180,395200,395203,3,20
395172,395172,395202,30,0
395180,395195,395201,6,15
395180,395190,395204,14,10
395180,395199,395203,4,19
395180,395200,395204,4,20
395180,395199,395204,5,19
395180,395200,395204,4,20
395180,395201,395205,4,21
395180,395201,395205,4,21
395180,395190,395205,15,10
395180,395203,395205,2,23
395180,395203,395206,3,23
395180,395203,395206,3,23
395180,395203,395206,3,23
395180,395203,395206,3,23
395180,395204,395206,2,24
395180,395190,395206,16,10
395180,395190,395205,15,10
395180,395196,395205,9,16
395180,395206,395208,2,26
395180,395207,395208,1,27
395180,395204,395209,5,24
395180,395204,395208,4,24
395180,395205,395209,4,25
395180,395207,395209,2,27
395180,395199,395206,7,19
395180,395206,395210,4,26
395180,395205,395211,6,25
395180,395202,395212,10,22
395180,395199,395215,16,19
395180,395204,395213,9,24
395172,395173,395218,45,1
395180,395204,395220,16,24
395180,395205,395220,15,25
395180,395204,395221,17,24
395172,395173,395222,49,1
395180,395203,395229,26,23
395180,395206,395252,46,26
394341,394357,395325,968,16
395326,395326,395330,4,0
395326,395326,395330,4,0
395326,395326,395330,4,0
395326,395326,395329,3,0
395326,395326,395330,4,0
395326,395326,395330,4,0
395326,395326,395330,4,0
395326,395326,395331,5,0
395326,395326,395332,6,0
395326,395326,395332,6,0
395326,395329,395332,3,3
395326,395329,395332,3,3
395326,395326,395333,7,0
395326,395326,395333,7,0
395326,395331,395334,3,5
395326,395326,395332,6,0
395326,395326,395332,6,0
395326,395330,395335,5,4
395326,395326,395334,8,0
395326,395326,395333,7,0
395326,395326,395334,8,0
395326,395332,395336,4,6
395326,395332,395336,4,6
395326,395331,395336,5,5
395326,395326,395337,11,0
395326,395326,395337,11,0
395326,395333,395337,4,7
395326,395333,395336,3,7
395326,395330,395337,7,4
395326,395331,395337,6,5
395326,395334,395338,4,8
395326,395335,395338,3,9
395326,395333,395337,4,7
395326,395326,395337,11,0
395326,395334,395338,4,8
395326,395336,395339,3,10
395326,395326,395340,14,0
395326,395336,395340,4,10
395326,395336,395339,3,10
395326,395335,395340,5,9
395326,395331,395340,9,5
395326,395336,395340,4,10
395326,395337,395340,3,11
395326,395337,395340,3,11
395326,395330,395341,11,4
395326,395338,395341,3,12
395326,395338,395341,3,12
395326,395338,395341,3,12
395326,395336,395341,5,10
395326,395335,395342,7,9
395326,395339,395342,3,13
395326,395338,395342,4,12
395326,395337,395342,5,11
395326,395337,395342,5,11
395326,395340,395343,3,14
395326,395335,395343,8,9
395326,395340,395344,4,14
395326,395326,395344,18,0
395326,395340,395344,4,14
395326,395332,395344,12,6
395326,395338,395344,6,12
395326,395340,395346,6,14
395326,395340,395347,7,14
395326,395337,395348,11,11
395326,395340,395348,8,14
395326,395337,395348,11,11
395326,395341,395348,7,15
395326,395340,395349,9,14
395326,395340,395349,9,14
395326,395326,395356,30,0
393874,393890,395405,1515,16
395407,395407,395412,5,0
395407,395407,395411,4,0
395407,395407,395412,5,0
395407,395407,395411,4,0
395407,395407,395413,6,0
395407,395407,395413,6,0
395407,395407,395413,6,0
393615,393631,395413,1782,16
395407,395407,395414,7,0
395407,395407,395414,7,0
395407,395412,395414,2,5
395407,395407,395413,6,0
395407,395407,395414,7,0
395407,395407,395414,7,0
395407,395407,395414,7,0
395407,395412,395414,2,5
395407,395407,395411,4,0
395407,395407,395414,7,0
395407,395407,395414,7,0
395407,395414,395416,2,7
395407,395413,395415,2,6
395407,395412,395415,3,5
395407,395412,395415,3,5
395407,395414,395416,2,7
395407,395407,395417,10,0
395407,395414,395417,3,7
395407,395414,395417,3,7
395407,395407,395418,11,0
395407,395414,395418,4,7
395407,395407,395416,9,0
395407,395414,395418,4,7
395407,395407,395418,11,0
395407,395416,395419,3,9
395407,395416,395418,2,9
395407,395417,395420,3,10
395407,395414,395420,6,7
395407,395407,395421,14,0
395407,395416,395420,4,9
395407,395416,395421,5,9
395407,395419,395421,2,12
395407,395419,395422,3,12
395407,395414,395421,7,7
395407,395414,395422,8,7
395407,395415,395422,7,8
395407,395414,395422,8,7
395407,395414,395423,9,7
395407,395419,395423,4,12
395407,395407,395423,16,0
395407,395417,395423,6,10
395407,395418,395422,4,11
395407,395417,395422,5,10
395407,395414,395423,9,7
395407,395420,395423,3,13
395407,395407,395424,17,0
395407,395407,395418,11,0
395407,395422,395424,2,15
395407,395416,395424,8,9
395407,395419,395424,5,12
395407,395422,395425,3,15
395407,395421,395425,4,14
395407,395421,395425,4,14
395407,395421,395426,5,14
395407,395407,395426,19,0
395407,395421,395427,6,14
395415,395425,395428,3,10
395407,395418,395428,10,11
395415,395425,395428,3,10
395407,395419,395426,7,12
395407,395422,395429,7,15
395415,395423,395429,6,8
395407,395422,395430,8,15
395407,395422,395430,8,15
395415,395425,395430,5,10
395415,395426,395430,4,11
395415,395426,395430,4,11
395415,395424,395430,6,9
395415,395429,395431,2,14
395415,395427,395431,4,12
395415,395428,395431,3,13
395407,395422,395429,7,15
395415,395431,395433,2,16
395415,395429,395433,4,14
395415,395425,395433,8,10
395415,395430,395433,3,15
395407,395414,395433,19,7
394443,394460,395434,974,17
395415,395431,395433,2,16
395415,395425,395433,8,10
395415,395431,395434,3,16
395415,395431,395434,3,16
395415,395431,395434,3,16
395415,395431,395434,3,16
395415,395433,395435,2,18
395415,395428,395434,6,13
395415,395423,395435,12,8
395415,395423,395436,13,8
395415,395432,395436,4,17
395415,395431,395436,5,16
395415,395433,395436,3,18
395415,395429,395436,7,14
395415,395434,395437,3,19
395415,395434,395436,2,19
395415,395435,395437,2,20
395415,395426,395437,11,11
395415,395435,395438,3,20
395415,395423,395436,13,8
395415,395433,395438,5,18
395415,395433,395437,4,18
395415,395434,395439,5,19
395415,395436,395439,3,21
395415,395435,395439,4,20
395415,395435,395439,4,20
395415,395435,395440,5,20
395415,395437,395440,3,22
395415,395437,395439,2,22
395415,395430,395437,7,15
395415,395430,395437,7,15
395415,395438,395440,2,23
395415,395438,395441,3,23
393913,393928,395441,1513,15
395415,395436,395441,5,21
395415,395440,395442,2,25
395415,395440,395442,2,25
395415,395440,395442,2,25
395415,395435,395442,7,20
395415,395438,395443,5,23
395415,395440,395444,4,25
395415,395436,395443,7,21
395415,395436,395444,8,21
395415,395438,395444,6,23
395415,395440,395444,4,25
395415,395440,395444,4,25
395415,395438,395445,7,23
395415,395438,395448,10,23
393921,393952,395450,1498,31
395415,395436,395450,14,21
395415,395440,395450,10,25
395415,395423,395451,28,8
395415,395435,395452,17,20
395415,395434,395455,21,19
395415,395439,395455,16,24
395415,395424,395455,31,9
395452,395452,395457,5,0
395452,395452,395457,5,0
395452,395452,395456,4,0
395452,395452,395456,4,0
395452,395452,395457,5,0
395452,395452,395458,6,0
395415,395423,395458,35,8
395452,395452,395457,5,0
395452,395452,395458,6,0
395452,395452,395456,4,0
395452,395457,395459,2,5
395452,395452,395458,6,0
395452,395455,395458,3,3
395452,395452,395459,7,0
395452,395452,395458,6,0
395452,395457,395459,2,5
395452,395458,395460,2,6
395452,395452,395460,8,0
395452,395457,395461,4,5
395452,395457,395460,3,5
395452,395458,395460,2,6
395452,395452,395459,7,0
395452,395452,395461,9,0
395452,395452,395461,9,0
395452,395459,395461,2,7
395452,395452,395463,11,0
395452,395458,395462,4,6
395452,395460,395463,3,8
395452,395460,395462,2,8
395452,395459,395463,4,7
395452,395461,395463,2,9
395452,395459,395465,6,7
395452,395462,395465,3,10
395452,395452,395465,13,0
395452,395462,395464,2,10
395452,395461,395465,4,9
395452,395458,395466,8,6
395452,395452,395466,14,0
395452,395461,395466,5,9
395452,395461,395466,5,9
395452,395463,395466,3,11
395452,395463,395465,2,11
395452,395463,395466,3,11
395452,395464,395467,3,12
395452,395462,395468,6,10
395452,395465,395467,2,13
395452,395462,395469,7,10
395452,395465,395468,3,13
395452,395463,395468,5,11
395452,395465,395469,4,13
395452,395465,395469,4,13
395452,395466,395469,3,14
395452,395466,395469,3,14
395452,395467,395470,3,15
395452,395466,395470,4,14
395452,395458,395471,13,6
395452,395466,395471,5,14
395452,395466,395471,5,14
395452,395469,395471,2,17
395452,395465,395469,4,13
395452,395456,395471,15,4
395452,395469,395472,3,17
395452,395470,395472,2,18
395452,395471,395473,2,19
395452,395468,395473,5,16
395452,395453,395474,21,1
395452,395472,395474,2,20
395452,395471,395474,3,19
395452,395471,395475,4,19
395452,395474,395475,1,22
395452,395469,395476,7,17
395452,395468,395475,7,16
395452,395452,395476,24,0
395452,395474,395476,2,22
395452,395469,395477,8,17
395452,395466,395477,11,14
395452,395475,395478,3,23
395452,395476,395479,3,24
395452,395472,395475,3,20
395452,395476,395479,3,24
395452,395476,395479,3,24
395452,395475,395480,5,23
395452,395470,395480,10,18
395452,395477,395480,3,25
395452,395471,395481,10,19
395452,395475,395481,6,23
395452,395458,395477,19,6
395452,395459,395480,21,7
395452,395459,395481,22,7
395452,395479,395483,4,27
395452,395479,395483,4,27
395415,395424,395457,33,9
395452,395479,395483,4,27
395452,395481,395483,2,29
395452,395474,395483,9,22
395452,395477,395483,6,25
395452,395469,395484,15,17
395452,395480,395485,5,28
395452,395483,395485,2,31
395452,395483,395485,2,31
395452,395483,395486,3,31
395452,395481,395486,5,29
395452,395484,395486,2,32
395452,395484,395486,2,32
395452,395479,395487,8,27
395452,395480,395486,6,28
395452,395485,395487,2,33
395452,395455,395488,33,3
395452,395481,395488,7,29
395452,395486,395488,2,34
395452,395486,395488,2,34
395452,395484,395489,5,32
395452,395487,395489,2,35
395452,395487,395489,2,35
395452,395481,395490,9,29
395452,395489,395491,2,37
395452,395481,395490,9,29
395452,395488,395491,3,36
395452,395481,395491,10,29
395452,395481,395491,10,29
395452,395486,395491,5,34
395452,395485,395489,4,33
395452,395484,395490,6,32
395452,395469,395491,22,17
395452,395489,395492,3,37
395452,395487,395492,5,35
395452,395490,395493,3,38
395452,395490,395492,2,38
395452,395489,395493,4,37
395452,395490,395494,4,38
395452,395487,395495,8,35
395452,395469,395495,26,17
395454,395492,395494,2,38
395454,395493,395496,3,39
395454,395493,395496,3,39
395452,395472,395496,24,20
395454,395491,395495,4,37
395454,395493,395496,3,39
395452,395476,395496,20,24
395454,395495,395497,2,41
395452,395463,395469,6,11
395454,395496,395498,2,42
395454,395496,395498,2,42
395454,395496,395499,3,42
395454,395497,395499,2,43
395454,395495,395499,4,41
395454,395497,395501,4,43
395454,395495,395501,6,41
395454,395494,395501,7,40
395454,395498,395502,4,44
395454,395495,395502,7,41
395454,395499,395501,2,45
395454,395499,395502,3,45
395454,395499,395502,3,45
395452,395498,395503,5,46
395454,395499,395503,4,45
395452,395490,395500,10,38
395454,395492,395503,11,38
395454,395492,395503,11,38
395452,395478,395504,26,26
395454,395500,395504,4,46
395454,395501,395505,4,47
395454,395492,395505,13,38
395454,395502,395505,3,48
395454,395502,395505,3,48
395454,395503,395505,2,49
395454,395501,395505,4,47
395454,395491,395506,15,37
395454,395502,395506,4,48
395454,395502,395506,4,48
395454,395503,395507,4,49
395454,395503,395507,4,49
395454,395505,395508,3,51
395454,395505,395508,3,51
395454,395506,395508,2,52
395454,395504,395509,5,50
395454,395492,395506,14,38
395454,395492,395508,16,38
394502,394516,395510,994,14
395452,395486,395489,3,34
395452,395452,395491,39,0
395454,395505,395510,5,51
395454,395492,395504,12,38
395454,395507,395510,3,53
395454,395507,395510,3,53
395454,395506,395510,4,52
395454,395509,395511,2,55
395454,395509,395511,2,55
395454,395510,395512,2,56
395452,395488,395511,23,36
395454,395507,395511,4,53
395454,395505,395512,7,51
395454,395509,395513,4,55
395454,395508,395512,4,54
395454,395502,395513,11,48
395454,395509,395513,4,55
395454,395504,395514,10,50
395454,395496,395514,18,42
395454,395511,395514,3,57
395454,395511,395515,4,57
395454,395510,395515,5,56
395454,395511,395516,5,57
395454,395504,395517,13,50
395452,395474,395518,44,22
395454,395506,395518,12,52
395454,395510,395518,8,56
395454,395509,395519,10,55
395454,395505,395520,15,51
395454,395509,395521,12,55
395454,395504,395522,18,50
395454,395510,395524,14,56
395454,395510,395527,17,56
395454,395497,395531,34,43
395549,395549,395553,4,0
395549,395549,395554,5,0
395549,395549,395554,5,0
395549,395549,395555,6,0
395549,395549,395555,6,0
395549,395549,395555,6,0
395549,395549,395556,7,0
395549,395549,395556,7,0
395549,395549,395556,7,0
395549,395549,395557,8,0
395549,395549,395558,9,0
395549,395555,395558,3,6
395549,395549,395557,8,0
395549,395549,395559,10,0
395549,395554,395560,6,5
395549,395554,395560,6,5
395549,395549,395560,11,0
395549,395549,395560,11,0
395549,395556,395561,5,7
395549,395549,395560,11,0
395549,395549,395561,12,0
395549,395558,395561,3,9
395549,395556,395562,6,7
395549,395558,395563,5,9
395549,395549,395562,13,0
395549,395561,395563,2,12
395549,395559,395563,4,10
395549,395561,395564,3,12
395549,395558,395564,6,9
395549,395562,395564,2,13
395549,395560,395564,4,11
395549,395560,395564,4,11
395549,395549,395565,16,0
395549,395549,395565,16,0
395549,395549,395565,16,0
395549,395549,395565,16,0
395549,395555,395565,10,6
395549,395563,395565,2,14
395549,395560,395566,6,11
395549,395563,395566,3,14
395549,395564,395566,2,15
395549,395563,395567,4,14
395549,395564,395566,2,15
395549,395557,395567,10,8
395549,395565,395567,2,16
395549,395565,395568,3,16
395549,395557,395567,10,8
395549,395556,395568,12,7
395549,395557,395567,10,8
395549,395564,395568,4,15
395549,395564,395568,4,15
395549,395566,395568,2,17
395549,395561,395569,8,12
395549,395549,395568,19,0
395549,395564,395569,5,15
395549,395567,395569,2,18
395549,395549,395570,21,0
395549,395567,395569,2,18
395549,395567,395570,3,18
395549,395566,395570,4,17
395549,395566,395570,4,17
395549,395561,395571,10,12
395549,395567,395571,4,18
395549,395560,395568,8,11
395549,395567,395574,7,18
395549,395568,395575,7,19
395549,395563,395576,13,14
395549,395568,395577,9,19
395549,395549,395578,29,0
395549,395566,395579,13,17
394670,394685,395648,963,15
395649,395649,395653,4,0
395649,395649,395654,5,0
395649,395649,395653,4,0
395649,395649,395653,4,0
395649,395649,395654,5,0
395649,395649,395655,6,0
395649,395649,395655,6,0
395649,395649,395655,6,0
395649,395649,395656,7,0
395649,395649,395656,7,0
395649,395649,395657,8,0
395649,395649,395657,8,0
395649,395649,395657,8,0
395649,395649,395657,8,0
395649,395649,395659,10,0
395649,395654,395658,4,5
395649,395654,395659,5,5
395649,395649,395659,10,0
395649,395649,395660,11,0
395649,395655,395660,5,6
395649,395649,395660,11,0
395649,395649,395661,12,0
395649,395659,395661,2,10
395649,395659,395661,2,10
395649,395657,395662,5,8
395649,395649,395662,13,0
395649,395655,395661,6,6
395649,395660,395662,2,11
395649,395657,395662,5,8
395649,395654,395663,9,5
395649,395659,395662,3,10
395649,395661,395663,2,12
395649,395661,395663,2,12
395649,395655,395664,9,6
395649,395656,395664,8,7
395649,395662,395664,2,13
395649,395649,395664,15,0
395649,395658,395665,7,9
395649,395658,395665,7,9
395649,395662,395664,2,13
395649,395654,395664,10,5
395649,395663,395665,2,14
395649,395663,395665,2,14
395649,395662,395665,3,13
395649,395655,395665,10,6
395649,395658,395666,8,9
395649,395664,395666,2,15
395649,395660,395667,7,11
395649,395665,395667,2,16
395649,395665,395667,2,16
395649,395665,395667,2,16
395649,395663,395667,4,14
395649,395664,395668,4,15
395649,395650,395665,15,1
395649,395650,395667,17,1
395649,395660,395668,8,11
395649,395666,395668,2,17
395649,395649,395669,20,0
395649,395665,395669,4,16
395649,395660,395669,9,11
395649,395664,395668,4,15
395649,395665,395669,4,16
395649,395661,395670,9,12
395649,395662,395671,9,13
395649,395666,395671,5,17
395649,395663,395670,7,14
395649,395665,395672,7,16
395649,395662,395672,10,13
395649,395649,395672,23,0
395649,395665,395676,11,16
394828,394843,395796,953,15
395798,395798,395801,3,0
395798,395798,395802,4,0
395798,395798,395802,4,0
395798,395798,395801,3,0
395798,395798,395801,3,0
395798,395798,395803,5,0
395798,395798,395804,6,0
395798,395798,395803,5,0
395798,395798,395805,7,0
395798,395798,395806,8,0
395798,395798,395805,7,0
395798,395798,395806,8,0
395798,395802,395808,6,4
395798,395802,395808,6,4
395798,395804,395809,5,6
395798,395808,395810,2,10
395798,395804,395810,6,6
395798,395806,395810,4,8
395798,395802,395811,9,4
395798,395806,395811,5,8
395798,395802,395811,9,4
395798,395808,395810,2,10
395798,395798,395811,13,0
395798,395804,395811,7,6
395798,395810,395812,2,12
395798,395798,395812,14,0
395798,395807,395812,5,9
395798,395806,395813,7,8
395798,395798,395812,14,0
395798,395802,395812,10,4
395798,395811,395813,2,13
395798,395811,395813,2,13
395798,395811,395814,3,13
395798,395798,395813,15,0
395798,395798,395813,15,0
395798,395810,395813,3,12
395798,395811,395813,2,13
395798,395812,395814,2,14
395798,395811,395815,4,13
395798,395813,395815,2,15
395798,395811,395814,3,13
395798,395813,395815,2,15
395798,395814,395816,2,16
395798,395812,395816,4,14
395798,395798,395815,17,0
395798,395813,395815,2,15
395798,395814,395816,2,16
395798,395798,395817,19,0
395798,395798,395817,19,0
395798,395815,395817,2,17
395798,395814,395816,2,16
395798,395815,395817,2,17
395798,395813,395817,4,15
395798,395813,395817,4,15
395798,395798,395818,20,0
395798,395814,395818,4,16
395798,395816,395819,3,18
395798,395812,395818,6,14
395798,395813,395819,6,15
395798,395815,395819,4,17
395798,395815,395819,4,17
395798,395816,395820,4,18
395798,395813,395819,6,15
395798,395798,395820,22,0
395798,395798,395820,22,0
395798,395814,395823,9,16
395798,395816,395822,6,18
395798,395798,395830,32,0
395798,395798,395836,38,0
395798,395814,395845,31,16
394409,394423,395904,1481,14
395907,395907,395910,3,0
395907,395907,395910,3,0
395907,395907,395910,3,0
395907,395907,395910,3,0
395907,395907,395910,3,0
395907,395907,395911,4,0
395907,395907,395911,4,0
395907,395907,395911,4,0
395907,395907,395912,5,0
395907,395907,395913,6,0
395907,395907,395913,6,0
395907,395907,395914,7,0
395907,395907,395914,7,0
395907,395907,395914,7,0
395907,395907,395914,7,0
395907,395912,395915,3,5
394347,394381,395914,1533,34
395907,395907,395913,6,0
395907,395911,395916,5,4
395907,395911,395915,4,4
395907,395913,395916,3,6
395907,395907,395917,10,0
395907,395907,395917,10,0
395907,395911,395917,6,4
395907,395911,395917,6,4
395907,395911,395917,6,4
395907,395907,395917,10,0
395907,395914,395918,4,7
395907,395915,395917,2,8
395907,395912,395918,6,5
395907,395915,395918,3,8
395907,395907,395919,12,0
395907,395907,395918,11,0
395907,395907,395918,11,0
395907,395915,395919,4,8
395907,395912,395918,6,5
395907,395917,395919,2,10
395907,395915,395919,4,8
395907,395907,395920,13,0
395907,395916,395920,4,9
395907,395916,395920,4,9
395907,395918,395920,2,11
395907,395918,395921,3,11
395907,395919,395921,2,12
395907,395914,395920,6,7
395907,395917,395921,4,10
395907,395919,395921,2,12
395907,395917,395921,4,10
395907,395914,395922,8,7
395907,395920,395922,2,13
395907,395918,395922,4,11
395907,395918,395922,4,11
395907,395907,395924,17,0
395907,395921,395923,2,14
395907,395921,395923,2,14
395907,395921,395923,2,14
395907,395919,395923,4,12
395907,395907,395916,9,0
395907,395915,395921,6,8
395907,395920,395925,5,13
395907,395919,395925,6,12
395907,395921,395925,4,14
395907,395921,395926,5,14
395916,395924,395926,2,8
395916,395924,395926,2,8
395907,395914,395925,11,7
395916,395924,395926,2,8
395916,395926,395928,2,10
395916,395926,395928,2,10
395916,395924,395928,4,8
395907,395917,395929,12,10
395907,395918,395929,11,11
395916,395925,395927,2,9
395916,395927,395929,2,11
395916,395925,395929,4,9
395907,395921,395930,9,14
395916,395922,395930,8,6
395916,395923,395929,6,7
395916,395926,395930,4,10
395916,395926,395930,4,10
395916,395928,395930,2,12
395916,395928,395930,2,12
395916,395927,395932,5,11
395907,395917,395932,15,10
395907,395919,395932,13,12
395916,395923,395932,9,7
395916,395929,395932,3,13
395916,395930,395932,2,14
395916,395925,395933,8,9
395916,395923,395934,11,7
395916,395928,395934,6,12
395916,395930,395934,4,14
395916,395930,395934,4,14
395916,395930,395934,4,14
395916,395930,395935,5,14
395916,395933,395935,2,17
395916,395930,395935,5,14
395916,395933,395935,2,17
395916,395929,395935,6,13
395916,395933,395935,2,17
395916,395930,395936,6,14
395916,395929,395936,7,13
395916,395935,395937,2,19
395916,395926,395937,11,10
395916,395922,395936,14,6
395916,395935,395937,2,19
395916,395936,395938,2,20
395907,395919,395938,19,12
395916,395924,395937,13,8
395916,395936,395938,2,20
395916,395934,395938,4,18
395916,395922,395936,14,6
395916,395935,395938,3,19
395907,395921,395938,17,14
395916,395932,395939,7,16
395916,395935,395939,4,19
395916,395937,395939,2,21
395916,395936,395940,4,20
395916,395935,395940,5,19
395916,395938,395940,2,22
395916,395938,395940,2,22
395916,395938,395940,2,22
395916,395936,395941,5,20
395916,395932,395941,9,16
395916,395939,395941,2,23
395916,395936,395942,6,20
395916,395937,395942,5,21
395916,395929,395943,14,13
395916,395937,395942,5,21
395916,395938,395943,5,22
395916,395932,395944,12,16
395916,395938,395943,5,22
395916,395940,395945,5,24
395916,395940,395945,5,24
395916,395929,395946,17,13
395916,395938,395946,8,22
395916,395937,395948,11,21
395916,395932,395951,19,16
395916,395938,395952,14,22
395916,395939,395953,14,23
395916,395936,395941,5,20
394994,395009,395985,976,15
395986,395986,395989,3,0
395986,395986,395989,3,0
395986,395986,395990,4,0
395986,395986,395990,4,0
395986,395986,395990,4,0
395986,395990,395996,6,4
395986,395991,395996,5,5
395986,395992,395997,5,6
395986,395986,395998,12,0
395986,395991,395998,7,5
395986,395990,395998,8,4
395986,395986,395999,13,0
395986,395999,396001,2,13
395986,395997,396001,4,11
395986,395997,396001,4,11
395986,395999,396001,2,13
395986,395986,396002,16,0
395986,395998,396002,4,12
395986,396000,396003,3,14
395986,396002,396003,1,16
395986,395986,396003,17,0
395986,395999,396004,5,13
395986,395986,396004,18,0
395986,395986,396004,18,0
395986,396002,396004,2,16
395986,396002,396004,2,16
395986,396002,396004,2,16
395986,395986,396005,19,0
395986,395987,396005,18,1
395986,395986,396005,19,0
395986,396003,396005,2,17
395986,396004,396005,1,18
395986,395986,396006,20,0
395986,395987,396007,20,1
395986,395986,396007,21,0
395986,396006,396008,2,20
395986,396005,396007,2,19
395986,396005,396007,2,19
395986,395986,396008,22,0
395986,395986,396008,22,0
395986,396004,396008,4,18
395986,396005,396008,3,19
395986,396006,396008,2,20
395986,396004,396009,5,18
395986,395986,396009,23,0
395986,396005,396010,5,19
395986,396008,396010,2,22
395986,396003,396010,7,17
395986,396005,396010,5,19
395986,396005,396010,5,19
395986,396005,396010,5,19
395986,395986,396011,25,0
395986,395986,396010,24,0
395986,396007,396010,3,21
395986,396008,396010,2,22
395986,396008,396010,2,22
395986,395987,396011,24,1
395986,396009,396011,2,23
395021,395035,396011,976,14
395986,396008,396012,4,22
395986,396009,396012,3,23
395986,396009,396012,3,23
395986,395987,396013,26,1
395986,396009,396013,4,23
395986,396009,396012,3,23
395986,395987,396012,25,1
395986,396010,396014,4,24
396012,396012,396015,3,0
396012,396012,396015,3,0
395986,396009,396014,5,23
396012,396012,396016,4,0
396012,396012,396015,3,0
396012,396012,396016,4,0
396012,396013,396017,4,1
395986,396006,396020,14,20
396012,396015,396022,7,3
396012,396012,396022,10,0
396012,396015,396022,7,3
396012,396016,396022,6,4
396012,396013,396022,9,1
395986,396008,396022,14,22
396012,396016,396023,7,4
395986,396006,396022,16,20
396012,396016,396023,7,4
396012,396017,396023,6,5
396012,396023,396026,3,11
396012,396013,396026,13,1
396012,396024,396026,2,12
396012,396012,396027,15,0
396012,396013,396027,14,1
396012,396022,396027,5,10
396012,396022,396027,5,10
396012,396022,396028,6,10
396012,396023,396027,4,11
396012,396012,396029,17,0
396012,396026,396029,3,14
396012,396028,396029,1,16
396012,396023,396029,6,11
396012,396028,396030,2,16
396012,396028,396030,2,16
396012,396027,396030,3,15
396012,396027,396030,3,15
396012,396012,396031,19,0
396012,396028,396031,3,16
396012,396027,396031,4,15
396012,396030,396031,1,18
396012,396030,396032,2,18
396012,396030,396032,2,18
396012,396023,396033,10,11
396012,396031,396033,2,19
396012,396032,396033,1,20
396012,396013,396034,21,1
396012,396031,396034,3,19
396012,396032,396034,2,20
396012,396022,396034,12,10
396012,396029,396034,5,17
396012,396030,396034,4,18
396012,396031,396035,4,19
396012,396012,396035,23,0
396012,396031,396035,4,19
396012,396015,396036,21,3
396012,396033,396035,2,21
396012,396034,396036,2,22
396012,396034,396036,2,22
396012,396034,396036,2,22
396012,396013,396035,22,1
396012,396027,396034,7,15
396012,396012,396036,24,0
396012,396033,396037,4,21
396012,396012,396037,25,0
396012,396034,396037,3,22
396012,396021,396026,5,9
396012,396023,396026,3,11
396012,396034,396038,4,22
396012,396015,396039,24,3
396012,396012,396039,27,0
396012,396034,396039,5,22
396012,396031,396040,9,19
396012,396034,396039,5,22
396012,396031,396041,10,19
396012,396013,396042,29,1
395089,395117,396048,931,28
396061,396061,396063,2,0
396061,396061,396064,3,0
396061,396061,396063,2,0
396061,396061,396064,3,0
396061,396061,396064,3,0
396061,396061,396065,4,0
396061,396061,396065,4,0
396061,396061,396068,7,0
396061,396061,396071,10,0
396061,396064,396070,6,3
396061,396066,396071,5,5
396061,396061,396070,9,0
396061,396061,396072,11,0
396061,396066,396071,5,5
396061,396064,396072,8,3
396061,396064,396072,8,3
396061,396065,396072,7,4
396061,396065,396072,7,4
396061,396061,396073,12,0
396061,396061,396074,13,0
396061,396069,396075,6,8
396061,396071,396074,3,10
396061,396073,396075,2,12
396061,396072,396075,3,11
396061,396072,396075,3,11
396061,396061,396075,14,0
396061,396072,396076,4,11
396061,396071,396076,5,10
396061,396071,396076,5,10
396061,396073,396075,2,12
396061,396072,396077,5,11
396061,396061,396076,15,0
396061,396075,396077,2,14
396061,396075,396077,2,14
396061,396075,396077,2,14
396061,396061,396078,17,0
396061,396061,396077,16,0
396061,396061,396077,16,0
396061,396061,396077,16,0
396061,396075,396077,2,14
396061,396076,396078,2,15
396061,396074,396079,5,13
396061,396075,396079,4,14
396061,396075,396078,3,14
396061,396061,396078,17,0
396061,396076,396079,3,15
396061,396077,396079,2,16
396061,396077,396079,2,16
396061,396076,396079,3,15
396061,396077,396079,2,16
396061,396061,396079,18,0
396061,396061,396071,10,0
396061,396078,396081,3,17
396061,396077,396081,4,16
396061,396061,396081,20,0
396061,396071,396082,11,10
396061,396061,396082,21,0
396061,396078,396082,4,17
396061,396079,396081,2,18
396061,396079,396083,4,18
396061,396079,396083,4,18
396061,396079,396083,4,18
396061,396077,396085,8,16
396061,396061,396074,13,0
396061,396076,396085,9,15
395087,395116,396088,972,29
396061,396078,396090,12,17
396061,396079,396090,11,18
396061,396078,396092,14,17
396090,396090,396093,3,0
396090,396090,396094,4,0
396090,396090,396093,3,0
396090,396090,396093,3,0
396090,396090,396093,3,0
396090,396090,396094,4,0
396090,396090,396095,5,0
396090,396090,396095,5,0
396090,396090,396096,6,0
396090,396090,396098,8,0
396090,396094,396098,4,4
396090,396090,396098,8,0
396090,396090,396099,9,0
396090,396094,396100,6,4
396090,396094,396100,6,4
396061,396097,396101,4,36
396090,396090,396100,10,0
396090,396090,396100,10,0
396090,396094,396102,8,4
396090,396098,396101,3,8
396090,396094,396101,7,4
396090,396095,396101,6,5
396090,396096,396102,6,6
396090,396090,396103,13,0
396090,396101,396104,3,11
396090,396101,396104,3,11
396090,396102,396104,2,12
396090,396102,396105,3,12
396090,396102,396105,3,12
396090,396102,396104,2,12
396090,396102,396104,2,12
396090,396103,396105,2,13
396090,396104,396106,2,14
396090,396104,396106,2,14
396090,396090,396106,16,0
396090,396105,396107,2,15
396090,396104,396106,2,14
396090,396098,396107,9,8
396090,396100,396108,8,10
396090,396104,396108,4,14
396090,396105,396108,3,15
396090,396106,396108,2,16
396090,396105,396108,3,15
396090,396106,396108,2,16
396090,396090,396108,18,0
396090,396106,396109,3,16
396090,396090,396108,18,0
396090,396099,396108,9,9
396090,396107,396109,2,17
396090,396096,396109,13,6
396061,396078,396109,31,17
396090,396096,396109,13,6
396090,396108,396110,2,18
396090,396101,396110,9,11
396090,396107,396110,3,17
396090,396108,396110,2,18
396090,396102,396107,5,12
396090,396105,396107,2,15
396090,396108,396111,3,18
396090,396109,396112,3,19
396090,396108,396111,3,18
396090,396108,396113,5,18
396090,396108,396113,5,18
396090,396090,396115,25,0
396090,396093,396117,24,3
396090,396109,396117,8,19
396090,396107,396117,10,17
396090,396091,396118,27,1
396090,396091,396124,33,1
396090,396090,396125,35,0
396090,396108,396139,31,18
396090,396109,396139,30,19
395183,395207,396158,951,24
396158,396159,396161,2,1
396158,396159,396162,3,1
396158,396159,396162,3,1
396158,396159,396162,3,1
396158,396159,396162,3,1
396158,396159,396162,3,1
396158,396159,396162,3,1
396158,396159,396163,4,1
396158,396163,396165,2,5
396158,396163,396166,3,5
396158,396163,396166,3,5
396158,396163,396166,3,5
396158,396164,396167,3,6
396158,396162,396168,6,4
396158,396162,396168,6,4
396158,396159,396169,10,1
396158,396166,396169,3,8
396158,396167,396169,2,9
396158,396167,396170,3,9
396158,396167,396170,3,9
396158,396163,396170,7,5
396158,396159,396171,12,1
396158,396168,396171,3,10
396158,396169,396171,2,11
396158,396169,396171,2,11
396158,396170,396172,2,12
396158,396170,396172,2,12
396158,396170,396172,2,12
396158,396170,396172,2,12
396158,396171,396173,2,13
396158,396172,396174,2,14
396158,396170,396174,4,12
395173,395189,396174,985,16
396158,396173,396175,2,15
396158,396173,396175,2,15
396158,396172,396174,2,14
396158,396172,396174,2,14
396158,396172,396175,3,14
396158,396173,396175,2,15
396158,396173,396176,3,15
396158,396159,396176,17,1
396158,396159,396176,17,1
396158,396174,396176,2,16
396158,396175,396177,2,17
396158,396175,396177,2,17
396158,396174,396177,3,16
396158,396159,396177,18,1
396158,396175,396178,3,17
396158,396175,396178,3,17
396158,396175,396177,2,17
396158,396159,396179,20,1
396158,396159,396178,19,1
396158,396177,396179,2,19
396158,396176,396178,2,18
396158,396176,396179,3,18
396158,396176,396179,3,18
396158,396159,396179,20,1
396158,396175,396179,4,17
396158,396177,396179,2,19
396158,396177,396179,2,19
396158,396177,396180,3,19
396158,396159,396181,22,1
396158,396177,396181,4,19
396176,396178,396181,3,2
396158,396159,396181,22,1
396158,396159,396181,22,1
396176,396178,396181,3,2
396176,396178,396182,4,2
396176,396179,396182,3,3
396176,396179,396184,5,3
396176,396179,396184,5,3
396158,396159,396175,16,1
396158,396159,396178,19,1
396176,396180,396186,6,4
396158,396159,396187,28,1
396176,396180,396186,6,4
396176,396179,396186,7,3
396176,396182,396187,5,6
396176,396182,396187,5,6
396176,396181,396187,6,5
396158,396159,396188,29,1
396176,396182,396188,6,6
396176,396187,396191,4,11
396176,396187,396191,4,11
396176,396184,396191,7,8
396176,396185,396191,6,9
396176,396180,396191,11,4
396176,396187,396192,5,11
396176,396189,396193,4,13
396176,396186,396192,6,10
396176,396188,396193,5,12
396176,396180,396193,13,4
396176,396181,396194,13,5
396176,396191,396193,2,15
396176,396191,396194,3,15
396176,396192,396194,2,16
396176,396182,396194,12,6
396176,396187,396195,8,11
396176,396191,396195,4,15
396176,396193,396195,2,17
396176,396193,396195,2,17
396176,396181,396195,14,5
396176,396192,396196,4,16
396176,396193,396196,3,17
396176,396193,396196,3,17
396176,396194,396196,2,18
396176,396195,396197,2,19
396176,396195,396197,2,19
396176,396195,396197,2,19
396176,396195,396197,2,19
396176,396194,396197,3,18
396176,396194,396197,3,18
396176,396195,396198,3,19
396176,396197,396198,1,21
396176,396189,396198,9,13
396176,396196,396198,2,20
396176,396195,396199,4,19
396176,396196,396199,3,20
396176,396198,396200,2,22
396176,396198,396200,2,22
396176,396196,396200,4,20
396176,396196,396199,3,20
396176,396199,396200,1,23
396176,396180,396200,20,4
396176,396182,396200,18,6
396176,396198,396201,3,22
396176,396199,396202,3,23
396176,396198,396202,4,22
396176,396198,396202,4,22
396158,396189,396202,13,31
396176,396195,396203,8,19
396176,396186,396203,17,10
396176,396186,396205,19,10
396176,396198,396205,7,22
396176,396179,396206,27,3
396158,396189,396207,18,31
396176,396178,396207,29,2
396176,396198,396207,9,22
396176,396199,396207,8,23
396176,396187,396209,22,11
396176,396181,396215,34,5
394712,394725,396219,1494,13
396224,396224,396227,3,0
396224,396224,396228,4,0
396224,396224,396228,4,0
396224,396224,396229,5,0
396224,396224,396230,6,0
396224,396225,396230,5,1
396224,396224,396231,7,0
396224,396224,396230,6,0
396224,396224,396232,8,0
396224,396224,396232,8,0
396224,396224,396232,8,0
396224,396224,396232,8,0
396224,396227,396233,6,3
396224,396224,396233,9,0
396224,396225,396233,8,1
396224,396224,396234,10,0
396224,396224,396235,11,0
396224,396228,396235,7,4
396224,396229,396235,6,5
396224,396233,396235,2,9
396224,396224,396235,11,0
396224,396231,396235,4,7
396224,396224,396236,12,0
396224,396224,396237,13,0
396224,396224,396237,13,0
396224,396235,396237,2,11
396224,396236,396237,1,12
396224,396236,396237,1,12
396224,396230,396238,8,6
396224,396231,396238,7,7
396224,396229,396238,9,5
396224,396233,396238,5,9
396224,396236,396239,3,12
396224,396238,396239,1,14
396224,396238,396239,1,14
396224,396238,396240,2,14
396224,396234,396240,6,10
396224,396238,396241,3,14
396224,396224,396241,17,0
396224,396237,396241,4,13
396224,396240,396242,2,16
396224,396240,396242,2,16
396224,396240,396241,1,16
396224,396232,396241,9,8
396224,396224,396242,18,0
396224,396239,396242,3,15
396224,396240,396242,2,16
396224,396238,396243,5,14
396224,396224,396243,19,0
396224,396242,396244,2,18
396224,396242,396244,2,18
396224,396242,396244,2,18
396224,396239,396243,4,15
396224,396241,396244,3,17
396224,396236,396244,8,12
396224,396235,396244,9,11
396224,396241,396245,4,17
396224,396232,396245,13,8
396224,396242,396246,4,18
396224,396236,396246,10,12
396224,396237,396248,11,13
396224,396241,396251,10,17
396224,396232,396254,22,8
396224,396235,396255,20,11
396224,396224,396256,32,0
396224,396242,396258,16,18
396224,396230,396242,12,6
396224,396261,396265,4,37
396224,396224,396257,33,0
396224,396233,396276,43,9
395327,395341,396334,993,14
396335,396336,396338,2,1
396335,396336,396338,2,1
396335,396336,396339,3,1
396335,396336,396339,3,1
396335,396336,396339,3,1
396335,396336,396339,3,1
396335,396336,396342,6,1
396335,396340,396342,2,5
396335,396340,396342,2,5
396335,396340,396343,3,5
396335,396340,396343,3,5
396335,396339,396346,7,4
396335,396343,396345,2,8
396335,396335,396346,11,0
396335,396335,396346,11,0
396335,396336,396346,10,1
396335,396343,396346,3,8
396335,396344,396346,2,9
396335,396339,396347,8,4
396335,396344,396347,3,9
396335,396343,396347,4,8
396335,396346,396348,2,11
396335,396346,396348,2,11
396335,396347,396349,2,12
396335,396335,396349,14,0
396335,396336,396349,13,1
396335,396347,396349,2,12
396335,396347,396349,2,12
396335,396347,396349,2,12
396335,396348,396350,2,13
396335,396336,396350,14,1
396335,396348,396350,2,13
396335,396336,396351,15,1
396335,396336,396351,15,1
396335,396336,396351,15,1
396335,396347,396351,4,12
396335,396348,396351,3,13
396335,396350,396352,2,15
396335,396349,396351,2,14
396335,396349,396351,2,14
396335,396350,396352,2,15
396335,396347,396353,6,12
396335,396336,396352,16,1
396335,396350,396352,2,15
396335,396351,396353,2,16
396335,396350,396353,3,15
396335,396352,396354,2,17
396335,396352,396354,2,17
396335,396350,396354,4,15
396335,396336,396354,18,1
396335,396336,396354,18,1
396335,396336,396354,18,1
396335,396350,396354,4,15
396335,396352,396354,2,17
396335,396352,396354,2,17
396335,396352,396355,3,17
396335,396336,396355,19,1
396335,396353,396355,2,18
396335,396352,396356,4,17
396335,396354,396356,2,19
396335,396352,396356,4,17
396335,396353,396357,4,18
396335,396352,396358,6,17
396335,396352,396359,7,17
396335,396336,396359,23,1
396335,396353,396360,7,18
396335,396336,396349,13,1
396335,396336,396350,14,1
396335,396336,396361,25,1
394469,394482,396361,1879,13
396335,396351,396362,11,16
396383,396383,396386,3,0
396383,396383,396386,3,0
396383,396383,396386,3,0
396383,396383,396386,3,0
396383,396383,396387,4,0
396383,396383,396387,4,0
396383,396383,396387,4,0
396383,396383,396388,5,0
396383,396383,396390,7,0
396383,396383,396389,6,0
396383,396383,396389,6,0
396383,396387,396389,2,4
396383,396383,396389,6,0
396383,396383,396391,8,0
396383,396387,396391,4,4
396383,396383,396391,8,0
396383,396383,396390,7,0
396383,396383,396390,7,0
396383,396390,396392,2,7
396383,396383,396394,11,0
396383,396388,396393,5,5
396383,396383,396393,10,0
396383,396387,396393,6,4
396383,396390,396394,4,7
396383,396388,396394,6,5
396383,396383,396395,12,0
396383,396383,396394,11,0
396383,396390,396394,4,7
396383,396393,396394,1,10
396383,396387,396395,8,4
396383,396390,396395,5,7
396383,396394,396396,2,11
396383,396383,396396,13,0
396383,396392,396396,4,9
396383,396395,396397,2,12
396383,396394,396397,3,11
396383,396388,396397,9,5
396383,396394,396397,3,11
396383,396395,396397,2,12
396383,396396,396398,2,13
396383,396395,396399,4,12
396383,396383,396399,16,0
396383,396394,396398,4,11
396383,396397,396399,2,14
396383,396395,396399,4,12
396383,396389,396399,10,6
396383,396398,396400,2,15
396383,396398,396400,2,15
396383,396392,396400,8,9
396383,396398,396400,2,15
396383,396396,396400,4,13
396383,396396,396401,5,13
396383,396398,396400,2,15
396383,396399,396401,2,16
396383,396397,396401,4,14
396383,396399,396401,2,16
396383,396398,396402,4,15
396383,396399,396402,3,16
396383,396390,396398,8,7
396383,396400,396404,4,17
396383,396394,396406,12,11
396383,396383,396407,24,0
396383,396383,396407,24,0
396383,396399,396407,8,16
396383,396383,396408,25,0
396383,396397,396409,12,14
396383,396392,396412,20,9
396383,396394,396421,27,11
395453,395491,396423,932,38
396425,396425,396428,3,0
396425,396425,396428,3,0
396425,396425,396428,3,0
396425,396425,396428,3,0
396425,396425,396429,4,0
396425,396425,396429,4,0
396425,396425,396429,4,0
396425,396425,396431,6,0
396425,396429,396431,2,4
396425,396429,396431,2,4
396425,396429,396432,3,4
396425,396429,396432,3,4
396425,396429,396432,3,4
396425,396430,396433,3,5
396425,396432,396435,3,7
396425,396429,396434,5,4
396425,396432,396434,2,7
396425,396432,396435,3,7
396383,396392,396423,31,9
396425,396425,396436,11,0
396425,396433,396435,2,8
396425,396433,396435,2,8
396425,396434,396436,2,9
396425,396425,396437,12,0
396425,396433,396436,3,8
396425,396435,396437,2,10
396425,396435,396437,2,10
396425,396425,396437,12,0
396425,396425,396437,12,0
396425,396435,396437,2,10
396425,396425,396438,13,0
396425,396435,396439,4,10
396425,396436,396439,3,11
396425,396436,396438,2,11
396425,396436,396438,2,11
396425,396437,396439,2,12
396425,396425,396439,14,0
396425,396436,396439,3,11
396425,396437,396439,2,12
396425,396438,396440,2,13
396383,396395,396441,46,12
396425,396437,396439,2,12
396425,396437,396440,3,12
396425,396425,396441,16,0
396425,396439,396441,2,14
396425,396439,396441,2,14
396425,396439,396442,3,14
396425,396439,396441,2,14
396425,396440,396442,2,15
396425,396439,396443,4,14
396425,396439,396443,4,14
396425,396440,396442,2,15
396425,396425,396443,18,0
396425,396441,396443,2,16
396425,396440,396445,5,15
396425,396425,396445,20,0
396425,396440,396444,4,15
396425,396441,396445,4,16
396425,396442,396444,2,17
396425,396442,396445,3,17
396425,396442,396445,3,17
396425,396425,396446,21,0
396425,396425,396452,27,0
396425,396425,396453,28,0
396425,396438,396453,15,13
396425,396442,396454,12,17
396425,396425,396456,31,0
396425,396441,396461,20,16
396425,396435,396468,33,10
396425,396435,396470,35,10
396425,396435,396471,36,10
396425,396477,396481,4,52
395455,395512,396484,972,57
395457,395512,396489,977,55
396502,396502,396506,4,0
396502,396502,396505,3,0
396502,396502,396506,4,0
396502,396502,396506,4,0
396502,396502,396506,4,0
396502,396502,396506,4,0
396502,396502,396507,5,0
396502,396502,396506,4,0
396502,396502,396507,5,0
396502,396502,396508,6,0
396502,396502,396508,6,0
396502,396506,396508,2,4
396502,396506,396509,3,4
396502,396506,396509,3,4
396502,396502,396509,7,0
396502,396506,396509,3,4
396502,396507,396509,2,5
396502,396507,396510,3,5
396502,396507,396510,3,5
396502,396509,396511,2,7
396502,396509,396511,2,7
396502,396507,396510,3,5
396502,396508,396510,2,6
396502,396508,396511,3,6
396502,396510,396512,2,8
396502,396509,396511,2,7
396502,396508,396511,3,6
396502,396510,396512,2,8
396502,396511,396513,2,9
396502,396510,396512,2,8
396502,396510,396513,3,8
396502,396511,396513,2,9
396502,396511,396514,3,9
396502,396513,396515,2,11
396502,396512,396514,2,10
396502,396513,396515,2,11
396502,396512,396514,2,10
396502,396511,396515,4,9
396502,396513,396515,2,11
396502,396502,396515,13,0
396502,396502,396516,14,0
396502,396512,396515,3,10
396502,396514,396516,2,12
396502,396513,396516,3,11
396502,396513,396516,3,11
396502,396502,396516,14,0
396502,396511,396516,5,9
396502,396515,396517,2,13
396502,396515,396517,2,13
396502,396515,396517,2,13
396502,396502,396517,15,0
396502,396502,396517,15,0
396502,396516,396518,2,14
396502,396516,396519,3,14
396502,396502,396519,17,0
396502,396516,396518,2,14
396502,396515,396518,3,13
396502,396516,396518,2,14
396502,396517,396519,2,15
396502,396516,396519,3,14
396502,396502,396520,18,0
396502,396502,396520,18,0
396502,396516,396520,4,14
396502,396502,396519,17,0
396504,396517,396520,3,13
396502,396502,396520,18,0
396502,396516,396521,5,14
396502,396502,396521,19,0
396504,396517,396521,4,13
396504,396518,396521,3,14
396504,396518,396522,4,14
396502,396502,396523,21,0
396502,396502,396524,22,0
396504,396522,396524,2,18
396504,396519,396524,5,15
396504,396517,396524,7,13
396504,396519,396525,6,15
396504,396520,396525,5,16
396504,396520,396526,6,16
396504,396519,396526,7,15
396504,396520,396525,5,16
396504,396523,396526,3,19
396504,396518,396527,9,14
396504,396519,396527,8,15
396504,396525,396527,2,21
396504,396525,396528,3,21
396502,396502,396528,26,0
396504,396526,396528,2,22
396504,396526,396528,2,22
396504,396525,396529,4,21
396504,396520,396529,9,16
396504,396528,396529,1,24
396504,396527,396529,2,23
396504,396521,396530,9,17
396504,396525,396530,5,21
396504,396528,396530,2,24
396504,396529,396530,1,25
396504,396528,396530,2,24
396504,396518,396530,12,14
396504,396529,396531,2,25
396504,396527,396532,5,23
396504,396520,396532,12,16
396504,396529,396532,3,25
396504,396530,396532,2,26
396504,396530,396532,2,26
396504,396531,396533,2,27
396504,396531,396533,2,27
396504,396526,396533,7,22
396504,396524,396534,10,20
396504,396530,396534,4,26
396504,396533,396535,2,29
396504,396519,396535,16,15
396504,396531,396535,4,27
396504,396530,396535,5,26
396504,396532,396535,3,28
396504,396533,396535,2,29
396504,396534,396536,2,30
396504,396520,396536,16,16
396504,396532,396536,4,28
396504,396520,396537,17,16
396504,396530,396536,6,26
396504,396531,396536,5,27
396504,396532,396536,4,28
396504,396532,396537,5,28
396504,396534,396537,3,30
396504,396535,396537,2,31
396504,396526,396538,12,22
396504,396521,396539,18,17
396504,396534,396539,5,30
396504,396535,396539,4,31
396504,396535,396539,4,31
396504,396522,396541,19,18
396504,396534,396541,7,30
396504,396521,396544,23,17
396504,396528,396544,16,24
396504,396535,396544,9,31
396504,396523,396547,24,19
396504,396534,396548,14,30
396504,396535,396548,13,31
394933,394949,396553,1604,16
396504,396520,396556,36,16
396555,396555,396558,3,0
396555,396555,396558,3,0
396555,396555,396559,4,0
396555,396555,396559,4,0
396555,396555,396560,5,0
396555,396555,396560,5,0
396555,396555,396563,8,0
396555,396560,396565,5,5
396555,396560,396565,5,5
396555,396555,396565,10,0
396555,396558,396566,8,3
396555,396559,396566,7,4
396555,396559,396565,6,4
396555,396555,396566,11,0
396555,396555,396567,12,0
396555,396555,396566,11,0
396555,396555,396567,12,0
396555,396555,396567,12,0
396555,396558,396568,10,3
396555,396555,396568,13,0
396555,396565,396569,4,10
396555,396566,396569,3,11
396555,396566,396569,3,11
396555,396555,396569,14,0
396555,396564,396570,6,9
396555,396566,396569,3,11
396555,396568,396570,2,13
396555,396566,396571,5,11
396555,396555,396572,17,0
396555,396567,396571,4,12
396555,396555,396571,16,0
396555,396570,396572,2,15
396555,396570,396572,2,15
396555,396570,396574,4,15
396555,396571,396575,4,16
396555,396573,396575,2,18
396555,396570,396575,5,15
396555,396570,396575,5,15
396555,396570,396575,5,15
396555,396555,396575,20,0
396555,396555,396576,21,0
396555,396570,396575,5,15
396555,396572,396576,4,17
396555,396573,396575,2,18
396555,396555,396576,21,0
396555,396572,396577,5,17
396555,396555,396577,22,0
396555,396568,396577,9,13
396555,396575,396577,2,20
396555,396572,396577,5,17
396555,396566,396578,12,11
396555,396576,396578,2,21
396555,396576,396578,2,21
396555,396576,396578,2,21
396555,396575,396578,3,20
396555,396575,396579,4,20
396555,396576,396578,2,21
396555,396567,396579,12,12
396555,396576,396580,4,21
396555,396576,396580,4,21
396555,396555,396583,28,0
396555,396578,396584,6,23
396555,396577,396584,7,22
396555,396576,396585,9,21
396555,396555,396585,30,0
396555,396555,396571,16,0
396555,396567,396574,7,12
396555,396568,396574,6,13
396555,396556,396587,31,1
396555,396569,396595,26,14
395799,395816,396784,968,17
396786,396786,396789,3,0
396786,396786,396790,4,0
396786,396786,396789,3,0
396786,396786,396790,4,0
396786,396786,396790,4,0
396786,396786,396791,5,0
396786,396786,396791,5,0
396786,396786,396792,6,0
396786,396790,396792,2,4
396786,396790,396792,2,4
396786,396786,396792,6,0
396786,396786,396792,6,0
396786,396790,396793,3,4
396786,396791,396793,2,5
396786,396786,396793,7,0
396786,396791,396794,3,5
396786,396791,396794,3,5
396786,396792,396794,2,6
396786,396792,396794,2,6
396786,396786,396790,4,0
396786,396786,396790,4,0
396786,396789,396792,3,3
396786,396793,396795,2,7
396786,396793,396795,2,7
396786,396786,396796,10,0
396786,396792,396796,4,6
396786,396794,396796,2,8
396786,396794,396796,2,8
396786,396793,396797,4,7
396786,396793,396796,3,7
396786,396794,396797,3,8
396786,396794,396797,3,8
396786,396796,396797,1,10
396786,396795,396798,3,9
396786,396797,396798,1,11
396786,396797,396798,1,11
396786,396786,396798,12,0
396786,396796,396799,3,10
396786,396797,396800,3,11
396786,396797,396800,3,11
396786,396798,396800,2,12
396786,396799,396801,2,13
396786,396794,396801,7,8
396786,396786,396800,14,0
396786,396797,396801,4,11
396786,396797,396801,4,11
396786,396798,396801,3,12
396786,396799,396801,2,13
396786,396786,396801,15,0
396786,396786,396802,16,0
396786,396799,396801,2,13
396786,396801,396803,2,15
396786,396799,396803,4,13
396786,396801,396803,2,15
396786,396801,396803,2,15
396786,396801,396803,2,15
396786,396801,396805,4,15
396786,396801,396805,4,15
396786,396796,396806,10,10
396786,396786,396808,22,0
396786,396786,396808,22,0
396786,396786,396809,23,0
396786,396801,396811,10,15
396786,396786,396814,28,0
396786,396786,396815,29,0
396786,396795,396807,12,9
396786,396786,396821,35,0
396786,396795,396821,26,9
396786,396786,396830,44,0
396786,396795,396827,32,9
395917,395940,396895,955,23
396896,396896,396899,3,0
396896,396896,396900,4,0
396896,396896,396900,4,0
396896,396896,396899,3,0
396896,396896,396900,4,0
396896,396896,396901,5,0
396896,396896,396900,4,0
396896,396896,396900,4,0
396896,396896,396901,5,0
396896,396896,396901,5,0
396896,396896,396901,5,0
396896,396900,396902,2,4
396896,396900,396902,2,4
396896,396900,396902,2,4
396896,396900,396902,2,4
396896,396900,396902,2,4
396896,396896,396903,7,0
396896,396901,396904,3,5
396896,396902,396904,2,6
396896,396902,396904,2,6
396896,396901,396904,3,5
396896,396901,396903,2,5
396896,396902,396904,2,6
396896,396896,396901,5,0
396896,396902,396905,3,6
396896,396902,396904,2,6
396896,396902,396904,2,6
396896,396902,396906,4,6
396896,396902,396906,4,6
396896,396904,396906,2,8
396896,396896,396906,10,0
396896,396904,396907,3,8
396896,396904,396906,2,8
396896,396896,396907,11,0
396896,396904,396907,3,8
396896,396904,396906,2,8
396896,396904,396906,2,8
396896,396905,396907,2,9
396896,396896,396907,11,0
396896,396906,396908,2,10
396896,396905,396908,3,9
396896,396905,396908,3,9
396896,396905,396907,2,9
396896,396907,396909,2,11
396896,396907,396909,2,11
396896,396908,396910,2,12
396896,396906,396910,4,10
396896,396907,396910,3,11
396896,396907,396909,2,11
396896,396907,396910,3,11
396896,396907,396910,3,11
396896,396907,396910,3,11
396896,396908,396910,2,12
396896,396904,396910,6,8
396896,396906,396910,4,10
396896,396906,396910,4,10
396896,396908,396911,3,12
396896,396896,396912,16,0
396896,396896,396912,16,0
396896,396908,396913,5,12
396896,396896,396913,17,0
396896,396910,396913,3,14
396896,396910,396913,3,14
396896,396896,396918,22,0
396896,396896,396919,23,0
396896,396908,396916,8,12
396896,396896,396920,24,0
396896,396896,396921,25,0
396896,396896,396923,27,0
395408,395423,396924,1501,15
396925,396925,396928,3,0
396925,396925,396928,3,0
396925,396925,396929,4,0
396925,396925,396928,3,0
396925,396925,396929,4,0
396925,396925,396929,4,0
396925,396925,396929,4,0
396925,396925,396929,4,0
396925,396929,396932,3,4
396925,396929,396932,3,4
396925,396929,396932,3,4
396925,396929,396932,3,4
396925,396929,396933,4,4
396925,396930,396934,4,5
396925,396928,396934,6,3
396925,396932,396935,3,7
396925,396932,396934,2,7
396925,396933,396936,3,8
396925,396925,396934,9,0
396925,396932,396936,4,7
396925,396932,396935,3,7
396925,396928,396936,8,3
396925,396935,396937,2,10
396925,396934,396936,2,9
396925,396925,396937,12,0
396925,396934,396937,3,9
396925,396935,396938,3,10
396925,396936,396938,2,11
396925,396936,396938,2,11
396925,396936,396939,3,11
396925,396936,396939,3,11
396925,396938,396939,1,13
396925,396938,396939,1,13
396925,396925,396940,15,0
396925,396925,396939,14,0
396925,396939,396941,2,14
396925,396939,396941,2,14
396925,396925,396940,15,0
396925,396925,396941,16,0
396925,396925,396940,15,0
396925,396938,396941,3,13
396925,396939,396941,2,14
396925,396940,396942,2,15
396925,396939,396942,3,14
396925,396940,396942,2,15
396925,396940,396942,2,15
396925,396941,396943,2,16
396896,396896,396942,46,0
396925,396925,396943,18,0
396925,396925,396943,18,0
396925,396941,396943,2,16
396925,396940,396944,4,15
396925,396941,396944,3,16
396925,396925,396945,20,0
396925,396925,396945,20,0
396925,396942,396945,3,17
396925,396942,396945,3,17
396925,396943,396945,2,18
396925,396943,396945,2,18
396925,396941,396945,4,16
396925,396941,396945,4,16
396925,396938,396946,8,13
396925,396940,396946,6,15
396925,396941,396948,7,16
396925,396925,396950,25,0
396925,396925,396957,32,0
396925,396925,396937,12,0
396925,396925,396941,16,0
396925,396936,396939,3,11
396925,396925,396958,33,0
396925,396942,396957,15,17
395417,395440,397000,1560,23
397001,397001,397004,3,0
397001,397001,397006,5,0
397001,397001,397006,5,0
397001,397001,397006,5,0
397001,397001,397006,5,0
397001,397001,397006,5,0
397001,397001,397007,6,0
397001,397004,397008,4,3
397001,397006,397009,3,5
397001,397006,397009,3,5
397001,397006,397009,3,5
397001,397006,397010,4,5
397001,397006,397011,5,5
397001,397007,397011,4,6
397001,397009,397011,2,8
397001,397009,397012,3,8
397001,397009,397012,3,8
397001,397009,397012,3,8
397001,397011,397013,2,10
397001,397012,397014,2,11
397001,397001,397014,13,0
397001,397013,397014,1,12
397001,397013,397014,1,12
397001,397012,397014,2,11
397001,397011,397015,4,10
397001,397014,397015,1,13
397001,397001,397016,15,0
397001,397001,397016,15,0
397001,397012,397016,4,11
397001,397015,397016,1,14
397001,397014,397016,2,13
397001,397001,397017,16,0
397001,397001,397017,16,0
397001,397015,397017,2,14
397001,397015,397017,2,14
397001,397016,397018,2,15
397001,397001,397018,17,0
397001,397014,397018,4,13
397001,397016,397018,2,15
397001,397017,397018,1,16
397001,397001,397019,18,0
397001,397001,397019,18,0
397001,397017,397019,2,16
397001,397017,397019,2,16
397001,397018,397020,2,17
397001,397019,397021,2,18
397001,397018,397020,2,17
397001,397018,397020,2,17
397001,397017,397021,4,16
397001,397016,397021,5,15
397001,397001,397022,21,0
397001,397001,397022,21,0
397001,397020,397022,2,19
397001,397019,397022,3,18
397001,397020,397023,3,19
397001,397001,397023,22,0
397001,397001,397023,22,0
397001,397019,397023,4,18
397001,397021,397023,2,20
397001,397019,397024,5,18
397001,397016,397024,8,15
397001,397017,397024,7,16
397001,397001,397025,24,0
397001,397018,397026,8,17
397001,397019,397026,7,18
397001,397001,397027,26,0
397001,397001,397027,26,0
396062,396079,397032,953,17
397001,397001,397024,23,0
397001,397001,397031,30,0
397033,397033,397036,3,0
397033,397033,397037,4,0
397033,397033,397037,4,0
397033,397033,397037,4,0
397033,397033,397037,4,0
397033,397033,397037,4,0
397033,397033,397038,5,0
397033,397033,397037,4,0
397033,397033,397038,5,0
397033,397033,397038,5,0
397033,397033,397039,6,0
397033,397033,397038,5,0
397033,397037,397039,2,4
397033,397037,397040,3,4
397033,397037,397039,2,4
397033,397038,397040,2,5
397033,397037,397040,3,4
397033,397035,397040,5,2
397033,397035,397040,5,2
397033,397038,397041,3,5
397033,397037,397041,4,4
397033,397033,397041,8,0
397033,397037,397041,4,4
397033,397039,397041,2,6
397033,397039,397042,3,6
397033,397039,397041,2,6
397033,397033,397043,10,0
397033,397040,397043,3,7
397033,397040,397043,3,7
397033,397040,397043,3,7
397033,397041,397044,3,8
397033,397041,397044,3,8
397033,397039,397043,4,6
397033,397043,397045,2,10
397033,397033,397044,11,0
397033,397033,397045,12,0
397033,397042,397045,3,9
397033,397038,397044,6,5
397033,397043,397045,2,10
397033,397041,397046,5,8
397033,397041,397046,5,8
397033,397044,397046,2,11
397033,397044,397046,2,11
397033,397044,397046,2,11
397033,397040,397047,7,7
397033,397044,397047,3,11
397033,397041,397047,6,8
397033,397045,397047,2,12
397033,397044,397046,2,11
397033,397045,397048,3,12
397033,397046,397049,3,13
397001,397001,397048,47,0
397033,397044,397049,5,11
397033,397047,397049,2,14
397033,397047,397049,2,14
397033,397047,397049,2,14
397033,397033,397050,17,0
397033,397047,397050,3,14
397033,397045,397050,5,12
397033,397033,397050,17,0
397033,397046,397050,4,13
397033,397046,397051,5,13
397033,397047,397052,5,14
397033,397041,397053,12,8
397033,397043,397054,11,10
397033,397033,397056,23,0
397033,397045,397056,11,12
397033,397033,397062,29,0
397033,397033,397063,30,0
397033,397033,397065,32,0
397033,397045,397070,25,12
396159,396177,397126,949,18
397127,397127,397131,4,0
397127,397127,397131,4,0
397127,397127,397131,4,0
397127,397127,397131,4,0
397127,397127,397132,5,0
397127,397127,397131,4,0
397127,397127,397132,5,0
397127,397127,397132,5,0
397127,397127,397132,5,0
397127,397127,397133,6,0
397127,397127,397133,6,0
397127,397127,397133,6,0
397127,397127,397133,6,0
397127,397127,397133,6,0
397127,397127,397134,7,0
397127,397131,397133,2,4
397127,397132,397135,3,5
397127,397127,397135,8,0
397127,397131,397135,4,4
397127,397131,397135,4,4
397127,397132,397135,3,5
397127,397127,397136,9,0
397127,397133,397135,2,6
397127,397133,397136,3,6
397127,397127,397136,9,0
397127,397131,397136,5,4
397127,397132,397136,4,5
397127,397133,397136,3,6
397127,397132,397137,5,5
397127,397135,397137,2,8
397127,397135,397137,2,8
397127,397135,397138,3,8
397127,397135,397138,3,8
397127,397136,397138,2,9
395650,395666,397139,1473,16
397127,397136,397139,3,9
397127,397136,397138,2,9
397127,397137,397139,2,10
397127,397127,397138,11,0
397127,397133,397140,7,6
397127,397135,397140,5,8
397127,397137,397140,3,10
397127,397137,397140,3,10
397127,397135,397140,5,8
397127,397138,397140,2,11
397127,397138,397141,3,11
397127,397137,397141,4,10
397127,397139,397141,2,12
397127,397139,397141,2,12
397127,397140,397142,2,13
397127,397140,397142,2,13
397127,397140,397142,2,13
397127,397136,397142,6,9
397127,397132,397142,10,5
397127,397137,397142,5,10
397127,397141,397143,2,14
397127,397141,397143,2,14
397127,397140,397143,3,13
397127,397141,397145,4,14
397127,397127,397145,18,0
397127,397141,397145,4,14
397127,397141,397145,4,14
397140,397142,397145,3,2
397140,397143,397147,4,3
397140,397142,397146,4,2
397127,397127,397147,20,0
397127,397140,397147,7,13
397127,397139,397147,8,12
397127,397136,397147,11,9
397140,397142,397147,5,2
397140,397143,397147,4,3
397140,397143,397148,5,3
397140,397143,397148,5,3
397127,397127,397148,21,0
397140,397143,397148,5,3
397127,397127,397149,22,0
397127,397133,397149,16,6
397140,397146,397150,4,6
397140,397148,397151,3,8
397140,397149,397151,2,9
397140,397144,397152,8,4
397140,397144,397151,7,4
397140,397144,397152,8,4
397140,397151,397153,2,11
397140,397148,397153,5,8
397140,397151,397154,3,11
397140,397147,397155,8,7
397140,397152,397154,2,12
397140,397147,397154,7,7
397140,397152,397154,2,12
397140,397153,397155,2,13
397140,397153,397155,2,13
397140,397148,397156,8,8
397140,397154,397157,3,14
397140,397154,397158,4,14
397140,397155,397157,2,15
397140,397155,397157,2,15
397140,397155,397157,2,15
397140,397152,397158,6,12
397140,397155,397158,3,15
397140,397147,397158,11,7
397140,397143,397158,15,3
397140,397146,397158,12,6
397140,397156,397158,2,16
397140,397148,397159,11,8
397140,397156,397159,3,16
397127,397127,397159,32,0
397140,397157,397160,3,17
397140,397157,397161,4,17
397140,397146,397160,14,6
397140,397158,397160,2,18
397140,397158,397160,2,18
397140,397158,397160,2,18
397140,397158,397160,2,18
397140,397158,397161,3,18
397140,397159,397162,3,19
397140,397159,397161,2,19
397140,397158,397162,4,18
397140,397160,397163,3,20
397140,397159,397164,5,19
397140,397159,397163,4,19
397140,397145,397163,18,5
397140,397161,397163,2,21
397140,397161,397163,2,21
397140,397161,397163,2,21
397140,397161,397164,3,21
397140,397159,397164,5,19
397140,397162,397165,3,22
397140,397161,397165,4,21
397140,397147,397167,20,7
397140,397160,397167,7,20
397140,397145,397168,23,5
397140,397149,397170,21,9
397127,397127,397170,43,0
397140,397161,397171,10,21
397140,397150,397171,21,10
397140,397161,397171,10,21
397140,397148,397172,24,8
397140,397159,397173,14,19
397140,397150,397178,28,10
397140,397148,397178,30,8
396225,396243,397225,982,18
397227,397227,397231,4,0
397227,397227,397231,4,0
397227,397227,397231,4,0
397227,397227,397231,4,0
397227,397227,397230,3,0
397227,397227,397232,5,0
397227,397227,397231,4,0
397227,397227,397233,6,0
397227,397227,397233,6,0
397227,397227,397233,6,0
397227,397227,397233,6,0
397227,397227,397233,6,0
397227,397227,397233,6,0
397227,397231,397235,4,4
397227,397231,397235,4,4
397227,397231,397235,4,4
397227,397232,397235,3,5
397227,397233,397236,3,6
397227,397233,397236,3,6
397227,397227,397236,9,0
397227,397227,397236,9,0
397227,397233,397236,3,6
397227,397231,397236,5,4
397227,397233,397236,3,6
397227,397233,397236,3,6
397227,397227,397237,10,0
397227,397234,397237,3,7
397227,397232,397237,5,5
397227,397235,397238,3,8
397227,397231,397239,8,4
397227,397235,397239,4,8
397227,397236,397239,3,9
397227,397236,397239,3,9
397227,397237,397239,2,10
397227,397237,397239,2,10
397227,397227,397235,8,0
397227,397227,397235,8,0
397227,397227,397240,13,0
397227,397235,397240,5,8
397227,397235,397240,5,8
397227,397236,397240,4,9
397227,397238,397240,2,11
397227,397236,397241,5,9
397227,397239,397241,2,12
397227,397240,397242,2,13
397227,397240,397242,2,13
397227,397238,397242,4,11
397227,397240,397242,2,13
397227,397240,397243,3,13
397227,397227,397243,16,0
397227,397242,397244,2,15
397227,397239,397244,5,12
397227,397227,397244,17,0
397227,397239,397244,5,12
397227,397241,397244,3,14
397227,397240,397245,5,13
397227,397241,397245,4,14
397227,397243,397245,2,16
397227,397241,397245,4,14
397227,397236,397246,10,9
397227,397241,397246,5,14
397227,397237,397247,10,10
397227,397242,397247,5,15
397227,397227,397249,22,0
397227,397227,397251,24,0
397227,397240,397252,12,13
397227,397240,397253,13,13
397227,397227,397255,28,0
397227,397227,397259,32,0
397227,397236,397260,24,9
395550,395568,397278,1710,18
397279,397279,397283,4,0
397279,397279,397284,5,0
397279,397279,397284,5,0
397279,397279,397285,6,0
397279,397279,397285,6,0
397279,397281,397286,5,2
397279,397283,397286,3,4
397279,397285,397287,2,6
397279,397279,397288,9,0
397279,397284,397288,4,5
397279,397286,397288,2,7
397279,397286,397289,3,7
397279,397287,397289,2,8
397279,397288,397290,2,9
397279,397279,397290,11,0
397279,397286,397290,4,7
397279,397289,397290,1,10
397279,397279,397291,12,0
397279,397289,397291,2,10
397279,397289,397291,2,10
397279,397290,397292,2,11
397279,397279,397292,13,0
397279,397279,397292,13,0
397279,397290,397292,2,11
397279,397291,397293,2,12
397279,397279,397294,15,0
397279,397290,397294,4,11
397279,397291,397294,3,12
397279,397292,397294,2,13
397279,397292,397294,2,13
397279,397292,397294,2,13
397279,397293,397295,2,14
397279,397279,397296,17,0
397279,397279,397296,17,0
397279,397279,397296,17,0
397279,397291,397296,5,12
397279,397295,397297,2,16
397279,397294,397296,2,15
397279,397295,397297,2,16
397279,397295,397297,2,16
397279,397279,397297,18,0
397279,397295,397298,3,16
397279,397295,397297,2,16
397279,397279,397298,19,0
397279,397292,397298,6,13
397279,397294,397298,4,15
397279,397295,397298,3,16
397279,397297,397300,3,18
397279,397297,397299,2,18
397279,397297,397299,2,18
397279,397279,397299,20,0
397279,397297,397300,3,18
397279,397297,397300,3,18
397279,397298,397301,3,19
397279,397298,397300,2,19
397279,397296,397301,5,17
397279,397279,397301,22,0
397279,397293,397301,8,14
397279,397279,397301,22,0
397279,397298,397302,4,19
397279,397298,397303,5,19
397279,397299,397304,5,20
397279,397297,397304,7,18
397279,397297,397307,10,18
397279,397279,397309,30,0
396336,396354,397311,957,18
397279,397279,397296,17,0
397279,397289,397296,7,10
397279,397279,397298,19,0
397312,397312,397316,4,0
397312,397312,397316,4,0
397312,397312,397316,4,0
397312,397312,397316,4,0
397312,397312,397317,5,0
397312,397312,397317,5,0
397312,397312,397318,6,0
397312,397312,397318,6,0
397312,397312,397318,6,0
397312,397312,397317,5,0
397279,397279,397318,39,0
397312,397312,397318,6,0
397312,397312,397319,7,0
397312,397317,397320,3,5
397312,397316,397320,4,4
397312,397316,397320,4,4
397312,397312,397320,8,0
397312,397316,397321,5,4
397312,397317,397321,4,5
397312,397318,397321,3,6
397312,397318,397321,3,6
397312,397316,397322,6,4
397312,397312,397322,10,0
397312,397318,397322,4,6
397312,397319,397322,3,7
397312,397319,397323,4,7
397312,397319,397323,4,7
397312,397312,397323,11,0
397312,397320,397323,3,8
397312,397320,397323,3,8
397312,397312,397324,12,0
397312,397320,397324,4,8
397312,397322,397324,2,10
397312,397322,397324,2,10
397312,397315,397325,10,3
397312,397315,397325,10,3
397312,397319,397325,6,7
397312,397320,397325,5,8
397312,397322,397325,3,10
397312,397323,397325,2,11
397312,397324,397326,2,12
397312,397323,397326,3,11
397312,397321,397325,4,9
397312,397324,397326,2,12
397312,397323,397327,4,11
397312,397325,397327,2,13
397312,397325,397327,2,13
397312,397322,397328,6,10
397312,397321,397328,7,9
397312,397326,397328,2,14
397312,397326,397328,2,14
397312,397326,397328,2,14
397312,397324,397328,4,12
397312,397325,397329,4,13
397312,397326,397329,3,14
397312,397327,397330,3,15
397312,397312,397330,18,0
397312,397326,397330,4,14
397312,397328,397331,3,16
397312,397328,397331,3,16
397279,397279,397332,53,0
397312,397312,397332,20,0
397312,397327,397332,5,15
397312,397312,397333,21,0
397312,397328,397336,8,16
397312,397312,397337,25,0
397312,397322,397340,18,10
397312,397325,397346,21,13
397312,397325,397346,21,13
397312,397325,397350,25,13
397312,397315,397354,39,3
397312,397324,397364,40,12
396425,396442,397380,938,17
397382,397382,397386,4,0
397382,397382,397386,4,0
397382,397382,397386,4,0
397382,397382,397386,4,0
397382,397382,397387,5,0
397382,397382,397386,4,0
397382,397382,397386,4,0
397382,397382,397387,5,0
397382,397382,397386,4,0
397382,397382,397388,6,0
397382,397382,397387,5,0
397382,397382,397388,6,0
397382,397382,397388,6,0
397382,397382,397388,6,0
397382,397382,397388,6,0
397382,397382,397388,6,0
397382,397382,397389,7,0
397382,397386,397389,3,4
397382,397387,397389,2,5
397382,397387,397390,3,5
397382,397387,397390,3,5
397382,397387,397391,4,5
397382,397388,397390,2,6
397382,397382,397391,9,0
397382,397382,397390,8,0
397382,397382,397390,8,0
397382,397388,397390,2,6
397382,397386,397391,5,4
397382,397388,397390,2,6
397382,397388,397390,2,6
397382,397382,397392,10,0
397382,397387,397392,5,5
397382,397389,397392,3,7
397382,397386,397393,7,4
397382,397390,397393,3,8
395908,395921,397393,1472,13
397382,397390,397393,3,8
397382,397390,397393,3,8
397382,397387,397394,7,5
397382,397391,397393,2,9
397382,397388,397394,6,6
397382,397391,397394,3,9
397382,397391,397393,2,9
397382,397391,397394,3,9
397382,397392,397395,3,10
397382,397391,397396,5,9
397382,397389,397396,7,7
397382,397391,397396,5,9
397382,397394,397396,2,12
397382,397394,397396,2,12
397382,397394,397397,3,12
397382,397393,397396,3,11
397382,397394,397397,3,12
397382,397392,397397,5,10
397382,397395,397397,2,13
397382,397388,397398,10,6
397382,397393,397398,5,11
397382,397396,397398,2,14
397382,397395,397399,4,13
397382,397393,397397,4,11
397394,397397,397400,3,3
397394,397397,397400,3,3
397394,397397,397401,4,3
397382,397389,397401,12,7
397382,397394,397401,7,12
397382,397391,397402,11,9
397394,397397,397402,5,3
397394,397397,397401,4,3
397394,397398,397402,4,4
397394,397399,397404,5,5
397394,397396,397404,8,2
397394,397403,397405,2,9
397394,397399,397406,7,5
397394,397403,397405,2,9
397382,397394,397404,10,12
397394,397403,397406,3,9
397394,397404,397407,3,10
397394,397397,397408,11,3
397394,397406,397408,2,12
397394,397401,397408,7,7
397394,397406,397408,2,12
397394,397406,397408,2,12
397382,397391,397408,17,9
397394,397405,397409,4,11
397394,397407,397409,2,13
397394,397401,397410,9,7
397394,397402,397409,7,8
397394,397409,397411,2,15
397394,397401,397411,10,7
397394,397408,397410,2,14
397394,397409,397411,2,15
397394,397409,397411,2,15
397394,397409,397411,2,15
397394,397406,397411,5,12
397382,397392,397412,20,10
397394,397409,397413,4,15
397394,397410,397412,2,16
397394,397410,397413,3,16
397394,397410,397413,3,16
397394,397411,397413,2,17
397394,397410,397414,4,16
397394,397411,397414,3,17
397394,397412,397414,2,18
397394,397412,397414,2,18
397394,397412,397415,3,18
397394,397411,397415,4,17
397394,397396,397415,19,2
397394,397413,397416,3,19
397394,397400,397415,15,6
397394,397413,397416,3,19
397394,397414,397416,2,20
397394,397413,397417,4,19
397394,397415,397418,3,21
397394,397412,397417,5,18
397394,397415,397418,3,21
397394,397415,397418,3,21
397394,397415,397418,3,21
397394,397416,397418,2,22
397394,397417,397418,1,23
397394,397414,397418,4,20
397394,397416,397419,3,22
397394,397416,397419,3,22
397382,397391,397420,29,9
397394,397398,397420,22,4
397394,397418,397421,3,24
397394,397418,397421,3,24
397394,397418,397421,3,24
397394,397401,397421,20,7
397394,397401,397421,20,7
397394,397417,397421,4,23
397394,397416,397422,6,22
397394,397412,397422,10,18
397394,397416,397423,7,22
397394,397418,397424,6,24
397394,397398,397427,29,4
397394,397409,397429,20,15
397394,397414,397439,25,20
397382,397382,397419,37,0
397382,397382,397419,37,0
396503,396517,397454,937,14
397460,397460,397462,2,0
397382,397382,397456,74,0
397460,397460,397463,3,0
397460,397460,397463,3,0
397460,397460,397464,4,0
397460,397460,397464,4,0
397460,397463,397465,2,3
397460,397460,397464,4,0
397460,397460,397464,4,0
397460,397460,397465,5,0
397460,397460,397466,6,0
397460,397460,397465,5,0
397460,397460,397465,5,0
397460,397460,397466,6,0
397460,397465,397467,2,5
397460,397460,397466,6,0
397460,397464,397466,2,4
397460,397466,397468,2,6
397460,397464,397468,4,4
397460,397466,397469,3,6
397460,397466,397468,2,6
397460,397460,397470,10,0
397460,397460,397470,10,0
397460,397465,397469,4,5
397460,397465,397469,4,5
397460,397467,397470,3,7
397460,397465,397469,4,5
397460,397466,397469,3,6
397460,397467,397471,4,7
397460,397460,397470,10,0
397460,397465,397470,5,5
397460,397467,397470,3,7
397460,397468,397470,2,8
397460,397467,397470,3,7
397460,397470,397472,2,10
397460,397469,397472,3,9
397460,397469,397472,3,9
397460,397470,397473,3,10
397460,397470,397474,4,10
397460,397470,397474,4,10
397460,397471,397474,3,11
397460,397471,397473,2,11
397460,397471,397474,3,11
397460,397471,397474,3,11
397460,397472,397474,2,12
397460,397472,397475,3,12
397460,397472,397475,3,12
397460,397470,397476,6,10
397460,397471,397475,4,11
397460,397473,397476,3,13
397460,397463,397465,2,3
397460,397469,397477,8,9
397460,397474,397477,3,14
397460,397474,397477,3,14
397460,397475,397478,3,15
397460,397474,397477,3,14
397460,397475,397478,3,15
397460,397475,397478,3,15
397460,397475,397478,3,15
397460,397474,397479,5,14
397460,397474,397480,6,14
397460,397460,397480,20,0
397460,397470,397480,10,10
397460,397470,397481,11,10
397460,397460,397483,23,0
397460,397471,397482,11,11
397460,397460,397485,25,0
397460,397460,397487,27,0
397460,397460,397486,26,0
397460,397463,397479,16,3
395987,396010,397498,1488,23
396505,396536,397501,965,31
397382,397382,397503,121,0
397460,397463,397502,39,3
397500,397500,397503,3,0
397500,397500,397503,3,0
397500,397500,397504,4,0
397500,397500,397503,3,0
397500,397500,397504,4,0
397500,397502,397504,2,2
397500,397500,397504,4,0
397500,397500,397504,4,0
397500,397500,397504,4,0
397500,397500,397504,4,0
397500,397504,397506,2,4
397500,397505,397507,2,5
397500,397500,397506,6,0
397500,397505,397507,2,5
397500,397504,397506,2,4
397500,397500,397507,7,0
397500,397504,397508,4,4
397500,397505,397508,3,5
397500,397505,397508,3,5
397500,397507,397509,2,7
397500,397505,397508,3,5
397500,397505,397508,3,5
397500,397506,397508,2,6
397500,397507,397509,2,7
397500,397500,397509,9,0
397500,397500,397509,9,0
397500,397500,397509,9,0
397500,397503,397510,7,3
397500,397507,397510,3,7
397500,397507,397510,3,7
397500,397500,397510,10,0
397500,397508,397511,3,8
397500,397500,397512,12,0
397500,397509,397511,2,9
397500,397509,397512,3,9
397500,397509,397512,3,9
397500,397500,397512,12,0
397500,397508,397512,4,8
397500,397503,397513,10,3
397500,397504,397513,9,4
397500,397510,397513,3,10
397500,397510,397513,3,10
397500,397510,397512,2,10
397500,397508,397512,4,8
397500,397508,397512,4,8
397500,397509,397513,4,9
397500,397510,397514,4,10
397500,397511,397514,3,11
397500,397512,397514,2,12
397500,397509,397515,6,9
397500,397512,397515,3,12
397500,397512,397515,3,12
397500,397513,397516,3,13
397500,397513,397515,2,13
397500,397513,397516,3,13
397500,397513,397516,3,13
397500,397512,397517,5,12
397500,397500,397518,18,0
397500,397513,397517,4,13
397500,397500,397519,19,0
397500,397510,397518,8,10
397500,397510,397518,8,10
397500,397500,397519,19,0
397500,397500,397520,20,0
397500,397513,397521,8,13
397500,397511,397522,11,11
397520,397520,397523,3,0
397500,397513,397523,10,13
397520,397520,397523,3,0
397500,397500,397523,23,0
397520,397520,397524,4,0
397520,397520,397524,4,0
397520,397520,397524,4,0
397520,397523,397525,2,3
397520,397520,397525,5,0
397520,397523,397525,2,3
397520,397522,397527,5,2
397520,397525,397527,2,5
397520,397520,397527,7,0
397520,397520,397527,7,0
397520,397520,397527,7,0
397520,397520,397527,7,0
397520,397520,397527,7,0
397520,397524,397528,4,4
397520,397525,397528,3,5
397500,397500,397529,29,0
397520,397520,397530,10,0
397520,397520,397530,10,0
397520,397527,397530,3,7
397520,397524,397529,5,4
397520,397526,397529,3,6
397520,397528,397531,3,8
397520,397528,397531,3,8
397520,397528,397532,4,8
397520,397530,397532,2,10
397520,397530,397533,3,10
397520,397528,397534,6,8
397520,397528,397534,6,8
397520,397529,397534,5,9
397520,397530,397534,4,10
397520,397531,397534,3,11
397520,397524,397535,11,4
397520,397520,397532,12,0
397520,397528,397535,7,8
397520,397528,397534,6,8
397520,397533,397535,2,13
397520,397533,397536,3,13
397520,397521,397536,15,1
397520,397534,397537,3,14
397520,397534,397537,3,14
397520,397534,397537,3,14
397520,397534,397538,4,14
397520,397527,397538,11,7
397520,397532,397538,6,12
397520,397532,397538,6,12
397520,397535,397538,3,15
397520,397536,397539,3,16
397520,397537,397539,2,17
397520,397520,397540,20,0
397520,397520,397540,20,0
397520,397537,397540,3,17
397520,397537,397540,3,17
397520,397534,397540,6,14
397520,397535,397541,6,15
397520,397538,397541,3,18
397520,397539,397542,3,19
397520,397539,397542,3,19
396014,396035,397540,1505,21
397520,397530,397543,13,10
397520,397538,397544,6,18
397520,397530,397544,14,10
397520,397523,397544,21,3
397543,397543,397545,2,0
397500,397513,397539,26,13
397520,397520,397538,18,0
397543,397543,397547,4,0
397520,397540,397548,8,20
397543,397543,397548,5,0
397543,397543,397548,5,0
397543,397543,397548,5,0
397543,397543,397548,5,0
397520,397523,397547,24,3
397520,397536,397548,12,16
397543,397546,397549,3,3
397520,397539,397549,10,19
397543,397543,397548,5,0
397520,397520,397549,29,0
397543,397547,397550,3,4
397543,397548,397550,2,5
397543,397548,397550,2,5
397543,397549,397551,2,6
397543,397548,397550,2,5
397543,397548,397550,2,5
397543,397546,397549,3,3
397543,397546,397549,3,3
397543,397548,397550,2,5
397543,397543,397551,8,0
397543,397550,397552,2,7
397543,397551,397553,2,8
397520,397537,397553,16,17
397543,397548,397554,6,5
397543,397551,397553,2,8
397543,397551,397554,3,8
397543,397544,397555,11,1
397543,397543,397555,12,0
397543,397553,397555,2,10
397543,397549,397557,8,6
397543,397552,397557,5,9
397543,397543,397556,13,0
397543,397554,397557,3,11
397543,397554,397557,3,11
397543,397554,397558,4,11
397543,397543,397557,14,0
397543,397555,397557,2,12
397543,397552,397558,6,9
397543,397552,397558,6,9
397543,397543,397559,16,0
397543,397555,397559,4,12
397543,397544,397559,15,1
397543,397557,397560,3,14
397543,397557,397560,3,14
397543,397558,397560,2,15
397543,397557,397562,5,14
397543,397557,397562,5,14
397543,397559,397562,3,16
397543,397559,397562,3,16
397543,397543,397562,19,0
397543,397560,397563,3,17
397543,397560,397563,3,17
397543,397558,397564,6,15
397543,397559,397563,4,16
397543,397561,397564,3,18
397520,397535,397564,29,15
397543,397553,397564,11,10
397543,397549,397564,15,6
397543,397549,397565,16,6
397543,397560,397565,5,17
397543,397562,397566,4,19
397543,397563,397566,3,20
397543,397563,397566,3,20
397543,397557,397568,11,14
397543,397555,397568,13,12
397543,397548,397553,5,5
397543,397551,397556,5,8
397543,397551,397555,4,8
397543,397551,397555,4,8
397543,397558,397570,12,15
397543,397544,397571,27,1
397543,397562,397571,9,19
397543,397560,397573,13,17
397543,397551,397576,25,8
396091,396109,397588,1479,18
397603,397603,397607,4,0
397603,397603,397607,4,0
397603,397603,397607,4,0
397603,397603,397607,4,0
397603,397603,397607,4,0
397603,397603,397609,6,0
397603,397603,397609,6,0
397603,397603,397608,5,0
397603,397603,397609,6,0
397603,397607,397609,2,4
397603,397603,397607,4,0
397603,397603,397610,7,0
397603,397608,397610,2,5
397603,397607,397610,3,4
397603,397608,397611,3,5
397603,397603,397612,9,0
397603,397609,397611,2,6
397603,397603,397612,9,0
397603,397610,397612,2,7
397603,397609,397612,3,6
397603,397609,397612,3,6
397603,397609,397611,2,6
397603,397609,397612,3,6
397603,397609,397613,4,6
397603,397610,397614,4,7
397603,397603,397614,11,0
397603,397611,397614,3,8
397603,397612,397615,3,9
397603,397612,397614,2,9
397603,397612,397615,3,9
397603,397612,397615,3,9
397603,397612,397615,3,9
397603,397611,397615,4,8
397603,397607,397615,8,4
397603,397613,397615,2,10
397603,397603,397617,14,0
397603,397614,397617,3,11
397603,397603,397618,15,0
397603,397603,397617,14,0
397603,397615,397618,3,12
397603,397615,397617,2,12
397603,397615,397618,3,12
397603,397615,397618,3,12
397603,397615,397618,3,12
397603,397603,397619,16,0
397603,397614,397619,5,11
397603,397603,397618,15,0
397603,397616,397619,3,13
397603,397618,397620,2,15
397603,397617,397620,3,14
397603,397612,397620,8,9
397603,397616,397621,5,13
397603,397618,397620,2,15
397603,397618,397621,3,15
397603,397618,397621,3,15
397603,397603,397621,18,0
397603,397619,397621,2,16
397603,397617,397621,4,14
397603,397619,397624,5,16
397603,397613,397624,11,10
397603,397616,397629,13,13
397603,397614,397629,15,11
397603,397618,397629,11,15
397603,397612,397633,21,9
397603,397603,397641,38,0
397603,397618,397643,25,15
397603,397603,397637,34,0
397603,397603,397644,41,0
397603,397603,397645,42,0
396176,396199,397672,1473,23
397673,397673,397676,3,0
397673,397673,397677,4,0
397673,397673,397677,4,0
397673,397673,397677,4,0
397673,397673,397677,4,0
397673,397673,397677,4,0
397673,397673,397678,5,0
397673,397673,397678,5,0
397673,397673,397678,5,0
397673,397673,397678,5,0
397673,397678,397680,2,5
397673,397673,397679,6,0
397673,397678,397680,2,5
397673,397673,397680,7,0
397673,397677,397680,3,4
397673,397677,397680,3,4
397673,397678,397681,3,5
397673,397678,397680,2,5
397673,397679,397681,2,6
397673,397679,397681,2,6
397673,397673,397682,9,0
397673,397673,397681,8,0
397673,397680,397682,2,7
397603,397603,397662,59,0
397673,397673,397683,10,0
397673,397680,397683,3,7
397673,397680,397683,3,7
397673,397673,397683,10,0
397673,397682,397684,2,9
397673,397681,397683,2,8
397673,397682,397684,2,9
397673,397678,397684,6,5
397673,397673,397685,12,0
397673,397681,397685,4,8
397673,397681,397686,5,8
397673,397682,397685,3,9
397673,397682,397685,3,9
397673,397681,397686,5,8
397673,397683,397686,3,10
397673,397673,397686,13,0
397673,397681,397686,5,8
397673,397684,397686,2,11
397673,397683,397687,4,10
397673,397684,397687,3,11
397673,397682,397688,6,9
397673,397684,397688,4,11
397673,397673,397688,15,0
397673,397686,397688,2,13
397673,397686,397688,2,13
397673,397682,397689,7,9
397673,397686,397688,2,13
397673,397685,397689,4,12
397673,397686,397690,4,13
397673,397678,397690,12,5
397673,397687,397689,2,14
397673,397687,397690,3,14
397673,397682,397690,8,9
397673,397682,397690,8,9
397673,397682,397689,7,9
397673,397686,397691,5,13
397673,397687,397691,4,14
397673,397687,397691,4,14
397673,397686,397692,6,13
397673,397688,397694,6,15
397673,397687,397695,8,14
397673,397673,397697,24,0
397673,397683,397696,13,10
397673,397673,397700,27,0
397673,397685,397700,15,12
397673,397684,397700,16,11
397673,397673,397710,37,0
396897,396910,397876,966,13
396384,396400,397880,1480,16
397879,397879,397881,2,0
397879,397879,397881,2,0
397879,397879,397882,3,0
397879,397879,397882,3,0
397879,397879,397882,3,0
397879,397879,397883,4,0
397879,397881,397883,2,2
397879,397879,397884,5,0
397879,397882,397884,2,3
397879,397879,397884,5,0
397879,397879,397885,6,0
397879,397879,397885,6,0
397879,397879,397885,6,0
397879,397883,397885,2,4
397879,397879,397886,7,0
397879,397879,397886,7,0
397879,397884,397886,2,5
397879,397879,397887,8,0
397879,397879,397888,9,0
397879,397881,397887,6,2
397879,397886,397888,2,7
397879,397885,397888,3,6
397879,397879,397888,9,0
397879,397879,397888,9,0
397879,397886,397889,3,7
397879,397886,397888,2,7
397879,397879,397890,11,0
397879,397883,397890,7,4
397879,397887,397889,2,8
397879,397887,397889,2,8
397879,397888,397890,2,9
397879,397885,397890,5,6
397879,397879,397891,12,0
397879,397889,397891,2,10
397879,397887,397890,3,8
397879,397883,397890,7,4
397879,397884,397891,7,5
397879,397889,397891,2,10
397879,397890,397892,2,11
397879,397888,397892,4,9
397879,397885,397893,8,6
397879,397889,397892,3,10
397879,397890,397892,2,11
397879,397890,397893,3,11
397879,397879,397893,14,0
397879,397886,397893,7,7
396927,396943,397894,951,16
397879,397891,397893,2,12
397879,397891,397894,3,12
397879,397889,397895,6,10
397879,397889,397895,6,10
397879,397892,397894,2,13
397879,397879,397895,16,0
397879,397890,397895,5,11
397879,397893,397895,2,14
397879,397888,397896,8,9
397879,397888,397895,7,9
397879,397891,397896,5,12
397879,397892,397897,5,13
397879,397893,397897,4,14
397881,397893,397897,4,12
397881,397893,397897,4,12
397881,397895,397897,2,14
397879,397891,397897,6,12
397879,397893,397898,5,14
397881,397894,397898,4,13
397881,397894,397898,4,13
397881,397896,397898,2,15
397879,397879,397898,19,0
397881,397897,397899,2,16
397881,397897,397899,2,16
397881,397897,397899,2,16
397881,397896,397900,4,15
397881,397896,397900,4,15
397881,397897,397900,3,16
397879,397893,397900,7,14
397881,397899,397901,2,18
397881,397898,397900,2,17
397881,397899,397901,2,18
397881,397899,397901,2,18
397881,397897,397901,4,16
397881,397899,397901,2,18
397881,397899,397901,2,18
397881,397899,397901,2,18
397879,397879,397902,23,0
397881,397895,397903,8,14
397879,397879,397896,17,0
397881,397900,397902,2,19
397881,397901,397903,2,20
397881,397901,397903,2,20
397881,397898,397903,5,17
397881,397900,397904,4,19
397881,397897,397903,6,16
397881,397895,397904,9,14
397881,397901,397903,2,20
397879,397891,397904,13,12
397881,397902,397905,3,21
397881,397902,397904,2,21
397881,397901,397905,4,20
397881,397902,397905,3,21
397881,397904,397906,2,23
397881,397902,397906,4,21
397881,397900,397906,6,19
397881,397904,397906,2,23
397881,397894,397906,12,13
397881,397904,397906,2,23
397881,397903,397907,4,22
397879,397879,397907,28,0
397881,397904,397908,4,23
397881,397904,397907,3,23
397881,397905,397907,2,24
397881,397905,397907,2,24
397881,397906,397908,2,25
397881,397906,397908,2,25
397881,397905,397909,4,24
397881,397894,397909,15,13
397881,397905,397909,4,24
397881,397907,397909,2,26
397881,397904,397910,6,23
397881,397903,397909,6,22
397881,397907,397909,2,26
397881,397908,397910,2,27
397881,397901,397911,10,20
397881,397896,397905,9,15
397879,397879,397908,29,0
397879,397879,397908,29,0
397881,397908,397911,3,27
397881,397906,397911,5,25
397881,397908,397911,3,27
397895,397910,397912,2,15
397895,397910,397912,2,15
397881,397899,397912,13,18
397881,397906,397910,4,25
397895,397910,397914,4,15
397881,397904,397913,9,23
397895,397912,397914,2,17
397895,397912,397914,2,17
397895,397912,397914,2,17
397895,397911,397914,3,16
397895,397910,397914,4,15
397895,397912,397915,3,17
397881,397908,397915,7,27
397895,397911,397915,4,16
397895,397911,397914,3,16
397881,397908,397915,7,27
397881,397903,397916,13,22
397895,397909,397916,7,14
397895,397914,397916,2,19
397895,397911,397917,6,16
397895,397913,397916,3,18
397895,397914,397917,3,19
397895,397914,397917,3,19
397895,397912,397917,5,17
397895,397909,397917,8,14
397895,397910,397915,5,15
397895,397915,397919,4,20
397895,397916,397919,3,21
397895,397917,397919,2,22
397881,397907,397917,10,26
397895,397910,397919,9,15
397895,397915,397919,4,20
397895,397915,397918,3,20
397895,397917,397920,3,22
397881,397903,397919,16,22
397895,397918,397920,2,23
397895,397916,397920,4,21
397895,397917,397920,3,22
397895,397918,397920,2,23
397879,397890,397921,31,11
397881,397908,397920,12,27
397895,397914,397920,6,19
397895,397914,397920,6,19
397895,397918,397921,3,23
397895,397916,397922,6,21
397895,397915,397922,7,20
397895,397919,397922,3,24
397895,397920,397923,3,25
397895,397920,397922,2,25
397895,397921,397923,2,26
397895,397920,397923,3,25
397881,397896,397924,28,15
397895,397921,397923,2,26
397895,397921,397924,3,26
397895,397922,397924,2,27
397895,397918,397924,6,23
397895,397913,397924,11,18
397895,397920,397925,5,25
397895,397921,397926,5,26
397895,397923,397925,2,28
397895,397921,397925,4,26
397895,397922,397925,3,27
397895,397924,397926,2,29
397895,397920,397926,6,25
397895,397924,397926,2,29
397895,397917,397927,10,22
397895,397923,397927,4,28
397895,397920,397927,7,25
397895,397924,397928,4,29
397895,397917,397928,11,22
397895,397920,397929,9,25
397881,397895,397929,34,14
397895,397924,397929,5,29
397895,397921,397923,2,26
397895,397920,397924,4,25
397895,397923,397929,6,28
397895,397923,397930,7,28
397895,397921,397931,10,26
397895,397920,397931,11,25
397895,397921,397931,10,26
397895,397909,397932,23,14
397895,397909,397936,27,14
397002,397021,397974,953,19
397975,397975,397977,2,0
397975,397975,397977,2,0
397975,397975,397977,2,0
397975,397975,397977,2,0
397975,397975,397980,5,0
397975,397975,397979,4,0
397975,397977,397980,3,2
397975,397977,397980,3,2
397975,397975,397980,5,0
397975,397978,397981,3,3
397975,397978,397981,3,3
397975,397975,397981,6,0
397975,397975,397982,7,0
397975,397975,397980,5,0
397975,397975,397981,6,0
397975,397975,397983,8,0
397975,397975,397983,8,0
397975,397975,397982,7,0
397975,397975,397983,8,0
397975,397981,397983,2,6
397975,397982,397984,2,7
397975,397975,397984,9,0
397975,397980,397984,4,5
397975,397980,397984,4,5
397975,397981,397984,3,6
397975,397975,397985,10,0
397975,397975,397985,10,0
397975,397975,397985,10,0
397975,397975,397985,10,0
397975,397975,397984,9,0
397975,397981,397985,4,6
397975,397975,397986,11,0
397975,397975,397985,10,0
397975,397983,397986,3,8
397975,397984,397986,2,9
397975,397980,397986,6,5
397975,397975,397986,11,0
397975,397975,397986,11,0
397975,397982,397986,4,7
397975,397983,397986,3,8
397975,397984,397987,3,9
397975,397984,397986,2,9
397975,397985,397987,2,10
397975,397984,397987,3,9
397975,397984,397987,3,9
397975,397983,397987,4,8
397975,397983,397988,5,8
397975,397984,397987,3,9
397975,397986,397988,2,11
397975,397983,397988,5,8
397975,397983,397988,5,8
397975,397986,397989,3,11
397975,397980,397989,9,5
397975,397987,397990,3,12
397975,397987,397992,5,12
397975,397987,397992,5,12
397975,397987,397992,5,12
397975,397987,397995,8,12
397975,397985,397996,11,10
397975,397985,397996,11,10
397975,397986,397997,11,11
397975,397975,397978,3,0
397975,397975,397982,7,0
397975,397975,397992,17,0
397975,397985,397999,14,10
397975,397975,398004,29,0
397975,397986,398010,24,11
397975,397985,398012,27,10
397975,397985,398014,29,10
397975,397975,398011,36,0
396556,396577,398046,1469,21
398048,398048,398050,2,0
398048,398048,398050,2,0
398048,398048,398050,2,0
398048,398048,398053,5,0
398048,398048,398052,4,0
398048,398048,398052,4,0
398048,398048,398052,4,0
398048,398048,398053,5,0
398048,398048,398052,4,0
398048,398048,398053,5,0
398048,398050,398052,2,2
398048,398048,398054,6,0
398048,398048,398053,5,0
398048,398048,398053,5,0
398048,398048,398054,6,0
398048,398048,398054,6,0
398048,398048,398053,5,0
398048,398050,398053,3,2
398048,398051,398054,3,3
398048,398048,398054,6,0
398048,398048,398055,7,0
398048,398053,398056,3,5
398048,398054,398056,2,6
398048,398054,398056,2,6
398048,398054,398056,2,6
398048,398054,398056,2,6
398048,398054,398056,2,6
398048,398053,398056,3,5
398048,398048,398057,9,0
398048,398048,398058,10,0
398048,398048,398057,9,0
398048,398055,398058,3,7
398048,398056,398058,2,8
398048,398055,398058,3,7
398048,398053,398059,6,5
398048,398048,398058,10,0
398048,398053,398058,5,5
398048,398053,398058,5,5
398048,398056,398059,3,8
398048,398054,398060,6,6
398048,398057,398059,2,9
398048,398057,398060,3,9
398048,398057,398060,3,9
398048,398057,398060,3,9
398048,398058,398060,2,10
398048,398048,398060,12,0
398048,398048,398060,12,0
398048,398054,398060,6,6
398048,398058,398061,3,10
398048,398059,398061,2,11
398048,398053,398062,9,5
398048,398054,398062,8,6
398048,398058,398062,4,10
398048,398059,398062,3,11
398048,398059,398062,3,11
398048,398048,398063,15,0
398048,398059,398065,6,11
398048,398048,398068,20,0
398048,398059,398069,10,11
398048,398058,398069,11,10
398048,398058,398070,12,10
398048,398053,398072,19,5
398048,398048,398060,12,0
398048,398048,398078,30,0
398048,398048,398080,32,0
398048,398053,398081,28,5
398048,398048,398081,33,0
398048,398048,398080,32,0
398048,398059,398092,33,11
398048,398058,398098,40,10
397141,397162,398114,952,21
398116,398116,398118,2,0
398116,398116,398117,1,0
398116,398116,398118,2,0
398116,398116,398118,2,0
398116,398116,398120,4,0
398116,398116,398121,5,0
398116,398116,398121,5,0
398116,398116,398120,4,0
398116,398116,398120,4,0
398116,398116,398122,6,0
398116,398116,398122,6,0
398116,398116,398122,6,0
398116,398116,398123,7,0
398116,398116,398122,6,0
398116,398118,398122,4,2
398116,398121,398123,2,5
398116,398118,398122,4,2
398116,398119,398122,3,3
398116,398121,398123,2,5
398116,398119,398123,4,3
398116,398121,398123,2,5
398116,398121,398123,2,5
398116,398116,398124,8,0
398116,398121,398124,3,5
398116,398122,398124,2,6
398116,398122,398124,2,6
398116,398123,398125,2,7
398116,398123,398125,2,7
398116,398123,398125,2,7
398116,398116,398125,9,0
398116,398116,398125,9,0
398116,398116,398125,9,0
398116,398124,398126,2,8
398116,398124,398126,2,8
398116,398123,398125,2,7
398116,398123,398125,2,7
398116,398124,398126,2,8
398116,398125,398127,2,9
398116,398125,398127,2,9
398116,398116,398128,12,0
398116,398116,398127,11,0
398116,398125,398127,2,9
398116,398125,398127,2,9
398116,398126,398128,2,10
398116,398126,398128,2,10
398116,398116,398128,12,0
398116,398123,398128,5,7
398116,398125,398128,3,9
398116,398125,398128,3,9
398116,398116,398128,12,0
398116,398116,398128,12,0
398116,398126,398128,2,10
398116,398126,398128,2,10
398116,398116,398129,13,0
398116,398116,398129,13,0
398116,398127,398130,3,11
398116,398127,398129,2,11
397128,397142,398129,987,14
398116,398125,398129,4,9
398116,398116,398127,11,0
398116,398116,398130,14,0
398116,398123,398131,8,7
398116,398126,398132,6,10
398116,398126,398131,5,10
398116,398123,398132,9,7
398131,398131,398133,2,0
398131,398131,398133,2,0
398131,398131,398133,2,0
398131,398131,398133,2,0
398116,398126,398133,7,10
398116,398116,398133,17,0
398131,398131,398134,3,0
398131,398131,398135,4,0
398131,398131,398135,4,0
398116,398116,398134,18,0
398131,398131,398134,3,0
398131,398131,398135,4,0
398116,398116,398136,20,0
398131,398131,398136,5,0
398131,398131,398136,5,0
398131,398133,398136,3,2
398116,398116,398136,20,0
398131,398131,398136,5,0
398131,398131,398137,6,0
398131,398131,398137,6,0
398131,398133,398136,3,2
398131,398133,398136,3,2
398131,398133,398137,4,2
398131,398131,398138,7,0
398131,398131,398138,7,0
398131,398136,398138,2,5
398131,398136,398138,2,5
398131,398136,398138,2,5
398131,398135,398138,3,4
398116,398116,398139,23,0
398131,398134,398139,5,3
398131,398137,398139,2,6
398131,398137,398139,2,6
398131,398137,398139,2,6
398131,398137,398139,2,6
398131,398136,398140,4,5
398131,398131,398137,6,0
398131,398131,398138,7,0
398131,398131,398138,7,0
398131,398131,398138,7,0
398131,398135,398139,4,4
398131,398138,398140,2,7
398131,398137,398139,2,6
398131,398131,398139,8,0
398131,398132,398140,8,1
398131,398138,398141,3,7
398131,398138,398141,3,7
398131,398138,398141,3,7
398131,398138,398141,3,7
398131,398139,398141,2,8
398131,398140,398141,1,9
398131,398140,398141,1,9
398131,398131,398141,10,0
398131,398131,398142,11,0
398131,398139,398142,3,8
398131,398140,398143,3,9
398131,398140,398142,2,9
398131,398139,398142,3,8
398131,398140,398143,3,9
398131,398135,398143,8,4
398131,398132,398145,13,1
398131,398134,398144,10,3
398131,398135,398145,10,4
398131,398135,398144,9,4
398131,398137,398146,9,6
398131,398137,398149,12,6
398131,398138,398151,13,7
398131,398140,398150,10,9
398131,398134,398152,18,3
398131,398132,398152,20,1
398131,398139,398154,15,8
398131,398131,398157,26,0
398131,398140,398159,19,9
398131,398140,398158,18,9
398131,398140,398161,21,9
398131,398140,398175,35,9
397228,397243,398190,947,15
398193,398193,398195,2,0
398193,398193,398195,2,0
398193,398193,398196,3,0
398193,398193,398195,2,0
398193,398193,398195,2,0
398193,398193,398197,4,0
398193,398193,398197,4,0
398193,398193,398197,4,0
398193,398193,398198,5,0
398193,398193,398198,5,0
398193,398193,398198,5,0
398193,398196,398198,2,3
398193,398193,398198,5,0
398193,398197,398198,1,4
398193,398193,398199,6,0
398193,398196,398198,2,3
398193,398197,398199,2,4
398193,398198,398199,1,5
398193,398197,398200,3,4
398193,398196,398200,4,3
398193,398197,398199,2,4
398193,398198,398200,2,5
398193,398198,398200,2,5
398193,398198,398200,2,5
398193,398199,398201,2,6
398193,398199,398200,1,6
398193,398193,398201,8,0
398193,398193,398201,8,0
398193,398198,398201,3,5
398193,398200,398201,1,7
398193,398200,398202,2,7
398193,398193,398202,9,0
398193,398199,398202,3,6
398193,398201,398202,1,8
398193,398201,398203,2,8
398193,398200,398202,2,7
398193,398201,398203,2,8
398193,398201,398203,2,8
398193,398193,398203,10,0
398193,398193,398202,9,0
398193,398193,398203,10,0
398193,398200,398203,3,7
398193,398200,398203,3,7
398193,398200,398203,3,7
398193,398201,398203,2,8
398193,398202,398204,2,9
398193,398202,398204,2,9
398193,398193,398203,10,0
398193,398202,398204,2,9
398193,398203,398205,2,10
398193,398193,398204,11,0
398193,398193,398205,12,0
398193,398193,398205,12,0
398193,398193,398205,12,0
398193,398201,398205,4,8
398193,398202,398205,3,9
398193,398203,398205,2,10
398193,398203,398205,2,10
398193,398193,398203,10,0
398193,398193,398202,9,0
398193,398193,398207,14,0
398193,398193,398208,15,0
398193,398193,398209,16,0
398193,398201,398210,9,8
398193,398193,398211,18,0
398193,398193,398211,18,0
398193,398202,398211,9,9
398193,398193,398212,19,0
398193,398193,398215,22,0
398193,398193,398218,25,0
396787,396801,398301,1500,14
398303,398303,398305,2,0
398303,398303,398305,2,0
398303,398303,398305,2,0
398303,398303,398305,2,0
398303,398303,398306,3,0
398303,398303,398305,2,0
398303,398303,398306,3,0
398303,398303,398307,4,0
398303,398305,398307,2,2
398303,398305,398308,3,2
398303,398303,398308,5,0
398303,398305,398307,2,2
398303,398303,398307,4,0
398303,398303,398308,5,0
398303,398303,398309,6,0
398303,398303,398309,6,0
398303,398303,398308,5,0
398303,398303,398309,6,0
398303,398303,398308,5,0
398303,398305,398308,3,2
398303,398303,398310,7,0
398303,398306,398309,3,3
398303,398306,398310,4,3
398303,398308,398310,2,5
398303,398303,398310,7,0
398303,398306,398309,3,3
398303,398303,398310,7,0
398303,398303,398310,7,0
398303,398308,398310,2,5
398303,398308,398310,2,5
398303,398308,398310,2,5
398303,398309,398311,2,6
398303,398308,398311,3,5
398303,398309,398311,2,6
398303,398309,398311,2,6
398303,398303,398312,9,0
398303,398310,398313,3,7
398303,398310,398313,3,7
398303,398310,398313,3,7
398303,398310,398312,2,7
398303,398310,398313,3,7
398303,398309,398314,5,6
398303,398303,398313,10,0
398303,398303,398313,10,0
398303,398310,398313,3,7
398303,398311,398313,2,8
398303,398311,398314,3,8
398303,398311,398313,2,8
398303,398311,398314,3,8
398303,398309,398315,6,6
398303,398311,398314,3,8
398303,398312,398315,3,9
398303,398312,398314,2,9
398303,398307,398315,8,4
398303,398303,398315,12,0
398303,398309,398315,6,6
398303,398309,398316,7,6
398303,398303,398316,13,0
398303,398311,398316,5,8
398303,398303,398317,14,0
398303,398303,398317,14,0
398303,398303,398319,16,0
398303,398303,398318,15,0
398303,398311,398318,7,8
398303,398303,398313,10,0
398303,398303,398321,18,0
398303,398303,398328,25,0
398303,398303,398330,27,0
398303,398303,398338,35,0
398303,398303,398350,47,0
397395,397418,398383,965,23
398384,398384,398387,3,0
398384,398384,398388,4,0
398384,398384,398388,4,0
398384,398384,398388,4,0
398384,398384,398388,4,0
398384,398384,398389,5,0
398384,398384,398389,5,0
398384,398384,398390,6,0
398384,398384,398389,5,0
398384,398384,398390,6,0
398384,398388,398391,3,4
398384,398388,398390,2,4
398384,398389,398390,1,5
398384,398384,398391,7,0
398384,398389,398391,2,5
398384,398390,398392,2,6
398384,398384,398391,7,0
398384,398389,398391,2,5
398384,398390,398392,2,6
398384,398390,398392,2,6
398384,398390,398392,2,6
398384,398384,398392,8,0
398384,398391,398393,2,7
398384,398391,398393,2,7
398384,398384,398393,9,0
398384,398384,398393,9,0
398384,398392,398394,2,8
398384,398392,398394,2,8
398384,398384,398393,9,0
398384,398384,398395,11,0
398384,398392,398394,2,8
398384,398392,398394,2,8
398384,398392,398394,2,8
398384,398392,398394,2,8
398384,398393,398395,2,9
398384,398393,398395,2,9
398384,398393,398395,2,9
398384,398394,398396,2,10
398384,398393,398395,2,9
398384,398393,398395,2,9
398384,398384,398396,12,0
398384,398384,398397,13,0
398384,398394,398396,2,10
398384,398384,398396,12,0
398384,398394,398397,3,10
398384,398394,398397,3,10
398384,398384,398397,13,0
398384,398395,398397,2,11
398384,398395,398397,2,11
398384,398395,398397,2,11
398384,398395,398397,2,11
398384,398395,398399,4,11
398384,398384,398399,15,0
398384,398394,398400,6,10
398384,398384,398400,16,0
398384,398384,398402,18,0
398384,398384,398402,18,0
398384,398384,398403,19,0
398384,398384,398403,19,0
398384,398384,398404,20,0
398384,398384,398405,21,0
398384,398384,398408,24,0
398384,398391,398397,6,7
398384,398384,398408,24,0
398384,398384,398409,25,0
398384,398384,398405,21,0
398384,398391,398410,19,7
398384,398384,398413,29,0
398384,398384,398413,29,0
397501,397513,398428,915,12
398429,398429,398432,3,0
398429,398429,398432,3,0
398429,398429,398433,4,0
398429,398430,398433,3,1
398429,398430,398433,3,1
398429,398429,398434,5,0
398429,398429,398434,5,0
398429,398429,398434,5,0
398429,398429,398434,5,0
398429,398429,398434,5,0
398429,398433,398435,2,4
398429,398429,398435,6,0
398429,398430,398435,5,1
398429,398433,398435,2,4
398429,398429,398436,7,0
398429,398434,398436,2,5
398429,398434,398436,2,5
398429,398435,398437,2,6
398429,398430,398436,6,1
398429,398435,398436,1,6
398429,398434,398436,2,5
398429,398435,398437,2,6
398429,398435,398437,2,6
398429,398436,398438,2,7
398429,398436,398438,2,7
398429,398435,398437,2,6
398429,398435,398437,2,6
398384,398384,398412,28,0
398429,398436,398438,2,7
398429,398429,398438,9,0
398429,398437,398439,2,8
398429,398437,398439,2,8
398429,398437,398439,2,8
398429,398437,398439,2,8
398429,398437,398439,2,8
398429,398437,398439,2,8
398429,398438,398440,2,9
398429,398437,398440,3,8
398429,398437,398440,3,8
398429,398438,398440,2,9
398429,398438,398440,2,9
398429,398438,398440,2,9
398429,398429,398441,12,0
398429,398430,398441,11,1
398429,398439,398441,2,10
398429,398438,398441,3,9
398429,398439,398442,3,10
398429,398439,398441,2,10
398429,398429,398442,13,0
398429,398430,398442,12,1
398429,398440,398442,2,11
398429,398429,398443,14,0
398429,398429,398443,14,0
398429,398429,398443,14,0
398429,398440,398443,3,11
398429,398440,398443,3,11
398429,398429,398446,17,0
398429,398430,398447,17,1
398429,398430,398447,17,1
398429,398430,398448,18,1
398429,398430,398450,20,1
398429,398430,398450,20,1
398429,398430,398452,22,1
398429,398429,398454,25,0
398429,398430,398454,24,1
398429,398429,398456,27,0
398429,398430,398457,27,1
398429,398438,398456,18,9
398429,398459,398462,3,30
398429,398459,398462,3,30
398429,398459,398462,3,30
397521,397539,398479,940,18
398480,398480,398484,4,0
398480,398480,398484,4,0
398480,398480,398484,4,0
398480,398480,398484,4,0
398480,398480,398484,4,0
398480,398480,398484,4,0
398480,398480,398485,5,0
398480,398480,398484,4,0
398480,398480,398485,5,0
398480,398480,398485,5,0
398480,398480,398485,5,0
398480,398480,398485,5,0
398480,398480,398484,4,0
398480,398480,398486,6,0
398480,398484,398486,2,4
398480,398484,398486,2,4
398480,398484,398486,2,4
398480,398484,398486,2,4
398480,398480,398486,6,0
398480,398480,398487,7,0
398480,398484,398486,2,4
398480,398484,398487,3,4
398480,398485,398487,2,5
398480,398480,398487,7,0
398480,398480,398488,8,0
398480,398480,398488,8,0
398480,398485,398488,3,5
398480,398485,398488,3,5
398480,398485,398488,3,5
398480,398485,398488,3,5
398480,398485,398488,3,5
398480,398486,398488,2,6
398480,398486,398488,2,6
398480,398480,398489,9,0
398480,398486,398489,3,6
398480,398486,398489,3,6
398480,398486,398489,3,6
398480,398488,398490,2,8
398480,398489,398490,1,9
398480,398487,398490,3,7
398480,398487,398490,3,7
398480,398488,398490,2,8
398480,398488,398490,2,8
398480,398489,398491,2,9
398480,398489,398491,2,9
398480,398489,398491,2,9
398480,398489,398491,2,9
398480,398489,398491,2,9
398480,398489,398491,2,9
398480,398480,398489,9,0
398480,398487,398493,6,7
398480,398485,398493,8,5
398480,398480,398494,14,0
398480,398480,398494,14,0
398480,398480,398495,15,0
398480,398488,398495,7,8
398480,398480,398496,16,0
398480,398480,398495,15,0
398480,398480,398490,10,0
398480,398480,398499,19,0
398480,398480,398499,19,0
398480,398480,398499,19,0
398480,398480,398501,21,0
398480,398480,398501,21,0
398480,398480,398501,21,0
398480,398480,398502,22,0
398480,398480,398504,24,0
398480,398480,398504,24,0
398480,398480,398509,29,0
398480,398480,398510,30,0
397034,397047,398528,1481,13
398529,398529,398531,2,0
398529,398529,398531,2,0
398529,398529,398531,2,0
398529,398529,398531,2,0
398529,398529,398532,3,0
398529,398529,398531,2,0
398529,398529,398531,2,0
398529,398529,398531,2,0
398529,398529,398532,3,0
398529,398529,398532,3,0
398529,398531,398533,2,2
398529,398529,398533,4,0
398529,398532,398534,2,3
398529,398532,398535,3,3
398529,398529,398535,6,0
398529,398532,398534,2,3
398529,398532,398534,2,3
398529,398532,398535,3,3
398529,398532,398534,2,3
398529,398532,398535,3,3
398529,398529,398536,7,0
398529,398529,398535,6,0
398529,398529,398535,6,0
398529,398529,398536,7,0
398529,398534,398536,2,5
398529,398529,398536,7,0
398529,398533,398535,2,4
398529,398533,398536,3,4
398529,398529,398536,7,0
398529,398529,398536,7,0
398529,398534,398536,2,5
398529,398529,398537,8,0
398529,398535,398537,2,6
398529,398535,398537,2,6
398529,398536,398538,2,7
398529,398535,398537,2,6
398529,398535,398537,2,6
398529,398536,398538,2,7
398529,398535,398538,3,6
398529,398535,398538,3,6
398529,398535,398537,2,6
398529,398529,398538,9,0
398529,398536,398538,2,7
398529,398536,398539,3,7
398529,398535,398538,3,6
398529,398536,398538,2,7
398529,398536,398538,2,7
398529,398529,398539,10,0
398529,398529,398540,11,0
398529,398529,398540,11,0
398529,398536,398539,3,7
398529,398537,398539,2,8
398529,398537,398540,3,8
398529,398536,398540,4,7
398529,398529,398540,11,0
398529,398529,398541,12,0
398529,398529,398541,12,0
398529,398529,398542,13,0
398529,398529,398542,13,0
398529,398529,398542,13,0
398529,398529,398542,13,0
398529,398529,398543,14,0
398529,398529,398543,14,0
398529,398529,398543,14,0
398529,398529,398546,17,0
398529,398529,398547,18,0
398529,398529,398549,20,0
398529,398529,398548,19,0
398529,398529,398550,21,0
398529,398537,398559,22,8
397281,397299,398790,1491,18
398791,398791,398793,2,0
398791,398791,398793,2,0
398791,398791,398793,2,0
398791,398791,398794,3,0
398791,398791,398795,4,0
398791,398791,398794,3,0
398791,398791,398794,3,0
398791,398791,398794,3,0
398791,398791,398795,4,0
398791,398793,398795,2,2
398791,398791,398796,5,0
398791,398791,398796,5,0
398791,398791,398796,5,0
398791,398791,398797,6,0
398791,398794,398796,2,3
398791,398791,398796,5,0
398791,398791,398797,6,0
398791,398795,398797,2,4
398791,398791,398797,6,0
398791,398794,398796,2,3
398791,398791,398797,6,0
398791,398791,398797,6,0
398791,398795,398797,2,4
398791,398795,398797,2,4
398791,398795,398797,2,4
398791,398795,398797,2,4
398791,398791,398798,7,0
398791,398796,398798,2,5
398791,398796,398798,2,5
398791,398796,398798,2,5
398791,398796,398798,2,5
398791,398791,398799,8,0
398791,398791,398799,8,0
398791,398797,398799,2,6
398791,398797,398800,3,6
398791,398797,398800,3,6
398791,398797,398800,3,6
398791,398797,398800,3,6
398791,398797,398799,2,6
398791,398797,398800,3,6
398791,398798,398800,2,7
398791,398791,398800,9,0
398791,398798,398801,3,7
398791,398798,398800,2,7
398791,398798,398801,3,7
398791,398791,398800,9,0
398791,398798,398801,3,7
398791,398791,398802,11,0
398791,398799,398801,2,8
398791,398799,398802,3,8
398791,398799,398802,3,8
398791,398791,398803,12,0
398791,398799,398803,4,8
398791,398791,398805,14,0
398791,398791,398805,14,0
398791,398791,398805,14,0
398791,398791,398805,14,0
398791,398791,398807,16,0
398791,398798,398807,9,7
398791,398791,398809,18,0
398791,398791,398809,18,0
398791,398791,398811,20,0
398791,398791,398812,21,0
398791,398797,398812,15,6
398791,398791,398812,21,0
398791,398791,398813,22,0
398791,398791,398817,26,0
398791,398791,398821,30,0
398791,398791,398820,29,0
398791,398791,398823,32,0
397313,397328,398824,1496,15
398841,398842,398845,3,1
398841,398842,398845,3,1
398841,398842,398845,3,1
398841,398842,398845,3,1
398841,398842,398846,4,1
398841,398842,398846,4,1
398841,398842,398846,4,1
398841,398842,398847,5,1
398841,398842,398847,5,1
398841,398842,398847,5,1
398841,398846,398847,1,5
398841,398846,398847,1,5
398841,398842,398847,5,1
398841,398846,398848,2,5
398841,398842,398848,6,1
398841,398842,398848,6,1
398841,398842,398849,7,1
398841,398847,398849,2,6
398841,398842,398849,7,1
398841,398847,398849,2,6
398841,398847,398849,2,6
398841,398848,398850,2,7
398841,398848,398849,1,7
398841,398848,398849,1,7
398841,398842,398849,7,1
398841,398848,398849,1,7
398841,398842,398850,8,1
398841,398842,398850,8,1
398841,398848,398850,2,7
398841,398848,398850,2,7
398841,398849,398851,2,8
398841,398849,398851,2,8
398841,398848,398850,2,7
398841,398849,398851,2,8
398841,398846,398851,5,5
398841,398849,398851,2,8
398841,398850,398852,2,9
398841,398850,398852,2,9
398841,398850,398852,2,9
398841,398842,398852,10,1
398841,398850,398852,2,9
398841,398850,398852,2,9
398841,398850,398852,2,9
398841,398850,398852,2,9
398841,398850,398852,2,9
398841,398851,398853,2,10
398841,398851,398853,2,10
398841,398842,398854,12,1
398841,398842,398854,12,1
398841,398842,398854,12,1
398841,398851,398857,6,10
398841,398842,398857,15,1
398841,398842,398857,15,1
398841,398842,398844,2,1
398841,398842,398847,5,1
398841,398842,398848,6,1
398841,398842,398858,16,1
398841,398842,398860,18,1
398841,398842,398861,19,1
398841,398842,398863,21,1
398841,398842,398863,21,1
398841,398842,398864,22,1
398841,398842,398864,22,1
398841,398842,398865,23,1
398841,398842,398866,24,1
398841,398842,398868,26,1
398841,398842,398869,27,1
398841,398842,398870,28,1
398841,398842,398872,30,1
398841,398842,398874,32,1
397383,397396,398875,1479,13
398892,398892,398895,3,0
398892,398892,398895,3,0
398892,398892,398895,3,0
398892,398892,398897,5,0
398892,398892,398897,5,0
398892,398892,398897,5,0
398892,398895,398897,2,3
398892,398892,398897,5,0
398892,398892,398897,5,0
398892,398895,398897,2,3
398892,398892,398897,5,0
398892,398896,398898,2,4
398892,398892,398898,6,0
398892,398892,398897,5,0
398892,398892,398897,5,0
398892,398892,398897,5,0
398892,398897,398899,2,5
398892,398892,398898,6,0
398892,398897,398899,2,5
398892,398897,398899,2,5
398892,398897,398899,2,5
398892,398897,398899,2,5
398892,398897,398899,2,5
398892,398892,398899,7,0
398892,398897,398900,3,5
398892,398892,398899,7,0
398892,398898,398900,2,6
398892,398898,398900,2,6
398892,398898,398900,2,6
398892,398898,398901,3,6
398892,398898,398901,3,6
398892,398898,398901,3,6
398892,398899,398901,2,7
398892,398899,398901,2,7
398892,398899,398901,2,7
398892,398899,398901,2,7
398892,398892,398902,10,0
398892,398892,398902,10,0
398892,398892,398902,10,0
398892,398892,398902,10,0
398892,398892,398902,10,0
398892,398899,398902,3,7
398892,398899,398902,3,7
398892,398899,398902,3,7
398892,398900,398902,2,8
398892,398900,398903,3,8
398892,398900,398902,2,8
398892,398900,398903,3,8
398892,398892,398901,9,0
398892,398900,398903,3,8
398892,398892,398903,11,0
398892,398892,398903,11,0
398892,398892,398905,13,0
398892,398892,398905,13,0
398892,398892,398906,14,0
398892,398892,398907,15,0
398892,398892,398907,15,0
398892,398892,398908,16,0
398892,398892,398909,17,0
398892,398892,398912,20,0
398892,398892,398905,13,0
398892,398892,398914,22,0
398892,398892,398916,24,0
398892,398892,398918,26,0
398892,398892,398917,25,0
398892,398892,398918,26,0
398892,398892,398919,27,0
398892,398892,398920,28,0
398892,398892,398925,33,0
398892,398892,398930,38,0
397461,397476,398975,1499,15
398976,398976,398978,2,0
398976,398976,398980,4,0
398976,398976,398980,4,0
398976,398976,398979,3,0
398976,398976,398979,3,0
398976,398976,398980,4,0
398976,398976,398980,4,0
398976,398976,398980,4,0
398976,398976,398981,5,0
398976,398976,398981,5,0
398976,398976,398981,5,0
398976,398979,398981,2,3
398976,398976,398981,5,0
398976,398976,398981,5,0
398976,398976,398982,6,0
398976,398976,398981,5,0
398976,398976,398981,5,0
398976,398980,398982,2,4
398976,398980,398982,2,4
398976,398980,398982,2,4
398976,398980,398983,3,4
398976,398980,398982,2,4
398976,398980,398983,3,4
398976,398976,398983,7,0
398976,398981,398983,2,5
398976,398981,398983,2,5
398976,398981,398983,2,5
398976,398981,398983,2,5
398976,398981,398984,3,5
398976,398982,398984,2,6
398976,398982,398984,2,6
398976,398976,398985,9,0
398976,398982,398984,2,6
398976,398982,398984,2,6
398976,398982,398985,3,6
398976,398983,398985,2,7
398976,398983,398985,2,7
398976,398976,398986,10,0
398976,398976,398985,9,0
398976,398976,398986,10,0
398976,398983,398985,2,7
398976,398983,398986,3,7
398976,398983,398986,3,7
398976,398983,398986,3,7
398976,398983,398986,3,7
398976,398983,398985,2,7
398976,398976,398987,11,0
398976,398976,398987,11,0
398976,398976,398987,11,0
398976,398976,398988,12,0
398976,398976,398985,9,0
398976,398976,398990,14,0
398976,398982,398989,7,6
398976,398976,398991,15,0
398976,398976,398993,17,0
398976,398976,398993,17,0
398976,398976,398993,17,0
398976,398976,398995,19,0
398976,398976,398996,20,0
398976,398976,398996,20,0
398976,398976,398994,18,0
398976,398976,398997,21,0
398976,398976,398998,22,0
398976,398982,398999,17,6
398976,398976,399000,24,0
398976,398976,399003,27,0
398976,398976,399012,36,0
398976,398976,399009,33,0
398976,398976,399020,44,0
398976,398976,399020,44,0
397544,397563,399088,1525,19
399089,399089,399092,3,0
399089,399089,399092,3,0
399089,399089,399093,4,0
399089,399089,399092,3,0
399089,399089,399093,4,0
399089,399089,399093,4,0
399089,399089,399092,3,0
399089,399089,399094,5,0
399089,399089,399094,5,0
399089,399089,399094,5,0
399089,399092,399094,2,3
399089,399093,399095,2,4
399089,399089,399094,5,0
399089,399089,399095,6,0
399089,399093,399095,2,4
399089,399089,399095,6,0
399089,399089,399094,5,0
399089,399089,399095,6,0
399089,399093,399095,2,4
399089,399093,399095,2,4
399089,399093,399096,3,4
399089,399093,399095,2,4
399089,399094,399096,2,5
399089,399094,399096,2,5
399089,399094,399096,2,5
399089,399094,399096,2,5
399089,399095,399097,2,6
399089,399095,399097,2,6
399089,399089,399098,9,0
399089,399089,399097,8,0
399089,399089,399097,8,0
399089,399089,399097,8,0
399089,399095,399098,3,6
399089,399095,399097,2,6
399089,399095,399097,2,6
399089,399095,399097,2,6
399089,399096,399098,2,7
399089,399089,399099,10,0
399089,399096,399098,2,7
399089,399096,399098,2,7
399089,399096,399098,2,7
399089,399096,399098,2,7
399089,399096,399098,2,7
399089,399096,399098,2,7
399089,399089,399099,10,0
399089,399089,399099,10,0
399089,399097,399099,2,8
399089,399097,399099,2,8
399089,399089,399100,11,0
399089,399089,399100,11,0
399089,399089,399100,11,0
399089,399089,399101,12,0
399089,399089,399102,13,0
399089,399089,399103,14,0
399089,399089,399104,15,0
399089,399089,399099,10,0
399089,399089,399105,16,0
399089,399089,399106,17,0
399089,399089,399106,17,0
399089,399089,399106,17,0
399089,399089,399106,17,0
399089,399089,399107,18,0
399089,399089,399109,20,0
399089,399089,399111,22,0
399089,399089,399113,24,0
399089,399089,399115,26,0
399089,399089,399117,28,0
399089,399089,399120,31,0
399089,399089,399120,31,0
399089,399089,399125,36,0
401516,401516,401615,99,0
401657,401657,401660,3,0
401657,401657,401660,3,0
401657,401658,401660,2,1
401658,401658,401661,3,0
401658,401658,401661,3,0
401658,401658,401661,3,0
401659,401659,401662,3,0
401658,401658,401661,3,0
401659,401659,401662,3,0
401660,401660,401663,3,0
401660,401660,401663,3,0
401659,401659,401662,3,0
401658,401658,401662,4,0
401659,401659,401662,3,0
401659,401659,401663,4,0
401661,401661,401663,2,0
401658,401658,401663,5,0
401661,401661,401663,2,0
401660,401660,401663,3,0
401660,401660,401664,4,0
401660,401660,401663,3,0
401660,401661,401664,3,1
401510,401510,401664,154,0
401661,401661,401664,3,0
401662,401662,401664,2,0
401660,401660,401664,4,0
401494,401494,401664,170,0
401659,401659,401664,5,0
401659,401660,401664,4,1
401661,401661,401665,4,0
401662,401662,401665,3,0
401662,401662,401665,3,0
401662,401662,401665,3,0
401663,401663,401665,2,0
401661,401661,401666,5,0
401662,401662,401665,3,0
401662,401662,401666,4,0
401661,401661,401666,5,0
401663,401663,401667,4,0
401658,401658,401668,10,0
401663,401663,401669,6,0
401662,401662,401669,7,0
134482,134482,401669,267187,0
401750,401750,402694,944,0
401753,401753,402698,945,0
401760,401760,402701,941,0
402696,402696,402703,7,0
402696,402701,402705,4,5
402696,402699,402705,6,3
402696,402696,402706,10,0
402696,402705,402707,2,9
402696,402696,402708,12,0
401755,401755,402708,953,0
402696,402706,402708,2,10
402696,402706,402708,2,10
402696,402696,402710,14,0
401752,401752,402711,959,0
402696,402696,402711,15,0
402696,402696,402711,15,0
402696,402696,402710,14,0
402696,402696,402711,15,0
402696,402708,402711,3,12
402696,402709,402711,2,13
402696,402709,402712,3,13
402696,402709,402712,3,13
402696,402706,402713,7,10
402696,402712,402714,2,16
402696,402711,402714,3,15
402696,402696,402714,18,0
402696,402696,402714,18,0
402696,402696,402715,19,0
402696,402696,402712,16,0
402696,402712,402714,2,16
402696,402696,402715,19,0
402696,402713,402715,2,17
402696,402713,402715,2,17
402696,402696,402716,20,0
402696,402696,402715,19,0
402696,402712,402716,4,16
402696,402714,402716,2,18
402696,402714,402717,3,18
402696,402696,402716,20,0
402696,402696,402717,21,0
402696,402715,402717,2,19
402696,402696,402718,22,0
402696,402714,402718,4,18
402696,402716,402718,2,20
402696,402716,402718,2,20
402696,402712,402719,7,16
402696,402715,402719,4,19
402696,402717,402719,2,21
402696,402696,402718,22,0
402696,402717,402720,3,21
402696,402696,402720,24,0
402696,402712,402720,8,16
402696,402715,402720,5,19
402696,402718,402721,3,22
402696,402696,402721,25,0
402696,402716,402721,5,20
402696,402717,402721,4,21
402696,402719,402722,3,23
402696,402719,402721,2,23
402696,402715,402720,5,19
402696,402717,402723,6,21
402696,402719,402723,4,23
401762,401763,402724,961,1
402699,402720,402724,4,21
402699,402720,402724,4,21
402699,402721,402726,5,22
402696,402711,402723,12,15
402699,402722,402728,6,23
402696,402715,402729,14,19
402696,402719,402723,4,23
402699,402722,402729,7,23
402696,402716,402729,13,20
402699,402724,402731,7,25
402699,402724,402732,8,25
402696,402718,402732,14,22
402696,402720,402732,12,24
401757,401757,402733,976,0
402699,402729,402732,3,30
402699,402724,402733,9,25
402699,402731,402734,3,32
402699,402732,402735,3,33
402699,402727,402735,8,28
402699,402721,402735,14,22
402699,402733,402736,3,34
402699,402733,402736,3,34
402699,402734,402736,2,35
402696,402708,402736,28,12
402699,402734,402737,3,35
402699,402721,402737,16,22
401759,401759,402738,979,0
402699,402736,402738,2,37
402699,402735,402738,3,36
402699,402735,402738,3,36
402699,402722,402739,17,23
402699,402733,402739,6,34
402699,402736,402739,3,37
402699,402728,402739,11,29
402699,402737,402739,2,38
402699,402738,402740,2,39
402699,402738,402740,2,39
402699,402737,402740,3,38
401758,401758,402740,982,0
402699,402738,402741,3,39
402699,402739,402741,2,40
402699,402738,402741,3,39
402699,402723,402742,19,24
402699,402740,402742,2,41
402699,402740,402742,2,41
402699,402737,402742,5,38
402699,402724,402742,18,25
402699,402740,402743,3,41
402699,402742,402744,2,43
401751,401751,402744,993,0
401769,401769,402743,974,0
402699,402741,402743,2,42
402699,402741,402743,2,42
402699,402738,402743,5,39
402699,402739,402744,5,40
402699,402721,402744,23,22
402699,402742,402744,2,43
402699,402742,402744,2,43
402699,402741,402744,3,42
402699,402739,402745,6,40
401765,401765,402745,980,0
402699,402744,402746,2,45
402699,402743,402746,3,44
402699,402743,402745,2,44
402699,402744,402746,2,45
402699,402744,402746,2,45
402699,402744,402746,2,45
402699,402744,402746,2,45
402699,402744,402746,2,45
402699,402743,402747,4,44
402702,402745,402748,3,43
402702,402745,402748,3,43
402699,402743,402748,5,44
402699,402722,402746,24,23
402702,402746,402749,3,44
402696,402710,402749,39,14
402702,402745,402749,4,43
402702,402746,402749,3,44
402699,402729,402750,21,30
402699,402729,402750,21,30
402699,402730,402750,20,31
402702,402746,402751,5,44
402702,402747,402752,5,45
402702,402747,402751,4,45
402702,402750,402752,2,48
402696,402717,402753,36,21
402702,402750,402753,3,48
402699,402736,402754,18,37
402702,402746,402754,8,44
402702,402750,402754,4,48
402702,402747,402754,7,45
402702,402752,402754,2,50
402699,402744,402753,9,45
402702,402751,402755,4,49
401766,401768,402754,986,2
402702,402751,402754,3,49
402702,402752,402755,3,50
402702,402745,402754,9,43
402702,402753,402755,2,51
402699,402743,402755,12,44
402702,402747,402755,8,45
402702,402754,402756,2,52
402702,402754,402756,2,52
402702,402747,402756,9,45
402702,402754,402756,2,52
402702,402754,402756,2,52
402702,402749,402757,8,47
402702,402754,402756,2,52
401763,401764,402758,994,1
402702,402755,402758,3,53
402702,402755,402758,3,53
402702,402755,402758,3,53
402702,402750,402758,8,48
402702,402754,402758,4,52
402702,402755,402757,2,53
402702,402756,402758,2,54
401775,401776,402758,982,1
402702,402756,402758,2,54
402702,402756,402758,2,54
402702,402757,402759,2,55
402702,402757,402759,2,55
402702,402757,402760,3,55
402699,402722,402755,33,23
402702,402745,402757,12,43
402702,402757,402760,3,55
402702,402757,402760,3,55
402702,402758,402761,3,56
402702,402758,402761,3,56
402702,402758,402761,3,56
402702,402758,402761,3,56
402702,402758,402761,3,56
402702,402759,402761,2,57
402702,402759,402761,2,57
402702,402759,402761,2,57
402702,402749,402762,13,47
402702,402758,402761,3,56
402702,402760,402762,2,58
402702,402760,402763,3,58
402702,402760,402763,3,58
402699,402720,402763,43,21
402699,402728,402763,35,29
402702,402761,402763,2,59
402709,402761,402763,2,52
402699,402733,402764,31,34
402702,402754,402764,10,52
401770,401772,402764,992,2
402709,402761,402765,4,52
402709,402762,402765,3,53
402702,402755,402765,10,53
402702,402758,402765,7,56
402702,402754,402765,11,52
402696,402696,402765,69,0
402696,402697,402766,69,1
402702,402750,402766,16,48
402709,402761,402766,5,52
402702,402751,402767,16,49
402709,402762,402767,5,53
402709,402761,402767,6,52
402709,402761,402767,6,52
402709,402762,402768,6,53
402709,402763,402768,5,54
402709,402765,402769,4,56
402709,402768,402769,1,59
402702,402748,402769,21,46
402709,402767,402769,2,58
402709,402762,402770,8,53
402709,402768,402771,3,59
402709,402768,402770,2,59
402709,402763,402770,7,54
402709,402766,402770,4,57
402709,402763,402771,8,54
402709,402770,402771,1,61
402709,402770,402771,1,61
402709,402769,402771,2,60
402709,402769,402771,2,60
402702,402758,402772,14,56
402709,402771,402773,2,62
402699,402723,402768,45,24
402709,402771,402773,2,62
402709,402770,402772,2,61
402709,402765,402773,8,56
402709,402762,402773,11,53
402709,402771,402773,2,62
402709,402771,402773,2,62
402709,402772,402774,2,63
402709,402772,402774,2,63
402709,402764,402773,9,55
402709,402764,402773,9,55
402709,402765,402774,9,56
402709,402770,402774,4,61
402709,402773,402775,2,64
402709,402772,402774,2,63
402709,402772,402775,3,63
402709,402772,402774,2,63
402709,402773,402775,2,64
402709,402767,402775,8,58
402709,402766,402775,9,57
402709,402773,402776,3,64
402709,402773,402775,2,64
402709,402774,402776,2,65
402709,402774,402776,2,65
402709,402771,402775,4,62
402709,402764,402776,12,55
402709,402774,402777,3,65
402709,402774,402776,2,65
402709,402774,402776,2,65
402709,402774,402776,2,65
402709,402774,402776,2,65
402709,402775,402777,2,66
402709,402775,402777,2,66
402709,402775,402777,2,66
402709,402775,402777,2,66
402702,402749,402757,8,47
402709,402765,402778,13,56
402709,402775,402778,3,66
402709,402775,402779,4,66
402709,402775,402779,4,66
402712,402776,402780,4,64
402712,402776,402780,4,64
402712,402776,402780,4,64
402712,402776,402779,3,64
402709,402773,402780,7,64
402709,402764,402781,17,55
402712,402777,402782,5,65
402712,402777,402781,4,65
402709,402773,402777,4,64
402709,402764,402781,17,55
402709,402766,402780,14,57
402696,402696,402767,71,0
402696,402697,402779,82,1
402712,402777,402783,6,65
402709,402775,402783,8,66
402712,402777,402783,6,65
402712,402777,402784,7,65
402712,402778,402784,6,66
402702,402779,402784,5,77
402712,402778,402784,6,66
402712,402778,402783,5,66
402712,402782,402785,3,70
402712,402778,402784,6,66
402712,402782,402784,2,70
402712,402779,402785,6,67
402712,402779,402785,6,67
402712,402784,402786,2,72
402712,402780,402786,6,68
402712,402783,402786,3,71
402712,402784,402786,2,72
402702,402761,402787,26,59
402712,402784,402787,3,72
402712,402784,402787,3,72
402712,402785,402787,2,73
402712,402784,402787,3,72
402712,402785,402787,2,73
402712,402785,402787,2,73
402712,402786,402788,2,74
402712,402786,402788,2,74
402712,402776,402788,12,64
402712,402780,402788,8,68
402712,402785,402788,3,73
402712,402785,402787,2,73
402712,402786,402788,2,74
402712,402786,402788,2,74
402712,402784,402789,5,72
402712,402787,402789,2,75
402712,402788,402789,1,76
402712,402787,402789,2,75
402712,402787,402790,3,75
402709,402764,402790,26,55
402712,402780,402790,10,68
402712,402788,402790,2,76
402712,402788,402790,2,76
402712,402780,402791,11,68
402712,402787,402790,3,75
402712,402789,402791,2,77
402712,402789,402791,2,77
402712,402788,402791,3,76
402712,402790,402792,2,78
402712,402789,402791,2,77
402712,402789,402792,3,77
402712,402789,402791,2,77
402712,402781,402791,10,69
402702,402750,402789,39,48
402702,402755,402790,35,53
402702,402761,402792,31,59
402712,402790,402792,2,78
402712,402789,402793,4,77
402712,402791,402793,2,79
402712,402791,402794,3,79
402709,402766,402786,20,57
402726,402791,402794,3,65
402726,402791,402795,4,65
402712,402781,402795,14,69
402726,402791,402795,4,65
402726,402791,402795,4,65
402726,402791,402795,4,65
402726,402791,402796,5,65
402709,402766,402796,30,57
402712,402783,402796,13,71
402726,402791,402796,5,65
402726,402792,402796,4,66
402726,402794,402796,2,68
402726,402794,402796,2,68
402726,402792,402796,4,66
402726,402795,402797,2,69
402726,402793,402796,3,67
402726,402795,402796,1,69
402726,402796,402797,1,70
402726,402796,402798,2,70
402712,402783,402797,14,71
402726,402796,402798,2,70
402712,402783,402797,14,71
402712,402779,402798,19,67
402726,402794,402798,4,68
402712,402783,402798,15,71
402726,402796,402798,2,70
402726,402797,402799,2,71
402726,402797,402799,2,71
402726,402797,402799,2,71
402726,402797,402799,2,71
402726,402797,402799,2,71
402726,402793,402799,6,67
402726,402796,402799,3,70
402726,402797,402799,2,71
402726,402792,402799,7,66
402726,402797,402799,2,71
402726,402797,402799,2,71
402726,402797,402799,2,71
402726,402798,402800,2,72
402712,402780,402800,20,68
402726,402792,402801,9,66
402726,402792,402800,8,66
402726,402798,402800,2,72
402726,402799,402801,2,73
402726,402798,402800,2,72
402726,402799,402801,2,73
402726,402799,402801,2,73
402726,402799,402801,2,73
402726,402799,402801,2,73
402726,402799,402801,2,73
402726,402800,402803,3,74
402726,402800,402803,3,74
402726,402800,402802,2,74
402726,402800,402802,2,74
402726,402801,402803,2,75
402726,402801,402803,2,75
402726,402798,402803,5,72
402712,402783,402803,20,71
402726,402801,402804,3,75
402726,402800,402803,3,74
402726,402801,402803,2,75
402726,402802,402804,2,76
402726,402802,402804,2,76
402726,402798,402801,3,72
402726,402798,402803,5,72
402726,402800,402802,2,74
402726,402799,402804,5,73
402726,402801,402804,3,75
402726,402801,402804,3,75
402726,402802,402805,3,76
402726,402802,402804,2,76
402712,402783,402806,23,71
402726,402800,402806,6,74
402712,402788,402806,18,76
402726,402799,402806,7,73
402712,402780,402806,26,68
402712,402777,402806,29,65
402726,402798,402806,8,72
402735,402803,402806,3,68
402735,402803,402806,3,68
402735,402803,402807,4,68
402735,402803,402808,5,68
402735,402803,402808,5,68
402735,402803,402808,5,68
402735,402807,402809,2,72
402735,402805,402809,4,70
402735,402804,402809,5,69
402735,402804,402809,5,69
402735,402807,402809,2,72
402726,402796,402809,13,70
402712,402787,402809,22,75
402735,402807,402809,2,72
402735,402804,402810,6,69
402735,402807,402810,3,72
402735,402804,402810,6,69
402735,402809,402811,2,74
402735,402809,402811,2,74
402735,402808,402811,3,73
402735,402809,402811,2,74
402735,402809,402811,2,74
402735,402810,402811,1,75
402735,402810,402811,1,75
402735,402805,402812,7,70
402735,402809,402812,3,74
402735,402810,402812,2,75
402735,402811,402813,2,76
402735,402810,402813,3,75
402735,402812,402813,1,77
402735,402812,402814,2,77
402735,402804,402814,10,69
402735,402810,402814,4,75
402735,402804,402814,10,69
402735,402811,402813,2,76
402735,402804,402814,10,69
402735,402811,402814,3,76
402735,402812,402814,2,77
402735,402812,402814,2,77
402735,402813,402815,2,78
402735,402813,402815,2,78
402735,402812,402815,3,77
402735,402813,402815,2,78
402735,402811,402815,4,76
402735,402813,402815,2,78
402735,402810,402816,6,75
402735,402814,402816,2,79
402735,402807,402817,10,72
402735,402807,402816,9,72
402735,402814,402816,2,79
402735,402805,402817,12,70
402735,402814,402817,3,79
402735,402815,402817,2,80
402735,402815,402817,2,80
402735,402815,402817,2,80
402735,402815,402817,2,80
402735,402815,402817,2,80
402735,402816,402818,2,81
402735,402816,402818,2,81
402735,402816,402819,3,81
402735,402807,402819,12,72
402735,402805,402819,14,70
402735,402805,402812,7,70
402735,402805,402813,8,70
402735,402805,402814,9,70
402739,402816,402819,3,77
402739,402817,402820,3,78
402726,402792,402820,28,66
402739,402818,402822,4,79
402739,402817,402821,4,78
402739,402821,402822,1,82
402735,402810,402823,13,75
402739,402820,402822,2,81
402735,402807,402823,16,72
402726,402792,402823,31,66
402726,402792,402823,31,66
402735,402814,402823,9,79
402739,402816,402823,7,77
402739,402818,402823,5,79
402739,402818,402824,6,79
402739,402822,402824,2,83
402739,402822,402824,2,83
402739,402823,402825,2,84
402739,402823,402825,2,84
402739,402818,402825,7,79
402739,402818,402826,8,79
402739,402824,402826,2,85
402739,402824,402826,2,85
402726,402792,402826,34,66
402739,402817,402826,9,78
402739,402819,402826,7,80
402739,402817,402826,9,78
402739,402817,402827,10,78
402739,402824,402826,2,85
402739,402820,402828,8,81
402739,402825,402827,2,86
402739,402825,402827,2,86
402739,402818,402828,10,79
402739,402825,402827,2,86
402739,402824,402828,4,85
402739,402819,402828,9,80
402739,402826,402828,2,87
402739,402823,402829,6,84
402739,402826,402829,3,87
402739,402826,402828,2,87
402739,402827,402829,2,88
402735,402806,402827,21,71
402739,402826,402829,3,87
402739,402828,402830,2,89
402739,402827,402829,2,88
402739,402829,402831,2,90
402739,402828,402831,3,89
402739,402828,402830,2,89
402739,402824,402830,6,85
402739,402818,402831,13,79
402739,402829,402831,2,90
402739,402829,402831,2,90
402739,402823,402832,9,84
402739,402830,402832,2,91
402739,402830,402832,2,91
402739,402830,402832,2,91
402739,402828,402832,4,89
402739,402823,402830,7,84
402739,402819,402832,13,80
402739,402830,402833,3,91
402739,402830,402832,2,91
402739,402830,402833,3,91
402739,402831,402833,2,92
402739,402823,402833,10,84
402739,402823,402833,10,84
402739,402829,402834,5,90
402735,402814,402833,19,79
402739,402831,402834,3,92
402739,402831,402834,3,92
402743,402833,402836,3,90
402743,402832,402835,3,89
402743,402832,402836,4,89
402743,402832,402836,4,89
402735,402805,402836,31,70
402743,402833,402837,4,90
402743,402833,402837,4,90
402739,402832,402837,5,93
402739,402829,402837,8,90
402743,402836,402839,3,93
402743,402837,402839,2,94
402743,402833,402838,5,90
402743,402833,402838,5,90
402743,402833,402839,6,90
402743,402834,402839,5,91
402743,402836,402839,3,93
402739,402827,402834,7,88
402743,402834,402839,5,91
402743,402837,402839,2,94
402739,402827,402839,12,88
402739,402827,402840,13,88
402743,402836,402840,4,93
402743,402836,402840,4,93
402743,402839,402841,2,96
402743,402839,402841,2,96
402743,402839,402841,2,96
402743,402839,402841,2,96
402743,402840,402841,1,97
402743,402833,402841,8,90
402743,402840,402842,2,97
402743,402837,402842,5,94
402743,402833,402841,8,90
402743,402839,402842,3,96
402743,402837,402841,4,94
402743,402839,402842,3,96
402743,402840,402842,2,97
402743,402841,402843,2,98
402743,402841,402843,2,98
402743,402834,402843,9,91
402743,402841,402843,2,98
402743,402841,402843,2,98
402743,402842,402844,2,99
402743,402842,402844,2,99
402743,402842,402844,2,99
402743,402842,402844,2,99
402743,402837,402844,7,94
402743,402842,402845,3,99
402743,402842,402845,3,99
402743,402843,402845,2,100
402743,402843,402846,3,100
402743,402843,402846,3,100
402743,402843,402845,2,100
402743,402844,402846,2,101
402743,402843,402846,3,100
402739,402819,402842,23,80
402743,402844,402846,2,101
402743,402844,402846,2,101
402743,402842,402846,4,99
402743,402845,402847,2,102
402743,402845,402847,2,102
402743,402845,402847,2,102
402743,402842,402847,5,99
402743,402840,402848,8,97
402743,402846,402848,2,103
402743,402845,402848,3,102
402743,402845,402848,3,102
402743,402846,402849,3,103
402735,402811,402847,36,76
402739,402820,402848,28,81
402745,402846,402849,3,101
402745,402846,402849,3,101
402745,402847,402850,3,102
402745,402847,402850,3,102
402743,402845,402850,5,102
402739,402820,402851,31,81
402743,402833,402852,19,90
402743,402840,402852,12,97
402739,402820,402852,32,81
402745,402849,402853,4,104
402743,402840,402854,14,97
402745,402849,402854,5,104
402745,402848,402855,7,103
402745,402846,402855,9,101
402745,402849,402854,5,104
402745,402849,402855,6,104
402745,402847,402855,8,102
402743,402834,402856,22,91
402743,402842,402857,15,99
402745,402855,402857,2,110
402745,402848,402858,10,103
402745,402848,402858,10,103
402745,402850,402858,8,105
402745,402856,402859,3,111
402745,402856,402858,2,111
402745,402850,402859,9,105
402745,402856,402859,3,111
402745,402856,402859,3,111
402745,402856,402859,3,111
402739,402830,402860,30,91
402745,402858,402860,2,113
402745,402859,402861,2,114
402745,402850,402860,10,105
402745,402858,402860,2,113
402745,402858,402860,2,113
402745,402857,402861,4,112
402745,402859,402861,2,114
402745,402860,402862,2,115
402745,402848,402862,14,103
402743,402834,402861,27,91
402745,402854,402862,8,109
402745,402856,402861,5,111
402745,402859,402861,2,114
402745,402861,402863,2,116
402745,402857,402863,6,112
402745,402860,402862,2,115
402745,402860,402863,3,115
402745,402860,402862,2,115
402745,402861,402863,2,116
402745,402847,402863,16,102
402745,402861,402863,2,116
402745,402862,402864,2,117
402745,402851,402864,13,106
402745,402861,402864,3,116
402745,402861,402864,3,116
402745,402848,402864,16,103
402745,402862,402864,2,117
402745,402863,402865,2,118
402745,402862,402865,3,117
402745,402863,402866,3,118
402745,402863,402866,3,118
402745,402863,402866,3,118
402745,402861,402864,3,116
402745,402864,402866,2,119
402745,402864,402866,2,119
402745,402862,402866,4,117
402743,402834,402867,33,91
402745,402852,402867,15,107
402745,402863,402867,4,118
402745,402862,402867,5,117
402745,402863,402868,5,118
402745,402864,402869,5,119
402745,402852,402869,17,107
402745,402864,402869,5,119
402745,402864,402869,5,119
402745,402867,402869,2,122
402745,402862,402870,8,117
402745,402868,402870,2,123
402745,402862,402870,8,117
402745,402865,402870,5,120
402745,402867,402870,3,122
402745,402869,402871,2,124
402745,402868,402871,3,123
402745,402867,402871,4,122
402745,402870,402872,2,125
402745,402852,402872,20,107
402745,402867,402872,5,122
402745,402870,402872,2,125
402745,402865,402872,7,120
402745,402865,402872,7,120
402745,402871,402873,2,126
402745,402869,402872,3,124
402745,402870,402872,2,125
402745,402871,402873,2,126
402745,402867,402874,7,122
402745,402871,402873,2,126
402745,402871,402873,2,126
402745,402871,402874,3,126
402745,402872,402874,2,127
402745,402872,402874,2,127
402745,402872,402874,2,127
402745,402872,402875,3,127
402745,402873,402875,2,128
402745,402873,402875,2,128
402745,402873,402875,2,128
402745,402872,402875,3,127
402745,402870,402875,5,125
402745,402873,402875,2,128
402745,402864,402875,11,119
402745,402866,402876,10,121
402745,402865,402876,11,120
402745,402874,402876,2,129
402745,402875,402877,2,130
402745,402867,402871,4,122
402745,402872,402877,5,127
402745,402872,402877,5,127
402745,402874,402877,3,129
402745,402874,402877,3,129
402745,402873,402877,4,128
402745,402875,402878,3,130
402745,402875,402878,3,130
402745,402875,402878,3,130
402745,402876,402878,2,131
402745,402876,402878,2,131
402745,402876,402878,2,131
402745,402876,402879,3,131
402745,402877,402880,3,132
402745,402877,402879,2,132
402745,402877,402879,2,132
402745,402877,402880,3,132
402745,402877,402880,3,132
402745,402879,402880,1,134
402745,402853,402855,2,108
402745,402850,402858,8,105
402745,402850,402858,8,105
402745,402876,402880,4,131
402743,402833,402880,47,90
402745,402877,402881,4,132
402745,402878,402880,2,133
402745,402879,402881,2,134
402745,402875,402882,7,130
402745,402876,402882,6,131
402745,402867,402881,14,122
402745,402877,402882,5,132
402745,402877,402883,6,132
402745,402878,402882,4,133
402747,402879,402883,4,132
402747,402879,402884,5,132
402747,402879,402884,5,132
402747,402881,402884,3,134
402747,402882,402884,2,135
402747,402880,402885,5,133
402747,402880,402885,5,133
402747,402880,402885,5,133
402747,402884,402886,2,137
402747,402884,402886,2,137
402747,402882,402886,4,135
402747,402884,402886,2,137
402747,402881,402886,5,134
402747,402882,402886,4,135
402747,402882,402886,4,135
402747,402883,402887,4,136
402745,402862,402887,25,117
402743,402834,402882,48,91
402747,402884,402887,3,137
402747,402885,402887,2,138
402747,402885,402887,2,138
402747,402885,402887,2,138
402747,402883,402887,4,136
402747,402885,402887,2,138
402747,402886,402888,2,139
402747,402886,402888,2,139
402747,402886,402889,3,139
402747,402881,402889,8,134
402747,402888,402890,2,141
402747,402886,402890,4,139
402747,402888,402890,2,141
402747,402888,402890,2,141
402747,402888,402890,2,141
402747,402881,402890,9,134
402747,402888,402891,3,141
402747,402888,402891,3,141
402747,402882,402891,9,135
402747,402881,402892,11,134
402747,402889,402892,3,142
402747,402889,402892,3,142
402747,402890,402892,2,143
402747,402890,402893,3,143
402747,402890,402892,2,143
402747,402887,402892,5,140
402745,402870,402892,22,125
402747,402891,402893,2,144
402747,402891,402893,2,144
402747,402891,402894,3,144
402747,402891,402894,3,144
402747,402891,402894,3,144
402747,402887,402894,7,140
402747,402888,402893,5,141
402747,402891,402894,3,144
402747,402887,402894,7,140
402747,402881,402895,14,134
402747,402892,402895,3,145
402747,402892,402895,3,145
402747,402890,402895,5,143
402747,402893,402896,3,146
402747,402893,402895,2,146
402747,402887,402891,4,140
402747,402893,402895,2,146
402745,402867,402896,29,122
402747,402887,402896,9,140
402747,402894,402896,2,147
402747,402894,402896,2,147
402747,402892,402897,5,145
402747,402893,402898,5,146
402755,402894,402899,5,139
402755,402894,402899,5,139
402755,402897,402899,2,142
402755,402897,402900,3,142
402755,402896,402900,4,141
402745,402876,402900,24,131
402747,402891,402901,10,144
402755,402897,402901,4,142
402745,402896,402901,5,151
402755,402899,402902,3,144
402755,402900,402902,2,145
402755,402896,402902,6,141
402755,402898,402902,4,143
402755,402900,402902,2,145
402755,402900,402902,2,145
402755,402900,402903,3,145
402755,402895,402903,8,140
402747,402893,402897,4,146
402755,402896,402904,8,141
402755,402901,402905,4,146
402755,402902,402905,3,147
402755,402902,402905,3,147
402755,402901,402905,4,146
402755,402902,402905,3,147
402755,402901,402905,4,146
402755,402903,402905,2,148
402755,402894,402905,11,139
402755,402894,402906,12,139
402747,402881,402905,24,134
402755,402896,402906,10,141
402755,402902,402906,4,147
402755,402903,402906,3,148
402755,402903,402906,3,148
402755,402904,402906,2,149
402755,402896,402907,11,141
402755,402905,402907,2,150
402755,402905,402908,3,150
402755,402905,402908,3,150
402755,402906,402908,2,151
402755,402906,402908,2,151
402755,402901,402909,8,146
402755,402906,402909,3,151
402755,402907,402909,2,152
402755,402907,402909,2,152
402755,402907,402909,2,152
402755,402907,402910,3,152
402755,402895,402909,14,140
402755,402905,402910,5,150
402755,402908,402911,3,153
402755,402906,402911,5,151
402755,402905,402910,5,150
402755,402906,402911,5,151
402755,402906,402911,5,151
402755,402909,402911,2,154
402755,402909,402912,3,154
402755,402906,402912,6,151
402755,402906,402912,6,151
402755,402910,402913,3,155
402755,402910,402912,2,155
402755,402910,402912,2,155
402755,402910,402913,3,155
402755,402909,402913,4,154
402755,402911,402914,3,156
402755,402910,402914,4,155
402755,402910,402915,5,155
402755,402911,402915,4,156
402755,402909,402916,7,154
402759,402912,402917,5,153
402755,402911,402916,5,156
402755,402895,402917,22,140
402759,402912,402917,5,153
402759,402913,402918,5,154
402745,402852,402896,44,107
402759,402913,402919,6,154
402759,402913,402920,7,154
402759,402918,402920,2,159
402759,402914,402921,7,155
402759,402919,402921,2,160
402759,402913,402922,9,154
402759,402917,402921,4,158
402759,402920,402922,2,161
402759,402918,402922,4,159
402759,402913,402922,9,154
402759,402920,402922,2,161
402759,402921,402923,2,162
402759,402921,402923,2,162
402759,402918,402923,5,159
402759,402914,402923,9,155
402759,402922,402924,2,163
402759,402912,402924,12,153
402759,402923,402925,2,164
402759,402922,402925,3,163
402759,402922,402924,2,163
402759,402922,402925,3,163
402755,402895,402918,23,140
402755,402904,402926,22,149
402759,402923,402926,3,164
402759,402923,402926,3,164
402759,402923,402927,4,164
402759,402923,402926,3,164
402759,402924,402927,3,165
402759,402925,402928,3,166
402759,402926,402928,2,167
402755,402909,402928,19,154
402759,402925,402928,3,166
402759,402925,402928,3,166
402759,402924,402928,4,165
402759,402917,402928,11,158
402755,402897,402929,32,142
402759,402926,402929,3,167
402759,402925,402929,4,166
402759,402924,402929,5,165
402759,402916,402929,13,157
402759,402927,402930,3,168
402759,402927,402930,3,168
402759,402928,402931,3,169
402759,402928,402931,3,169
402759,402929,402931,2,170
402759,402929,402931,2,170
402759,402927,402932,5,168
402759,402927,402932,5,168
402759,402930,402932,2,171
402759,402931,402934,3,172
402759,402932,402934,2,173
402759,402932,402934,2,173
402759,402932,402934,2,173
402759,402915,402934,19,156
402759,402929,402934,5,170
402759,402932,402934,2,173
402759,402932,402934,2,173
402759,402930,402935,5,171
402755,402897,402933,36,142
402759,402932,402935,3,173
402759,402930,402935,5,171
402759,402933,402935,2,174
402759,402932,402936,4,173
402759,402934,402938,4,175
402759,402936,402938,2,177
402759,402935,402939,4,176
402759,402930,402938,8,171
402759,402934,402939,5,175
402759,402935,402939,4,176
402759,402935,402939,4,176
402759,402936,402939,3,177
402759,402939,402940,1,180
402759,402935,402940,5,176
402759,402936,402940,4,177
402759,402937,402941,4,178
402759,402935,402941,6,176
402759,402935,402941,6,176
402759,402939,402941,2,180
402759,402926,402936,10,167
402759,402928,402942,14,169
402759,402941,402942,1,182
402759,402915,402942,27,156
402759,402940,402942,2,181
402759,402940,402942,2,181
402759,402935,402942,7,176
402759,402939,402943,4,180
402759,402939,402942,3,180
402759,402939,402942,3,180
402759,402940,402944,4,181
402759,402943,402944,1,184
402759,402942,402944,2,183
402759,402943,402945,2,184
402759,402941,402945,4,182
402759,402942,402944,2,183
402759,402942,402945,3,183
402759,402941,402945,4,182
402759,402943,402945,2,184
402759,402935,402945,10,176
402759,402941,402945,4,182
402759,402929,402946,17,170
402759,402936,402945,9,177
402759,402943,402946,3,184
402759,402943,402946,3,184
402759,402943,402946,3,184
402759,402945,402947,2,186
402759,402943,402946,3,184
402747,402881,402938,57,134
402759,402945,402947,2,186
402759,402945,402947,2,186
402759,402943,402948,5,184
402759,402945,402948,3,186
402759,402945,402948,3,186
402759,402944,402948,4,185
402759,402946,402948,2,187
402759,402946,402949,3,187
402759,402912,402949,37,153
402759,402947,402949,2,188
402759,402945,402949,4,186
402759,402926,402949,23,167
402759,402945,402950,5,186
402759,402946,402950,4,187
402759,402946,402951,5,187
402759,402948,402951,3,189
402759,402948,402950,2,189
402759,402946,402951,5,187
402759,402948,402951,3,189
402759,402948,402951,3,189
402759,402950,402952,2,191
402759,402947,402951,4,188
402759,402946,402951,5,187
402759,402949,402951,2,190
402759,402948,402952,4,189
402759,402949,402951,2,190
402759,402949,402953,4,190
402759,402942,402952,10,183
402759,402946,402952,6,187
402759,402950,402955,5,191
402765,402952,402955,3,187
402765,402951,402956,5,186
402765,402951,402956,5,186
402765,402952,402956,4,187
402765,402951,402957,6,186
402765,402954,402958,4,189
402765,402956,402958,2,191
402765,402951,402958,7,186
402765,402951,402958,7,186
402765,402955,402957,2,190
402755,402911,402952,41,156
402765,402952,402959,7,187
402765,402952,402958,6,187
402765,402956,402958,2,191
402765,402956,402958,2,191
402765,402955,402959,4,190
402765,402952,402961,9,187
402765,402957,402961,4,192
402765,402958,402961,3,193
402765,402958,402961,3,193
402765,402958,402961,3,193
402765,402958,402961,3,193
402765,402959,402961,2,194
402765,402958,402962,4,193
402765,402951,402962,11,186
402765,402959,402962,3,194
402765,402961,402963,2,196
402765,402959,402963,4,194
402765,402959,402963,4,194
402765,402960,402964,4,195
402765,402962,402964,2,197
402765,402962,402964,2,197
402765,402962,402964,2,197
402765,402962,402964,2,197
402759,402946,402964,18,187
402765,402961,402965,4,196
402765,402962,402965,3,197
402765,402963,402965,2,198
402765,402963,402965,2,198
402759,402950,402966,16,191
402765,402955,402965,10,190
402765,402962,402966,4,197
402765,402965,402967,2,200
402765,402965,402968,3,200
402765,402965,402967,2,200
402765,402965,402967,2,200
402765,402962,402968,6,197
402765,402963,402968,5,198
402765,402966,402968,2,201
402765,402966,402968,2,201
402765,402952,402968,16,187
402765,402966,402968,2,201
402765,402964,402969,5,199
402765,402965,402970,5,200
402765,402968,402970,2,203
402765,402968,402970,2,203
402765,402968,402970,2,203
402765,402968,402970,2,203
402765,402969,402971,2,204
402765,402969,402971,2,204
402765,402969,402971,2,204
402765,402967,402972,5,202
402765,402965,402973,8,200
402765,402968,402973,5,203
402765,402968,402973,5,203
402765,402969,402973,4,204
402765,402969,402973,4,204
402759,402942,402974,32,183
402765,402959,402976,17,194
402765,402965,402976,11,200
402765,402970,402977,7,205
402759,402919,402949,30,160
402747,402881,402960,79,134
402747,402881,402965,84,134
402759,402947,402951,4,188
402765,402966,402977,11,201
402759,402950,402978,28,191
402765,402955,402979,24,190
402765,402966,402982,16,201
401695,401695,403112,1417,0
401696,401696,403236,1540,0
401700,401700,403256,1556,0
401761,401761,403268,1507,0
403268,403268,403272,4,0
401754,401754,403270,1516,0
403268,403268,403273,5,0
403268,403268,403273,5,0
403268,403268,403273,5,0
403268,403268,403274,6,0
403268,403269,403275,6,1
403268,403269,403274,5,1
403268,403268,403274,6,0
403268,403268,403275,7,0
403268,403273,403275,2,5
403268,403272,403275,3,4
403268,403274,403275,1,6
403268,403268,403273,5,0
403268,403274,403276,2,6
403268,403275,403277,2,7
403268,403276,403278,2,8
403268,403275,403277,2,7
403268,403268,403278,10,0
403268,403275,403277,2,7
403268,403276,403278,2,8
403268,403275,403278,3,7
403268,403278,403279,1,10
401772,401772,403279,1507,0
403268,403277,403279,2,9
403268,403274,403280,6,6
403268,403268,403280,12,0
403268,403268,403280,12,0
403268,403275,403280,5,7
403268,403278,403280,2,10
403268,403278,403281,3,10
403268,403280,403281,1,12
403268,403279,403282,3,11
403268,403279,403282,3,11
403268,403279,403282,3,11
403268,403280,403282,2,12
403268,403281,403283,2,13
403268,403268,403283,15,0
403268,403281,403283,2,13
403268,403282,403284,2,14
403268,403282,403285,3,14
403268,403268,403285,17,0
403268,403268,403285,17,0
403268,403280,403285,5,12
403268,403278,403285,7,10
403268,403281,403285,4,13
403268,403282,403286,4,14
403268,403283,403285,2,15
403268,403283,403286,3,15
403268,403283,403286,3,15
403268,403284,403287,3,16
403268,403285,403287,2,17
403268,403285,403288,3,17
403268,403268,403288,20,0
403268,403268,403288,20,0
403268,403283,403289,6,15
403274,403286,403289,3,12
403274,403286,403290,4,12
403268,403268,403290,22,0
403268,403268,403290,22,0
403268,403286,403291,5,18
403268,403273,403290,17,5
403268,403280,403290,10,12
403268,403286,403290,4,18
403274,403286,403291,5,12
403274,403287,403291,4,13
403274,403288,403291,3,14
403274,403287,403292,5,13
403268,403286,403292,6,18
403268,403268,403292,24,0
403268,403268,403287,19,0
403274,403288,403292,4,14
403268,403268,403294,26,0
403268,403286,403295,9,18
403274,403293,403296,3,19
403274,403290,403298,8,16
403274,403290,403299,9,16
403274,403293,403297,4,19
403274,403289,403299,10,15
403274,403295,403299,4,21
403268,403276,403293,17,8
403274,403291,403300,9,17
403274,403297,403300,3,23
403268,403268,403300,32,0
403268,403268,403300,32,0
403274,403292,403301,9,18
403274,403298,403300,2,24
403274,403292,403302,10,18
403274,403292,403301,9,18
403274,403299,403302,3,25
403274,403300,403302,2,26
403274,403290,403302,12,16
403274,403301,403303,2,27
403274,403300,403303,3,26
403274,403291,403303,12,17
403274,403293,403303,10,19
403274,403291,403303,12,17
403274,403302,403304,2,28
403274,403301,403304,3,27
403274,403303,403304,1,29
403274,403302,403305,3,28
403274,403302,403305,3,28
403274,403300,403305,5,26
403274,403303,403306,3,29
403274,403304,403306,2,30
403274,403304,403306,2,30
403274,403303,403307,4,29
403274,403304,403307,3,30
403274,403305,403307,2,31
403274,403306,403308,2,32
403274,403304,403308,4,30
403274,403291,403308,17,17
403274,403300,403308,8,26
403274,403307,403309,2,33
403274,403304,403308,4,30
403274,403306,403309,3,32
403274,403307,403309,2,33
403274,403306,403309,3,32
403274,403304,403310,6,30
403274,403307,403310,3,33
403274,403308,403310,2,34
403274,403306,403311,5,32
403274,403309,403311,2,35
403274,403309,403311,2,35
403274,403307,403311,4,33
403274,403309,403312,3,35
403274,403309,403313,4,35
403274,403310,403313,3,36
403274,403309,403314,5,35
403274,403289,403315,26,15
403280,403310,403315,5,30
403280,403311,403316,5,31
403274,403291,403317,26,17
403274,403300,403316,16,26
403280,403311,403316,5,31
403280,403314,403317,3,34
403280,403316,403318,2,36
403268,403281,403307,26,13
403268,403281,403307,26,13
403274,403291,403309,18,17
403274,403291,403313,22,17
403280,403313,403318,5,33
403280,403310,403319,9,30
403274,403296,403310,14,22
403280,403317,403319,2,37
403280,403315,403319,4,35
403280,403312,403319,7,32
403280,403317,403319,2,37
403280,403312,403319,7,32
403280,403318,403321,3,38
403280,403318,403321,3,38
403280,403312,403321,9,32
403280,403313,403320,7,33
403280,403315,403322,7,35
403280,403318,403322,4,38
403280,403320,403322,2,40
403280,403321,403324,3,41
403280,403320,403324,4,40
403280,403321,403324,3,41
403280,403321,403323,2,41
403274,403293,403318,25,19
403280,403320,403325,5,40
403280,403320,403324,4,40
403280,403320,403325,5,40
403280,403323,403325,2,43
403280,403324,403326,2,44
403280,403311,403326,15,31
403280,403324,403326,2,44
403280,403324,403326,2,44
403280,403319,403327,8,39
403280,403322,403326,4,42
403280,403322,403327,5,42
403280,403325,403328,3,45
403280,403325,403328,3,45
403280,403326,403329,3,46
403280,403324,403329,5,44
403280,403326,403328,2,46
403280,403322,403329,7,42
403280,403327,403330,3,47
403280,403327,403331,4,47
403280,403325,403330,5,45
403280,403326,403330,4,46
403280,403329,403332,3,49
403280,403329,403331,2,49
403280,403327,403332,5,47
403274,403300,403328,28,26
403280,403330,403333,3,50
403280,403318,403333,15,38
403280,403329,403334,5,49
403280,403332,403334,2,52
403280,403327,403334,7,47
403280,403329,403334,5,49
403280,403329,403334,5,49
403280,403318,403334,16,38
403280,403332,403335,3,52
403280,403331,403335,4,51
403280,403327,403335,8,47
403280,403331,403335,4,51
403280,403318,403335,17,38
403280,403318,403335,17,38
403280,403333,403336,3,53
403280,403329,403335,6,49
403280,403331,403336,5,51
403274,403301,403336,35,27
403280,403332,403337,5,52
403274,403301,403338,37,27
403280,403319,403339,20,39
403280,403333,403340,7,53
403274,403309,403335,26,35
403280,403317,403335,18,37
401776,401776,403348,1572,0
403280,403325,403350,25,45
403354,403354,403359,5,0
403354,403354,403359,5,0
403354,403355,403359,4,1
403354,403355,403359,4,1
403354,403355,403359,4,1
403354,403355,403360,5,1
403354,403355,403360,5,1
403354,403354,403361,7,0
403354,403355,403361,6,1
403354,403355,403361,6,1
403354,403354,403362,8,0
403354,403360,403362,2,6
403354,403360,403362,2,6
403354,403362,403363,1,8
403354,403361,403363,2,7
403354,403355,403363,8,1
403354,403360,403364,4,6
403354,403360,403365,5,6
403354,403355,403362,7,1
403354,403355,403362,7,1
403354,403360,403365,5,6
403354,403362,403366,4,8
403354,403364,403366,2,10
403354,403363,403366,3,9
403354,403363,403366,3,9
403354,403363,403366,3,9
403354,403364,403366,2,10
403354,403355,403367,12,1
403354,403362,403368,6,8
403354,403365,403369,4,11
403354,403355,403365,10,1
403354,403355,403365,10,1
403354,403367,403369,2,13
403354,403367,403370,3,13
403354,403364,403369,5,10
403354,403365,403369,4,11
403354,403361,403370,9,7
403354,403367,403370,3,13
403354,403367,403370,3,13
403354,403367,403370,3,13
403354,403366,403371,5,12
403354,403355,403368,13,1
403354,403367,403371,4,13
403280,403317,403371,54,37
403354,403370,403372,2,16
403354,403365,403370,5,11
403354,403365,403372,7,11
403354,403371,403373,2,17
403354,403371,403373,2,17
403354,403370,403373,3,16
403354,403371,403373,2,17
403354,403372,403374,2,18
403354,403370,403375,5,16
403354,403373,403375,2,19
403354,403370,403375,5,16
403354,403370,403376,6,16
403354,403371,403376,5,17
403354,403371,403378,7,17
403354,403369,403378,9,15
403354,403373,403379,6,19
403354,403355,403379,24,1
403354,403355,403380,25,1
401695,401696,403380,1684,1
403354,403368,403376,8,14
403354,403355,403381,26,1
403354,403370,403381,11,16
403354,403370,403382,12,16
403354,403355,403382,27,1
403354,403371,403385,14,17
403354,403372,403389,17,18
403354,403355,403394,39,1
403354,403355,403395,40,1
402703,402761,403675,914,58
403676,403676,403679,3,0
403676,403676,403680,4,0
403676,403676,403681,5,0
403676,403676,403680,4,0
403676,403677,403681,4,1
403676,403676,403681,5,0
403676,403676,403681,5,0
403676,403677,403681,4,1
403676,403676,403682,6,0
403676,403676,403682,6,0
403676,403680,403682,2,4
403676,403676,403683,7,0
403676,403676,403683,7,0
403676,403681,403683,2,5
403676,403677,403685,8,1
403676,403677,403684,7,1
403676,403676,403685,9,0
403676,403676,403685,9,0
403676,403677,403685,8,1
403676,403682,403685,3,6
403676,403683,403685,2,7
403676,403682,403686,4,6
403676,403684,403686,2,8
403676,403676,403685,9,0
403676,403682,403687,5,6
403676,403682,403687,5,6
403676,403683,403687,4,7
403676,403684,403688,4,8
403676,403684,403688,4,8
403676,403682,403688,6,6
403676,403677,403688,11,1
403676,403686,403688,2,10
403676,403686,403688,2,10
403676,403683,403689,6,7
403676,403686,403689,3,10
403676,403682,403689,7,6
403676,403687,403689,2,11
403676,403686,403690,4,10
403676,403677,403685,8,1
403676,403687,403691,4,11
403676,403686,403691,5,10
403676,403689,403691,2,13
403676,403689,403691,2,13
403676,403690,403692,2,14
403676,403688,403693,5,12
403676,403690,403692,2,14
403676,403689,403692,3,13
403676,403688,403693,5,12
403676,403677,403693,16,1
403676,403689,403694,5,13
403676,403689,403694,5,13
403676,403677,403694,17,1
403676,403691,403694,3,15
403676,403692,403694,2,16
403676,403689,403694,5,13
403676,403690,403695,5,14
403676,403688,403694,6,12
403676,403692,403695,3,16
403676,403692,403696,4,16
403676,403685,403695,10,9
403676,403677,403688,11,1
403676,403690,403696,6,14
403676,403693,403696,3,17
403676,403691,403697,6,15
403676,403692,403698,6,16
403676,403693,403698,5,17
403676,403676,403700,24,0
403676,403676,403705,29,0
403676,403685,403708,23,9
403676,403688,403709,21,12
401700,401700,403710,2010,0
402736,402816,403743,927,80
403746,403746,403748,2,0
403746,403746,403750,4,0
403746,403746,403749,3,0
403746,403746,403750,4,0
403746,403746,403749,3,0
403746,403746,403750,4,0
403746,403746,403750,4,0
403746,403746,403750,4,0
403746,403746,403750,4,0
403746,403746,403751,5,0
403746,403749,403752,3,3
403746,403746,403752,6,0
403746,403750,403752,2,4
403746,403746,403752,6,0
403746,403746,403752,6,0
403746,403746,403753,7,0
403746,403750,403753,3,4
403746,403746,403754,8,0
403746,403750,403755,5,4
403746,403746,403756,10,0
403746,403752,403755,3,6
403746,403753,403756,3,7
403746,403750,403756,6,4
403746,403754,403757,3,8
403746,403746,403757,11,0
403746,403753,403756,3,7
403746,403751,403756,5,5
403746,403752,403756,4,6
403746,403750,403756,6,4
403746,403751,403757,6,5
403746,403751,403758,7,5
403746,403753,403759,6,7
403746,403755,403758,3,9
403746,403753,403759,6,7
403746,403756,403759,3,10
403746,403756,403759,3,10
403746,403757,403759,2,11
403746,403753,403760,7,7
403746,403757,403760,3,11
403746,403757,403761,4,11
403746,403756,403761,5,10
403746,403757,403762,5,11
403746,403759,403762,3,13
403746,403759,403762,3,13
403746,403757,403762,5,11
403746,403758,403763,5,12
403746,403760,403762,2,14
403746,403760,403763,3,14
403746,403758,403763,5,12
403746,403759,403763,4,13
403746,403759,403764,5,13
403746,403761,403765,4,15
403746,403759,403764,5,13
403746,403762,403765,3,16
403746,403762,403765,3,16
403746,403746,403757,11,0
403746,403760,403765,5,14
403746,403761,403766,5,15
403746,403762,403767,5,16
403746,403746,403767,21,0
403746,403763,403767,4,17
403746,403756,403768,12,10
403746,403746,403769,23,0
403746,403756,403770,14,10
403746,403746,403771,25,0
403746,403746,403772,26,0
403746,403757,403775,18,11
403746,403758,403777,19,12
402727,402802,403785,983,75
403787,403787,403789,2,0
403787,403787,403790,3,0
403787,403787,403791,4,0
403787,403787,403790,3,0
403787,403787,403792,5,0
403787,403789,403791,2,2
403787,403787,403791,4,0
403787,403787,403793,6,0
403787,403790,403793,3,3
403787,403787,403792,5,0
403787,403787,403794,7,0
403787,403787,403793,6,0
403787,403787,403793,6,0
403787,403787,403794,7,0
403787,403787,403794,7,0
403787,403792,403795,3,5
403787,403793,403796,3,6
403787,403787,403795,8,0
403787,403791,403796,5,4
403787,403793,403796,3,6
403787,403793,403796,3,6
403787,403794,403797,3,7
403746,403758,403798,40,12
403787,403792,403797,5,5
403787,403791,403797,6,4
403787,403796,403798,2,9
403787,403794,403798,4,7
403787,403794,403798,4,7
403787,403787,403799,12,0
403787,403787,403798,11,0
403787,403792,403799,7,5
403787,403796,403798,2,9
403787,403795,403799,4,8
403787,403796,403799,3,9
403746,403758,403800,42,12
403787,403787,403799,12,0
402744,402846,403800,954,102
403787,403797,403800,3,10
403787,403796,403801,5,9
403787,403798,403800,2,11
403787,403798,403801,3,11
403787,403798,403801,3,11
403787,403798,403801,3,11
403787,403794,403802,8,7
403787,403796,403802,6,9
403787,403799,403802,3,12
403787,403799,403802,3,12
403787,403798,403803,5,11
403787,403800,403803,3,13
403787,403798,403802,4,11
403787,403799,403803,4,12
403787,403794,403802,8,7
403787,403787,403802,15,0
403787,403801,403803,2,14
403787,403799,403804,5,12
403787,403800,403804,4,13
403787,403801,403804,3,14
403787,403801,403804,3,14
403787,403802,403804,2,15
403787,403800,403804,4,13
403787,403802,403804,2,15
403787,403787,403794,7,0
403787,403787,403804,17,0
403787,403802,403805,3,15
403787,403803,403805,2,16
403787,403800,403805,5,13
403800,403805,403806,1,5
403800,403805,403807,2,5
403800,403805,403807,2,5
403800,403805,403807,2,5
403787,403802,403807,5,15
403787,403802,403807,5,15
403800,403805,403808,3,5
403787,403787,403808,21,0
403800,403804,403808,4,4
403800,403806,403808,2,6
401701,401701,403808,2107,0
403800,403806,403808,2,6
403800,403804,403809,5,4
403800,403807,403810,3,7
403800,403803,403810,7,3
403800,403807,403810,3,7
403800,403807,403810,3,7
403800,403804,403811,7,4
403800,403809,403811,2,9
403800,403809,403812,3,9
403800,403803,403812,9,3
403800,403809,403812,3,9
403800,403809,403812,3,9
403800,403810,403812,2,10
403800,403810,403813,3,10
403800,403811,403814,3,11
403800,403807,403814,7,7
403800,403807,403814,7,7
403800,403813,403815,2,13
403800,403806,403809,3,6
403800,403807,403810,3,7
403800,403814,403815,1,14
403787,403787,403810,23,0
403800,403808,403813,5,8
403800,403813,403815,2,13
403800,403811,403815,4,11
403800,403813,403816,3,13
403787,403787,403816,29,0
403800,403812,403816,4,12
403800,403814,403816,2,14
403800,403803,403817,14,3
403800,403816,403817,1,16
403800,403815,403817,2,15
403800,403815,403817,2,15
403800,403803,403818,15,3
403800,403816,403818,2,16
403800,403813,403818,5,13
403800,403813,403818,5,13
403800,403816,403819,3,16
403800,403815,403819,4,15
403800,403815,403819,4,15
403800,403817,403819,2,17
403800,403817,403819,2,17
403800,403817,403820,3,17
403800,403818,403820,2,18
403800,403818,403820,2,18
403800,403819,403821,2,19
403800,403815,403821,6,15
403800,403818,403821,3,18
403800,403819,403821,2,19
403800,403819,403822,3,19
403800,403811,403822,11,11
403800,403817,403822,5,17
403800,403820,403822,2,20
403800,403819,403823,4,19
403800,403820,403823,3,20
403787,403799,403823,24,12
403800,403819,403823,4,19
403800,403820,403825,5,20
403800,403820,403825,5,20
403800,403805,403835,30,5
403800,403805,403834,29,5
403800,403816,403834,18,16
403800,403817,403839,22,17
403787,403799,403843,44,12
403800,403804,403847,43,4
403800,403808,403823,15,8
403800,403816,403854,38,16
402746,402879,403857,978,133
402750,402894,403859,965,144
403867,403867,403869,2,0
403867,403867,403869,2,0
403867,403867,403870,3,0
403867,403867,403869,2,0
403867,403867,403871,4,0
403867,403867,403871,4,0
403867,403869,403871,2,2
403867,403867,403872,5,0
403867,403867,403872,5,0
403867,403867,403872,5,0
403867,403869,403872,3,2
403867,403867,403872,5,0
403867,403870,403873,3,3
403867,403867,403873,6,0
403867,403867,403874,7,0
403867,403870,403874,4,3
402754,402894,403874,980,140
403867,403871,403874,3,4
403867,403867,403875,8,0
403867,403867,403875,8,0
403867,403867,403875,8,0
403867,403871,403875,4,4
403867,403872,403875,3,5
403867,403872,403875,3,5
403867,403874,403876,2,7
403867,403873,403876,3,6
403867,403874,403876,2,7
403867,403867,403877,10,0
403867,403867,403876,9,0
403867,403872,403877,5,5
403867,403874,403877,3,7
403867,403875,403877,2,8
403867,403875,403877,2,8
403867,403875,403878,3,8
403867,403867,403878,11,0
403867,403871,403877,6,4
403867,403876,403878,2,9
403867,403876,403878,2,9
403867,403875,403878,3,8
403867,403877,403878,1,10
403867,403877,403878,1,10
403867,403867,403877,10,0
403867,403867,403879,12,0
403867,403874,403879,5,7
403867,403875,403879,4,8
403867,403872,403880,8,5
403867,403874,403880,6,7
403867,403867,403879,12,0
403867,403877,403880,3,10
403867,403877,403880,3,10
403867,403877,403880,3,10
403867,403878,403880,2,11
403867,403879,403881,2,12
403867,403879,403880,1,12
403867,403879,403881,2,12
403867,403878,403881,3,11
403867,403879,403881,2,12
403867,403879,403881,2,12
403870,403881,403883,2,11
403870,403881,403883,2,11
403870,403881,403883,2,11
403867,403872,403883,11,5
403870,403881,403883,2,11
403870,403881,403883,2,11
403870,403882,403884,2,12
403867,403878,403884,6,11
403870,403881,403884,3,11
403870,403882,403884,2,12
403867,403879,403885,6,12
403870,403881,403885,4,11
403870,403883,403886,3,13
403870,403883,403885,2,13
403870,403880,403886,6,10
403870,403884,403887,3,14
403870,403883,403886,3,13
403867,403867,403879,12,0
403867,403867,403881,14,0
403867,403877,403881,4,10
403870,403880,403887,7,10
403870,403885,403887,2,15
403870,403884,403887,3,14
403870,403885,403887,2,15
403870,403883,403888,5,13
403870,403883,403887,4,13
403870,403886,403888,2,16
403870,403886,403888,2,16
403870,403886,403889,3,16
403870,403887,403890,3,17
403870,403889,403890,1,19
403870,403887,403890,3,17
403870,403889,403891,2,19
403870,403887,403890,3,17
403870,403888,403891,3,18
403870,403889,403891,2,19
403870,403888,403891,3,18
403870,403888,403892,4,18
403867,403867,403883,16,0
403870,403888,403892,4,18
403870,403888,403892,4,18
403867,403879,403888,9,12
403870,403891,403893,2,21
403870,403891,403893,2,21
403870,403891,403893,2,21
403870,403891,403893,2,21
403870,403891,403893,2,21
403870,403891,403893,2,21
403870,403887,403893,6,17
403870,403892,403893,1,22
403870,403884,403893,9,14
403870,403885,403893,8,15
403870,403891,403894,3,21
403870,403892,403894,2,22
403870,403892,403894,2,22
403870,403893,403895,2,23
403870,403893,403895,2,23
403870,403893,403895,2,23
403870,403893,403895,2,23
403870,403880,403895,15,10
403870,403893,403895,2,23
403870,403893,403895,2,23
403870,403894,403896,2,24
403870,403894,403896,2,24
403870,403894,403897,3,24
403870,403895,403897,2,25
403870,403892,403897,5,22
403870,403895,403897,2,25
403870,403895,403897,2,25
403870,403894,403898,4,24
403870,403894,403899,5,24
403876,403896,403900,4,20
403876,403897,403900,3,21
403870,403894,403900,6,24
403867,403877,403901,24,10
403870,403887,403900,13,17
403876,403897,403901,4,21
403876,403898,403900,2,22
403876,403898,403900,2,22
403876,403896,403901,5,20
403876,403896,403901,5,20
403876,403897,403901,4,21
403876,403895,403901,6,19
403876,403897,403901,4,21
403867,403879,403902,23,12
403876,403901,403903,2,25
403876,403901,403904,3,25
403867,403878,403904,26,11
403876,403902,403904,2,26
403876,403901,403904,3,25
403876,403901,403905,4,25
403876,403901,403905,4,25
403876,403901,403905,4,25
403876,403902,403905,3,26
403876,403902,403905,3,26
403876,403899,403905,6,23
403876,403895,403907,12,19
403876,403904,403907,3,28
403876,403900,403906,6,24
403876,403904,403907,3,28
403876,403902,403907,5,26
403876,403902,403907,5,26
403876,403906,403908,2,30
403876,403906,403908,2,30
403876,403907,403909,2,31
403876,403907,403909,2,31
403876,403908,403910,2,32
403876,403905,403910,5,29
403876,403907,403910,3,31
403876,403909,403910,1,33
403876,403909,403911,2,33
403876,403909,403911,2,33
403876,403905,403911,6,29
403876,403905,403911,6,29
403876,403905,403911,6,29
403876,403905,403911,6,29
403876,403906,403911,5,30
403876,403907,403912,5,31
403876,403910,403912,2,34
403876,403911,403912,1,35
403876,403908,403912,4,32
403876,403911,403913,2,35
403876,403910,403912,2,34
403876,403911,403913,2,35
403876,403911,403913,2,35
403876,403912,403914,2,36
403876,403912,403914,2,36
403876,403912,403914,2,36
403876,403913,403915,2,37
403876,403911,403915,4,35
403876,403913,403915,2,37
403876,403913,403915,2,37
403876,403913,403915,2,37
403876,403913,403915,2,37
403876,403914,403916,2,38
403876,403913,403916,3,37
403876,403914,403916,2,38
403876,403903,403910,7,27
403876,403912,403916,4,36
403876,403912,403916,4,36
403876,403912,403917,5,36
403876,403913,403917,4,37
403876,403915,403918,3,39
403867,403867,403917,50,0
403870,403893,403918,25,23
403876,403901,403920,19,25
403876,403901,403921,20,25
402762,402950,403921,971,188
403867,403867,403923,56,0
403870,403887,403924,37,17
402766,402971,403924,953,205
403870,403892,403925,33,22
403923,403923,403927,4,0
403923,403923,403927,4,0
403923,403923,403926,3,0
403923,403923,403927,4,0
403923,403923,403927,4,0
403923,403923,403927,4,0
403923,403923,403927,4,0
403923,403923,403928,5,0
403923,403923,403928,5,0
403870,403880,403928,48,10
403923,403927,403931,4,4
403923,403923,403931,8,0
403923,403927,403933,6,4
403923,403927,403933,6,4
403923,403925,403933,8,2
403923,403927,403933,6,4
403923,403928,403933,5,5
403923,403927,403933,6,4
403923,403928,403933,5,5
403870,403887,403930,43,17
403923,403929,403934,5,6
403923,403927,403935,8,4
403923,403931,403935,4,8
403923,403933,403936,3,10
403923,403933,403936,3,10
403923,403934,403936,2,11
403923,403934,403936,2,11
403923,403933,403936,3,10
403923,403935,403937,2,12
403923,403933,403937,4,10
403923,403933,403937,4,10
403923,403935,403937,2,12
403923,403936,403938,2,13
403923,403933,403937,4,10
403923,403937,403939,2,14
403923,403937,403939,2,14
403923,403937,403939,2,14
403923,403936,403939,3,13
403923,403936,403939,3,13
403923,403937,403939,2,14
403923,403938,403940,2,15
403923,403938,403940,2,15
403923,403923,403940,17,0
403923,403923,403939,16,0
403923,403938,403940,2,15
403923,403938,403940,2,15
403923,403939,403941,2,16
403923,403939,403941,2,16
403923,403939,403941,2,16
403923,403923,403940,17,0
403923,403939,403941,2,16
403923,403940,403942,2,17
403923,403940,403942,2,17
403923,403940,403942,2,17
403923,403940,403942,2,17
403923,403940,403942,2,17
403923,403923,403943,20,0
403923,403923,403942,19,0
403923,403923,403943,20,0
403923,403941,403943,2,18
403923,403941,403943,2,18
403923,403941,403943,2,18
403923,403934,403944,10,11
403941,403941,403944,3,0
403923,403923,403944,21,0
403923,403940,403944,4,17
403923,403925,403944,19,2
403923,403923,403945,22,0
403941,403942,403945,3,1
403941,403942,403945,3,1
403941,403942,403946,4,1
403923,403930,403947,17,7
403941,403943,403947,4,2
403941,403943,403948,5,2
403876,403905,403947,42,29
403941,403944,403949,5,3
403923,403923,403946,23,0
403923,403923,403946,23,0
403923,403940,403946,6,17
403941,403944,403950,6,3
403941,403943,403950,7,2
403941,403946,403951,5,5
403941,403944,403951,7,3
403941,403948,403952,4,7
403941,403949,403953,4,8
403941,403948,403954,6,7
403941,403946,403954,8,5
403941,403946,403954,8,5
403941,403951,403956,5,10
403941,403951,403956,5,10
403941,403951,403956,5,10
403941,403953,403956,3,12
403941,403944,403956,12,3
403941,403953,403956,3,12
403941,403954,403957,3,13
403941,403952,403957,5,11
403941,403954,403957,3,13
403941,403955,403958,3,14
403941,403944,403957,13,3
403941,403941,403956,15,0
403941,403956,403958,2,15
403941,403956,403958,2,15
403941,403956,403959,3,15
403941,403957,403959,2,16
403941,403956,403960,4,15
403941,403957,403959,2,16
403941,403957,403959,2,16
403941,403951,403958,7,10
403941,403957,403960,3,16
403941,403958,403960,2,17
403941,403959,403960,1,18
403941,403959,403960,1,18
403941,403959,403960,1,18
401696,401696,403961,2265,0
403941,403958,403960,2,17
403941,403950,403961,11,9
403941,403961,403963,2,20
403941,403961,403963,2,20
403941,403961,403963,2,20
403941,403960,403962,2,19
403941,403960,403962,2,19
403941,403960,403962,2,19
403941,403960,403963,3,19
403941,403961,403963,2,20
403941,403961,403963,2,20
403941,403961,403963,2,20
403923,403925,403964,39,2
403941,403963,403965,2,22
403941,403963,403965,2,22
403941,403963,403965,2,22
403941,403944,403966,22,3
403941,403944,403966,22,3
403941,403947,403967,20,6
403941,403943,403966,23,2
403941,403950,403969,19,9
403941,403943,403969,26,2
403941,403962,403971,9,21
403941,403945,403972,27,4
403941,403958,403976,18,17
403941,403944,403962,18,3
403941,403960,403963,3,19
403941,403958,403964,6,17
403941,403943,403980,37,2
403941,403948,403982,34,7
401698,401698,404170,2472,0
402698,402720,404230,1510,22
404230,404230,404233,3,0
404230,404230,404233,3,0
404230,404230,404234,4,0
404230,404230,404234,4,0
404230,404230,404234,4,0
404230,404230,404234,4,0
404230,404230,404235,5,0
404230,404230,404235,5,0
404230,404230,404235,5,0
404230,404230,404235,5,0
404230,404233,404235,2,3
404230,404230,404236,6,0
404230,404230,404235,5,0
404230,404233,404236,3,3
404230,404230,404236,6,0
404230,404230,404236,6,0
404230,404230,404236,6,0
404230,404234,404237,3,4
404230,404236,404238,2,6
404230,404236,404238,2,6
404230,404234,404238,4,4
404230,404234,404238,4,4
404230,404236,404238,2,6
404230,404235,404239,4,5
404230,404234,404239,5,4
404230,404237,404239,2,7
404230,404237,404239,2,7
404230,404237,404239,2,7
404230,404237,404239,2,7
404230,404238,404240,2,8
404230,404230,404240,10,0
404230,404238,404240,2,8
404230,404238,404240,2,8
404230,404239,404241,2,9
404230,404230,404241,11,0
404230,404235,404241,6,5
404230,404240,404242,2,10
404230,404239,404242,3,9
404230,404240,404243,3,10
404230,404240,404242,2,10
404230,404240,404242,2,10
404230,404240,404242,2,10
404230,404230,404240,10,0
404230,404230,404240,10,0
404230,404240,404243,3,10
404230,404240,404243,3,10
404230,404239,404243,4,9
404230,404241,404243,2,11
404230,404241,404243,2,11
404230,404241,404243,2,11
404230,404242,404244,2,12
404230,404243,404245,2,13
404230,404243,404245,2,13
404230,404243,404245,2,13
404230,404243,404245,2,13
404230,404231,404246,15,1
404230,404242,404247,5,12
404230,404243,404247,4,13
404230,404230,404237,7,0
404230,404237,404243,6,7
404230,404244,404248,4,14
404230,404237,404250,13,7
404230,404230,404246,16,0
404230,404242,404251,9,12
404230,404243,404248,5,13
402700,402744,404257,1513,44
401696,401697,404256,2559,1
404230,404243,404257,14,13
403275,403310,404258,948,35
404230,404241,404253,12,11
404259,404259,404262,3,0
404259,404260,404262,2,1
404259,404260,404263,3,1
404259,404259,404263,4,0
404259,404259,404263,4,0
404259,404259,404263,4,0
404259,404259,404264,5,0
404259,404259,404264,5,0
404259,404259,404264,5,0
404259,404260,404264,4,1
404259,404260,404264,4,1
404259,404263,404265,2,4
404259,404259,404265,6,0
404259,404259,404265,6,0
404259,404263,404265,2,4
404259,404265,404267,2,6
404259,404264,404266,2,5
404259,404264,404267,3,5
404259,404264,404267,3,5
404259,404259,404267,8,0
404259,404259,404267,8,0
404259,404265,404267,2,6
404259,404265,404267,2,6
404259,404259,404268,9,0
404259,404266,404268,2,7
404259,404266,404268,2,7
404259,404266,404268,2,7
404259,404264,404269,5,5
404259,404266,404269,3,7
404259,404267,404270,3,8
404259,404267,404269,2,8
404259,404268,404270,2,9
404259,404265,404270,5,6
404259,404268,404270,2,9
404259,404268,404270,2,9
404259,404268,404270,2,9
404259,404269,404271,2,10
404259,404265,404271,6,6
404259,404269,404271,2,10
404259,404269,404271,2,10
404259,404268,404272,4,9
404259,404270,404273,3,11
404259,404270,404272,2,11
404259,404270,404272,2,11
404259,404270,404272,2,11
404259,404268,404274,6,9
404259,404271,404273,2,12
404259,404271,404273,2,12
404259,404271,404274,3,12
404259,404271,404273,2,12
404230,404230,404271,41,0
404259,404269,404274,5,10
404259,404270,404274,4,11
404259,404272,404274,2,13
404259,404272,404274,2,13
404259,404259,404275,16,0
404259,404271,404275,4,12
404260,404274,404276,2,14
404259,404273,404275,2,14
404259,404273,404276,3,14
404230,404230,404276,46,0
404259,404273,404276,3,14
404259,404273,404276,3,14
404259,404274,404276,2,15
404260,404274,404277,3,14
404259,404272,404277,5,13
404260,404274,404277,3,14
404259,404273,404278,5,14
404260,404275,404279,4,15
404259,404274,404279,5,15
404260,404276,404280,4,16
404260,404275,404281,6,15
404260,404276,404282,6,16
402710,402776,404282,1506,66
404260,404277,404282,5,17
404260,404276,404282,6,16
404260,404277,404282,5,17
404260,404277,404284,7,17
404260,404277,404284,7,17
404259,404259,404275,16,0
404260,404275,404284,9,15
404260,404278,404284,6,18
404230,404230,404278,48,0
404259,404259,404278,19,0
404260,404281,404286,5,21
404260,404284,404287,3,24
404260,404282,404287,5,22
404260,404276,404287,11,16
404260,404280,404288,8,20
404260,404284,404288,4,24
404260,404283,404288,5,23
404260,404282,404288,6,22
404260,404283,404288,5,23
404260,404283,404289,6,23
404260,404284,404289,5,24
404260,404286,404289,3,26
404260,404285,404290,5,25
404260,404287,404290,3,27
404260,404288,404290,2,28
404260,404289,404290,1,29
404260,404289,404290,1,29
404260,404288,404291,3,28
404260,404288,404291,3,28
404260,404289,404291,2,29
404259,404268,404290,22,9
404259,404268,404291,23,9
404260,404288,404291,3,28
404260,404290,404292,2,30
404260,404290,404292,2,30
404260,404291,404293,2,31
404260,404291,404292,1,31
404260,404279,404292,13,19
404260,404291,404293,2,31
404260,404290,404293,3,30
404260,404278,404293,15,18
404260,404291,404293,2,31
404260,404280,404293,13,20
404260,404291,404293,2,31
404260,404275,404289,14,15
404260,404291,404294,3,31
404259,404268,404294,26,9
404260,404291,404293,2,31
404260,404285,404294,9,25
404260,404292,404294,2,32
404260,404293,404295,2,33
404260,404293,404295,2,33
404260,404292,404295,3,32
404260,404288,404295,7,28
404260,404294,404296,2,34
404260,404293,404295,2,33
404260,404293,404296,3,33
404260,404283,404296,13,23
404260,404293,404297,4,33
404283,404295,404298,3,12
404283,404296,404298,2,13
404283,404296,404298,2,13
404260,404294,404298,4,34
404283,404295,404299,4,12
404283,404296,404299,3,13
404260,404291,404299,8,31
404260,404291,404299,8,31
404283,404295,404299,4,12
404283,404297,404299,2,14
404283,404296,404299,3,13
404283,404298,404300,2,15
404283,404298,404300,2,15
404283,404299,404301,2,16
404283,404297,404301,4,14
404283,404295,404301,6,12
404283,404299,404301,2,16
404283,404294,404301,7,11
404283,404297,404301,4,14
404283,404300,404302,2,17
404283,404294,404302,8,11
404283,404299,404302,3,16
404283,404299,404302,3,16
404283,404299,404302,3,16
404283,404300,404302,2,17
404283,404300,404302,2,17
404283,404299,404303,4,16
404260,404275,404303,28,15
404283,404300,404302,2,17
404283,404301,404303,2,18
401698,401698,404304,2606,0
404283,404301,404303,2,18
404283,404301,404304,3,18
404283,404301,404304,3,18
404283,404302,404305,3,19
404283,404303,404305,2,20
404260,404286,404305,19,26
404260,404286,404306,20,26
404283,404303,404306,3,20
404283,404304,404306,2,21
404283,404304,404306,2,21
404283,404303,404306,3,20
404283,404300,404306,6,17
404283,404303,404306,3,20
404283,404304,404306,2,21
404283,404301,404307,6,18
404283,404305,404307,2,22
404283,404305,404307,2,22
404283,404302,404306,4,19
404283,404303,404308,5,20
404283,404303,404308,5,20
404283,404306,404308,2,23
404283,404307,404309,2,24
404283,404307,404309,2,24
404283,404307,404309,2,24
404283,404307,404309,2,24
404259,404259,404304,45,0
404283,404307,404310,3,24
404283,404303,404310,7,20
404260,404276,404309,33,16
404260,404277,404310,33,17
404283,404308,404310,2,25
404283,404308,404310,2,25
404283,404302,404311,9,19
404283,404307,404310,3,24
404283,404309,404312,3,26
404283,404310,404312,2,27
404283,404310,404312,2,27
404283,404310,404312,2,27
404283,404310,404312,2,27
404283,404307,404312,5,24
404283,404306,404313,7,23
404283,404307,404313,6,24
404260,404289,404313,24,29
404283,404303,404315,12,20
404283,404310,404315,5,27
404283,404295,404316,21,12
404260,404313,404316,3,53
404283,404306,404317,11,23
402740,402832,404323,1491,92
404283,404309,404323,14,26
404283,404309,404324,15,26
404283,404309,404325,16,26
404357,404357,404360,3,0
404357,404357,404360,3,0
404357,404357,404361,4,0
404357,404357,404360,3,0
404357,404357,404361,4,0
404357,404357,404362,5,0
404357,404357,404363,6,0
404357,404357,404363,6,0
404357,404357,404363,6,0
404357,404360,404363,3,3
404357,404357,404364,7,0
404357,404360,404364,4,3
404357,404357,404365,8,0
404357,404357,404365,8,0
404357,404362,404365,3,5
404357,404361,404366,5,4
404357,404364,404366,2,7
404357,404364,404366,2,7
404357,404364,404366,2,7
404357,404357,404364,7,0
404357,404357,404366,9,0
404357,404357,404365,8,0
404357,404357,404367,10,0
404357,404357,404367,10,0
404357,404357,404367,10,0
404357,404361,404367,6,4
404357,404364,404367,3,7
404357,404361,404368,7,4
404357,404367,404368,1,10
404357,404365,404369,4,8
404357,404365,404369,4,8
404357,404366,404369,3,9
404357,404367,404369,2,10
404357,404367,404369,2,10
404357,404368,404370,2,11
404357,404357,404371,14,0
404357,404357,404371,14,0
404357,404357,404371,14,0
404357,404367,404371,4,10
404357,404365,404371,6,8
404357,404366,404371,5,9
404357,404369,404371,2,12
404357,404364,404372,8,7
404357,404370,404372,2,13
404357,404368,404372,4,11
404357,404368,404372,4,11
404357,404370,404373,3,13
404357,404370,404372,2,13
404357,404370,404372,2,13
404357,404370,404372,2,13
404357,404370,404373,3,13
404357,404357,404373,16,0
404357,404368,404373,5,11
404357,404368,404374,6,11
404357,404367,404373,6,10
404357,404367,404373,6,10
404357,404357,404374,17,0
404357,404371,404374,3,14
402713,402791,404374,1583,78
404357,404372,404374,2,15
404357,404367,404374,7,10
404357,404372,404374,2,15
404357,404357,404375,18,0
404357,404371,404375,4,14
404357,404372,404375,3,15
404357,404357,404376,19,0
404357,404373,404376,3,16
404357,404372,404376,4,15
404357,404373,404377,4,16
404357,404372,404378,6,15
404357,404372,404378,6,15
404384,404384,404386,2,0
404384,404384,404387,3,0
404384,404384,404386,2,0
404384,404384,404387,3,0
404384,404384,404387,3,0
404384,404384,404388,4,0
404384,404384,404389,5,0
404384,404384,404388,4,0
404384,404384,404388,4,0
404384,404384,404388,4,0
404384,404384,404390,6,0
404384,404387,404389,2,3
404384,404384,404389,5,0
404384,404387,404389,2,3
404384,404384,404391,7,0
404384,404384,404390,6,0
404384,404384,404390,6,0
404384,404384,404391,7,0
404384,404384,404391,7,0
404384,404384,404391,7,0
404384,404388,404391,3,4
404384,404384,404391,7,0
404384,404389,404392,3,5
404384,404388,404393,5,4
404384,404387,404393,6,3
404384,404390,404393,3,6
404384,404388,404394,6,4
404384,404384,404394,10,0
404384,404390,404393,3,6
404384,404391,404393,2,7
404384,404392,404394,2,8
404384,404392,404394,2,8
404384,404390,404394,4,6
404384,404392,404394,2,8
404384,404384,404394,10,0
404384,404392,404394,2,8
404384,404393,404395,2,9
404384,404389,404395,6,5
404384,404389,404396,7,5
404384,404389,404395,6,5
404384,404393,404395,2,9
404384,404394,404396,2,10
404384,404393,404397,4,9
404384,404394,404396,2,10
404384,404395,404397,2,11
404384,404391,404397,6,7
404384,404391,404397,6,7
404384,404395,404397,2,11
404384,404392,404397,5,8
404384,404395,404398,3,11
404384,404395,404397,2,11
404384,404395,404398,3,11
404384,404394,404398,4,10
404384,404390,404398,8,6
404384,404391,404398,7,7
404384,404395,404398,3,11
404384,404396,404398,2,12
404384,404397,404400,3,13
404384,404397,404400,3,13
404384,404396,404401,5,12
404384,404394,404399,5,10
404384,404395,404399,4,11
404384,404397,404402,5,13
404384,404396,404403,7,12
404384,404396,404403,7,12
404384,404396,404404,8,12
404384,404384,404400,16,0
404384,404384,404428,44,0
404384,404384,404431,47,0
404384,404384,404433,49,0
402760,402950,404448,1498,190
404457,404458,404461,3,1
404457,404458,404460,2,1
404457,404458,404460,2,1
404457,404458,404461,3,1
404457,404458,404461,3,1
404457,404458,404462,4,1
404457,404458,404463,5,1
404457,404458,404463,5,1
404457,404458,404466,8,1
404457,404461,404467,6,4
404457,404461,404466,5,4
404457,404461,404466,5,4
404457,404458,404464,6,1
404457,404458,404467,9,1
404457,404464,404468,4,7
404457,404462,404467,5,5
404457,404458,404468,10,1
404457,404464,404468,4,7
404457,404462,404468,6,5
404457,404458,404469,11,1
404457,404463,404469,6,6
404457,404467,404469,2,10
404457,404467,404469,2,10
404457,404467,404469,2,10
404457,404458,404471,13,1
404457,404468,404470,2,11
404457,404468,404471,3,11
404457,404469,404472,3,12
404457,404469,404471,2,12
404457,404470,404472,2,13
404457,404470,404472,2,13
404457,404470,404472,2,13
404457,404458,404473,15,1
404457,404458,404472,14,1
404457,404467,404472,5,10
404457,404458,404472,14,1
404457,404468,404473,5,11
404457,404470,404472,2,13
404457,404471,404473,2,14
404457,404471,404473,2,14
404457,404472,404474,2,15
404457,404472,404474,2,15
404457,404472,404474,2,15
404457,404472,404474,2,15
404457,404458,404474,16,1
404457,404470,404475,5,13
404457,404469,404475,6,12
404457,404472,404475,3,15
404457,404471,404475,4,14
404457,404473,404475,2,16
404457,404458,404469,11,1
404457,404474,404476,2,17
404457,404474,404476,2,17
404457,404474,404476,2,17
404457,404473,404476,3,16
404457,404473,404476,3,16
404457,404473,404476,3,16
404457,404474,404477,3,17
404457,404474,404477,3,17
404457,404458,404477,19,1
404457,404474,404476,2,17
404457,404473,404478,5,16
404457,404458,404478,20,1
404457,404473,404479,6,16
404457,404475,404480,5,18
404457,404458,404480,22,1
404457,404458,404484,26,1
404457,404468,404482,14,11
404457,404458,404488,30,1
404457,404458,404489,31,1
402756,402911,404546,1635,155
404547,404547,404550,3,0
404547,404547,404551,4,0
404547,404547,404551,4,0
404547,404547,404551,4,0
404547,404547,404551,4,0
404547,404547,404551,4,0
404547,404547,404552,5,0
404547,404547,404553,6,0
404547,404547,404552,5,0
404547,404547,404554,7,0
404547,404547,404555,8,0
404547,404550,404555,5,3
404547,404547,404556,9,0
404547,404551,404555,4,4
404547,404551,404555,4,4
404547,404551,404556,5,4
404547,404551,404557,6,4
404547,404547,404556,9,0
404547,404547,404557,10,0
404547,404547,404557,10,0
404547,404554,404558,4,7
404547,404551,404558,7,4
404547,404555,404558,3,8
404547,404556,404558,2,9
404547,404556,404558,2,9
404547,404556,404558,2,9
404547,404547,404559,12,0
404547,404547,404559,12,0
404547,404553,404559,6,6
404547,404557,404559,2,10
404547,404547,404559,12,0
404547,404547,404559,12,0
404547,404547,404559,12,0
404547,404547,404560,13,0
404547,404558,404560,2,11
404547,404559,404560,1,12
404547,404547,404560,13,0
404547,404555,404560,5,8
404547,404558,404561,3,11
404547,404558,404561,3,11
404547,404558,404561,3,11
404547,404559,404561,2,12
404547,404560,404561,1,13
404547,404558,404562,4,11
404547,404559,404562,3,12
404547,404561,404563,2,14
404547,404561,404562,1,14
404547,404547,404558,11,0
404547,404558,404563,5,11
404547,404562,404563,1,15
404547,404559,404563,4,12
404547,404547,404564,17,0
404547,404553,404564,11,6
404547,404561,404564,3,14
404547,404561,404564,3,14
404547,404561,404564,3,14
404547,404562,404564,2,15
404547,404562,404565,3,15
404547,404547,404564,17,0
404547,404552,404566,14,5
404547,404561,404566,5,14
404547,404561,404567,6,14
404547,404562,404569,7,15
404547,404559,404566,7,12
404547,404556,404570,14,9
404547,404560,404567,7,13
404547,404560,404567,7,13
404547,404560,404570,10,13
404547,404560,404580,20,13
404547,404558,404581,23,11
403677,403693,404698,1005,16
404700,404700,404703,3,0
404700,404700,404704,4,0
404700,404700,404704,4,0
404700,404700,404704,4,0
404700,404700,404704,4,0
404700,404700,404704,4,0
404700,404700,404705,5,0
404700,404700,404704,4,0
404700,404704,404707,3,4
404700,404704,404708,4,4
404700,404704,404708,4,4
404700,404704,404708,4,4
404700,404705,404708,3,5
404700,404704,404707,3,4
404700,404704,404709,5,4
404700,404705,404709,4,5
404700,404700,404709,9,0
404700,404707,404711,4,7
404700,404708,404711,3,8
404700,404708,404711,3,8
404700,404708,404711,3,8
404700,404709,404711,2,9
404700,404708,404712,4,8
404700,404708,404711,3,8
404700,404709,404713,4,9
404700,404711,404713,2,11
404700,404700,404713,13,0
404700,404712,404714,2,12
404700,404711,404714,3,11
404700,404711,404714,3,11
404700,404711,404714,3,11
404700,404700,404715,15,0
404700,404700,404715,15,0
404700,404713,404715,2,13
404700,404714,404716,2,14
404700,404712,404716,4,12
404700,404714,404716,2,14
404700,404713,404717,4,13
404700,404715,404717,2,15
404700,404715,404717,2,15
404700,404715,404717,2,15
404700,404700,404718,18,0
404700,404700,404718,18,0
404700,404710,404718,8,10
404700,404716,404718,2,16
404700,404716,404718,2,16
404700,404700,404719,19,0
404700,404714,404718,4,14
404700,404700,404718,18,0
404700,404716,404719,3,16
404700,404717,404719,2,17
404700,404715,404720,5,15
404700,404718,404720,2,18
404700,404700,404721,21,0
404700,404718,404720,2,18
404700,404718,404720,2,18
404700,404718,404720,2,18
404700,404700,404708,8,0
404700,404700,404715,15,0
404700,404700,404714,14,0
404700,404717,404721,4,17
404700,404700,404721,21,0
404700,404718,404723,5,18
404700,404716,404723,7,16
404700,404700,404721,21,0
404700,404700,404722,22,0
404700,404700,404724,24,0
404700,404718,404729,11,18
404700,404718,404731,13,18
404700,404700,404731,31,0
403801,403820,404789,969,19
403269,403286,404791,1505,17
404792,404792,404796,4,0
404792,404792,404795,3,0
404792,404792,404796,4,0
404792,404792,404796,4,0
404792,404792,404797,5,0
404792,404792,404796,4,0
404792,404792,404797,5,0
404792,404792,404799,7,0
404792,404796,404799,3,4
404792,404796,404799,3,4
404792,404797,404800,3,5
404792,404796,404800,4,4
404792,404797,404800,3,5
404792,404796,404800,4,4
404792,404798,404801,3,6
404792,404799,404802,3,7
404792,404800,404802,2,8
404792,404800,404802,2,8
404792,404801,404804,3,9
404792,404801,404803,2,9
404792,404801,404803,2,9
404792,404792,404799,7,0
404792,404792,404803,11,0
404792,404792,404803,11,0
401696,401696,404804,3108,0
404792,404803,404804,1,11
404792,404792,404805,13,0
404792,404792,404805,13,0
404792,404799,404805,6,7
404792,404803,404805,2,11
404792,404803,404805,2,11
404792,404804,404806,2,12
404792,404804,404806,2,12
404792,404804,404806,2,12
404792,404792,404807,15,0
404792,404792,404806,14,0
404792,404805,404807,2,13
404792,404806,404808,2,14
404792,404806,404808,2,14
404792,404792,404809,17,0
404792,404792,404809,17,0
404792,404807,404809,2,15
404792,404807,404809,2,15
404792,404807,404809,2,15
404792,404792,404810,18,0
404792,404805,404810,5,13
404792,404808,404810,2,16
404792,404808,404810,2,16
404792,404792,404810,18,0
404792,404809,404811,2,17
404792,404792,404812,20,0
404792,404810,404812,2,18
404792,404810,404812,2,18
404792,404792,404809,17,0
404792,404807,404812,5,15
404792,404810,404812,2,18
404792,404801,404814,13,9
404794,404811,404815,4,17
404794,404811,404815,4,17
404792,404804,404814,10,12
404792,404804,404814,10,12
404792,404810,404815,5,18
404792,404792,404815,23,0
404794,404812,404815,3,18
404792,404792,404815,23,0
404792,404809,404816,7,17
404792,404806,404816,10,14
404792,404792,404813,21,0
404792,404805,404816,11,13
404792,404804,404817,13,12
404794,404810,404817,7,16
404794,404813,404819,6,19
404792,404809,404817,8,17
404794,404811,404817,6,17
404794,404813,404820,7,19
404794,404815,404820,5,21
404794,404815,404820,5,21
404792,404807,404819,12,15
404794,404816,404822,6,22
404794,404813,404824,11,19
404794,404819,404823,4,25
404794,404818,404824,6,24
404794,404813,404824,11,19
404794,404813,404825,12,19
404794,404818,404825,7,24
404794,404820,404826,6,26
404794,404820,404826,6,26
404794,404821,404826,5,27
404794,404815,404826,11,21
404794,404817,404827,10,23
404794,404823,404827,4,29
404794,404824,404828,4,30
404794,404826,404828,2,32
404794,404815,404828,13,21
404794,404824,404829,5,30
404794,404826,404829,3,32
404794,404826,404829,3,32
404794,404828,404830,2,34
404792,404792,404830,38,0
404794,404827,404830,3,33
404794,404828,404830,2,34
404794,404816,404831,15,22
404794,404828,404831,3,34
404794,404819,404830,11,25
404794,404826,404831,5,32
404794,404829,404831,2,35
403788,403788,404832,1044,0
404794,404830,404832,2,36
404794,404830,404832,2,36
404794,404831,404832,1,37
404794,404831,404833,2,37
404794,404827,404834,7,33
404794,404831,404834,3,37
404794,404819,404832,13,25
404794,404831,404834,3,37
404794,404833,404835,2,39
404794,404832,404835,3,38
404794,404833,404835,2,39
404794,404833,404835,2,39
404794,404833,404835,2,39
404794,404812,404835,23,18
404794,404832,404836,4,38
404794,404817,404836,19,23
404794,404835,404837,2,41
404794,404815,404827,12,21
404794,404815,404833,18,21
404794,404824,404831,7,30
404794,404834,404837,3,40
404794,404822,404837,15,28
404794,404835,404837,2,41
404794,404825,404834,9,31
404794,404825,404833,8,31
404794,404815,404838,23,21
404794,404835,404838,3,41
404794,404817,404839,22,23
404794,404831,404839,8,37
404794,404831,404839,8,37
404794,404834,404840,6,40
404792,404792,404842,50,0
403874,403895,404844,949,21
404794,404829,404843,14,35
404794,404817,404844,27,23
404794,404831,404845,14,37
403803,403803,404848,1045,0
404857,404857,404861,4,0
404857,404857,404861,4,0
404857,404857,404861,4,0
404857,404857,404861,4,0
404857,404857,404861,4,0
404857,404861,404863,2,4
404857,404857,404864,7,0
404857,404857,404865,8,0
404857,404862,404865,3,5
404857,404862,404865,3,5
404857,404862,404865,3,5
404857,404863,404865,2,6
403356,403373,404866,1493,17
404857,404857,404865,8,0
404857,404865,404867,2,8
404857,404862,404866,4,5
404857,404865,404867,2,8
404857,404865,404868,3,8
404857,404865,404867,2,8
404857,404857,404868,11,0
404857,404865,404868,3,8
404857,404867,404869,2,10
404857,404866,404870,4,9
404857,404867,404870,3,10
404857,404867,404869,2,10
404857,404868,404870,2,11
404857,404866,404871,5,9
404857,404868,404871,3,11
404857,404869,404871,2,12
404857,404865,404872,7,8
404857,404857,404872,15,0
404857,404857,404873,16,0
404857,404870,404873,3,13
404857,404869,404872,3,12
404857,404871,404873,2,14
404857,404869,404873,4,12
404857,404871,404874,3,14
404857,404870,404874,4,13
404857,404872,404874,2,15
404857,404857,404875,18,0
404857,404870,404874,4,13
404857,404871,404874,3,14
403882,403915,404876,961,33
404857,404857,404875,18,0
404857,404857,404876,19,0
404857,404873,404876,3,16
404857,404874,404876,2,17
404857,404857,404876,19,0
404857,404857,404876,19,0
404857,404857,404877,20,0
404857,404875,404877,2,18
404857,404873,404877,4,16
404857,404875,404878,3,18
404857,404875,404878,3,18
404857,404876,404878,2,19
404857,404876,404879,3,19
404857,404874,404879,5,17
404857,404872,404879,7,15
404868,404877,404879,2,9
404857,404857,404868,11,0
404857,404857,404869,12,0
404857,404857,404881,24,0
404857,404875,404881,6,18
404857,404876,404880,4,19
404868,404878,404882,4,10
404857,404873,404882,9,16
404857,404874,404882,8,17
404868,404879,404882,3,11
404857,404857,404882,25,0
404868,404879,404884,5,11
404868,404878,404884,6,10
404868,404880,404885,5,12
404857,404875,404879,4,18
404857,404857,404882,25,0
404868,404877,404886,9,9
404868,404879,404888,9,11
404868,404879,404887,8,11
404857,404857,404889,32,0
404868,404882,404889,7,14
404868,404885,404890,5,17
404868,404888,404890,2,20
404868,404888,404891,3,20
404868,404887,404892,5,19
404868,404883,404891,8,15
403924,403941,404892,951,17
404868,404879,404891,12,11
404868,404881,404891,10,13
404868,404883,404892,9,15
404868,404890,404892,2,22
404868,404887,404892,5,19
404868,404891,404895,4,23
404868,404886,404895,9,18
404868,404892,404894,2,24
404868,404893,404895,2,25
404868,404882,404894,12,14
404868,404891,404895,4,23
404868,404891,404895,4,23
404868,404893,404895,2,25
404868,404892,404895,3,24
404868,404895,404897,2,27
404857,404857,404884,27,0
404868,404895,404897,2,27
404868,404895,404897,2,27
404868,404892,404897,5,24
404868,404883,404897,14,15
404868,404892,404897,5,24
404868,404879,404897,18,11
404868,404885,404898,13,17
404868,404895,404897,2,27
404868,404895,404898,3,27
404868,404895,404898,3,27
404868,404896,404898,2,28
404868,404897,404899,2,29
404868,404897,404899,2,29
404868,404896,404899,3,28
404868,404897,404899,2,29
404868,404898,404900,2,30
404857,404857,404894,37,0
404868,404899,404901,2,31
404868,404881,404900,19,13
404868,404899,404901,2,31
404868,404899,404901,2,31
404868,404892,404901,9,24
404868,404899,404901,2,31
404868,404898,404902,4,30
404868,404897,404902,5,29
404868,404899,404901,2,31
404868,404895,404902,7,27
404868,404900,404903,3,32
404868,404897,404903,6,29
404868,404900,404903,3,32
404878,404901,404904,3,23
404868,404881,404904,23,13
404878,404902,404905,3,24
404878,404902,404906,4,24
404868,404897,404904,7,29
404878,404902,404906,4,24
404868,404881,404907,26,13
404868,404881,404901,20,13
404868,404897,404906,9,29
404878,404902,404908,6,24
404878,404902,404910,8,24
404878,404902,404910,8,24
404878,404903,404910,7,25
404878,404902,404912,10,24
404878,404905,404912,7,27
404878,404906,404912,6,28
404878,404907,404912,5,29
404878,404911,404913,2,33
404878,404904,404913,9,26
404868,404877,404915,38,9
404878,404911,404914,3,33
404878,404905,404914,9,27
404878,404908,404915,7,30
404878,404902,404915,13,24
404878,404913,404915,2,35
404878,404913,404915,2,35
404878,404913,404915,2,35
404878,404910,404916,6,32
404868,404898,404914,16,30
404878,404915,404917,2,37
404878,404907,404916,9,29
404878,404902,404917,15,24
404878,404916,404918,2,38
404878,404915,404918,3,37
404878,404916,404918,2,38
404878,404914,404919,5,36
404878,404916,404918,2,38
404878,404906,404919,13,28
404878,404917,404920,3,39
404878,404915,404919,4,37
404878,404915,404920,5,37
404878,404904,404921,17,26
404878,404918,404920,2,40
404878,404919,404921,2,41
404878,404916,404920,4,38
404868,404894,404921,27,26
404878,404919,404921,2,41
404878,404919,404922,3,41
404878,404919,404922,3,41
404878,404921,404923,2,43
404878,404920,404922,2,42
404878,404918,404923,5,40
403942,403963,404923,960,21
404878,404921,404923,2,43
404878,404912,404924,12,34
404878,404916,404924,8,38
404878,404922,404925,3,44
404868,404877,404919,42,9
404868,404886,404920,34,18
404878,404922,404925,3,44
404878,404920,404925,5,42
404878,404923,404925,2,45
404878,404921,404926,5,43
404878,404923,404926,3,45
404868,404889,404926,37,21
404878,404908,404925,17,30
404878,404923,404926,3,45
404878,404924,404927,3,46
404878,404924,404927,3,46
404878,404907,404926,19,29
404878,404921,404927,6,43
404878,404908,404922,14,30
404878,404921,404929,8,43
404893,404925,404929,4,32
404893,404926,404929,3,33
404878,404924,404930,6,46
404893,404926,404930,4,33
404878,404919,404931,12,41
404878,404924,404932,8,46
404878,404915,404933,18,37
404893,404927,404934,7,34
404893,404927,404934,7,34
404893,404926,404934,8,33
404893,404930,404934,4,37
404857,404876,404927,51,19
404893,404925,404935,10,32
404893,404930,404935,5,37
404893,404936,404937,1,43
404893,404935,404937,2,42
404878,404901,404938,37,23
404878,404922,404937,15,44
404893,404927,404938,11,34
404893,404934,404938,4,41
404893,404934,404939,5,41
404878,404917,404939,22,39
404893,404929,404936,7,36
404893,404938,404940,2,45
404893,404935,404940,5,42
404878,404924,404940,16,46
404893,404933,404940,7,40
404893,404938,404940,2,45
404893,404932,404939,7,39
404893,404938,404941,3,45
404893,404936,404941,5,43
404893,404930,404941,11,37
404893,404927,404942,15,34
404893,404940,404942,2,47
404893,404928,404942,14,35
404878,404915,404943,28,37
404893,404941,404943,2,48
404893,404940,404943,3,47
404893,404941,404943,2,48
404893,404940,404943,3,47
404893,404941,404944,3,48
404893,404942,404944,2,49
404893,404942,404945,3,49
404893,404929,404942,13,36
404893,404933,404942,9,40
404893,404940,404944,4,47
404893,404943,404945,2,50
404893,404941,404945,4,48
404893,404943,404945,2,50
404893,404928,404945,17,35
404893,404942,404946,4,49
404893,404944,404947,3,51
404893,404945,404947,2,52
404893,404944,404947,3,51
404893,404945,404947,2,52
404893,404930,404948,18,37
404893,404945,404948,3,52
404893,404945,404948,3,52
404893,404944,404947,3,51
404893,404925,404947,22,32
404893,404945,404947,2,52
404893,404946,404948,2,53
404893,404945,404948,3,52
404893,404941,404945,4,48
404893,404947,404949,2,54
404893,404943,404949,6,50
404893,404946,404950,4,53
404893,404946,404950,4,53
404893,404948,404950,2,55
404893,404948,404950,2,55
404893,404938,404951,13,45
404926,404949,404952,3,23
404893,404947,404952,5,54
404926,404949,404952,3,23
404893,404938,404953,15,45
404926,404948,404952,4,22
404926,404948,404952,4,22
404926,404948,404953,5,22
404893,404925,404948,23,32
404926,404949,404954,5,23
404926,404948,404956,8,22
404926,404953,404957,4,27
404926,404951,404958,7,25
404926,404951,404958,7,25
404926,404955,404959,4,29
404926,404950,404959,9,24
404893,404935,404959,24,42
404926,404954,404959,5,28
404926,404949,404959,10,23
404926,404953,404960,7,27
404926,404953,404961,8,27
404926,404957,404961,4,31
404926,404960,404962,2,34
404926,404959,404961,2,33
404893,404942,404954,12,49
404926,404959,404962,3,33
404926,404950,404963,13,24
404926,404957,404963,6,31
404926,404961,404963,2,35
404893,404944,404962,18,51
404893,404941,404964,23,48
404926,404953,404964,11,27
404926,404962,404964,2,36
404893,404943,404960,17,50
404926,404962,404965,3,36
404926,404961,404964,3,35
404926,404963,404965,2,37
401701,401701,404966,3265,0
403736,403736,404966,1230,0
404926,404965,404967,2,39
404926,404964,404967,3,38
404893,404927,404963,36,34
404926,404965,404967,2,39
404926,404953,404968,15,27
404926,404959,404968,9,33
404926,404960,404968,8,34
404926,404951,404968,17,25
404926,404967,404969,2,41
404926,404960,404969,9,34
404926,404966,404969,3,40
404926,404963,404969,6,37
404926,404963,404968,5,37
404926,404965,404969,4,39
404926,404967,404970,3,41
404926,404967,404970,3,41
404926,404968,404970,2,42
404926,404960,404967,7,34
404926,404965,404969,4,39
404926,404953,404972,19,27
404926,404969,404971,2,43
404926,404969,404971,2,43
404926,404950,404971,21,24
404926,404969,404972,3,43
404926,404971,404973,2,45
404926,404970,404973,3,44
404926,404970,404973,3,44
404926,404969,404973,4,43
404926,404960,404971,11,34
404926,404969,404975,6,43
404926,404969,404975,6,43
404926,404968,404975,7,42
404926,404968,404975,7,42
404926,404953,404976,23,27
404926,404968,404977,9,42
403718,403718,404979,1261,0
404926,404969,404974,5,43
404926,404965,404986,21,39
404926,404971,404986,15,45
404926,404962,404997,35,36
404926,404952,405000,48,26
404926,404967,405005,38,41
404926,404965,405006,41,39
403754,403754,405010,1256,0
401700,401700,405016,3316,0
404926,404948,405017,69,22
403772,403772,405018,1246,0
403846,403846,405074,1228,0
403827,403827,405085,1258,0
403281,403334,405124,1790,53
405125,405125,405129,4,0
405125,405125,405129,4,0
405125,405125,405129,4,0
405125,405125,405129,4,0
405125,405125,405130,5,0
405125,405125,405130,5,0
405125,405129,405133,4,4
405125,405125,405134,9,0
405125,405125,405134,9,0
405125,405130,405134,4,5
405125,405133,405135,2,8
405125,405131,405136,5,6
405125,405129,405136,7,4
405125,405125,405137,12,0
405125,405125,405137,12,0
405125,405129,405137,8,4
405125,405129,405138,9,4
405125,405125,405138,13,0
405125,405125,405138,13,0
405125,405134,405138,4,9
405125,405135,405138,3,10
405125,405137,405139,2,12
405125,405136,405139,3,11
405125,405134,405140,6,9
405125,405125,405140,15,0
405125,405138,405140,2,13
405125,405139,405140,1,14
405125,405125,405141,16,0
405125,405125,405140,15,0
405125,405139,405141,2,14
405125,405140,405142,2,15
405125,405137,405142,5,12
405125,405138,405142,4,13
405125,405134,405142,8,9
405125,405141,405143,2,16
405125,405141,405143,2,16
405125,405140,405144,4,15
405125,405137,405144,7,12
405125,405138,405144,6,13
405125,405140,405144,4,15
405125,405142,405144,2,17
405125,405142,405144,2,17
405125,405142,405145,3,17
405125,405138,405145,7,13
405125,405143,405145,2,18
405125,405141,405145,4,16
405125,405142,405146,4,17
405125,405144,405146,2,19
405125,405145,405147,2,20
405125,405143,405147,4,18
405125,405145,405147,2,20
405125,405145,405148,3,20
405125,405146,405148,2,21
405125,405146,405149,3,21
405125,405145,405149,4,20
405125,405125,405140,15,0
405125,405125,405142,17,0
405125,405125,405144,19,0
405125,405145,405151,6,20
405125,405145,405151,6,20
405125,405146,405152,6,21
405125,405125,405152,27,0
405125,405125,405153,28,0
405125,405125,405153,28,0
405125,405142,405154,12,17
405125,405141,405154,13,16
405125,405125,405156,31,0
405125,405125,405160,35,0
405125,405125,405161,36,0
405125,405125,405171,46,0
403747,403763,405263,1500,16
405264,405265,405268,3,1
405264,405265,405268,3,1
405264,405265,405268,3,1
405264,405265,405268,3,1
405264,405265,405270,5,1
405264,405265,405269,4,1
405264,405269,405271,2,5
405264,405269,405271,2,5
405264,405269,405272,3,5
405264,405270,405273,3,6
405264,405271,405273,2,7
405264,405265,405274,9,1
405264,405270,405274,4,6
405264,405272,405275,3,8
405264,405274,405276,2,10
405264,405275,405277,2,11
405264,405273,405276,3,9
405264,405269,405277,8,5
405264,405274,405277,3,10
405264,405265,405278,13,1
405264,405275,405279,4,11
405264,405275,405280,5,11
405264,405277,405279,2,13
405264,405277,405279,2,13
405264,405265,405280,15,1
405264,405265,405280,15,1
405264,405265,405280,15,1
405264,405278,405281,3,14
405264,405277,405280,3,13
405264,405265,405281,16,1
405264,405274,405281,7,10
405264,405265,405281,16,1
405264,405265,405281,16,1
405264,405278,405282,4,14
405264,405280,405282,2,16
405264,405265,405282,17,1
405264,405280,405283,3,16
405264,405280,405282,2,16
405264,405281,405283,2,17
405264,405280,405284,4,16
405264,405282,405284,2,18
405264,405281,405284,3,17
405264,405282,405285,3,18
404260,404294,405285,991,34
405264,405281,405285,4,17
405264,405265,405285,20,1
405264,405265,405285,20,1
405264,405274,405285,11,10
404284,404310,405286,976,26
405264,405283,405285,2,19
405264,405283,405286,3,19
405264,405281,405286,5,17
405264,405281,405286,5,17
405264,405265,405286,21,1
405264,405274,405286,12,10
405264,405282,405287,5,18
405264,405284,405287,3,20
405264,405282,405287,5,18
405264,405282,405287,5,18
405264,405284,405286,2,20
405264,405284,405286,2,20
405264,405279,405288,9,15
405264,405285,405287,2,21
405264,405274,405287,13,10
405264,405285,405287,2,21
405264,405265,405287,22,1
405264,405265,405286,21,1
405264,405284,405289,5,20
405287,405287,405290,3,0
405264,405286,405290,4,22
405287,405287,405291,4,0
405287,405287,405291,4,0
405287,405287,405291,4,0
405287,405288,405292,4,1
405287,405288,405293,5,1
405287,405290,405293,3,3
405264,405283,405288,5,19
405287,405291,405294,3,4
405287,405291,405293,2,4
405264,405265,405293,28,1
405287,405289,405294,5,2
405287,405292,405295,3,5
405287,405293,405295,2,6
405287,405293,405295,2,6
405287,405292,405295,3,5
405287,405291,405295,4,4
405287,405287,405295,8,0
405287,405287,405295,8,0
405287,405294,405296,2,7
405264,405282,405291,9,18
405287,405295,405297,2,8
405287,405294,405296,2,7
405287,405290,405297,7,3
405287,405295,405297,2,8
405287,405295,405298,3,8
405287,405296,405298,2,9
405287,405295,405298,3,8
405287,405294,405298,4,7
405287,405287,405299,12,0
405287,405297,405299,2,10
405287,405287,405299,12,0
405287,405296,405301,5,9
405287,405297,405300,3,10
405287,405296,405301,5,9
405287,405297,405301,4,10
405287,405298,405301,3,11
405287,405298,405301,3,11
405287,405287,405301,14,0
405287,405298,405301,3,11
405287,405296,405301,5,9
405287,405299,405302,3,12
405287,405299,405302,3,12
405287,405297,405303,6,10
405287,405301,405304,3,14
405287,405302,405304,2,15
405287,405302,405304,2,15
405287,405302,405304,2,15
405287,405302,405304,2,15
405287,405301,405305,4,14
405287,405287,405305,18,0
405287,405300,405305,5,13
405287,405303,405305,2,16
405287,405303,405305,2,16
405287,405301,405305,4,14
405287,405299,405306,7,12
405287,405288,405299,11,1
405287,405301,405307,6,14
405287,405305,405307,2,18
405287,405305,405307,2,18
405287,405305,405307,2,18
405287,405302,405308,6,15
405287,405305,405309,4,18
405287,405304,405308,4,17
405287,405305,405309,4,18
405287,405306,405309,3,19
405287,405305,405310,5,18
405287,405306,405311,5,19
405287,405310,405312,2,23
403788,403803,405311,1508,15
405287,405287,405312,25,0
405287,405309,405312,3,22
405287,405310,405312,2,23
405287,405312,405314,2,25
405287,405310,405314,4,23
405287,405305,405314,9,18
405287,405308,405315,7,21
405287,405312,405315,3,25
405287,405313,405315,2,26
405287,405313,405315,2,26
405287,405288,405315,27,1
405287,405312,405315,3,25
405287,405308,405315,7,21
405287,405312,405316,4,25
405287,405314,405316,2,27
405287,405315,405317,2,28
405287,405309,405316,7,22
405287,405315,405317,2,28
405287,405315,405317,2,28
405287,405305,405317,12,18
405287,405316,405317,1,29
405287,405294,405317,23,7
405287,405315,405317,2,28
405287,405316,405318,2,29
405287,405314,405317,3,27
405287,405306,405318,12,19
405287,405317,405319,2,30
405287,405314,405319,5,27
405287,405317,405319,2,30
405287,405308,405319,11,21
405287,405317,405319,2,30
405287,405318,405320,2,31
405287,405318,405320,2,31
405287,405316,405321,5,29
405287,405318,405320,2,31
405287,405319,405321,2,32
405287,405318,405321,3,31
405287,405318,405322,4,31
405287,405287,405323,36,0
405287,405308,405322,14,21
405287,405317,405322,5,30
405287,405320,405322,2,33
405287,405320,405322,2,33
405287,405321,405323,2,34
405287,405320,405322,2,33
405287,405306,405323,17,19
405287,405294,405323,29,7
405287,405321,405323,2,34
405287,405319,405323,4,32
405287,405321,405324,3,34
401697,401697,405325,3628,0
405287,405321,405325,4,34
405287,405323,405325,2,36
405287,405320,405325,5,33
405287,405323,405325,2,36
405287,405321,405325,4,34
405287,405307,405325,18,20
405287,405323,405326,3,36
405287,405323,405326,3,36
405287,405323,405326,3,36
405287,405289,405324,35,2
405287,405320,405327,7,33
405287,405323,405329,6,36
405287,405323,405328,5,36
405322,405326,405329,3,4
405322,405325,405329,4,3
405287,405324,405329,5,37
405287,405289,405330,41,2
405322,405326,405330,4,4
405322,405325,405330,5,3
405287,405318,405330,12,31
405287,405296,405331,35,9
405322,405327,405331,4,5
405287,405324,405331,7,37
405322,405327,405333,6,5
405322,405326,405333,7,4
405322,405326,405334,8,4
405322,405326,405334,8,4
405322,405327,405335,8,5
405287,405323,405334,11,36
405322,405334,405336,2,12
405322,405332,405338,6,10
405322,405330,405338,8,8
405322,405336,405339,3,14
405322,405334,405339,5,12
405322,405337,405339,2,15
405322,405330,405340,10,8
405322,405334,405340,6,12
405322,405328,405340,12,6
405322,405338,405340,2,16
405322,405330,405342,12,8
405322,405329,405342,13,7
405322,405339,405341,2,17
405322,405334,405340,6,12
405322,405331,405342,11,9
405322,405340,405342,2,18
405322,405340,405342,2,18
405322,405341,405343,2,19
405322,405342,405344,2,20
405287,405287,405322,35,0
405287,405307,405337,30,20
405322,405342,405345,3,20
405322,405343,405345,2,21
405322,405340,405345,5,18
405322,405343,405346,3,21
405322,405340,405345,5,18
405322,405343,405346,3,21
405322,405340,405345,5,18
405322,405344,405346,2,22
405322,405344,405346,2,22
405322,405342,405346,4,20
405322,405342,405347,5,20
405322,405345,405347,2,23
405322,405329,405347,18,7
405322,405340,405347,7,18
405322,405330,405347,17,8
405322,405345,405347,2,23
405322,405346,405348,2,24
405322,405346,405349,3,24
405322,405346,405348,2,24
405322,405347,405349,2,25
405322,405346,405349,3,24
405322,405348,405350,2,26
405322,405346,405350,4,24
405322,405346,405351,5,24
405322,405345,405350,5,23
405322,405348,405351,3,26
405322,405349,405351,2,27
405322,405349,405352,3,27
405322,405348,405352,4,26
405322,405348,405352,4,26
405322,405347,405352,5,25
405322,405347,405353,6,25
405322,405348,405353,5,26
405322,405330,405352,22,8
405287,405287,405329,42,0
405322,405337,405365,28,15
405287,405315,405366,51,28
405287,405315,405365,50,28
405322,405361,405366,5,39
405322,405345,405368,23,23
405322,405332,405370,38,10
405322,405331,405373,42,9
405322,405328,405355,27,6
405322,405331,405356,25,9
403868,403879,405379,1500,11
405411,405411,405414,3,0
405411,405411,405415,4,0
405411,405411,405415,4,0
405411,405411,405416,5,0
405411,405411,405417,6,0
405411,405411,405417,6,0
405411,405415,405417,2,4
405411,405416,405418,2,5
405411,405415,405419,4,4
405411,405418,405420,2,7
405411,405417,405420,3,6
405411,405418,405420,2,7
405411,405419,405421,2,8
405411,405420,405422,2,9
405411,405418,405423,5,7
405411,405420,405423,3,9
405411,405421,405424,3,10
405411,405411,405424,13,0
405411,405411,405424,13,0
405411,405421,405424,3,10
405411,405422,405424,2,11
405411,405423,405425,2,12
405411,405411,405425,14,0
405411,405412,405425,13,1
405411,405424,405426,2,13
405411,405425,405427,2,14
405411,405424,405427,3,13
405411,405425,405427,2,14
405411,405425,405427,2,14
405411,405424,405428,4,13
405411,405411,405428,17,0
405411,405411,405429,18,0
405411,405425,405429,4,14
405411,405427,405429,2,16
405411,405427,405429,2,16
405411,405428,405430,2,17
405411,405412,405430,18,1
405411,405425,405430,5,14
405411,405411,405430,19,0
405411,405412,405430,18,1
405411,405412,405431,19,1
405411,405426,405430,4,15
405411,405411,405430,19,0
405411,405428,405430,2,17
405411,405428,405430,2,17
405411,405430,405432,2,19
405411,405430,405432,2,19
405411,405430,405433,3,19
405411,405425,405433,8,14
405411,405431,405434,3,20
405411,405430,405434,4,19
405411,405430,405434,4,19
405411,405429,405434,5,18
405411,405431,405434,3,20
405411,405431,405435,4,20
405411,405431,405435,4,20
405411,405431,405435,4,20
405411,405431,405435,4,20
405411,405431,405435,4,20
405411,405431,405436,5,20
405411,405431,405438,7,20
405411,405429,405438,9,18
405411,405411,405438,27,0
405411,405411,405439,28,0
405411,405411,405442,31,0
405411,405411,405443,32,0
405411,405412,405438,26,1
405411,405412,405442,30,1
405411,405412,405440,28,1
405411,405412,405439,27,1
404548,404563,405526,963,15
405528,405528,405530,2,0
405528,405528,405531,3,0
405528,405528,405531,3,0
405528,405528,405531,3,0
405528,405528,405531,3,0
405528,405528,405531,3,0
405528,405528,405532,4,0
405528,405528,405532,4,0
405528,405528,405532,4,0
405528,405531,405532,1,3
405528,405528,405532,4,0
405528,405528,405533,5,0
405528,405528,405533,5,0
405528,405528,405533,5,0
405528,405532,405533,1,4
405528,405528,405533,5,0
405528,405528,405534,6,0
405528,405533,405535,2,5
405528,405533,405535,2,5
405528,405528,405534,6,0
405528,405532,405535,3,4
405528,405532,405535,3,4
405528,405533,405535,2,5
405528,405534,405536,2,6
405528,405528,405536,8,0
405528,405532,405536,4,4
405528,405528,405536,8,0
405528,405532,405536,4,4
405528,405534,405536,2,6
405528,405528,405534,6,0
405528,405528,405534,6,0
405528,405528,405535,7,0
405528,405528,405536,8,0
405528,405534,405538,4,6
405528,405533,405537,4,5
405528,405535,405537,2,7
405528,405535,405537,2,7
405528,405536,405538,2,8
405528,405533,405537,4,5
405528,405534,405538,4,6
405528,405536,405538,2,8
405528,405538,405540,2,10
405528,405534,405539,5,6
405528,405537,405540,3,9
405528,405537,405540,3,9
405528,405536,405540,4,8
405528,405536,405541,5,8
405528,405537,405540,3,9
405528,405538,405540,2,10
405528,405538,405540,2,10
405528,405535,405540,5,7
405528,405537,405540,3,9
405528,405537,405542,5,9
405528,405537,405542,5,9
405528,405537,405542,5,9
405528,405537,405541,4,9
405528,405539,405542,3,11
405528,405540,405542,2,12
405528,405539,405542,3,11
405528,405538,405542,4,10
405528,405538,405543,5,10
405528,405537,405541,4,9
405528,405540,405545,5,12
405528,405528,405549,21,0
405528,405528,405549,21,0
405528,405528,405553,25,0
405528,405535,405556,21,7
405528,405540,405544,4,12
405528,405540,405545,5,12
405528,405538,405560,22,10
404701,404719,405702,983,18
405703,405703,405706,3,0
405703,405703,405706,3,0
405703,405703,405707,4,0
405703,405703,405707,4,0
405703,405703,405707,4,0
405703,405703,405708,5,0
405703,405703,405708,5,0
405703,405703,405707,4,0
405703,405703,405707,4,0
405703,405703,405709,6,0
405703,405703,405709,6,0
405703,405703,405708,5,0
405703,405703,405708,5,0
405703,405707,405709,2,4
405703,405703,405709,6,0
405703,405703,405710,7,0
405703,405703,405710,7,0
405703,405708,405710,2,5
405703,405708,405711,3,5
405703,405709,405711,2,6
405703,405709,405711,2,6
405703,405703,405711,8,0
405703,405709,405711,2,6
405703,405707,405711,4,4
405703,405707,405711,4,4
405703,405708,405712,4,5
405703,405710,405712,2,7
405703,405707,405713,6,4
405703,405709,405713,4,6
405703,405711,405713,2,8
405703,405711,405713,2,8
405703,405703,405711,8,0
405703,405708,405712,4,5
405703,405709,405714,5,6
405703,405712,405714,2,9
405703,405711,405714,3,8
405703,405711,405714,3,8
405703,405712,405716,4,9
405703,405713,405715,2,10
405703,405709,405717,8,6
405703,405709,405716,7,6
405703,405712,405716,4,9
405703,405712,405717,5,9
405703,405714,405717,3,11
405703,405714,405716,2,11
405703,405713,405718,5,10
405703,405715,405717,2,12
405703,405715,405717,2,12
405703,405714,405718,4,11
405703,405715,405718,3,12
405703,405714,405719,5,11
405703,405716,405719,3,13
405703,405703,405712,9,0
405703,405716,405719,3,13
405703,405717,405719,2,14
405703,405717,405719,2,14
405703,405714,405720,6,11
405703,405714,405720,6,11
405703,405714,405720,6,11
405703,405717,405722,5,14
405703,405717,405722,5,14
405703,405717,405722,5,14
405703,405717,405722,5,14
405703,405703,405726,23,0
405703,405703,405728,25,0
405703,405710,405729,19,7
405703,405703,405729,26,0
405703,405703,405729,26,0
404231,404244,405737,1493,13
405703,405703,405739,36,0
405739,405739,405743,4,0
405739,405739,405743,4,0
405739,405739,405743,4,0
405739,405739,405743,4,0
405739,405739,405743,4,0
405739,405739,405744,5,0
405739,405739,405744,5,0
405703,405703,405744,41,0
405739,405744,405746,2,5
405739,405743,405746,3,4
405739,405743,405746,3,4
405739,405743,405746,3,4
405739,405743,405746,3,4
405739,405744,405747,3,5
405739,405739,405747,8,0
405739,405743,405747,4,4
405739,405747,405748,1,8
405739,405747,405748,1,8
405739,405739,405749,10,0
405739,405747,405749,2,8
405739,405747,405749,2,8
405739,405747,405749,2,8
405739,405747,405750,3,8
405739,405749,405750,1,10
405739,405749,405751,2,10
405739,405748,405750,2,9
405739,405750,405752,2,11
405739,405750,405752,2,11
405739,405751,405753,2,12
405739,405751,405753,2,12
405739,405751,405753,2,12
405739,405752,405754,2,13
405739,405749,405754,5,10
405739,405750,405754,4,11
405739,405752,405754,2,13
405739,405753,405755,2,14
405739,405739,405755,16,0
405739,405754,405756,2,15
405739,405754,405756,2,15
405739,405754,405756,2,15
405739,405754,405756,2,15
405739,405739,405757,18,0
405739,405755,405757,2,16
405739,405755,405757,2,16
405739,405739,405758,19,0
405739,405755,405758,3,16
405739,405740,405759,19,1
405739,405756,405759,3,17
405739,405757,405759,2,18
405739,405757,405759,2,18
405739,405757,405759,2,18
405739,405757,405759,2,18
405739,405739,405753,14,0
405739,405739,405757,18,0
405739,405739,405760,21,0
405739,405739,405760,21,0
405739,405755,405760,5,16
405739,405758,405761,3,19
405739,405758,405761,3,19
405739,405739,405761,22,0
405739,405739,405762,23,0
405739,405757,405762,5,18
405739,405759,405762,3,20
405739,405758,405764,6,19
405739,405739,405764,25,0
405739,405744,405768,24,5
405739,405748,405771,23,9
405739,405739,405764,25,0
405739,405739,405764,25,0
405739,405739,405775,36,0
404796,404836,405785,949,40
405786,405786,405789,3,0
405786,405786,405789,3,0
405739,405739,405787,48,0
405786,405786,405790,4,0
405786,405786,405790,4,0
405786,405786,405790,4,0
405786,405786,405791,5,0
405786,405786,405791,5,0
405786,405786,405791,5,0
405786,405786,405791,5,0
405786,405789,405791,2,3
405786,405786,405791,5,0
405786,405786,405791,5,0
405786,405786,405790,4,0
405786,405786,405791,5,0
405786,405786,405791,5,0
405786,405786,405792,6,0
405786,405786,405792,6,0
405786,405786,405793,7,0
405786,405786,405792,6,0
405786,405791,405793,2,5
405786,405791,405794,3,5
405786,405791,405793,2,5
405786,405791,405794,3,5
405786,405792,405794,2,6
405786,405790,405795,5,4
405786,405792,405795,3,6
405786,405790,405795,5,4
405786,405790,405795,5,4
405786,405792,405795,3,6
405786,405793,405796,3,7
405786,405791,405796,5,5
405786,405791,405796,5,5
405786,405791,405795,4,5
405786,405793,405796,3,7
405786,405786,405791,5,0
405786,405794,405797,3,8
405786,405791,405797,6,5
405786,405794,405797,3,8
405786,405795,405797,2,9
405786,405795,405797,2,9
405786,405786,405797,11,0
405786,405792,405797,5,6
405786,405793,405798,5,7
405786,405796,405798,2,10
405786,405796,405799,3,10
405786,405786,405790,4,0
405786,405786,405790,4,0
405786,405796,405799,3,10
405786,405797,405799,2,11
405786,405795,405800,5,9
405786,405796,405800,4,10
405786,405795,405800,5,9
405786,405798,405800,2,12
405786,405798,405800,2,12
405786,405798,405800,2,12
405786,405798,405801,3,12
405786,405797,405801,4,11
405786,405799,405802,3,13
405786,405786,405801,15,0
405786,405786,405799,13,0
405786,405796,405802,6,10
405786,405799,405802,3,13
405786,405797,405802,5,11
405786,405798,405803,5,12
405786,405798,405803,5,12
405786,405798,405802,4,12
405786,405798,405804,6,12
404795,404835,405805,970,40
405786,405790,405804,14,4
405812,405812,405815,3,0
405812,405812,405815,3,0
405812,405812,405815,3,0
405812,405812,405816,4,0
405812,405812,405816,4,0
405812,405812,405817,5,0
405812,405812,405817,5,0
405812,405812,405817,5,0
405812,405812,405816,4,0
405812,405812,405817,5,0
405812,405812,405817,5,0
405812,405812,405817,5,0
405812,405812,405816,4,0
405812,405812,405817,5,0
405812,405812,405817,5,0
405812,405812,405818,6,0
405812,405812,405818,6,0
405812,405815,405818,3,3
405812,405812,405818,6,0
405812,405812,405818,6,0
405812,405812,405819,7,0
405812,405812,405819,7,0
405812,405817,405819,2,5
405786,405790,405813,23,4
405812,405817,405820,3,5
405812,405816,405820,4,4
405812,405817,405820,3,5
405812,405817,405820,3,5
405812,405816,405821,5,4
405812,405818,405821,3,6
404264,404294,405821,1527,30
405812,405818,405820,2,6
405812,405817,405821,4,5
405812,405819,405821,2,7
405812,405817,405822,5,5
405812,405817,405822,5,5
405812,405819,405822,3,7
405812,405821,405822,1,9
405812,405820,405822,2,8
405812,405820,405822,2,8
405812,405819,405823,4,7
405812,405821,405823,2,9
405812,405821,405823,2,9
405812,405818,405823,5,6
405812,405817,405822,5,5
405812,405817,405823,6,5
405812,405821,405824,3,9
405812,405822,405824,2,10
405812,405823,405825,2,11
405812,405822,405825,3,10
405812,405823,405825,2,11
405812,405819,405824,5,7
405812,405817,405824,7,5
405812,405816,405825,9,4
405812,405823,405825,2,11
405812,405823,405825,2,11
405786,405797,405825,28,11
405812,405823,405826,3,11
405812,405824,405826,2,12
405812,405824,405826,2,12
405812,405821,405826,5,9
405812,405812,405827,15,0
405812,405824,405827,3,12
405812,405823,405827,4,11
405812,405824,405828,4,12
405812,405812,405828,16,0
405812,405824,405829,5,12
405812,405824,405829,5,12
405812,405824,405829,5,12
405822,405825,405829,4,3
405822,405825,405829,4,3
405822,405825,405829,4,3
405822,405826,405830,4,4
405822,405826,405830,4,4
405822,405830,405832,2,8
405812,405822,405832,10,10
405822,405830,405833,3,8
405822,405831,405833,2,9
405822,405830,405832,2,8
405822,405828,405833,5,6
405822,405828,405833,5,6
405822,405831,405833,2,9
405822,405832,405834,2,10
404871,404900,405835,935,29
405812,405820,405829,9,8
405822,405825,405835,10,3
405822,405827,405835,8,5
405822,405827,405834,7,5
405822,405830,405836,6,8
405822,405833,405835,2,11
405822,405833,405836,3,11
405822,405833,405835,2,11
405822,405834,405836,2,12
405822,405834,405836,2,12
405822,405835,405837,2,13
405822,405834,405836,2,12
405822,405834,405838,4,12
405822,405829,405837,8,7
405822,405835,405837,2,13
405822,405835,405838,3,13
405822,405836,405839,3,14
405822,405836,405839,3,14
405822,405836,405839,3,14
405822,405836,405838,2,14
405822,405837,405839,2,15
405822,405837,405839,2,15
405822,405837,405840,3,15
405822,405826,405840,14,4
405822,405836,405840,4,14
405822,405835,405840,5,13
405822,405838,405840,2,16
405822,405838,405841,3,16
405812,405822,405841,19,10
405822,405829,405841,12,7
405812,405821,405841,20,9
405822,405826,405841,15,4
405822,405833,405841,8,11
405822,405827,405842,15,5
405822,405839,405842,3,17
405822,405839,405842,3,17
405822,405839,405842,3,17
405822,405840,405842,2,18
405822,405840,405842,2,18
405822,405838,405842,4,16
405822,405838,405842,4,16
405822,405839,405842,3,17
405822,405840,405843,3,18
405822,405841,405844,3,19
405822,405841,405844,3,19
405822,405829,405846,17,7
405822,405841,405845,4,19
405822,405841,405845,4,19
405822,405827,405847,20,5
405822,405842,405846,4,20
404858,404876,405847,971,18
405822,405829,405844,15,7
405822,405825,405847,22,3
405822,405843,405847,4,21
405822,405843,405847,4,21
405822,405841,405849,8,19
405822,405835,405849,14,13
405822,405843,405849,6,21
405822,405841,405850,9,19
405822,405841,405851,10,19
405822,405827,405853,26,5
405853,405853,405856,3,0
405853,405853,405856,3,0
405853,405853,405857,4,0
405853,405853,405857,4,0
405853,405853,405858,5,0
404881,404925,405858,933,44
405853,405853,405858,5,0
405853,405853,405858,5,0
405853,405853,405858,5,0
405853,405853,405858,5,0
405853,405856,405858,2,3
405853,405853,405857,4,0
405853,405853,405857,4,0
405853,405853,405858,5,0
405853,405854,405858,4,1
405853,405854,405858,4,1
405853,405853,405859,6,0
405853,405856,405859,3,3
405853,405853,405860,7,0
405853,405853,405860,7,0
405853,405858,405860,2,5
405853,405859,405861,2,6
405853,405857,405861,4,4
405853,405858,405861,3,5
405853,405858,405861,3,5
405853,405859,405861,2,6
405853,405859,405861,2,6
405853,405859,405862,3,6
405853,405859,405862,3,6
405853,405853,405862,9,0
405853,405857,405862,5,4
405853,405853,405863,10,0
405853,405862,405863,1,9
405853,405859,405863,4,6
405853,405853,405864,11,0
405853,405853,405864,11,0
405853,405853,405864,11,0
405853,405860,405864,4,7
405853,405853,405864,11,0
405853,405853,405864,11,0
405853,405858,405864,6,5
405853,405862,405864,2,9
405853,405862,405864,2,9
405853,405862,405864,2,9
405853,405862,405864,2,9
405853,405862,405864,2,9
405853,405860,405865,5,7
405853,405863,405865,2,10
405853,405863,405866,3,10
405853,405853,405866,13,0
405853,405864,405866,2,11
405853,405862,405866,4,9
405853,405865,405867,2,12
405853,405861,405867,6,8
405853,405865,405867,2,12
405853,405863,405867,4,10
405853,405865,405867,2,12
405853,405865,405867,2,12
405853,405864,405868,4,11
405853,405864,405869,5,11
405853,405865,405870,5,12
405853,405860,405871,11,7
405853,405853,405867,14,0
405853,405865,405871,6,12
405853,405863,405872,9,10
405874,405874,405877,3,0
405874,405874,405877,3,0
405874,405874,405878,4,0
405874,405874,405878,4,0
405874,405874,405878,4,0
405874,405874,405879,5,0
405874,405877,405879,2,3
405874,405874,405878,4,0
405874,405874,405878,4,0
405874,405874,405879,5,0
405874,405874,405879,5,0
405874,405878,405880,2,4
405874,405874,405881,7,0
405874,405878,405881,3,4
405874,405879,405881,2,5
405874,405879,405881,2,5
405874,405874,405881,7,0
405874,405874,405881,7,0
405874,405874,405882,8,0
405874,405878,405882,4,4
405853,405859,405871,12,6
405853,405859,405871,12,6
405853,405863,405871,8,10
405874,405878,405883,5,4
405874,405879,405883,4,5
405874,405880,405883,3,6
405874,405874,405883,9,0
405874,405881,405884,3,7
405874,405879,405884,5,5
405874,405882,405884,2,8
405874,405882,405884,2,8
405874,405882,405884,2,8
405874,405882,405884,2,8
405874,405879,405884,5,5
405874,405874,405885,11,0
405874,405882,405885,3,8
405874,405881,405885,4,7
405874,405879,405885,6,5
405874,405884,405885,1,10
405874,405885,405887,2,11
405853,405865,405887,22,12
405874,405885,405887,2,11
405874,405885,405887,2,11
405874,405885,405887,2,11
405874,405885,405887,2,11
405874,405883,405887,4,9
405874,405886,405888,2,12
405874,405886,405889,3,12
405874,405884,405889,5,10
405874,405887,405889,2,13
405874,405885,405889,4,11
404358,404373,405890,1517,15
405874,405883,405890,7,9
405874,405885,405890,5,11
405874,405888,405891,3,14
405874,405888,405890,2,14
405874,405888,405891,3,14
405874,405883,405891,8,9
405874,405884,405891,7,10
405874,405885,405891,6,11
405874,405889,405891,2,15
405874,405888,405891,3,14
405874,405889,405891,2,15
405874,405890,405892,2,16
405874,405883,405892,9,9
405874,405874,405893,19,0
405874,405886,405892,6,12
405874,405889,405895,6,15
405874,405884,405895,11,10
404387,404398,405895,1497,11
405874,405888,405895,7,14
405892,405892,405896,4,0
405892,405892,405898,6,0
405874,405874,405898,24,0
405892,405892,405898,6,0
405892,405892,405897,5,0
405892,405892,405898,6,0
405892,405896,405898,2,4
405892,405892,405899,7,0
405892,405893,405899,6,1
405892,405892,405899,7,0
405892,405892,405900,8,0
405892,405895,405900,5,3
405892,405899,405900,1,7
405892,405899,405900,1,7
405874,405887,405895,8,13
405892,405895,405901,6,3
405892,405892,405901,9,0
405892,405898,405900,2,6
405892,405899,405901,2,7
405892,405899,405901,2,7
405892,405900,405901,1,8
405874,405885,405901,16,11
405892,405896,405902,6,4
405892,405896,405902,6,4
405892,405899,405902,3,7
405892,405901,405902,1,9
405892,405901,405902,1,9
405892,405901,405903,2,9
405892,405900,405903,3,8
405892,405902,405904,2,10
405892,405902,405904,2,10
405892,405902,405904,2,10
405892,405901,405904,3,9
405892,405902,405904,2,10
405892,405902,405904,2,10
405892,405903,405905,2,11
405892,405893,405905,12,1
405892,405903,405905,2,11
405892,405902,405906,4,10
405892,405903,405905,2,11
405892,405901,405906,5,9
405892,405904,405906,2,12
405892,405902,405907,5,10
405892,405904,405907,3,12
405892,405899,405907,8,7
405892,405905,405907,2,13
405892,405905,405907,2,13
405892,405905,405907,2,13
405892,405905,405908,3,13
405892,405905,405908,3,13
405892,405906,405908,2,14
405892,405906,405908,2,14
405874,405874,405908,34,0
405892,405892,405909,17,0
405892,405904,405909,5,12
405892,405905,405909,4,13
405892,405907,405909,2,15
405892,405907,405910,3,15
405892,405909,405910,1,17
405853,405864,405910,46,11
405892,405908,405911,3,16
405892,405908,405911,3,16
405892,405908,405910,2,16
405892,405906,405911,5,14
405892,405893,405912,19,1
405892,405908,405912,4,16
405892,405901,405912,11,9
405892,405911,405913,2,19
405892,405907,405913,6,15
405892,405911,405913,2,19
405892,405911,405913,2,19
405892,405910,405913,3,18
405892,405911,405913,2,19
405892,405906,405913,7,14
405892,405913,405914,1,21
405892,405909,405914,5,17
405892,405911,405914,3,19
405892,405913,405915,2,21
405892,405892,405915,23,0
405892,405914,405916,2,22
404894,404948,405916,968,54
405892,405909,405916,7,17
405892,405911,405916,5,19
405892,405914,405916,2,22
405892,405915,405917,2,23
405892,405914,405916,2,22
405892,405914,405917,3,22
405892,405915,405917,2,23
405892,405913,405918,5,21
405892,405910,405918,8,18
405892,405915,405918,3,23
405892,405916,405918,2,24
405892,405914,405919,5,22
405892,405916,405919,3,24
405892,405916,405918,2,24
405892,405915,405919,4,23
405892,405917,405920,3,25
405892,405917,405920,3,25
405892,405913,405921,8,21
405892,405910,405920,10,18
405892,405917,405921,4,25
405892,405917,405921,4,25
405892,405918,405920,2,26
405892,405916,405921,5,24
405892,405910,405922,12,18
405892,405919,405922,3,27
405892,405919,405922,3,27
405853,405865,405916,51,12
405892,405919,405921,2,27
405892,405920,405922,2,28
405892,405920,405923,3,28
405892,405919,405924,5,27
405892,405920,405923,3,28
405892,405921,405924,3,29
405892,405921,405924,3,29
405892,405921,405923,2,29
405892,405919,405925,6,27
405892,405922,405925,3,30
405892,405922,405924,2,30
405892,405922,405925,3,30
405892,405918,405925,7,26
405892,405919,405925,6,27
405892,405923,405925,2,31
405892,405923,405926,3,31
405892,405921,405926,5,29
405892,405892,405920,28,0
405892,405892,405925,33,0
405892,405924,405927,3,32
405892,405924,405927,3,32
405892,405912,405927,15,20
405892,405922,405927,5,30
405892,405922,405926,4,30
405892,405924,405927,3,32
405892,405911,405921,10,19
405892,405924,405927,3,32
405892,405925,405928,3,33
405892,405925,405928,3,33
405892,405925,405928,3,33
404881,404881,405928,1047,0
404857,404857,405929,1072,0
405892,405924,405929,5,32
405896,405929,405930,1,33
405896,405926,405931,5,30
405896,405928,405931,3,32
405892,405925,405931,6,33
405896,405928,405932,4,32
405896,405928,405932,4,32
405896,405926,405932,6,30
405896,405927,405932,5,31
405896,405927,405933,6,31
405896,405931,405932,1,35
405896,405928,405933,5,32
405896,405931,405933,2,35
405896,405932,405933,1,36
405896,405930,405933,3,34
405892,405902,405934,32,10
405896,405932,405934,2,36
405896,405933,405934,1,37
405896,405933,405934,1,37
405896,405933,405935,2,37
405896,405932,405935,3,36
405896,405934,405935,1,38
405896,405933,405935,2,37
405896,405934,405935,1,38
405896,405933,405936,3,37
405896,405928,405936,8,32
405896,405935,405936,1,39
405896,405935,405937,2,39
405896,405934,405937,3,38
405896,405935,405937,2,39
405896,405936,405937,1,40
405896,405935,405937,2,39
405896,405936,405938,2,40
405896,405937,405939,2,41
405896,405936,405938,2,40
405896,405936,405938,2,40
405896,405938,405940,2,42
405896,405937,405939,2,41
405896,405938,405940,2,42
405896,405938,405940,2,42
405896,405928,405939,11,32
405896,405932,405939,7,36
405892,405916,405941,25,24
405896,405927,405941,14,31
405896,405936,405941,5,40
405896,405940,405942,2,44
405896,405939,405941,2,43
405896,405939,405942,3,43
405896,405939,405941,2,43
405874,405874,405942,68,0
405896,405939,405942,3,43
405896,405940,405942,2,44
405896,405941,405943,2,45
405896,405941,405943,2,45
405896,405934,405937,3,38
405896,405942,405944,2,46
405896,405942,405944,2,46
405896,405943,405945,2,47
405896,405942,405945,3,46
405896,405942,405944,2,46
405896,405943,405945,2,47
405896,405937,405946,9,41
405896,405941,405946,5,45
405896,405944,405946,2,48
405896,405941,405946,5,45
405896,405941,405947,6,45
405896,405944,405946,2,48
405896,405936,405947,11,40
405917,405945,405950,5,28
405917,405947,405949,2,30
405917,405945,405949,4,28
405917,405947,405949,2,30
405917,405945,405951,6,28
405917,405946,405951,5,29
405917,405946,405951,5,29
405917,405946,405951,5,29
405917,405945,405952,7,28
405917,405950,405952,2,33
405917,405947,405952,5,30
405917,405947,405952,5,30
405917,405945,405952,7,28
405917,405950,405952,2,33
405892,405906,405948,42,14
405892,405922,405952,30,30
405917,405950,405952,2,33
405917,405951,405953,2,34
405917,405950,405952,2,33
405917,405952,405953,1,35
405896,405927,405947,20,31
405917,405952,405954,2,35
405917,405952,405954,2,35
405896,405928,405953,25,32
405917,405951,405954,3,34
405917,405952,405954,2,35
405917,405952,405955,3,35
405917,405952,405955,3,35
405917,405953,405956,3,36
405917,405953,405956,3,36
405892,405921,405956,35,29
405917,405953,405956,3,36
405917,405954,405957,3,37
405917,405954,405957,3,37
405917,405947,405957,10,30
404461,404475,405957,1482,14
405917,405954,405958,4,37
405917,405955,405958,3,38
405917,405957,405958,1,40
405917,405954,405959,5,37
405917,405955,405958,3,38
405896,405928,405959,31,32
405917,405952,405958,6,35
405917,405952,405957,5,35
405917,405954,405958,4,37
405917,405956,405959,3,39
405917,405956,405959,3,39
405917,405956,405959,3,39
405917,405957,405959,2,40
405917,405957,405960,3,40
405917,405959,405961,2,42
405892,405910,405959,49,18
405917,405959,405961,2,42
405917,405959,405961,2,42
405917,405957,405961,4,40
405917,405959,405961,2,42
405917,405960,405962,2,43
405917,405960,405963,3,43
405917,405960,405962,2,43
405917,405959,405962,3,42
405917,405960,405962,2,43
405917,405960,405963,3,43
405896,405928,405963,35,32
405917,405963,405964,1,46
405917,405958,405965,7,41
405917,405962,405965,3,45
405917,405962,405964,2,45
405917,405962,405964,2,45
405917,405959,405965,6,42
405917,405959,405965,6,42
405892,405908,405962,54,16
405917,405953,405963,10,36
405917,405959,405966,7,42
405960,405963,405968,5,3
405917,405959,405967,8,42
405960,405964,405968,4,4
405917,405962,405968,6,45
405960,405963,405968,5,3
405960,405965,405969,4,5
405917,405962,405970,8,45
405960,405963,405969,6,3
405960,405969,405970,1,9
405960,405968,405970,2,8
405917,405962,405970,8,45
405960,405965,405970,5,5
405960,405970,405972,2,10
405960,405969,405971,2,9
405960,405969,405971,2,9
405960,405967,405972,5,7
405960,405968,405972,4,8
405960,405971,405972,1,11
405960,405970,405973,3,10
405960,405965,405973,8,5
405960,405971,405973,2,11
405896,405941,405957,16,45
405896,405941,405957,16,45
405917,405954,405963,9,37
405960,405972,405974,2,12
405960,405965,405973,8,5
405960,405971,405973,2,11
405960,405972,405974,2,12
405960,405972,405974,2,12
405960,405973,405975,2,13
405960,405965,405974,9,5
405917,405958,405972,14,41
405960,405973,405975,2,13
405960,405973,405975,2,13
405960,405973,405976,3,13
405960,405964,405976,12,4
405960,405974,405976,2,14
405960,405974,405977,3,14
405960,405974,405976,2,14
405960,405974,405977,3,14
405960,405970,405977,7,10
405960,405973,405977,4,13
405960,405974,405977,3,14
405960,405972,405977,5,12
405960,405973,405978,5,13
405960,405975,405977,2,15
405960,405965,405978,13,5
405960,405976,405978,2,16
405960,405976,405979,3,16
405960,405977,405979,2,17
405960,405977,405980,3,17
405960,405977,405980,3,17
405960,405975,405979,4,15
405960,405977,405980,3,17
405960,405978,405981,3,18
405960,405977,405981,4,17
405960,405971,405977,6,11
405960,405975,405980,5,15
405960,405979,405981,2,19
405960,405980,405982,2,20
405960,405979,405982,3,19
405960,405980,405983,3,20
405960,405980,405982,2,20
405960,405978,405982,4,18
405960,405978,405983,5,18
405960,405976,405983,7,16
405960,405978,405983,5,18
405960,405978,405983,5,18
405960,405980,405983,3,20
405960,405982,405983,1,22
405960,405980,405985,5,20
405960,405967,405985,18,7
405960,405979,405987,8,19
405917,405953,405986,33,36
405960,405973,405988,15,13
405960,405973,405988,15,13
405960,405977,405986,9,17
405960,405967,405993,26,7
405960,405989,405994,5,29
405896,405942,406006,64,46
401700,401700,406027,4327,0
404994,404994,406034,1040,0
403882,403882,406100,2218,0
403901,403918,406100,2182,17
403861,403862,406117,2255,1
405023,405023,406221,1198,0
405058,405058,406268,1210,0
405288,405324,406309,985,36
406310,406310,406312,2,0
406310,406310,406313,3,0
406310,406310,406314,4,0
406310,406310,406314,4,0
406310,406310,406313,3,0
406310,406310,406314,4,0
406310,406310,406315,5,0
406310,406310,406315,5,0
406310,406310,406315,5,0
406310,406310,406315,5,0
406310,406312,406315,3,2
406310,406310,406315,5,0
406310,406310,406315,5,0
406310,406313,406316,3,3
406310,406310,406316,6,0
405092,405092,406316,1224,0
406310,406314,406317,3,4
406310,406314,406317,3,4
406310,406314,406318,4,4
406310,406310,406318,8,0
406310,406315,406318,3,5
406310,406314,406319,5,4
406310,406310,406319,9,0
406310,406310,406319,9,0
406310,406315,406318,3,5
406310,406310,406319,9,0
406310,406310,406319,9,0
406310,406310,406320,10,0
406310,406310,406320,10,0
406310,406310,406320,10,0
406310,406318,406320,2,8
406310,406316,406320,4,6
406310,406317,406320,3,7
406310,406310,406321,11,0
406310,406318,406321,3,8
406310,406315,406321,6,5
406310,406318,406321,3,8
406310,406315,406321,6,5
406310,406315,406321,6,5
406310,406310,406322,12,0
406310,406310,406322,12,0
406310,406319,406322,3,9
406310,406316,406322,6,6
406310,406319,406322,3,9
406310,406320,406322,2,10
406310,406320,406322,2,10
406310,406318,406323,5,8
406310,406319,406323,4,9
406310,406321,406323,2,11
406310,406321,406323,2,11
406310,406321,406323,2,11
406310,406316,406324,8,6
406310,406319,406324,5,9
406310,406321,406324,3,11
406310,406322,406324,2,12
406310,406323,406324,1,13
406310,406316,406324,8,6
406310,406320,406325,5,10
406310,406323,406325,2,13
406310,406323,406325,2,13
406310,406323,406326,3,13
406310,406322,406326,4,12
406310,406321,406326,5,11
406310,406322,406327,5,12
406310,406323,406328,5,13
406310,406320,406329,9,10
406310,406321,406330,9,11
405325,405349,406331,982,24
406310,406322,406332,10,12
406310,406310,406333,23,0
406310,406320,406335,15,10
406336,406336,406337,1,0
406336,406336,406338,2,0
406336,406336,406338,2,0
406336,406336,406339,3,0
405127,405127,406340,1213,0
406336,406336,406340,4,0
406336,406336,406340,4,0
406336,406336,406340,4,0
406336,406338,406340,2,2
406336,406336,406341,5,0
406336,406339,406341,2,3
406336,406339,406341,2,3
406336,406336,406342,6,0
406336,406340,406342,2,4
406336,406336,406343,7,0
406336,406336,406344,8,0
406336,406336,406343,7,0
406336,406336,406344,8,0
406336,406341,406343,2,5
406336,406336,406343,7,0
406336,406336,406343,7,0
406336,406336,406343,7,0
406336,406341,406345,4,5
406336,406336,406344,8,0
406336,406336,406344,8,0
406336,406341,406344,3,5
406336,406341,406344,3,5
406336,406342,406346,4,6
406336,406342,406345,3,6
406336,406344,406346,2,8
406336,406344,406346,2,8
406336,406344,406346,2,8
406336,406345,406347,2,9
406336,406342,406347,5,6
406336,406344,406347,3,8
406336,406343,406347,4,7
406336,406345,406348,3,9
406336,406345,406347,2,9
406336,406345,406347,2,9
406336,406345,406347,2,9
406336,406346,406348,2,10
406336,406346,406348,2,10
406336,406345,406349,4,9
406336,406346,406348,2,10
406336,406347,406349,2,11
406336,406345,406349,4,9
406336,406347,406349,2,11
406336,406348,406350,2,12
406336,406345,406350,5,9
406336,406343,406350,7,7
406336,406347,406350,3,11
406336,406348,406351,3,12
406336,406348,406351,3,12
406336,406348,406350,2,12
406336,406348,406350,2,12
406336,406348,406350,2,12
406336,406336,406340,4,0
406336,406336,406339,3,0
406336,406336,406341,5,0
406336,406348,406351,3,12
406336,406349,406352,3,13
406336,406349,406351,2,13
406310,406322,406344,22,12
406336,406343,406352,9,7
406336,406348,406352,4,12
406336,406348,406352,4,12
406336,406350,406352,2,14
406336,406349,406354,5,13
406336,406350,406354,4,14
406336,406336,406356,20,0
406336,406336,406360,24,0
406336,406336,406364,28,0
405162,405162,406386,1224,0
401699,401699,406401,4702,0
405412,405432,406403,971,20
406405,406405,406406,1,0
406405,406405,406407,2,0
406405,406405,406407,2,0
406405,406405,406408,3,0
406405,406405,406408,3,0
406405,406405,406409,4,0
406405,406405,406409,4,0
406405,406405,406410,5,0
406405,406405,406409,4,0
406405,406405,406410,5,0
406405,406407,406409,2,2
406405,406405,406410,5,0
406405,406405,406410,5,0
406405,406405,406411,6,0
406405,406408,406411,3,3
406405,406405,406412,7,0
406405,406405,406411,6,0
406405,406408,406412,4,3
406405,406405,406412,7,0
406405,406405,406412,7,0
406405,406405,406412,7,0
406405,406405,406412,7,0
406405,406409,406412,3,4
406405,406409,406412,3,4
406405,406409,406412,3,4
406405,406405,406413,8,0
406405,406411,406413,2,6
406405,406411,406413,2,6
406405,406410,406413,3,5
406405,406412,406414,2,7
406405,406411,406415,4,6
406405,406412,406414,2,7
406405,406412,406414,2,7
406405,406410,406416,6,5
406405,406413,406415,2,8
406405,406413,406416,3,8
406405,406411,406416,5,6
406405,406413,406416,3,8
406405,406413,406415,2,8
406405,406414,406416,2,9
406405,406414,406416,2,9
406405,406413,406416,3,8
406405,406414,406416,2,9
406405,406414,406417,3,9
406405,406414,406416,2,9
406405,406410,406418,8,5
406405,406416,406418,2,11
406405,406415,406418,3,10
406405,406415,406417,2,10
406405,406416,406418,2,11
406405,406416,406418,2,11
406405,406410,406419,9,5
406405,406416,406419,3,11
406405,406416,406418,2,11
406405,406416,406419,3,11
406405,406417,406419,2,12
406405,406405,406415,10,0
406405,406413,406415,2,8
406405,406413,406415,2,8
406405,406415,406419,4,10
406405,406417,406420,3,12
406405,406417,406420,3,12
406405,406410,406420,10,5
406405,406416,406421,5,11
406405,406416,406421,5,11
406405,406405,406423,18,0
406405,406417,406422,5,12
406405,406405,406423,18,0
406405,406405,406426,21,0
406405,406405,406429,24,0
404928,404971,406477,1506,43
406479,406479,406482,3,0
406479,406479,406481,2,0
406479,406479,406482,3,0
406479,406479,406482,3,0
406479,406479,406483,4,0
406479,406479,406483,4,0
406479,406479,406483,4,0
406479,406479,406483,4,0
406479,406479,406483,4,0
406479,406479,406484,5,0
406479,406479,406484,5,0
406479,406479,406484,5,0
406479,406482,406485,3,3
406479,406483,406485,2,4
406479,406479,406485,6,0
406479,406483,406485,2,4
406479,406483,406486,3,4
406479,406479,406486,7,0
406479,406479,406487,8,0
406479,406483,406487,4,4
406479,406479,406487,8,0
406479,406479,406487,8,0
406479,406485,406487,2,6
406479,406486,406488,2,7
406479,406483,406489,6,4
406479,406486,406489,3,7
406479,406486,406489,3,7
406479,406487,406489,2,8
406479,406486,406489,3,7
406479,406483,406490,7,4
406479,406483,406490,7,4
406479,406487,406490,3,8
406479,406488,406490,2,9
406479,406485,406490,5,6
406479,406485,406490,5,6
406479,406488,406490,2,9
406479,406488,406490,2,9
406479,406488,406491,3,9
406479,406488,406491,3,9
406479,406489,406491,2,10
406479,406485,406492,7,6
406479,406490,406492,2,11
406479,406490,406492,2,11
406479,406490,406492,2,11
406479,406490,406492,2,11
406479,406491,406493,2,12
406479,406491,406493,2,12
406479,406491,406494,3,12
406479,406491,406494,3,12
406479,406492,406494,2,13
406479,406490,406494,4,11
406479,406492,406495,3,13
406479,406490,406495,5,11
406479,406492,406495,3,13
406479,406491,406496,5,12
406479,406493,406495,2,14
406479,406493,406495,2,14
406479,406493,406495,2,14
406479,406493,406495,2,14
406479,406491,406496,5,12
406479,406485,406496,11,6
406479,406491,406496,5,12
406479,406479,406491,12,0
406479,406479,406491,12,0
406479,406493,406499,6,14
406479,406479,406501,22,0
406479,406479,406502,23,0
406479,406479,406484,5,0
406479,406480,406485,5,1
406479,406483,406504,21,4
401698,401698,406573,4875,0
405128,405146,406653,1507,18
406654,406655,406657,2,1
406654,406655,406657,2,1
406654,406655,406657,2,1
406654,406654,406658,4,0
406654,406654,406658,4,0
406654,406655,406658,3,1
406654,406655,406658,3,1
406654,406655,406658,3,1
406654,406655,406659,4,1
406654,406655,406659,4,1
406654,406655,406660,5,1
406654,406658,406660,2,4
406654,406658,406660,2,4
406654,406655,406661,6,1
406654,406654,406661,7,0
406654,406654,406660,6,0
406654,406655,406662,7,1
406654,406659,406662,3,5
406654,406655,406663,8,1
406654,406658,406662,4,4
406654,406655,406663,8,1
406654,406659,406663,4,5
406654,406661,406663,2,7
406654,406661,406663,2,7
406654,406659,406664,5,5
406654,406655,406665,10,1
406654,406655,406664,9,1
406654,406661,406664,3,7
406654,406659,406664,5,5
406654,406660,406664,4,6
406654,406663,406665,2,9
406654,406659,406664,5,5
406654,406662,406665,3,8
406654,406663,406665,2,9
406654,406663,406665,2,9
406654,406660,406665,5,6
406654,406664,406666,2,10
406654,406662,406665,3,8
406654,406663,406665,2,9
406654,406664,406666,2,10
406654,406665,406667,2,11
406654,406665,406667,2,11
406654,406666,406668,2,12
406654,406662,406668,6,8
406654,406664,406668,4,10
406654,406664,406668,4,10
406654,406665,406669,4,11
406654,406666,406668,2,12
406654,406666,406668,2,12
406654,406655,406665,10,1
406654,406655,406666,11,1
406654,406655,406667,12,1
406654,406665,406669,4,11
406654,406665,406670,5,11
406654,406666,406669,3,12
406654,406666,406670,4,12
406654,406667,406669,2,13
406654,406666,406670,4,12
406654,406666,406670,4,12
406654,406668,406670,2,14
406654,406668,406670,2,14
406654,406655,406669,14,1
406654,406668,406671,3,14
406654,406655,406669,14,1
406654,406665,406671,6,11
406654,406655,406673,18,1
406654,406668,406675,7,14
406654,406669,406675,6,15
406654,406665,406676,11,11
406654,406665,406685,20,11
405813,405825,406791,966,12
406792,406792,406796,4,0
406792,406792,406796,4,0
406792,406792,406796,4,0
406792,406792,406797,5,0
406792,406792,406796,4,0
406792,406792,406796,4,0
406792,406792,406799,7,0
406792,406792,406799,7,0
405825,405842,406801,959,17
406792,406797,406802,5,5
406792,406797,406802,5,5
406792,406797,406802,5,5
406792,406797,406803,6,5
406792,406800,406803,3,8
405291,405324,406804,1480,33
406792,406792,406803,11,0
406792,406797,406803,6,5
406792,406799,406803,4,7
406792,406792,406804,12,0
406792,406792,406804,12,0
406792,406792,406804,12,0
406792,406801,406804,3,9
406792,406802,406805,3,10
406792,406803,406805,2,11
406792,406797,406806,9,5
406792,406802,406806,4,10
406792,406803,406805,2,11
406792,406802,406805,3,10
406792,406804,406806,2,12
406792,406805,406807,2,13
406792,406804,406806,2,12
406792,406804,406807,3,12
406792,406804,406806,2,12
406792,406805,406807,2,13
406792,406805,406807,2,13
406792,406805,406807,2,13
406792,406806,406808,2,14
406792,406806,406808,2,14
406792,406792,406809,17,0
406792,406806,406809,3,14
406792,406806,406809,3,14
406792,406807,406809,2,15
406792,406807,406809,2,15
406792,406808,406810,2,16
406792,406807,406810,3,15
406792,406807,406810,3,15
406792,406807,406810,3,15
406792,406808,406811,3,16
406792,406808,406810,2,16
406792,406808,406810,2,16
406792,406805,406811,6,13
406792,406804,406811,7,12
406792,406808,406811,3,16
406792,406810,406811,1,18
406792,406810,406812,2,18
406792,406792,406811,19,0
406792,406810,406812,2,18
406792,406810,406812,2,18
406792,406809,406813,4,17
406792,406811,406813,2,19
406802,406811,406813,2,9
406792,406792,406813,21,0
406792,406809,406813,4,17
406802,406811,406815,4,9
406802,406811,406814,3,9
406802,406811,406815,4,9
406792,406792,406815,23,0
406802,406813,406819,6,11
406792,406792,406818,26,0
406792,406807,406812,5,15
406802,406813,406819,6,11
406802,406812,406821,9,10
406802,406812,406822,10,10
406802,406815,406822,7,13
406802,406816,406823,7,14
406792,406792,406823,31,0
406792,406792,406822,30,0
406802,406814,406824,10,12
406802,406811,406824,13,9
406802,406814,406824,10,12
406802,406814,406824,10,12
406802,406815,406824,9,13
406802,406820,406824,4,18
406802,406821,406824,3,19
406802,406812,406826,14,10
406802,406811,406827,16,9
406802,406819,406826,7,17
406792,406792,406826,34,0
406802,406825,406828,3,23
406802,406825,406828,3,23
406802,406823,406828,5,21
406802,406825,406827,2,23
406802,406824,406828,4,22
406802,406825,406828,3,23
406802,406823,406829,6,21
406802,406827,406829,2,25
406802,406825,406828,3,23
406802,406819,406829,10,17
406802,406823,406829,6,21
406802,406827,406829,2,25
406802,406828,406830,2,26
406792,406792,406828,36,0
406792,406792,406829,37,0
406802,406828,406830,2,26
406802,406828,406830,2,26
406802,406828,406830,2,26
406802,406816,406830,14,14
406802,406828,406830,2,26
406802,406829,406831,2,27
406802,406829,406831,2,27
406802,406828,406832,4,26
406802,406830,406832,2,28
406802,406830,406832,2,28
406802,406830,406832,2,28
406802,406823,406831,8,21
406802,406827,406831,4,25
406802,406829,406832,3,27
406802,406830,406832,2,28
406802,406830,406832,2,28
406802,406829,406834,5,27
406802,406832,406833,1,30
406802,406832,406834,2,30
406802,406831,406833,2,29
406802,406832,406834,2,30
406802,406832,406834,2,30
406802,406812,406834,22,10
406802,406814,406834,20,12
406802,406824,406834,10,22
406802,406832,406834,2,30
406802,406831,406835,4,29
406806,406834,406836,2,28
406802,406814,406836,22,12
406806,406834,406836,2,28
406802,406832,406837,5,30
406806,406835,406838,3,29
406806,406836,406838,2,30
406806,406833,406839,6,27
406806,406834,406838,4,28
406792,406807,406825,18,15
406792,406807,406834,27,15
406802,406820,406834,14,18
406802,406832,406839,7,30
406806,406834,406839,5,28
406802,406823,406831,8,21
406802,406831,406840,9,29
406802,406832,406839,7,30
406806,406834,406840,6,28
406806,406837,406839,2,31
406806,406838,406840,2,32
406806,406834,406840,6,28
406806,406834,406840,6,28
406806,406836,406841,5,30
406806,406834,406840,6,28
406806,406839,406841,2,33
405854,405865,406841,976,11
406806,406838,406841,3,32
406806,406837,406841,4,31
406806,406833,406841,8,27
406806,406840,406842,2,34
406806,406840,406843,3,34
406806,406840,406843,3,34
406806,406840,406843,3,34
406806,406837,406843,6,31
406806,406840,406844,4,34
406806,406839,406844,5,33
406806,406841,406845,4,35
406806,406841,406844,3,35
406806,406842,406844,2,36
406806,406843,406845,2,37
406806,406840,406845,5,34
406806,406841,406845,4,35
406806,406842,406846,4,36
406802,406828,406842,14,26
406806,406839,406844,5,33
406806,406841,406846,5,35
406806,406843,406846,3,37
406806,406843,406846,3,37
406806,406845,406847,2,39
406806,406844,406847,3,38
406806,406845,406847,2,39
406806,406845,406847,2,39
406806,406845,406847,2,39
406806,406843,406848,5,37
406806,406845,406848,3,39
406806,406845,406849,4,39
406806,406847,406849,2,41
406806,406847,406849,2,41
406806,406847,406849,2,41
406806,406847,406849,2,41
406806,406834,406849,15,28
406806,406841,406850,9,35
406806,406844,406849,5,38
406806,406847,406850,3,41
406806,406848,406850,2,42
406806,406848,406850,2,42
406806,406844,406850,6,38
406806,406848,406850,2,42
406806,406849,406851,2,43
406806,406848,406851,3,42
406806,406848,406851,3,42
406806,406846,406850,4,40
406806,406850,406852,2,44
406806,406846,406852,6,40
406806,406849,406853,4,43
406806,406840,406853,13,34
406806,406840,406853,13,34
406806,406839,406853,14,33
406806,406839,406854,15,33
406806,406839,406856,17,33
406802,406830,406859,29,28
406859,406859,406863,4,0
406859,406859,406863,4,0
406859,406859,406863,4,0
406859,406859,406863,4,0
406859,406859,406864,5,0
406859,406859,406864,5,0
406859,406859,406865,6,0
406859,406859,406866,7,0
406859,406863,406868,5,4
406859,406864,406867,3,5
406859,406864,406867,3,5
406802,406830,406868,38,28
406859,406859,406868,9,0
406859,406859,406868,9,0
406859,406859,406868,9,0
406859,406864,406869,5,5
406859,406865,406870,5,6
406859,406859,406867,8,0
406859,406868,406870,2,9
406806,406846,406870,24,40
406859,406859,406872,13,0
406859,406859,406870,11,0
406859,406867,406872,5,8
406859,406868,406872,4,9
406859,406868,406871,3,9
406859,406869,406872,3,10
406859,406870,406872,2,11
406859,406866,406872,6,7
406859,406870,406872,2,11
406859,406871,406873,2,12
406859,406870,406873,3,11
406859,406869,406874,5,10
406859,406872,406874,2,13
406806,406840,406872,32,34
406859,406872,406874,2,13
406859,406872,406874,2,13
406859,406859,406875,16,0
406859,406872,406874,2,13
406859,406869,406874,5,10
406859,406872,406874,2,13
406859,406873,406875,2,14
406859,406873,406875,2,14
406859,406860,406875,15,1
406859,406859,406876,17,0
406859,406870,406876,6,11
406859,406873,406876,3,14
406859,406874,406876,2,15
406859,406859,406875,16,0
406859,406859,406875,16,0
406859,406859,406876,17,0
406859,406873,406876,3,14
406859,406874,406877,3,15
406859,406875,406877,2,16
406859,406874,406877,3,15
406859,406876,406877,1,17
406859,406875,406877,2,16
406859,406876,406878,2,17
406859,406859,406878,19,0
406859,406875,406879,4,16
406859,406872,406878,6,13
406859,406874,406879,5,15
406859,406875,406879,4,16
406859,406877,406879,2,18
406859,406877,406880,3,18
406859,406877,406879,2,18
406859,406876,406880,4,17
406859,406869,406876,7,10
406859,406859,406884,25,0
406859,406872,406878,6,13
405267,405286,406888,1602,19
406859,406872,406891,19,13
406859,406874,406892,18,15
406859,406876,406893,17,17
406859,406877,406902,25,18
406910,406910,406912,2,0
406910,406910,406912,2,0
406910,406910,406912,2,0
406910,406910,406912,2,0
406910,406910,406914,4,0
406910,406910,406914,4,0
406910,406910,406914,4,0
406910,406910,406915,5,0
406910,406910,406914,4,0
406910,406912,406914,2,2
406910,406910,406916,6,0
406910,406910,406915,5,0
406910,406910,406915,5,0
406910,406913,406916,3,3
406910,406910,406916,6,0
406910,406913,406916,3,3
406910,406913,406916,3,3
406910,406910,406915,5,0
406910,406910,406916,6,0
406910,406910,406917,7,0
406910,406910,406917,7,0
406910,406910,406917,7,0
406910,406910,406917,7,0
406910,406915,406918,3,5
406910,406916,406918,2,6
406910,406910,406916,6,0
406910,406910,406916,6,0
406910,406910,406919,9,0
406910,406916,406918,2,6
406910,406915,406918,3,5
406910,406916,406919,3,6
406910,406916,406918,2,6
406910,406910,406919,9,0
406910,406914,406920,6,4
406910,406915,406920,5,5
406910,406916,406920,4,6
406910,406918,406921,3,8
406910,406918,406921,3,8
406910,406918,406920,2,8
406910,406916,406921,5,6
406910,406917,406921,4,7
406910,406916,406922,6,6
406910,406915,406921,6,5
406910,406919,406921,2,9
406910,406919,406921,2,9
406910,406919,406921,2,9
406910,406918,406922,4,8
406910,406920,406922,2,10
406910,406919,406923,4,9
406910,406921,406924,3,11
406910,406921,406924,3,11
406910,406922,406924,2,12
406910,406918,406924,6,8
406910,406919,406924,5,9
406910,406921,406924,3,11
406910,406922,406924,2,12
406910,406915,406926,11,5
406910,406920,406926,6,10
406910,406920,406925,5,10
406910,406922,406926,4,12
406910,406918,406928,10,8
406910,406918,406928,10,8
406910,406918,406928,10,8
406910,406922,406928,6,12
406910,406916,406932,16,6
406910,406922,406933,11,12
406910,406920,406937,17,10
406910,406922,406938,16,12
405919,405963,406947,984,44
406910,406910,406928,18,0
406948,406948,406951,3,0
406948,406948,406952,4,0
406948,406948,406952,4,0
406948,406948,406952,4,0
406948,406948,406952,4,0
406948,406948,406952,4,0
406948,406948,406953,5,0
406948,406948,406954,6,0
406948,406953,406956,3,5
406948,406952,406955,3,4
406948,406953,406956,3,5
406948,406948,406956,8,0
406948,406953,406955,2,5
406948,406953,406956,3,5
406948,406952,406956,4,4
406948,406948,406956,8,0
406948,406954,406957,3,6
406948,406948,406957,9,0
406948,406956,406958,2,8
406948,406955,406958,3,7
406948,406956,406958,2,8
406948,406956,406959,3,8
406948,406957,406959,2,9
406948,406956,406959,3,8
406948,406956,406958,2,8
406948,406957,406959,2,9
406948,406958,406960,2,10
406948,406948,406960,12,0
406948,406959,406961,2,11
406910,406910,406961,51,0
406948,406958,406960,2,10
406948,406958,406960,2,10
406948,406957,406960,3,9
406948,406957,406959,2,9
406948,406959,406962,3,11
406948,406960,406962,2,12
406948,406959,406961,2,11
406948,406960,406963,3,12
406948,406948,406964,16,0
406948,406948,406964,16,0
406948,406961,406964,3,13
406948,406961,406963,2,13
406948,406958,406964,6,10
406948,406948,406964,16,0
406948,406962,406964,2,14
406948,406962,406965,3,14
406948,406962,406964,2,14
406948,406962,406964,2,14
406948,406949,406965,16,1
406948,406961,406965,4,13
406948,406961,406965,4,13
406948,406962,406965,3,14
406948,406962,406965,3,14
406948,406961,406966,5,13
406948,406963,406965,2,15
406948,406948,406966,18,0
406948,406964,406966,2,16
406948,406964,406967,3,16
406948,406965,406968,3,17
406948,406965,406968,3,17
406948,406965,406969,4,17
406948,406964,406969,5,16
406948,406948,406970,22,0
406948,406964,406969,5,16
406948,406965,406970,5,17
406948,406948,406973,25,0
406948,406948,406977,29,0
406948,406948,406984,36,0
406948,406948,406985,37,0
406948,406948,406988,40,0
406948,406948,406996,48,0
401699,401699,407004,5305,0
401696,401696,407020,5324,0
405528,405541,407030,1489,13
407032,407032,407034,2,0
407032,407032,407034,2,0
407032,407032,407035,3,0
407032,407032,407036,4,0
407032,407032,407036,4,0
407032,407032,407036,4,0
407032,407032,407034,2,0
407032,407032,407034,2,0
407032,407032,407037,5,0
407032,407034,407038,4,2
407032,407032,407038,6,0
407032,407032,407038,6,0
407032,407032,407038,6,0
407032,407032,407039,7,0
407032,407036,407038,2,4
407032,407032,407038,6,0
407032,407032,407039,7,0
407032,407035,407038,3,3
407032,407032,407039,7,0
407032,407032,407039,7,0
407032,407032,407039,7,0
407032,407032,407039,7,0
407032,407032,407040,8,0
407032,407039,407041,2,7
407032,407032,407041,9,0
407032,407039,407041,2,7
407032,407038,407042,4,6
407032,407039,407041,2,7
407032,407039,407041,2,7
407032,407032,407042,10,0
407032,407039,407042,3,7
407032,407040,407042,2,8
407032,407039,407042,3,7
407032,407041,407042,1,9
407032,407038,407043,5,6
407032,407040,407044,4,8
407032,407032,407043,11,0
407032,407032,407043,11,0
407032,407040,407045,5,8
407032,407041,407044,3,9
407032,407040,407044,4,8
407032,407042,407044,2,10
407032,407042,407044,2,10
407032,407042,407044,2,10
407032,407042,407044,2,10
407032,407037,407046,9,5
407032,407039,407046,7,7
407032,407039,407045,6,7
407032,407043,407045,2,11
407032,407043,407046,3,11
407032,407043,407045,2,11
407032,407032,407044,12,0
407032,407037,407047,10,5
407032,407042,407046,4,10
407032,407043,407047,4,11
407032,407043,407048,5,11
407032,407045,407047,2,13
407032,407045,407047,2,13
407032,407045,407048,3,13
407032,407045,407048,3,13
407032,407045,407048,3,13
407032,407044,407049,5,12
407032,407044,407049,5,12
407032,407037,407050,13,5
407032,407045,407049,4,13
407032,407044,407050,6,12
407032,407044,407050,6,12
407032,407045,407053,8,13
407032,407037,407054,17,5
407032,407037,407075,38,5
406138,406138,407175,1037,0
405704,405718,407202,1484,14
407203,407203,407206,3,0
407203,407203,407207,4,0
407203,407203,407207,4,0
407203,407203,407207,4,0
407203,407203,407207,4,0
407203,407203,407207,4,0
407203,407203,407207,4,0
407203,407203,407208,5,0
407203,407203,407208,5,0
407203,407203,407208,5,0
407203,407203,407208,5,0
407203,407203,407209,6,0
407203,407203,407209,6,0
407203,407203,407210,7,0
407203,407203,407210,7,0
407203,407207,407210,3,4
407203,407203,407210,7,0
407203,407203,407210,7,0
407203,407207,407211,4,4
407203,407203,407211,8,0
407203,407206,407211,5,3
407203,407208,407211,3,5
407203,407208,407211,3,5
407203,407203,407211,8,0
407203,407203,407212,9,0
407203,407211,407213,2,8
405995,405995,407213,1218,0
407203,407210,407213,3,7
407203,407212,407213,1,9
407203,407208,407213,5,5
407203,407212,407213,1,9
407203,407203,407214,11,0
407203,407209,407214,5,6
407203,407212,407214,2,9
407203,407211,407215,4,8
407203,407203,407215,12,0
407203,407211,407214,3,8
407203,407210,407215,5,7
407203,407210,407215,5,7
407203,407214,407215,1,11
407203,407203,407208,5,0
407203,407207,407215,8,4
407203,407208,407216,8,5
407203,407213,407216,3,10
406020,406020,407216,1196,0
407203,407214,407216,2,11
407203,407214,407216,2,11
407203,407214,407216,2,11
407203,407209,407217,8,6
407203,407216,407218,2,13
407203,407215,407217,2,12
407203,407214,407218,4,11
407203,407216,407218,2,13
407203,407211,407219,8,8
407203,407217,407219,2,14
407203,407214,407219,5,11
407203,407217,407219,2,14
407203,407217,407219,2,14
407203,407215,407220,5,12
407203,407216,407220,4,13
407203,407216,407220,4,13
407203,407216,407220,4,13
407203,407208,407221,13,5
406173,406173,407221,1048,0
407203,407208,407222,14,5
407203,407203,407219,16,0
407203,407208,407226,18,5
401699,401699,407226,5527,0
407203,407216,407223,7,13
407203,407203,407230,27,0
407203,407215,407235,20,12
407203,407216,407231,15,13
407203,407212,407239,27,9
407203,407213,407241,28,10
405740,405759,407244,1485,19
407256,407256,407260,4,0
407256,407256,407260,4,0
407256,407256,407260,4,0
407256,407256,407261,5,0
407256,407256,407261,5,0
407256,407256,407262,6,0
407256,407256,407262,6,0
406208,406208,407263,1055,0
407256,407256,407264,8,0
407256,407256,407263,7,0
407256,407260,407264,4,4
407256,407257,407263,6,1
407256,407256,407265,9,0
407256,407256,407264,8,0
407256,407256,407261,5,0
407256,407256,407266,10,0
407256,407256,407266,10,0
407256,407261,407266,5,5
407256,407257,407265,8,1
407256,407256,407266,10,0
407256,407256,407267,11,0
407256,407261,407266,5,5
407256,407256,407266,10,0
407256,407256,407266,10,0
407256,407256,407267,11,0
407256,407264,407267,3,8
407256,407264,407267,3,8
407256,407264,407267,3,8
407256,407266,407268,2,10
407256,407262,407268,6,6
407256,407267,407269,2,11
407256,407267,407269,2,11
407256,407262,407270,8,6
407256,407267,407270,3,11
407256,407264,407270,6,8
407256,407266,407269,3,10
407256,407268,407270,2,12
407256,407256,407271,15,0
407256,407267,407270,3,11
407256,407266,407271,5,10
407256,407268,407270,2,12
407256,407266,407270,4,10
407256,407267,407271,4,11
407256,407268,407271,3,12
407256,407262,407272,10,6
407256,407269,407272,3,13
407256,407269,407272,3,13
407256,407270,407273,3,14
407256,407265,407270,5,9
407256,407270,407273,3,14
407256,407271,407273,2,15
407256,407256,407273,17,0
407256,407256,407273,17,0
407256,407270,407274,4,14
407256,407271,407274,3,15
407256,407271,407274,3,15
407256,407256,407275,19,0
407256,407270,407274,4,14
407256,407270,407274,4,14
407256,407263,407276,13,7
407256,407271,407276,5,15
407256,407271,407276,5,15
407256,407270,407273,3,14
407256,407272,407277,5,16
407256,407271,407276,5,15
407256,407272,407278,6,16
407256,407271,407279,8,15
407256,407271,407279,8,15
407256,407265,407280,15,9
407256,407267,407284,17,11
407256,407267,407287,20,11
406339,406350,407299,949,11
407301,407301,407305,4,0
407301,407301,407304,3,0
407301,407301,407305,4,0
407301,407301,407305,4,0
407301,407301,407305,4,0
407301,407301,407306,5,0
407301,407301,407305,4,0
407301,407301,407307,6,0
407301,407301,407307,6,0
407301,407305,407307,2,4
407301,407305,407308,3,4
407301,407301,407308,7,0
407301,407306,407308,2,5
407301,407306,407308,2,5
407301,407306,407309,3,5
407301,407306,407308,2,5
407301,407301,407309,8,0
407301,407307,407309,2,6
407301,407305,407310,5,4
407301,407309,407311,2,8
407301,407308,407311,3,7
407301,407308,407310,2,7
407301,407301,407310,9,0
407301,407309,407311,2,8
407301,407301,407311,10,0
407301,407301,407311,10,0
407301,407308,407311,3,7
407301,407309,407312,3,8
407301,407309,407312,3,8
407301,407310,407313,3,9
401699,401699,407314,5615,0
407301,407311,407314,3,10
407301,407311,407313,2,10
407301,407312,407314,2,11
407301,407312,407314,2,11
407301,407301,407314,13,0
407301,407310,407314,4,9
407301,407312,407315,3,11
407301,407311,407315,4,10
407301,407312,407315,3,11
407301,407311,407316,5,10
407301,407312,407316,4,11
407301,407301,407316,15,0
407301,407309,407316,7,8
407301,407314,407317,3,13
407301,407314,407317,3,13
407301,407301,407314,13,0
407301,407312,407315,3,11
407301,407315,407317,2,14
407301,407315,407317,2,14
407301,407301,407317,16,0
407301,407301,407318,17,0
407301,407314,407317,3,13
407301,407301,407316,15,0
407301,407315,407318,3,14
407301,407301,407319,18,0
407301,407312,407318,6,11
407301,407301,407319,18,0
407301,407316,407319,3,15
407301,407316,407319,3,15
407301,407315,407319,4,14
407301,407315,407319,4,14
407301,407317,407320,3,16
407301,407318,407321,3,17
407301,407316,407321,5,15
407301,407317,407321,4,16
407301,407315,407323,8,14
407301,407317,407323,6,16
407301,407301,407327,26,0
407301,407301,407333,32,0
407301,407301,407332,31,0
405875,405890,407385,1495,15
407386,407387,407391,4,1
407386,407387,407391,4,1
407386,407387,407392,5,1
407386,407387,407392,5,1
407386,407387,407392,5,1
407386,407387,407392,5,1
407386,407387,407393,6,1
407386,407387,407393,6,1
407386,407387,407394,7,1
407386,407387,407395,8,1
407386,407392,407395,3,6
407386,407393,407395,2,7
407386,407387,407396,9,1
407386,407393,407396,3,7
407386,407393,407397,4,7
407386,407393,407396,3,7
407386,407394,407396,2,8
407386,407387,407397,10,1
407386,407392,407398,6,6
407386,407396,407398,2,10
407386,407387,407399,12,1
407386,407396,407399,3,10
407386,407398,407400,2,12
407386,407397,407400,3,11
407386,407397,407399,2,11
407386,407398,407400,2,12
407386,407395,407399,4,9
407386,407397,407399,2,11
407386,407394,407400,6,8
407386,407396,407400,4,10
407386,407397,407400,3,11
407386,407387,407401,14,1
407386,407387,407401,14,1
407386,407400,407402,2,14
407386,407387,407402,15,1
407386,407387,407403,16,1
407386,407400,407402,2,14
407386,407400,407402,2,14
407386,407400,407403,3,14
407386,407400,407402,2,14
407386,407400,407402,2,14
407386,407397,407404,7,11
407386,407400,407404,4,14
407386,407387,407404,17,1
407386,407387,407403,16,1
407386,407401,407403,2,15
407386,407400,407403,3,14
407386,407387,407404,17,1
407386,407402,407404,2,16
407386,407403,407405,2,17
407386,407401,407405,4,15
407386,407387,407406,19,1
407386,407403,407405,2,17
405895,405926,407406,1480,31
407386,407387,407406,19,1
407386,407402,407406,4,16
407386,407403,407406,3,17
407386,407403,407406,3,17
407386,407403,407406,3,17
407386,407403,407407,4,17
407386,407404,407409,5,18
407386,407401,407408,7,15
407386,407402,407409,7,16
407386,407398,407400,2,12
407386,407404,407410,6,18
407386,407404,407410,6,18
405893,405926,407409,1483,33
407386,407387,407411,24,1
407409,407409,407412,3,0
407409,407409,407413,4,0
407409,407409,407413,4,0
407409,407409,407413,4,0
407409,407409,407414,5,0
407409,407409,407414,5,0
407409,407409,407414,5,0
407409,407409,407415,6,0
407386,407387,407415,28,1
407386,407387,407416,29,1
407409,407415,407417,2,6
407409,407414,407417,3,5
407409,407415,407417,2,6
407386,407403,407414,11,17
407409,407409,407418,9,0
407409,407415,407418,3,6
407409,407414,407418,4,5
407409,407416,407419,3,7
407409,407413,407418,5,4
407409,407409,407419,10,0
407409,407414,407419,5,5
407409,407409,407420,11,0
407409,407419,407420,1,10
407409,407418,407420,2,9
407409,407418,407420,2,9
407409,407409,407421,12,0
407409,407409,407421,12,0
407409,407419,407422,3,10
407409,407419,407421,2,10
407409,407419,407421,2,10
407409,407418,407421,3,9
407409,407421,407423,2,12
407409,407411,407423,12,2
407409,407420,407423,3,11
407409,407420,407423,3,11
407409,407421,407423,2,12
407409,407421,407423,2,12
407409,407422,407424,2,13
407409,407422,407424,2,13
407386,407404,407425,21,18
407409,407422,407424,2,13
407409,407416,407424,8,7
407409,407422,407424,2,13
407409,407411,407425,14,2
407409,407421,407425,4,12
407409,407422,407426,4,13
407409,407423,407425,2,14
407409,407411,407425,14,2
407409,407417,407425,8,8
407409,407419,407424,5,10
407409,407424,407426,2,15
407409,407424,407426,2,15
407409,407424,407426,2,15
407409,407425,407427,2,16
407409,407425,407428,3,16
407409,407426,407428,2,17
407409,407425,407427,2,16
407409,407409,407428,19,0
407409,407425,407428,3,16
407409,407424,407428,4,15
407409,407424,407429,5,15
407409,407409,407429,20,0
407409,407426,407431,5,17
407409,407426,407430,4,17
407412,407427,407430,3,15
407412,407427,407431,4,15
407412,407427,407431,4,15
407412,407428,407432,4,16
407412,407428,407432,4,16
407412,407428,407433,5,16
407409,407409,407433,24,0
407412,407426,407433,7,14
407409,407425,407431,6,16
407409,407409,407434,25,0
407412,407428,407435,7,16
407412,407429,407435,6,17
407409,407425,407435,10,16
407409,407409,407436,27,0
407409,407418,407436,18,9
407409,407425,407436,11,16
407412,407426,407436,10,14
407412,407432,407437,5,20
407412,407433,407438,5,21
407409,407411,407438,27,2
407412,407433,407438,5,21
407412,407432,407440,8,20
407412,407436,407440,4,24
407412,407426,407440,14,14
407412,407432,407439,7,20
407412,407435,407440,5,23
407412,407429,407440,11,17
407412,407429,407441,12,17
407412,407431,407441,10,19
407412,407438,407441,3,26
407409,407410,407435,25,1
407412,407437,407441,4,25
407412,407432,407441,9,20
407412,407439,407441,2,27
407412,407438,407442,4,26
407412,407440,407442,2,28
407409,407422,407443,21,13
407412,407439,407442,3,27
407412,407440,407443,3,28
407412,407436,407443,7,24
407412,407437,407442,5,25
407412,407440,407443,3,28
407412,407431,407443,12,19
407412,407441,407443,2,29
407412,407437,407442,5,25
407412,407440,407443,3,28
407412,407440,407444,4,28
407412,407442,407444,2,30
407412,407442,407445,3,30
407412,407441,407445,4,29
407412,407442,407445,3,30
407412,407440,407444,4,28
407412,407443,407446,3,31
407412,407441,407446,5,29
407412,407434,407446,12,22
407412,407442,407446,4,30
407412,407444,407446,2,32
407412,407444,407447,3,32
407412,407444,407446,2,32
407412,407445,407447,2,33
407412,407445,407447,2,33
407412,407445,407448,3,33
407412,407435,407448,13,23
407412,407446,407449,3,34
407412,407444,407449,5,32
407412,407443,407450,7,31
407412,407437,407448,11,25
407412,407443,407450,7,31
407412,407434,407450,16,22
407412,407445,407451,6,33
407412,407445,407451,6,33
407412,407442,407451,9,30
407412,407444,407452,8,32
407412,407443,407453,10,31
407412,407443,407454,11,31
407412,407429,407455,26,17
407412,407430,407456,26,18
407412,407434,407456,22,22
405787,405800,407458,1658,13
407412,407442,407460,18,30
407412,407444,407461,17,32
406480,406494,407460,966,14
405961,405982,407474,1492,21
407471,407471,407475,4,0
407471,407471,407475,4,0
406073,406074,407476,1402,1
407471,407471,407476,5,0
407471,407471,407477,6,0
407471,407471,407476,5,0
407471,407471,407476,5,0
407471,407471,407476,5,0
407471,407471,407476,5,0
407471,407471,407476,5,0
407471,407471,407479,8,0
407471,407477,407480,3,6
407471,407477,407480,3,6
407471,407477,407479,2,6
407471,407476,407480,4,5
407471,407477,407479,2,6
407471,407471,407481,10,0
407471,407471,407480,9,0
407471,407471,407481,10,0
407471,407471,407481,10,0
407471,407471,407481,10,0
407471,407477,407481,4,6
407471,407477,407481,4,6
407471,407477,407481,4,6
407471,407476,407482,6,5
407471,407480,407482,2,9
407471,407471,407476,5,0
407471,407471,407482,11,0
407471,407480,407483,3,9
407471,407480,407483,3,9
407471,407480,407482,2,9
407471,407480,407482,2,9
407471,407482,407484,2,11
407471,407482,407484,2,11
406257,406257,407483,1226,0
407471,407471,407482,11,0
407471,407471,407484,13,0
407471,407471,407485,14,0
407471,407480,407484,4,9
407471,407481,407485,4,10
407471,407482,407484,2,11
407471,407482,407485,3,11
407471,407482,407484,2,11
407471,407471,407485,14,0
407471,407481,407485,4,10
407471,407484,407486,2,13
407471,407483,407486,3,12
407471,407484,407486,2,13
407471,407483,407485,2,12
407471,407483,407486,3,12
407471,407483,407486,3,12
407471,407485,407487,2,14
407471,407485,407487,2,14
407471,407485,407488,3,14
407471,407485,407489,4,14
407471,407485,407489,4,14
407471,407484,407488,4,13
407471,407485,407489,4,14
407471,407486,407489,3,15
407471,407486,407490,4,15
407471,407471,407490,19,0
407471,407471,407490,19,0
407471,407482,407490,8,11
407471,407486,407490,4,15
407471,407486,407491,5,15
407471,407486,407491,5,15
407471,407482,407491,9,11
407471,407471,407491,20,0
407471,407483,407491,8,12
407471,407471,407493,22,0
407471,407485,407492,7,14
407471,407482,407493,11,11
407471,407482,407485,3,11
407471,407471,407491,20,0
407471,407486,407494,8,15
407471,407491,407494,3,20
407471,407491,407494,3,20
407471,407490,407494,4,19
407471,407491,407494,3,20
407471,407486,407494,8,15
407471,407487,407494,7,16
407471,407488,407494,6,17
407471,407475,407496,21,4
407471,407494,407496,2,23
407471,407490,407496,6,19
407471,407491,407496,5,20
407471,407488,407497,9,17
407471,407494,407497,3,23
407471,407493,407497,4,22
407471,407494,407497,3,23
407471,407494,407496,2,23
407471,407492,407498,6,21
407471,407494,407498,4,23
407471,407495,407498,3,24
407471,407495,407498,3,24
407471,407489,407497,8,18
407471,407496,407498,2,25
407471,407495,407499,4,24
407471,407496,407498,2,25
407471,407471,407499,28,0
407471,407494,407500,6,23
407471,407497,407500,3,26
407471,407498,407500,2,27
407471,407497,407500,3,26
407471,407498,407500,2,27
407471,407498,407500,2,27
407471,407471,407501,30,0
407471,407489,407500,11,18
407471,407498,407501,3,27
407471,407498,407501,3,27
407471,407498,407501,3,27
407471,407499,407502,3,28
407471,407471,407502,31,0
407471,407498,407502,4,27
407471,407500,407503,3,29
407471,407500,407502,2,29
407471,407501,407503,2,30
407471,407501,407503,2,30
407471,407491,407503,12,20
407471,407491,407500,9,20
407471,407498,407503,5,27
407471,407499,407503,4,28
407471,407502,407504,2,31
407471,407502,407504,2,31
407471,407501,407504,3,30
407471,407502,407505,3,31
407471,407501,407506,5,30
407471,407501,407506,5,30
407471,407502,407505,3,31
407471,407489,407507,18,18
407471,407497,407507,10,26
407471,407492,407507,15,21
407488,407504,407508,4,16
407488,407503,407507,4,15
407488,407503,407508,5,15
407488,407504,407508,4,16
406303,406304,407510,1206,1
405897,405944,407511,1567,47
407488,407503,407511,8,15
407488,407505,407511,6,17
407488,407505,407511,6,17
407471,407497,407512,15,26
407488,407508,407512,4,20
407488,407508,407513,5,20
407488,407509,407512,3,21
407488,407503,407512,9,15
407471,407489,407512,23,18
407471,407491,407513,22,20
407471,407493,407513,20,22
407488,407505,407513,8,17
407488,407509,407513,4,21
407488,407505,407513,8,17
407488,407504,407514,10,16
407488,407512,407514,2,24
407488,407506,407515,9,18
407488,407512,407515,3,24
407488,407512,407515,3,24
407488,407513,407516,3,25
407488,407513,407516,3,25
407488,407504,407515,11,16
407471,407500,407516,16,29
407488,407511,407516,5,23
407488,407514,407516,2,26
407488,407514,407516,2,26
407488,407514,407516,2,26
407488,407506,407517,11,18
407488,407511,407517,6,23
407488,407515,407517,2,27
407488,407514,407517,3,26
407488,407512,407518,6,24
407488,407513,407518,5,25
407488,407515,407518,3,27
407488,407515,407518,3,27
407488,407516,407518,2,28
407488,407516,407518,2,28
407488,407516,407519,3,28
407488,407517,407519,2,29
407488,407517,407519,2,29
407471,407493,407515,22,22
407471,407496,407520,24,25
407488,407517,407519,2,29
407471,407490,407518,28,19
407488,407518,407521,3,30
407488,407516,407520,4,28
407488,407517,407521,4,29
407488,407519,407521,2,31
407488,407516,407521,5,28
407471,407494,407513,19,23
407471,407500,407513,13,29
407488,407519,407522,3,31
407488,407519,407522,3,31
407488,407519,407522,3,31
407488,407519,407522,3,31
407488,407520,407522,2,32
407488,407520,407522,2,32
407488,407504,407522,18,16
407488,407520,407523,3,32
407488,407518,407524,6,30
407488,407521,407524,3,33
407488,407504,407524,20,16
407488,407518,407524,6,30
407488,407518,407523,5,30
407515,407522,407526,4,7
407515,407522,407527,5,7
407515,407522,407527,5,7
407488,407520,407529,9,32
407515,407521,407529,8,6
407515,407523,407529,6,8
407515,407522,407530,8,7
407488,407506,407523,17,18
407515,407523,407530,7,8
407515,407523,407530,7,8
407515,407523,407532,9,8
407515,407530,407533,3,15
407515,407530,407533,3,15
407515,407521,407533,12,6
407488,407507,407527,20,19
407488,407507,407534,27,19
407515,407531,407534,3,16
407515,407524,407535,11,9
407515,407531,407535,4,16
407515,407533,407535,2,18
407515,407528,407535,7,13
407515,407533,407536,3,18
407515,407527,407536,9,12
407515,407528,407536,8,13
407515,407535,407537,2,20
407488,407513,407537,24,25
407515,407529,407537,8,14
407515,407533,407537,4,18
407488,407516,407537,21,28
407515,407523,407538,15,8
407515,407535,407538,3,20
407515,407536,407538,2,21
407515,407537,407539,2,22
407515,407522,407537,15,7
407515,407537,407539,2,22
407515,407536,407538,2,21
407515,407536,407539,3,21
407515,407536,407539,3,21
407515,407537,407539,2,22
407515,407524,407540,16,9
407515,407522,407539,17,7
407515,407538,407540,2,23
407515,407539,407541,2,24
407488,407517,407541,24,29
407515,407533,407541,8,18
407515,407538,407541,3,23
407515,407539,407541,2,24
407515,407538,407542,4,23
407515,407539,407542,3,24
407515,407539,407541,2,24
407488,407521,407542,21,33
407488,407514,407542,28,26
407515,407540,407542,2,25
407515,407540,407542,2,25
407515,407539,407542,3,24
407488,407507,407542,35,19
407515,407524,407543,19,9
407515,407540,407543,3,25
407488,407514,407543,29,26
407515,407541,407543,2,26
407515,407541,407543,2,26
407515,407529,407545,16,14
407515,407534,407544,10,19
407515,407542,407544,2,27
407515,407539,407544,5,24
407515,407541,407545,4,26
407515,407542,407545,3,27
407488,407520,407545,25,32
407515,407540,407544,4,25
407515,407542,407545,3,27
407515,407540,407546,6,25
407515,407530,407546,16,15
407515,407542,407546,4,27
407515,407534,407546,12,19
407515,407542,407547,5,27
407515,407524,407548,24,9
407515,407542,407548,6,27
407515,407522,407548,26,7
407515,407537,407550,13,22
407515,407538,407551,13,23
407515,407524,407552,28,9
407515,407542,407557,15,27
406350,406350,407603,1253,0
406371,406372,407634,1262,1
406423,406423,407657,1234,0
406793,406811,407793,982,18
407793,407793,407797,4,0
407793,407793,407797,4,0
407793,407793,407797,4,0
407793,407793,407798,5,0
407793,407793,407798,5,0
407793,407793,407798,5,0
407793,407793,407798,5,0
407793,407793,407797,4,0
407793,407793,407798,5,0
407793,407793,407798,5,0
407793,407793,407799,6,0
407793,407793,407799,6,0
407793,407793,407801,8,0
407793,407793,407801,8,0
407793,407800,407801,1,7
407793,407793,407801,8,0
407793,407799,407801,2,6
407793,407799,407801,2,6
407793,407799,407801,2,6
407793,407799,407801,2,6
407793,407793,407802,9,0
407793,407794,407802,8,1
407793,407793,407802,9,0
407793,407800,407802,2,7
407793,407797,407803,6,4
407793,407793,407804,11,0
407793,407802,407804,2,9
407793,407793,407803,10,0
407793,407793,407804,11,0
407793,407793,407804,11,0
407793,407793,407805,12,0
407793,407798,407804,6,5
407793,407802,407804,2,9
407793,407802,407804,2,9
407793,407802,407804,2,9
407793,407802,407804,2,9
407793,407802,407804,2,9
407793,407802,407805,3,9
407793,407799,407805,6,6
407793,407800,407805,5,7
407793,407803,407806,3,10
407793,407802,407806,4,9
406311,406324,407806,1482,13
407793,407804,407806,2,11
407793,407804,407806,2,11
407793,407799,407806,7,6
407793,407805,407807,2,12
407793,407804,407807,3,11
407793,407805,407807,2,12
407793,407805,407807,2,12
407793,407805,407807,2,12
407793,407805,407808,3,12
407793,407793,407808,15,0
407793,407806,407808,2,13
407793,407803,407810,7,10
407793,407803,407810,7,10
407807,407808,407812,4,1
407793,407805,407812,7,12
407793,407805,407812,7,12
407807,407808,407812,4,1
407807,407808,407812,4,1
407807,407808,407812,4,1
407793,407793,407812,19,0
407793,407798,407813,15,5
407793,407793,407813,20,0
406803,406833,407815,982,30
407807,407808,407814,6,1
407807,407808,407814,6,1
407793,407804,407815,11,11
407807,407813,407815,2,6
407807,407813,407815,2,6
407793,407803,407816,13,10
407807,407808,407815,7,1
407807,407808,407815,7,1
407807,407813,407816,3,6
407807,407814,407817,3,7
407793,407793,407817,24,0
407807,407808,407817,9,1
407793,407793,407817,24,0
407807,407816,407818,2,9
407807,407814,407818,4,7
407807,407808,407817,9,1
407807,407815,407817,2,8
407807,407815,407817,2,8
407807,407815,407817,2,8
407807,407816,407818,2,9
407793,407805,407818,13,12
407807,407816,407818,2,9
407807,407816,407819,3,9
407807,407809,407819,10,2
407807,407808,407819,11,1
407807,407818,407820,2,11
407807,407809,407819,10,2
407807,407816,407820,4,9
407807,407817,407819,2,10
407807,407818,407820,2,11
407807,407818,407821,3,11
407807,407818,407821,3,11
407807,407818,407821,3,11
407807,407818,407820,2,11
407807,407817,407820,3,10
407793,407793,407821,28,0
407807,407818,407821,3,11
407807,407808,407821,13,1
407807,407818,407821,3,11
407807,407813,407821,8,6
407807,407820,407822,2,13
407807,407819,407821,2,12
407807,407819,407822,3,12
407793,407793,407822,29,0
407807,407813,407822,9,6
406807,406850,407822,972,43
407807,407820,407823,3,13
407807,407820,407823,3,13
407807,407818,407824,6,11
407807,407812,407824,12,5
407807,407821,407823,2,14
407807,407821,407824,3,14
407807,407821,407824,3,14
407807,407821,407824,3,14
407807,407821,407824,3,14
407807,407819,407822,3,12
407807,407808,407821,13,1
407807,407822,407824,2,15
407793,407805,407825,20,12
407807,407821,407825,4,14
407807,407822,407826,4,15
407807,407808,407825,17,1
407793,407793,407826,33,0
407816,407822,407827,5,6
407807,407820,407828,8,13
407816,407823,407829,6,7
407816,407825,407828,3,9
407807,407822,407830,8,15
407816,407823,407829,6,7
407816,407824,407829,5,8
407807,407822,407829,7,15
407816,407828,407830,2,12
407807,407816,407830,14,9
407816,407824,407831,7,8
407816,407829,407831,2,13
407816,407829,407831,2,13
407816,407824,407831,7,8
407816,407824,407831,7,8
407807,407822,407830,8,15
407816,407823,407832,9,7
407807,407820,407833,13,13
407816,407831,407833,2,15
407816,407831,407833,2,15
407816,407831,407833,2,15
407816,407830,407832,2,14
407816,407830,407832,2,14
407816,407831,407833,2,15
407807,407813,407827,14,6
407816,407831,407833,2,15
407816,407832,407834,2,16
407793,407793,407834,41,0
407816,407825,407834,9,9
407816,407831,407834,3,15
407816,407833,407835,2,17
407816,407833,407835,2,17
407816,407824,407835,11,8
407816,407826,407835,9,10
407816,407827,407833,6,11
407816,407833,407836,3,17
407816,407833,407836,3,17
407816,407833,407836,3,17
407816,407833,407835,2,17
407816,407826,407829,3,10
407816,407834,407836,2,18
407816,407829,407837,8,13
407807,407811,407835,24,4
407816,407830,407836,6,14
407816,407825,407837,12,9
407816,407834,407837,3,18
407816,407835,407838,3,19
407807,407819,407837,18,12
407816,407835,407838,3,19
407816,407835,407838,3,19
407816,407836,407838,2,20
407816,407826,407839,13,10
407816,407833,407838,5,17
407816,407836,407839,3,20
407816,407836,407839,3,20
407816,407836,407839,3,20
407816,407837,407839,2,21
407807,407818,407839,21,11
407816,407839,407841,2,23
407816,407838,407840,2,22
407816,407838,407840,2,22
407816,407837,407841,4,21
407816,407836,407840,4,20
407816,407837,407841,4,21
407816,407832,407841,9,16
407816,407824,407841,17,8
407816,407835,407843,8,19
407816,407835,407841,6,19
407824,407839,407845,6,15
407824,407842,407845,3,18
407816,407836,407845,9,20
407824,407840,407845,5,16
407824,407841,407846,5,17
407824,407841,407846,5,17
407816,407838,407846,8,22
407824,407840,407846,6,16
407824,407840,407846,6,16
407807,407811,407845,34,4
407816,407834,407847,13,18
407816,407835,407847,12,19
407816,407838,407848,10,22
407824,407845,407847,2,21
407824,407845,407847,2,21
407824,407846,407848,2,22
407824,407846,407849,3,22
407824,407846,407849,3,22
407824,407847,407849,2,23
407807,407822,407849,27,15
407824,407847,407849,2,23
407824,407848,407850,2,24
407824,407848,407850,2,24
407824,407839,407850,11,15
407824,407839,407850,11,15
407824,407841,407850,9,17
407824,407846,407851,5,22
407824,407849,407851,2,25
407824,407849,407851,2,25
407824,407850,407852,2,26
407816,407836,407852,16,20
407824,407850,407852,2,26
407824,407850,407853,3,26
407824,407850,407853,3,26
407824,407839,407853,14,15
407824,407840,407853,13,16
407816,407830,407847,17,14
407824,407851,407853,2,27
407824,407841,407854,13,17
407816,407823,407854,31,7
407816,407823,407854,31,7
407816,407824,407854,30,8
407824,407852,407854,2,28
407824,407848,407855,7,24
407824,407841,407855,14,17
407824,407841,407856,15,17
407824,407853,407856,3,29
407824,407840,407856,16,16
407824,407853,407856,3,29
407824,407853,407856,3,29
407824,407853,407855,2,29
407824,407852,407856,4,28
407824,407854,407856,2,30
407824,407854,407856,2,30
407824,407854,407857,3,30
407824,407851,407857,6,27
407824,407854,407857,3,30
407824,407851,407858,7,27
407824,407855,407858,3,31
407824,407853,407857,4,29
407824,407856,407858,2,32
407824,407841,407858,17,17
407824,407845,407858,13,21
407824,407848,407858,10,24
407824,407856,407859,3,32
407824,407856,407859,3,32
407824,407856,407859,3,32
407824,407851,407858,7,27
407824,407856,407861,5,32
407816,407837,407857,20,21
407824,407847,407857,10,23
407824,407855,407860,5,31
407824,407855,407863,8,31
407824,407855,407864,9,31
407824,407855,407864,9,31
407824,407856,407869,13,32
407816,407837,407867,30,21
407824,407844,407871,27,20
407824,407854,407870,16,30
407816,407826,407871,45,10
407824,407847,407857,10,23
407807,407822,407876,54,15
407824,407850,407877,27,26
407824,407847,407879,32,23
407824,407855,407882,27,31
407824,407850,407882,32,26
406413,406418,407899,1481,5
406911,406922,407912,990,11
407918,407918,407921,3,0
407918,407918,407922,4,0
407918,407918,407922,4,0
407918,407918,407921,3,0
407918,407918,407921,3,0
407918,407918,407922,4,0
407918,407922,407924,2,4
407918,407918,407924,6,0
407918,407918,407924,6,0
407918,407918,407924,6,0
407918,407918,407925,7,0
407918,407918,407925,7,0
407918,407918,407925,7,0
407918,407922,407925,3,4
407918,407922,407925,3,4
407918,407918,407925,7,0
407918,407922,407925,3,4
407918,407918,407925,7,0
407918,407918,407926,8,0
407918,407924,407926,2,6
407918,407918,407926,8,0
407918,407918,407927,9,0
407918,407918,407927,9,0
407918,407924,407927,3,6
407918,407918,407927,9,0
407918,407918,407928,10,0
407918,407925,407928,3,7
407918,407926,407928,2,8
407918,407926,407928,2,8
407918,407926,407928,2,8
407918,407926,407928,2,8
407918,407926,407929,3,8
407918,407918,407929,11,0
407918,407927,407929,2,9
407918,407927,407929,2,9
407918,407922,407927,5,4
407918,407926,407930,4,8
407918,407918,407930,12,0
407918,407928,407930,2,10
407918,407928,407930,2,10
407918,407929,407931,2,11
407918,407918,407931,13,0
407918,407929,407931,2,11
407918,407929,407931,2,11
407918,407929,407932,3,11
407918,407929,407932,3,11
407918,407929,407932,3,11
407918,407918,407927,9,0
407918,407918,407933,15,0
406948,406965,407933,968,17
407918,407918,407933,15,0
407918,407918,407934,16,0
407918,407930,407934,4,12
407918,407930,407935,5,12
407918,407932,407936,4,14
407918,407918,407928,10,0
407918,407934,407936,2,16
407918,407935,407937,2,17
407918,407932,407936,4,14
407918,407928,407937,9,10
407918,407918,407937,19,0
407918,407931,407938,7,13
407918,407936,407938,2,18
407918,407931,407937,6,13
407918,407932,407937,5,14
407918,407928,407938,10,10
407918,407922,407938,16,4
407918,407924,407938,14,6
407918,407924,407938,14,6
407918,407937,407939,2,19
407918,407931,407938,7,13
407918,407932,407938,6,14
407918,407936,407938,2,18
407918,407937,407939,2,19
407918,407925,407938,13,7
407918,407937,407939,2,19
407918,407938,407940,2,20
407918,407938,407940,2,20
407918,407938,407940,2,20
407918,407938,407940,2,20
407918,407925,407940,15,7
407918,407938,407940,2,20
407918,407932,407940,8,14
407918,407930,407941,11,12
407918,407927,407941,14,9
407918,407939,407941,2,21
407918,407939,407942,3,21
407918,407939,407941,2,21
407918,407939,407941,2,21
407918,407939,407942,3,21
407918,407934,407941,7,16
407918,407934,407942,8,16
407918,407918,407942,24,0
407918,407940,407942,2,22
407918,407940,407942,2,22
407918,407940,407943,3,22
407918,407940,407943,3,22
407918,407940,407943,3,22
407918,407933,407942,9,15
407918,407918,407943,25,0
407918,407931,407943,12,13
407918,407941,407944,3,23
407918,407942,407944,2,24
407918,407918,407944,26,0
407918,407942,407945,3,24
407918,407942,407944,2,24
407918,407942,407945,3,24
407918,407942,407945,3,24
407918,407943,407945,2,25
407918,407943,407945,2,25
407918,407918,407943,25,0
407918,407937,407942,5,19
407918,407938,407945,7,20
407918,407943,407946,3,25
407918,407943,407946,3,25
407918,407943,407946,3,25
407918,407929,407946,17,11
407918,407939,407946,7,21
407918,407944,407946,2,26
407918,407944,407946,2,26
407918,407939,407947,8,21
407918,407942,407947,5,24
407918,407939,407947,8,21
407918,407939,407947,8,21
407918,407939,407947,8,21
407943,407947,407949,2,4
407918,407930,407949,19,12
407918,407918,407949,31,0
407943,407948,407950,2,5
407943,407948,407949,1,5
407943,407948,407949,1,5
407943,407945,407950,5,2
407943,407946,407950,4,3
407943,407947,407950,3,4
407918,407942,407950,8,24
407943,407946,407951,5,3
407943,407946,407950,4,3
407943,407945,407950,5,2
407943,407945,407951,6,2
407943,407945,407951,6,2
407943,407950,407951,1,7
407918,407930,407951,21,12
407943,407950,407951,1,7
407943,407950,407951,1,7
407918,407941,407944,3,23
407918,407918,407944,26,0
407943,407945,407952,7,2
407918,407941,407952,11,23
407943,407950,407952,2,7
407943,407951,407952,1,8
407943,407950,407952,2,7
407943,407950,407953,3,7
407943,407945,407953,8,2
407943,407952,407954,2,9
407943,407952,407954,2,9
407943,407951,407954,3,8
407943,407952,407954,2,9
407943,407952,407954,2,9
407943,407952,407954,2,9
407943,407951,407954,3,8
407943,407952,407954,2,9
407943,407952,407954,2,9
407943,407953,407955,2,10
407943,407953,407955,2,10
407943,407953,407955,2,10
407943,407954,407956,2,11
407943,407953,407955,2,10
407943,407954,407956,2,11
407943,407954,407956,2,11
407943,407954,407956,2,11
407918,407942,407956,14,24
407918,407942,407957,15,24
407943,407947,407955,8,4
407943,407955,407957,2,12
407943,407955,407957,2,12
407943,407956,407958,2,13
407943,407956,407958,2,13
407943,407956,407958,2,13
407943,407955,407957,2,12
407943,407955,407958,3,12
407943,407956,407958,2,13
407943,407955,407958,3,12
407943,407955,407958,3,12
407943,407956,407958,2,13
407943,407957,407959,2,14
407918,407944,407959,15,26
407943,407952,407958,6,9
407918,407937,407955,18,19
407943,407950,407959,9,7
407918,407941,407959,18,23
407943,407947,407959,12,4
407943,407957,407959,2,14
407943,407957,407959,2,14
407918,407918,407958,40,0
407918,407943,407959,16,25
407943,407953,407961,8,10
407943,407950,407962,12,7
407943,407952,407962,10,9
407943,407957,407963,6,14
407943,407955,407963,8,12
407943,407957,407966,9,14
407943,407952,407965,13,9
407918,407918,407968,50,0
407943,407948,407969,21,5
407943,407947,407971,24,4
407943,407945,407973,28,2
407943,407957,407974,17,14
407918,407943,407975,32,25
407943,407946,407981,35,3
407943,407946,407981,35,3
401700,401700,407981,6281,0
407943,407946,407988,42,3
406656,406669,408178,1509,13
408180,408180,408184,4,0
408180,408180,408184,4,0
408180,408180,408183,3,0
408180,408180,408183,3,0
408180,408180,408184,4,0
408180,408180,408182,2,0
408180,408180,408182,2,0
408180,408180,408184,4,0
408180,408180,408184,4,0
408180,408180,408185,5,0
408180,408180,408185,5,0
408180,408184,408186,2,4
408180,408180,408186,6,0
408180,408184,408186,2,4
408180,408180,408187,7,0
408180,408184,408186,2,4
408180,408184,408186,2,4
408180,408180,408188,8,0
408180,408185,408187,2,5
408180,408180,408187,7,0
408180,408186,408188,2,6
408180,408185,408187,2,5
408180,408180,408188,8,0
408180,408186,408188,2,6
408180,408186,408188,2,6
408180,408180,408189,9,0
408180,408180,408189,9,0
408180,408180,408190,10,0
408180,408180,408190,10,0
408180,408180,408189,9,0
408180,408180,408189,9,0
408180,408180,408189,9,0
408180,408187,408189,2,7
408180,408187,408190,3,7
408180,408187,408190,3,7
408180,408187,408189,2,7
408180,408187,408189,2,7
408180,408180,408190,10,0
408180,408180,408190,10,0
408180,408180,408191,11,0
408180,408188,408190,2,8
408180,408188,408190,2,8
408180,408188,408190,2,8
408180,408188,408190,2,8
408180,408188,408190,2,8
408180,408180,408191,11,0
408180,408189,408191,2,9
408180,408189,408192,3,9
408180,408189,408191,2,9
408180,408180,408189,9,0
407208,407217,408195,978,9
408180,408180,408196,16,0
408180,408180,408196,16,0
408180,408184,408198,14,4
408196,408196,408198,2,0
408180,408180,408198,18,0
408196,408196,408198,2,0
408196,408196,408198,2,0
408196,408196,408199,3,0
408196,408196,408199,3,0
408196,408196,408199,3,0
408180,408190,408200,10,10
408196,408198,408200,2,2
408180,408180,408192,12,0
408180,408180,408200,20,0
408196,408196,408200,4,0
408196,408196,408200,4,0
408196,408199,408201,2,3
408196,408199,408201,2,3
408180,408190,408201,11,10
408196,408196,408202,6,0
408196,408200,408202,2,4
408180,408180,408201,21,0
408196,408196,408201,5,0
408196,408196,408201,5,0
408196,408199,408201,2,3
408196,408199,408201,2,3
408196,408200,408202,2,4
408180,408180,408202,22,0
408196,408199,408202,3,3
408196,408196,408203,7,0
408196,408196,408203,7,0
408180,408180,408198,18,0
408196,408196,408201,5,0
408180,408185,408201,16,5
408196,408196,408203,7,0
408196,408201,408203,2,5
408196,408201,408203,2,5
408196,408201,408203,2,5
408196,408201,408203,2,5
408196,408196,408204,8,0
408196,408202,408204,2,6
408196,408202,408204,2,6
408196,408202,408205,3,6
408196,408202,408205,3,6
408196,408202,408205,3,6
408196,408202,408204,2,6
407259,407272,408205,933,13
408196,408202,408204,2,6
408196,408196,408206,10,0
408196,408196,408205,9,0
408180,408180,408205,25,0
408196,408196,408205,9,0
408196,408203,408205,2,7
408196,408203,408206,3,7
408196,408198,408206,8,2
408196,408204,408206,2,8
408196,408204,408206,2,8
408196,408204,408206,2,8
408196,408204,408207,3,8
408196,408205,408207,2,9
408196,408204,408206,2,8
408196,408205,408207,2,9
408196,408205,408207,2,9
408196,408200,408208,8,4
408196,408201,408208,7,5
408196,408205,408208,3,9
408196,408205,408208,3,9
408196,408205,408208,3,9
408196,408205,408207,2,9
408196,408205,408208,3,9
408196,408196,408209,13,0
408180,408189,408205,16,9
408206,408207,408209,2,1
408206,408207,408210,3,1
408206,408207,408210,3,1
408206,408207,408209,2,1
408206,408207,408210,3,1
408180,408190,408210,20,10
408206,408207,408211,4,1
408206,408206,408210,4,0
408206,408206,408211,5,0
408206,408208,408210,2,2
408206,408208,408210,2,2
408206,408208,408211,3,2
408206,408208,408211,3,2
408206,408208,408210,2,2
408206,408209,408211,2,3
408206,408210,408212,2,4
408206,408206,408212,6,0
408206,408211,408212,1,5
408206,408211,408212,1,5
408180,408190,408212,22,10
408196,408201,408212,11,5
408206,408207,408213,6,1
408206,408211,408213,2,5
408206,408211,408213,2,5
408206,408210,408213,3,4
408206,408212,408214,2,6
408206,408212,408214,2,6
408206,408211,408214,3,5
408206,408211,408214,3,5
408206,408211,408214,3,5
408206,408211,408214,3,5
408206,408211,408214,3,5
408206,408212,408214,2,6
408206,408213,408214,1,7
408206,408213,408215,2,7
408196,408202,408214,12,6
408206,408208,408215,7,2
408206,408207,408215,8,1
408206,408213,408215,2,7
408206,408214,408216,2,8
408196,408203,408216,13,7
408180,408185,408207,22,5
408196,408204,408211,7,8
408206,408213,408216,3,7
408206,408213,408216,3,7
408206,408213,408216,3,7
408206,408214,408216,2,8
408180,408190,408210,20,10
408180,408180,408213,33,0
408196,408196,408217,21,0
408206,408214,408217,3,8
408206,408216,408217,1,10
408206,408215,408217,2,9
408206,408215,408217,2,9
408206,408215,408217,2,9
408206,408215,408217,2,9
408206,408215,408217,2,9
408206,408215,408217,2,9
408206,408215,408217,2,9
408206,408215,408217,2,9
408206,408216,408218,2,10
408206,408216,408218,2,10
408206,408208,408217,9,2
408206,408209,408218,9,3
408206,408206,408218,12,0
408206,408217,408218,1,11
408206,408217,408218,1,11
408180,408180,408219,39,0
408196,408202,408213,11,6
408196,408203,408219,16,7
408206,408209,408219,10,3
408206,408217,408219,2,11
408206,408217,408219,2,11
408196,408203,408220,17,7
408206,408215,408219,4,9
408196,408203,408223,20,7
408206,408207,408225,18,1
408206,408211,408225,14,5
408206,408213,408225,12,7
408196,408206,408228,22,10
408206,408216,408229,13,10
408196,408205,408230,25,9
408196,408206,408230,24,10
408206,408215,408232,17,9
408206,408217,408225,8,11
408206,408216,408240,24,10
408206,408217,408240,23,11
408196,408197,408249,52,1
408206,408213,408277,64,7
401697,401697,408327,6630,0
407335,407335,408383,1048,0
407246,407246,408490,1244,0
407277,407277,408513,1236,0
407302,407302,408517,1215,0
407210,407210,408526,1316,0
407033,407046,408554,1508,13
408555,408555,408557,2,0
408555,408555,408557,2,0
408555,408555,408558,3,0
408555,408555,408558,3,0
408555,408555,408558,3,0
408555,408555,408559,4,0
408555,408557,408559,2,2
408555,408555,408559,4,0
408555,408555,408560,5,0
408555,408555,408560,5,0
408555,408558,408560,2,3
408555,408559,408561,2,4
408555,408559,408561,2,4
408555,408560,408562,2,5
408555,408556,408562,6,1
408555,408556,408562,6,1
408555,408555,408562,7,0
408555,408555,408562,7,0
408555,408558,408562,4,3
408555,408555,408562,7,0
408555,408560,408562,2,5
408555,408560,408562,2,5
408555,408555,408562,7,0
408555,408555,408562,7,0
408555,408555,408563,8,0
408555,408561,408563,2,6
408555,408561,408563,2,6
408555,408561,408563,2,6
408555,408555,408564,9,0
408555,408562,408564,2,7
408555,408563,408564,1,8
408555,408562,408564,2,7
408555,408563,408564,1,8
408555,408555,408565,10,0
408555,408555,408565,10,0
408555,408563,408566,3,8
408555,408563,408565,2,8
408555,408563,408566,3,8
408555,408562,408565,3,7
408555,408563,408565,2,8
408555,408563,408565,2,8
408555,408563,408565,2,8
408555,408564,408566,2,9
408555,408564,408566,2,9
408555,408564,408566,2,9
408555,408555,408566,11,0
408555,408555,408566,11,0
408555,408555,408566,11,0
408555,408555,408566,11,0
408555,408555,408566,11,0
408555,408564,408566,2,9
408555,408555,408566,11,0
408555,408555,408567,12,0
408555,408555,408567,12,0
408555,408555,408568,13,0
408555,408555,408568,13,0
408555,408555,408568,13,0
408555,408555,408568,13,0
408555,408556,408568,12,1
408555,408555,408569,14,0
408555,408555,408568,13,0
408555,408555,408568,13,0
408555,408555,408572,17,0
408555,408555,408572,17,0
408555,408555,408573,18,0
408555,408555,408573,18,0
408555,408563,408571,8,8
408555,408563,408572,9,8
408555,408555,408580,25,0
407507,407507,408583,1076,0
408555,408555,408583,28,0
407533,407533,408589,1056,0
406860,406877,408590,1713,17
408595,408595,408598,3,0
408595,408595,408599,4,0
408595,408595,408599,4,0
408595,408595,408599,4,0
408595,408595,408599,4,0
408595,408595,408600,5,0
408595,408595,408600,5,0
407558,407558,408600,1042,0
408595,408595,408601,6,0
408595,408595,408601,6,0
408595,408595,408601,6,0
408595,408595,408600,5,0
408595,408599,408601,2,4
408595,408595,408601,6,0
408595,408595,408600,5,0
408595,408598,408601,3,3
408595,408595,408602,7,0
408595,408599,408602,3,4
408595,408595,408602,7,0
408595,408599,408602,3,4
408595,408595,408602,7,0
408595,408599,408602,3,4
408595,408600,408603,3,5
408595,408601,408603,2,6
408595,408595,408604,9,0
408595,408602,408604,2,7
408595,408602,408604,2,7
408595,408602,408604,2,7
408595,408602,408604,2,7
408595,408602,408604,2,7
408595,408602,408604,2,7
408595,408595,408605,10,0
408595,408595,408605,10,0
408595,408603,408605,2,8
408595,408603,408605,2,8
408595,408604,408606,2,9
408595,408603,408605,2,8
408595,408603,408605,2,8
408595,408603,408605,2,8
408595,408603,408606,3,8
408595,408604,408606,2,9
408595,408595,408606,11,0
408595,408595,408606,11,0
408595,408595,408606,11,0
408595,408595,408606,11,0
408595,408605,408606,1,10
408595,408605,408606,1,10
408595,408595,408607,12,0
408595,408595,408607,12,0
408595,408595,408607,12,0
408595,408595,408607,12,0
408595,408595,408607,12,0
408595,408595,408606,11,0
408595,408595,408607,12,0
408595,408595,408607,12,0
408595,408605,408607,2,10
408595,408595,408608,13,0
408595,408595,408608,13,0
408595,408595,408608,13,0
408595,408595,408608,13,0
408595,408595,408609,14,0
408595,408601,408610,9,6
408595,408595,408614,19,0
408595,408595,408617,22,0
408595,408601,408617,16,6
408595,408595,408618,23,0
408595,408595,408625,30,0
408595,408595,408613,18,0
408595,408595,408613,18,0
408595,408604,408636,32,9
408595,408595,408631,36,0
407639,407639,408703,1064,0
401696,401696,408800,7104,0
407671,407672,408899,1227,1
407705,407705,408902,1197,0
407302,407318,408945,1627,16
408947,408947,408949,2,0
408947,408947,408949,2,0
408947,408947,408949,2,0
408947,408947,408950,3,0
408947,408947,408949,2,0
408947,408947,408949,2,0
408947,408947,408950,3,0
408947,408947,408950,3,0
408947,408947,408950,3,0
408947,408947,408950,3,0
408947,408947,408951,4,0
408947,408947,408952,5,0
408947,408949,408951,2,2
408947,408947,408951,4,0
408947,408949,408951,2,2
408947,408949,408951,2,2
408947,408950,408952,2,3
408947,408950,408953,3,3
408947,408950,408952,2,3
408947,408951,408953,2,4
408947,408951,408954,3,4
408947,408947,408953,6,0
408947,408951,408953,2,4
408947,408951,408953,2,4
408947,408952,408954,2,5
408947,408952,408954,2,5
408947,408952,408954,2,5
408947,408947,408954,7,0
408947,408947,408954,7,0
408947,408947,408954,7,0
408947,408952,408955,3,5
408947,408952,408954,2,5
408947,408952,408955,3,5
408947,408947,408955,8,0
408947,408953,408955,2,6
408947,408953,408956,3,6
408947,408947,408956,9,0
408947,408953,408955,2,6
408947,408954,408956,2,7
408947,408947,408956,9,0
408947,408947,408956,9,0
408947,408947,408956,9,0
408947,408954,408956,2,7
408947,408954,408956,2,7
408947,408954,408956,2,7
408947,408954,408956,2,7
408947,408954,408956,2,7
408947,408954,408956,2,7
408947,408947,408958,11,0
408947,408947,408957,10,0
408947,408947,408957,10,0
408947,408947,408958,11,0
408947,408947,408957,10,0
408947,408947,408957,10,0
408947,408947,408957,10,0
408947,408947,408958,11,0
408947,408947,408956,9,0
408947,408947,408958,11,0
408947,408947,408962,15,0
408947,408947,408963,16,0
408947,408947,408964,17,0
408947,408947,408964,17,0
408947,408947,408967,20,0
408947,408947,408967,20,0
408947,408947,408968,21,0
408947,408947,408969,22,0
408947,408947,408973,26,0
408947,408947,408975,28,0
408947,408947,408981,34,0
408947,408947,408995,48,0
401698,401698,409074,7376,0
408099,408099,409511,1412,0
401698,401698,409613,7915,0
408625,408626,409679,1053,1
408526,408526,409770,1244,0
408560,408561,409792,1231,1
408757,408757,409798,1041,0
408590,408590,409839,1249,0
408656,408656,409894,1238,0
408690,408690,409920,1230,0
408725,408725,409947,1222,0
408937,408937,410018,1081,0
408970,408970,410024,1054,0
409546,409546,410755,1209,0
409711,409712,410919,1207,1
409837,409837,410971,1134,0
409803,409804,411022,1218,1
410003,410003,411050,1047,0
409870,409871,411097,1226,1
410053,410053,411106,1053,0
409903,409903,411127,1224,0
409935,409935,411199,1264,0
410087,410087,411216,1129,0
409967,409968,411227,1259,1
401698,401698,411368,9670,0
401697,401697,411945,10248,0
401699,401699,411965,10266,0
401700,401700,411966,10266,0
410790,410790,411990,1200,0
411057,411057,412126,1069,0
411091,411091,412144,1053,0
410955,410955,412167,1212,0
411007,411007,412243,1236,0
411268,411268,412296,1028,0
401697,401697,412376,10679,0
411131,411131,412386,1255,0
411168,411168,412388,1220,0
411202,411202,412412,1210,0
411236,411236,412440,1204,0
411301,411301,412539,1238,0
412025,412025,413073,1048,0
412231,412231,413285,1054,0
412162,412162,413390,1228,0
412196,412196,413396,1200,0
412329,412329,413404,1075,0
412420,412421,413485,1064,1
412278,412278,413492,1214,0
412453,412453,413514,1061,0
412488,412488,413542,1054,0
412524,412524,413775,1251,0
412575,412575,413801,1226,0
413107,413107,414325,1218,0
413319,413319,414522,1203,0
413602,413603,414630,1027,1
413422,413422,414646,1224,0
413458,413458,414675,1217,0
413493,413494,414701,1207,1
413638,413638,414735,1097,0
413529,413529,414764,1235,0
413565,413566,414787,1221,1
413810,413810,414865,1055,0
401700,401700,414886,13186,0
413843,413843,414920,1077,0
414360,414360,415591,1231,0
414700,414700,415739,1039,0
414558,414558,415792,1234,0
414835,414835,415864,1029,0
414665,414666,415909,1243,1
414868,414868,415912,1044,0
401697,401697,415918,14221,0
414766,414766,415981,1215,0
414732,414732,416024,1292,0
414800,414800,416088,1288,0
414902,414902,416103,1201,0
414954,414954,416167,1213,0
401696,401696,416187,14491,0
415559,415559,416497,938,0
416498,416498,416501,3,0
416498,416498,416502,4,0
416498,416498,416503,5,0
415564,415564,416503,939,0
416498,416498,416503,5,0
416498,416498,416503,5,0
416498,416498,416503,5,0
416498,416501,416504,3,3
416498,416498,416504,6,0
415555,415555,416504,949,0
416498,416503,416506,3,5
416498,416502,416507,5,4
416498,416498,416507,9,0
415556,415556,416507,951,0
415568,415568,416508,940,0
416498,416503,416508,5,5
416498,416504,416508,4,6
416498,416503,416508,5,5
416498,416505,416508,3,7
416498,416498,416509,11,0
416498,416498,416509,11,0
415554,415554,416509,955,0
416498,416498,416510,12,0
416498,416498,416510,12,0
416498,416498,416510,12,0
416498,416503,416509,6,5
416498,416508,416511,3,10
416498,416498,416511,13,0
416498,416498,416511,13,0
416498,416503,416511,8,5
416498,416506,416511,5,8
416498,416508,416511,3,10
416498,416509,416511,2,11
416498,416509,416511,2,11
416498,416508,416512,4,10
416498,416498,416512,14,0
416498,416508,416513,5,10
416498,416498,416512,14,0
416498,416498,416512,14,0
416498,416498,416512,14,0
416498,416511,416513,2,13
416498,416508,416514,6,10
416498,416512,416514,2,14
416498,416512,416514,2,14
416498,416512,416514,2,14
415560,415560,416514,954,0
416498,416512,416514,2,14
415557,415557,416514,957,0
416498,416512,416514,2,14
416498,416507,416515,8,9
416498,416510,416515,5,12
415576,415576,416515,939,0
416498,416504,416516,12,6
416498,416514,416516,2,16
416498,416510,416517,7,12
416498,416515,416517,2,17
416498,416515,416517,2,17
416498,416515,416517,2,17
416498,416498,416509,11,0
416498,416513,416518,5,15
416498,416498,416518,20,0
416498,416511,416519,8,13
416504,416517,416519,2,13
416504,416518,416520,2,14
416504,416518,416520,2,14
416504,416518,416520,2,14
416498,416515,416519,4,17
416498,416498,416520,22,0
416498,416513,416520,7,15
416498,416507,416517,10,9
416498,416511,416518,7,13
416504,416515,416521,6,11
416504,416516,416521,5,12
416504,416519,416521,2,15
416504,416515,416522,7,11
416504,416515,416522,7,11
416504,416520,416522,2,16
416504,416520,416522,2,16
416504,416520,416523,3,16
416504,416518,416523,5,14
416498,416514,416523,9,16
416498,416514,416524,10,16
416504,416519,416524,5,15
416498,416510,416524,14,12
416504,416521,416524,3,17
416504,416516,416525,9,12
416504,416520,416526,6,16
416504,416523,416526,3,19
416504,416523,416526,3,19
416504,416521,416526,5,17
416504,416521,416526,5,17
416504,416522,416525,3,18
416504,416523,416527,4,19
416504,416523,416526,3,19
416498,416498,416519,21,0
416504,416526,416528,2,22
416504,416526,416528,2,22
416504,416525,416528,3,21
416504,416526,416528,2,22
416504,416526,416528,2,22
416504,416516,416529,13,12
416504,416527,416529,2,23
416504,416526,416529,3,22
416498,416509,416528,19,11
416504,416527,416529,2,23
416498,416513,416525,12,15
416504,416526,416530,4,22
416504,416528,416530,2,24
416504,416528,416530,2,24
416498,416511,416530,19,13
416504,416523,416530,7,19
416504,416529,416530,1,25
416504,416526,416530,4,22
416504,416529,416531,2,25
416504,416528,416531,3,24
416504,416529,416531,2,25
416504,416530,416532,2,26
416504,416530,416532,2,26
415562,415562,416532,970,0
416504,416529,416532,3,25
416504,416531,416532,1,27
416504,416530,416533,3,26
416504,416531,416533,2,27
416498,416498,416533,35,0
416504,416532,416533,1,28
416504,416529,416534,5,25
416504,416531,416534,3,27
416504,416531,416534,3,27
416504,416530,416534,4,26
416504,416518,416535,17,14
416504,416524,416535,11,20
416505,416534,416536,2,29
415573,415573,416536,963,0
416504,416524,416531,7,20
416504,416531,416535,4,27
416504,416524,416534,10,20
416504,416524,416533,9,20
416498,416498,416536,38,0
416498,416510,416536,26,12
416505,416533,416536,3,28
416505,416533,416537,4,28
416505,416535,416537,2,30
416505,416533,416538,5,28
416505,416536,416537,1,31
415569,415570,416538,968,1
416505,416532,416538,6,27
416505,416535,416539,4,30
416504,416530,416538,8,26
416505,416533,416538,5,28
416505,416536,416538,2,31
416505,416534,416538,4,29
416505,416535,416539,4,30
416505,416533,416539,6,28
416505,416537,416539,2,32
416505,416538,416539,1,33
416505,416538,416539,1,33
416505,416536,416540,4,31
416505,416538,416540,2,33
416505,416533,416540,7,28
416505,416538,416540,2,33
416505,416538,416540,2,33
416504,416517,416539,22,13
416505,416539,416541,2,34
416505,416540,416542,2,35
416505,416539,416542,3,34
416505,416539,416542,3,34
416505,416540,416542,2,35
416505,416539,416543,4,34
416505,416540,416543,3,35
416505,416540,416542,2,35
416504,416518,416543,25,14
416505,416541,416543,2,36
416505,416541,416544,3,36
416505,416541,416543,2,36
416505,416542,416544,2,37
416504,416527,416538,11,23
416505,416536,416543,7,31
416505,416536,416544,8,31
416505,416539,416544,5,34
416505,416539,416544,5,34
416505,416542,416544,2,37
416505,416542,416545,3,37
416505,416542,416545,3,37
416505,416540,416545,5,35
416505,416537,416546,9,32
416505,416543,416546,3,38
416505,416543,416545,2,38
416505,416543,416545,2,38
416505,416536,416545,9,31
416505,416536,416546,10,31
416505,416544,416546,2,39
416505,416544,416546,2,39
416505,416544,416547,3,39
416505,416544,416546,2,39
416504,416530,416547,17,26
416505,416544,416547,3,39
416505,416543,416547,4,38
416505,416545,416548,3,40
416505,416545,416548,3,40
416504,416521,416548,27,17
416505,416545,416548,3,40
416505,416546,416549,3,41
416505,416546,416549,3,41
416505,416544,416549,5,39
416504,416517,416547,30,13
416505,416544,416550,6,39
416505,416541,416550,9,36
416508,416549,416551,2,41
416508,416549,416551,2,41
416505,416544,416551,7,39
416505,416546,416551,5,41
416508,416549,416551,2,41
416508,416547,416552,5,39
416508,416547,416552,5,39
416508,416549,416552,3,41
416508,416548,416552,4,40
416508,416547,416553,6,39
416508,416549,416552,3,41
416508,416547,416552,5,39
416508,416546,416553,7,38
416508,416550,416553,3,42
416505,416544,416548,4,39
416504,416529,416550,21,25
416505,416536,416553,17,31
416504,416521,416552,31,17
416505,416541,416554,13,36
416508,416551,416554,3,43
416505,416539,416554,15,34
416508,416552,416554,2,44
416508,416552,416555,3,44
416508,416552,416555,3,44
416508,416552,416554,2,44
416508,416548,416555,7,40
416508,416553,416556,3,45
416508,416553,416556,3,45
416508,416553,416556,3,45
416508,416554,416556,2,46
416508,416554,416556,2,46
416508,416554,416556,2,46
416508,416552,416556,4,44
416505,416546,416557,11,41
416508,416553,416558,5,45
415567,415567,416557,990,0
416508,416555,416558,3,47
416508,416555,416558,3,47
416508,416554,416558,4,46
416508,416556,416559,3,48
416508,416556,416559,3,48
415561,415561,416559,998,0
416508,416555,416558,3,47
416508,416555,416558,3,47
416508,416556,416559,3,48
416508,416555,416559,4,47
416508,416557,416559,2,49
416508,416557,416560,3,49
416505,416537,416560,23,32
416508,416558,416561,3,50
416508,416559,416561,2,51
416508,416559,416561,2,51
416508,416557,416561,4,49
416508,416558,416561,3,50
416508,416559,416562,3,51
416508,416559,416562,3,51
416508,416560,416562,2,52
416508,416560,416563,3,52
416508,416558,416563,5,50
416508,416560,416563,3,52
416508,416560,416563,3,52
416508,416559,416563,4,51
416504,416521,416561,40,17
416498,416509,416557,48,11
416508,416554,416560,6,46
416508,416559,416564,5,51
416508,416561,416564,3,53
416508,416561,416564,3,53
416509,416563,416565,2,54
416509,416563,416566,3,54
416509,416563,416566,3,54
416509,416563,416566,3,54
416508,416560,416566,6,52
416505,416544,416564,20,39
416509,416562,416566,4,53
416509,416562,416567,5,53
416509,416564,416567,3,55
416509,416562,416567,5,53
416509,416563,416567,4,54
416509,416563,416568,5,54
416509,416562,416568,6,53
416509,416564,416569,5,55
416504,416521,416569,48,17
416509,416567,416569,2,58
416508,416554,416570,16,46
416509,416566,416570,4,57
416509,416565,416570,5,56
416509,416566,416570,4,57
415571,415571,416571,1000,0
416509,416566,416570,4,57
416508,416548,416559,11,40
416508,416557,416566,9,49
416509,416567,416571,4,58
416509,416562,416571,9,53
416509,416568,416572,4,59
416509,416568,416572,4,59
416508,416557,416572,15,49
416509,416568,416572,4,59
416509,416568,416572,4,59
416509,416567,416572,5,58
416508,416554,416573,19,46
416509,416570,416573,3,61
416509,416571,416574,3,62
416508,416549,416574,25,41
416509,416568,416573,5,59
416509,416571,416574,3,62
416508,416552,416574,22,44
416509,416573,416574,1,64
416509,416573,416575,2,64
416509,416572,416575,3,63
416509,416572,416575,3,63
416509,416572,416574,2,63
416509,416568,416574,6,59
416509,416570,416575,5,61
416509,416573,416575,2,64
416509,416573,416575,2,64
416509,416573,416575,2,64
416509,416575,416577,2,66
416509,416572,416576,4,63
416509,416574,416576,2,65
416509,416573,416577,4,64
416509,416574,416577,3,65
416509,416574,416577,3,65
416509,416575,416577,2,66
416509,416575,416578,3,66
416509,416575,416578,3,66
416509,416575,416577,2,66
416509,416575,416577,2,66
416508,416555,416578,23,47
416509,416574,416578,4,65
416508,416550,416571,21,42
416509,416577,416579,2,68
416508,416554,416579,25,46
416509,416573,416579,6,64
416509,416576,416579,3,67
416509,416576,416579,3,67
416509,416576,416579,3,67
416509,416575,416579,4,66
416509,416577,416580,3,68
416509,416570,416579,9,61
416511,416579,416581,2,68
416511,416578,416581,3,67
416509,416571,416575,4,62
416508,416556,416576,20,48
416511,416579,416582,3,68
416511,416579,416581,2,68
416511,416580,416582,2,69
416509,416577,416581,4,68
416511,416580,416582,2,69
416511,416581,416583,2,70
416509,416564,416582,18,55
416511,416578,416583,5,67
416509,416569,416583,14,60
416509,416577,416583,6,68
416511,416579,416583,4,68
416511,416577,416583,6,66
416511,416578,416583,5,67
416511,416580,416583,3,69
416511,416580,416584,4,69
416511,416578,416584,6,67
416511,416578,416584,6,67
416511,416582,416584,2,71
416511,416582,416584,2,71
416511,416582,416584,2,71
416511,416582,416584,2,71
416511,416583,416585,2,72
416511,416582,416585,3,71
416511,416582,416585,3,71
416511,416583,416585,2,72
416511,416584,416586,2,73
416511,416578,416586,8,67
416511,416584,416586,2,73
416511,416584,416587,3,73
416511,416584,416587,3,73
416511,416584,416586,2,73
416511,416585,416587,2,74
416509,416574,416587,13,65
416508,416546,416585,39,38
416511,416585,416588,3,74
416509,416564,416586,22,55
416511,416579,416587,8,68
416511,416583,416587,4,72
416511,416583,416588,5,72
416511,416583,416588,5,72
416511,416586,416588,2,75
416511,416586,416588,2,75
416511,416586,416589,3,75
416508,416554,416589,35,46
416511,416584,416589,5,73
416511,416586,416589,3,75
416511,416587,416589,2,76
416511,416587,416590,3,76
416511,416587,416590,3,76
416511,416587,416590,3,76
416511,416587,416590,3,76
416511,416588,416590,2,77
416511,416589,416591,2,78
416511,416588,416591,3,77
416511,416589,416591,2,78
416511,416589,416592,3,78
416511,416590,416593,3,79
416508,416561,416593,32,53
416511,416578,416590,12,67
416511,416582,416590,8,71
416511,416584,416591,7,73
416511,416588,416593,5,77
416511,416590,416593,3,79
416511,416589,416593,4,78
416511,416589,416593,4,78
416511,416588,416594,6,77
416511,416588,416594,6,77
416516,416593,416595,2,77
416516,416593,416596,3,77
416516,416594,416597,3,78
416516,416591,416596,5,75
416516,416592,416596,4,76
416516,416592,416598,6,76
416516,416596,416597,1,80
416511,416588,416596,8,77
416511,416589,416597,8,78
416516,416591,416597,6,75
416516,416594,416598,4,78
416516,416593,416598,5,77
416516,416595,416598,3,79
416516,416595,416598,3,79
416516,416597,416598,1,81
416516,416591,416598,7,75
416516,416596,416598,2,80
416511,416588,416599,11,77
416511,416588,416599,11,77
416516,416597,416599,2,81
416509,416571,416599,28,62
416516,416598,416600,2,82
416509,416567,416600,33,58
416516,416597,416599,2,81
416516,416598,416600,2,82
416511,416585,416600,15,74
416516,416598,416600,2,82
416516,416599,416601,2,83
416508,416551,416602,51,43
416516,416599,416602,3,83
416516,416599,416601,2,83
416516,416600,416603,3,84
416516,416600,416602,2,84
416516,416598,416603,5,82
416516,416600,416603,3,84
416516,416601,416603,2,85
416511,416583,416604,21,72
416516,416599,416604,5,83
416516,416600,416605,5,84
416516,416601,416604,3,85
416511,416585,416605,20,74
416516,416598,416605,7,82
416516,416601,416605,4,85
415575,415576,416605,1029,1
416516,416602,416604,2,86
416516,416602,416605,3,86
416516,416602,416605,3,86
416511,416579,416602,23,68
416509,416564,416604,40,55
416516,416603,416605,2,87
416516,416603,416606,3,87
416516,416591,416606,15,75
416516,416599,416606,7,83
416516,416599,416606,7,83
416516,416604,416607,3,88
416516,416600,416608,8,84
416516,416605,416607,2,89
416516,416605,416608,3,89
416516,416603,416608,5,87
416516,416605,416608,3,89
416511,416584,416605,21,73
416516,416605,416609,4,89
416509,416569,416608,39,60
416516,416606,416609,3,90
416516,416605,416609,4,89
416516,416606,416609,3,90
416516,416605,416610,5,89
416516,416609,416611,2,93
416516,416609,416611,2,93
416516,416610,416611,1,94
416516,416593,416609,16,77
416516,416608,416612,4,92
416516,416608,416611,3,92
416516,416610,416612,2,94
416516,416605,416612,7,89
416516,416609,416613,4,93
416516,416612,416613,1,96
416516,416605,416613,8,89
416516,416611,416613,2,95
416516,416612,416614,2,96
416516,416612,416614,2,96
416516,416608,416613,5,92
416516,416608,416615,7,92
416516,416612,416614,2,96
416516,416598,416615,17,82
416516,416613,416615,2,97
416516,416600,416609,9,84
416516,416609,416617,8,93
416516,416614,416616,2,98
416516,416614,416617,3,98
416516,416614,416616,2,98
416516,416614,416617,3,98
416516,416615,416618,3,99
416516,416593,416619,26,77
416516,416615,416619,4,99
416516,416614,416619,5,98
416516,416607,416619,12,91
416516,416593,416619,26,77
416516,416614,416620,6,98
416516,416616,416619,3,100
416516,416605,416620,15,89
416516,416617,416620,3,101
416516,416617,416621,4,101
416516,416618,416621,3,102
416511,416588,416621,33,77
416516,416617,416621,4,101
416516,416617,416621,4,101
416516,416607,416622,15,91
416516,416613,416622,9,97
416516,416617,416621,4,101
416516,416617,416622,5,101
416516,416619,416621,2,103
416516,416621,416622,1,105
416516,416607,416622,15,91
416516,416620,416623,3,104
416516,416611,416622,11,95
416516,416620,416623,3,104
416516,416619,416623,4,103
416516,416620,416623,3,104
416516,416603,416624,21,87
416516,416605,416623,18,89
416516,416621,416623,2,105
416516,416621,416623,2,105
416516,416616,416624,8,100
416516,416622,416624,2,106
416516,416622,416624,2,106
416516,416622,416625,3,106
416516,416605,416624,19,89
416516,416622,416624,2,106
416516,416623,416625,2,107
416516,416623,416626,3,107
416516,416623,416626,3,107
416516,416622,416626,4,106
416516,416622,416627,5,106
416516,416624,416626,2,108
416516,416622,416626,4,106
416516,416624,416627,3,108
416509,416573,416628,55,64
416516,416624,416628,4,108
416516,416609,416626,17,93
416516,416612,416627,15,96
416516,416620,416628,8,104
416516,416625,416628,3,109
416516,416625,416629,4,109
416516,416594,416629,35,78
416516,416623,416629,6,107
416516,416625,416629,4,109
416516,416623,416629,6,107
416516,416599,416630,31,83
416516,416623,416631,8,107
416516,416624,416631,7,108
416516,416624,416631,7,108
416516,416625,416631,6,109
416516,416625,416632,7,109
416516,416626,416634,8,110
416516,416627,416634,7,111
416516,416629,416635,6,113
416516,416632,416635,3,116
416516,416619,416632,13,103
416516,416606,416636,30,90
416516,416606,416636,30,90
416516,416628,416636,8,112
416516,416626,416637,11,110
416516,416629,416637,8,113
416516,416630,416636,6,114
416516,416628,416638,10,112
416516,416628,416638,10,112
416516,416630,416638,8,114
416516,416635,416638,3,119
416516,416628,416639,11,112
416516,416613,416639,26,97
416516,416635,416639,4,119
416516,416636,416639,3,120
416516,416637,416640,3,121
416516,416635,416640,5,119
416516,416637,416640,3,121
416516,416637,416639,2,121
416516,416639,416640,1,123
416516,416625,416632,7,109
416516,416638,416641,3,122
416516,416637,416640,3,121
416516,416638,416641,3,122
416516,416631,416640,9,115
416516,416640,416642,2,124
416516,416640,416642,2,124
416516,416640,416642,2,124
416516,416627,416642,15,111
416516,416630,416642,12,114
416516,416593,416642,49,77
416516,416640,416642,2,124
416516,416640,416642,2,124
416516,416640,416642,2,124
416516,416641,416643,2,125
416516,416639,416643,4,123
416516,416641,416644,3,125
416516,416642,416644,2,126
416516,416642,416644,2,126
416516,416642,416644,2,126
416516,416641,416644,3,125
416516,416639,416644,5,123
416516,416602,416645,43,86
416516,416620,416645,25,104
416516,416643,416645,2,127
416516,416643,416646,3,127
416516,416643,416645,2,127
416516,416641,416646,5,125
416516,416642,416646,4,126
416516,416631,416642,11,115
416516,416641,416644,3,125
416516,416608,416643,35,92
416516,416636,416644,8,120
416516,416636,416647,11,120
416534,416646,416649,3,112
416534,416646,416648,2,112
416534,416646,416648,2,112
416516,416627,416648,21,111
416534,416646,416650,4,112
416534,416644,416651,7,110
416534,416649,416651,2,115
416534,416649,416651,2,115
416534,416649,416652,3,115
416534,416644,416652,8,110
416534,416645,416653,8,111
416516,416642,416653,11,126
416516,416642,416653,11,126
416534,416649,416653,4,115
416534,416644,416652,8,110
416534,416652,416654,2,118
416534,416650,416654,4,116
416534,416651,416654,3,117
416534,416652,416655,3,118
416534,416652,416655,3,118
416534,416648,416652,4,114
416534,416652,416656,4,118
416534,416646,416656,10,112
416516,416631,416650,19,115
416534,416653,416657,4,119
416516,416639,416657,18,123
416534,416653,416658,5,119
416516,416629,416658,29,113
416534,416654,416658,4,120
416534,416654,416658,4,120
416534,416648,416658,10,114
416534,416655,416659,4,121
416534,416657,416659,2,123
416516,416629,416659,30,113
416534,416654,416659,5,120
416534,416655,416660,5,121
416534,416656,416660,4,122
416534,416653,416660,7,119
416534,416659,416661,2,125
416534,416645,416660,15,111
416534,416653,416661,8,119
416534,416659,416661,2,125
416534,416660,416661,1,126
416534,416657,416661,4,123
416516,416636,416662,26,120
416534,416658,416662,4,124
416534,416659,416662,3,125
416534,416660,416662,2,126
416534,416661,416663,2,127
416534,416653,416663,10,119
416534,416660,416663,3,126
416534,416660,416663,3,126
416516,416628,416663,35,112
416534,416662,416664,2,128
416534,416655,416663,8,121
416534,416658,416664,6,124
416534,416660,416665,5,126
416534,416663,416665,2,129
416534,416662,416665,3,128
416534,416663,416666,3,129
416534,416663,416665,2,129
416516,416631,416651,20,115
416534,416648,416661,13,114
416534,416664,416666,2,130
416534,416664,416666,2,130
416516,416622,416660,38,106
416534,416664,416666,2,130
416516,416629,416664,35,113
416516,416631,416667,36,115
416534,416661,416668,7,127
416534,416662,416668,6,128
416516,416641,416668,27,125
416534,416657,416669,12,123
416534,416664,416669,5,130
416534,416648,416669,21,114
416537,416666,416670,4,129
416537,416666,416670,4,129
416537,416666,416671,5,129
416537,416667,416671,4,130
416537,416666,416671,5,129
416516,416629,416671,42,113
416537,416668,416672,4,131
416534,416648,416665,17,114
416537,416667,416673,6,130
416537,416667,416672,5,130
416537,416665,416674,9,128
416537,416668,416674,6,131
416534,416660,416674,14,126
416534,416646,416674,28,112
416537,416664,416673,9,127
416537,416667,416675,8,130
416537,416668,416676,8,131
416537,416671,416677,6,134
416537,416667,416677,10,130
416534,416661,416678,17,127
416537,416672,416678,6,135
416537,416671,416679,8,134
416537,416672,416679,7,135
416537,416667,416680,13,130
416537,416672,416680,8,135
416537,416673,416681,8,136
416534,416664,416681,17,130
416537,416671,416681,10,134
416537,416673,416680,7,136
416537,416677,416683,6,140
416537,416680,416683,3,143
416537,416679,416682,3,142
416537,416680,416683,3,143
416537,416667,416680,13,130
416537,416681,416683,2,144
416537,416683,416685,2,146
416537,416675,416686,11,138
416537,416679,416686,7,142
416537,416683,416685,2,146
416537,416683,416685,2,146
416537,416684,416686,2,147
416537,416683,416686,3,146
416537,416674,416686,12,137
416537,416676,416686,10,139
416534,416659,416682,23,125
416534,416662,416685,23,128
416537,416683,416686,3,146
416537,416683,416686,3,146
416537,416685,416687,2,148
416537,416670,416680,10,133
416537,416675,416683,8,138
416537,416676,416685,9,139
416537,416685,416687,2,148
416537,416675,416686,11,138
416537,416680,416686,6,143
416537,416669,416688,19,132
416537,416672,416687,15,135
416534,416662,416689,27,128
416537,416686,416688,2,149
416537,416686,416688,2,149
416537,416686,416688,2,149
416537,416686,416689,3,149
416537,416687,416689,2,150
416537,416687,416689,2,150
416537,416675,416684,9,138
416537,416669,416690,21,132
416537,416687,416689,2,150
415625,415625,416691,1066,0
416539,416687,416691,4,148
416539,416689,416691,2,150
416539,416689,416691,2,150
416539,416689,416691,2,150
416539,416689,416693,4,150
416537,416686,416693,7,149
416537,416686,416693,7,149
416539,416690,416694,4,151
416537,416687,416693,6,150
416537,416687,416694,7,150
416539,416690,416694,4,151
416539,416690,416695,5,151
416539,416692,416695,3,153
416539,416692,416695,3,153
416539,416691,416696,5,152
416539,416692,416696,4,153
416539,416694,416697,3,155
416539,416694,416698,4,155
416539,416687,416699,12,148
416539,416689,416699,10,150
416537,416669,416692,23,132
416539,416695,416700,5,156
416539,416695,416700,5,156
416539,416688,416700,12,149
416534,416658,416695,37,124
416539,416695,416701,6,156
416537,416686,416700,14,149
416537,416678,416696,18,141
416539,416694,416701,7,155
416539,416687,416702,15,148
416539,416698,416701,3,159
416539,416698,416702,4,159
416539,416694,416702,8,155
416539,416700,416703,3,161
416539,416696,416703,7,157
416539,416700,416703,3,161
416539,416697,416703,6,158
416539,416701,416703,2,162
416539,416697,416704,7,158
416537,416687,416704,17,150
416539,416703,416705,2,164
416539,416703,416705,2,164
416539,416704,416706,2,165
416539,416703,416706,3,164
416539,416699,416705,6,160
416539,416699,416705,6,160
416539,416702,416706,4,163
416539,416704,416706,2,165
416539,416704,416706,2,165
416539,416701,416706,5,162
416539,416703,416706,3,164
416539,416704,416707,3,165
416539,416704,416707,3,165
416539,416706,416708,2,167
416539,416707,416708,1,168
416539,416706,416708,2,167
416539,416706,416708,2,167
416539,416706,416709,3,167
416539,416707,416709,2,168
416539,416702,416707,5,163
416539,416707,416709,2,168
416539,416707,416710,3,168
416539,416709,416711,2,170
416539,416687,416706,19,148
416539,416702,416706,4,163
416539,416705,416707,2,166
416537,416673,416707,34,136
416539,416701,416710,9,162
416539,416707,416711,4,168
416539,416707,416713,6,168
416539,416695,416713,18,156
416559,416709,416713,4,150
416559,416710,416713,3,151
416559,416710,416714,4,151
416559,416712,416714,2,153
416559,416709,416714,5,150
416559,416709,416714,5,150
416539,416690,416716,26,151
416559,416714,416717,3,155
416537,416682,416717,35,145
416559,416709,416716,7,150
416559,416714,416717,3,155
416537,416684,416718,34,147
416539,416700,416717,17,161
416559,416713,416718,5,154
416559,416715,416718,3,156
416559,416715,416718,3,156
416559,416715,416718,3,156
416559,416715,416719,4,156
416559,416709,416719,10,150
416559,416712,416719,7,153
416559,416717,416719,2,158
416559,416716,416721,5,157
416537,416686,416721,35,149
416539,416690,416722,32,151
416559,416717,416722,5,158
416559,416720,416722,2,161
416559,416718,416723,5,159
416559,416717,416723,6,158
416559,416717,416722,5,158
416559,416719,416723,4,160
416559,416718,416723,5,159
416559,416719,416724,5,160
416559,416719,416725,6,160
416559,416723,416725,2,164
416559,416719,416725,6,160
416559,416723,416725,2,164
416559,416723,416726,3,164
416559,416712,416726,14,153
416559,416712,416726,14,153
416559,416724,416726,2,165
416559,416719,416727,8,160
416559,416725,416728,3,166
416559,416725,416727,2,166
416559,416725,416728,3,166
416559,416718,416728,10,159
416559,416719,416728,9,160
416559,416726,416728,2,167
416559,416726,416729,3,167
416559,416728,416730,2,169
416559,416728,416730,2,169
416559,416728,416730,2,169
416559,416729,416731,2,170
416559,416725,416731,6,166
416559,416727,416731,4,168
416539,416695,416730,35,156
416559,416730,416732,2,171
416559,416729,416732,3,170
416559,416727,416732,5,168
416559,416729,416733,4,170
416559,416730,416733,3,171
416559,416731,416733,2,172
416559,416731,416733,2,172
416559,416729,416733,4,170
416559,416731,416734,3,172
416539,416701,416736,35,162
416559,416731,416735,4,172
416561,416734,416737,3,173
416559,416724,416733,9,165
416559,416723,416736,13,164
416559,416723,416737,14,164
416561,416734,416737,3,173
416561,416734,416737,3,173
416561,416732,416738,6,171
416561,416733,416738,5,172
416559,416721,416738,17,162
416561,416738,416739,1,177
416561,416734,416739,5,173
416561,416737,416739,2,176
416559,416722,416739,17,163
416561,416736,416739,3,175
416561,416737,416740,3,176
416561,416733,416741,8,172
416561,416738,416741,3,177
416561,416738,416740,2,177
416559,416713,416736,23,154
416561,416737,416742,5,176
416561,416737,416742,5,176
416561,416740,416742,2,179
416561,416740,416743,3,179
416561,416740,416743,3,179
416561,416741,416743,2,180
416559,416726,416743,17,167
416561,416742,416744,2,181
416561,416742,416744,2,181
416559,416712,416740,28,153
416561,416740,416745,5,179
416561,416740,416745,5,179
416561,416739,416744,5,178
416539,416741,416746,5,202
416539,416741,416745,4,202
416539,416741,416746,5,202
416561,416733,416747,14,172
416561,416743,416746,3,182
416561,416736,416747,11,175
416561,416744,416748,4,183
416561,416744,416747,3,183
416561,416744,416748,4,183
416561,416745,416749,4,184
416561,416745,416748,3,184
416561,416733,416748,15,172
416561,416746,416749,3,185
416561,416746,416750,4,185
416561,416749,416751,2,188
416561,416748,416751,3,187
416561,416747,416750,3,186
416561,416740,416746,6,179
416561,416742,416748,6,181
416561,416746,416751,5,185
416561,416747,416751,4,186
416561,416749,416751,2,188
416561,416746,416751,5,185
416561,416747,416752,5,186
416561,416742,416747,5,181
416561,416748,416751,3,187
416561,416749,416752,3,188
416559,416721,416752,31,162
416561,416750,416752,2,189
416559,416712,416748,36,153
416559,416712,416748,36,153
416561,416745,416748,3,184
416561,416747,416753,6,186
416561,416751,416753,2,190
416561,416751,416753,2,190
416561,416749,416753,4,188
416561,416751,416753,2,190
416561,416752,416754,2,191
416561,416752,416755,3,191
416561,416752,416755,3,191
416561,416751,416755,4,190
416561,416751,416756,5,190
416561,416752,416756,4,191
416561,416752,416756,4,191
416561,416752,416758,6,191
416613,416754,416757,3,141
416613,416753,416758,5,140
416613,416754,416758,4,141
416613,416755,416758,3,142
416561,416752,416758,6,191
416613,416754,416759,5,141
416613,416754,416759,5,141
416613,416755,416760,5,142
416613,416754,416760,6,141
416613,416755,416761,6,142
416613,416754,416762,8,141
416613,416754,416762,8,141
416613,416757,416761,4,144
416613,416759,416762,3,146
416613,416757,416763,6,144
416613,416758,416763,5,145
416613,416758,416762,4,145
416613,416758,416763,5,145
416561,416737,416763,26,176
416613,416760,416764,4,147
416613,416760,416763,3,147
416539,416689,416764,75,150
416613,416757,416765,8,144
416613,416760,416764,4,147
416613,416761,416765,4,148
416561,416746,416766,20,185
416613,416764,416767,3,151
416613,416763,416767,4,150
416561,416751,416766,15,190
416613,416763,416766,3,150
416613,416764,416768,4,151
416613,416759,416767,8,146
416613,416765,416768,3,152
416613,416765,416768,3,152
416613,416762,416769,7,149
416613,416767,416769,2,154
416613,416761,416769,8,148
416613,416765,416769,4,152
416613,416767,416770,3,154
416613,416768,416770,2,155
416613,416768,416771,3,155
416613,416769,416771,2,156
416613,416769,416771,2,156
416559,416726,416771,45,167
416613,416768,416771,3,155
416613,416759,416765,6,146
416613,416762,416767,5,149
416613,416769,416771,2,156
416613,416763,416772,9,150
416613,416771,416773,2,158
416613,416768,416773,5,155
416613,416769,416773,4,156
416613,416770,416773,3,157
416613,416771,416773,2,158
416613,416770,416773,3,157
416613,416771,416774,3,158
416613,416771,416774,3,158
416613,416771,416773,2,158
416561,416752,416772,20,191
416613,416772,416774,2,159
416613,416756,416771,15,143
416613,416767,416771,4,154
416561,416742,416772,30,181
416613,416773,416775,2,160
416613,416763,416775,12,150
416613,416765,416775,10,152
416613,416754,416776,22,141
416613,416764,416777,13,151
416613,416773,416777,4,160
416613,416774,416777,3,161
416613,416762,416772,10,149
416613,416762,416777,15,149
416613,416773,416777,4,160
416703,416774,416778,4,71
416703,416774,416778,4,71
416703,416774,416779,5,71
416613,416773,416779,6,160
416703,416775,416780,5,72
416703,416774,416780,6,71
416703,416775,416784,9,72
416703,416780,416784,4,77
416703,416779,416788,9,76
416613,416766,416789,23,153
416703,416778,416789,11,75
416703,416781,416790,9,78
416703,416778,416791,13,75
416703,416779,416791,12,76
416703,416784,416791,7,81
416613,416772,416780,8,159
416703,416778,416792,14,75
416703,416775,416793,18,72
416703,416785,416794,9,82
416703,416791,416794,3,88
416703,416791,416796,5,88
416703,416795,416797,2,92
416703,416775,416795,20,72
416703,416794,416797,3,91
416703,416788,416797,9,85
416703,416793,416797,4,90
416703,416775,416799,24,72
416703,416789,416798,9,86
416703,416796,416799,3,93
416703,416797,416799,2,94
416703,416791,416799,8,88
416561,416744,416778,34,183
416613,416771,416775,4,158
416703,416797,416800,3,94
416703,416798,416800,2,95
416703,416798,416800,2,95
416703,416778,416801,23,75
416703,416790,416800,10,87
416703,416800,416801,1,97
416703,416797,416802,5,94
416703,416778,416801,23,75
416703,416799,416802,3,96
416703,416801,416803,2,98
416703,416776,416802,26,73
416703,416777,416802,25,74
416703,416799,416802,3,96
416703,416800,416803,3,97
416703,416802,416804,2,99
416703,416801,416803,2,98
416703,416777,416803,26,74
416703,416800,416804,4,97
416703,416803,416806,3,100
416703,416803,416805,2,100
416703,416802,416806,4,99
416703,416803,416805,2,100
416703,416801,416806,5,98
416703,416801,416806,5,98
416703,416802,416806,4,99
416703,416804,416806,2,101
416703,416804,416806,2,101
416703,416800,416806,6,97
416703,416804,416807,3,101
416703,416799,416808,9,96
416703,416800,416810,10,97
416703,416800,416814,14,97
416703,416789,416811,22,86
416613,416772,416801,29,159
416703,416778,416811,33,75
416703,416775,416821,46,72
416703,416793,416821,28,90
416703,416804,416821,17,101
416703,416805,416821,16,102
415773,415773,416830,1057,0
416703,416777,416809,32,74
416703,416799,416822,23,96
416703,416832,416842,10,129
416703,416832,416849,17,129
415824,415824,416917,1093,0
401698,401699,417021,15322,1
415558,415558,417088,1530,0
415563,415563,417091,1528,0
417089,417090,417093,3,1
417089,417090,417093,3,1
417089,417090,417094,4,1
417089,417089,417094,5,0
417089,417090,417094,4,1
417089,417089,417094,5,0
417089,417089,417095,6,0
417089,417090,417096,6,1
417089,417090,417096,6,1
417089,417090,417096,6,1
417089,417089,417096,7,0
417089,417090,417096,6,1
417089,417090,417096,6,1
417089,417089,417097,8,0
417089,417089,417097,8,0
417089,417090,417097,7,1
417089,417089,417097,8,0
417089,417096,417098,2,7
417089,417094,417098,4,5
417089,417094,417098,4,5
417089,417090,417099,9,1
417089,417090,417099,9,1
417089,417090,417099,9,1
417089,417095,417099,4,6
417089,417095,417099,4,6
417089,417095,417099,4,6
417089,417095,417099,4,6
417089,417090,417101,11,1
417089,417092,417100,8,3
417089,417097,417100,3,8
417089,417098,417100,2,9
417089,417099,417100,1,10
417089,417098,417101,3,9
417089,417098,417101,3,9
416059,416059,417101,1042,0
417089,417099,417102,3,10
417089,417099,417103,4,10
417089,417101,417103,2,12
417089,417101,417103,2,12
417089,417101,417103,2,12
417089,417097,417104,7,8
417089,417097,417104,7,8
417089,417098,417104,6,9
417089,417102,417104,2,13
415579,415579,417104,1525,0
417089,417100,417105,5,11
417089,417100,417104,4,11
417089,417100,417104,4,11
417089,417100,417104,4,11
417089,417097,417105,8,8
417089,417097,417105,8,8
417089,417102,417105,3,13
417089,417097,417106,9,8
417089,417104,417106,2,15
417089,417104,417106,2,15
417089,417104,417107,3,15
417089,417103,417107,4,14
417089,417103,417108,5,14
417089,417105,417108,3,16
417092,417107,417108,1,15
415897,415897,417109,1212,0
417092,417106,417109,3,14
417092,417107,417109,2,15
417089,417105,417111,6,16
417092,417108,417111,3,16
417089,417090,417103,13,1
417089,417100,417107,7,11
417089,417105,417111,6,16
417092,417109,417111,2,17
417092,417108,417111,3,16
417092,417108,417112,4,16
417092,417109,417112,3,17
417089,417105,417112,7,16
417092,417110,417112,2,18
417089,417105,417112,7,16
417092,417111,417113,2,19
417092,417110,417114,4,18
417089,417101,417115,14,12
417092,417112,417115,3,20
417092,417107,417115,8,15
417092,417111,417116,5,19
417092,417113,417116,3,21
417092,417113,417116,3,21
417092,417112,417117,5,20
417092,417112,417116,4,20
417089,417101,417117,16,12
417092,417114,417118,4,22
417092,417112,417118,6,20
417092,417114,417118,4,22
417092,417115,417118,3,23
417089,417100,417115,15,11
417092,417114,417120,6,22
417092,417117,417121,4,25
417092,417113,417120,7,21
417092,417105,417120,15,13
417092,417119,417121,2,27
417092,417105,417120,15,13
417089,417090,417121,31,1
417092,417106,417121,15,14
417092,417117,417121,4,25
417089,417090,417122,32,1
417089,417090,417122,32,1
417092,417119,417122,3,27
417092,417119,417122,3,27
417092,417121,417123,2,29
417092,417111,417116,5,19
417092,417116,417123,7,24
417092,417119,417123,4,27
417092,417105,417123,18,13
417092,417117,417124,7,25
417092,417121,417124,3,29
417092,417106,417124,18,14
417092,417117,417125,8,25
417092,417120,417124,4,28
417092,417117,417125,8,25
417092,417121,417125,4,29
417092,417122,417124,2,30
417092,417123,417125,2,31
417092,417121,417125,4,29
417092,417123,417125,2,31
417092,417111,417126,15,19
417092,417123,417126,3,31
417092,417122,417126,4,30
417092,417125,417127,2,33
417092,417118,417129,11,26
417092,417124,417128,4,32
417092,417125,417129,4,33
417092,417125,417129,4,33
417105,417126,417129,3,21
417092,417121,417130,9,29
417092,417124,417130,6,32
417092,417125,417131,6,33
417105,417127,417130,3,22
417092,417123,417127,4,31
417092,417122,417131,9,30
417092,417125,417130,5,33
417092,417125,417130,5,33
417105,417127,417132,5,22
417092,417121,417132,11,29
417092,417124,417129,5,32
417092,417124,417132,8,32
417092,417125,417132,7,33
417089,417100,417128,28,11
415580,415581,417131,1550,1
417105,417126,417133,7,21
417105,417131,417137,6,26
417105,417127,417137,10,22
417092,417122,417136,14,30
417105,417129,417137,8,24
417105,417132,417137,5,27
417105,417129,417138,9,24
417092,417115,417138,23,23
417105,417131,417139,8,26
417105,417129,417139,10,24
417105,417137,417140,3,32
417105,417137,417140,3,32
417105,417137,417141,4,32
417105,417130,417141,11,25
417105,417137,417141,4,32
417092,417123,417136,13,31
417105,417140,417143,3,35
417105,417141,417143,2,36
417105,417139,417144,5,34
417105,417133,417143,10,28
417105,417129,417144,15,24
417105,417142,417144,2,37
417105,417137,417144,7,32
417105,417138,417145,7,33
417105,417133,417145,12,28
417105,417140,417146,6,35
417105,417144,417146,2,39
417105,417145,417146,1,40
417105,417144,417147,3,39
417105,417132,417146,14,27
417105,417141,417147,6,36
417105,417129,417147,18,24
417105,417144,417147,3,39
417105,417144,417147,3,39
417105,417144,417148,4,39
417105,417147,417148,1,42
417105,417139,417149,10,34
417105,417145,417149,4,40
417105,417147,417149,2,42
417105,417147,417150,3,42
417105,417132,417150,18,27
417105,417146,417150,4,41
417105,417149,417151,2,44
417105,417130,417150,20,25
417105,417148,417150,2,43
417105,417150,417152,2,45
417105,417148,417152,4,43
417105,417148,417152,4,43
417105,417147,417151,4,42
417105,417147,417152,5,42
417105,417134,417152,18,29
417105,417142,417147,5,37
417105,417150,417152,2,45
417105,417134,417153,19,29
417105,417149,417153,4,44
417105,417151,417153,2,46
417105,417150,417154,4,45
417105,417126,417154,28,21
417147,417152,417154,2,5
417105,417151,417155,4,46
417105,417145,417156,11,40
417105,417150,417156,6,45
417105,417134,417155,21,29
417147,417153,417158,5,6
417147,417155,417159,4,8
417105,417146,417159,13,41
417105,417134,417159,25,29
417147,417154,417159,5,7
417147,417152,417159,7,5
417105,417151,417161,10,46
417105,417132,417141,9,27
417105,417133,417141,8,28
417105,417141,417149,8,36
417147,417158,417162,4,11
417147,417152,417162,10,5
417147,417155,417162,7,8
417147,417153,417162,9,6
417147,417153,417163,10,6
417147,417152,417163,11,5
415940,415941,417163,1222,1
417147,417154,417163,9,7
417147,417155,417163,8,8
417147,417159,417164,5,12
417147,417160,417164,4,13
417147,417157,417165,8,10
417105,417149,417165,16,44
417147,417164,417166,2,17
417147,417152,417165,13,5
417147,417162,417165,3,15
417147,417165,417167,2,18
417105,417134,417167,33,29
417147,417166,417168,2,19
417147,417156,417168,12,9
417147,417166,417168,2,19
417147,417167,417169,2,20
417147,417165,417170,5,18
416125,416125,417170,1045,0
417147,417164,417170,6,17
417147,417163,417171,8,16
417147,417164,417170,6,17
417147,417169,417171,2,22
417147,417169,417171,2,22
417147,417163,417171,8,16
417147,417168,417171,3,21
417147,417162,417170,8,15
417147,417161,417171,10,14
417147,417160,417172,12,13
417147,417164,417171,7,17
417147,417165,417171,6,18
417147,417169,417173,4,22
417147,417171,417173,2,24
417147,417163,417173,10,16
417147,417171,417173,2,24
417147,417171,417174,3,24
417147,417171,417175,4,24
417147,417173,417175,2,26
417147,417166,417175,9,19
417147,417156,417175,19,9
417147,417171,417175,4,24
417147,417154,417175,21,7
417147,417161,417176,15,14
417147,417156,417176,20,9
417147,417159,417176,17,12
417147,417171,417176,5,24
417147,417174,417176,2,27
417147,417170,417177,7,23
417147,417174,417177,3,27
417147,417173,417178,5,26
417147,417172,417178,6,25
417147,417175,417177,2,28
417147,417171,417178,7,24
417147,417168,417179,11,21
417147,417171,417179,8,24
417147,417172,417179,7,25
417147,417175,417179,4,28
417147,417162,417184,22,15
417147,417172,417187,15,25
417147,417175,417187,12,28
417147,417162,417193,31,15
415976,415976,417196,1220,0
417147,417162,417195,33,15
417147,417174,417201,27,27
416014,416014,417207,1193,0
416158,416158,417217,1059,0
417147,417172,417221,49,25
416202,416202,417426,1224,0
416499,416515,417453,938,16
417455,417455,417459,4,0
417455,417455,417459,4,0
417455,417455,417458,3,0
417455,417455,417460,5,0
417455,417455,417462,7,0
417455,417459,417462,3,4
417455,417459,417461,2,4
417455,417455,417463,8,0
417455,417459,417463,4,4
417455,417460,417463,3,5
417455,417455,417464,9,0
417455,417462,417465,3,7
417455,417462,417465,3,7
417455,417464,417467,3,9
417455,417463,417467,4,8
417455,417455,417467,12,0
417455,417455,417468,13,0
417455,417465,417468,3,10
417455,417466,417468,2,11
417455,417455,417469,14,0
417455,417455,417468,13,0
417455,417462,417469,7,7
417455,417455,417469,14,0
417455,417455,417470,15,0
417455,417455,417469,14,0
417455,417455,417470,15,0
417455,417465,417469,4,10
417455,417455,417469,14,0
417455,417467,417470,3,12
417455,417468,417470,2,13
417455,417468,417470,2,13
417455,417467,417470,3,12
417455,417455,417472,17,0
416504,416532,417472,940,28
417455,417469,417472,3,14
417455,417470,417472,2,15
417455,417470,417472,2,15
417455,417455,417473,18,0
417455,417468,417473,5,13
417455,417455,417472,17,0
417455,417455,417473,18,0
417455,417469,417473,4,14
417455,417463,417471,8,8
417455,417470,417473,3,15
417455,417470,417474,4,15
417455,417455,417474,19,0
417455,417471,417474,3,16
417455,417470,417475,5,15
417455,417470,417475,5,15
417455,417472,417475,3,17
417455,417473,417475,2,18
417455,417473,417475,2,18
417455,417469,417477,8,14
417455,417474,417477,3,19
417455,417470,417476,6,15
417455,417472,417477,5,17
417455,417473,417477,4,18
417455,417470,417477,7,15
417455,417474,417478,4,19
417473,417475,417478,3,2
417455,417473,417478,5,18
417473,417476,417478,2,3
417455,417472,417479,7,17
417455,417469,417479,10,14
417473,417476,417480,4,3
417455,417474,417480,6,19
417455,417468,417480,12,13
417455,417473,417480,7,18
417455,417473,417480,7,18
417455,417455,417481,26,0
417473,417478,417482,4,5
417473,417475,417482,7,2
417473,417477,417483,6,4
417473,417477,417483,6,4
417455,417468,417475,7,13
417455,417468,417482,14,13
417473,417475,417484,9,2
417473,417478,417485,7,5
417473,417474,417485,11,1
417473,417482,417485,3,9
417473,417478,417485,7,5
417473,417484,417486,2,11
416506,416546,417486,940,40
417473,417480,417486,6,7
417473,417479,417487,8,6
417473,417486,417488,2,13
417473,417487,417489,2,14
417473,417483,417489,6,10
417473,417477,417489,12,4
417473,417477,417489,12,4
417473,417478,417489,11,5
417473,417487,417489,2,14
417473,417487,417489,2,14
417473,417484,417490,6,11
417473,417477,417490,13,4
417473,417486,417490,4,13
417473,417489,417491,2,16
417473,417488,417490,2,15
417473,417483,417491,8,10
417473,417489,417491,2,16
417473,417490,417492,2,17
417473,417485,417491,6,12
417473,417486,417492,6,13
417473,417490,417492,2,17
417473,417491,417493,2,18
417473,417491,417493,2,18
417473,417480,417493,13,7
417473,417490,417493,3,17
417473,417490,417493,3,17
417473,417490,417493,3,17
417473,417489,417494,5,16
417473,417490,417494,4,17
417455,417468,417484,16,13
417473,417493,417495,2,20
417473,417492,417494,2,19
417473,417492,417494,2,19
417473,417493,417495,2,20
417455,417473,417495,22,18
417473,417493,417495,2,20
417473,417492,417496,4,19
417473,417491,417497,6,18
417473,417491,417497,6,18
417473,417494,417497,3,21
417473,417495,417497,2,22
417473,417495,417497,2,22
417473,417495,417497,2,22
417473,417494,417498,4,21
417473,417494,417498,4,21
417473,417492,417499,7,19
417473,417492,417499,7,19
417473,417495,417499,4,22
417473,417495,417499,4,22
417473,417481,417499,18,8
417488,417496,417500,4,8
417473,417494,417500,6,21
417488,417498,417500,2,10
417473,417479,417501,22,6
417473,417481,417502,21,8
417473,417481,417498,17,8
417488,417498,417503,5,10
417488,417498,417503,5,10
417488,417500,417505,5,12
417488,417498,417506,8,10
417473,417479,417505,26,6
417488,417497,417506,9,9
417488,417498,417507,9,10
417488,417498,417507,9,10
417488,417499,417507,8,11
417488,417505,417508,3,17
417488,417503,417508,5,15
417488,417499,417509,10,11
417488,417501,417509,8,13
417488,417507,417510,3,19
417488,417508,417510,2,20
417488,417508,417511,3,20
417488,417500,417511,11,12
417488,417507,417512,5,19
417488,417504,417512,8,16
417488,417510,417512,2,22
417488,417511,417512,1,23
417488,417508,417513,5,20
417473,417480,417508,28,7
417488,417506,417511,5,18
417488,417511,417513,2,23
417488,417512,417514,2,24
417488,417496,417514,18,8
417488,417512,417514,2,24
417488,417513,417514,1,25
417488,417510,417515,5,22
417488,417512,417516,4,24
417488,417506,417515,9,18
417488,417514,417516,2,26
417488,417515,417516,1,27
417488,417515,417517,2,27
417488,417500,417516,16,12
417488,417500,417516,16,12
417488,417501,417516,15,13
417488,417500,417516,16,12
417488,417508,417516,8,20
417488,417512,417516,4,24
417488,417513,417517,4,25
417488,417514,417516,2,26
417488,417500,417517,17,12
417488,417516,417518,2,28
417488,417517,417519,2,29
417488,417517,417519,2,29
417488,417516,417520,4,28
417488,417515,417519,4,27
417488,417517,417519,2,29
417488,417516,417521,5,28
417488,417518,417520,2,30
417488,417513,417517,4,25
417488,417512,417521,9,24
417488,417517,417521,4,29
417488,417517,417522,5,29
417488,417517,417521,4,29
417488,417519,417521,2,31
417488,417517,417522,5,29
417488,417517,417522,5,29
417488,417502,417522,20,14
417488,417518,417522,4,30
417473,417484,417508,24,11
417473,417484,417509,25,11
417473,417495,417519,24,22
417488,417519,417523,4,31
417488,417517,417524,7,29
417488,417517,417526,9,29
417488,417520,417527,7,32
417488,417513,417522,9,25
417488,417503,417527,24,15
417488,417514,417528,14,26
417488,417503,417533,30,15
416510,416577,417533,956,67
416515,416590,417548,958,75
417554,417554,417557,3,0
417554,417554,417558,4,0
417554,417554,417558,4,0
417554,417554,417559,5,0
417554,417554,417559,5,0
417554,417554,417558,4,0
417554,417557,417559,2,3
417554,417558,417560,2,4
417554,417558,417560,2,4
417554,417559,417562,3,5
417554,417559,417562,3,5
417554,417559,417562,3,5
417554,417560,417562,2,6
417554,417561,417563,2,7
417554,417560,417563,3,6
417554,417554,417564,10,0
417554,417562,417565,3,8
417554,417562,417564,2,8
417554,417563,417565,2,9
417554,417562,417564,2,8
417554,417562,417565,3,8
417554,417563,417565,2,9
417554,417554,417565,11,0
417554,417565,417567,2,11
417554,417565,417567,2,11
417554,417565,417567,2,11
417554,417554,417561,7,0
417554,417554,417568,14,0
417554,417565,417568,3,11
417554,417554,417568,14,0
417554,417565,417567,2,11
417554,417565,417568,3,11
417554,417554,417568,14,0
417554,417564,417569,5,10
417554,417567,417569,2,13
417554,417568,417569,1,14
417554,417568,417569,1,14
417554,417554,417570,16,0
417554,417554,417570,16,0
417554,417568,417571,3,14
417554,417568,417571,3,14
417554,417569,417571,2,15
417554,417569,417571,2,15
417554,417570,417572,2,16
417554,417570,417572,2,16
417554,417566,417574,8,12
417554,417571,417574,3,17
417554,417572,417574,2,18
417554,417572,417574,2,18
417554,417572,417574,2,18
417554,417572,417574,2,18
417554,417570,417575,5,16
417554,417568,417575,7,14
417554,417569,417575,6,15
417554,417571,417576,5,17
417554,417554,417576,22,0
417554,417569,417575,6,15
417554,417554,417578,24,0
417554,417554,417578,24,0
417554,417554,417579,25,0
417554,417554,417579,25,0
417554,417554,417579,25,0
417554,417554,417579,25,0
417554,417568,417579,11,14
417578,417578,417581,3,0
417578,417578,417582,4,0
417578,417578,417582,4,0
417578,417578,417582,4,0
417578,417578,417583,5,0
417554,417554,417583,29,0
417554,417554,417584,30,0
417578,417583,417585,2,5
417578,417584,417586,2,6
417578,417583,417586,3,5
417578,417579,417587,8,1
417578,417586,417587,1,8
417578,417584,417587,3,6
417578,417578,417589,11,0
417578,417585,417589,4,7
417554,417554,417590,36,0
417578,417578,417590,12,0
417578,417587,417590,3,9
417578,417587,417590,3,9
417578,417582,417590,8,4
417578,417588,417590,2,10
417578,417579,417591,12,1
417578,417583,417591,8,5
417578,417578,417592,14,0
417578,417591,417593,2,13
417578,417591,417593,2,13
416523,416644,417593,949,121
417578,417591,417593,2,13
417578,417588,417594,6,10
417578,417590,417594,4,12
417578,417591,417594,3,13
417578,417592,417594,2,14
417578,417593,417594,1,15
417554,417554,417575,21,0
417578,417579,417589,10,1
417578,417579,417591,12,1
417578,417578,417596,18,0
417578,417590,417597,7,12
417578,417591,417596,5,13
417578,417594,417596,2,16
417578,417594,417596,2,16
417578,417594,417596,2,16
417578,417587,417596,9,9
417578,417578,417597,19,0
417578,417595,417598,3,17
417578,417595,417597,2,17
417578,417595,417597,2,17
417578,417590,417597,7,12
417578,417594,417598,4,16
417578,417578,417598,20,0
417578,417593,417598,5,15
417578,417592,417599,7,14
417578,417595,417599,4,17
417578,417597,417599,2,19
417578,417597,417600,3,19
417578,417597,417599,2,19
417578,417595,417600,5,17
417554,417554,417600,46,0
417578,417580,417600,20,2
417578,417598,417601,3,20
417578,417598,417601,3,20
417578,417598,417600,2,20
417554,417595,417600,5,41
417578,417597,417601,4,19
417578,417578,417601,23,0
417578,417598,417602,4,20
417578,417597,417603,6,19
417595,417600,417602,2,5
417578,417578,417603,25,0
417578,417597,417603,6,19
417578,417599,417603,4,21
417595,417600,417603,3,5
417595,417600,417603,3,5
417578,417579,417604,25,1
417578,417599,417606,7,21
417595,417600,417605,5,5
417578,417598,417607,9,20
417595,417604,417608,4,9
417595,417601,417608,7,6
417595,417601,417609,8,6
417595,417600,417609,9,5
417578,417598,417608,10,20
417595,417601,417610,9,6
417595,417605,417610,5,10
417578,417596,417601,5,18
417578,417596,417608,12,18
417578,417597,417603,6,19
417595,417603,417611,8,8
417595,417609,417612,3,14
417595,417610,417612,2,15
417595,417601,417613,12,6
417595,417610,417613,3,15
417595,417610,417613,3,15
417595,417610,417612,2,15
417595,417602,417613,11,7
417595,417602,417613,11,7
417595,417612,417614,2,17
417595,417603,417614,11,8
417595,417604,417614,10,9
417595,417606,417615,9,11
417595,417609,417614,5,14
417595,417613,417615,2,18
417595,417613,417615,2,18
417595,417614,417616,2,19
417595,417613,417616,3,18
417595,417613,417615,2,18
417595,417613,417616,3,18
417595,417606,417616,10,11
417595,417604,417617,13,9
417595,417613,417618,5,18
417595,417614,417618,4,19
417595,417616,417618,2,21
417595,417605,417619,14,10
417595,417616,417618,2,21
417595,417616,417619,3,21
417595,417616,417619,3,21
417595,417616,417619,3,21
417595,417616,417619,3,21
417595,417600,417613,13,5
417595,417615,417619,4,20
417595,417615,417620,5,20
417595,417617,417621,4,22
417595,417619,417621,2,24
417595,417614,417621,7,19
417595,417615,417621,6,20
417595,417619,417622,3,24
417595,417619,417622,3,24
417595,417620,417622,2,25
417595,417620,417622,2,25
417595,417600,417623,23,5
417595,417615,417623,8,20
417595,417619,417623,4,24
417595,417618,417623,5,23
417595,417620,417623,3,25
417595,417619,417623,4,24
417595,417620,417624,4,25
417595,417620,417624,4,25
417595,417604,417624,20,9
417595,417620,417624,4,25
417595,417618,417625,7,23
417595,417603,417626,23,8
416517,416643,417626,983,126
417595,417610,417626,16,15
416525,416644,417626,982,119
417595,417609,417626,17,14
417595,417621,417627,6,26
417595,417607,417628,21,12
417595,417610,417629,19,15
417595,417610,417629,19,15
417650,417651,417654,3,1
417650,417651,417654,3,1
417650,417651,417655,4,1
417650,417651,417655,4,1
417650,417651,417655,4,1
417650,417651,417655,4,1
417650,417651,417655,4,1
417650,417655,417657,2,5
417650,417655,417657,2,5
417650,417651,417658,7,1
417650,417656,417659,3,6
417650,417656,417659,3,6
417650,417656,417658,2,6
417650,417656,417659,3,6
417650,417656,417659,3,6
417650,417658,417660,2,8
417650,417658,417660,2,8
417650,417659,417661,2,9
417650,417651,417661,10,1
417650,417659,417662,3,9
417650,417659,417661,2,9
417650,417659,417661,2,9
417650,417651,417662,11,1
417650,417660,417662,2,10
417650,417651,417664,13,1
417650,417661,417663,2,11
417650,417661,417663,2,11
417650,417661,417663,2,11
417650,417651,417664,13,1
417650,417659,417664,5,9
417650,417662,417664,2,12
417650,417662,417664,2,12
417650,417662,417664,2,12
417650,417651,417665,14,1
417650,417663,417665,2,13
417650,417664,417666,2,14
417650,417651,417666,15,1
417650,417664,417666,2,14
417650,417664,417666,2,14
417650,417663,417668,5,13
417650,417665,417668,3,15
417650,417665,417667,2,15
417650,417665,417667,2,15
417650,417666,417668,2,16
417650,417651,417668,17,1
417650,417651,417669,18,1
417650,417662,417668,6,12
417650,417666,417669,3,16
417650,417665,417669,4,15
417650,417651,417669,18,1
417650,417664,417669,5,14
417650,417651,417670,19,1
417650,417667,417669,2,17
417650,417667,417670,3,17
417650,417668,417670,2,18
417650,417667,417671,4,17
417650,417668,417671,3,18
417650,417668,417670,2,18
417650,417668,417671,3,18
417650,417668,417672,4,18
417650,417666,417672,6,16
417651,417669,417673,4,18
417650,417651,417675,24,1
417650,417651,417674,23,1
417650,417651,417674,23,1
417651,417669,417676,7,18
417651,417670,417676,6,19
417651,417669,417677,8,18
417651,417670,417679,9,19
417650,417651,417678,27,1
417650,417665,417678,13,15
417651,417670,417679,9,19
417651,417671,417679,8,20
417651,417670,417679,9,19
417651,417670,417679,9,19
417651,417670,417680,10,19
417651,417671,417680,9,20
417651,417671,417680,9,20
417650,417651,417680,29,1
417651,417677,417680,3,26
417651,417670,417681,11,19
417651,417679,417682,3,28
417651,417673,417682,9,22
417651,417679,417681,2,28
417651,417680,417682,2,29
417651,417671,417682,11,20
416540,416709,417683,974,169
417651,417679,417682,3,28
417651,417680,417682,2,29
417651,417681,417683,2,30
417651,417677,417684,7,26
417651,417680,417684,4,29
417651,417680,417683,3,29
417651,417678,417683,5,27
417651,417669,417678,9,18
417651,417675,417684,9,24
417651,417682,417684,2,31
417651,417683,417684,1,32
417651,417679,417685,6,28
417651,417681,417684,3,30
417651,417682,417685,3,31
417651,417682,417685,3,31
417651,417683,417686,3,32
417651,417683,417685,2,32
417651,417683,417686,3,32
417651,417684,417686,2,33
417651,417679,417684,5,28
417651,417679,417686,7,28
417651,417682,417686,4,31
417651,417683,417687,4,32
417651,417684,417687,3,33
417651,417685,417687,2,34
417651,417686,417688,2,35
417651,417685,417688,3,34
417650,417672,417683,11,22
417651,417686,417688,2,35
417650,417672,417688,16,22
417651,417684,417689,5,33
417651,417684,417689,5,33
417651,417686,417689,3,35
417651,417687,417689,2,36
417651,417687,417689,2,36
417651,417685,417689,4,34
417651,417684,417689,5,33
417651,417688,417690,2,37
417651,417688,417690,2,37
417651,417688,417690,2,37
417650,417672,417691,19,22
417651,417687,417691,4,36
417651,417685,417691,6,34
417651,417688,417691,3,37
417651,417684,417691,7,33
417651,417673,417692,19,22
417651,417684,417691,7,33
417651,417687,417693,6,36
417683,417690,417694,4,7
417683,417690,417694,4,7
417651,417687,417696,9,36
417683,417689,417695,6,6
417683,417691,417696,5,8
417651,417687,417696,9,36
417683,417694,417696,2,11
417651,417673,417697,24,22
417683,417690,417696,6,7
417651,417684,417695,11,33
417683,417695,417698,3,12
417683,417691,417698,7,8
417651,417675,417698,23,24
417683,417691,417698,7,8
417683,417697,417699,2,14
417683,417697,417699,2,14
417683,417698,417700,2,15
417683,417696,417699,3,13
417683,417696,417699,3,13
417683,417698,417701,3,15
417683,417699,417701,2,16
417683,417689,417701,12,6
417683,417689,417700,11,6
417683,417699,417701,2,16
417651,417675,417702,27,24
417683,417699,417701,2,16
417683,417690,417701,11,7
417683,417700,417702,2,17
417683,417697,417702,5,14
417683,417692,417701,9,9
417683,417693,417703,10,10
417683,417696,417703,7,13
417683,417701,417703,2,18
417683,417692,417702,10,9
417683,417700,417703,3,17
417683,417700,417703,3,17
417683,417701,417703,2,18
417683,417701,417704,3,18
417683,417697,417704,7,14
417683,417702,417705,3,19
417683,417702,417704,2,19
417683,417703,417705,2,20
417683,417690,417705,15,7
417683,417701,417705,4,18
417683,417701,417706,5,18
417683,417702,417706,4,19
417683,417703,417706,3,20
417683,417703,417706,3,20
417683,417704,417706,2,21
417683,417702,417706,4,19
417683,417705,417707,2,22
417683,417705,417708,3,22
417683,417702,417708,6,19
417683,417705,417707,2,22
417683,417705,417708,3,22
417683,417699,417702,3,16
417683,417703,417709,6,20
417683,417703,417709,6,20
417683,417707,417709,2,24
417683,417707,417709,2,24
417683,417707,417710,3,24
417683,417708,417710,2,25
417683,417703,417711,8,20
417683,417705,417711,6,22
417683,417706,417711,5,23
417683,417706,417711,5,23
417683,417691,417711,20,8
417683,417707,417712,5,24
417683,417706,417711,5,23
417683,417706,417711,5,23
417683,417691,417712,21,8
417683,417692,417715,23,9
417683,417702,417718,16,19
417683,417689,417722,33,6
417683,417691,417722,31,8
416614,416774,417727,953,160
417683,417698,417734,36,15
417744,417744,417748,4,0
417744,417744,417748,4,0
417744,417744,417748,4,0
417744,417744,417749,5,0
417744,417744,417749,5,0
417744,417744,417750,6,0
417744,417744,417750,6,0
417744,417744,417750,6,0
417744,417744,417750,6,0
417744,417749,417750,1,5
417744,417749,417750,1,5
417744,417744,417751,7,0
417744,417744,417751,7,0
417744,417744,417751,7,0
417744,417750,417752,2,6
417744,417744,417752,8,0
417744,417749,417752,3,5
417744,417751,417753,2,7
417744,417751,417753,2,7
417744,417750,417754,4,6
417744,417750,417754,4,6
417744,417751,417754,3,7
417744,417752,417754,2,8
417744,417752,417754,2,8
417744,417744,417755,11,0
417744,417751,417754,3,7
417744,417751,417755,4,7
417744,417752,417754,2,8
417744,417744,417755,11,0
417744,417744,417755,11,0
417744,417753,417755,2,9
417744,417744,417756,12,0
417744,417754,417757,3,10
417744,417752,417757,5,8
417744,417753,417756,3,9
417744,417754,417757,3,10
417744,417754,417756,2,10
417744,417754,417756,2,10
417744,417753,417757,4,9
417744,417755,417758,3,11
417744,417744,417758,14,0
417744,417754,417758,4,10
417744,417754,417758,4,10
417744,417756,417758,2,12
417744,417757,417759,2,13
417744,417755,417760,5,11
417744,417757,417760,3,13
417744,417755,417760,5,11
417744,417757,417760,3,13
417744,417757,417760,3,13
417744,417755,417760,5,11
417744,417759,417761,2,15
417744,417758,417761,3,14
417744,417759,417761,2,15
417744,417757,417762,5,13
417744,417757,417762,5,13
417744,417758,417762,4,14
417744,417759,417764,5,15
417744,417759,417763,4,15
417744,417759,417763,4,15
417744,417756,417764,8,12
417744,417756,417765,9,12
417744,417744,417759,15,0
417744,417757,417761,4,13
417744,417744,417772,28,0
417744,417744,417773,29,0
417744,417744,417773,29,0
417744,417744,417774,30,0
416705,416806,417778,972,101
417744,417744,417779,35,0
417780,417780,417783,3,0
417780,417780,417783,3,0
417780,417780,417783,3,0
417780,417780,417784,4,0
417780,417780,417784,4,0
417780,417780,417785,5,0
417780,417780,417784,4,0
417780,417780,417784,4,0
417780,417780,417785,5,0
417780,417780,417785,5,0
417780,417780,417786,6,0
417780,417785,417787,2,5
417780,417785,417786,1,5
417780,417780,417786,6,0
417780,417785,417786,1,5
417780,417784,417788,4,4
417780,417784,417787,3,4
417780,417784,417787,3,4
417780,417780,417787,7,0
417780,417785,417787,2,5
417780,417780,417788,8,0
417780,417780,417788,8,0
417780,417780,417788,8,0
417780,417780,417788,8,0
417780,417785,417788,3,5
417780,417787,417789,2,7
417780,417786,417788,2,6
417780,417787,417789,2,7
417744,417744,417786,42,0
417780,417780,417788,8,0
417780,417786,417790,4,6
417780,417787,417789,2,7
417780,417787,417789,2,7
417780,417788,417790,2,8
417780,417788,417790,2,8
417780,417780,417792,12,0
417780,417789,417791,2,9
417780,417789,417791,2,9
417780,417789,417792,3,9
417780,417789,417792,3,9
417780,417788,417792,4,8
417780,417788,417792,4,8
417780,417788,417792,4,8
417780,417790,417792,2,10
417780,417790,417793,3,10
417780,417789,417794,5,9
417780,417789,417794,5,9
417780,417787,417793,6,7
417780,417791,417794,3,11
417780,417791,417794,3,11
417780,417789,417794,5,9
417780,417790,417794,4,10
417780,417792,417794,2,12
417780,417792,417795,3,12
417780,417792,417795,3,12
417780,417780,417795,15,0
417780,417789,417795,6,9
417780,417793,417795,2,13
417780,417793,417796,3,13
417780,417793,417797,4,13
417780,417794,417797,3,14
417780,417793,417797,4,13
417780,417793,417798,5,13
417780,417780,417800,20,0
417780,417789,417800,11,9
417780,417793,417800,7,13
417780,417780,417793,13,0
417780,417780,417793,13,0
417780,417789,417807,18,9
417780,417780,417811,31,0
417780,417792,417798,6,12
416714,416714,417932,1218,0
417108,417151,418120,969,43
418123,418123,418126,3,0
418123,418123,418127,4,0
418123,418123,418126,3,0
418123,418123,418127,4,0
418123,418123,418127,4,0
418123,418123,418127,4,0
418123,418123,418127,4,0
418123,418123,418127,4,0
418123,418123,418128,5,0
418123,418123,418128,5,0
418123,418123,418129,6,0
418123,418123,418129,6,0
418123,418123,418129,6,0
418123,418123,418129,6,0
418123,418126,418129,3,3
418123,418123,418129,6,0
418123,418123,418129,6,0
418123,418128,418130,2,5
418123,418129,418131,2,6
418123,418127,418131,4,4
418123,418128,418131,3,5
418123,418128,418132,4,5
418123,418123,418132,9,0
418123,418123,418131,8,0
418123,418127,418131,4,4
418123,418128,418132,4,5
418123,418127,418132,5,4
418123,418128,418132,4,5
418123,418129,418132,3,6
418123,418129,418132,3,6
418123,418123,418132,9,0
418123,418123,418133,10,0
418123,418123,418133,10,0
418123,418130,418132,2,7
417096,417126,418133,1007,30
418123,418130,418132,2,7
418123,418129,418134,5,6
418123,418130,418134,4,7
418123,418131,418133,2,8
418123,418131,418134,3,8
418123,418132,418135,3,9
418123,418132,418135,3,9
418123,418128,418135,7,5
418123,418132,418135,3,9
418123,418132,418135,3,9
418123,418123,418136,13,0
418123,418123,418136,13,0
418123,418133,418136,3,10
418123,418133,418136,3,10
418123,418134,418136,2,11
418123,418132,418136,4,9
418123,418132,418137,5,9
418123,418132,418137,5,9
418123,418132,418137,5,9
418123,418131,418136,5,8
418123,418134,418136,2,11
418123,418129,418137,8,6
418123,418135,418137,2,12
418123,418132,418137,5,9
418123,418135,418138,3,12
418123,418135,418138,3,12
418123,418136,418138,2,13
418123,418136,418138,2,13
418123,418134,418138,4,11
418123,418134,418140,6,11
418135,418138,418140,2,3
418135,418136,418141,5,1
418135,418137,418141,4,2
418123,418135,418141,6,12
418135,418138,418141,3,3
418135,418139,418141,2,4
418135,418137,418141,4,2
418135,418139,418141,2,4
418135,418139,418141,2,4
418135,418136,418142,6,1
418123,418123,418141,18,0
418123,418133,418143,10,10
418135,418138,418143,5,3
418135,418142,418143,1,7
418135,418137,418143,6,2
418135,418136,418143,7,1
418135,418142,418144,2,7
418135,418141,418143,2,6
418135,418142,418144,2,7
418135,418139,418143,4,4
418135,418141,418144,3,6
418135,418142,418144,2,7
418135,418142,418144,2,7
418135,418142,418144,2,7
418123,418133,418145,12,10
418123,418133,418145,12,10
418135,418140,418145,5,5
418135,418144,418145,1,9
418123,418123,418137,14,0
418135,418144,418146,2,9
418135,418142,418145,3,7
418135,418137,418146,9,2
418135,418142,418146,4,7
418135,418144,418146,2,9
418135,418144,418146,2,9
418135,418144,418146,2,9
418135,418143,418147,4,8
418135,418145,418147,2,10
418135,418145,418148,3,10
418135,418145,418148,3,10
418135,418145,418148,3,10
418135,418144,418149,5,9
418135,418146,418148,2,11
418135,418146,418148,2,11
418135,418137,418149,12,2
418135,418144,418149,5,9
418135,418147,418149,2,12
418135,418147,418149,2,12
418135,418147,418150,3,12
418135,418148,418150,2,13
418135,418148,418150,2,13
418135,418148,418151,3,13
418135,418148,418151,3,13
418135,418146,418151,5,11
418135,418147,418151,4,12
418135,418149,418152,3,14
418135,418142,418146,4,7
418135,418149,418152,3,14
418135,418146,418151,5,11
418135,418137,418152,15,2
418135,418147,418152,5,12
418135,418146,418152,6,11
418135,418150,418152,2,15
418135,418150,418153,3,15
418135,418150,418153,3,15
418135,418149,418153,4,14
418135,418151,418153,2,16
418135,418151,418154,3,16
418135,418149,418154,5,14
418135,418137,418155,18,2
418135,418150,418155,5,15
418135,418143,418155,12,8
418135,418137,418156,19,2
418135,418146,418159,13,11
416519,416644,418161,1517,125
418135,418145,418164,19,10
416535,416664,418171,1507,129
418171,418172,418175,3,1
418171,418172,418175,3,1
418171,418172,418175,3,1
418171,418172,418176,4,1
418171,418172,418176,4,1
418171,418172,418176,4,1
418171,418172,418176,4,1
418171,418172,418176,4,1
418171,418172,418177,5,1
418171,418176,418178,2,5
418171,418176,418178,2,5
418171,418177,418179,2,6
418171,418172,418179,7,1
418171,418177,418180,3,6
418171,418177,418179,2,6
418171,418176,418179,3,5
418171,418179,418181,2,8
418171,418172,418180,8,1
418171,418177,418180,3,6
418171,418179,418181,2,8
418171,418177,418181,4,6
418171,418172,418181,9,1
418171,418172,418181,9,1
418171,418178,418181,3,7
418171,418179,418181,2,8
418171,418172,418182,10,1
418171,418172,418182,10,1
418171,418181,418182,1,10
418171,418180,418182,2,9
418171,418180,418182,2,9
418171,418180,418182,2,9
418171,418180,418183,3,9
418171,418182,418184,2,11
418171,418181,418184,3,10
418171,418181,418183,2,10
418171,418181,418184,3,10
418171,418172,418184,12,1
418171,418183,418185,2,12
418171,418183,418186,3,12
418171,418183,418185,2,12
418171,418183,418185,2,12
418171,418183,418185,2,12
418135,418145,418186,41,10
418171,418182,418186,4,11
418171,418184,418186,2,13
418171,418184,418187,3,13
418171,418184,418186,2,13
418171,418184,418187,3,13
418171,418172,418187,15,1
418171,418183,418187,4,12
418171,418182,418187,5,11
418171,418172,418188,16,1
418171,418172,418188,16,1
418171,418184,418188,4,13
418171,418182,418188,6,11
418171,418182,418188,6,11
418171,418172,418188,16,1
418171,418185,418189,4,14
418171,418186,418188,2,15
418171,418186,418189,3,15
418171,418186,418189,3,15
418171,418186,418189,3,15
418171,418185,418190,5,14
418171,418172,418190,18,1
418171,418187,418191,4,16
418171,418172,418190,18,1
418171,418187,418191,4,16
418171,418187,418191,4,16
417132,417132,418191,1059,0
418174,418187,418191,4,13
418174,418187,418192,5,13
418174,418188,418194,6,14
418174,418191,418194,3,17
418174,418192,418195,3,18
418174,418192,418195,3,18
418174,418192,418196,4,18
418174,418188,418196,8,14
418174,418188,418197,9,14
418174,418189,418196,7,15
418171,418172,418192,20,1
418171,418172,418193,21,1
418174,418189,418197,8,15
418174,418191,418198,7,17
418174,418195,418198,3,21
418174,418195,418198,3,21
418174,418190,418199,9,16
418174,418197,418199,2,23
418174,418195,418198,3,21
418174,418189,418199,10,15
418174,418189,418199,10,15
418174,418198,418200,2,24
418171,418172,418200,28,1
418174,418197,418200,3,23
418174,418189,418200,11,15
418174,418197,418200,3,23
418174,418197,418200,3,23
418174,418189,418201,12,15
418174,418198,418201,3,24
418174,418199,418202,3,25
418174,418200,418202,2,26
418174,418199,418202,3,25
418174,418199,418202,3,25
418174,418195,418203,8,21
417153,417153,418203,1050,0
418174,418192,418203,11,18
418174,418200,418204,4,26
418174,418202,418204,2,28
418174,418202,418204,2,28
418174,418201,418205,4,27
418174,418202,418205,3,28
418174,418202,418205,3,28
418174,418202,418205,3,28
418174,418203,418205,2,29
418174,418201,418206,5,27
418174,418201,418206,5,27
418174,418203,418206,3,29
418174,418199,418206,7,25
418174,418201,418206,5,27
418174,418203,418207,4,29
418174,418205,418207,2,31
418174,418205,418207,2,31
418174,418197,418206,9,23
418174,418205,418208,3,31
418174,418205,418208,3,31
418174,418206,418208,2,32
418174,418189,418209,20,15
418174,418205,418209,4,31
418174,418204,418208,4,30
418174,418190,418208,18,16
418174,418206,418209,3,32
418174,418207,418210,3,33
418174,418207,418210,3,33
418174,418206,418210,4,32
418174,418189,418211,22,15
418174,418198,418212,14,24
418174,418207,418212,5,33
418174,418206,418212,6,32
418174,418190,418213,23,16
418174,418191,418209,18,17
418174,418189,418216,27,15
418174,418201,418218,17,27
418174,418197,418221,24,23
418174,418197,418229,32,23
417192,417192,418272,1080,0
417029,417029,418276,1247,0
416560,416732,418286,1554,172
418288,418288,418291,3,0
418288,418288,418293,5,0
418288,418288,418292,4,0
418288,418288,418294,6,0
418288,418288,418294,6,0
418288,418288,418294,6,0
418288,418288,418294,6,0
418288,418288,418294,6,0
418288,418288,418294,6,0
418288,418288,418294,6,0
418288,418288,418295,7,0
418288,418292,418295,3,4
418288,418288,418295,7,0
418288,418288,418295,7,0
418288,418288,418295,7,0
418288,418288,418296,8,0
418288,418294,418296,2,6
418288,418288,418295,7,0
418288,418293,418295,2,5
418288,418288,418297,9,0
418288,418293,418296,3,5
418288,418295,418297,2,7
418288,418295,418297,2,7
418288,418294,418297,3,6
418288,418294,418298,4,6
418288,418288,418297,9,0
418288,418288,418298,10,0
418288,418295,418298,3,7
418288,418295,418299,4,7
418288,418296,418299,3,8
418288,418296,418299,3,8
418288,418296,418299,3,8
418288,418295,418300,5,7
418288,418295,418298,3,7
418288,418295,418300,5,7
418288,418297,418300,3,9
418288,418297,418300,3,9
418288,418288,418300,12,0
418288,418297,418301,4,9
418288,418296,418300,4,8
416961,416961,418301,1340,0
418288,418295,418301,6,7
418288,418298,418301,3,10
418288,418297,418302,5,9
418288,418297,418302,5,9
418288,418299,418302,3,11
418288,418299,418302,3,11
418288,418300,418302,2,12
418288,418298,418303,5,10
418288,418298,418303,5,10
416996,416996,418303,1307,0
418288,418296,418303,7,8
418288,418300,418304,4,12
418288,418299,418303,4,11
418288,418300,418304,4,12
418288,418298,418304,6,10
418288,418302,418304,2,14
418288,418301,418304,3,13
418288,418288,418304,16,0
418288,418301,418305,4,13
418288,418301,418304,3,13
418288,418302,418305,3,14
418288,418301,418305,4,13
418288,418303,418305,2,15
418288,418300,418306,6,12
418288,418301,418307,6,13
418288,418301,418307,6,13
418288,418288,418308,20,0
418288,418302,418309,7,14
418288,418288,418311,23,0
418288,418288,418317,29,0
418288,418288,418317,29,0
416537,416687,418407,1720,150
418408,418408,418412,4,0
418408,418408,418412,4,0
418408,418408,418413,5,0
418408,418408,418412,4,0
418408,418408,418414,6,0
418408,418408,418414,6,0
418408,418408,418414,6,0
418408,418408,418415,7,0
418408,418412,418414,2,4
418408,418408,418415,7,0
418408,418413,418415,2,5
418408,418412,418416,4,4
418408,418413,418416,3,5
418408,418408,418417,9,0
418408,418414,418417,3,6
418408,418415,418417,2,7
418408,418408,418416,8,0
418408,418414,418417,3,6
418408,418414,418417,3,6
418408,418408,418419,11,0
418408,418416,418418,2,8
418408,418408,418419,11,0
418408,418417,418420,3,9
418408,418417,418419,2,9
418408,418416,418419,3,8
418408,418408,418421,13,0
418408,418408,418420,12,0
418408,418408,418420,12,0
418408,418418,418421,3,10
418408,418416,418420,4,8
418408,418408,418422,14,0
418408,418419,418421,2,11
418408,418420,418422,2,12
418408,418408,418423,15,0
418408,418418,418423,5,10
418408,418418,418422,4,10
418408,418408,418422,14,0
418408,418420,418422,2,12
418408,418421,418423,2,13
418408,418420,418422,2,12
418408,418415,418423,8,7
418408,418408,418423,15,0
418408,418421,418424,3,13
418408,418416,418422,6,8
418408,418417,418425,8,9
418408,418419,418425,6,11
418408,418422,418425,3,14
418408,418422,418425,3,14
418408,418422,418426,4,14
418408,418423,418426,3,15
418408,418408,418426,18,0
418408,418408,418426,18,0
416562,416752,418426,1674,190
418408,418420,418427,7,12
418408,418423,418426,3,15
418408,418423,418427,4,15
418408,418421,418428,7,13
418408,418423,418427,4,15
418408,418423,418428,5,15
418408,418425,418427,2,17
418408,418424,418429,5,16
418408,418408,418429,21,0
417456,417474,418430,956,18
418408,418424,418431,7,16
418408,418408,418431,23,0
418408,418421,418430,9,13
418408,418425,418429,4,17
418408,418425,418432,7,17
418408,418423,418431,8,15
418408,418423,418432,9,15
418427,418427,418432,5,0
418427,418427,418432,5,0
418427,418429,418432,3,2
418427,418427,418433,6,0
418427,418427,418433,6,0
418427,418431,418433,2,4
418427,418433,418434,1,6
418427,418433,418435,2,6
418427,418433,418435,2,6
418427,418434,418436,2,7
418427,418431,418436,5,4
418427,418432,418436,4,5
418427,418427,418436,9,0
418427,418434,418436,2,7
418427,418435,418436,1,8
418427,418434,418436,2,7
418427,418430,418436,6,3
418427,418431,418436,5,4
418427,418432,418436,4,5
418427,418427,418437,10,0
418427,418436,418438,2,9
418427,418436,418438,2,9
418427,418436,418438,2,9
418427,418428,418438,10,1
418427,418431,418438,7,4
418427,418431,418438,7,4
418427,418437,418439,2,10
418427,418437,418439,2,10
418427,418436,418439,3,9
418427,418427,418439,12,0
418427,418437,418439,2,10
418427,418437,418439,2,10
418427,418432,418440,8,5
418427,418427,418440,13,0
418427,418438,418440,2,11
418427,418438,418440,2,11
418427,418438,418440,2,11
418427,418437,418441,4,10
418427,418428,418441,13,1
418427,418438,418442,4,11
418427,418439,418442,3,12
418427,418439,418441,2,12
418427,418438,418442,4,11
418408,418421,418442,21,13
418427,418429,418442,13,2
418427,418438,418442,4,11
418427,418440,418443,3,13
418427,418439,418442,3,12
418427,418437,418443,6,10
418427,418437,418442,5,10
418427,418440,418443,3,13
418427,418441,418443,2,14
418427,418441,418444,3,14
418427,418441,418444,3,14
418427,418437,418443,6,10
418427,418438,418444,6,11
418427,418427,418444,17,0
418427,418442,418445,3,15
418427,418442,418444,2,15
418427,418427,418441,14,0
418427,418440,418445,5,13
418427,418442,418446,4,15
418427,418442,418446,4,15
418431,418445,418447,2,14
418431,418443,418447,4,12
418427,418442,418447,5,15
418408,418408,418447,39,0
418431,418445,418447,2,14
418431,418444,418447,3,13
418431,418444,418448,4,13
418427,418442,418448,6,15
418431,418444,418449,5,13
418431,418447,418449,2,16
418431,418447,418449,2,16
418431,418445,418449,4,14
418431,418448,418450,2,17
418431,418448,418450,2,17
418431,418444,418449,5,13
418431,418443,418450,7,12
418431,418444,418450,6,13
418431,418447,418450,3,16
418431,418449,418451,2,18
418431,418448,418451,3,17
418427,418428,418451,23,1
418431,418449,418452,3,18
418431,418449,418452,3,18
418431,418443,418452,9,12
418431,418445,418453,8,14
418427,418441,418453,12,14
418431,418450,418453,3,19
418427,418440,418448,8,13
418431,418446,418449,3,15
418431,418450,418453,3,19
418431,418451,418453,2,20
418431,418450,418452,2,19
418431,418448,418453,5,17
418431,418448,418453,5,17
418431,418450,418453,3,19
418431,418451,418454,3,20
418431,418451,418455,4,20
418431,418452,418454,2,21
418431,418450,418455,5,19
418431,418451,418455,4,20
418431,418452,418456,4,21
418431,418453,418456,3,22
418431,418453,418455,2,22
418431,418453,418455,2,22
418431,418452,418456,4,21
418431,418453,418456,3,22
418427,418442,418456,14,15
418431,418453,418457,4,22
418431,418454,418457,3,23
418431,418453,418458,5,22
418431,418454,418457,3,23
418427,418442,418457,15,15
418431,418447,418457,10,16
418431,418454,418457,3,23
418431,418455,418458,3,24
418431,418453,418458,5,22
418431,418455,418459,4,24
418431,418456,418459,3,25
418431,418456,418459,3,25
418431,418456,418459,3,25
418431,418457,418459,2,26
418431,418456,418459,3,25
418431,418456,418460,4,25
418431,418456,418460,4,25
418431,418458,418460,2,27
418431,418458,418462,4,27
418431,418458,418463,5,27
418431,418456,418464,8,25
418431,418458,418464,6,27
417474,417495,418465,970,21
418427,418442,418465,23,15
418431,418458,418465,7,27
418431,418447,418469,22,16
418431,418458,418470,12,27
418431,418457,418470,13,26
417223,417223,418472,1249,0
418431,418448,418473,25,17
418431,418458,418473,15,27
418431,418453,418478,25,22
418431,418453,418480,27,22
418431,418453,418480,27,22
418478,418478,418481,3,0
418478,418478,418482,4,0
418478,418478,418482,4,0
418478,418478,418482,4,0
418478,418478,418482,4,0
418478,418478,418482,4,0
418478,418478,418482,4,0
418478,418478,418483,5,0
418478,418478,418483,5,0
418478,418478,418483,5,0
418478,418478,418483,5,0
418478,418481,418483,2,3
418478,418478,418484,6,0
418478,418478,418484,6,0
418478,418478,418484,6,0
418478,418478,418485,7,0
418478,418482,418485,3,4
418478,418482,418485,3,4
418478,418482,418486,4,4
418478,418483,418486,3,5
418478,418482,418486,4,4
418478,418482,418486,4,4
418478,418483,418486,3,5
418478,418483,418486,3,5
418478,418482,418487,5,4
418478,418483,418487,4,5
418478,418486,418488,2,8
418478,418486,418488,2,8
418478,418483,418488,5,5
418478,418478,418489,11,0
418478,418478,418489,11,0
418478,418478,418489,11,0
418478,418486,418489,3,8
418478,418487,418489,2,9
418478,418488,418489,1,10
418478,418478,418490,12,0
418478,418478,418489,11,0
418478,418488,418490,2,10
418478,418488,418490,2,10
418478,418487,418491,4,9
418478,418484,418491,7,6
418478,418484,418491,7,6
418478,418484,418491,7,6
418478,418486,418491,5,8
418478,418486,418491,5,8
418478,418486,418491,5,8
418478,418488,418492,4,10
418478,418488,418492,4,10
418478,418490,418492,2,12
418478,418490,418492,2,12
418478,418490,418492,2,12
418478,418488,418493,5,10
418478,418480,418493,13,2
418478,418491,418493,2,13
418478,418485,418494,9,7
418478,418491,418494,3,13
418478,418481,418494,13,3
418478,418491,418494,3,13
418478,418492,418496,4,14
418478,418478,418498,20,0
418478,418492,418498,6,14
418478,418487,418499,12,9
418478,418489,418500,11,11
418478,418490,418500,10,12
418478,418492,418500,8,14
418478,418489,418501,12,11
418478,418490,418502,12,12
418478,418492,418504,12,14
418478,418492,418505,13,14
418478,418489,418510,21,11
417264,417264,418518,1254,0
417555,417572,418535,963,17
417296,417296,418536,1240,0
418537,418537,418539,2,0
418537,418537,418539,2,0
418537,418537,418541,4,0
418537,418537,418540,3,0
418537,418537,418541,4,0
418537,418537,418542,5,0
418537,418537,418541,4,0
418537,418537,418541,4,0
418537,418537,418541,4,0
418537,418537,418542,5,0
418537,418537,418542,5,0
418537,418537,418542,5,0
418537,418537,418542,5,0
418537,418540,418542,2,3
418537,418540,418542,2,3
418537,418541,418543,2,4
418537,418537,418543,6,0
418537,418537,418543,6,0
418537,418537,418543,6,0
418537,418541,418544,3,4
418537,418542,418544,2,5
418537,418543,418545,2,6
418537,418543,418545,2,6
418537,418543,418545,2,6
418537,418543,418545,2,6
418537,418537,418543,6,0
418537,418542,418546,4,5
418537,418537,418546,9,0
418537,418537,418546,9,0
418537,418537,418546,9,0
418537,418537,418546,9,0
418537,418542,418546,4,5
418537,418543,418546,3,6
418537,418544,418546,2,7
418537,418544,418548,4,7
418537,418542,418547,5,5
418537,418542,418548,6,5
418537,418546,418548,2,9
418537,418546,418548,2,9
418537,418545,418548,3,8
418537,418545,418548,3,8
418537,418546,418548,2,9
418537,418546,418548,2,9
418537,418547,418550,3,10
418537,418543,418550,7,6
418537,418543,418549,6,6
418537,418546,418550,4,9
418537,418547,418550,3,10
418537,418548,418550,2,11
418537,418548,418550,2,11
418537,418548,418551,3,11
418537,418547,418551,4,10
418537,418549,418552,3,12
418537,418549,418551,2,12
418537,418548,418552,4,11
418537,418548,418553,5,11
418537,418547,418552,5,10
418537,418549,418553,4,12
418537,418550,418553,3,13
417329,417330,418554,1224,1
418537,418544,418553,9,7
418537,418537,418555,18,0
418537,418549,418555,6,12
418537,418547,418559,12,10
418537,418547,418558,11,10
418537,418550,418559,9,13
417597,417622,418560,938,25
418537,418547,418564,17,10
418562,418562,418564,2,0
418562,418562,418564,2,0
418562,418562,418565,3,0
418537,418547,418561,14,10
418562,418562,418566,4,0
418537,418537,418566,29,0
418562,418562,418566,4,0
418562,418562,418565,3,0
418562,418564,418566,2,2
418562,418562,418567,5,0
418562,418562,418567,5,0
418562,418562,418567,5,0
418562,418562,418566,4,0
418562,418564,418567,3,2
418537,418547,418568,21,10
418562,418562,418567,5,0
418562,418566,418568,2,4
418562,418562,418568,6,0
418562,418562,418568,6,0
418562,418565,418567,2,3
418562,418562,418567,5,0
418562,418562,418568,6,0
418562,418562,418569,7,0
418562,418566,418569,3,4
418562,418566,418569,3,4
418562,418562,418569,7,0
418562,418566,418570,4,4
418562,418567,418570,3,5
418562,418566,418570,4,4
418562,418562,418571,9,0
418562,418570,418571,1,8
418562,418566,418571,5,4
418562,418569,418572,3,7
418562,418569,418571,2,7
418562,418567,418571,4,5
418562,418568,418572,4,6
418562,418569,418573,4,7
418562,418568,418572,4,6
418562,418569,418572,3,7
418562,418571,418572,1,9
418562,418569,418573,4,7
418562,418567,418573,6,5
418562,418567,418573,6,5
418562,418567,418573,6,5
418562,418570,418573,3,8
418562,418572,418574,2,10
418562,418572,418574,2,10
418562,418572,418574,2,10
418562,418568,418575,7,6
418562,418573,418575,2,11
418562,418573,418575,2,11
418562,418573,418575,2,11
418562,418571,418576,5,9
418562,418569,418576,7,7
418562,418570,418576,6,8
418562,418571,418576,5,9
418562,418573,418576,3,11
418562,418574,418576,2,12
418562,418574,418576,2,12
418562,418574,418577,3,12
418562,418572,418577,5,10
418562,418573,418577,4,11
418562,418575,418577,2,13
418562,418575,418577,2,13
418562,418570,418574,4,8
418562,418573,418575,2,11
418562,418562,418574,12,0
418562,418575,418580,5,13
418562,418573,418580,7,11
418562,418573,418580,7,11
418562,418572,418581,9,10
418537,418547,418582,35,10
418562,418562,418582,20,0
417091,417105,418593,1488,14
418600,418600,418604,4,0
418600,418600,418604,4,0
418600,418600,418604,4,0
418600,418600,418605,5,0
418600,418600,418606,6,0
418600,418600,418606,6,0
418600,418600,418606,6,0
418600,418600,418606,6,0
418600,418604,418606,2,4
418600,418600,418607,7,0
418600,418600,418607,7,0
418600,418600,418606,6,0
418600,418600,418607,7,0
418600,418600,418607,7,0
418600,418600,418607,7,0
418562,418564,418602,38,2
418600,418606,418608,2,6
418600,418606,418608,2,6
418600,418600,418607,7,0
418600,418606,418609,3,6
418600,418605,418609,4,5
418600,418606,418609,3,6
418600,418606,418608,2,6
418600,418605,418609,4,5
418600,418607,418610,3,7
418600,418607,418610,3,7
418600,418607,418610,3,7
418600,418609,418610,1,9
418600,418609,418610,1,9
418600,418600,418610,10,0
418600,418607,418611,4,7
418600,418600,418611,11,0
418600,418607,418611,4,7
418600,418600,418611,11,0
418600,418607,418612,5,7
418600,418610,418613,3,10
418600,418609,418612,3,9
418600,418611,418613,2,11
418600,418611,418613,2,11
418600,418611,418613,2,11
418600,418611,418613,2,11
418600,418609,418614,5,9
418600,418609,418614,5,9
418600,418609,418614,5,9
418600,418610,418614,4,10
418600,418609,418615,6,9
418600,418614,418616,2,14
418600,418614,418616,2,14
418600,418611,418616,5,11
418600,418611,418616,5,11
418600,418614,418616,2,14
418600,418614,418616,2,14
418600,418614,418616,2,14
418600,418613,418617,4,13
418600,418615,418617,2,15
418600,418615,418617,2,15
418600,418611,418618,7,11
418600,418613,418619,6,13
418600,418612,418619,7,12
418600,418611,418619,8,11
418600,418615,418619,4,15
418600,418615,418619,4,15
418600,418615,418621,6,15
418600,418600,418621,21,0
418600,418608,418624,16,8
418600,418600,418628,28,0
418600,418604,418631,27,4
418600,418600,418624,24,0
418600,418600,418639,39,0
418600,418600,418643,43,0
417684,417708,418656,948,24
418600,418600,418657,57,0
417176,417176,418659,1483,0
417679,417689,418680,991,10
418681,418681,418684,3,0
418681,418681,418685,4,0
418681,418681,418684,3,0
418681,418681,418684,3,0
418681,418681,418685,4,0
418681,418681,418684,3,0
418681,418681,418684,3,0
418681,418681,418685,4,0
418681,418681,418686,5,0
418681,418681,418685,4,0
418681,418681,418685,4,0
418681,418681,418686,5,0
418681,418681,418685,4,0
418681,418681,418686,5,0
418681,418681,418687,6,0
418681,418681,418686,5,0
418681,418684,418687,3,3
418681,418681,418687,6,0
418681,418685,418687,2,4
418681,418681,418688,7,0
418681,418685,418688,3,4
418681,418685,418688,3,4
418681,418686,418688,2,5
418681,418686,418688,2,5
418681,418685,418688,3,4
418681,418686,418688,2,5
418681,418685,418689,4,4
418681,418687,418690,3,6
418681,418687,418689,2,6
418681,418687,418689,2,6
418681,418688,418690,2,7
418681,418681,418689,8,0
418681,418685,418690,5,4
418681,418687,418691,4,6
418681,418686,418690,4,5
418681,418686,418691,5,5
418681,418688,418691,3,7
418681,418688,418691,3,7
418681,418689,418691,2,8
418681,418689,418692,3,8
418681,418687,418693,6,6
418681,418690,418693,3,9
418681,418690,418693,3,9
418681,418690,418693,3,9
418681,418690,418693,3,9
418681,418687,418693,6,6
418681,418685,418694,9,4
418681,418689,418693,4,8
418681,418691,418693,2,10
418681,418691,418694,3,10
418681,418692,418694,2,11
418681,418690,418695,5,9
418681,418692,418695,3,11
418681,418681,418690,9,0
418681,418691,418695,4,10
418681,418691,418696,5,10
418681,418693,418696,3,12
418681,418691,418695,4,10
418681,418681,418696,15,0
418681,418688,418696,8,7
418681,418692,418696,4,11
418681,418693,418696,3,12
418681,418694,418697,3,13
418681,418681,418697,16,0
418681,418695,418698,3,14
418681,418695,418698,3,14
418681,418697,418698,1,16
418681,418681,418698,17,0
418681,418681,418698,17,0
418681,418694,418699,5,13
418681,418694,418699,5,13
418681,418681,418700,19,0
418681,418693,418700,7,12
418681,418696,418700,4,15
418681,418695,418700,5,14
418681,418696,418700,4,15
418681,418698,418700,2,17
418681,418698,418700,2,17
418681,418699,418700,1,18
418681,418699,418702,3,18
418681,418694,418701,7,13
418681,418691,418702,11,10
418681,418698,418702,4,17
418681,418700,418702,2,19
418681,418697,418703,6,16
418681,418694,418703,9,13
418681,418701,418703,2,20
418681,418697,418704,7,16
418681,418700,418704,4,19
418681,418701,418704,3,20
418681,418701,418704,3,20
418681,418697,418704,7,16
418681,418696,418699,3,15
418681,418700,418705,5,19
418681,418699,418704,5,18
418681,418700,418704,4,19
418681,418681,418696,15,0
418681,418702,418705,3,21
418681,418703,418705,2,22
418681,418702,418706,4,21
418681,418704,418706,2,23
418681,418705,418707,2,24
418681,418697,418706,9,16
418681,418704,418706,2,23
418681,418702,418707,5,21
418681,418700,418707,7,19
418681,418703,418707,4,22
418681,418705,418707,2,24
418681,418706,418708,2,25
418681,418706,418708,2,25
418681,418699,418707,8,18
418681,418702,418709,7,21
418681,418698,418708,10,17
418681,418699,418708,9,18
418681,418694,418709,15,13
418681,418705,418709,4,24
418681,418707,418709,2,26
418681,418707,418709,2,26
418681,418707,418709,2,26
418681,418694,418709,15,13
418681,418707,418709,2,26
418681,418708,418710,2,27
418681,418705,418709,4,24
418681,418704,418710,6,23
418681,418707,418710,3,26
418681,418700,418710,10,19
418681,418705,418710,5,24
418681,418708,418711,3,27
418681,418705,418711,6,24
418681,418708,418710,2,27
418683,418710,418712,2,27
418683,418710,418712,2,27
418683,418710,418712,2,27
418681,418707,418713,6,26
418681,418707,418713,6,26
418683,418711,418713,2,28
418683,418710,418714,4,27
418683,418710,418715,5,27
418683,418711,418714,3,28
418683,418712,418715,3,29
418683,418712,418714,2,29
418683,418710,418715,5,27
418683,418710,418716,6,27
418683,418709,418715,6,26
418681,418709,418714,5,28
418683,418710,418716,6,27
418683,418714,418716,2,31
418683,418709,418717,8,26
418683,418713,418717,4,30
418683,418710,418717,7,27
418683,418715,418718,3,32
418683,418715,418718,3,32
418683,418715,418717,2,32
418683,418715,418717,2,32
418683,418713,418718,5,30
418681,418681,418707,26,0
418681,418706,418717,11,25
418681,418709,418719,10,28
418681,418705,418718,13,24
418683,418711,418718,7,28
418683,418717,418720,3,34
418683,418716,418720,4,33
418683,418718,418720,2,35
418683,418716,418720,4,33
418683,418714,418720,6,31
418683,418715,418720,5,32
418683,418717,418721,4,34
418683,418718,418722,4,35
418683,418718,418722,4,35
418681,418703,418722,19,22
418681,418707,418722,15,26
418683,418718,418722,4,35
418683,418718,418722,4,35
418683,418718,418722,4,35
418683,418720,418723,3,37
418683,418719,418723,4,36
418681,418708,418720,12,27
418683,418710,418721,11,27
418683,418719,418721,2,36
418683,418720,418724,4,37
418683,418721,418725,4,38
418683,418722,418725,3,39
418683,418722,418725,3,39
418683,418722,418725,3,39
418683,418709,418725,16,26
418683,418722,418725,3,39
418683,418722,418725,3,39
418683,418721,418726,5,38
418683,418721,418725,4,38
418683,418719,418726,7,36
418683,418725,418726,1,42
418683,418721,418726,5,38
418683,418719,418726,7,36
418683,418724,418727,3,41
418683,418723,418727,4,40
418683,418725,418728,3,42
418683,418725,418728,3,42
418683,418725,418728,3,42
418683,418716,418728,12,33
418683,418724,418728,4,41
418683,418725,418729,4,42
418683,418722,418729,7,39
418683,418722,418731,9,39
418683,418716,418733,17,33
418683,418720,418733,13,37
418683,418718,418734,16,35
418683,418724,418737,13,41
418683,418724,418741,17,41
418683,418719,418726,7,36
418683,418724,418728,4,41
417966,417966,419015,1049,0
417491,417520,419019,1499,29
419023,419023,419027,4,0
419023,419023,419028,5,0
419023,419023,419027,4,0
419023,419023,419027,4,0
419023,419023,419028,5,0
419023,419023,419027,4,0
419023,419023,419027,4,0
419023,419023,419027,4,0
419023,419023,419027,4,0
419023,419023,419027,4,0
419023,419023,419027,4,0
419023,419023,419028,5,0
419023,419023,419029,6,0
419023,419023,419029,6,0
419023,419023,419028,5,0
419023,419023,419029,6,0
419023,419023,419029,6,0
419023,419023,419029,6,0
419023,419023,419029,6,0
419023,419023,419030,7,0
419023,419028,419030,2,5
419023,419023,419028,5,0
419023,419023,419029,6,0
419023,419027,419031,4,4
419023,419028,419030,2,5
419023,419028,419031,3,5
419023,419023,419031,8,0
419023,419028,419032,4,5
419023,419023,419032,9,0
419023,419028,419032,4,5
419023,419028,419032,4,5
419023,419029,419031,2,6
419023,419029,419032,3,6
419023,419028,419032,4,5
419023,419028,419033,5,5
419023,419028,419033,5,5
419023,419029,419033,4,6
419023,419030,419032,2,7
419023,419030,419033,3,7
419023,419028,419034,6,5
419023,419031,419033,2,8
419023,419031,419034,3,8
419023,419032,419035,3,9
419023,419028,419033,5,5
419023,419032,419035,3,9
419023,419030,419035,5,7
419023,419029,419035,6,6
419023,419032,419035,3,9
419023,419031,419035,4,8
419023,419030,419036,6,7
419023,419032,419036,4,9
419023,419033,419036,3,10
419023,419034,419037,3,11
419023,419023,419036,13,0
419023,419032,419037,5,9
419023,419034,419037,3,11
419023,419035,419037,2,12
419023,419030,419038,8,7
419023,419033,419038,5,10
419023,419033,419038,5,10
419023,419033,419038,5,10
419023,419035,419038,3,12
419023,419032,419039,7,9
419023,419033,419039,6,10
419023,419035,419039,4,12
419023,419032,419039,7,9
419023,419034,419039,5,11
419023,419031,419033,2,8
419023,419035,419045,10,12
419023,419031,419043,12,8
417580,417600,419113,1513,20
419115,419115,419117,2,0
419115,419115,419119,4,0
419115,419115,419119,4,0
419115,419115,419119,4,0
419115,419115,419119,4,0
419115,419115,419119,4,0
419115,419115,419119,4,0
419115,419115,419120,5,0
419115,419115,419120,5,0
418135,418151,419120,969,16
419115,419115,419120,5,0
419115,419115,419121,6,0
419115,419115,419121,6,0
419115,419115,419120,5,0
419115,419115,419121,6,0
419115,419115,419121,6,0
419115,419119,419121,2,4
419115,419115,419121,6,0
419115,419115,419123,8,0
419115,419118,419122,4,3
419115,419120,419122,2,5
419115,419119,419123,4,4
419115,419116,419123,7,1
419115,419119,419124,5,4
419115,419121,419124,3,6
419115,419121,419124,3,6
419115,419115,419124,9,0
419115,419120,419123,3,5
419115,419121,419124,3,6
419115,419121,419124,3,6
419115,419119,419123,4,4
419115,419116,419124,8,1
419115,419116,419124,8,1
419115,419119,419123,4,4
419115,419123,419125,2,8
419115,419119,419124,5,4
419115,419121,419125,4,6
419115,419120,419126,6,5
419115,419123,419126,3,8
419115,419121,419127,6,6
419115,419124,419127,3,9
419115,419124,419126,2,9
419115,419123,419127,4,8
419115,419124,419127,3,9
419115,419124,419126,2,9
419115,419124,419127,3,9
419115,419124,419128,4,9
419115,419125,419127,2,10
419115,419124,419128,4,9
419115,419125,419128,3,10
419115,419124,419128,4,9
419115,419115,419128,13,0
419115,419121,419128,7,6
419115,419126,419129,3,11
419115,419127,419130,3,12
419115,419127,419130,3,12
419115,419125,419130,5,10
419115,419127,419130,3,12
419115,419127,419130,3,12
419115,419123,419130,7,8
419115,419115,419131,16,0
419115,419123,419130,7,8
419115,419125,419131,6,10
419115,419126,419131,5,11
419115,419124,419131,7,9
419115,419124,419131,7,9
419115,419127,419132,5,12
419122,419129,419132,3,7
419122,419130,419133,3,8
419122,419130,419133,3,8
419115,419127,419133,6,12
419122,419128,419133,5,6
419115,419120,419134,14,5
419122,419130,419134,4,8
419122,419128,419135,7,6
419122,419129,419135,6,7
419122,419128,419135,7,6
419122,419132,419135,3,10
419122,419130,419135,5,8
419122,419129,419136,7,7
419122,419133,419136,3,11
419122,419133,419136,3,11
419122,419130,419136,6,8
419122,419133,419137,4,11
419122,419132,419138,6,10
419122,419135,419138,3,13
419122,419135,419139,4,13
419122,419135,419139,4,13
419122,419136,419139,3,14
419122,419132,419140,8,10
419122,419131,419139,8,9
419122,419136,419140,4,14
419122,419136,419139,3,14
419122,419133,419140,7,11
419122,419135,419140,5,13
419122,419130,419140,10,8
419122,419138,419140,2,16
419122,419139,419141,2,17
419122,419131,419141,10,9
419122,419131,419141,10,9
419122,419131,419141,10,9
419122,419132,419142,10,10
419122,419140,419142,2,18
419122,419129,419142,13,7
419122,419134,419142,8,12
419122,419139,419142,3,17
419122,419136,419142,6,14
419122,419140,419142,2,18
419122,419141,419142,1,19
419122,419141,419143,2,19
419122,419135,419143,8,13
419122,419140,419143,3,18
419122,419140,419143,3,18
419122,419128,419143,15,6
419122,419141,419143,2,19
419122,419142,419144,2,20
419122,419141,419144,3,19
419122,419139,419144,5,17
419122,419140,419145,5,18
419122,419141,419145,4,19
419122,419142,419145,3,20
419122,419144,419145,1,22
419122,419143,419145,2,21
419122,419143,419145,2,21
419122,419143,419145,2,21
419115,419115,419145,30,0
419122,419136,419146,10,14
419122,419140,419146,6,18
419122,419141,419146,5,19
419122,419144,419146,2,22
419122,419143,419147,4,21
419122,419141,419146,5,19
419122,419144,419146,2,22
419122,419144,419147,3,22
419122,419142,419147,5,20
419115,419115,419147,32,0
419122,419141,419147,6,19
419122,419144,419148,4,22
419122,419142,419147,5,20
419122,419142,419148,6,20
419122,419143,419149,6,21
418173,418187,419153,966,14
419172,419172,419175,3,0
419172,419172,419176,4,0
419172,419172,419176,4,0
419172,419172,419175,3,0
419172,419172,419177,5,0
419172,419172,419177,5,0
419172,419172,419178,6,0
419172,419172,419177,5,0
419172,419172,419178,6,0
419172,419172,419177,5,0
419172,419172,419178,6,0
419172,419175,419179,4,3
419172,419176,419179,3,4
419172,419172,419179,7,0
419172,419172,419180,8,0
419172,419172,419179,7,0
419172,419172,419179,7,0
419172,419176,419180,4,4
419172,419172,419180,8,0
419172,419172,419180,8,0
419172,419172,419181,9,0
419172,419178,419181,3,6
419172,419172,419181,9,0
419172,419172,419181,9,0
419172,419172,419182,10,0
419172,419179,419182,3,7
419172,419179,419182,3,7
419172,419180,419183,3,8
419172,419180,419183,3,8
419172,419181,419183,2,9
419172,419172,419183,11,0
419172,419172,419183,11,0
419172,419180,419183,3,8
419172,419172,419184,12,0
419172,419179,419183,4,7
419172,419178,419184,6,6
419172,419176,419183,7,4
419172,419180,419183,3,8
419172,419180,419183,3,8
419172,419178,419184,6,6
419172,419178,419184,6,6
419172,419172,419183,11,0
419172,419182,419185,3,10
419172,419182,419185,3,10
419172,419183,419185,2,11
419172,419182,419186,4,10
419172,419183,419185,2,11
419172,419182,419186,4,10
419172,419183,419186,3,11
419172,419181,419186,5,9
419172,419181,419186,5,9
419172,419184,419187,3,12
419172,419184,419187,3,12
419172,419184,419187,3,12
419172,419181,419187,6,9
419172,419177,419187,10,5
419172,419183,419187,4,11
419172,419186,419188,2,14
419172,419186,419189,3,14
419172,419184,419189,5,12
419172,419186,419189,3,14
419172,419183,419190,7,11
419172,419183,419190,7,11
419172,419182,419188,6,10
419172,419185,419189,4,13
419172,419184,419192,8,12
419172,419184,419192,8,12
419172,419184,419199,15,12
419172,419177,419187,10,5
419172,419209,419212,3,37
417745,417760,419232,1472,15
419238,419238,419241,3,0
419238,419238,419240,2,0
419238,419238,419240,2,0
419238,419238,419241,3,0
419238,419238,419241,3,0
419238,419238,419242,4,0
419238,419238,419242,4,0
419238,419238,419242,4,0
419238,419238,419242,4,0
419238,419238,419243,5,0
419238,419238,419244,6,0
419238,419238,419243,5,0
419238,419238,419243,5,0
419238,419238,419243,5,0
419238,419238,419243,5,0
419238,419241,419243,2,3
419238,419238,419244,6,0
419238,419238,419243,5,0
419238,419238,419244,6,0
419238,419238,419244,6,0
419238,419241,419244,3,3
419238,419241,419244,3,3
419238,419238,419245,7,0
419238,419244,419247,3,6
419238,419245,419247,2,7
419238,419244,419247,3,6
419238,419238,419246,8,0
419238,419238,419247,9,0
419238,419244,419247,3,6
419238,419242,419246,4,4
419238,419244,419247,3,6
419238,419242,419247,5,4
419238,419245,419247,2,7
419238,419245,419248,3,7
419238,419244,419248,4,6
419238,419238,419248,10,0
419238,419246,419248,2,8
419238,419247,419249,2,9
419238,419247,419249,2,9
419238,419247,419249,2,9
419238,419247,419250,3,9
419238,419247,419249,2,9
419238,419244,419250,6,6
419238,419247,419250,3,9
419238,419244,419250,6,6
419238,419247,419251,4,9
419238,419244,419249,5,6
419238,419248,419251,3,10
419238,419248,419251,3,10
419238,419243,419251,8,5
419238,419250,419252,2,12
419238,419249,419251,2,11
419238,419249,419251,2,11
419238,419249,419253,4,11
419238,419248,419253,5,10
419238,419250,419252,2,12
419238,419250,419252,2,12
419238,419250,419252,2,12
419238,419243,419251,8,5
419238,419251,419254,3,13
419238,419249,419254,5,11
419238,419244,419254,10,6
419238,419245,419254,9,7
419238,419247,419253,6,9
419238,419251,419255,4,13
419238,419254,419259,5,16
419238,419254,419258,4,16
418215,418215,419261,1046,0
419238,419251,419263,12,13
419238,419243,419263,20,5
418291,418303,419267,964,12
419268,419268,419273,5,0
419268,419268,419273,5,0
419268,419268,419272,4,0
419268,419268,419272,4,0
419268,419268,419272,4,0
419268,419268,419274,6,0
419268,419268,419274,6,0
419268,419268,419273,5,0
419268,419268,419273,5,0
419268,419268,419273,5,0
419268,419268,419274,6,0
419268,419268,419274,6,0
419268,419268,419275,7,0
419268,419268,419276,8,0
419268,419268,419275,7,0
419268,419268,419276,8,0
419268,419273,419276,3,5
419268,419273,419277,4,5
419268,419274,419277,3,6
419268,419268,419277,9,0
419268,419268,419277,9,0
419268,419275,419277,2,7
419268,419274,419277,3,6
419268,419274,419277,3,6
419268,419274,419278,4,6
419268,419268,419278,10,0
419268,419268,419278,10,0
419268,419273,419279,6,5
419268,419268,419277,9,0
419268,419277,419279,2,9
419268,419277,419279,2,9
419268,419278,419280,2,10
419268,419273,419279,6,5
419268,419277,419279,2,9
419268,419276,419281,5,8
419268,419273,419281,8,5
419268,419278,419280,2,10
419268,419278,419281,3,10
419268,419278,419280,2,10
419268,419268,419281,13,0
419268,419278,419281,3,10
419268,419276,419281,5,8
419268,419280,419282,2,12
419268,419280,419282,2,12
419268,419279,419281,2,11
419268,419279,419281,2,11
419268,419278,419282,4,10
419268,419276,419282,6,8
419268,419279,419283,4,11
419268,419280,419282,2,12
419268,419280,419283,3,12
419268,419277,419284,7,9
419268,419279,419283,4,11
419268,419282,419284,2,14
419268,419281,419284,3,13
419268,419281,419284,3,13
419268,419281,419284,3,13
419268,419281,419284,3,13
419268,419268,419283,15,0
419268,419278,419284,6,10
419268,419274,419284,10,6
419268,419282,419285,3,14
419268,419282,419285,3,14
419268,419282,419284,2,14
419268,419274,419285,11,6
419268,419281,419286,5,13
419268,419282,419286,4,14
419268,419282,419286,4,14
419268,419282,419288,6,14
419268,419268,419275,7,0
419238,419243,419276,33,5
417780,417794,419304,1510,14
419309,419309,419312,3,0
419309,419309,419312,3,0
419309,419309,419312,3,0
418241,418241,419313,1072,0
419309,419309,419312,3,0
419309,419309,419313,4,0
419309,419310,419314,4,1
419309,419309,419314,5,0
419309,419310,419314,4,1
419309,419309,419315,6,0
419309,419309,419315,6,0
419309,419309,419315,6,0
419309,419309,419315,6,0
419309,419309,419315,6,0
419309,419313,419315,2,4
419309,419313,419315,2,4
419309,419309,419316,7,0
419309,419309,419316,7,0
419309,419313,419316,3,4
419309,419311,419317,6,2
419309,419309,419317,8,0
419309,419309,419317,8,0
419309,419309,419317,8,0
419309,419314,419317,3,5
419309,419315,419318,3,6
419309,419316,419318,2,7
419309,419316,419318,2,7
419309,419314,419317,3,5
419309,419315,419318,3,6
419309,419309,419319,10,0
419309,419309,419319,10,0
419309,419314,419319,5,5
419309,419318,419320,2,9
419309,419317,419319,2,8
419309,419317,419319,2,8
419309,419318,419320,2,9
419309,419318,419320,2,9
419309,419316,419321,5,7
419309,419319,419321,2,10
419309,419319,419321,2,10
419309,419310,419321,11,1
419309,419317,419322,5,8
419309,419318,419322,4,9
419309,419316,419322,6,7
419309,419318,419322,4,9
419309,419316,419322,6,7
419309,419316,419322,6,7
419309,419320,419322,2,11
419309,419320,419322,2,11
419309,419320,419322,2,11
419309,419320,419322,2,11
419309,419320,419322,2,11
419309,419310,419322,12,1
419309,419317,419323,6,8
419309,419321,419323,2,12
419309,419321,419323,2,12
419309,419322,419324,2,13
419309,419322,419324,2,13
419309,419322,419326,4,13
419309,419322,419326,4,13
419309,419316,419326,10,7
419309,419320,419326,6,11
419309,419323,419327,4,14
419309,419323,419326,3,14
419309,419323,419327,4,14
419309,419323,419327,4,14
419309,419310,419328,18,1
419309,419322,419331,9,13
419309,419319,419326,7,10
419309,419319,419327,8,10
419309,419310,419349,39,1
418429,418443,419364,921,14
419372,419372,419376,4,0
419372,419372,419375,3,0
419372,419372,419376,4,0
419372,419372,419376,4,0
419372,419372,419376,4,0
419372,419372,419377,5,0
419372,419372,419377,5,0
419372,419372,419377,5,0
419372,419372,419379,7,0
419372,419372,419380,8,0
419372,419372,419381,9,0
419372,419372,419381,9,0
419372,419377,419380,3,5
419372,419377,419380,3,5
419372,419372,419382,10,0
419372,419376,419381,5,4
419372,419379,419382,3,7
419372,419376,419381,5,4
419372,419380,419382,2,8
419372,419378,419382,4,6
419372,419378,419382,4,6
419372,419372,419382,10,0
419372,419381,419383,2,9
419372,419372,419383,11,0
419372,419372,419383,11,0
419372,419381,419383,2,9
419372,419381,419383,2,9
419372,419382,419384,2,10
419372,419382,419384,2,10
419372,419382,419384,2,10
419372,419382,419384,2,10
419372,419383,419385,2,11
419372,419383,419385,2,11
419372,419383,419385,2,11
419372,419384,419386,2,12
419372,419372,419386,14,0
419372,419384,419386,2,12
419372,419384,419386,2,12
419372,419384,419386,2,12
419372,419384,419386,2,12
419372,419384,419386,2,12
419372,419385,419387,2,13
419372,419372,419387,15,0
419372,419382,419387,5,10
419372,419384,419387,3,12
419372,419381,419388,7,9
419372,419383,419387,4,11
419372,419386,419388,2,14
419372,419386,419388,2,14
419372,419385,419388,3,13
419372,419372,419389,17,0
419372,419387,419390,3,15
419372,419387,419389,2,15
419372,419387,419390,3,15
419372,419387,419389,2,15
419372,419387,419389,2,15
419372,419387,419390,3,15
419372,419384,419391,7,12
419372,419388,419392,4,16
419372,419388,419392,4,16
419372,419387,419392,5,15
419372,419378,419385,7,6
419372,419377,419389,12,5
419372,419388,419394,6,16
419372,419372,419394,22,0
419372,419372,419399,27,0
419372,419372,419400,28,0
419372,419372,419400,28,0
419372,419372,419407,35,0
419372,419372,419412,40,0
418432,418458,419427,969,26
419437,419437,419440,3,0
419437,419437,419441,4,0
419437,419437,419441,4,0
419437,419437,419442,5,0
419437,419437,419442,5,0
419437,419437,419442,5,0
419437,419437,419443,6,0
419437,419437,419443,6,0
419437,419437,419443,6,0
419437,419437,419444,7,0
419437,419437,419444,7,0
419437,419437,419444,7,0
419437,419441,419445,4,4
419437,419437,419445,8,0
419437,419437,419446,9,0
419437,419441,419446,5,4
419437,419437,419446,9,0
419437,419443,419446,3,6
419437,419443,419446,3,6
419437,419441,419445,4,4
419437,419443,419447,4,6
419437,419442,419447,5,5
419437,419443,419447,4,6
419437,419444,419447,3,7
419437,419444,419447,3,7
419437,419438,419448,10,1
419437,419446,419448,2,9
419437,419445,419448,3,8
419437,419446,419448,2,9
419437,419446,419448,2,9
419437,419437,419448,11,0
419437,419437,419448,11,0
419437,419446,419449,3,9
419437,419446,419449,3,9
419437,419446,419449,3,9
419437,419437,419450,13,0
419437,419446,419450,4,9
419437,419447,419450,3,10
419437,419448,419450,2,11
419437,419447,419450,3,10
419437,419447,419450,3,10
419437,419448,419450,2,11
419437,419445,419451,6,8
419437,419449,419451,2,12
419437,419449,419451,2,12
419437,419449,419451,2,12
419437,419445,419451,6,8
419437,419448,419452,4,11
419437,419449,419452,3,12
419437,419450,419452,2,13
417653,417689,419452,1763,36
419437,419447,419452,5,10
419437,419450,419452,2,13
419437,419450,419452,2,13
419437,419449,419453,4,12
419437,419451,419453,2,14
419437,419451,419453,2,14
419437,419452,419454,2,15
419437,419452,419454,2,15
419437,419450,419454,4,13
419437,419451,419454,3,14
419437,419450,419455,5,13
419437,419450,419455,5,13
419437,419450,419453,3,13
419437,419437,419456,19,0
419437,419437,419456,19,0
419453,419454,419457,3,1
419453,419454,419456,2,1
419453,419454,419456,2,1
419453,419454,419456,2,1
419453,419453,419457,4,0
419453,419454,419457,3,1
419437,419437,419458,21,0
419437,419437,419457,20,0
419437,419449,419457,8,12
419453,419453,419458,5,0
419453,419453,419459,6,0
419453,419453,419459,6,0
419453,419454,419458,4,1
419453,419455,419459,4,2
419453,419455,419459,4,2
419453,419457,419460,3,4
419453,419457,419460,3,4
419453,419453,419460,7,0
419453,419453,419459,6,0
419453,419457,419460,3,4
419453,419457,419460,3,4
419453,419456,419460,4,3
419453,419455,419460,5,2
419453,419457,419460,3,4
419453,419453,419460,7,0
419437,419437,419460,23,0
419437,419437,419461,24,0
419453,419453,419460,7,0
419453,419457,419461,4,4
419453,419456,419461,5,3
419453,419458,419462,4,5
419453,419459,419462,3,6
419453,419459,419462,3,6
419453,419458,419462,4,5
419453,419453,419463,10,0
419453,419461,419463,2,8
419453,419460,419463,3,7
419453,419460,419464,4,7
419453,419461,419464,3,8
419453,419462,419464,2,9
419453,419460,419464,4,7
419453,419460,419464,4,7
419453,419461,419464,3,8
419453,419460,419464,4,7
419453,419458,419465,7,5
419453,419461,419465,4,8
419453,419461,419465,4,8
419453,419461,419465,4,8
419453,419459,419465,6,6
419453,419460,419465,5,7
419453,419460,419464,4,7
419453,419462,419465,3,9
419453,419460,419465,5,7
419453,419460,419465,5,7
419453,419461,419466,5,8
419453,419463,419466,3,10
419453,419464,419466,2,11
419453,419460,419467,7,7
419453,419464,419467,3,11
419453,419464,419466,2,11
419453,419464,419467,3,11
419453,419464,419467,3,11
419453,419464,419467,3,11
419453,419464,419467,3,11
419453,419465,419469,4,12
419453,419463,419470,7,10
419453,419465,419470,5,12
419453,419465,419470,5,12
419453,419465,419470,5,12
419453,419465,419472,7,12
419453,419458,419465,7,5
419453,419465,419481,16,12
419453,419465,419492,27,12
419453,419462,419495,33,9
418305,418305,419497,1192,0
419453,419465,419497,32,12
418332,418332,419524,1192,0
418608,418616,419582,966,8
419583,419583,419587,4,0
419583,419583,419586,3,0
419583,419583,419586,3,0
419583,419583,419587,4,0
419583,419583,419587,4,0
419583,419583,419588,5,0
419583,419587,419589,2,4
419583,419583,419588,5,0
419583,419583,419588,5,0
419583,419583,419589,6,0
419583,419587,419589,2,4
419583,419587,419590,3,4
419583,419588,419590,2,5
419583,419587,419590,3,4
419583,419588,419590,2,5
419583,419589,419591,2,6
419583,419583,419591,8,0
419583,419583,419591,8,0
419583,419590,419592,2,7
419583,419589,419591,2,6
419583,419589,419592,3,6
419583,419589,419591,2,6
419583,419591,419593,2,8
419583,419583,419593,10,0
419583,419591,419593,2,8
419583,419591,419593,2,8
419583,419591,419593,2,8
419583,419591,419593,2,8
419583,419592,419594,2,9
419583,419592,419594,2,9
419583,419583,419595,12,0
419583,419592,419594,2,9
419583,419592,419595,3,9
419583,419592,419595,3,9
419583,419593,419595,2,10
419583,419583,419596,13,0
419583,419592,419596,4,9
419583,419583,419596,13,0
419583,419594,419596,2,11
419583,419594,419597,3,11
419583,419594,419597,3,11
419583,419594,419596,2,11
419583,419594,419597,3,11
419583,419594,419596,2,11
419583,419583,419598,15,0
419583,419595,419598,3,12
419583,419595,419598,3,12
419583,419595,419598,3,12
419583,419595,419597,2,12
419583,419594,419598,4,11
419583,419596,419599,3,13
419583,419583,419599,16,0
419583,419583,419599,16,0
419583,419595,419599,4,12
419583,419596,419600,4,13
419583,419597,419600,3,14
419583,419597,419600,3,14
419583,419597,419600,3,14
419583,419597,419599,2,14
419583,419583,419601,18,0
419583,419596,419600,4,13
419583,419597,419600,3,14
419583,419583,419601,18,0
419583,419583,419591,8,0
419583,419583,419591,8,0
419583,419583,419594,11,0
419583,419596,419602,6,13
419583,419598,419602,4,15
419583,419583,419604,21,0
419583,419583,419605,22,0
418399,418399,419614,1215,0
418596,418596,419630,1034,0
418564,418576,419640,1064,12
419642,419642,419646,4,0
419642,419642,419647,5,0
419642,419642,419647,5,0
419642,419642,419647,5,0
419642,419642,419647,5,0
419642,419642,419647,5,0
419642,419642,419647,5,0
419642,419642,419647,5,0
419642,419642,419648,6,0
419642,419647,419649,2,5
419642,419642,419649,7,0
419642,419646,419649,3,4
419642,419647,419649,2,5
419642,419647,419650,3,5
419642,419647,419650,3,5
419642,419648,419650,2,6
419642,419647,419651,4,5
419642,419648,419651,3,6
419642,419650,419651,1,8
419642,419642,419652,10,0
419642,419647,419652,5,5
419642,419650,419652,2,8
419642,419651,419652,1,9
419642,419651,419652,1,9
419642,419650,419652,2,8
419642,419650,419652,2,8
419642,419642,419653,11,0
419642,419642,419652,10,0
419642,419650,419653,3,8
419642,419652,419653,1,10
419642,419651,419654,3,9
419642,419653,419654,1,11
419642,419653,419655,2,11
419642,419653,419655,2,11
419642,419642,419655,13,0
419642,419651,419655,4,9
419642,419653,419655,2,11
419642,419653,419655,2,11
419642,419642,419655,13,0
419642,419642,419655,13,0
419642,419642,419656,14,0
419642,419654,419656,2,12
419642,419654,419656,2,12
419642,419655,419657,2,13
419642,419642,419657,15,0
419642,419652,419657,5,10
419642,419655,419657,2,13
419642,419653,419657,4,11
419642,419655,419657,2,13
419642,419655,419657,2,13
419642,419656,419658,2,14
419642,419653,419658,5,11
419642,419653,419658,5,11
419642,419642,419658,16,0
419642,419642,419658,16,0
419642,419656,419658,2,14
419642,419656,419658,2,14
419642,419642,419659,17,0
419642,419657,419659,2,15
419642,419657,419659,2,15
419642,419655,419660,5,13
419642,419656,419660,4,14
419642,419657,419660,3,15
419642,419642,419661,19,0
419642,419656,419661,5,14
419642,419657,419661,4,15
418622,418622,419668,1046,0
419642,419642,419666,24,0
419642,419643,419666,23,1
419642,419642,419667,25,0
418364,418364,419671,1307,0
419642,419656,419676,20,14
418686,418726,419697,971,40
418176,418207,419698,1491,31
419699,419699,419702,3,0
419699,419699,419703,4,0
419699,419699,419703,4,0
419699,419699,419704,5,0
419699,419699,419704,5,0
419699,419699,419704,5,0
419699,419702,419704,2,3
419699,419699,419704,5,0
419699,419699,419704,5,0
419699,419703,419705,2,4
419699,419703,419705,2,4
419699,419699,419705,6,0
419699,419699,419705,6,0
419699,419699,419706,7,0
419699,419704,419706,2,5
419699,419699,419706,7,0
419699,419704,419707,3,5
419699,419699,419707,8,0
419699,419704,419707,3,5
419699,419704,419706,2,5
419699,419699,419707,8,0
419699,419705,419707,2,6
419699,419705,419707,2,6
419699,419705,419707,2,6
419699,419706,419708,2,7
419699,419706,419708,2,7
419699,419706,419709,3,7
419699,419707,419709,2,8
419699,419707,419709,2,8
419699,419707,419709,2,8
419699,419706,419709,3,7
419699,419707,419710,3,8
419699,419707,419709,2,8
419699,419708,419710,2,9
419699,419707,419710,3,8
419699,419707,419711,4,8
419699,419699,419710,11,0
419699,419707,419710,3,8
419699,419707,419711,4,8
419699,419708,419710,2,9
419699,419710,419712,2,11
419699,419699,419711,12,0
419699,419709,419712,3,10
419699,419711,419712,1,12
419699,419710,419712,2,11
419699,419710,419712,2,11
419699,419711,419713,2,12
418498,418499,419713,1214,1
419699,419705,419712,7,6
419699,419710,419713,3,11
419699,419710,419713,3,11
419699,419712,419714,2,13
419699,419699,419714,15,0
419699,419711,419714,3,12
419699,419712,419714,2,13
419699,419700,419715,15,1
419699,419710,419715,5,11
419699,419712,419715,3,13
419699,419711,419715,4,12
419699,419713,419715,2,14
419699,419711,419715,4,12
419699,419712,419716,4,13
419704,419715,419717,2,11
419699,419699,419709,10,0
419699,419699,419711,12,0
419704,419714,419718,4,10
419704,419715,419718,3,11
419704,419716,419718,2,12
419699,419699,419713,14,0
419704,419713,419719,6,9
419704,419714,419719,5,10
419704,419716,419719,3,12
419699,419699,419719,20,0
419704,419713,419719,6,9
419699,419699,419720,21,0
419704,419713,419720,7,9
419704,419715,419720,5,11
419704,419718,419721,3,14
419704,419718,419721,3,14
419704,419719,419721,2,15
419704,419715,419722,7,11
419704,419714,419722,8,10
419704,419716,419721,5,12
419699,419699,419722,23,0
419704,419719,419722,3,15
419704,419720,419723,3,16
419704,419718,419723,5,14
419704,419720,419723,3,16
419704,419719,419723,4,15
419704,419722,419725,3,18
419704,419723,419725,2,19
419704,419715,419725,10,11
419704,419722,419726,4,18
419704,419722,419725,3,18
419704,419723,419725,2,19
419704,419724,419726,2,20
419699,419699,419726,27,0
419704,419717,419726,9,13
419704,419724,419726,2,20
419704,419724,419726,2,20
419704,419725,419727,2,21
419704,419725,419727,2,21
419704,419722,419727,5,18
419704,419722,419727,5,18
419704,419722,419727,5,18
419704,419713,419727,14,9
419704,419720,419727,7,16
419704,419722,419727,5,18
419704,419726,419728,2,22
419704,419726,419728,2,22
419704,419726,419728,2,22
419704,419726,419728,2,22
419704,419727,419729,2,23
419704,419727,419729,2,23
419704,419725,419729,4,21
419704,419727,419729,2,23
419704,419727,419729,2,23
419704,419728,419730,2,24
419704,419728,419730,2,24
419704,419728,419730,2,24
419704,419728,419730,2,24
419704,419729,419731,2,25
419704,419727,419731,4,23
419704,419727,419731,4,23
419704,419728,419731,3,24
419704,419728,419731,3,24
419704,419729,419731,2,25
419704,419718,419724,6,14
419704,419727,419732,5,23
419704,419718,419724,6,14
419704,419727,419732,5,23
419704,419730,419732,2,26
419704,419729,419733,4,25
419704,419720,419732,12,16
419699,419699,419728,29,0
419704,419720,419733,13,16
419704,419726,419735,9,22
419704,419726,419737,11,22
419699,419711,419738,27,12
419704,419723,419756,33,19
418565,418565,419768,1203,0
419704,419719,419771,52,15
418125,418136,419877,1741,11
419898,419899,419901,2,1
419898,419899,419901,2,1
419898,419899,419902,3,1
419898,419899,419903,4,1
419898,419899,419904,5,1
419898,419898,419904,6,0
419898,419899,419904,5,1
419898,419899,419904,5,1
419898,419899,419904,5,1
419898,419902,419904,2,4
419898,419898,419904,6,0
419898,419899,419904,5,1
419898,419902,419905,3,4
419898,419899,419905,6,1
419898,419903,419906,3,5
419898,419899,419906,7,1
419898,419899,419906,7,1
419898,419899,419906,7,1
419898,419898,419907,9,0
419898,419905,419908,3,7
419898,419905,419907,2,7
419898,419905,419907,2,7
418411,418425,419908,1483,14
419898,419898,419908,10,0
419898,419904,419908,4,6
419898,419905,419908,3,7
419898,419907,419908,1,9
419898,419905,419908,3,7
419898,419907,419909,2,9
419898,419908,419910,2,10
419898,419908,419910,2,10
419898,419908,419910,2,10
419898,419905,419910,5,7
419898,419905,419910,5,7
419898,419906,419910,4,8
419898,419908,419910,2,10
419898,419907,419910,3,9
419898,419909,419911,2,11
419898,419909,419911,2,11
419898,419909,419911,2,11
419898,419909,419911,2,11
419898,419905,419911,6,7
419898,419905,419911,6,7
419898,419910,419912,2,12
419898,419910,419912,2,12
419898,419910,419912,2,12
419898,419909,419912,3,11
419898,419910,419912,2,12
419898,419911,419913,2,13
419898,419911,419913,2,13
419898,419909,419914,5,11
419898,419911,419913,2,13
419898,419911,419913,2,13
419898,419912,419914,2,14
419898,419912,419914,2,14
419898,419907,419915,8,9
419898,419911,419914,3,13
419898,419912,419914,2,14
419898,419911,419915,4,13
419898,419911,419915,4,13
419898,419911,419915,4,13
419898,419912,419916,4,14
419898,419912,419916,4,14
419898,419899,419913,14,1
419909,419913,419918,5,4
419909,419913,419918,5,4
419909,419913,419917,4,4
419909,419914,419918,4,5
419909,419915,419919,4,6
419909,419914,419921,7,5
419909,419914,419921,7,5
419909,419918,419922,4,9
419909,419916,419922,6,7
419909,419914,419922,8,5
419909,419918,419922,4,9
419909,419916,419922,6,7
419909,419915,419922,7,6
419909,419915,419922,7,6
419909,419918,419923,5,9
419909,419919,419922,3,10
419909,419916,419923,7,7
419909,419919,419923,4,10
419909,419921,419924,3,12
419909,419913,419925,12,4
419909,419921,419926,5,12
419909,419923,419926,3,14
419909,419924,419926,2,15
419909,419923,419927,4,14
419909,419924,419927,3,15
419909,419917,419927,10,8
419909,419923,419928,5,14
419909,419922,419927,5,13
419909,419926,419928,2,17
419909,419926,419928,2,17
419909,419924,419928,4,15
419909,419923,419928,5,14
419909,419923,419928,5,14
419909,419927,419929,2,18
419898,419899,419929,30,1
419909,419915,419930,15,6
419909,419927,419929,2,18
419909,419927,419930,3,18
419909,419929,419930,1,20
419909,419929,419930,1,20
419909,419929,419930,1,20
419909,419923,419930,7,14
419909,419928,419930,2,19
419909,419929,419931,2,20
419898,419899,419931,32,1
419909,419929,419931,2,20
419909,419928,419931,3,19
419909,419931,419932,1,22
419909,419931,419932,1,22
419909,419931,419933,2,22
419909,419931,419933,2,22
419909,419930,419932,2,21
419898,419899,419932,33,1
419909,419932,419934,2,23
419909,419917,419933,16,8
419909,419929,419933,4,20
419909,419931,419933,2,22
419898,419899,419929,30,1
419898,419899,419929,30,1
419909,419930,419934,4,21
419909,419929,419934,5,20
419909,419933,419934,1,24
419909,419933,419935,2,24
419909,419933,419935,2,24
419909,419926,419934,8,17
419909,419932,419934,2,23
419909,419930,419934,4,21
419909,419933,419935,2,24
419909,419933,419936,3,24
419898,419899,419936,37,1
419909,419932,419936,4,23
419898,419899,419937,38,1
419909,419932,419937,5,23
419909,419923,419938,15,14
419909,419923,419937,14,14
419909,419931,419937,6,22
419909,419918,419944,26,9
418481,418492,419967,1475,11
419989,419989,419992,3,0
419989,419989,419994,5,0
419989,419989,419993,4,0
419989,419989,419994,5,0
419989,419989,419993,4,0
419989,419989,419994,5,0
419989,419989,419995,6,0
419989,419992,419995,3,3
419989,419989,419996,7,0
419989,419989,419997,8,0
419989,419994,419997,3,5
419989,419994,419996,2,5
419989,419994,419997,3,5
419989,419995,419997,2,6
419989,419995,419997,2,6
419989,419994,419997,3,5
419989,419996,419998,2,7
419989,419997,419999,2,8
419989,419989,419999,10,0
419989,419997,419999,2,8
419989,419997,419999,2,8
419989,419997,420000,3,8
419989,419998,420000,2,9
419989,419989,420001,12,0
419989,419998,420001,3,9
419989,419999,420001,2,10
419989,419999,420001,2,10
419989,419989,420002,13,0
419989,419989,420002,13,0
419989,420000,420002,2,11
419989,420000,420002,2,11
419989,419989,420002,13,0
419989,420000,420002,2,11
419989,420001,420003,2,12
419989,420001,420003,2,12
419989,420000,420004,4,11
419989,419998,420004,6,9
419989,420001,420004,3,12
419989,420002,420004,2,13
419989,419989,420005,16,0
419989,420001,420005,4,12
419989,420002,420005,3,13
419989,420003,420005,2,14
419989,420003,420005,2,14
419989,420002,420006,4,13
419989,420003,420005,2,14
419989,420000,420005,5,11
419989,420005,420006,1,16
419989,419997,420006,9,8
419989,419989,420007,18,0
419989,420002,420006,4,13
419989,420003,420007,4,14
419989,420004,420007,3,15
419989,420006,420008,2,17
419989,420006,420007,1,17
419989,419989,420007,18,0
419989,420005,420008,3,16
419989,420005,420008,3,16
419989,420004,420008,4,15
419989,419989,420008,19,0
419989,419989,420008,19,0
419989,420005,420009,4,16
419989,420005,420009,4,16
419989,419989,420010,21,0
419989,419989,420010,21,0
419989,419989,420012,23,0
419989,419989,420012,23,0
419989,419989,420013,24,0
419989,419989,420015,26,0
419989,419989,420032,43,0
418539,418550,420034,1484,11
420059,420059,420062,3,0
420059,420059,420062,3,0
420059,420059,420063,4,0
420059,420059,420063,4,0
420059,420059,420066,7,0
420059,420059,420065,6,0
420059,420063,420065,2,4
420059,420059,420067,8,0
420059,420059,420066,7,0
420059,420063,420066,3,4
420059,420064,420067,3,5
420059,420064,420067,3,5
420059,420059,420069,10,0
420059,420066,420068,2,7
420059,420066,420069,3,7
420059,420066,420068,2,7
420059,420067,420069,2,8
420059,420067,420069,2,8
420059,420059,420069,10,0
420059,420059,420069,10,0
420059,420059,420069,10,0
420059,420067,420069,2,8
420059,420059,420066,7,0
420059,420059,420071,12,0
420059,420067,420070,3,8
420059,420069,420071,2,10
420059,420069,420071,2,10
420059,420069,420071,2,10
420059,420069,420071,2,10
420059,420067,420071,4,8
420059,420069,420071,2,10
420059,420059,420072,13,0
420059,420059,420072,13,0
420059,420070,420072,2,11
420059,420071,420073,2,12
420059,420071,420073,2,12
420059,420071,420073,2,12
420059,420069,420073,4,10
420059,420070,420074,4,11
420059,420072,420074,2,13
420059,420071,420075,4,12
420059,420071,420074,3,12
420059,420073,420075,2,14
420059,420073,420075,2,14
420059,420073,420075,2,14
420059,420071,420075,4,12
420059,420070,420075,5,11
420059,420073,420076,3,14
420059,420073,420077,4,14
420059,420074,420077,3,15
420059,420070,420077,7,11
420059,420075,420077,2,16
420059,420059,420078,19,0
420059,420075,420078,3,16
420059,420075,420077,2,16
420059,420075,420077,2,16
420059,420072,420078,6,13
420059,420071,420075,4,12
420059,420059,420078,19,0
420059,420074,420081,7,15
420059,420073,420082,9,14
420059,420059,420071,12,0
420059,420059,420079,20,0
420059,420059,420083,24,0
420059,420059,420084,25,0
420059,420059,420086,27,0
420059,420059,420087,28,0
420059,420059,420087,28,0
420059,420059,420089,30,0
420059,420059,420098,39,0
419117,419128,420111,983,11
420120,420121,420123,2,1
420120,420120,420124,4,0
420120,420120,420124,4,0
420120,420120,420124,4,0
420120,420120,420124,4,0
420120,420120,420124,4,0
420120,420120,420124,4,0
420120,420120,420126,6,0
420120,420120,420126,6,0
420120,420125,420126,1,5
420120,420125,420126,1,5
420120,420125,420126,1,5
420120,420120,420127,7,0
420120,420120,420127,7,0
420120,420120,420127,7,0
420120,420125,420127,2,5
420120,420120,420127,7,0
420120,420120,420128,8,0
420120,420120,420128,8,0
420120,420120,420128,8,0
420120,420127,420128,1,7
420120,420127,420129,2,7
420120,420120,420129,9,0
420120,420125,420129,4,5
420120,420127,420129,2,7
420120,420127,420129,2,7
420120,420120,420130,10,0
420120,420128,420130,2,8
420120,420128,420130,2,8
420120,420128,420130,2,8
420120,420127,420130,3,7
420120,420129,420131,2,9
420120,420129,420131,2,9
420120,420128,420131,3,8
420120,420120,420132,12,0
420120,420121,420132,11,1
420120,420129,420132,3,9
420120,420130,420133,3,10
420120,420130,420132,2,10
420120,420131,420133,2,11
420120,420131,420133,2,11
420120,420129,420133,4,9
420120,420129,420133,4,9
420120,420131,420133,2,11
420120,420131,420133,2,11
420120,420131,420133,2,11
420120,420131,420133,2,11
420120,420125,420134,9,5
420120,420132,420135,3,12
420120,420133,420135,2,13
420120,420130,420135,5,10
420120,420130,420135,5,10
420120,420133,420135,2,13
420120,420133,420135,2,13
420120,420133,420135,2,13
420120,420120,420136,16,0
420120,420128,420136,8,8
420120,420133,420137,4,13
420120,420133,420137,4,13
420120,420131,420137,6,11
420120,420134,420138,4,14
420120,420120,420136,16,0
420120,420120,420136,16,0
420120,420121,420139,18,1
420120,420121,420137,16,1
420120,420124,420138,14,4
420120,420120,420145,25,0
420120,420133,420149,16,13
420120,420121,420150,29,1
420120,420120,420152,32,0
418685,418725,420210,1485,40
420211,420211,420215,4,0
420211,420211,420215,4,0
420211,420211,420214,3,0
420211,420211,420215,4,0
420211,420211,420215,4,0
420211,420211,420216,5,0
420211,420211,420216,5,0
418682,418709,420216,1507,27
420211,420215,420217,2,4
420211,420215,420217,2,4
420211,420215,420217,2,4
420211,420211,420218,7,0
420211,420211,420217,6,0
420211,420211,420218,7,0
420211,420211,420218,7,0
420211,420211,420218,7,0
420211,420211,420218,7,0
420211,420216,420219,3,5
420211,420216,420219,3,5
420211,420216,420219,3,5
420211,420216,420218,2,5
420211,420217,420219,2,6
420211,420217,420219,2,6
420211,420217,420219,2,6
420211,420211,420219,8,0
420211,420218,420220,2,7
420211,420218,420221,3,7
420211,420218,420220,2,7
420211,420218,420222,4,7
420211,420218,420222,4,7
420211,420219,420222,3,8
420211,420219,420222,3,8
420211,420219,420221,2,8
420211,420219,420221,2,8
420211,420219,420223,4,8
420211,420219,420223,4,8
420211,420220,420222,2,9
420211,420219,420222,3,8
420211,420221,420224,3,10
420211,420222,420224,2,11
420211,420217,420224,7,6
420211,420211,420225,14,0
420211,420222,420225,3,11
420211,420222,420225,3,11
420211,420222,420225,3,11
420211,420211,420226,15,0
420211,420211,420225,14,0
420211,420219,420225,6,8
420211,420211,420226,15,0
420211,420223,420226,3,12
420211,420223,420226,3,12
420211,420223,420225,2,12
420211,420223,420226,3,12
420211,420222,420227,5,11
420211,420220,420227,7,9
420211,420211,420226,15,0
420211,420224,420227,3,13
420211,420225,420227,2,14
420211,420222,420228,6,11
420219,420226,420229,3,7
420219,420226,420229,3,7
420219,420225,420230,5,6
420211,420225,420231,6,14
420219,420226,420231,5,7
420219,420226,420232,6,7
420219,420226,420232,6,7
420219,420226,420233,7,7
420219,420231,420234,3,12
420219,420228,420234,6,9
420219,420226,420235,9,7
420219,420230,420235,5,11
420219,420233,420235,2,14
420219,420232,420236,4,13
420219,420227,420236,9,8
420219,420230,420236,6,11
420219,420235,420237,2,16
420211,420211,420236,25,0
420219,420226,420237,11,7
420219,420235,420237,2,16
420219,420234,420237,3,15
420219,420236,420238,2,17
420211,420211,420237,26,0
420211,420211,420238,27,0
420219,420225,420238,13,6
420219,420236,420238,2,17
420219,420230,420238,8,11
420219,420237,420239,2,18
420219,420226,420239,13,7
420219,420235,420239,4,16
420219,420237,420239,2,18
420219,420238,420239,1,19
420219,420237,420239,2,18
420219,420238,420239,1,19
420219,420237,420239,2,18
420211,420211,420240,29,0
420219,420238,420240,2,19
420219,420239,420241,2,20
420211,420211,420241,30,0
420219,420237,420241,4,18
420219,420226,420241,15,7
420219,420239,420241,2,20
420219,420240,420242,2,21
420211,420211,420241,30,0
420219,420238,420242,4,19
420219,420238,420242,4,19
420219,420237,420241,4,18
420219,420238,420241,3,19
420219,420240,420242,2,21
420211,420211,420227,16,0
420211,420211,420227,16,0
420211,420211,420237,26,0
420219,420240,420242,2,21
420219,420240,420242,2,21
420219,420240,420242,2,21
420219,420241,420243,2,22
420219,420241,420243,2,22
420219,420239,420243,4,20
420219,420227,420243,16,8
420219,420242,420244,2,23
420219,420242,420244,2,23
420219,420240,420245,5,21
420219,420228,420245,17,9
420219,420239,420245,6,20
420219,420239,420245,6,20
420219,420243,420245,2,24
420219,420242,420246,4,23
420219,420242,420246,4,23
420219,420242,420247,5,23
420219,420241,420248,7,22
420219,420242,420248,6,23
420219,420241,420249,8,22
420219,420242,420249,7,23
420219,420227,420249,22,8
420219,420231,420249,18,12
420219,420241,420249,8,22
420219,420227,420249,22,8
420211,420211,420250,39,0
420219,420243,420245,2,24
420211,420221,420248,27,10
420219,420243,420258,15,24
420219,420243,420265,22,24
419311,419323,420291,968,12
420291,420291,420295,4,0
420291,420291,420295,4,0
420291,420291,420295,4,0
420291,420291,420296,5,0
420291,420291,420296,5,0
420291,420291,420296,5,0
420291,420291,420296,5,0
420291,420291,420296,5,0
420291,420291,420297,6,0
420291,420291,420297,6,0
420291,420291,420297,6,0
420291,420291,420298,7,0
420291,420291,420297,6,0
420291,420291,420298,7,0
420291,420291,420298,7,0
420291,420296,420298,2,5
420291,420296,420298,2,5
420291,420291,420298,7,0
420291,420291,420299,8,0
420291,420297,420299,2,6
420291,420291,420300,9,0
420291,420291,420300,9,0
420291,420295,420300,5,4
420291,420296,420300,4,5
420291,420297,420299,2,6
420291,420291,420299,8,0
420291,420291,420300,9,0
420291,420298,420301,3,7
420291,420295,420301,6,4
420291,420298,420301,3,7
420291,420298,420301,3,7
420291,420291,420301,10,0
420291,420295,420302,7,4
420291,420298,420302,4,7
420291,420298,420302,4,7
420291,420299,420302,3,8
420291,420296,420301,5,5
420291,420298,420302,4,7
420291,420299,420303,4,8
420291,420300,420302,2,9
420291,420297,420301,4,6
420291,420301,420304,3,10
420291,420301,420304,3,10
420291,420301,420304,3,10
420291,420301,420304,3,10
420291,420302,420304,2,11
420291,420291,420305,14,0
420291,420300,420305,5,9
420291,420300,420305,5,9
420291,420303,420305,2,12
420291,420303,420306,3,12
420291,420303,420305,2,12
420291,420298,420305,7,7
420291,420301,420305,4,10
420291,420301,420306,5,10
420291,420303,420307,4,12
420291,420302,420308,6,11
420291,420300,420308,8,9
420291,420291,420303,12,0
420291,420303,420308,5,12
420291,420303,420309,6,12
420291,420299,420310,11,8
420291,420302,420310,8,11
420291,420291,420310,19,0
420291,420291,420311,20,0
420291,420291,420330,39,0
420291,420291,420337,46,0
420291,420291,420337,46,0
420291,420291,420343,52,0
419051,419051,420355,1304,0
420291,420291,420356,65,0
419454,419465,420394,929,11
420395,420395,420399,4,0
420395,420395,420399,4,0
420395,420395,420399,4,0
420395,420395,420399,4,0
420395,420395,420399,4,0
420395,420395,420400,5,0
420395,420395,420400,5,0
420395,420395,420400,5,0
420395,420395,420400,5,0
420395,420395,420400,5,0
420395,420395,420400,5,0
420395,420395,420401,6,0
420395,420395,420400,5,0
420395,420395,420401,6,0
420395,420395,420401,6,0
420395,420395,420400,5,0
420395,420395,420402,7,0
420395,420395,420402,7,0
420395,420400,420402,2,5
420395,420395,420402,7,0
420395,420395,420402,7,0
420395,420400,420403,3,5
420395,420395,420403,8,0
420395,420395,420403,8,0
420395,420395,420403,8,0
420395,420395,420403,8,0
420395,420400,420403,3,5
420395,420399,420403,4,4
420395,420395,420400,5,0
420395,420395,420404,9,0
420395,420401,420404,3,6
420395,420403,420405,2,8
420395,420403,420405,2,8
420395,420403,420405,2,8
420395,420401,420405,4,6
420395,420403,420405,2,8
420395,420395,420404,9,0
420395,420401,420406,5,6
420395,420403,420406,3,8
420395,420405,420406,1,10
420395,420399,420406,7,4
420395,420404,420406,2,9
420395,420404,420406,2,9
420395,420404,420406,2,9
420395,420399,420406,7,4
420395,420395,420406,11,0
420395,420401,420407,6,6
420395,420405,420407,2,10
420395,420399,420408,9,4
420395,420401,420408,7,6
420395,420404,420408,4,9
420395,420406,420408,2,11
420395,420406,420408,2,11
420395,420406,420408,2,11
420395,420406,420408,2,11
420395,420406,420408,2,11
420395,420404,420408,4,9
419438,419452,420409,957,14
420395,420399,420409,10,4
420395,420401,420408,7,6
420395,420395,420414,19,0
420395,420406,420414,8,11
420410,420411,420414,3,1
420410,420411,420414,3,1
420410,420411,420415,4,1
420410,420411,420415,4,1
420410,420411,420415,4,1
420410,420411,420415,4,1
420395,420396,420416,20,1
420395,420396,420416,20,1
420410,420411,420416,5,1
420410,420411,420416,5,1
420410,420411,420416,5,1
420410,420411,420416,5,1
420410,420411,420416,5,1
420410,420411,420416,5,1
420410,420411,420416,5,1
420410,420411,420417,6,1
420410,420411,420417,6,1
420410,420411,420417,6,1
420395,420401,420417,16,6
420410,420411,420418,7,1
420410,420416,420418,2,6
420410,420417,420418,1,7
420410,420417,420418,1,7
420410,420416,420418,2,6
420410,420415,420419,4,5
420395,420401,420419,18,6
420410,420411,420420,9,1
420410,420417,420419,2,7
420410,420411,420419,8,1
420410,420417,420419,2,7
420410,420418,420420,2,8
420410,420415,420420,5,5
420395,420403,420420,17,8
420410,420418,420420,2,8
420410,420418,420420,2,8
420410,420416,420420,4,6
420410,420411,420421,10,1
420410,420419,420421,2,9
420410,420419,420421,2,9
420410,420419,420421,2,9
420410,420419,420421,2,9
420410,420419,420421,2,9
420410,420416,420422,6,6
420410,420417,420422,5,7
420410,420417,420422,5,7
420410,420417,420422,5,7
420410,420418,420422,4,8
420410,420420,420422,2,10
420410,420420,420423,3,10
420410,420420,420422,2,10
420410,420420,420422,2,10
420410,420420,420423,3,10
420410,420421,420423,2,11
420410,420421,420423,2,11
420410,420422,420424,2,12
420410,420419,420423,4,9
420410,420415,420417,2,5
420395,420395,420419,24,0
420410,420417,420423,6,7
420410,420411,420424,13,1
420410,420422,420424,2,12
420410,420422,420425,3,12
420410,420422,420424,2,12
420410,420422,420424,2,12
420410,420420,420425,5,10
420410,420421,420425,4,11
420410,420422,420426,4,12
420410,420415,420426,11,5
420410,420421,420426,5,11
420410,420420,420427,7,10
420410,420423,420427,4,13
420410,420423,420428,5,13
420410,420423,420428,5,13
420410,420422,420429,7,12
420395,420404,420432,28,9
420395,420404,420434,30,9
420410,420411,420440,29,1
420395,420406,420452,46,11
420410,420417,420447,30,7
419027,419035,420511,1476,8
420511,420511,420515,4,0
420511,420511,420515,4,0
420511,420511,420515,4,0
420511,420511,420515,4,0
420511,420511,420515,4,0
420511,420511,420516,5,0
420511,420511,420516,5,0
420511,420511,420516,5,0
420511,420511,420516,5,0
420511,420511,420516,5,0
420511,420511,420516,5,0
420511,420511,420515,4,0
420511,420511,420517,6,0
420511,420511,420517,6,0
420511,420516,420517,1,5
420511,420516,420517,1,5
420511,420516,420517,1,5
420511,420511,420518,7,0
420511,420515,420518,3,4
420511,420516,420518,2,5
420511,420511,420518,7,0
420511,420517,420518,1,6
420511,420517,420518,1,6
420511,420511,420519,8,0
420511,420517,420519,2,6
420511,420517,420519,2,6
420511,420518,420520,2,7
420511,420517,420519,2,6
420511,420518,420520,2,7
420511,420518,420520,2,7
420511,420511,420520,9,0
420511,420519,420521,2,8
420511,420519,420521,2,8
420511,420519,420521,2,8
420511,420519,420521,2,8
420511,420519,420521,2,8
420511,420520,420522,2,9
420511,420511,420522,11,0
420511,420511,420522,11,0
420511,420516,420522,6,5
420511,420517,420521,4,6
420511,420517,420522,5,6
420511,420516,420520,4,5
420511,420520,420522,2,9
420511,420520,420522,2,9
420511,420520,420523,3,9
420511,420511,420522,11,0
420511,420511,420523,12,0
420511,420520,420523,3,9
420511,420521,420523,2,10
420511,420521,420523,2,10
420511,420522,420524,2,11
420511,420522,420524,2,11
420511,420522,420524,2,11
420511,420522,420524,2,11
420511,420522,420524,2,11
420511,420520,420525,5,9
420511,420518,420526,8,7
420511,420512,420521,9,1
420511,420511,420530,19,0
420511,420511,420530,19,0
420511,420511,420530,19,0
420511,420511,420535,24,0
420511,420511,420538,27,0
420511,420511,420541,30,0
420511,420511,420542,31,0
420511,420511,420545,34,0
420511,420512,420530,18,1
420511,420512,420545,33,1
420511,420512,420550,38,1
419584,419598,420555,957,14
419292,419292,420565,1273,0
420578,420578,420581,3,0
420578,420578,420581,3,0
420578,420578,420581,3,0
420578,420578,420581,3,0
420578,420578,420582,4,0
420578,420578,420582,4,0
420578,420578,420582,4,0
420578,420578,420582,4,0
420578,420578,420582,4,0
420578,420578,420583,5,0
420578,420578,420583,5,0
420578,420578,420583,5,0
420578,420578,420584,6,0
420578,420578,420584,6,0
420578,420578,420583,5,0
420578,420582,420584,2,4
420578,420578,420584,6,0
420578,420582,420584,2,4
420578,420582,420584,2,4
420578,420582,420584,2,4
420578,420578,420585,7,0
420578,420578,420583,5,0
420578,420578,420583,5,0
420578,420578,420583,5,0
420578,420578,420586,8,0
420578,420578,420586,8,0
420578,420578,420586,8,0
420578,420584,420586,2,6
420578,420584,420586,2,6
420578,420578,420586,8,0
420578,420584,420586,2,6
420578,420583,420587,4,5
420578,420585,420587,2,7
420578,420585,420588,3,7
420578,420585,420587,2,7
420578,420585,420587,2,7
420578,420585,420587,2,7
420578,420582,420588,6,4
420578,420584,420588,4,6
420578,420585,420588,3,7
420578,420586,420588,2,8
420578,420587,420589,2,9
420578,420587,420589,2,9
419346,419346,420589,1243,0
420578,420578,420589,11,0
420578,420578,420589,11,0
420578,420578,420589,11,0
420578,420579,420589,10,1
420578,420587,420589,2,9
420578,420587,420589,2,9
420578,420578,420589,11,0
420578,420587,420589,2,9
420578,420578,420588,10,0
420578,420578,420590,12,0
420578,420578,420590,12,0
420578,420587,420590,3,9
420578,420588,420590,2,10
420578,420588,420590,2,10
420578,420588,420590,2,10
420578,420585,420591,6,7
420578,420583,420591,8,5
420578,420588,420591,3,10
420578,420586,420594,8,8
420578,420586,420595,9,8
420578,420586,420595,9,8
420578,420585,420598,13,7
420578,420583,420599,16,5
420578,420579,420611,32,1
420578,420579,420615,36,1
420578,420587,420613,26,9
420578,420578,420617,39,0
419703,419713,420632,919,10
420634,420634,420636,2,0
420634,420634,420636,2,0
420634,420634,420636,2,0
420634,420634,420636,2,0
420634,420634,420636,2,0
420634,420634,420636,2,0
420634,420634,420636,2,0
420634,420634,420637,3,0
420634,420634,420637,3,0
420634,420634,420637,3,0
420634,420634,420638,4,0
419123,419145,420638,1493,22
420634,420634,420638,4,0
420634,420634,420638,4,0
420634,420637,420639,2,3
420634,420634,420639,5,0
420634,420637,420639,2,3
420634,420634,420640,6,0
420634,420637,420639,2,3
420634,420637,420639,2,3
420634,420634,420639,5,0
420634,420634,420640,6,0
420634,420637,420639,2,3
420634,420637,420639,2,3
420634,420634,420639,5,0
420634,420637,420639,2,3
420634,420638,420640,2,4
420634,420634,420640,6,0
420634,420634,420641,7,0
420634,420634,420641,7,0
420634,420638,420641,3,4
420634,420639,420641,2,5
420634,420639,420641,2,5
420634,420640,420642,2,6
420634,420640,420642,2,6
420634,420640,420642,2,6
420634,420634,420642,8,0
420634,420638,420642,4,4
420634,420639,420643,4,5
420634,420640,420642,2,6
420634,420640,420643,3,6
420634,420640,420642,2,6
420634,420640,420643,3,6
420634,420640,420642,2,6
420634,420640,420642,2,6
420634,420640,420642,2,6
420634,420641,420643,2,7
420634,420640,420643,3,6
420634,420634,420640,6,0
420634,420634,420644,10,0
420634,420634,420644,10,0
420634,420642,420644,2,8
420634,420642,420644,2,8
420634,420642,420644,2,8
420634,420634,420645,11,0
420634,420638,420645,7,4
420634,420640,420645,5,6
420639,420642,420646,4,3
420639,420642,420645,3,3
420634,420634,420644,10,0
420634,420634,420645,11,0
420639,420645,420647,2,6
420634,420634,420641,7,0
420634,420642,420647,5,8
420639,420643,420648,5,4
420639,420645,420648,3,6
420639,420645,420648,3,6
420639,420646,420648,2,7
420639,420646,420648,2,7
420634,420634,420646,12,0
420634,420634,420646,12,0
420639,420643,420649,6,4
420639,420643,420648,5,4
420639,420643,420649,6,4
420639,420643,420648,5,4
420639,420647,420649,2,8
420639,420646,420650,4,7
420639,420648,420650,2,9
420639,420643,420649,6,4
420639,420648,420650,2,9
420639,420648,420650,2,9
420639,420648,420650,2,9
420639,420648,420650,2,9
420634,420642,420650,8,8
420639,420643,420650,7,4
419558,419559,420650,1091,1
420639,420643,420651,8,4
420639,420649,420651,2,10
420639,420648,420651,3,9
420634,420642,420651,9,8
420639,420646,420651,5,7
420639,420649,420651,2,10
420639,420649,420651,2,10
420639,420649,420652,3,10
420639,420649,420651,2,10
420639,420650,420652,2,11
420639,420643,420653,10,4
420639,420650,420652,2,11
420639,420650,420652,2,11
420639,420645,420649,4,6
420639,420650,420653,3,11
420639,420650,420653,3,11
420639,420650,420652,2,11
420639,420651,420653,2,12
420634,420634,420653,19,0
420639,420643,420654,11,4
420634,420634,420649,15,0
420634,420634,420645,11,0
420639,420644,420651,7,5
420639,420644,420654,10,5
420639,420651,420654,3,12
420639,420644,420654,10,5
420634,420634,420654,20,0
420639,420648,420655,7,9
420639,420652,420655,3,13
420639,420652,420655,3,13
420639,420652,420654,2,13
420639,420652,420655,3,13
420639,420652,420655,3,13
420639,420654,420655,1,15
420634,420639,420655,16,5
420634,420634,420656,22,0
420639,420653,420656,3,14
420639,420653,420656,3,14
420639,420654,420656,2,15
420639,420654,420656,2,15
420639,420654,420656,2,15
420639,420650,420656,6,11
420639,420652,420657,5,13
420639,420652,420656,4,13
420639,420644,420652,8,5
420639,420644,420658,14,5
420639,420646,420657,11,7
420639,420651,420659,8,12
420639,420651,420659,8,12
420639,420652,420660,8,13
420639,420657,420661,4,18
420639,420653,420661,8,14
420639,420646,420663,17,7
420639,420649,420666,17,10
419708,419730,420677,947,22
420678,420678,420680,2,0
419173,419186,420680,1494,13
420678,420678,420681,3,0
420678,420678,420681,3,0
420678,420678,420681,3,0
420678,420678,420681,3,0
420678,420678,420680,2,0
420678,420678,420681,3,0
420678,420678,420681,3,0
420678,420678,420681,3,0
420678,420678,420682,4,0
420678,420678,420682,4,0
420678,420680,420682,2,2
420678,420678,420683,5,0
420678,420678,420683,5,0
420678,420678,420683,5,0
420678,420678,420683,5,0
420678,420678,420683,5,0
420678,420678,420683,5,0
420678,420681,420684,3,3
420678,420681,420684,3,3
420678,420681,420684,3,3
420678,420681,420684,3,3
420678,420681,420684,3,3
420678,420681,420684,3,3
420678,420681,420684,3,3
420678,420683,420684,1,5
420678,420678,420685,7,0
420678,420682,420685,3,4
420678,420683,420685,2,5
420678,420678,420686,8,0
420678,420678,420686,8,0
420678,420678,420686,8,0
420678,420683,420686,3,5
420678,420684,420686,2,6
420678,420684,420686,2,6
420678,420685,420687,2,7
420678,420685,420687,2,7
420678,420678,420687,9,0
420678,420682,420686,4,4
420678,420684,420687,3,6
420678,420684,420687,3,6
420678,420684,420687,3,6
420678,420684,420687,3,6
420678,420685,420687,2,7
420678,420686,420687,1,8
420678,420685,420687,2,7
420678,420685,420687,2,7
420678,420686,420688,2,8
420678,420686,420688,2,8
420678,420683,420689,6,5
420678,420687,420689,2,9
420639,420654,420682,28,15
420678,420678,420690,12,0
420678,420678,420690,12,0
420678,420686,420691,5,8
420681,420687,420691,4,6
420681,420687,420691,4,6
420681,420687,420691,4,6
420681,420688,420691,3,7
420678,420678,420692,14,0
420681,420690,420692,2,9
420681,420689,420692,3,8
420681,420687,420692,5,6
420678,420678,420693,15,0
420681,420690,420693,3,9
420681,420688,420693,5,7
420681,420692,420694,2,11
420681,420692,420694,2,11
420681,420692,420693,1,11
420678,420680,420694,14,2
420681,420688,420694,6,7
420681,420688,420694,6,7
420681,420692,420695,3,11
420681,420693,420695,2,12
420681,420693,420694,1,12
420639,420649,420694,45,10
420678,420686,420695,9,8
420678,420678,420694,16,0
420681,420688,420696,8,7
420681,420688,420696,8,7
420681,420693,420695,2,12
420681,420688,420695,7,7
420681,420694,420696,2,13
420681,420694,420696,2,13
420681,420694,420696,2,13
420678,420686,420696,10,8
420678,420678,420692,14,0
420681,420688,420696,8,7
420681,420694,420696,2,13
420681,420688,420697,9,7
420681,420695,420697,2,14
420681,420695,420697,2,14
420681,420695,420697,2,14
420681,420695,420697,2,14
420681,420695,420697,2,14
420681,420696,420698,2,15
420678,420678,420698,20,0
420681,420694,420698,4,13
420681,420696,420698,2,15
420681,420696,420698,2,15
420681,420696,420698,2,15
420681,420696,420699,3,15
420681,420697,420699,2,16
420681,420697,420700,3,16
420678,420678,420699,21,0
420678,420678,420699,21,0
420681,420697,420699,2,16
420681,420697,420699,2,16
420681,420696,420699,3,15
420681,420696,420699,3,15
420681,420697,420700,3,16
420681,420687,420700,13,6
420681,420697,420701,4,16
420681,420698,420701,3,17
420681,420698,420700,2,17
420681,420691,420701,10,10
420681,420688,420699,11,7
420681,420698,420700,2,17
420681,420698,420701,3,17
420681,420699,420701,2,18
420681,420699,420701,2,18
420681,420699,420701,2,18
420678,420678,420701,23,0
420681,420699,420702,3,18
420681,420691,420703,12,10
420678,420684,420703,19,6
420681,420700,420703,3,19
420681,420699,420703,4,18
420681,420691,420704,13,10
420678,420678,420705,27,0
420678,420678,420705,27,0
420681,420698,420708,10,17
420681,420695,420709,14,14
420681,420697,420709,12,16
420678,420678,420714,36,0
420681,420692,420707,15,11
420681,420695,420715,20,14
420678,420678,420717,39,0
420681,420692,420722,30,11
420681,420693,420722,29,12
420681,420696,420724,28,15
420681,420695,420733,38,14
419239,419251,420754,1503,12
419648,419648,420764,1116,0
420761,420761,420766,5,0
420761,420761,420767,6,0
420761,420761,420767,6,0
420761,420761,420766,5,0
420761,420761,420766,5,0
420761,420761,420767,6,0
420761,420761,420767,6,0
420761,420761,420767,6,0
420761,420761,420767,6,0
420761,420761,420766,5,0
420761,420761,420767,6,0
420761,420761,420768,7,0
420761,420761,420767,6,0
420761,420761,420769,8,0
420761,420761,420769,8,0
420761,420761,420769,8,0
420761,420761,420769,8,0
420761,420761,420768,7,0
420761,420767,420769,2,6
420761,420761,420769,8,0
420761,420761,420770,9,0
420761,420767,420770,3,6
420761,420767,420769,2,6
420761,420761,420770,9,0
420761,420767,420770,3,6
420761,420761,420770,9,0
420761,420767,420770,3,6
420761,420767,420770,3,6
420761,420767,420769,2,6
420761,420761,420770,9,0
420761,420767,420770,3,6
420761,420767,420769,2,6
420761,420761,420771,10,0
420761,420761,420771,10,0
420761,420768,420771,3,7
420761,420769,420771,2,8
420761,420761,420770,9,0
420761,420761,420772,11,0
420761,420761,420772,11,0
420761,420769,420772,3,8
420761,420770,420772,2,9
420761,420761,420767,6,0
420761,420768,420772,4,7
420761,420761,420772,11,0
420761,420761,420772,11,0
420761,420770,420773,3,9
420761,420770,420773,3,9
420761,420770,420773,3,9
420761,420770,420773,3,9
420761,420770,420773,3,9
420761,420770,420773,3,9
420761,420770,420773,3,9
420761,420769,420773,4,8
419270,419283,420774,1491,13
420761,420767,420771,4,6
420761,420766,420776,10,5
420761,420769,420779,10,8
420761,420770,420779,9,9
420761,420770,420779,9,9
420776,420776,420780,4,0
420776,420776,420781,5,0
420776,420776,420780,4,0
420776,420776,420780,4,0
420776,420776,420780,4,0
420776,420776,420781,5,0
420776,420776,420781,5,0
420776,420776,420781,5,0
420776,420776,420781,5,0
420776,420780,420782,2,4
420776,420776,420782,6,0
420776,420781,420783,2,5
420776,420781,420783,2,5
420776,420776,420782,6,0
420776,420781,420783,2,5
420776,420780,420783,3,4
420776,420782,420784,2,6
420776,420782,420784,2,6
420776,420781,420783,2,5
420776,420776,420784,8,0
420776,420776,420784,8,0
420776,420782,420784,2,6
420776,420782,420784,2,6
420776,420782,420784,2,6
420776,420776,420784,8,0
420776,420783,420785,2,7
420761,420761,420779,18,0
420776,420776,420785,9,0
420776,420783,420785,2,7
420776,420783,420785,2,7
420776,420783,420785,2,7
420776,420783,420785,2,7
420776,420784,420786,2,8
420776,420784,420786,2,8
420776,420784,420787,3,8
420776,420784,420786,2,8
420776,420779,420783,4,3
420761,420770,420784,14,9
420776,420776,420786,10,0
420776,420776,420786,10,0
420776,420780,420787,7,4
420776,420785,420787,2,9
420776,420785,420788,3,9
420776,420776,420788,12,0
420776,420785,420787,2,9
420776,420785,420787,2,9
420776,420785,420787,2,9
420776,420785,420787,2,9
420776,420776,420788,12,0
420776,420776,420788,12,0
420776,420786,420788,2,10
420776,420786,420788,2,10
420776,420786,420788,2,10
420776,420786,420788,2,10
420761,420761,420789,28,0
420776,420787,420789,2,11
420776,420787,420790,3,11
420776,420787,420789,2,11
420761,420761,420790,29,0
420761,420761,420780,19,0
420761,420761,420790,29,0
420761,420761,420780,19,0
420776,420787,420790,3,11
420776,420784,420791,7,8
420776,420776,420793,17,0
420761,420761,420794,33,0
419681,419681,420794,1113,0
420761,420761,420794,33,0
420776,420787,420795,8,11
420776,420787,420795,8,11
420776,420788,420795,7,12
420761,420761,420796,35,0
420776,420776,420796,20,0
420776,420786,420798,12,10
420776,420785,420798,13,9
420776,420776,420799,23,0
420776,420779,420800,21,3
420776,420776,420797,21,0
420761,420769,420804,35,8
420776,420788,420806,18,12
420761,420769,420808,39,8
420776,420776,420810,34,0
419793,419793,420827,1034,0
420776,420788,420828,40,12
419522,419522,420838,1316,0
419901,419912,420856,944,11
420857,420857,420859,2,0
420857,420857,420859,2,0
420857,420857,420859,2,0
420857,420857,420859,2,0
420857,420857,420860,3,0
420857,420857,420860,3,0
420857,420857,420860,3,0
420857,420857,420860,3,0
420857,420857,420859,2,0
420857,420857,420861,4,0
420857,420857,420861,4,0
420857,420857,420861,4,0
420857,420857,420861,4,0
420857,420859,420862,3,2
420857,420857,420861,4,0
420857,420857,420861,4,0
420857,420857,420862,5,0
420857,420860,420862,2,3
420857,420857,420862,5,0
420857,420860,420862,2,3
420857,420860,420862,2,3
420857,420857,420863,6,0
420857,420860,420863,3,3
420857,420860,420863,3,3
420857,420857,420863,6,0
420857,420861,420863,2,4
420857,420861,420863,2,4
420857,420861,420863,2,4
420857,420857,420864,7,0
420857,420862,420864,2,5
420857,420862,420864,2,5
420857,420862,420864,2,5
420857,420862,420864,2,5
420857,420863,420865,2,6
420857,420863,420865,2,6
420857,420862,420864,2,5
420857,420862,420864,2,5
420857,420863,420865,2,6
420857,420857,420865,8,0
420857,420857,420865,8,0
420857,420863,420865,2,6
420857,420857,420866,9,0
420857,420857,420866,9,0
420857,420864,420866,2,7
420857,420864,420866,2,7
420857,420864,420866,2,7
420857,420864,420866,2,7
420857,420864,420866,2,7
420857,420864,420867,3,7
420857,420863,420868,5,6
420857,420857,420872,15,0
420857,420857,420868,11,0
420857,420857,420874,17,0
420857,420857,420875,18,0
420857,420863,420875,12,6
420857,420857,420870,13,0
420857,420857,420870,13,0
420857,420858,420877,19,1
420857,420858,420877,19,1
420857,420861,420878,17,4
420857,420857,420880,23,0
420857,420857,420885,28,0
420857,420857,420886,29,0
420857,420857,420886,29,0
419373,419388,420887,1499,15
420857,420857,420888,31,0
420857,420857,420889,32,0
420889,420889,420892,3,0
420889,420889,420892,3,0
420889,420889,420892,3,0
420889,420889,420892,3,0
420889,420889,420893,4,0
420889,420889,420894,5,0
420889,420889,420894,5,0
420889,420889,420894,5,0
420857,420858,420886,28,1
420889,420889,420894,5,0
420889,420889,420895,6,0
420889,420893,420895,2,4
420889,420889,420894,5,0
420889,420889,420894,5,0
420889,420893,420895,2,4
420889,420889,420896,7,0
420889,420889,420895,6,0
420889,420889,420896,7,0
420889,420893,420895,2,4
420889,420889,420896,7,0
420889,420894,420896,2,5
420889,420894,420896,2,5
420889,420894,420896,2,5
420889,420894,420896,2,5
420889,420895,420897,2,6
420889,420895,420897,2,6
420889,420895,420897,2,6
420889,420895,420897,2,6
420889,420895,420897,2,6
420889,420895,420897,2,6
420889,420889,420898,9,0
420889,420889,420898,9,0
420889,420889,420899,10,0
420889,420896,420899,3,7
420889,420896,420898,2,7
420889,420896,420899,3,7
420889,420896,420898,2,7
420889,420889,420899,10,0
420857,420857,420900,43,0
420889,420897,420900,3,8
420889,420897,420900,3,8
420889,420897,420899,2,8
420889,420898,420900,2,9
420889,420897,420899,2,8
420889,420897,420899,2,8
420889,420898,420900,2,9
420889,420889,420900,11,0
420889,420893,420901,8,4
420857,420858,420896,38,1
420889,420898,420900,2,9
420889,420898,420900,2,9
420889,420898,420900,2,9
420857,420857,420903,46,0
420889,420889,420903,14,0
420889,420889,420903,14,0
420889,420894,420903,9,5
420889,420889,420904,15,0
420889,420889,420905,16,0
420889,420894,420904,10,5
420889,420889,420906,17,0
420889,420889,420906,17,0
420889,420889,420905,16,0
420889,420889,420901,12,0
420889,420889,420901,12,0
420889,420897,420908,11,8
420889,420894,420909,15,5
420889,420889,420912,23,0
420889,420889,420913,24,0
420889,420889,420913,24,0
420889,420899,420920,21,10
420889,420889,420921,32,0
420889,420889,420927,38,0
419709,419709,420928,1219,0
420889,420889,420931,42,0
420889,420889,420946,57,0
419743,419743,420979,1236,0
419768,419768,420994,1226,0
419647,419657,421149,1492,10
421150,421150,421152,2,0
421150,421150,421152,2,0
421150,421150,421153,3,0
421150,421150,421153,3,0
421150,421150,421152,2,0
421150,421150,421152,2,0
421150,421150,421152,2,0
421150,421150,421154,4,0
421150,421150,421154,4,0
421150,421150,421155,5,0
421150,421152,421154,2,2
421150,421152,421154,2,2
421150,421150,421156,6,0
421150,421153,421156,3,3
421150,421150,421156,6,0
421150,421153,421156,3,3
421150,421153,421156,3,3
421150,421153,421156,3,3
421150,421153,421156,3,3
421150,421150,421156,6,0
421150,421154,421157,3,4
421150,421150,421157,7,0
421150,421154,421157,3,4
421150,421150,421158,8,0
421150,421150,421157,7,0
421150,421150,421158,8,0
421150,421155,421158,3,5
421150,421155,421157,2,5
421150,421155,421158,3,5
421150,421156,421158,2,6
421150,421156,421159,3,6
421150,421156,421159,3,6
421150,421150,421159,9,0
421150,421156,421158,2,6
421150,421156,421159,3,6
421150,421156,421159,3,6
421150,421156,421159,3,6
421150,421157,421159,2,7
421150,421157,421160,3,7
421150,421157,421160,3,7
421150,421157,421160,3,7
421150,421150,421160,10,0
421150,421150,421161,11,0
421150,421150,421161,11,0
421150,421158,421161,3,8
421150,421150,421162,12,0
421150,421150,421162,12,0
421150,421150,421162,12,0
421150,421150,421161,11,0
421150,421150,421161,11,0
421150,421150,421162,12,0
421150,421150,421159,9,0
421150,421150,421160,10,0
421150,421150,421162,12,0
421150,421150,421163,13,0
421150,421150,421164,14,0
421150,421150,421165,15,0
421150,421150,421168,18,0
421150,421150,421168,18,0
421150,421150,421162,12,0
421150,421150,421162,12,0
421150,421150,421162,12,0
421150,421150,421170,20,0
421150,421150,421173,23,0
421150,421158,421173,15,8
421150,421150,421174,24,0
421150,421150,421175,25,0
421150,421150,421177,27,0
421150,421158,421178,20,8
421150,421150,421185,35,0
420382,420382,421637,1255,0
420626,420626,421831,1205,0
420603,420603,421833,1230,0
420799,420799,421857,1058,0
420674,420674,421873,1199,0
420822,420822,421921,1099,0
401697,401697,422063,20366,0
420858,420858,422138,1280,0
420895,420895,422138,1243,0
420955,420955,422157,1202,0
421048,421048,422220,1172,0
421014,421014,422326,1312,0
421672,421672,422892,1220,0
421866,421866,423088,1222,0
421900,421900,423111,1211,0
421935,421935,423150,1215,0
422000,422001,423230,1229,1
421967,421967,423233,1266,0
422206,422206,423266,1060,0
422239,422239,423302,1063,0
422273,422273,423385,1112,0
422170,422171,423441,1270,1
401695,401695,423494,21799,0
422361,422361,423614,1253,0
422928,422928,424154,1226,0
423124,423124,424332,1208,0
423194,423194,424415,1221,0
423158,423159,424486,1327,1
423296,423296,424558,1262,0
423262,423262,424560,1298,0
423330,423331,424564,1233,1
423365,423365,424567,1202,0
423419,423420,424591,1171,1
423748,423749,424690,941,1
423648,423648,424691,1043,0
424691,424692,424694,2,1
424691,424692,424694,2,1
424691,424691,424695,4,0
424691,424692,424695,3,1
424691,424691,424697,6,0
424691,424692,424697,5,1
424691,424691,424697,6,0
424691,424695,424697,2,4
424691,424695,424697,2,4
423753,423753,424697,944,0
423746,423746,424699,953,0
423754,423754,424699,945,0
424691,424698,424701,3,7
424691,424698,424700,2,7
424691,424698,424700,2,7
424691,424692,424701,9,1
424691,424699,424701,2,8
424691,424692,424702,10,1
424691,424692,424702,10,1
424691,424698,424703,5,7
424691,424700,424703,3,9
424691,424701,424704,3,10
424691,424698,424704,6,7
424691,424698,424704,6,7
424691,424701,424705,4,10
423475,423475,424705,1230,0
424691,424702,424705,3,11
424691,424701,424705,4,10
424691,424704,424706,2,13
424691,424696,424706,10,5
424691,424696,424706,10,5
424691,424704,424706,2,13
424691,424691,424707,16,0
424691,424691,424707,16,0
424691,424705,424708,3,14
424691,424692,424708,16,1
424691,424706,424709,3,15
424691,424704,424709,5,13
424691,424706,424708,2,15
424691,424706,424709,3,15
424691,424705,424710,5,14
424691,424707,424710,3,16
424691,424691,424710,19,0
424691,424692,424711,19,1
424691,424709,424711,2,18
424691,424709,424711,2,18
424691,424705,424710,5,14
424691,424708,424712,4,17
424691,424709,424712,3,18
424691,424709,424713,4,18
424691,424710,424713,3,19
424691,424691,424715,24,0
424691,424712,424715,3,21
423747,423747,424715,968,0
424691,424712,424714,2,21
423758,423758,424716,958,0
424699,424715,424717,2,16
424691,424710,424718,8,19
424699,424715,424718,3,16
424699,424716,424719,3,17
424699,424713,424719,6,14
424699,424718,424720,2,19
424699,424712,424720,8,13
424699,424712,424720,8,13
424691,424692,424720,28,1
424691,424707,424720,13,16
424691,424708,424720,12,17
424699,424715,424721,6,16
424691,424703,424721,18,12
424699,424719,424721,2,20
424699,424719,424722,3,20
423768,423768,424722,954,0
424699,424719,424722,3,20
424691,424711,424722,11,20
424691,424702,424722,20,11
424699,424720,424723,3,21
424699,424720,424723,3,21
423765,423765,424724,959,0
424699,424720,424724,4,21
424691,424707,424724,17,16
424699,424721,424724,3,22
424699,424718,424725,7,19
424699,424722,424725,3,23
424699,424723,424725,2,24
424699,424722,424725,3,23
424699,424722,424725,3,23
423760,423760,424726,966,0
424699,424723,424726,3,24
424691,424711,424721,10,20
424699,424724,424726,2,25
424699,424724,424728,4,25
424699,424727,424729,2,28
424699,424725,424729,4,26
423774,423774,424729,955,0
424699,424726,424728,2,27
424699,424726,424729,3,27
424691,424692,424729,37,1
424699,424725,424729,4,26
424699,424726,424729,3,27
424699,424726,424730,4,27
424699,424726,424730,4,27
424699,424715,424730,15,16
424699,424726,424730,4,27
424699,424729,424731,2,30
424699,424725,424731,6,26
424699,424728,424731,3,29
424699,424730,424732,2,31
424699,424730,424731,1,31
424699,424727,424731,4,28
424691,424692,424728,36,1
424699,424729,424731,2,30
424699,424713,424731,18,14
424699,424730,424732,2,31
424691,424709,424732,23,18
424691,424691,424732,41,0
424699,424721,424732,11,22
424699,424730,424732,2,31
424699,424730,424733,3,31
424699,424730,424733,3,31
424699,424732,424734,2,33
424699,424731,424734,3,32
424699,424731,424733,2,32
423752,423752,424734,982,0
424699,424730,424734,4,31
424699,424731,424735,4,32
424699,424732,424734,2,33
424699,424733,424735,2,34
423757,423757,424734,977,0
424699,424732,424734,2,33
424699,424731,424735,4,32
424691,424703,424736,33,12
424699,424733,424736,3,34
424699,424731,424736,5,32
424699,424733,424737,4,34
424703,424735,424737,2,32
424703,424735,424738,3,32
424703,424735,424737,2,32
424703,424735,424738,3,32
424699,424722,424733,11,23
424703,424737,424739,2,34
424703,424736,424739,3,33
424699,424733,424739,6,34
424703,424734,424739,5,31
424703,424735,424739,4,32
424703,424738,424740,2,35
424703,424738,424740,2,35
424703,424738,424740,2,35
424703,424735,424740,5,32
424703,424735,424740,5,32
424703,424734,424740,6,31
424703,424739,424741,2,36
424703,424734,424741,7,31
424703,424737,424741,4,34
424703,424740,424742,2,37
424703,424734,424741,7,31
424703,424739,424742,3,36
424703,424740,424742,2,37
424703,424740,424742,2,37
424703,424740,424742,2,37
424703,424740,424742,2,37
424691,424691,424743,52,0
424703,424741,424744,3,38
424703,424741,424743,2,38
424703,424741,424744,3,38
424703,424741,424743,2,38
424703,424741,424744,3,38
424703,424740,424744,4,37
424699,424723,424744,21,24
424703,424742,424745,3,39
424703,424742,424745,3,39
424703,424742,424745,3,39
424703,424742,424745,3,39
424703,424742,424745,3,39
424703,424743,424746,3,40
424703,424743,424746,3,40
424703,424744,424746,2,41
424703,424742,424746,4,39
424703,424744,424747,3,41
424703,424744,424747,3,41
424703,424744,424746,2,41
424703,424744,424747,3,41
424703,424737,424747,10,34
424691,424692,424732,40,1
424691,424692,424741,49,1
424691,424692,424741,49,1
424691,424692,424740,48,1
424703,424745,424748,3,42
424703,424745,424748,3,42
424703,424745,424748,3,42
424703,424745,424748,3,42
424703,424745,424748,3,42
424703,424746,424749,3,43
424703,424746,424749,3,43
424703,424745,424749,4,42
424703,424746,424749,3,43
424703,424747,424750,3,44
424703,424747,424750,3,44
424703,424747,424750,3,44
424703,424747,424750,3,44
424699,424732,424751,19,33
424691,424708,424751,43,17
423751,423751,424751,1000,0
424703,424748,424751,3,45
424703,424747,424752,5,44
424699,424721,424752,31,22
424703,424748,424752,4,45
424704,424751,424752,1,47
424699,424733,424752,19,34
424704,424750,424752,2,46
424704,424750,424753,3,46
424704,424751,424753,2,47
424703,424748,424753,5,45
424699,424721,424754,33,22
424704,424750,424753,3,46
424704,424752,424754,2,48
424704,424749,424754,5,45
424704,424752,424754,2,48
424699,424730,424755,25,31
424699,424732,424755,23,33
424699,424723,424754,31,24
424704,424751,424755,4,47
424704,424749,424755,6,45
424704,424749,424755,6,45
424704,424753,424755,2,49
424704,424753,424755,2,49
424699,424725,424755,30,26
424704,424753,424756,3,49
424704,424753,424756,3,49
424704,424749,424756,7,45
424704,424754,424757,3,50
424704,424748,424757,9,44
424704,424754,424757,3,50
424704,424755,424757,2,51
424704,424755,424757,2,51
424704,424755,424757,2,51
424704,424752,424758,6,48
424704,424757,424759,2,53
424704,424750,424758,8,46
424704,424755,424759,4,51
424704,424756,424759,3,52
424704,424757,424759,2,53
424704,424756,424759,3,52
424704,424756,424759,3,52
424704,424758,424760,2,54
424704,424751,424760,9,47
424704,424756,424759,3,52
424704,424758,424760,2,54
424704,424758,424760,2,54
424704,424752,424760,8,48
424704,424758,424760,2,54
424704,424758,424760,2,54
424704,424758,424760,2,54
424699,424733,424760,27,34
424704,424759,424761,2,55
424704,424760,424762,2,56
424704,424760,424762,2,56
424704,424760,424762,2,56
424704,424760,424762,2,56
424704,424760,424762,2,56
424704,424760,424762,2,56
424704,424760,424762,2,56
424704,424760,424762,2,56
424704,424760,424762,2,56
424703,424744,424763,19,41
424704,424758,424763,5,54
424704,424759,424763,4,55
424704,424761,424763,2,57
424704,424761,424764,3,57
424704,424761,424763,2,57
424704,424762,424764,2,58
424703,424736,424757,21,33
424704,424753,424765,12,49
423769,423769,424765,996,0
424704,424763,424765,2,59
424704,424763,424765,2,59
424704,424763,424765,2,59
424704,424763,424765,2,59
424721,424764,424766,2,43
424721,424764,424766,2,43
424703,424748,424757,9,45
424703,424748,424755,7,45
424721,424764,424767,3,43
424721,424765,424767,2,44
424721,424764,424767,3,43
424721,424766,424768,2,45
424721,424766,424768,2,45
424721,424766,424768,2,45
424721,424766,424768,2,45
424721,424766,424768,2,45
424721,424766,424768,2,45
424721,424763,424769,6,42
424721,424763,424769,6,42
424721,424767,424769,2,46
424721,424768,424770,2,47
424721,424767,424769,2,46
424721,424763,424769,6,42
424703,424745,424764,19,42
424721,424768,424770,2,47
424703,424748,424769,21,45
424703,424748,424770,22,45
424721,424768,424770,2,47
424721,424768,424771,3,47
424721,424769,424771,2,48
424721,424769,424772,3,48
424721,424763,424772,9,42
424721,424769,424772,3,48
424721,424769,424771,2,48
424721,424769,424772,3,48
424721,424770,424772,2,49
424721,424769,424772,3,48
424721,424770,424773,3,49
424721,424770,424773,3,49
424721,424772,424774,2,51
424721,424772,424774,2,51
424721,424771,424774,3,50
424721,424771,424774,3,50
423764,423764,424775,1011,0
424721,424771,424775,4,50
424721,424763,424774,11,42
424721,424773,424775,2,52
424721,424772,424775,3,51
424721,424772,424775,3,51
424721,424772,424775,3,51
424721,424772,424776,4,51
424721,424773,424776,3,52
424704,424754,424776,22,50
424721,424772,424777,5,51
424721,424775,424777,2,54
424721,424767,424773,6,46
424721,424771,424777,6,50
424721,424771,424777,6,50
424704,424755,424777,22,51
424704,424755,424777,22,51
424721,424775,424777,2,54
424721,424775,424777,2,54
424721,424776,424778,2,55
424703,424739,424771,32,36
424703,424736,424777,41,33
424721,424775,424778,3,54
424721,424775,424778,3,54
424721,424776,424778,2,55
424721,424775,424778,3,54
424721,424776,424779,3,55
424721,424776,424779,3,55
424721,424776,424779,3,55
424721,424777,424780,3,56
424723,424778,424781,3,55
424723,424778,424781,3,55
424721,424775,424781,6,54
424721,424778,424781,3,57
424723,424779,424781,2,56
424723,424779,424782,3,56
424721,424767,424783,16,46
424723,424780,424782,2,57
424723,424778,424783,5,55
424721,424777,424783,6,56
424723,424780,424784,4,57
424723,424780,424783,3,57
424723,424781,424783,2,58
424723,424778,424783,5,55
424723,424778,424783,5,55
424723,424781,424784,3,58
424723,424782,424784,2,59
424723,424781,424785,4,58
424723,424782,424784,2,59
424721,424780,424785,5,59
424721,424765,424785,20,44
424723,424783,424785,2,60
424721,424780,424786,6,59
424723,424783,424786,3,60
424721,424778,424783,5,57
424723,424778,424785,7,55
424723,424781,424787,6,58
424721,424777,424787,10,56
424723,424784,424787,3,61
424704,424761,424787,26,57
424723,424784,424787,3,61
424704,424760,424788,28,56
424723,424784,424788,4,61
424723,424784,424788,4,61
424723,424786,424788,2,63
424704,424754,424789,35,50
424704,424756,424789,33,52
424723,424786,424789,3,63
424723,424787,424790,3,64
424723,424784,424789,5,61
424721,424765,424789,24,44
424723,424785,424790,5,62
424723,424788,424790,2,65
424723,424788,424790,2,65
424723,424789,424791,2,66
424721,424763,424790,27,42
424704,424755,424791,36,51
424723,424783,424791,8,60
424723,424787,424791,4,64
424723,424789,424791,2,66
424723,424789,424791,2,66
424723,424782,424790,8,59
424723,424790,424792,2,67
424704,424755,424792,37,51
424723,424784,424792,8,61
424723,424790,424792,2,67
424723,424787,424792,5,64
424723,424790,424792,2,67
424723,424785,424793,8,62
424723,424786,424791,5,63
424723,424778,424793,15,55
424723,424788,424793,5,65
424723,424789,424793,4,66
424704,424760,424789,29,56
424723,424791,424793,2,68
424723,424791,424793,2,68
424723,424792,424794,2,69
424723,424791,424793,2,68
424723,424791,424793,2,68
424723,424792,424794,2,69
424723,424778,424794,16,55
424723,424783,424795,12,60
424723,424787,424795,8,64
424723,424787,424795,8,64
424723,424792,424794,2,69
424723,424792,424794,2,69
424723,424792,424795,3,69
424723,424778,424791,13,55
424723,424778,424796,18,55
424723,424788,424796,8,65
424723,424792,424796,4,69
424723,424793,424797,4,70
424723,424786,424798,12,63
424723,424793,424797,4,70
424723,424793,424798,5,70
424723,424793,424798,5,70
424723,424797,424800,3,74
424723,424798,424800,2,75
424723,424794,424801,7,71
424723,424798,424801,3,75
424723,424798,424801,3,75
424723,424798,424801,3,75
424723,424795,424802,7,72
424723,424800,424803,3,77
424723,424794,424803,9,71
424723,424793,424803,10,70
424723,424794,424803,9,71
424723,424802,424804,2,79
424723,424794,424804,10,71
424723,424801,424804,3,78
424723,424802,424804,2,79
424723,424793,424805,12,70
424723,424794,424804,10,71
424723,424801,424804,3,78
424723,424802,424804,2,79
424723,424804,424805,1,81
424723,424793,424805,12,70
424723,424794,424806,12,71
424723,424803,424806,3,80
424723,424805,424806,1,82
424723,424805,424806,1,82
424723,424805,424806,1,82
424723,424805,424807,2,82
424723,424795,424807,12,72
424723,424805,424807,2,82
424723,424797,424807,10,74
424723,424805,424807,2,82
424723,424806,424807,1,83
424723,424802,424808,6,79
424723,424805,424807,2,82
424723,424805,424807,2,82
424723,424805,424807,2,82
424723,424790,424808,18,67
424723,424807,424809,2,84
424723,424796,424808,12,73
424723,424807,424809,2,84
424723,424807,424809,2,84
424723,424807,424809,2,84
424723,424807,424809,2,84
424723,424806,424809,3,83
424723,424807,424809,2,84
424723,424808,424810,2,85
424723,424808,424810,2,85
424723,424808,424810,2,85
424723,424808,424811,3,85
424723,424808,424810,2,85
424723,424808,424811,3,85
424723,424788,424810,22,65
424723,424809,424811,2,86
424725,424809,424812,3,84
424723,424808,424812,4,85
424723,424808,424812,4,85
424725,424810,424814,4,85
424725,424810,424814,4,85
424725,424809,424813,4,84
424725,424810,424815,5,85
424725,424811,424816,5,86
424725,424811,424816,5,86
424723,424795,424809,14,72
424723,424795,424811,16,72
424723,424795,424815,20,72
424725,424811,424818,7,86
424725,424811,424817,6,86
424725,424811,424818,7,86
424723,424791,424818,27,68
424725,424812,424819,7,87
424725,424812,424820,8,87
424721,424771,424812,41,50
424723,424795,424816,21,72
424723,424797,424816,19,74
424723,424804,424821,17,81
424725,424815,424821,6,90
424723,424808,424821,13,85
424725,424813,424822,9,88
424725,424814,424822,8,89
424725,424816,424822,6,91
424725,424811,424822,11,86
424725,424814,424822,8,89
424725,424817,424822,5,92
424725,424819,424822,3,94
424725,424820,424823,3,95
424725,424818,424823,5,93
424725,424821,424824,3,96
424725,424814,424825,11,89
424725,424822,424825,3,97
424725,424822,424825,3,97
424725,424823,424825,2,98
424723,424791,424825,34,68
424725,424823,424825,2,98
424725,424822,424825,3,97
424725,424823,424826,3,98
424725,424823,424826,3,98
424725,424818,424826,8,93
424725,424825,424827,2,100
424725,424824,424827,3,99
424723,424807,424819,12,84
424725,424825,424827,2,100
424725,424825,424827,2,100
424725,424825,424827,2,100
424725,424825,424827,2,100
424725,424818,424828,10,93
424725,424825,424828,3,100
424725,424826,424828,2,101
424725,424827,424828,1,102
424725,424826,424828,2,101
424725,424813,424828,15,88
424725,424826,424829,3,101
424725,424826,424829,3,101
424725,424828,424830,2,103
424725,424828,424830,2,103
424725,424827,424829,2,102
424725,424828,424830,2,103
424725,424829,424831,2,104
424725,424828,424830,2,103
424725,424829,424831,2,104
424725,424828,424830,2,103
424725,424828,424831,3,103
424725,424829,424831,2,104
424725,424829,424832,3,104
424729,424831,424833,2,102
424729,424830,424834,4,101
424729,424831,424833,2,102
424729,424831,424833,2,102
424723,424789,424834,45,66
424725,424826,424834,8,101
424729,424830,424834,4,101
424729,424829,424835,6,100
424723,424792,424835,43,69
424729,424830,424835,5,101
424729,424831,424835,4,102
424729,424831,424835,4,102
424729,424832,424835,3,103
424729,424830,424835,5,101
424729,424833,424835,2,104
424729,424832,424837,5,103
424729,424834,424836,2,105
424729,424834,424837,3,105
424729,424834,424836,2,105
424725,424821,424833,12,96
424723,424793,424838,45,70
424729,424832,424838,6,103
424729,424836,424839,3,107
424729,424835,424838,3,106
424729,424836,424839,3,107
424729,424836,424839,3,107
424729,424835,424839,4,106
424729,424836,424839,3,107
424729,424836,424840,4,107
424729,424836,424840,4,107
424729,424835,424839,4,106
424729,424837,424841,4,108
424729,424839,424841,2,110
424729,424839,424841,2,110
424729,424839,424842,3,110
424729,424840,424843,3,111
424729,424840,424842,2,111
424729,424840,424842,2,111
424729,424839,424842,3,110
424725,424810,424837,27,85
424725,424821,424842,21,96
424725,424821,424841,20,96
424725,424820,424842,22,95
424729,424837,424844,7,108
424729,424841,424844,3,112
424729,424837,424844,7,108
424729,424842,424844,2,113
424729,424838,424844,6,109
424729,424843,424845,2,114
424729,424837,424844,7,108
424729,424842,424845,3,113
424725,424818,424845,27,93
424729,424843,424845,2,114
424729,424843,424845,2,114
424729,424843,424845,2,114
424729,424843,424846,3,114
424729,424844,424846,2,115
424729,424841,424846,5,112
424729,424845,424847,2,116
424729,424844,424846,2,115
424729,424844,424847,3,115
424729,424844,424846,2,115
424729,424845,424847,2,116
424729,424845,424847,2,116
424729,424845,424847,2,116
424723,424796,424847,51,73
424725,424818,424835,17,93
424725,424818,424840,22,93
424725,424818,424845,27,93
424729,424846,424848,2,117
424729,424846,424849,3,117
424729,424846,424849,3,117
424729,424846,424848,2,117
424729,424846,424849,3,117
424729,424840,424849,9,111
424730,424848,424850,2,118
424730,424847,424850,3,117
424729,424835,424850,15,106
424730,424847,424851,4,117
424730,424847,424851,4,117
424730,424848,424851,3,118
424729,424838,424851,13,109
424730,424847,424851,4,117
424730,424847,424852,5,117
424729,424843,424852,9,114
424723,424796,424853,57,73
424723,424796,424854,58,73
424730,424849,424854,5,119
424730,424849,424854,5,119
424730,424848,424854,6,118
424730,424849,424855,6,119
424730,424852,424855,3,122
424730,424853,424856,3,123
424730,424852,424856,4,122
424730,424855,424857,2,125
424730,424855,424857,2,125
424730,424851,424857,6,121
424730,424855,424858,3,125
424730,424851,424857,6,121
424730,424852,424857,5,122
424723,424793,424857,64,70
424730,424849,424858,9,119
424730,424851,424858,7,121
424730,424856,424858,2,126
424730,424856,424858,2,126
424730,424850,424858,8,120
424730,424857,424858,1,127
424730,424857,424859,2,127
424730,424858,424860,2,128
424730,424858,424860,2,128
424730,424858,424860,2,128
424730,424858,424860,2,128
424730,424858,424860,2,128
424730,424858,424860,2,128
424730,424859,424861,2,129
424730,424859,424861,2,129
424730,424859,424861,2,129
424730,424859,424861,2,129
424730,424859,424861,2,129
424730,424859,424861,2,129
424730,424860,424862,2,130
424730,424850,424861,11,120
424730,424858,424861,3,128
424730,424860,424862,2,130
424730,424860,424862,2,130
424730,424861,424863,2,131
424730,424861,424863,2,131
424725,424811,424856,45,86
424730,424861,424863,2,131
424730,424861,424863,2,131
424730,424862,424864,2,132
424729,424843,424864,21,114
424730,424862,424864,2,132
424730,424862,424864,2,132
424730,424861,424865,4,131
424730,424861,424865,4,131
424730,424852,424864,12,122
424730,424862,424864,2,132
424730,424862,424864,2,132
424730,424862,424865,3,132
424730,424863,424865,2,133
424730,424863,424866,3,133
424730,424862,424866,4,132
424730,424863,424866,3,133
424729,424843,424866,23,114
424740,424865,424867,2,125
424730,424851,424867,16,121
424740,424865,424867,2,125
424740,424865,424867,2,125
424740,424865,424867,2,125
424740,424866,424868,2,126
424729,424843,424868,25,114
424729,424837,424869,32,108
424740,424866,424869,3,126
424740,424867,424869,2,127
424740,424864,424870,6,124
424740,424865,424870,5,125
424740,424865,424870,5,125
424740,424868,424871,3,128
424740,424868,424871,3,128
424740,424864,424871,7,124
424725,424822,424872,50,97
424740,424869,424872,3,129
424740,424868,424871,3,128
424740,424869,424872,3,129
424740,424869,424872,3,129
424740,424870,424872,2,130
424729,424836,424872,36,107
424740,424871,424873,2,131
424740,424871,424874,3,131
424740,424871,424874,3,131
424729,424846,424874,28,117
424740,424871,424875,4,131
424740,424871,424874,3,131
424740,424865,424875,10,125
424740,424872,424876,4,132
424740,424866,424876,10,126
424740,424872,424876,4,132
424740,424873,424876,3,133
424740,424873,424876,3,133
424740,424873,424876,3,133
424740,424865,424876,11,125
424740,424874,424877,3,134
424740,424874,424877,3,134
424740,424875,424877,2,135
424730,424853,424871,18,123
424740,424875,424878,3,135
424740,424875,424878,3,135
424740,424876,424879,3,136
424740,424876,424879,3,136
424730,424854,424879,25,124
424740,424869,424878,9,129
424740,424869,424878,9,129
424740,424876,424879,3,136
424740,424877,424879,2,137
424740,424877,424879,2,137
424740,424877,424879,2,137
424740,424877,424880,3,137
424740,424877,424880,3,137
424740,424864,424880,16,124
424740,424878,424881,3,138
424740,424877,424881,4,137
424740,424879,424881,2,139
424740,424879,424881,2,139
424740,424879,424881,2,139
424740,424879,424882,3,139
424740,424880,424882,2,140
424740,424880,424882,2,140
424740,424880,424882,2,140
424740,424880,424882,2,140
424740,424880,424883,3,140
424740,424880,424883,3,140
424740,424876,424883,7,136
424725,424828,424857,29,103
424730,424849,424879,30,119
424730,424849,424871,22,119
424740,424883,424885,2,143
424740,424883,424885,2,143
424740,424883,424885,2,143
424740,424883,424885,2,143
424740,424879,424884,5,139
424740,424879,424886,7,139
424740,424882,424886,4,142
424740,424883,424886,3,143
424740,424883,424886,3,143
424740,424881,424886,5,141
424730,424862,424887,25,132
424740,424882,424888,6,142
424740,424882,424887,5,142
424740,424873,424888,15,133
424740,424885,424888,3,145
424740,424885,424887,2,145
424740,424885,424887,2,145
424740,424884,424888,4,144
424740,424881,424887,6,141
424740,424882,424888,6,142
424740,424886,424889,3,146
424740,424886,424889,3,146
424740,424886,424889,3,146
424740,424886,424889,3,146
424730,424854,424883,29,124
424740,424878,424890,12,138
424740,424875,424891,16,135
424740,424887,424890,3,147
424740,424888,424891,3,148
424740,424888,424891,3,148
424740,424872,424891,19,132
424740,424888,424891,3,148
424740,424890,424892,2,150
424740,424890,424892,2,150
424740,424890,424892,2,150
424740,424888,424893,5,148
424740,424891,424893,2,151
424740,424890,424893,3,150
424740,424866,424894,28,126
424740,424892,424894,2,152
424740,424892,424895,3,152
424740,424888,424895,7,148
424740,424880,424894,14,140
424740,424868,424895,27,128
424740,424888,424895,7,148
424740,424893,424895,2,153
424740,424888,424895,7,148
424740,424893,424895,2,153
424740,424893,424895,2,153
424740,424893,424895,2,153
424740,424891,424895,4,151
424740,424883,424895,12,143
424740,424888,424896,8,148
424740,424893,424896,3,153
424740,424894,424896,2,154
424740,424886,424897,11,146
424740,424895,424897,2,155
424740,424895,424897,2,155
424740,424895,424897,2,155
424740,424895,424897,2,155
424740,424892,424898,6,152
424740,424895,424898,3,155
424740,424896,424898,2,156
424740,424896,424898,2,156
424740,424896,424898,2,156
424740,424896,424898,2,156
424740,424886,424898,12,146
424753,424899,424900,1,146
424740,424895,424900,5,155
424753,424899,424901,2,146
424753,424899,424901,2,146
424753,424898,424902,4,145
424753,424899,424901,2,146
424753,424898,424902,4,145
424753,424898,424902,4,145
424753,424901,424902,1,148
424740,424890,424903,13,150
424753,424897,424903,6,144
424753,424897,424903,6,144
424730,424848,424904,56,118
424753,424898,424904,6,145
424753,424897,424904,7,144
424753,424902,424904,2,149
424753,424902,424904,2,149
424753,424902,424904,2,149
424753,424902,424904,2,149
424753,424903,424905,2,150
424753,424903,424905,2,150
424753,424904,424906,2,151
424740,424894,424906,12,154
424740,424895,424899,4,155
424753,424904,424906,2,151
424740,424895,424907,12,155
424740,424890,424907,17,150
424753,424904,424907,3,151
424753,424903,424907,4,150
424753,424905,424907,2,152
424753,424905,424907,2,152
424753,424905,424907,2,152
424753,424905,424908,3,152
424753,424905,424908,3,152
424740,424892,424909,17,152
424740,424879,424909,30,139
424753,424906,424910,4,153
424753,424906,424909,3,153
424753,424907,424910,3,154
424753,424906,424910,4,153
424753,424907,424911,4,154
424753,424908,424911,3,155
424753,424908,424910,2,155
424753,424908,424910,2,155
424753,424903,424911,8,150
424753,424908,424911,3,155
424753,424908,424911,3,155
424753,424897,424911,14,144
424753,424908,424911,3,155
424753,424899,424912,13,146
424753,424910,424912,2,157
424753,424910,424912,2,157
424753,424907,424913,6,154
424753,424911,424913,2,158
424753,424911,424914,3,158
424753,424911,424914,3,158
424753,424911,424914,3,158
424753,424911,424914,3,158
424753,424912,424914,2,159
424753,424912,424914,2,159
424740,424896,424914,18,156
424753,424913,424915,2,160
424753,424913,424915,2,160
424753,424909,424914,5,156
424753,424914,424916,2,161
424740,424884,424893,9,144
424730,424849,424912,63,119
424740,424884,424915,31,144
424753,424914,424916,2,161
424753,424914,424917,3,161
424753,424914,424917,3,161
424740,424865,424917,52,125
424753,424907,424917,10,154
424753,424912,424917,5,159
424740,424888,424917,29,148
424753,424911,424918,7,158
424770,424915,424918,3,145
424770,424915,424918,3,145
424753,424913,424919,6,160
424753,424911,424917,6,158
424770,424916,424920,4,146
424770,424916,424919,3,146
424740,424887,424921,34,147
424753,424907,424921,14,154
424770,424917,424922,5,147
424770,424919,424924,5,149
424770,424919,424924,5,149
424770,424917,424925,8,147
424770,424923,424926,3,153
424770,424917,424926,9,147
424770,424917,424926,9,147
424770,424920,424926,6,150
424770,424920,424926,6,150
424770,424924,424927,3,154
424753,424912,424928,16,159
424770,424919,424928,9,149
424770,424925,424928,3,155
424753,424914,424928,14,161
424770,424916,424928,12,146
424770,424926,424929,3,156
424770,424925,424929,4,155
424770,424926,424929,3,156
424770,424926,424929,3,156
424770,424927,424929,2,157
424770,424926,424930,4,156
424770,424926,424930,4,156
424770,424928,424930,2,158
424770,424930,424931,1,160
424770,424930,424931,1,160
424770,424929,424932,3,159
424770,424930,424932,2,160
424770,424930,424932,2,160
424770,424929,424933,4,159
424770,424930,424933,3,160
424770,424922,424933,11,152
424770,424932,424934,2,162
424770,424931,424933,2,161
424770,424930,424934,4,160
424770,424932,424934,2,162
424770,424933,424935,2,163
424770,424932,424935,3,162
424770,424932,424934,2,162
424753,424906,424936,30,153
424770,424934,424936,2,164
424770,424934,424937,3,164
424770,424934,424937,3,164
424770,424917,424937,20,147
424770,424935,424937,2,165
424770,424935,424937,2,165
424770,424920,424936,16,150
424770,424929,424938,9,159
424770,424933,424938,5,163
424770,424935,424938,3,165
424770,424936,424938,2,166
424770,424935,424938,3,165
424770,424918,424938,20,148
424770,424920,424938,18,150
424740,424896,424938,42,156
424753,424901,424938,37,148
424753,424904,424938,34,151
424753,424909,424938,29,156
424770,424937,424939,2,167
424770,424938,424940,2,168
424770,424915,424940,25,145
424770,424938,424940,2,168
424770,424938,424943,5,168
424783,424939,424943,4,156
424783,424939,424944,5,156
424783,424941,424943,2,158
424783,424939,424944,5,156
424770,424921,424944,23,151
424783,424941,424944,3,158
424783,424940,424945,5,157
424783,424944,424947,3,161
424783,424944,424947,3,161
424783,424944,424948,4,161
424783,424945,424949,4,162
424770,424918,424929,11,148
424770,424917,424943,26,147
424783,424944,424949,5,161
424783,424945,424949,4,162
424783,424945,424950,5,162
424770,424918,424943,25,148
424783,424948,424952,4,165
424783,424948,424952,4,165
424783,424949,424953,4,166
424770,424937,424953,16,167
424783,424949,424953,4,166
424783,424948,424955,7,165
424783,424939,424955,16,156
424783,424951,424956,5,168
424770,424917,424956,39,147
424783,424953,424956,3,170
424770,424934,424957,23,164
424783,424953,424956,3,170
424783,424952,424956,4,169
424783,424954,424957,3,171
424770,424938,424957,19,168
424783,424955,424958,3,172
424783,424945,424958,13,162
424783,424949,424958,9,166
424783,424957,424959,2,174
424783,424957,424959,2,174
424783,424956,424959,3,173
424783,424957,424959,2,174
424783,424958,424960,2,175
424783,424957,424960,3,174
424783,424959,424961,2,176
424783,424959,424961,2,176
424783,424954,424961,7,171
424783,424959,424961,2,176
424783,424959,424962,3,176
424783,424960,424962,2,177
424783,424960,424963,3,177
424783,424960,424963,3,177
424783,424939,424963,24,156
424783,424962,424963,1,179
424783,424961,424963,2,178
424783,424962,424965,3,179
424783,424962,424965,3,179
424783,424963,424965,2,180
424783,424964,424966,2,181
424783,424963,424965,2,180
424783,424963,424966,3,180
424783,424964,424967,3,181
424783,424941,424967,26,158
424783,424959,424967,8,176
424783,424965,424968,3,182
424783,424939,424968,29,156
424783,424964,424968,4,181
424770,424917,424959,42,147
424783,424956,424962,6,173
424783,424959,424969,10,176
424783,424951,424970,19,168
424783,424959,424971,12,176
424783,424940,424971,31,157
424783,424956,424971,15,173
424783,424939,424973,34,156
424783,424939,424977,38,156
424783,424959,424978,19,176
424783,424958,424980,22,175
424783,424962,424987,25,179
424783,424949,424992,43,166
424783,424949,424995,46,166
424783,424957,425016,59,174
424770,424928,425034,106,158
424770,424928,425034,106,158
424188,424188,425224,1036,0
423745,423745,425286,1541,0
425293,425293,425297,4,0
425293,425293,425297,4,0
425293,425293,425297,4,0
425293,425293,425298,5,0
425293,425293,425299,6,0
425293,425293,425298,5,0
425293,425293,425298,5,0
425293,425293,425299,6,0
425293,425293,425298,5,0
425293,425299,425302,3,6
425293,425298,425302,4,5
425293,425299,425302,3,6
425293,425299,425301,2,6
425293,425297,425301,4,4
425293,425298,425301,3,5
425293,425293,425303,10,0
425293,425293,425303,10,0
425293,425299,425302,3,6
425293,425299,425303,4,6
425293,425302,425304,2,9
425293,425293,425303,10,0
425293,425293,425303,10,0
425293,425293,425303,10,0
425293,425293,425298,5,0
425293,425293,425298,5,0
425293,425299,425304,5,6
425293,425293,425304,11,0
425293,425293,425304,11,0
425293,425293,425304,11,0
425293,425293,425304,11,0
425293,425302,425305,3,9
425293,425302,425305,3,9
425293,425302,425304,2,9
425293,425302,425306,4,9
425293,425293,425306,13,0
425293,425303,425307,4,10
425293,425293,425306,13,0
425293,425303,425306,3,10
425293,425302,425306,4,9
425293,425304,425307,3,11
425293,425305,425308,3,12
425293,425305,425307,2,12
425293,425303,425307,4,10
425293,425305,425308,3,12
425293,425304,425308,4,11
425293,425307,425310,3,14
425293,425304,425310,6,11
425293,425306,425310,4,13
425293,425304,425309,5,11
425293,425304,425310,6,11
425293,425293,425310,17,0
425293,425308,425310,2,15
425293,425304,425310,6,11
425293,425308,425311,3,15
423771,423771,425311,1540,0
425293,425308,425311,3,15
425293,425307,425312,5,14
425293,425309,425313,4,16
425293,425305,425313,8,12
425293,425308,425313,5,15
425293,425303,425313,10,10
425293,425293,425314,21,0
425293,425307,425314,7,14
425293,425305,425314,9,12
425293,425305,425315,10,12
425313,425313,425317,4,0
425293,425307,425317,10,14
425313,425313,425317,4,0
425313,425313,425317,4,0
425293,425293,425316,23,0
425313,425313,425319,6,0
425313,425313,425320,7,0
425313,425314,425319,5,1
425313,425313,425320,7,0
425313,425320,425323,3,7
425313,425317,425324,7,4
425313,425318,425323,5,5
425293,425305,425323,18,12
425313,425318,425323,5,5
425313,425320,425324,4,7
425293,425309,425319,10,16
425313,425313,425320,7,0
425313,425313,425322,9,0
425313,425313,425325,12,0
425313,425314,425325,11,1
425313,425320,425326,6,7
425293,425306,425325,19,13
425313,425322,425326,4,9
425313,425315,425326,11,2
425313,425324,425327,3,11
425313,425313,425327,14,0
425313,425323,425328,5,10
425313,425320,425328,8,7
425313,425324,425328,4,11
425313,425324,425328,4,11
425313,425326,425330,4,13
425313,425326,425331,5,13
425313,425326,425330,4,13
425313,425324,425331,7,11
425313,425327,425330,3,14
425313,425328,425331,3,15
425313,425328,425331,3,15
425313,425329,425332,3,16
425313,425326,425332,6,13
425313,425326,425330,4,13
425313,425331,425333,2,18
425313,425331,425334,3,18
425313,425331,425335,4,18
425313,425332,425334,2,19
425313,425314,425334,20,1
425313,425326,425335,9,13
425313,425328,425334,6,15
425313,425331,425335,4,18
425313,425331,425335,4,18
425313,425332,425336,4,19
425313,425325,425330,5,12
425313,425324,425336,12,11
425313,425334,425337,3,21
425313,425334,425337,3,21
425313,425328,425337,9,15
425313,425333,425337,4,20
425313,425335,425338,3,22
425313,425335,425338,3,22
425313,425335,425338,3,22
425313,425313,425338,25,0
425313,425332,425339,7,19
425313,425335,425340,5,22
425313,425316,425340,24,3
425313,425336,425340,4,23
425313,425336,425340,4,23
425313,425315,425340,25,2
425313,425317,425341,24,4
425313,425337,425341,4,24
425313,425337,425341,4,24
425313,425314,425341,27,1
425313,425315,425347,32,2
425313,425325,425347,22,12
425313,425331,425348,17,18
425313,425325,425350,25,12
425293,425305,425351,46,12
425313,425335,425360,25,22
423750,423750,425363,1613,0
423756,423756,425369,1613,0
423762,423762,425374,1612,0
425374,425374,425378,4,0
425374,425374,425378,4,0
425374,425374,425378,4,0
425374,425374,425379,5,0
425374,425374,425381,7,0
425374,425374,425381,7,0
425374,425374,425382,8,0
425374,425374,425382,8,0
425374,425378,425384,6,4
425374,425374,425384,10,0
425374,425381,425384,3,7
425374,425374,425385,11,0
425374,425374,425385,11,0
425374,425382,425385,3,8
425374,425382,425385,3,8
425374,425382,425385,3,8
425374,425378,425385,7,4
425374,425379,425385,6,5
425374,425378,425386,8,4
425374,425374,425385,11,0
425374,425374,425385,11,0
425374,425374,425386,12,0
425374,425374,425388,14,0
425374,425374,425387,13,0
425374,425374,425388,14,0
425374,425385,425388,3,11
425374,425374,425388,14,0
425374,425386,425389,3,12
425374,425384,425390,6,10
425374,425385,425390,5,11
425374,425386,425390,4,12
425374,425386,425390,4,12
425374,425386,425390,4,12
425374,425386,425390,4,12
425374,425388,425391,3,14
425374,425385,425391,6,11
425374,425386,425390,4,12
425374,425374,425393,19,0
425374,425387,425391,4,13
425374,425390,425393,3,16
425374,425391,425394,3,17
425374,425391,425394,3,17
425374,425391,425394,3,17
425374,425391,425396,5,17
425374,425391,425395,4,17
425374,425392,425396,4,18
425374,425391,425396,5,17
425374,425374,425397,23,0
425374,425395,425397,2,21
425374,425374,425397,23,0
425374,425394,425397,3,20
425374,425385,425398,13,11
425374,425395,425398,3,21
425374,425395,425399,4,21
425374,425398,425401,3,24
425374,425389,425401,12,15
425374,425390,425401,11,16
425374,425398,425403,5,24
425374,425393,425404,11,19
425374,425399,425404,5,25
425374,425396,425404,8,22
425374,425396,425404,8,22
425374,425400,425406,6,26
425374,425397,425406,9,23
425374,425374,425406,32,0
425374,425374,425406,32,0
425374,425397,425406,9,23
425374,425385,425403,18,11
425374,425388,425405,17,14
425374,425388,425404,16,14
425374,425405,425407,2,31
425374,425401,425407,6,27
425374,425404,425408,4,30
425374,425397,425409,12,23
425374,425406,425410,4,32
425374,425393,425405,12,19
425374,425405,425410,5,31
425374,425406,425412,6,32
425374,425405,425413,8,31
425374,425403,425413,10,29
425374,425393,425414,21,19
425374,425406,425415,9,32
425374,425410,425415,5,36
425374,425408,425417,9,34
425374,425408,425417,9,34
425374,425409,425418,9,35
425374,425388,425418,30,14
425374,425416,425418,2,42
425374,425411,425419,8,37
425374,425413,425418,5,39
425374,425417,425420,3,43
425374,425412,425420,8,38
425374,425375,425407,32,1
425374,425375,425417,42,1
425374,425414,425419,5,40
425374,425410,425419,9,36
425374,425419,425421,2,45
425374,425386,425421,35,12
425374,425418,425421,3,44
425374,425419,425422,3,45
425374,425407,425422,15,33
425374,425414,425422,8,40
425374,425419,425423,4,45
425374,425420,425423,3,46
425374,425421,425423,2,47
425374,425421,425424,3,47
425374,425419,425423,4,45
425374,425419,425424,5,45
425374,425416,425424,8,42
425374,425375,425424,49,1
425374,425399,425425,26,25
425374,425422,425424,2,48
425374,425422,425424,2,48
425374,425407,425425,18,33
425374,425424,425426,2,50
425374,425422,425425,3,48
425374,425423,425425,2,49
425374,425420,425424,4,46
425374,425423,425427,4,49
425374,425421,425428,7,47
425374,425423,425428,5,49
425374,425424,425427,3,50
425374,425425,425428,3,51
425374,425425,425428,3,51
425374,425421,425429,8,47
425374,425401,425428,27,27
425374,425407,425428,21,33
425374,425424,425430,6,50
425374,425404,425430,26,30
425374,425424,425430,6,50
425399,425428,425431,3,29
425399,425428,425431,3,29
425374,425425,425431,6,51
425399,425428,425432,4,29
425399,425426,425433,7,27
425399,425431,425433,2,32
425374,425425,425427,2,51
425399,425431,425435,4,32
425399,425430,425436,6,31
425399,425433,425435,2,34
425399,425433,425436,3,34
425399,425431,425436,5,32
425374,425375,425438,63,1
425399,425427,425439,12,28
425399,425428,425438,10,29
425399,425434,425439,5,35
425374,425423,425431,8,49
425399,425428,425439,11,29
425399,425436,425439,3,37
425399,425436,425439,3,37
425399,425429,425440,11,30
425399,425435,425440,5,36
425399,425436,425440,4,37
425399,425429,425441,12,30
425399,425428,425441,13,29
425399,425430,425442,12,31
425374,425398,425443,45,24
425374,425421,425439,18,47
425399,425426,425443,17,27
425399,425435,425441,6,36
425399,425439,425443,4,40
425399,425429,425443,14,30
425399,425437,425444,7,38
425399,425440,425445,5,41
425399,425439,425445,6,40
425399,425439,425445,6,40
425399,425442,425446,4,43
425399,425443,425447,4,44
425399,425443,425447,4,44
425399,425440,425447,7,41
425399,425440,425447,7,41
425399,425440,425448,8,41
425399,425426,425448,22,27
425399,425445,425447,2,46
425399,425444,425447,3,45
425399,425440,425448,8,41
425399,425448,425450,2,49
425399,425448,425450,2,49
425399,425440,425451,11,41
425399,425449,425451,2,50
425399,425448,425451,3,49
425399,425444,425450,6,45
425399,425446,425450,4,47
425399,425444,425453,9,45
425399,425442,425453,11,43
425399,425446,425453,7,47
425399,425448,425453,5,49
425399,425451,425453,2,52
425399,425451,425453,2,52
425399,425443,425448,5,44
425399,425439,425449,10,40
425399,425442,425453,11,43
425399,425451,425454,3,52
425399,425446,425454,8,47
425399,425447,425455,8,48
425399,425451,425454,3,52
425399,425451,425455,4,52
425399,425451,425455,4,52
425399,425449,425454,5,50
425374,425425,425457,32,51
425399,425448,425457,9,49
425399,425447,425456,9,48
425374,425407,425458,51,33
425399,425443,425459,16,44
425399,425451,425460,9,52
425399,425440,425459,19,41
425374,425407,425433,26,33
425374,425410,425433,23,36
425399,425453,425462,9,54
425399,425460,425466,6,61
424366,424366,425514,1148,0
424702,424733,425669,936,31
424450,424451,425674,1223,1
425671,425671,425674,3,0
425671,425671,425674,3,0
425671,425671,425675,4,0
425671,425671,425675,4,0
425671,425671,425675,4,0
425671,425675,425678,3,4
425671,425675,425677,2,4
425671,425671,425679,8,0
425671,425676,425679,3,5
425671,425676,425678,2,5
425671,425676,425679,3,5
425671,425678,425681,3,7
425671,425678,425680,2,7
425671,425671,425681,10,0
425671,425671,425681,10,0
425671,425679,425681,2,8
425671,425679,425681,2,8
425671,425680,425682,2,9
425671,425681,425684,3,10
425671,425681,425684,3,10
425671,425679,425684,5,8
425671,425682,425684,2,11
425671,425671,425685,14,0
425671,425671,425685,14,0
425671,425682,425685,3,11
425671,425683,425686,3,12
425671,425682,425686,4,11
425671,425684,425686,2,13
425671,425684,425686,2,13
425671,425685,425687,2,14
425671,425671,425687,16,0
425671,425671,425688,17,0
425671,425671,425687,16,0
425671,425671,425688,17,0
425671,425686,425689,3,15
425671,425671,425689,18,0
425671,425682,425689,7,11
425671,425687,425690,3,16
425671,425687,425689,2,16
425671,425687,425689,2,16
425671,425671,425690,19,0
425671,425687,425690,3,16
425671,425671,425691,20,0
425671,425685,425690,5,14
425671,425671,425691,20,0
425671,425671,425692,21,0
425671,425689,425691,2,18
425671,425686,425692,6,15
425671,425688,425692,4,17
425671,425688,425692,4,17
425671,425671,425693,22,0
425671,425690,425692,2,19
425671,425690,425693,3,19
425671,425690,425693,3,19
425671,425690,425694,4,19
425671,425671,425694,23,0
425671,425686,425694,8,15
425671,425688,425695,7,17
425671,425691,425695,4,20
425671,425691,425695,4,20
425671,425691,425696,5,20
425671,425689,425696,7,18
425671,425692,425697,5,21
425671,425688,425700,12,17
425671,425691,425705,14,20
425671,425671,425709,38,0
425671,425671,425724,53,0
425671,425686,425725,39,15
425671,425671,425728,57,0
424708,424763,425730,967,55
425732,425732,425735,3,0
425732,425732,425735,3,0
425732,425732,425736,4,0
425732,425732,425735,3,0
425732,425732,425735,3,0
425732,425732,425736,4,0
425732,425735,425737,2,3
425732,425736,425738,2,4
425732,425736,425738,2,4
425732,425736,425738,2,4
425732,425736,425738,2,4
425732,425737,425740,3,5
425732,425737,425741,4,5
424719,424763,425740,977,44
425732,425739,425741,2,7
425732,425739,425742,3,7
425732,425739,425741,2,7
425671,425671,425734,63,0
425732,425732,425742,10,0
425732,425738,425741,3,6
425732,425740,425742,2,8
425732,425732,425742,10,0
425732,425732,425743,11,0
425732,425732,425744,12,0
425732,425742,425744,2,10
425732,425732,425744,12,0
425732,425732,425744,12,0
425732,425732,425744,12,0
425732,425732,425745,13,0
425732,425741,425744,3,9
425732,425742,425744,2,10
425732,425732,425744,12,0
425732,425732,425744,12,0
425732,425742,425744,2,10
425732,425742,425745,3,10
425732,425744,425746,2,12
425732,425741,425746,5,9
425732,425741,425746,5,9
425732,425742,425746,4,10
425732,425742,425746,4,10
425732,425732,425746,14,0
425732,425743,425746,3,11
425732,425732,425748,16,0
425732,425743,425748,5,11
425732,425745,425747,2,13
425732,425745,425747,2,13
425732,425746,425748,2,14
425732,425732,425748,16,0
425732,425746,425749,3,14
425732,425746,425749,3,14
425732,425746,425749,3,14
425732,425746,425749,3,14
425732,425732,425748,16,0
425732,425745,425749,4,13
425732,425744,425749,5,12
425732,425745,425749,4,13
425732,425745,425749,4,13
425732,425748,425751,3,16
425732,425746,425748,2,14
425732,425747,425752,5,15
425732,425748,425752,4,16
425732,425745,425752,7,13
425732,425746,425753,7,14
425732,425732,425754,22,0
425732,425732,425753,21,0
425732,425748,425754,6,16
425732,425748,425754,6,16
425732,425748,425754,6,16
425732,425746,425754,8,14
425732,425732,425757,25,0
424520,424520,425759,1239,0
425732,425732,425762,30,0
425763,425764,425766,2,1
425763,425764,425767,3,1
425763,425764,425767,3,1
425763,425764,425767,3,1
425763,425764,425767,3,1
425763,425764,425768,4,1
425763,425764,425767,3,1
425763,425764,425767,3,1
425763,425764,425768,4,1
425763,425767,425769,2,4
425763,425764,425770,6,1
425763,425768,425770,2,5
425763,425768,425770,2,5
425763,425764,425771,7,1
425763,425764,425772,8,1
425763,425768,425771,3,5
425763,425768,425771,3,5
425763,425768,425771,3,5
425763,425768,425771,3,5
425763,425769,425773,4,6
425763,425771,425772,1,8
425763,425770,425772,2,7
425763,425771,425773,2,8
425763,425772,425773,1,9
425763,425773,425775,2,10
425763,425772,425774,2,9
425763,425772,425774,2,9
425763,425773,425775,2,10
425763,425773,425775,2,10
425763,425772,425775,3,9
425763,425773,425775,2,10
425763,425774,425776,2,11
425732,425746,425777,31,14
425763,425772,425777,5,9
425763,425775,425777,2,12
425763,425776,425778,2,13
425763,425775,425777,2,12
425763,425775,425778,3,12
425763,425775,425777,2,12
425763,425763,425778,15,0
425763,425775,425778,3,12
425763,425772,425778,6,9
425763,425776,425778,2,13
425763,425763,425779,16,0
425763,425764,425779,15,1
425763,425771,425779,8,8
425763,425763,425780,17,0
425763,425776,425780,4,13
425763,425764,425780,16,1
425763,425778,425780,2,15
425763,425778,425780,2,15
425763,425778,425780,2,15
425763,425778,425780,2,15
425763,425778,425780,2,15
425763,425764,425781,17,1
425763,425779,425782,3,16
425763,425779,425783,4,16
425763,425778,425782,4,15
425763,425779,425782,3,16
425763,425764,425783,19,1
425763,425764,425783,19,1
425763,425764,425784,20,1
425763,425780,425784,4,17
425763,425763,425787,24,0
425763,425764,425787,23,1
425763,425764,425792,28,1
425763,425780,425794,14,17
425763,425764,425779,15,1
425763,425768,425788,20,5
424592,424592,425805,1213,0
425763,425779,425808,29,16
424742,424896,425840,944,154
424736,424864,425841,977,128
425763,425777,425821,44,14
425842,425842,425845,3,0
425842,425842,425846,4,0
425842,425842,425846,4,0
425842,425842,425846,4,0
425842,425842,425846,4,0
425842,425842,425846,4,0
425842,425842,425847,5,0
425842,425842,425848,6,0
425842,425842,425847,5,0
425842,425842,425849,7,0
425842,425842,425849,7,0
425842,425846,425849,3,4
425842,425847,425849,2,5
425842,425842,425849,7,0
425842,425842,425850,8,0
425842,425847,425849,2,5
425842,425847,425849,2,5
425842,425847,425849,2,5
425842,425847,425849,2,5
425842,425846,425850,4,4
425842,425842,425850,8,0
425842,425848,425850,2,6
425842,425848,425850,2,6
425842,425848,425851,3,6
425842,425850,425852,2,8
425842,425849,425851,2,7
425842,425842,425852,10,0
425842,425850,425852,2,8
425842,425850,425852,2,8
425842,425849,425852,3,7
425842,425850,425852,2,8
425842,425851,425853,2,9
425842,425851,425853,2,9
425842,425849,425853,4,7
425842,425851,425854,3,9
425842,425852,425854,2,10
425842,425842,425854,12,0
425842,425850,425854,4,8
425842,425850,425854,4,8
425842,425852,425854,2,10
425842,425849,425855,6,7
425842,425842,425855,13,0
425842,425852,425855,3,10
425842,425853,425855,2,11
425842,425853,425855,2,11
425842,425853,425855,2,11
425842,425853,425855,2,11
425842,425854,425856,2,12
425842,425854,425857,3,12
425842,425853,425856,3,11
425842,425854,425856,2,12
425842,425842,425857,15,0
425842,425855,425857,2,13
425842,425845,425858,13,3
425842,425853,425859,6,11
425842,425842,425859,17,0
425842,425855,425860,5,13
425842,425854,425859,5,12
425842,425856,425860,4,14
425842,425855,425859,4,13
425843,425856,425860,4,13
424755,424914,425860,946,159
425843,425856,425861,5,13
425843,425856,425861,5,13
425842,425856,425860,4,14
425843,425857,425862,5,14
425843,425857,425864,7,14
425843,425861,425864,3,18
425843,425862,425865,3,19
425843,425861,425864,3,18
425843,425863,425865,2,20
425842,425842,425865,23,0
425843,425856,425865,9,13
425843,425858,425866,8,15
425843,425862,425867,5,19
425843,425856,425867,11,13
425843,425857,425867,10,14
425843,425857,425867,10,14
425843,425860,425868,8,17
425843,425865,425868,3,22
425843,425865,425868,3,22
425843,425864,425868,4,21
425843,425865,425868,3,22
425842,425855,425869,14,13
425843,425860,425869,9,17
425843,425866,425868,2,23
425843,425866,425869,3,23
425843,425867,425869,2,24
425843,425867,425869,2,24
425843,425867,425869,2,24
425843,425860,425870,10,17
425843,425866,425870,4,23
425843,425866,425869,3,23
425843,425868,425870,2,25
425843,425858,425870,12,15
425843,425860,425871,11,17
425843,425868,425870,2,25
425843,425868,425871,3,25
425843,425868,425871,3,25
425843,425860,425871,11,17
425843,425870,425871,1,27
425843,425870,425871,1,27
425843,425870,425871,1,27
425843,425869,425871,2,26
425843,425868,425872,4,25
425843,425869,425872,3,26
425842,425842,425872,30,0
425843,425869,425872,3,26
425843,425867,425873,6,24
425843,425870,425873,3,27
425842,425845,425867,22,3
425842,425851,425867,16,9
425842,425846,425869,23,4
425843,425872,425874,2,29
425843,425872,425873,1,29
425843,425869,425874,5,26
425843,425870,425874,4,27
425843,425871,425874,3,28
425843,425871,425874,3,28
425843,425871,425874,3,28
425843,425872,425874,2,29
425843,425872,425874,2,29
425843,425872,425874,2,29
425843,425870,425874,4,27
425843,425870,425874,4,27
425843,425860,425875,15,17
425843,425871,425875,4,28
425843,425872,425875,3,29
425842,425842,425875,33,0
425843,425871,425875,4,28
425843,425874,425876,2,31
425843,425859,425876,17,16
425843,425872,425876,4,29
425871,425874,425878,4,3
425871,425875,425879,4,4
425843,425874,425878,4,31
425871,425874,425879,5,3
425842,425842,425879,37,0
425843,425874,425879,5,31
425871,425874,425880,6,3
425871,425878,425880,2,7
425871,425875,425881,6,4
425871,425876,425881,5,5
425871,425879,425881,2,8
425871,425875,425882,7,4
425871,425877,425881,4,6
425871,425875,425881,6,4
425871,425875,425881,6,4
425871,425879,425881,2,8
425871,425877,425882,5,6
425871,425881,425883,2,10
425871,425875,425883,8,4
425871,425876,425883,7,5
425871,425877,425880,3,6
425843,425874,425884,10,31
425843,425873,425883,10,30
425843,425873,425883,10,30
425871,425882,425884,2,11
425871,425882,425884,2,11
425871,425882,425884,2,11
425871,425882,425884,2,11
425871,425882,425884,2,11
425871,425882,425884,2,11
425871,425882,425884,2,11
425871,425882,425884,2,11
425871,425883,425885,2,12
425871,425880,425885,5,9
425871,425879,425885,6,8
425871,425884,425886,2,13
425871,425884,425886,2,13
425871,425883,425885,2,12
425871,425882,425886,4,11
425871,425874,425886,12,3
425842,425842,425886,44,0
425871,425884,425886,2,13
425871,425885,425887,2,14
425871,425876,425887,11,5
425871,425884,425887,3,13
425871,425885,425888,3,14
425871,425885,425887,2,14
425871,425885,425887,2,14
425871,425885,425887,2,14
425871,425885,425887,2,14
425871,425880,425888,8,9
425871,425884,425888,4,13
425871,425876,425887,11,5
425871,425880,425887,7,9
425871,425886,425888,2,15
425871,425886,425888,2,15
425871,425874,425888,14,3
425871,425886,425889,3,15
425843,425860,425889,29,17
425871,425886,425889,3,15
425871,425887,425889,2,16
425871,425887,425890,3,16
425871,425888,425890,2,17
425871,425888,425890,2,17
425871,425888,425890,2,17
425871,425886,425891,5,15
425871,425876,425890,14,5
425871,425886,425891,5,15
425871,425888,425891,3,17
424659,424659,425892,1233,0
424773,424938,425891,953,165
425871,425887,425892,5,16
425871,425887,425893,6,16
425871,425888,425893,5,17
425871,425884,425896,12,13
425871,425875,425895,20,4
425871,425875,425899,24,4
425903,425903,425908,5,0
425903,425903,425907,4,0
425903,425903,425908,5,0
425903,425903,425909,6,0
425903,425903,425909,6,0
425903,425903,425908,5,0
425903,425903,425908,5,0
425903,425903,425908,5,0
425903,425903,425909,6,0
425903,425903,425910,7,0
425903,425903,425910,7,0
424836,424966,425909,943,130
425903,425903,425910,7,0
425903,425903,425909,6,0
425903,425903,425909,6,0
425903,425903,425911,8,0
425903,425903,425910,7,0
425903,425903,425910,7,0
425903,425903,425911,8,0
425903,425908,425910,2,5
425903,425909,425911,2,6
425903,425909,425911,2,6
425903,425909,425911,2,6
425903,425909,425911,2,6
425903,425903,425911,8,0
425903,425908,425912,4,5
425903,425903,425911,8,0
425903,425909,425911,2,6
425903,425910,425912,2,7
425903,425908,425912,4,5
425903,425903,425913,10,0
425903,425910,425912,2,7
425903,425909,425913,4,6
425903,425911,425913,2,8
425903,425910,425912,2,7
425903,425910,425913,3,7
425903,425911,425913,2,8
425903,425911,425914,3,8
425903,425903,425914,11,0
425903,425911,425913,2,8
425903,425911,425914,3,8
425903,425911,425915,4,8
425903,425910,425915,5,7
425903,425912,425915,3,9
425903,425912,425914,2,9
425903,425911,425916,5,8
425903,425913,425916,3,10
425903,425913,425916,3,10
425903,425913,425916,3,10
425903,425913,425915,2,10
425903,425914,425916,2,11
425903,425913,425916,3,10
425903,425913,425916,3,10
425903,425914,425916,2,11
425903,425914,425916,2,11
425871,425884,425917,33,13
425903,425911,425917,6,8
425903,425912,425917,5,9
425903,425912,425916,4,9
425903,425912,425917,5,9
424784,424966,425917,951,182
425903,425914,425917,3,11
425903,425913,425918,5,10
425903,425915,425919,4,12
425903,425913,425919,6,10
425903,425911,425918,7,8
425903,425910,425918,8,7
425903,425915,425920,5,12
425915,425917,425920,3,2
425915,425917,425919,2,2
425915,425915,425921,6,0
425915,425915,425921,6,0
425915,425917,425922,5,2
425915,425917,425922,5,2
425915,425916,425922,6,1
425915,425916,425922,6,1
425915,425921,425922,1,6
425915,425916,425922,6,1
425915,425917,425922,5,2
425915,425917,425923,6,2
425915,425918,425923,5,3
425915,425919,425923,4,4
425915,425916,425923,7,1
425915,425922,425923,1,7
425915,425921,425923,2,6
425915,425917,425923,6,2
425915,425917,425923,6,2
425915,425917,425923,6,2
425915,425919,425924,5,4
425915,425920,425924,4,5
425915,425921,425924,3,6
425915,425923,425924,1,8
425915,425923,425924,1,8
425915,425923,425924,1,8
425915,425917,425925,8,2
425915,425923,425925,2,8
425915,425923,425925,2,8
425915,425924,425926,2,9
425915,425924,425926,2,9
425915,425920,425926,6,5
425915,425920,425926,6,5
425915,425922,425926,4,7
425915,425924,425926,2,9
425915,425924,425926,2,9
425915,425925,425927,2,10
425915,425924,425926,2,9
425915,425924,425926,2,9
425871,425884,425927,43,13
425915,425923,425927,4,8
425915,425923,425927,4,8
425915,425923,425927,4,8
425915,425923,425927,4,8
425915,425925,425927,2,10
425915,425917,425927,10,2
425915,425925,425927,2,10
425915,425925,425927,2,10
425915,425926,425928,2,11
425915,425926,425928,2,11
425915,425926,425928,2,11
425915,425926,425928,2,11
425903,425903,425929,26,0
425915,425925,425929,4,10
425915,425925,425929,4,10
425915,425927,425929,2,12
425915,425927,425929,2,12
425915,425927,425929,2,12
425915,425927,425930,3,12
425915,425927,425929,2,12
425871,425887,425930,43,16
425915,425916,425930,14,1
425915,425928,425930,2,13
425915,425926,425930,4,11
425915,425926,425931,5,11
425915,425927,425931,4,12
425915,425927,425932,5,12
425915,425927,425932,5,12
425915,425928,425932,4,13
425915,425928,425932,4,13
425918,425928,425933,5,10
425918,425928,425933,5,10
425918,425930,425933,3,12
425915,425926,425932,6,11
424810,424966,425934,968,156
425918,425928,425933,5,10
425918,425930,425933,3,12
425918,425931,425934,3,13
425918,425930,425934,4,12
425918,425930,425934,4,12
425918,425929,425934,5,11
425918,425929,425935,6,11
425918,425933,425935,2,15
425915,425925,425935,10,10
425918,425934,425936,2,16
425918,425934,425936,2,16
425918,425933,425935,2,15
425918,425929,425936,7,11
425918,425929,425936,7,11
425918,425933,425936,3,15
425915,425917,425936,19,2
425918,425932,425936,4,14
425918,425933,425936,3,15
425918,425930,425936,6,12
425918,425935,425937,2,17
425918,425935,425937,2,17
425918,425934,425936,2,16
425918,425933,425937,4,15
425918,425933,425937,4,15
425918,425935,425937,2,17
425918,425936,425938,2,18
425918,425936,425938,2,18
425918,425935,425938,3,17
425918,425935,425937,2,17
425918,425936,425938,2,18
425918,425935,425938,3,17
425918,425931,425938,7,13
425918,425933,425938,5,15
425918,425937,425939,2,19
425918,425937,425939,2,19
425918,425937,425939,2,19
425918,425938,425940,2,20
425918,425938,425940,2,20
425918,425937,425940,3,19
425918,425936,425940,4,18
425918,425931,425939,8,13
425918,425933,425939,6,15
425918,425935,425939,4,17
425918,425938,425941,3,20
425918,425936,425941,5,18
425918,425936,425941,5,18
425918,425936,425941,5,18
425918,425938,425941,3,20
425918,425938,425941,3,20
425918,425938,425941,3,20
425918,425938,425941,3,20
425918,425939,425941,2,21
425918,425937,425941,4,19
425918,425937,425941,4,19
425918,425939,425941,2,21
425918,425940,425942,2,22
425918,425938,425942,4,20
425918,425938,425942,4,20
425918,425940,425942,2,22
425918,425940,425943,3,22
425918,425932,425943,11,14
425918,425940,425942,2,22
424625,424625,425943,1318,0
425918,425939,425943,4,21
425918,425939,425944,5,21
425918,425930,425948,18,12
425918,425930,425953,23,12
425918,425940,425954,14,22
424909,424966,425956,990,57
425918,425929,425957,28,11
425918,425930,425958,28,12
425903,425903,425939,36,0
425903,425903,425941,38,0
425903,425903,425943,40,0
425961,425961,425964,3,0
425961,425961,425964,3,0
425961,425961,425964,3,0
425961,425961,425964,3,0
425961,425961,425964,3,0
425961,425961,425965,4,0
425961,425961,425965,4,0
425961,425961,425965,4,0
425961,425961,425965,4,0
425961,425961,425965,4,0
425961,425961,425965,4,0
425961,425964,425966,2,3
425961,425964,425966,2,3
425961,425961,425966,5,0
425961,425961,425966,5,0
425961,425961,425967,6,0
425961,425961,425966,5,0
425961,425961,425966,5,0
425961,425961,425966,5,0
425961,425961,425966,5,0
425961,425961,425967,6,0
425961,425961,425968,7,0
425961,425961,425967,6,0
425961,425966,425968,2,5
425961,425966,425968,2,5
425961,425965,425968,3,4
425961,425965,425968,3,4
425961,425961,425968,7,0
425961,425966,425968,2,5
425961,425967,425969,2,6
425961,425961,425968,7,0
425961,425961,425970,9,0
425961,425967,425969,2,6
425961,425967,425969,2,6
425961,425967,425969,2,6
425961,425966,425969,3,5
425961,425967,425969,2,6
425961,425965,425970,5,4
425961,425966,425970,4,5
425961,425968,425970,2,7
425961,425968,425970,2,7
425961,425968,425971,3,7
425961,425968,425971,3,7
425961,425968,425970,2,7
425961,425966,425971,5,5
425961,425966,425971,5,5
425961,425961,425971,10,0
425961,425961,425971,10,0
425961,425961,425971,10,0
425961,425966,425971,5,5
425961,425967,425971,4,6
425961,425967,425972,5,6
425961,425969,425971,2,8
424756,424756,425972,1216,0
424692,424692,425972,1280,0
425961,425970,425972,2,9
425961,425970,425972,2,9
425961,425970,425972,2,9
425961,425970,425972,2,9
425961,425970,425972,2,9
425961,425969,425973,4,8
425961,425969,425974,5,8
425961,425969,425973,4,8
425961,425961,425972,11,0
425961,425969,425974,5,8
425961,425970,425975,5,9
425961,425969,425976,7,8
425903,425903,425964,61,0
425961,425962,425975,13,1
425978,425978,425981,3,0
425978,425978,425981,3,0
425978,425978,425982,4,0
425978,425978,425982,4,0
425978,425978,425982,4,0
425978,425978,425982,4,0
425978,425978,425982,4,0
425978,425978,425982,4,0
425978,425978,425982,4,0
425961,425962,425982,20,1
425978,425978,425983,5,0
425978,425978,425983,5,0
425978,425978,425983,5,0
425978,425978,425983,5,0
425978,425978,425983,5,0
425978,425978,425983,5,0
425978,425981,425983,2,3
425978,425981,425983,2,3
425978,425978,425984,6,0
425978,425978,425984,6,0
425978,425978,425984,6,0
425978,425978,425984,6,0
425978,425982,425984,2,4
425978,425978,425984,6,0
425978,425982,425984,2,4
425961,425961,425985,24,0
425978,425978,425985,7,0
425978,425982,425985,3,4
425978,425978,425985,7,0
425978,425978,425984,6,0
425978,425978,425984,6,0
425978,425982,425985,3,4
425978,425982,425986,4,4
425978,425983,425986,3,5
425978,425978,425986,8,0
425978,425983,425986,3,5
425978,425983,425986,3,5
425978,425983,425986,3,5
425978,425983,425986,3,5
425978,425984,425986,2,6
425978,425983,425987,4,5
425978,425978,425987,9,0
425978,425978,425986,8,0
425978,425984,425987,3,6
425978,425984,425987,3,6
425978,425984,425987,3,6
425978,425984,425987,3,6
425978,425982,425988,6,4
425978,425983,425988,5,5
425978,425985,425988,3,7
425978,425985,425988,3,7
425978,425985,425989,4,7
425978,425987,425989,2,9
425978,425987,425988,1,9
425978,425983,425989,6,5
425978,425986,425989,3,8
425978,425982,425988,6,4
425978,425987,425989,2,9
425978,425987,425989,2,9
425978,425987,425989,2,9
425978,425987,425989,2,9
425978,425984,425990,6,6
425978,425984,425990,6,6
425978,425983,425990,7,5
425978,425986,425990,4,8
425978,425986,425991,5,8
425978,425986,425991,5,8
425961,425962,425992,30,1
425978,425981,425994,13,3
425978,425986,425995,9,8
425978,425978,425995,17,0
424779,424779,425997,1218,0
425961,425961,426000,39,0
425978,425985,426001,16,7
424724,424725,426003,1278,1
425978,425981,425996,15,3
424695,424712,426210,1498,17
426211,426212,426215,3,1
426211,426212,426214,2,1
426211,426212,426215,3,1
426211,426212,426215,3,1
426211,426212,426215,3,1
426211,426212,426216,4,1
426211,426212,426216,4,1
426211,426212,426216,4,1
426211,426212,426218,6,1
426211,426212,426217,5,1
426211,426212,426217,5,1
426211,426212,426217,5,1
426211,426215,426217,2,4
426211,426215,426217,2,4
426211,426216,426218,2,5
426211,426212,426218,6,1
426211,426212,426218,6,1
426211,426212,426218,6,1
426211,426216,426218,2,5
426211,426212,426218,6,1
426211,426216,426218,2,5
426211,426212,426218,6,1
426211,426217,426218,1,6
426211,426216,426219,3,5
426211,426218,426219,1,7
426211,426217,426219,2,6
426211,426212,426220,8,1
426211,426212,426220,8,1
426211,426212,426220,8,1
426211,426212,426220,8,1
426211,426219,426221,2,8
426211,426219,426221,2,8
426211,426218,426220,2,7
426211,426218,426220,2,7
426211,426218,426220,2,7
426211,426218,426220,2,7
426211,426218,426221,3,7
426211,426219,426221,2,8
426211,426219,426221,2,8
426211,426219,426221,2,8
426211,426219,426221,2,8
426211,426220,426222,2,9
426211,426221,426223,2,10
426211,426221,426223,2,10
426211,426212,426222,10,1
426211,426220,426222,2,9
426211,426218,426221,3,7
426211,426219,426223,4,8
426211,426219,426223,4,8
426211,426220,426224,4,9
426211,426221,426223,2,10
426211,426221,426223,2,10
426211,426221,426223,2,10
426211,426221,426224,3,10
426211,426221,426223,2,10
426211,426221,426225,4,10
426211,426221,426226,5,10
426211,426212,426228,16,1
426211,426212,426229,17,1
426211,426212,426229,17,1
426211,426212,426231,19,1
426211,426212,426232,20,1
426211,426212,426232,20,1
426211,426212,426233,21,1
426211,426212,426239,27,1
426211,426212,426241,29,1
426211,426212,426247,35,1
426211,426212,426248,36,1
426211,426212,426249,37,1
426211,426212,426250,38,1
425294,425310,426269,959,16
426271,426272,426274,2,1
426271,426272,426274,2,1
426271,426272,426274,2,1
426271,426272,426274,2,1
426271,426272,426274,2,1
426271,426272,426274,2,1
426271,426272,426274,2,1
426271,426272,426275,3,1
426271,426272,426275,3,1
426271,426272,426275,3,1
426271,426272,426275,3,1
426271,426272,426276,4,1
426271,426272,426275,3,1
426271,426272,426275,3,1
426271,426272,426275,3,1
426271,426272,426276,4,1
426271,426272,426276,4,1
426271,426272,426276,4,1
426271,426272,426277,5,1
426271,426275,426276,1,4
426271,426272,426277,5,1
426271,426272,426277,5,1
426271,426272,426277,5,1
426271,426272,426277,5,1
426271,426272,426277,5,1
426271,426272,426277,5,1
426271,426275,426277,2,4
426271,426272,426277,5,1
426271,426272,426277,5,1
426271,426272,426277,5,1
426271,426272,426277,5,1
426271,426275,426277,2,4
426271,426275,426277,2,4
426271,426275,426277,2,4
426271,426275,426277,2,4
426271,426275,426277,2,4
425052,425052,426277,1225,0
426271,426272,426279,7,1
426271,426272,426279,7,1
426271,426272,426279,7,1
426271,426278,426280,2,7
426271,426278,426280,2,7
426271,426278,426280,2,7
426271,426278,426280,2,7
426271,426278,426280,2,7
426271,426278,426280,2,7
426271,426278,426281,3,7
426271,426278,426281,3,7
426271,426278,426280,2,7
426271,426278,426280,2,7
426271,426278,426280,2,7
426271,426278,426280,2,7
426271,426278,426280,2,7
426271,426278,426282,4,7
426271,426278,426282,4,7
426271,426278,426281,3,7
426271,426272,426283,11,1
426271,426272,426282,10,1
426271,426272,426282,10,1
426271,426278,426282,4,7
426271,426278,426282,4,7
426271,426278,426282,4,7
426271,426278,426283,5,7
426271,426278,426283,5,7
426271,426278,426282,4,7
426271,426278,426283,5,7
426271,426272,426283,11,1
426271,426278,426283,5,7
426271,426278,426283,5,7
426271,426278,426282,4,7
426271,426278,426289,11,7
424724,424809,426318,1509,85
426319,426319,426322,3,0
426319,426319,426322,3,0
426319,426319,426323,4,0
426319,426319,426322,3,0
426319,426319,426323,4,0
426319,426319,426323,4,0
426319,426319,426324,5,0
426319,426319,426323,4,0
426319,426319,426324,5,0
426319,426319,426323,4,0
426319,426319,426325,6,0
426319,426323,426325,2,4
426319,426323,426325,2,4
426319,426319,426325,6,0
426319,426323,426325,2,4
426319,426319,426324,5,0
426319,426323,426325,2,4
426319,426319,426325,6,0
426319,426322,426324,2,3
426319,426319,426325,6,0
426319,426319,426326,7,0
426319,426319,426326,7,0
426319,426319,426326,7,0
426319,426319,426326,7,0
426319,426323,426325,2,4
426319,426319,426326,7,0
426319,426319,426326,7,0
426319,426319,426327,8,0
426319,426319,426327,8,0
426319,426319,426327,8,0
426319,426324,426327,3,5
426319,426324,426327,3,5
426319,426325,426327,2,6
426319,426325,426327,2,6
426319,426324,426326,2,5
426319,426325,426327,2,6
426319,426325,426327,2,6
426319,426324,426328,4,5
426319,426325,426328,3,6
426319,426325,426328,3,6
426319,426326,426328,2,7
426319,426326,426328,2,7
426319,426325,426327,2,6
426319,426325,426328,3,6
426319,426326,426329,3,7
426319,426327,426329,2,8
426319,426327,426329,2,8
426319,426326,426330,4,7
426319,426325,426330,5,6
426319,426327,426330,3,8
426319,426327,426330,3,8
426319,426319,426331,12,0
426319,426319,426331,12,0
426319,426319,426331,12,0
426319,426319,426330,11,0
426319,426327,426331,4,8
426319,426327,426331,4,8
426319,426326,426331,5,7
426319,426327,426332,5,8
426319,426327,426333,6,8
426319,426326,426336,10,7
426319,426319,426338,19,0
426319,426319,426339,20,0
424726,424829,426339,1510,103
426319,426319,426340,21,0
426319,426319,426342,23,0
426340,426340,426343,3,0
426340,426340,426342,2,0
426340,426340,426344,4,0
426340,426340,426344,4,0
426340,426340,426344,4,0
426340,426340,426344,4,0
426340,426340,426343,3,0
426340,426340,426343,3,0
426340,426340,426345,5,0
426340,426340,426345,5,0
426340,426340,426344,4,0
426340,426343,426345,2,3
426340,426340,426346,6,0
426340,426343,426345,2,3
426340,426344,426346,2,4
426340,426344,426346,2,4
426340,426340,426347,7,0
426340,426340,426347,7,0
426340,426344,426346,2,4
426340,426340,426347,7,0
426340,426344,426346,2,4
426340,426344,426346,2,4
426340,426345,426347,2,5
426340,426344,426346,2,4
426340,426345,426347,2,5
426340,426340,426348,8,0
426340,426340,426347,7,0
426340,426340,426347,7,0
426340,426346,426348,2,6
426340,426346,426348,2,6
426340,426345,426348,3,5
426340,426346,426348,2,6
426340,426340,426349,9,0
426340,426345,426349,4,5
426340,426340,426349,9,0
426340,426340,426349,9,0
426319,426319,426349,30,0
426340,426340,426349,9,0
426340,426340,426349,9,0
426340,426340,426348,8,0
426340,426346,426348,2,6
426340,426347,426349,2,7
426340,426347,426349,2,7
426340,426340,426350,10,0
426340,426347,426349,2,7
426340,426347,426350,3,7
426340,426347,426350,3,7
426340,426347,426350,3,7
426340,426347,426350,3,7
426340,426349,426350,1,9
426340,426340,426350,10,0
426340,426340,426350,10,0
426340,426347,426351,4,7
426340,426349,426351,2,9
426340,426349,426351,2,9
426340,426349,426351,2,9
426340,426349,426351,2,9
426340,426340,426352,12,0
426340,426342,426352,10,2
426340,426347,426352,5,7
426340,426340,426353,13,0
426340,426348,426353,5,8
426340,426340,426354,14,0
426340,426349,426353,4,9
426340,426349,426354,5,9
426340,426349,426353,4,9
426340,426349,426354,5,9
426340,426340,426354,14,0
426340,426348,426354,6,8
426340,426340,426358,18,0
426340,426349,426358,9,9
426319,426319,426365,46,0
426319,426319,426365,46,0
426319,426319,426366,47,0
426319,426319,426377,58,0
424731,424864,426466,1602,133
426466,426467,426470,3,1
426466,426467,426470,3,1
426466,426467,426470,3,1
426466,426467,426471,4,1
426466,426467,426471,4,1
426466,426467,426471,4,1
426466,426467,426471,4,1
426466,426467,426471,4,1
426466,426467,426472,5,1
426466,426467,426472,5,1
426466,426467,426472,5,1
426466,426467,426472,5,1
426466,426467,426473,6,1
426466,426471,426472,1,5
426466,426471,426473,2,5
426466,426467,426473,6,1
426466,426467,426474,7,1
426466,426467,426473,6,1
426466,426471,426473,2,5
426466,426472,426474,2,6
426466,426467,426475,8,1
426466,426467,426475,8,1
426466,426472,426474,2,6
426466,426467,426474,7,1
426466,426472,426474,2,6
426466,426472,426474,2,6
426466,426472,426474,2,6
426466,426467,426475,8,1
426466,426467,426476,9,1
426466,426467,426475,8,1
426466,426473,426475,2,7
426466,426473,426475,2,7
426466,426467,426475,8,1
426466,426467,426476,9,1
426466,426473,426475,2,7
426466,426473,426475,2,7
426466,426467,426475,8,1
426466,426473,426477,4,7
426466,426474,426476,2,8
426466,426474,426477,3,8
426466,426474,426476,2,8
426466,426467,426477,10,1
426466,426474,426477,3,8
426466,426467,426477,10,1
426466,426475,426477,2,9
426466,426475,426477,2,9
426466,426475,426477,2,9
426466,426475,426477,2,9
426466,426475,426477,2,9
426466,426474,426478,4,8
426466,426467,426478,11,1
426466,426467,426477,10,1
426466,426467,426478,11,1
426466,426467,426480,13,1
426466,426475,426480,5,9
426466,426476,426479,3,10
426466,426467,426480,13,1
426466,426475,426480,5,9
426466,426476,426480,4,10
426466,426475,426480,5,9
426466,426467,426482,15,1
426466,426467,426483,16,1
426466,426476,426484,8,10
426466,426467,426485,18,1
426466,426473,426479,6,7
426466,426473,426495,22,7
426466,426467,426495,28,1
425258,425258,426497,1239,0
426466,426467,426489,22,1
426466,426467,426490,23,1
426466,426467,426489,22,1
425549,425549,426602,1053,0
425708,425708,426744,1036,0
425786,425787,426869,1082,1
425315,425337,426946,1609,22
426947,426947,426949,2,0
426947,426947,426949,2,0
426947,426947,426949,2,0
426947,426947,426950,3,0
426947,426947,426950,3,0
426947,426947,426950,3,0
426947,426947,426950,3,0
426947,426947,426950,3,0
426947,426947,426951,4,0
426947,426949,426951,2,2
426947,426949,426951,2,2
426947,426947,426951,4,0
426947,426947,426952,5,0
426947,426947,426952,5,0
426947,426947,426952,5,0
426947,426947,426953,6,0
426947,426947,426953,6,0
426947,426950,426953,3,3
426947,426950,426953,3,3
426947,426947,426952,5,0
426947,426950,426953,3,3
426947,426950,426953,3,3
426947,426947,426953,6,0
426947,426950,426953,3,3
426947,426950,426953,3,3
426947,426947,426953,6,0
426947,426947,426953,6,0
426947,426947,426953,6,0
426947,426947,426954,7,0
426947,426947,426954,7,0
426947,426952,426954,2,5
426947,426952,426954,2,5
426947,426952,426954,2,5
426947,426947,426953,6,0
426947,426947,426953,6,0
426947,426952,426955,3,5
426947,426954,426956,2,7
425400,425453,426956,1503,53
426947,426951,426956,5,4
426947,426954,426956,2,7
426947,426954,426956,2,7
426947,426954,426956,2,7
426947,426954,426956,2,7
426947,426954,426956,2,7
426947,426954,426956,2,7
426947,426954,426956,2,7
426947,426954,426956,2,7
426947,426955,426957,2,8
426947,426955,426957,2,8
425403,425453,426957,1504,50
426947,426952,426958,6,5
426947,426954,426957,3,7
426947,426952,426958,6,5
426947,426947,426958,11,0
426957,426957,426959,2,0
426957,426957,426959,2,0
426957,426957,426959,2,0
426957,426957,426959,2,0
426947,426947,426958,11,0
426957,426957,426959,2,0
426957,426957,426960,3,0
426957,426957,426959,2,0
426957,426957,426960,3,0
426957,426958,426960,2,1
426947,426947,426960,13,0
426947,426947,426960,13,0
426947,426947,426957,10,0
426947,426954,426960,6,7
426947,426954,426960,6,7
426957,426957,426961,4,0
426957,426957,426961,4,0
426957,426959,426961,2,2
426957,426957,426961,4,0
426957,426957,426961,4,0
426957,426957,426961,4,0
426957,426957,426960,3,0
426957,426957,426961,4,0
426957,426957,426961,4,0
426957,426959,426961,2,2
426957,426959,426961,2,2
426947,426947,426961,14,0
426947,426947,426960,13,0
426947,426947,426961,14,0
426947,426954,426961,7,7
426957,426957,426962,5,0
426957,426960,426962,2,3
426957,426957,426962,5,0
426957,426960,426962,2,3
426957,426957,426962,5,0
426957,426959,426961,2,2
426957,426958,426962,4,1
426957,426960,426962,2,3
426957,426960,426962,2,3
426957,426961,426963,2,4
426947,426947,426963,16,0
426957,426961,426963,2,4
426957,426961,426963,2,4
426957,426960,426963,3,3
426957,426957,426964,7,0
426957,426958,426963,5,1
426957,426961,426963,2,4
426957,426961,426964,3,4
426957,426961,426963,2,4
426957,426961,426964,3,4
426957,426961,426964,3,4
426957,426962,426965,3,5
426957,426962,426965,3,5
426957,426962,426965,3,5
426957,426963,426965,2,6
426957,426963,426965,2,6
426957,426963,426966,3,6
426957,426963,426966,3,6
426957,426963,426966,3,6
426957,426964,426966,2,7
426957,426964,426966,2,7
426957,426964,426967,3,7
426957,426961,426967,6,4
426958,426964,426967,3,6
426958,426966,426967,1,8
426958,426966,426968,2,8
426958,426964,426968,4,6
426958,426964,426968,4,6
426958,426964,426968,4,6
426958,426967,426968,1,9
426958,426967,426968,1,9
426958,426966,426968,2,8
426957,426961,426968,7,4
426957,426962,426968,6,5
426957,426962,426966,4,5
426957,426958,426969,11,1
426958,426966,426969,3,8
426958,426968,426969,1,10
426958,426967,426969,2,9
426958,426967,426969,2,9
426958,426966,426969,3,8
426958,426967,426969,2,9
426958,426968,426969,1,10
426958,426965,426969,4,7
426958,426967,426969,2,9
426958,426968,426970,2,10
426957,426961,426970,9,4
426957,426961,426970,9,4
426957,426961,426970,9,4
426947,426947,426970,23,0
426958,426969,426970,1,11
426958,426969,426970,1,11
426958,426969,426971,2,11
426958,426969,426971,2,11
426958,426969,426970,1,11
426958,426969,426971,2,11
426957,426964,426971,7,7
426957,426961,426965,4,4
426957,426962,426971,9,5
426958,426970,426971,1,12
426958,426970,426972,2,12
426958,426970,426972,2,12
426958,426970,426972,2,12
426958,426970,426972,2,12
426958,426970,426972,2,12
426958,426971,426973,2,13
426958,426971,426973,2,13
426958,426970,426972,2,12
426958,426971,426973,2,13
426958,426970,426972,2,12
426958,426970,426972,2,12
426958,426970,426973,3,12
426958,426971,426973,2,13
426957,426964,426972,8,7
426958,426969,426973,4,11
426958,426967,426972,5,9
426958,426969,426972,3,11
426958,426971,426973,2,13
426958,426971,426973,2,13
426958,426972,426974,2,14
426958,426972,426974,2,14
426958,426972,426974,2,14
426947,426947,426973,26,0
426958,426969,426974,5,11
426958,426972,426974,2,14
426958,426973,426975,2,15
426958,426972,426974,2,14
426958,426971,426975,4,13
426958,426973,426975,2,15
426958,426973,426975,2,15
426958,426973,426975,2,15
426958,426973,426975,2,15
426958,426973,426976,3,15
426958,426973,426976,3,15
426958,426973,426976,3,15
426958,426973,426976,3,15
426947,426947,426970,23,0
426947,426947,426972,25,0
426957,426960,426976,16,3
426958,426971,426978,7,13
426958,426971,426978,7,13
426947,426947,426977,30,0
426957,426961,426977,16,4
426957,426960,426979,19,3
426957,426962,426978,16,5
426957,426962,426978,16,5
426958,426972,426978,6,14
426958,426971,426979,8,13
426958,426973,426979,6,15
426947,426947,426980,33,0
426958,426974,426979,5,16
426958,426974,426980,6,16
426958,426970,426980,10,12
426957,426959,426982,23,2
426958,426971,426983,12,13
426947,426947,426985,38,0
426958,426971,426996,25,13
426957,426963,426998,35,6
425375,425426,427036,1610,51
427041,427042,427043,1,1
427041,427042,427044,2,1
427041,427042,427044,2,1
427041,427042,427044,2,1
427041,427042,427044,2,1
427041,427042,427044,2,1
427041,427042,427044,2,1
427041,427042,427044,2,1
427041,427042,427045,3,1
427041,427044,427046,2,3
427041,427042,427046,4,1
427041,427042,427045,3,1
427041,427042,427047,5,1
427041,427042,427046,4,1
427041,427042,427046,4,1
427041,427042,427047,5,1
427041,427042,427047,5,1
427041,427042,427047,5,1
427041,427045,427047,2,4
427041,427045,427047,2,4
427041,427042,427047,5,1
427041,427045,427047,2,4
427041,427045,427047,2,4
427041,427045,427047,2,4
427041,427045,427047,2,4
427041,427045,427047,2,4
427041,427042,427049,7,1
427041,427046,427048,2,5
427041,427046,427048,2,5
427041,427046,427048,2,5
427041,427046,427048,2,5
427041,427042,427050,8,1
427041,427042,427049,7,1
427041,427047,427049,2,6
427041,427047,427049,2,6
427041,427042,427050,8,1
427041,427042,427050,8,1
427041,427042,427050,8,1
427041,427042,427050,8,1
427041,427048,427050,2,7
427041,427048,427050,2,7
427041,427048,427050,2,7
427041,427048,427050,2,7
427041,427048,427051,3,7
427041,427048,427051,3,7
427041,427048,427050,2,7
427041,427048,427050,2,7
427041,427048,427051,3,7
427041,427042,427051,9,1
427041,427042,427052,10,1
427041,427048,427051,3,7
427041,427047,427053,6,6
427041,427048,427052,4,7
427041,427042,427053,11,1
427041,427042,427053,11,1
427041,427042,427053,11,1
427041,427042,427054,12,1
427041,427049,427054,5,8
427041,427042,427056,14,1
427041,427042,427057,15,1
427041,427042,427057,15,1
427041,427042,427059,17,1
427041,427042,427058,16,1
427041,427042,427059,17,1
427041,427042,427061,19,1
427041,427042,427061,19,1
427041,427042,427062,20,1
427041,427042,427063,21,1
427041,427042,427064,22,1
425839,425839,427086,1247,0
427041,427042,427087,45,1
425911,425912,427129,1217,1
425672,425692,427200,1508,20
427200,427200,427202,2,0
427200,427200,427202,2,0
427200,427200,427203,3,0
427200,427200,427203,3,0
427200,427200,427202,2,0
427200,427200,427203,3,0
427200,427200,427203,3,0
427200,427200,427203,3,0
427200,427200,427203,3,0
427200,427200,427203,3,0
427200,427200,427202,2,0
427200,427200,427204,4,0
427200,427200,427204,4,0
427200,427200,427204,4,0
427200,427200,427204,4,0
427200,427202,427204,2,2
427200,427200,427204,4,0
427200,427202,427205,3,2
427200,427203,427206,3,3
427200,427203,427206,3,3
427200,427203,427206,3,3
427200,427203,427206,3,3
427200,427203,427206,3,3
427200,427203,427206,3,3
427200,427203,427206,3,3
427200,427204,427206,2,4
427200,427203,427206,3,3
427200,427205,427207,2,5
427200,427205,427207,2,5
427200,427205,427207,2,5
427200,427206,427208,2,6
427200,427205,427207,2,5
427200,427205,427207,2,5
427200,427205,427207,2,5
427200,427206,427208,2,6
427200,427200,427209,9,0
427200,427200,427209,9,0
427200,427207,427209,2,7
427200,427207,427209,2,7
427200,427207,427209,2,7
427200,427207,427209,2,7
427200,427207,427210,3,7
427200,427207,427209,2,7
427200,427207,427209,2,7
427200,427200,427210,10,0
427200,427200,427210,10,0
427200,427200,427210,10,0
427200,427200,427211,11,0
427200,427200,427211,11,0
427200,427200,427211,11,0
427200,427200,427211,11,0
427200,427200,427211,11,0
427200,427200,427211,11,0
427200,427200,427211,11,0
427200,427200,427212,12,0
427200,427200,427212,12,0
427200,427200,427212,12,0
427200,427200,427211,11,0
427200,427200,427214,14,0
427200,427200,427215,15,0
427200,427200,427209,9,0
427200,427200,427217,17,0
427200,427200,427218,18,0
427200,427200,427220,20,0
427200,427200,427221,21,0
427200,427200,427222,22,0
427200,427200,427221,21,0
425968,425968,427227,1259,0
427200,427200,427228,28,0
427200,427200,427228,28,0
426017,426017,427241,1224,0
427200,427200,427248,48,0
425999,425999,427256,1257,0
426052,426052,427290,1238,0
426300,426300,427592,1292,0
426522,426522,427737,1215,0
426637,426637,427882,1245,0
426777,426777,428014,1237,0
426904,426904,428142,1238,0
427112,427112,428160,1048,0
427164,427164,428223,1059,0
427256,427257,428335,1078,1
427294,427294,428515,1221,0
427363,427363,428598,1235,0
427328,427329,428635,1306,1
427627,427627,428866,1239,0
427772,427772,428988,1216,0
427918,427918,429188,1270,0
428050,428050,429263,1213,0
428177,428177,429409,1232,0
428210,428210,429422,1212,0
428256,428256,429484,1228,0
428369,428369,429666,1297,0
401697,401697,438930,37233,0
401701,401701,456493,54792,0
473778,473778,474001,223,0
473777,473777,474001,224,0
474014,474014,474015,1,0
474054,474054,474055,1,0
474091,474092,474093,1,1
474151,474151,474152,1,0
474375,474376,474377,1,1
474703,474703,474704,1,0
474044,474044,474978,934,0
474979,474979,474981,2,0
474979,474979,474981,2,0
474979,474979,474981,2,0
474979,474979,474982,3,0
474979,474979,474982,3,0
474979,474979,474983,4,0
474979,474979,474983,4,0
474979,474979,474983,4,0
474979,474979,474983,4,0
474979,474982,474984,2,3
474979,474982,474984,2,3
474979,474982,474984,2,3
474979,474983,474986,3,4
474979,474983,474986,3,4
474979,474979,474987,8,0
474979,474984,474986,2,5
474979,474984,474986,2,5
474979,474984,474986,2,5
474979,474979,474987,8,0
474979,474984,474987,3,5
474979,474984,474987,3,5
474979,474979,474987,8,0
474979,474985,474987,2,6
474979,474985,474987,2,6
474979,474979,474989,10,0
474979,474979,474989,10,0
474979,474986,474989,3,7
474979,474986,474988,2,7
474979,474979,474990,11,0
474979,474987,474989,2,8
474979,474987,474990,3,8
474979,474979,474991,12,0
474979,474979,474990,11,0
474979,474979,474990,11,0
474979,474988,474990,2,9
474979,474988,474990,2,9
474979,474987,474990,3,8
474979,474979,474991,12,0
474979,474979,474991,12,0
474979,474989,474992,3,10
474979,474989,474991,2,10
474979,474988,474992,4,9
474979,474988,474992,4,9
474979,474990,474992,2,11
474979,474990,474993,3,11
474979,474991,474994,3,12
474979,474991,474994,3,12
474979,474991,474994,3,12
474979,474988,474995,7,9
474979,474992,474995,3,13
474979,474979,474995,16,0
474979,474979,474995,16,0
474979,474989,474996,7,10
474979,474989,474996,7,10
474067,474067,474996,929,0
474979,474992,474996,4,13
474979,474993,474996,3,14
474979,474993,474996,3,14
474979,474979,474998,19,0
474066,474066,474998,932,0
474979,474993,474998,5,14
474979,474993,474998,5,14
474979,474979,474999,20,0
474979,474991,474999,8,12
474979,474987,474999,12,8
474996,474997,475000,3,1
474996,474997,475001,4,1
474996,474997,475001,4,1
474979,474991,475001,10,12
474979,474991,475002,11,12
474979,474990,475002,12,11
474996,474997,475002,5,1
474996,474997,475003,6,1
474996,474999,475003,4,3
474996,475001,475004,3,5
474979,474992,475004,12,13
474996,474997,475006,9,1
474996,475002,475006,4,6
474996,474999,475006,7,3
474996,475002,475006,4,6
474996,475003,475006,3,7
474996,475004,475006,2,8
474996,474997,475006,9,1
474996,475004,475006,2,8
474996,475004,475006,2,8
474996,474999,475007,8,3
474979,474992,475001,9,13
474996,475006,475008,2,10
474996,475006,475008,2,10
474996,474997,475010,13,1
474996,475007,475009,2,11
474996,475007,475009,2,11
474996,475007,475009,2,11
474996,475007,475009,2,11
474996,475007,475009,2,11
474996,475007,475009,2,11
474996,475006,475010,4,10
474996,475007,475011,4,11
474996,475009,475011,2,13
474996,475009,475011,2,13
474996,475000,475012,12,4
474996,475000,475012,12,4
474996,475008,475011,3,12
474996,475010,475013,3,14
474996,475010,475013,3,14
474996,475010,475012,2,14
474996,475010,475012,2,14
474996,475010,475013,3,14
474996,475010,475012,2,14
474979,474979,475008,29,0
474996,475000,475011,11,4
474996,475010,475013,3,14
474996,475002,475014,12,6
474996,475004,475015,11,8
474996,475012,475014,2,16
474996,475012,475015,3,16
474996,475011,475015,4,15
474996,474997,475015,18,1
474996,475013,475016,3,17
474996,475013,475016,3,17
474996,475013,475016,3,17
474046,474046,475016,970,0
474996,475013,475016,3,17
474996,475013,475016,3,17
474996,475013,475016,3,17
474996,475012,475016,4,16
474979,474988,475017,29,9
474996,475015,475018,3,19
474996,475015,475018,3,19
475000,475016,475020,4,16
474056,474056,475020,964,0
475013,475013,475020,7,0
475000,475016,475021,5,16
475000,475016,475021,5,16
475000,475016,475021,5,16
474996,474996,475021,25,0
474996,475014,475022,8,18
475000,475016,475022,6,16
474996,474997,475022,25,1
475000,475016,475023,7,16
475000,475018,475023,5,18
475000,475018,475024,6,18
475000,475021,475025,4,21
475000,475016,475025,9,16
475000,475016,475025,9,16
475000,475022,475026,4,22
474996,475012,475022,10,16
475000,475021,475025,4,21
475000,475021,475026,5,21
474996,475012,475024,12,16
474996,475012,475024,12,16
475000,475020,475026,6,20
475000,475021,475026,5,21
474996,474997,475027,30,1
474996,475015,475027,12,19
474996,475015,475027,12,19
475000,475024,475027,3,24
475000,475022,475027,5,22
475000,475024,475028,4,24
475000,475025,475028,3,25
475000,475024,475028,4,24
475000,475026,475028,2,26
474996,475002,475029,27,6
475000,475026,475029,3,26
475000,475027,475029,2,27
475000,475027,475029,2,27
475000,475027,475029,2,27
475000,475027,475029,2,27
475000,475028,475030,2,28
475000,475027,475031,4,27
475000,475027,475030,3,27
475000,475029,475031,2,29
475000,475029,475031,2,29
475000,475029,475031,2,29
475000,475029,475032,3,29
475000,475029,475032,3,29
475000,475030,475032,2,30
475000,475030,475032,2,30
475000,475026,475030,4,26
475000,475030,475033,3,30
475000,475030,475032,2,30
474996,474998,475032,34,2
475000,475031,475033,2,31
474053,474053,475034,981,0
475000,475023,475032,9,23
475000,475032,475034,2,32
475000,475032,475034,2,32
475000,475032,475034,2,32
475000,475032,475035,3,32
475000,475033,475035,2,33
475000,475033,475035,2,33
475000,475033,475035,2,33
475000,475033,475036,3,33
474059,474059,475036,977,0
475000,475033,475035,2,33
475000,475034,475037,3,34
475000,475034,475036,2,34
475000,475035,475037,2,35
475000,475035,475037,2,35
475000,475035,475038,3,35
474050,474050,475038,988,0
474996,475002,475039,37,6
475016,475036,475040,4,20
475016,475037,475039,2,21
475000,475017,475040,23,17
474051,474051,475040,989,0
475016,475036,475041,5,20
475016,475038,475040,2,22
474049,474049,475040,991,0
475016,475036,475041,5,20
475016,475038,475040,2,22
475016,475038,475040,2,22
475000,475031,475041,10,31
475016,475039,475041,2,23
475016,475036,475042,6,20
475016,475036,475041,5,20
475016,475040,475042,2,24
474996,475014,475043,29,18
475016,475036,475042,6,20
475016,475037,475043,6,21
475016,475040,475043,3,24
475016,475041,475043,2,25
475016,475041,475043,2,25
475016,475041,475043,2,25
475016,475041,475044,3,25
475016,475041,475043,2,25
475016,475041,475044,3,25
475016,475041,475044,3,25
475016,475042,475044,2,26
475016,475042,475044,2,26
475016,475042,475044,2,26
475016,475043,475045,2,27
475016,475042,475045,3,26
475016,475043,475045,2,27
475016,475044,475046,2,28
475000,475031,475046,15,31
475016,475043,475046,3,27
474048,474048,475047,999,0
475016,475044,475047,3,28
475016,475044,475046,2,28
475016,475044,475047,3,28
475016,475044,475047,3,28
475016,475044,475047,3,28
475016,475045,475047,2,29
475016,475045,475047,2,29
475016,475041,475047,6,25
475000,475027,475047,20,27
475016,475045,475047,2,29
475016,475045,475048,3,29
475016,475046,475048,2,30
475016,475045,475048,3,29
475016,475046,475048,2,30
475016,475046,475049,3,30
475016,475047,475049,2,31
475016,475047,475049,2,31
475016,475047,475050,3,31
475000,475033,475050,17,33
475016,475048,475050,2,32
475016,475049,475050,1,33
475016,475048,475051,3,32
475016,475048,475050,2,32
475016,475048,475050,2,32
475016,475048,475050,2,32
475016,475048,475051,3,32
475000,475028,475048,20,28
475000,475035,475050,15,35
475016,475047,475051,4,31
475016,475049,475051,2,33
475016,475048,475051,3,32
475016,475049,475051,2,33
475000,475029,475052,23,29
475016,475051,475053,2,35
475016,475048,475053,5,32
475016,475050,475053,3,34
475016,475050,475053,3,34
475016,475050,475053,3,34
475016,475046,475053,7,30
475016,475051,475053,2,35
475016,475050,475053,3,34
475016,475041,475054,13,25
475043,475052,475055,3,9
475043,475053,475055,2,10
475043,475052,475054,2,9
475043,475052,475055,3,9
475043,475052,475054,2,9
475043,475053,475055,2,10
474054,474055,475055,1000,1
475043,475053,475055,2,10
475043,475053,475056,3,10
475043,475054,475056,2,11
475043,475051,475056,5,8
475043,475054,475056,2,11
475043,475051,475056,5,8
475043,475053,475057,4,10
475000,475035,475054,19,35
475043,475051,475056,5,8
475043,475055,475057,2,12
475043,475055,475058,3,12
475043,475055,475058,3,12
474996,475014,475058,44,18
475000,475018,475057,39,18
475043,475051,475057,6,8
475043,475055,475057,2,12
475016,475048,475058,10,32
475043,475055,475058,3,12
475043,475056,475058,2,13
475043,475056,475059,3,13
475043,475055,475058,3,12
475043,475057,475059,2,14
475043,475056,475058,2,13
475043,475057,475060,3,14
475043,475057,475059,2,14
475043,475058,475060,2,15
475016,475050,475060,10,34
475043,475053,475060,7,10
475043,475058,475061,3,15
475043,475057,475060,3,14
475043,475059,475062,3,16
475043,475059,475061,2,16
475000,475027,475054,27,27
475043,475058,475061,3,15
475043,475059,475062,3,16
475043,475059,475061,2,16
475043,475058,475061,3,15
475043,475058,475061,3,15
475043,475059,475062,3,16
475043,475059,475062,3,16
475043,475060,475063,3,17
475043,475057,475062,5,14
475043,475058,475063,5,15
475043,475060,475062,2,17
475043,475061,475063,2,18
475043,475054,475063,9,11
475043,475061,475063,2,18
475043,475061,475064,3,18
475043,475062,475064,2,19
475043,475062,475064,2,19
475043,475062,475065,3,19
475043,475062,475065,3,19
475043,475062,475064,2,19
475043,475057,475065,8,14
475043,475062,475065,3,19
475043,475062,475064,2,19
475043,475062,475065,3,19
475043,475063,475066,3,20
475043,475063,475065,2,20
475043,475063,475067,4,20
475043,475051,475067,16,8
475044,475065,475067,2,21
474060,474060,475067,1007,0
475044,475065,475068,3,21
475044,475065,475067,2,21
475043,475063,475068,5,20
475044,475065,475067,2,21
475043,475051,475067,16,8
475043,475058,475068,10,15
475044,475065,475068,3,21
475044,475065,475068,3,21
474061,474061,475069,1008,0
475044,475065,475068,3,21
475044,475064,475069,5,20
475044,475066,475069,3,22
475044,475066,475069,3,22
475044,475064,475069,5,20
475044,475066,475069,3,22
475044,475067,475070,3,23
475044,475064,475070,6,20
475044,475068,475070,2,24
475044,475068,475071,3,24
475044,475068,475071,3,24
475044,475068,475071,3,24
475044,475063,475070,7,19
475044,475068,475071,3,24
475044,475068,475071,3,24
475000,475021,475056,35,21
475044,475069,475071,2,25
475044,475069,475071,2,25
475044,475069,475072,3,25
475044,475068,475072,4,24
475044,475069,475072,3,25
475044,475068,475073,5,24
475044,475069,475072,3,25
475044,475069,475073,4,25
475044,475070,475073,3,26
475044,475065,475070,5,21
475044,475071,475073,2,27
475044,475069,475074,5,25
475000,475027,475074,47,27
475044,475072,475074,2,28
475044,475072,475074,2,28
475044,475072,475075,3,28
475044,475072,475075,3,28
475044,475073,475075,2,29
475044,475071,475076,5,27
475044,475073,475076,3,29
475044,475073,475076,3,29
475044,475072,475076,4,28
475044,475074,475076,2,30
475016,475040,475077,37,24
475016,475043,475077,34,27
475044,475073,475077,4,29
475044,475072,475077,5,28
475043,475061,475077,16,18
475044,475075,475077,2,31
475044,475075,475077,2,31
475044,475073,475078,5,29
475044,475068,475075,7,24
475044,475075,475078,3,31
475044,475074,475078,4,30
475044,475075,475078,3,31
475043,475058,475078,20,15
475044,475076,475078,2,32
475044,475071,475079,8,27
475044,475076,475078,2,32
475044,475076,475079,3,32
475044,475077,475079,2,33
475044,475072,475080,8,28
475044,475077,475079,2,33
475043,475061,475080,19,18
475044,475071,475080,9,27
475044,475071,475080,9,27
475044,475077,475079,2,33
475044,475077,475080,3,33
475044,475067,475080,13,23
475044,475068,475080,12,24
475043,475058,475081,23,15
475044,475079,475081,2,35
475044,475079,475081,2,35
475044,475079,475081,2,35
475043,475055,475082,27,12
475044,475078,475082,4,34
475044,475079,475082,3,35
475044,475080,475082,2,36
475044,475079,475083,4,35
475044,475080,475083,3,36
475044,475080,475083,3,36
475044,475079,475083,4,35
475044,475080,475083,3,36
475044,475080,475083,3,36
475044,475081,475083,2,37
475044,475078,475084,6,34
475044,475080,475083,3,36
475044,475064,475084,20,20
475044,475078,475084,6,34
475044,475080,475084,4,36
475044,475082,475084,2,38
475044,475082,475084,2,38
475000,475027,475078,51,27
475044,475072,475078,6,28
475044,475074,475083,9,30
475044,475078,475083,5,34
475044,475078,475084,6,34
475044,475082,475084,2,38
475044,475082,475085,3,38
475044,475083,475085,2,39
475044,475083,475086,3,39
475044,475085,475086,1,41
475044,475084,475087,3,40
475044,475081,475087,6,37
475044,475081,475087,6,37
475044,475083,475087,4,39
475044,475083,475087,4,39
475044,475083,475087,4,39
475044,475083,475087,4,39
475044,475086,475088,2,42
475044,475085,475087,2,41
475044,475085,475087,2,41
475044,475085,475087,2,41
475044,475086,475088,2,42
475044,475086,475089,3,42
475044,475086,475088,2,42
475044,475085,475089,4,41
475044,475083,475089,6,39
475044,475087,475089,2,43
475044,475088,475089,1,44
475044,475084,475089,5,40
475044,475087,475089,2,43
475044,475088,475090,2,44
475044,475088,475090,2,44
475044,475088,475090,2,44
475044,475088,475090,2,44
475044,475084,475090,6,40
475044,475088,475091,3,44
475044,475082,475091,9,38
475044,475085,475091,6,41
475044,475084,475091,7,40
475044,475089,475091,2,45
475044,475088,475091,3,44
475044,475088,475091,3,44
475044,475089,475092,3,45
475044,475079,475084,5,35
475044,475090,475094,4,46
475044,475091,475094,3,47
475044,475090,475094,4,46
475044,475090,475093,3,46
475044,475091,475094,3,47
475044,475091,475094,3,47
475044,475091,475094,3,47
475044,475090,475094,4,46
475044,475090,475094,4,46
475044,475091,475094,3,47
475044,475092,475095,3,48
475044,475089,475095,6,45
475044,475092,475095,3,48
475044,475075,475089,14,31
475044,475085,475089,4,41
475044,475093,475096,3,49
475044,475094,475096,2,50
475044,475094,475097,3,50
475044,475093,475096,3,49
475044,475094,475097,3,50
475044,475094,475097,3,50
475044,475095,475097,2,51
475044,475095,475097,2,51
475044,475095,475097,2,51
475044,475095,475097,2,51
475044,475095,475097,2,51
475044,475095,475098,3,51
475044,475096,475099,3,52
475044,475097,475099,2,53
475044,475095,475099,4,51
475044,475097,475099,2,53
475044,475098,475100,2,54
475044,475098,475100,2,54
475044,475097,475099,2,53
475044,475095,475099,4,51
475044,475097,475100,3,53
475044,475097,475100,3,53
475044,475098,475100,2,54
475044,475098,475100,2,54
475044,475098,475100,2,54
475044,475084,475100,16,40
475044,475099,475101,2,55
475044,475085,475102,17,41
475044,475096,475102,6,52
475044,475091,475101,10,47
475044,475092,475101,9,48
475044,475092,475097,5,48
475044,475099,475102,3,55
475044,475099,475101,2,55
475044,475100,475102,2,56
475044,475100,475102,2,56
475044,475087,475102,15,43
475044,475089,475101,12,45
475044,475099,475102,3,55
475044,475100,475102,2,56
475044,475100,475103,3,56
475044,475085,475103,18,41
475044,475101,475103,2,57
475044,475101,475103,2,57
475044,475101,475103,2,57
475044,475101,475104,3,57
475044,475101,475103,2,57
475044,475101,475103,2,57
475044,475095,475104,9,51
475044,475102,475104,2,58
475044,475080,475104,24,36
475044,475101,475103,2,57
475044,475087,475104,17,43
475044,475101,475105,4,57
475044,475102,475104,2,58
475044,475102,475105,3,58
475043,475072,475105,33,29
475044,475104,475107,3,60
475044,475104,475107,3,60
475044,475104,475107,3,60
475044,475104,475108,4,60
475044,475102,475107,5,58
475044,475104,475108,4,60
475044,475103,475108,5,59
475044,475103,475108,5,59
475044,475104,475109,5,60
475044,475077,475102,25,33
475044,475104,475108,4,60
475044,475104,475108,4,60
475044,475091,475109,18,47
475044,475103,475108,5,59
475044,475105,475109,4,61
475044,475105,475109,4,61
475044,475102,475109,7,58
475044,475102,475109,7,58
475044,475091,475105,14,47
475044,475104,475110,6,60
475044,475107,475110,3,63
475044,475108,475110,2,64
475044,475108,475110,2,64
475044,475104,475110,6,60
475044,475109,475112,3,65
475044,475110,475111,1,66
475044,475108,475111,3,64
475044,475109,475111,2,65
475044,475109,475112,3,65
475044,475108,475111,3,64
475044,475109,475112,3,65
475044,475109,475112,3,65
475044,475109,475112,3,65
475044,475108,475112,4,64
475044,475111,475113,2,67
475044,475109,475113,4,65
475044,475109,475112,3,65
475044,475111,475113,2,67
475044,475102,475113,11,58
475044,475078,475112,34,34
475044,475110,475113,3,66
475044,475111,475113,2,67
475044,475112,475113,1,68
475044,475112,475114,2,68
475044,475111,475113,2,67
475044,475077,475115,38,33
475044,475102,475115,13,58
475044,475112,475114,2,68
475044,475112,475115,3,68
475044,475112,475114,2,68
475044,475113,475115,2,69
475044,475113,475115,2,69
475044,475113,475115,2,69
475044,475113,475115,2,69
475044,475113,475115,2,69
475044,475114,475116,2,70
475044,475113,475115,2,69
475044,475113,475115,2,69
475044,475113,475116,3,69
475044,475114,475116,2,70
475044,475114,475117,3,70
475044,475102,475117,15,58
475046,475116,475118,2,70
475046,475116,475118,2,70
475046,475116,475118,2,70
475046,475116,475119,3,70
475046,475116,475118,2,70
475046,475116,475119,3,70
475046,475117,475119,2,71
475046,475118,475120,2,72
475046,475118,475120,2,72
475046,475117,475119,2,71
475046,475116,475120,4,70
475046,475116,475120,4,70
475044,475110,475120,10,66
475044,475096,475116,20,52
475046,475115,475121,6,69
475046,475119,475122,3,73
475046,475118,475121,3,72
475046,475119,475122,3,73
475046,475119,475122,3,73
475046,475115,475121,6,69
475046,475117,475122,5,71
475046,475116,475122,6,70
475044,475105,475123,18,61
475046,475120,475122,2,74
475046,475120,475123,3,74
475046,475120,475123,3,74
475046,475120,475123,3,74
475046,475121,475123,2,75
475044,475104,475123,19,60
475046,475121,475124,3,75
475044,475082,475118,36,38
475046,475121,475124,3,75
475044,475113,475117,4,69
475044,475106,475125,19,62
475046,475122,475125,3,76
475046,475122,475125,3,76
475046,475122,475125,3,76
475046,475122,475125,3,76
475046,475123,475126,3,77
475046,475122,475125,3,76
475046,475123,475126,3,77
475046,475121,475126,5,75
475046,475123,475126,3,77
475046,475125,475127,2,79
475046,475123,475127,4,77
475046,475123,475128,5,77
475046,475125,475128,3,79
475046,475126,475128,2,80
475046,475125,475128,3,79
475046,475126,475129,3,80
475046,475124,475129,5,78
475046,475123,475129,6,77
475044,475102,475128,26,58
475046,475123,475128,5,77
475046,475127,475130,3,81
475044,475115,475129,14,71
475046,475127,475130,3,81
475046,475127,475130,3,81
475046,475125,475129,4,79
475046,475127,475130,3,81
475046,475129,475131,2,83
475046,475124,475130,6,78
475046,475128,475131,3,82
475046,475129,475131,2,83
475046,475129,475131,2,83
475046,475129,475132,3,83
475046,475128,475132,4,82
475046,475130,475132,2,84
475046,475130,475133,3,84
475044,475109,475133,24,65
475046,475130,475134,4,84
475048,475132,475134,2,84
475048,475131,475135,4,83
475048,475132,475134,2,84
475048,475131,475135,4,83
475048,475132,475134,2,84
475044,475105,475135,30,61
475044,475113,475135,22,69
475046,475127,475134,7,81
475048,475132,475135,3,84
475048,475131,475136,5,83
475048,475133,475135,2,85
475048,475133,475135,2,85
475046,475124,475136,12,78
475046,475130,475135,5,84
475048,475131,475136,5,83
475048,475135,475137,2,87
475044,475108,475137,29,64
475048,475133,475137,4,85
475048,475133,475137,4,85
475048,475130,475137,7,82
475048,475135,475137,2,87
475048,475135,475137,2,87
475048,475135,475138,3,87
475048,475135,475137,2,87
475048,475136,475138,2,88
475048,475136,475138,2,88
475048,475136,475139,3,88
475048,475137,475139,2,89
475048,475136,475139,3,88
475044,475112,475139,27,68
475048,475135,475139,4,87
475048,475137,475140,3,89
475046,475125,475135,10,79
475048,475138,475140,2,90
475048,475138,475140,2,90
475048,475138,475141,3,90
475048,475138,475141,3,90
475044,475113,475141,28,69
475048,475139,475142,3,91
475048,475139,475142,3,91
475048,475139,475142,3,91
475048,475139,475141,2,91
475048,475138,475141,3,90
475048,475139,475142,3,91
475046,475130,475142,12,84
475044,475113,475141,28,69
475048,475139,475142,3,91
475048,475141,475143,2,93
475048,475140,475143,3,92
475048,475141,475144,3,93
475048,475141,475143,2,93
475048,475141,475144,3,93
475046,475125,475144,19,79
475048,475142,475144,2,94
475048,475138,475145,7,90
475048,475142,475145,3,94
475048,475142,475145,3,94
475048,475142,475145,3,94
475048,475142,475145,3,94
475048,475135,475145,10,87
475048,475143,475145,2,95
475048,475143,475145,2,95
475048,475140,475145,5,92
475048,475142,475145,3,94
475048,475142,475145,3,94
475048,475143,475146,3,95
475044,475109,475146,37,65
475044,475115,475146,31,71
475048,475144,475147,3,96
475048,475144,475147,3,96
475048,475144,475146,2,96
475048,475144,475147,3,96
475044,475102,475147,45,58
475048,475145,475148,3,97
475048,475137,475148,11,89
475048,475145,475148,3,97
475046,475130,475146,16,84
475058,475147,475150,3,89
475058,475147,475151,4,89
475058,475147,475151,4,89
475058,475147,475151,4,89
475048,475145,475151,6,97
475058,475146,475153,7,88
475058,475146,475153,7,88
475058,475148,475153,5,90
475058,475146,475153,7,88
475058,475149,475154,5,91
475058,475147,475153,6,89
475058,475151,475154,3,93
475048,475137,475153,16,89
475058,475152,475154,2,94
475058,475146,475154,8,88
475058,475151,475155,4,93
475048,475137,475154,17,89
475048,475135,475155,20,87
475058,475152,475155,3,94
475058,475152,475157,5,94
475058,475154,475157,3,96
475058,475153,475156,3,95
475058,475154,475157,3,96
475048,475145,475157,12,97
475058,475155,475158,3,97
475058,475154,475157,3,96
475058,475154,475157,3,96
475058,475154,475158,4,96
475046,475125,475151,26,79
475058,475155,475159,4,97
475058,475156,475160,4,98
475058,475150,475157,7,92
475058,475157,475160,3,99
475058,475158,475160,2,100
475058,475156,475160,4,98
475058,475158,475160,2,100
475058,475158,475161,3,100
475058,475157,475160,3,99
475058,475158,475160,2,100
475058,475156,475160,4,98
475058,475154,475161,7,96
475058,475157,475161,4,99
475048,475142,475161,19,94
475058,475147,475162,15,89
475058,475158,475162,4,100
475048,475136,475162,26,88
475058,475159,475162,3,101
475058,475160,475163,3,102
475058,475160,475163,3,102
475058,475161,475163,2,103
475058,475161,475163,2,103
475058,475161,475164,3,103
475058,475161,475163,2,103
475058,475161,475163,2,103
475058,475161,475163,2,103
475058,475161,475164,3,103
475058,475148,475165,17,90
475048,475137,475165,28,89
475046,475125,475165,40,79
475048,475140,475165,25,92
475058,475157,475165,8,99
475058,475147,475165,18,89
475058,475155,475166,11,97
475058,475162,475166,4,104
475058,475163,475166,3,105
475058,475164,475166,2,106
475058,475164,475167,3,106
475058,475164,475166,2,106
475058,475164,475166,2,106
475058,475164,475166,2,106
475058,475160,475167,7,102
475058,475162,475165,3,104
475058,475163,475166,3,105
475058,475162,475169,7,104
475138,475167,475170,3,29
475138,475167,475170,3,29
475058,475156,475170,14,98
475138,475168,475170,2,30
475138,475167,475171,4,29
475138,475168,475171,3,30
475138,475167,475172,5,29
475138,475167,475172,5,29
475058,475149,475173,24,91
475058,475161,475167,6,103
475138,475170,475173,3,32
475138,475171,475174,3,33
475138,475167,475173,6,29
475138,475170,475173,3,32
475138,475171,475174,3,33
475138,475166,475174,8,28
475138,475172,475175,3,34
475138,475168,475175,7,30
475138,475172,475176,4,34
475138,475172,475176,4,34
475058,475158,475167,9,100
475138,475173,475177,4,35
475138,475174,475177,3,36
475138,475171,475177,6,33
475138,475174,475176,2,36
475058,475162,475177,15,104
475138,475166,475177,11,28
475138,475174,475178,4,36
475138,475175,475177,2,37
475138,475175,475178,3,37
475138,475174,475179,5,36
475138,475176,475179,3,38
475138,475176,475179,3,38
475138,475166,475179,13,28
475138,475176,475179,3,38
475138,475177,475180,3,39
475138,475177,475180,3,39
475138,475177,475180,3,39
475138,475177,475180,3,39
475138,475178,475180,2,40
475138,475178,475180,2,40
475138,475177,475181,4,39
475138,475166,475182,16,28
475138,475180,475182,2,42
475138,475180,475182,2,42
475138,475181,475182,1,43
475138,475179,475183,4,41
475138,475167,475183,16,29
475138,475180,475183,3,42
475138,475180,475183,3,42
475138,475181,475184,3,43
475138,475181,475183,2,43
475138,475180,475185,5,42
475138,475179,475185,6,41
475138,475178,475183,5,40
475058,475162,475186,24,104
475138,475183,475186,3,45
475138,475183,475186,3,45
475138,475173,475186,13,35
475138,475182,475186,4,44
475138,475184,475187,3,46
475138,475183,475187,4,45
475138,475171,475188,17,33
475138,475186,475188,2,48
475138,475186,475189,3,48
475138,475186,475189,3,48
475138,475173,475191,18,35
475138,475180,475190,10,42
475138,475183,475192,9,45
475138,475185,475193,8,47
475138,475181,475196,15,43
475058,475162,475195,33,104
475138,475166,475205,39,28
475138,475165,475208,43,27
475138,475166,475212,46,28
475138,475166,475211,45,28
475138,475178,475212,34,40
475276,475276,475279,3,0
475276,475276,475281,5,0
475276,475276,475281,5,0
475276,475276,475282,6,0
475276,475276,475282,6,0
475276,475276,475282,6,0
475276,475276,475283,7,0
475276,475276,475283,7,0
475276,475276,475283,7,0
475276,475276,475284,8,0
475276,475276,475284,8,0
475276,475276,475284,8,0
475276,475276,475283,7,0
475276,475282,475285,3,6
475276,475281,475285,4,5
475276,475279,475285,6,3
475276,475283,475285,2,7
475276,475283,475286,3,7
475276,475284,475286,2,8
475276,475285,475287,2,9
475276,475286,475287,1,10
475276,475285,475288,3,9
475276,475282,475288,6,6
475276,475286,475288,2,10
475276,475286,475288,2,10
475276,475282,475289,7,6
475276,475284,475289,5,8
475276,475285,475289,4,9
475276,475285,475289,4,9
475276,475287,475289,2,11
475276,475288,475289,1,12
475276,475287,475289,2,11
475276,475276,475290,14,0
475276,475276,475290,14,0
475276,475276,475290,14,0
475276,475288,475291,3,12
475276,475289,475291,2,13
475276,475283,475287,4,7
475276,475276,475289,13,0
475276,475289,475291,2,13
475276,475289,475291,2,13
475276,475290,475292,2,14
475276,475290,475292,2,14
475276,475290,475292,2,14
475276,475291,475293,2,15
475276,475289,475294,5,13
475276,475290,475293,3,14
475276,475292,475294,2,16
475276,475289,475294,5,13
475276,475290,475294,4,14
475276,475290,475294,4,14
475276,475276,475290,14,0
475276,475276,475291,15,0
475276,475292,475294,2,16
475276,475292,475294,2,16
475276,475292,475294,2,16
475276,475276,475295,19,0
475276,475293,475295,2,17
475276,475293,475295,2,17
475276,475292,475296,4,16
475276,475276,475301,25,0
475276,475276,475302,26,0
475276,475292,475304,12,16
475276,475291,475306,15,15
475276,475276,475307,31,0
475276,475276,475308,32,0
475276,475291,475312,21,15
475276,475291,475327,36,15
475276,475277,475331,54,1
475276,475277,475331,54,1
475403,475404,475416,12,1
474069,474069,475559,1490,0
474047,474047,475559,1512,0
475561,475561,475563,2,0
475561,475561,475563,2,0
475561,475561,475565,4,0
475561,475561,475565,4,0
475561,475561,475566,5,0
475561,475561,475566,5,0
475561,475561,475566,5,0
475561,475561,475566,5,0
475561,475561,475567,6,0
475561,475561,475567,6,0
474052,474052,475566,1514,0
475561,475564,475567,3,3
474064,474064,475567,1503,0
475561,475561,475566,5,0
475561,475561,475566,5,0
475561,475561,475568,7,0
475561,475561,475567,6,0
475561,475565,475568,3,4
475561,475561,475567,6,0
475561,475564,475567,3,3
475561,475567,475569,2,6
475561,475561,475570,9,0
475561,475565,475569,4,4
475561,475567,475570,3,6
475561,475566,475570,4,5
475561,475566,475570,4,5
475561,475566,475570,4,5
475561,475567,475570,3,6
475561,475568,475571,3,7
475561,475568,475571,3,7
475561,475567,475571,4,6
475561,475566,475572,6,5
475561,475567,475572,5,6
475561,475567,475572,5,6
475561,475570,475572,2,9
475561,475568,475573,5,7
475561,475570,475573,3,9
475561,475570,475573,3,9
475561,475571,475574,3,10
475561,475571,475574,3,10
475561,475567,475575,8,6
475561,475571,475574,3,10
475561,475572,475576,4,11
475561,475571,475576,5,10
475561,475568,475575,7,7
475561,475573,475576,3,12
475561,475561,475572,11,0
475561,475570,475575,5,9
475561,475571,475577,6,10
475561,475572,475577,5,11
475561,475574,475577,3,13
475561,475574,475577,3,13
475561,475561,475577,16,0
475561,475572,475578,6,11
475561,475574,475578,4,13
475561,475572,475578,6,11
475561,475575,475578,3,14
475561,475574,475578,4,13
475561,475576,475578,2,15
475561,475573,475581,8,12
475561,475575,475581,6,14
475561,475576,475581,5,15
475561,475576,475581,5,15
475561,475576,475581,5,15
475561,475561,475583,22,0
475561,475581,475584,3,20
475561,475570,475574,4,9
475561,475579,475584,5,18
475561,475578,475585,7,17
475561,475561,475585,24,0
475561,475581,475585,4,20
475561,475561,475585,24,0
475561,475578,475586,8,17
475561,475579,475585,6,18
475561,475561,475585,24,0
475561,475561,475586,25,0
475561,475577,475587,10,16
475561,475579,475587,8,18
475561,475561,475582,21,0
475561,475561,475588,27,0
475561,475577,475588,11,16
475561,475577,475588,11,16
475561,475581,475588,7,20
475561,475585,475588,3,24
475561,475586,475588,2,25
475561,475585,475588,3,24
475561,475586,475588,2,25
475561,475586,475588,2,25
475561,475585,475589,4,24
475561,475578,475589,11,17
475561,475586,475590,4,25
475561,475578,475590,12,17
475561,475589,475590,1,28
475561,475587,475590,3,26
475561,475589,475591,2,28
475561,475589,475591,2,28
475561,475589,475592,3,28
475561,475589,475592,3,28
475561,475591,475593,2,30
475561,475590,475593,3,29
475561,475581,475591,10,20
475561,475589,475592,3,28
475561,475588,475593,5,27
475561,475589,475593,4,28
475561,475589,475593,4,28
475561,475591,475594,3,30
475561,475581,475594,13,20
475561,475587,475593,6,26
475561,475592,475594,2,31
475561,475592,475594,2,31
475561,475591,475595,4,30
475561,475593,475595,2,32
475561,475592,475595,3,31
475561,475593,475595,2,32
475561,475561,475590,29,0
475561,475570,475596,26,9
475561,475585,475594,9,24
475561,475578,475595,17,17
475561,475593,475596,3,32
475561,475593,475596,3,32
475561,475595,475597,2,34
475561,475595,475598,3,34
475561,475594,475598,4,33
475561,475594,475598,4,33
475561,475596,475599,3,35
475561,475594,475599,5,33
475561,475594,475599,5,33
475561,475596,475599,3,35
475561,475596,475601,5,35
475561,475586,475601,15,25
475561,475593,475601,8,32
475561,475596,475601,5,35
475568,475598,475601,3,30
475568,475599,475602,3,31
475561,475584,475592,8,23
475568,475598,475602,4,30
475561,475593,475602,9,32
475568,475597,475602,5,29
475568,475600,475603,3,32
475568,475598,475603,5,30
475568,475597,475603,6,29
475568,475599,475603,4,31
475561,475595,475602,7,34
474057,474057,475604,1547,0
475568,475600,475604,4,32
475568,475599,475605,6,31
475568,475602,475605,3,34
475568,475602,475605,3,34
475568,475602,475606,4,34
475568,475603,475606,3,35
475561,475586,475606,20,25
475568,475602,475606,4,34
475568,475603,475606,3,35
475568,475603,475606,3,35
475568,475601,475606,5,33
475568,475603,475606,3,35
475568,475603,475606,3,35
475605,475606,475607,1,1
474063,474088,475608,1520,25
475568,475606,475608,2,38
475568,475604,475609,5,36
475568,475605,475610,5,37
475568,475606,475610,4,38
475568,475606,475610,4,38
475568,475606,475610,4,38
475568,475607,475610,3,39
475568,475603,475612,9,35
475568,475605,475611,6,37
475561,475577,475612,35,16
475561,475585,475612,27,24
475568,475602,475612,10,34
475568,475604,475613,9,36
475568,475609,475612,3,41
475568,475610,475613,3,42
475568,475610,475613,3,42
475568,475610,475613,3,42
475568,475610,475614,4,42
475568,475611,475614,3,43
475568,475610,475615,5,42
475561,475588,475615,27,27
475561,475590,475615,25,29
475568,475607,475615,8,39
475568,475607,475615,8,39
475568,475613,475616,3,45
475568,475607,475616,9,39
475568,475613,475616,3,45
475568,475613,475616,3,45
475568,475613,475616,3,45
475568,475597,475617,20,29
475568,475614,475618,4,46
475568,475615,475618,3,47
475568,475616,475618,2,48
475568,475613,475618,5,45
475568,475616,475619,3,48
475568,475616,475618,2,48
475561,475578,475619,41,17
475568,475617,475619,2,49
475568,475617,475619,2,49
475568,475612,475620,8,44
475568,475612,475620,8,44
475568,475613,475619,6,45
475568,475615,475620,5,47
475568,475617,475620,3,49
475561,475588,475621,33,27
475569,475617,475621,4,48
475568,475606,475621,15,38
475568,475607,475622,15,39
475568,475609,475623,14,41
475568,475613,475617,4,45
475569,475619,475625,6,50
475569,475620,475625,5,51
475569,475621,475625,4,52
475568,475596,475619,23,28
475569,475619,475625,6,50
475569,475619,475625,6,50
475569,475620,475626,6,51
475569,475622,475626,4,53
475569,475618,475627,9,49
475569,475619,475627,8,50
475569,475618,475627,9,49
475569,475620,475628,8,51
475569,475622,475628,6,53
475568,475612,475622,10,44
475569,475619,475629,10,50
475569,475627,475630,3,58
475569,475626,475629,3,57
475568,475606,475626,20,38
475568,475606,475626,20,38
475569,475627,475630,3,58
475569,475625,475630,5,56
475569,475626,475630,4,57
475569,475626,475630,4,57
475569,475626,475630,4,57
475569,475620,475630,10,51
475569,475627,475632,5,58
475569,475620,475633,13,51
475569,475630,475632,2,61
475569,475630,475633,3,61
475569,475631,475633,2,62
475569,475631,475633,2,62
475569,475631,475634,3,62
475568,475615,475633,18,47
475569,475629,475633,4,60
475569,475627,475634,7,58
475569,475631,475633,2,62
475569,475629,475634,5,60
475569,475629,475634,5,60
475568,475616,475634,18,48
475569,475631,475634,3,62
475569,475627,475634,7,58
475569,475633,475636,3,64
475569,475633,475635,2,64
475569,475632,475636,4,63
475569,475634,475637,3,65
475569,475634,475637,3,65
475569,475634,475637,3,65
475569,475634,475637,3,65
475568,475601,475636,35,33
475569,475635,475638,3,66
475569,475636,475639,3,67
475569,475637,475639,2,68
475569,475637,475640,3,68
475569,475637,475640,3,68
475569,475636,475639,3,67
475569,475634,475640,6,65
475569,475634,475640,6,65
475569,475630,475641,11,61
475569,475632,475641,9,63
475569,475636,475641,5,67
475569,475620,475634,14,51
475569,475631,475642,11,62
475569,475626,475643,17,57
475569,475635,475644,9,66
475569,475623,475645,22,54
475625,475639,475646,7,14
475625,475640,475646,6,15
475625,475640,475646,6,15
475625,475640,475646,6,15
475569,475635,475647,12,66
475625,475641,475647,6,16
475625,475640,475647,7,15
475625,475642,475647,5,17
475625,475641,475648,7,16
475625,475646,475649,3,21
475625,475646,475649,3,21
475625,475646,475650,4,21
475569,475634,475650,16,65
475625,475640,475650,10,15
475569,475622,475652,30,53
475625,475647,475651,4,22
475625,475649,475652,3,24
475625,475650,475652,2,25
475625,475647,475652,5,22
475625,475650,475653,3,25
475625,475650,475653,3,25
475569,475637,475653,16,68
475569,475631,475648,17,62
475569,475634,475653,19,65
475569,475634,475653,19,65
475569,475633,475654,21,64
475625,475647,475653,6,22
475625,475648,475654,6,23
475625,475649,475655,6,24
475625,475652,475655,3,27
475569,475622,475655,33,53
475625,475653,475656,3,28
475625,475652,475656,4,27
475625,475654,475656,2,29
475625,475654,475656,2,29
475625,475654,475656,2,29
475625,475651,475656,5,26
475625,475652,475657,5,27
475625,475647,475655,8,22
475625,475656,475657,1,31
475625,475641,475658,17,16
475625,475643,475654,11,18
475625,475657,475659,2,32
475625,475657,475659,2,32
475625,475657,475659,2,32
475625,475655,475659,4,30
475625,475655,475659,4,30
475625,475645,475660,15,20
475625,475646,475659,13,21
475625,475657,475659,2,32
475625,475654,475659,5,29
475625,475657,475660,3,32
475625,475657,475660,3,32
475625,475658,475660,2,33
475625,475657,475661,4,32
475569,475620,475662,42,51
475625,475657,475662,5,32
475625,475660,475662,2,35
475625,475660,475662,2,35
475625,475661,475663,2,36
475625,475658,475663,5,33
475625,475661,475664,3,36
475625,475660,475663,3,35
475625,475660,475663,3,35
475625,475660,475663,3,35
475625,475661,475664,3,36
475625,475660,475665,5,35
475625,475662,475667,5,37
475625,475660,475667,7,35
475657,475663,475668,5,6
475657,475663,475668,5,6
475657,475664,475669,5,7
475625,475643,475664,21,18
475657,475664,475671,7,7
475657,475665,475672,7,8
475657,475668,475672,4,11
475657,475664,475673,9,7
475657,475662,475673,11,5
475657,475669,475673,4,12
475657,475670,475674,4,13
475657,475667,475675,8,10
475657,475671,475674,3,14
475657,475673,475675,2,16
475625,475654,475669,15,29
475657,475673,475676,3,16
475625,475654,475666,12,29
475657,475665,475677,12,8
475625,475654,475678,24,29
475657,475674,475678,4,17
475657,475674,475679,5,17
475657,475676,475678,2,19
475657,475673,475678,5,16
475657,475676,475680,4,19
475657,475675,475680,5,18
475569,475623,475681,58,54
475657,475679,475682,3,22
475657,475679,475682,3,22
475657,475679,475682,3,22
475657,475677,475682,5,20
475657,475663,475682,19,6
475657,475664,475682,18,7
475657,475674,475683,9,17
475657,475680,475683,3,23
475657,475679,475684,5,22
475657,475680,475684,4,23
475657,475683,475685,2,26
475657,475682,475684,2,25
475657,475682,475685,3,25
475657,475682,475684,2,25
475657,475683,475686,3,26
475657,475684,475686,2,27
475657,475685,475687,2,28
475657,475675,475687,12,18
475657,475682,475687,5,25
475657,475667,475685,18,10
475657,475684,475688,4,27
475657,475685,475687,2,28
475657,475685,475688,3,28
475657,475685,475688,3,28
475657,475685,475688,3,28
475657,475686,475689,3,29
475657,475687,475689,2,30
475657,475676,475689,13,19
475657,475687,475690,3,30
475657,475663,475686,23,6
475625,475651,475690,39,26
475657,475688,475691,3,31
475657,475688,475691,3,31
475657,475688,475691,3,31
475657,475689,475692,3,32
475657,475678,475692,14,21
475657,475687,475692,5,30
475657,475687,475692,5,30
475657,475689,475692,3,32
475657,475690,475693,3,33
475657,475689,475692,3,32
475657,475684,475691,7,27
475657,475688,475693,5,31
475625,475654,475692,38,29
475625,475652,475695,43,27
475657,475676,475694,18,19
475657,475689,475695,6,32
475625,475656,475696,40,31
475650,475650,475698,48,0
475657,475692,475698,6,35
475657,475681,475699,18,24
475625,475659,475701,42,34
475625,475660,475703,43,35
475657,475690,475704,14,33
475625,475660,475705,45,35
475657,475676,475705,29,19
475657,475690,475707,17,33
475820,475821,475868,47,1
474980,474994,475964,970,14
475965,475965,475970,5,0
475965,475965,475969,4,0
475965,475965,475971,6,0
475965,475965,475971,6,0
475965,475965,475971,6,0
475965,475965,475971,6,0
475965,475965,475972,7,0
475965,475965,475972,7,0
475965,475965,475972,7,0
475965,475965,475971,6,0
475965,475970,475972,2,5
475965,475965,475972,7,0
475965,475965,475972,7,0
475965,475965,475973,8,0
475965,475970,475973,3,5
475965,475971,475974,3,6
475965,475973,475974,1,8
475965,475973,475975,2,8
475965,475965,475974,9,0
475965,475971,475975,4,6
475965,475973,475975,2,8
475965,475972,475976,4,7
475965,475972,475976,4,7
475000,475035,475976,941,35
475965,475973,475976,3,8
475965,475973,475976,3,8
475965,475974,475976,2,9
475965,475975,475977,2,10
475965,475973,475977,4,8
475965,475975,475977,2,10
475965,475965,475977,12,0
475965,475975,475977,2,10
475965,475973,475978,5,8
475965,475976,475978,2,11
475965,475976,475979,3,11
475965,475977,475979,2,12
475965,475977,475979,2,12
475965,475971,475979,8,6
475965,475977,475979,2,12
475965,475977,475979,2,12
475965,475978,475980,2,13
475965,475965,475980,15,0
475965,475978,475980,2,13
475965,475976,475981,5,11
475965,475965,475981,16,0
475965,475979,475981,2,14
475965,475975,475981,6,10
475965,475978,475982,4,13
475965,475980,475982,2,15
475965,475977,475982,5,12
475965,475978,475982,4,13
475965,475980,475982,2,15
475965,475980,475982,2,15
475965,475980,475982,2,15
475965,475980,475982,2,15
475965,475979,475983,4,14
475965,475981,475983,2,16
475965,475965,475984,19,0
475965,475977,475984,7,12
475965,475981,475984,3,16
475965,475980,475985,5,15
475965,475981,475986,5,16
475965,475981,475986,5,16
475965,475982,475987,5,17
475977,475983,475986,3,6
475977,475983,475987,4,6
475977,475983,475988,5,6
475977,475983,475989,6,6
475977,475983,475990,7,6
475977,475988,475991,3,11
475977,475987,475991,4,10
475965,475965,475988,23,0
475965,475965,475990,25,0
475977,475984,475992,8,7
475017,475051,475992,941,34
475977,475991,475993,2,14
475977,475989,475993,4,12
475977,475983,475993,10,6
475977,475987,475993,6,10
475977,475985,475993,8,8
475977,475990,475993,3,13
475977,475992,475994,2,15
475977,475986,475994,8,9
475977,475992,475995,3,15
475977,475983,475995,12,6
475977,475987,475995,8,10
475977,475993,475995,2,16
475977,475986,475996,10,9
475977,475993,475995,2,16
475977,475994,475996,2,17
475965,475965,475996,31,0
475977,475991,475996,5,14
475977,475994,475996,2,17
475977,475995,475997,2,18
475977,475994,475997,3,17
475977,475985,475998,13,8
475977,475994,475997,3,17
475977,475995,475998,3,18
475977,475996,475998,2,19
475977,475994,475998,4,17
475977,475982,475998,16,5
475977,475982,475998,16,5
475977,475996,475998,2,19
475977,475996,475998,2,19
475977,475996,476000,4,19
475977,475995,476000,5,18
475977,475997,476000,3,20
475977,475997,475999,2,20
475965,475965,476000,35,0
475977,475998,476000,2,21
475977,475996,476001,5,19
475977,475998,476000,2,21
475977,475999,476001,2,22
475977,475994,476002,8,17
475977,475999,476002,3,22
475977,475999,476002,3,22
475977,475997,476002,5,20
475977,475998,476002,4,21
475977,475992,475997,5,15
475965,475965,476001,36,0
475977,476000,476003,3,23
475977,476000,476003,3,23
475977,476000,476004,4,23
475977,475999,476003,4,22
475977,475999,476004,5,22
475977,476001,476003,2,24
475977,476000,476004,4,23
475977,476001,476005,4,24
475977,476002,476004,2,25
475977,475999,476004,5,22
475977,476002,476005,3,25
475977,475997,476004,7,20
475977,476002,476005,3,25
475977,475998,476006,8,21
475977,476001,476007,6,24
475993,476004,476007,3,11
475977,476002,476008,6,25
475993,476004,476008,4,11
475993,476006,476008,2,13
475993,476008,476010,2,15
475993,476005,476011,6,12
475993,476009,476011,2,16
475993,476009,476011,2,16
475993,476005,476011,6,12
475977,475984,476012,28,7
475993,476006,476012,6,13
475993,476008,476012,4,15
475965,475965,476013,48,0
475965,475965,476013,48,0
475993,476011,476013,2,18
475993,476011,476014,3,18
475993,476012,476014,2,19
475993,476005,476014,9,12
475993,476012,476015,3,19
475993,476003,476015,12,10
475993,476004,476015,11,11
475993,476004,476014,10,11
475993,476007,476015,8,14
475993,476012,476015,3,19
475993,476013,476016,3,20
475993,476004,476015,11,11
475977,475992,476016,24,15
475993,476014,476016,2,21
475993,476015,476017,2,22
475993,476012,476017,5,19
475993,476005,476016,11,12
475993,476014,476017,3,21
475993,476015,476017,2,22
475993,476012,476017,5,19
475993,476005,476018,13,12
475993,476015,476019,4,22
475993,476016,476019,3,23
475993,476015,476019,4,22
475993,476017,476019,2,24
475993,476017,476019,2,24
475993,476017,476020,3,24
475993,476015,476020,5,22
475993,476017,476020,3,24
475993,476018,476021,3,25
475993,476015,476020,5,22
475993,476015,476020,5,22
475993,476019,476021,2,26
475993,476019,476021,2,26
475993,476016,476022,6,23
475993,476003,476021,18,10
475993,476020,476023,3,27
475993,476020,476023,3,27
475993,476020,476024,4,27
475993,476020,476024,4,27
475993,476021,476024,3,28
475993,476017,476024,7,24
475993,476004,476024,20,11
475993,476016,476025,9,23
475993,476022,476024,2,29
475993,476017,476025,8,24
475993,476018,476025,7,25
475993,476020,476025,5,27
475993,476022,476026,4,29
475993,476023,476026,3,30
475993,476019,476026,7,26
475993,476024,476026,2,31
475993,476021,476026,5,28
475993,476021,476026,5,28
475977,475984,476027,43,7
475993,476003,476028,25,10
475993,476023,476027,4,30
475993,476014,476028,14,21
475993,476022,476029,7,29
475981,475981,476029,48,0
475993,476019,476029,10,26
475977,476001,476031,30,24
475993,476014,476036,22,21
475993,476005,476040,35,12
475045,475115,476069,954,70
476080,476080,476084,4,0
476080,476080,476085,5,0
476080,476080,476085,5,0
476080,476080,476085,5,0
476080,476080,476084,4,0
476080,476080,476086,6,0
476080,476080,476086,6,0
476080,476080,476086,6,0
476080,476080,476087,7,0
476080,476080,476088,8,0
476080,476080,476088,8,0
476080,476085,476088,3,5
476080,476085,476088,3,5
476080,476085,476089,4,5
476080,476086,476089,3,6
476080,476080,476089,9,0
476080,476080,476089,9,0
476080,476085,476089,4,5
476080,476087,476089,2,7
476080,476080,476090,10,0
476080,476086,476090,4,6
476080,476080,476090,10,0
476080,476084,476090,6,4
476080,476087,476090,3,7
476080,476080,476091,11,0
476080,476088,476091,3,8
476080,476089,476091,2,9
475047,475130,476091,961,83
476080,476089,476091,2,9
476080,476089,476092,3,9
476080,476090,476092,2,10
476080,476090,476092,2,10
476080,476088,476093,5,8
476080,476080,476093,13,0
476080,476088,476093,5,8
476080,476089,476094,5,9
476080,476091,476094,3,11
476080,476092,476094,2,12
476080,476092,476094,2,12
476080,476090,476095,5,10
476080,476080,476095,15,0
476080,476090,476095,5,10
476080,476092,476095,3,12
475049,475145,476095,950,96
476080,476092,476095,3,12
476080,476089,476095,6,9
476080,476093,476095,2,13
476080,476093,476095,2,13
476080,476091,476096,5,11
476080,476093,476096,3,13
476080,476093,476096,3,13
476080,476090,476096,6,10
476080,476090,476096,6,10
476080,476096,476097,1,16
476080,476095,476097,2,15
476080,476095,476097,2,15
476080,476080,476097,17,0
476080,476096,476099,3,16
476080,476096,476098,2,16
476080,476094,476099,5,14
476080,476094,476098,4,14
476080,476080,476093,13,0
476080,476080,476099,19,0
476080,476095,476100,5,15
476080,476095,476100,5,15
475051,475145,476101,956,94
476080,476095,476101,6,15
476080,476080,476101,21,0
476080,476080,476102,22,0
476080,476095,476103,8,15
476080,476095,476104,9,15
475059,475164,476105,941,105
475057,475146,476110,964,89
476112,476112,476116,4,0
476112,476112,476117,5,0
476112,476112,476117,5,0
476112,476112,476117,5,0
476112,476112,476117,5,0
476112,476112,476117,5,0
476112,476112,476117,5,0
476112,476112,476117,5,0
476112,476112,476117,5,0
476112,476112,476117,5,0
475053,475145,476118,973,92
476112,476112,476118,6,0
476112,476112,476117,5,0
476112,476112,476119,7,0
476112,476117,476119,2,5
476112,476117,476119,2,5
476112,476117,476119,2,5
476112,476112,476119,7,0
476112,476117,476120,3,5
476112,476117,476119,2,5
476112,476112,476120,8,0
476112,476117,476120,3,5
476112,476112,476121,9,0
476112,476117,476121,4,5
476112,476118,476121,3,6
476112,476116,476121,5,4
476112,476117,476121,4,5
476112,476120,476122,2,8
476112,476119,476121,2,7
476112,476112,476122,10,0
476112,476112,476122,10,0
476112,476117,476122,5,5
476112,476120,476122,2,8
476112,476120,476122,2,8
476112,476120,476122,2,8
476112,476120,476122,2,8
476112,476120,476122,2,8
476112,476112,476123,11,0
476112,476112,476123,11,0
476112,476121,476123,2,9
476112,476112,476124,12,0
476112,476119,476123,4,7
476112,476121,476123,2,9
476112,476121,476123,2,9
476112,476121,476124,3,9
476112,476122,476124,2,10
476112,476122,476125,3,10
476080,476080,476121,41,0
476080,476080,476116,36,0
476112,476123,476125,2,11
476112,476123,476125,2,11
476112,476123,476125,2,11
476112,476123,476125,2,11
476112,476123,476126,3,11
476112,476124,476126,2,12
476112,476112,476125,13,0
476112,476121,476126,5,9
476112,476121,476126,5,9
476112,476122,476126,4,10
476112,476122,476127,5,10
476112,476124,476126,2,12
476112,476124,476126,2,12
476112,476123,476126,3,11
476112,476124,476126,2,12
476112,476123,476128,5,11
476112,476124,476128,4,12
476112,476122,476129,7,10
476113,476127,476129,2,14
476113,476127,476129,2,14
476113,476125,476129,4,12
476113,476127,476130,3,14
476113,476127,476130,3,14
476113,476125,476129,4,12
476113,476124,476130,6,11
476112,476124,476130,6,12
476113,476127,476131,4,14
476113,476130,476132,2,17
476113,476130,476132,2,17
476113,476125,476132,7,12
476113,476126,476132,6,13
476113,476130,476132,2,17
476113,476130,476133,3,17
476113,476130,476132,2,17
476113,476130,476132,2,17
476113,476126,476132,6,13
476113,476130,476132,2,17
476113,476129,476134,5,16
476113,476129,476133,4,16
476113,476126,476134,8,13
476113,476132,476134,2,19
476113,476126,476133,7,13
476113,476126,476133,7,13
476113,476130,476135,5,17
476113,476131,476134,3,18
476113,476127,476134,7,14
476113,476133,476135,2,20
476113,476126,476135,9,13
476113,476132,476134,2,19
476113,476132,476134,2,19
476113,476132,476136,4,19
476113,476133,476135,2,20
476113,476133,476135,2,20
476113,476133,476136,3,20
476113,476133,476135,2,20
476113,476133,476136,3,20
476113,476127,476137,10,14
476113,476134,476136,2,21
476113,476134,476136,2,21
476113,476134,476136,2,21
476113,476133,476136,3,20
476113,476134,476137,3,21
476113,476127,476137,10,14
476113,476135,476137,2,22
476113,476135,476138,3,22
476113,476135,476138,3,22
476113,476135,476138,3,22
476113,476134,476139,5,21
476113,476136,476139,3,23
476113,476136,476139,3,23
476113,476136,476138,2,23
476113,476135,476139,4,22
476113,476134,476140,6,21
476113,476137,476139,2,24
476113,476136,476139,3,23
476113,476137,476139,2,24
476113,476136,476139,3,23
476113,476137,476140,3,24
476113,476136,476140,4,23
476113,476138,476140,2,25
476113,476137,476140,3,24
476113,476137,476140,3,24
476113,476135,476139,4,22
476113,476138,476142,4,25
476112,476112,476143,31,0
476113,476141,476144,3,28
476113,476140,476144,4,27
476113,476140,476144,4,27
476113,476140,476144,4,27
476113,476140,476145,5,27
476113,476138,476145,7,25
476113,476138,476145,7,25
476113,476141,476145,4,28
476113,476139,476145,6,26
476113,476141,476145,4,28
476113,476138,476145,7,25
476113,476139,476145,6,26
476112,476112,476145,33,0
476113,476140,476145,5,27
476113,476144,476146,2,31
476113,476144,476146,2,31
476113,476125,476146,21,12
476113,476126,476146,20,13
476113,476137,476144,7,24
476112,476112,476146,34,0
476113,476144,476147,3,31
476113,476135,476146,11,22
476113,476144,476147,3,31
476113,476143,476147,4,30
476113,476144,476147,3,31
476113,476141,476147,6,28
476113,476146,476148,2,33
476113,476145,476148,3,32
476113,476146,476148,2,33
476113,476145,476147,2,32
476113,476145,476148,3,32
476113,476145,476148,3,32
476112,476112,476148,36,0
476113,476145,476148,3,32
476113,476145,476148,3,32
476113,476139,476148,9,26
476113,476145,476148,3,32
476113,476145,476148,3,32
476113,476146,476148,2,33
476113,476143,476149,6,30
476113,476140,476149,9,27
476113,476147,476150,3,34
476113,476148,476150,2,35
476113,476146,476150,4,33
476113,476148,476151,3,35
476113,476148,476151,3,35
476113,476148,476151,3,35
476113,476148,476151,3,35
476113,476149,476151,2,36
476113,476149,476151,2,36
476113,476140,476151,11,27
476113,476149,476152,3,36
476113,476148,476152,4,35
476113,476148,476152,4,35
476113,476148,476152,4,35
476113,476148,476152,4,35
476113,476146,476152,6,33
476113,476147,476152,5,34
476113,476148,476153,5,35
476113,476149,476152,3,36
476113,476148,476152,4,35
476113,476151,476153,2,38
476113,476125,476151,26,12
476113,476147,476151,4,34
476113,476151,476153,2,38
476113,476151,476153,2,38
476113,476151,476154,3,38
476113,476151,476154,3,38
476113,476151,476154,3,38
476113,476152,476154,2,39
476113,476150,476154,4,37
476113,476139,476155,16,26
476114,476152,476156,4,38
476114,476154,476157,3,40
476114,476154,476157,3,40
476114,476154,476157,3,40
476114,476152,476157,5,38
476114,476155,476157,2,41
476113,476150,476157,7,37
476114,476153,476157,4,39
476114,476152,476157,5,38
476114,476154,476158,4,40
476114,476155,476157,2,41
476113,476148,476158,10,35
476114,476156,476158,2,42
476114,476153,476158,5,39
476114,476153,476158,5,39
476114,476154,476158,4,40
476114,476157,476159,2,43
476114,476158,476159,1,44
476114,476158,476159,1,44
476114,476158,476159,1,44
476114,476156,476160,4,42
476114,476155,476159,4,41
476114,476159,476160,1,45
476114,476158,476160,2,44
476114,476158,476160,2,44
476114,476159,476160,1,45
476114,476153,476161,8,39
476114,476158,476160,2,44
476114,476158,476160,2,44
476114,476158,476160,2,44
476114,476160,476161,1,46
476114,476159,476161,2,45
476114,476159,476161,2,45
476113,476148,476154,6,35
476114,476152,476161,9,38
476114,476160,476162,2,46
476114,476158,476162,4,44
476114,476160,476162,2,46
476114,476160,476162,2,46
476113,476146,476163,17,33
476114,476161,476163,2,47
476114,476161,476163,2,47
476114,476161,476163,2,47
476114,476161,476163,2,47
476114,476161,476164,3,47
476114,476161,476163,2,47
476114,476161,476164,3,47
476114,476161,476164,3,47
476114,476162,476164,2,48
476114,476162,476165,3,48
476114,476162,476165,3,48
476114,476153,476164,11,39
476114,476160,476165,5,46
476114,476163,476166,3,49
476114,476160,476166,6,46
476114,476164,476166,2,50
476114,476164,476166,2,50
476114,476163,476166,3,49
476114,476163,476166,3,49
476114,476164,476167,3,50
476114,476164,476166,2,50
476114,476162,476167,5,48
476114,476164,476166,2,50
476114,476164,476167,3,50
476114,476164,476167,3,50
476114,476153,476169,16,39
476115,476167,476170,3,52
476115,476167,476169,2,52
476115,476167,476170,3,52
476115,476165,476170,5,50
476115,476167,476170,3,52
476115,476167,476170,3,52
476115,476167,476170,3,52
476115,476167,476170,3,52
476112,476112,476164,52,0
476114,476163,476172,9,49
476115,476167,476171,4,52
476115,476167,476171,4,52
476115,476165,476172,7,50
476115,476164,476172,8,49
476115,476171,476173,2,56
476115,476165,476173,8,50
476115,476170,476173,3,55
476115,476170,476172,2,55
476115,476170,476172,2,55
476114,476153,476173,20,39
476115,476170,476174,4,55
476115,476172,476174,2,57
476115,476166,476173,7,51
476115,476171,476173,2,56
476115,476171,476173,2,56
476115,476171,476173,2,56
476115,476171,476173,2,56
476115,476166,476174,8,51
476115,476172,476174,2,57
476113,476146,476174,28,33
476115,476173,476175,2,58
476115,476172,476174,2,57
476115,476167,476175,8,52
476115,476172,476174,2,57
476114,476163,476175,12,49
476115,476173,476176,3,58
476115,476173,476176,3,58
476115,476173,476176,3,58
476115,476173,476176,3,58
476115,476172,476176,4,57
476115,476174,476176,2,59
476115,476174,476176,2,59
476115,476174,476177,3,59
476115,476174,476177,3,59
476115,476174,476177,3,59
476115,476174,476177,3,59
476115,476175,476177,2,60
476115,476175,476177,2,60
476115,476175,476178,3,60
476115,476172,476178,6,57
476115,476174,476178,4,59
476115,476174,476179,5,59
476115,476175,476178,3,60
476115,476177,476180,3,62
476115,476177,476180,3,62
476115,476177,476180,3,62
476115,476174,476180,6,59
476115,476177,476179,2,62
476115,476177,476180,3,62
476115,476165,476180,15,50
476115,476175,476180,5,60
476115,476177,476180,3,62
476115,476177,476180,3,62
476115,476177,476180,3,62
476115,476176,476179,3,61
476115,476177,476180,3,62
476115,476178,476180,2,63
476115,476178,476180,2,63
476115,476178,476180,2,63
476115,476165,476181,16,50
476115,476177,476181,4,62
476113,476151,476183,32,38
476120,476180,476184,4,60
476115,476179,476186,7,64
476120,476180,476185,5,60
476120,476181,476186,5,61
476120,476180,476186,6,60
476120,476181,476186,5,61
476120,476181,476185,4,61
476114,476154,476186,32,40
476120,476180,476186,6,60
476120,476180,476187,7,60
476120,476180,476187,7,60
476114,476162,476187,25,48
476120,476180,476187,7,60
476120,476185,476188,3,65
476120,476186,476188,2,66
476120,476186,476188,2,66
476120,476180,476188,8,60
476120,476186,476189,3,66
476120,476186,476188,2,66
476120,476180,476189,9,60
476120,476188,476190,2,68
476120,476186,476189,3,66
476120,476188,476190,2,68
476114,476153,476190,37,39
476120,476184,476190,6,64
476120,476187,476189,2,67
476143,476144,476190,46,1
476120,476187,476190,3,67
476120,476188,476190,2,68
476114,476154,476190,36,40
476120,476188,476190,2,68
476120,476188,476190,2,68
476120,476182,476191,9,62
476120,476189,476191,2,69
476114,476158,476191,33,44
476120,476184,476191,7,64
476120,476186,476191,5,66
476120,476189,476192,3,69
476120,476190,476192,2,70
476120,476189,476192,3,69
476120,476180,476191,11,60
476120,476190,476192,2,70
476120,476190,476192,2,70
476120,476190,476193,3,70
476120,476190,476193,3,70
476120,476191,476193,2,71
476120,476191,476194,3,71
476120,476191,476194,3,71
476120,476180,476194,14,60
476120,476180,476194,14,60
476120,476190,476194,4,70
476120,476191,476194,3,71
476120,476192,476195,3,72
476120,476192,476194,2,72
476120,476192,476195,3,72
476120,476192,476195,3,72
476120,476193,476195,2,73
476120,476193,476195,2,73
476115,476175,476194,19,60
476115,476176,476195,19,61
476115,476179,476195,16,64
476120,476193,476196,3,73
476120,476193,476196,3,73
476120,476194,476196,2,74
476120,476194,476197,3,74
476120,476192,476197,5,72
476120,476192,476197,5,72
476120,476192,476197,5,72
476120,476194,476197,3,74
476120,476195,476198,3,75
476120,476190,476198,8,70
476120,476195,476198,3,75
476120,476188,476194,6,68
476120,476191,476197,6,71
476120,476194,476198,4,74
476120,476194,476199,5,74
476120,476194,476199,5,74
476120,476192,476200,8,72
476120,476186,476209,23,66
476120,476192,476212,20,72
475278,475294,476233,939,16
476267,476267,476270,3,0
476267,476267,476271,4,0
476267,476267,476271,4,0
476267,476267,476271,4,0
476267,476267,476271,4,0
476267,476267,476272,5,0
476267,476267,476272,5,0
476267,476270,476272,2,3
476267,476267,476273,6,0
476267,476267,476273,6,0
476267,476267,476273,6,0
476267,476267,476272,5,0
476267,476267,476273,6,0
476267,476271,476274,3,4
476267,476271,476274,3,4
476267,476267,476275,8,0
476267,476267,476275,8,0
476267,476271,476275,4,4
476267,476267,476274,7,0
476267,476267,476275,8,0
476267,476272,476274,2,5
476267,476272,476276,4,5
476267,476271,476276,5,4
476267,476267,476276,9,0
476267,476273,476276,3,6
476267,476273,476276,3,6
476267,476274,476277,3,7
476267,476274,476277,3,7
476267,476272,476276,4,5
476267,476275,476278,3,8
476267,476267,476278,11,0
476267,476273,476278,5,6
476267,476275,476278,3,8
476267,476275,476278,3,8
476267,476276,476279,3,9
476267,476275,476279,4,8
476267,476275,476279,4,8
476267,476277,476279,2,10
476267,476273,476279,6,6
476267,476267,476280,13,0
476267,476276,476280,4,9
476267,476275,476280,5,8
476267,476277,476280,3,10
476267,476278,476281,3,11
476267,476276,476281,5,9
476267,476276,476281,5,9
476267,476278,476281,3,11
476267,476279,476281,2,12
476267,476279,476281,2,12
476267,476273,476281,8,6
476267,476280,476282,2,13
476267,476280,476282,2,13
476267,476279,476283,4,12
476267,476281,476283,2,14
476267,476280,476283,3,13
476267,476281,476284,3,14
476267,476278,476284,6,11
476267,476281,476284,3,14
476267,476278,476285,7,11
476267,476280,476285,5,13
476267,476281,476286,5,14
476267,476281,476287,6,14
476267,476267,476279,12,0
476267,476267,476291,24,0
476267,476267,476295,28,0
476267,476278,476295,17,11
476267,476267,476297,30,0
476267,476267,476299,32,0
476267,476267,476301,34,0
476267,476280,476302,22,13
475332,475332,476314,982,0
476332,476332,476334,2,0
476332,476332,476335,3,0
476332,476332,476335,3,0
476332,476332,476335,3,0
476332,476332,476335,3,0
476332,476332,476335,3,0
476332,476332,476337,5,0
476332,476332,476336,4,0
476332,476332,476336,4,0
476332,476332,476336,4,0
476332,476332,476337,5,0
476332,476332,476336,4,0
476332,476332,476338,6,0
476332,476335,476337,2,3
476332,476332,476337,5,0
476332,476332,476337,5,0
476332,476335,476337,2,3
476332,476332,476338,6,0
476332,476332,476339,7,0
476332,476336,476338,2,4
476332,476336,476338,2,4
476332,476336,476339,3,4
476332,476337,476339,2,5
476332,476338,476340,2,6
476332,476336,476340,4,4
476332,476338,476341,3,6
476332,476338,476341,3,6
476332,476338,476340,2,6
476332,476337,476341,4,5
476332,476337,476341,4,5
476332,476338,476341,3,6
476332,476339,476342,3,7
476332,476339,476342,3,7
476332,476332,476342,10,0
476332,476332,476343,11,0
476332,476332,476343,11,0
476332,476332,476342,10,0
476332,476339,476342,3,7
476332,476340,476343,3,8
476332,476339,476342,3,7
476332,476341,476344,3,9
476332,476337,476343,6,5
476332,476341,476344,3,9
476332,476341,476344,3,9
476332,476341,476344,3,9
476332,476340,476344,4,8
476332,476342,476345,3,10
476332,476342,476345,3,10
476332,476342,476345,3,10
476332,476343,476346,3,11
476332,476341,476346,5,9
476332,476342,476345,3,10
476332,476343,476346,3,11
476332,476344,476347,3,12
476332,476342,476346,4,10
476332,476344,476347,3,12
476332,476343,476346,3,11
476332,476344,476347,3,12
476332,476337,476347,10,5
476332,476344,476347,3,12
476302,476302,476349,47,0
476332,476337,476350,13,5
476332,476332,476343,11,0
476332,476332,476343,11,0
476332,476344,476352,8,12
476332,476343,476353,10,11
476332,476332,476354,22,0
476332,476343,476354,11,11
476332,476332,476355,23,0
476332,476343,476356,13,11
476332,476343,476379,36,11
474997,475016,476520,1504,19
476521,476521,476525,4,0
476521,476521,476525,4,0
476521,476521,476525,4,0
476521,476521,476526,5,0
476521,476521,476525,4,0
476521,476521,476525,4,0
476521,476521,476526,5,0
476521,476521,476527,6,0
476521,476521,476528,7,0
476521,476526,476528,2,5
476521,476526,476529,3,5
476521,476526,476528,2,5
476521,476526,476529,3,5
476521,476526,476528,2,5
476521,476521,476529,8,0
476521,476527,476529,2,6
476521,476528,476530,2,7
476521,476526,476530,4,5
476521,476529,476531,2,8
476521,476521,476531,10,0
476521,476529,476531,2,8
476521,476529,476532,3,8
476521,476529,476531,2,8
476521,476529,476531,2,8
476521,476521,476533,12,0
476521,476529,476533,4,8
476521,476531,476533,2,10
476521,476530,476533,3,9
476521,476521,476533,12,0
476521,476530,476533,3,9
476521,476521,476534,13,0
476521,476531,476534,3,10
476521,476532,476534,2,11
476521,476532,476535,3,11
476521,476521,476534,13,0
476521,476532,476535,3,11
476521,476532,476534,2,11
476521,476521,476535,14,0
476521,476521,476535,14,0
476521,476531,476535,4,10
476521,476533,476535,2,12
476521,476533,476536,3,12
476521,476521,476535,14,0
476521,476521,476536,15,0
476521,476533,476537,4,12
476521,476534,476536,2,13
476521,476521,476537,16,0
476521,476534,476537,3,13
476521,476535,476538,3,14
476521,476535,476538,3,14
476521,476535,476538,3,14
476521,476535,476538,3,14
476521,476535,476538,3,14
476521,476536,476538,2,15
476521,476535,476538,3,14
476521,476536,476539,3,15
476521,476521,476535,14,0
476521,476533,476536,3,12
476521,476537,476539,2,16
476521,476536,476540,4,15
476521,476536,476541,5,15
476521,476521,476542,21,0
476521,476537,476542,5,16
476521,476521,476536,15,0
476521,476521,476542,21,0
476521,476521,476543,22,0
476521,476536,476544,8,15
476521,476532,476548,16,11
476521,476534,476546,12,13
476521,476536,476562,26,15
475572,475639,476641,1002,67
476642,476642,476645,3,0
476642,476642,476645,3,0
476642,476642,476645,3,0
476642,476642,476646,4,0
476642,476642,476646,4,0
476642,476642,476647,5,0
476642,476642,476647,5,0
476642,476642,476647,5,0
476642,476642,476647,5,0
476642,476642,476646,4,0
476642,476642,476647,5,0
476642,476642,476648,6,0
476642,476645,476648,3,3
476642,476645,476648,3,3
476642,476642,476649,7,0
476642,476645,476648,3,3
476642,476646,476648,2,4
476642,476646,476649,3,4
476642,476647,476650,3,5
476642,476642,476649,7,0
476642,476647,476650,3,5
476642,476647,476650,3,5
476642,476647,476651,4,5
476642,476647,476651,4,5
476642,476648,476651,3,6
476642,476642,476652,10,0
476642,476647,476652,5,5
476642,476649,476652,3,7
476642,476649,476652,3,7
476642,476649,476652,3,7
476642,476648,476652,4,6
476642,476648,476652,4,6
476642,476650,476653,3,8
476642,476651,476653,2,9
476642,476651,476653,2,9
476642,476649,476653,4,7
476642,476642,476654,12,0
476642,476642,476654,12,0
476642,476651,476655,4,9
476642,476653,476655,2,11
476642,476651,476655,4,9
476642,476653,476655,2,11
476642,476653,476655,2,11
476642,476653,476655,2,11
476642,476653,476656,3,11
476642,476654,476656,2,12
476642,476654,476657,3,12
476642,476651,476656,5,9
476642,476652,476657,5,10
476642,476656,476658,2,14
476642,476655,476658,3,13
476642,476656,476658,2,14
476642,476656,476659,3,14
476642,476642,476653,11,0
476642,476642,476653,11,0
476642,476642,476658,16,0
476642,476653,476659,6,11
476642,476656,476659,3,14
476642,476656,476659,3,14
476642,476657,476659,2,15
476642,476656,476659,3,14
476642,476642,476654,12,0
476642,476642,476664,22,0
476642,476642,476661,19,0
476642,476642,476659,17,0
475658,475691,476670,979,33
476642,476650,476667,17,8
476672,476672,476674,2,0
476672,476672,476674,2,0
476672,476672,476675,3,0
476672,476672,476674,2,0
476672,476672,476674,2,0
476672,476672,476675,3,0
476672,476672,476676,4,0
476672,476672,476675,3,0
476672,476672,476676,4,0
476672,476672,476676,4,0
476672,476672,476676,4,0
476672,476675,476677,2,3
476672,476672,476676,4,0
476672,476672,476676,4,0
476672,476675,476677,2,3
476672,476675,476677,2,3
476672,476675,476677,2,3
476672,476675,476677,2,3
476672,476677,476680,3,5
476672,476677,476680,3,5
476672,476676,476679,3,4
476672,476677,476679,2,5
476672,476677,476680,3,5
476672,476676,476680,4,4
476672,476676,476680,4,4
476672,476678,476680,2,6
476672,476678,476681,3,6
476672,476678,476680,2,6
476642,476655,476681,26,13
476672,476672,476681,9,0
476672,476672,476681,9,0
476672,476678,476681,3,6
476672,476680,476682,2,8
476672,476680,476683,3,8
476672,476680,476682,2,8
476672,476680,476682,2,8
476672,476677,476682,5,5
476672,476680,476683,3,8
476672,476681,476684,3,9
476672,476681,476684,3,9
476672,476681,476684,3,9
476672,476681,476685,4,9
476672,476681,476686,5,9
476672,476683,476685,2,11
476672,476683,476686,3,11
476672,476683,476686,3,11
476672,476682,476685,3,10
476672,476683,476686,3,11
476672,476677,476685,8,5
476672,476684,476687,3,12
476672,476684,476686,2,12
476672,476684,476687,3,12
476672,476684,476687,3,12
476672,476672,476683,11,0
476672,476686,476689,3,14
476672,476686,476689,3,14
476672,476686,476689,3,14
476672,476683,476687,4,11
476672,476686,476689,3,14
476672,476686,476689,3,14
476672,476686,476690,4,14
476672,476686,476691,5,14
475055,475146,476691,1545,91
476642,476652,476691,39,10
476672,476672,476692,20,0
476642,476655,476689,34,13
476672,476672,476690,18,0
476672,476682,476693,11,10
476642,476642,476689,47,0
476672,476687,476692,5,15
476694,476694,476698,4,0
476694,476694,476699,5,0
476694,476694,476699,5,0
476694,476694,476700,6,0
476694,476694,476700,6,0
476694,476694,476701,7,0
476694,476694,476701,7,0
476694,476694,476701,7,0
476694,476696,476701,5,2
476694,476694,476702,8,0
476694,476694,476703,9,0
476694,476699,476702,3,5
476694,476700,476703,3,6
476694,476696,476702,6,2
476694,476694,476703,9,0
476694,476701,476704,3,7
476694,476700,476704,4,6
476694,476701,476704,3,7
476694,476702,476704,2,8
476694,476702,476704,2,8
476694,476702,476704,2,8
476694,476702,476704,2,8
476672,476682,476696,14,10
476694,476703,476705,2,9
476694,476703,476705,2,9
476694,476703,476705,2,9
476694,476703,476706,3,9
476694,476703,476706,3,9
476694,476704,476706,2,10
476694,476704,476706,2,10
476694,476694,476707,13,0
476694,476705,476707,2,11
476694,476705,476707,2,11
476672,476672,476704,32,0
476694,476705,476709,4,11
476694,476706,476709,3,12
476694,476705,476708,3,11
476694,476706,476709,3,12
476694,476706,476708,2,12
476694,476705,476708,3,11
476694,476694,476708,14,0
476694,476705,476709,4,11
476694,476707,476709,2,13
476694,476707,476710,3,13
476694,476706,476709,3,12
476694,476708,476711,3,14
476694,476708,476711,3,14
476694,476709,476712,3,15
476694,476707,476712,5,13
476694,476709,476712,3,15
476694,476709,476713,4,15
476694,476710,476713,3,16
476694,476710,476713,3,16
476694,476709,476713,4,15
476694,476709,476713,4,15
476694,476711,476713,2,17
476694,476711,476714,3,17
476694,476710,476713,3,16
476672,476672,476715,43,0
476694,476695,476714,19,1
476694,476710,476714,4,16
476694,476709,476715,6,15
476694,476713,476716,3,19
476694,476712,476715,3,18
476672,476672,476711,39,0
476694,476713,476720,7,19
476694,476694,476716,22,0
476694,476695,476724,29,1
476694,476694,476716,22,0
476672,476682,476728,46,10
476694,476710,476730,20,16
476694,476694,476725,31,0
476694,476710,476733,23,16
476694,476705,476735,30,11
476694,476707,476736,29,13
475966,475982,476953,971,16
476954,476955,476957,2,1
476954,476955,476957,2,1
476954,476955,476958,3,1
476954,476955,476958,3,1
476954,476955,476959,4,1
476954,476955,476960,5,1
476954,476955,476960,5,1
476954,476958,476960,2,4
476954,476958,476960,2,4
476954,476955,476961,6,1
476954,476955,476962,7,1
476954,476955,476962,7,1
476954,476955,476962,7,1
476954,476960,476962,2,6
476954,476955,476962,7,1
476954,476959,476963,4,5
476954,476959,476963,4,5
476954,476955,476962,7,1
476954,476955,476963,8,1
476954,476955,476963,8,1
476954,476955,476963,8,1
476954,476955,476963,8,1
476954,476961,476963,2,7
476954,476961,476963,2,7
476954,476961,476965,4,7
476954,476961,476964,3,7
476954,476962,476964,2,8
476954,476962,476965,3,8
476954,476963,476965,2,9
476954,476963,476965,2,9
476954,476955,476966,11,1
476954,476955,476966,11,1
476954,476955,476966,11,1
476954,476963,476966,3,9
476954,476963,476966,3,9
476954,476963,476966,3,9
476954,476964,476966,2,10
476954,476964,476966,2,10
476954,476963,476967,4,9
476954,476963,476967,4,9
476954,476955,476966,11,1
476954,476955,476966,11,1
476954,476966,476968,2,12
476954,476965,476968,3,11
476954,476965,476968,3,11
476954,476965,476968,3,11
476954,476966,476969,3,12
476954,476967,476970,3,13
476954,476967,476970,3,13
476954,476967,476970,3,13
476954,476965,476970,5,11
476954,476967,476970,3,13
476954,476967,476971,4,13
476954,476969,476972,3,15
476954,476969,476971,2,15
476954,476969,476972,3,15
476954,476964,476973,9,10
476954,476964,476973,9,10
476954,476968,476973,5,14
476954,476968,476973,5,14
476954,476955,476968,13,1
476954,476967,476977,10,13
476954,476955,476971,16,1
476954,476955,476981,26,1
476954,476964,476984,20,10
476954,476967,476982,15,13
475995,476024,476987,963,29
476954,476968,476989,21,14
476988,476988,476991,3,0
476988,476988,476991,3,0
476988,476988,476992,4,0
476988,476988,476992,4,0
476988,476988,476992,4,0
476988,476988,476993,5,0
476988,476988,476993,5,0
476988,476988,476994,6,0
476988,476988,476994,6,0
476988,476988,476994,6,0
476988,476992,476994,2,4
476988,476988,476994,6,0
476988,476992,476994,2,4
476988,476988,476995,7,0
476988,476993,476995,2,5
476988,476988,476996,8,0
476954,476967,476996,29,13
476988,476988,476996,8,0
476988,476994,476996,2,6
476988,476992,476997,5,4
476988,476992,476997,5,4
476988,476995,476998,3,7
476988,476995,476997,2,7
476988,476995,476997,2,7
476988,476995,476997,2,7
476988,476993,476998,5,5
476988,476995,476998,3,7
476988,476995,476998,3,7
476988,476996,476999,3,8
476954,476968,476991,23,14
476988,476996,476999,3,8
476988,476997,476999,2,9
476988,476997,477000,3,9
476988,476998,477000,2,10
476988,476998,477000,2,10
476988,476988,477001,13,0
476988,476998,477001,3,10
476988,476998,477001,3,10
476988,476999,477002,3,11
476988,476999,477001,2,11
476988,476999,477002,3,11
476988,476988,476997,9,0
476988,476998,477002,4,10
476988,476998,477002,4,10
476988,477000,477002,2,12
476988,477000,477002,2,12
476954,476964,477003,39,10
476988,476999,477003,4,11
476988,477001,477004,3,13
476988,477001,477004,3,13
476988,476988,477004,16,0
476988,477001,477004,3,13
476988,477002,477005,3,14
476988,477002,477004,2,14
476988,476988,477005,17,0
476988,477002,477006,4,14
476988,477002,477005,3,14
476988,477002,477006,4,14
476988,477003,477007,4,15
476988,477002,477007,5,14
476988,477003,477006,3,15
476988,476988,477007,19,0
476988,477002,477008,6,14
476988,477003,477008,5,15
476988,476997,477008,11,9
476988,477003,477009,6,15
476988,477004,477010,6,16
476988,476997,477010,13,9
476988,476989,477016,27,1
476988,476999,477016,17,11
476988,476988,477017,29,0
476988,477003,477017,14,15
476988,476988,477018,30,0
476117,476179,477124,945,62
477126,477126,477129,3,0
477126,477126,477128,2,0
477126,477126,477128,2,0
477126,477126,477130,4,0
477126,477126,477129,3,0
477126,477126,477130,4,0
477126,477126,477130,4,0
477126,477126,477131,5,0
477126,477129,477131,2,3
477126,477126,477131,5,0
477126,477126,477131,5,0
477126,477129,477132,3,3
477126,477126,477131,5,0
477126,477129,477131,2,3
477126,477126,477133,7,0
477126,477126,477132,6,0
477126,477126,477133,7,0
477126,477126,477133,7,0
477126,477130,477133,3,4
477126,477132,477134,2,6
477126,477132,477135,3,6
477126,477132,477135,3,6
477126,477126,477135,9,0
477126,477131,477135,4,5
477126,477132,477135,3,6
477126,477133,477135,2,7
477126,477132,477135,3,6
477126,477132,477136,4,6
477126,477133,477136,3,7
477126,477126,477137,11,0
477126,477126,477137,11,0
477126,477134,477137,3,8
477126,477126,477137,11,0
477126,477126,477137,11,0
477126,477126,477137,11,0
477126,477135,477138,3,9
477126,477134,477138,4,8
477126,477131,477138,7,5
477126,477132,477139,7,6
477126,477136,477139,3,10
477126,477136,477138,2,10
477126,477136,477138,2,10
477126,477126,477136,10,0
475564,475596,477139,1543,32
477126,477136,477139,3,10
477126,477137,477139,2,11
477126,477130,477139,9,4
477126,477136,477139,3,10
477126,477137,477140,3,11
477126,477135,477139,4,9
477126,477136,477140,4,10
477126,477137,477141,4,11
477126,477138,477141,3,12
477126,477139,477142,3,13
477126,477137,477141,4,11
477126,477139,477142,3,13
477126,477139,477142,3,13
477126,477138,477142,4,12
477126,477140,477143,3,14
477126,477126,477143,17,0
477126,477139,477144,5,13
477126,477139,477145,6,13
477126,477139,477144,5,13
477126,477126,477138,12,0
477141,477141,477145,4,0
477141,477142,477145,3,1
477141,477142,477145,3,1
477141,477141,477145,4,0
477141,477143,477145,2,2
477141,477143,477146,3,2
477126,477140,477147,7,14
477141,477141,477146,5,0
477141,477143,477146,3,2
477141,477143,477146,3,2
477141,477142,477146,4,1
477141,477146,477148,2,5
476121,476195,477148,953,74
477141,477146,477148,2,5
477141,477146,477149,3,5
477141,477146,477149,3,5
477141,477146,477149,3,5
477141,477146,477148,2,5
477126,477138,477149,11,12
477141,477147,477149,2,6
477141,477147,477149,2,6
477141,477147,477149,2,6
477141,477145,477150,5,4
477141,477145,477149,4,4
477126,477134,477144,10,8
477141,477148,477150,2,7
477126,477137,477150,13,11
477141,477147,477151,4,6
477141,477148,477150,2,7
477141,477147,477151,4,6
477141,477149,477152,3,8
477141,477149,477152,3,8
477141,477149,477152,3,8
477126,477126,477150,24,0
477141,477149,477152,3,8
477141,477150,477153,3,9
477141,477150,477153,3,9
477141,477150,477152,2,9
477141,477149,477152,3,8
477141,477150,477152,2,9
477141,477143,477153,10,2
477141,477151,477153,2,10
477141,477152,477155,3,11
477141,477150,477155,5,9
477141,477150,477155,5,9
477141,477152,477155,3,11
477141,477152,477155,3,11
477141,477151,477155,4,10
476123,476196,477156,960,73
477141,477153,477156,3,12
477141,477153,477156,3,12
477141,477153,477156,3,12
477141,477153,477157,4,12
477141,477153,477156,3,12
477141,477154,477157,3,13
477141,477153,477156,3,12
477141,477152,477157,5,11
477126,477138,477149,11,12
477141,477155,477158,3,14
477141,477155,477158,3,14
477141,477141,477158,17,0
477141,477155,477159,4,14
477141,477156,477159,3,15
477141,477156,477159,3,15
477141,477155,477159,4,14
477141,477156,477160,4,15
477141,477156,477160,4,15
476119,476180,477160,980,61
477141,477155,477161,6,14
477141,477144,477156,12,3
475570,475641,477161,1520,71
477151,477158,477162,4,7
477151,477159,477162,3,8
477151,477159,477161,2,8
477151,477159,477162,3,8
477151,477157,477162,5,6
475562,475596,477162,1566,34
477141,477145,477163,18,4
477151,477157,477163,6,6
477151,477160,477163,3,9
477151,477157,477164,7,6
477151,477160,477163,3,9
477151,477161,477163,2,10
477141,477156,477163,7,15
476125,476196,477164,968,71
477151,477158,477164,6,7
477151,477160,477165,5,9
477151,477163,477165,2,12
477151,477163,477165,2,12
477151,477163,477165,2,12
477151,477163,477165,2,12
477151,477163,477165,2,12
477126,477138,477165,27,12
477141,477149,477166,17,8
477151,477164,477167,3,13
477151,477164,477167,3,13
477151,477163,477167,4,12
477151,477163,477166,3,12
477151,477164,477167,3,13
477151,477164,477167,3,13
477151,477163,477168,5,12
477151,477164,477168,4,13
477151,477166,477169,3,15
477151,477166,477168,2,15
477151,477166,477168,2,15
477151,477161,477169,8,10
477151,477166,477169,3,15
477151,477166,477169,3,15
477151,477167,477170,3,16
477151,477167,477170,3,16
477151,477158,477170,12,7
477151,477168,477171,3,17
477151,477165,477171,6,14
477151,477167,477171,4,16
477151,477167,477171,4,16
477151,477162,477168,6,11
477151,477168,477171,3,17
477151,477169,477171,2,18
477151,477169,477171,2,18
477151,477169,477171,2,18
477151,477168,477171,3,17
477151,477170,477173,3,19
477151,477170,477173,3,19
477151,477170,477173,3,19
477141,477151,477168,17,10
477151,477169,477174,5,18
477151,477171,477174,3,20
477151,477172,477174,2,21
477151,477172,477175,3,21
477151,477172,477174,2,21
477141,477141,477174,33,0
477151,477164,477175,11,13
477151,477158,477170,12,7
477151,477172,477175,3,21
477151,477173,477175,2,22
477151,477172,477175,3,21
477151,477171,477176,5,20
477151,477166,477176,10,15
477151,477171,477176,5,20
477141,477150,477170,20,9
477151,477171,477177,6,20
477151,477174,477177,3,23
477157,477176,477179,3,19
477157,477176,477178,2,19
477157,477176,477179,3,19
477151,477170,477179,9,19
477151,477171,477179,8,20
477151,477171,477179,8,20
477157,477176,477179,3,19
477157,477175,477179,4,18
477157,477175,477180,5,18
477157,477175,477181,6,18
477157,477178,477181,3,21
477157,477175,477182,7,18
477157,477179,477182,3,22
477141,477154,477182,28,13
477151,477162,477182,20,11
477157,477179,477182,3,22
477157,477179,477182,3,22
477157,477177,477182,5,20
477157,477179,477182,3,22
477157,477179,477183,4,22
477157,477177,477183,6,20
477151,477168,477183,15,17
477157,477176,477183,7,19
477157,477177,477184,7,20
477157,477180,477184,4,23
477157,477182,477185,3,25
477157,477181,477184,3,24
477157,477182,477185,3,25
477157,477182,477185,3,25
477157,477182,477185,3,25
477157,477180,477185,5,23
477157,477182,477186,4,25
477157,477182,477186,4,25
477157,477183,477187,4,26
477157,477185,477187,2,28
477157,477185,477188,3,28
477157,477185,477188,3,28
477157,477184,477188,4,27
477157,477185,477188,3,28
477157,477185,477188,3,28
477157,477174,477188,14,17
477157,477183,477188,5,26
477151,477163,477189,26,12
477151,477166,477188,22,15
477157,477183,477189,6,26
477157,477186,477189,3,29
477157,477186,477189,3,29
477157,477184,477190,6,27
477157,477187,477190,3,30
477157,477183,477189,6,26
477157,477188,477191,3,31
477157,477180,477190,10,23
477157,477188,477191,3,31
477157,477188,477191,3,31
477157,477184,477192,8,27
477157,477177,477192,15,20
477157,477188,477192,4,31
477157,477188,477192,4,31
477157,477188,477192,4,31
477157,477190,477192,2,33
477157,477189,477193,4,32
477157,477189,477193,4,32
477157,477190,477193,3,33
477157,477190,477193,3,33
477157,477175,477188,13,18
477157,477191,477194,3,34
477157,477188,477194,6,31
477157,477174,477194,20,17
477157,477186,477192,6,29
477157,477184,477193,9,27
477157,477191,477195,4,34
477157,477190,477196,6,33
477162,477193,477196,3,31
477141,477153,477196,43,12
477162,477193,477196,3,31
477162,477194,477196,2,32
477162,477194,477197,3,32
477162,477194,477197,3,32
477157,477177,477198,21,20
477162,477192,477198,6,30
477162,477193,477198,5,31
477162,477195,477198,3,33
477157,477182,477198,16,25
477162,477192,477199,7,30
477162,477193,477199,6,31
477162,477197,477199,2,35
477157,477189,477194,5,32
477157,477189,477193,4,32
477162,477197,477199,2,35
477162,477196,477200,4,34
477162,477196,477200,4,34
477162,477197,477200,3,35
477162,477196,477201,5,34
477162,477195,477201,6,33
477162,477198,477201,3,36
477162,477199,477201,2,37
477162,477199,477201,2,37
477141,477141,477196,55,0
477151,477159,477196,37,8
477162,477198,477201,3,36
477162,477200,477204,4,38
477162,477200,477203,3,38
477162,477201,477204,3,39
477162,477200,477203,3,38
477162,477200,477204,4,38
477162,477200,477204,4,38
477162,477199,477204,5,37
477162,477202,477204,2,40
477162,477202,477204,2,40
477162,477202,477205,3,40
477162,477200,477205,5,38
477162,477195,477206,11,33
477162,477204,477206,2,42
477162,477201,477206,5,39
477162,477204,477206,2,42
477162,477204,477207,3,42
477162,477204,477206,2,42
477162,477192,477207,15,30
477162,477205,477208,3,43
477162,477202,477207,5,40
477162,477204,477208,4,42
477157,477182,477200,18,25
477162,477206,477210,4,44
477162,477207,477210,3,45
477162,477205,477209,4,43
477162,477207,477210,3,45
477162,477207,477210,3,45
477162,477204,477209,5,42
477162,477201,477210,9,39
477162,477201,477208,7,39
477162,477207,477211,4,45
477162,477208,477211,3,46
477162,477205,477208,3,43
477162,477207,477210,3,45
477162,477209,477212,3,47
477162,477210,477213,3,48
477162,477206,477214,8,44
477162,477194,477215,21,32
477157,477191,477209,18,34
477162,477212,477215,3,50
477164,477212,477215,3,48
477164,477212,477215,3,48
477164,477213,477215,2,49
477164,477210,477215,5,46
477164,477210,477215,5,46
477162,477195,477217,22,33
477164,477210,477217,7,46
477164,477216,477218,2,52
477164,477216,477218,2,52
477164,477215,477218,3,51
477164,477215,477218,3,51
477164,477215,477218,3,51
477164,477215,477218,3,51
477164,477216,477218,2,52
475626,475662,477218,1556,36
477164,477214,477218,4,50
477164,477212,477218,6,48
477164,477217,477219,2,53
477162,477192,477214,22,30
477164,477210,477219,9,46
477164,477218,477220,2,54
477164,477218,477220,2,54
477164,477218,477220,2,54
477162,477198,477220,22,36
477164,477212,477221,9,48
477164,477218,477220,2,54
477164,477218,477221,3,54
477164,477219,477221,2,55
477164,477210,477222,12,46
477162,477208,477222,14,46
477164,477219,477223,4,55
477164,477219,477222,3,55
477164,477219,477222,3,55
477164,477220,477223,3,56
477164,477220,477222,2,56
477164,477220,477223,3,56
477162,477199,477223,24,37
477164,477219,477224,5,55
477164,477221,477224,3,57
477164,477221,477224,3,57
477164,477222,477225,3,58
477164,477221,477225,4,57
477164,477223,477226,3,59
477164,477223,477225,2,59
477164,477223,477226,3,59
477164,477224,477226,2,60
477164,477219,477226,7,55
477162,477202,477220,18,40
477164,477225,477227,2,61
477162,477200,477221,21,38
477164,477223,477227,4,59
477164,477224,477228,4,60
477164,477222,477228,6,58
477164,477210,477228,18,46
477164,477223,477228,5,59
477164,477225,477228,3,61
477164,477225,477228,3,61
477164,477226,477229,3,62
477164,477226,477229,3,62
477164,477226,477229,3,62
477164,477227,477229,2,63
477164,477225,477229,4,61
477164,477228,477230,2,64
477164,477220,477232,12,56
477164,477228,477232,4,64
477164,477228,477233,5,64
477166,477230,477233,3,64
477166,477231,477233,2,65
477164,477228,477234,6,64
477166,477229,477234,5,63
477166,477232,477235,3,66
477166,477229,477235,6,63
477162,477202,477237,35,40
477164,477229,477236,7,65
477166,477229,477236,7,63
477166,477234,477236,2,68
477166,477234,477236,2,68
477166,477233,477237,4,67
477164,477227,477237,10,63
477164,477224,477232,8,60
477164,477221,477238,17,57
477166,477229,477238,9,63
477166,477229,477238,9,63
477166,477235,477238,3,69
477166,477236,477238,2,70
477166,477236,477239,3,70
477164,477223,477239,16,59
477166,477237,477240,3,71
477166,477237,477240,3,71
477166,477237,477240,3,71
477166,477234,477242,8,68
477166,477237,477242,5,71
477166,477239,477242,3,73
477166,477239,477242,3,73
477166,477238,477243,5,72
477166,477238,477243,5,72
477166,477238,477243,5,72
477164,477219,477235,16,55
477166,477239,477243,4,73
477162,477196,477238,42,34
477166,477237,477244,7,71
477166,477238,477244,6,72
477166,477239,477245,6,73
477166,477241,477245,4,75
477166,477241,477246,5,75
477166,477243,477246,3,77
477166,477243,477246,3,77
477166,477243,477246,3,77
477166,477241,477246,5,75
477166,477243,477246,3,77
477164,477219,477247,28,55
477164,477228,477247,19,64
477166,477244,477248,4,78
477164,477217,477242,25,53
477164,477227,477243,16,63
477166,477232,477247,15,66
477166,477243,477248,5,77
477166,477245,477249,4,79
477166,477246,477249,3,80
477166,477245,477249,4,79
477166,477247,477249,2,81
477166,477247,477249,2,81
477166,477247,477250,3,81
477166,477246,477249,3,80
477166,477247,477250,3,81
477166,477247,477250,3,81
477166,477248,477250,2,82
477166,477245,477249,4,79
477166,477229,477250,21,63
477166,477243,477251,8,77
477166,477249,477252,3,83
477166,477249,477252,3,83
477166,477250,477252,2,84
477166,477250,477252,2,84
477166,477250,477252,2,84
477166,477250,477253,3,84
477166,477243,477254,11,77
477166,477248,477255,7,82
477166,477249,477256,7,83
477162,477206,477258,52,44
477166,477248,477258,10,82
477166,477243,477262,19,77
477166,477248,477263,15,82
477164,477215,477263,48,51
477166,477237,477263,26,71
477166,477248,477265,17,82
477166,477248,477266,18,82
477166,477230,477264,34,64
477162,477209,477267,58,47
477166,477249,477267,18,83
477166,477245,477267,22,79
477166,477238,477284,46,72
477340,477340,477342,2,0
477340,477340,477343,3,0
477340,477340,477343,3,0
477340,477340,477343,3,0
477340,477340,477344,4,0
477340,477340,477344,4,0
477340,477340,477344,4,0
477340,477340,477344,4,0
477340,477340,477344,4,0
477340,477340,477346,6,0
477340,477343,477345,2,3
477340,477340,477346,6,0
477340,477344,477346,2,4
477340,477340,477347,7,0
477340,477344,477346,2,4
477340,477344,477346,2,4
477340,477345,477347,2,5
477340,477345,477347,2,5
477340,477340,477348,8,0
477340,477340,477347,7,0
477340,477340,477347,7,0
477340,477345,477347,2,5
477340,477346,477349,3,6
477340,477346,477348,2,6
477340,477345,477349,4,5
477340,477347,477349,2,7
477340,477347,477350,3,7
477340,477347,477350,3,7
477340,477340,477350,10,0
477340,477344,477350,6,4
477340,477348,477351,3,8
477340,477347,477351,4,7
477340,477348,477351,3,8
477340,477348,477351,3,8
477340,477340,477351,11,0
477340,477340,477351,11,0
477340,477349,477351,2,9
477340,477350,477353,3,10
477340,477350,477353,3,10
477340,477349,477352,3,9
477340,477350,477352,2,10
477340,477351,477354,3,11
477340,477350,477354,4,10
477340,477351,477354,3,11
477340,477348,477355,7,8
477340,477351,477355,4,11
477340,477352,477355,3,12
477340,477352,477355,3,12
477340,477347,477356,9,7
477340,477353,477355,2,13
477340,477353,477356,3,13
477340,477340,477351,11,0
477340,477340,477357,17,0
477340,477340,477357,17,0
477340,477354,477357,3,14
477340,477340,477357,17,0
477340,477340,477357,17,0
477340,477353,477358,5,13
477340,477353,477358,5,13
477340,477351,477359,8,11
477340,477348,477358,10,8
477340,477352,477360,8,12
477340,477352,477360,8,12
477340,477351,477361,10,11
477340,477340,477361,21,0
477340,477348,477362,14,8
477340,477340,477362,22,0
477340,477340,477363,23,0
477340,477340,477369,29,0
477340,477340,477370,30,0
477422,477422,477424,2,0
477422,477422,477424,2,0
477422,477422,477426,4,0
477422,477422,477425,3,0
477422,477422,477425,3,0
477422,477422,477426,4,0
477422,477422,477426,4,0
477422,477422,477426,4,0
477422,477422,477426,4,0
477422,477424,477426,2,2
477422,477425,477427,2,3
477422,477422,477427,5,0
477422,477422,477429,7,0
477422,477422,477428,6,0
477422,477426,477429,3,4
477422,477426,477428,2,4
477422,477422,477427,5,0
477422,477422,477428,6,0
477422,477427,477430,3,5
477422,477422,477429,7,0
477422,477422,477430,8,0
477422,477427,477429,2,5
477422,477427,477429,2,5
477422,477426,477430,4,4
477422,477427,477429,2,5
477422,477422,477430,8,0
477422,477427,477430,3,5
477422,477427,477430,3,5
477422,477422,477431,9,0
477422,477422,477432,10,0
477422,477429,477432,3,7
477422,477422,477432,10,0
477422,477422,477432,10,0
477422,477430,477432,2,8
477422,477422,477432,10,0
477422,477429,477432,3,7
477422,477430,477433,3,8
477422,477430,477433,3,8
477422,477430,477434,4,8
477422,477422,477432,10,0
477422,477431,477434,3,9
477422,477430,477434,4,8
477422,477431,477435,4,9
477422,477432,477435,3,10
477422,477422,477434,12,0
477422,477430,477434,4,8
477422,477431,477435,4,9
477422,477433,477436,3,11
477422,477433,477436,3,11
477422,477430,477436,6,8
477422,477434,477437,3,12
477422,477429,477436,7,7
477422,477434,477437,3,12
477422,477433,477437,4,11
477422,477422,477437,15,0
477422,477430,477437,7,8
477422,477429,477437,8,7
477422,477430,477438,8,8
477422,477435,477437,2,13
477422,477435,477438,3,13
477422,477435,477439,4,13
477422,477428,477439,11,6
477422,477433,477439,6,11
477422,477422,477433,11,0
477422,477432,477444,12,10
477422,477433,477444,11,11
477422,477433,477444,11,11
477422,477434,477440,6,12
477422,477432,477450,18,10
477422,477422,477451,29,0
475978,476003,477493,1490,25
477502,477502,477505,3,0
477502,477502,477506,4,0
477502,477502,477507,5,0
477502,477502,477507,5,0
477502,477502,477507,5,0
477502,477502,477507,5,0
477502,477502,477508,6,0
477502,477502,477508,6,0
477502,477505,477507,2,3
477502,477502,477508,6,0
477502,477502,477508,6,0
477502,477502,477509,7,0
477502,477502,477509,7,0
477502,477502,477509,7,0
477502,477502,477509,7,0
477502,477502,477508,6,0
477502,477502,477509,7,0
477502,477508,477511,3,6
477502,477502,477511,9,0
477502,477508,477511,3,6
477502,477508,477511,3,6
477502,477502,477512,10,0
477502,477509,477512,3,7
477502,477510,477512,2,8
477502,477502,477513,11,0
477502,477502,477513,11,0
477502,477502,477513,11,0
477502,477509,477513,4,7
477502,477507,477514,7,5
477502,477511,477514,3,9
477502,477507,477514,7,5
477502,477509,477514,5,7
477502,477506,477515,9,4
477502,477512,477514,2,10
477502,477502,477515,13,0
477502,477512,477515,3,10
477502,477502,477510,8,0
477502,477502,477510,8,0
477502,477508,477515,7,6
477502,477513,477515,2,11
477502,477508,477515,7,6
477502,477513,477515,2,11
477502,477515,477517,2,13
477502,477514,477517,3,12
477502,477509,477517,8,7
477502,477510,477517,7,8
477502,477515,477517,2,13
477502,477516,477518,2,14
477502,477516,477518,2,14
477502,477502,477516,14,0
477502,477502,477519,17,0
477502,477512,477520,8,10
477502,477515,477520,5,13
477502,477516,477520,4,14
477502,477514,477521,7,12
477502,477518,477521,3,16
477502,477513,477521,8,11
477502,477515,477522,7,13
477502,477515,477522,7,13
477502,477514,477523,9,12
477502,477514,477523,9,12
477502,477516,477523,7,14
477502,477515,477524,9,13
477502,477514,477524,10,12
477502,477516,477525,9,14
477502,477502,477526,24,0
477502,477507,477532,25,5
477502,477508,477534,26,6
477502,477516,477534,18,14
477502,477516,477537,21,14
476522,476537,477542,1005,15
477546,477546,477550,4,0
477546,477546,477550,4,0
477546,477546,477549,3,0
477546,477546,477552,6,0
477546,477546,477552,6,0
477546,477546,477552,6,0
477546,477546,477552,6,0
477546,477546,477553,7,0
477546,477546,477553,7,0
477546,477546,477553,7,0
477546,477546,477553,7,0
477546,477546,477554,8,0
477546,477546,477554,8,0
477546,477550,477555,5,4
477546,477553,477555,2,7
477546,477546,477555,9,0
477546,477546,477555,9,0
477546,477546,477555,9,0
477546,477546,477555,9,0
477546,477546,477555,9,0
477546,477550,477556,6,4
477546,477552,477556,4,6
477546,477552,477555,3,6
477546,477553,477557,4,7
477546,477546,477557,11,0
477546,477551,477557,6,5
477546,477546,477558,12,0
477546,477546,477558,12,0
477546,477555,477558,3,9
477546,477546,477559,13,0
477546,477556,477559,3,10
477546,477553,477559,6,7
477546,477556,477559,3,10
477546,477557,477559,2,11
477546,477557,477559,2,11
477546,477556,477560,4,10
477546,477556,477560,4,10
477546,477554,477560,6,8
477546,477557,477560,3,11
477546,477558,477560,2,12
477546,477555,477561,6,9
477546,477556,477562,6,10
477546,477560,477562,2,14
477546,477560,477562,2,14
477546,477546,477563,17,0
477546,477546,477563,17,0
477546,477559,477563,4,13
477546,477559,477563,4,13
477546,477560,477563,3,14
477546,477552,477563,11,6
477546,477561,477564,3,15
477546,477560,477564,4,14
477546,477560,477564,4,14
477546,477560,477564,4,14
477546,477553,477563,10,7
477546,477546,477559,13,0
477546,477546,477561,15,0
477546,477560,477564,4,14
477546,477556,477562,6,10
477546,477558,477565,7,12
477546,477563,477566,3,17
477546,477559,477566,7,13
477546,477552,477566,14,6
477546,477555,477566,11,9
477546,477546,477567,21,0
477546,477562,477567,5,16
477546,477563,477568,5,17
477546,477558,477569,11,12
477546,477560,477569,9,14
477546,477558,477570,12,12
476081,476096,477572,1476,15
477590,477590,477594,4,0
477590,477590,477594,4,0
477590,477590,477596,6,0
477590,477590,477596,6,0
477590,477590,477595,5,0
477590,477590,477596,6,0
477590,477590,477596,6,0
477590,477590,477597,7,0
477590,477590,477597,7,0
477590,477594,477598,4,4
477590,477590,477597,7,0
477590,477590,477599,9,0
477590,477596,477599,3,6
477590,477596,477599,3,6
477590,477597,477601,4,7
477590,477596,477601,5,6
477590,477597,477601,4,7
477590,477590,477600,10,0
477590,477596,477600,4,6
477590,477598,477602,4,8
477590,477590,477602,12,0
477590,477590,477602,12,0
477590,477590,477602,12,0
477590,477599,477602,3,9
477590,477599,477602,3,9
477590,477590,477602,12,0
477590,477600,477602,2,10
477590,477590,477599,9,0
477590,477594,477603,9,4
477590,477590,477600,10,0
477590,477590,477600,10,0
477590,477590,477599,9,0
477590,477601,477604,3,11
477590,477601,477604,3,11
477590,477590,477603,13,0
477590,477602,477605,3,12
477590,477602,477606,4,12
477590,477602,477605,3,12
477590,477597,477605,8,7
477590,477601,477607,6,11
477590,477604,477607,3,14
477590,477603,477608,5,13
477590,477603,477608,5,13
477590,477604,477608,4,14
477590,477601,477610,9,11
477590,477606,477610,4,16
477590,477608,477611,3,18
477590,477603,477610,7,13
477590,477607,477610,3,17
477590,477605,477611,6,15
477590,477606,477611,5,16
477590,477608,477612,4,18
477590,477590,477613,23,0
477590,477607,477613,6,17
477590,477601,477614,13,11
477590,477590,477605,15,0
477590,477602,477615,13,12
477590,477602,477615,13,12
477590,477602,477615,13,12
477590,477607,477613,6,17
477590,477590,477617,27,0
477590,477604,477613,9,14
477590,477604,477614,10,14
477590,477590,477617,27,0
477590,477604,477620,16,14
477590,477590,477620,30,0
477590,477599,477622,23,9
477590,477590,477622,32,0
476643,476657,477627,970,14
477590,477603,477625,22,13
477635,477635,477640,5,0
477635,477635,477640,5,0
477635,477635,477640,5,0
477635,477635,477640,5,0
477635,477635,477642,7,0
477635,477635,477641,6,0
477635,477635,477641,6,0
477635,477635,477642,7,0
477635,477635,477642,7,0
477635,477635,477643,8,0
477635,477635,477643,8,0
477635,477635,477643,8,0
477635,477642,477645,3,7
477635,477640,477645,5,5
477635,477635,477645,10,0
477635,477641,477646,5,6
477635,477641,477646,5,6
477635,477642,477646,4,7
477635,477635,477648,13,0
477635,477645,477647,2,10
477635,477645,477648,3,10
477590,477605,477638,33,15
477635,477635,477646,11,0
477635,477644,477647,3,9
477635,477644,477648,4,9
477635,477641,477648,7,6
477635,477635,477648,13,0
477635,477635,477649,14,0
477635,477646,477648,2,11
477635,477635,477648,13,0
477635,477642,477648,6,7
477635,477643,477650,7,8
477635,477647,477649,2,12
476695,476713,477650,937,18
477635,477648,477650,2,13
477635,477648,477651,3,13
477635,477647,477651,4,12
477635,477649,477652,3,14
477635,477635,477651,16,0
477635,477635,477652,17,0
477635,477649,477652,3,14
477635,477650,477652,2,15
477635,477643,477653,10,8
477635,477650,477653,3,15
477635,477651,477654,3,16
477635,477651,477654,3,16
477635,477651,477654,3,16
477635,477652,477654,2,17
477635,477652,477654,2,17
477635,477648,477655,7,13
477635,477649,477656,7,14
477635,477649,477655,6,14
477635,477649,477655,6,14
477635,477649,477653,4,14
477635,477635,477654,19,0
477635,477650,477656,6,15
477635,477652,477655,3,17
477635,477653,477656,3,18
477635,477653,477656,3,18
477635,477652,477656,4,17
477635,477635,477657,22,0
477635,477649,477657,8,14
477635,477635,477661,26,0
476115,476179,477664,1485,64
477635,477649,477666,17,14
477635,477644,477666,22,9
476674,476687,477668,981,13
477635,477652,477668,16,17
477635,477645,477672,27,10
477635,477635,477674,39,0
477635,477635,477678,43,0
477635,477648,477681,33,13
477635,477635,477685,50,0
477635,477653,477702,49,18
477700,477700,477704,4,0
477700,477700,477706,6,0
477700,477700,477706,6,0
477700,477700,477705,5,0
477700,477700,477706,6,0
477700,477700,477706,6,0
477700,477700,477706,6,0
477700,477700,477707,7,0
477700,477705,477707,2,5
477700,477700,477706,6,0
477700,477700,477706,6,0
477700,477706,477709,3,6
477700,477706,477709,3,6
477700,477700,477707,7,0
477700,477700,477707,7,0
477700,477700,477711,11,0
477700,477700,477711,11,0
477700,477700,477712,12,0
477700,477707,477711,4,7
477700,477708,477711,3,8
477700,477700,477711,11,0
477700,477706,477712,6,6
477700,477710,477713,3,10
477700,477700,477713,13,0
477700,477710,477713,3,10
477700,477700,477713,13,0
477700,477712,477714,2,12
477700,477712,477714,2,12
477700,477700,477714,14,0
477700,477709,477713,4,9
477700,477713,477715,2,13
477700,477707,477716,9,7
477700,477709,477716,7,9
477700,477707,477716,9,7
477700,477714,477716,2,14
477700,477700,477713,13,0
477700,477712,477719,7,12
477700,477714,477718,4,14
477700,477708,477718,10,8
477700,477715,477718,3,15
477700,477715,477719,4,15
477700,477713,477719,6,13
477700,477716,477719,3,16
477700,477717,477720,3,17
477700,477716,477720,4,16
477700,477712,477716,4,12
477700,477717,477721,4,17
477700,477719,477722,3,19
477700,477700,477720,20,0
477700,477700,477720,20,0
477700,477712,477722,10,12
477700,477720,477722,2,20
477700,477720,477723,3,20
477700,477720,477723,3,20
477700,477715,477724,9,15
477700,477700,477724,24,0
477700,477717,477724,7,17
477700,477720,477724,4,20
477700,477716,477724,8,16
477700,477719,477724,5,19
477700,477723,477725,2,23
477700,477700,477726,26,0
477700,477718,477726,8,18
477700,477724,477728,4,24
477700,477720,477728,8,20
477700,477710,477728,18,10
477700,477719,477726,7,19
477700,477726,477729,3,26
477700,477700,477729,29,0
477700,477703,477729,26,3
477700,477724,477729,5,24
477700,477700,477731,31,0
477700,477725,477731,6,25
477700,477728,477732,4,28
477700,477722,477733,11,22
477700,477722,477733,11,22
477700,477728,477732,4,28
477700,477725,477733,8,25
477700,477725,477734,9,25
477700,477711,477728,17,11
477700,477730,477735,5,30
477700,477730,477735,5,30
477700,477733,477736,3,33
477700,477733,477735,2,33
477700,477733,477736,3,33
477700,477721,477737,16,21
477700,477733,477736,3,33
477700,477731,477737,6,31
477700,477722,477735,13,22
477700,477734,477738,4,34
477700,477725,477738,13,25
477700,477721,477729,8,21
477700,477736,477739,3,36
477700,477737,477739,2,37
477700,477736,477738,2,36
477700,477736,477739,3,36
477700,477736,477738,2,36
477700,477736,477739,3,36
477700,477734,477739,5,34
477700,477739,477741,2,39
477700,477739,477741,2,39
477700,477739,477742,3,39
477700,477737,477741,4,37
477700,477739,477742,3,39
477700,477739,477742,3,39
477700,477739,477742,3,39
477700,477741,477743,2,41
477700,477722,477743,21,22
477700,477737,477743,6,37
477700,477741,477744,3,41
477700,477742,477745,3,42
477700,477742,477745,3,42
477700,477742,477745,3,42
477700,477742,477745,3,42
477700,477710,477745,35,10
477700,477738,477746,8,38
477700,477741,477745,4,41
477700,477743,477745,2,43
477700,477738,477747,9,38
477700,477745,477747,2,45
477700,477745,477748,3,45
477700,477727,477748,21,27
477700,477745,477749,4,45
477700,477745,477749,4,45
477700,477739,477746,7,39
477700,477724,477749,25,24
477700,477725,477751,26,25
477700,477742,477750,8,42
477702,477746,477751,5,44
477700,477744,477753,9,44
477702,477748,477753,5,46
477702,477749,477753,4,47
477702,477749,477755,6,47
477702,477752,477755,3,50
477700,477729,477751,22,29
477702,477754,477756,2,52
477702,477753,477757,4,51
477702,477749,477757,8,47
477700,477714,477757,43,14
477700,477739,477758,19,39
477702,477746,477758,12,44
477702,477746,477758,12,44
477702,477753,477759,6,51
477702,477755,477759,4,53
477702,477756,477760,4,54
477702,477757,477761,4,55
477700,477731,477760,29,31
477702,477746,477759,13,44
477702,477751,477759,8,49
477700,477737,477761,24,37
477702,477757,477761,4,55
477700,477727,477761,34,27
477700,477730,477763,33,30
477702,477759,477763,4,57
477702,477761,477763,2,59
477702,477750,477763,13,48
477702,477761,477764,3,59
477702,477757,477764,7,55
477702,477761,477764,3,59
477700,477723,477765,42,23
477702,477761,477766,5,59
477702,477761,477766,5,59
477702,477762,477766,4,60
477702,477759,477767,8,57
477702,477765,477767,2,63
477702,477749,477761,12,47
477702,477764,477767,3,62
477702,477765,477767,2,63
477700,477730,477767,37,30
477702,477765,477768,3,63
477702,477764,477768,4,62
477702,477750,477768,18,48
477700,477744,477768,24,44
477702,477751,477768,17,49
477702,477758,477769,11,56
477702,477759,477769,10,57
477702,477758,477769,11,56
477702,477768,477770,2,66
477702,477768,477771,3,66
477702,477768,477770,2,66
477702,477758,477771,13,56
477702,477764,477771,7,62
477702,477769,477772,3,67
477700,477729,477769,40,29
477702,477769,477772,3,67
477702,477747,477773,26,45
477702,477772,477774,2,70
476268,476281,477775,1494,13
477702,477771,477775,4,69
477702,477771,477776,5,69
477702,477769,477775,6,67
477702,477767,477776,9,65
477702,477769,477778,9,67
477702,477769,477778,9,67
477702,477771,477779,8,69
477702,477771,477779,8,69
477702,477771,477780,9,69
477702,477763,477780,17,61
477702,477768,477781,13,66
477702,477770,477781,11,68
477702,477769,477783,14,67
477702,477766,477784,18,64
477702,477766,477786,20,64
477702,477761,477783,22,59
477702,477768,477784,16,66
477702,477766,477790,24,64
477702,477769,477790,21,67
477702,477772,477793,21,70
477702,477756,477794,38,54
477702,477766,477800,34,64
476333,476345,477814,1469,12
477811,477811,477816,5,0
477811,477811,477818,7,0
477811,477811,477817,6,0
477811,477811,477818,7,0
477811,477811,477819,8,0
477811,477811,477819,8,0
477811,477815,477820,5,4
477811,477811,477820,9,0
477702,477761,477815,54,59
477811,477819,477821,2,8
477811,477811,477822,11,0
477811,477811,477822,11,0
477811,477811,477822,11,0
477811,477819,477822,3,8
477811,477818,477824,6,7
477811,477818,477824,6,7
477811,477811,477823,12,0
477811,477811,477824,13,0
477811,477817,477824,7,6
477811,477823,477826,3,12
477811,477824,477827,3,13
477811,477824,477827,3,13
477811,477822,477827,5,11
477811,477811,477827,16,0
477811,477820,477828,8,9
477811,477826,477828,2,15
477811,477811,477829,18,0
477811,477827,477830,3,16
477811,477827,477829,2,16
477811,477825,477829,4,14
477811,477827,477830,3,16
477811,477811,477823,12,0
477811,477811,477823,12,0
477811,477821,477830,9,10
477811,477824,477831,7,13
477811,477820,477830,10,9
477811,477829,477832,3,18
477811,477811,477830,19,0
477811,477830,477833,3,19
477811,477830,477832,2,19
477811,477830,477833,3,19
477811,477832,477835,3,21
477811,477831,477836,5,20
477811,477830,477835,5,19
477811,477831,477836,5,20
477811,477833,477836,3,22
477811,477828,477832,4,17
477811,477833,477836,3,22
477811,477833,477837,4,22
477811,477811,477833,22,0
477811,477835,477838,3,24
477811,477811,477838,27,0
477811,477811,477839,28,0
477811,477822,477840,18,11
477811,477811,477841,30,0
477811,477836,477842,6,25
477811,477836,477843,7,25
477811,477829,477840,11,18
477811,477831,477840,9,20
477811,477822,477842,20,11
477811,477836,477846,10,25
477811,477829,477847,18,18
477811,477832,477847,15,21
477811,477831,477847,16,20
477811,477811,477847,36,0
477811,477823,477848,25,12
477811,477831,477848,17,20
477811,477811,477849,38,0
477811,477811,477850,39,0
477811,477825,477851,26,14
477811,477821,477851,30,10
477891,477891,477897,6,0
477891,477891,477898,7,0
477891,477891,477898,7,0
477891,477891,477899,8,0
477891,477891,477899,8,0
477891,477891,477900,9,0
477891,477897,477901,4,6
477891,477891,477901,10,0
477891,477891,477902,11,0
477891,477898,477902,4,7
477891,477899,477903,4,8
477891,477891,477903,12,0
477891,477891,477902,11,0
477891,477891,477903,12,0
477891,477891,477903,12,0
477891,477891,477903,12,0
477891,477891,477904,13,0
477891,477891,477903,12,0
477891,477891,477904,13,0
477891,477898,477905,7,7
477891,477891,477902,11,0
477891,477903,477906,3,12
477891,477891,477901,10,0
477891,477899,477908,9,8
477891,477891,477908,17,0
477891,477891,477908,17,0
477891,477891,477905,14,0
477891,477906,477909,3,15
477891,477906,477910,4,15
477891,477905,477911,6,14
477891,477904,477911,7,13
477891,477910,477912,2,19
477891,477909,477913,4,18
477891,477900,477914,14,9
477891,477904,477913,9,13
477891,477909,477913,4,18
477891,477913,477915,2,22
477891,477903,477915,12,12
477891,477905,477916,11,14
477891,477912,477916,4,21
477891,477907,477916,9,16
477891,477891,477916,25,0
477891,477901,477916,15,10
477891,477909,477915,6,18
477891,477910,477916,6,19
477891,477901,477918,17,10
477891,477903,477918,15,12
477891,477916,477918,2,25
477891,477914,477918,4,23
477891,477909,477918,9,18
477891,477903,477918,15,12
477891,477891,477918,27,0
477891,477891,477921,30,0
477891,477917,477922,5,26
477891,477917,477925,8,26
477891,477902,477917,15,11
477891,477914,477922,8,23
477891,477905,477926,21,14
477891,477919,477926,7,28
477891,477916,477927,11,25
477891,477917,477927,10,26
477891,477919,477930,11,28
477891,477919,477932,13,28
477891,477891,477928,37,0
477891,477905,477935,30,14
477891,477912,477932,20,21
477891,477903,477937,34,12
477891,477915,477935,20,24
477891,477915,477941,26,24
477891,477917,477947,30,26
476956,476970,477955,985,14
476991,477004,477957,953,13
477988,477988,477993,5,0
477988,477988,477994,6,0
477988,477988,477994,6,0
477988,477988,477995,7,0
477988,477988,477995,7,0
477988,477993,477995,2,5
477988,477994,477996,2,6
477988,477988,477997,9,0
477988,477988,477999,11,0
477988,477988,477999,11,0
477988,477988,477998,10,0
477988,477995,477998,3,7
477988,477996,477998,2,8
477988,477996,478000,4,8
477988,477988,478000,12,0
477988,477997,478000,3,9
477988,477988,478001,13,0
477988,477996,478001,5,8
477988,477999,478001,2,11
477988,477999,478002,3,11
477988,477988,478002,14,0
477988,477988,478003,15,0
477988,478000,478002,2,12
477988,477998,478002,4,10
477988,477988,478003,15,0
477988,477988,478002,14,0
477988,477988,477999,11,0
477988,477988,478003,15,0
477988,477999,478005,6,11
477988,478002,478004,2,14
477988,478002,478004,2,14
477988,478001,478005,4,13
477988,477999,478006,7,11
477988,477988,478005,17,0
477988,477988,478006,18,0
477988,478003,478007,4,15
477988,477988,478008,20,0
477988,478005,478008,3,17
477988,478005,478008,3,17
477988,477988,478008,20,0
477988,477988,478008,20,0
477988,478003,478009,6,15
477988,477988,478008,20,0
477988,478003,478009,6,15
477988,478006,478010,4,18
477988,478002,478009,7,14
477988,477988,478011,23,0
477988,478008,478011,3,20
477988,478008,478012,4,20
477988,478003,478008,5,15
477988,478004,478008,4,16
477988,477988,478013,25,0
477988,478008,478012,4,20
477988,478010,478013,3,22
477988,478009,478013,4,21
477988,478009,478015,6,21
477988,477988,478015,27,0
477991,478011,478016,5,20
477991,478012,478016,4,21
477988,477999,478018,19,11
477988,478000,478018,18,12
477988,478003,478009,6,15
477991,478016,478019,3,25
477991,478010,478021,11,19
477991,478016,478021,5,25
477991,478014,478022,8,23
477991,478019,478022,3,28
477991,478011,478022,11,20
477988,478004,478020,16,16
477988,478006,478023,17,18
477991,478019,478025,6,28
477991,478021,478025,4,30
477991,478022,478026,4,31
477991,478022,478026,4,31
477991,478015,478027,12,24
477991,478016,478027,11,25
477991,478025,478028,3,34
477991,478027,478029,2,36
477988,478007,478025,18,19
477988,478003,478030,27,15
477988,478009,478030,21,21
477991,478021,478030,9,30
477991,478027,478031,4,36
477991,478029,478031,2,38
477991,478030,478032,2,39
477991,478027,478032,5,36
477991,478015,478031,16,24
477991,478023,478032,9,32
477991,478032,478034,2,41
477991,478032,478034,2,41
477991,478031,478035,4,40
477991,478013,478035,22,22
477991,478028,478035,7,37
477991,478019,478035,16,28
477991,478013,478030,17,22
477991,478024,478032,8,33
477991,478035,478037,2,44
477991,478032,478036,4,41
477991,478019,478037,18,28
477991,478032,478036,4,41
477991,478035,478037,2,44
477991,478025,478037,12,34
477991,478035,478038,3,44
477988,478006,478038,32,18
477991,478030,478038,8,39
477988,478001,478039,38,13
477988,478007,478038,31,19
477988,478009,478039,30,21
477991,478037,478039,2,46
477991,478013,478040,27,22
477991,478030,478039,9,39
477991,478038,478040,2,47
477991,478032,478039,7,41
477991,478038,478042,4,47
477991,478040,478042,2,49
477991,478041,478043,2,50
477991,478038,478044,6,47
477991,478024,478044,20,33
477991,478038,478042,4,47
477991,478043,478045,2,52
477991,478042,478046,4,51
477991,478037,478047,10,46
477991,478036,478046,10,45
477991,478035,478045,10,44
477991,478037,478042,5,46
477991,478037,478049,12,46
477991,478030,478049,19,39
477991,478037,478050,13,46
477991,478040,478051,11,49
477991,478040,478051,11,49
477991,478039,478051,12,48
477991,478039,478045,6,48
477991,478013,478054,41,22
477991,478036,478054,18,45
477991,478042,478055,13,51
477991,478037,478056,19,46
477991,478030,478059,29,39
477991,478038,478059,21,47
477988,478005,478061,56,17
477991,478039,478068,29,48
477126,477140,478113,973,14
477142,477157,478128,971,15
478139,478139,478143,4,0
478139,478139,478143,4,0
478139,478139,478144,5,0
478139,478139,478144,5,0
478139,478139,478145,6,0
477158,477191,478146,955,33
478139,478144,478147,3,5
478139,478144,478146,2,5
478139,478144,478147,3,5
478139,478144,478147,3,5
478139,478139,478149,10,0
477152,477174,478149,975,22
478139,478147,478149,2,8
478139,478139,478149,10,0
478139,478139,478149,10,0
478139,478139,478149,10,0
478139,478147,478150,3,8
478139,478147,478149,2,8
478139,478147,478150,3,8
478139,478146,478150,4,7
478139,478148,478151,3,9
478139,478139,478150,11,0
478139,478139,478151,12,0
478139,478139,478151,12,0
478139,478139,478152,13,0
478139,478149,478152,3,10
478139,478150,478153,3,11
478139,478139,478153,14,0
478139,478150,478153,3,11
478139,478150,478152,2,11
478139,478150,478152,2,11
478139,478139,478153,14,0
478139,478139,478154,15,0
478139,478139,478153,14,0
478139,478151,478154,3,12
478139,478150,478154,4,11
478139,478151,478155,4,12
478139,478139,478155,16,0
478139,478150,478154,4,11
478139,478152,478155,3,13
478139,478153,478156,3,14
478139,478153,478156,3,14
478139,478153,478156,3,14
478139,478153,478155,2,14
478139,478139,478155,16,0
478139,478151,478155,4,12
478139,478149,478157,8,10
478139,478154,478157,3,15
478139,478139,478158,19,0
478139,478155,478158,3,16
478139,478151,478155,4,12
478139,478154,478158,4,15
478139,478156,478158,2,17
478139,478156,478158,2,17
478139,478156,478159,3,17
478139,478156,478159,3,17
478139,478139,478159,20,0
478139,478152,478159,7,13
478139,478152,478156,4,13
478139,478139,478159,20,0
478139,478153,478158,5,14
478141,478157,478162,5,16
478139,478155,478162,7,16
478141,478159,478164,5,18
478141,478158,478164,6,17
478141,478159,478165,6,18
478141,478159,478166,7,18
478141,478159,478165,6,18
478141,478162,478167,5,21
478141,478164,478168,4,23
478141,478165,478168,3,24
478141,478165,478168,3,24
478141,478157,478168,11,16
478141,478166,478168,2,25
478141,478166,478168,2,25
478139,478139,478161,22,0
478139,478150,478171,21,11
478141,478168,478171,3,27
478139,478153,478169,16,14
478141,478169,478172,3,28
478141,478168,478171,3,27
478141,478169,478171,2,28
478141,478168,478171,3,27
478141,478169,478172,3,28
478139,478139,478173,34,0
478139,478154,478172,18,15
478141,478163,478173,10,22
478141,478160,478173,13,19
478141,478172,478175,3,31
478141,478172,478174,2,31
478141,478171,478175,4,30
478141,478172,478175,3,31
478141,478173,478175,2,32
478141,478172,478175,3,31
478141,478159,478177,18,18
478141,478169,478177,8,28
477163,477210,478177,967,47
478141,478175,478177,2,34
478141,478174,478178,4,33
478141,478175,478178,3,34
478141,478175,478178,3,34
478141,478175,478178,3,34
478141,478176,478178,2,35
478141,478176,478179,3,35
478141,478177,478180,3,36
478141,478177,478180,3,36
478141,478178,478181,3,37
478141,478179,478181,2,38
478141,478179,478181,2,38
478141,478160,478177,17,19
478141,478179,478181,2,38
478141,478171,478182,11,30
478141,478179,478182,3,38
478141,478173,478183,10,32
478141,478177,478183,6,36
478141,478180,478183,3,39
478141,478180,478183,3,39
478141,478182,478183,1,41
478139,478155,478183,28,16
478141,478181,478184,3,40
478141,478182,478184,2,41
478141,478177,478184,7,36
478141,478182,478184,2,41
478141,478178,478184,6,37
478141,478182,478185,3,41
478139,478155,478185,30,16
478148,478184,478187,3,36
478141,478156,478187,31,15
478141,478158,478185,27,17
478148,478184,478188,4,36
478148,478183,478188,5,35
478141,478183,478188,5,42
478148,478185,478190,5,37
478141,478175,478186,11,34
478141,478160,478189,29,19
478148,478185,478190,5,37
478139,478139,478190,51,0
478141,478182,478191,9,41
478139,478154,478188,34,15
478148,478185,478193,8,37
478141,478170,478193,23,29
478141,478173,478193,20,32
478141,478183,478192,9,42
478141,478182,478194,12,41
478139,478139,478193,54,0
478148,478190,478194,4,42
478148,478191,478194,3,43
478148,478185,478195,10,37
478148,478188,478195,7,40
478148,478188,478196,8,40
478148,478188,478196,8,40
478141,478159,478197,38,18
478141,478160,478192,32,19
478141,478160,478195,35,19
478148,478195,478198,3,47
478148,478195,478197,2,47
478148,478184,478197,13,36
478148,478185,478198,13,37
478148,478196,478198,2,48
478148,478196,478199,3,48
478148,478195,478199,4,47
478148,478197,478199,2,49
478148,478189,478200,11,41
478148,478198,478201,3,50
478148,478198,478200,2,50
478141,478172,478199,27,31
478148,478190,478199,9,42
478148,478200,478201,1,52
478148,478192,478197,5,44
478148,478199,478201,2,51
478148,478191,478202,11,43
478148,478199,478202,3,51
478148,478193,478202,9,45
478148,478191,478203,12,43
478148,478198,478203,5,50
478148,478200,478203,3,52
478148,478188,478203,15,40
478148,478201,478203,2,53
478148,478201,478203,2,53
478148,478202,478204,2,54
478148,478202,478205,3,54
478148,478203,478205,2,55
478148,478197,478205,8,49
478148,478204,478207,3,56
478148,478188,478207,19,40
478148,478193,478207,14,45
478148,478205,478207,2,57
478148,478204,478207,3,56
478148,478205,478207,2,57
478148,478200,478208,8,52
478148,478203,478208,5,55
478148,478193,478208,15,45
478148,478206,478208,2,58
478148,478186,478209,23,38
478148,478197,478209,12,49
478148,478198,478209,11,50
478148,478207,478210,3,59
478148,478206,478210,4,58
478148,478203,478211,8,55
478148,478204,478208,4,56
478148,478203,478212,9,55
478148,478207,478212,5,59
478148,478204,478212,8,56
478148,478202,478212,10,54
478151,478208,478213,5,57
478151,478208,478212,4,57
478151,478209,478214,5,58
478148,478194,478213,19,46
478148,478202,478213,11,54
478148,478207,478215,8,59
478151,478210,478216,6,59
478151,478213,478217,4,62
478148,478190,478211,21,42
478148,478197,478211,14,49
478151,478208,478217,9,57
478148,478202,478217,15,54
478151,478214,478217,3,63
478151,478213,478217,4,62
478148,478202,478212,10,54
478148,478194,478218,24,46
478151,478209,478219,10,58
478151,478212,478219,7,61
478151,478217,478220,3,66
478151,478217,478220,3,66
478151,478214,478222,8,63
478151,478218,478222,4,67
478151,478218,478222,4,67
478151,478214,478222,8,63
478151,478220,478224,4,69
478151,478221,478223,2,70
478151,478221,478223,2,70
478151,478220,478224,4,69
478151,478213,478224,11,62
478151,478222,478225,3,71
478151,478210,478225,15,59
478151,478218,478225,7,67
478151,478223,478225,2,72
478151,478224,478226,2,73
478151,478213,478226,13,62
478151,478224,478227,3,73
478151,478225,478228,3,74
478151,478226,478228,2,75
478151,478209,478228,19,58
478151,478225,478228,3,74
478151,478226,478228,2,75
478151,478222,478229,7,71
478151,478226,478229,3,75
478151,478223,478229,6,72
478151,478224,478230,6,73
478151,478227,478230,3,76
478151,478228,478231,3,77
478151,478229,478231,2,78
478151,478229,478232,3,78
478151,478229,478232,3,78
478151,478219,478232,13,68
478151,478217,478229,12,66
478151,478231,478233,2,80
478151,478218,478233,15,67
478151,478226,478233,7,75
478151,478229,478233,4,78
478151,478232,478234,2,81
478151,478213,478234,21,62
478151,478232,478235,3,81
478151,478232,478235,3,81
478151,478234,478236,2,83
478151,478229,478236,7,78
478151,478233,478237,4,82
478148,478193,478239,46,45
478178,478235,478239,4,57
478151,478225,478237,12,74
478178,478235,478239,4,57
478151,478227,478237,10,76
478151,478230,478239,9,79
478151,478209,478240,31,58
478178,478235,478240,5,57
478178,478237,478241,4,59
478151,478212,478242,30,61
478151,478233,478242,9,82
478178,478240,478242,2,62
478178,478234,478243,9,56
478151,478213,478242,29,62
478178,478234,478244,10,56
478178,478238,478244,6,60
478178,478241,478245,4,63
478178,478243,478245,2,65
478151,478229,478246,17,78
478178,478240,478246,6,62
478178,478242,478246,4,64
478151,478233,478243,10,82
478151,478217,478244,27,66
478151,478230,478248,18,79
478151,478209,478225,16,58
478151,478209,478230,21,58
478178,478247,478249,2,69
478178,478245,478249,4,67
478178,478246,478249,3,68
478178,478247,478250,3,69
478178,478243,478250,7,65
478178,478245,478250,5,67
478178,478243,478251,8,65
478178,478249,478252,3,71
478178,478244,478252,8,66
478178,478250,478252,2,72
478178,478250,478253,3,72
478178,478249,478252,3,71
478178,478248,478253,5,70
478178,478235,478254,19,57
478178,478237,478253,16,59
478178,478252,478254,2,74
478178,478240,478252,12,62
478178,478251,478254,3,73
478178,478240,478254,14,62
478178,478250,478255,5,72
478178,478253,478255,2,75
478178,478253,478256,3,75
478178,478253,478255,2,75
478178,478252,478257,5,74
478178,478254,478257,3,76
478178,478251,478257,6,73
478178,478255,478258,3,77
478178,478256,478258,2,78
478178,478254,478259,5,76
478178,478247,478255,8,69
478178,478256,478259,3,78
478178,478256,478259,3,78
478151,478219,478251,32,68
478151,478249,478257,8,98
478178,478249,478257,8,71
478178,478255,478259,4,77
478178,478257,478260,3,79
478178,478259,478261,2,81
478178,478240,478256,16,62
478178,478241,478256,15,63
478178,478259,478261,2,81
478178,478259,478262,3,81
478178,478259,478262,3,81
478178,478257,478263,6,79
478178,478254,478262,8,76
478178,478258,478263,5,80
478178,478260,478264,4,82
478178,478249,478266,17,71
478178,478260,478266,6,82
478178,478259,478266,7,81
478178,478255,478267,12,77
478178,478249,478267,18,71
478178,478255,478270,15,77
478178,478259,478272,13,81
478178,478248,478273,25,70
478178,478239,478273,34,61
478178,478242,478274,32,64
478178,478242,478276,34,64
478178,478259,478277,18,81
478178,478253,478292,39,75
477423,477435,478407,972,12
478412,478412,478416,4,0
478412,478412,478416,4,0
478412,478412,478417,5,0
478412,478412,478417,5,0
478412,478412,478417,5,0
478412,478412,478417,5,0
478412,478412,478416,4,0
478412,478412,478417,5,0
478412,478412,478418,6,0
478412,478412,478418,6,0
478412,478416,478419,3,4
478412,478416,478420,4,4
478412,478412,478420,8,0
478412,478417,478420,3,5
478412,478417,478421,4,5
478412,478412,478421,9,0
478412,478417,478422,5,5
478412,478419,478422,3,7
478412,478418,478423,5,6
478412,478412,478423,11,0
478412,478420,478423,3,8
478412,478412,478424,12,0
478412,478421,478424,3,9
478412,478412,478424,12,0
478412,478412,478424,12,0
478412,478421,478424,3,9
478412,478412,478425,13,0
478412,478420,478425,5,8
478412,478422,478425,3,10
478412,478422,478425,3,10
478412,478419,478426,7,7
478412,478412,478426,14,0
478412,478417,478425,8,5
478412,478423,478427,4,11
478412,478424,478427,3,12
478412,478422,478427,5,10
478412,478423,478427,4,11
478412,478412,478428,16,0
478412,478417,478428,11,5
478412,478424,478427,3,12
478412,478426,478428,2,14
478412,478426,478428,2,14
478412,478423,478429,6,11
478412,478417,478429,12,5
478412,478427,478430,3,15
478412,478412,478430,18,0
478412,478424,478430,6,12
478412,478424,478430,6,12
478412,478425,478430,5,13
478412,478427,478430,3,15
478412,478426,478431,5,14
478412,478426,478431,5,14
478412,478429,478431,2,17
478412,478429,478431,2,17
478412,478429,478431,2,17
478412,478412,478432,20,0
478412,478427,478432,5,15
478412,478426,478432,6,14
478412,478427,478433,6,15
478412,478430,478433,3,18
478412,478412,478433,21,0
478412,478412,478433,21,0
478412,478428,478434,6,16
478412,478429,478434,5,17
478412,478429,478435,6,17
478412,478428,478438,10,16
478412,478425,478440,15,13
478412,478412,478450,38,0
478412,478424,478451,27,12
478412,478412,478455,43,0
477503,477518,478524,1006,15
478525,478525,478529,4,0
478525,478525,478530,5,0
478525,478525,478530,5,0
478525,478525,478529,4,0
478525,478525,478530,5,0
478525,478525,478531,6,0
478525,478525,478530,5,0
478525,478525,478530,5,0
478525,478525,478532,7,0
478525,478525,478532,7,0
478525,478525,478532,7,0
478525,478525,478532,7,0
478525,478529,478533,4,4
478525,478530,478534,4,5
478525,478525,478533,8,0
478525,478525,478534,9,0
478525,478525,478536,11,0
478525,478525,478536,11,0
478525,478525,478535,10,0
478525,478533,478536,3,8
478525,478531,478537,6,6
478525,478532,478537,5,7
478525,478530,478536,6,5
478525,478530,478537,7,5
478525,478532,478538,6,7
478525,478534,478538,4,9
478525,478531,478538,7,6
478525,478532,478538,6,7
478525,478525,478536,11,0
478525,478525,478538,13,0
478525,478532,478539,7,7
478525,478534,478539,5,9
478525,478530,478539,9,5
478525,478536,478539,3,11
478525,478525,478538,13,0
478525,478535,478540,5,10
478525,478537,478540,3,12
478525,478525,478540,15,0
478525,478525,478540,15,0
478525,478525,478539,14,0
478525,478538,478541,3,13
478525,478537,478541,4,12
478525,478538,478541,3,13
478525,478525,478541,16,0
478525,478536,478541,5,11
478525,478536,478541,5,11
478525,478537,478541,4,12
478525,478538,478541,3,13
478525,478540,478542,2,15
478525,478531,478543,12,6
478525,478538,478543,5,13
478525,478537,478543,6,12
478525,478541,478543,2,16
478525,478536,478541,5,11
478525,478541,478544,3,16
478525,478541,478544,3,16
478525,478541,478544,3,16
478525,478539,478544,5,14
478525,478539,478544,5,14
478525,478539,478544,5,14
478525,478541,478546,5,16
478525,478541,478546,5,16
478525,478525,478546,21,0
478525,478540,478547,7,15
477547,477563,478559,996,16
478525,478541,478561,20,16
478525,478539,478563,24,14
478561,478561,478565,4,0
478561,478561,478565,4,0
478561,478561,478566,5,0
478561,478561,478566,5,0
478561,478561,478565,4,0
478525,478540,478565,25,15
478525,478541,478565,24,16
478525,478539,478565,26,14
478561,478561,478566,5,0
478561,478561,478566,5,0
478561,478561,478566,5,0
478561,478561,478566,5,0
478561,478561,478567,6,0
478525,478541,478567,26,16
478561,478561,478568,7,0
478561,478561,478568,7,0
478561,478563,478568,5,2
478561,478561,478569,8,0
478561,478566,478569,3,5
478561,478566,478569,3,5
478561,478566,478569,3,5
478561,478566,478570,4,5
478561,478561,478570,9,0
478561,478566,478572,6,5
478561,478561,478571,10,0
478561,478567,478571,4,6
478561,478567,478572,5,6
478561,478567,478572,5,6
478561,478568,478572,4,7
478561,478570,478573,3,9
478561,478570,478573,3,9
478561,478570,478573,3,9
478561,478570,478573,3,9
478561,478561,478573,12,0
478561,478569,478573,4,8
478561,478569,478574,5,8
478561,478567,478573,6,6
478561,478562,478569,7,1
478561,478561,478575,14,0
478561,478566,478574,8,5
478561,478572,478575,3,11
478561,478572,478575,3,11
478561,478568,478574,6,7
478561,478570,478576,6,9
478561,478561,478576,15,0
478561,478569,478575,6,8
478561,478573,478576,3,12
478561,478573,478576,3,12
478561,478573,478576,3,12
478561,478571,478575,4,10
478561,478572,478576,4,11
478561,478572,478576,4,11
477591,477608,478576,968,17
478561,478573,478576,3,12
478561,478574,478577,3,13
478561,478573,478578,5,12
478561,478575,478578,3,14
478561,478576,478579,3,15
478561,478575,478578,3,14
478561,478576,478579,3,15
478561,478576,478579,3,15
478561,478574,478579,5,13
478561,478574,478579,5,13
478561,478574,478579,5,13
478561,478575,478580,5,14
478561,478574,478579,5,13
478561,478576,478580,4,15
478561,478576,478581,5,15
478561,478561,478580,19,0
478561,478566,478585,19,5
478561,478573,478580,7,12
478561,478566,478593,27,5
478561,478575,478596,21,14
478561,478576,478603,27,15
478561,478575,478607,32,14
477640,477655,478612,957,15
478616,478617,478622,5,1
478616,478617,478621,4,1
478616,478617,478621,4,1
478616,478617,478621,4,1
478616,478617,478621,4,1
478616,478617,478622,5,1
478616,478617,478622,5,1
478616,478617,478622,5,1
478616,478617,478622,5,1
478616,478617,478622,5,1
478616,478617,478622,5,1
478616,478617,478623,6,1
478616,478617,478623,6,1
478616,478617,478624,7,1
478616,478617,478624,7,1
478616,478617,478625,8,1
478616,478623,478625,2,7
478616,478623,478625,2,7
478616,478622,478625,3,6
478616,478623,478625,2,7
478616,478622,478626,4,6
478616,478622,478626,4,6
478616,478622,478626,4,6
478616,478622,478626,4,6
478616,478624,478627,3,8
478616,478624,478626,2,8
478616,478623,478627,4,7
478616,478617,478627,10,1
478616,478617,478627,10,1
478616,478623,478627,4,7
478616,478617,478627,10,1
478616,478623,478629,6,7
478616,478617,478629,12,1
478616,478626,478628,2,10
478616,478626,478628,2,10
478616,478626,478628,2,10
477636,477654,478629,975,18
478616,478625,478629,4,9
478616,478627,478630,3,11
478616,478625,478629,4,9
478616,478627,478630,3,11
478616,478626,478629,3,10
478616,478627,478629,2,11
478616,478617,478630,13,1
478616,478626,478630,4,10
478616,478627,478630,3,11
478616,478627,478630,3,11
478616,478628,478631,3,12
478616,478627,478631,4,11
478616,478617,478631,14,1
478616,478629,478632,3,13
478616,478629,478632,3,13
478616,478617,478632,15,1
478616,478628,478633,5,12
478616,478628,478632,4,12
478616,478628,478633,5,12
478616,478630,478632,2,14
478616,478630,478633,3,14
478616,478629,478632,3,13
478616,478630,478632,2,14
478616,478630,478633,3,14
478616,478629,478633,4,13
478616,478630,478633,3,14
478616,478617,478634,17,1
478616,478628,478634,6,12
478616,478630,478635,5,14
478616,478629,478635,6,13
478616,478630,478635,5,14
478617,478631,478636,5,14
478617,478633,478637,4,16
478617,478634,478638,4,17
478617,478631,478638,7,14
478617,478633,478638,5,16
478617,478633,478638,5,16
478616,478631,478635,4,15
478617,478634,478638,4,17
477639,477654,478638,984,15
478617,478631,478638,7,14
478617,478632,478639,7,15
478617,478633,478638,5,16
478616,478617,478639,22,1
478617,478635,478639,4,18
478617,478637,478639,2,20
478617,478637,478640,3,20
478616,478617,478640,23,1
478617,478636,478640,4,19
478617,478635,478640,5,18
478617,478636,478640,4,19
478617,478638,478641,3,21
478617,478638,478641,3,21
478617,478638,478640,2,21
478617,478639,478641,2,22
478617,478634,478641,7,17
478617,478633,478642,9,16
478617,478638,478641,3,21
478617,478639,478642,3,22
478617,478639,478641,2,22
478617,478639,478642,3,22
478617,478632,478641,9,15
478617,478633,478643,10,16
478617,478640,478642,2,23
478617,478639,478642,3,22
478617,478640,478643,3,23
478617,478631,478643,12,14
478617,478641,478644,3,24
478617,478641,478644,3,24
478617,478642,478645,3,25
478617,478633,478644,11,16
478617,478641,478645,4,24
478617,478642,478645,3,25
478617,478642,478645,3,25
478617,478642,478645,3,25
478617,478632,478645,13,15
478617,478641,478646,5,24
478617,478642,478645,3,25
478617,478642,478645,3,25
478617,478643,478646,3,26
478617,478643,478646,3,26
478617,478642,478647,5,25
478617,478641,478647,6,24
478617,478643,478647,4,26
478617,478645,478648,3,28
478617,478642,478647,5,25
478617,478643,478648,5,26
478617,478645,478648,3,28
478617,478644,478648,4,27
478617,478645,478648,3,28
478617,478645,478648,3,28
478617,478644,478647,3,27
478617,478645,478648,3,28
478617,478645,478649,4,28
478617,478632,478649,17,15
478617,478640,478648,8,23
478617,478641,478650,9,24
478617,478641,478649,8,24
478617,478644,478650,6,27
478617,478646,478650,4,29
478617,478646,478651,5,29
478617,478635,478653,18,18
478617,478638,478654,16,21
478617,478633,478656,23,16
478617,478639,478657,18,22
478719,478719,478723,4,0
478719,478719,478723,4,0
478719,478719,478724,5,0
478719,478719,478724,5,0
478719,478719,478724,5,0
478719,478719,478725,6,0
478719,478719,478724,5,0
478719,478719,478724,5,0
478719,478719,478725,6,0
478719,478719,478725,6,0
478719,478719,478725,6,0
478719,478719,478725,6,0
478719,478719,478726,7,0
478719,478719,478726,7,0
478719,478719,478726,7,0
477701,477746,478727,981,45
478719,478719,478726,7,0
478719,478719,478727,8,0
478719,478719,478727,8,0
478719,478719,478726,7,0
478719,478724,478727,3,5
478719,478724,478727,3,5
478719,478725,478728,3,6
478719,478725,478728,3,6
478719,478725,478728,3,6
478719,478725,478728,3,6
478719,478725,478728,3,6
478719,478724,478729,5,5
478719,478724,478729,5,5
478719,478725,478730,5,6
478719,478725,478730,5,6
478719,478727,478730,3,8
478719,478727,478730,3,8
478719,478726,478730,4,7
478719,478727,478730,3,8
478719,478726,478729,3,7
478719,478727,478730,3,8
478719,478719,478731,12,0
478719,478728,478731,3,9
478719,478726,478731,5,7
478719,478728,478731,3,9
478719,478728,478731,3,9
478719,478728,478731,3,9
478719,478727,478730,3,8
478719,478727,478732,5,8
478719,478728,478732,4,9
478719,478727,478732,5,8
478719,478728,478732,4,9
478719,478730,478733,3,11
478719,478730,478733,3,11
478719,478730,478733,3,11
478719,478731,478734,3,12
478719,478729,478734,5,10
478719,478730,478734,4,11
478719,478730,478734,4,11
478719,478732,478734,2,13
478719,478719,478731,12,0
478719,478719,478731,12,0
478719,478729,478734,5,10
478719,478719,478735,16,0
478719,478732,478735,3,13
478719,478732,478735,3,13
478719,478730,478736,6,11
478719,478730,478736,6,11
478719,478731,478736,5,12
478719,478730,478736,6,11
478719,478719,478738,19,0
478719,478719,478738,19,0
478719,478719,478739,20,0
478719,478731,478739,8,12
478719,478719,478740,21,0
477703,477773,478762,989,70
478773,478773,478776,3,0
478773,478773,478776,3,0
478773,478773,478777,4,0
478773,478773,478776,3,0
478773,478773,478777,4,0
478773,478773,478778,5,0
478773,478773,478777,4,0
477812,477836,478777,941,24
478773,478773,478777,4,0
478773,478773,478779,6,0
478773,478773,478778,5,0
478773,478773,478779,6,0
478773,478773,478780,7,0
478773,478777,478779,2,4
478773,478773,478779,6,0
478773,478777,478779,2,4
478773,478773,478780,7,0
478773,478773,478780,7,0
478773,478778,478780,2,5
478773,478778,478781,3,5
478773,478778,478780,2,5
478773,478777,478781,4,4
478773,478773,478781,8,0
478773,478777,478781,4,4
478773,478773,478781,8,0
478773,478773,478782,9,0
478773,478773,478782,9,0
478773,478773,478783,10,0
478773,478778,478782,4,5
478773,478780,478782,2,7
478773,478773,478782,9,0
478773,478778,478782,4,5
478773,478779,478782,3,6
478773,478779,478782,3,6
478773,478780,478783,3,7
478773,478780,478783,3,7
478773,478773,478783,10,0
478773,478780,478784,4,7
478773,478773,478784,11,0
478773,478773,478784,11,0
478773,478780,478783,3,7
478773,478773,478784,11,0
478773,478780,478785,5,7
478773,478781,478784,3,8
478773,478782,478785,3,9
478773,478773,478785,12,0
478773,478783,478786,3,10
478773,478781,478785,4,8
478773,478781,478785,4,8
478773,478782,478785,3,9
478773,478782,478786,4,9
478773,478781,478786,5,8
478773,478773,478786,13,0
478773,478773,478787,14,0
478773,478782,478787,5,9
478773,478783,478786,3,10
478773,478783,478786,3,10
478773,478783,478787,4,10
478773,478783,478786,3,10
478773,478784,478788,4,11
478773,478784,478787,3,11
478773,478783,478788,5,10
478773,478782,478787,5,9
478773,478784,478787,3,11
478773,478783,478789,6,10
478773,478783,478789,6,10
478773,478785,478791,6,12
478773,478787,478791,4,14
478773,478783,478788,5,10
478773,478785,478791,6,12
478773,478787,478790,3,14
478773,478787,478790,3,14
478773,478787,478791,4,14
478773,478788,478791,3,15
478773,478787,478792,5,14
478773,478786,478791,5,13
478773,478786,478792,6,13
478773,478784,478792,8,11
478773,478788,478791,3,15
478773,478787,478793,6,14
478773,478788,478792,4,15
478773,478787,478793,6,14
478773,478788,478793,5,15
478773,478788,478792,4,15
478773,478786,478793,7,13
478773,478789,478793,4,16
478773,478789,478793,4,16
478773,478786,478794,8,13
478773,478791,478794,3,18
478773,478792,478794,2,19
478773,478792,478794,2,19
478773,478792,478794,2,19
478773,478785,478794,9,12
478773,478791,478794,3,18
478773,478791,478794,3,18
478773,478791,478794,3,18
478773,478791,478795,4,18
478773,478791,478795,4,18
478773,478783,478795,12,10
478773,478792,478796,4,19
478773,478793,478796,3,20
478773,478791,478795,4,18
478773,478792,478795,3,19
478773,478787,478796,9,14
478773,478793,478796,3,20
478773,478794,478797,3,21
478773,478793,478797,4,20
478773,478793,478798,5,20
478773,478793,478798,5,20
478773,478795,478798,3,22
478773,478794,478797,3,21
478773,478795,478798,3,22
478773,478795,478798,3,22
478773,478795,478798,3,22
478773,478785,478798,13,12
478773,478793,478798,5,20
478773,478794,478799,5,21
478773,478795,478799,4,22
478773,478795,478799,4,22
478773,478795,478799,4,22
478773,478795,478800,5,22
478773,478797,478800,3,24
478773,478794,478800,6,21
478773,478796,478800,4,23
478773,478796,478799,3,23
478773,478797,478800,3,24
478773,478787,478800,13,14
478773,478798,478800,2,25
478773,478798,478801,3,25
478773,478796,478802,6,23
478773,478798,478801,3,25
478773,478798,478803,5,25
478773,478796,478804,8,23
478773,478798,478803,5,25
478773,478798,478803,5,25
478773,478784,478805,21,11
478773,478786,478807,21,13
478773,478792,478808,16,19
478773,478795,478812,17,22
478773,478797,478814,17,24
477341,477355,478828,1473,14
478773,478796,478833,37,23
477892,477919,478866,947,27
478874,478874,478877,3,0
478874,478874,478878,4,0
478874,478874,478878,4,0
478874,478874,478878,4,0
478874,478874,478878,4,0
478874,478874,478878,4,0
478874,478874,478878,4,0
478874,478874,478879,5,0
478874,478874,478878,4,0
478874,478874,478880,6,0
478874,478874,478880,6,0
478874,478874,478880,6,0
478874,478874,478879,5,0
478874,478874,478880,6,0
478874,478874,478879,5,0
478874,478874,478879,5,0
478874,478874,478880,6,0
478874,478877,478881,4,3
478874,478874,478882,8,0
478874,478874,478881,7,0
478874,478874,478881,7,0
478874,478879,478882,3,5
478874,478874,478882,8,0
478874,478878,478881,3,4
478874,478879,478882,3,5
478874,478874,478882,8,0
478874,478874,478882,8,0
478874,478880,478883,3,6
478874,478878,478884,6,4
478874,478880,478884,4,6
478874,478879,478884,5,5
478874,478880,478884,4,6
478874,478880,478884,4,6
478874,478878,478884,6,4
478874,478880,478884,4,6
478874,478874,478885,11,0
478874,478874,478885,11,0
478874,478874,478885,11,0
478874,478879,478885,6,5
478874,478880,478885,5,6
478874,478880,478885,5,6
478874,478881,478885,4,7
478874,478874,478885,11,0
478874,478881,478886,5,7
478874,478882,478886,4,8
478874,478882,478886,4,8
478874,478882,478886,4,8
478874,478882,478886,4,8
478874,478882,478886,4,8
478874,478874,478887,13,0
478874,478874,478887,13,0
478874,478883,478887,4,9
478874,478882,478887,5,8
478874,478884,478887,3,10
478874,478885,478887,2,11
478874,478883,478888,5,9
478874,478884,478888,4,10
478874,478884,478887,3,10
478874,478882,478887,5,8
478874,478884,478888,4,10
478874,478885,478888,3,11
478874,478883,478888,5,9
478874,478887,478889,2,13
478874,478887,478889,2,13
478874,478878,478889,11,4
478874,478885,478890,5,11
478874,478884,478890,6,10
478874,478885,478890,5,11
478874,478887,478890,3,13
478874,478888,478890,2,14
478874,478887,478891,4,13
478874,478889,478891,2,15
478874,478889,478891,2,15
478874,478889,478891,2,15
478874,478886,478891,5,12
478874,478888,478891,3,14
478874,478889,478891,2,15
478874,478874,478887,13,0
478874,478874,478887,13,0
478874,478886,478892,6,12
478874,478887,478892,5,13
478874,478887,478892,5,13
478874,478890,478893,3,16
478874,478889,478893,4,15
478874,478891,478893,2,17
478874,478891,478893,2,17
478874,478890,478893,3,16
478874,478891,478893,2,17
478874,478892,478894,2,18
478874,478892,478895,3,18
478874,478891,478895,4,17
478874,478892,478895,3,18
478874,478892,478895,3,18
478874,478892,478895,3,18
478874,478885,478895,10,11
478874,478890,478894,4,16
478874,478890,478894,4,16
478874,478892,478895,3,18
478874,478892,478895,3,18
478874,478893,478896,3,19
478874,478893,478896,3,19
478874,478885,478890,5,11
478874,478893,478896,3,19
478874,478889,478897,8,15
478874,478885,478897,12,11
478874,478887,478897,10,13
478874,478895,478897,2,21
478874,478895,478897,2,21
478874,478893,478897,4,19
478874,478894,478897,3,20
478874,478894,478897,3,20
478874,478895,478898,3,21
478874,478894,478897,3,20
478874,478894,478897,3,20
478874,478895,478898,3,21
478874,478896,478899,3,22
478874,478894,478899,5,20
478874,478896,478899,3,22
478874,478895,478899,4,21
478874,478896,478899,3,22
478874,478888,478898,10,14
478874,478895,478900,5,21
478874,478895,478900,5,21
478874,478886,478900,14,12
478874,478895,478900,5,21
478874,478897,478900,3,23
478874,478895,478900,5,21
478874,478898,478900,2,24
478874,478898,478901,3,24
478874,478897,478900,3,23
478874,478898,478903,5,24
478874,478897,478905,8,23
478874,478897,478907,10,23
478874,478897,478907,10,23
478874,478885,478910,25,11
478874,478898,478907,9,24
478874,478898,478913,15,24
478874,478887,478914,27,13
478874,478897,478921,24,23
478874,478886,478924,38,12
478979,478979,478983,4,0
478979,478979,478983,4,0
478979,478979,478983,4,0
478979,478979,478983,4,0
478979,478979,478984,5,0
478979,478979,478983,4,0
478979,478979,478983,4,0
478979,478979,478983,4,0
478979,478979,478984,5,0
478979,478979,478985,6,0
478979,478979,478984,5,0
478979,478979,478985,6,0
478979,478979,478986,7,0
478979,478979,478985,6,0
478979,478979,478986,7,0
478979,478979,478986,7,0
478979,478979,478985,6,0
478979,478979,478985,6,0
478979,478979,478985,6,0
478979,478983,478985,2,4
478979,478979,478986,7,0
478979,478984,478987,3,5
478979,478984,478987,3,5
478979,478979,478987,8,0
478979,478979,478988,9,0
478979,478984,478988,4,5
478979,478979,478989,10,0
478979,478984,478988,4,5
478979,478984,478988,4,5
478979,478985,478988,3,6
478979,478984,478988,4,5
478979,478985,478988,3,6
478979,478986,478989,3,7
478979,478983,478988,5,4
478979,478984,478988,4,5
478979,478979,478990,11,0
478979,478986,478989,3,7
478979,478985,478990,5,6
478979,478987,478990,3,8
478979,478987,478990,3,8
478979,478986,478990,4,7
478979,478986,478990,4,7
478979,478986,478990,4,7
478979,478986,478990,4,7
478979,478986,478990,4,7
477992,478044,478991,947,52
478979,478986,478991,5,7
478979,478979,478992,13,0
478979,478988,478992,4,9
478979,478990,478993,3,11
478979,478989,478993,4,10
478979,478986,478992,6,7
478979,478988,478993,5,9
478979,478990,478993,3,11
478979,478990,478993,3,11
478979,478989,478993,4,10
478979,478989,478993,4,10
478979,478990,478993,3,11
478979,478988,478993,5,9
478979,478989,478994,5,10
478979,478990,478994,4,11
478979,478990,478994,4,11
478979,478979,478993,14,0
478979,478989,478995,6,10
478979,478989,478995,6,10
478979,478990,478995,5,11
478979,478990,478994,4,11
478979,478990,478995,5,11
478979,478989,478995,6,10
478979,478989,478995,6,10
478979,478993,478996,3,14
478979,478993,478996,3,14
478979,478993,478996,3,14
478979,478993,478996,3,14
478979,478993,478996,3,14
478979,478993,478996,3,14
478979,478993,478996,3,14
478979,478993,478997,4,14
478979,478991,478997,6,12
478979,478994,478997,3,15
478979,478994,478997,3,15
478979,478993,478997,4,14
478979,478994,478997,3,15
478979,478995,478998,3,16
478979,478995,478998,3,16
478979,478995,478999,4,16
478979,478995,478999,4,16
478979,478994,478998,4,15
478979,478996,478999,3,17
478979,478996,478999,3,17
478979,478996,478999,3,17
478979,478997,479000,3,18
478979,478996,479000,4,17
478979,478996,478999,3,17
478979,478997,479000,3,18
478979,478998,479000,2,19
478979,478998,479000,2,19
478979,478997,479000,3,18
478979,478998,479000,2,19
478979,478996,479000,4,17
478979,478990,478995,5,11
478979,478995,479001,6,16
478979,478998,479001,3,19
478979,478999,479001,2,20
478979,478999,479001,2,20
478979,478993,479002,9,14
478979,478998,479002,4,19
478979,479000,479003,3,21
478979,479000,479002,2,21
478979,478997,479003,6,18
478979,479000,479003,3,21
478979,479000,479003,3,21
478979,479001,479004,3,22
478979,478979,479004,25,0
478979,478979,479003,24,0
478979,479000,479004,4,21
478979,479000,479004,4,21
478979,478999,479004,5,20
478979,479001,479004,3,22
478979,479002,479004,2,23
478979,479001,479004,3,22
478979,479001,479004,3,22
478979,479001,479004,3,22
478979,479002,479005,3,23
478979,478992,479004,12,13
478979,478993,479005,12,14
478979,478999,479005,6,20
478979,478999,479004,5,20
478979,479003,479006,3,24
478979,479003,479005,2,24
478979,479000,479005,5,21
478979,479002,479006,4,23
478979,479001,479007,6,22
478979,478989,479007,18,10
478979,479001,479007,6,22
478979,478979,479010,31,0
478979,479002,479010,8,23
478979,479003,479010,7,24
478979,479001,479013,12,22
478979,478995,479019,24,16
477990,478010,479022,1012,20
478979,478979,479023,44,0
479081,479082,479084,2,1
479081,479082,479084,2,1
479081,479082,479084,2,1
479081,479082,479084,2,1
479081,479082,479084,2,1
479081,479082,479084,2,1
479081,479082,479085,3,1
479081,479082,479085,3,1
479081,479082,479085,3,1
479081,479082,479085,3,1
479081,479081,479086,5,0
479081,479082,479086,4,1
479081,479082,479086,4,1
479081,479082,479086,4,1
479081,479082,479086,4,1
479081,479082,479086,4,1
479081,479082,479087,5,1
479081,479082,479087,5,1
479081,479082,479087,5,1
479081,479082,479087,5,1
479081,479082,479087,5,1
479081,479082,479087,5,1
479081,479085,479087,2,4
479081,479082,479087,5,1
479081,479085,479087,2,4
479081,479085,479087,2,4
479081,479085,479087,2,4
479081,479085,479088,3,4
479081,479085,479088,3,4
479081,479086,479088,2,5
479081,479086,479089,3,5
479081,479086,479089,3,5
479081,479087,479090,3,6
479081,479082,479090,8,1
479081,479086,479090,4,5
479081,479088,479091,3,7
479081,479088,479091,3,7
479081,479088,479090,2,7
479081,479088,479090,2,7
479081,479088,479090,2,7
479081,479082,479091,9,1
479081,479082,479091,9,1
479081,479082,479091,9,1
479081,479087,479091,4,6
479081,479087,479091,4,6
479081,479087,479091,4,6
479081,479088,479091,3,7
479081,479089,479092,3,8
479081,479089,479092,3,8
479081,479087,479092,5,6
479081,479088,479092,4,7
479081,479088,479093,5,7
479081,479089,479092,3,8
479081,479089,479092,3,8
479081,479090,479092,2,9
479081,479082,479093,11,1
479081,479088,479093,5,7
479081,479088,479093,5,7
479081,479088,479093,5,7
479081,479091,479093,2,10
479081,479090,479093,3,9
479081,479087,479094,7,6
479081,479091,479094,3,10
479081,479091,479094,3,10
479081,479091,479094,3,10
479081,479082,479095,13,1
479081,479091,479096,5,10
479081,479082,479097,15,1
479081,479091,479102,11,10
479081,479082,479118,36,1
479132,479132,479135,3,0
479132,479132,479135,3,0
479132,479132,479135,3,0
479132,479132,479135,3,0
479132,479132,479135,3,0
479132,479132,479136,4,0
479132,479132,479135,3,0
479132,479132,479136,4,0
479132,479132,479137,5,0
479132,479132,479136,4,0
479132,479132,479137,5,0
479132,479132,479136,4,0
479132,479132,479137,5,0
479132,479132,479136,4,0
479132,479132,479137,5,0
479132,479132,479136,4,0
479132,479132,479138,6,0
479132,479132,479137,5,0
479132,479132,479137,5,0
479132,479132,479138,6,0
479132,479135,479138,3,3
479132,479135,479138,3,3
479132,479132,479138,6,0
479132,479132,479138,6,0
479132,479132,479139,7,0
479132,479136,479139,3,4
479132,479135,479138,3,3
479132,479136,479140,4,4
479132,479137,479140,3,5
479132,479136,479139,3,4
479132,479132,479141,9,0
479132,479132,479141,9,0
479132,479137,479140,3,5
479132,479137,479141,4,5
479132,479138,479141,3,6
479132,479137,479141,4,5
479132,479137,479141,4,5
479132,479139,479142,3,7
479132,479136,479142,6,4
479132,479139,479142,3,7
479132,479137,479143,6,5
479132,479137,479143,6,5
479132,479139,479143,4,7
479132,479138,479143,5,6
479132,479140,479143,3,8
479132,479136,479143,7,4
479132,479137,479143,6,5
479132,479140,479143,3,8
479132,479138,479144,6,6
479132,479138,479143,5,6
479132,479141,479144,3,9
479132,479140,479144,4,8
479132,479141,479144,3,9
479132,479132,479142,10,0
479132,479132,479142,10,0
479132,479139,479145,6,7
479132,479141,479145,4,9
479132,479138,479144,6,6
479132,479138,479145,7,6
479132,479142,479145,3,10
479132,479142,479146,4,10
479132,479142,479146,4,10
479132,479139,479146,7,7
479132,479142,479147,5,10
479132,479132,479144,12,0
479132,479141,479145,4,9
479132,479132,479150,18,0
479132,479132,479150,18,0
479132,479141,479151,10,9
479132,479132,479152,20,0
478142,478183,479152,969,41
479191,479191,479193,2,0
479191,479191,479194,3,0
479191,479191,479194,3,0
479191,479191,479194,3,0
479191,479191,479194,3,0
479191,479191,479194,3,0
479191,479191,479195,4,0
479191,479191,479195,4,0
479191,479191,479195,4,0
479191,479191,479195,4,0
479191,479191,479195,4,0
479191,479191,479196,5,0
479191,479191,479196,5,0
479191,479191,479196,5,0
479191,479191,479195,4,0
479191,479191,479196,5,0
479191,479191,479196,5,0
479191,479191,479195,4,0
479191,479191,479196,5,0
479191,479191,479195,4,0
479191,479191,479195,4,0
479191,479191,479197,6,0
479191,479194,479196,2,3
479191,479194,479197,3,3
479191,479195,479197,2,4
479191,479191,479196,5,0
479191,479191,479197,6,0
479191,479191,479198,7,0
479191,479194,479197,3,3
479191,479194,479198,4,3
479191,479195,479198,3,4
479191,479195,479199,4,4
479191,479195,479199,4,4
479191,479195,479199,4,4
479191,479196,479199,3,5
479191,479195,479199,4,4
479191,479196,479199,3,5
479191,479197,479200,3,6
478150,478208,479200,992,58
479191,479196,479200,4,5
479191,479197,479200,3,6
479191,479191,479198,7,0
479191,479191,479199,8,0
479191,479196,479201,5,5
479191,479197,479201,4,6
479191,479198,479201,3,7
479191,479196,479202,6,5
479191,479196,479201,5,5
479191,479196,479201,5,5
479191,479196,479202,6,5
479191,479196,479202,6,5
479191,479199,479202,3,8
479191,479198,479202,4,7
479191,479200,479202,2,9
479191,479198,479202,4,7
479191,479200,479202,2,9
479191,479200,479202,2,9
479191,479200,479202,2,9
479191,479199,479202,3,8
479191,479200,479203,3,9
479191,479196,479202,6,5
479191,479196,479203,7,5
479191,479200,479203,3,9
479191,479198,479203,5,7
479191,479198,479203,5,7
479191,479200,479204,4,9
479191,479191,479200,9,0
479191,479191,479200,9,0
479191,479191,479208,17,0
479191,479191,479209,18,0
479191,479198,479223,25,7
479243,479243,479246,3,0
479243,479243,479245,2,0
479243,479243,479246,3,0
479243,479243,479246,3,0
479243,479243,479247,4,0
479243,479243,479247,4,0
479243,479243,479246,3,0
479243,479243,479247,4,0
479243,479243,479247,4,0
479243,479243,479247,4,0
479243,479243,479247,4,0
479243,479243,479247,4,0
479243,479243,479247,4,0
479243,479243,479248,5,0
479243,479243,479248,5,0
479243,479243,479248,5,0
479243,479243,479248,5,0
479243,479243,479248,5,0
479243,479243,479249,6,0
479243,479243,479248,5,0
479243,479243,479249,6,0
479243,479246,479249,3,3
479243,479246,479249,3,3
479243,479243,479248,5,0
479243,479246,479249,3,3
479243,479243,479250,7,0
479243,479247,479250,3,4
479243,479247,479249,2,4
479243,479246,479249,3,3
479243,479247,479250,3,4
479243,479247,479250,3,4
479243,479243,479250,7,0
479243,479247,479250,3,4
479243,479248,479251,3,5
479243,479248,479251,3,5
479243,479248,479250,2,5
479243,479243,479251,8,0
479243,479247,479252,5,4
479243,479247,479253,6,4
479243,479248,479253,5,5
479243,479248,479253,5,5
479243,479248,479253,5,5
479243,479249,479252,3,6
479243,479249,479253,4,6
479243,479249,479253,4,6
479243,479250,479253,3,7
479243,479249,479253,4,6
479243,479249,479253,4,6
479243,479243,479254,11,0
479243,479243,479253,10,0
477753,477773,479254,1481,20
479243,479250,479254,4,7
479243,479250,479253,3,7
479243,479250,479254,4,7
479243,479250,479254,4,7
479243,479251,479254,3,8
479243,479249,479254,5,6
479243,479249,479254,5,6
479243,479251,479255,4,8
479243,479251,479255,4,8
479243,479251,479255,4,8
479243,479243,479256,13,0
479243,479249,479255,6,6
479243,479243,479252,9,0
479243,479243,479253,10,0
479243,479253,479259,6,10
479243,479252,479260,8,9
479243,479251,479261,10,8
479243,479252,479262,10,9
479243,479243,479263,20,0
479243,479250,479264,14,7
479298,479299,479302,3,1
479298,479299,479302,3,1
479298,479299,479302,3,1
479298,479299,479302,3,1
479298,479299,479302,3,1
479298,479299,479302,3,1
479298,479299,479302,3,1
479298,479299,479303,4,1
479298,479299,479303,4,1
479298,479299,479303,4,1
479298,479299,479303,4,1
479298,479299,479303,4,1
479298,479299,479303,4,1
479298,479299,479305,6,1
479298,479302,479304,2,4
479298,479299,479305,6,1
479298,479302,479304,2,4
479298,479299,479304,5,1
479298,479299,479305,6,1
479298,479299,479305,6,1
479298,479299,479305,6,1
479298,479303,479306,3,5
479298,479303,479305,2,5
479298,479303,479306,3,5
479298,479303,479306,3,5
479298,479304,479307,3,6
479298,479299,479308,9,1
479298,479303,479307,4,5
479298,479304,479308,4,6
479298,479304,479307,3,6
479298,479305,479308,3,7
479298,479299,479309,10,1
479298,479305,479309,4,7
479298,479305,479308,3,7
479298,479305,479308,3,7
479298,479305,479308,3,7
479298,479306,479309,3,8
479298,479299,479309,10,1
479298,479304,479309,5,6
479298,479304,479309,5,6
479298,479299,479309,10,1
479298,479305,479309,4,7
479298,479305,479310,5,7
479298,479306,479309,3,8
479298,479306,479309,3,8
479298,479299,479310,11,1
479298,479307,479310,3,9
479298,479304,479310,6,6
479298,479307,479310,3,9
479298,479307,479311,4,9
479298,479299,479311,12,1
479298,479308,479311,3,10
479298,479309,479312,3,11
479298,479308,479311,3,10
479298,479308,479311,3,10
479298,479299,479312,13,1
479298,479309,479313,4,11
479298,479309,479313,4,11
479298,479309,479312,3,11
479298,479309,479312,3,11
479298,479299,479313,14,1
479298,479308,479313,5,10
479298,479309,479316,7,11
479298,479299,479308,9,1
479298,479310,479316,6,12
479298,479310,479316,6,12
479298,479299,479322,23,1
479298,479308,479325,17,10
479298,479299,479333,34,1
479298,479339,479342,3,41
478618,478646,479638,992,28
479639,479639,479642,3,0
479639,479639,479642,3,0
479639,479639,479642,3,0
479639,479639,479643,4,0
479639,479639,479643,4,0
479639,479639,479644,5,0
479639,479639,479644,5,0
479639,479639,479645,6,0
479639,479639,479645,6,0
479639,479639,479645,6,0
479639,479642,479645,3,3
479639,479639,479645,6,0
479639,479639,479646,7,0
479639,479639,479646,7,0
479639,479642,479646,4,3
479639,479642,479645,3,3
479639,479639,479647,8,0
479639,479639,479647,8,0
479639,479639,479647,8,0
479639,479643,479647,4,4
479639,479639,479647,8,0
479639,479639,479648,9,0
479639,479639,479648,9,0
479639,479639,479648,9,0
479639,479645,479648,3,6
479639,479645,479648,3,6
479639,479639,479649,10,0
479639,479645,479649,4,6
479639,479644,479650,6,5
479639,479644,479650,6,5
479639,479647,479650,3,8
479639,479645,479650,5,6
479639,479646,479650,4,7
479639,479647,479650,3,8
479639,479645,479651,6,6
479639,479644,479651,7,5
479639,479647,479651,4,8
479639,479647,479652,5,8
479639,479649,479652,3,10
479639,479650,479652,2,11
479639,479649,479652,3,10
479639,479647,479653,6,8
479639,479639,479652,13,0
479639,479648,479653,5,9
479639,479651,479654,3,12
479639,479651,479653,2,12
479639,479646,479653,7,7
479639,479649,479654,5,10
479639,479647,479654,7,8
479639,479651,479654,3,12
479639,479650,479655,5,11
479639,479653,479655,2,14
479639,479646,479655,9,7
479639,479652,479655,3,13
479639,479653,479655,2,14
479639,479653,479656,3,14
479639,479653,479655,2,14
479639,479651,479656,5,12
479639,479651,479656,5,12
479639,479654,479656,2,15
479639,479650,479656,6,11
479639,479639,479656,17,0
479639,479653,479658,5,14
479639,479652,479658,6,13
479639,479648,479659,11,9
479639,479639,479662,23,0
479639,479639,479662,23,0
479639,479648,479662,14,9
479639,479654,479666,12,15
479618,479619,479666,47,1
479639,479653,479667,14,14
478720,478732,479717,985,12
479719,479719,479722,3,0
479719,479719,479722,3,0
479719,479719,479722,3,0
479719,479719,479725,6,0
479719,479719,479724,5,0
479719,479719,479724,5,0
479719,479719,479724,5,0
479719,479719,479725,6,0
478152,478234,479726,1492,82
479719,479722,479725,3,3
479719,479719,479725,6,0
479719,479719,479726,7,0
479719,479719,479726,7,0
479719,479722,479726,4,3
479719,479723,479726,3,4
479719,479719,479727,8,0
479719,479719,479726,7,0
479719,479719,479727,8,0
479719,479719,479726,7,0
479719,479719,479727,8,0
479719,479725,479728,3,6
479719,479719,479729,10,0
479719,479725,479728,3,6
479719,479725,479730,5,6
479719,479725,479729,4,6
479719,479719,479729,10,0
479719,479726,479730,4,7
479719,479726,479730,4,7
479719,479726,479730,4,7
479719,479726,479731,5,7
479719,479725,479730,5,6
479719,479727,479731,4,8
479719,479728,479731,3,9
479719,479726,479731,5,7
479719,479726,479731,5,7
479719,479719,479729,10,0
479719,479719,479729,10,0
479719,479727,479732,5,8
479719,479726,479732,6,7
479719,479727,479732,5,8
479719,479727,479732,5,8
479719,479729,479733,4,10
479719,479730,479734,4,11
479719,479730,479734,4,11
479719,479730,479734,4,11
479719,479731,479734,3,12
479719,479719,479729,10,0
479719,479719,479730,11,0
479719,479732,479735,3,13
479719,479731,479735,4,12
478140,478156,479735,1579,16
479719,479730,479735,5,11
479719,479730,479736,6,11
479719,479731,479736,5,12
479719,479733,479735,2,14
479719,479731,479737,6,12
479719,479732,479737,5,13
479719,479734,479737,3,15
479719,479731,479737,6,12
479719,479733,479738,5,14
479719,479733,479737,4,14
479719,479734,479738,4,15
479719,479735,479738,3,16
479719,479719,479738,19,0
479719,479732,479739,7,13
479719,479727,479740,13,8
479727,479736,479740,4,9
479727,479738,479740,2,11
479727,479735,479741,6,8
479727,479735,479741,6,8
479727,479737,479741,4,10
479719,479729,479739,10,10
479719,479719,479740,21,0
479727,479736,479742,6,9
479727,479737,479742,5,10
479727,479739,479743,4,12
479727,479739,479742,3,12
479727,479739,479742,3,12
479719,479719,479743,24,0
479719,479730,479743,13,11
479727,479736,479743,7,9
479727,479737,479743,6,10
479727,479736,479744,8,9
479727,479740,479744,4,13
479727,479738,479744,6,11
479727,479741,479744,3,14
479727,479740,479745,5,13
479727,479742,479745,3,15
479727,479742,479745,3,15
479727,479741,479746,5,14
479727,479743,479746,3,16
479727,479743,479746,3,16
479727,479743,479747,4,16
479719,479731,479747,16,12
479727,479742,479747,5,15
479727,479744,479747,3,17
479727,479736,479747,11,9
479727,479744,479748,4,17
479727,479743,479748,5,16
479727,479746,479748,2,19
479727,479746,479748,2,19
479727,479735,479744,9,8
479727,479743,479748,5,16
479727,479747,479749,2,20
479727,479746,479749,3,19
479727,479745,479750,5,18
479719,479731,479743,12,12
479727,479742,479750,8,15
479727,479745,479750,5,18
479727,479747,479751,4,20
479727,479747,479750,3,20
479727,479747,479750,3,20
479727,479749,479752,3,22
479727,479748,479753,5,21
479727,479748,479752,4,21
479727,479744,479753,9,17
479727,479748,479753,5,21
479727,479749,479754,5,22
479727,479750,479754,4,23
479727,479743,479754,11,16
479727,479750,479754,4,23
479727,479749,479754,5,22
479727,479751,479754,3,24
479727,479751,479754,3,24
479727,479751,479754,3,24
479727,479748,479755,7,21
478179,478260,479755,1495,81
479727,479750,479756,6,23
479727,479751,479755,4,24
479727,479735,479751,16,8
479727,479753,479756,3,26
479727,479742,479753,11,15
479727,479740,479756,16,13
479727,479750,479756,6,23
479727,479747,479757,10,20
479727,479749,479757,8,22
479739,479755,479758,3,16
479739,479754,479759,5,15
479727,479753,479758,5,26
479739,479755,479759,4,16
479727,479753,479758,5,26
479739,479755,479759,4,16
479739,479755,479760,5,16
479739,479757,479761,4,18
479727,479739,479760,21,12
479739,479756,479761,5,17
479739,479758,479761,3,19
479739,479758,479761,3,19
479739,479756,479761,5,17
479739,479755,479762,7,16
479739,479754,479762,8,15
479727,479743,479762,19,16
479727,479749,479763,14,22
479727,479751,479762,11,24
479739,479757,479762,5,18
479739,479759,479762,3,20
479739,479758,479762,4,19
479739,479760,479763,3,21
479739,479759,479763,4,20
479739,479761,479764,3,22
479739,479755,479764,9,16
479739,479761,479764,3,22
479739,479761,479765,4,22
479739,479759,479765,6,20
479727,479754,479766,12,27
479739,479761,479765,4,22
479739,479762,479765,3,23
479739,479759,479765,6,20
479739,479763,479767,4,24
479739,479763,479767,4,24
479739,479762,479767,5,23
479739,479758,479767,9,19
479739,479761,479768,7,22
479739,479763,479768,5,24
479739,479765,479768,3,26
479739,479763,479768,5,24
479739,479762,479768,6,23
479739,479765,479768,3,26
479739,479765,479770,5,26
479739,479766,479770,4,27
479739,479766,479769,3,27
479739,479765,479769,4,26
479739,479767,479771,4,28
479739,479767,479771,4,28
479739,479763,479772,9,24
479739,479763,479772,9,24
479739,479767,479772,5,28
479739,479769,479773,4,30
479739,479763,479773,10,24
479739,479765,479772,7,26
479739,479769,479773,4,30
479739,479769,479773,4,30
479739,479768,479773,5,29
479739,479763,479773,10,24
479739,479769,479775,6,30
479739,479770,479774,4,31
479739,479771,479774,3,32
479739,479771,479775,4,32
479739,479770,479775,5,31
479739,479770,479776,6,31
479739,479769,479776,7,30
479739,479763,479771,8,24
479739,479768,479778,10,29
479739,479758,479779,21,19
479739,479773,479779,6,34
479739,479770,479782,12,31
479739,479772,479783,11,33
479739,479772,479783,11,33
479739,479758,479783,25,19
479739,479768,479783,15,29
479739,479766,479797,31,27
479739,479756,479800,44,17
479739,479755,479800,45,16
479758,479759,479806,47,1
478875,478898,479863,965,23
479862,479862,479866,4,0
479862,479863,479866,3,1
479862,479862,479867,5,0
479862,479862,479867,5,0
479862,479862,479867,5,0
479862,479862,479867,5,0
479862,479862,479867,5,0
479862,479862,479867,5,0
479862,479862,479867,5,0
479862,479862,479868,6,0
479862,479862,479868,6,0
479862,479862,479868,6,0
479862,479862,479867,5,0
479862,479862,479868,6,0
479862,479867,479870,3,5
479862,479867,479870,3,5
479862,479866,479870,4,4
479862,479868,479870,2,6
479862,479862,479870,8,0
479862,479866,479871,5,4
479862,479868,479871,3,6
479862,479868,479871,3,6
479862,479868,479872,4,6
479862,479867,479872,5,5
479862,479867,479872,5,5
479862,479868,479872,4,6
479862,479869,479873,4,7
479862,479870,479873,3,8
479862,479870,479873,3,8
479862,479871,479874,3,9
479862,479862,479871,9,0
479862,479871,479874,3,9
479862,479862,479874,12,0
479862,479862,479875,13,0
479862,479862,479875,13,0
479862,479862,479875,13,0
479862,479872,479875,3,10
479862,479873,479875,2,11
479862,479862,479876,14,0
479862,479869,479875,6,7
479862,479873,479876,3,11
479862,479871,479876,5,9
479862,479872,479876,4,10
479862,479873,479876,3,11
479862,479872,479877,5,10
479862,479874,479877,3,12
479862,479874,479877,3,12
479862,479872,479877,5,10
479862,479872,479878,6,10
479862,479875,479879,4,13
479862,479876,479878,2,14
479862,479876,479879,3,14
479862,479862,479879,17,0
479862,479862,479879,17,0
479862,479876,479879,3,14
479862,479877,479879,2,15
479862,479877,479879,2,15
479862,479871,479874,3,9
479862,479862,479880,18,0
479862,479877,479882,5,15
479862,479862,479881,19,0
479862,479869,479878,9,7
479862,479875,479884,9,13
479862,479875,479885,10,13
479862,479876,479887,11,14
479862,479862,479888,26,0
479862,479875,479889,14,13
479862,479876,479890,14,14
479862,479875,479892,17,13
479862,479874,479902,28,12
479922,479922,479924,2,0
479922,479922,479927,5,0
479922,479922,479927,5,0
479922,479922,479927,5,0
479922,479922,479927,5,0
479922,479922,479927,5,0
479922,479922,479928,6,0
479922,479922,479928,6,0
479922,479925,479928,3,3
479922,479922,479929,7,0
479922,479922,479928,6,0
479922,479922,479929,7,0
479922,479922,479930,8,0
479922,479928,479930,2,6
479922,479928,479931,3,6
479922,479922,479931,9,0
479922,479922,479931,9,0
479922,479927,479931,4,5
479922,479927,479932,5,5
479922,479928,479931,3,6
479922,479929,479932,3,7
479922,479929,479932,3,7
479922,479928,479933,5,6
479922,479928,479933,5,6
479922,479922,479934,12,0
479922,479930,479933,3,8
479922,479930,479934,4,8
479922,479922,479935,13,0
479922,479931,479934,3,9
479922,479931,479935,4,9
479922,479922,479932,10,0
479922,479922,479932,10,0
479922,479922,479935,13,0
479922,479932,479936,4,10
479922,479932,479936,4,10
479922,479933,479937,4,11
479922,479933,479937,4,11
479922,479934,479937,3,12
479922,479922,479933,11,0
479922,479935,479938,3,13
479922,479932,479937,5,10
479922,479934,479937,3,12
479922,479928,479936,8,6
479922,479934,479938,4,12
479922,479934,479938,4,12
479922,479922,479939,17,0
479922,479935,479939,4,13
479922,479937,479940,3,15
479922,479936,479940,4,14
479922,479937,479940,3,15
479922,479938,479941,3,16
479922,479937,479941,4,15
479922,479937,479941,4,15
479922,479938,479941,3,16
479922,479938,479943,5,16
479922,479938,479944,6,16
479922,479939,479945,6,17
479922,479939,479945,6,17
479922,479934,479946,12,12
479922,479922,479941,19,0
479922,479936,479947,11,14
479922,479935,479945,10,13
479922,479935,479947,12,13
479922,479922,479950,28,0
479941,479941,479953,12,0
479922,479932,479956,24,10
479922,479932,479957,25,10
479922,479938,479957,19,16
479922,479922,479957,35,0
479922,479935,479958,23,13
478413,478431,479958,1527,18
479922,479922,479959,37,0
478980,479004,479974,970,24
479998,479998,480001,3,0
479998,479998,480001,3,0
479998,479998,480001,3,0
479998,479998,480002,4,0
479998,479998,480002,4,0
479998,479998,480003,5,0
479998,479998,480002,4,0
479998,479998,480004,6,0
479998,479998,480003,5,0
479998,479998,480003,5,0
479998,479998,480004,6,0
479998,479998,480005,7,0
479998,479998,480005,7,0
479998,479998,480006,8,0
479998,480003,480006,3,5
479998,480003,480006,3,5
479998,480002,480005,3,4
479998,480002,480005,3,4
479998,480002,480005,3,4
479998,479998,480004,6,0
479998,480003,480006,3,5
479998,479998,480006,8,0
479998,479998,480008,10,0
479998,479998,480008,10,0
479998,480005,480008,3,7
479998,480004,480007,3,6
479998,480004,480007,3,6
479998,479998,480009,11,0
479998,479998,480008,10,0
479998,480006,480009,3,8
479998,480004,480009,5,6
479998,480006,480009,3,8
479998,480006,480009,3,8
479998,480003,480009,6,5
479998,480006,480009,3,8
479998,480006,480009,3,8
479998,480007,480010,3,9
479998,480006,480010,4,8
479998,479998,480010,12,0
479998,480005,480010,5,7
479998,480008,480011,3,10
479998,479998,480008,10,0
479998,479998,480008,10,0
479998,479998,480011,13,0
479998,480009,480012,3,11
479998,480005,480011,6,7
479998,480008,480012,4,10
479998,480009,480012,3,11
479998,480008,480012,4,10
479998,480010,480013,3,12
479998,480009,480012,3,11
479998,480010,480013,3,12
479998,480010,480014,4,12
479998,480011,480014,3,13
479998,480009,480014,5,11
479998,480009,480015,6,11
479998,480013,480016,3,15
479998,480010,480016,6,12
479998,480011,480016,5,13
479998,480013,480017,4,15
479998,480014,480017,3,16
479998,480012,480017,5,14
479998,480013,480017,4,15
479998,480014,480017,3,16
479998,480012,480018,6,14
479998,480012,480019,7,14
479998,480015,480020,5,17
479998,480012,480019,7,14
479998,480015,480020,5,17
479998,480016,480020,4,18
479998,480018,480021,3,20
479998,480017,480021,4,19
479998,480018,480021,3,20
479998,480007,480021,14,9
479998,480019,480022,3,21
479998,480017,480022,5,19
479998,480017,480022,5,19
479998,480017,480022,5,19
479998,480018,480022,4,20
479998,480012,480023,11,14
479998,479998,480022,24,0
479998,480012,480023,11,14
479998,480008,480024,16,10
479998,480020,480024,4,22
479998,480021,480024,3,23
479998,480006,480025,19,8
479998,480022,480025,3,24
479998,480022,480026,4,24
479998,480008,480026,18,10
479998,480009,480026,17,11
479998,480020,480026,6,22
479998,480021,480026,5,23
479998,480017,480026,9,19
479998,480020,480026,6,22
479998,480022,480026,4,24
479998,480022,480026,4,24
479998,480009,480027,18,11
479998,480012,480027,15,14
479998,480022,480027,5,24
479998,480022,480027,5,24
479998,480022,480027,5,24
479998,480025,480028,3,27
479998,480012,480025,13,14
479998,480022,480027,5,24
479998,480025,480029,4,27
479998,480024,480029,5,26
479998,480026,480029,3,28
479998,480027,480030,3,29
479998,480026,480029,3,28
479998,480027,480030,3,29
479998,480028,480031,3,30
479998,480028,480031,3,30
479998,480023,480031,8,25
479998,480024,480031,7,26
479998,480029,480031,2,31
479998,480026,480032,6,28
479998,480029,480032,3,31
479998,480027,480033,6,29
479998,480026,480033,7,28
479998,480026,480033,7,28
479998,480029,480033,4,31
479998,480029,480033,4,31
479998,480030,480033,3,32
479998,480030,480033,3,32
479998,480030,480034,4,32
479998,480029,480033,4,31
479998,479998,480034,36,0
479998,480027,480034,7,29
479998,480024,480030,6,26
479998,480026,480031,5,28
479998,480011,480036,25,13
479998,480032,480036,4,34
479998,480032,480036,4,34
479998,480029,480037,8,31
479998,480023,480037,14,25
479998,480032,480039,7,34
478527,478541,480040,1499,14
479998,480026,480040,14,28
479998,480032,480041,9,34
479998,480027,480042,15,29
479998,480025,480050,25,27
478562,478576,480062,1486,14
480055,480055,480084,29,0
479133,479142,480113,971,9
480138,480138,480141,3,0
480138,480138,480141,3,0
480138,480138,480141,3,0
480138,480138,480142,4,0
480138,480138,480143,5,0
480138,480138,480142,4,0
480138,480141,480143,2,3
480138,480138,480143,5,0
480138,480138,480143,5,0
480138,480138,480143,5,0
480138,480138,480144,6,0
480138,480138,480143,5,0
480138,480138,480144,6,0
480138,480138,480146,8,0
480138,480138,480146,8,0
480138,480143,480146,3,5
480138,480142,480145,3,4
480138,480142,480145,3,4
480138,480138,480147,9,0
480138,480138,480147,9,0
480138,480144,480146,2,6
480138,480138,480146,8,0
480138,480138,480146,8,0
480138,480138,480146,8,0
480138,480138,480147,9,0
480138,480144,480147,3,6
480138,480143,480146,3,5
480138,480144,480147,3,6
480138,480138,480147,9,0
480138,480143,480148,5,5
480138,480144,480147,3,6
480138,480144,480147,3,6
480138,480138,480148,10,0
480138,480138,480149,11,0
480138,480138,480149,11,0
480138,480147,480150,3,9
480138,480144,480149,5,6
480138,480138,480150,12,0
480138,480146,480149,3,8
480138,480146,480150,4,8
480138,480146,480150,4,8
480138,480146,480151,5,8
480138,480138,480150,12,0
480138,480138,480150,12,0
480138,480145,480150,5,7
480138,480147,480150,3,9
480138,480148,480151,3,10
480138,480147,480151,4,9
480138,480147,480150,3,9
480138,480146,480151,5,8
480138,480150,480153,3,12
480138,480151,480154,3,13
480138,480148,480154,6,10
480138,480148,480153,5,10
480138,480150,480154,4,12
480138,480150,480153,3,12
480138,480151,480154,3,13
480138,480151,480155,4,13
480138,480138,480151,13,0
480138,480147,480155,8,9
480138,480147,480156,9,9
480138,480150,480155,5,12
480138,480151,480155,4,13
480138,480153,480156,3,15
480138,480151,480157,6,13
480138,480151,480156,5,13
480138,480152,480158,6,14
480138,480154,480158,4,16
480138,480154,480157,3,16
480138,480154,480157,3,16
480138,480154,480157,3,16
480138,480154,480158,4,16
480138,480155,480160,5,17
480138,480157,480159,2,19
480138,480156,480160,4,18
480138,480147,480160,13,9
480138,480158,480161,3,20
480138,480154,480160,6,16
480138,480156,480161,5,18
480138,480157,480161,4,19
480138,480147,480161,14,9
480138,480157,480161,4,19
480138,480158,480162,4,20
480138,480158,480162,4,20
480138,480158,480162,4,20
480138,480158,480162,4,20
480138,480150,480163,13,12
480138,480150,480162,12,12
480138,480160,480163,3,22
480138,480149,480159,10,11
480138,480160,480163,3,22
480138,480160,480164,4,22
480138,480156,480164,8,18
480138,480161,480165,4,23
480138,480159,480165,6,21
480138,480161,480165,4,23
480138,480155,480165,10,17
480138,480163,480165,2,25
480138,480161,480166,5,23
480138,480162,480165,3,24
480138,480162,480166,4,24
480138,480162,480166,4,24
480138,480162,480166,4,24
480138,480164,480167,3,26
480138,480147,480165,18,9
480138,480156,480166,10,18
480138,480161,480168,7,23
480138,480165,480168,3,27
480138,480163,480168,5,25
480138,480150,480169,19,12
480138,480166,480168,2,28
480138,480165,480168,3,27
480138,480165,480169,4,27
480138,480167,480169,2,29
479192,479200,480170,970,8
480138,480166,480170,4,28
480138,480166,480170,4,28
480138,480167,480170,3,29
480138,480162,480171,9,24
480138,480151,480171,20,13
480138,480165,480171,6,27
480138,480169,480171,2,31
480138,480168,480172,4,30
480138,480166,480172,6,28
480138,480169,480172,3,31
480138,480161,480172,11,23
480138,480163,480173,10,25
480138,480163,480173,10,25
480138,480166,480171,5,28
480138,480169,480173,4,31
480138,480168,480173,5,30
480138,480169,480174,5,31
480138,480164,480171,7,26
480138,480169,480176,7,31
480138,480147,480174,27,9
480138,480151,480178,27,13
480138,480151,480179,28,13
480138,480168,480178,10,30
480138,480168,480180,12,30
480138,480165,480181,16,27
480138,480148,480186,38,10
480252,480252,480254,2,0
480252,480252,480254,2,0
480252,480252,480254,2,0
480252,480252,480255,3,0
480252,480252,480256,4,0
480252,480252,480256,4,0
480252,480252,480255,3,0
480252,480252,480256,4,0
480252,480252,480256,4,0
480252,480252,480256,4,0
480252,480252,480257,5,0
480252,480252,480257,5,0
480252,480255,480258,3,3
480252,480255,480258,3,3
480252,480252,480258,6,0
480252,480252,480258,6,0
480252,480255,480258,3,3
480252,480252,480258,6,0
480252,480252,480259,7,0
480252,480256,480259,3,4
480252,480252,480259,7,0
480252,480256,480259,3,4
480252,480256,480259,3,4
480252,480257,480260,3,5
480252,480257,480260,3,5
480252,480258,480261,3,6
480252,480258,480261,3,6
480252,480258,480261,3,6
480252,480256,480261,5,4
480252,480258,480260,2,6
480252,480252,480262,10,0
480252,480259,480262,3,7
480252,480258,480261,3,6
480252,480252,480262,10,0
480252,480257,480262,5,5
480252,480258,480263,5,6
480252,480260,480263,3,8
480252,480252,480263,11,0
480252,480252,480264,12,0
480252,480252,480264,12,0
480252,480260,480263,3,8
480252,480260,480263,3,8
480252,480260,480263,3,8
480252,480258,480264,6,6
480252,480252,480260,8,0
480252,480252,480264,12,0
480252,480261,480264,3,9
480252,480261,480265,4,9
480252,480261,480264,3,9
480252,480262,480265,3,10
480252,480261,480264,3,9
480252,480252,480261,9,0
480252,480262,480265,3,10
480252,480252,480267,15,0
480252,480260,480267,7,8
480252,480261,480266,5,9
480252,480263,480266,3,11
480252,480263,480267,4,11
480252,480263,480267,4,11
480252,480264,480267,3,12
480252,480252,480265,13,0
480252,480259,480267,8,7
480252,480262,480267,5,10
480252,480259,480269,10,7
480252,480252,480269,17,0
480252,480252,480272,20,0
480252,480264,480273,9,12
480252,480264,480273,9,12
480252,480263,480277,14,11
480252,480264,480278,14,12
480312,480312,480316,4,0
480312,480312,480315,3,0
480312,480312,480316,4,0
480312,480312,480316,4,0
480312,480312,480317,5,0
480312,480312,480316,4,0
480312,480312,480317,5,0
479354,479354,480317,963,0
480312,480312,480318,6,0
480312,480312,480317,5,0
480312,480312,480318,6,0
480312,480316,480319,3,4
480312,480312,480318,6,0
480312,480316,480319,3,4
480312,480316,480319,3,4
480312,480312,480320,8,0
480312,480312,480321,9,0
480312,480317,480320,3,5
480312,480317,480320,3,5
480312,480318,480321,3,6
480312,480312,480321,9,0
480312,480319,480321,2,7
480312,480318,480321,3,6
480312,480318,480322,4,6
480312,480312,480319,7,0
480312,480312,480320,8,0
480312,480312,480323,11,0
480312,480312,480323,11,0
480312,480320,480323,3,8
480312,480317,480322,5,5
480312,480317,480322,5,5
480312,480320,480323,3,8
480312,480319,480324,5,7
480312,480322,480324,2,10
480312,480312,480322,10,0
480312,480319,480324,5,7
480312,480312,480324,12,0
480312,480312,480324,12,0
480312,480321,480324,3,9
480312,480322,480325,3,10
480312,480321,480324,3,9
480312,480312,480325,13,0
480312,480312,480325,13,0
480312,480321,480326,5,9
480312,480321,480325,4,9
480312,480322,480325,3,10
480312,480323,480326,3,11
480312,480322,480326,4,10
480312,480323,480326,3,11
480312,480312,480327,15,0
480312,480325,480328,3,13
480312,480312,480327,15,0
480312,480323,480328,5,11
480312,480312,480324,12,0
480312,480312,480328,16,0
480312,480325,480328,3,13
480312,480323,480328,5,11
480312,480325,480328,3,13
480312,480325,480328,3,13
480312,480323,480329,6,11
480312,480324,480329,5,12
480312,480312,480328,16,0
480312,480325,480330,5,13
480312,480323,480331,8,11
480312,480323,480331,8,11
480312,480322,480331,9,10
480312,480325,480330,5,13
480312,480325,480331,6,13
480312,480326,480335,9,14
480312,480325,480337,12,13
480312,480325,480358,33,13
480370,480370,480372,2,0
480370,480371,480373,2,1
480370,480370,480373,3,0
480370,480370,480375,5,0
480363,480363,480375,12,0
480370,480370,480376,6,0
480370,480371,480376,5,1
480370,480373,480376,3,3
480370,480374,480376,2,4
480370,480374,480376,2,4
480370,480371,480377,6,1
480370,480371,480377,6,1
480370,480370,480377,7,0
480370,480375,480377,2,5
480370,480371,480378,7,1
480370,480371,480378,7,1
480370,480371,480378,7,1
480370,480371,480378,7,1
480370,480370,480379,9,0
480370,480371,480379,8,1
480370,480371,480379,8,1
480370,480371,480379,8,1
480370,480371,480380,9,1
480370,480371,480379,8,1
480370,480371,480379,8,1
480370,480377,480379,2,7
480370,480377,480380,3,7
480370,480371,480380,9,1
480370,480377,480380,3,7
480370,480378,480380,2,8
480370,480371,480380,9,1
480370,480378,480380,2,8
480370,480377,480381,4,7
480370,480378,480381,3,8
480370,480378,480381,3,8
480370,480379,480381,2,9
480370,480371,480381,10,1
480370,480377,480382,5,7
480370,480379,480382,3,9
480370,480379,480382,3,9
480370,480379,480382,3,9
480370,480380,480383,3,10
480370,480381,480384,3,11
480370,480381,480384,3,11
480370,480381,480385,4,11
479404,479404,480385,981,0
480370,480381,480385,4,11
480370,480383,480385,2,13
480370,480380,480386,6,10
480370,480382,480386,4,12
480370,480382,480385,3,12
480370,480382,480385,3,12
480370,480383,480385,2,13
480370,480379,480386,7,9
479408,479408,480386,978,0
480370,480383,480386,3,13
480370,480383,480386,3,13
480370,480382,480386,4,12
480370,480384,480386,2,14
480370,480371,480387,16,1
480370,480380,480387,7,10
480370,480380,480387,7,10
480370,480383,480388,5,13
480370,480371,480390,19,1
480370,480380,480389,9,10
480370,480380,480391,11,10
480370,480380,480392,12,10
480370,480381,480393,12,11
480370,480382,480392,10,12
480370,480381,480393,12,11
480370,480388,480402,14,18
480370,480388,480403,15,18
479402,479402,480404,1002,0
480370,480388,480405,17,18
479406,479406,480408,1002,0
479401,479401,480409,1008,0
480437,480438,480440,2,1
480437,480438,480440,2,1
480437,480438,480440,2,1
480437,480438,480440,2,1
480437,480438,480440,2,1
480437,480438,480441,3,1
480437,480438,480442,4,1
480437,480438,480442,4,1
480437,480438,480442,4,1
480437,480438,480443,5,1
480437,480441,480443,2,4
480437,480437,480444,7,0
480437,480437,480444,7,0
480437,480441,480444,3,4
480437,480438,480444,6,1
480437,480438,480444,6,1
480437,480438,480444,6,1
480437,480441,480444,3,4
480437,480441,480444,3,4
480437,480438,480445,7,1
480437,480442,480445,3,5
480437,480438,480445,7,1
480437,480438,480445,7,1
480437,480438,480445,7,1
480437,480437,480445,8,0
480437,480441,480445,4,4
480437,480438,480445,7,1
480437,480443,480446,3,6
480437,480438,480447,9,1
480437,480438,480448,10,1
480437,480438,480447,9,1
480437,480445,480447,2,8
480437,480444,480447,3,7
480437,480443,480447,4,6
480437,480444,480447,3,7
480437,480438,480449,11,1
480437,480445,480448,3,8
480437,480446,480449,3,9
480437,480445,480448,3,8
480437,480445,480448,3,8
480437,480445,480448,3,8
480437,480446,480449,3,9
480437,480445,480449,4,8
480437,480438,480449,11,1
480437,480442,480449,7,5
480437,480446,480449,3,9
480437,480446,480449,3,9
480437,480446,480450,4,9
480437,480448,480450,2,11
480437,480445,480451,6,8
480437,480447,480451,4,10
480437,480448,480451,3,11
480437,480448,480451,3,11
480437,480449,480451,2,12
480437,480446,480451,5,9
480437,480446,480452,6,9
480437,480448,480451,3,11
480437,480449,480452,3,12
480437,480438,480452,14,1
480437,480438,480448,10,1
480438,480450,480453,3,12
480438,480450,480454,4,12
480437,480438,480454,16,1
480437,480438,480454,16,1
480437,480445,480454,9,8
480437,480446,480454,8,9
480438,480451,480454,3,13
480438,480452,480455,3,14
480438,480449,480455,6,11
480438,480449,480454,5,11
480438,480451,480454,3,13
480438,480450,480454,4,12
480438,480451,480454,3,13
480438,480452,480456,4,14
480438,480449,480456,7,11
480438,480451,480455,4,13
480438,480452,480455,3,14
480438,480449,480455,6,11
480438,480452,480455,3,14
480437,480448,480455,7,11
480438,480451,480457,6,13
480438,480452,480456,4,14
480438,480454,480457,3,16
480438,480454,480458,4,16
480437,480438,480455,17,1
480437,480449,480459,10,12
480438,480455,480458,3,17
480438,480455,480458,3,17
480438,480455,480458,3,17
480438,480455,480459,4,17
480438,480455,480459,4,17
480438,480456,480459,3,18
480438,480456,480459,3,18
480438,480455,480459,4,17
480438,480455,480459,4,17
480438,480456,480459,3,18
480438,480456,480459,3,18
480438,480456,480459,3,18
480437,480448,480456,8,11
480437,480448,480459,11,11
480438,480456,480460,4,18
480437,480438,480456,18,1
480438,480450,480461,11,12
480438,480459,480462,3,21
480438,480458,480462,4,20
480438,480458,480462,4,20
480438,480459,480462,3,21
480438,480455,480462,7,17
480438,480459,480462,3,21
480438,480457,480462,5,19
480438,480457,480462,5,19
480438,480459,480463,4,21
480438,480459,480463,4,21
480438,480459,480463,4,21
480438,480459,480463,4,21
480438,480459,480463,4,21
480438,480459,480463,4,21
480438,480450,480463,13,12
480438,480450,480463,13,12
480438,480453,480463,10,15
480438,480455,480463,8,17
480438,480460,480463,3,22
480438,480460,480463,3,22
480438,480455,480465,10,17
480438,480462,480464,2,24
480438,480455,480465,10,17
480438,480460,480464,4,22
480438,480462,480465,3,24
480438,480461,480466,5,23
480438,480462,480466,4,24
480438,480462,480466,4,24
480438,480459,480466,7,21
480438,480461,480466,5,23
480438,480461,480466,5,23
480438,480463,480467,4,25
480438,480463,480468,5,25
480438,480465,480468,3,27
480438,480464,480467,3,26
480438,480463,480468,5,25
480438,480465,480468,3,27
480438,480463,480468,5,25
480438,480464,480468,4,26
480438,480462,480468,6,24
480438,480463,480468,5,25
480438,480463,480469,6,25
480438,480465,480469,4,27
480438,480463,480469,6,25
480438,480461,480470,9,23
480438,480466,480470,4,28
480438,480466,480470,4,28
480438,480467,480470,3,29
480438,480461,480470,9,23
480438,480468,480471,3,30
480438,480468,480470,2,30
480438,480468,480471,3,30
480438,480468,480472,4,30
480438,480469,480472,3,31
480438,480463,480472,9,25
480438,480468,480472,4,30
480438,480468,480472,4,30
480438,480464,480472,8,26
480438,480464,480473,9,26
480438,480464,480472,8,26
480438,480465,480472,7,27
480438,480469,480473,4,31
480438,480467,480473,6,29
480438,480468,480473,5,30
480438,480469,480473,4,31
480438,480470,480473,3,32
480438,480464,480474,10,26
480438,480462,480474,12,24
480438,480463,480474,11,25
480438,480467,480475,8,29
480438,480471,480474,3,33
480438,480471,480475,4,33
480438,480453,480471,18,15
480438,480456,480474,18,18
480438,480470,480475,5,32
480438,480471,480475,4,33
480438,480471,480475,4,33
480438,480472,480475,3,34
480438,480469,480476,7,31
480438,480472,480476,4,34
480438,480472,480476,4,34
480438,480473,480476,3,35
480438,480473,480476,3,35
480438,480467,480475,8,29
480438,480465,480476,11,27
480438,480466,480476,10,28
480438,480473,480477,4,35
480438,480472,480477,5,34
480438,480474,480477,3,36
480438,480474,480477,3,36
480438,480474,480477,3,36
480438,480475,480477,2,37
480438,480475,480478,3,37
480438,480473,480478,5,35
480438,480473,480478,5,35
480438,480473,480479,6,35
480438,480476,480479,3,38
480438,480475,480480,5,37
480438,480473,480481,8,35
480438,480473,480481,8,35
480438,480474,480482,8,36
480438,480474,480482,8,36
480438,480475,480483,8,37
480438,480475,480487,12,37
480438,480470,480489,19,32
480438,480471,480493,22,33
480438,480475,480493,18,37
480512,480512,480524,12,0
480565,480565,480568,3,0
480565,480565,480568,3,0
480565,480565,480568,3,0
480565,480565,480569,4,0
480565,480565,480568,3,0
480565,480565,480570,5,0
480565,480565,480571,6,0
480565,480565,480570,5,0
480565,480565,480571,6,0
480565,480565,480570,5,0
480565,480565,480571,6,0
480565,480568,480571,3,3
480565,480565,480571,6,0
480565,480565,480570,5,0
480565,480568,480571,3,3
480565,480565,480572,7,0
480565,480569,480572,3,4
480565,480565,480571,6,0
480565,480568,480571,3,3
480565,480565,480573,8,0
480565,480565,480572,7,0
480565,480569,480572,3,4
480565,480565,480574,9,0
480565,480565,480574,9,0
480565,480565,480574,9,0
480565,480565,480574,9,0
480565,480565,480574,9,0
480565,480571,480574,3,6
480565,480571,480574,3,6
480565,480571,480574,3,6
480565,480565,480575,10,0
480565,480565,480575,10,0
480565,480565,480575,10,0
480565,480565,480574,9,0
480565,480572,480575,3,7
480565,480571,480575,4,6
480565,480571,480575,4,6
480565,480565,480575,10,0
480565,480565,480576,11,0
480565,480570,480576,6,5
480565,480571,480576,5,6
480565,480573,480577,4,8
480565,480573,480576,3,8
480565,480573,480576,3,8
480565,480571,480577,6,6
480565,480572,480577,5,7
480565,480571,480577,6,6
480565,480565,480577,12,0
480565,480574,480577,3,9
480565,480573,480577,4,8
480565,480571,480577,6,6
480565,480575,480577,2,10
480565,480574,480577,3,9
480565,480574,480578,4,9
480565,480576,480578,2,11
480565,480576,480578,2,11
480565,480574,480579,5,9
480565,480576,480579,3,11
480565,480565,480577,12,0
480565,480565,480579,14,0
480565,480574,480580,6,9
480565,480574,480580,6,9
480565,480574,480581,7,9
480565,480575,480579,4,10
480565,480576,480584,8,11
480565,480576,480584,8,11
480565,480574,480585,11,9
480565,480575,480585,10,10
480565,480575,480591,16,10
480565,480575,480598,23,10
479640,479654,480627,973,14
480666,480666,480669,3,0
480666,480666,480669,3,0
480666,480666,480670,4,0
480666,480666,480670,4,0
480666,480666,480670,4,0
480666,480666,480669,3,0
480666,480666,480670,4,0
480666,480666,480671,5,0
480666,480666,480671,5,0
480666,480666,480671,5,0
480666,480666,480670,4,0
480666,480666,480671,5,0
480666,480666,480671,5,0
480666,480666,480672,6,0
480666,480666,480672,6,0
480666,480669,480672,3,3
480666,480666,480670,4,0
480666,480666,480672,6,0
480666,480666,480673,7,0
480666,480670,480673,3,4
480666,480666,480674,8,0
480666,480666,480674,8,0
480666,480666,480674,8,0
480666,480670,480674,4,4
480666,480666,480674,8,0
480666,480669,480674,5,3
480666,480670,480674,4,4
480666,480670,480673,3,4
480666,480671,480674,3,5
480666,480670,480674,4,4
480666,480671,480675,4,5
480666,480666,480676,10,0
480666,480666,480676,10,0
480666,480671,480676,5,5
480666,480672,480676,4,6
480666,480673,480676,3,7
480666,480673,480676,3,7
480666,480671,480676,5,5
480666,480666,480676,10,0
480666,480666,480677,11,0
480666,480673,480677,4,7
480666,480671,480677,6,5
480666,480671,480677,6,5
480666,480674,480677,3,8
480666,480673,480677,4,7
480666,480675,480677,2,9
480666,480673,480677,4,7
480666,480675,480677,2,9
480666,480675,480677,2,9
480666,480674,480678,4,8
480666,480674,480678,4,8
480666,480674,480678,4,8
480666,480676,480679,3,10
480666,480666,480679,13,0
480666,480677,480680,3,11
480666,480677,480680,3,11
480666,480677,480680,3,11
480666,480673,480681,8,7
480666,480674,480681,7,8
480666,480666,480681,15,0
480666,480676,480682,6,10
480666,480666,480679,13,0
480666,480666,480682,16,0
480666,480674,480683,9,8
480666,480677,480684,7,11
480666,480666,480679,13,0
480666,480676,480681,5,10
480666,480666,480686,20,0
480666,480674,480688,14,8
480666,480676,480695,19,10
480728,480728,480731,3,0
480728,480728,480731,3,0
480728,480728,480731,3,0
480728,480728,480731,3,0
480728,480728,480731,3,0
480728,480728,480732,4,0
480728,480728,480731,3,0
480728,480728,480733,5,0
480728,480728,480733,5,0
480728,480728,480733,5,0
480728,480728,480733,5,0
480728,480728,480733,5,0
480728,480728,480733,5,0
480728,480731,480733,2,3
480728,480728,480733,5,0
480728,480728,480733,5,0
480728,480728,480734,6,0
480728,480732,480735,3,4
480728,480728,480734,6,0
480728,480728,480735,7,0
480728,480728,480735,7,0
480728,480728,480735,7,0
480728,480728,480736,8,0
479720,479735,480736,1001,15
480728,480733,480736,3,5
480728,480732,480735,3,4
480728,480732,480735,3,4
480728,480732,480735,3,4
480728,480728,480736,8,0
480728,480732,480735,3,4
480728,480732,480735,3,4
480728,480728,480737,9,0
480728,480728,480737,9,0
480728,480728,480737,9,0
480728,480728,480736,8,0
480728,480728,480737,9,0
480728,480734,480737,3,6
480728,480733,480736,3,5
480728,480733,480737,4,5
480728,480735,480738,3,7
480728,480734,480737,3,6
480728,480734,480737,3,6
480728,480728,480738,10,0
480728,480735,480738,3,7
480728,480736,480738,2,8
480728,480735,480738,3,7
480728,480728,480739,11,0
480728,480734,480740,6,6
480728,480734,480739,5,6
480728,480734,480739,5,6
480728,480736,480739,3,8
480728,480736,480739,3,8
480728,480737,480739,2,9
480728,480736,480739,3,8
480728,480736,480739,3,8
480728,480737,480740,3,9
480728,480736,480740,4,8
480728,480736,480739,3,8
480728,480736,480739,3,8
480728,480736,480740,4,8
480728,480738,480743,5,10
480728,480737,480745,8,9
480728,480736,480746,10,8
480728,480737,480745,8,9
480728,480737,480746,9,9
480728,480737,480747,10,9
480728,480741,480748,7,13
480728,480741,480748,7,13
480728,480736,480746,10,8
480728,480736,480748,12,8
480728,480737,480750,13,9
480741,480741,480754,13,0
479740,479773,480761,988,33
479244,479253,480772,1519,9
480790,480790,480793,3,0
480790,480790,480792,2,0
480790,480790,480792,2,0
480790,480790,480793,3,0
480790,480790,480794,4,0
480790,480790,480794,4,0
480790,480790,480793,3,0
480790,480790,480794,4,0
480790,480790,480795,5,0
480790,480790,480794,4,0
480790,480790,480794,4,0
480790,480790,480795,5,0
480790,480790,480795,5,0
480790,480790,480796,6,0
480790,480790,480796,6,0
480790,480793,480795,2,3
480790,480790,480795,5,0
480790,480790,480795,5,0
480790,480790,480796,6,0
480790,480790,480796,6,0
480790,480793,480796,3,3
480790,480794,480797,3,4
480790,480794,480797,3,4
480790,480790,480797,7,0
480790,480793,480796,3,3
480790,480794,480797,3,4
480790,480794,480797,3,4
480790,480790,480797,7,0
480790,480795,480798,3,5
480790,480796,480799,3,6
480790,480796,480799,3,6
480790,480797,480800,3,7
480790,480796,480799,3,6
480790,480796,480799,3,6
480790,480795,480800,5,5
480790,480795,480800,5,5
480790,480790,480798,8,0
480790,480790,480801,11,0
480790,480797,480801,4,7
480790,480797,480800,3,7
480790,480797,480801,4,7
480790,480795,480800,5,5
480790,480797,480800,3,7
480790,480797,480800,3,7
480790,480797,480800,3,7
480790,480797,480801,4,7
480790,480797,480800,3,7
480790,480796,480801,5,6
480790,480797,480802,5,7
480790,480796,480802,6,6
480790,480796,480801,5,6
480790,480790,480802,12,0
480790,480799,480802,3,9
480790,480799,480803,4,9
480790,480800,480803,3,10
480790,480790,480803,13,0
480790,480790,480804,14,0
480790,480800,480803,3,10
480790,480800,480804,4,10
480790,480800,480803,3,10
480790,480800,480803,3,10
480790,480790,480804,14,0
480790,480790,480805,15,0
479299,479310,480805,1495,11
480790,480790,480805,15,0
480790,480790,480805,15,0
480790,480803,480806,3,13
480790,480801,480805,4,11
480790,480801,480806,5,11
480790,480802,480807,5,12
480790,480803,480806,3,13
480790,480803,480806,3,13
480790,480804,480807,3,14
480790,480801,480807,6,11
480790,480802,480807,5,12
480790,480801,480807,6,11
480790,480801,480808,7,11
480790,480801,480807,6,11
480790,480802,480807,5,12
480790,480801,480808,7,11
480790,480804,480808,4,14
480790,480801,480807,6,11
480790,480804,480807,3,14
480790,480804,480808,4,14
480790,480790,480807,17,0
480790,480802,480809,7,12
480790,480801,480808,7,11
480790,480806,480809,3,16
480790,480806,480809,3,16
480790,480807,480810,3,17
480790,480806,480811,5,16
480790,480807,480811,4,17
480790,480807,480811,4,17
480790,480807,480810,3,17
480790,480807,480812,5,17
480790,480808,480812,4,18
480790,480801,480812,11,11
480790,480807,480812,5,17
480790,480808,480811,3,18
480790,480809,480812,3,19
480790,480808,480812,4,18
480790,480808,480812,4,18
480790,480803,480812,9,13
480790,480808,480812,4,18
480790,480808,480812,4,18
480790,480808,480813,5,18
480790,480809,480812,3,19
480790,480808,480813,5,18
480790,480808,480813,5,18
480790,480809,480813,4,19
480790,480808,480813,5,18
480790,480809,480813,4,19
480790,480804,480813,9,14
480790,480810,480814,4,20
480790,480811,480815,4,21
480790,480811,480815,4,21
480790,480812,480816,4,22
480790,480812,480816,4,22
480790,480812,480816,4,22
480790,480813,480816,3,23
480790,480812,480816,4,22
480790,480811,480815,4,21
480790,480812,480816,4,22
480790,480805,480817,12,15
480790,480806,480816,10,16
480790,480811,480816,5,21
480790,480813,480816,3,23
480790,480813,480817,4,23
480790,480812,480817,5,22
480790,480812,480818,6,22
480790,480812,480818,6,22
480790,480813,480818,5,23
480790,480816,480819,3,26
480790,480813,480819,6,23
480790,480809,480819,10,19
480790,480816,480820,4,26
480790,480816,480820,4,26
480790,480816,480820,4,26
480790,480813,480820,7,23
480790,480817,480820,3,27
480790,480813,480821,8,23
480790,480816,480821,5,26
480790,480817,480821,4,27
480790,480816,480821,5,26
480790,480813,480821,8,23
480790,480804,480822,18,14
480790,480817,480821,4,27
480790,480815,480822,7,25
480790,480817,480822,5,27
480790,480818,480823,5,28
480790,480814,480823,9,24
480790,480821,480823,2,31
480790,480815,480823,8,25
480790,480820,480823,3,30
480790,480821,480823,2,31
480790,480821,480823,2,31
480790,480790,480824,34,0
480790,480818,480823,5,28
480790,480806,480824,18,16
480790,480801,480822,21,11
480790,480805,480822,17,15
480790,480818,480824,6,28
480790,480818,480824,6,28
480790,480822,480824,2,32
480790,480820,480824,4,30
480790,480821,480824,3,31
480790,480821,480824,3,31
480790,480821,480825,4,31
480790,480821,480825,4,31
480790,480822,480825,3,32
480790,480822,480826,4,32
480790,480824,480827,3,34
480790,480824,480827,3,34
480790,480823,480827,4,33
480790,480824,480827,3,34
480790,480824,480827,3,34
480790,480824,480827,3,34
480790,480824,480827,3,34
480790,480825,480827,2,35
480790,480814,480828,14,24
480790,480825,480828,3,35
480790,480825,480828,3,35
480790,480825,480828,3,35
480790,480823,480828,5,33
480790,480801,480827,26,11
480790,480820,480828,8,30
480790,480825,480829,4,35
480790,480825,480829,4,35
480790,480821,480826,5,31
480790,480826,480829,3,36
480790,480823,480829,6,33
480790,480814,480829,15,24
480790,480824,480830,6,34
480790,480826,480830,4,36
480790,480814,480830,16,24
480790,480828,480831,3,38
480790,480824,480830,6,34
480790,480825,480830,5,35
480790,480822,480831,9,32
480790,480828,480831,3,38
480790,480828,480831,3,38
480790,480828,480831,3,38
480790,480828,480831,3,38
480790,480828,480832,4,38
480790,480790,480827,37,0
480790,480824,480834,10,34
480790,480824,480837,13,34
480790,480824,480839,15,34
480790,480817,480840,23,27
480790,480817,480844,27,27
480790,480824,480847,23,34
480919,480919,480921,2,0
480919,480919,480922,3,0
480919,480919,480921,2,0
480919,480919,480922,3,0
480919,480919,480922,3,0
480919,480919,480923,4,0
480919,480919,480924,5,0
480919,480919,480923,4,0
480919,480919,480924,5,0
480919,480919,480923,4,0
480919,480919,480924,5,0
480919,480919,480923,4,0
480919,480922,480924,2,3
480919,480919,480924,5,0
480919,480919,480924,5,0
480919,480922,480925,3,3
480919,480919,480924,5,0
480919,480919,480924,5,0
480919,480919,480926,7,0
480919,480919,480926,7,0
480919,480919,480925,6,0
480919,480919,480926,7,0
480919,480923,480926,3,4
480919,480922,480925,3,3
480919,480919,480926,7,0
480919,480923,480926,3,4
480919,480924,480927,3,5
480919,480919,480926,7,0
480919,480924,480927,3,5
480919,480924,480927,3,5
480909,480909,480927,18,0
480919,480925,480928,3,6
480919,480923,480927,4,4
480919,480925,480928,3,6
480919,480924,480929,5,5
480919,480924,480928,4,5
480919,480925,480928,3,6
480919,480925,480928,3,6
480919,480925,480929,4,6
480919,480924,480928,4,5
480919,480919,480927,8,0
480919,480919,480929,10,0
480919,480919,480929,10,0
480919,480927,480930,3,8
480919,480927,480929,2,8
480919,480926,480929,3,7
480919,480927,480930,3,8
480919,480926,480929,3,7
480919,480926,480929,3,7
480919,480927,480930,3,8
480919,480926,480929,3,7
480919,480925,480930,5,6
480919,480927,480931,4,8
480919,480926,480931,5,7
480919,480926,480931,5,7
480919,480919,480931,12,0
480919,480919,480932,13,0
480919,480928,480931,3,9
480919,480928,480932,4,9
480919,480919,480932,13,0
480919,480928,480932,4,9
480919,480929,480932,3,10
480919,480929,480933,4,10
480919,480929,480933,4,10
480919,480929,480933,4,10
480919,480927,480934,7,8
480919,480919,480939,20,0
480919,480919,480940,21,0
480919,480919,480939,20,0
480919,480919,480940,21,0
480919,480919,480941,22,0
479999,480032,481033,1001,33
481069,481069,481071,2,0
481069,481069,481073,4,0
481069,481069,481072,3,0
481069,481069,481073,4,0
481069,481069,481072,3,0
481069,481069,481073,4,0
481069,481069,481073,4,0
481069,481069,481074,5,0
481069,481069,481074,5,0
481069,481069,481074,5,0
481069,481069,481074,5,0
481069,481069,481075,6,0
481069,481069,481075,6,0
481069,481069,481074,5,0
481069,481069,481076,7,0
481069,481069,481075,6,0
481069,481069,481075,6,0
481069,481072,481076,4,3
481069,481069,481076,7,0
481069,481069,481077,8,0
481069,481073,481077,4,4
481069,481073,481077,4,4
481069,481073,481077,4,4
481069,481069,481077,8,0
481069,481073,481077,4,4
481069,481069,481078,9,0
481069,481069,481078,9,0
481069,481069,481077,8,0
481069,481069,481078,9,0
481069,481075,481078,3,6
481069,481074,481078,4,5
481069,481074,481079,5,5
481069,481069,481078,9,0
481069,481069,481079,10,0
481069,481074,481080,6,5
481069,481074,481080,6,5
481069,481074,481079,5,5
481069,481069,481080,11,0
481069,481069,481079,10,0
481069,481076,481080,4,7
481069,481076,481080,4,7
481069,481076,481080,4,7
481069,481076,481080,4,7
481069,481074,481080,6,5
481069,481077,481081,4,8
481069,481077,481081,4,8
481069,481077,481081,4,8
481069,481075,481081,6,6
481069,481075,481081,6,6
481069,481069,481081,12,0
481069,481069,481082,13,0
481069,481077,481082,5,8
481069,481077,481082,5,8
481069,481078,481082,4,9
481069,481078,481082,4,9
481069,481078,481082,4,9
481069,481069,481080,11,0
481069,481069,481083,14,0
481069,481069,481083,14,0
481069,481078,481083,5,9
481069,481078,481083,5,9
481069,481079,481084,5,10
481069,481078,481085,7,9
481069,481080,481086,6,11
481069,481080,481085,5,11
481069,481080,481086,6,11
481069,481078,481087,9,9
481069,481078,481083,5,9
481069,481079,481084,5,10
481069,481079,481089,10,10
481200,481200,481214,14,0
480254,480264,481232,968,10
481233,481233,481237,4,0
481233,481233,481237,4,0
481233,481234,481237,3,1
481233,481233,481238,5,0
481233,481234,481238,4,1
481233,481233,481238,5,0
481233,481234,481238,4,1
481233,481233,481239,6,0
481233,481233,481239,6,0
481233,481234,481240,6,1
481233,481234,481240,6,1
481233,481238,481240,2,5
481233,481233,481241,8,0
481233,481233,481241,8,0
481233,481233,481241,8,0
481233,481237,481241,4,4
481233,481233,481241,8,0
481233,481233,481241,8,0
481233,481237,481242,5,4
481233,481238,481242,4,5
481233,481240,481242,2,7
481233,481233,481243,10,0
481233,481233,481243,10,0
481233,481238,481243,5,5
481233,481238,481243,5,5
481233,481233,481244,11,0
481233,481241,481244,3,8
481233,481233,481244,11,0
481233,481239,481244,5,6
481233,481239,481244,5,6
481233,481242,481245,3,9
481233,481242,481245,3,9
481233,481233,481242,9,0
481233,481240,481245,5,7
481233,481242,481246,4,9
481233,481233,481246,13,0
481233,481233,481246,13,0
481233,481244,481246,2,11
481233,481241,481246,5,8
481233,481243,481246,3,10
481233,481244,481247,3,11
481233,481233,481247,14,0
481233,481233,481247,14,0
481233,481244,481247,3,11
481233,481244,481247,3,11
481233,481243,481248,5,10
481233,481243,481248,5,10
481233,481245,481249,4,12
481233,481244,481250,6,11
481233,481244,481249,5,11
481233,481246,481250,4,13
481233,481247,481250,3,14
481233,481246,481249,3,13
481233,481242,481249,7,9
481233,481247,481250,3,14
481233,481245,481250,5,12
481233,481247,481251,4,14
481233,481245,481251,6,12
481233,481248,481252,4,15
481233,481248,481251,3,15
481233,481242,481252,10,9
481233,481246,481252,6,13
481233,481248,481252,4,15
481233,481247,481252,5,14
481233,481242,481254,12,9
481233,481246,481254,8,13
481233,481247,481258,11,14
481233,481247,481259,12,14
481233,481248,481259,11,15
481233,481248,481262,14,15
479729,479754,481262,1508,25
481272,481272,481286,14,0
481311,481311,481316,5,0
481311,481311,481316,5,0
481311,481311,481316,5,0
481311,481311,481316,5,0
481311,481311,481317,6,0
481311,481311,481316,5,0
481311,481311,481317,6,0
481311,481311,481317,6,0
481311,481311,481318,7,0
481311,481311,481318,7,0
481311,481311,481318,7,0
481311,481311,481318,7,0
481311,481311,481318,7,0
481311,481311,481319,8,0
481311,481311,481319,8,0
481311,481311,481319,8,0
481311,481317,481319,2,6
481311,481315,481319,4,4
481311,481316,481320,4,5
481311,481315,481320,5,4
481311,481317,481321,4,6
481311,481316,481321,5,5
481311,481318,481321,3,7
481311,481311,481321,10,0
481311,481311,481321,10,0
481311,481312,481321,9,1
481311,481316,481321,5,5
481311,481317,481322,5,6
481311,481319,481322,3,8
481311,481318,481322,4,7
481311,481319,481322,3,8
481311,481319,481322,3,8
481311,481319,481322,3,8
481311,481320,481322,2,9
481311,481319,481323,4,8
481311,481319,481323,4,8
481311,481311,481324,13,0
481311,481311,481324,13,0
481311,481320,481324,4,9
481311,481320,481324,4,9
481311,481323,481325,2,12
481311,481323,481325,2,12
481311,481322,481326,4,11
481311,481321,481326,5,10
481311,481322,481326,4,11
481311,481323,481326,3,12
481311,481323,481327,4,12
481311,481323,481327,4,12
481311,481321,481326,5,10
481311,481324,481327,3,13
481311,481323,481327,4,12
481311,481322,481327,5,11
481311,481324,481328,4,13
481311,481323,481328,5,12
481311,481325,481328,3,14
481311,481326,481328,2,15
481311,481322,481329,7,11
481311,481322,481329,7,11
481311,481322,481329,7,11
481311,481326,481329,3,15
481311,481325,481330,5,14
481311,481327,481330,3,16
481311,481320,481331,11,9
481311,481327,481331,4,16
481311,481327,481332,5,16
481311,481322,481333,11,11
481311,481311,481337,26,0
481311,481325,481344,19,14
481311,481311,481346,35,0
481311,481325,481347,22,14
480371,480385,481357,972,14
479863,479877,481374,1497,14
481391,481391,481395,4,0
481391,481391,481395,4,0
481391,481391,481396,5,0
481391,481391,481396,5,0
481391,481391,481395,4,0
481391,481391,481396,5,0
481391,481391,481396,5,0
481391,481391,481395,4,0
481391,481391,481395,4,0
481391,481391,481395,4,0
481391,481391,481395,4,0
481391,481391,481397,6,0
481391,481391,481398,7,0
481391,481391,481399,8,0
481391,481391,481399,8,0
481391,481391,481398,7,0
481391,481391,481399,8,0
481391,481396,481399,3,5
481391,481396,481399,3,5
481391,481391,481398,7,0
481391,481396,481399,3,5
481391,481396,481399,3,5
481391,481391,481399,8,0
481391,481391,481399,8,0
481391,481391,481400,9,0
481391,481398,481401,3,7
481391,481396,481401,5,5
481391,481396,481401,5,5
481391,481396,481401,5,5
481391,481396,481401,5,5
481391,481396,481401,5,5
481391,481391,481400,9,0
481391,481396,481400,4,5
481391,481398,481401,3,7
481391,481399,481402,3,8
481391,481396,481401,5,5
481391,481399,481402,3,8
481391,481399,481402,3,8
481391,481399,481402,3,8
481391,481399,481402,3,8
481391,481401,481404,3,10
481391,481400,481404,4,9
481391,481401,481404,3,10
481391,481399,481404,5,8
481391,481402,481405,3,11
481391,481402,481405,3,11
481391,481402,481405,3,11
481391,481401,481405,4,10
481391,481400,481405,5,9
481391,481403,481406,3,12
481391,481403,481407,4,12
481391,481401,481407,6,10
481391,481401,481407,6,10
481391,481404,481407,3,13
481391,481401,481407,6,10
481391,481401,481406,5,10
481391,481401,481406,5,10
481391,481400,481407,7,9
481391,481404,481407,3,13
481391,481399,481408,9,8
481391,481400,481408,8,9
481391,481401,481408,7,10
481391,481402,481407,5,11
481391,481404,481408,4,13
481391,481407,481410,3,16
481391,481408,481411,3,17
481391,481405,481411,6,14
481391,481405,481410,5,14
481391,481407,481410,3,16
481391,481407,481412,5,16
481391,481407,481412,5,16
481391,481407,481412,5,16
481391,481410,481412,2,19
481391,481408,481412,4,17
481391,481407,481412,5,16
481391,481391,481413,22,0
481391,481406,481414,8,15
481391,481407,481414,7,16
481391,481407,481414,7,16
481391,481408,481414,6,17
481391,481411,481414,3,20
481391,481411,481414,3,20
481391,481411,481414,3,20
481391,481411,481414,3,20
481391,481391,481415,24,0
481391,481391,481414,23,0
481391,481391,481414,23,0
481391,481407,481414,7,16
481391,481408,481415,7,17
481391,481406,481414,8,15
481391,481401,481416,15,10
481391,481406,481416,10,15
481391,481412,481416,4,21
481391,481413,481416,3,22
481391,481412,481417,5,21
481391,481405,481416,11,14
481391,481408,481417,9,17
481391,481414,481417,3,23
481391,481415,481417,2,24
481391,481415,481417,2,24
481391,481415,481417,2,24
481391,481414,481417,3,23
481391,481413,481417,4,22
481391,481415,481418,3,24
481391,481413,481418,5,22
481391,481413,481418,5,22
481391,481415,481419,4,24
481391,481414,481418,4,23
481391,481414,481419,5,23
481391,481414,481419,5,23
481391,481414,481419,5,23
481391,481415,481420,5,24
481391,481415,481420,5,24
481391,481417,481420,3,26
481391,481417,481421,4,26
481391,481418,481421,3,27
481391,481418,481421,3,27
481391,481417,481422,5,26
481391,481418,481422,4,27
481391,481416,481422,6,25
481391,481417,481422,5,26
481391,481418,481422,4,27
481391,481418,481422,4,27
481391,481419,481423,4,28
481391,481406,481422,16,15
481391,481417,481423,6,26
481391,481418,481423,5,27
481391,481418,481423,5,27
481391,481415,481422,7,24
481391,481415,481424,9,24
481391,481418,481424,6,27
481391,481421,481425,4,30
481391,481417,481424,7,26
481391,481419,481425,6,28
481391,481418,481425,7,27
481391,481419,481425,6,28
481391,481419,481425,6,28
481391,481419,481425,6,28
481391,481420,481426,6,29
481391,481420,481428,8,29
480438,480476,481443,967,38
481479,481479,481482,3,0
481479,481479,481483,4,0
481479,481479,481484,5,0
479923,479939,481484,1545,16
481479,481479,481484,5,0
481479,481479,481485,6,0
481479,481479,481485,6,0
481479,481479,481484,5,0
481479,481479,481484,5,0
481479,481479,481485,6,0
481479,481479,481484,5,0
481479,481479,481485,6,0
481479,481479,481485,6,0
481479,481479,481485,6,0
481479,481479,481485,6,0
481479,481479,481485,6,0
481479,481479,481486,7,0
481479,481479,481486,7,0
481479,481483,481486,3,4
481479,481479,481487,8,0
481479,481479,481487,8,0
481479,481483,481487,4,4
481479,481479,481487,8,0
481479,481479,481487,8,0
481479,481485,481488,3,6
481479,481484,481488,4,5
481479,481485,481488,3,6
481479,481485,481489,4,6
481479,481485,481489,4,6
481479,481484,481489,5,5
481479,481486,481491,5,7
481479,481485,481490,5,6
481479,481487,481490,3,8
481479,481487,481491,4,8
481479,481487,481490,3,8
481479,481488,481492,4,9
481479,481489,481492,3,10
481479,481484,481492,8,5
481479,481485,481492,7,6
481479,481488,481492,4,9
481479,481490,481492,2,11
481479,481486,481491,5,7
481479,481487,481493,6,8
481479,481487,481494,7,8
481479,481491,481494,3,12
481479,481491,481494,3,12
481479,481491,481494,3,12
481479,481492,481495,3,13
481479,481492,481495,3,13
481479,481490,481496,6,11
481479,481490,481495,5,11
481479,481490,481496,6,11
481479,481485,481496,11,6
481479,481493,481496,3,14
481479,481493,481496,3,14
481479,481491,481496,5,12
481479,481491,481497,6,12
481479,481492,481498,6,13
481479,481486,481498,12,7
481479,481485,481499,14,6
481479,481495,481499,4,16
481479,481492,481499,7,13
481479,481494,481499,5,15
481479,481494,481500,6,15
481479,481494,481501,7,15
481479,481479,481501,22,0
481479,481487,481501,14,8
481479,481479,481502,23,0
481479,481479,481503,24,0
481484,481484,481503,19,0
481479,481479,481503,24,0
481479,481489,481504,15,10
481542,481542,481547,5,0
481542,481542,481547,5,0
481542,481542,481546,4,0
481542,481542,481548,6,0
481542,481542,481548,6,0
481542,481542,481548,6,0
481542,481542,481549,7,0
481542,481542,481548,6,0
481542,481542,481548,6,0
481542,481542,481548,6,0
481542,481542,481548,6,0
481542,481542,481549,7,0
481542,481542,481549,7,0
481542,481542,481550,8,0
481542,481542,481549,7,0
481542,481542,481549,7,0
481542,481542,481549,7,0
481542,481548,481550,2,6
481542,481549,481552,3,7
481542,481542,481551,9,0
481542,481547,481551,4,5
481542,481542,481551,9,0
481542,481549,481553,4,7
481542,481547,481552,5,5
481542,481547,481552,5,5
481542,481550,481553,3,8
481542,481548,481552,4,6
481542,481548,481553,5,6
481542,481542,481554,12,0
481542,481542,481553,11,0
481542,481542,481553,11,0
481542,481550,481553,3,8
481542,481549,481554,5,7
481542,481549,481555,6,7
481542,481550,481554,4,8
481542,481551,481555,4,9
481542,481542,481555,13,0
481542,481549,481555,6,7
481542,481552,481555,3,10
481542,481542,481555,13,0
481542,481550,481555,5,8
481542,481552,481556,4,10
481542,481553,481556,3,11
481542,481553,481557,4,11
481540,481540,481558,18,0
481542,481555,481558,3,13
481542,481553,481558,5,11
481542,481553,481558,5,11
481542,481552,481557,5,10
481542,481554,481557,3,12
481542,481550,481556,6,8
481542,481553,481558,5,11
481542,481556,481558,2,14
481542,481553,481558,5,11
481542,481555,481559,4,13
481542,481554,481559,5,12
481542,481554,481560,6,12
481542,481553,481560,7,11
481542,481554,481560,6,12
481542,481558,481561,3,16
481542,481554,481560,6,12
481542,481557,481561,4,15
481542,481557,481561,4,15
481542,481557,481561,4,15
481542,481556,481561,5,14
481542,481542,481562,20,0
481542,481555,481563,8,13
481542,481556,481563,7,14
481542,481556,481564,8,14
481542,481549,481565,16,7
481542,481556,481567,11,14
480729,480738,481716,978,9
481717,481717,481720,3,0
481717,481717,481721,4,0
481717,481717,481721,4,0
481717,481717,481720,3,0
481717,481717,481722,5,0
481717,481717,481721,4,0
481717,481717,481721,4,0
481717,481717,481723,6,0
481717,481717,481723,6,0
481717,481717,481723,6,0
481717,481717,481723,6,0
481717,481717,481724,7,0
481717,481720,481723,3,3
481717,481721,481724,3,4
481717,481721,481724,3,4
481717,481717,481725,8,0
481717,481717,481724,7,0
481717,481717,481724,7,0
481717,481717,481725,8,0
481717,481723,481726,3,6
481717,481717,481726,9,0
481717,481721,481726,5,4
481717,481722,481727,5,5
481717,481724,481727,3,7
481717,481722,481728,6,5
481717,481717,481728,11,0
481717,481722,481728,6,5
481717,481725,481728,3,8
481717,481725,481728,3,8
481717,481725,481728,3,8
481717,481723,481729,6,6
481717,481717,481728,11,0
481717,481725,481729,4,8
481717,481726,481729,3,9
481717,481726,481730,4,9
481717,481723,481730,7,6
481717,481723,481730,7,6
481717,481717,481731,14,0
481717,481726,481731,5,9
481717,481726,481731,5,9
481717,481727,481731,4,10
481717,481726,481732,6,9
481717,481726,481732,6,9
481717,481729,481733,4,12
481717,481729,481732,3,12
481717,481729,481732,3,12
481717,481730,481733,3,13
481717,481728,481733,5,11
481717,481717,481729,12,0
481717,481717,481729,12,0
481717,481728,481734,6,11
481717,481730,481734,4,13
481717,481728,481733,5,11
481717,481727,481735,8,10
481717,481730,481734,4,13
481717,481730,481735,5,13
481717,481733,481736,3,16
481717,481717,481733,16,0
481717,481730,481735,5,13
481717,481732,481736,4,15
481717,481732,481736,4,15
481717,481733,481736,3,16
481717,481717,481737,20,0
481717,481733,481739,6,16
481717,481731,481739,8,14
481717,481731,481739,8,14
481717,481717,481741,24,0
481717,481731,481742,11,14
481717,481731,481745,14,14
481717,481733,481746,13,16
481756,481756,481790,34,0
480791,480828,481791,963,37
481793,481793,481796,3,0
481793,481793,481797,4,0
481793,481793,481797,4,0
481793,481793,481797,4,0
481793,481793,481798,5,0
481793,481793,481799,6,0
481793,481793,481799,6,0
481793,481796,481798,2,3
481793,481793,481799,6,0
481793,481793,481799,6,0
481793,481793,481798,5,0
481793,481793,481799,6,0
481793,481793,481799,6,0
481793,481793,481799,6,0
481793,481793,481799,6,0
481793,481793,481800,7,0
481793,481793,481800,7,0
481793,481793,481800,7,0
481793,481793,481800,7,0
481793,481799,481801,2,6
481793,481798,481802,4,5
481793,481793,481802,9,0
481793,481793,481800,7,0
481793,481793,481800,7,0
481793,481798,481803,5,5
481793,481799,481803,4,6
481793,481800,481803,3,7
481793,481798,481804,6,5
481793,481800,481803,3,7
481793,481800,481803,3,7
481793,481799,481804,5,6
481793,481800,481804,4,7
481793,481798,481804,6,5
481793,481800,481804,4,7
481793,481801,481804,3,8
481793,481800,481804,4,7
481793,481799,481804,5,6
481793,481799,481804,5,6
481793,481800,481805,5,7
481793,481793,481804,11,0
481793,481802,481805,3,9
481793,481803,481806,3,10
481793,481800,481806,6,7
481793,481801,481807,6,8
481793,481803,481807,4,10
481793,481804,481807,3,11
481793,481804,481807,3,11
481793,481804,481807,3,11
481793,481804,481808,4,11
481793,481802,481808,6,9
481793,481802,481808,6,9
481793,481803,481809,6,10
481793,481804,481809,5,11
481793,481804,481808,4,11
481793,481806,481809,3,13
481793,481802,481809,7,9
481793,481806,481810,4,13
481793,481793,481806,13,0
481793,481804,481810,6,11
481793,481804,481810,6,11
481793,481805,481811,6,12
481793,481807,481810,3,14
481793,481806,481811,5,13
481793,481805,481811,6,12
481793,481805,481812,7,12
481793,481807,481812,5,14
481793,481807,481812,5,14
481793,481793,481813,20,0
481793,481793,481815,22,0
481793,481806,481823,17,13
480919,480929,481897,968,10
481898,481898,481900,2,0
481898,481898,481903,5,0
481898,481898,481903,5,0
481898,481898,481903,5,0
481898,481898,481903,5,0
481898,481898,481903,5,0
481898,481898,481902,4,0
481898,481898,481903,5,0
481898,481898,481902,4,0
481898,481898,481904,6,0
481898,481898,481903,5,0
481898,481898,481904,6,0
481898,481898,481903,5,0
481898,481898,481903,5,0
481898,481898,481904,6,0
481898,481898,481904,6,0
481898,481898,481903,5,0
481898,481901,481903,2,3
481898,481898,481905,7,0
481898,481898,481905,7,0
481898,481898,481904,6,0
481898,481898,481905,7,0
481898,481903,481906,3,5
481898,481903,481906,3,5
481898,481903,481906,3,5
481898,481903,481907,4,5
481898,481903,481906,3,5
481898,481904,481907,3,6
481898,481904,481907,3,6
481898,481903,481908,5,5
481898,481904,481908,4,6
481898,481903,481908,5,5
481898,481903,481908,5,5
481898,481904,481909,5,6
481898,481904,481909,5,6
481898,481904,481910,6,6
481898,481906,481910,4,8
481898,481906,481909,3,8
481898,481908,481911,3,10
481898,481907,481911,4,9
481898,481904,481911,7,6
481898,481907,481911,4,9
481898,481907,481911,4,9
481898,481905,481911,6,7
481898,481907,481910,3,9
481898,481904,481910,6,6
481898,481904,481910,6,6
481898,481908,481912,4,10
481898,481908,481913,5,10
481898,481905,481912,7,7
481898,481911,481914,3,13
481898,481910,481914,4,12
481898,481910,481914,4,12
481898,481911,481915,4,13
480313,480326,481915,1589,13
481898,481909,481915,6,11
481898,481909,481915,6,11
481898,481911,481915,4,13
481898,481911,481915,4,13
481898,481911,481915,4,13
481898,481905,481915,10,7
481898,481905,481916,11,7
481898,481910,481916,6,12
481898,481909,481917,8,11
481898,481911,481917,6,13
481917,481917,481920,3,0
481898,481909,481920,11,11
481917,481917,481923,6,0
481917,481917,481923,6,0
481917,481917,481923,6,0
481917,481917,481923,6,0
481917,481920,481923,3,3
481917,481917,481923,6,0
481898,481898,481923,25,0
481898,481898,481922,24,0
481917,481917,481923,6,0
481917,481917,481924,7,0
481917,481917,481923,6,0
481917,481917,481924,7,0
481917,481917,481924,7,0
481898,481911,481925,14,13
481917,481917,481924,7,0
481917,481917,481926,9,0
481917,481917,481926,9,0
481917,481917,481925,8,0
481917,481923,481926,3,6
481917,481921,481926,5,4
481917,481924,481926,2,7
481917,481923,481926,3,6
481917,481924,481927,3,7
481917,481917,481927,10,0
481917,481924,481926,2,7
481917,481923,481927,4,6
481917,481923,481928,5,6
481917,481925,481928,3,8
481917,481923,481928,5,6
481917,481917,481928,11,0
481917,481926,481928,2,9
481917,481926,481929,3,9
481917,481924,481929,5,7
481917,481927,481930,3,10
481917,481917,481929,12,0
481917,481927,481930,3,10
481917,481927,481930,3,10
481917,481927,481930,3,10
481917,481925,481930,5,8
481917,481926,481930,4,9
481917,481923,481930,7,6
481917,481917,481930,13,0
481917,481925,481932,7,8
481917,481928,481932,4,11
481917,481929,481932,3,12
481917,481927,481932,5,10
481917,481929,481932,3,12
481917,481930,481933,3,13
481917,481930,481934,4,13
481917,481927,481932,5,10
481898,481898,481934,36,0
481917,481923,481934,11,6
481917,481928,481934,6,11
481917,481930,481934,4,13
481917,481930,481934,4,13
481917,481926,481934,8,9
481917,481930,481935,5,13
481917,481931,481936,5,14
481917,481929,481936,7,12
481917,481931,481935,4,14
481917,481929,481936,7,12
481917,481932,481936,4,15
481917,481932,481936,4,15
481917,481934,481936,2,17
481917,481931,481936,5,14
481898,481898,481937,39,0
481917,481923,481936,13,6
481917,481933,481937,4,16
481917,481933,481938,5,16
481917,481934,481938,4,17
481917,481928,481937,9,11
481917,481930,481940,10,13
481917,481932,481940,8,15
481917,481931,481941,10,14
481917,481917,481959,42,0
481074,481080,482047,967,6
482048,482048,482050,2,0
482048,482048,482051,3,0
482048,482048,482052,4,0
482048,482048,482052,4,0
482048,482048,482051,3,0
482048,482048,482053,5,0
482048,482048,482053,5,0
482048,482048,482053,5,0
482048,482048,482053,5,0
482048,482051,482053,2,3
482048,482048,482052,4,0
482048,482048,482054,6,0
482048,482051,482054,3,3
482048,482048,482055,7,0
482048,482048,482054,6,0
482048,482048,482054,6,0
482048,482048,482055,7,0
482048,482052,482055,3,4
482048,482052,482055,3,4
482048,482052,482057,5,4
482048,482048,482057,9,0
482048,482048,482057,9,0
482048,482053,482057,4,5
482048,482053,482057,4,5
482048,482053,482057,4,5
482048,482055,482058,3,7
482048,482048,482058,10,0
482048,482054,482058,4,6
482048,482055,482058,3,7
482048,482048,482058,10,0
482048,482054,482058,4,6
482048,482053,482058,5,5
482048,482055,482059,4,7
482048,482053,482059,6,5
482048,482055,482059,4,7
482048,482055,482060,5,7
481078,481080,482060,980,2
482048,482054,482060,6,6
482048,482055,482061,6,7
482048,482057,482061,4,9
482048,482057,482060,3,9
482048,482057,482061,4,9
482048,482057,482061,4,9
482048,482058,482062,4,10
482048,482058,482062,4,10
482048,482060,482062,2,12
482048,482058,482062,4,10
482048,482048,482063,15,0
482048,482059,482063,4,11
482048,482058,482063,5,10
482048,482057,482063,6,9
482048,482059,482064,5,11
481071,481080,482063,983,9
482048,482057,482063,6,9
482048,482060,482064,4,12
482048,482062,482065,3,14
482048,482062,482064,2,14
482048,482062,482064,2,14
482048,482059,482064,5,11
482048,482059,482065,6,11
482048,482060,482065,5,12
482048,482062,482066,4,14
482048,482048,482066,18,0
482048,482062,482066,4,14
482048,482063,482066,3,15
482048,482061,482067,6,13
482063,482065,482068,3,2
482063,482065,482067,2,2
482048,482059,482067,8,11
482048,482048,482068,20,0
482063,482064,482068,4,1
482063,482065,482068,3,2
482063,482065,482068,3,2
482063,482063,482068,5,0
482048,482061,482068,7,13
482063,482065,482069,4,2
482063,482066,482070,4,3
482063,482063,482070,7,0
482063,482067,482070,3,4
482063,482067,482070,3,4
482063,482068,482070,2,5
482063,482068,482070,2,5
482063,482065,482071,6,2
482048,482048,482071,23,0
482063,482069,482072,3,6
482063,482065,482073,8,2
482063,482068,482072,4,5
481076,481080,482072,992,4
482063,482069,482072,3,6
482063,482069,482072,3,6
482063,482069,482072,3,6
482063,482068,482072,4,5
482048,482048,482073,25,0
482063,482068,482073,5,5
482063,482066,482073,7,3
482063,482071,482073,2,8
482063,482071,482073,2,8
482063,482071,482073,2,8
482063,482071,482074,3,8
482063,482064,482074,10,1
482063,482063,482074,11,0
482063,482071,482074,3,8
482063,482071,482074,3,8
482063,482070,482075,5,7
482063,482069,482075,6,6
482048,482048,482074,26,0
482063,482073,482076,3,10
482063,482074,482077,3,11
482063,482073,482076,3,10
482063,482073,482076,3,10
482063,482073,482076,3,10
482063,482071,482076,5,8
482063,482073,482077,4,10
482063,482064,482077,13,1
482063,482074,482077,3,11
482063,482074,482077,3,11
482063,482074,482077,3,11
482063,482073,482078,5,10
482063,482073,482079,6,10
482063,482075,482078,3,12
482063,482071,482076,5,8
482063,482073,482078,5,10
482063,482075,482078,3,12
482063,482063,482079,16,0
482063,482074,482079,5,11
482063,482077,482079,2,14
482063,482073,482079,6,10
482063,482075,482079,4,12
482063,482077,482080,3,14
482063,482077,482080,3,14
482063,482074,482080,6,11
482063,482077,482080,3,14
482063,482077,482081,4,14
482063,482075,482080,5,12
482063,482077,482081,4,14
482063,482078,482082,4,15
482063,482074,482081,7,11
482065,482080,482082,2,15
482063,482078,482082,4,15
482065,482079,482083,4,14
482065,482080,482083,3,15
482063,482075,482083,8,12
482065,482081,482084,3,16
482065,482080,482083,3,15
482065,482080,482084,4,15
482065,482079,482084,5,14
482065,482081,482084,3,16
482063,482077,482084,7,14
482065,482080,482085,5,15
482063,482078,482085,7,15
482065,482080,482085,5,15
482065,482081,482085,4,16
482065,482082,482086,4,17
482065,482079,482087,8,14
482065,482081,482086,5,16
482065,482083,482087,4,18
482063,482065,482087,22,2
481083,481083,482087,1004,0
482065,482085,482088,3,20
482065,482083,482088,5,18
482065,482085,482087,2,20
482065,482083,482088,5,18
482065,482083,482088,5,18
482065,482084,482087,3,19
482065,482084,482088,4,19
482065,482079,482087,8,14
481082,481082,482088,1006,0
482065,482086,482089,3,21
482065,482086,482088,2,21
482065,482084,482088,4,19
482065,482085,482089,4,20
482065,482087,482090,3,22
482065,482085,482090,5,20
482065,482088,482091,3,23
482065,482088,482091,3,23
482065,482088,482091,3,23
482065,482085,482091,6,20
482065,482088,482091,3,23
482065,482088,482092,4,23
482065,482087,482092,5,22
482065,482088,482092,4,23
482065,482089,482092,3,24
482065,482086,482092,6,21
482065,482086,482092,6,21
482065,482087,482092,5,22
482065,482088,482092,4,23
482065,482089,482093,4,24
482065,482088,482092,4,23
482065,482089,482093,4,24
482065,482090,482093,3,25
482065,482088,482093,5,23
482065,482091,482094,3,26
482065,482090,482095,5,25
482065,482091,482095,4,26
482065,482089,482095,6,24
482065,482092,482096,4,27
482065,482092,482096,4,27
482065,482092,482096,4,27
482065,482092,482096,4,27
482065,482091,482096,5,26
482065,482091,482096,5,26
482065,482080,482096,16,15
482065,482093,482097,4,28
482065,482093,482096,3,28
482063,482076,482097,21,13
482075,482093,482097,4,18
482065,482092,482098,6,27
482075,482093,482098,5,18
482065,482092,482098,6,27
482065,482092,482098,6,27
482075,482094,482099,5,19
482065,482093,482099,6,28
482065,482093,482099,6,28
482075,482096,482099,3,21
482075,482096,482100,4,21
482075,482095,482100,5,20
482075,482096,482100,4,21
482075,482096,482100,4,21
482075,482097,482100,3,22
482075,482097,482101,4,22
482075,482097,482102,5,22
482075,482097,482102,5,22
482075,482096,482102,6,21
482075,482099,482103,4,24
482075,482100,482103,3,25
482075,482100,482103,3,25
482075,482101,482103,2,26
482075,482099,482103,4,24
482075,482101,482103,2,26
482075,482097,482103,6,22
482075,482095,482104,9,20
482075,482100,482104,4,25
482075,482100,482104,4,25
482075,482094,482104,10,19
482075,482101,482105,4,26
482075,482099,482105,6,24
482075,482099,482105,6,24
482075,482100,482106,6,25
482075,482100,482105,5,25
482075,482103,482106,3,28
482075,482103,482106,3,28
482075,482104,482106,2,29
482075,482104,482106,2,29
482075,482104,482106,2,29
482075,482098,482106,8,23
482075,482103,482107,4,28
482075,482104,482107,3,29
482065,482080,482107,27,15
482075,482103,482108,5,28
482065,482082,482105,23,17
482075,482105,482109,4,30
482075,482104,482109,5,29
482075,482105,482109,4,30
482075,482105,482109,4,30
482075,482106,482110,4,31
482075,482104,482110,6,29
482075,482106,482110,4,31
482075,482107,482110,3,32
482075,482107,482110,3,32
482075,482107,482110,3,32
482075,482107,482110,3,32
482075,482097,482110,13,22
482075,482105,482111,6,30
482075,482107,482111,4,32
482075,482108,482111,3,33
482075,482106,482112,6,31
482075,482106,482111,5,31
482075,482106,482112,6,31
482075,482106,482112,6,31
482075,482107,482112,5,32
482075,482110,482113,3,35
482075,482110,482113,3,35
482075,482110,482113,3,35
482075,482108,482112,4,33
482065,482088,482113,25,23
482075,482110,482114,4,35
482075,482111,482114,3,36
482075,482097,482110,13,22
482075,482111,482114,3,36
482065,482079,482115,36,14
482075,482110,482115,5,35
482075,482110,482116,6,35
482065,482079,482116,37,14
482075,482109,482118,9,34
482075,482108,482118,10,33
482102,482103,482136,33,1
480667,480677,482198,1521,10
482204,482204,482207,3,0
482204,482204,482206,2,0
482204,482204,482207,3,0
482204,482204,482208,4,0
482204,482204,482209,5,0
482204,482204,482208,4,0
482204,482204,482209,5,0
482204,482204,482209,5,0
482204,482204,482208,4,0
482204,482204,482209,5,0
482204,482207,482209,2,3
482204,482204,482209,5,0
482204,482207,482210,3,3
482204,482208,482210,2,4
482204,482204,482211,7,0
482204,482204,482211,7,0
482204,482204,482211,7,0
482204,482209,482211,2,5
482204,482204,482211,7,0
482204,482204,482211,7,0
482204,482204,482212,8,0
482204,482209,482213,4,5
482204,482210,482212,2,6
482204,482210,482213,3,6
482204,482204,482213,9,0
482204,482209,482214,5,5
482204,482204,482214,10,0
482204,482204,482214,10,0
482204,482209,482215,6,5
482204,482209,482215,6,5
482204,482209,482214,5,5
482204,482210,482215,5,6
482204,482212,482215,3,8
482204,482211,482214,3,7
482204,482204,482215,11,0
482204,482204,482215,11,0
482204,482204,482215,11,0
482204,482211,482215,4,7
482204,482212,482215,3,8
482204,482212,482215,3,8
482204,482213,482216,3,9
482204,482213,482216,3,9
482204,482212,482217,5,8
482204,482213,482216,3,9
482204,482213,482218,5,9
482204,482212,482218,6,8
482204,482215,482218,3,11
482204,482215,482218,3,11
482204,482204,482218,14,0
482204,482214,482218,4,10
482204,482215,482220,5,11
482204,482216,482220,4,12
482204,482216,482220,4,12
482204,482215,482220,5,11
482204,482212,482219,7,8
482204,482214,482219,5,10
482204,482216,482219,3,12
482204,482215,482220,5,11
482204,482215,482221,6,11
482204,482215,482220,5,11
482204,482217,482221,4,13
482204,482217,482222,5,13
482204,482221,482223,2,17
482204,482217,482223,6,13
482204,482220,482223,3,16
482204,482204,482220,16,0
482204,482216,482223,7,12
482204,482219,482223,4,15
482204,482220,482223,3,16
482204,482220,482223,3,16
482204,482220,482223,3,16
482204,482218,482224,6,14
482204,482218,482224,6,14
482204,482217,482224,7,13
482204,482221,482225,4,17
482204,482221,482225,4,17
482204,482222,482226,4,18
482204,482220,482226,6,16
482204,482221,482226,5,17
482204,482223,482226,3,19
482204,482216,482226,10,12
482204,482220,482226,6,16
482204,482218,482227,9,14
482204,482220,482226,6,16
482204,482224,482227,3,20
482204,482223,482227,4,19
482204,482223,482226,3,19
482204,482224,482227,3,20
482204,482224,482227,3,20
482204,482224,482228,4,20
482204,482224,482228,4,20
482204,482218,482228,10,14
482204,482224,482228,4,20
482204,482226,482229,3,22
482204,482227,482230,3,23
482204,482227,482230,3,23
482204,482204,482231,27,0
482204,482226,482231,5,22
482204,482225,482230,5,21
482204,482225,482231,6,21
482204,482227,482231,4,23
482204,482227,482231,4,23
482204,482215,482232,17,11
482204,482226,482232,6,22
482204,482227,482231,4,23
482204,482228,482231,3,24
482204,482228,482232,4,24
482204,482227,482231,4,23
482204,482229,482232,3,25
482204,482226,482232,6,22
482204,482226,482232,6,22
482204,482227,482233,6,23
482204,482227,482233,6,23
482204,482229,482233,4,25
482204,482229,482234,5,25
482204,482204,482233,29,0
482204,482230,482233,3,26
482204,482231,482234,3,27
482204,482230,482234,4,26
482204,482231,482235,4,27
482204,482231,482235,4,27
482204,482232,482236,4,28
482204,482232,482236,4,28
482204,482232,482236,4,28
482204,482232,482236,4,28
482204,482227,482236,9,23
482204,482231,482237,6,27
482204,482231,482237,6,27
482204,482232,482238,6,28
482204,482232,482238,6,28
482204,482232,482239,7,28
482204,482232,482239,7,28
482204,482233,482240,7,29
482204,482233,482241,8,29
482204,482233,482242,9,29
482204,482231,482242,11,27
482204,482216,482243,27,12
482204,482219,482245,26,15
482204,482224,482246,22,20
482204,482224,482246,22,20
481312,481327,482310,983,15
482317,482318,482320,2,1
482317,482318,482320,2,1
482317,482318,482321,3,1
482317,482318,482321,3,1
482317,482318,482321,3,1
482317,482318,482322,4,1
482317,482318,482322,4,1
482317,482318,482322,4,1
482317,482318,482322,4,1
482317,482318,482322,4,1
482317,482318,482322,4,1
482317,482318,482323,5,1
482317,482318,482324,6,1
482317,482321,482323,2,4
482317,482318,482324,6,1
482317,482318,482323,5,1
482317,482318,482324,6,1
482317,482318,482323,5,1
482317,482318,482323,5,1
482317,482318,482323,5,1
482317,482322,482324,2,5
482317,482321,482324,3,4
482317,482322,482325,3,5
482317,482323,482326,3,6
482317,482322,482326,4,5
482317,482323,482327,4,6
482317,482324,482326,2,7
482317,482324,482326,2,7
482317,482324,482326,2,7
482317,482324,482326,2,7
482317,482318,482321,3,1
482317,482324,482327,3,7
482317,482324,482327,3,7
482317,482325,482328,3,8
482317,482325,482327,2,8
482317,482323,482328,5,6
482317,482326,482328,2,9
482317,482323,482329,6,6
482317,482323,482328,5,6
482317,482324,482329,5,7
482317,482324,482330,6,7
482317,482326,482329,3,9
482317,482327,482329,2,10
482317,482327,482329,2,10
482317,482323,482331,8,6
482317,482324,482330,6,7
482317,482327,482330,3,10
482317,482328,482331,3,11
482317,482327,482330,3,10
482317,482328,482331,3,11
482317,482327,482331,4,10
482317,482328,482331,3,11
482317,482329,482332,3,12
482317,482328,482331,3,11
482317,482327,482332,5,10
482317,482318,482333,15,1
482317,482330,482333,3,13
482317,482330,482333,3,13
482317,482329,482334,5,12
482317,482318,482334,16,1
482318,482332,482334,2,14
482318,482332,482334,2,14
482318,482332,482334,2,14
482317,482318,482328,10,1
482318,482332,482335,3,14
482317,482329,482336,7,12
482317,482329,482336,7,12
482317,482329,482336,7,12
482318,482330,482336,6,12
482317,482327,482337,10,10
482318,482333,482337,4,15
482317,482330,482337,7,13
482318,482331,482338,7,13
482318,482335,482337,2,17
482318,482331,482338,7,13
482318,482334,482337,3,16
482318,482334,482337,3,16
482318,482331,482338,7,13
482318,482335,482337,2,17
482318,482335,482338,3,17
482317,482318,482338,20,1
482317,482318,482338,20,1
482318,482335,482338,3,17
482318,482332,482338,6,14
482318,482337,482340,3,19
482317,482318,482340,22,1
482318,482336,482340,4,18
482318,482338,482341,3,20
482318,482338,482341,3,20
482318,482338,482341,3,20
482318,482338,482341,3,20
482318,482338,482342,4,20
482318,482338,482342,4,20
482318,482338,482342,4,20
482318,482338,482342,4,20
482318,482336,482342,6,18
482318,482336,482342,6,18
482318,482334,482342,8,16
482318,482335,482342,7,17
482318,482340,482343,3,22
482318,482336,482342,6,18
482318,482338,482343,5,20
482318,482331,482343,12,13
482318,482338,482344,6,20
482318,482341,482344,3,23
482318,482339,482344,5,21
482318,482339,482344,5,21
482318,482341,482345,4,23
482318,482341,482345,4,23
482318,482331,482346,15,13
482318,482342,482345,3,24
482318,482342,482345,3,24
482318,482342,482346,4,24
482318,482342,482346,4,24
482318,482342,482346,4,24
482317,482318,482346,28,1
482318,482341,482346,5,23
482318,482342,482346,4,24
482318,482343,482346,3,25
482318,482344,482347,3,26
482318,482342,482347,5,24
482318,482342,482347,5,24
482318,482335,482348,13,17
482318,482346,482349,3,28
482318,482346,482349,3,28
482318,482345,482349,4,27
482318,482343,482349,6,25
482318,482339,482349,10,21
482318,482346,482350,4,28
482318,482344,482350,6,26
482318,482344,482349,5,26
482318,482346,482349,3,28
482318,482345,482351,6,27
482318,482338,482352,14,20
482318,482345,482351,6,27
482318,482344,482352,8,26
482318,482346,482352,6,28
482318,482339,482355,16,21
482318,482343,482360,17,25
482318,482343,482379,36,25
481394,481422,482383,961,28
482431,482431,482434,3,0
482431,482431,482433,2,0
482431,482431,482434,3,0
482431,482431,482434,3,0
482431,482431,482435,4,0
482431,482431,482436,5,0
482431,482431,482435,4,0
482431,482431,482436,5,0
482431,482431,482436,5,0
482431,482431,482436,5,0
482431,482431,482436,5,0
482431,482431,482436,5,0
482431,482431,482436,5,0
482431,482431,482437,6,0
482431,482431,482437,6,0
482431,482434,482437,3,3
482431,482431,482437,6,0
482431,482434,482437,3,3
482431,482431,482438,7,0
482431,482431,482439,8,0
482431,482431,482438,7,0
482431,482435,482438,3,4
482431,482435,482438,3,4
482431,482437,482440,3,6
482431,482431,482441,10,0
482431,482436,482441,5,5
482431,482438,482441,3,7
482431,482437,482440,3,6
482431,482438,482441,3,7
482431,482438,482442,4,7
482431,482436,482441,5,5
482431,482437,482442,5,6
482431,482437,482442,5,6
482431,482436,482441,5,5
482431,482439,482441,2,8
482431,482439,482442,3,8
482431,482439,482442,3,8
482431,482431,482442,11,0
482431,482438,482442,4,7
482431,482437,482442,5,6
482431,482437,482443,6,6
482431,482440,482443,3,9
482431,482437,482443,6,6
482431,482431,482444,13,0
482431,482431,482443,12,0
482431,482439,482444,5,8
482431,482441,482444,3,10
482431,482439,482444,5,8
482431,482441,482445,4,10
482431,482442,482446,4,11
482431,482431,482445,14,0
482431,482431,482445,14,0
482431,482442,482445,3,11
482431,482441,482445,4,10
482431,482442,482446,4,11
482431,482442,482446,4,11
482431,482443,482446,3,12
482431,482443,482447,4,12
482431,482441,482447,6,10
481392,481421,482446,1025,29
482431,482442,482447,5,11
482431,482442,482448,6,11
482431,482442,482448,6,11
482431,482443,482448,5,12
482431,482443,482448,5,12
482431,482442,482448,6,11
482431,482443,482449,6,12
482431,482443,482456,13,12
482431,482441,482457,16,10
482431,482431,482458,27,0
482431,482431,482458,27,0
481480,481495,482485,990,15
482531,482531,482534,3,0
482531,482531,482534,3,0
482531,482531,482533,2,0
482531,482531,482534,3,0
482531,482531,482535,4,0
482531,482531,482536,5,0
482531,482531,482536,5,0
482531,482531,482536,5,0
482531,482531,482535,4,0
482531,482531,482535,4,0
482531,482531,482535,4,0
482531,482531,482536,5,0
482531,482531,482536,5,0
482531,482531,482537,6,0
482531,482531,482537,6,0
482531,482531,482537,6,0
482531,482531,482537,6,0
482531,482534,482537,3,3
482531,482531,482537,6,0
482531,482531,482537,6,0
482531,482534,482537,3,3
482531,482531,482537,6,0
482531,482535,482538,3,4
482531,482531,482538,7,0
482531,482534,482538,4,3
482531,482531,482538,7,0
482531,482531,482539,8,0
482531,482531,482539,8,0
482531,482537,482540,3,6
482531,482536,482540,4,5
482531,482536,482540,4,5
482531,482537,482540,3,6
482531,482537,482540,3,6
482531,482536,482541,5,5
482531,482538,482541,3,7
482531,482536,482541,5,5
482531,482537,482541,4,6
482531,482538,482541,3,7
482531,482536,482542,6,5
482531,482531,482542,11,0
482531,482531,482542,11,0
482531,482536,482541,5,5
482531,482536,482542,6,5
482531,482538,482542,4,7
482531,482537,482542,5,6
482531,482539,482542,3,8
482531,482539,482542,3,8
482531,482536,482543,7,5
482531,482531,482542,11,0
482531,482531,482543,12,0
482531,482537,482543,6,6
482531,482537,482543,6,6
482531,482537,482544,7,6
482531,482538,482544,6,7
482531,482537,482544,7,6
482531,482541,482544,3,10
482531,482541,482544,3,10
482531,482541,482545,4,10
482531,482541,482544,3,10
482531,482541,482544,3,10
482531,482542,482544,2,11
482531,482542,482545,3,11
482531,482541,482546,5,10
482531,482539,482546,7,8
482531,482541,482546,5,10
482531,482542,482547,5,11
482531,482541,482547,6,10
482531,482542,482548,6,11
482531,482542,482549,7,11
482531,482542,482549,7,11
482586,482586,482589,3,0
482586,482586,482589,3,0
481073,481080,482589,1509,7
482586,482586,482589,3,0
482586,482586,482589,3,0
482586,482586,482589,3,0
482586,482586,482590,4,0
482586,482586,482590,4,0
482586,482586,482591,5,0
482586,482586,482591,5,0
482586,482586,482591,5,0
482586,482586,482591,5,0
482586,482586,482591,5,0
482586,482586,482591,5,0
482586,482586,482592,6,0
482586,482586,482591,5,0
482586,482589,482591,2,3
482586,482586,482591,5,0
482586,482589,482592,3,3
482586,482586,482591,5,0
482586,482586,482591,5,0
482586,482586,482593,7,0
482586,482586,482593,7,0
482586,482586,482593,7,0
482586,482586,482593,7,0
482586,482586,482593,7,0
482586,482589,482593,4,3
482586,482589,482594,5,3
482586,482590,482593,3,4
482586,482586,482593,7,0
482586,482589,482594,5,3
482586,482590,482593,3,4
482586,482591,482595,4,5
482586,482592,482595,3,6
482586,482592,482595,3,6
482586,482592,482595,3,6
482586,482593,482596,3,7
482586,482590,482596,6,4
482586,482592,482595,3,6
482586,482586,482597,11,0
482586,482586,482597,11,0
482586,482593,482597,4,7
482586,482591,482597,6,5
482586,482593,482597,4,7
482586,482593,482597,4,7
482586,482591,482598,7,5
482586,482592,482598,6,6
482586,482592,482597,5,6
482586,482592,482598,6,6
482586,482594,482598,4,8
482586,482594,482599,5,8
482586,482594,482599,5,8
482586,482592,482599,7,6
482586,482592,482598,6,6
482586,482595,482599,4,9
482586,482595,482599,4,9
482586,482596,482599,3,10
482586,482595,482599,4,9
481070,481080,482597,1517,10
482586,482593,482599,6,7
482586,482596,482599,3,10
482586,482596,482600,4,10
482586,482593,482600,7,7
482586,482592,482601,9,6
482586,482597,482601,4,11
482586,482596,482601,5,10
482586,482594,482601,7,8
482586,482594,482604,10,8
481080,481080,482604,1524,0
482586,482597,482607,10,11
482586,482586,482607,21,0
482586,482586,482611,25,0
482586,482597,482616,19,11
482644,482644,482646,2,0
482644,482644,482646,2,0
482644,482644,482646,2,0
482644,482644,482646,2,0
482644,482644,482647,3,0
482644,482644,482648,4,0
482644,482644,482648,4,0
482644,482644,482648,4,0
482644,482644,482647,3,0
482644,482644,482648,4,0
482644,482644,482648,4,0
482644,482644,482648,4,0
482644,482644,482649,5,0
482644,482644,482650,6,0
482644,482644,482649,5,0
482644,482644,482650,6,0
482644,482644,482649,5,0
482644,482647,482649,2,3
482644,482644,482649,5,0
482644,482647,482651,4,3
482644,482644,482650,6,0
482644,482648,482650,2,4
482644,482644,482651,7,0
482644,482647,482650,3,3
482644,482648,482650,2,4
482644,482647,482650,3,3
482644,482648,482651,3,4
482644,482648,482651,3,4
482644,482649,482652,3,5
482644,482644,482650,6,0
482644,482648,482652,4,4
482644,482644,482652,8,0
482644,482649,482652,3,5
482644,482651,482653,2,7
482644,482650,482653,3,6
482644,482650,482653,3,6
482644,482651,482654,3,7
482644,482644,482654,10,0
482644,482644,482654,10,0
482644,482649,482655,6,5
482644,482650,482654,4,6
482644,482651,482654,3,7
482644,482651,482654,3,7
482644,482651,482655,4,7
482644,482650,482655,5,6
482644,482650,482655,5,6
482644,482651,482655,4,7
482644,482653,482655,2,9
482644,482652,482655,3,8
482644,482652,482655,3,8
482644,482652,482655,3,8
482644,482651,482656,5,7
482644,482654,482657,3,10
482644,482654,482657,3,10
482644,482644,482655,11,0
482644,482651,482656,5,7
482644,482654,482657,3,10
482644,482654,482658,4,10
482644,482644,482658,14,0
482644,482653,482659,6,9
482644,482650,482656,6,6
482644,482656,482659,3,12
482644,482656,482659,3,12
482644,482657,482660,3,13
482644,482656,482659,3,12
482644,482656,482659,3,12
482644,482657,482660,3,13
482644,482655,482661,6,11
482644,482655,482660,5,11
482644,482658,482661,3,14
482644,482658,482661,3,14
482644,482656,482662,6,12
482644,482655,482662,7,11
482644,482655,482661,6,11
482644,482657,482661,4,13
482644,482659,482661,2,15
482644,482658,482663,5,14
482644,482658,482663,5,14
482644,482660,482663,3,16
482644,482660,482663,3,16
482644,482659,482664,5,15
482644,482661,482664,3,17
482644,482661,482664,3,17
482644,482661,482664,3,17
482644,482660,482664,4,16
482644,482660,482664,4,16
482644,482660,482664,4,16
482644,482655,482664,9,11
482644,482662,482664,2,18
482644,482662,482665,3,18
482644,482662,482665,3,18
482644,482662,482665,3,18
482644,482656,482665,9,12
482644,482656,482665,9,12
482644,482661,482666,5,17
482644,482664,482667,3,20
482644,482664,482667,3,20
482644,482663,482667,4,19
482644,482663,482667,4,19
482644,482664,482667,3,20
482644,482658,482666,8,14
482644,482664,482667,3,20
482644,482644,482667,23,0
482644,482656,482668,12,12
482644,482662,482668,6,18
482644,482664,482668,4,20
482644,482663,482668,5,19
482644,482653,482667,14,9
482644,482653,482668,15,9
482644,482659,482668,9,15
482644,482664,482668,4,20
482644,482664,482668,4,20
482644,482665,482668,3,21
482644,482665,482668,3,21
482644,482665,482668,3,21
482644,482665,482668,3,21
482644,482663,482668,5,19
482644,482657,482668,11,13
482644,482667,482670,3,23
482644,482657,482669,12,13
482644,482667,482671,4,23
482644,482667,482670,3,23
482644,482667,482671,4,23
482644,482667,482671,4,23
482644,482668,482671,3,24
482644,482666,482672,6,22
482644,482644,482673,29,0
482644,482655,482673,18,11
482644,482666,482673,7,22
482644,482667,482673,6,23
482644,482666,482674,8,22
482644,482668,482674,6,24
482644,482668,482675,7,24
482644,482668,482674,6,24
482644,482665,482676,11,21
482644,482668,482675,7,24
482644,482668,482677,9,24
482644,482668,482677,9,24
482644,482668,482676,8,24
482644,482668,482679,11,24
481720,481733,482745,1012,13
482752,482752,482755,3,0
482752,482752,482755,3,0
482752,482752,482755,3,0
482752,482752,482755,3,0
482752,482752,482755,3,0
482752,482752,482756,4,0
482752,482752,482756,4,0
482752,482752,482757,5,0
482752,482752,482757,5,0
482752,482752,482757,5,0
482752,482752,482757,5,0
482752,482752,482758,6,0
482752,482752,482758,6,0
482752,482752,482758,6,0
482752,482752,482758,6,0
482752,482752,482757,5,0
482752,482755,482758,3,3
482752,482752,482758,6,0
482752,482752,482759,7,0
482752,482756,482759,3,4
482752,482752,482759,7,0
482752,482755,482758,3,3
482752,482755,482759,4,3
482752,482755,482758,3,3
482752,482752,482760,8,0
482752,482752,482760,8,0
482752,482756,482760,4,4
482752,482757,482760,3,5
482752,482752,482761,9,0
482752,482752,482761,9,0
482752,482757,482761,4,5
482752,482757,482761,4,5
482752,482757,482761,4,5
482752,482759,482762,3,7
482752,482759,482762,3,7
482752,482759,482762,3,7
482752,482760,482762,2,8
482752,482759,482762,3,7
482752,482759,482762,3,7
482752,482758,482763,5,6
482752,482752,482763,11,0
482752,482757,482763,6,5
482752,482758,482763,5,6
482752,482760,482763,3,8
482752,482752,482764,12,0
482752,482752,482763,11,0
482752,482759,482764,5,7
482752,482761,482764,3,9
482752,482758,482764,6,6
482752,482762,482764,2,10
482752,482762,482764,2,10
482752,482759,482765,6,7
482752,482761,482765,4,9
482752,482762,482765,3,10
482752,482763,482765,2,11
482752,482763,482765,2,11
482752,482763,482765,2,11
482752,482763,482765,2,11
482752,482759,482766,7,7
482752,482761,482766,5,9
482752,482763,482766,3,11
482752,482763,482766,3,11
482752,482760,482767,7,8
482752,482760,482767,7,8
482752,482761,482767,6,9
482752,482765,482767,2,13
482752,482765,482768,3,13
482752,482765,482767,2,13
482752,482765,482767,2,13
482752,482766,482768,2,14
482752,482766,482768,2,14
482752,482766,482769,3,14
482752,482766,482768,2,14
482752,482767,482770,3,15
482752,482766,482769,3,14
482752,482766,482769,3,14
482752,482752,482770,18,0
482752,482766,482770,4,14
482752,482764,482770,6,12
482752,482767,482770,3,15
482752,482768,482771,3,16
482752,482768,482770,2,16
482752,482767,482771,4,15
482752,482768,482771,3,16
482752,482769,482772,3,17
482752,482768,482772,4,16
482752,482765,482772,7,13
482752,482769,482772,3,17
482752,482769,482773,4,17
482752,482769,482773,4,17
482752,482766,482773,7,14
482752,482767,482773,6,15
482752,482764,482773,9,12
482752,482768,482773,5,16
482752,482771,482774,3,19
482752,482771,482773,2,19
482752,482770,482774,4,18
482752,482770,482773,3,18
482752,482771,482774,3,19
482752,482772,482775,3,20
482752,482770,482775,5,18
482752,482772,482775,3,20
482752,482771,482774,3,19
482752,482752,482775,23,0
482752,482752,482774,22,0
482752,482752,482775,23,0
482752,482768,482775,7,16
482752,482771,482775,4,19
482752,482772,482776,4,20
482752,482774,482777,3,22
482752,482763,482776,13,11
482752,482773,482776,3,21
482752,482773,482776,3,21
482752,482774,482777,3,22
482752,482773,482777,4,21
482752,482772,482777,5,20
482752,482770,482775,5,18
482752,482774,482778,4,22
482752,482774,482778,4,22
482752,482774,482778,4,22
482752,482775,482778,3,23
482752,482775,482778,3,23
482752,482775,482778,3,23
482752,482775,482778,3,23
482752,482774,482779,5,22
482752,482773,482778,5,21
482752,482774,482779,5,22
482752,482776,482780,4,24
482752,482763,482780,17,11
482752,482764,482781,17,12
482752,482764,482780,16,12
482752,482774,482781,7,22
482752,482776,482781,5,24
482752,482764,482782,18,12
482752,482774,482783,9,22
482752,482776,482783,7,24
482752,482752,482776,24,0
482752,482776,482789,13,24
482752,482776,482789,13,24
482752,482776,482791,15,24
481234,481249,482807,1558,15
481794,481807,482822,1015,13
482864,482864,482867,3,0
482864,482864,482866,2,0
482864,482864,482867,3,0
482864,482864,482867,3,0
482864,482864,482867,3,0
482864,482864,482867,3,0
482864,482864,482867,3,0
482864,482864,482868,4,0
482864,482864,482869,5,0
482864,482864,482868,4,0
482864,482864,482869,5,0
482864,482864,482869,5,0
482864,482864,482868,4,0
482864,482864,482869,5,0
482864,482867,482869,2,3
482864,482867,482870,3,3
482864,482864,482870,6,0
482864,482864,482869,5,0
482864,482864,482869,5,0
482864,482864,482869,5,0
482864,482864,482869,5,0
482864,482864,482870,6,0
482864,482867,482870,3,3
482864,482868,482871,3,4
482864,482868,482871,3,4
482864,482864,482870,6,0
482864,482869,482872,3,5
482864,482868,482872,4,4
482864,482869,482872,3,5
482864,482869,482871,2,5
482864,482864,482873,9,0
482864,482864,482873,9,0
482864,482864,482873,9,0
482864,482870,482873,3,6
482864,482870,482873,3,6
482864,482864,482874,10,0
482864,482864,482874,10,0
482864,482864,482874,10,0
482864,482868,482874,6,4
482864,482869,482874,5,5
482864,482869,482874,5,5
482864,482870,482873,3,6
482864,482870,482874,4,6
482864,482871,482874,3,7
482864,482870,482873,3,6
482864,482871,482874,3,7
482864,482864,482874,10,0
482864,482869,482875,6,5
482864,482870,482875,5,6
482864,482872,482875,3,8
482864,482872,482875,3,8
482864,482871,482875,4,7
482864,482872,482875,3,8
482864,482870,482875,5,6
482864,482871,482875,4,7
482864,482872,482875,3,8
482864,482864,482876,12,0
482864,482873,482877,4,9
482864,482873,482877,4,9
482864,482874,482878,4,10
482864,482875,482877,2,11
482864,482869,482878,9,5
482864,482874,482879,5,10
482864,482876,482879,3,12
482864,482876,482879,3,12
482864,482872,482879,7,8
482864,482874,482880,6,10
482864,482876,482880,4,12
482864,482876,482880,4,12
482864,482877,482880,3,13
482864,482875,482880,5,11
482864,482876,482880,4,12
482864,482878,482881,3,14
482864,482873,482880,7,9
482864,482873,482881,8,9
482864,482874,482881,7,10
482864,482874,482881,7,10
482864,482879,482881,2,15
482864,482879,482881,2,15
482864,482875,482881,6,11
482864,482874,482882,8,10
482864,482874,482882,8,10
482864,482880,482882,2,16
482864,482864,482875,11,0
482864,482874,482883,9,10
482864,482880,482883,3,16
482864,482876,482883,7,12
482864,482880,482883,3,16
482864,482873,482884,11,9
482864,482877,482884,7,13
482864,482881,482884,3,17
482864,482880,482884,4,16
482864,482881,482884,3,17
482864,482882,482885,3,18
482864,482882,482884,2,18
482864,482880,482884,4,16
482864,482881,482885,4,17
482864,482880,482884,4,16
482864,482880,482885,5,16
482864,482882,482885,3,18
482864,482879,482885,6,15
482864,482883,482886,3,19
482864,482881,482886,5,17
482864,482881,482886,5,17
482864,482882,482886,4,18
482864,482884,482886,2,20
482864,482874,482887,13,10
482864,482883,482887,4,19
482864,482884,482887,3,20
482864,482885,482887,2,21
482864,482885,482888,3,21
482864,482885,482888,3,21
482864,482880,482888,8,16
482864,482883,482888,5,19
482864,482880,482888,8,16
482864,482885,482888,3,21
482864,482885,482888,3,21
482864,482886,482888,2,22
482864,482885,482889,4,21
482864,482883,482888,5,19
482864,482885,482889,4,21
482864,482884,482889,5,20
482864,482885,482889,4,21
482864,482886,482889,3,22
482864,482880,482889,9,16
482864,482887,482890,3,23
482864,482864,482890,26,0
482864,482874,482890,16,10
482864,482884,482890,6,20
482864,482864,482890,26,0
482864,482874,482891,17,10
482864,482882,482892,10,18
482864,482883,482892,9,19
482864,482887,482893,6,23
482864,482887,482893,6,23
482864,482886,482894,8,22
482864,482875,482895,20,11
482864,482887,482895,8,23
482864,482886,482901,15,22
482864,482886,482904,18,22
482928,482928,482929,1,0
482964,482964,482966,2,0
482049,482063,483020,957,14
483023,483023,483025,2,0
483023,483023,483025,2,0
483023,483023,483027,4,0
483023,483023,483026,3,0
483023,483023,483027,4,0
483023,483023,483028,5,0
483023,483023,483027,4,0
483023,483023,483028,5,0
483023,483023,483029,6,0
483023,483023,483029,6,0
483023,483026,483028,2,3
483023,483023,483029,6,0
483023,483026,483028,2,3
483023,483023,483027,4,0
483023,483023,483030,7,0
483023,483027,483029,2,4
483023,483023,483030,7,0
483023,483027,483031,4,4
483023,483023,483030,7,0
483023,483023,483031,8,0
483023,483027,483030,3,4
483023,483023,483031,8,0
483023,483029,483032,3,6
483023,483029,483031,2,6
483023,483029,483031,2,6
483023,483023,483031,8,0
483023,483023,483030,7,0
483023,483023,483032,9,0
483023,483023,483032,9,0
483023,483023,483032,9,0
483023,483028,483032,4,5
483023,483028,483033,5,5
483023,483028,483033,5,5
483023,483029,483032,3,6
483023,483023,483033,10,0
483023,483031,483034,3,8
483023,483029,483033,4,6
483023,483030,483033,3,7
483023,483031,483034,3,8
483023,483030,483034,4,7
483023,483031,483035,4,8
483023,483023,483035,12,0
483023,483033,483036,3,10
483023,483031,483036,5,8
483023,483032,483036,4,9
483023,483032,483035,3,9
483023,483032,483036,4,9
483023,483023,483037,14,0
483023,483032,483036,4,9
483023,483034,483037,3,11
483023,483033,483036,3,10
483023,483030,483037,7,7
483023,483034,483038,4,11
483023,483033,483038,5,10
483023,483033,483037,4,10
483023,483023,483034,11,0
483023,483030,483037,7,7
483023,483033,483038,5,10
483023,483033,483038,5,10
483023,483034,483037,3,11
483023,483023,483038,15,0
483023,483034,483039,5,11
483023,483033,483039,6,10
483023,483033,483040,7,10
483023,483023,483041,18,0
483023,483023,483040,17,0
483023,483023,483038,15,0
483023,483023,483038,15,0
482064,482078,483049,971,14
483023,483032,483050,18,9
483051,483051,483056,5,0
483051,483051,483055,4,0
483051,483051,483055,4,0
483023,483034,483055,21,11
483051,483051,483056,5,0
483051,483051,483056,5,0
483051,483051,483056,5,0
483051,483051,483056,5,0
483051,483051,483058,7,0
483051,483051,483057,6,0
483051,483051,483058,7,0
483051,483051,483059,8,0
483051,483051,483059,8,0
483051,483051,483059,8,0
483051,483051,483058,7,0
483051,483051,483058,7,0
483051,483051,483059,8,0
483051,483051,483058,7,0
483051,483051,483058,7,0
483051,483051,483060,9,0
483051,483051,483061,10,0
483051,483058,483061,3,7
483051,483056,483061,5,5
483051,483056,483061,5,5
481543,481558,483061,1503,15
483051,483051,483062,11,0
483051,483051,483061,10,0
483051,483051,483060,9,0
483051,483057,483062,5,6
483051,483057,483063,6,6
483051,483059,483062,3,8
483051,483056,483062,6,5
483051,483059,483063,4,8
483051,483059,483063,4,8
483051,483059,483063,4,8
483051,483058,483063,5,7
483051,483057,483063,6,6
483051,483058,483063,5,7
483051,483061,483064,3,10
483051,483057,483065,8,6
483051,483062,483065,3,11
483051,483059,483066,7,8
483051,483063,483066,3,12
483051,483061,483065,4,10
483051,483061,483065,4,10
483051,483059,483066,7,8
483051,483059,483066,7,8
483051,483062,483067,5,11
483051,483064,483067,3,13
483051,483065,483067,2,14
483051,483051,483063,12,0
483051,483064,483068,4,13
483051,483063,483068,5,12
483051,483064,483069,5,13
483051,483063,483068,5,12
483051,483066,483069,3,15
483051,483064,483069,5,13
483051,483066,483070,4,15
483051,483065,483069,4,14
483051,483066,483069,3,15
483051,483066,483069,3,15
483051,483062,483071,9,11
483051,483064,483071,7,13
483051,483062,483072,10,11
483051,483066,483073,7,15
483051,483063,483072,9,12
483051,483059,483075,16,8
483051,483067,483075,8,16
483051,483064,483075,11,13
483051,483056,483079,23,5
482066,482093,483079,986,27
483051,483063,483084,21,12
482076,482111,483093,982,35
483051,483062,483096,34,11
483109,483110,483111,1,1
483121,483121,483124,3,0
483121,483121,483123,2,0
483121,483121,483124,3,0
483121,483121,483124,3,0
483121,483121,483125,4,0
483121,483121,483126,5,0
483121,483121,483125,4,0
483121,483121,483126,5,0
483121,483121,483127,6,0
483121,483121,483126,5,0
483121,483121,483127,6,0
483121,483124,483127,3,3
483121,483125,483128,3,4
483121,483121,483128,7,0
483121,483121,483128,7,0
483121,483121,483128,7,0
483121,483124,483127,3,3
483121,483121,483127,6,0
483121,483124,483128,4,3
483121,483121,483129,8,0
483121,483121,483129,8,0
483121,483121,483128,7,0
483121,483121,483129,8,0
483121,483121,483130,9,0
483121,483121,483129,8,0
483121,483128,483131,3,7
483121,483125,483130,5,4
483121,483127,483131,4,6
483121,483128,483130,2,7
483121,483128,483131,3,7
483121,483126,483131,5,5
483121,483126,483131,5,5
483121,483126,483132,6,5
483121,483127,483132,5,6
483121,483128,483132,4,7
483121,483129,483133,4,8
483121,483127,483133,6,6
483121,483129,483132,3,8
483121,483128,483132,4,7
483121,483130,483134,4,9
483121,483131,483134,3,10
483121,483131,483134,3,10
483121,483130,483134,4,9
483121,483131,483134,3,10
483121,483131,483135,4,10
483121,483132,483136,4,11
483121,483127,483135,8,6
483121,483133,483136,3,12
483121,483132,483136,4,11
483121,483133,483137,4,12
483121,483132,483137,5,11
483121,483134,483137,3,13
483121,483132,483137,5,11
483121,483133,483138,5,12
483121,483132,483137,5,11
483121,483133,483138,5,12
483121,483134,483138,4,13
483121,483135,483138,3,14
483121,483121,483131,10,0
483121,483135,483139,4,14
483121,483135,483141,6,14
483121,483139,483141,2,18
483121,483139,483142,3,18
483121,483138,483142,4,17
483121,483136,483143,7,15
483121,483139,483143,4,18
483121,483128,483143,15,7
483121,483138,483143,5,17
483121,483138,483143,5,17
483121,483138,483143,5,17
483121,483135,483143,8,14
483121,483137,483143,6,16
483121,483138,483144,6,17
483121,483128,483144,16,7
483121,483136,483144,8,15
483121,483142,483144,2,21
483121,483137,483145,8,16
483121,483121,483144,23,0
483121,483130,483145,15,9
483121,483138,483144,6,17
483121,483131,483145,14,10
483121,483137,483145,8,16
483121,483142,483145,3,21
483121,483142,483145,3,21
483121,483143,483146,3,22
483121,483129,483146,17,8
483121,483142,483146,4,21
483121,483144,483146,2,23
483121,483143,483147,4,22
483121,483145,483147,2,24
483121,483144,483147,3,23
483121,483145,483148,3,24
483121,483143,483148,5,22
483121,483143,483148,5,22
483121,483145,483148,3,24
483121,483145,483148,3,24
483121,483146,483149,3,25
483121,483146,483149,3,25
483121,483130,483149,19,9
483121,483144,483150,6,23
483121,483145,483150,5,24
483121,483143,483150,7,22
483121,483136,483150,14,15
483121,483147,483151,4,26
483121,483145,483150,5,24
483121,483147,483150,3,26
483121,483148,483151,3,27
483121,483148,483151,3,27
483121,483149,483151,2,28
483121,483148,483151,3,27
483121,483149,483151,2,28
483121,483148,483151,3,27
483121,483121,483145,24,0
483121,483149,483152,3,28
483121,483144,483152,8,23
483121,483130,483152,22,9
483121,483149,483153,4,28
483121,483149,483152,3,28
483121,483130,483153,23,9
483121,483149,483153,4,28
483121,483151,483153,2,30
483121,483151,483154,3,30
483121,483151,483154,3,30
483153,483153,483155,2,0
483121,483150,483155,5,29
483121,483151,483155,4,30
483121,483152,483155,3,31
483121,483152,483155,3,31
483121,483152,483155,3,31
483121,483152,483155,3,31
483121,483152,483156,4,31
483121,483150,483155,5,29
483121,483150,483156,6,29
483121,483151,483156,5,30
483121,483145,483157,12,24
483121,483146,483157,11,25
483121,483151,483159,8,30
483121,483145,483154,9,24
483121,483145,483164,19,24
483121,483143,483172,29,22
483121,483152,483177,25,31
482205,482233,483207,974,28
483212,483212,483215,3,0
483212,483212,483215,3,0
483212,483212,483215,3,0
483212,483212,483216,4,0
483212,483212,483216,4,0
483212,483212,483216,4,0
483212,483212,483216,4,0
483212,483212,483217,5,0
483212,483212,483216,4,0
483212,483212,483217,5,0
483212,483212,483218,6,0
483212,483212,483217,5,0
483212,483215,483218,3,3
483212,483212,483219,7,0
483212,483212,483218,6,0
483212,483212,483219,7,0
483212,483212,483219,7,0
483212,483215,483218,3,3
483212,483216,483220,4,4
483212,483215,483219,4,3
483212,483212,483220,8,0
483212,483212,483220,8,0
483212,483218,483220,2,6
483212,483218,483221,3,6
483212,483217,483221,4,5
483212,483217,483221,4,5
483212,483219,483221,2,7
483212,483216,483220,4,4
483212,483216,483220,4,4
483212,483217,483220,3,5
483212,483218,483220,2,6
483212,483212,483221,9,0
483212,483219,483221,2,7
483212,483219,483221,2,7
483212,483219,483222,3,7
483212,483212,483223,11,0
483212,483221,483223,2,9
483212,483219,483223,4,7
483212,483212,483223,11,0
483212,483221,483223,2,9
483212,483221,483223,2,9
483212,483220,483224,4,8
483212,483217,483223,6,5
483212,483221,483224,3,9
483212,483221,483224,3,9
483212,483221,483224,3,9
483212,483222,483225,3,10
483212,483222,483225,3,10
483212,483212,483225,13,0
483212,483223,483225,2,11
483212,483220,483224,4,8
483212,483221,483225,4,9
483212,483222,483225,3,10
483212,483222,483225,3,10
483212,483220,483225,5,8
483212,483221,483225,4,9
483212,483221,483225,4,9
483212,483221,483226,5,9
483212,483212,483226,14,0
483212,483224,483226,2,12
483212,483224,483227,3,12
483212,483223,483227,4,11
483212,483212,483221,9,0
483212,483212,483222,10,0
483212,483224,483229,5,12
483212,483224,483229,5,12
483212,483224,483231,7,12
483231,483231,483233,2,0
483235,483235,483238,3,0
483235,483235,483239,4,0
483235,483235,483239,4,0
483235,483235,483239,4,0
483235,483235,483238,3,0
483235,483235,483239,4,0
483235,483235,483240,5,0
483235,483235,483240,5,0
483235,483235,483240,5,0
483235,483235,483239,4,0
483235,483235,483240,5,0
483235,483235,483240,5,0
483235,483235,483240,5,0
483235,483235,483242,7,0
483235,483235,483242,7,0
483235,483235,483242,7,0
483235,483239,483242,3,4
483235,483235,483242,7,0
483235,483235,483242,7,0
483235,483239,483243,4,4
483212,483212,483236,24,0
483235,483235,483244,9,0
483235,483239,483243,4,4
483235,483242,483244,2,7
483235,483241,483244,3,6
483235,483240,483245,5,5
483235,483241,483244,3,6
483235,483242,483244,2,7
483235,483239,483244,5,4
483235,483239,483244,5,4
483235,483240,483245,5,5
483235,483242,483245,3,7
483235,483242,483245,3,7
483235,483240,483245,5,5
483235,483240,483246,6,5
483235,483243,483246,3,8
483235,483243,483246,3,8
483235,483243,483245,2,8
483235,483235,483247,12,0
483235,483244,483246,2,9
483235,483240,483247,7,5
483235,483241,483247,6,6
483235,483245,483247,2,10
483235,483235,483248,13,0
483235,483245,483248,3,10
483235,483245,483247,2,10
483235,483245,483248,3,10
483235,483245,483248,3,10
483235,483245,483248,3,10
483235,483247,483249,2,12
483235,483244,483249,5,9
483235,483245,483249,4,10
483235,483245,483249,4,10
483235,483246,483249,3,11
483235,483246,483249,3,11
483235,483245,483250,5,10
483235,483248,483250,2,13
483235,483245,483249,4,10
483235,483246,483249,3,11
483235,483248,483250,2,13
483235,483247,483251,4,12
483235,483246,483251,5,11
483235,483246,483252,6,11
483235,483247,483252,5,12
483235,483248,483252,4,13
483235,483235,483256,21,0
483235,483235,483256,21,0
483235,483244,483256,12,9
483212,483212,483257,45,0
483212,483223,483258,35,11
483235,483235,483259,24,0
483235,483248,483260,12,13
483235,483247,483261,14,12
482319,482346,483337,991,27
483339,483339,483343,4,0
483339,483339,483343,4,0
483339,483339,483343,4,0
483339,483339,483344,5,0
483339,483339,483344,5,0
483339,483339,483344,5,0
483339,483339,483344,5,0
483339,483339,483344,5,0
483339,483339,483345,6,0
483339,483339,483345,6,0
483339,483339,483344,5,0
483339,483339,483345,6,0
483339,483339,483344,5,0
483339,483339,483346,7,0
483339,483339,483346,7,0
483339,483339,483345,6,0
483339,483339,483346,7,0
483339,483339,483347,8,0
483339,483339,483347,8,0
483339,483339,483348,9,0
483339,483339,483347,8,0
483339,483345,483347,2,6
483339,483345,483348,3,6
483339,483343,483348,5,4
483339,483343,483348,5,4
483339,483343,483348,5,4
483339,483344,483347,3,5
483339,483345,483349,4,6
483339,483339,483348,9,0
483339,483339,483349,10,0
483339,483339,483349,10,0
483339,483339,483349,10,0
483339,483344,483349,5,5
483339,483344,483348,4,5
483339,483346,483348,2,7
483339,483345,483349,4,6
483339,483346,483350,4,7
483339,483347,483349,2,8
483339,483345,483350,5,6
483339,483346,483350,4,7
483339,483344,483351,7,5
483339,483348,483351,3,9
483339,483348,483351,3,9
483339,483348,483352,4,9
483339,483348,483352,4,9
483339,483349,483352,3,10
483339,483348,483352,4,9
483339,483344,483351,7,5
483339,483350,483352,2,11
483339,483349,483352,3,10
483339,483348,483352,4,9
483339,483348,483352,4,9
483339,483348,483353,5,9
483339,483349,483353,4,10
483339,483346,483353,7,7
483339,483349,483354,5,10
483339,483351,483354,3,12
483339,483351,483354,3,12
483339,483352,483355,3,13
483339,483352,483355,3,13
483339,483349,483355,6,10
483339,483351,483355,4,12
483339,483350,483358,8,11
483339,483349,483358,9,10
483339,483349,483358,9,10
483350,483350,483359,9,0
483339,483349,483362,13,10
483339,483349,483362,13,10
483339,483350,483362,12,11
483339,483350,483367,17,11
483339,483347,483380,33,8
481899,481912,483424,1512,13
483425,483425,483429,4,0
483425,483425,483429,4,0
483425,483425,483430,5,0
483425,483425,483430,5,0
483425,483425,483429,4,0
483425,483425,483430,5,0
483425,483425,483431,6,0
483425,483425,483431,6,0
483425,483425,483431,6,0
483425,483425,483432,7,0
483425,483425,483433,8,0
483425,483425,483433,8,0
483425,483431,483433,2,6
483425,483425,483432,7,0
483425,483425,483434,9,0
483425,483430,483434,4,5
483425,483432,483434,2,7
483425,483429,483434,5,4
483425,483425,483435,10,0
483425,483433,483435,2,8
483425,483425,483435,10,0
483425,483431,483436,5,6
483425,483425,483436,11,0
483425,483434,483436,2,9
483425,483434,483436,2,9
483425,483431,483436,5,6
483425,483431,483436,5,6
483425,483435,483436,1,10
483425,483434,483437,3,9
483425,483433,483437,4,8
483425,483425,483437,12,0
483425,483425,483437,12,0
483425,483434,483437,3,9
483425,483435,483439,4,10
483425,483436,483438,2,11
483425,483431,483438,7,6
483425,483432,483438,6,7
483425,483437,483439,2,12
483425,483437,483439,2,12
483425,483437,483439,2,12
483425,483435,483439,4,10
483425,483437,483439,2,12
483425,483438,483440,2,13
483425,483425,483440,15,0
483425,483425,483437,12,0
483425,483425,483439,14,0
483425,483438,483441,3,13
483425,483425,483441,16,0
483425,483437,483441,4,12
483425,483437,483441,4,12
483425,483439,483442,3,14
483425,483440,483442,2,15
483425,483440,483442,2,15
483425,483440,483442,2,15
483425,483440,483442,2,15
483425,483425,483439,14,0
483425,483439,483444,5,14
483425,483441,483444,3,16
483425,483440,483444,4,15
483425,483439,483444,5,14
483425,483438,483445,7,13
483425,483439,483444,5,14
483425,483425,483445,20,0
483425,483438,483446,8,13
483425,483436,483442,6,11
483425,483441,483445,4,16
483425,483436,483451,15,11
483425,483437,483451,14,12
483425,483441,483465,24,16
481918,481934,483466,1532,16
483467,483467,483471,4,0
483467,483467,483471,4,0
483467,483467,483471,4,0
483467,483467,483472,5,0
483467,483467,483472,5,0
483467,483467,483472,5,0
483467,483467,483473,6,0
483467,483467,483473,6,0
483467,483467,483473,6,0
483467,483467,483474,7,0
483467,483467,483474,7,0
483467,483467,483473,6,0
483467,483467,483474,7,0
483467,483467,483475,8,0
483467,483467,483475,8,0
483467,483467,483475,8,0
483467,483467,483475,8,0
483467,483472,483475,3,5
483467,483467,483475,8,0
483467,483467,483476,9,0
483467,483467,483476,9,0
483467,483474,483476,2,7
483467,483474,483476,2,7
483467,483471,483476,5,4
483467,483467,483476,9,0
483467,483474,483477,3,7
483467,483471,483477,6,4
483467,483475,483478,3,8
483467,483475,483478,3,8
483467,483474,483478,4,7
483467,483476,483478,2,9
483467,483476,483479,3,9
483467,483473,483479,6,6
483467,483476,483478,2,9
483467,483476,483479,3,9
483467,483474,483479,5,7
483475,483476,483479,3,1
483467,483477,483480,3,10
483467,483472,483480,8,5
483467,483474,483480,6,7
483467,483478,483481,3,11
483467,483478,483481,3,11
483467,483476,483482,6,9
483467,483479,483482,3,12
483467,483479,483482,3,12
483467,483479,483482,3,12
483467,483480,483483,3,13
483467,483479,483483,4,12
483425,483438,483481,43,13
483467,483478,483484,6,11
483467,483479,483484,5,12
483467,483467,483484,17,0
483467,483482,483484,2,15
483467,483482,483484,2,15
483467,483479,483484,5,12
483467,483475,483479,4,8
483467,483483,483485,2,16
483467,483483,483485,2,16
483467,483483,483486,3,16
483467,483483,483486,3,16
483467,483481,483486,5,14
483467,483480,483486,6,13
483467,483481,483486,5,14
483467,483482,483487,5,15
483467,483475,483488,13,8
483467,483476,483493,17,9
483467,483475,483493,18,8
483467,483467,483490,23,0
483467,483472,483497,25,5
483467,483471,483502,31,4
483467,483467,483505,38,0
483467,483475,483504,29,8
483619,483620,483640,20,1
482753,482777,483740,963,24
483742,483742,483747,5,0
483742,483742,483747,5,0
483742,483742,483746,4,0
483742,483742,483746,4,0
483742,483742,483748,6,0
483742,483742,483748,6,0
483742,483742,483748,6,0
483742,483742,483748,6,0
483742,483742,483749,7,0
483742,483742,483749,7,0
483742,483742,483749,7,0
483742,483742,483750,8,0
483742,483742,483750,8,0
483742,483742,483750,8,0
483742,483748,483750,2,6
483742,483748,483750,2,6
483742,483742,483750,8,0
483742,483748,483750,2,6
483742,483747,483751,4,5
483742,483742,483752,10,0
483742,483747,483752,5,5
483742,483747,483752,5,5
483742,483749,483752,3,7
483742,483747,483752,5,5
483742,483750,483752,2,8
483742,483750,483752,2,8
483742,483749,483753,4,7
483742,483750,483753,3,8
483742,483750,483752,2,8
483742,483750,483752,2,8
483742,483742,483754,12,0
483742,483751,483754,3,9
483742,483742,483755,13,0
483742,483742,483754,12,0
483742,483750,483755,5,8
483742,483752,483755,3,10
483742,483753,483756,3,11
483742,483753,483756,3,11
483742,483753,483756,3,11
483742,483754,483756,2,12
483742,483742,483754,12,0
483742,483752,483756,4,10
483742,483753,483756,3,11
483742,483752,483757,5,10
483742,483752,483756,4,10
483742,483753,483757,4,11
483742,483754,483758,4,12
483742,483756,483758,2,14
483742,483750,483758,8,8
483742,483751,483758,7,9
483742,483742,483759,17,0
483742,483753,483759,6,11
483742,483757,483759,2,15
483742,483757,483759,2,15
483742,483757,483759,2,15
483742,483756,483759,3,14
483742,483742,483760,18,0
483742,483754,483760,6,12
483742,483757,483759,2,15
483742,483757,483760,3,15
483742,483755,483761,6,13
483742,483757,483761,4,15
483742,483755,483761,6,13
483742,483755,483761,6,13
483742,483757,483761,4,15
483742,483742,483762,20,0
483742,483752,483762,10,10
483742,483742,483762,20,0
483742,483757,483762,5,15
483742,483742,483763,21,0
483749,483749,483798,49,0
482865,482888,483840,952,23
483841,483841,483845,4,0
483841,483841,483845,4,0
483841,483841,483845,4,0
483841,483841,483845,4,0
483841,483841,483846,5,0
483841,483841,483847,6,0
483841,483841,483847,6,0
483841,483841,483847,6,0
483841,483841,483846,5,0
483841,483841,483847,6,0
483841,483841,483848,7,0
483841,483841,483848,7,0
483841,483841,483847,6,0
483841,483841,483849,8,0
483841,483841,483849,8,0
483841,483841,483848,7,0
483841,483841,483848,7,0
483841,483847,483849,2,6
483841,483847,483849,2,6
483841,483841,483849,8,0
483841,483847,483850,3,6
483841,483848,483850,2,7
483841,483847,483851,4,6
483841,483846,483850,4,5
483841,483846,483851,5,5
483841,483848,483850,2,7
483841,483848,483851,3,7
483841,483849,483851,2,8
483841,483846,483852,6,5
483841,483849,483852,3,8
483841,483849,483851,2,8
483841,483850,483852,2,9
483841,483850,483852,2,9
483841,483841,483853,12,0
483841,483841,483853,12,0
483841,483841,483852,11,0
483841,483845,483852,7,4
483841,483850,483853,3,9
483841,483849,483853,4,8
483841,483847,483853,6,6
483841,483851,483854,3,10
483841,483851,483853,2,10
483841,483851,483853,2,10
483841,483847,483854,7,6
483841,483852,483855,3,11
483841,483852,483855,3,11
483841,483852,483854,2,11
483841,483853,483856,3,12
483841,483851,483855,4,10
483841,483851,483855,4,10
483841,483851,483856,5,10
483841,483853,483856,3,12
483841,483854,483856,2,13
483841,483854,483856,2,13
483841,483841,483852,11,0
483841,483854,483856,2,13
483841,483849,483857,8,8
483841,483841,483858,17,0
483841,483853,483858,5,12
483841,483853,483857,4,12
483841,483841,483858,17,0
483841,483853,483858,5,12
483841,483855,483858,3,14
483841,483853,483859,6,12
483841,483852,483859,7,11
483841,483854,483859,5,13
483841,483855,483859,4,14
483841,483841,483859,18,0
483841,483849,483860,11,8
483841,483854,483863,9,13
483888,483888,483914,26,0
482975,482975,483932,957,0
483933,483933,483937,4,0
483933,483933,483937,4,0
483933,483933,483938,5,0
483933,483933,483937,4,0
483933,483933,483937,4,0
483933,483933,483938,5,0
483933,483933,483938,5,0
483933,483933,483940,7,0
483933,483938,483940,2,5
483933,483933,483941,8,0
483933,483933,483940,7,0
483933,483933,483940,7,0
483933,483933,483941,8,0
483933,483937,483941,4,4
483933,483933,483940,7,0
483933,483933,483939,6,0
483933,483933,483941,8,0
483933,483933,483942,9,0
483933,483939,483941,2,6
483933,483938,483942,4,5
483933,483938,483942,4,5
483933,483940,483943,3,7
483933,483938,483942,4,5
483933,483940,483942,2,7
483933,483941,483943,2,8
483933,483941,483943,2,8
483933,483941,483943,2,8
483933,483941,483943,2,8
483933,483942,483944,2,9
483933,483941,483944,3,8
483933,483943,483945,2,10
483933,483933,483943,10,0
483933,483933,483943,10,0
483933,483943,483946,3,10
483933,483941,483945,4,8
483933,483943,483945,2,10
483933,483944,483946,2,11
483933,483939,483946,7,6
483933,483941,483947,6,8
483933,483944,483946,2,11
483933,483944,483946,2,11
483933,483944,483946,2,11
483933,483943,483947,4,10
483933,483945,483948,3,12
483933,483943,483947,4,10
483933,483933,483942,9,0
483933,483945,483948,3,12
483933,483942,483947,5,9
483933,483933,483948,15,0
483933,483946,483949,3,13
483933,483947,483949,2,14
483933,483946,483948,2,13
483933,483947,483949,2,14
483933,483947,483949,2,14
483933,483946,483950,4,13
483933,483933,483949,16,0
483933,483947,483950,3,14
483933,483946,483951,5,13
483933,483947,483951,4,14
483933,483933,483951,18,0
483933,483948,483951,3,15
483933,483948,483951,3,15
483933,483948,483952,4,15
483933,483942,483952,10,9
483933,483942,483952,10,9
483933,483947,483952,5,14
483933,483933,483955,22,0
483933,483933,483957,24,0
483933,483933,483960,27,0
483933,483946,483975,29,13
483035,483036,484019,983,1
483023,483035,484019,984,12
483025,483035,484022,987,10
484020,484020,484023,3,0
484020,484020,484024,4,0
484020,484020,484023,3,0
484020,484020,484025,5,0
484020,484020,484025,5,0
484020,484020,484025,5,0
484020,484023,484025,2,3
484020,484022,484025,3,2
484020,484020,484026,6,0
484020,484020,484026,6,0
484020,484020,484026,6,0
484020,484020,484025,5,0
484020,484020,484026,6,0
484020,484020,484027,7,0
484020,484025,484027,2,5
484020,484020,484027,7,0
484020,484024,484027,3,4
484020,484020,484027,7,0
484020,484020,484027,7,0
484020,484025,484027,2,5
484020,484020,484028,8,0
484020,484025,484028,3,5
484020,484026,484028,2,6
484020,484020,484029,9,0
484020,484024,484029,5,4
484020,484020,484029,9,0
484020,484028,484029,1,8
484020,484026,484030,4,6
484020,484020,484030,10,0
483033,483036,484030,994,3
484020,484025,484030,5,5
484020,484025,484030,5,5
484020,484027,484030,3,7
484020,484027,484030,3,7
484020,484028,484030,2,8
484020,484028,484030,2,8
484020,484028,484030,2,8
484020,484020,484031,11,0
484020,484026,484031,5,6
484020,484028,484031,3,8
484020,484029,484031,2,9
484020,484029,484031,2,9
484020,484029,484032,3,9
484020,484020,484032,12,0
484020,484027,484032,5,7
484020,484026,484031,5,6
484020,484026,484031,5,6
484020,484030,484033,3,10
484020,484030,484032,2,10
484020,484031,484033,2,11
484020,484031,484033,2,11
484020,484030,484033,3,10
484020,484031,484033,2,11
484020,484031,484033,2,11
484020,484031,484033,2,11
484020,484032,484034,2,12
484020,484029,484034,5,9
483030,483036,484035,999,6
484020,484032,484034,2,12
484020,484032,484034,2,12
484020,484030,484035,5,10
484020,484032,484035,3,12
484020,484030,484035,5,10
482432,482444,484035,1591,12
484020,484034,484036,2,14
484020,484031,484035,4,11
484020,484030,484036,6,10
484020,484034,484036,2,14
484020,484034,484036,2,14
484020,484034,484036,2,14
484020,484020,484036,16,0
484020,484020,484037,17,0
484020,484033,484037,4,13
484020,484035,484037,2,15
484020,484035,484038,3,15
484020,484036,484037,1,16
484020,484035,484038,3,15
484020,484035,484038,3,15
484020,484030,484038,8,10
484020,484033,484038,5,13
484020,484037,484039,2,17
484020,484033,484039,6,13
484020,484037,484039,2,17
484020,484038,484040,2,18
484020,484038,484040,2,18
484020,484036,484039,3,16
484020,484033,484039,6,13
484020,484037,484039,2,17
484020,484035,484039,4,15
484020,484038,484040,2,18
484020,484038,484040,2,18
484020,484039,484041,2,19
484020,484039,484041,2,19
484020,484038,484040,2,18
484020,484037,484041,4,17
484020,484038,484041,3,18
484020,484034,484041,7,14
484020,484032,484041,9,12
484020,484033,484042,9,13
484020,484040,484042,2,20
484020,484039,484041,2,19
484020,484039,484041,2,19
484020,484020,484042,22,0
484020,484040,484042,2,20
484020,484040,484042,2,20
484020,484041,484043,2,21
484020,484040,484043,3,20
484020,484041,484043,2,21
484020,484033,484043,10,13
484020,484041,484044,3,21
484020,484041,484043,2,21
484020,484041,484044,3,21
484020,484042,484044,2,22
484017,484018,484044,26,1
484020,484040,484045,5,20
484020,484043,484045,2,23
484020,484042,484045,3,22
484020,484042,484044,2,22
484020,484043,484045,2,23
484020,484042,484045,3,22
484020,484042,484045,3,22
484020,484040,484045,5,20
484020,484039,484044,5,19
484020,484043,484045,2,23
484020,484044,484046,2,24
484020,484044,484046,2,24
484020,484043,484046,3,23
484020,484020,484046,26,0
484020,484041,484046,5,21
484020,484020,484046,26,0
484020,484033,484046,13,13
484020,484044,484046,2,24
484020,484044,484047,3,24
484020,484031,484047,16,11
484020,484045,484047,2,25
484020,484042,484047,5,22
484024,484046,484049,3,22
484024,484046,484049,3,22
484024,484046,484049,3,22
484020,484044,484049,5,24
484024,484047,484050,3,23
484020,484036,484049,13,16
484024,484048,484050,2,24
484024,484047,484050,3,23
484020,484042,484050,8,22
484024,484045,484051,6,21
484024,484046,484051,5,22
484024,484045,484051,6,21
484024,484045,484051,6,21
484024,484045,484051,6,21
484020,484035,484051,16,15
484024,484049,484051,2,25
484024,484049,484052,3,25
484024,484045,484052,7,21
484024,484050,484052,2,26
484024,484048,484052,4,24
484024,484050,484052,2,26
484024,484052,484053,1,28
484024,484052,484053,1,28
484024,484045,484053,8,21
484024,484051,484053,2,27
484024,484047,484052,5,23
484024,484050,484053,3,26
484024,484051,484054,3,27
484024,484051,484053,2,27
484024,484052,484054,2,28
484024,484052,484054,2,28
484024,484053,484055,2,29
484024,484053,484055,2,29
484020,484037,484054,17,17
484024,484048,484055,7,24
484024,484053,484055,2,29
484024,484054,484056,2,30
484024,484053,484055,2,29
484024,484053,484057,4,29
484024,484054,484056,2,30
484024,484054,484056,2,30
484024,484054,484056,2,30
484024,484054,484057,3,30
484024,484054,484057,3,30
484024,484054,484057,3,30
484024,484055,484057,2,31
484024,484055,484057,2,31
484024,484055,484057,2,31
484024,484054,484058,4,30
484024,484056,484058,2,32
484024,484054,484058,4,30
484024,484056,484058,2,32
484024,484058,484059,1,34
484024,484058,484059,1,34
484024,484057,484059,2,33
484024,484051,484059,8,27
484024,484056,484059,3,32
484024,484057,484060,3,33
484024,484057,484059,2,33
484024,484057,484059,2,33
484024,484058,484060,2,34
484024,484058,484060,2,34
484024,484045,484060,15,21
484020,484042,484060,18,22
484024,484058,484060,2,34
484024,484058,484060,2,34
484024,484051,484061,10,27
484024,484050,484061,11,26
484024,484046,484062,16,22
484031,484060,484062,2,29
484024,484055,484061,6,31
484031,484060,484062,2,29
484031,484060,484062,2,29
484031,484061,484063,2,30
484020,484032,484063,31,12
484031,484061,484064,3,30
484031,484059,484064,5,28
484031,484061,484064,3,30
484031,484060,484064,4,29
484024,484048,484064,16,24
484024,484058,484065,7,34
484031,484062,484064,2,31
484031,484063,484065,2,32
484031,484063,484065,2,32
484031,484060,484066,6,29
484031,484064,484066,2,33
484031,484060,484066,6,29
484031,484064,484066,2,33
484031,484065,484066,1,34
484031,484060,484066,6,29
484024,484052,484066,14,28
484031,484062,484066,4,31
484031,484064,484067,3,33
484031,484062,484067,5,31
484031,484065,484067,2,34
484031,484065,484067,2,34
484031,484060,484068,8,29
484024,484055,484067,12,31
484031,484060,484068,8,29
484020,484037,484062,25,17
484031,484061,484066,5,30
484031,484065,484068,3,34
484031,484066,484068,2,35
484031,484065,484068,3,34
484031,484067,484069,2,36
484031,484067,484069,2,36
484031,484062,484068,6,31
484031,484065,484069,4,34
484031,484066,484069,3,35
484031,484067,484070,3,36
484031,484067,484069,2,36
484031,484067,484070,3,36
484031,484067,484070,3,36
484031,484067,484070,3,36
484031,484068,484071,3,37
484031,484068,484071,3,37
484031,484068,484071,3,37
484031,484068,484071,3,37
484031,484069,484071,2,38
484031,484069,484071,2,38
484031,484069,484072,3,38
484031,484070,484072,2,39
484031,484071,484072,1,40
484031,484070,484073,3,39
484031,484070,484073,3,39
484024,484047,484073,26,23
484031,484069,484073,4,38
484031,484072,484074,2,41
484031,484072,484073,1,41
484031,484070,484073,3,39
484031,484071,484074,3,40
484031,484072,484074,2,41
484031,484072,484074,2,41
484031,484069,484074,5,38
484031,484067,484074,7,36
484031,484071,484074,3,40
484031,484072,484074,2,41
484031,484060,484074,14,29
484031,484069,484075,6,38
484031,484067,484076,9,36
484035,484074,484076,2,39
484035,484074,484076,2,39
484035,484074,484077,3,39
484035,484074,484077,3,39
484035,484074,484078,4,39
484035,484073,484078,5,38
484035,484073,484079,6,38
484035,484076,484079,3,41
484035,484076,484079,3,41
484035,484074,484079,5,39
484031,484068,484079,11,37
484035,484074,484080,6,39
484035,484077,484080,3,42
484035,484077,484080,3,42
484035,484074,484081,7,39
484035,484078,484081,3,43
484035,484079,484081,2,44
484035,484079,484081,2,44
484035,484073,484081,8,38
484035,484074,484082,8,39
484035,484074,484081,7,39
484035,484079,484081,2,44
484031,484064,484081,17,33
484035,484075,484082,7,40
484035,484079,484082,3,44
484031,484062,484082,20,31
484035,484081,484083,2,46
484035,484081,484083,2,46
484035,484081,484083,2,46
484035,484081,484083,2,46
484035,484082,484084,2,47
484035,484081,484084,3,46
484035,484079,484084,5,44
484035,484082,484084,2,47
484035,484082,484084,2,47
484035,484081,484084,3,46
484035,484082,484085,3,47
484035,484082,484085,3,47
484031,484067,484085,18,36
484031,484068,484085,17,37
484035,484080,484085,5,45
484035,484083,484086,3,48
484035,484083,484086,3,48
484035,484084,484086,2,49
484035,484084,484086,2,49
484035,484084,484086,2,49
484035,484075,484086,11,40
484035,484076,484086,10,41
484035,484084,484087,3,49
484024,484047,484084,37,23
484031,484068,484088,20,37
484035,484074,484087,13,39
484035,484085,484087,2,50
484035,484085,484088,3,50
484035,484085,484088,3,50
484035,484085,484088,3,50
484035,484087,484089,2,52
484035,484087,484089,2,52
484035,484084,484089,5,49
484035,484087,484089,2,52
484035,484087,484089,2,52
484035,484086,484089,3,51
484035,484087,484089,2,52
484035,484087,484090,3,52
484035,484082,484090,8,47
484031,484065,484091,26,34
484035,484088,484093,5,53
484037,484090,484092,2,53
484035,484087,484093,6,52
484037,484090,484093,3,53
484035,484086,484093,7,51
484037,484090,484094,4,53
484037,484088,484093,5,51
484037,484089,484094,5,52
484037,484088,484095,7,51
484035,484086,484094,8,51
484035,484087,484095,8,52
484037,484089,484095,6,52
484037,484093,484096,3,56
484035,484082,484096,14,47
484035,484083,484095,12,48
484035,484086,484095,9,51
484037,484089,484096,7,52
484037,484090,484096,6,53
484037,484090,484096,6,53
484037,484095,484096,1,58
484035,484073,484091,18,38
484035,484088,484096,8,53
484037,484094,484097,3,57
484037,484094,484097,3,57
484037,484093,484096,3,56
484037,484090,484097,7,53
484037,484093,484098,5,56
484037,484095,484098,3,58
484037,484091,484098,7,54
484037,484093,484098,5,56
484037,484093,484098,5,56
484037,484096,484099,3,59
484037,484097,484099,2,60
484037,484097,484100,3,60
484037,484098,484100,2,61
484037,484097,484099,2,60
484037,484097,484100,3,60
484037,484097,484099,2,60
484037,484097,484099,2,60
484037,484097,484100,3,60
484037,484098,484101,3,61
484037,484095,484101,6,58
484037,484098,484101,3,61
484037,484100,484102,2,63
484037,484100,484102,2,63
484037,484096,484102,6,59
484037,484100,484102,2,63
484037,484100,484103,3,63
484037,484100,484103,3,63
484037,484100,484102,2,63
484037,484100,484103,3,63
484037,484100,484103,3,63
484037,484095,484103,8,58
484037,484100,484103,3,63
484037,484099,484103,4,62
484037,484101,484103,2,64
484037,484102,484104,2,65
484037,484102,484104,2,65
484037,484103,484105,2,66
484037,484089,484105,16,52
484037,484103,484105,2,66
484037,484103,484106,3,66
484037,484103,484106,3,66
484037,484098,484105,7,61
484037,484103,484106,3,66
484037,484104,484106,2,67
484037,484104,484106,2,67
484037,484102,484106,4,65
484037,484104,484107,3,67
484037,484103,484107,4,66
484037,484105,484107,2,68
484037,484104,484108,4,67
484037,484096,484109,13,59
484037,484096,484109,13,59
484035,484088,484110,22,53
484037,484101,484111,10,64
484037,484103,484111,8,66
484037,484097,484111,14,60
483122,483152,484112,960,30
484037,484096,484116,20,59
482587,482597,484117,1520,10
484037,484097,484118,21,60
484037,484098,484118,20,61
484035,484080,484135,55,45
484148,484148,484151,3,0
484148,484148,484152,4,0
484148,484148,484151,3,0
484148,484148,484152,4,0
484148,484148,484153,5,0
484148,484148,484153,5,0
484148,484148,484152,4,0
484148,484148,484153,5,0
484148,484148,484153,5,0
484148,484148,484153,5,0
484148,484148,484154,6,0
484148,484148,484154,6,0
484148,484148,484154,6,0
484148,484148,484154,6,0
484148,484151,484154,3,3
484148,484148,484156,8,0
484148,484153,484155,2,5
484148,484148,484155,7,0
484148,484148,484155,7,0
484148,484154,484156,2,6
484148,484153,484156,3,5
484148,484152,484157,5,4
484148,484154,484157,3,6
484148,484154,484156,2,6
484148,484148,484156,8,0
484148,484152,484157,5,4
484148,484153,484158,5,5
484148,484155,484158,3,7
484148,484152,484158,6,4
484148,484155,484158,3,7
484148,484155,484158,3,7
484148,484155,484159,4,7
484148,484148,484159,11,0
484148,484148,484158,10,0
484148,484156,484158,2,8
484148,484156,484159,3,8
484148,484156,484158,2,8
484148,484156,484158,2,8
484148,484156,484159,3,8
484148,484148,484160,12,0
484148,484157,484160,3,9
484148,484157,484159,2,9
484148,484158,484161,3,10
484148,484159,484162,3,11
484148,484157,484161,4,9
484148,484160,484162,2,12
484148,484159,484162,3,11
484148,484159,484162,3,11
484148,484159,484161,2,11
484148,484158,484161,3,10
484148,484159,484162,3,11
484148,484158,484162,4,10
484148,484158,484163,5,10
484148,484160,484162,2,12
484148,484159,484162,3,11
484148,484157,484164,7,9
484148,484161,484164,3,13
484148,484159,484164,5,11
484148,484156,484165,9,8
484148,484158,484165,7,10
484148,484162,484165,3,14
484148,484162,484165,3,14
484148,484163,484165,2,15
484148,484162,484166,4,14
484148,484163,484166,3,15
484148,484164,484167,3,16
484148,484148,484167,19,0
484148,484163,484167,4,15
484148,484166,484168,2,18
484148,484162,484168,6,14
484148,484166,484168,2,18
484148,484162,484167,5,14
484148,484162,484167,5,14
484148,484155,484169,14,7
484148,484164,484168,4,16
484148,484162,484169,7,14
484148,484166,484168,2,18
484148,484165,484170,5,17
484148,484148,484169,21,0
484148,484166,484169,3,18
484148,484162,484170,8,14
484148,484167,484170,3,19
484148,484168,484170,2,20
484148,484167,484169,2,19
484148,484168,484170,2,20
484148,484159,484168,9,11
484148,484160,484170,10,12
484148,484165,484171,6,17
484148,484169,484171,2,21
484148,484168,484171,3,20
484148,484169,484171,2,21
484148,484168,484171,3,20
484148,484163,484172,9,15
484148,484168,484172,4,20
484148,484168,484172,4,20
484148,484170,484172,2,22
484148,484148,484172,24,0
484148,484165,484172,7,17
484148,484170,484173,3,22
484148,484170,484173,3,22
484148,484170,484173,3,22
484148,484171,484173,2,23
484148,484171,484173,2,23
484148,484148,484173,25,0
484148,484169,484174,5,21
484148,484169,484174,5,21
484148,484169,484174,5,21
484148,484171,484174,3,23
484148,484171,484174,3,23
484148,484171,484174,3,23
484148,484172,484174,2,24
484148,484170,484174,4,22
484148,484174,484176,2,26
484148,484174,484176,2,26
484148,484174,484176,2,26
484148,484174,484176,2,26
484148,484174,484176,2,26
484148,484173,484177,4,25
484148,484172,484177,5,24
484148,484175,484177,2,27
484148,484175,484177,2,27
484148,484175,484177,2,27
484148,484148,484175,27,0
484148,484159,484175,16,11
484148,484171,484175,4,23
484148,484172,484177,5,24
484148,484175,484178,3,27
484148,484174,484179,5,26
484148,484174,484179,5,26
484148,484177,484179,2,29
484148,484175,484180,5,27
484148,484171,484180,9,23
484148,484173,484180,7,25
484148,484174,484180,6,26
484148,484177,484180,3,29
484148,484174,484186,12,26
484148,484171,484188,17,23
484148,484173,484188,15,25
484148,484170,484191,21,22
484148,484172,484193,21,24
483238,483248,484200,952,10
483242,483248,484219,971,6
484224,484224,484227,3,0
484224,484224,484226,2,0
484224,484224,484226,2,0
484224,484224,484228,4,0
484224,484224,484227,3,0
484224,484224,484227,3,0
484224,484224,484228,4,0
484224,484224,484228,4,0
484224,484224,484229,5,0
484224,484224,484229,5,0
484224,484224,484229,5,0
484224,484227,484229,2,3
484224,484224,484229,5,0
484224,484224,484230,6,0
484224,484224,484230,6,0
484224,484224,484229,5,0
484224,484227,484229,2,3
484224,484227,484230,3,3
484224,484224,484230,6,0
484224,484224,484230,6,0
484224,484228,484231,3,4
484224,484228,484230,2,4
484224,484229,484231,2,5
484224,484224,484232,8,0
484224,484229,484232,3,5
484224,484229,484231,2,5
484224,484229,484232,3,5
484224,484228,484233,5,4
484224,484230,484233,3,6
484224,484230,484233,3,6
484224,484230,484233,3,6
484224,484229,484234,5,5
484224,484229,484234,5,5
484224,484231,484234,3,7
484224,484231,484234,3,7
484224,484224,484235,11,0
484224,484231,484234,3,7
484224,484232,484235,3,8
484224,484232,484235,3,8
484224,484232,484234,2,8
484224,484232,484235,3,8
484224,484224,484235,11,0
484224,484230,484236,6,6
484224,484231,484236,5,7
484224,484234,484236,2,10
484224,484233,484236,3,9
484224,484233,484236,3,9
484224,484234,484236,2,10
484224,484224,484236,12,0
484224,484234,484237,3,10
484224,484230,484237,7,6
484224,484233,484237,4,9
484224,484235,484238,3,11
484224,484232,484238,6,8
484224,484235,484238,3,11
484224,484235,484238,3,11
484224,484235,484238,3,11
484224,484234,484239,5,10
484224,484230,484239,9,6
484224,484224,484239,15,0
484224,484235,484239,4,11
484224,484235,484239,4,11
484224,484224,484234,10,0
484224,484224,484234,10,0
484224,484234,484240,6,10
484212,484212,484239,27,0
484224,484236,484243,7,12
484224,484236,484243,7,12
483236,483248,484243,995,12
484224,484224,484243,19,0
484224,484224,484243,19,0
484224,484236,484245,9,12
484250,484251,484253,2,1
484250,484251,484253,2,1
484250,484251,484253,2,1
484250,484251,484253,2,1
484250,484251,484254,3,1
484250,484251,484254,3,1
484250,484251,484254,3,1
484250,484251,484254,3,1
484250,484251,484254,3,1
484250,484251,484255,4,1
484250,484251,484255,4,1
484250,484251,484256,5,1
484250,484251,484255,4,1
484250,484251,484255,4,1
484250,484254,484256,2,4
484250,484251,484256,5,1
484250,484251,484256,5,1
484250,484251,484256,5,1
484250,484254,484256,2,4
484250,484255,484257,2,5
484250,484254,484256,2,4
484250,484254,484256,2,4
484250,484251,484256,5,1
484250,484251,484257,6,1
484250,484255,484257,2,5
484250,484256,484258,2,6
484250,484256,484258,2,6
484250,484256,484258,2,6
484250,484256,484258,2,6
484250,484255,484259,4,5
484250,484255,484259,4,5
484250,484257,484259,2,7
484250,484257,484259,2,7
484250,484257,484259,2,7
484250,484256,484259,3,6
484250,484257,484259,2,7
484250,484257,484259,2,7
484250,484251,484260,9,1
484250,484255,484260,5,5
484250,484256,484260,4,6
484250,484258,484260,2,8
484250,484257,484261,4,7
484250,484259,484261,2,9
484250,484259,484261,2,9
484250,484259,484261,2,9
484250,484259,484261,2,9
484250,484260,484262,2,10
484250,484260,484262,2,10
484250,484260,484262,2,10
484250,484260,484262,2,10
484250,484260,484263,3,10
484250,484257,484263,6,7
484250,484257,484263,6,7
484250,484261,484264,3,11
484250,484260,484264,4,10
484250,484258,484262,4,8
484250,484260,484265,5,10
484250,484262,484264,2,12
484250,484251,484261,10,1
484250,484260,484265,5,10
484250,484261,484266,5,11
484250,484262,484267,5,12
484250,484261,484268,7,11
484250,484251,484271,20,1
484250,484251,484267,16,1
484250,484251,484267,16,1
484250,484261,484274,13,11
484250,484251,484276,25,1
484250,484251,484276,25,1
484277,484277,484279,2,0
484277,484277,484279,2,0
484277,484277,484279,2,0
484277,484277,484281,4,0
484277,484277,484281,4,0
484277,484277,484280,3,0
484277,484277,484281,4,0
484277,484277,484280,3,0
484277,484277,484281,4,0
484277,484279,484281,2,2
484277,484277,484280,3,0
484277,484277,484281,4,0
484277,484277,484282,5,0
484277,484277,484282,5,0
484277,484277,484282,5,0
484277,484277,484282,5,0
484277,484280,484282,2,3
484277,484280,484282,2,3
484277,484277,484282,5,0
484277,484281,484283,2,4
484277,484281,484283,2,4
484277,484281,484283,2,4
484277,484281,484284,3,4
484277,484281,484283,2,4
484277,484277,484285,8,0
484277,484277,484285,8,0
484277,484282,484284,2,5
484277,484282,484285,3,5
484250,484251,484285,34,1
484277,484281,484285,4,4
484277,484281,484285,4,4
484277,484283,484285,2,6
484277,484283,484286,3,6
484277,484283,484286,3,6
484277,484282,484287,5,5
484277,484284,484286,2,7
484277,484284,484286,2,7
484277,484284,484287,3,7
484277,484284,484286,2,7
484277,484281,484287,6,4
484277,484284,484287,3,7
484277,484277,484288,11,0
484277,484277,484288,11,0
484277,484283,484287,4,6
484277,484285,484288,3,8
484277,484285,484288,3,8
484277,484283,484288,5,6
484277,484277,484289,12,0
484277,484277,484288,11,0
484277,484286,484289,3,9
484277,484286,484289,3,9
484277,484285,484289,4,8
484277,484287,484289,2,10
484277,484287,484289,2,10
484277,484287,484290,3,10
484277,484287,484290,3,10
484277,484286,484290,4,9
484277,484286,484290,4,9
484277,484286,484290,4,9
484277,484288,484291,3,11
484277,484287,484291,4,10
484277,484287,484293,6,10
484277,484285,484294,9,8
484277,484277,484288,11,0
484277,484287,484296,9,10
484277,484288,484296,8,11
484277,484277,484295,18,0
484277,484288,484301,13,11
484277,484286,484307,21,9
484277,484277,484310,33,0
484277,484288,484325,37,11
483340,483352,484335,983,12
484351,484351,484353,2,0
484351,484351,484353,2,0
484351,484351,484353,2,0
484351,484351,484354,3,0
484351,484351,484354,3,0
484351,484351,484354,3,0
484351,484351,484355,4,0
484351,484351,484354,3,0
484351,484351,484354,3,0
484351,484351,484355,4,0
484351,484351,484355,4,0
484351,484351,484355,4,0
484351,484351,484355,4,0
484351,484354,484356,2,3
484351,484351,484357,6,0
484351,484355,484357,2,4
484351,484354,484356,2,3
484351,484354,484356,2,3
484351,484351,484357,6,0
484351,484351,484357,6,0
484351,484355,484357,2,4
484351,484355,484357,2,4
484351,484355,484357,2,4
484351,484355,484357,2,4
484351,484355,484359,4,4
484351,484351,484358,7,0
484351,484356,484358,2,5
484351,484356,484358,2,5
484351,484356,484360,4,5
484351,484355,484359,4,4
484351,484357,484359,2,6
484351,484358,484360,2,7
484351,484357,484359,2,6
484351,484357,484359,2,6
484351,484356,484360,4,5
484351,484358,484361,3,7
484351,484358,484360,2,7
484351,484358,484360,2,7
484351,484358,484361,3,7
484351,484351,484361,10,0
484351,484351,484362,11,0
484351,484351,484361,10,0
484351,484359,484361,2,8
484351,484359,484361,2,8
484351,484357,484362,5,6
484351,484358,484362,4,7
484351,484360,484362,2,9
484351,484360,484362,2,9
484351,484360,484362,2,9
484351,484360,484363,3,9
484351,484359,484363,4,8
484351,484361,484363,2,10
484351,484361,484364,3,10
484351,484361,484364,3,10
484351,484360,484364,4,9
484351,484360,484364,4,9
484351,484359,484365,6,8
484351,484362,484365,3,11
484351,484362,484365,3,11
484351,484361,484366,5,10
484351,484362,484366,4,11
484351,484351,484366,15,0
484351,484363,484369,6,12
484351,484351,484370,19,0
484351,484351,484372,21,0
484351,484351,484372,21,0
484351,484362,484375,13,11
484351,484362,484376,14,11
484351,484351,484381,30,0
484351,484362,484383,21,11
483468,483483,484491,1008,15
484492,484492,484495,3,0
484492,484492,484495,3,0
484492,484492,484494,2,0
484492,484492,484495,3,0
484492,484492,484496,4,0
484492,484492,484495,3,0
484492,484492,484496,4,0
484492,484492,484496,4,0
484492,484492,484495,3,0
484492,484492,484495,3,0
484492,484492,484496,4,0
484492,484492,484496,4,0
484492,484492,484496,4,0
484492,484492,484496,4,0
484492,484492,484496,4,0
484492,484492,484497,5,0
484492,484492,484497,5,0
484492,484496,484498,2,4
484492,484495,484497,2,3
484492,484495,484498,3,3
484492,484495,484497,2,3
484492,484496,484499,3,4
484492,484496,484498,2,4
484492,484496,484499,3,4
484492,484496,484499,3,4
484492,484496,484500,4,4
484492,484497,484499,2,5
484492,484497,484500,3,5
484492,484498,484500,2,6
484492,484496,484500,4,4
484492,484498,484500,2,6
484492,484498,484501,3,6
484492,484498,484500,2,6
484492,484498,484500,2,6
484492,484497,484501,4,5
484492,484497,484502,5,5
484492,484499,484501,2,7
484492,484497,484502,5,5
484492,484500,484502,2,8
484492,484499,484502,3,7
484492,484499,484502,3,7
484492,484500,484502,2,8
484492,484497,484502,5,5
484492,484492,484503,11,0
484492,484500,484503,3,8
484492,484501,484503,2,9
484492,484500,484504,4,8
484492,484501,484504,3,9
484492,484501,484504,3,9
484492,484501,484504,3,9
484492,484501,484504,3,9
484492,484502,484505,3,10
484492,484502,484505,3,10
484492,484502,484505,3,10
484492,484503,484506,3,11
484492,484501,484506,5,9
484492,484502,484506,4,10
484492,484503,484506,3,11
484492,484492,484507,15,0
484492,484502,484507,5,10
484492,484502,484507,5,10
484492,484502,484508,6,10
484492,484492,484508,16,0
484492,484503,484510,7,11
484492,484492,484513,21,0
484492,484492,484513,21,0
484492,484492,484513,21,0
484492,484492,484516,24,0
484492,484503,484517,14,11
484492,484492,484519,27,0
483032,483036,484564,1528,4
484565,484565,484567,2,0
484565,484565,484567,2,0
484565,484565,484569,4,0
484565,484565,484570,5,0
484565,484568,484570,2,3
484565,484565,484570,5,0
484565,484565,484571,6,0
484565,484565,484571,6,0
484565,484565,484570,5,0
484565,484565,484571,6,0
484565,484568,484570,2,3
484565,484565,484570,5,0
484565,484565,484571,6,0
484565,484565,484572,7,0
484565,484570,484572,2,5
484565,484570,484574,4,5
484565,484565,484574,9,0
484565,484565,484573,8,0
484565,484571,484573,2,6
484565,484565,484573,8,0
484565,484571,484573,2,6
484565,484565,484574,9,0
484565,484571,484573,2,6
484565,484571,484573,2,6
484565,484571,484573,2,6
484565,484570,484575,5,5
484565,484565,484575,10,0
484565,484571,484575,4,6
484565,484571,484575,4,6
484565,484565,484575,10,0
484565,484572,484575,3,7
484565,484565,484575,10,0
484565,484565,484576,11,0
484565,484573,484575,2,8
484565,484573,484576,3,8
484565,484574,484576,2,9
484565,484565,484577,12,0
484565,484565,484577,12,0
484565,484565,484576,11,0
484565,484574,484576,2,9
484565,484574,484577,3,9
484565,484574,484576,2,9
484565,484574,484577,3,9
484565,484574,484577,3,9
484565,484574,484576,2,9
484565,484575,484578,3,10
484565,484574,484578,4,9
483052,483067,484578,1511,15
484565,484565,484579,14,0
484565,484576,484579,3,11
484565,484577,484579,2,12
484565,484575,484580,5,10
484565,484577,484580,3,12
484565,484575,484580,5,10
484565,484575,484579,4,10
484565,484577,484579,2,12
484565,484577,484579,2,12
484565,484577,484579,2,12
484565,484577,484580,3,12
484565,484577,484580,3,12
484565,484577,484580,3,12
484580,484580,484582,2,0
484580,484580,484582,2,0
484580,484580,484583,3,0
484580,484581,484584,3,1
484565,484565,484583,18,0
484580,484580,484584,4,0
484580,484580,484583,3,0
484580,484580,484585,5,0
484580,484580,484586,6,0
484580,484580,484585,5,0
484580,484583,484586,3,3
484580,484583,484586,3,3
484580,484583,484585,2,3
484565,484574,484587,13,9
484565,484574,484587,13,9
484580,484580,484587,7,0
484580,484584,484586,2,4
484580,484584,484587,3,4
484565,484576,484588,12,11
484565,484576,484587,11,11
484565,484577,484587,10,12
484580,484584,484587,3,4
484580,484585,484587,2,5
484580,484586,484588,2,6
484580,484586,484588,2,6
484580,484586,484588,2,6
484580,484580,484589,9,0
484580,484586,484589,3,6
484580,484587,484589,2,7
484580,484587,484590,3,7
484580,484587,484589,2,7
484565,484575,484590,15,10
484580,484586,484590,4,6
484565,484577,484586,9,12
484580,484588,484590,2,8
484580,484588,484591,3,8
484580,484588,484591,3,8
484580,484589,484591,2,9
484580,484580,484591,11,0
484580,484588,484592,4,8
484580,484580,484592,12,0
484580,484590,484592,2,10
484580,484590,484592,2,10
484580,484580,484592,12,0
484580,484590,484592,2,10
484580,484589,484592,3,9
484580,484584,484593,9,4
484580,484590,484593,3,10
484580,484589,484593,4,9
484565,484575,484593,18,10
484580,484591,484594,3,11
484580,484592,484594,2,12
484580,484587,484594,7,7
484580,484590,484595,5,10
484580,484593,484595,2,13
484580,484593,484595,2,13
484580,484593,484596,3,13
484580,484592,484596,4,12
484580,484591,484596,5,11
484580,484593,484596,3,13
484580,484580,484597,17,0
484580,484588,484596,8,8
484580,484587,484597,10,7
484580,484590,484597,7,10
484580,484594,484597,3,14
484580,484595,484597,2,15
484580,484592,484597,5,12
484580,484593,484597,4,13
484580,484593,484598,5,13
484580,484594,484598,4,14
484564,484564,484598,34,0
484580,484596,484598,2,16
484580,484595,484600,5,15
484565,484577,484604,27,12
484580,484588,484605,17,8
484580,484590,484606,16,10
484580,484588,484606,18,8
484580,484595,484606,11,15
484580,484592,484609,17,12
484580,484593,484613,20,13
484580,484594,484625,31,14
483028,483036,484644,1608,8
484650,484650,484654,4,0
484650,484650,484654,4,0
484650,484650,484654,4,0
484650,484650,484654,4,0
484650,484650,484654,4,0
484650,484650,484656,6,0
484650,484650,484655,5,0
484650,484650,484656,6,0
484650,484650,484656,6,0
484650,484650,484656,6,0
484650,484650,484658,8,0
484650,484656,484658,2,6
484650,484654,484658,4,4
484650,484650,484658,8,0
484650,484654,484657,3,4
484650,484656,484658,2,6
484650,484657,484659,2,7
484650,484655,484659,4,5
484650,484650,484658,8,0
484650,484650,484659,9,0
484650,484655,484659,4,5
484650,484650,484659,9,0
484650,484650,484659,9,0
484650,484650,484660,10,0
484650,484650,484659,9,0
484650,484650,484660,10,0
484650,484658,484661,3,8
484650,484657,484660,3,7
484650,484658,484661,3,8
484650,484659,484661,2,9
484650,484659,484662,3,9
484650,484658,484662,4,8
484650,484658,484663,5,8
484650,484659,484662,3,9
484650,484660,484663,3,10
484650,484657,484664,7,7
484650,484658,484664,6,8
484650,484659,484663,4,9
484650,484660,484664,4,10
484650,484660,484664,4,10
484650,484660,484665,5,10
484650,484650,484664,14,0
484650,484660,484664,4,10
484650,484661,484664,3,11
484650,484662,484665,3,12
484650,484662,484666,4,12
484650,484662,484666,4,12
484650,484661,484665,4,11
484650,484661,484666,5,11
484650,484665,484667,2,15
484650,484662,484666,4,12
484650,484663,484667,4,13
484650,484664,484667,3,14
484650,484664,484667,3,14
484650,484665,484667,2,15
484650,484655,484667,12,5
484650,484665,484668,3,15
484650,484664,484668,4,14
484650,484665,484669,4,15
484650,484650,484663,13,0
484650,484664,484671,7,14
484650,484664,484670,6,14
484650,484650,484669,19,0
484650,484660,484671,11,10
484650,484663,484675,12,13
484650,484665,484678,13,15
484650,484650,484680,30,0
484650,484650,484680,30,0
484650,484665,484683,18,15
484650,484650,484687,37,0
484784,484784,484827,43,0
483842,483855,484833,978,13
484835,484835,484837,2,0
484835,484835,484838,3,0
484835,484835,484839,4,0
484835,484835,484839,4,0
484835,484835,484839,4,0
484835,484835,484840,5,0
484835,484835,484840,5,0
484835,484835,484840,5,0
484835,484835,484839,4,0
484835,484835,484839,4,0
484835,484835,484840,5,0
484835,484835,484841,6,0
484835,484835,484840,5,0
484835,484838,484841,3,3
484835,484839,484841,2,4
484835,484835,484842,7,0
484835,484839,484842,3,4
484835,484835,484841,6,0
484835,484840,484842,2,5
484835,484840,484843,3,5
484835,484839,484843,4,4
484835,484835,484844,9,0
484835,484840,484844,4,5
484835,484840,484844,4,5
484835,484841,484844,3,6
484835,484841,484843,2,6
484835,484841,484845,4,6
484835,484840,484845,5,5
484835,484842,484845,3,7
484835,484835,484845,10,0
484835,484842,484845,3,7
484835,484835,484844,9,0
484835,484841,484844,3,6
484835,484835,484845,10,0
484835,484839,484845,6,4
484835,484843,484846,3,8
484835,484841,484845,4,6
484835,484843,484846,3,8
484835,484844,484847,3,9
484835,484844,484847,3,9
484835,484845,484848,3,10
484835,484845,484847,2,10
484835,484845,484848,3,10
484835,484843,484847,4,8
484835,484845,484848,3,10
484835,484842,484849,7,7
484835,484846,484848,2,11
484835,484844,484848,4,9
484835,484844,484849,5,9
484835,484845,484850,5,10
484835,484835,484850,15,0
484835,484835,484850,15,0
484835,484846,484850,4,11
484835,484846,484850,4,11
484835,484847,484850,3,12
484835,484847,484850,3,12
484835,484848,484850,2,13
484835,484835,484845,10,0
484835,484835,484845,10,0
484835,484835,484846,11,0
484835,484848,484850,2,13
484835,484848,484851,3,13
484835,484844,484851,7,9
484835,484847,484851,4,12
484835,484848,484851,3,13
484835,484845,484852,7,10
484835,484848,484853,5,13
484835,484846,484855,9,11
484835,484845,484863,18,10
484835,484835,484866,31,0
483427,483441,484949,1508,14
484950,484950,484954,4,0
484950,484950,484954,4,0
484950,484950,484954,4,0
484950,484951,484954,3,1
484950,484951,484954,3,1
484950,484951,484954,3,1
484950,484951,484954,3,1
484950,484951,484955,4,1
484950,484951,484955,4,1
484950,484951,484955,4,1
484950,484951,484955,4,1
484950,484951,484955,4,1
484950,484951,484955,4,1
484950,484951,484956,5,1
484950,484951,484957,6,1
484950,484950,484957,7,0
484950,484955,484957,2,5
484950,484955,484958,3,5
484950,484955,484957,2,5
484950,484955,484957,2,5
484950,484955,484958,3,5
484950,484956,484958,2,6
484950,484951,484959,8,1
484950,484955,484959,4,5
484950,484956,484959,3,6
484950,484955,484959,4,5
484950,484955,484959,4,5
484950,484951,484960,9,1
484950,484956,484960,4,6
484950,484958,484960,2,8
484950,484958,484960,2,8
484950,484958,484960,2,8
484950,484958,484961,3,8
484950,484958,484961,3,8
484950,484957,484961,4,7
484950,484959,484961,2,9
484950,484958,484961,3,8
484950,484960,484963,3,10
484950,484951,484963,12,1
484950,484951,484963,12,1
484950,484959,484963,4,9
484950,484960,484964,4,10
484950,484960,484963,3,10
484950,484961,484963,2,11
484950,484961,484963,2,11
484950,484961,484963,2,11
484950,484960,484964,4,10
484950,484962,484964,2,12
484950,484951,484964,13,1
484950,484951,484964,13,1
484950,484962,484964,2,12
484950,484962,484965,3,12
484950,484961,484965,4,11
484950,484963,484965,2,13
484950,484962,484965,3,12
484950,484951,484961,10,1
484950,484951,484961,10,1
484950,484951,484961,10,1
484950,484962,484966,4,12
484950,484964,484967,3,14
484950,484964,484968,4,14
484950,484964,484969,5,14
484950,484964,484969,5,14
484950,484964,484970,6,14
484950,484959,484968,9,9
484950,484964,484970,6,14
484950,484961,484970,9,11
484950,484964,484971,7,14
484950,484956,484973,17,6
484950,484956,484975,19,6
484976,484976,485020,44,0
484024,484059,485032,973,35
484034,484073,485032,959,39
485032,485032,485035,3,0
485032,485032,485034,2,0
485032,485032,485034,2,0
485032,485032,485036,4,0
485032,485032,485036,4,0
485032,485032,485036,4,0
485032,485032,485036,4,0
485032,485032,485036,4,0
485032,485032,485036,4,0
485032,485032,485036,4,0
485032,485032,485037,5,0
485032,485032,485037,5,0
485032,485032,485037,5,0
485032,485035,485037,2,3
485032,485032,485036,4,0
485032,485035,485037,2,3
485032,485032,485036,4,0
485032,485032,485037,5,0
485032,485035,485038,3,3
485032,485036,485038,2,4
485032,485037,485039,2,5
485032,485036,485040,4,4
485032,485036,485040,4,4
485032,485036,485039,3,4
485032,485036,485040,4,4
485032,485037,485040,3,5
485032,485032,485039,7,0
485032,485037,485041,4,5
485032,485032,485040,8,0
485032,485036,485040,4,4
485032,485037,485041,4,5
485032,485038,485041,3,6
484036,484088,485041,953,52
485032,485037,485041,4,5
485032,485039,485041,2,7
485032,485037,485042,5,5
485032,485038,485042,4,6
485032,485037,485042,5,5
485032,485039,485042,3,7
485032,485041,485043,2,9
485032,485032,485043,11,0
485032,485040,485044,4,8
485032,485040,485044,4,8
485032,485042,485044,2,10
485032,485043,485045,2,11
485032,485042,485044,2,10
485032,485042,485044,2,10
485032,485042,485044,2,10
485032,485043,485045,2,11
485032,485040,485045,5,8
485032,485032,485044,12,0
485032,485032,485045,13,0
485032,485040,485045,5,8
485032,485032,485042,10,0
485032,485038,485046,8,6
485032,485041,485045,4,9
485032,485041,485046,5,9
485032,485041,485047,6,9
485032,485042,485047,5,10
485032,485043,485047,4,11
485032,485045,485047,2,13
485032,485041,485048,7,9
485032,485045,485048,3,13
485032,485045,485048,3,13
485032,485045,485049,4,13
485032,485045,485048,3,13
485032,485045,485049,4,13
485032,485046,485049,3,14
485032,485042,485049,7,10
485032,485045,485049,4,13
485032,485045,485049,4,13
485032,485045,485049,4,13
485032,485047,485050,3,15
485032,485048,485050,2,16
485032,485047,485050,3,15
485032,485046,485051,5,14
485032,485049,485051,2,17
485032,485048,485051,3,16
485032,485049,485051,2,17
485032,485049,485051,2,17
485032,485050,485052,2,18
485032,485050,485052,2,18
485032,485048,485052,4,16
485032,485049,485052,3,17
485032,485050,485052,2,18
485032,485049,485053,4,17
485032,485051,485053,2,19
485032,485051,485053,2,19
485032,485052,485054,2,20
485032,485052,485054,2,20
485032,485052,485054,2,20
485032,485052,485054,2,20
485032,485032,485054,22,0
485032,485046,485053,7,14
485032,485032,485044,12,0
485032,485050,485055,5,18
485032,485052,485055,3,20
485032,485051,485054,3,19
485032,485051,485055,4,19
485032,485050,485055,5,18
485032,485052,485055,3,20
485032,485053,485055,2,21
485032,485054,485056,2,22
485032,485054,485056,2,22
485032,485053,485056,3,21
485032,485053,485056,3,21
485032,485053,485057,4,21
485032,485054,485056,2,22
485032,485054,485056,2,22
485032,485054,485056,2,22
485032,485055,485057,2,23
485032,485055,485058,3,23
485032,485054,485058,4,22
485032,485056,485058,2,24
485032,485045,485058,13,13
485032,485056,485058,2,24
485032,485056,485059,3,24
485032,485057,485059,2,25
485032,485055,485059,4,23
485032,485057,485059,2,25
485032,485046,485060,14,14
485032,485057,485060,3,25
485032,485058,485060,2,26
485032,485055,485060,5,23
485032,485057,485060,3,25
485032,485056,485060,4,24
485032,485056,485061,5,24
485032,485058,485061,3,26
485032,485058,485060,2,26
485032,485057,485061,4,25
485032,485057,485061,4,25
485032,485058,485062,4,26
485043,485059,485063,4,16
485043,485061,485063,2,18
485043,485061,485063,2,18
485032,485032,485058,26,0
485032,485054,485058,4,22
485043,485060,485064,4,17
485043,485061,485064,3,18
485043,485061,485064,3,18
485043,485062,485064,2,19
485043,485061,485064,3,18
485043,485059,485064,5,16
485043,485060,485064,4,17
485032,485046,485064,18,14
485043,485061,485064,3,18
485043,485064,485065,1,21
485043,485064,485065,1,21
485032,485041,485065,24,9
485043,485061,485065,4,18
485043,485062,485066,4,19
485032,485054,485062,8,22
485043,485062,485066,4,19
484038,484105,485066,961,67
485043,485064,485066,2,21
485032,485049,485066,17,17
485043,485065,485067,2,22
485043,485065,485066,1,22
485043,485064,485067,3,21
485043,485064,485066,2,21
485043,485064,485067,3,21
485043,485066,485068,2,23
485043,485066,485067,1,23
485043,485064,485068,4,21
485043,485065,485068,3,22
485043,485067,485068,1,24
485043,485064,485068,4,21
485043,485067,485069,2,24
485043,485060,485069,9,17
485043,485065,485068,3,22
485043,485067,485069,2,24
485043,485067,485069,2,24
485043,485066,485070,4,23
485043,485067,485069,2,24
485043,485068,485070,2,25
485043,485066,485070,4,23
485043,485067,485070,3,24
485043,485067,485070,3,24
485043,485066,485070,4,23
485043,485068,485070,2,25
485043,485069,485071,2,26
485043,485069,485071,2,26
485043,485070,485072,2,27
485043,485068,485072,4,25
485043,485070,485072,2,27
485043,485070,485072,2,27
485043,485071,485073,2,28
485043,485071,485073,2,28
485043,485069,485073,4,26
485043,485069,485073,4,26
485043,485069,485073,4,26
485043,485072,485074,2,29
485043,485072,485074,2,29
485043,485069,485073,4,26
485043,485065,485074,9,22
485043,485066,485075,9,23
485032,485043,485074,31,11
485043,485073,485075,2,30
485043,485070,485075,5,27
485043,485070,485075,5,27
485043,485072,485075,3,29
485032,485054,485075,21,22
485043,485060,485075,15,17
485043,485066,485075,9,23
485043,485073,485075,2,30
485043,485070,485075,5,27
485043,485071,485075,4,28
485043,485070,485076,6,27
485068,485075,485077,2,7
485068,485074,485078,4,6
485068,485075,485078,3,7
485068,485073,485078,5,5
485068,485074,485077,3,6
485068,485075,485079,4,7
485043,485067,485079,12,24
485068,485076,485078,2,8
485068,485074,485078,4,6
485068,485075,485079,4,7
485068,485077,485079,2,9
485068,485076,485079,3,8
485068,485076,485079,3,8
485032,485032,485079,47,0
485068,485078,485080,2,10
485068,485073,485080,7,5
485068,485073,485080,7,5
485068,485076,485080,4,8
485068,485078,485080,2,10
485068,485075,485080,5,7
485068,485076,485080,4,8
485068,485079,485081,2,11
485068,485079,485081,2,11
485043,485064,485081,17,21
485068,485075,485081,6,7
485068,485076,485081,5,8
485068,485079,485082,3,11
485068,485080,485082,2,12
485068,485080,485082,2,12
485068,485079,485083,4,11
485068,485080,485083,3,12
485068,485079,485083,4,11
485068,485080,485083,3,12
485068,485080,485083,3,12
485068,485080,485083,3,12
485068,485080,485083,3,12
485068,485079,485084,5,11
485068,485076,485082,6,8
485068,485074,485084,10,6
485068,485076,485082,6,8
485068,485082,485084,2,14
485068,485082,485084,2,14
485068,485081,485085,4,13
485068,485082,485084,2,14
485068,485082,485085,3,14
485068,485080,485085,5,12
485068,485083,485085,2,15
485068,485084,485086,2,16
485068,485084,485086,2,16
485068,485085,485086,1,17
485068,485085,485087,2,17
485068,485081,485087,6,13
485068,485082,485086,4,14
485068,485085,485087,2,17
485068,485084,485087,3,16
485068,485086,485088,2,18
485068,485082,485088,6,14
485068,485085,485088,3,17
485068,485083,485088,5,15
485068,485083,485088,5,15
485068,485083,485088,5,15
485068,485085,485089,4,17
485068,485087,485089,2,19
485068,485087,485089,2,19
485068,485085,485089,4,17
485068,485085,485090,5,17
485068,485086,485090,4,18
485068,485080,485090,10,12
485068,485085,485093,8,17
485068,485082,485086,4,14
485068,485085,485094,9,17
485068,485079,485094,15,11
485068,485084,485100,16,16
485043,485069,485106,37,26
484149,484177,485156,979,28
485110,485111,485157,46,1
484174,484177,485161,984,3
485173,485173,485175,2,0
485173,485173,485175,2,0
485173,485173,485175,2,0
485173,485173,485175,2,0
485173,485173,485176,3,0
485173,485173,485177,4,0
485173,485173,485176,3,0
485173,485173,485176,3,0
485173,485173,485177,4,0
485173,485173,485177,4,0
485173,485173,485177,4,0
485173,485173,485177,4,0
485173,485173,485177,4,0
485173,485173,485178,5,0
485173,485173,485177,4,0
485173,485173,485177,4,0
485173,485173,485178,5,0
485173,485173,485179,6,0
485173,485176,485178,2,3
485173,485176,485179,3,3
485173,485176,485178,2,3
485173,485173,485178,5,0
485173,485176,485178,2,3
485173,485178,485180,2,5
485173,485177,485179,2,4
485173,485177,485179,2,4
485173,485178,485180,2,5
485173,485177,485181,4,4
485173,485177,485181,4,4
485173,485178,485181,3,5
485173,485179,485182,3,6
485173,485179,485182,3,6
485173,485179,485181,2,6
485173,485179,485181,2,6
485173,485178,485182,4,5
485173,485178,485182,4,5
485173,485179,485182,3,6
485173,485179,485181,2,6
485173,485178,485182,4,5
485173,485178,485182,4,5
485173,485180,485182,2,7
485173,485180,485182,2,7
485173,485180,485183,3,7
485173,485178,485183,5,5
485173,485179,485183,4,6
485173,485181,485183,2,8
485173,485182,485184,2,9
485173,485182,485185,3,9
485173,485182,485185,3,9
485173,485182,485184,2,9
485173,485182,485184,2,9
485173,485182,485184,2,9
485173,485181,485185,4,8
485173,485182,485186,4,9
485173,485182,485186,4,9
485173,485183,485186,3,10
485173,485183,485185,2,10
485173,485183,485186,3,10
485173,485182,485187,5,9
485173,485182,485187,5,9
485173,485173,485186,13,0
485173,485183,485187,4,10
485174,485185,485188,3,11
485174,485186,485188,2,12
485174,485185,485187,2,11
485173,485183,485189,6,10
485173,485184,485189,5,11
485174,485185,485188,3,11
485174,485186,485188,2,12
485174,485186,485189,3,12
485174,485185,485190,5,11
485174,485186,485189,3,12
485174,485186,485189,3,12
485174,485186,485189,3,12
485174,485184,485190,6,10
485174,485188,485190,2,14
485174,485188,485190,2,14
485174,485187,485191,4,13
485174,485185,485190,5,11
485174,485184,485190,6,10
485174,485188,485190,2,14
485173,485173,485187,14,0
485173,485173,485188,15,0
485174,485188,485191,3,14
485174,485187,485192,5,13
485174,485189,485192,3,15
485173,485173,485188,15,0
485173,485173,485190,17,0
485174,485189,485192,3,15
485174,485190,485192,2,16
485174,485190,485192,2,16
485174,485189,485192,3,15
485174,485190,485192,2,16
485174,485189,485192,3,15
485174,485190,485192,2,16
485174,485191,485194,3,17
485174,485189,485193,4,15
485174,485191,485194,3,17
485174,485192,485194,2,18
485174,485191,485193,2,17
485174,485190,485194,4,16
485174,485190,485194,4,16
485174,485190,485195,5,16
485174,485192,485195,3,18
485174,485192,485195,3,18
485174,485192,485194,2,18
485174,485192,485195,3,18
485174,485192,485195,3,18
485174,485191,485195,4,17
485174,485193,485195,2,19
485174,485193,485196,3,19
485174,485192,485196,4,18
485174,485184,485196,12,10
485174,485193,485197,4,19
485174,485194,485197,3,20
485174,485194,485197,3,20
485174,485194,485196,2,20
485174,485194,485196,2,20
485174,485195,485198,3,21
485174,485195,485198,3,21
485174,485195,485198,3,21
485174,485195,485198,3,21
485173,485173,485192,19,0
485174,485191,485195,4,17
485174,485196,485199,3,22
485174,485195,485199,4,21
485174,485196,485199,3,22
485174,485192,485200,8,18
485173,485173,485200,27,0
485174,485194,485199,5,20
485174,485197,485200,3,23
485174,485195,485200,5,21
485174,485195,485200,5,21
485174,485196,485200,4,22
485174,485196,485200,4,22
485174,485187,485202,15,13
485174,485197,485203,6,23
485174,485191,485203,12,17
485174,485197,485203,6,23
485174,485192,485206,14,18
484251,484262,485247,985,11
483743,483758,485249,1491,15
484278,484288,485250,962,10
485248,485248,485250,2,0
485248,485248,485251,3,0
485248,485248,485251,3,0
485248,485248,485250,2,0
485248,485248,485252,4,0
485248,485248,485252,4,0
485248,485248,485252,4,0
485248,485248,485252,4,0
485248,485248,485252,4,0
485248,485250,485252,2,2
485248,485250,485253,3,2
485248,485248,485252,4,0
485248,485248,485253,5,0
485248,485248,485252,4,0
485248,485248,485253,5,0
485248,485248,485253,5,0
485248,485251,485254,3,3
485248,485251,485254,3,3
485248,485248,485254,6,0
485248,485251,485254,3,3
485248,485253,485254,1,5
485248,485253,485254,1,5
485248,485248,485255,7,0
485248,485248,485255,7,0
485248,485253,485256,3,5
485248,485253,485256,3,5
485248,485252,485256,4,4
485248,485253,485256,3,5
485248,485255,485257,2,7
485248,485255,485257,2,7
485248,485252,485257,5,4
485248,485248,485257,9,0
485248,485252,485257,5,4
485248,485253,485257,4,5
485248,485254,485257,3,6
485248,485255,485257,2,7
485248,485252,485258,6,4
485248,485252,485257,5,4
485248,485255,485257,2,7
485248,485255,485257,2,7
485248,485255,485257,2,7
485248,485255,485257,2,7
485248,485248,485256,8,0
485248,485256,485259,3,8
485248,485257,485259,2,9
485248,485257,485259,2,9
485248,485257,485259,2,9
485248,485257,485259,2,9
485248,485258,485260,2,10
485248,485258,485260,2,10
485248,485258,485260,2,10
485248,485258,485260,2,10
485248,485258,485261,3,10
485248,485248,485261,13,0
485248,485249,485261,12,1
485248,485253,485261,8,5
485248,485257,485262,5,9
485248,485259,485261,2,11
485248,485257,485261,4,9
485248,485257,485262,5,9
485248,485258,485262,4,10
485248,485258,485262,4,10
485248,485258,485262,4,10
485250,485260,485263,3,10
485250,485260,485264,4,10
485250,485261,485264,3,11
485250,485261,485264,3,11
485248,485259,485263,4,11
485250,485262,485264,2,12
485250,485262,485264,2,12
485250,485260,485265,5,10
485250,485261,485265,4,11
485248,485248,485258,10,0
485250,485260,485264,4,10
485250,485262,485266,4,12
485250,485262,485265,3,12
485250,485261,485265,4,11
485250,485264,485266,2,14
485250,485264,485266,2,14
485250,485264,485266,2,14
485250,485262,485266,4,12
485250,485263,485266,3,13
485250,485264,485266,2,14
485250,485263,485266,3,13
485250,485263,485266,3,13
485250,485265,485267,2,15
485250,485265,485267,2,15
485250,485265,485267,2,15
485250,485265,485267,2,15
485250,485265,485268,3,15
485250,485266,485268,2,16
485250,485265,485269,4,15
485250,485266,485268,2,16
485250,485266,485268,2,16
485250,485266,485269,3,16
485250,485266,485269,3,16
485250,485266,485269,3,16
485250,485267,485269,2,17
485248,485248,485269,21,0
485248,485248,485269,21,0
485248,485257,485269,12,9
485250,485267,485269,2,17
485250,485267,485270,3,17
485248,485267,485271,4,19
485248,485267,485271,4,19
485250,485268,485270,2,18
485250,485267,485271,4,17
485250,485268,485270,2,18
485250,485267,485271,4,17
485250,485267,485270,3,17
485250,485268,485271,3,18
485250,485269,485271,2,19
485250,485269,485272,3,19
485250,485269,485272,3,19
485250,485269,485272,3,19
485250,485269,485272,3,19
485250,485270,485272,2,20
485250,485271,485273,2,21
485250,485271,485273,2,21
485250,485271,485274,3,21
485250,485270,485274,4,20
485250,485272,485274,2,22
485250,485270,485275,5,20
485250,485270,485274,4,20
485250,485272,485275,3,22
485250,485271,485275,4,21
485250,485271,485275,4,21
485250,485271,485275,4,21
485250,485272,485275,3,22
485250,485271,485275,4,21
485250,485271,485276,5,21
485250,485271,485276,5,21
485252,485275,485278,3,23
485252,485275,485278,3,23
485252,485275,485278,3,23
485252,485276,485279,3,24
485252,485274,485279,5,22
485252,485275,485278,3,23
485252,485276,485280,4,24
485252,485273,485279,6,21
485252,485278,485279,1,26
485252,485274,485279,5,22
485252,485276,485279,3,24
485252,485276,485279,3,24
485252,485275,485279,4,23
485252,485276,485280,4,24
485252,485274,485279,5,22
485252,485273,485279,6,21
485252,485276,485280,4,24
485250,485269,485280,11,19
485250,485270,485279,9,20
485252,485279,485281,2,27
485252,485278,485280,2,26
485250,485270,485280,10,20
485250,485270,485280,10,20
485252,485280,485282,2,28
485252,485279,485281,2,27
485252,485277,485281,4,25
485252,485279,485281,2,27
485252,485280,485282,2,28
485252,485280,485282,2,28
485252,485281,485283,2,29
485252,485280,485283,3,28
485252,485279,485283,4,27
485252,485280,485282,2,28
485252,485280,485283,3,28
485252,485282,485284,2,30
485252,485281,485284,3,29
485252,485280,485284,4,28
485252,485280,485284,4,28
485252,485280,485285,5,28
485252,485282,485285,3,30
485252,485280,485284,4,28
485252,485280,485284,4,28
485252,485282,485284,2,30
485252,485283,485286,3,31
485252,485283,485285,2,31
485252,485283,485285,2,31
485252,485283,485285,2,31
485252,485283,485286,3,31
485252,485282,485286,4,30
485252,485284,485287,3,32
485252,485284,485287,3,32
485252,485286,485288,2,34
485252,485283,485288,5,31
485252,485285,485288,3,33
485252,485284,485288,4,32
485252,485286,485288,2,34
485252,485285,485289,4,33
485252,485285,485289,4,33
485252,485286,485288,2,34
485252,485286,485289,3,34
485252,485284,485289,5,32
485252,485286,485289,3,34
485252,485285,485289,4,33
485252,485285,485289,4,33
485252,485285,485290,5,33
485250,485262,485290,28,12
485263,485263,485290,27,0
485252,485281,485290,9,29
485252,485287,485290,3,35
485252,485288,485290,2,36
485252,485288,485290,2,36
485252,485280,485291,11,28
485252,485280,485291,11,28
485250,485262,485291,29,12
485252,485281,485291,10,29
485252,485287,485292,5,35
485252,485288,485293,5,36
485250,485262,485294,32,12
485250,485264,485306,42,14
483934,483948,485437,1489,14
485439,485439,485442,3,0
485439,485439,485442,3,0
485439,485439,485443,4,0
485439,485439,485443,4,0
485439,485439,485443,4,0
485439,485439,485443,4,0
485439,485439,485443,4,0
485439,485439,485443,4,0
485439,485439,485443,4,0
485439,485439,485444,5,0
485439,485439,485444,5,0
485439,485439,485443,4,0
485439,485439,485443,4,0
485439,485439,485443,4,0
485439,485439,485444,5,0
485439,485439,485445,6,0
485439,485442,485445,3,3
485439,485443,485446,3,4
485439,485443,485447,4,4
485439,485444,485447,3,5
485439,485443,485447,4,4
485439,485443,485447,4,4
485439,485443,485447,4,4
485439,485444,485447,3,5
485439,485444,485447,3,5
485439,485444,485447,3,5
485439,485443,485448,5,4
485439,485443,485448,5,4
485439,485445,485448,3,6
485439,485439,485448,9,0
485439,485445,485448,3,6
485439,485445,485448,3,6
485439,485439,485449,10,0
485439,485439,485449,10,0
485439,485446,485449,3,7
485439,485443,485450,7,4
485439,485445,485450,5,6
485439,485447,485450,3,8
485439,485447,485451,4,8
485439,485447,485450,3,8
485439,485449,485452,3,10
485439,485448,485451,3,9
485439,485447,485451,4,8
485439,485449,485452,3,10
485439,485447,485452,5,8
485439,485447,485452,5,8
485439,485447,485452,5,8
485439,485448,485451,3,9
485439,485450,485453,3,11
485439,485448,485453,5,9
485439,485448,485453,5,9
485439,485450,485453,3,11
485439,485449,485454,5,10
485439,485449,485454,5,10
485439,485439,485448,9,0
485439,485439,485449,10,0
485439,485439,485454,15,0
485439,485452,485455,3,13
485439,485450,485455,5,11
485439,485452,485455,3,13
485439,485451,485455,4,12
485439,485451,485455,4,12
485439,485452,485456,4,13
485439,485452,485456,4,13
485439,485452,485457,5,13
485439,485439,485464,25,0
485439,485449,485459,10,10
485439,485439,485465,26,0
485439,485449,485477,28,10
485439,485439,485483,44,0
484493,484504,485515,1011,11
485516,485516,485518,2,0
485516,485516,485518,2,0
485516,485516,485519,3,0
485516,485516,485519,3,0
485516,485516,485519,3,0
485516,485518,485520,2,2
485516,485516,485520,4,0
485516,485516,485520,4,0
485516,485516,485520,4,0
485516,485516,485521,5,0
485516,485516,485521,5,0
485516,485516,485520,4,0
485516,485516,485521,5,0
485516,485519,485521,2,3
485516,485516,485523,7,0
485516,485516,485522,6,0
485516,485516,485522,6,0
485516,485520,485523,3,4
485516,485520,485522,2,4
485516,485516,485523,7,0
485516,485520,485523,3,4
485516,485521,485523,2,5
485516,485516,485523,7,0
485516,485521,485524,3,5
485516,485520,485525,5,4
485516,485521,485524,3,5
485516,485522,485524,2,6
485516,485516,485525,9,0
485516,485516,485526,10,0
485516,485523,485525,2,7
485516,485521,485526,5,5
485516,485521,485525,4,5
485516,485523,485526,3,7
485516,485523,485525,2,7
485516,485523,485526,3,7
485516,485521,485527,6,5
485516,485521,485526,5,5
485516,485524,485527,3,8
485516,485523,485527,4,7
485516,485524,485527,3,8
485516,485524,485527,3,8
485516,485525,485528,3,9
485516,485516,485529,13,0
485516,485526,485529,3,10
485516,485524,485528,4,8
485516,485526,485528,2,10
485516,485526,485529,3,10
485516,485525,485529,4,9
485516,485525,485530,5,9
485516,485527,485530,3,11
485516,485526,485529,3,10
485516,485527,485530,3,11
485516,485528,485530,2,12
485516,485526,485531,5,10
485516,485529,485531,2,13
485516,485525,485531,6,9
485516,485527,485531,4,11
485516,485528,485531,3,12
485516,485516,485531,15,0
485516,485516,485531,15,0
485516,485526,485531,5,10
485516,485527,485531,4,11
485516,485527,485532,5,11
485516,485529,485533,4,13
485516,485529,485533,4,13
485516,485516,485535,19,0
485516,485526,485535,9,10
484023,484045,485537,1492,22
485516,485516,485537,21,0
485516,485516,485540,24,0
485538,485538,485541,3,0
485538,485538,485541,3,0
485538,485538,485542,4,0
485538,485538,485542,4,0
485538,485538,485542,4,0
485538,485538,485542,4,0
485538,485538,485542,4,0
485538,485538,485542,4,0
485538,485538,485542,4,0
485538,485538,485542,4,0
485538,485538,485543,5,0
485538,485538,485543,5,0
485538,485538,485543,5,0
485538,485538,485543,5,0
485538,485538,485544,6,0
485538,485542,485544,2,4
485538,485541,485544,3,3
485538,485541,485544,3,3
485538,485538,485543,5,0
485538,485543,485545,2,5
485538,485538,485545,7,0
485538,485538,485545,7,0
485538,485543,485546,3,5
485538,485542,485546,4,4
485538,485542,485546,4,4
485538,485542,485546,4,4
485538,485545,485546,1,7
484568,484578,485547,969,10
485538,485543,485546,3,5
485538,485543,485547,4,5
485538,485542,485547,5,4
485538,485545,485547,2,7
485538,485545,485547,2,7
485538,485538,485548,10,0
485538,485542,485547,5,4
485538,485543,485548,5,5
485538,485547,485548,1,9
485538,485546,485548,2,8
485538,485547,485549,2,9
485538,485547,485549,2,9
485538,485548,485550,2,10
485538,485548,485550,2,10
485538,485544,485550,6,6
485538,485547,485550,3,9
484581,484596,485550,954,15
485538,485549,485551,2,11
485538,485548,485550,2,10
485538,485548,485550,2,10
485538,485538,485550,12,0
485538,485538,485550,12,0
485538,485548,485551,3,10
485538,485547,485551,4,9
485538,485549,485551,2,11
485538,485548,485552,4,10
485538,485550,485552,2,12
485538,485538,485546,8,0
485538,485550,485552,2,12
485538,485551,485553,2,13
485538,485551,485553,2,13
485538,485551,485553,2,13
485538,485549,485553,4,11
485538,485551,485553,2,13
485538,485551,485553,2,13
485538,485549,485554,5,11
485538,485551,485555,4,13
485548,485553,485555,2,5
485548,485553,485555,2,5
485548,485553,485555,2,5
485548,485554,485556,2,6
485548,485554,485556,2,6
485548,485554,485557,3,6
485548,485554,485556,2,6
485548,485554,485556,2,6
485548,485552,485557,5,4
485538,485546,485554,8,8
485548,485555,485557,2,7
485548,485551,485558,7,3
485538,485548,485555,7,10
485548,485555,485558,3,7
485548,485555,485558,3,7
485548,485556,485558,2,8
485548,485556,485558,2,8
485548,485553,485559,6,5
485548,485557,485559,2,9
485548,485557,485559,2,9
485548,485557,485559,2,9
485548,485557,485559,2,9
485548,485557,485560,3,9
485548,485558,485560,2,10
485548,485558,485561,3,10
485538,485541,485553,12,3
485538,485538,485561,23,0
485548,485557,485561,4,9
485548,485559,485561,2,11
485548,485559,485561,2,11
485548,485551,485562,11,3
485548,485559,485562,3,11
485548,485560,485562,2,12
485548,485560,485562,2,12
485548,485560,485562,2,12
485548,485560,485563,3,12
485548,485559,485563,4,11
485548,485560,485563,3,12
485548,485561,485563,2,13
485548,485560,485563,3,12
485548,485561,485564,3,13
485548,485562,485564,2,14
485548,485552,485565,13,4
485548,485563,485565,2,15
485548,485563,485565,2,15
485548,485552,485566,14,4
485548,485562,485566,4,14
485548,485563,485567,4,15
485548,485564,485566,2,16
485548,485563,485566,3,15
485538,485545,485562,17,7
485548,485565,485567,2,17
485548,485558,485568,10,10
485548,485564,485569,5,16
485548,485564,485569,5,16
485548,485563,485569,6,15
485548,485566,485569,3,18
485548,485566,485568,2,18
485548,485567,485569,2,19
485548,485551,485569,18,3
485548,485566,485570,4,18
485548,485562,485569,7,14
485548,485565,485570,5,17
485548,485567,485570,3,19
485548,485562,485570,8,14
485548,485563,485570,7,15
485548,485568,485571,3,20
485516,485526,485571,45,10
485548,485553,485571,18,5
485548,485567,485571,4,19
485548,485567,485571,4,19
485548,485567,485572,5,19
485551,485570,485573,3,19
485551,485570,485573,3,19
485551,485571,485573,2,20
485551,485570,485574,4,19
485551,485569,485573,4,18
485548,485565,485574,9,17
485551,485570,485574,4,19
485548,485558,485571,13,10
485551,485569,485575,6,18
485551,485573,485575,2,22
485551,485572,485576,4,21
485551,485569,485575,6,18
485551,485569,485576,7,18
485551,485574,485576,2,23
485551,485573,485576,3,22
485551,485573,485576,3,22
485551,485572,485576,4,21
485551,485573,485576,3,22
485551,485574,485577,3,23
485551,485574,485577,3,23
484026,484059,485578,1519,33
485551,485575,485578,3,24
485551,485575,485578,3,24
485551,485576,485578,2,25
485548,485562,485572,10,14
485551,485576,485578,2,25
485551,485574,485578,4,23
485551,485576,485578,2,25
485551,485576,485579,3,25
485551,485576,485579,3,25
485551,485577,485580,3,26
485551,485577,485580,3,26
485551,485576,485580,4,25
485538,485542,485575,33,4
485548,485567,485577,10,19
485551,485578,485581,3,27
485551,485578,485581,3,27
485551,485578,485581,3,27
485551,485571,485581,10,20
485551,485579,485581,2,28
485551,485569,485581,12,18
485551,485570,485581,11,19
485551,485579,485582,3,28
485551,485579,485582,3,28
485551,485577,485582,5,26
485551,485580,485582,2,29
485551,485569,485582,13,18
485551,485577,485582,5,26
485551,485580,485583,3,29
485551,485579,485584,5,28
485551,485581,485584,3,30
485551,485581,485584,3,30
485551,485581,485583,2,30
485551,485578,485584,6,27
485551,485582,485584,2,31
485551,485575,485584,9,24
485551,485582,485585,3,31
485551,485582,485584,2,31
485551,485583,485585,2,32
485551,485571,485585,14,20
485551,485582,485586,4,31
485551,485581,485586,5,30
485551,485583,485586,3,32
485551,485584,485587,3,33
485551,485582,485586,4,31
485551,485583,485586,3,32
485551,485584,485587,3,33
485551,485572,485583,11,21
485551,485572,485583,11,21
485551,485578,485583,5,27
485551,485581,485588,7,30
485551,485584,485589,5,33
485538,485546,485591,45,8
485551,485583,485591,8,32
485551,485581,485593,12,30
485551,485581,485594,13,30
485551,485581,485596,15,30
485621,485621,485624,3,0
485621,485621,485624,3,0
485621,485621,485624,3,0
485621,485621,485625,4,0
485621,485621,485625,4,0
485621,485621,485625,4,0
485621,485621,485626,5,0
485621,485621,485626,5,0
485621,485621,485626,5,0
485621,485621,485626,5,0
485621,485621,485626,5,0
485621,485624,485627,3,3
485621,485624,485627,3,3
485621,485622,485628,6,1
485621,485625,485628,3,4
485621,485625,485628,3,4
485621,485624,485628,4,3
485621,485625,485629,4,4
485621,485626,485629,3,5
485621,485626,485628,2,5
485621,485621,485630,9,0
485621,485626,485630,4,5
485621,485627,485630,3,6
485621,485628,485630,2,7
485621,485621,485631,10,0
485621,485621,485631,10,0
485621,485628,485631,3,7
485621,485621,485631,10,0
485621,485621,485631,10,0
485621,485626,485630,4,5
485621,485626,485631,5,5
485621,485628,485631,3,7
485621,485628,485631,3,7
485621,485629,485631,2,8
485621,485621,485632,11,0
485621,485621,485631,10,0
485621,485621,485632,11,0
485621,485621,485632,11,0
485621,485630,485632,2,9
485621,485630,485632,2,9
485621,485621,485633,12,0
485621,485631,485633,2,10
485621,485631,485633,2,10
485621,485630,485634,4,9
485621,485632,485634,2,11
485621,485632,485635,3,11
485621,485632,485635,3,11
485621,485631,485635,4,10
485621,485629,485635,6,8
485621,485633,485635,2,12
485621,485633,485635,2,12
485621,485631,485636,5,10
485621,485631,485636,5,10
485621,485634,485636,2,13
485621,485634,485636,2,13
485621,485631,485635,4,10
485621,485635,485637,2,14
485621,485631,485639,8,10
485621,485635,485639,4,14
485621,485630,485642,12,9
485621,485632,485644,12,11
485621,485631,485635,4,10
485621,485631,485646,15,10
485621,485633,485646,13,12
485621,485640,485648,8,19
485621,485640,485649,9,19
485621,485640,485649,9,19
484651,484666,485657,991,15
485621,485632,485658,26,11
485621,485633,485658,25,12
485621,485632,485662,30,11
485672,485672,485674,2,0
485672,485672,485676,4,0
485672,485672,485675,3,0
485672,485672,485675,3,0
485672,485672,485677,5,0
485672,485672,485676,4,0
485672,485672,485676,4,0
485672,485672,485678,6,0
485672,485672,485677,5,0
485672,485672,485678,6,0
485672,485672,485678,6,0
485672,485675,485677,2,3
485672,485672,485678,6,0
485672,485672,485678,6,0
485672,485672,485679,7,0
485672,485672,485678,6,0
485672,485676,485678,2,4
485672,485677,485679,2,5
485672,485676,485680,4,4
485672,485672,485679,7,0
485672,485678,485681,3,6
485672,485672,485680,8,0
485672,485672,485681,9,0
485672,485672,485680,8,0
485672,485678,485680,2,6
485672,485676,485680,4,4
485672,485677,485681,4,5
485672,485678,485681,3,6
485672,485672,485680,8,0
485672,485678,485681,3,6
485672,485673,485682,9,1
485672,485677,485681,4,5
485672,485679,485681,2,7
485672,485679,485682,3,7
485672,485672,485683,11,0
485672,485680,485683,3,8
485672,485681,485683,2,9
485672,485681,485684,3,9
485672,485678,485684,6,6
485672,485672,485683,11,0
485672,485672,485684,12,0
485672,485681,485684,3,9
485672,485682,485684,2,10
485672,485680,485684,4,8
485672,485682,485685,3,10
485672,485682,485685,3,10
485672,485681,485685,4,9
485672,485681,485685,4,9
485672,485681,485686,5,9
485672,485679,485685,6,7
485672,485679,485686,7,7
485672,485682,485686,4,10
485672,485684,485687,3,12
485672,485684,485687,3,12
485672,485684,485687,3,12
485672,485682,485686,4,10
485672,485679,485687,8,7
485672,485680,485687,7,8
485672,485684,485687,3,12
485672,485682,485687,5,10
485672,485685,485688,3,13
485672,485685,485688,3,13
485672,485685,485689,4,13
485672,485684,485690,6,12
485672,485672,485685,13,0
485672,485683,485692,9,11
485672,485684,485694,10,12
485672,485681,485695,14,9
485672,485681,485697,16,9
485672,485684,485709,25,12
484279,484288,485783,1495,9
485784,485784,485788,4,0
485784,485784,485787,3,0
485784,485784,485788,4,0
485784,485784,485788,4,0
485784,485784,485788,4,0
485784,485784,485788,4,0
485784,485784,485789,5,0
485784,485784,485789,5,0
485784,485784,485789,5,0
485784,485784,485789,5,0
485784,485784,485790,6,0
485784,485784,485790,6,0
485784,485784,485789,5,0
485784,485784,485790,6,0
485784,485784,485791,7,0
485784,485784,485791,7,0
485784,485790,485792,2,6
485784,485791,485793,2,7
485784,485789,485793,4,5
485784,485789,485792,3,5
485784,485790,485792,2,6
485784,485788,485793,5,4
485784,485784,485792,8,0
485784,485784,485793,9,0
485784,485791,485793,2,7
485784,485789,485793,4,5
485784,485784,485795,11,0
485784,485791,485794,3,7
485784,485790,485795,5,6
485784,485792,485795,3,8
485784,485792,485795,3,8
485784,485793,485795,2,9
485784,485793,485795,2,9
485784,485788,485796,8,4
485784,485789,485795,6,5
485784,485790,485795,5,6
485784,485793,485795,2,9
485784,485794,485797,3,10
485784,485793,485797,4,9
485784,485793,485797,4,9
485784,485793,485798,5,9
485784,485793,485797,4,9
485784,485795,485797,2,11
485784,485791,485796,5,7
485784,485796,485799,3,12
485784,485794,485798,4,10
485784,485796,485798,2,12
485784,485795,485798,3,11
485784,485796,485799,3,12
485784,485797,485800,3,13
485784,485797,485800,3,13
485784,485798,485801,3,14
485784,485795,485801,6,11
485784,485784,485794,10,0
485784,485799,485802,3,15
485784,485798,485802,4,14
485784,485795,485801,6,11
485784,485796,485802,6,12
485784,485798,485803,5,14
485784,485796,485803,7,12
485784,485796,485802,6,12
485784,485798,485803,5,14
485784,485798,485804,6,14
485784,485784,485800,16,0
485784,485792,485806,14,8
485784,485784,485811,27,0
485784,485784,485815,31,0
485784,485784,485814,30,0
485784,485784,485815,31,0
485784,485795,485849,54,11
484352,484363,485861,1498,11
485873,485873,485876,3,0
485873,485873,485877,4,0
485873,485873,485878,5,0
485873,485873,485877,4,0
485873,485873,485877,4,0
485873,485873,485878,5,0
485873,485873,485878,5,0
485873,485873,485878,5,0
485873,485873,485879,6,0
485873,485873,485879,6,0
485873,485873,485880,7,0
485873,485873,485880,7,0
485873,485873,485880,7,0
485873,485877,485879,2,4
485873,485873,485879,6,0
485873,485873,485880,7,0
485873,485873,485879,6,0
485873,485878,485880,2,5
485873,485873,485880,7,0
485873,485880,485882,2,7
485873,485880,485882,2,7
485873,485878,485882,4,5
485873,485880,485882,2,7
485873,485873,485883,10,0
485873,485879,485883,4,6
485873,485879,485882,3,6
485873,485881,485883,2,8
485873,485880,485883,3,7
485873,485881,485883,2,8
485873,485879,485885,6,6
485873,485879,485885,6,6
485873,485880,485884,4,7
485873,485880,485885,5,7
485873,485883,485886,3,10
485873,485882,485885,3,9
485873,485882,485885,3,9
485873,485873,485883,10,0
485873,485873,485883,10,0
485873,485873,485886,13,0
485873,485884,485886,2,11
485873,485884,485887,3,11
485873,485880,485886,6,7
485873,485880,485885,5,7
485873,485883,485888,5,10
485873,485883,485887,4,10
485873,485878,485887,9,5
485873,485884,485887,3,11
485873,485885,485888,3,12
485873,485886,485888,2,13
485873,485886,485889,3,13
485873,485886,485889,3,13
485873,485878,485890,12,5
485873,485887,485889,2,14
485873,485887,485890,3,14
485873,485885,485891,6,12
485873,485885,485890,5,12
485873,485883,485892,9,10
485873,485883,485891,8,10
485873,485887,485892,5,14
485873,485888,485893,5,15
485873,485887,485892,5,14
485873,485873,485891,18,0
485873,485885,485898,13,12
485873,485887,485899,12,14
485873,485873,485899,26,0
485873,485887,485901,14,14
485873,485873,485903,30,0
485873,485888,485905,17,15
485873,485873,485906,33,0
485873,485887,485918,31,14
484952,484964,485931,967,12
485941,485941,485943,2,0
485941,485941,485944,3,0
485941,485941,485945,4,0
485941,485941,485945,4,0
485941,485941,485945,4,0
485941,485941,485945,4,0
485941,485941,485945,4,0
485941,485941,485946,5,0
485941,485944,485946,2,3
485941,485941,485946,5,0
485941,485941,485946,5,0
485941,485941,485946,5,0
485941,485941,485947,6,0
485941,485945,485948,3,4
485941,485941,485948,7,0
485941,485941,485946,5,0
485941,485941,485948,7,0
485941,485946,485948,2,5
485941,485941,485948,7,0
485941,485945,485949,4,4
485941,485947,485950,3,6
485941,485947,485949,2,6
485941,485945,485950,5,4
485941,485941,485949,8,0
485941,485941,485951,10,0
485941,485941,485950,9,0
485941,485948,485951,3,7
485941,485948,485950,2,7
485941,485948,485951,3,7
485941,485941,485951,10,0
485941,485949,485951,2,8
485941,485949,485951,2,8
485941,485947,485951,4,6
485941,485949,485952,3,8
485941,485946,485950,4,5
485941,485948,485952,4,7
485941,485941,485951,10,0
485941,485941,485952,11,0
485941,485950,485952,2,9
485941,485950,485953,3,9
485941,485951,485953,2,10
485941,485946,485954,8,5
485941,485950,485954,4,9
485941,485950,485954,4,9
485941,485952,485954,2,11
485941,485951,485954,3,10
485941,485950,485955,5,9
485941,485947,485954,7,6
485941,485951,485955,4,10
485941,485952,485954,2,11
485941,485941,485955,14,0
485941,485952,485955,3,11
485941,485953,485956,3,12
485941,485953,485955,2,12
485941,485947,485956,9,6
485941,485954,485957,3,13
485941,485952,485957,5,11
485941,485952,485956,4,11
485941,485955,485957,2,14
485941,485952,485957,5,11
485941,485954,485959,5,13
485941,485951,485956,5,10
485941,485955,485959,4,14
485941,485954,485960,6,13
485941,485941,485962,21,0
485941,485951,485962,11,10
485941,485951,485962,11,10
485941,485941,485964,23,0
485941,485952,485967,15,11
485941,485952,485970,18,11
485037,485059,486011,952,22
486011,486011,486014,3,0
486011,486011,486015,4,0
486011,486011,486015,4,0
486011,486011,486015,4,0
486011,486011,486015,4,0
486011,486011,486016,5,0
486011,486011,486017,6,0
486011,486011,486016,5,0
486011,486011,486017,6,0
486011,486011,486017,6,0
486011,486011,486017,6,0
486011,486015,486017,2,4
486011,486011,486018,7,0
486011,486011,486019,8,0
486011,486015,486019,4,4
486011,486018,486019,1,7
486011,486017,486019,2,6
486011,486016,486019,3,5
486011,486016,486019,3,5
486011,486011,486019,8,0
486011,486011,486018,7,0
486011,486011,486018,7,0
486011,486018,486020,2,7
486011,486018,486020,2,7
486011,486018,486021,3,7
486011,486011,486021,10,0
486011,486012,486022,10,1
486011,486011,486022,11,0
486011,486016,486020,4,5
486011,486011,486021,10,0
486011,486020,486022,2,9
486011,486018,486022,4,7
486011,486018,486022,4,7
486011,486019,486022,3,8
486011,486020,486023,3,9
486011,486020,486023,3,9
486011,486021,486023,2,10
486011,486021,486023,2,10
486011,486020,486023,3,9
486011,486020,486024,4,9
486011,486020,486024,4,9
486011,486020,486024,4,9
486011,486021,486024,3,10
486011,486023,486025,2,12
486011,486023,486025,2,12
486011,486024,486026,2,13
486011,486024,486027,3,13
486011,486021,486026,5,10
486011,486012,486022,10,1
486011,486024,486026,2,13
486011,486024,486026,2,13
486011,486024,486027,3,13
486011,486021,486027,6,10
486011,486022,486027,5,11
486011,486025,486028,3,14
486011,486026,486028,2,15
486011,486022,486028,6,11
486011,486023,486028,5,12
486011,486026,486029,3,15
486011,486025,486029,4,14
486011,486025,486029,4,14
486011,486025,486029,4,14
486011,486023,486029,6,12
485044,485073,486030,957,29
486011,486011,486027,16,0
486011,486022,486033,11,11
486031,486031,486034,3,0
486011,486011,486034,23,0
486031,486031,486035,4,0
486031,486031,486035,4,0
486031,486031,486035,4,0
486031,486031,486035,4,0
486031,486031,486036,5,0
486031,486034,486036,2,3
486031,486031,486037,6,0
486031,486031,486037,6,0
486031,486031,486037,6,0
486031,486031,486037,6,0
486031,486031,486037,6,0
486031,486031,486037,6,0
486031,486031,486037,6,0
486031,486031,486037,6,0
486031,486035,486037,2,4
486031,486036,486038,2,5
486031,486035,486039,4,4
486031,486035,486039,4,4
486031,486035,486039,4,4
486031,486037,486039,2,6
486031,486038,486040,2,7
486031,486037,486040,3,6
486031,486031,486038,7,0
486031,486031,486038,7,0
486031,486031,486037,6,0
486031,486037,486040,3,6
486031,486037,486041,4,6
486031,486037,486041,4,6
486031,486038,486041,3,7
486031,486036,486042,6,5
486031,486037,486041,4,6
486031,486040,486043,3,9
486031,486037,486043,6,6
486031,486041,486043,2,10
486011,486011,486043,32,0
486031,486040,486043,3,9
486031,486039,486043,4,8
486031,486039,486044,5,8
486031,486039,486044,5,8
486031,486042,486044,2,11
486011,486022,486045,23,11
486031,486041,486044,3,10
486031,486041,486045,4,10
486031,486041,486045,4,10
486031,486037,486043,6,6
486031,486043,486046,3,12
486031,486044,486046,2,13
486031,486043,486046,3,12
486031,486045,486047,2,14
486031,486044,486047,3,13
486031,486046,486048,2,15
485069,485087,486048,961,18
486031,486042,486048,6,11
486031,486044,486049,5,13
486031,486046,486049,3,15
486031,486044,486049,5,13
486031,486044,486049,5,13
486031,486047,486049,2,16
486031,486046,486049,3,15
486031,486045,486051,6,14
486031,486043,486049,6,12
486031,486046,486050,4,15
486031,486033,486051,18,2
486031,486047,486052,5,16
486049,486050,486052,2,1
486031,486045,486049,4,14
486049,486049,486054,5,0
486049,486049,486054,5,0
486049,486050,486054,4,1
486031,486040,486053,13,9
486031,486040,486054,14,9
486049,486050,486054,4,1
486049,486050,486054,4,1
486049,486053,486055,2,4
486049,486049,486055,6,0
486049,486051,486055,4,2
486049,486051,486055,4,2
486049,486052,486055,3,3
486031,486040,486055,15,9
486049,486052,486055,3,3
486049,486054,486056,2,5
486049,486054,486056,2,5
486049,486052,486056,4,3
486049,486055,486057,2,6
486011,486012,486056,44,1
486049,486054,486057,3,5
486049,486050,486058,8,1
486049,486055,486057,2,6
486049,486056,486058,2,7
486049,486055,486057,2,6
486049,486055,486058,3,6
486031,486033,486053,20,2
486049,486049,486059,10,0
486049,486057,486059,2,8
486049,486057,486059,2,8
486049,486056,486060,4,7
486049,486058,486060,2,9
486049,486056,486060,4,7
486049,486056,486060,4,7
486049,486055,486060,5,6
486049,486058,486060,2,9
486049,486058,486061,3,9
486049,486058,486062,4,9
486049,486058,486062,4,9
486049,486060,486062,2,11
486049,486060,486063,3,11
486049,486059,486063,4,10
486049,486056,486061,5,7
486049,486055,486063,8,6
486049,486049,486062,13,0
486049,486061,486064,3,12
486049,486059,486064,5,10
486049,486061,486064,3,12
486049,486061,486064,3,12
486031,486033,486059,26,2
486049,486061,486065,4,12
486049,486063,486065,2,14
486049,486062,486066,4,13
486011,486022,486066,44,11
486049,486064,486067,3,15
486049,486061,486067,6,12
486049,486064,486067,3,15
486049,486057,486066,9,8
486049,486056,486067,11,7
486049,486063,486067,4,14
486049,486065,486068,3,16
486049,486061,486066,5,12
486049,486061,486068,7,12
486049,486065,486068,3,16
486049,486064,486068,4,15
486049,486066,486068,2,17
486049,486064,486068,4,15
486049,486064,486068,4,15
486049,486066,486069,3,17
486049,486065,486069,4,16
486049,486064,486070,6,15
486049,486068,486070,2,19
486049,486057,486070,13,8
486049,486066,486070,4,17
486049,486067,486071,4,18
486031,486035,486075,40,4
486049,486053,486075,22,4
486049,486059,486076,17,10
486031,486044,486077,33,13
485177,485197,486190,993,20
486191,486191,486194,3,0
486191,486191,486194,3,0
486191,486191,486194,3,0
486191,486191,486194,3,0
486191,486191,486195,4,0
486191,486191,486195,4,0
486191,486191,486195,4,0
486191,486191,486196,5,0
486191,486191,486196,5,0
486191,486191,486195,4,0
486191,486191,486196,5,0
486191,486191,486196,5,0
486191,486191,486196,5,0
486191,486191,486196,5,0
486191,486191,486197,6,0
486191,486191,486197,6,0
486191,486195,486197,2,4
486191,486195,486197,2,4
486191,486191,486196,5,0
486191,486195,486198,3,4
486191,486195,486199,4,4
486191,486196,486198,2,5
486191,486196,486199,3,5
486191,486196,486199,3,5
486191,486197,486199,2,6
486191,486197,486200,3,6
486191,486191,486201,10,0
486191,486191,486201,10,0
486191,486198,486200,2,7
486191,486195,486198,3,4
486191,486198,486200,2,7
486191,486198,486200,2,7
486191,486197,486201,4,6
486191,486196,486201,5,5
486191,486196,486202,6,5
486191,486199,486201,2,8
486191,486198,486201,3,7
486191,486200,486202,2,9
486191,486200,486203,3,9
486191,486199,486203,4,8
486191,486199,486203,4,8
486191,486201,486203,2,10
486191,486201,486204,3,10
486191,486198,486202,4,7
486191,486201,486204,3,10
486191,486201,486204,3,10
486191,486200,486205,5,9
486191,486202,486204,2,11
486191,486203,486205,2,12
486191,486203,486205,2,12
486191,486204,486206,2,13
486191,486191,486206,15,0
486191,486191,486206,15,0
486191,486204,486207,3,13
486191,486197,486204,7,6
486191,486201,486205,4,10
486191,486205,486207,2,14
486191,486204,486208,4,13
486191,486202,486208,6,11
486191,486204,486208,4,13
486191,486204,486208,4,13
486191,486204,486208,4,13
486191,486202,486209,7,11
486191,486202,486211,9,11
486191,486201,486211,10,10
486191,486191,486215,24,0
486191,486191,486215,24,0
486191,486191,486216,25,0
486191,486201,486217,16,10
486191,486191,486220,29,0
485251,485273,486238,965,22
486243,486243,486246,3,0
486243,486243,486245,2,0
486243,486243,486247,4,0
486243,486243,486247,4,0
486243,486243,486247,4,0
486243,486243,486247,4,0
486243,486243,486247,4,0
486243,486243,486247,4,0
486243,486243,486247,4,0
486243,486243,486248,5,0
486243,486243,486248,5,0
486243,486243,486248,5,0
486243,486243,486248,5,0
486243,486243,486248,5,0
486243,486243,486249,6,0
486243,486246,486248,2,3
486243,486246,486248,2,3
486243,486246,486250,4,3
486243,486248,486250,2,5
486243,486247,486251,4,4
485249,485260,486251,991,11
486243,486248,486251,3,5
486243,486248,486250,2,5
486243,486247,486251,4,4
486243,486247,486251,4,4
486243,486249,486252,3,6
486243,486249,486252,3,6
486243,486243,486249,6,0
486243,486243,486253,10,0
486243,486243,486253,10,0
486243,486243,486253,10,0
486243,486243,486253,10,0
486243,486247,486253,6,4
486243,486248,486253,5,5
486243,486251,486254,3,8
486243,486243,486253,10,0
486243,486251,486254,3,8
486243,486251,486253,2,8
486243,486251,486254,3,8
486243,486251,486254,3,8
486243,486249,486255,6,6
486243,486249,486255,6,6
486243,486252,486255,3,9
486243,486252,486255,3,9
486243,486251,486256,5,8
486243,486252,486257,5,9
486243,486249,486257,8,6
486243,486254,486257,3,11
486243,486253,486257,4,10
486243,486253,486257,4,10
486243,486254,486257,3,11
486243,486254,486257,3,11
486243,486255,486257,2,12
486243,486255,486258,3,12
486243,486247,486257,10,4
486243,486249,486257,8,6
486243,486253,486257,4,10
486243,486252,486258,6,9
486243,486255,486258,3,12
486243,486256,486258,2,13
486243,486255,486260,5,12
486243,486255,486260,5,12
486253,486258,486260,2,5
486253,486259,486261,2,6
486253,486258,486261,3,5
486253,486259,486261,2,6
486253,486258,486261,3,5
486253,486258,486262,4,5
486243,486256,486262,6,13
486253,486257,486262,5,4
486253,486258,486262,4,5
486253,486261,486262,1,8
486253,486257,486263,6,4
486253,486261,486263,2,8
486253,486262,486264,2,9
486253,486261,486264,3,8
486243,486243,486254,11,0
486253,486258,486264,6,5
486253,486260,486264,4,7
486253,486262,486264,2,9
486253,486262,486264,2,9
486253,486263,486265,2,10
486253,486258,486264,6,5
486253,486258,486265,7,5
486253,486257,486265,8,4
486253,486263,486265,2,10
486253,486264,486266,2,11
486253,486264,486266,2,11
486253,486262,486266,4,9
486243,486253,486265,12,10
486243,486254,486265,11,11
486253,486260,486265,5,7
486253,486263,486266,3,10
486253,486265,486267,2,12
486253,486264,486267,3,11
486253,486265,486267,2,12
486253,486265,486267,2,12
486253,486263,486268,5,10
486253,486257,486268,11,4
486253,486266,486268,2,13
486253,486266,486268,2,13
486253,486266,486268,2,13
485253,485288,486269,981,35
486253,486267,486269,2,14
486253,486266,486269,3,13
486253,486267,486270,3,14
486253,486267,486269,2,14
486253,486265,486270,5,12
486253,486268,486270,2,15
486253,486264,486271,7,11
486253,486266,486271,5,13
486253,486267,486271,4,14
486253,486268,486271,3,15
486253,486269,486271,2,16
486253,486269,486271,2,16
486253,486270,486272,2,17
486243,486243,486268,25,0
486253,486264,486268,4,11
486253,486269,486272,3,16
486253,486270,486272,2,17
486253,486270,486273,3,17
486253,486270,486273,3,17
486253,486268,486273,5,15
486253,486269,486274,5,16
486253,486270,486273,3,17
486253,486271,486274,3,18
486253,486272,486274,2,19
486253,486265,486272,7,12
486253,486265,486272,7,12
486253,486272,486274,2,19
486253,486272,486274,2,19
486253,486272,486274,2,19
486270,486274,486276,2,4
486253,486271,486276,5,18
486243,486253,486276,23,10
486270,486274,486276,2,4
486270,486274,486277,3,4
486270,486275,486277,2,5
486253,486271,486277,6,18
486253,486271,486277,6,18
486270,486273,486278,5,3
486270,486275,486277,2,5
486270,486273,486277,4,3
486270,486275,486278,3,5
486270,486275,486278,3,5
486253,486272,486278,6,19
486270,486273,486279,6,3
486270,486276,486279,3,6
486270,486277,486279,2,7
486253,486266,486279,13,13
486253,486266,486279,13,13
486270,486274,486280,6,4
486270,486277,486279,2,7
486270,486277,486279,2,7
486270,486278,486280,2,8
486270,486278,486280,2,8
486270,486278,486280,2,8
486270,486273,486281,8,3
486270,486278,486281,3,8
486270,486276,486281,5,6
486270,486280,486282,2,10
486270,486280,486281,1,10
486270,486279,486281,2,9
486270,486275,486282,7,5
486270,486278,486282,4,8
486270,486280,486282,2,10
486270,486280,486283,3,10
486270,486274,486283,9,4
486270,486281,486283,2,11
486270,486279,486284,5,9
486270,486281,486284,3,11
486270,486281,486284,3,11
486270,486281,486284,3,11
486270,486281,486284,3,11
486270,486282,486284,2,12
486270,486282,486284,2,12
486270,486278,486284,6,8
486270,486279,486285,6,9
486270,486280,486285,5,10
486270,486282,486286,4,12
486270,486283,486286,3,13
486270,486283,486286,3,13
486270,486284,486286,2,14
486270,486284,486287,3,14
486270,486284,486287,3,14
486270,486284,486287,3,14
486270,486281,486287,6,11
486243,486253,486287,34,10
486270,486285,486287,2,15
486270,486285,486287,2,15
486270,486284,486287,3,14
486270,486283,486289,6,13
486270,486284,486289,5,14
486270,486286,486288,2,16
486243,486243,486289,46,0
486270,486287,486289,2,17
486270,486283,486287,4,13
486270,486286,486290,4,16
486243,486253,486280,27,10
486270,486286,486289,3,16
486270,486287,486290,3,17
486270,486287,486290,3,17
486270,486287,486290,3,17
486270,486284,486290,6,14
486270,486286,486290,4,16
486270,486286,486291,5,16
486270,486286,486292,6,16
486270,486288,486294,6,18
486270,486273,486298,25,3
486270,486280,486300,20,10
486270,486276,486308,32,6
486270,486280,486310,30,10
484836,484849,486361,1512,13
486362,486363,486364,1,1
486362,486362,486365,3,0
486362,486362,486365,3,0
486362,486362,486366,4,0
486362,486363,486366,3,1
486362,486363,486366,3,1
486362,486365,486366,1,3
486362,486362,486367,5,0
486362,486362,486367,5,0
486362,486363,486368,5,1
486362,486363,486367,4,1
486362,486363,486367,4,1
486362,486362,486367,5,0
486362,486363,486368,5,1
486362,486366,486368,2,4
486362,486366,486368,2,4
486362,486362,486368,6,0
486362,486367,486368,1,5
486362,486363,486368,5,1
486362,486367,486369,2,5
486362,486362,486369,7,0
486362,486363,486369,6,1
486362,486362,486369,7,0
486362,486362,486370,8,0
486362,486362,486370,8,0
486362,486367,486370,3,5
486362,486367,486370,3,5
486362,486362,486370,8,0
486362,486368,486370,2,6
486362,486368,486371,3,6
486362,486369,486371,2,7
486362,486368,486371,3,6
486362,486369,486371,2,7
486362,486369,486371,2,7
486362,486363,486372,9,1
486362,486370,486372,2,8
486362,486368,486373,5,6
486362,486370,486372,2,8
486362,486371,486373,2,9
486362,486363,486373,10,1
486362,486363,486373,10,1
486362,486368,486373,5,6
486362,486372,486374,2,10
486362,486368,486374,6,6
486362,486369,486374,5,7
486362,486371,486374,3,9
486362,486372,486374,2,10
486362,486371,486374,3,9
486362,486371,486374,3,9
486362,486369,486374,5,7
486362,486372,486374,2,10
486362,486373,486375,2,11
486362,486369,486375,6,7
486362,486373,486375,2,11
486362,486371,486375,4,9
486362,486373,486375,2,11
486362,486374,486376,2,12
486362,486372,486376,4,10
486362,486370,486376,6,8
486362,486370,486376,6,8
486362,486373,486377,4,11
486362,486371,486376,5,9
486362,486375,486379,4,13
486362,486372,486379,7,10
486362,486374,486379,5,12
486362,486363,486374,11,1
486362,486375,486380,5,13
486362,486373,486383,10,11
486362,486374,486384,10,12
486362,486374,486384,10,12
485539,485551,486521,970,12
486522,486523,486525,2,1
486522,486523,486525,2,1
486522,486523,486525,2,1
486522,486523,486526,3,1
486522,486523,486526,3,1
486522,486523,486526,3,1
486522,486523,486526,3,1
486522,486525,486526,1,3
486522,486523,486527,4,1
486522,486523,486527,4,1
486522,486523,486527,4,1
486522,486523,486528,5,1
486522,486523,486527,4,1
486522,486523,486527,4,1
486522,486523,486527,4,1
486522,486523,486527,4,1
486522,486523,486527,4,1
486522,486523,486528,5,1
486522,486527,486528,1,5
486522,486526,486528,2,4
486522,486526,486529,3,4
486522,486527,486529,2,5
486522,486523,486529,6,1
486522,486528,486530,2,6
486522,486523,486528,5,1
486522,486523,486529,6,1
486522,486527,486530,3,5
486522,486528,486530,2,6
486522,486528,486530,2,6
486522,486528,486530,2,6
486522,486523,486531,8,1
486522,486527,486532,5,5
486522,486529,486531,2,7
486522,486529,486531,2,7
486522,486529,486532,3,7
486522,486528,486532,4,6
486522,486523,486532,9,1
486522,486523,486532,9,1
486522,486528,486532,4,6
486522,486530,486532,2,8
486522,486527,486532,5,5
486522,486528,486532,4,6
486522,486529,486532,3,7
486522,486530,486532,2,8
486522,486528,486532,4,6
486522,486523,486533,10,1
486522,486523,486533,10,1
486522,486528,486533,5,6
486522,486531,486533,2,9
486522,486531,486534,3,9
486522,486531,486534,3,9
486522,486532,486534,2,10
486522,486532,486534,2,10
486522,486532,486535,3,10
486522,486530,486536,6,8
486522,486533,486536,3,11
486522,486531,486536,5,9
486522,486533,486536,3,11
486522,486533,486535,2,11
485517,485529,486536,1007,12
486522,486533,486536,3,11
486522,486533,486537,4,11
486522,486531,486537,6,9
486522,486533,486537,4,11
486522,486532,486537,5,10
486522,486534,486538,4,12
486522,486531,486538,7,9
486537,486537,486539,2,0
486522,486532,486540,8,10
486537,486537,486540,3,0
486537,486537,486539,2,0
486537,486537,486540,3,0
486522,486533,486540,7,11
486537,486537,486541,4,0
486537,486537,486541,4,0
486537,486539,486541,2,2
486537,486538,486542,4,1
486537,486537,486542,5,0
486522,486533,486542,9,11
486537,486537,486542,5,0
486537,486537,486542,5,0
486537,486537,486541,4,0
486537,486538,486542,4,1
486537,486538,486543,5,1
486537,486537,486542,5,0
486537,486537,486542,5,0
486537,486540,486542,2,3
486537,486537,486542,5,0
486537,486541,486543,2,4
486537,486540,486543,3,3
486537,486540,486543,3,3
486537,486541,486543,2,4
486537,486540,486544,4,3
486537,486537,486544,7,0
486537,486538,486543,5,1
486537,486541,486545,4,4
486537,486542,486544,2,5
486537,486542,486544,2,5
486537,486539,486545,6,2
486537,486541,486546,5,4
486537,486542,486545,3,5
486537,486542,486546,4,5
486537,486543,486546,3,6
486537,486543,486546,3,6
486537,486543,486546,3,6
486537,486543,486546,3,6
486537,486543,486545,2,6
486537,486538,486546,8,1
486537,486542,486547,5,5
486537,486543,486547,4,6
486537,486544,486547,3,7
486537,486543,486546,3,6
486537,486543,486547,4,6
486537,486545,486548,3,8
486537,486545,486548,3,8
485033,485059,486549,1490,26
486537,486543,486549,6,6
486537,486546,486549,3,9
486537,486546,486549,3,9
486537,486546,486549,3,9
486537,486546,486549,3,9
486537,486546,486549,3,9
486522,486533,486542,9,11
486537,486546,486549,3,9
486537,486545,486550,5,8
486537,486547,486550,3,10
486537,486547,486550,3,10
486537,486546,486550,4,9
486537,486545,486550,5,8
486537,486545,486550,5,8
486537,486548,486551,3,11
486537,486547,486551,4,10
486537,486548,486551,3,11
486537,486546,486551,5,9
486537,486545,486552,7,8
486537,486547,486553,6,10
486549,486552,486553,1,3
486549,486551,486553,2,2
486549,486552,486553,1,3
486549,486552,486553,1,3
486549,486551,486553,2,2
486537,486546,486553,7,9
486537,486549,486554,5,12
486537,486547,486555,8,10
486549,486550,486554,4,1
486549,486550,486555,5,1
486549,486554,486555,1,5
486549,486554,486555,1,5
486549,486550,486555,5,1
486549,486554,486555,1,5
486549,486550,486555,5,1
486549,486550,486555,5,1
486549,486551,486555,4,2
486549,486551,486555,4,2
486549,486550,486556,6,1
486549,486554,486556,2,5
486549,486550,486556,6,1
486549,486554,486556,2,5
486537,486548,486557,9,11
486549,486551,486557,6,2
486549,486552,486557,5,3
486549,486556,486558,2,7
486549,486556,486558,2,7
486549,486556,486557,1,7
486549,486555,486558,3,6
486537,486537,486558,21,0
486549,486556,486558,2,7
486549,486556,486558,2,7
486549,486556,486558,2,7
486549,486553,486559,6,4
486549,486553,486556,3,4
486549,486555,486559,4,6
486549,486557,486559,2,8
486549,486557,486559,2,8
486549,486557,486560,3,8
486549,486555,486559,4,6
486537,486542,486560,18,5
486549,486557,486560,3,8
486549,486558,486560,2,9
486549,486558,486560,2,9
486549,486558,486560,2,9
486549,486556,486561,5,7
486549,486556,486561,5,7
486549,486558,486561,3,9
486549,486559,486561,2,10
486549,486559,486561,2,10
486549,486559,486561,2,10
486549,486557,486561,4,8
486549,486557,486562,5,8
486549,486560,486563,3,11
486549,486560,486562,2,11
486549,486560,486563,3,11
486549,486557,486563,6,8
486549,486555,486561,6,6
486549,486554,486563,9,5
486549,486559,486563,4,10
486549,486559,486563,4,10
486549,486561,486563,2,12
486549,486561,486563,2,12
486549,486561,486563,2,12
486549,486561,486563,2,12
486549,486561,486564,3,12
486549,486550,486565,15,1
486549,486562,486564,2,13
486549,486562,486564,2,13
486549,486562,486564,2,13
486549,486560,486565,5,11
486549,486560,486566,6,11
486549,486559,486565,6,10
486549,486561,486566,5,12
486549,486561,486566,5,12
486549,486561,486571,10,12
485622,485635,486598,963,13
485552,485584,486600,1016,32
486621,486621,486623,2,0
486621,486621,486624,3,0
486621,486621,486624,3,0
486621,486621,486624,3,0
486621,486621,486624,3,0
486621,486621,486625,4,0
486621,486621,486625,4,0
486621,486621,486625,4,0
486621,486621,486625,4,0
486621,486621,486625,4,0
486621,486623,486625,2,2
486621,486621,486625,4,0
486621,486621,486626,5,0
486621,486621,486626,5,0
486621,486621,486625,4,0
486621,486621,486626,5,0
486621,486623,486626,3,2
486621,486621,486626,5,0
486621,486621,486626,5,0
486621,486621,486626,5,0
486621,486624,486626,2,3
486621,486624,486626,2,3
486621,486621,486627,6,0
486621,486621,486627,6,0
486621,486625,486627,2,4
486621,486623,486627,4,2
486621,486624,486627,3,3
486621,486624,486627,3,3
486621,486621,486627,6,0
486621,486626,486628,2,5
486621,486626,486628,2,5
486621,486627,486629,2,6
486621,486627,486629,2,6
486621,486627,486629,2,6
486621,486627,486629,2,6
486621,486627,486629,2,6
486621,486627,486629,2,6
486621,486626,486629,3,5
486621,486625,486630,5,4
486621,486625,486630,5,4
486621,486626,486630,4,5
486621,486628,486630,2,7
486621,486628,486630,2,7
486621,486628,486630,2,7
486621,486626,486631,5,5
486621,486626,486631,5,5
486621,486627,486631,4,6
486621,486629,486631,2,8
486621,486629,486632,3,8
486621,486621,486629,8,0
486621,486621,486629,8,0
486621,486621,486630,9,0
486621,486626,486632,6,5
486621,486630,486632,2,9
486621,486630,486633,3,9
486621,486630,486632,2,9
486621,486630,486632,2,9
486621,486630,486632,2,9
486621,486630,486632,2,9
486621,486628,486633,5,7
486621,486631,486633,2,10
486621,486631,486633,2,10
486621,486627,486634,7,6
486621,486630,486634,4,9
486623,486633,486635,2,10
486621,486630,486635,5,9
486621,486627,486635,8,6
486621,486629,486635,6,8
486623,486633,486635,2,10
486623,486633,486635,2,10
486623,486633,486635,2,10
486623,486633,486635,2,10
486623,486634,486636,2,11
486621,486631,486636,5,10
486621,486631,486636,5,10
486623,486632,486636,4,9
486623,486634,486636,2,11
486623,486635,486637,2,12
486621,486631,486633,2,10
486623,486633,486637,4,10
486623,486632,486637,5,9
486623,486632,486638,6,9
486623,486634,486638,4,11
486623,486637,486639,2,14
486623,486636,486638,2,13
486623,486636,486638,2,13
486623,486636,486638,2,13
486623,486637,486639,2,14
486623,486636,486638,2,13
486623,486636,486638,2,13
486623,486637,486639,2,14
486623,486632,486639,7,9
486623,486636,486639,3,13
486623,486636,486639,3,13
486623,486632,486639,7,9
486623,486635,486640,5,12
486623,486637,486639,2,14
486623,486637,486639,2,14
486623,486635,486640,5,12
486623,486638,486640,2,15
486623,486637,486641,4,14
486623,486637,486642,5,14
486623,486639,486641,2,16
486623,486639,486641,2,16
486623,486639,486641,2,16
486623,486639,486642,3,16
486623,486639,486642,3,16
486623,486639,486642,3,16
486623,486639,486642,3,16
486623,486639,486641,2,16
486623,486640,486643,3,17
486623,486640,486643,3,17
486623,486640,486642,2,17
486623,486636,486642,6,13
486623,486638,486643,5,15
486623,486639,486643,4,16
486623,486639,486643,4,16
486623,486641,486644,3,18
486623,486632,486642,10,9
486623,486632,486643,11,9
486623,486642,486644,2,19
486623,486642,486645,3,19
486623,486642,486645,3,19
486623,486642,486645,3,19
486623,486642,486645,3,19
486623,486642,486645,3,19
486623,486642,486644,2,19
486623,486642,486644,2,19
486623,486640,486645,5,17
486623,486640,486645,5,17
486623,486643,486645,2,20
486623,486643,486646,3,20
486623,486643,486645,2,20
486623,486640,486646,6,17
486623,486642,486647,5,19
486623,486642,486647,5,19
486623,486644,486648,4,21
486623,486639,486647,8,16
486623,486641,486649,8,18
486623,486644,486649,5,21
485673,485685,486650,965,12
486663,486663,486665,2,0
486663,486663,486665,2,0
486663,486663,486666,3,0
486663,486663,486665,2,0
486663,486663,486665,2,0
486663,486663,486665,2,0
486663,486663,486665,2,0
486663,486663,486665,2,0
486663,486663,486666,3,0
486663,486663,486666,3,0
486663,486663,486666,3,0
486663,486665,486667,2,2
486663,486663,486666,3,0
486663,486665,486666,1,2
486663,486663,486667,4,0
486663,486663,486667,4,0
486663,486663,486667,4,0
486663,486663,486667,4,0
486663,486666,486667,1,3
486663,486663,486667,4,0
486663,486663,486667,4,0
486663,486663,486668,5,0
486663,486663,486669,6,0
486663,486663,486669,6,0
486663,486666,486668,2,3
486663,486666,486668,2,3
486663,486667,486669,2,4
486663,486666,486668,2,3
486663,486666,486668,2,3
486663,486666,486668,2,3
486663,486667,486669,2,4
486663,486663,486669,6,0
486663,486663,486669,6,0
486663,486667,486669,2,4
486663,486667,486669,2,4
486663,486667,486670,3,4
486663,486668,486670,2,5
486663,486669,486671,2,6
486663,486668,486671,3,5
486663,486668,486671,3,5
486663,486669,486671,2,6
486663,486669,486672,3,6
486663,486669,486672,3,6
486663,486669,486671,2,6
486663,486669,486672,3,6
486663,486668,486672,4,5
486663,486668,486673,5,5
486663,486667,486672,5,4
486663,486668,486672,4,5
486663,486663,486670,7,0
486663,486663,486670,7,0
486663,486669,486672,3,6
486663,486670,486672,2,7
486663,486670,486672,2,7
486663,486670,486672,2,7
486663,486671,486673,2,8
486663,486671,486673,2,8
486663,486671,486673,2,8
486663,486671,486674,3,8
486663,486672,486674,2,9
486663,486672,486674,2,9
486663,486672,486674,2,9
486663,486672,486675,3,9
486663,486672,486674,2,9
486663,486669,486675,6,6
486663,486669,486677,8,6
486663,486670,486676,6,7
486663,486670,486677,7,7
485175,485197,486678,1481,22
486663,486669,486678,9,6
486687,486687,486689,2,0
486687,486687,486689,2,0
486687,486687,486689,2,0
486687,486687,486689,2,0
486687,486687,486689,2,0
486687,486687,486689,2,0
486687,486687,486689,2,0
486687,486687,486690,3,0
486687,486687,486690,3,0
486687,486687,486691,4,0
486687,486687,486691,4,0
486687,486687,486691,4,0
486687,486687,486692,5,0
486687,486687,486691,4,0
486687,486687,486691,4,0
486687,486687,486692,5,0
486687,486690,486692,2,3
486687,486687,486692,5,0
486687,486690,486692,2,3
486687,486690,486692,2,3
486687,486690,486692,2,3
486687,486690,486692,2,3
486687,486687,486692,5,0
486687,486690,486692,2,3
486687,486690,486692,2,3
486687,486687,486693,6,0
486687,486687,486694,7,0
486687,486692,486694,2,5
486687,486687,486692,5,0
486687,486687,486692,5,0
486687,486692,486694,2,5
486687,486692,486694,2,5
486687,486692,486694,2,5
486687,486692,486695,3,5
486687,486692,486695,3,5
486687,486692,486694,2,5
486663,486691,486695,4,28
486687,486691,486695,4,4
486687,486693,486696,3,6
486687,486693,486696,3,6
486687,486693,486696,3,6
486687,486693,486695,2,6
486687,486693,486696,3,6
486687,486693,486696,3,6
486687,486692,486696,4,5
486687,486691,486696,5,4
486687,486694,486696,2,7
486687,486692,486696,4,5
486687,486692,486696,4,5
486687,486687,486694,7,0
486687,486695,486697,2,8
486687,486695,486698,3,8
486687,486695,486698,3,8
486687,486695,486697,2,8
486687,486695,486697,2,8
486687,486695,486698,3,8
486687,486696,486698,2,9
486687,486696,486698,2,9
486687,486696,486698,2,9
486687,486696,486699,3,9
486687,486696,486698,2,9
486687,486696,486699,3,9
486687,486696,486700,4,9
486687,486695,486699,4,8
486687,486696,486701,5,9
486687,486696,486701,5,9
486687,486694,486701,7,7
486687,486694,486701,7,7
486687,486695,486703,8,8
486687,486697,486703,6,10
486687,486706,486709,3,19
485943,485955,486924,969,12
486925,486925,486927,2,0
486925,486925,486927,2,0
486925,486925,486927,2,0
486925,486925,486927,2,0
486925,486925,486927,2,0
486925,486925,486927,2,0
486925,486925,486927,2,0
486925,486925,486929,4,0
486925,486927,486929,2,2
486925,486925,486929,4,0
486925,486925,486928,3,0
486925,486925,486928,3,0
486925,486925,486930,5,0
486925,486925,486929,4,0
486925,486925,486929,4,0
486925,486925,486929,4,0
486925,486925,486929,4,0
486925,486928,486930,2,3
486925,486928,486931,3,3
486925,486928,486931,3,3
486925,486928,486931,3,3
486925,486928,486930,2,3
486925,486925,486931,6,0
486925,486925,486931,6,0
486925,486925,486932,7,0
486925,486925,486931,6,0
486925,486925,486932,7,0
486925,486925,486932,7,0
486925,486925,486932,7,0
486925,486929,486931,2,4
486925,486928,486931,3,3
486925,486929,486931,2,4
486925,486929,486932,3,4
486925,486929,486931,2,4
486925,486930,486933,3,5
486925,486930,486933,3,5
486925,486929,486933,4,4
486925,486925,486934,9,0
486925,486930,486933,3,5
486925,486931,486933,2,6
486925,486931,486934,3,6
486925,486931,486933,2,6
486925,486931,486934,3,6
486925,486930,486934,4,5
486925,486925,486934,9,0
486925,486932,486934,2,7
486925,486932,486935,3,7
486925,486930,486935,5,5
486925,486931,486934,3,6
486925,486932,486935,3,7
486925,486932,486935,3,7
486925,486932,486935,3,7
486925,486933,486936,3,8
486925,486934,486936,2,9
486925,486933,486936,3,8
486925,486932,486936,4,7
486925,486932,486937,5,7
486925,486932,486936,4,7
486925,486932,486937,5,7
486925,486934,486937,3,9
486925,486934,486937,3,9
486925,486934,486937,3,9
486925,486934,486937,3,9
486925,486934,486938,4,9
486925,486932,486939,7,7
486925,486932,486939,7,7
486925,486932,486940,8,7
486925,486935,486940,5,10
486925,486935,486940,5,10
486925,486934,486940,6,9
485443,485452,486958,1506,9
486964,486965,486967,2,1
486964,486965,486967,2,1
486964,486965,486967,2,1
486964,486965,486967,2,1
486964,486965,486967,2,1
486964,486965,486967,2,1
486964,486965,486968,3,1
486964,486965,486969,4,1
486964,486965,486969,4,1
486964,486965,486969,4,1
486012,486026,486969,943,14
486964,486965,486970,5,1
486964,486965,486971,6,1
486964,486965,486970,5,1
486964,486968,486970,2,4
486964,486968,486970,2,4
486964,486968,486970,2,4
486964,486968,486970,2,4
486964,486965,486970,5,1
486964,486968,486970,2,4
486964,486965,486970,5,1
486964,486968,486970,2,4
486964,486969,486971,2,5
486964,486965,486971,6,1
486964,486965,486971,6,1
486964,486965,486971,6,1
486964,486965,486971,6,1
486964,486965,486971,6,1
486964,486965,486972,7,1
486964,486970,486972,2,6
486964,486970,486972,2,6
486964,486971,486973,2,7
486964,486971,486973,2,7
486964,486971,486974,3,7
486964,486971,486974,3,7
486964,486971,486973,2,7
486964,486971,486973,2,7
486964,486971,486973,2,7
486964,486971,486973,2,7
486964,486971,486973,2,7
486964,486970,486974,4,6
486964,486970,486974,4,6
486964,486971,486974,3,7
486964,486971,486975,4,7
486964,486973,486976,3,9
486964,486972,486975,3,8
486964,486973,486975,2,9
486964,486965,486976,11,1
486964,486965,486976,11,1
486964,486965,486976,11,1
486964,486974,486976,2,10
486964,486974,486976,2,10
486964,486974,486977,3,10
486964,486974,486976,2,10
486964,486974,486977,3,10
486964,486974,486976,2,10
486964,486974,486976,2,10
486964,486974,486977,3,10
486964,486974,486977,3,10
486964,486975,486978,3,11
486964,486971,486978,7,7
486964,486972,486979,7,8
486964,486976,486978,2,12
486970,486977,486979,2,7
486964,486972,486979,7,8
486964,486973,486980,7,9
486970,486977,486980,3,7
486970,486977,486980,3,7
486970,486976,486979,3,6
486970,486977,486979,2,7
486964,486975,486980,5,11
486964,486975,486981,6,11
486970,486977,486980,3,7
486970,486978,486980,2,8
486970,486978,486980,2,8
486970,486979,486981,2,9
486964,486976,486981,5,12
486964,486972,486979,7,8
486964,486972,486979,7,8
486970,486977,486981,4,7
486970,486979,486981,2,9
486970,486977,486981,4,7
486970,486977,486981,4,7
486970,486980,486982,2,10
486970,486980,486982,2,10
486970,486981,486983,2,11
486970,486980,486982,2,10
486970,486980,486983,3,10
486970,486981,486983,2,11
486964,486965,486978,13,1
486970,486981,486983,2,11
486970,486982,486984,2,12
486970,486981,486984,3,11
486970,486982,486984,2,12
486970,486981,486984,3,11
486970,486981,486984,3,11
486970,486982,486984,2,12
486970,486982,486985,3,12
486970,486983,486985,2,13
486970,486982,486985,3,12
486970,486983,486986,3,13
486970,486983,486986,3,13
486970,486983,486986,3,13
486970,486983,486986,3,13
486970,486983,486986,3,13
486970,486979,486985,6,9
486970,486982,486985,3,12
486970,486984,486987,3,14
486970,486984,486986,2,14
486970,486984,486987,3,14
486970,486984,486987,3,14
486970,486985,486988,3,15
486970,486985,486988,3,15
486970,486985,486987,2,15
486970,486985,486989,4,15
486970,486986,486989,3,16
486970,486986,486989,3,16
486970,486986,486989,3,16
486970,486986,486989,3,16
486970,486986,486989,3,16
486970,486985,486989,4,15
486970,486982,486990,8,12
486970,486987,486990,3,17
486970,486987,486990,3,17
486970,486987,486990,3,17
486970,486987,486990,3,17
486970,486986,486990,4,16
486970,486988,486991,3,18
486970,486988,486991,3,18
486970,486979,486991,12,9
486970,486980,486991,11,10
486970,486980,486991,11,10
486970,486987,486992,5,17
486970,486987,486991,4,17
486970,486988,486992,4,18
486970,486977,486992,15,7
486970,486989,486993,4,19
486970,486989,486995,6,19
486970,486977,486995,18,7
486970,486984,486997,13,14
486970,486977,487000,23,7
486050,486067,487018,951,17
486034,486048,487026,978,14
487032,487032,487034,2,0
487032,487032,487035,3,0
487032,487032,487034,2,0
487032,487032,487034,2,0
487032,487032,487034,2,0
487032,487032,487034,2,0
487032,487032,487035,3,0
487032,487032,487035,3,0
487032,487032,487035,3,0
487032,487032,487035,3,0
487032,487032,487035,3,0
487032,487034,487036,2,2
487032,487032,487035,3,0
487032,487032,487036,4,0
487032,487032,487036,4,0
487032,487035,487037,2,3
487032,487032,487036,4,0
487032,487035,487037,2,3
487032,487032,487036,4,0
487032,487032,487036,4,0
487032,487035,487037,2,3
487032,487036,487038,2,4
487032,487035,487037,2,3
487032,487035,487037,2,3
487032,487032,487038,6,0
487032,487036,487038,2,4
487032,487037,487039,2,5
487032,487036,487038,2,4
487032,487032,487039,7,0
487032,487036,487040,4,4
487032,487036,487040,4,4
487032,487036,487039,3,4
487032,487032,487039,7,0
487032,487032,487039,7,0
487032,487037,487039,2,5
487032,487037,487039,2,5
487032,487037,487039,2,5
487032,487037,487039,2,5
487032,487037,487040,3,5
487032,487037,487039,2,5
487032,487032,487039,7,0
487032,487039,487041,2,7
487032,487038,487040,2,6
487032,487038,487040,2,6
487032,487039,487041,2,7
487032,487038,487040,2,6
487032,487038,487040,2,6
487032,487036,487042,6,4
487032,487039,487041,2,7
487032,487040,487042,2,8
487032,487040,487042,2,8
487032,487040,487042,2,8
487032,487040,487043,3,8
487032,487040,487042,2,8
487032,487041,487044,3,9
487032,487041,487044,3,9
487032,487040,487043,3,8
487032,487040,487044,4,8
487032,487040,487044,4,8
487032,487040,487044,4,8
487032,487041,487044,3,9
487033,487041,487045,4,8
487033,487044,487046,2,11
487033,487043,487046,3,10
487033,487041,487046,5,8
487033,487043,487045,2,10
487032,487039,487046,7,7
487033,487044,487046,2,11
487033,487042,487047,5,9
487033,487044,487047,3,11
487033,487045,487047,2,12
487032,487038,487047,9,6
487032,487040,487047,7,8
487033,487046,487048,2,13
487033,487043,487048,5,10
487033,487045,487047,2,12
487033,487043,487047,4,10
487033,487043,487048,5,10
487033,487046,487048,2,13
487033,487046,487048,2,13
487033,487045,487049,4,12
487033,487045,487048,3,12
487033,487046,487049,3,13
487032,487040,487049,9,8
487033,487045,487049,4,12
487032,487040,487049,9,8
487033,487048,487050,2,15
487033,487047,487050,3,14
487033,487047,487049,2,14
487033,487048,487050,2,15
487033,487047,487050,3,14
487033,487047,487050,3,14
487033,487048,487050,2,15
487033,487048,487050,2,15
487033,487048,487050,2,15
487033,487048,487051,3,15
487033,487048,487051,3,15
487033,487049,487051,2,16
487032,487032,487047,15,0
487032,487032,487047,15,0
487033,487050,487052,2,17
487033,487049,487053,4,16
487033,487050,487053,3,17
487033,487050,487052,2,17
487033,487050,487053,3,17
487033,487050,487053,3,17
487033,487051,487053,2,18
487033,487051,487053,2,18
487033,487049,487053,4,16
487033,487042,487053,11,9
487033,487050,487054,4,17
487033,487051,487054,3,18
487033,487051,487053,2,18
487033,487051,487054,3,18
487033,487051,487054,3,18
487033,487052,487054,2,19
487033,487050,487054,4,17
487033,487048,487055,7,15
487033,487052,487054,2,19
487033,487046,487052,6,13
487033,487047,487053,6,14
487033,487050,487053,3,17
487033,487053,487056,3,20
487033,487053,487056,3,20
487033,487054,487056,2,21
487033,487054,487056,2,21
487033,487054,487056,2,21
487033,487054,487057,3,21
487033,487053,487056,3,20
487033,487053,487058,5,20
487033,487054,487058,4,21
487033,487054,487057,3,21
487033,487054,487058,4,21
487032,487032,487054,22,0
487033,487054,487060,6,21
487033,487054,487060,6,21
487033,487052,487061,9,19
487033,487054,487066,12,21
487032,487032,487072,40,0
487033,487052,487075,23,19
485549,485568,487137,1569,19
487139,487139,487140,1,0
487139,487139,487141,2,0
487139,487139,487141,2,0
487139,487139,487141,2,0
487139,487139,487141,2,0
487139,487139,487142,3,0
487139,487141,487142,1,2
487139,487139,487142,3,0
487139,487139,487143,4,0
487139,487139,487143,4,0
487139,487139,487143,4,0
487139,487139,487143,4,0
487139,487139,487145,6,0
487139,487139,487144,5,0
487139,487143,487145,2,4
487139,487139,487144,5,0
487139,487139,487144,5,0
487139,487142,487144,2,3
487139,487142,487144,2,3
487139,487139,487144,5,0
487139,487142,487144,2,3
487139,487139,487144,5,0
487139,487142,487144,2,3
487139,487139,487145,6,0
487139,487139,487145,6,0
487139,487139,487143,4,0
487139,487143,487147,4,4
487139,487144,487146,2,5
487139,487144,487146,2,5
487139,487144,487147,3,5
487139,487145,487148,3,6
487139,487145,487147,2,6
487139,487145,487148,3,6
487139,487145,487148,3,6
487139,487145,487147,2,6
487139,487145,487148,3,6
487139,487145,487148,3,6
487139,487144,487148,4,5
487139,487139,487148,9,0
487139,487145,487148,3,6
487139,487145,487149,4,6
487139,487147,487150,3,8
487139,487147,487149,2,8
487139,487148,487150,2,9
487139,487146,487150,4,7
487139,487148,487151,3,9
487139,487148,487151,3,9
487139,487148,487151,3,9
487139,487148,487151,3,9
487139,487148,487150,2,9
487139,487147,487151,4,8
487139,487145,487151,6,6
487139,487146,487151,5,7
487139,487148,487151,3,9
487139,487143,487152,9,4
487139,487149,487152,3,10
487139,487146,487152,6,7
487139,487148,487152,4,9
487139,487145,487152,7,6
487139,487151,487153,2,12
487139,487150,487153,3,11
487139,487150,487152,2,11
487139,487149,487153,4,10
487139,487149,487155,6,10
487139,487151,487156,5,12
487139,487150,487157,7,11
487139,487139,487156,17,0
487139,487139,487157,18,0
487139,487139,487162,23,0
487139,487139,487164,25,0
486193,486205,487193,988,12
487195,487195,487197,2,0
487195,487195,487198,3,0
487195,487196,487198,2,1
487195,487196,487198,2,1
487195,487195,487199,4,0
487195,487198,487199,1,3
487195,487195,487199,4,0
487195,487195,487200,5,0
487195,487195,487200,5,0
487195,487195,487200,5,0
487195,487195,487200,5,0
487195,487195,487200,5,0
487195,487195,487200,5,0
487195,487199,487200,1,4
487195,487196,487200,4,1
487195,487195,487201,6,0
487195,487195,487201,6,0
487195,487199,487201,2,4
487195,487199,487201,2,4
487195,487200,487202,2,5
487195,487195,487202,7,0
487195,487195,487202,7,0
487195,487195,487203,8,0
487195,487200,487202,2,5
487195,487201,487203,2,6
487195,487201,487203,2,6
487195,487201,487203,2,6
487195,487195,487203,8,0
487195,487201,487203,2,6
487195,487201,487203,2,6
487195,487202,487204,2,7
487195,487196,487203,7,1
487195,487201,487203,2,6
487195,487200,487204,4,5
487195,487200,487204,4,5
487195,487202,487204,2,7
487195,487202,487204,2,7
487195,487203,487205,2,8
487195,487196,487204,8,1
487195,487202,487205,3,7
487195,487195,487205,10,0
487195,487195,487205,10,0
487195,487203,487205,2,8
487195,487203,487205,2,8
487195,487202,487206,4,7
487195,487202,487206,4,7
487195,487204,487206,2,9
487195,487204,487206,2,9
487195,487204,487206,2,9
487195,487205,487207,2,10
487195,487204,487207,3,9
487195,487205,487207,2,10
487195,487205,487207,2,10
487195,487203,487208,5,8
487195,487206,487208,2,11
487195,487206,487209,3,11
487195,487205,487209,4,10
487195,487206,487209,3,11
487195,487205,487210,5,10
487195,487203,487210,7,8
487195,487203,487210,7,8
487195,487203,487211,8,8
487195,487206,487211,5,11
487195,487204,487213,9,9
487195,487196,487213,17,1
487195,487206,487215,9,11
487195,487207,487215,8,12
487195,487205,487215,10,10
487195,487195,487218,23,0
487195,487204,487223,19,9
485785,485799,487296,1497,14
487297,487297,487299,2,0
487297,487297,487299,2,0
487297,487297,487300,3,0
487297,487297,487300,3,0
487297,487297,487300,3,0
487297,487297,487301,4,0
487297,487297,487301,4,0
487297,487298,487301,3,1
487297,487297,487301,4,0
487297,487297,487301,4,0
487297,487300,487301,1,3
487297,487297,487301,4,0
487297,487297,487301,4,0
487297,487297,487301,4,0
487297,487300,487301,1,3
487297,487301,487303,2,4
487297,487301,487303,2,4
487297,487297,487303,6,0
487297,487301,487303,2,4
487297,487297,487304,7,0
487297,487297,487304,7,0
487297,487302,487304,2,5
487297,487302,487304,2,5
487297,487302,487305,3,5
487297,487302,487304,2,5
487297,487302,487304,2,5
487297,487302,487305,3,5
487297,487302,487305,3,5
487297,487302,487306,4,5
487297,487302,487306,4,5
487297,487298,487306,8,1
487297,487302,487306,4,5
487297,487304,487306,2,7
487297,487304,487306,2,7
487297,487304,487306,2,7
487297,487304,487307,3,7
487297,487305,487307,2,8
487297,487305,487307,2,8
487297,487305,487307,2,8
487297,487305,487307,2,8
487297,487297,487308,11,0
487297,487298,487308,10,1
487297,487305,487309,4,8
487297,487305,487308,3,8
487297,487306,487310,4,9
487297,487306,487309,3,9
487297,487307,487309,2,10
487297,487307,487309,2,10
487297,487307,487309,2,10
487297,487308,487310,2,11
487297,487308,487310,2,11
487297,487307,487310,3,10
487297,487308,487310,2,11
487297,487308,487310,2,11
487297,487308,487310,2,11
487297,487307,487311,4,10
487297,487307,487311,4,10
487297,487305,487311,6,8
487297,487309,487312,3,12
487297,487307,487313,6,10
487297,487310,487314,4,13
487297,487309,487315,6,12
487297,487297,487321,24,0
487297,487297,487322,25,0
487297,487309,487322,13,12
487297,487309,487324,15,12
487297,487297,487326,29,0
487297,487298,487327,29,1
487297,487298,487327,29,1
487297,487298,487329,31,1
486364,486375,487356,981,11
487358,487358,487360,2,0
487358,487358,487360,2,0
487358,487358,487360,2,0
487358,487358,487360,2,0
487358,487358,487361,3,0
487358,487358,487362,4,0
487358,487358,487362,4,0
487358,487360,487362,2,2
487358,487358,487362,4,0
487358,487358,487362,4,0
487358,487358,487361,3,0
487358,487358,487362,4,0
487358,487358,487362,4,0
487358,487358,487362,4,0
487358,487358,487362,4,0
487358,487361,487363,2,3
487358,487358,487363,5,0
487358,487362,487364,2,4
487358,487361,487363,2,3
487358,487361,487363,2,3
485874,485888,487365,1477,14
487358,487358,487364,6,0
487358,487358,487364,6,0
487358,487362,487364,2,4
487358,487362,487364,2,4
487358,487362,487364,2,4
487358,487362,487364,2,4
487358,487363,487365,2,5
487358,487362,487365,3,4
487358,487363,487365,2,5
487358,487363,487366,3,5
487358,487363,487366,3,5
487358,487362,487366,4,4
487358,487364,487366,2,6
487358,487364,487366,2,6
487358,487364,487367,3,6
487358,487365,487367,2,7
487358,487363,487367,4,5
487358,487365,487367,2,7
487358,487365,487367,2,7
487358,487365,487367,2,7
487358,487365,487367,2,7
487358,487366,487369,3,8
487358,487365,487368,3,7
487358,487366,487369,3,8
487358,487366,487368,2,8
487358,487358,487370,12,0
487358,487358,487370,12,0
487358,487367,487369,2,9
487358,487367,487370,3,9
487358,487367,487370,3,9
487358,487367,487369,2,9
487358,487368,487370,2,10
487358,487358,487370,12,0
487358,487358,487370,12,0
487358,487358,487371,13,0
487358,487364,487370,6,6
487358,487366,487370,4,8
487358,487368,487370,2,10
487358,487368,487370,2,10
487358,487368,487371,3,10
487358,487365,487372,7,7
487358,487365,487371,6,7
487358,487369,487371,2,11
487358,487367,487372,5,9
487358,487369,487372,3,11
487366,487370,487373,3,4
487366,487370,487372,2,4
487366,487371,487373,2,5
487366,487370,487374,4,4
487366,487370,487374,4,4
487366,487370,487373,3,4
487366,487371,487373,2,5
487366,487371,487373,2,5
487358,487358,487370,12,0
487366,487373,487375,2,7
487366,487373,487375,2,7
487366,487373,487375,2,7
487358,487368,487375,7,10
487358,487369,487376,7,11
487366,487374,487376,2,8
487366,487371,487376,5,5
487366,487373,487376,3,7
487366,487372,487376,4,6
487366,487374,487376,2,8
487366,487374,487376,2,8
487366,487374,487376,2,8
487366,487374,487377,3,8
487366,487376,487377,1,10
487366,487373,487377,4,7
487366,487372,487378,6,6
487366,487372,487378,6,6
487358,487358,487378,20,0
487366,487376,487378,2,10
487366,487376,487378,2,10
487366,487376,487378,2,10
487366,487376,487379,3,10
487366,487378,487380,2,12
487366,487378,487380,2,12
487366,487377,487380,3,11
487366,487377,487380,3,11
487366,487379,487381,2,13
487366,487377,487380,3,11
487366,487376,487380,4,10
487366,487376,487380,4,10
487358,487358,487381,23,0
487366,487370,487381,11,4
487366,487374,487381,7,8
487366,487379,487381,2,13
487366,487371,487382,11,5
487366,487371,487381,10,5
487366,487376,487382,6,10
487366,487379,487381,2,13
487366,487371,487379,8,5
487366,487380,487382,2,14
487366,487380,487382,2,14
487366,487378,487382,4,12
487366,487371,487382,11,5
487366,487380,487383,3,14
487366,487380,487383,3,14
487366,487377,487382,5,11
487366,487381,487383,2,15
487366,487370,487384,14,4
487366,487379,487382,3,13
487366,487382,487384,2,16
487366,487381,487385,4,15
487366,487382,487384,2,16
487366,487378,487385,7,12
487366,487378,487385,7,12
487366,487383,487385,2,17
487366,487383,487385,2,17
487366,487381,487385,4,15
487366,487382,487386,4,16
487366,487382,487386,4,16
487366,487381,487386,5,15
487366,487382,487391,9,16
487366,487379,487393,14,13
487366,487382,487396,14,16
487366,487382,487396,14,16
487366,487382,487399,17,16
487366,487382,487415,33,16
486598,486598,487558,960,0
487559,487559,487561,2,0
487559,487559,487561,2,0
487559,487559,487562,3,0
487559,487559,487563,4,0
487559,487559,487563,4,0
487559,487561,487563,2,2
487559,487559,487563,4,0
487559,487559,487563,4,0
487559,487559,487564,5,0
487559,487559,487564,5,0
487559,487559,487563,4,0
487559,487559,487564,5,0
487559,487561,487563,2,2
487559,487559,487564,5,0
487559,487559,487565,6,0
487559,487562,487564,2,3
487559,487559,487564,5,0
487559,487559,487565,6,0
487559,487559,487565,6,0
487559,487559,487566,7,0
487559,487563,487566,3,4
487559,487563,487565,2,4
487559,487564,487566,2,5
487559,487564,487566,2,5
487559,487564,487566,2,5
487559,487564,487567,3,5
487559,487564,487566,2,5
487559,487564,487568,4,5
487559,487565,487568,3,6
487559,487566,487568,2,7
487559,487565,487567,2,6
487559,487565,487569,4,6
487559,487565,487568,3,6
487559,487563,487568,5,4
487559,487564,487568,4,5
487559,487566,487569,3,7
487559,487566,487568,2,7
487559,487567,487569,2,8
487559,487567,487570,3,8
487559,487567,487570,3,8
487559,487567,487569,2,8
487559,487559,487571,12,0
487559,487559,487571,12,0
487559,487568,487571,3,9
487559,487568,487570,2,9
487559,487569,487571,2,10
487559,487568,487571,3,9
487559,487559,487571,12,0
487559,487569,487572,3,10
487559,487559,487571,12,0
487559,487569,487572,3,10
487559,487568,487572,4,9
487559,487566,487573,7,7
487559,487566,487573,7,7
487559,487566,487572,6,7
487559,487569,487572,3,10
487559,487569,487573,4,10
487559,487570,487573,3,11
487559,487571,487573,2,12
487559,487571,487573,2,12
487559,487571,487574,3,12
487559,487571,487573,2,12
487559,487569,487575,6,10
487559,487559,487575,16,0
487559,487559,487581,22,0
487559,487559,487582,23,0
487559,487569,487583,14,10
487559,487571,487586,15,12
487559,487559,487588,29,0
487559,487571,487591,20,12
486688,486697,487659,962,9
487661,487661,487662,1,0
487661,487661,487663,2,0
487661,487661,487663,2,0
487661,487661,487663,2,0
487661,487661,487664,3,0
487661,487661,487664,3,0
487661,487661,487664,3,0
487661,487663,487664,1,2
487661,487661,487665,4,0
487661,487661,487665,4,0
487661,487661,487665,4,0
487661,487661,487665,4,0
487661,487661,487666,5,0
487661,487661,487667,6,0
487661,487664,487666,2,3
487661,487661,487666,5,0
487661,487665,487667,2,4
487661,487664,487666,2,3
487661,487665,487667,2,4
487661,487664,487667,3,3
487661,487661,487667,6,0
487661,487661,487668,7,0
487661,487666,487668,2,5
487661,487665,487668,3,4
487661,487667,487669,2,6
487661,487666,487668,2,5
487661,487667,487669,2,6
487661,487666,487668,2,5
487661,487667,487669,2,6
487661,487665,487669,4,4
487661,487667,487669,2,6
487661,487667,487669,2,6
487661,487667,487669,2,6
487661,487661,487670,9,0
487661,487667,487671,4,6
487661,487668,487670,2,7
487661,487668,487671,3,7
487661,487669,487671,2,8
487661,487669,487671,2,8
487661,487669,487671,2,8
487661,487669,487671,2,8
487661,487661,487672,11,0
487661,487666,487672,6,5
487661,487669,487672,3,8
487661,487670,487672,2,9
487661,487670,487673,3,9
487661,487670,487673,3,9
487661,487671,487673,2,10
487661,487661,487674,13,0
487661,487661,487673,12,0
487661,487661,487673,12,0
487661,487669,487673,4,8
487661,487672,487674,2,11
487661,487670,487674,4,9
487661,487672,487674,2,11
487661,487668,487674,6,7
487661,487668,487674,6,7
487661,487672,487674,2,11
487661,487672,487674,2,11
487661,487672,487674,2,11
487661,487671,487675,4,10
487661,487673,487676,3,12
487661,487673,487677,4,12
487661,487661,487676,15,0
487661,487673,487676,3,12
487661,487671,487678,7,10
487661,487661,487684,23,0
487661,487661,487686,25,0
487661,487661,487692,31,0
487661,487673,487698,25,12
486244,486257,487742,1485,13
487744,487744,487746,2,0
487744,487744,487747,3,0
487744,487744,487747,3,0
487744,487744,487748,4,0
487744,487744,487748,4,0
487744,487744,487748,4,0
487744,487744,487748,4,0
487744,487744,487748,4,0
487744,487744,487749,5,0
487744,487744,487749,5,0
487744,487744,487748,4,0
487744,487747,487749,2,3
487744,487744,487749,5,0
487744,487747,487749,2,3
487744,487744,487749,5,0
487744,487748,487750,2,4
487744,487744,487751,7,0
487744,487744,487751,7,0
487744,487748,487751,3,4
487744,487748,487751,3,4
487744,487748,487751,3,4
487744,487749,487751,2,5
487744,487749,487751,2,5
487744,487750,487752,2,6
487744,487744,487752,8,0
487744,487749,487752,3,5
487744,487749,487752,3,5
487744,487751,487753,2,7
487744,487752,487753,1,8
487744,487752,487753,1,8
487744,487750,487754,4,6
487744,487751,487754,3,7
487744,487750,487754,4,6
487744,487752,487754,2,8
487744,487752,487754,2,8
487744,487744,487755,11,0
487744,487752,487755,3,8
487744,487753,487755,2,9
487744,487754,487756,2,10
487744,487744,487756,12,0
487744,487748,487756,8,4
487744,487744,487756,12,0
487744,487751,487756,5,7
487744,487753,487756,3,9
487744,487754,487756,2,10
487744,487754,487756,2,10
487744,487754,487757,3,10
487744,487755,487758,3,11
487744,487755,487757,2,11
487744,487755,487757,2,11
487744,487755,487758,3,11
487744,487756,487758,2,12
487744,487756,487758,2,12
487744,487754,487759,5,10
487744,487757,487759,2,13
487744,487751,487758,7,7
487744,487752,487759,7,8
487744,487757,487760,3,13
487744,487744,487761,17,0
487744,487748,487762,14,4
487744,487744,487762,18,0
487744,487757,487764,7,13
487744,487756,487765,9,12
487744,487756,487765,9,12
487744,487744,487762,18,0
487744,487755,487764,9,11
487744,487756,487767,11,12
487744,487744,487770,26,0
487744,487744,487774,30,0
487744,487744,487777,33,0
486253,486273,487802,1529,20
486271,486288,487802,1514,17
487803,487803,487805,2,0
487803,487803,487807,4,0
487803,487803,487807,4,0
487803,487803,487807,4,0
487803,487803,487807,4,0
487803,487805,487807,2,2
487803,487803,487807,4,0
487803,487803,487808,5,0
487803,487803,487808,5,0
487803,487803,487809,6,0
487803,487803,487809,6,0
487803,487803,487809,6,0
487803,487803,487808,5,0
487803,487808,487809,1,5
487803,487808,487809,1,5
487803,487808,487809,1,5
487803,487803,487810,7,0
487803,487803,487810,7,0
487803,487808,487810,2,5
487803,487803,487810,7,0
487803,487808,487810,2,5
487803,487804,487810,6,1
487803,487803,487811,8,0
487803,487810,487812,2,7
487803,487809,487811,2,6
487803,487809,487811,2,6
487803,487810,487812,2,7
487803,487808,487812,4,5
487803,487810,487812,2,7
487803,487810,487812,2,7
487803,487811,487813,2,8
487803,487812,487813,1,9
487803,487811,487813,2,8
487803,487811,487813,2,8
487803,487803,487814,11,0
487803,487803,487814,11,0
487803,487803,487814,11,0
487803,487803,487814,11,0
487803,487812,487814,2,9
487803,487812,487814,2,9
487803,487812,487814,2,9
487803,487809,487815,6,6
487803,487810,487815,5,7
487803,487804,487815,11,1
487803,487814,487816,2,11
487803,487813,487815,2,10
487803,487813,487815,2,10
487803,487809,487816,7,6
487803,487814,487816,2,11
487803,487814,487817,3,11
487803,487814,487816,2,11
487803,487812,487817,5,9
487803,487815,487817,2,12
487803,487815,487817,2,12
487803,487815,487818,3,12
487803,487803,487819,16,0
487803,487803,487819,16,0
487803,487810,487819,9,7
487803,487812,487819,7,9
487805,487816,487819,3,11
487805,487816,487821,5,11
487805,487817,487820,3,12
487805,487818,487820,2,13
487805,487818,487820,2,13
487805,487817,487822,5,12
487803,487803,487820,17,0
487805,487817,487821,4,12
487805,487819,487822,3,14
487805,487821,487823,2,16
487805,487820,487822,2,15
487805,487821,487823,2,16
487805,487821,487823,2,16
487805,487820,487823,3,15
487803,487816,487823,7,13
487803,487811,487823,12,8
487805,487821,487823,2,16
487805,487822,487824,2,17
487803,487803,487822,19,0
487805,487820,487823,3,15
487803,487816,487824,8,13
487805,487822,487824,2,17
487805,487823,487825,2,18
487805,487822,487825,3,17
487805,487818,487825,7,13
487803,487811,487825,14,8
487805,487823,487825,2,18
487805,487823,487825,2,18
487805,487823,487825,2,18
487805,487824,487826,2,19
487803,487816,487824,8,13
487805,487817,487826,9,12
487803,487815,487826,11,12
487803,487815,487826,11,12
487805,487825,487827,2,20
487805,487824,487827,3,19
487803,487815,487827,12,12
487805,487825,487827,2,20
487805,487825,487828,3,20
487805,487826,487828,2,21
487805,487826,487828,2,21
487805,487826,487828,2,21
487805,487826,487828,2,21
487805,487822,487829,7,17
487805,487827,487829,2,22
487805,487826,487829,3,21
487805,487827,487830,3,22
487805,487828,487830,2,23
487803,487815,487830,15,12
487805,487824,487829,5,19
487805,487828,487830,2,23
487805,487828,487830,2,23
487805,487828,487831,3,23
487805,487827,487832,5,22
487805,487829,487832,3,24
487805,487829,487832,3,24
487805,487820,487832,12,15
487805,487826,487832,6,21
487805,487830,487833,3,25
487805,487830,487833,3,25
487805,487824,487833,9,19
487805,487825,487833,8,20
487805,487830,487833,3,25
487805,487831,487834,3,26
487805,487831,487834,3,26
487805,487826,487834,8,21
487805,487827,487834,7,22
487805,487830,487834,4,25
487805,487820,487830,10,15
487805,487832,487835,3,27
487805,487831,487835,4,26
487805,487824,487835,11,19
487805,487831,487836,5,26
487805,487832,487835,3,27
487805,487828,487839,11,23
487805,487832,487838,6,27
487805,487831,487840,9,26
487805,487827,487841,14,22
487805,487824,487856,32,19
487805,487824,487856,32,19
487805,487829,487855,26,24
486926,486935,487923,988,9
487923,487923,487926,3,0
487923,487923,487926,3,0
487923,487923,487927,4,0
487923,487923,487927,4,0
487923,487924,487927,3,1
487923,487923,487927,4,0
487923,487923,487927,4,0
487923,487924,487928,4,1
487923,487923,487928,5,0
487923,487923,487929,6,0
487923,487923,487929,6,0
487923,487923,487929,6,0
487923,487923,487929,6,0
487923,487923,487929,6,0
487923,487923,487929,6,0
487923,487926,487929,3,3
487923,487926,487929,3,3
487923,487923,487929,6,0
487923,487923,487930,7,0
487923,487928,487930,2,5
487923,487927,487931,4,4
487923,487929,487931,2,6
487923,487923,487930,7,0
487923,487923,487932,9,0
487923,487927,487932,5,4
487923,487930,487932,2,7
487923,487930,487932,2,7
487923,487930,487932,2,7
487923,487930,487933,3,7
487923,487930,487932,2,7
487923,487930,487932,2,7
487923,487923,487932,9,0
487923,487927,487933,6,4
487923,487923,487933,10,0
487923,487923,487933,10,0
487923,487923,487933,10,0
487923,487929,487933,4,6
487923,487930,487933,3,7
487923,487931,487933,2,8
487923,487928,487934,6,5
487923,487932,487934,2,9
487923,487933,487936,3,10
487923,487930,487935,5,7
487923,487931,487935,4,8
487923,487933,487935,2,10
487923,487933,487935,2,10
487923,487932,487936,4,9
487923,487933,487936,3,10
487923,487933,487937,4,10
487923,487933,487936,3,10
487923,487930,487936,6,7
487923,487934,487936,2,11
487923,487933,487937,4,10
487923,487934,487937,3,11
487923,487933,487937,4,10
487923,487935,487937,2,12
487923,487934,487938,4,11
487923,487936,487938,2,13
487923,487936,487938,2,13
487923,487936,487938,2,13
487923,487935,487940,5,12
487923,487934,487940,6,11
487923,487934,487942,8,11
487923,487936,487943,7,13
487923,487934,487945,11,11
487923,487923,487947,24,0
487923,487932,487948,16,9
487923,487933,487954,21,10
487923,487923,487956,33,0
487923,487934,487966,32,11
486971,486989,487973,984,18
487987,487987,487989,2,0
487987,487987,487990,3,0
487987,487987,487991,4,0
487987,487987,487991,4,0
487987,487989,487991,2,2
487987,487987,487991,4,0
487987,487987,487991,4,0
487987,487987,487991,4,0
487987,487987,487991,4,0
487987,487987,487992,5,0
487987,487987,487993,6,0
487987,487990,487993,3,3
487987,487987,487993,6,0
487987,487987,487992,5,0
487987,487991,487993,2,4
487987,487987,487994,7,0
487987,487987,487993,6,0
487987,487987,487993,6,0
487987,487987,487993,6,0
487987,487987,487994,7,0
487987,487993,487995,2,6
487987,487992,487995,3,5
487987,487991,487996,5,4
487987,487993,487995,2,6
487987,487993,487995,2,6
487987,487992,487994,2,5
487987,487992,487997,5,5
487987,487994,487997,3,7
487987,487992,487996,4,5
487987,487994,487997,3,7
487987,487991,487997,6,4
487987,487994,487997,3,7
487987,487992,487998,6,5
487987,487995,487998,3,8
487987,487995,487998,3,8
487987,487995,487999,4,8
487987,487996,487999,3,9
487987,487993,487999,6,6
487987,487996,487998,2,9
487987,487996,488000,4,9
487987,487997,488000,3,10
487987,487993,488000,7,6
487987,487997,487999,2,10
487987,487997,488000,3,10
487987,487996,488000,4,9
487987,487998,488001,3,11
487987,487998,488001,3,11
487987,487997,488002,5,10
487987,487999,488001,2,12
487987,487997,488002,5,10
487987,487999,488001,2,12
487987,487999,488001,2,12
487987,487994,488001,7,7
487987,487997,488001,4,10
487987,487998,488002,4,11
487987,488000,488003,3,13
487987,488000,488003,3,13
487033,487041,488003,962,8
487987,488001,488004,3,14
487987,488000,488003,3,13
487987,488000,488004,4,13
487987,487999,488005,6,12
487987,487987,488007,20,0
487987,487987,488007,20,0
488004,488004,488006,2,0
487987,488000,488006,6,13
488004,488004,488008,4,0
488004,488004,488008,4,0
488004,488004,488007,3,0
488004,488004,488008,4,0
488004,488004,488008,4,0
488004,488005,488009,4,1
488004,488004,488009,5,0
488004,488004,488010,6,0
488004,488004,488010,6,0
488004,488004,488010,6,0
488004,488006,488010,4,2
488004,488004,488010,6,0
488004,488007,488010,3,3
488004,488004,488011,7,0
488004,488004,488010,6,0
488004,488004,488011,7,0
488004,488008,488011,3,4
488004,488008,488011,3,4
488004,488008,488012,4,4
488004,488008,488012,4,4
488004,488010,488012,2,6
487034,487055,488012,957,21
488004,488010,488013,3,6
488004,488009,488013,4,5
488004,488008,488011,3,4
488004,488010,488013,3,6
488004,488010,488012,2,6
488004,488009,488014,5,5
488004,488010,488014,4,6
488004,488011,488013,2,7
488004,488011,488014,3,7
488004,488011,488014,3,7
487987,487987,488015,28,0
488004,488011,488015,4,7
488004,488011,488015,4,7
488004,488012,488014,2,8
488004,488012,488015,3,8
487987,487987,488015,28,0
488004,488013,488016,3,9
488004,488010,488016,6,6
488004,488010,488016,6,6
488004,488013,488016,3,9
488004,488013,488016,3,9
487987,487987,488017,30,0
488004,488012,488017,5,8
488004,488012,488016,4,8
488004,488014,488017,3,10
488004,488014,488017,3,10
487987,487987,488018,31,0
488004,488013,488018,5,9
488004,488015,488018,3,11
488004,488015,488018,3,11
488004,488016,488018,2,12
488004,488015,488018,3,11
488004,488016,488018,2,12
488004,488016,488018,2,12
488004,488014,488019,5,10
488004,488016,488019,3,12
488004,488017,488019,2,13
488004,488013,488018,5,9
488004,488015,488019,4,11
488004,488014,488020,6,10
488004,488018,488021,3,14
488004,488018,488020,2,14
488004,488017,488022,5,13
488004,488016,488023,7,12
488004,488016,488023,7,12
488004,488018,488023,5,14
488004,488017,488023,6,13
488013,488020,488023,3,7
488013,488021,488023,2,8
488013,488021,488023,2,8
488013,488020,488024,4,7
488013,488018,488024,6,5
488013,488020,488024,4,7
488013,488020,488024,4,7
488013,488019,488025,6,6
488013,488019,488024,5,6
488013,488019,488025,6,6
488013,488019,488026,7,6
488004,488016,488024,8,12
488013,488020,488024,4,7
488013,488022,488026,4,9
488013,488024,488026,2,11
488013,488025,488027,2,12
488013,488024,488026,2,11
488013,488024,488027,3,11
488004,488017,488027,10,13
488013,488025,488027,2,12
488013,488025,488027,2,12
488013,488023,488027,4,10
488013,488026,488028,2,13
488013,488023,488028,5,10
488013,488024,488028,4,11
488013,488026,488028,2,13
488004,488007,488028,21,3
488013,488025,488029,4,12
486966,486976,488029,1053,10
488013,488027,488029,2,14
488013,488027,488029,2,14
488013,488027,488029,2,14
488013,488027,488029,2,14
487987,487987,488030,43,0
486538,486549,488030,1481,11
488013,488024,488030,6,11
488013,488027,488030,3,14
488013,488028,488030,2,15
488013,488028,488030,2,15
488013,488028,488030,2,15
487987,487987,488031,44,0
488013,488029,488031,2,16
488013,488026,488030,4,13
488013,488026,488032,6,13
488013,488019,488032,13,6
488013,488030,488032,2,17
488013,488030,488032,2,17
488013,488030,488032,2,17
488013,488030,488033,3,17
488013,488028,488033,5,15
488013,488029,488033,4,16
488013,488030,488033,3,17
488013,488031,488034,3,18
488013,488031,488034,3,18
488013,488029,488033,4,16
488013,488031,488034,3,18
488013,488031,488034,3,18
488013,488030,488035,5,17
488013,488032,488035,3,19
488013,488031,488035,4,18
488013,488033,488036,3,20
488013,488033,488035,2,20
488013,488033,488035,2,20
488013,488033,488036,3,20
488013,488032,488036,4,19
488013,488034,488037,3,21
488013,488033,488037,4,20
488013,488030,488037,7,17
488013,488023,488038,15,10
488031,488034,488038,4,3
488013,488033,488039,6,20
488031,488034,488039,5,3
488031,488036,488038,2,5
488031,488036,488039,3,5
488031,488036,488039,3,5
488031,488037,488040,3,6
488013,488032,488040,8,19
488031,488039,488040,1,8
488031,488038,488040,2,7
488031,488035,488041,6,4
488031,488035,488041,6,4
488031,488039,488041,2,8
488031,488039,488042,3,8
488031,488039,488042,3,8
488031,488040,488042,2,9
488031,488041,488042,1,10
488031,488038,488042,4,7
488031,488040,488042,2,9
488031,488037,488043,6,6
488031,488036,488043,7,5
488031,488041,488044,3,10
488031,488039,488043,4,8
488031,488034,488044,10,3
488031,488040,488043,3,9
488031,488042,488044,2,11
488031,488043,488044,1,12
488031,488042,488044,2,11
488031,488042,488045,3,11
488031,488042,488045,3,11
488031,488042,488045,3,11
488031,488042,488045,3,11
488031,488043,488046,3,12
488004,488018,488046,28,14
488031,488045,488046,1,14
488031,488044,488047,3,13
488013,488027,488047,20,14
488031,488045,488047,2,14
488031,488045,488047,2,14
488031,488043,488047,4,12
488031,488044,488048,4,13
488031,488038,488047,9,7
488031,488045,488048,3,14
488031,488045,488048,3,14
488031,488045,488048,3,14
488031,488038,488048,10,7
488031,488046,488048,2,15
488031,488047,488048,1,16
488031,488044,488048,4,13
488031,488046,488048,2,15
488013,488034,488047,13,21
488031,488047,488049,2,16
488031,488043,488049,6,12
488031,488044,488050,6,13
488031,488048,488050,2,17
488031,488048,488051,3,17
488013,488032,488051,19,19
488031,488048,488051,3,17
488031,488049,488051,2,18
488031,488049,488051,2,18
488031,488049,488051,2,18
488031,488049,488051,2,18
488031,488049,488052,3,18
488013,488024,488052,28,11
488031,488048,488053,5,17
488031,488048,488052,4,17
488031,488050,488053,3,19
488031,488052,488054,2,21
488013,488029,488054,25,16
488031,488044,488052,8,13
488031,488052,488054,2,21
488031,488048,488055,7,17
488031,488049,488054,5,18
488031,488049,488054,5,18
488031,488051,488056,5,20
488031,488054,488055,1,23
488004,488007,488056,49,3
488031,488053,488056,3,22
488031,488055,488056,1,24
488031,488052,488056,4,21
488031,488051,488056,5,20
488031,488052,488056,4,21
488031,488053,488057,4,22
488031,488053,488057,4,22
488013,488030,488057,27,17
488031,488054,488057,3,23
488031,488050,488057,7,19
488031,488052,488057,5,21
488031,488052,488057,5,21
488031,488056,488058,2,25
488031,488056,488057,1,25
488031,488055,488058,3,24
488031,488054,488058,4,23
488031,488055,488059,4,24
488031,488035,488059,24,4
488031,488057,488059,2,26
488031,488057,488059,2,26
488031,488057,488059,2,26
488031,488057,488060,3,26
488031,488055,488060,5,24
488031,488058,488060,2,27
488031,488058,488060,2,27
488031,488058,488060,2,27
488031,488058,488060,2,27
488031,488050,488059,9,19
488031,488057,488062,5,26
488031,488057,488061,4,26
488031,488057,488061,4,26
488031,488046,488062,16,15
488031,488060,488062,2,29
488031,488060,488062,2,29
488031,488060,488062,2,29
488031,488060,488063,3,29
488031,488058,488063,5,27
488031,488061,488063,2,30
488031,488061,488064,3,30
488031,488061,488063,2,30
488031,488061,488063,2,30
488031,488059,488063,4,28
488031,488059,488064,5,28
488031,488063,488065,2,32
488031,488063,488066,3,32
488031,488064,488066,2,33
488031,488063,488066,3,32
488031,488058,488066,8,27
488031,488064,488066,2,33
488031,488064,488066,2,33
488031,488062,488066,4,31
488031,488062,488067,5,31
488031,488064,488067,3,33
488031,488063,488067,4,32
488031,488063,488068,5,32
488031,488066,488068,2,35
488031,488064,488068,4,33
488031,488061,488067,6,30
488031,488063,488068,5,32
488031,488066,488068,2,35
488031,488066,488068,2,35
488031,488066,488069,3,35
488031,488062,488069,7,31
488031,488056,488066,10,25
488031,488064,488070,6,33
488031,488048,488070,22,17
488031,488049,488070,21,18
488031,488060,488074,14,29
488031,488051,488075,24,20
488031,488057,488076,19,26
488031,488053,488076,23,22
488031,488057,488079,22,26
488031,488061,488093,32,30
486622,486632,488113,1481,10
488120,488120,488123,3,0
488120,488120,488122,2,0
488120,488120,488124,4,0
488120,488120,488124,4,0
488120,488120,488124,4,0
488120,488120,488124,4,0
488120,488120,488124,4,0
488120,488120,488125,5,0
488120,488120,488124,4,0
488120,488123,488125,2,3
488120,488120,488125,5,0
488120,488120,488125,5,0
488120,488120,488125,5,0
488120,488120,488125,5,0
488120,488123,488125,2,3
488120,488120,488125,5,0
488120,488120,488125,5,0
488120,488120,488126,6,0
488120,488125,488127,2,5
488120,488125,488127,2,5
488120,488125,488127,2,5
488120,488125,488127,2,5
488120,488125,488127,2,5
488120,488125,488128,3,5
488120,488126,488128,2,6
488120,488126,488129,3,6
486624,486644,488128,1484,20
488120,488120,488130,10,0
488120,488128,488130,2,8
488120,488125,488129,4,5
488120,488125,488129,4,5
488120,488120,488130,10,0
488120,488120,488130,10,0
488120,488128,488130,2,8
488120,488128,488131,3,8
488120,488125,488130,5,5
488120,488128,488130,2,8
488120,488128,488130,2,8
488120,488125,488131,6,5
488120,488130,488132,2,10
488120,488129,488131,2,9
488120,488129,488131,2,9
488120,488125,488129,4,5
488120,488130,488132,2,10
488120,488124,488134,10,4
488120,488126,488134,8,6
488120,488129,488133,4,9
488120,488131,488134,3,11
488120,488131,488133,2,11
488120,488132,488134,2,12
488120,488131,488134,3,11
488120,488132,488135,3,12
488120,488130,488135,5,10
488120,488131,488134,3,11
488120,488132,488135,3,12
488120,488133,488136,3,13
488120,488130,488135,5,10
488120,488131,488136,5,11
488120,488129,488136,7,9
488120,488127,488141,14,7
488120,488132,488142,10,12
488120,488120,488142,22,0
488120,488131,488142,11,11
488120,488132,488142,10,12
488141,488141,488143,2,0
488120,488120,488143,23,0
488141,488141,488144,3,0
486523,486534,488144,1610,11
488141,488141,488144,3,0
487141,487151,488145,994,10
488120,488120,488144,24,0
488141,488141,488145,4,0
488141,488141,488145,4,0
488141,488141,488145,4,0
488141,488144,488146,2,3
488141,488141,488145,4,0
488141,488141,488145,4,0
488141,488141,488145,4,0
488120,488120,488145,25,0
488120,488120,488145,25,0
488120,488120,488145,25,0
488120,488134,488146,12,14
488141,488141,488145,4,0
488141,488145,488146,1,4
488141,488141,488147,6,0
488141,488141,488146,5,0
488141,488141,488146,5,0
488141,488145,488147,2,4
488120,488131,488147,16,11
488141,488142,488148,6,1
488141,488146,488148,2,5
488141,488146,488148,2,5
488141,488146,488148,2,5
488141,488146,488148,2,5
488141,488146,488149,3,5
488141,488145,488149,4,4
488141,488147,488149,2,6
488141,488146,488150,4,5
488141,488147,488149,2,6
488141,488147,488149,2,6
488141,488147,488149,2,6
488141,488143,488151,8,2
488141,488146,488151,5,5
488141,488147,488152,5,6
488141,488149,488152,3,8
488141,488145,488151,6,4
488141,488149,488151,2,8
488141,488149,488151,2,8
488141,488149,488151,2,8
488141,488149,488152,3,8
488141,488150,488152,2,9
488141,488146,488152,6,5
488141,488150,488153,3,9
488141,488150,488153,3,9
488141,488150,488152,2,9
488141,488145,488148,3,4
488141,488146,488151,5,5
488141,488150,488154,4,9
488141,488152,488154,2,11
488141,488152,488155,3,11
488141,488152,488155,3,11
488141,488152,488155,3,11
488141,488153,488155,2,12
488141,488142,488152,10,1
488141,488147,488152,5,6
488141,488152,488155,3,11
488141,488153,488156,3,12
488141,488153,488155,2,12
488141,488153,488156,3,12
488141,488151,488157,6,10
488141,488151,488157,6,10
488146,488154,488158,4,8
488146,488156,488158,2,10
488141,488152,488158,6,11
488146,488156,488159,3,10
488146,488156,488159,3,10
488146,488156,488159,3,10
488146,488156,488160,4,10
488146,488155,488159,4,9
488146,488155,488160,5,9
488146,488158,488160,2,12
488146,488156,488161,5,10
488141,488143,488161,18,2
488146,488158,488160,2,12
488146,488160,488162,2,14
488146,488159,488161,2,13
488146,488159,488162,3,13
486663,486673,488162,1489,10
488146,488159,488163,4,13
488146,488161,488163,2,15
488146,488160,488163,3,14
488146,488161,488163,2,15
488146,488157,488163,6,11
488146,488159,488163,4,13
488146,488160,488163,3,14
488146,488160,488163,3,14
488146,488157,488163,6,11
488146,488163,488164,1,17
488146,488154,488164,10,8
488146,488162,488164,2,16
488141,488152,488165,13,11
488146,488163,488165,2,17
488146,488163,488165,2,17
488141,488143,488165,22,2
488146,488163,488166,3,17
488146,488163,488165,2,17
488146,488164,488166,2,18
488146,488164,488166,2,18
488146,488164,488167,3,18
488146,488165,488167,2,19
488146,488166,488167,1,20
488146,488163,488167,4,17
488146,488166,488168,2,20
488146,488165,488168,3,19
488141,488144,488168,24,3
488146,488164,488168,4,18
488146,488163,488169,6,17
488146,488156,488169,13,10
488146,488166,488169,3,20
488146,488166,488169,3,20
488146,488164,488169,5,18
488146,488167,488169,2,21
488146,488167,488169,2,21
488146,488167,488170,3,21
488146,488168,488170,2,22
488146,488168,488170,2,22
488146,488165,488171,6,19
488146,488168,488171,3,22
488146,488168,488170,2,22
488146,488170,488172,2,24
488141,488148,488170,22,7
488146,488170,488172,2,24
488146,488170,488172,2,24
488146,488170,488172,2,24
488146,488168,488172,4,22
488146,488171,488174,3,25
488146,488171,488173,2,25
488146,488171,488174,3,25
488146,488169,488174,5,23
488141,488153,488175,22,12
488146,488166,488175,9,20
488146,488170,488175,5,24
488146,488169,488175,6,23
488141,488150,488176,26,9
488146,488174,488176,2,28
488146,488174,488177,3,28
488146,488171,488176,5,25
488146,488156,488173,17,10
488146,488171,488177,6,25
488146,488174,488177,3,28
488146,488172,488178,6,26
488146,488171,488177,6,25
488146,488173,488178,5,27
488146,488173,488178,5,27
488146,488175,488178,3,29
488146,488177,488179,2,31
488146,488177,488179,2,31
488146,488176,488179,3,30
488146,488176,488179,3,30
488146,488173,488180,7,27
488146,488177,488180,3,31
488146,488178,488180,2,32
488146,488179,488180,1,33
488146,488178,488180,2,32
488146,488178,488181,3,32
488146,488179,488181,2,33
488146,488169,488181,12,23
488146,488179,488181,2,33
488146,488179,488181,2,33
488146,488180,488182,2,34
488146,488180,488182,2,34
488146,488161,488183,22,15
488146,488180,488183,3,34
488146,488181,488183,2,35
488146,488179,488183,4,33
488146,488181,488183,2,35
488146,488181,488184,3,35
488146,488173,488182,9,27
488146,488180,488185,5,34
488146,488182,488184,2,36
488146,488181,488184,3,35
488146,488166,488185,19,20
488146,488182,488185,3,36
488146,488182,488184,2,36
488146,488176,488186,10,30
488146,488183,488186,3,37
488146,488183,488186,3,37
488146,488184,488186,2,38
488146,488183,488186,3,37
488146,488184,488187,3,38
488146,488172,488187,15,26
488146,488185,488187,2,39
488146,488185,488188,3,39
488146,488185,488188,3,39
488146,488180,488188,8,34
488146,488187,488189,2,41
488146,488187,488189,2,41
488146,488178,488189,11,32
488146,488176,488190,14,30
488146,488184,488189,5,38
488146,488185,488190,5,39
488146,488188,488190,2,42
488146,488187,488190,3,41
488141,488146,488190,44,5
488146,488185,488190,5,39
488146,488188,488190,2,42
488146,488189,488191,2,43
488146,488187,488191,4,41
488146,488189,488191,2,43
488146,488189,488191,2,43
488146,488186,488191,5,40
488141,488154,488191,37,13
488146,488190,488192,2,44
488146,488185,488192,7,39
488170,488192,488194,2,22
488141,488146,488193,47,5
488146,488177,488193,16,31
488170,488191,488193,2,21
488170,488191,488193,2,21
488170,488193,488194,1,23
488170,488192,488194,2,22
488170,488191,488195,4,21
488170,488194,488195,1,24
488170,488194,488196,2,24
488170,488194,488196,2,24
488170,488190,488196,6,20
488170,488191,488196,5,21
488170,488195,488196,1,25
488170,488191,488196,5,21
488170,488193,488197,4,23
488170,488195,488197,2,25
488146,488178,488197,19,32
488146,488188,488197,9,42
488170,488195,488197,2,25
488170,488192,488197,5,22
488170,488191,488198,7,21
488170,488196,488198,2,26
488170,488192,488198,6,22
488170,488196,488198,2,26
488170,488196,488198,2,26
488170,488197,488199,2,27
488170,488197,488199,2,27
488170,488197,488199,2,27
488170,488198,488200,2,28
488170,488196,488200,4,26
488170,488197,488200,3,27
488170,488190,488200,10,20
488170,488198,488201,3,28
488170,488200,488202,2,30
488170,488200,488202,2,30
488170,488197,488202,5,27
488170,488199,488201,2,29
488170,488198,488202,4,28
488170,488199,488201,2,29
488146,488182,488200,18,36
488170,488194,488202,8,24
488170,488200,488202,2,30
488170,488200,488202,2,30
488170,488200,488203,3,30
488170,488201,488203,2,31
488170,488202,488204,2,32
488170,488198,488203,5,28
488170,488201,488203,2,31
488141,488147,488204,57,6
488146,488168,488203,35,22
488170,488202,488204,2,32
488170,488191,488201,10,21
488170,488201,488205,4,31
488170,488202,488204,2,32
488170,488202,488205,3,32
488146,488183,488205,22,37
488170,488203,488206,3,33
488170,488203,488206,3,33
488170,488204,488206,2,34
488170,488204,488206,2,34
488170,488202,488207,5,32
488170,488202,488206,4,32
488170,488204,488207,3,34
488146,488185,488207,22,39
488170,488204,488207,3,34
488170,488205,488207,2,35
488146,488189,488204,15,43
488170,488204,488209,5,34
488170,488205,488209,4,35
488170,488194,488209,15,24
488170,488203,488211,8,33
488170,488199,488212,13,29
488170,488190,488213,23,20
488170,488205,488215,10,35
488170,488203,488215,12,33
488170,488204,488217,13,34
488170,488198,488221,23,28
488170,488198,488224,26,28
488170,488204,488239,35,34
487298,487310,488259,949,12
488265,488265,488269,4,0
488265,488265,488268,3,0
488265,488265,488268,3,0
488265,488265,488268,3,0
488265,488265,488269,4,0
488265,488265,488269,4,0
488265,488265,488270,5,0
488265,488265,488269,4,0
488265,488265,488270,5,0
488265,488265,488270,5,0
488265,488265,488270,5,0
488265,488265,488270,5,0
488265,488265,488270,5,0
488265,488265,488271,6,0
488265,488265,488272,7,0
488265,488270,488272,2,5
488265,488265,488271,6,0
488265,488265,488273,8,0
488265,488265,488272,7,0
488265,488270,488272,2,5
488265,488269,488272,3,4
488265,488269,488272,3,4
488265,488271,488274,3,6
488265,488265,488273,8,0
488265,488269,488273,4,4
488265,488271,488273,2,6
488265,488271,488273,2,6
488265,488265,488271,6,0
488265,488272,488275,3,7
488265,488265,488274,9,0
488265,488272,488274,2,7
488265,488270,488274,4,5
488265,488270,488274,4,5
488265,488265,488276,11,0
488265,488273,488276,3,8
488265,488273,488275,2,8
488265,488269,488275,6,4
488265,488271,488276,5,6
488265,488274,488276,2,9
488265,488274,488276,2,9
488265,488271,488276,5,6
488265,488274,488277,3,9
488265,488273,488277,4,8
488265,488273,488277,4,8
488265,488275,488277,2,10
488265,488275,488278,3,10
488265,488272,488278,6,7
488265,488276,488278,2,11
488265,488270,488278,8,5
488265,488274,488279,5,9
488265,488276,488279,3,11
488265,488277,488279,2,12
488265,488277,488279,2,12
488265,488275,488280,5,10
488265,488278,488281,3,13
488265,488275,488280,5,10
488265,488278,488280,2,13
488265,488276,488281,5,11
488265,488278,488281,3,13
488265,488277,488282,5,12
488265,488278,488282,4,13
488265,488273,488280,7,8
488265,488265,488283,18,0
488265,488274,488284,10,9
488265,488276,488284,8,11
488265,488265,488286,21,0
488265,488275,488286,11,10
488265,488276,488286,10,11
488265,488265,488290,25,0
488265,488274,488293,19,9
487359,487369,488331,962,10
488332,488332,488336,4,0
488332,488332,488335,3,0
488332,488332,488336,4,0
488332,488332,488335,3,0
488332,488332,488336,4,0
488332,488332,488336,4,0
488332,488332,488336,4,0
488332,488332,488337,5,0
488332,488332,488337,5,0
488332,488332,488336,4,0
488332,488332,488336,4,0
488332,488332,488338,6,0
488332,488332,488337,5,0
488332,488332,488337,5,0
488332,488332,488338,6,0
488332,488332,488337,5,0
488332,488332,488338,6,0
488332,488332,488337,5,0
488332,488337,488340,3,5
488332,488336,488340,4,4
488332,488336,488340,4,4
488332,488337,488339,2,5
488332,488336,488340,4,4
488332,488337,488339,2,5
488332,488337,488341,4,5
488332,488332,488340,8,0
488332,488332,488340,8,0
488332,488338,488341,3,6
488332,488338,488340,2,6
488332,488338,488340,2,6
488332,488338,488341,3,6
488332,488337,488342,5,5
488332,488338,488341,3,6
488332,488337,488341,4,5
488332,488337,488342,5,5
488332,488340,488343,3,8
488332,488340,488343,3,8
488332,488332,488343,11,0
488332,488332,488343,11,0
488332,488332,488343,11,0
488332,488340,488343,3,8
488332,488336,488344,8,4
488332,488341,488344,3,9
488332,488341,488344,3,9
488332,488340,488344,4,8
488332,488341,488344,3,9
488332,488341,488344,3,9
488332,488332,488344,12,0
488332,488338,488344,6,6
488332,488332,488344,12,0
488332,488340,488345,5,8
488332,488342,488345,3,10
488332,488341,488346,5,9
488332,488340,488345,5,8
488332,488343,488345,2,11
488332,488343,488346,3,11
488332,488341,488347,6,9
488332,488341,488347,6,9
488332,488342,488347,5,10
488332,488344,488347,3,12
488332,488344,488346,2,12
488332,488344,488347,3,12
488332,488342,488347,5,10
488332,488344,488348,4,12
488332,488342,488348,6,10
488332,488344,488351,7,12
488332,488338,488353,15,6
488332,488344,488354,10,12
488332,488344,488355,11,12
488332,488344,488357,13,12
487561,487572,488520,948,11
488522,488522,488526,4,0
488522,488522,488526,4,0
488522,488522,488526,4,0
488522,488522,488526,4,0
488522,488522,488526,4,0
488522,488522,488526,4,0
488522,488522,488527,5,0
488522,488522,488527,5,0
488522,488522,488527,5,0
488522,488522,488527,5,0
488522,488522,488527,5,0
488522,488522,488528,6,0
488522,488522,488528,6,0
488522,488522,488527,5,0
488522,488522,488528,6,0
488522,488522,488528,6,0
488522,488522,488528,6,0
488522,488522,488529,7,0
488522,488522,488529,7,0
488522,488522,488529,7,0
488522,488526,488529,3,4
488522,488527,488530,3,5
488522,488526,488530,4,4
488522,488526,488530,4,4
488522,488528,488530,2,6
488522,488528,488531,3,6
488522,488526,488531,5,4
488522,488528,488531,3,6
488522,488528,488532,4,6
488522,488522,488532,10,0
488522,488529,488531,2,7
488522,488528,488532,4,6
488522,488527,488532,5,5
488522,488530,488532,2,8
488522,488528,488532,4,6
488522,488529,488533,4,7
488522,488522,488533,11,0
488522,488522,488533,11,0
488522,488522,488532,10,0
488522,488531,488533,2,9
488522,488530,488534,4,8
488522,488530,488534,4,8
488522,488532,488534,2,10
488522,488526,488533,7,4
488522,488533,488535,2,11
488522,488533,488535,2,11
488522,488531,488535,4,9
488522,488533,488535,2,11
488522,488534,488536,2,12
488522,488529,488536,7,7
488522,488531,488536,5,9
488522,488532,488536,4,10
488522,488534,488537,3,12
488522,488532,488537,5,10
488522,488532,488537,5,10
488522,488522,488537,15,0
488522,488535,488537,2,13
488522,488533,488538,5,11
488522,488535,488537,2,13
488522,488535,488537,2,13
488522,488533,488537,4,11
488522,488528,488538,10,6
488522,488528,488538,10,6
488522,488536,488538,2,14
488522,488532,488542,10,10
488522,488530,488539,9,8
488522,488534,488543,9,12
488522,488534,488544,10,12
488522,488534,488544,10,12
488522,488536,488545,9,14
487661,487673,488663,990,12
488663,488663,488666,3,0
488663,488663,488667,4,0
488663,488663,488667,4,0
488663,488663,488666,3,0
488663,488663,488666,3,0
488663,488663,488667,4,0
488663,488663,488666,3,0
488663,488663,488667,4,0
488663,488663,488668,5,0
488663,488663,488668,5,0
488663,488663,488668,5,0
488663,488663,488667,4,0
488663,488663,488669,6,0
488663,488663,488668,5,0
488663,488663,488669,6,0
488663,488663,488669,6,0
488663,488663,488669,6,0
488663,488663,488668,5,0
488663,488667,488669,2,4
488663,488663,488670,7,0
488663,488663,488670,7,0
488663,488663,488668,5,0
488663,488667,488671,4,4
488663,488667,488671,4,4
488663,488668,488671,3,5
488663,488667,488671,4,4
488663,488668,488671,3,5
488663,488669,488672,3,6
488663,488667,488672,5,4
488663,488667,488672,5,4
488663,488669,488672,3,6
488663,488669,488672,3,6
488663,488669,488672,3,6
488663,488669,488673,4,6
488663,488669,488673,4,6
488663,488668,488673,5,5
488663,488668,488673,5,5
488663,488667,488673,6,4
488663,488663,488674,11,0
488663,488663,488674,11,0
488663,488671,488674,3,8
488663,488671,488674,3,8
488663,488663,488674,11,0
488663,488663,488674,11,0
488663,488672,488675,3,9
488663,488672,488675,3,9
488663,488668,488676,8,5
488663,488671,488675,4,8
488663,488672,488675,3,9
488663,488671,488676,5,8
488663,488673,488676,3,10
488663,488670,488676,6,7
488663,488673,488677,4,10
488663,488673,488676,3,10
488663,488671,488677,6,8
488663,488672,488677,5,9
488663,488671,488676,5,8
488663,488672,488677,5,9
488663,488674,488677,3,11
488663,488674,488677,3,11
488663,488669,488677,8,6
488663,488670,488678,8,7
488663,488673,488678,5,10
488663,488673,488678,5,10
488663,488675,488678,3,12
488663,488674,488681,7,11
488663,488674,488684,10,11
488663,488674,488691,17,11
487198,487207,488694,1487,9
488663,488675,488694,19,12
488663,488675,488697,22,12
488695,488695,488699,4,0
488695,488695,488699,4,0
488695,488695,488699,4,0
488695,488695,488699,4,0
488695,488695,488699,4,0
488695,488695,488699,4,0
488695,488695,488700,5,0
488695,488695,488700,5,0
488695,488695,488700,5,0
488695,488695,488699,4,0
488695,488695,488700,5,0
488695,488695,488701,6,0
488695,488695,488701,6,0
488695,488695,488702,7,0
488695,488695,488703,8,0
488695,488695,488703,8,0
488695,488700,488703,3,5
488695,488699,488703,4,4
488695,488699,488703,4,4
488695,488700,488703,3,5
488695,488699,488703,4,4
488695,488699,488703,4,4
488695,488701,488704,3,6
488695,488695,488703,8,0
488695,488695,488703,8,0
488695,488695,488704,9,0
488695,488699,488704,5,4
488695,488701,488704,3,6
488695,488701,488704,3,6
488695,488700,488705,5,5
488695,488702,488705,3,7
488695,488704,488706,2,9
488695,488701,488706,5,6
488695,488704,488707,3,9
488695,488703,488707,4,8
488695,488695,488707,12,0
488695,488695,488707,12,0
488695,488703,488706,3,8
488695,488704,488708,4,9
488695,488703,488708,5,8
488695,488704,488708,4,9
488695,488704,488708,4,9
488695,488705,488708,3,10
488695,488704,488709,5,9
488695,488699,488709,10,4
488695,488707,488710,3,12
488695,488705,488710,5,10
488695,488706,488710,4,11
488695,488708,488710,2,13
488695,488703,488711,8,8
488695,488708,488710,2,13
488695,488706,488711,5,11
488695,488705,488711,6,10
488695,488708,488711,3,13
488695,488709,488711,2,14
488695,488709,488712,3,14
488695,488705,488712,7,10
488695,488705,488712,7,10
488695,488709,488712,3,14
488695,488707,488712,5,12
488695,488708,488712,4,13
488695,488709,488713,4,14
488695,488695,488720,25,0
488695,488695,488720,25,0
488695,488697,488720,23,2
488695,488709,488722,13,14
488695,488695,488723,28,0
488695,488708,488725,17,13
488695,488708,488725,17,13
488695,488710,488725,15,15
487745,487757,488741,984,12
488747,488747,488750,3,0
488747,488747,488751,4,0
488747,488747,488750,3,0
488747,488747,488751,4,0
488747,488747,488751,4,0
488747,488747,488751,4,0
488747,488747,488750,3,0
488747,488747,488752,5,0
488747,488747,488752,5,0
488747,488751,488753,2,4
488747,488747,488752,5,0
488747,488748,488754,6,1
488747,488747,488753,6,0
488747,488747,488753,6,0
488747,488747,488753,6,0
488747,488752,488754,2,5
488747,488747,488755,8,0
488747,488751,488754,3,4
488747,488751,488754,3,4
488747,488747,488755,8,0
488747,488747,488755,8,0
488747,488753,488755,2,6
488747,488752,488756,4,5
488747,488753,488755,2,6
488747,488753,488756,3,6
488747,488747,488756,9,0
488747,488752,488756,4,5
488747,488754,488756,2,7
488747,488754,488757,3,7
488747,488747,488757,10,0
488747,488747,488757,10,0
488747,488747,488758,11,0
488747,488747,488757,10,0
488747,488754,488758,4,7
488747,488753,488758,5,6
488747,488754,488758,4,7
488747,488753,488758,5,6
488747,488756,488758,2,9
488747,488756,488759,3,9
488747,488756,488758,2,9
488747,488755,488759,4,8
488747,488755,488759,4,8
488747,488757,488759,2,10
488747,488747,488756,9,0
488747,488747,488755,8,0
488747,488756,488759,3,9
488747,488757,488760,3,10
488747,488759,488761,2,12
488747,488754,488759,5,7
488747,488759,488761,2,12
488747,488747,488761,14,0
488747,488758,488761,3,11
488747,488756,488761,5,9
488747,488757,488762,5,10
488747,488756,488760,4,9
488747,488756,488762,6,9
488747,488759,488762,3,12
488747,488760,488762,2,13
488747,488758,488763,5,11
488747,488758,488764,6,11
488747,488760,488764,4,13
488747,488760,488764,4,13
488747,488760,488765,5,13
488747,488758,488765,7,11
488747,488759,488765,6,12
488747,488758,488768,10,11
488747,488758,488769,11,11
488747,488755,488769,14,8
488747,488760,488769,9,13
488747,488758,488772,14,11
487804,487816,488821,1005,12
488822,488822,488826,4,0
488822,488822,488826,4,0
488822,488822,488826,4,0
488822,488822,488826,4,0
488822,488822,488826,4,0
488822,488822,488826,4,0
488822,488822,488827,5,0
488822,488822,488827,5,0
488822,488822,488826,4,0
488822,488822,488827,5,0
488822,488822,488826,4,0
488822,488826,488828,2,4
488822,488826,488828,2,4
488822,488826,488828,2,4
488822,488822,488827,5,0
488822,488822,488827,5,0
488822,488822,488828,6,0
488822,488822,488829,7,0
488822,488822,488829,7,0
488822,488827,488829,2,5
488822,488827,488829,2,5
488822,488826,488830,4,4
488822,488828,488830,2,6
488822,488822,488831,9,0
488822,488822,488831,9,0
488822,488828,488830,2,6
488822,488828,488831,3,6
488822,488826,488831,5,4
488822,488829,488832,3,7
488822,488822,488832,10,0
488822,488827,488832,5,5
488822,488827,488832,5,5
488822,488827,488831,4,5
488822,488829,488832,3,7
488822,488829,488832,3,7
488822,488830,488833,3,8
488822,488827,488832,5,5
488822,488830,488833,3,8
488822,488828,488834,6,6
488822,488831,488834,3,9
488822,488831,488834,3,9
488822,488830,488835,5,8
488822,488832,488835,3,10
488822,488833,488835,2,11
488822,488828,488835,7,6
488822,488829,488833,4,7
488822,488822,488836,14,0
488822,488832,488836,4,10
488822,488833,488835,2,11
488822,488833,488836,3,11
488822,488834,488836,2,12
488822,488831,488835,4,9
488822,488831,488836,5,9
488822,488832,488837,5,10
488822,488832,488836,4,10
488822,488834,488837,3,12
488822,488835,488837,2,13
488822,488835,488837,2,13
488822,488822,488838,16,0
488822,488832,488838,6,10
488822,488833,488837,4,11
488822,488822,488839,17,0
488822,488822,488839,17,0
488822,488832,488839,7,10
488822,488822,488839,17,0
488822,488835,488840,5,13
488822,488831,488841,10,9
488822,488835,488842,7,13
488822,488822,488843,21,0
488822,488834,488844,10,12
487367,487383,488896,1513,16
488898,488898,488902,4,0
488898,488898,488901,3,0
488898,488898,488902,4,0
488898,488898,488903,5,0
488898,488898,488903,5,0
488898,488898,488903,5,0
488898,488898,488903,5,0
488898,488898,488902,4,0
488898,488898,488902,4,0
488898,488898,488903,5,0
488898,488898,488902,4,0
488898,488898,488902,4,0
488898,488898,488903,5,0
488898,488898,488903,5,0
488898,488898,488903,5,0
488898,488898,488903,5,0
488898,488903,488905,2,5
488898,488903,488905,2,5
488898,488902,488906,4,4
488898,488903,488905,2,5
488898,488904,488906,2,6
488898,488903,488906,3,5
488898,488904,488906,2,6
488898,488902,488906,4,4
488898,488902,488906,4,4
488898,488903,488907,4,5
488898,488903,488908,5,5
488898,488904,488908,4,6
488898,488905,488907,2,7
488898,488903,488908,5,5
488898,488903,488907,4,5
488898,488898,488908,10,0
488898,488898,488908,10,0
488898,488898,488908,10,0
488898,488898,488905,7,0
488898,488903,488908,5,5
488898,488898,488908,10,0
488898,488898,488908,10,0
488898,488898,488909,11,0
488898,488906,488909,3,8
488898,488906,488908,2,8
488898,488906,488908,2,8
488898,488904,488910,6,6
488898,488907,488909,2,9
488898,488906,488909,3,8
488898,488908,488910,2,10
488898,488909,488911,2,11
488898,488909,488911,2,11
488898,488908,488911,3,10
488898,488906,488911,5,8
488898,488907,488912,5,9
488898,488909,488911,2,11
488898,488910,488912,2,12
488898,488910,488912,2,12
488898,488908,488913,5,10
488898,488907,488913,6,9
488898,488898,488913,15,0
488898,488908,488913,5,10
488898,488908,488914,6,10
488898,488908,488914,6,10
488898,488909,488913,4,11
488898,488898,488909,11,0
488898,488909,488917,8,11
488898,488910,488918,8,12
488898,488909,488920,11,11
488898,488909,488921,12,11
488898,488909,488921,12,11
488898,488909,488925,16,11
488898,488909,488925,16,11
488898,488909,488927,18,11
487924,487936,488940,1004,12
488951,488951,488954,3,0
488951,488951,488954,3,0
488951,488951,488954,3,0
488951,488951,488954,3,0
488951,488951,488955,4,0
488951,488951,488955,4,0
488951,488951,488955,4,0
488951,488951,488955,4,0
488951,488951,488955,4,0
488951,488951,488955,4,0
488951,488951,488955,4,0
488951,488951,488955,4,0
488951,488951,488954,3,0
488951,488951,488956,5,0
488951,488951,488956,5,0
488951,488951,488956,5,0
488951,488956,488957,1,5
488951,488956,488958,2,5
488951,488956,488958,2,5
488951,488955,488958,3,4
488951,488956,488959,3,5
488951,488955,488959,4,4
488951,488957,488960,3,6
488951,488956,488959,3,5
488951,488955,488959,4,4
488951,488956,488960,4,5
488951,488955,488959,4,4
488951,488957,488960,3,6
488951,488956,488960,4,5
488951,488958,488960,2,7
488951,488958,488960,2,7
488951,488956,488961,5,5
488951,488951,488961,10,0
488951,488959,488961,2,8
488951,488951,488963,12,0
488951,488960,488963,3,9
488951,488959,488962,3,8
488951,488960,488962,2,9
488951,488961,488963,2,10
488951,488961,488963,2,10
488951,488961,488963,2,10
488951,488959,488963,4,8
488951,488960,488964,4,9
488951,488960,488964,4,9
488951,488951,488959,8,0
488951,488960,488964,4,9
488951,488960,488965,5,9
488951,488951,488961,10,0
488951,488951,488962,11,0
488951,488962,488965,3,11
488951,488963,488965,2,12
488951,488963,488966,3,12
488951,488964,488966,2,13
488951,488961,488965,4,10
488951,488961,488966,5,10
488951,488963,488966,3,12
488951,488964,488966,2,13
488951,488951,488967,16,0
488951,488964,488967,3,13
488951,488951,488968,17,0
488951,488951,488969,18,0
488951,488964,488969,5,13
488951,488965,488970,5,14
488951,488964,488970,6,13
488951,488956,488965,9,5
488951,488956,488975,19,5
488951,488965,488976,11,14
488951,488951,488977,26,0
488951,488963,488980,17,12
488013,488034,488982,948,21
487988,488001,488983,982,13
488984,488984,488986,2,0
488984,488984,488988,4,0
488984,488984,488987,3,0
488984,488984,488988,4,0
488984,488984,488988,4,0
488984,488986,488988,2,2
488984,488984,488988,4,0
488984,488984,488989,5,0
488984,488984,488989,5,0
488984,488984,488989,5,0
488984,488984,488988,4,0
488984,488984,488989,5,0
488984,488984,488989,5,0
488984,488984,488989,5,0
488984,488984,488988,4,0
488984,488984,488990,6,0
488984,488984,488990,6,0
488984,488984,488990,6,0
488984,488988,488990,2,4
488984,488988,488991,3,4
488984,488988,488991,3,4
488984,488988,488991,3,4
488984,488989,488992,3,5
488984,488989,488992,3,5
488984,488988,488992,4,4
488984,488989,488992,3,5
488984,488989,488992,3,5
488984,488990,488992,2,6
488984,488990,488993,3,6
488984,488989,488993,4,5
488984,488989,488994,5,5
488984,488989,488994,5,5
488984,488989,488994,5,5
488984,488989,488994,5,5
488984,488991,488994,3,7
488984,488991,488994,3,7
488984,488991,488994,3,7
488984,488993,488994,1,9
488984,488984,488995,11,0
488984,488984,488995,11,0
488984,488984,488995,11,0
488984,488992,488995,3,8
488984,488992,488995,3,8
488984,488993,488995,2,9
488984,488984,488992,8,0
488984,488990,488995,5,6
488984,488993,488996,3,9
488984,488992,488996,4,8
488984,488992,488996,4,8
488984,488995,488997,2,11
488984,488995,488997,2,11
488984,488995,488998,3,11
488984,488995,488997,2,11
488984,488996,488997,1,12
488984,488995,488998,3,11
488984,488994,488998,4,10
488984,488996,488998,2,12
488984,488984,488995,11,0
488984,488994,488999,5,10
488984,488994,488999,5,10
488986,488996,489000,4,10
488984,488994,489000,6,10
488984,488995,489000,5,11
488986,488998,489000,2,12
488986,488996,489001,5,10
488986,488999,489001,2,13
488986,488999,489001,2,13
488986,488998,489001,3,12
488984,488990,488996,6,6
488984,488984,489002,18,0
488986,488998,489002,4,12
488986,488998,489002,4,12
488986,488998,489002,4,12
488984,488984,489003,19,0
488986,488999,489003,4,13
488986,489001,489003,2,15
488986,489002,489004,2,16
488951,488962,489004,42,11
488984,488984,489003,19,0
488986,488999,489004,5,13
488986,489001,489004,3,15
488986,489002,489004,2,16
488986,489000,489004,4,14
488986,489001,489005,4,15
488986,489003,489004,1,17
488986,489002,489004,2,16
488984,488996,489005,9,12
488986,488999,489003,4,13
488984,488995,489004,9,11
488984,488995,489004,9,11
488986,488996,489005,9,10
488986,489001,489005,4,15
488986,489001,489005,4,15
488986,489003,489005,2,17
488986,489003,489005,2,17
488986,489004,489006,2,18
488986,489005,489007,2,19
488986,489004,489006,2,18
488986,489002,489006,4,16
488984,488995,489006,11,11
488986,489004,489006,2,18
488986,489005,489007,2,19
488986,489004,489008,4,18
488986,489006,489008,2,20
488986,489006,489008,2,20
488986,489006,489008,2,20
488986,489006,489008,2,20
488986,489005,489009,4,19
488986,489005,489009,4,19
488986,489007,489009,2,21
488986,489007,489009,2,21
488986,489008,489010,2,22
488986,489006,489010,4,20
488986,489005,489010,5,19
488986,489006,489010,4,20
488986,489008,489010,2,22
488986,489009,489011,2,23
488986,489005,489011,6,19
488986,489005,489011,6,19
488986,489009,489012,3,23
488986,489009,489012,3,23
488986,489009,489011,2,23
488986,489005,489011,6,19
488986,489007,489012,5,21
488986,489010,489012,2,24
488986,489010,489013,3,24
488986,489009,489014,5,23
488986,489011,489013,2,25
488986,489011,489013,2,25
488986,489011,489014,3,25
488986,489010,489015,5,24
488986,489010,489014,4,24
488986,489011,489015,4,25
488986,489011,489015,4,25
488986,489003,489016,13,17
488986,489004,489016,12,18
488986,489005,489020,15,19
488055,488067,489026,959,12
488986,489004,489028,24,18
488986,489002,489030,28,16
488986,489007,489030,23,21
488986,489029,489032,3,43
488005,488018,489049,1031,13
489048,489048,489051,3,0
489048,489048,489050,2,0
489048,489048,489050,2,0
489048,489048,489051,3,0
489048,489048,489051,3,0
489048,489048,489051,3,0
489048,489048,489052,4,0
489048,489048,489051,3,0
489048,489048,489051,3,0
489048,489048,489052,4,0
489048,489048,489052,4,0
489048,489048,489053,5,0
489048,489050,489052,2,2
489048,489048,489053,5,0
489048,489048,489053,5,0
489048,489048,489053,5,0
489048,489048,489053,5,0
489048,489051,489053,2,3
489048,489051,489053,2,3
489048,489051,489053,2,3
489048,489049,489054,5,1
489048,489052,489054,2,4
489048,489052,489055,3,4
489048,489052,489054,2,4
489048,489052,489054,2,4
489048,489052,489055,3,4
489048,489053,489056,3,5
489048,489048,489056,8,0
489048,489048,489056,8,0
489048,489052,489056,4,4
489048,489054,489056,2,6
489048,489054,489056,2,6
489048,489054,489057,3,6
489048,489055,489057,2,7
489048,489053,489057,4,5
489048,489053,489057,4,5
489048,489053,489058,5,5
489048,489055,489058,3,7
489048,489055,489057,2,7
489048,489055,489058,3,7
489048,489055,489057,2,7
489048,489055,489058,3,7
489048,489048,489058,10,0
489048,489048,489059,11,0
489048,489054,489058,4,6
489048,489054,489059,5,6
489048,489056,489059,3,8
489048,489054,489059,5,6
489048,489054,489059,5,6
489048,489057,489059,2,9
489048,489057,489060,3,9
489048,489057,489059,2,9
489048,489057,489059,2,9
489048,489058,489060,2,10
489048,489057,489061,4,9
489048,489058,489061,3,10
489048,489058,489061,3,10
489048,489058,489061,3,10
489048,489048,489061,13,0
489048,489058,489062,4,10
489048,489059,489062,3,11
489048,489058,489063,5,10
489048,489058,489064,6,10
489048,489059,489064,5,11
489048,489048,489060,12,0
489048,489057,489062,5,9
489048,489048,489067,19,0
489048,489048,489069,21,0
489048,489057,489071,14,9
489070,489070,489072,2,0
489070,489070,489073,3,0
489070,489070,489072,2,0
489070,489070,489073,3,0
489070,489070,489073,3,0
489070,489070,489074,4,0
489070,489070,489074,4,0
489070,489072,489074,2,2
489070,489070,489075,5,0
489070,489070,489075,5,0
489070,489070,489074,4,0
489070,489070,489075,5,0
489070,489070,489075,5,0
489070,489070,489075,5,0
489070,489070,489075,5,0
489070,489070,489075,5,0
489070,489073,489075,2,3
489048,489059,489076,17,11
489070,489070,489076,6,0
489070,489073,489076,3,3
489070,489070,489075,5,0
489070,489074,489076,2,4
489070,489074,489076,2,4
489070,489075,489077,2,5
489070,489074,489078,4,4
489070,489074,489078,4,4
489070,489075,489078,3,5
489070,489075,489077,2,5
489070,489075,489077,2,5
489070,489075,489078,3,5
489070,489076,489078,2,6
489070,489076,489079,3,6
489070,489076,489079,3,6
489070,489076,489079,3,6
489070,489076,489079,3,6
489070,489070,489080,10,0
489070,489070,489079,9,0
489070,489074,489079,5,4
489070,489075,489080,5,5
489070,489075,489079,4,5
489070,489077,489080,3,7
489070,489078,489080,2,8
489070,489078,489081,3,8
489070,489078,489081,3,8
489070,489078,489081,3,8
489070,489078,489081,3,8
489070,489076,489081,5,6
489070,489076,489081,5,6
489070,489079,489082,3,9
489070,489079,489082,3,9
489070,489079,489082,3,9
489070,489079,489082,3,9
489070,489078,489082,4,8
489070,489078,489083,5,8
489070,489080,489083,3,10
489070,489082,489083,1,12
489070,489081,489083,2,11
489070,489082,489083,1,12
489070,489082,489083,1,12
489070,489082,489084,2,12
489070,489070,489085,15,0
489070,489071,489085,14,1
489070,489080,489085,5,10
489070,489080,489085,5,10
489070,489080,489086,6,10
489070,489080,489090,10,10
489070,489070,489091,21,0
489070,489070,489093,23,0
489070,489070,489104,34,0
489070,489080,489104,24,10
489070,489076,489113,37,6
488171,488205,489188,983,34
489188,489188,489191,3,0
489188,489188,489191,3,0
489188,489188,489191,3,0
489188,489188,489190,2,0
489188,489188,489191,3,0
489188,489188,489192,4,0
489188,489188,489192,4,0
489188,489188,489192,4,0
489188,489188,489192,4,0
489188,489188,489192,4,0
489188,489188,489193,5,0
489188,489188,489193,5,0
489188,489188,489192,4,0
489188,489188,489192,4,0
489188,489188,489192,4,0
489188,489188,489192,4,0
489188,489188,489193,5,0
489188,489191,489194,3,3
489188,489191,489194,3,3
489188,489191,489194,3,3
489188,489191,489193,2,3
489188,489192,489195,3,4
489188,489192,489195,3,4
489188,489192,489194,2,4
489188,489192,489195,3,4
489188,489192,489195,3,4
489188,489192,489195,3,4
489188,489194,489197,3,6
489188,489193,489196,3,5
489188,489194,489197,3,6
489188,489194,489197,3,6
489188,489194,489197,3,6
489188,489194,489198,4,6
489188,489193,489198,5,5
489188,489193,489198,5,5
489188,489193,489197,4,5
489188,489195,489198,3,7
489188,489195,489198,3,7
489188,489195,489197,2,7
489188,489196,489198,2,8
489188,489195,489198,3,7
489188,489195,489198,3,7
489188,489188,489199,11,0
489188,489188,489199,11,0
489188,489188,489199,11,0
489188,489188,489199,11,0
489188,489188,489199,11,0
489188,489193,489198,5,5
489188,489193,489198,5,5
488172,488205,489200,995,33
489188,489197,489200,3,9
489188,489197,489200,3,9
489188,489197,489200,3,9
489188,489198,489200,2,10
489188,489198,489200,2,10
489188,489198,489201,3,10
489188,489198,489201,3,10
489188,489199,489202,3,11
489188,489199,489202,3,11
489188,489199,489202,3,11
489188,489198,489202,4,10
489188,489198,489203,5,10
489188,489198,489203,5,10
489201,489202,489203,1,1
489188,489198,489204,6,10
489188,489198,489204,6,10
489201,489202,489204,2,1
489201,489201,489205,4,0
489201,489201,489205,4,0
489201,489201,489205,4,0
489201,489202,489204,2,1
489201,489201,489205,4,0
489201,489202,489205,3,1
489201,489202,489205,3,1
489201,489203,489205,2,2
489201,489204,489205,1,3
489188,489199,489206,7,11
489201,489201,489205,4,0
489201,489201,489206,5,0
489201,489203,489207,4,2
489201,489205,489207,2,4
489201,489205,489207,2,4
489201,489206,489207,1,5
489201,489201,489208,7,0
489201,489203,489208,5,2
489201,489204,489208,4,3
489201,489205,489208,3,4
489201,489205,489208,3,4
489201,489206,489208,2,5
489201,489205,489208,3,4
489201,489205,489207,2,4
489201,489204,489208,4,3
489201,489205,489208,3,4
489201,489205,489208,3,4
489201,489206,489208,2,5
489188,489188,489199,11,0
489201,489206,489209,3,5
489201,489208,489209,1,7
489201,489208,489210,2,7
489201,489208,489210,2,7
489201,489201,489211,10,0
489201,489207,489211,4,6
489201,489208,489211,3,7
489201,489209,489211,2,8
489201,489209,489211,2,8
489201,489209,489211,2,8
489201,489209,489211,2,8
489201,489209,489211,2,8
489201,489209,489211,2,8
489201,489209,489211,2,8
489201,489208,489212,4,7
489201,489210,489212,2,9
489201,489210,489212,2,9
489201,489208,489213,5,7
489201,489201,489213,12,0
489201,489208,489213,5,7
489201,489209,489213,4,8
489201,489211,489213,2,10
489201,489211,489213,2,10
489201,489212,489214,2,11
489201,489212,489214,2,11
489201,489212,489214,2,11
489201,489212,489214,2,11
489201,489212,489214,2,11
489201,489212,489214,2,11
489201,489212,489215,3,11
489201,489212,489215,3,11
489201,489213,489215,2,12
489201,489213,489216,3,12
489188,489199,489215,16,11
489188,489199,489217,18,11
489201,489212,489217,5,11
489201,489212,489218,6,11
489201,489213,489218,5,12
489201,489213,489219,6,12
489188,489188,489218,30,0
489201,489209,489220,11,8
489188,489188,489229,41,0
489201,489206,489238,32,5
489201,489213,489242,29,12
488266,488278,489252,974,12
489253,489253,489255,2,0
489253,489253,489255,2,0
489253,489253,489255,2,0
489253,489253,489255,2,0
489253,489253,489255,2,0
489253,489253,489255,2,0
489253,489253,489255,2,0
489253,489253,489257,4,0
489253,489253,489256,3,0
489253,489253,489257,4,0
489253,489253,489257,4,0
489253,489253,489257,4,0
489253,489253,489257,4,0
489253,489253,489257,4,0
489253,489256,489258,2,3
489253,489256,489258,2,3
489253,489253,489257,4,0
489253,489256,489258,2,3
489253,489253,489258,5,0
489253,489256,489258,2,3
489253,489256,489258,2,3
489253,489256,489259,3,3
489253,489256,489258,2,3
489253,489257,489259,2,4
489253,489257,489259,2,4
489253,489258,489260,2,5
489253,489257,489259,2,4
489253,489258,489260,2,5
489253,489257,489259,2,4
489253,489258,489260,2,5
489201,489211,489260,49,10
489253,489258,489260,2,5
489253,489258,489260,2,5
489253,489253,489262,9,0
489253,489253,489262,9,0
489253,489258,489262,4,5
489253,489259,489261,2,6
489253,489259,489262,3,6
489253,489259,489262,3,6
489253,489259,489262,3,6
489253,489260,489262,2,7
489253,489258,489262,4,5
489253,489260,489263,3,7
489253,489260,489263,3,7
489253,489260,489262,2,7
489253,489260,489262,2,7
489253,489260,489262,2,7
489253,489261,489263,2,8
489253,489261,489264,3,8
489253,489260,489263,3,7
489253,489261,489265,4,8
489253,489262,489264,2,9
489253,489262,489264,2,9
489253,489262,489265,3,9
489253,489262,489265,3,9
489253,489262,489265,3,9
489253,489262,489265,3,9
489253,489263,489266,3,10
489253,489263,489266,3,10
489253,489263,489266,3,10
489253,489253,489266,13,0
489253,489262,489266,4,9
489253,489263,489266,3,10
489253,489263,489268,5,10
489253,489253,489270,17,0
489253,489262,489270,8,9
489253,489253,489272,19,0
489253,489253,489273,20,0
489253,489279,489283,4,26
489253,489253,489283,30,0
489253,489262,489290,28,9
487806,487833,489336,1503,27
489338,489338,489340,2,0
489338,489338,489341,3,0
489338,489338,489340,2,0
489338,489338,489340,2,0
489338,489338,489342,4,0
489338,489338,489341,3,0
489338,489340,489342,2,2
489338,489338,489343,5,0
489338,489338,489343,5,0
489338,489338,489343,5,0
489338,489338,489342,4,0
489338,489338,489342,4,0
489338,489338,489343,5,0
489338,489338,489343,5,0
489338,489338,489343,5,0
489338,489341,489343,2,3
489338,489338,489344,6,0
489338,489341,489343,2,3
489338,489338,489344,6,0
489338,489341,489343,2,3
489338,489342,489344,2,4
489338,489342,489345,3,4
489338,489338,489346,8,0
489338,489343,489346,3,5
489338,489343,489346,3,5
489338,489343,489346,3,5
489338,489343,489346,3,5
489338,489343,489347,4,5
489338,489343,489347,4,5
489338,489342,489346,4,4
489338,489344,489347,3,6
489338,489344,489347,3,6
489338,489344,489347,3,6
489338,489344,489347,3,6
489338,489344,489347,3,6
489338,489344,489347,3,6
489338,489338,489348,10,0
489338,489338,489348,10,0
489338,489344,489347,3,6
489338,489345,489348,3,7
489338,489344,489348,4,6
489338,489338,489349,11,0
489338,489338,489349,11,0
489338,489338,489349,11,0
489338,489338,489349,11,0
489338,489346,489349,3,8
489338,489346,489348,2,8
489338,489346,489349,3,8
489338,489346,489349,3,8
489338,489347,489349,2,9
489338,489347,489350,3,9
489338,489347,489350,3,9
489338,489347,489350,3,9
489338,489347,489350,3,9
489338,489347,489350,3,9
489338,489348,489351,3,10
489338,489349,489351,2,11
489338,489347,489352,5,9
489338,489347,489352,5,9
489338,489346,489353,7,8
489338,489347,489353,6,9
489338,489338,489349,11,0
489338,489338,489350,12,0
489338,489349,489354,5,11
489338,489349,489357,8,11
489338,489349,489360,11,11
489338,489348,489375,27,10
489338,489348,489375,27,10
489338,489349,489376,27,11
489338,489349,489380,31,11
488333,488344,489390,1046,11
489402,489402,489404,2,0
489402,489402,489404,2,0
489402,489402,489405,3,0
489402,489402,489404,2,0
489402,489402,489405,3,0
489402,489402,489405,3,0
489402,489402,489406,4,0
489402,489402,489406,4,0
489402,489402,489406,4,0
489402,489402,489406,4,0
489402,489402,489406,4,0
489402,489402,489405,3,0
489402,489405,489407,2,3
489402,489405,489407,2,3
489402,489402,489407,5,0
489402,489404,489406,2,2
489402,489402,489406,4,0
489402,489402,489407,5,0
489402,489405,489408,3,3
489402,489405,489407,2,3
489402,489405,489408,3,3
489402,489402,489409,7,0
489402,489402,489409,7,0
489402,489406,489408,2,4
489402,489407,489409,2,5
489402,489407,489409,2,5
489402,489406,489409,3,4
489402,489406,489410,4,4
489402,489406,489410,4,4
489402,489406,489410,4,4
489402,489407,489409,2,5
489402,489407,489410,3,5
489402,489407,489409,2,5
489402,489408,489411,3,6
489402,489408,489411,3,6
489402,489408,489411,3,6
489402,489402,489411,9,0
489402,489402,489412,10,0
489402,489408,489412,4,6
489402,489406,489412,6,4
489402,489409,489412,3,7
489402,489409,489411,2,7
489402,489409,489412,3,7
489402,489402,489413,11,0
489402,489402,489413,11,0
489402,489402,489413,11,0
489402,489410,489413,3,8
489402,489410,489413,3,8
489402,489409,489413,4,7
489402,489410,489413,3,8
489402,489411,489414,3,9
489402,489412,489414,2,10
489402,489412,489414,2,10
489402,489410,489415,5,8
489402,489410,489414,4,8
489402,489410,489415,5,8
489402,489409,489415,6,7
489402,489402,489415,13,0
489402,489409,489415,6,7
489402,489412,489415,3,10
489402,489412,489415,3,10
489402,489412,489415,3,10
489402,489402,489414,12,0
489402,489412,489418,6,10
489402,489412,489419,7,10
489402,489402,489421,19,0
489402,489413,489422,9,11
489402,489413,489422,9,11
489402,489412,489423,11,10
489402,489412,489424,12,10
488523,488536,489514,978,13
489516,489516,489518,2,0
489516,489516,489519,3,0
489516,489516,489518,2,0
489516,489516,489519,3,0
489516,489516,489518,2,0
489516,489516,489518,2,0
489516,489516,489520,4,0
489516,489516,489519,3,0
489516,489516,489520,4,0
489516,489516,489520,4,0
489516,489516,489520,4,0
489516,489516,489520,4,0
489516,489516,489521,5,0
489516,489516,489520,4,0
489516,489516,489521,5,0
489516,489516,489521,5,0
489516,489516,489520,4,0
489516,489518,489520,2,2
489516,489516,489520,4,0
489516,489516,489520,4,0
489516,489516,489521,5,0
489516,489516,489521,5,0
489516,489520,489522,2,4
489516,489519,489521,2,3
489516,489519,489522,3,3
489516,489519,489522,3,3
489516,489519,489521,2,3
489516,489519,489521,2,3
489516,489521,489523,2,5
489516,489520,489522,2,4
489516,489520,489524,4,4
489516,489521,489524,3,5
489516,489521,489523,2,5
489516,489521,489523,2,5
489516,489521,489523,2,5
489516,489521,489524,3,5
489516,489521,489525,4,5
489516,489522,489524,2,6
489516,489522,489524,2,6
489516,489522,489525,3,6
489516,489522,489525,3,6
489516,489522,489525,3,6
489516,489522,489524,2,6
489516,489522,489525,3,6
489516,489516,489526,10,0
489516,489516,489526,10,0
489516,489521,489526,5,5
489516,489523,489525,2,7
489516,489523,489526,3,7
489516,489521,489526,5,5
489516,489521,489526,5,5
489516,489516,489526,10,0
489516,489521,489526,5,5
489516,489521,489527,6,5
489516,489524,489527,3,8
489516,489524,489527,3,8
489516,489524,489527,3,8
489516,489524,489526,2,8
489516,489525,489528,3,9
489516,489525,489527,2,9
489516,489525,489528,3,9
489516,489525,489528,3,9
489516,489525,489528,3,9
489516,489525,489528,3,9
489516,489524,489529,5,8
489516,489525,489528,3,9
489516,489525,489529,4,9
489516,489525,489530,5,9
489516,489526,489540,14,10
489516,489516,489541,25,0
488032,488066,489587,1521,34
489588,489589,489591,2,1
489588,489589,489591,2,1
489588,489589,489591,2,1
489588,489589,489591,2,1
489588,489589,489591,2,1
489588,489588,489592,4,0
489588,489588,489592,4,0
489588,489589,489592,3,1
489588,489588,489592,4,0
489588,489589,489592,3,1
489588,489588,489592,4,0
489588,489589,489592,3,1
489588,489589,489592,3,1
489588,489588,489593,5,0
489588,489589,489593,4,1
489588,489589,489593,4,1
489588,489589,489593,4,1
489588,489589,489594,5,1
489588,489589,489594,5,1
489588,489589,489594,5,1
489588,489589,489594,5,1
489588,489592,489594,2,4
489588,489593,489595,2,5
489588,489592,489594,2,4
489588,489592,489594,2,4
489588,489592,489594,2,4
489588,489592,489594,2,4
489588,489589,489595,6,1
489588,489589,489595,6,1
489588,489589,489595,6,1
489588,489593,489595,2,5
489588,489593,489595,2,5
489588,489593,489595,2,5
489588,489593,489595,2,5
489588,489593,489595,2,5
489588,489589,489596,7,1
489588,489594,489596,2,6
489588,489594,489596,2,6
489588,489593,489597,4,5
489588,489593,489597,4,5
489588,489595,489597,2,7
489588,489595,489597,2,7
489588,489595,489597,2,7
489588,489595,489597,2,7
489588,489595,489597,2,7
489588,489594,489598,4,6
489588,489595,489598,3,7
489588,489596,489598,2,8
489588,489596,489598,2,8
489588,489596,489598,2,8
489588,489596,489599,3,8
489588,489596,489599,3,8
489588,489594,489599,5,6
489588,489597,489599,2,9
489588,489595,489600,5,7
489588,489595,489600,5,7
489588,489595,489600,5,7
489588,489596,489600,4,8
489588,489598,489600,2,10
489588,489598,489600,2,10
489588,489596,489600,4,8
489588,489597,489600,3,9
489588,489598,489600,2,10
489588,489598,489601,3,10
489588,489598,489600,2,10
489588,489595,489601,6,7
489588,489596,489601,5,8
489588,489598,489603,5,10
489588,489597,489604,7,9
489588,489598,489604,6,10
488121,488134,489610,1476,13
489626,489627,489629,2,1
489626,489627,489629,2,1
489626,489627,489629,2,1
489626,489627,489629,2,1
489626,489627,489629,2,1
489626,489627,489629,2,1
489626,489627,489630,3,1
489626,489627,489630,3,1
489626,489627,489630,3,1
489626,489627,489630,3,1
489626,489627,489630,3,1
489626,489627,489631,4,1
489626,489627,489631,4,1
489626,489627,489631,4,1
489626,489627,489631,4,1
489626,489627,489632,5,1
489626,489627,489631,4,1
489626,489630,489632,2,4
489626,489627,489632,5,1
489626,489627,489632,5,1
489626,489627,489632,5,1
489626,489630,489632,2,4
489626,489631,489633,2,5
489626,489630,489632,2,4
489626,489630,489632,2,4
489626,489630,489632,2,4
489626,489630,489632,2,4
489626,489627,489632,5,1
489626,489627,489632,5,1
489626,489627,489633,6,1
489626,489627,489633,6,1
489626,489631,489633,2,5
489626,489631,489633,2,5
489626,489631,489633,2,5
489626,489631,489633,2,5
489626,489632,489634,2,6
489626,489632,489634,2,6
489626,489627,489635,8,1
489626,489633,489635,2,7
489626,489633,489635,2,7
489626,489633,489635,2,7
489626,489633,489636,3,7
489626,489633,489636,3,7
489626,489633,489635,2,7
489626,489632,489636,4,6
489626,489634,489636,2,8
489626,489634,489637,3,8
489626,489632,489637,5,6
489626,489632,489637,5,6
489626,489634,489637,3,8
489626,489635,489637,2,9
489626,489635,489637,2,9
489626,489634,489639,5,8
489626,489634,489638,4,8
489626,489633,489638,5,7
489626,489633,489638,5,7
489626,489633,489638,5,7
489626,489636,489638,2,10
489626,489636,489638,2,10
489626,489636,489639,3,10
489626,489636,489639,3,10
489626,489636,489639,3,10
489626,489634,489639,5,8
489626,489632,489639,7,6
489626,489634,489639,5,8
489626,489636,489639,3,10
489626,489637,489642,5,11
489626,489634,489643,9,8
489626,489632,489643,11,6
488664,488675,489651,976,11
489653,489653,489655,2,0
489653,489653,489655,2,0
489653,489653,489655,2,0
489653,489653,489655,2,0
489653,489653,489656,3,0
489653,489653,489655,2,0
489653,489653,489655,2,0
489653,489653,489655,2,0
489653,489653,489656,3,0
489653,489653,489657,4,0
489653,489655,489657,2,2
489653,489653,489657,4,0
489653,489653,489657,4,0
489653,489653,489657,4,0
489653,489653,489658,5,0
489653,489653,489657,4,0
489653,489653,489657,4,0
489653,489653,489657,4,0
489653,489653,489657,4,0
489653,489653,489657,4,0
489653,489656,489658,2,3
489653,489656,489658,2,3
489653,489653,489659,6,0
489653,489653,489658,5,0
489653,489656,489658,2,3
489653,489656,489658,2,3
489653,489656,489658,2,3
489653,489656,489658,2,3
489653,489656,489658,2,3
489653,489657,489659,2,4
489626,489636,489642,6,10
489653,489653,489659,6,0
488696,488710,489660,950,14
489653,489653,489660,7,0
489653,489658,489660,2,5
489653,489658,489660,2,5
489653,489658,489660,2,5
489653,489658,489660,2,5
489653,489659,489661,2,6
489653,489657,489661,4,4
489653,489658,489662,4,5
489653,489658,489662,4,5
489653,489659,489662,3,6
489653,489659,489661,2,6
489653,489659,489662,3,6
489653,489659,489661,2,6
489653,489657,489663,6,4
489653,489658,489662,4,5
489653,489658,489662,4,5
489653,489659,489662,3,6
489653,489661,489663,2,8
489653,489659,489663,4,6
489653,489659,489663,4,6
489653,489659,489663,4,6
489653,489661,489664,3,8
489653,489661,489663,2,8
489653,489661,489664,3,8
489653,489661,489663,2,8
489653,489661,489664,3,8
489653,489661,489664,3,8
489653,489658,489664,6,5
489653,489658,489664,6,5
489653,489662,489665,3,9
489653,489662,489665,3,9
489653,489662,489665,3,9
489653,489662,489664,2,9
489653,489658,489663,5,5
489653,489659,489663,4,6
489653,489660,489665,5,7
489653,489662,489666,4,9
489653,489662,489667,5,9
489653,489662,489667,5,9
488147,488190,489680,1490,43
489679,489679,489681,2,0
489679,489679,489681,2,0
489679,489679,489682,3,0
489679,489679,489682,3,0
489679,489679,489682,3,0
489679,489679,489682,3,0
489679,489679,489682,3,0
489679,489679,489682,3,0
489679,489679,489682,3,0
489679,489679,489683,4,0
489679,489679,489683,4,0
489679,489679,489683,4,0
489679,489679,489683,4,0
489679,489679,489683,4,0
489679,489679,489683,4,0
489679,489681,489683,2,2
489679,489681,489683,2,2
489679,489679,489684,5,0
489679,489679,489684,5,0
489679,489679,489684,5,0
489679,489679,489684,5,0
489679,489679,489684,5,0
489679,489679,489684,5,0
489679,489679,489684,5,0
489679,489682,489684,2,3
489679,489683,489684,1,4
489679,489679,489684,5,0
489679,489679,489685,6,0
489679,489682,489685,3,3
489679,489682,489685,3,3
489679,489682,489685,3,3
489679,489682,489685,3,3
489679,489684,489685,1,5
489679,489682,489685,3,3
489679,489679,489686,7,0
489679,489684,489686,2,5
489679,489684,489686,2,5
489679,489685,489687,2,6
489679,489684,489686,2,5
489679,489684,489686,2,5
489679,489684,489686,2,5
489679,489683,489687,4,4
489679,489680,489687,7,1
489679,489685,489687,2,6
489679,489686,489688,2,7
489679,489683,489687,4,4
489679,489685,489688,3,6
489679,489686,489688,2,7
489679,489686,489688,2,7
489679,489686,489688,2,7
489679,489686,489688,2,7
489679,489684,489688,4,5
489679,489685,489689,4,6
489679,489685,489689,4,6
489679,489687,489689,2,8
489679,489687,489689,2,8
489679,489687,489689,2,8
489679,489687,489689,2,8
489679,489686,489689,3,7
489679,489687,489689,2,8
489679,489687,489689,2,8
489679,489688,489690,2,9
489679,489685,489691,6,6
489679,489686,489691,5,7
489679,489684,489691,7,5
489679,489687,489692,5,8
489679,489688,489692,4,9
489679,489685,489692,7,6
489679,489685,489692,7,6
489679,489685,489692,7,6
489702,489702,489705,3,0
489702,489702,489704,2,0
489702,489702,489705,3,0
489702,489702,489704,2,0
489702,489702,489704,2,0
489702,489702,489705,3,0
489702,489702,489704,2,0
489702,489702,489706,4,0
489702,489702,489705,3,0
489702,489702,489705,3,0
489702,489702,489706,4,0
489702,489702,489705,3,0
489702,489702,489705,3,0
489702,489702,489706,4,0
489702,489702,489706,4,0
489702,489702,489707,5,0
489702,489702,489706,4,0
489702,489702,489707,5,0
489702,489705,489707,2,3
489702,489702,489707,5,0
489702,489702,489707,5,0
489702,489702,489708,6,0
489702,489702,489708,6,0
489702,489705,489708,3,3
489702,489705,489707,2,3
489702,489705,489707,2,3
489702,489705,489707,2,3
489702,489705,489707,2,3
489702,489705,489708,3,3
489702,489706,489708,2,4
489702,489706,489709,3,4
489702,489706,489708,2,4
489702,489702,489709,7,0
489702,489702,489709,7,0
489702,489702,489709,7,0
489702,489706,489710,4,4
489702,489707,489709,2,5
489702,489708,489710,2,6
489702,489706,489710,4,4
489702,489707,489711,4,5
489702,489708,489711,3,6
489702,489706,489711,5,4
489702,489708,489711,3,6
489702,489708,489710,2,6
489702,489708,489711,3,6
489702,489708,489710,2,6
489702,489707,489711,4,5
489702,489707,489711,4,5
489702,489709,489712,3,7
489702,489709,489711,2,7
489702,489709,489712,3,7
489702,489708,489713,5,6
489702,489710,489713,3,8
489702,489710,489713,3,8
489702,489710,489713,3,8
489702,489708,489713,5,6
489702,489711,489714,3,9
489702,489711,489714,3,9
489702,489707,489714,7,5
489702,489711,489715,4,9
489702,489711,489715,4,9
489702,489711,489714,3,9
489702,489707,489715,8,5
489702,489711,489715,4,9
489702,489711,489717,6,9
489702,489708,489717,9,6
489702,489710,489716,6,8
489702,489710,489716,6,8
489702,489710,489721,11,8
488143,488154,489728,1574,11
489730,489730,489733,3,0
489730,489730,489732,2,0
489730,489730,489733,3,0
489730,489730,489733,3,0
489730,489730,489733,3,0
489730,489730,489733,3,0
489702,489728,489733,5,26
489730,489730,489734,4,0
489730,489730,489734,4,0
489730,489730,489734,4,0
489730,489730,489734,4,0
489730,489730,489734,4,0
489730,489730,489734,4,0
489730,489730,489735,5,0
489730,489730,489735,5,0
489730,489730,489735,5,0
489730,489730,489735,5,0
489730,489730,489735,5,0
489730,489733,489735,2,3
489730,489730,489736,6,0
489730,489730,489735,5,0
489730,489730,489735,5,0
489730,489733,489736,3,3
489730,489733,489735,2,3
489730,489733,489735,2,3
489730,489733,489736,3,3
489730,489733,489736,3,3
489730,489730,489735,5,0
489730,489730,489736,6,0
489730,489730,489735,5,0
489730,489734,489737,3,4
489730,489734,489737,3,4
489730,489734,489738,4,4
489730,489735,489738,3,5
489730,489735,489737,2,5
489730,489736,489739,3,6
489730,489736,489738,2,6
489730,489736,489739,3,6
489730,489736,489739,3,6
489730,489733,489739,6,3
489730,489736,489739,3,6
489730,489737,489740,3,7
489730,489736,489740,4,6
489730,489735,489739,4,5
489730,489735,489740,5,5
489730,489737,489740,3,7
489730,489737,489740,3,7
489730,489735,489740,5,5
489730,489735,489741,6,5
489730,489735,489740,5,5
489730,489736,489741,5,6
489730,489738,489741,3,8
489730,489739,489741,2,9
489730,489738,489741,3,8
489730,489739,489742,3,9
489730,489739,489742,3,9
489730,489740,489742,2,10
489730,489740,489742,2,10
489730,489740,489742,2,10
489730,489736,489742,6,6
489730,489730,489744,14,0
489730,489741,489744,3,11
489730,489740,489745,5,10
489730,489735,489745,10,5
489730,489740,489745,5,10
489730,489740,489746,6,10
489730,489740,489746,6,10
489730,489740,489750,10,10
489730,489735,489756,21,5
489730,489737,489756,19,7
489730,489737,489756,19,7
488748,488761,489773,1012,13
489777,489777,489780,3,0
489777,489777,489780,3,0
489777,489777,489780,3,0
489777,489777,489780,3,0
489777,489777,489780,3,0
489777,489777,489781,4,0
489777,489777,489781,4,0
489777,489777,489781,4,0
489777,489777,489781,4,0
489777,489778,489781,3,1
489777,489777,489781,4,0
489777,489777,489781,4,0
489777,489777,489781,4,0
489777,489777,489782,5,0
489777,489777,489782,5,0
489777,489777,489782,5,0
489777,489777,489782,5,0
489777,489777,489782,5,0
489777,489777,489782,5,0
489777,489781,489783,2,4
489777,489781,489782,1,4
489777,489779,489783,4,2
489777,489777,489783,6,0
489777,489777,489783,6,0
489777,489781,489783,2,4
489777,489781,489783,2,4
489777,489781,489783,2,4
489777,489777,489784,7,0
489777,489782,489784,2,5
489777,489782,489784,2,5
489777,489782,489784,2,5
489777,489783,489785,2,6
489777,489782,489784,2,5
489777,489783,489784,1,6
489777,489779,489784,5,2
489777,489782,489785,3,5
489777,489782,489785,3,5
489777,489782,489785,3,5
489777,489783,489785,2,6
489777,489784,489786,2,7
489777,489784,489786,2,7
489777,489784,489786,2,7
489777,489783,489786,3,6
489777,489777,489786,9,0
489777,489783,489787,4,6
489777,489783,489787,4,6
489777,489783,489787,4,6
489777,489782,489787,5,5
489777,489783,489787,4,6
489777,489785,489787,2,8
489777,489785,489787,2,8
489777,489785,489787,2,8
489777,489785,489788,3,8
489777,489785,489787,2,8
489777,489785,489788,3,8
489777,489784,489788,4,7
489777,489784,489788,4,7
489777,489783,489788,5,6
489777,489785,489788,3,8
489777,489786,489789,3,9
489777,489786,489788,2,9
489777,489786,489788,2,9
489777,489787,489789,2,10
489777,489787,489790,3,10
489777,489786,489790,4,9
489777,489786,489791,5,9
489777,489786,489791,5,9
489777,489785,489791,6,8
489777,489788,489793,5,11
489777,489788,489795,7,11
488899,488911,489897,986,12
489898,489899,489900,1,1
489898,489899,489901,2,1
489898,489899,489901,2,1
489898,489899,489901,2,1
489898,489899,489901,2,1
489898,489899,489901,2,1
489898,489899,489901,2,1
489898,489899,489902,3,1
489898,489899,489902,3,1
489898,489899,489902,3,1
489898,489899,489902,3,1
489898,489899,489903,4,1
489898,489899,489902,3,1
489898,489899,489902,3,1
489898,489899,489902,3,1
489898,489899,489902,3,1
489898,489899,489902,3,1
489898,489901,489902,1,3
489898,489899,489903,4,1
489898,489899,489903,4,1
489898,489899,489903,4,1
489898,489902,489903,1,4
489898,489902,489904,2,4
489898,489899,489903,4,1
489898,489899,489902,3,1
489898,489899,489904,5,1
489898,489899,489904,5,1
489898,489902,489904,2,4
489898,489902,489904,2,4
489898,489902,489904,2,4
489898,489902,489904,2,4
489898,489903,489905,2,5
489898,489904,489906,2,6
489898,489903,489905,2,5
489898,489903,489905,2,5
489898,489903,489905,2,5
489898,489899,489906,7,1
489898,489903,489906,3,5
489898,489903,489906,3,5
489898,489903,489906,3,5
489898,489904,489906,2,6
489898,489904,489906,2,6
489898,489903,489906,3,5
489898,489903,489907,4,5
489898,489905,489907,2,7
489898,489905,489908,3,7
489898,489905,489907,2,7
489898,489905,489907,2,7
489898,489905,489907,2,7
489898,489904,489908,4,6
489898,489904,489908,4,6
489898,489904,489908,4,6
489898,489903,489908,5,5
489898,489906,489908,2,8
489898,489907,489909,2,9
489898,489906,489908,2,8
489898,489906,489908,2,8
489898,489906,489909,3,8
489898,489903,489909,6,5
489898,489907,489909,2,9
489898,489907,489909,2,9
489898,489905,489910,5,7
489898,489908,489910,2,10
489898,489908,489910,2,10
489898,489905,489911,6,7
489898,489907,489912,5,9
489898,489907,489912,5,9
489898,489907,489912,5,9
489898,489905,489914,9,7
489898,489907,489914,7,9
488987,489011,489982,971,24
489983,489983,489985,2,0
489983,489983,489985,2,0
489983,489983,489985,2,0
489983,489983,489985,2,0
489983,489983,489985,2,0
489983,489983,489985,2,0
489983,489983,489985,2,0
489983,489983,489986,3,0
489983,489983,489986,3,0
489983,489983,489986,3,0
489983,489983,489986,3,0
489983,489985,489987,2,2
489983,489985,489987,2,2
489983,489985,489987,2,2
489983,489983,489987,4,0
489983,489983,489987,4,0
489983,489983,489987,4,0
489983,489983,489987,4,0
489983,489983,489987,4,0
489983,489983,489987,4,0
489983,489983,489988,5,0
489983,489983,489988,5,0
489983,489986,489988,2,3
489983,489986,489988,2,3
489983,489983,489987,4,0
489983,489983,489988,5,0
489983,489983,489988,5,0
489983,489986,489988,2,3
489983,489986,489988,2,3
489983,489987,489989,2,4
489983,489987,489989,2,4
489983,489987,489989,2,4
489983,489987,489989,2,4
489983,489983,489990,7,0
489983,489983,489989,6,0
489983,489987,489991,4,4
489983,489988,489991,3,5
489983,489988,489991,3,5
489983,489988,489991,3,5
489983,489988,489990,2,5
489983,489988,489990,2,5
489983,489983,489991,8,0
489983,489988,489991,3,5
489983,489987,489991,4,4
489983,489989,489992,3,6
489983,489987,489992,5,4
489983,489989,489992,3,6
489983,489989,489991,2,6
489983,489989,489991,2,6
489983,489989,489991,2,6
489983,489989,489991,2,6
489983,489990,489992,2,7
489983,489988,489992,4,5
489983,489988,489993,5,5
489983,489988,489993,5,5
489983,489988,489993,5,5
489983,489989,489993,4,6
489983,489989,489993,4,6
489983,489991,489993,2,8
489983,489991,489994,3,8
489983,489991,489994,3,8
489983,489991,489993,2,8
489983,489991,489993,2,8
489983,489991,489995,4,8
489983,489992,489995,3,9
489983,489992,489997,5,9
489983,489990,489996,6,7
489983,489992,489998,6,9
489983,489988,489999,11,5
489983,489992,490002,10,9
489254,489263,490193,930,9
490194,490194,490196,2,0
490194,490194,490196,2,0
490194,490194,490196,2,0
490194,490194,490196,2,0
490194,490194,490196,2,0
490194,490194,490197,3,0
490194,490194,490197,3,0
490194,490194,490196,2,0
490194,490194,490198,4,0
490194,490194,490197,3,0
490194,490194,490197,3,0
490194,490194,490197,3,0
490194,490194,490197,3,0
490194,490196,490198,2,2
490194,490196,490198,2,2
490194,490194,490198,4,0
490194,490196,490198,2,2
490194,490194,490198,4,0
490194,490194,490198,4,0
490194,490194,490198,4,0
490194,490194,490199,5,0
490194,490194,490199,5,0
490194,490194,490198,4,0
490194,490194,490198,4,0
490194,490194,490198,4,0
490194,490197,490199,2,3
490194,490196,490198,2,2
490194,490194,490199,5,0
490194,490194,490200,6,0
490194,490194,490199,5,0
490194,490197,490200,3,3
490194,490198,490200,2,4
490194,490197,490199,2,3
490194,490197,490200,3,3
490194,490194,490200,6,0
490194,490198,490200,2,4
490194,490198,490200,2,4
490194,490198,490200,2,4
490194,490199,490202,3,5
490194,490199,490202,3,5
490194,490199,490201,2,5
490194,490199,490201,2,5
490194,490199,490201,2,5
490194,490199,490202,3,5
490194,490198,490202,4,4
490194,490198,490202,4,4
490194,490198,490203,5,4
490194,490200,490203,3,6
490194,490201,490203,2,7
490194,490200,490203,3,6
490194,490201,490203,2,7
490194,490200,490203,3,6
490194,490200,490203,3,6
490194,490198,490203,5,4
490194,490198,490203,5,4
490194,490199,490204,5,5
490194,490201,490203,2,7
490194,490202,490204,2,8
490194,490199,490205,6,5
490194,490200,490204,4,6
490194,490199,490205,6,5
490194,490202,490205,3,8
490194,490202,490205,3,8
490194,490202,490204,2,8
490194,490202,490205,3,8
490194,490200,490204,4,6
490194,490199,490205,6,5
490194,490200,490206,6,6
490194,490201,490207,6,7
490194,490202,490210,8,8
488823,488836,490318,1482,13
490318,490319,490320,1,1
490318,490319,490320,1,1
490318,490319,490320,1,1
490318,490319,490321,2,1
490318,490319,490321,2,1
490318,490319,490321,2,1
490318,490319,490322,3,1
490318,490319,490322,3,1
490318,490319,490322,3,1
490318,490319,490322,3,1
490318,490319,490323,4,1
490318,490319,490322,3,1
490318,490319,490322,3,1
490318,490319,490323,4,1
490318,490321,490322,1,3
490318,490321,490322,1,3
490318,490319,490322,3,1
490318,490319,490322,3,1
490318,490321,490322,1,3
490318,490319,490323,4,1
490318,490319,490323,4,1
490318,490319,490323,4,1
490318,490322,490324,2,4
490318,490322,490324,2,4
490318,490319,490323,4,1
490318,490319,490323,4,1
490318,490319,490324,5,1
490318,490319,490324,5,1
490318,490322,490324,2,4
490318,490323,490325,2,5
490318,490323,490325,2,5
490318,490323,490324,1,5
490318,490322,490324,2,4
490318,490319,490325,6,1
490318,490323,490325,2,5
490318,490323,490325,2,5
490318,490323,490325,2,5
490318,490323,490325,2,5
490318,490323,490327,4,5
490318,490323,490326,3,5
490318,490324,490326,2,6
490318,490324,490326,2,6
490318,490324,490327,3,6
490318,490319,490327,8,1
490318,490325,490327,2,7
490318,490323,490327,4,5
490318,490325,490328,3,7
490318,490325,490328,3,7
490318,490325,490327,2,7
490318,490325,490327,2,7
490318,490325,490327,2,7
490318,490325,490328,3,7
490318,490323,490328,5,5
490318,490324,490328,4,6
490318,490324,490328,4,6
490318,490326,490328,2,8
490318,490326,490328,2,8
490318,490326,490328,2,8
490318,490323,490328,5,5
490318,490324,490329,5,6
490318,490324,490328,4,6
490318,490326,490328,2,8
490318,490326,490329,3,8
490318,490327,490329,2,9
490318,490327,490329,2,9
490318,490319,490331,12,1
490318,490327,490331,4,9
490318,490319,490332,13,1
490318,490328,490332,4,10
490318,490327,490332,5,9
489339,489349,490342,993,10
490355,490355,490357,2,0
490355,490355,490357,2,0
490355,490355,490357,2,0
490355,490355,490357,2,0
490355,490355,490358,3,0
490355,490355,490357,2,0
490355,490355,490358,3,0
490355,490355,490357,2,0
490355,490355,490358,3,0
490355,490355,490358,3,0
490355,490355,490358,3,0
490355,490355,490358,3,0
490355,490355,490359,4,0
490355,490355,490359,4,0
490355,490355,490359,4,0
490355,490355,490359,4,0
490355,490357,490359,2,2
490355,490355,490359,4,0
490355,490355,490358,3,0
490355,490357,490359,2,2
490355,490355,490360,5,0
490355,490355,490359,4,0
490355,490355,490359,4,0
490355,490355,490359,4,0
490355,490355,490359,4,0
490355,490357,490359,2,2
490355,490355,490359,4,0
490355,490355,490360,5,0
490355,490358,490361,3,3
490355,490358,490361,3,3
490355,490358,490360,2,3
490355,490358,490360,2,3
490355,490358,490360,2,3
490355,490355,490362,7,0
490355,490355,490362,7,0
490355,490359,490362,3,4
490355,490359,490362,3,4
490355,490359,490361,2,4
490355,490359,490361,2,4
490355,490359,490362,3,4
490355,490359,490362,3,4
490355,490359,490362,3,4
490355,490360,490363,3,5
490355,490360,490363,3,5
490355,490361,490363,2,6
490355,490359,490364,5,4
490355,490359,490364,5,4
490355,490359,490364,5,4
490355,490361,490364,3,6
490355,490362,490364,2,7
490355,490360,490363,3,5
490355,490361,490364,3,6
490355,490361,490364,3,6
490355,490359,490364,5,4
490355,490360,490365,5,5
490355,490360,490365,5,5
490355,490362,490365,3,7
490355,490361,490364,3,6
490355,490362,490365,3,7
490355,490362,490364,2,7
490355,490362,490365,3,7
490355,490362,490365,3,7
490355,490362,490365,3,7
490355,490359,490366,7,4
490355,490360,490366,6,5
490355,490360,490365,5,5
490355,490361,490367,6,6
490355,490355,490362,7,0
490355,490362,490370,8,7
490355,490362,490373,11,7
488952,488965,490451,1486,13
490452,490452,490454,2,0
490452,490452,490454,2,0
490452,490452,490455,3,0
490452,490452,490455,3,0
490452,490452,490455,3,0
490452,490452,490454,2,0
490452,490452,490455,3,0
490452,490452,490454,2,0
490452,490452,490455,3,0
490452,490452,490456,4,0
490452,490452,490456,4,0
490452,490452,490456,4,0
490452,490452,490456,4,0
490452,490452,490456,4,0
490452,490452,490457,5,0
490452,490452,490456,4,0
490452,490452,490456,4,0
490452,490452,490456,4,0
490452,490455,490456,1,3
490452,490452,490456,4,0
490452,490452,490457,5,0
490452,490452,490457,5,0
490452,490452,490457,5,0
490452,490452,490457,5,0
490452,490454,490457,3,2
490452,490455,490458,3,3
490452,490456,490457,1,4
490452,490456,490458,2,4
490452,490456,490458,2,4
490452,490456,490458,2,4
490452,490452,490458,6,0
490452,490456,490458,2,4
490452,490456,490458,2,4
490452,490457,490459,2,5
490452,490457,490459,2,5
490452,490457,490459,2,5
490452,490457,490459,2,5
490452,490457,490459,2,5
490452,490457,490459,2,5
490452,490457,490459,2,5
490452,490456,490460,4,4
490452,490458,490460,2,6
490452,490458,490460,2,6
490452,490458,490460,2,6
490452,490458,490460,2,6
490452,490458,490460,2,6
490452,490452,490461,9,0
490452,490452,490461,9,0
490452,490453,490461,8,1
490452,490458,490461,3,6
490452,490459,490462,3,7
490452,490459,490461,2,7
490452,490459,490461,2,7
490452,490456,490462,6,4
490452,490458,490462,4,6
490452,490456,490462,6,4
490452,490457,490462,5,5
490452,490458,490462,4,6
490452,490458,490463,5,6
490452,490460,490462,2,8
490452,490460,490462,2,8
490452,490460,490463,3,8
490452,490460,490462,2,8
490452,490460,490462,2,8
490452,490460,490462,2,8
490452,490452,490458,6,0
490452,490457,490462,5,5
490452,490459,490464,5,7
490452,490460,490465,5,8
490452,490452,490467,15,0
488985,488996,490488,1492,11
490490,490490,490492,2,0
490490,490490,490492,2,0
490490,490490,490493,3,0
490490,490490,490493,3,0
490490,490490,490492,2,0
490490,490490,490492,2,0
490490,490490,490493,3,0
490490,490490,490493,3,0
490490,490490,490492,2,0
490490,490490,490494,4,0
490490,490490,490494,4,0
490490,490490,490493,3,0
490490,490490,490493,3,0
490490,490490,490494,4,0
490490,490492,490494,2,2
490490,490490,490495,5,0
490490,490490,490495,5,0
490490,490490,490495,5,0
490490,490490,490494,4,0
490490,490490,490495,5,0
490490,490493,490495,2,3
490490,490493,490495,2,3
490490,490490,490495,5,0
490490,490490,490495,5,0
490490,490493,490495,2,3
490490,490493,490496,3,3
490490,490493,490496,3,3
490490,490493,490496,3,3
490490,490493,490496,3,3
490490,490493,490496,3,3
490490,490494,490496,2,4
490490,490490,490496,6,0
490490,490495,490497,2,5
490490,490494,490497,3,4
490490,490494,490497,3,4
490490,490490,490498,8,0
490490,490490,490498,8,0
490490,490490,490498,8,0
490490,490490,490498,8,0
490490,490490,490497,7,0
490490,490494,490497,3,4
490490,490495,490497,2,5
490490,490495,490498,3,5
490490,490495,490498,3,5
490490,490495,490498,3,5
490490,490490,490499,9,0
490490,490490,490499,9,0
490490,490494,490499,5,4
490490,490496,490499,3,6
490490,490496,490499,3,6
490490,490497,490499,2,7
490490,490497,490499,2,7
490490,490497,490499,2,7
490490,490497,490499,2,7
490490,490498,490500,2,8
490490,490495,490499,4,5
490490,490490,490500,10,0
490490,490494,490500,6,4
490490,490495,490500,5,5
490490,490496,490499,3,6
490490,490498,490500,2,8
490490,490495,490501,6,5
490490,490498,490501,3,8
490490,490495,490502,7,5
490490,490497,490502,5,7
490490,490498,490503,5,8
490490,490498,490505,7,8
490490,490498,490505,7,8
490490,490498,490506,8,8
490490,490498,490506,8,8
489049,489059,490558,1499,10
490560,490560,490562,2,0
490560,490560,490561,1,0
490560,490560,490562,2,0
490560,490560,490562,2,0
490560,490560,490562,2,0
490560,490560,490562,2,0
490560,490560,490562,2,0
490560,490560,490562,2,0
490560,490560,490562,2,0
490560,490560,490562,2,0
490560,490560,490563,3,0
490560,490560,490564,4,0
490560,490560,490563,3,0
490560,490560,490563,3,0
490560,490562,490564,2,2
490560,490562,490564,2,2
490560,490560,490564,4,0
490560,490560,490564,4,0
490560,490560,490564,4,0
490560,490560,490564,4,0
490560,490560,490564,4,0
490560,490563,490565,2,3
490560,490560,490564,4,0
490560,490562,490564,2,2
490560,490563,490565,2,3
490560,490560,490566,6,0
490560,490560,490565,5,0
490560,490560,490566,6,0
490560,490560,490565,5,0
490560,490563,490565,2,3
490560,490563,490565,2,3
490560,490560,490565,5,0
490560,490563,490566,3,3
490560,490563,490565,2,3
490560,490563,490565,2,3
490560,490564,490566,2,4
490560,490564,490566,2,4
490560,490564,490567,3,4
490560,490564,490566,2,4
490560,490564,490566,2,4
490560,490564,490566,2,4
490560,490560,490567,7,0
490560,490560,490567,7,0
490560,490565,490568,3,5
490560,490565,490567,2,5
490560,490565,490567,2,5
490560,490565,490568,3,5
490560,490566,490568,2,6
490560,490566,490569,3,6
490560,490566,490568,2,6
490560,490566,490569,3,6
490560,490566,490569,3,6
490560,490566,490568,2,6
490560,490560,490567,7,0
490560,490560,490569,9,0
490560,490565,490569,4,5
490560,490565,490569,4,5
490560,490565,490569,4,5
490560,490567,490570,3,7
490560,490567,490569,2,7
490560,490567,490569,2,7
490560,490560,490571,11,0
490560,490566,490571,5,6
490560,490565,490571,6,5
490560,490566,490570,4,6
490560,490564,490572,8,4
490560,490566,490572,6,6
490560,490566,490572,6,6
490560,490566,490573,7,6
490560,490560,490576,16,0
489071,489082,490577,1495,11
489628,489637,490599,962,9
490598,490598,490600,2,0
490598,490598,490600,2,0
490598,490598,490600,2,0
490598,490598,490600,2,0
490598,490598,490600,2,0
490598,490598,490600,2,0
490598,490598,490601,3,0
490598,490598,490600,2,0
490598,490598,490601,3,0
490598,490598,490601,3,0
490598,490598,490602,4,0
490598,490598,490601,3,0
490598,490598,490601,3,0
490598,490600,490602,2,2
490598,490600,490602,2,2
490598,490598,490602,4,0
490598,490600,490602,2,2
490598,490598,490602,4,0
490598,490598,490603,5,0
490598,490598,490602,4,0
490598,490601,490603,2,3
490598,490600,490603,3,2
490598,490598,490603,5,0
490598,490598,490602,4,0
490598,490601,490603,2,3
490598,490598,490602,4,0
490598,490598,490603,5,0
490598,490598,490603,5,0
490598,490598,490604,6,0
490598,490598,490604,6,0
490598,490601,490603,2,3
490598,490601,490604,3,3
490598,490601,490603,2,3
490598,490602,490605,3,4
490598,490602,490605,3,4
490598,490602,490605,3,4
490598,490602,490604,2,4
490598,490602,490605,3,4
490598,490602,490604,2,4
490598,490602,490604,2,4
490598,490598,490606,8,0
490598,490598,490606,8,0
490598,490598,490605,7,0
490598,490603,490606,3,5
490598,490603,490606,3,5
490598,490603,490606,3,5
490598,490603,490605,2,5
490598,490603,490606,3,5
490598,490603,490606,3,5
490598,490604,490607,3,6
490598,490604,490607,3,6
490598,490604,490607,3,6
490598,490605,490607,2,7
490598,490603,490608,5,5
490598,490603,490608,5,5
490598,490605,490608,3,7
490598,490605,490608,3,7
490598,490603,490608,5,5
490598,490605,490608,3,7
490600,490606,490608,2,6
490600,490606,490609,3,6
490600,490606,490608,2,6
490600,490606,490609,3,6
490598,490603,490609,6,5
490598,490603,490609,6,5
490600,490605,490609,4,5
490600,490605,490609,4,5
490600,490606,490609,3,6
490600,490605,490609,4,5
490600,490606,490608,2,6
490598,490604,490610,6,6
490600,490607,490609,2,7
490600,490607,490610,3,7
490600,490607,490610,3,7
490600,490608,490610,2,8
490600,490608,490610,2,8
490600,490607,490610,3,7
490600,490609,490610,1,9
490598,490602,490610,8,4
490598,490598,490610,12,0
490598,490598,490610,12,0
490598,490604,490610,6,6
490600,490608,490610,2,8
490600,490610,490611,1,10
490600,490610,490611,1,10
490600,490610,490612,2,10
490600,490606,490612,6,6
490600,490608,490612,4,8
490600,490610,490612,2,10
490600,490609,490612,3,9
490600,490610,490612,2,10
490600,490610,490612,2,10
490600,490610,490612,2,10
490600,490608,490612,4,8
490600,490608,490613,5,8
490600,490610,490613,3,10
490600,490610,490613,3,10
490600,490611,490613,2,11
490600,490611,490613,2,11
490600,490611,490613,2,11
490600,490611,490613,2,11
490600,490611,490613,2,11
490598,490602,490613,11,4
490600,490611,490614,3,11
490600,490610,490614,4,10
490600,490610,490614,4,10
490600,490612,490614,2,12
490600,490612,490614,2,12
490600,490612,490614,2,12
490600,490613,490615,2,13
490600,490606,490615,9,6
490600,490610,490615,5,10
490600,490613,490615,2,13
490600,490613,490615,2,13
490600,490613,490615,2,13
490600,490611,490615,4,11
490600,490613,490616,3,13
490600,490613,490616,3,13
490600,490614,490616,2,14
490600,490614,490616,2,14
490600,490613,490616,3,13
490600,490614,490616,2,14
490600,490614,490616,2,14
490600,490614,490616,2,14
490598,490598,490617,19,0
490600,490606,490616,10,6
490600,490613,490617,4,13
490600,490611,490617,6,11
490600,490615,490617,2,15
490600,490613,490618,5,13
490600,490615,490618,3,15
490600,490613,490619,6,13
490600,490615,490619,4,15
490600,490615,490619,4,15
490600,490611,490621,10,11
490600,490612,490621,9,12
489680,489688,490625,937,8
490598,490598,490622,24,0
490600,490614,490626,12,14
490626,490626,490628,2,0
490626,490626,490628,2,0
490626,490626,490629,3,0
490626,490626,490628,2,0
490626,490626,490629,3,0
490626,490626,490628,2,0
490626,490626,490629,3,0
490626,490626,490629,3,0
490626,490626,490628,2,0
490626,490626,490629,3,0
490626,490626,490629,3,0
490626,490626,490630,4,0
490626,490626,490630,4,0
490626,490626,490629,3,0
490626,490626,490629,3,0
490626,490626,490630,4,0
490626,490626,490630,4,0
490626,490626,490630,4,0
490626,490626,490629,3,0
490626,490626,490631,5,0
490626,490626,490631,5,0
490626,490626,490631,5,0
490626,490626,490631,5,0
490626,490626,490631,5,0
490626,490626,490630,4,0
490626,490628,490630,2,2
490626,490628,490630,2,2
490626,490626,490632,6,0
490626,490626,490632,6,0
490626,490629,490632,3,3
490626,490629,490632,3,3
490626,490629,490632,3,3
490626,490629,490632,3,3
490626,490629,490632,3,3
490626,490629,490632,3,3
490626,490629,490632,3,3
490626,490629,490632,3,3
490626,490630,490633,3,4
490626,490630,490633,3,4
490626,490631,490633,2,5
490626,490630,490633,3,4
490626,490630,490632,2,4
490626,490630,490633,3,4
490626,490630,490633,3,4
490626,490630,490634,4,4
490626,490631,490634,3,5
490626,490632,490634,2,6
490626,490632,490634,2,6
490598,490598,490635,37,0
490626,490626,490635,9,0
490626,490626,490634,8,0
490626,490630,490634,4,4
490626,490632,490634,2,6
490626,490632,490635,3,6
490626,490632,490635,3,6
490626,490632,490634,2,6
490626,490632,490635,3,6
490626,490627,490636,9,1
490626,490631,490636,5,5
490626,490633,490636,3,7
490626,490633,490636,3,7
490626,490631,490637,6,5
490626,490631,490636,5,5
490626,490631,490636,5,5
490626,490631,490637,6,5
490626,490631,490638,7,5
490626,490632,490639,7,6
490626,490630,490641,11,4
490626,490632,490641,9,6
490600,490611,490638,27,11
490626,490626,490640,14,0
490626,490626,490644,18,0
489703,489711,490672,961,8
490675,490675,490677,2,0
490675,490675,490677,2,0
490675,490675,490677,2,0
490675,490675,490677,2,0
490675,490675,490677,2,0
490675,490675,490677,2,0
490675,490675,490677,2,0
490675,490675,490678,3,0
490675,490675,490677,2,0
490675,490675,490677,2,0
490675,490675,490677,2,0
490675,490675,490677,2,0
490675,490675,490677,2,0
490675,490675,490677,2,0
490675,490675,490678,3,0
490675,490675,490679,4,0
490675,490675,490679,4,0
490675,490675,490679,4,0
490675,490675,490678,3,0
490675,490675,490680,5,0
490675,490675,490680,5,0
490675,490675,490679,4,0
490675,490677,490679,2,2
490675,490677,490679,2,2
490675,490678,490680,2,3
490675,490677,490679,2,2
490675,490678,490680,2,3
490675,490678,490681,3,3
490675,490678,490681,3,3
490675,490678,490681,3,3
490675,490678,490681,3,3
490675,490678,490680,2,3
490675,490678,490681,3,3
490675,490678,490681,3,3
490675,490678,490680,2,3
490675,490678,490680,2,3
490675,490675,490681,6,0
490675,490675,490682,7,0
490675,490675,490681,6,0
490675,490679,490682,3,4
490675,490679,490681,2,4
490675,490679,490681,2,4
490675,490680,490682,2,5
490675,490680,490682,2,5
490675,490680,490682,2,5
490675,490679,490682,3,4
490675,490680,490682,2,5
490675,490681,490683,2,6
490675,490681,490683,2,6
490675,490681,490683,2,6
490675,490680,490683,3,5
490675,490675,490683,8,0
490675,490675,490683,8,0
490675,490675,490684,9,0
489189,489199,490684,1485,10
490675,490681,490683,2,6
490675,490681,490684,3,6
490675,490681,490684,3,6
490675,490681,490684,3,6
490675,490681,490684,3,6
490675,490675,490684,9,0
490675,490679,490685,6,4
490675,490680,490685,5,5
490675,490680,490688,8,5
490675,490680,490687,7,5
490675,490675,490689,14,0
490675,490675,490691,16,0
490675,490675,490690,15,0
490675,490675,490690,15,0
489731,489741,490691,950,10
490675,490675,490697,22,0
490675,490675,490697,22,0
490697,490698,490699,1,1
490697,490698,490699,1,1
490697,490698,490699,1,1
490697,490698,490700,2,1
490697,490698,490700,2,1
490697,490698,490700,2,1
490697,490698,490700,2,1
490697,490698,490700,2,1
490697,490698,490700,2,1
490697,490698,490700,2,1
490697,490698,490700,2,1
490697,490698,490700,2,1
490697,490698,490700,2,1
490697,490698,490701,3,1
490697,490698,490701,3,1
490697,490698,490702,4,1
490697,490698,490701,3,1
490697,490700,490701,1,3
490697,490700,490702,2,3
490697,490698,490701,3,1
490697,490698,490702,4,1
490697,490698,490702,4,1
490697,490698,490702,4,1
490697,490698,490702,4,1
490697,490698,490702,4,1
490697,490701,490703,2,4
490697,490700,490702,2,3
490697,490698,490702,4,1
490697,490701,490703,2,4
490697,490701,490703,2,4
490697,490701,490703,2,4
490697,490701,490703,2,4
490697,490701,490703,2,4
490697,490701,490703,2,4
490697,490701,490703,2,4
490697,490701,490703,2,4
490697,490701,490703,2,4
490697,490698,490704,6,1
490697,490702,490704,2,5
490697,490702,490704,2,5
490697,490702,490704,2,5
490697,490703,490705,2,6
490697,490702,490704,2,5
490697,490702,490704,2,5
490697,490698,490704,6,1
490697,490698,490705,7,1
490697,490698,490706,8,1
490697,490703,490705,2,6
490697,490703,490705,2,6
490697,490704,490706,2,7
490697,490703,490705,2,6
490697,490703,490705,2,6
490697,490698,490706,8,1
490697,490698,490706,8,1
490697,490698,490706,8,1
490697,490702,490706,4,5
490697,490702,490707,5,5
490697,490704,490706,2,7
490697,490704,490706,2,7
490697,490704,490706,2,7
490697,490704,490706,2,7
490698,490705,490706,1,7
490698,490705,490707,2,7
490697,490698,490707,9,1
490697,490698,490707,9,1
490697,490698,490707,9,1
490697,490702,490707,5,5
490698,490704,490707,3,6
490698,490704,490708,4,6
490698,490705,490707,2,7
490698,490705,490707,2,7
490698,490706,490708,2,8
490698,490706,490708,2,8
490698,490706,490708,2,8
490698,490705,490707,2,7
490697,490703,490708,5,6
490698,490706,490708,2,8
490698,490705,490708,3,7
490698,490707,490709,2,9
490698,490707,490709,2,9
490697,490698,490709,11,1
490698,490705,490709,4,7
490698,490704,490709,5,6
490698,490704,490708,4,6
490698,490706,490708,2,8
490697,490698,490708,10,1
490698,490707,490709,2,9
490698,490707,490709,2,9
490698,490707,490709,2,9
490698,490707,490709,2,9
490697,490698,490710,12,1
490698,490707,490711,4,9
490697,490703,490710,7,6
490698,490708,490711,3,10
490698,490708,490710,2,10
490698,490708,490710,2,10
490698,490708,490710,2,10
490698,490708,490710,2,10
490698,490708,490710,2,10
490698,490708,490710,2,10
490698,490709,490711,2,11
490698,490708,490710,2,10
490698,490706,490709,3,8
490698,490707,490711,4,9
490698,490709,490711,2,11
490698,490709,490711,2,11
490698,490709,490712,3,11
490698,490709,490712,3,11
490698,490709,490711,2,11
490698,490709,490711,2,11
490698,490708,490712,4,10
490698,490705,490712,7,7
490698,490710,490712,2,12
490698,490710,490712,2,12
490698,490710,490713,3,12
490698,490710,490713,3,12
490698,490711,490713,2,13
490698,490711,490713,2,13
490698,490707,490714,7,9
489202,489214,490713,1499,12
490698,490711,490714,3,13
490698,490711,490713,2,13
490698,490711,490713,2,13
490698,490711,490713,2,13
490698,490711,490713,2,13
490698,490711,490713,2,13
490698,490711,490713,2,13
490698,490706,490709,3,8
490698,490709,490714,5,11
490698,490707,490714,7,9
490698,490709,490714,5,11
490698,490706,490715,9,8
490698,490711,490716,5,13
490698,490712,490716,4,14
490698,490711,490716,5,13
490698,490711,490718,7,13
490720,490720,490722,2,0
490720,490720,490722,2,0
490720,490720,490722,2,0
490720,490720,490722,2,0
490720,490720,490722,2,0
490720,490720,490722,2,0
490720,490720,490722,2,0
490720,490720,490722,2,0
490720,490720,490723,3,0
490720,490720,490722,2,0
490720,490720,490722,2,0
490720,490720,490722,2,0
490720,490720,490722,2,0
490720,490720,490723,3,0
490720,490720,490724,4,0
490720,490720,490724,4,0
490720,490720,490723,3,0
490720,490720,490724,4,0
490720,490720,490724,4,0
490720,490722,490724,2,2
490720,490720,490724,4,0
490720,490720,490724,4,0
490720,490722,490724,2,2
490720,490722,490724,2,2
490720,490720,490724,4,0
490720,490720,490725,5,0
490720,490723,490725,2,3
490720,490723,490725,2,3
490720,490723,490726,3,3
490720,490723,490726,3,3
490720,490720,490726,6,0
490720,490723,490725,2,3
490720,490723,490726,3,3
490720,490723,490725,2,3
490720,490723,490726,3,3
490720,490723,490726,3,3
490720,490723,490725,2,3
490698,490708,490725,17,10
490698,490708,490726,18,10
490720,490724,490727,3,4
490720,490724,490727,3,4
490720,490724,490727,3,4
490720,490724,490726,2,4
490720,490724,490727,3,4
490720,490724,490726,2,4
490720,490724,490726,2,4
490720,490724,490727,3,4
490720,490720,490727,7,0
490720,490720,490727,7,0
490720,490725,490728,3,5
490720,490725,490727,2,5
490720,490726,490728,2,6
490720,490720,490728,8,0
490720,490720,490729,9,0
490720,490720,490728,8,0
490720,490724,490728,4,4
490720,490724,490729,5,4
490720,490720,490728,8,0
490720,490726,490729,3,6
490720,490726,490729,3,6
490720,490726,490729,3,6
490720,490726,490729,3,6
490720,490726,490729,3,6
490720,490726,490728,2,6
490720,490726,490729,3,6
490720,490726,490729,3,6
490720,490720,490730,10,0
490720,490724,490730,6,4
490720,490725,490730,5,5
490720,490725,490730,5,5
490698,490709,490728,19,11
490698,490709,490732,23,11
490720,490720,490734,14,0
490720,490720,490734,14,0
490698,490708,490735,27,10
489900,489908,490850,942,8
490851,490851,490853,2,0
490851,490851,490853,2,0
490851,490851,490853,2,0
490851,490851,490853,2,0
490851,490851,490853,2,0
490851,490851,490853,2,0
490851,490851,490853,2,0
490851,490851,490853,2,0
490851,490851,490853,2,0
490851,490851,490853,2,0
490851,490851,490853,2,0
490851,490851,490853,2,0
490851,490851,490853,2,0
490851,490851,490855,4,0
490851,490851,490855,4,0
490851,490853,490855,2,2
490851,490851,490855,4,0
490851,490851,490855,4,0
490851,490851,490855,4,0
490851,490851,490854,3,0
490851,490851,490855,4,0
490851,490851,490856,5,0
490851,490851,490855,4,0
490851,490851,490856,5,0
490851,490851,490856,5,0
490851,490853,490855,2,2
490851,490851,490855,4,0
490851,490853,490855,2,2
490851,490854,490856,2,3
490851,490854,490856,2,3
490851,490854,490856,2,3
490851,490854,490856,2,3
490851,490854,490856,2,3
490851,490854,490856,2,3
490851,490854,490856,2,3
490851,490854,490856,2,3
490851,490854,490856,2,3
490851,490854,490856,2,3
490851,490855,490857,2,4
490851,490855,490857,2,4
490851,490855,490857,2,4
490851,490855,490858,3,4
490851,490855,490857,2,4
490851,490855,490857,2,4
490851,490856,490858,2,5
490851,490856,490859,3,5
490851,490856,490858,2,5
490851,490856,490859,3,5
490851,490856,490859,3,5
490851,490851,490859,8,0
490851,490856,490860,4,5
490851,490857,490860,3,6
490851,490851,490860,9,0
490851,490851,490860,9,0
490851,490851,490860,9,0
490851,490851,490860,9,0
490851,490851,490860,9,0
490851,490856,490860,4,5
490851,490855,490860,5,4
490851,490856,490860,4,5
490851,490856,490861,5,5
490851,490857,490860,3,6
490851,490851,490863,12,0
490851,490851,490863,12,0
490851,490851,490863,12,0
490851,490851,490864,13,0
490851,490851,490867,16,0
490851,490851,490867,16,0
490851,490851,490880,29,0
490851,490851,490883,32,0
489403,489413,490983,1570,10
490984,490984,490986,2,0
490984,490984,490986,2,0
490984,490984,490986,2,0
490984,490984,490986,2,0
490984,490984,490986,2,0
490984,490984,490986,2,0
490984,490984,490986,2,0
490984,490984,490986,2,0
490984,490984,490986,2,0
490984,490984,490986,2,0
490984,490984,490987,3,0
490984,490984,490986,2,0
490984,490984,490986,2,0
490984,490984,490986,2,0
490984,490984,490986,2,0
490984,490984,490987,3,0
490984,490984,490987,3,0
490984,490984,490988,4,0
490984,490984,490988,4,0
490984,490984,490988,4,0
490984,490984,490989,5,0
490984,490984,490988,4,0
490984,490984,490988,4,0
490984,490986,490988,2,2
490984,490986,490988,2,2
490984,490986,490988,2,2
490984,490986,490988,2,2
490984,490986,490988,2,2
490984,490986,490989,3,2
490984,490984,490988,4,0
490984,490986,490988,2,2
490984,490987,490989,2,3
490984,490987,490989,2,3
490984,490987,490989,2,3
490984,490987,490990,3,3
490984,490987,490989,2,3
490984,490987,490990,3,3
490984,490987,490990,3,3
490984,490987,490989,2,3
490984,490988,490990,2,4
490984,490988,490990,2,4
490984,490984,490992,8,0
490984,490984,490991,7,0
490984,490989,490991,2,5
490984,490989,490991,2,5
490984,490989,490992,3,5
490984,490989,490991,2,5
490984,490989,490992,3,5
490984,490989,490991,2,5
490984,490989,490991,2,5
490984,490989,490991,2,5
490984,490989,490991,2,5
490984,490984,490993,9,0
490984,490984,490992,8,0
490984,490989,490993,4,5
490984,490989,490994,5,5
490984,490989,490993,4,5
490984,490989,490995,6,5
490984,490984,490995,11,0
490984,490984,490996,12,0
490984,490984,490995,11,0
490984,490984,490995,11,0
490984,490984,490998,14,0
490984,490984,491000,16,0
490984,490984,491001,17,0
490984,490984,491001,17,0
490984,490984,490995,11,0
490984,490984,490996,12,0
490984,490984,491017,33,0
490984,490984,491029,45,0
489517,489526,491051,1525,9
491051,491052,491053,1,1
491051,491052,491054,2,1
491051,491052,491053,1,1
491051,491052,491054,2,1
491051,491052,491053,1,1
491051,491052,491054,2,1
491051,491052,491054,2,1
491051,491052,491054,2,1
491051,491052,491054,2,1
491051,491052,491054,2,1
491051,491052,491054,2,1
491051,491052,491054,2,1
491051,491052,491054,2,1
491051,491052,491054,2,1
491051,491052,491054,2,1
491051,491052,491055,3,1
491051,491052,491055,3,1
491051,491052,491055,3,1
491051,491052,491055,3,1
491051,491052,491055,3,1
491051,491054,491056,2,3
491051,491054,491056,2,3
491051,491054,491056,2,3
491051,491055,491057,2,4
491051,491054,491056,2,3
491051,491054,491056,2,3
491051,491055,491057,2,4
491051,491052,491056,4,1
491051,491055,491057,2,4
491051,491055,491057,2,4
491051,491055,491057,2,4
491051,491055,491057,2,4
491051,491055,491057,2,4
491051,491055,491057,2,4
491051,491056,491058,2,5
491051,491055,491057,2,4
491051,491055,491057,2,4
491051,491056,491058,2,5
491051,491052,491058,6,1
491051,491052,491058,6,1
491051,491056,491058,2,5
491051,491056,491058,2,5
491051,491056,491058,2,5
491051,491052,491059,7,1
491051,491052,491059,7,1
491051,491052,491059,7,1
491051,491052,491059,7,1
491051,491057,491059,2,6
491051,491057,491059,2,6
491051,491057,491059,2,6
491051,491057,491059,2,6
491051,491057,491059,2,6
491051,491057,491059,2,6
491051,491057,491060,3,6
491051,491052,491060,8,1
491051,491052,491060,8,1
491051,491052,491060,8,1
491051,491058,491060,2,7
491051,491052,491061,9,1
491051,491052,491062,10,1
491051,491052,491062,10,1
491051,491052,491064,12,1
491051,491056,491066,10,5
491051,491052,491068,16,1
491051,491052,491064,12,1
491051,491052,491070,18,1
491051,491052,491072,20,1
491051,491052,491080,28,1
491051,491052,491075,23,1
491051,491052,491087,35,1
489590,489599,491121,1522,9
491121,491122,491123,1,1
491121,491122,491124,2,1
491121,491122,491123,1,1
491121,491122,491123,1,1
491121,491122,491124,2,1
491121,491122,491124,2,1
491121,491122,491124,2,1
491121,491122,491124,2,1
491121,491122,491124,2,1
491121,491122,491125,3,1
491121,491122,491124,2,1
491121,491122,491124,2,1
491121,491122,491124,2,1
491121,491122,491124,2,1
491121,491122,491126,4,1
491121,491122,491126,4,1
491121,491122,491125,3,1
491121,491122,491125,3,1
491121,491122,491125,3,1
491121,491122,491126,4,1
491121,491124,491126,2,3
491121,491124,491126,2,3
491121,491124,491126,2,3
491121,491124,491126,2,3
491121,491125,491127,2,4
491121,491125,491127,2,4
491121,491125,491127,2,4
491121,491125,491127,2,4
491121,491125,491127,2,4
491121,491125,491127,2,4
491121,491125,491127,2,4
491121,491125,491127,2,4
491121,491125,491127,2,4
491121,491125,491127,2,4
491121,491126,491128,2,5
491121,491126,491128,2,5
491121,491126,491128,2,5
491121,491126,491128,2,5
491121,491126,491128,2,5
491121,491122,491130,8,1
491121,491127,491129,2,6
491121,491127,491129,2,6
491121,491127,491129,2,6
491121,491127,491129,2,6
491121,491127,491129,2,6
491121,491122,491130,8,1
491121,491128,491131,3,7
491121,491128,491130,2,7
491121,491128,491131,3,7
491121,491128,491130,2,7
491121,491122,491131,9,1
491121,491122,491132,10,1
491121,491122,491132,10,1
491121,491122,491133,11,1
491121,491122,491133,11,1
491121,491122,491131,9,1
491121,491122,491133,11,1
491121,491122,491133,11,1
491121,491122,491136,14,1
491121,491122,491137,15,1
491121,491122,491131,9,1
491121,491122,491139,17,1
491121,491122,491142,20,1
491121,491122,491133,11,1
491121,491122,491143,21,1
491121,491122,491144,22,1
491121,491122,491157,35,1
491121,491122,491159,37,1
491121,491122,491162,40,1
491121,491122,491163,41,1
489654,489663,491167,1504,9
491185,491185,491187,2,0
491185,491185,491187,2,0
491185,491185,491187,2,0
491185,491185,491187,2,0
491185,491185,491187,2,0
491185,491185,491187,2,0
491185,491185,491187,2,0
491185,491185,491187,2,0
491185,491185,491187,2,0
491185,491185,491187,2,0
491185,491185,491188,3,0
491185,491185,491187,2,0
491185,491185,491188,3,0
491185,491185,491187,2,0
491185,491185,491187,2,0
491185,491185,491189,4,0
491185,491185,491189,4,0
491185,491185,491188,3,0
491185,491185,491189,4,0
491185,491185,491189,4,0
491185,491185,491188,3,0
491185,491185,491189,4,0
491185,491185,491189,4,0
491185,491187,491189,2,2
491185,491187,491189,2,2
491185,491187,491190,3,2
491185,491187,491190,3,2
491185,491188,491191,3,3
491185,491188,491191,3,3
491185,491188,491191,3,3
491185,491188,491190,2,3
491185,491188,491190,2,3
491185,491188,491191,3,3
491185,491188,491191,3,3
491185,491188,491190,2,3
491185,491188,491190,2,3
491185,491188,491190,2,3
491185,491189,491191,2,4
491185,491185,491190,5,0
491185,491185,491192,7,0
491185,491188,491192,4,3
491185,491189,491191,2,4
491185,491189,491191,2,4
491185,491189,491191,2,4
491185,491189,491191,2,4
491185,491185,491192,7,0
491185,491190,491192,2,5
491185,491190,491193,3,5
491185,491190,491192,2,5
491185,491190,491193,3,5
491185,491185,491192,7,0
491185,491185,491190,5,0
491185,491185,491196,11,0
491185,491185,491197,12,0
491185,491185,491197,12,0
491185,491189,491198,9,4
491185,491190,491200,10,5
491185,491185,491201,16,0
491185,491185,491202,17,0
491185,491185,491198,13,0
491185,491185,491202,17,0
491185,491185,491197,12,0
491185,491185,491198,13,0
491185,491185,491202,17,0
491185,491185,491203,18,0
491185,491189,491203,14,4
491185,491185,491209,24,0
491185,491185,491210,25,0
491185,491185,491210,25,0
491185,491185,491212,27,0
489778,489788,491276,1488,10
491277,491277,491279,2,0
491277,491277,491279,2,0
491277,491277,491279,2,0
491277,491277,491279,2,0
491277,491277,491279,2,0
491277,491277,491279,2,0
491277,491277,491279,2,0
491277,491277,491279,2,0
491277,491277,491279,2,0
491277,491277,491279,2,0
491277,491277,491279,2,0
491277,491277,491279,2,0
491277,491277,491279,2,0
491277,491277,491279,2,0
491277,491277,491280,3,0
491277,491277,491281,4,0
491277,491277,491280,3,0
491277,491277,491281,4,0
491277,491277,491281,4,0
491277,491277,491281,4,0
491277,491279,491281,2,2
491277,491280,491282,2,3
491277,491280,491282,2,3
491277,491280,491282,2,3
491277,491280,491282,2,3
491277,491280,491282,2,3
491277,491280,491282,2,3
491277,491280,491282,2,3
491277,491280,491282,2,3
491277,491280,491282,2,3
491277,491280,491282,2,3
491277,491280,491282,2,3
491277,491280,491282,2,3
491277,491281,491283,2,4
491277,491280,491282,2,3
491277,491281,491283,2,4
491277,491281,491284,3,4
491277,491281,491284,3,4
491277,491282,491284,2,5
491277,491282,491284,2,5
491277,491282,491284,2,5
491277,491282,491284,2,5
491277,491283,491285,2,6
491277,491283,491286,3,6
491277,491283,491285,2,6
491277,491283,491286,3,6
491277,491277,491287,10,0
491277,491277,491287,10,0
491277,491277,491288,11,0
491277,491277,491289,12,0
491277,491277,491288,11,0
491277,491277,491288,11,0
491277,491277,491288,11,0
491277,491277,491289,12,0
491277,491277,491288,11,0
491277,491277,491289,12,0
491277,491277,491289,12,0
491277,491277,491289,12,0
491277,491277,491289,12,0
491277,491277,491289,12,0
491277,491277,491289,12,0
491277,491277,491289,12,0
491277,491277,491294,17,0
491277,491277,491295,18,0
491277,491277,491296,19,0
491277,491277,491297,20,0
491277,491277,491297,20,0
491277,491277,491298,21,0
491277,491277,491296,19,0
491277,491277,491305,28,0
495234,495234,496172,938,0
496174,496174,496177,3,0
496174,496174,496177,3,0
496174,496174,496178,4,0
496174,496174,496177,3,0
496174,496177,496179,2,3
496174,496174,496178,4,0
496174,496178,496181,3,4
496174,496178,496180,2,4
496174,496179,496181,2,5
496174,496181,496183,2,7
496174,496178,496183,5,4
496174,496180,496183,3,6
496174,496182,496184,2,8
495228,495228,496184,956,0
496174,496183,496185,2,9
496174,496174,496185,11,0
496174,496174,496185,11,0
496174,496174,496186,12,0
496174,496174,496186,12,0
496174,496181,496186,5,7
496174,496184,496186,2,10
496174,496185,496187,2,11
496174,496185,496187,2,11
496174,496184,496189,5,10
496174,496184,496189,5,10
496174,496174,496188,14,0
496174,496174,496189,15,0
496174,496187,496189,2,13
496174,496188,496190,2,14
496174,496174,496191,17,0
496174,496187,496191,4,13
496174,496188,496190,2,14
496174,496174,496186,12,0
496174,496174,496186,12,0
496174,496174,496192,18,0
496174,496190,496192,2,16
496174,496191,496193,2,17
496174,496174,496193,19,0
496174,496174,496193,19,0
495249,495249,496194,945,0
496174,496191,496194,3,17
496174,496189,496194,5,15
496174,496189,496194,5,15
496174,496191,496194,3,17
496174,496193,496196,3,19
496174,496194,496197,3,20
496174,496174,496197,23,0
496174,496195,496197,2,21
496174,496195,496197,2,21
495248,495248,496197,949,0
496174,496174,496185,11,0
496174,496197,496199,2,23
496174,496195,496199,4,21
496174,496195,496199,4,21
495231,495231,496200,969,0
495239,495240,496200,960,1
496174,496195,496200,5,21
495227,495227,496201,974,0
496174,496174,496200,26,0
496174,496174,496201,27,0
495252,495252,496201,949,0
496185,496198,496201,3,13
496174,496185,496201,16,11
495225,495225,496201,976,0
496185,496198,496202,4,13
496185,496200,496203,3,15
496185,496201,496203,2,16
496185,496198,496202,4,13
496174,496174,496203,29,0
496185,496200,496203,3,15
496185,496200,496203,3,15
496185,496202,496204,2,17
496185,496202,496204,2,17
495229,495229,496203,974,0
496185,496200,496203,3,15
496185,496203,496205,2,18
496174,496174,496205,31,0
496174,496191,496205,14,17
496185,496200,496205,5,15
496174,496194,496204,10,20
496174,496194,496204,10,20
496185,496202,496205,3,17
496185,496203,496205,2,18
496185,496203,496205,2,18
496185,496204,496206,2,19
496185,496204,496206,2,19
496185,496203,496206,3,18
496174,496189,496205,16,15
496185,496200,496205,5,15
496185,496203,496205,2,18
496185,496203,496206,3,18
496185,496205,496207,2,20
496174,496174,496202,28,0
496174,496192,496202,10,18
496185,496204,496206,2,19
496185,496204,496207,3,19
496185,496206,496208,2,21
496185,496206,496208,2,21
496185,496205,496208,3,20
495224,495225,496207,982,1
496185,496205,496209,4,20
496185,496206,496208,2,21
496185,496206,496208,2,21
496185,496206,496209,3,21
496185,496206,496209,3,21
496185,496207,496209,2,22
496185,496206,496209,3,21
496185,496205,496210,5,20
496185,496205,496210,5,20
496185,496208,496210,2,23
496185,496208,496210,2,23
496185,496207,496210,3,22
496185,496208,496211,3,23
496185,496207,496211,4,22
496185,496209,496211,2,24
496185,496209,496212,3,24
496185,496209,496212,3,24
496185,496209,496212,3,24
496185,496206,496212,6,21
496185,496210,496212,2,25
496174,496187,496213,26,13
496185,496210,496212,2,25
495233,495233,496212,979,0
496185,496210,496213,3,25
496185,496197,496212,15,12
496185,496210,496212,2,25
496185,496210,496212,2,25
496185,496211,496213,2,26
496185,496201,496212,11,16
496185,496202,496213,11,17
496174,496174,496214,40,0
496185,496212,496215,3,27
496185,496212,496214,2,27
496174,496186,496215,29,12
496185,496211,496215,4,26
496185,496212,496215,3,27
496185,496210,496215,5,25
496185,496201,496206,5,16
496195,496213,496216,3,18
496195,496213,496215,2,18
496195,496213,496216,3,18
496195,496214,496216,2,19
496195,496215,496217,2,20
496195,496213,496217,4,18
496195,496213,496217,4,18
496195,496212,496217,5,17
496195,496216,496217,1,21
496195,496215,496218,3,20
495232,495232,496218,986,0
495240,495242,496217,975,2
495243,495243,496218,975,0
496195,496213,496217,4,18
496195,496215,496218,3,20
496195,496217,496218,1,22
496195,496217,496219,2,22
496185,496207,496219,12,22
496195,496217,496219,2,22
496195,496218,496219,1,23
496195,496217,496219,2,22
496195,496217,496219,2,22
496195,496217,496219,2,22
496195,496218,496220,2,23
496174,496192,496220,28,18
496185,496207,496220,13,22
496195,496218,496220,2,23
496195,496218,496220,2,23
496195,496217,496220,3,22
496195,496218,496220,2,23
496195,496213,496220,7,18
496195,496216,496220,4,21
496195,496219,496220,1,24
496174,496189,496220,31,15
496195,496218,496221,3,23
496195,496218,496221,3,23
496195,496219,496221,2,24
496195,496219,496221,2,24
496195,496213,496221,8,18
496195,496219,496222,3,24
495237,495237,496222,985,0
496195,496220,496222,2,25
496195,496221,496223,2,26
496195,496220,496222,2,25
496195,496220,496223,3,25
496195,496220,496223,3,25
496195,496220,496223,3,25
496195,496219,496223,4,24
496174,496186,496224,38,12
496195,496215,496224,9,20
496195,496220,496224,4,25
496195,496222,496224,2,27
496195,496222,496224,2,27
496195,496221,496224,3,26
496195,496222,496224,2,27
496195,496221,496224,3,26
496195,496222,496224,2,27
496195,496221,496225,4,26
496195,496214,496225,11,19
496195,496220,496225,5,25
496195,496222,496225,3,27
496195,496220,496225,5,25
496195,496223,496226,3,28
496195,496221,496225,4,26
496195,496223,496225,2,28
496195,496223,496225,2,28
496185,496210,496226,16,25
496195,496223,496226,3,28
496195,496223,496226,3,28
496195,496223,496226,3,28
496195,496223,496226,3,28
496195,496213,496227,14,18
496199,496226,496227,1,27
496199,496226,496227,1,27
496199,496225,496228,3,26
496199,496226,496228,2,27
496199,496226,496228,2,27
496199,496226,496228,2,27
496199,496224,496228,4,25
496199,496225,496228,3,26
496199,496225,496228,3,26
496199,496226,496229,3,27
496199,496225,496229,4,26
496199,496225,496228,3,26
496199,496226,496228,2,27
496185,496206,496229,23,21
496199,496226,496228,2,27
496199,496226,496228,2,27
496199,496226,496229,3,27
496199,496228,496229,1,29
496199,496228,496229,1,29
496174,496192,496224,32,18
496199,496228,496230,2,29
496199,496228,496230,2,29
496199,496228,496230,2,29
496199,496228,496231,3,29
496199,496229,496231,2,30
496199,496226,496230,4,27
496199,496229,496231,2,30
496185,496205,496231,26,20
496195,496216,496231,15,21
496199,496227,496231,4,28
496199,496230,496232,2,31
496199,496229,496231,2,30
496199,496229,496231,2,30
496199,496229,496232,3,30
496199,496229,496231,2,30
496199,496229,496231,2,30
496199,496230,496232,2,31
496199,496230,496232,2,31
496199,496230,496232,2,31
496199,496230,496232,2,31
496199,496230,496232,2,31
496199,496230,496232,2,31
496199,496225,496232,7,26
496199,496230,496233,3,31
496199,496231,496233,2,32
495245,495245,496233,988,0
496199,496230,496234,4,31
496185,496209,496234,25,24
496185,496198,496228,30,13
496199,496231,496235,4,32
496199,496232,496234,2,33
496199,496231,496235,4,32
496199,496232,496235,3,33
496199,496232,496235,3,33
496195,496222,496235,13,27
496199,496232,496234,2,33
496199,496232,496234,2,33
496199,496233,496235,2,34
496199,496233,496235,2,34
496199,496233,496235,2,34
496199,496233,496235,2,34
496199,496233,496236,3,34
496195,496220,496236,16,25
496199,496234,496237,3,35
496201,496235,496237,2,34
496201,496235,496237,2,34
496201,496236,496238,2,35
496199,496234,496237,3,35
496201,496236,496238,2,35
496199,496225,496237,12,26
496201,496237,496238,1,36
496201,496236,496238,2,35
496201,496236,496238,2,35
496199,496233,496239,6,34
496201,496235,496238,3,34
496201,496235,496238,3,34
496199,496235,496239,4,36
496201,496238,496239,1,37
496201,496238,496239,1,37
496201,496237,496239,2,36
496199,496231,496240,9,32
496201,496235,496240,5,34
496201,496238,496240,2,37
496201,496238,496240,2,37
496201,496235,496240,5,34
496201,496235,496239,4,34
496199,496235,496240,5,36
496199,496235,496240,5,36
496201,496239,496241,2,38
496201,496238,496240,2,37
496201,496239,496241,2,38
496185,496203,496235,32,18
496201,496239,496241,2,38
496201,496240,496241,1,39
496201,496240,496242,2,39
496201,496239,496241,2,38
496201,496240,496242,2,39
496201,496240,496242,2,39
496201,496239,496241,2,38
496201,496239,496242,3,38
496201,496239,496242,3,38
496201,496240,496242,2,39
496201,496240,496243,3,39
496201,496240,496243,3,39
496201,496240,496242,2,39
496201,496240,496243,3,39
496201,496240,496243,3,39
496201,496241,496243,2,40
496201,496240,496244,4,39
496201,496241,496244,3,40
496201,496241,496243,2,40
496185,496205,496243,38,20
496201,496241,496244,3,40
495242,495242,496244,1002,0
496201,496242,496244,2,41
496201,496242,496244,2,41
496201,496242,496245,3,41
496195,496214,496235,21,19
496201,496242,496245,3,41
496201,496242,496244,2,41
496201,496242,496245,3,41
496201,496242,496245,3,41
496201,496241,496245,4,40
496201,496243,496246,3,42
496201,496243,496246,3,42
496201,496243,496246,3,42
496201,496243,496246,3,42
496201,496244,496246,2,43
496201,496244,496247,3,43
496201,496244,496247,3,43
496201,496244,496247,3,43
496201,496246,496247,1,45
496201,496244,496248,4,43
496201,496243,496248,5,42
496201,496245,496248,3,44
496201,496244,496248,4,43
496201,496244,496248,4,43
496201,496244,496248,4,43
496201,496246,496249,3,45
496201,496246,496249,3,45
496201,496247,496249,2,46
496201,496247,496249,2,46
496201,496246,496250,4,45
496201,496247,496249,2,46
496201,496248,496250,2,47
496201,496248,496250,2,47
496201,496246,496250,4,45
496195,496224,496249,25,29
496201,496247,496250,3,46
496201,496247,496250,3,46
496201,496248,496250,2,47
496201,496245,496247,2,44
496201,496245,496247,2,44
496201,496248,496251,3,47
496199,496231,496248,17,32
496199,496231,496249,18,32
496201,496249,496251,2,48
496201,496250,496252,2,49
496201,496250,496252,2,49
496201,496250,496252,2,49
496201,496250,496252,2,49
496199,496234,496250,16,35
496201,496250,496252,2,49
496201,496251,496252,1,50
496201,496249,496252,3,48
496201,496250,496252,2,49
496201,496250,496252,2,49
496201,496250,496252,2,49
496201,496250,496252,2,49
496201,496251,496253,2,50
496201,496251,496253,2,50
496201,496248,496252,4,47
496201,496249,496253,4,48
496199,496226,496253,27,27
496201,496251,496253,2,50
496201,496251,496254,3,50
496201,496252,496254,2,51
496201,496251,496253,2,50
496201,496252,496254,2,51
496201,496253,496255,2,52
496201,496252,496255,3,51
496201,496252,496254,2,51
496201,496252,496254,2,51
496201,496252,496254,2,51
496201,496253,496255,2,52
496199,496229,496255,26,30
496201,496253,496255,2,52
496201,496253,496256,3,52
496201,496253,496255,2,52
496201,496253,496256,3,52
496201,496253,496256,3,52
496201,496253,496255,2,52
496201,496253,496256,3,52
496199,496225,496256,31,26
496201,496254,496256,2,53
496201,496254,496256,2,53
496201,496254,496256,2,53
496201,496254,496257,3,53
496201,496255,496257,2,54
496201,496255,496257,2,54
496201,496255,496257,2,54
496201,496255,496257,2,54
496201,496255,496258,3,54
496201,496255,496258,3,54
496201,496253,496257,4,52
496201,496253,496257,4,52
496201,496255,496258,3,54
496199,496235,496258,23,36
496201,496254,496258,4,53
496201,496256,496259,3,55
496201,496256,496259,3,55
496202,496256,496259,3,54
496202,496257,496259,2,55
496201,496238,496259,21,37
496202,496258,496260,2,56
496201,496256,496259,3,55
496202,496257,496260,3,55
496202,496258,496260,2,56
496202,496258,496260,2,56
496195,496220,496252,32,25
496202,496258,496260,2,56
496202,496258,496260,2,56
496202,496259,496261,2,57
496202,496257,496261,4,55
496202,496258,496261,3,56
496202,496258,496260,2,56
496202,496259,496261,2,57
496201,496235,496261,26,34
496202,496256,496261,5,54
496202,496260,496261,1,58
496202,496257,496261,4,55
496202,496259,496261,2,57
496202,496260,496262,2,58
496202,496256,496261,5,54
496202,496258,496262,4,56
496202,496258,496262,4,56
496202,496260,496262,2,58
496202,496260,496262,2,58
496202,496261,496262,1,59
496202,496260,496262,2,58
496202,496261,496263,2,59
496202,496261,496264,3,59
496202,496261,496263,2,59
496202,496261,496264,3,59
496202,496261,496264,3,59
496202,496261,496264,3,59
496202,496262,496264,2,60
496202,496262,496264,2,60
496202,496262,496264,2,60
496202,496263,496265,2,61
496202,496262,496265,3,60
496202,496262,496264,2,60
496202,496262,496265,3,60
496202,496262,496265,3,60
496202,496263,496265,2,61
496202,496263,496265,2,61
496199,496231,496265,34,32
496202,496262,496266,4,60
496202,496265,496267,2,63
496202,496259,496266,7,57
496202,496265,496267,2,63
496202,496264,496267,3,62
496202,496262,496267,5,60
496202,496265,496267,2,63
496202,496265,496267,2,63
496202,496265,496267,2,63
496202,496265,496268,3,63
496202,496265,496268,3,63
496202,496265,496268,3,63
496202,496264,496268,4,62
496202,496264,496268,4,62
496202,496266,496268,2,64
496195,496224,496268,44,29
496202,496266,496268,2,64
496202,496266,496268,2,64
496201,496245,496269,24,44
496202,496267,496269,2,65
496202,496267,496269,2,65
496202,496266,496271,5,64
496203,496269,496271,2,66
496203,496269,496271,2,66
496203,496267,496271,4,64
496203,496268,496271,3,65
496203,496268,496271,3,65
496203,496269,496271,2,66
496203,496269,496271,2,66
496203,496269,496271,2,66
496203,496268,496271,3,65
496203,496270,496272,2,67
496203,496270,496272,2,67
496202,496263,496272,9,61
496202,496263,496272,9,61
496202,496264,496272,8,62
496202,496266,496272,6,64
496195,496214,496272,58,19
496203,496268,496272,4,65
496203,496268,496272,4,65
496203,496268,496272,4,65
496203,496271,496273,2,68
496203,496271,496273,2,68
496203,496272,496274,2,69
496203,496272,496273,1,69
496203,496272,496274,2,69
496203,496272,496274,2,69
496203,496272,496274,2,69
496203,496272,496274,2,69
496203,496272,496274,2,69
496203,496272,496274,2,69
496203,496272,496274,2,69
496203,496273,496275,2,70
496203,496273,496275,2,70
496203,496273,496275,2,70
496203,496272,496275,3,69
496203,496272,496275,3,69
496203,496272,496275,3,69
496203,496273,496275,2,70
496203,496274,496276,2,71
496203,496273,496275,2,70
496203,496268,496276,8,65
496203,496273,496276,3,70
496203,496274,496276,2,71
496203,496274,496276,2,71
496203,496274,496276,2,71
496203,496274,496277,3,71
496203,496275,496277,2,72
496203,496275,496277,2,72
496203,496275,496278,3,72
496203,496276,496278,2,73
496203,496270,496274,4,67
496202,496256,496274,18,54
496203,496275,496279,4,72
496203,496275,496278,3,72
496203,496276,496278,2,73
496203,496276,496279,3,73
496203,496277,496279,2,74
496203,496275,496280,5,72
496203,496275,496279,4,72
496203,496277,496280,3,74
496203,496277,496279,2,74
496201,496252,496279,27,51
496203,496277,496280,3,74
496203,496277,496280,3,74
496203,496277,496280,3,74
496201,496244,496281,37,43
496203,496278,496281,3,75
496203,496278,496281,3,75
496203,496277,496281,4,74
496203,496277,496281,4,74
496203,496273,496281,8,70
496201,496246,496281,35,45
496204,496280,496282,2,76
496204,496281,496282,1,77
496203,496267,496282,15,64
496204,496280,496283,3,76
496204,496280,496282,2,76
496201,496237,496276,39,36
496204,496280,496282,2,76
496204,496281,496283,2,77
496204,496281,496283,2,77
496204,496279,496283,4,75
496202,496259,496283,24,57
496204,496279,496283,4,75
496204,496280,496284,4,76
496204,496280,496284,4,76
496204,496279,496284,5,75
496204,496283,496284,1,79
496204,496283,496284,1,79
496204,496279,496284,5,75
496204,496283,496285,2,79
496204,496283,496285,2,79
496204,496283,496285,2,79
496204,496283,496285,2,79
496204,496284,496285,1,80
496204,496282,496286,4,78
496204,496283,496286,3,79
496204,496284,496286,2,80
496204,496282,496286,4,78
496204,496283,496286,3,79
496204,496284,496287,3,80
496204,496284,496287,3,80
496202,496262,496287,25,60
496203,496269,496288,19,66
496204,496285,496287,2,81
496204,496285,496287,2,81
496204,496285,496287,2,81
496204,496286,496288,2,82
496204,496285,496288,3,81
496204,496285,496288,3,81
496204,496286,496288,2,82
496204,496286,496288,2,82
496204,496286,496288,2,82
496204,496286,496289,3,82
496204,496286,496289,3,82
496202,496260,496289,29,58
496204,496288,496290,2,84
496204,496287,496290,3,83
496204,496287,496290,3,83
496203,496276,496290,14,73
496203,496276,496290,14,73
496203,496276,496290,14,73
496204,496286,496290,4,82
496204,496288,496290,2,84
496204,496288,496290,2,84
496204,496288,496290,2,84
496203,496279,496284,5,76
496204,496288,496291,3,84
496204,496288,496291,3,84
496204,496289,496291,2,85
496204,496289,496291,2,85
496204,496289,496291,2,85
496204,496289,496291,2,85
496204,496287,496292,5,83
496204,496290,496292,2,86
496201,496252,496283,31,51
496204,496289,496292,3,85
496204,496291,496293,2,87
496204,496291,496293,2,87
496206,496292,496294,2,86
496206,496292,496294,2,86
496204,496291,496294,3,87
496206,496292,496294,2,86
496206,496293,496294,1,87
496204,496291,496294,3,87
496206,496292,496294,2,86
496206,496292,496294,2,86
496204,496291,496295,4,87
496206,496291,496295,4,85
496206,496291,496295,4,85
496206,496294,496296,2,88
496206,496294,496296,2,88
496204,496291,496295,4,87
496206,496292,496295,3,86
496206,496291,496295,4,85
496206,496291,496295,4,85
496206,496295,496296,1,89
496206,496294,496296,2,88
496206,496294,496296,2,88
496206,496295,496297,2,89
496206,496295,496297,2,89
496201,496252,496297,45,51
496202,496261,496297,36,59
496206,496295,496297,2,89
496206,496295,496297,2,89
496206,496296,496298,2,90
496206,496296,496298,2,90
496206,496296,496298,2,90
496201,496250,496298,48,49
496206,496296,496298,2,90
496206,496295,496298,3,89
496206,496296,496298,2,90
496206,496297,496299,2,91
496204,496283,496298,15,79
496206,496296,496299,3,90
496206,496295,496298,3,89
496206,496297,496299,2,91
496206,496296,496300,4,90
496206,496297,496300,3,91
496206,496298,496300,2,92
496206,496298,496300,2,92
496206,496296,496300,4,90
496206,496298,496300,2,92
496206,496298,496300,2,92
496206,496298,496301,3,92
496206,496299,496301,2,93
496206,496299,496302,3,93
496206,496299,496301,2,93
496203,496279,496302,23,76
496206,496299,496302,3,93
496204,496290,496302,12,86
496206,496300,496303,3,94
496201,496256,496302,46,55
496206,496300,496303,3,94
496206,496301,496304,3,95
496206,496301,496304,3,95
496206,496300,496303,3,94
496206,496301,496303,2,95
496206,496301,496303,2,95
496206,496302,496304,2,96
496206,496302,496304,2,96
496206,496302,496305,3,96
496206,496303,496305,2,97
496206,496300,496305,5,94
496204,496287,496305,18,83
496206,496302,496306,4,96
496206,496303,496306,3,97
496206,496304,496306,2,98
496206,496301,496307,6,95
496204,496281,496302,21,77
496210,496306,496308,2,96
496210,496304,496308,4,94
496210,496304,496308,4,94
496210,496306,496308,2,96
496210,496306,496309,3,96
496210,496305,496308,3,95
496210,496307,496309,2,97
496204,496284,496309,25,80
496210,496304,496310,6,94
496210,496305,496309,4,95
496210,496308,496310,2,98
496210,496308,496310,2,98
496210,496305,496310,5,95
496204,496282,496306,24,78
496206,496303,496309,6,97
496210,496306,496310,4,96
496210,496307,496311,4,97
496210,496308,496311,3,98
496206,496299,496311,12,93
496210,496309,496311,2,99
496204,496282,496304,22,78
496210,496309,496311,2,99
496210,496309,496312,3,99
496210,496310,496312,2,100
496210,496310,496312,2,100
496206,496297,496312,15,91
496210,496310,496312,2,100
496206,496297,496312,15,91
496206,496297,496312,15,91
496210,496311,496314,3,101
496206,496297,496313,16,91
496210,496310,496314,4,100
496210,496311,496314,3,101
496210,496312,496315,3,102
496206,496303,496314,11,97
496210,496311,496315,4,101
496210,496311,496315,4,101
496210,496311,496314,3,101
496210,496312,496315,3,102
496210,496313,496315,2,103
496210,496313,496315,2,103
496210,496313,496316,3,103
496210,496310,496315,5,100
496210,496313,496316,3,103
496210,496313,496316,3,103
496210,496314,496316,2,104
496210,496314,496317,3,104
496210,496315,496317,2,105
496210,496316,496318,2,106
496210,496306,496318,12,96
496210,496315,496318,3,105
496210,496316,496318,2,106
496210,496315,496318,3,105
496210,496316,496319,3,106
496204,496288,496309,21,84
496204,496288,496309,21,84
496203,496271,496318,47,68
496210,496315,496319,4,105
496210,496316,496319,3,106
496210,496316,496320,4,106
496210,496315,496319,4,105
496210,496318,496320,2,108
496210,496317,496320,3,107
496210,496317,496320,3,107
496210,496315,496320,5,105
496210,496318,496320,2,108
496210,496317,496321,4,107
496210,496317,496320,3,107
496210,496319,496321,2,109
496210,496319,496322,3,109
496210,496319,496322,3,109
496210,496319,496322,3,109
496204,496280,496313,33,76
496214,496320,496324,4,106
496214,496321,496323,2,107
496214,496322,496324,2,108
496206,496297,496315,18,91
496214,496321,496323,2,107
496214,496320,496324,4,106
496214,496320,496324,4,106
496214,496321,496325,4,107
496210,496313,496324,11,103
496214,496320,496324,4,106
496214,496321,496324,3,107
496214,496322,496324,2,108
496214,496324,496326,2,110
496214,496324,496326,2,110
496214,496324,496326,2,110
496214,496323,496326,3,109
496214,496320,496324,4,106
496214,496320,496326,6,106
496214,496324,496327,3,110
496214,496326,496328,2,112
496214,496326,496328,2,112
496214,496326,496328,2,112
496214,496325,496328,3,111
496214,496325,496328,3,111
496214,496325,496328,3,111
496206,496319,496329,10,113
496210,496319,496329,10,109
496214,496324,496328,4,110
496214,496325,496328,3,111
496214,496328,496330,2,114
496214,496328,496330,2,114
496214,496327,496331,4,113
496214,496328,496330,2,114
496214,496325,496331,6,111
496210,496311,496326,15,101
496214,496327,496331,4,113
496214,496328,496330,2,114
496214,496330,496332,2,116
496214,496329,496332,3,115
496214,496329,496331,2,115
496214,496329,496332,3,115
496214,496329,496333,4,115
496214,496330,496332,2,116
496214,496327,496332,5,113
496206,496291,496321,30,85
496214,496331,496333,2,117
496210,496319,496334,15,109
496214,496331,496334,3,117
496214,496332,496335,3,118
496214,496332,496335,3,118
496214,496332,496334,2,118
496214,496332,496335,3,118
496214,496333,496335,2,119
496214,496331,496335,4,117
496214,496332,496335,3,118
496214,496329,496336,7,115
496214,496329,496336,7,115
496214,496333,496336,3,119
496210,496312,496336,24,102
496214,496334,496337,3,120
496214,496335,496337,2,121
496214,496335,496337,2,121
496214,496333,496337,4,119
496214,496333,496337,4,119
496214,496335,496338,3,121
496214,496335,496338,3,121
496214,496336,496338,2,122
496206,496292,496339,47,86
496214,496336,496339,3,122
496206,496298,496337,39,92
496214,496334,496339,5,120
496214,496336,496339,3,122
496214,496324,496340,16,110
496214,496334,496339,5,120
496214,496336,496341,5,122
496210,496315,496341,26,105
496220,496338,496341,3,118
496220,496338,496341,3,118
496220,496337,496341,4,117
496220,496338,496341,3,118
496220,496338,496341,3,118
496220,496338,496341,3,118
496220,496339,496342,3,119
496210,496312,496342,30,102
496214,496324,496341,17,110
496220,496340,496342,2,120
496220,496339,496342,3,119
496220,496340,496343,3,120
496220,496338,496342,4,118
496220,496342,496344,2,122
496220,496342,496343,1,122
496220,496342,496343,1,122
496220,496340,496343,3,120
496220,496340,496344,4,120
496210,496310,496344,34,100
496220,496341,496344,3,121
496220,496341,496344,3,121
496214,496324,496339,15,110
496220,496337,496344,7,117
496220,496341,496345,4,121
496220,496343,496345,2,123
496220,496343,496345,2,123
496220,496344,496346,2,124
496220,496344,496346,2,124
496220,496342,496345,3,122
496220,496342,496345,3,122
496220,496340,496346,6,120
496220,496344,496346,2,124
496220,496343,496347,4,123
496210,496318,496347,29,108
496220,496345,496347,2,125
496220,496345,496347,2,125
496220,496344,496348,4,124
496220,496345,496348,3,125
496220,496346,496348,2,126
496220,496346,496348,2,126
496214,496325,496348,23,111
496220,496346,496349,3,126
496220,496344,496349,5,124
496214,496332,496349,17,118
496220,496347,496349,2,127
496220,496345,496350,5,125
496220,496344,496350,6,124
496220,496348,496350,2,128
496220,496338,496351,13,118
496220,496341,496351,10,121
496220,496348,496351,3,128
496220,496346,496351,5,126
496220,496346,496351,5,126
496220,496349,496351,2,129
496220,496349,496351,2,129
496220,496347,496352,5,127
496220,496348,496352,4,128
496210,496334,496352,18,124
496210,496334,496352,18,124
496220,496347,496352,5,127
496220,496336,496352,16,116
496220,496350,496352,2,130
496220,496350,496352,2,130
496220,496342,496346,4,122
496220,496342,496345,3,122
496220,496348,496353,5,128
496220,496347,496353,6,127
496220,496351,496354,3,131
496220,496351,496353,2,131
496220,496353,496355,2,133
496220,496350,496354,4,130
496220,496353,496355,2,133
496214,496334,496356,22,120
496220,496352,496355,3,132
496220,496352,496356,4,132
496220,496352,496356,4,132
496220,496352,496355,3,132
496220,496352,496356,4,132
496220,496350,496356,6,130
496220,496353,496356,3,133
496220,496354,496357,3,134
496220,496354,496356,2,134
496220,496355,496357,2,135
496220,496352,496357,5,132
496220,496355,496357,2,135
496220,496356,496358,2,136
496220,496356,496358,2,136
496220,496353,496358,5,133
496220,496356,496358,2,136
496220,496357,496359,2,137
496220,496356,496359,3,136
496220,496358,496359,1,138
496220,496354,496360,6,134
496220,496357,496360,3,137
496220,496358,496360,2,138
496220,496358,496360,2,138
496220,496358,496360,2,138
496220,496352,496360,8,132
496220,496356,496361,5,136
496220,496339,496361,22,119
496220,496345,496360,15,125
496220,496359,496361,2,139
496220,496352,496361,9,132
496220,496353,496361,8,133
496220,496359,496361,2,139
496220,496360,496362,2,140
496220,496360,496362,2,140
496220,496359,496363,4,139
496220,496360,496363,3,140
496220,496360,496363,3,140
496220,496360,496363,3,140
496220,496360,496363,3,140
496220,496362,496363,1,142
496220,496353,496360,7,133
496220,496353,496365,12,133
496220,496359,496364,5,139
496220,496360,496364,4,140
496220,496362,496365,3,142
496220,496363,496365,2,143
496220,496363,496365,2,143
496220,496351,496365,14,131
496220,496363,496365,2,143
496220,496363,496366,3,143
496220,496361,496366,5,141
496220,496361,496366,5,141
496220,496364,496366,2,144
496220,496364,496366,2,144
496220,496364,496366,2,144
496220,496363,496366,3,143
496220,496365,496368,3,145
496221,496366,496369,3,145
496221,496367,496369,2,146
496220,496362,496370,8,142
496220,496366,496369,3,146
496220,496345,496370,25,125
496221,496367,496369,2,146
496221,496366,496370,4,145
496220,496350,496364,14,130
496221,496367,496370,3,146
496221,496367,496370,3,146
496220,496366,496370,4,146
496221,496368,496371,3,147
496220,496361,496371,10,141
496221,496370,496372,2,149
496220,496365,496372,7,145
496220,496365,496372,7,145
496221,496369,496372,3,148
496221,496371,496373,2,150
496221,496371,496373,2,150
496221,496370,496372,2,149
496221,496370,496373,3,149
496221,496370,496372,2,149
496221,496366,496373,7,145
496221,496371,496374,3,150
496221,496372,496373,1,151
496221,496366,496374,8,145
496221,496371,496374,3,150
496220,496356,496375,19,136
496220,496365,496374,9,145
496220,496365,496374,9,145
496220,496362,496374,12,142
496221,496373,496375,2,152
496221,496373,496375,2,152
496221,496371,496375,4,150
496221,496373,496375,2,152
496221,496373,496375,2,152
496221,496374,496376,2,153
496221,496374,496376,2,153
496221,496373,496376,3,152
496221,496374,496376,2,153
496221,496372,496376,4,151
496221,496372,496376,4,151
496221,496366,496377,11,145
496221,496375,496377,2,154
496221,496375,496377,2,154
496221,496375,496377,2,154
496221,496376,496378,2,155
496221,496376,496378,2,155
496221,496376,496379,3,155
496221,496376,496378,2,155
496221,496375,496379,4,154
496221,496377,496379,2,156
496221,496378,496380,2,157
496221,496378,496380,2,157
496221,496376,496379,3,155
496220,496349,496378,29,129
496220,496361,496378,17,141
496221,496378,496381,3,157
496221,496379,496381,2,158
496221,496377,496382,5,156
496221,496379,496382,3,158
496221,496379,496381,2,158
496221,496380,496382,2,159
496221,496370,496382,12,149
496221,496380,496382,2,159
496221,496377,496383,6,156
496221,496380,496383,3,159
496221,496380,496382,2,159
496221,496379,496382,3,158
496221,496378,496383,5,157
496221,496375,496384,9,154
496221,496381,496384,3,160
496221,496382,496385,3,161
496221,496380,496385,5,159
496225,496382,496386,4,157
496225,496383,496386,3,158
496225,496384,496387,3,159
496221,496375,496384,9,154
496225,496383,496387,4,158
496225,496384,496387,3,159
496225,496383,496387,4,158
496225,496385,496387,2,160
496225,496385,496387,2,160
496221,496375,496388,13,154
496221,496370,496381,11,149
496221,496382,496388,6,161
496225,496386,496389,3,161
496225,496386,496388,2,161
496221,496375,496390,15,154
496225,496387,496390,3,162
496221,496374,496390,16,153
496225,496386,496390,4,161
496225,496388,496390,2,163
496225,496388,496390,2,163
496225,496388,496391,3,163
496225,496383,496390,7,158
496225,496390,496391,1,165
496225,496390,496391,1,165
496225,496387,496391,4,162
496225,496388,496392,4,163
496220,496353,496392,39,133
496220,496353,496392,39,133
496225,496390,496393,3,165
496225,496385,496393,8,160
496225,496392,496394,2,167
496225,496391,496393,2,166
496225,496391,496393,2,166
496225,496391,496394,3,166
496220,496343,496394,51,123
496225,496389,496393,4,164
496225,496391,496394,3,166
496225,496392,496394,2,167
496225,496392,496394,2,167
496225,496387,496391,4,162
496225,496394,496396,2,169
496225,496391,496395,4,166
496225,496391,496396,5,166
496225,496394,496396,2,169
496225,496394,496396,2,169
496225,496394,496397,3,169
496225,496394,496396,2,169
496225,496382,496397,15,157
496225,496395,496397,2,170
496225,496396,496398,2,171
496225,496393,496398,5,168
496225,496395,496399,4,170
496225,496394,496399,5,169
496225,496397,496399,2,172
496225,496390,496397,7,165
496225,496388,496398,10,163
496225,496395,496399,4,170
496225,496397,496400,3,172
496225,496397,496400,3,172
496225,496397,496400,3,172
496225,496398,496400,2,173
496225,496396,496400,4,171
496225,496396,496401,5,171
496221,496376,496392,16,155
496225,496399,496402,3,174
496225,496399,496402,3,174
496221,496370,496394,24,149
496225,496400,496403,3,175
496225,496400,496403,3,175
496262,496401,496404,3,139
496225,496399,496404,5,174
496225,496399,496405,6,174
496262,496403,496406,3,141
496262,496402,496406,4,140
496262,496403,496406,3,141
496262,496401,496407,6,139
496262,496404,496406,2,142
496262,496402,496406,4,140
496225,496400,496407,7,175
496262,496401,496408,7,139
496262,496406,496408,2,144
496225,496400,496409,9,175
496225,496400,496408,8,175
496262,496405,496409,4,143
496262,496406,496409,3,144
496262,496406,496409,3,144
496262,496407,496409,2,145
496262,496407,496409,2,145
496262,496405,496410,5,143
496262,496409,496411,2,147
496262,496409,496411,2,147
496262,496407,496411,4,145
496262,496408,496412,4,146
496262,496410,496412,2,148
496262,496408,496412,4,146
496262,496409,496413,4,147
496262,496410,496413,3,148
496262,496411,496413,2,149
496262,496410,496413,3,148
496262,496409,496413,4,147
496262,496409,496413,4,147
496262,496410,496414,4,148
496262,496412,496414,2,150
496262,496413,496415,2,151
496225,496398,496415,17,173
496262,496412,496416,4,150
496262,496413,496416,3,151
496262,496413,496416,3,151
496262,496413,496416,3,151
496225,496394,496416,22,169
496225,496395,496416,21,170
496262,496415,496417,2,153
496262,496413,496418,5,151
496262,496414,496418,4,152
496262,496413,496417,4,151
496262,496415,496418,3,153
496262,496416,496419,3,154
496262,496416,496419,3,154
496262,496413,496419,6,151
496262,496415,496419,4,153
496262,496414,496419,5,152
496262,496418,496421,3,156
496262,496416,496421,5,154
496262,496419,496421,2,157
496262,496417,496421,4,155
496262,496417,496421,4,155
496262,496418,496422,4,156
496225,496393,496423,30,168
496225,496389,496417,28,164
496262,496418,496423,5,156
496262,496418,496423,5,156
496262,496421,496424,3,159
496262,496420,496423,3,158
496262,496420,496425,5,158
496262,496420,496424,4,158
496221,496380,496424,44,159
496262,496422,496424,2,160
496262,496420,496424,4,158
496262,496423,496426,3,161
496262,496402,496425,23,140
496262,496421,496426,5,159
496262,496422,496427,5,160
496411,496424,496428,4,13
496411,496426,496428,2,15
496411,496424,496428,4,13
496411,496425,496428,3,14
496262,496417,496430,13,155
496262,496424,496430,6,162
496221,496381,496428,47,160
496262,496422,496430,8,160
496262,496422,496430,8,160
496411,496428,496431,3,17
496411,496426,496431,5,15
496411,496426,496431,5,15
496411,496429,496432,3,18
496262,496416,496432,16,154
496411,496429,496431,2,18
496411,496429,496431,2,18
496411,496425,496432,7,14
496411,496428,496432,4,17
496411,496430,496434,4,19
496411,496431,496434,3,20
496411,496432,496434,2,21
496262,496423,496430,7,161
496411,496430,496434,4,19
496411,496432,496434,2,21
496411,496432,496434,2,21
496411,496432,496434,2,21
496411,496432,496435,3,21
496411,496434,496436,2,23
496411,496430,496436,6,19
496411,496434,496437,3,23
496411,496435,496437,2,24
496411,496433,496438,5,22
496411,496433,496437,4,22
496411,496435,496438,3,24
496411,496425,496438,13,14
496411,496435,496437,2,24
496411,496436,496438,2,25
496411,496435,496438,3,24
496411,496434,496439,5,23
496411,496436,496440,4,25
496411,496431,496440,9,20
496411,496437,496439,2,26
496411,496438,496440,2,27
496411,496438,496440,2,27
496411,496438,496441,3,27
496411,496438,496441,3,27
496411,496438,496442,4,27
496411,496438,496442,4,27
496411,496440,496443,3,29
496411,496439,496444,5,28
496411,496437,496443,6,26
496411,496441,496444,3,30
496411,496441,496444,3,30
496411,496441,496444,3,30
496411,496441,496444,3,30
496411,496438,496444,6,27
496225,496394,496442,48,169
496225,496393,496445,52,168
496411,496444,496445,1,33
496411,496432,496446,14,21
496411,496440,496446,6,29
496411,496442,496446,4,31
496411,496442,496447,5,31
496411,496444,496447,3,33
496411,496444,496447,3,33
496411,496440,496448,8,29
496411,496445,496448,3,34
496411,496446,496448,2,35
496411,496439,496447,8,28
496411,496444,496448,4,33
496411,496445,496448,3,34
496411,496444,496450,6,33
496411,496445,496453,8,34
496262,496402,496447,45,140
496411,496426,496452,26,15
496411,496430,496459,29,19
496411,496434,496459,25,23
496411,496425,496466,41,14
496262,496423,496462,39,161
496411,496445,496476,31,34
496411,496445,496480,35,34
496220,496355,496682,327,135
496220,496356,496684,328,136
496220,496356,496683,327,136
495246,495246,496786,1540,0
496787,496787,496790,3,0
496787,496787,496790,3,0
496787,496787,496791,4,0
496787,496787,496791,4,0
496787,496787,496791,4,0
496787,496788,496791,3,1
496787,496788,496791,3,1
496787,496787,496792,5,0
496787,496787,496792,5,0
496787,496787,496792,5,0
496787,496787,496792,5,0
496787,496787,496792,5,0
496787,496791,496792,1,4
496787,496787,496793,6,0
496787,496787,496793,6,0
496787,496791,496793,2,4
495235,495235,496787,1552,0
496787,496793,496795,2,6
496787,496791,496795,4,4
496787,496792,496795,3,5
496787,496792,496795,3,5
496787,496792,496795,3,5
496787,496792,496795,3,5
496787,496793,496795,2,6
496787,496793,496795,2,6
496787,496794,496796,2,7
496787,496793,496796,3,6
496787,496793,496796,3,6
496787,496792,496796,4,5
496787,496794,496797,3,7
496787,496794,496797,3,7
496787,496794,496797,3,7
496787,496796,496798,2,9
496787,496798,496800,2,11
496787,496796,496799,3,9
496787,496796,496800,4,9
496787,496797,496801,4,10
496787,496796,496800,4,9
496787,496796,496800,4,9
496787,496796,496800,4,9
496787,496787,496800,13,0
496787,496797,496801,4,10
496787,496798,496801,3,11
496787,496799,496801,2,12
496787,496796,496802,6,9
496787,496797,496801,4,10
496787,496796,496801,5,9
496787,496796,496802,6,9
496787,496800,496802,2,13
496787,496800,496802,2,13
496787,496787,496796,9,0
496787,496788,496796,8,1
496787,496800,496803,3,13
496787,496801,496803,2,14
496787,496802,496805,3,15
496787,496787,496805,18,0
496787,496802,496805,3,15
496787,496801,496805,4,14
496795,496804,496806,2,9
496787,496801,496806,5,14
496787,496802,496806,4,15
496787,496801,496806,5,14
496795,496802,496807,5,7
496795,496803,496807,4,8
496795,496803,496806,3,8
496787,496787,496807,20,0
496795,496805,496807,2,10
496795,496805,496807,2,10
496795,496807,496809,2,12
496787,496788,496809,21,1
496795,496806,496809,3,11
496795,496806,496809,3,11
496787,496802,496809,7,15
496795,496806,496809,3,11
496795,496807,496809,2,12
496795,496807,496809,2,12
496795,496807,496811,4,12
496795,496808,496810,2,13
496795,496807,496811,4,12
496795,496809,496811,2,14
496795,496807,496811,4,12
496795,496808,496811,3,13
496795,496803,496811,8,8
496795,496807,496811,4,12
496795,496810,496813,3,15
496795,496811,496813,2,16
496795,496810,496812,2,15
496795,496810,496813,3,15
496795,496810,496813,3,15
496795,496811,496813,2,16
496795,496811,496815,4,16
496795,496812,496815,3,17
496787,496787,496804,17,0
496795,496813,496815,2,18
496787,496798,496815,17,11
496795,496812,496815,3,17
496795,496810,496815,5,15
496795,496811,496815,4,16
496795,496813,496815,2,18
496795,496813,496816,3,18
496795,496813,496816,3,18
496795,496814,496816,2,19
496787,496787,496808,21,0
496795,496812,496816,4,17
496787,496787,496810,23,0
496795,496814,496818,4,19
496795,496816,496818,2,21
496795,496816,496818,2,21
496795,496816,496818,2,21
496795,496815,496819,4,20
496795,496816,496819,3,21
496795,496816,496819,3,21
496795,496816,496818,2,21
496795,496816,496819,3,21
496795,496812,496819,7,17
496795,496816,496821,5,21
496795,496816,496821,5,21
496795,496819,496822,3,24
496795,496817,496822,5,22
496795,496819,496821,2,24
496795,496819,496822,3,24
496795,496819,496822,3,24
496795,496819,496822,3,24
496795,496808,496811,3,13
496795,496819,496822,3,24
496795,496818,496823,5,23
496795,496816,496824,8,21
496795,496820,496823,3,25
496795,496820,496825,5,25
496795,496819,496825,6,24
496787,496787,496826,39,0
496795,496821,496827,6,26
496787,496801,496827,26,14
496795,496816,496827,11,21
496795,496803,496825,22,8
496795,496803,496831,28,8
496795,496816,496832,16,21
496787,496787,496833,46,0
496795,496810,496835,25,15
496795,496810,496835,25,15
496795,496823,496839,16,28
496224,496382,496912,530,158
496913,496913,496914,1,0
496913,496913,496915,2,0
496913,496913,496915,2,0
496913,496913,496915,2,0
496913,496913,496916,3,0
496913,496913,496915,2,0
496913,496913,496916,3,0
496913,496913,496916,3,0
496913,496913,496916,3,0
496913,496913,496920,7,0
496913,496913,496920,7,0
496913,496913,496922,9,0
496913,496913,496922,9,0
496913,496913,496924,11,0
496913,496915,496928,13,2
496913,496915,496927,12,2
496913,496913,496923,10,0
496913,496913,496923,10,0
496913,496913,496927,14,0
496913,496916,496929,13,3
496913,496913,496931,18,0
496913,496916,496931,15,3
496913,496915,496932,17,2
496913,496913,496928,15,0
496913,496915,496935,20,2
496913,496916,496936,20,3
496913,496916,496936,20,3
496913,496921,496939,18,8
496913,496916,496939,23,3
496913,496929,496944,15,16
496913,496913,496945,32,0
496913,496929,496944,15,16
496913,496928,496947,19,15
496913,496913,496948,35,0
496913,496913,496951,38,0
496913,496932,496950,18,19
496913,496913,496952,39,0
496913,496936,496953,17,23
496913,496913,496950,37,0
496913,496933,496954,21,20
496913,496937,496954,17,24
496913,496913,496955,42,0
496913,496939,496956,17,26
496913,496922,496957,35,9
496913,496936,496960,24,23
496913,496920,496961,41,7
496913,496945,496963,18,32
496913,496948,496964,16,35
496913,496945,496965,20,32
496913,496955,496970,15,42
496913,496951,496971,20,38
496913,496954,496970,16,41
496913,496939,496976,37,26
496913,496922,496975,53,9
496913,496957,496975,18,44
496913,496925,496978,53,12
496913,496955,496978,23,42
496913,496961,496980,19,48
496913,496931,496986,55,18
496913,496929,496987,58,16
496913,496929,496989,60,16
496913,496945,496991,46,32
496913,496956,496992,36,43
496913,496929,496994,65,16
496913,496957,496996,39,44
496913,496953,496999,46,40
496913,496949,496999,50,36
496913,496955,497003,48,42
496913,496933,497007,74,20
496913,496951,497009,58,38
496174,496197,497152,955,23
496186,496212,497153,941,26
497153,497153,497155,2,0
497153,497153,497156,3,0
497153,497153,497156,3,0
497153,497153,497156,3,0
497153,497153,497157,4,0
497153,497153,497157,4,0
497153,497153,497157,4,0
497153,497153,497157,4,0
497153,497153,497157,4,0
497153,497153,497157,4,0
497153,497153,497157,4,0
497153,497155,497157,2,2
497153,497153,497158,5,0
497153,497153,497158,5,0
497153,497153,497158,5,0
497153,497157,497158,1,4
497153,497156,497159,3,3
497153,497156,497159,3,3
497153,497157,497159,2,4
497153,497158,497159,1,5
497153,497158,497159,1,5
497153,497158,497159,1,5
497153,497157,497160,3,4
497153,497158,497160,2,5
497153,497159,497161,2,6
497153,497157,497162,5,4
497153,497157,497162,5,4
497153,497159,497162,3,6
497153,497158,497162,4,5
497153,497160,497162,2,7
497153,497160,497162,2,7
497153,497160,497162,2,7
497153,497161,497162,1,8
497153,497158,497163,5,5
497153,497153,497163,10,0
497153,497153,497163,10,0
497153,497161,497163,2,8
497153,497161,497163,2,8
497153,497160,497163,3,7
497153,497160,497163,3,7
497153,497153,497164,11,0
497153,497153,497164,11,0
497153,497163,497165,2,10
497153,497163,497165,2,10
497153,497163,497165,2,10
497153,497163,497165,2,10
497153,497163,497165,2,10
497153,497163,497166,3,10
497153,497153,497166,13,0
497153,497153,497167,14,0
497153,497164,497166,2,11
497153,497164,497167,3,11
497153,497164,497166,2,11
497153,497164,497167,3,11
497153,497162,497167,5,9
497153,497162,497167,5,9
497153,497163,497168,5,10
497153,497166,497169,3,13
497155,497166,497169,3,11
497153,497158,497168,10,5
497153,497166,497169,3,13
497155,497167,497170,3,12
497155,497167,497169,2,12
497155,497167,497170,3,12
497155,497167,497171,4,12
497155,497167,497171,4,12
497155,497166,497171,5,11
497155,497169,497171,2,14
497153,497165,497171,6,12
497155,497169,497171,2,14
497155,497170,497172,2,15
497155,497170,497172,2,15
497155,497167,497172,5,12
497155,497169,497172,3,14
497155,497168,497172,4,13
497153,497153,497173,20,0
497153,497164,497172,8,11
497155,497171,497173,2,16
497155,497171,497173,2,16
497155,497171,497174,3,16
497155,497170,497173,3,15
497155,497171,497174,3,16
497155,497171,497173,2,16
497155,497172,497174,2,17
497155,497172,497174,2,17
497155,497172,497174,2,17
497153,497153,497174,21,0
497153,497153,497173,20,0
497155,497173,497175,2,18
497155,497173,497175,2,18
497155,497169,497175,6,14
497155,497174,497176,2,19
497155,497174,497176,2,19
497155,497174,497176,2,19
497155,497173,497176,3,18
497155,497173,497176,3,18
497155,497174,497177,3,19
497155,497174,497177,3,19
497155,497174,497177,3,19
497155,497175,497177,2,20
497155,497173,497177,4,18
497155,497175,497178,3,20
497155,497175,497178,3,20
497155,497177,497178,1,22
497155,497177,497179,2,22
497155,497167,497178,11,12
497155,497176,497179,3,21
497155,497178,497180,2,23
497155,497177,497180,3,22
497155,497176,497180,4,21
497155,497177,497180,3,22
497155,497177,497180,3,22
497155,497177,497179,2,22
497155,497178,497181,3,23
497155,497177,497181,4,22
497155,497173,497181,8,18
497155,497179,497181,2,24
497155,497179,497181,2,24
497155,497179,497181,2,24
497155,497179,497182,3,24
497155,497178,497182,4,23
497155,497180,497182,2,25
497155,497180,497183,3,25
497155,497181,497183,2,26
497155,497181,497184,3,26
497155,497181,497185,4,26
497155,497181,497185,4,26
497155,497175,497180,5,20
497155,497181,497186,5,26
497155,497182,497188,6,27
497153,497164,497188,24,11
497155,497172,497188,16,17
497153,497153,497187,34,0
497153,497153,497193,40,0
497155,497167,497193,26,12
497155,497173,497193,20,18
497155,497175,497194,19,20
497153,497165,497194,29,12
497155,497179,497196,17,24
497153,497153,497207,54,0
496201,496256,497228,972,55
497242,497243,497245,2,1
497242,497243,497245,2,1
497242,497243,497245,2,1
497242,497243,497246,3,1
497242,497243,497246,3,1
497242,497243,497246,3,1
497242,497243,497246,3,1
497242,497243,497246,3,1
497242,497243,497247,4,1
497242,497245,497246,1,3
497242,497243,497246,3,1
497242,497243,497246,3,1
497242,497243,497246,3,1
497242,497243,497246,3,1
497242,497243,497247,4,1
497242,497243,497247,4,1
497242,497246,497247,1,4
497242,497243,497247,4,1
497242,497243,497248,5,1
497242,497246,497248,2,4
497242,497247,497248,1,5
497242,497247,497249,2,5
497242,497247,497249,2,5
497242,497247,497249,2,5
497242,497247,497249,2,5
497242,497247,497249,2,5
497242,497247,497249,2,5
497242,497248,497250,2,6
497242,497247,497249,2,5
497242,497247,497250,3,5
497242,497248,497250,2,6
497242,497249,497251,2,7
497242,497247,497251,4,5
497242,497247,497251,4,5
497242,497250,497252,2,8
497242,497249,497251,2,7
497242,497249,497251,2,7
497242,497249,497251,2,7
497242,497250,497252,2,8
497242,497243,497252,9,1
497242,497243,497252,9,1
497242,497250,497252,2,8
497242,497250,497252,2,8
497242,497248,497252,4,6
497242,497248,497253,5,6
497242,497250,497252,2,8
497242,497250,497252,2,8
497242,497249,497253,4,7
497242,497251,497253,2,9
497242,497251,497253,2,9
497242,497252,497254,2,10
496205,496291,497254,963,86
497242,497252,497255,3,10
497242,497252,497254,2,10
497242,497252,497254,2,10
497242,497252,497254,2,10
497242,497251,497255,4,9
497242,497252,497257,5,10
497242,497253,497256,3,11
497242,497253,497256,3,11
497242,497252,497257,5,10
497256,497256,497258,2,0
497242,497253,497259,6,11
497242,497253,497258,5,11
497256,497256,497259,3,0
497256,497256,497258,2,0
497256,497256,497259,3,0
497256,497257,497259,2,1
497256,497256,497260,4,0
497256,497256,497260,4,0
497256,497258,497260,2,2
497256,497257,497261,4,1
497256,497257,497260,3,1
497256,497256,497260,4,0
497256,497256,497260,4,0
497256,497256,497260,4,0
497256,497256,497260,4,0
497256,497256,497260,4,0
497256,497259,497261,2,3
497256,497259,497261,2,3
497256,497258,497262,4,2
497256,497259,497261,2,3
497256,497259,497261,2,3
497256,497260,497262,2,4
497256,497260,497262,2,4
497256,497260,497262,2,4
497256,497261,497263,2,5
497256,497259,497263,4,3
497256,497259,497263,4,3
497256,497261,497263,2,5
496203,496279,497263,984,76
497256,497261,497263,2,5
497256,497261,497263,2,5
497256,497261,497263,2,5
497256,497262,497264,2,6
497256,497261,497263,2,5
497256,497262,497264,2,6
497256,497261,497265,4,5
497256,497262,497265,3,6
497256,497262,497265,3,6
497256,497262,497264,2,6
497256,497263,497265,2,7
497256,497263,497265,2,7
497256,497261,497264,3,5
497256,497263,497265,2,7
497256,497263,497265,2,7
497242,497243,497258,15,1
497256,497262,497265,3,6
497256,497261,497265,4,5
497256,497263,497265,2,7
497256,497264,497266,2,8
497256,497264,497266,2,8
497242,497243,497266,23,1
497256,497263,497266,3,7
497256,497263,497267,4,7
497256,497264,497266,2,8
497256,497263,497268,5,7
497256,497265,497268,3,9
497256,497265,497268,3,9
497256,497265,497267,2,9
497256,497265,497268,3,9
497256,497265,497267,2,9
497256,497265,497268,3,9
497256,497265,497268,3,9
497256,497266,497269,3,10
497256,497266,497269,3,10
497242,497253,497269,16,11
497256,497265,497270,5,9
497256,497266,497270,4,10
497256,497265,497270,5,9
497256,497268,497270,2,12
497256,497266,497270,4,10
497256,497266,497271,5,10
497256,497267,497271,4,11
497264,497269,497272,3,5
497264,497269,497272,3,5
497264,497270,497271,1,6
497256,497267,497272,5,11
497264,497268,497272,4,4
497264,497268,497272,4,4
497264,497268,497272,4,4
497264,497269,497272,3,5
497264,497271,497273,2,7
497264,497268,497272,4,4
497264,497270,497273,3,6
497264,497268,497273,5,4
497242,497243,497273,30,1
497264,497272,497273,1,8
497264,497272,497273,1,8
497264,497272,497273,1,8
497264,497271,497274,3,7
497264,497270,497274,4,6
497264,497272,497274,2,8
497264,497273,497274,1,9
497264,497273,497274,1,9
497264,497273,497274,1,9
497264,497271,497275,4,7
497264,497273,497275,2,9
497264,497272,497275,3,8
497264,497271,497275,4,7
497264,497274,497276,2,10
497264,497274,497276,2,10
497264,497274,497276,2,10
496209,496304,497276,972,95
497264,497270,497276,6,6
497264,497273,497276,3,9
497264,497275,497276,1,11
497264,497275,497277,2,11
497264,497275,497277,2,11
497264,497273,497276,3,9
497264,497274,497276,2,10
497264,497272,497276,4,8
497264,497275,497277,2,11
497264,497276,497278,2,12
497264,497276,497278,2,12
497264,497274,497278,4,10
497264,497276,497278,2,12
497264,497277,497279,2,13
497264,497277,497279,2,13
497264,497276,497278,2,12
497264,497277,497279,2,13
497264,497275,497278,3,11
497264,497276,497279,3,12
497264,497277,497279,2,13
497264,497277,497279,2,13
497264,497275,497279,4,11
497264,497277,497280,3,13
497264,497278,497280,2,14
497242,497243,497273,30,1
497264,497276,497281,5,12
497264,497278,497280,2,14
497264,497278,497280,2,14
497264,497279,497281,2,15
497264,497279,497282,3,15
497264,497279,497281,2,15
497264,497279,497282,3,15
497264,497279,497281,2,15
497264,497279,497282,3,15
497264,497276,497282,6,12
497264,497279,497282,3,15
497264,497280,497282,2,16
497264,497280,497283,3,16
497264,497277,497283,6,13
497264,497280,497283,3,16
497277,497281,497284,3,4
497277,497282,497284,2,5
497277,497282,497284,2,5
497264,497278,497284,6,14
497277,497283,497284,1,6
497256,497266,497285,19,10
497277,497282,497284,2,5
497277,497282,497285,3,5
497277,497281,497285,4,4
497277,497282,497285,3,5
497277,497283,497285,2,6
497264,497280,497286,6,16
497277,497284,497286,2,7
497277,497284,497286,2,7
497277,497284,497286,2,7
497277,497284,497286,2,7
497277,497285,497286,1,8
497277,497285,497287,2,8
497277,497282,497286,4,5
497277,497284,497287,3,7
497277,497285,497287,2,8
497277,497285,497287,2,8
497277,497283,497287,4,6
497277,497284,497287,3,7
497277,497286,497288,2,9
497277,497286,497288,2,9
497277,497286,497288,2,9
497277,497286,497288,2,9
497277,497286,497288,2,9
497277,497285,497288,3,8
497277,497287,497288,1,10
497277,497287,497289,2,10
497277,497281,497289,8,4
497277,497287,497289,2,10
497277,497287,497289,2,10
497277,497287,497289,2,10
497277,497286,497290,4,9
497277,497287,497290,3,10
497277,497289,497291,2,12
497277,497289,497291,2,12
497277,497288,497290,2,11
497277,497288,497290,2,11
497277,497287,497290,3,10
497277,497289,497291,2,12
497277,497289,497291,2,12
497277,497288,497292,4,11
497277,497289,497291,2,12
497277,497289,497292,3,12
497277,497290,497292,2,13
497277,497290,497292,2,13
497277,497290,497293,3,13
497277,497291,497293,2,14
497277,497291,497293,2,14
497277,497290,497293,3,13
497277,497289,497294,5,12
497277,497288,497293,5,11
497277,497291,497294,3,14
497277,497291,497293,2,14
497277,497290,497294,4,13
497277,497291,497294,3,14
497277,497292,497294,2,15
497277,497292,497294,2,15
497277,497292,497294,2,15
497256,497267,497289,22,11
497264,497274,497289,15,10
497277,497293,497295,2,16
497277,497293,497295,2,16
497242,497253,497296,43,11
497277,497294,497296,2,17
497277,497294,497296,2,17
497277,497293,497296,3,16
497277,497294,497297,3,17
497277,497292,497298,6,15
497277,497293,497298,5,16
496207,496304,497299,995,97
497242,497243,497295,52,1
497277,497281,497300,19,4
497277,497285,497300,15,8
497242,497243,497303,60,1
497264,497270,497307,37,6
496213,496319,497310,991,106
497337,497337,497339,2,0
497337,497337,497339,2,0
497337,497337,497339,2,0
497337,497337,497340,3,0
497337,497337,497340,3,0
497337,497337,497339,2,0
497337,497337,497340,3,0
497337,497337,497340,3,0
497337,497337,497341,4,0
497337,497337,497341,4,0
497337,497337,497341,4,0
497337,497337,497341,4,0
497337,497337,497340,3,0
497337,497337,497341,4,0
497337,497337,497341,4,0
497337,497337,497340,3,0
497337,497337,497341,4,0
497337,497337,497341,4,0
497337,497339,497341,2,2
497337,497340,497342,2,3
497337,497340,497342,2,3
497337,497340,497343,3,3
497337,497340,497343,3,3
497337,497340,497343,3,3
497337,497340,497343,3,3
497337,497340,497342,2,3
497337,497341,497343,2,4
497337,497341,497343,2,4
497337,497341,497343,2,4
497337,497341,497344,3,4
497337,497341,497344,3,4
497337,497341,497344,3,4
497337,497341,497343,2,4
497337,497342,497344,2,5
497337,497341,497345,4,4
497337,497341,497344,3,4
497337,497341,497345,4,4
497337,497341,497345,4,4
497337,497343,497345,2,6
497337,497343,497345,2,6
497337,497343,497345,2,6
497337,497343,497346,3,6
497337,497343,497346,3,6
497337,497343,497346,3,6
497337,497343,497346,3,6
497337,497337,497347,10,0
497337,497337,497347,10,0
497337,497344,497347,3,7
497337,497343,497347,4,6
497337,497343,497347,4,6
497337,497344,497347,3,7
497337,497344,497347,3,7
497337,497344,497347,3,7
497337,497344,497348,4,7
497337,497346,497348,2,9
497337,497346,497348,2,9
497337,497337,497349,12,0
497337,497345,497349,4,8
497337,497347,497349,2,10
497337,497347,497349,2,10
497337,497347,497350,3,10
497337,497348,497349,1,11
497337,497345,497350,5,8
497337,497346,497349,3,9
497337,497348,497350,2,11
497337,497348,497350,2,11
497337,497349,497350,1,12
497337,497349,497350,1,12
497337,497345,497351,6,8
497337,497346,497351,5,9
497337,497348,497351,3,11
497337,497347,497351,4,10
497337,497350,497351,1,13
497337,497350,497352,2,13
497337,497347,497352,5,10
497337,497348,497352,4,11
497337,497348,497352,4,11
497337,497351,497352,1,14
497337,497350,497352,2,13
497337,497350,497352,2,13
497337,497350,497352,2,13
497337,497351,497352,1,14
497337,497351,497353,2,14
497337,497351,497352,1,14
497337,497352,497353,1,15
497337,497352,497354,2,15
497337,497349,497353,4,12
497337,497350,497353,3,13
497337,497352,497354,2,15
497337,497352,497355,3,15
497337,497353,497354,1,16
497337,497353,497355,2,16
497337,497353,497355,2,16
497337,497353,497355,2,16
497337,497352,497355,3,15
497337,497352,497355,3,15
497337,497352,497355,3,15
497337,497352,497355,3,15
497337,497353,497355,2,16
497337,497353,497355,2,16
497337,497353,497355,2,16
497337,497353,497355,2,16
497337,497354,497356,2,17
497337,497347,497356,9,10
497337,497354,497356,2,17
497337,497355,497357,2,18
497337,497355,497357,2,18
497337,497337,497357,20,0
497337,497349,497357,8,12
497337,497354,497357,3,17
497337,497355,497357,2,18
497337,497355,497357,2,18
497337,497356,497358,2,19
497337,497337,497358,21,0
497337,497355,497358,3,18
497337,497356,497358,2,19
497337,497356,497359,3,19
497337,497356,497358,2,19
497337,497356,497359,3,19
497337,497357,497359,2,20
497337,497354,497359,5,17
497337,497354,497359,5,17
497337,497337,497359,22,0
497337,497357,497359,2,20
497337,497357,497359,2,20
497337,497358,497360,2,21
497337,497357,497360,3,20
497337,497356,497360,4,19
497337,497358,497360,2,21
497337,497356,497362,6,19
497337,497357,497362,5,20
497337,497358,497365,7,21
496221,496382,497367,985,161
497337,497358,497369,11,21
497337,497357,497370,13,20
497337,497337,497370,33,0
497337,497356,497378,22,19
497337,497356,497378,22,19
497337,497337,497386,49,0
496228,496400,497386,986,172
497337,497356,497388,32,19
497387,497387,497389,2,0
497387,497387,497389,2,0
497387,497387,497389,2,0
497387,497387,497390,3,0
497387,497387,497390,3,0
497387,497387,497390,3,0
497387,497387,497390,3,0
497387,497387,497390,3,0
497387,497387,497391,4,0
497387,497387,497391,4,0
497387,497387,497391,4,0
497387,497387,497391,4,0
497337,497347,497390,43,10
497387,497387,497391,4,0
497387,497387,497391,4,0
497387,497387,497391,4,0
497387,497389,497391,2,2
497387,497389,497391,2,2
497387,497389,497391,2,2
497387,497387,497391,4,0
497387,497387,497391,4,0
497387,497387,497392,5,0
497387,497391,497393,2,4
497387,497391,497393,2,4
497387,497390,497393,3,3
497387,497390,497393,3,3
497387,497390,497392,2,3
497387,497390,497394,4,3
497387,497391,497394,3,4
497387,497391,497394,3,4
497387,497391,497394,3,4
497387,497391,497394,3,4
497387,497387,497395,8,0
497387,497390,497395,5,3
497387,497391,497395,4,4
497387,497391,497395,4,4
497387,497391,497395,4,4
497387,497391,497394,3,4
497387,497392,497395,3,5
497387,497393,497396,3,6
497387,497394,497396,2,7
496226,496400,497396,996,174
497387,497394,497396,2,7
497387,497394,497396,2,7
497387,497394,497396,2,7
497387,497395,497397,2,8
497387,497395,497397,2,8
497387,497395,497397,2,8
497387,497395,497397,2,8
497387,497396,497398,2,9
497387,497396,497398,2,9
497387,497396,497398,2,9
497387,497387,497399,12,0
497387,497395,497398,3,8
497387,497395,497399,4,8
497387,497397,497399,2,10
497387,497397,497400,3,10
497387,497397,497399,2,10
497387,497397,497400,3,10
497387,497395,497400,5,8
497387,497395,497400,5,8
497387,497395,497400,5,8
497387,497395,497400,5,8
497387,497392,497401,9,5
497387,497392,497401,9,5
497387,497397,497401,4,10
497387,497398,497402,4,11
497387,497398,497401,3,11
497387,497400,497402,2,13
497387,497399,497402,3,12
497387,497398,497402,4,11
497387,497400,497402,2,13
497387,497400,497402,2,13
497387,497398,497403,5,11
497387,497399,497403,4,12
497387,497400,497402,2,13
497387,497398,497402,4,11
497387,497394,497403,9,7
497387,497402,497404,2,15
497387,497402,497404,2,15
497387,497402,497404,2,15
497387,497402,497404,2,15
497387,497400,497404,4,13
497387,497400,497404,4,13
497387,497399,497404,5,12
497387,497400,497404,4,13
497387,497400,497404,4,13
497387,497403,497404,1,16
497387,497403,497405,2,16
497387,497403,497405,2,16
497387,497402,497405,3,15
497387,497403,497405,2,16
497387,497403,497405,2,16
497387,497403,497405,2,16
497387,497403,497405,2,16
497387,497404,497406,2,17
497387,497404,497406,2,17
497387,497405,497407,2,18
497387,497404,497406,2,17
497387,497404,497406,2,17
497387,497404,497407,3,17
497387,497404,497407,3,17
497387,497404,497407,3,17
497387,497405,497407,2,18
497387,497406,497408,2,19
497387,497405,497407,2,18
497387,497406,497408,2,19
497387,497405,497407,2,18
497387,497387,497400,13,0
497387,497406,497408,2,19
497387,497406,497409,3,19
497387,497406,497408,2,19
497387,497406,497408,2,19
497387,497407,497409,2,20
497387,497406,497409,3,19
497387,497404,497409,5,17
497387,497404,497409,5,17
497387,497405,497409,4,18
497387,497405,497409,4,18
497387,497387,497409,22,0
497387,497407,497409,2,20
497387,497407,497410,3,20
497387,497408,497410,2,21
497387,497408,497410,2,21
497387,497408,497410,2,21
497387,497408,497411,3,21
497387,497408,497411,3,21
497387,497408,497410,2,21
497387,497408,497411,3,21
497387,497408,497410,2,21
497387,497409,497411,2,22
497387,497409,497411,2,22
497387,497409,497411,2,22
497387,497409,497412,3,22
497387,497409,497412,3,22
497387,497387,497407,20,0
497412,497412,497414,2,0
497412,497412,497415,3,0
497412,497412,497415,3,0
497412,497413,497415,2,1
497412,497413,497415,2,1
497412,497412,497415,3,0
497412,497412,497415,3,0
497412,497412,497416,4,0
497412,497412,497416,4,0
497412,497412,497416,4,0
497412,497412,497416,4,0
497412,497412,497416,4,0
497412,497412,497416,4,0
497412,497415,497416,1,3
497412,497412,497417,5,0
497412,497412,497417,5,0
497412,497412,497417,5,0
497412,497412,497417,5,0
497412,497412,497417,5,0
497412,497416,497417,1,4
497412,497416,497417,1,4
497387,497391,497410,19,4
497387,497399,497411,12,12
497387,497409,497412,3,22
497412,497416,497418,2,4
497412,497416,497418,2,4
497412,497417,497418,1,5
497412,497416,497418,2,4
497412,497417,497419,2,5
497412,497416,497418,2,4
497412,497412,497419,7,0
497412,497417,497419,2,5
497412,497417,497419,2,5
497412,497417,497420,3,5
497412,497417,497420,3,5
497412,497417,497420,3,5
497412,497418,497420,2,6
497412,497418,497420,2,6
497412,497418,497420,2,6
497412,497419,497421,2,7
497412,497418,497420,2,6
497412,497418,497420,2,6
497412,497418,497420,2,6
497412,497419,497422,3,7
497412,497419,497422,3,7
497412,497419,497421,2,7
497412,497419,497421,2,7
497412,497419,497421,2,7
497412,497418,497422,4,6
497412,497418,497422,4,6
497412,497420,497422,2,8
497412,497420,497422,2,8
497412,497421,497423,2,9
497412,497421,497423,2,9
497412,497422,497423,1,10
497412,497421,497423,2,9
497412,497421,497423,2,9
497412,497422,497424,2,10
497412,497421,497423,2,9
497412,497421,497423,2,9
497412,497422,497424,2,10
497412,497421,497425,4,9
497412,497421,497425,4,9
497412,497421,497425,4,9
497412,497422,497425,3,10
497412,497422,497425,3,10
497412,497419,497426,7,7
497412,497422,497426,4,10
497387,497387,497427,40,0
497387,497389,497430,41,2
497412,497418,497435,17,6
497412,497422,497435,13,10
497412,497418,497437,19,6
497412,497418,497440,22,6
497387,497387,497442,55,0
497412,497418,497446,28,6
496195,496224,497833,1609,29
497835,497835,497837,2,0
497835,497835,497837,2,0
497835,497835,497837,2,0
497835,497835,497838,3,0
497835,497835,497838,3,0
497835,497835,497838,3,0
497835,497835,497838,3,0
497835,497835,497839,4,0
497835,497835,497838,3,0
497835,497835,497838,3,0
497835,497835,497838,3,0
497835,497835,497839,4,0
497835,497835,497839,4,0
497835,497838,497839,1,3
497835,497835,497839,4,0
497835,497838,497839,1,3
497835,497835,497839,4,0
497835,497835,497839,4,0
497835,497835,497840,5,0
497835,497838,497840,2,3
497835,497839,497840,1,4
497835,497839,497841,2,4
497835,497840,497842,2,5
497835,497839,497841,2,4
497835,497839,497841,2,4
497835,497839,497841,2,4
497835,497839,497842,3,4
497835,497840,497842,2,5
497835,497840,497842,2,5
497835,497840,497842,2,5
497835,497840,497842,2,5
497835,497841,497843,2,6
497835,497840,497843,3,5
497835,497840,497843,3,5
497835,497842,497844,2,7
497835,497842,497844,2,7
497835,497841,497843,2,6
497835,497841,497843,2,6
497835,497842,497844,2,7
497835,497842,497845,3,7
497835,497839,497843,4,4
497835,497835,497838,3,0
497835,497841,497845,4,6
497835,497843,497845,2,8
497835,497843,497845,2,8
497835,497843,497845,2,8
497835,497843,497845,2,8
497835,497843,497845,2,8
497835,497835,497845,10,0
497835,497844,497846,2,9
497835,497844,497847,3,9
497835,497844,497847,3,9
497835,497844,497846,2,9
497835,497843,497847,4,8
497835,497845,497848,3,10
497835,497839,497847,8,4
497835,497844,497848,4,9
497835,497846,497848,2,11
497835,497846,497849,3,11
497835,497845,497848,3,10
497835,497844,497849,5,9
497835,497845,497850,5,10
497835,497846,497851,5,11
497835,497845,497850,5,10
497835,497835,497852,17,0
496215,496336,497853,1517,121
497835,497835,497855,20,0
497835,497835,497855,20,0
497835,497835,497857,22,0
497855,497855,497857,2,0
497855,497855,497857,2,0
497855,497855,497857,2,0
497855,497855,497857,2,0
497835,497835,497857,22,0
497855,497855,497859,4,0
497855,497855,497858,3,0
497855,497855,497859,4,0
497855,497855,497858,3,0
497855,497857,497859,2,2
497855,497855,497858,3,0
497855,497855,497859,4,0
497855,497855,497858,3,0
497855,497855,497859,4,0
497835,497835,497856,21,0
497855,497855,497858,3,0
497855,497855,497859,4,0
497855,497857,497859,2,2
497855,497855,497859,4,0
497855,497855,497859,4,0
497855,497858,497860,2,3
497855,497856,497859,3,1
497855,497856,497859,3,1
497855,497859,497861,2,4
497855,497858,497860,2,3
497855,497859,497861,2,4
497855,497859,497861,2,4
497855,497859,497861,2,4
497855,497859,497861,2,4
497855,497855,497861,6,0
497855,497859,497863,4,4
497855,497859,497863,4,4
497855,497860,497862,2,5
497855,497860,497862,2,5
497855,497860,497863,3,5
497855,497860,497863,3,5
497855,497860,497862,2,5
497855,497859,497863,4,4
497855,497861,497863,2,6
497855,497861,497864,3,6
497855,497861,497863,2,6
497855,497862,497864,2,7
497855,497855,497864,9,0
497855,497855,497865,10,0
497855,497862,497864,2,7
497855,497862,497864,2,7
497855,497863,497866,3,8
497855,497863,497866,3,8
497855,497863,497866,3,8
497855,497863,497866,3,8
497855,497863,497866,3,8
497855,497863,497866,3,8
497855,497864,497866,2,9
497855,497864,497867,3,9
497855,497864,497867,3,9
497855,497864,497867,3,9
497855,497863,497867,4,8
497855,497863,497867,4,8
497855,497865,497868,3,10
497855,497865,497868,3,10
497855,497864,497869,5,9
497855,497865,497872,7,10
497855,497865,497873,8,10
497855,497859,497876,17,4
497855,497855,497869,14,0
497855,497859,497882,23,4
497855,497860,497883,23,5
497855,497857,497884,27,2
497855,497855,497882,27,0
497855,497859,497881,22,4
496200,496235,497886,1651,35
497855,497860,497888,28,5
497888,497888,497890,2,0
497888,497888,497890,2,0
497888,497888,497891,3,0
497888,497888,497891,3,0
497888,497888,497891,3,0
497888,497888,497892,4,0
497888,497888,497891,3,0
497888,497888,497892,4,0
497888,497890,497892,2,2
497888,497888,497891,3,0
497888,497888,497891,3,0
497888,497890,497892,2,2
497888,497888,497892,4,0
497888,497888,497892,4,0
497888,497888,497890,2,0
497888,497888,497892,4,0
497888,497891,497893,2,3
497888,497888,497893,5,0
497888,497888,497893,5,0
497888,497888,497894,6,0
497888,497892,497894,2,4
497888,497892,497894,2,4
497888,497892,497894,2,4
497888,497888,497894,6,0
497888,497891,497893,2,3
497888,497888,497895,7,0
497888,497892,497895,3,4
497888,497892,497895,3,4
497888,497892,497895,3,4
497888,497892,497896,4,4
497888,497892,497896,4,4
497888,497892,497896,4,4
497888,497893,497896,3,5
497888,497892,497896,4,4
497888,497893,497896,3,5
497888,497893,497895,2,5
497888,497893,497896,3,5
497888,497894,497896,2,6
497888,497894,497896,2,6
497888,497894,497897,3,6
497888,497894,497896,2,6
497888,497894,497897,3,6
497888,497895,497898,3,7
497888,497895,497898,3,7
497888,497895,497898,3,7
497888,497888,497898,10,0
497855,497859,497889,30,4
497888,497896,497899,3,8
497888,497896,497899,3,8
497888,497896,497899,3,8
497888,497896,497899,3,8
497888,497897,497899,2,9
497888,497897,497899,2,9
497888,497888,497899,11,0
497888,497896,497900,4,8
497888,497897,497900,3,9
497888,497897,497900,3,9
497888,497888,497900,12,0
497888,497896,497901,5,8
497888,497898,497901,3,10
497888,497899,497901,2,11
497888,497898,497901,3,10
497888,497899,497901,2,11
497888,497892,497898,6,4
497888,497894,497902,8,6
497888,497896,497906,10,8
497888,497895,497906,11,7
497888,497888,497911,23,0
497888,497888,497908,20,0
497888,497888,497913,25,0
497888,497888,497914,26,0
496264,496424,497920,1496,160
496211,496319,497929,1610,108
497941,497941,497943,2,0
497941,497941,497943,2,0
497941,497941,497943,2,0
497941,497941,497943,2,0
497941,497941,497944,3,0
497941,497941,497944,3,0
497941,497941,497944,3,0
497941,497941,497944,3,0
497941,497941,497944,3,0
497941,497941,497945,4,0
497941,497941,497945,4,0
497941,497941,497945,4,0
497941,497943,497945,2,2
497941,497941,497944,3,0
497941,497941,497945,4,0
497941,497944,497946,2,3
497941,497941,497945,4,0
497941,497944,497946,2,3
497941,497944,497946,2,3
497941,497945,497947,2,4
497941,497941,497947,6,0
497941,497941,497947,6,0
497941,497945,497947,2,4
497941,497945,497948,3,4
497941,497945,497948,3,4
497941,497945,497947,2,4
497941,497945,497947,2,4
497941,497946,497948,2,5
496413,496446,497948,1502,33
497941,497945,497948,3,4
497941,497945,497949,4,4
497941,497946,497949,3,5
497941,497946,497948,2,5
497941,497946,497949,3,5
497941,497941,497949,8,0
497941,497947,497949,2,6
497941,497941,497949,8,0
497941,497941,497945,4,0
497941,497941,497944,3,0
497941,497947,497949,2,6
497941,497947,497949,2,6
497941,497941,497951,10,0
497941,497948,497951,3,7
497941,497948,497951,3,7
497941,497948,497951,3,7
497941,497948,497951,3,7
497941,497948,497951,3,7
497941,497949,497952,3,8
497941,497949,497951,2,8
497941,497949,497952,3,8
497941,497941,497952,11,0
497941,497941,497953,12,0
497941,497941,497952,11,0
497941,497941,497953,12,0
497941,497950,497953,3,9
497941,497948,497952,4,7
497941,497950,497953,3,9
497941,497950,497952,2,9
497941,497949,497953,4,8
497941,497949,497953,4,8
497941,497949,497955,6,8
497941,497950,497954,4,9
497941,497950,497955,5,9
497942,497951,497955,4,9
497942,497952,497955,3,10
497942,497953,497955,2,11
497942,497953,497955,2,11
497941,497941,497956,15,0
497942,497951,497956,5,9
497942,497951,497955,4,9
497942,497952,497956,4,10
497942,497953,497956,3,11
497942,497951,497956,5,9
497942,497951,497956,5,9
497942,497955,497957,2,13
497941,497941,497957,16,0
497942,497952,497957,5,10
497942,497955,497957,2,13
497942,497956,497957,1,14
497942,497955,497958,3,13
497942,497956,497958,2,14
497942,497954,497958,4,12
497942,497954,497958,4,12
497942,497956,497958,2,14
497941,497948,497956,8,7
497942,497955,497958,3,13
497942,497957,497959,2,15
497942,497956,497959,3,14
497942,497956,497959,3,14
497942,497956,497959,3,14
497942,497957,497959,2,15
497941,497949,497959,10,8
497942,497957,497960,3,15
497942,497957,497960,3,15
497942,497958,497960,2,16
497941,497945,497960,15,4
497942,497957,497960,3,15
497942,497958,497960,2,16
497942,497953,497961,8,11
497942,497959,497961,2,17
497942,497959,497961,2,17
497942,497959,497961,2,17
497942,497958,497962,4,16
497941,497941,497962,21,0
497942,497960,497962,2,18
497942,497960,497962,2,18
497942,497960,497962,2,18
497942,497960,497962,2,18
497941,497950,497960,10,9
497942,497959,497962,3,17
497942,497958,497962,4,16
497942,497953,497963,10,11
497942,497953,497963,10,11
497942,497953,497963,10,11
497942,497961,497963,2,19
497942,497961,497963,2,19
497942,497961,497963,2,19
497942,497961,497964,3,19
497942,497962,497964,2,20
497942,497963,497965,2,21
497942,497962,497964,2,20
497942,497962,497964,2,20
497942,497961,497965,4,19
497942,497961,497965,4,19
497942,497956,497964,8,14
497942,497963,497965,2,21
497942,497963,497965,2,21
497942,497963,497965,2,21
497942,497957,497965,8,15
497942,497951,497966,15,9
497942,497958,497965,7,16
497942,497962,497966,4,20
497942,497955,497965,10,13
497949,497965,497967,2,16
497949,497965,497967,2,16
497942,497953,497967,14,11
497949,497964,497968,4,15
497949,497965,497967,2,16
497942,497960,497967,7,18
497942,497963,497968,5,21
497942,497963,497968,5,21
497949,497964,497968,4,15
497949,497966,497968,2,17
497949,497965,497968,3,16
497949,497966,497968,2,17
497949,497967,497969,2,18
497949,497964,497968,4,15
497949,497966,497968,2,17
497949,497967,497969,2,18
497949,497965,497969,4,16
497949,497964,497969,5,15
497949,497965,497967,2,16
497949,497968,497970,2,19
497949,497966,497970,4,17
497949,497968,497970,2,19
497949,497969,497971,2,20
497949,497969,497971,2,20
497949,497969,497971,2,20
497949,497969,497971,2,20
497949,497969,497971,2,20
497949,497969,497972,3,20
497949,497969,497972,3,20
497949,497969,497971,2,20
497949,497969,497972,3,20
497949,497966,497972,6,17
497949,497969,497972,3,20
497949,497968,497972,4,19
497949,497967,497973,6,18
497949,497970,497973,3,21
497942,497962,497969,7,20
497941,497950,497970,20,9
497949,497971,497973,2,22
497949,497971,497973,2,22
497949,497972,497975,3,23
497949,497972,497974,2,23
497942,497963,497975,12,21
497949,497972,497974,2,23
497949,497972,497974,2,23
497949,497972,497975,3,23
497949,497972,497974,2,23
497949,497972,497975,3,23
497949,497970,497975,5,21
497949,497969,497976,7,20
497949,497972,497976,4,23
497949,497974,497976,2,25
497949,497972,497977,5,23
497949,497973,497978,5,24
497949,497975,497978,3,26
497949,497975,497978,3,26
497949,497968,497977,9,19
497949,497975,497978,3,26
497949,497975,497978,3,26
497949,497975,497977,2,26
497949,497975,497978,3,26
497949,497973,497979,6,24
497949,497975,497980,5,26
497949,497966,497982,16,17
497949,497966,497982,16,17
497949,497968,497983,15,19
497949,497963,497988,25,14
497942,497961,497989,28,19
497949,497966,497985,19,17
497949,497963,497993,30,14
497949,497963,497994,31,14
497949,497972,498001,29,23
497949,497973,498000,27,24
497949,497974,498000,26,25
497949,497975,498003,28,26
497949,497965,498006,41,16
497949,497973,498008,35,24
497949,497973,498010,37,24
497154,497166,498134,968,12
498136,498136,498138,2,0
498136,498136,498138,2,0
498136,498136,498138,2,0
498136,498136,498138,2,0
498136,498136,498138,2,0
498136,498136,498139,3,0
498136,498136,498138,2,0
498136,498136,498139,3,0
498136,498136,498140,4,0
498136,498136,498139,3,0
498136,498136,498140,4,0
498136,498138,498140,2,2
498136,498136,498139,3,0
498136,498136,498140,4,0
498136,498138,498140,2,2
498136,498136,498140,4,0
498136,498136,498140,4,0
498136,498136,498140,4,0
498136,498139,498141,2,3
498136,498139,498141,2,3
498136,498139,498141,2,3
498136,498139,498142,3,3
498136,498139,498141,2,3
498136,498136,498142,6,0
498136,498136,498142,6,0
498136,498136,498143,7,0
498136,498136,498143,7,0
498136,498140,498143,3,4
498136,498140,498143,3,4
498136,498140,498142,2,4
498136,498140,498143,3,4
498136,498140,498144,4,4
498136,498140,498144,4,4
498136,498136,498143,7,0
498136,498141,498143,2,5
498136,498141,498143,2,5
498136,498141,498143,2,5
498136,498141,498144,3,5
498136,498141,498143,2,5
498136,498136,498145,9,0
498136,498142,498144,2,6
498136,498142,498145,3,6
498136,498142,498145,3,6
498136,498142,498145,3,6
498136,498142,498145,3,6
498136,498143,498146,3,7
498136,498143,498146,3,7
498136,498143,498146,3,7
498136,498143,498146,3,7
498136,498144,498147,3,8
498136,498144,498147,3,8
498136,498144,498147,3,8
498136,498144,498146,2,8
498136,498144,498147,3,8
498136,498136,498147,11,0
498136,498136,498148,12,0
498136,498136,498148,12,0
498136,498136,498147,11,0
498136,498136,498149,13,0
498136,498143,498148,5,7
498136,498143,498148,5,7
498136,498144,498149,5,8
498136,498144,498149,5,8
498136,498136,498149,13,0
498136,498136,498150,14,0
498136,498144,498149,5,8
498136,498143,498150,7,7
498136,498136,498156,20,0
498136,498143,498159,16,7
498136,498136,498159,23,0
497243,497253,498193,940,10
498195,498195,498197,2,0
498195,498195,498198,3,0
498195,498195,498197,2,0
498195,498195,498198,3,0
498195,498195,498198,3,0
498195,498195,498198,3,0
498195,498195,498198,3,0
498195,498195,498198,3,0
498195,498195,498198,3,0
498195,498195,498199,4,0
498195,498195,498199,4,0
498195,498195,498199,4,0
498195,498195,498199,4,0
498195,498197,498199,2,2
498195,498195,498200,5,0
498195,498195,498200,5,0
498195,498195,498200,5,0
498195,498195,498201,6,0
498195,498195,498200,5,0
498195,498198,498201,3,3
498195,498195,498201,6,0
498195,498198,498201,3,3
498195,498195,498200,5,0
498195,498198,498201,3,3
498195,498198,498201,3,3
498195,498198,498200,2,3
498195,498198,498201,3,3
498195,498198,498201,3,3
498195,498198,498201,3,3
498195,498195,498202,7,0
498195,498195,498202,7,0
498195,498195,498201,6,0
498195,498195,498201,6,0
498195,498199,498201,2,4
498195,498199,498202,3,4
498195,498199,498202,3,4
498195,498200,498203,3,5
498195,498200,498203,3,5
498195,498199,498203,4,4
498195,498199,498203,4,4
498195,498201,498204,3,6
498195,498201,498204,3,6
498195,498201,498204,3,6
498195,498201,498204,3,6
498195,498201,498204,3,6
498195,498201,498203,2,6
498195,498201,498204,3,6
498195,498201,498204,3,6
498195,498201,498204,3,6
498195,498201,498204,3,6
498195,498202,498205,3,7
498195,498202,498205,3,7
498195,498202,498205,3,7
498195,498201,498205,4,6
498195,498203,498206,3,8
498195,498203,498206,3,8
498195,498202,498207,5,7
498195,498195,498207,12,0
498195,498195,498208,13,0
498195,498201,498209,8,6
498195,498202,498210,8,7
498195,498200,498210,10,5
498195,498202,498210,8,7
498195,498202,498210,8,7
498195,498195,498216,21,0
498195,498195,498216,21,0
498195,498195,498218,23,0
498195,498195,498218,23,0
498195,498195,498221,26,0
498195,498195,498227,32,0
497265,497281,498228,947,16
498254,498254,498256,2,0
498254,498254,498256,2,0
498254,498254,498256,2,0
498254,498254,498256,2,0
498254,498254,498257,3,0
498254,498254,498257,3,0
498254,498254,498257,3,0
498254,498254,498256,2,0
498254,498254,498257,3,0
498254,498254,498257,3,0
498254,498254,498258,4,0
498254,498254,498258,4,0
498254,498254,498258,4,0
498254,498254,498258,4,0
498254,498254,498258,4,0
498254,498254,498258,4,0
498254,498257,498258,1,3
498254,498254,498258,4,0
498254,498254,498258,4,0
498254,498254,498259,5,0
498254,498254,498259,5,0
498254,498257,498259,2,3
498254,498254,498259,5,0
498254,498257,498259,2,3
498254,498257,498259,2,3
498254,498257,498260,3,3
498254,498254,498260,6,0
498254,498258,498260,2,4
498254,498258,498260,2,4
498254,498258,498260,2,4
498254,498258,498260,2,4
498254,498258,498260,2,4
498254,498259,498261,2,5
498254,498254,498261,7,0
498254,498259,498261,2,5
498254,498259,498261,2,5
498254,498259,498261,2,5
498254,498259,498261,2,5
498254,498259,498261,2,5
498254,498260,498262,2,6
498254,498260,498262,2,6
498254,498260,498262,2,6
498254,498260,498263,3,6
498254,498261,498263,2,7
498254,498261,498263,2,7
498254,498261,498263,2,7
498254,498261,498263,2,7
498254,498261,498263,2,7
498254,498261,498263,2,7
498254,498261,498264,3,7
498254,498259,498264,5,5
498254,498260,498264,4,6
498254,498262,498264,2,8
498254,498262,498264,2,8
498254,498262,498265,3,8
498254,498254,498264,10,0
498254,498258,498265,7,4
498254,498254,498265,11,0
498254,498254,498266,12,0
498254,498254,498266,12,0
498254,498254,498266,12,0
498254,498255,498266,11,1
498254,498254,498267,13,0
498254,498254,498267,13,0
498254,498254,498267,13,0
498254,498261,498267,6,7
498254,498262,498268,6,8
498254,498259,498268,9,5
498254,498260,498269,9,6
498254,498254,498272,18,0
496788,496802,498296,1494,14
497338,497359,498298,939,21
498297,498298,498299,1,1
498297,498298,498300,2,1
498297,498298,498300,2,1
498297,498298,498300,2,1
498297,498298,498300,2,1
498297,498298,498300,2,1
498297,498298,498301,3,1
498297,498298,498300,2,1
498297,498298,498300,2,1
498297,498298,498300,2,1
498297,498298,498301,3,1
498297,498298,498302,4,1
498297,498298,498301,3,1
498297,498298,498301,3,1
498297,498298,498301,3,1
498297,498300,498301,1,3
498297,498299,498301,2,2
498297,498298,498302,4,1
498297,498298,498302,4,1
498297,498298,498302,4,1
498297,498298,498302,4,1
498297,498298,498302,4,1
498297,498298,498302,4,1
498297,498301,498303,2,4
498297,498301,498303,2,4
498297,498301,498303,2,4
498297,498301,498303,2,4
498297,498301,498303,2,4
498297,498301,498303,2,4
498297,498301,498303,2,4
498297,498301,498303,2,4
498297,498301,498303,2,4
498297,498298,498304,6,1
498297,498303,498305,2,6
498297,498302,498304,2,5
498297,498302,498304,2,5
498297,498302,498304,2,5
498297,498303,498305,2,6
498297,498303,498305,2,6
498297,498303,498305,2,6
498297,498298,498306,8,1
498297,498298,498306,8,1
498297,498298,498306,8,1
498297,498298,498303,5,1
498297,498298,498306,8,1
498297,498302,498306,4,5
498297,498302,498306,4,5
498297,498304,498306,2,7
498297,498304,498306,2,7
498297,498304,498306,2,7
498297,498304,498306,2,7
498297,498303,498306,3,6
498297,498304,498306,2,7
498297,498304,498306,2,7
498297,498304,498306,2,7
498297,498304,498306,2,7
498297,498304,498306,2,7
498297,498298,498308,10,1
498297,498305,498307,2,8
498297,498305,498307,2,8
498299,498305,498308,3,6
498297,498302,498308,6,5
498299,498307,498309,2,8
498299,498305,498309,4,6
498299,498307,498309,2,8
498299,498306,498308,2,7
498297,498303,498309,6,6
498299,498307,498309,2,8
498299,498307,498309,2,8
498299,498307,498309,2,8
498299,498307,498309,2,8
498299,498307,498310,3,8
498299,498306,498309,3,7
498299,498307,498309,2,8
498299,498306,498310,4,7
498299,498307,498310,3,8
498299,498307,498309,2,8
498299,498308,498310,2,9
498299,498308,498310,2,9
498299,498309,498311,2,10
498299,498309,498311,2,10
498299,498308,498310,2,9
498297,498302,498311,9,5
498299,498307,498311,4,8
498299,498307,498311,4,8
498299,498307,498311,4,8
498299,498310,498312,2,11
498299,498309,498312,3,10
498299,498309,498311,2,10
498297,498305,498312,7,8
498299,498310,498313,3,11
498299,498310,498312,2,11
498299,498310,498313,3,11
498299,498310,498312,2,11
498299,498310,498313,3,11
498299,498310,498312,2,11
498299,498310,498313,3,11
498299,498310,498312,2,11
498299,498310,498313,3,11
498299,498311,498313,2,12
498299,498307,498314,7,8
498299,498311,498313,2,12
498299,498311,498314,3,12
498299,498311,498313,2,12
498299,498311,498313,2,12
498299,498307,498314,7,8
498299,498312,498314,2,13
498299,498312,498314,2,13
498299,498312,498314,2,13
498299,498309,498315,6,10
498299,498313,498316,3,14
498299,498313,498316,3,14
498299,498313,498315,2,14
498299,498313,498316,3,14
498299,498313,498315,2,14
498299,498313,498316,3,14
498299,498313,498315,2,14
498299,498313,498315,2,14
498299,498313,498317,4,14
498299,498312,498317,5,13
498299,498312,498316,4,13
498299,498314,498317,3,15
498299,498313,498316,3,14
498299,498314,498317,3,15
498299,498313,498316,3,14
498299,498314,498317,3,15
498299,498314,498316,2,15
498297,498298,498310,12,1
498297,498298,498310,12,1
498299,498307,498317,10,8
496796,496821,498318,1497,25
498299,498312,498318,6,13
498299,498314,498318,4,15
498318,498318,498320,2,0
498297,498298,498320,22,1
498318,498318,498320,2,0
498318,498318,498320,2,0
498318,498318,498320,2,0
498318,498318,498321,3,0
498318,498318,498320,2,0
498318,498318,498321,3,0
498318,498318,498320,2,0
498318,498318,498320,2,0
498318,498318,498321,3,0
498318,498318,498322,4,0
498318,498318,498322,4,0
498318,498320,498322,2,2
498318,498318,498322,4,0
498318,498318,498322,4,0
498318,498318,498321,3,0
498318,498318,498322,4,0
498318,498320,498322,2,2
498318,498320,498322,2,2
498318,498318,498322,4,0
498318,498318,498323,5,0
498318,498318,498322,4,0
498318,498318,498322,4,0
498318,498321,498324,3,3
498318,498321,498323,2,3
498318,498321,498323,2,3
498318,498321,498323,2,3
498318,498321,498323,2,3
498318,498321,498324,3,3
498318,498321,498324,3,3
498318,498322,498324,2,4
498318,498318,498324,6,0
498318,498322,498324,2,4
498318,498322,498325,3,4
498318,498322,498325,3,4
498318,498322,498325,3,4
498318,498322,498325,3,4
498318,498323,498325,2,5
498318,498322,498324,2,4
498318,498323,498325,2,5
498297,498298,498325,27,1
498318,498323,498326,3,5
498318,498322,498327,5,4
498318,498325,498327,2,7
498318,498324,498327,3,6
498318,498324,498327,3,6
498318,498324,498327,3,6
498299,498307,498324,17,8
498318,498324,498327,3,6
498318,498324,498327,3,6
498318,498324,498327,3,6
498318,498324,498327,3,6
498318,498324,498327,3,6
498318,498319,498328,9,1
498318,498323,498328,5,5
498318,498325,498328,3,7
498318,498325,498328,3,7
498318,498325,498328,3,7
498318,498325,498328,3,7
498318,498325,498328,3,7
498318,498325,498328,3,7
498318,498325,498328,3,7
498318,498322,498329,7,4
498297,498298,498329,31,1
498299,498310,498331,21,11
498297,498298,498331,33,1
498318,498325,498332,7,7
498318,498318,498333,15,0
498299,498312,498333,21,13
498318,498318,498327,9,0
498318,498320,498327,7,2
498299,498308,498335,27,9
498318,498319,498335,16,1
498318,498318,498337,19,0
498318,498318,498337,19,0
498318,498326,498338,12,8
497388,497409,498346,937,21
498353,498353,498355,2,0
498353,498353,498355,2,0
498353,498353,498355,2,0
498353,498353,498355,2,0
498353,498353,498355,2,0
498353,498353,498355,2,0
498353,498353,498355,2,0
498353,498353,498355,2,0
498353,498353,498355,2,0
498353,498353,498356,3,0
498353,498353,498355,2,0
498353,498353,498357,4,0
498353,498353,498357,4,0
498353,498353,498357,4,0
498353,498353,498357,4,0
498353,498353,498356,3,0
498353,498353,498356,3,0
498353,498353,498356,3,0
498353,498353,498357,4,0
498353,498353,498357,4,0
498353,498355,498357,2,2
498353,498356,498358,2,3
498353,498356,498358,2,3
498353,498355,498357,2,2
498353,498356,498358,2,3
498353,498356,498359,3,3
498353,498356,498359,3,3
498353,498356,498359,3,3
498353,498356,498359,3,3
498353,498356,498359,3,3
498353,498356,498358,2,3
498353,498353,498359,6,0
498353,498353,498360,7,0
498353,498357,498359,2,4
498353,498357,498360,3,4
498353,498357,498359,2,4
498353,498358,498360,2,5
498353,498358,498360,2,5
498353,498358,498360,2,5
498353,498359,498361,2,6
498353,498358,498360,2,5
498353,498359,498361,2,6
498353,498353,498362,9,0
498353,498357,498361,4,4
498353,498357,498361,4,4
498353,498359,498362,3,6
498353,498359,498362,3,6
498353,498359,498362,3,6
498353,498359,498362,3,6
498353,498359,498361,2,6
498353,498353,498362,9,0
498353,498353,498362,9,0
498353,498353,498362,9,0
498353,498353,498363,10,0
498353,498357,498362,5,4
498353,498357,498362,5,4
498353,498357,498362,5,4
498353,498357,498362,5,4
498353,498353,498364,11,0
498353,498360,498363,3,7
498353,498360,498365,5,7
498353,498353,498364,11,0
498353,498353,498368,15,0
498353,498353,498368,15,0
498353,498360,498369,9,7
498318,498318,498372,54,0
498353,498353,498381,28,0
498353,498353,498381,28,0
498353,498353,498381,28,0
498353,498353,498395,42,0
498353,498353,498400,47,0
497456,497456,498434,978,0
498434,498435,498437,2,1
498434,498435,498437,2,1
498434,498435,498437,2,1
498434,498435,498437,2,1
498434,498435,498437,2,1
498434,498435,498437,2,1
498434,498435,498437,2,1
498434,498435,498437,2,1
498434,498435,498437,2,1
498434,498435,498437,2,1
498434,498435,498437,2,1
498434,498435,498437,2,1
498434,498435,498437,2,1
498434,498435,498438,3,1
498434,498435,498438,3,1
498434,498435,498438,3,1
498434,498435,498438,3,1
498434,498435,498439,4,1
498434,498435,498438,3,1
498434,498435,498438,3,1
498434,498435,498439,4,1
498434,498435,498439,4,1
498434,498435,498439,4,1
498434,498437,498439,2,3
498434,498437,498439,2,3
498434,498438,498440,2,4
498434,498438,498440,2,4
498434,498438,498440,2,4
498434,498438,498440,2,4
498434,498438,498440,2,4
498434,498438,498440,2,4
498434,498438,498440,2,4
498434,498438,498440,2,4
498434,498438,498440,2,4
498434,498438,498440,2,4
498434,498438,498440,2,4
498434,498439,498441,2,5
498434,498435,498442,7,1
498434,498439,498441,2,5
498434,498439,498442,3,5
498434,498439,498441,2,5
498434,498439,498442,3,5
498434,498439,498442,3,5
498434,498439,498443,4,5
498434,498440,498442,2,6
498434,498440,498442,2,6
498434,498440,498442,2,6
498434,498440,498442,2,6
498434,498435,498443,8,1
498434,498440,498443,3,6
498434,498441,498443,2,7
498434,498441,498444,3,7
498434,498441,498444,3,7
498434,498441,498444,3,7
498434,498435,498444,9,1
498434,498441,498444,3,7
498434,498435,498445,10,1
498434,498435,498445,10,1
498434,498435,498445,10,1
498434,498435,498445,10,1
498434,498435,498446,11,1
498434,498435,498447,12,1
498434,498435,498446,11,1
498434,498435,498447,12,1
498434,498435,498447,12,1
498434,498440,498448,8,6
496914,496962,498448,1486,48
498434,498435,498449,14,1
498434,498440,498449,9,6
498449,498449,498451,2,0
498449,498449,498451,2,0
498449,498449,498451,2,0
498449,498449,498451,2,0
498449,498449,498451,2,0
498449,498449,498451,2,0
498449,498449,498451,2,0
498449,498449,498451,2,0
498449,498449,498451,2,0
498449,498449,498451,2,0
498449,498449,498453,4,0
498449,498449,498453,4,0
498449,498449,498453,4,0
498449,498449,498452,3,0
498449,498449,498453,4,0
498449,498449,498452,3,0
498449,498449,498453,4,0
498449,498449,498453,4,0
498449,498449,498452,3,0
498449,498449,498453,4,0
498449,498451,498453,2,2
498449,498449,498453,4,0
498449,498449,498453,4,0
498449,498450,498454,4,1
498449,498449,498454,5,0
498449,498449,498453,4,0
498449,498451,498453,2,2
498449,498451,498454,3,2
498449,498451,498453,2,2
498449,498452,498454,2,3
498449,498452,498455,3,3
498449,498452,498454,2,3
498449,498452,498455,3,3
498449,498452,498455,3,3
498449,498452,498455,3,3
498449,498453,498456,3,4
498449,498453,498456,3,4
498449,498453,498456,3,4
498449,498453,498455,2,4
498449,498453,498456,3,4
498449,498453,498455,2,4
498449,498453,498456,3,4
498449,498453,498456,3,4
498434,498435,498451,16,1
498449,498449,498453,4,0
498449,498453,498457,4,4
498449,498449,498457,8,0
498449,498453,498457,4,4
498449,498454,498457,3,5
498449,498454,498457,3,5
498449,498454,498457,3,5
498449,498454,498457,3,5
498449,498454,498456,2,5
498449,498454,498457,3,5
498449,498449,498457,8,0
498449,498453,498457,4,4
498449,498455,498458,3,6
498449,498455,498458,3,6
498449,498449,498459,10,0
498449,498449,498459,10,0
498449,498454,498459,5,5
498449,498455,498458,3,6
498449,498449,498463,14,0
498449,498449,498459,10,0
498449,498454,498466,12,5
498434,498435,498469,34,1
498449,498454,498471,17,5
498449,498449,498473,24,0
498449,498449,498468,19,0
498449,498449,498478,29,0
498449,498449,498487,38,0
497480,497480,498488,1008,0
498449,498449,498489,40,0
498492,498492,498495,3,0
498492,498492,498494,2,0
498492,498492,498494,2,0
498492,498492,498494,2,0
498492,498492,498494,2,0
498492,498492,498494,2,0
498492,498492,498494,2,0
498492,498492,498494,2,0
498492,498492,498494,2,0
498492,498492,498494,2,0
498492,498492,498495,3,0
498492,498492,498494,2,0
498492,498492,498496,4,0
498492,498492,498495,3,0
498492,498492,498495,3,0
498492,498492,498495,3,0
498492,498492,498495,3,0
498492,498492,498496,4,0
498492,498492,498496,4,0
498492,498495,498497,2,3
498492,498495,498498,3,3
498492,498495,498497,2,3
498492,498495,498498,3,3
498492,498495,498497,2,3
498492,498495,498497,2,3
498492,498495,498497,2,3
498492,498495,498497,2,3
498492,498495,498498,3,3
498492,498495,498498,3,3
498492,498495,498497,2,3
498492,498495,498497,2,3
498492,498496,498499,3,4
498492,498496,498499,3,4
498492,498496,498499,3,4
498492,498496,498499,3,4
498492,498492,498500,8,0
498492,498497,498499,2,5
498492,498496,498500,4,4
498492,498498,498500,2,6
498492,498498,498501,3,6
498492,498498,498501,3,6
498492,498498,498501,3,6
498492,498498,498501,3,6
498492,498498,498501,3,6
498492,498498,498501,3,6
498492,498498,498501,3,6
498492,498498,498501,3,6
498492,498498,498501,3,6
498492,498497,498502,5,5
498492,498492,498504,12,0
498492,498492,498504,12,0
498492,498492,498504,12,0
498492,498492,498504,12,0
498492,498492,498504,12,0
498492,498492,498507,15,0
498492,498492,498507,15,0
498492,498492,498507,15,0
498492,498497,498506,9,5
498492,498492,498507,15,0
498492,498492,498508,16,0
498492,498492,498508,16,0
498492,498492,498508,16,0
498492,498492,498510,18,0
498492,498492,498512,20,0
498492,498492,498513,21,0
498492,498492,498513,21,0
498492,498492,498513,21,0
498492,498492,498513,21,0
498492,498492,498522,30,0
498492,498492,498546,54,0
497158,497182,498689,1507,24
498691,498691,498693,2,0
498691,498691,498693,2,0
498691,498691,498693,2,0
498691,498691,498694,3,0
498691,498691,498693,2,0
498691,498691,498693,2,0
498691,498691,498694,3,0
498691,498691,498693,2,0
498691,498691,498694,3,0
498691,498691,498693,2,0
498691,498691,498693,2,0
498691,498691,498693,2,0
498691,498691,498693,2,0
498691,498691,498695,4,0
498691,498691,498695,4,0
498691,498691,498694,3,0
498691,498691,498695,4,0
498691,498691,498694,3,0
498691,498693,498695,2,2
498691,498693,498695,2,2
498691,498691,498695,4,0
498691,498691,498695,4,0
498691,498691,498696,5,0
498691,498691,498696,5,0
498691,498691,498696,5,0
498691,498694,498696,2,3
498691,498693,498695,2,2
498691,498694,498696,2,3
498691,498691,498696,5,0
498691,498694,498697,3,3
498691,498694,498697,3,3
498691,498694,498696,2,3
498691,498691,498696,5,0
498691,498694,498697,3,3
498691,498694,498697,3,3
498691,498694,498696,2,3
498691,498694,498697,3,3
498691,498694,498696,2,3
498691,498691,498698,7,0
498691,498691,498698,7,0
498691,498695,498698,3,4
498691,498695,498698,3,4
498691,498695,498698,3,4
498691,498695,498698,3,4
498691,498695,498698,3,4
498691,498695,498698,3,4
498691,498691,498699,8,0
498691,498696,498699,3,5
498691,498696,498699,3,5
498691,498696,498699,3,5
498691,498696,498699,3,5
498691,498696,498699,3,5
498691,498691,498701,10,0
498691,498691,498701,10,0
498691,498691,498701,10,0
498691,498696,498701,5,5
498691,498696,498702,6,5
498691,498691,498703,12,0
498691,498691,498703,12,0
498691,498697,498702,5,6
498691,498691,498704,13,0
498691,498691,498704,13,0
498691,498691,498704,13,0
498691,498691,498707,16,0
498691,498696,498707,11,5
498691,498691,498708,17,0
498691,498691,498709,18,0
498691,498691,498711,20,0
498691,498691,498713,22,0
498691,498695,498715,20,4
497257,497268,498744,1476,11
498745,498745,498747,2,0
498745,498745,498747,2,0
498745,498745,498747,2,0
498745,498745,498747,2,0
498745,498745,498747,2,0
498745,498745,498747,2,0
498745,498745,498747,2,0
498745,498745,498747,2,0
498745,498745,498747,2,0
498745,498745,498747,2,0
498745,498745,498747,2,0
498745,498745,498747,2,0
498745,498745,498747,2,0
498745,498745,498747,2,0
498745,498745,498749,4,0
498745,498745,498748,3,0
498745,498745,498749,4,0
498745,498745,498748,3,0
498745,498745,498748,3,0
498745,498745,498749,4,0
498745,498745,498749,4,0
498745,498747,498749,2,2
498745,498747,498749,2,2
498745,498748,498750,2,3
498745,498747,498749,2,2
498745,498748,498750,2,3
498745,498748,498750,2,3
498745,498748,498750,2,3
498745,498748,498750,2,3
498745,498748,498750,2,3
498745,498748,498750,2,3
498745,498748,498750,2,3
498745,498748,498751,3,3
498745,498748,498750,2,3
498745,498748,498750,2,3
498745,498749,498752,3,4
498745,498749,498751,2,4
498745,498749,498751,2,4
498745,498749,498751,2,4
498745,498750,498753,3,5
498745,498750,498753,3,5
498745,498750,498752,2,5
498745,498750,498753,3,5
498745,498750,498753,3,5
498745,498750,498752,2,5
498745,498745,498753,8,0
498745,498745,498754,9,0
498745,498751,498753,2,6
498745,498751,498753,2,6
498745,498751,498754,3,6
498745,498745,498754,9,0
498745,498745,498755,10,0
498745,498745,498754,9,0
498745,498745,498754,9,0
498745,498745,498754,9,0
498745,498745,498754,9,0
498745,498745,498755,10,0
498745,498745,498757,12,0
498745,498749,498757,8,4
498745,498745,498759,14,0
498745,498745,498758,13,0
498745,498745,498758,13,0
498745,498745,498758,13,0
498745,498745,498759,14,0
498745,498745,498765,20,0
498745,498745,498766,21,0
498745,498745,498765,20,0
498745,498745,498766,21,0
498745,498745,498767,22,0
498745,498745,498766,21,0
497279,497294,498809,1515,15
498810,498810,498812,2,0
498810,498810,498812,2,0
498810,498810,498812,2,0
498810,498810,498813,3,0
498810,498810,498813,3,0
498810,498810,498813,3,0
498810,498810,498813,3,0
498810,498810,498812,2,0
498810,498810,498813,3,0
498810,498810,498812,2,0
498810,498810,498813,3,0
498810,498810,498813,3,0
498810,498810,498812,2,0
498810,498810,498812,2,0
498810,498810,498813,3,0
498810,498810,498814,4,0
498810,498810,498813,3,0
498810,498810,498814,4,0
498810,498810,498815,5,0
498810,498810,498815,5,0
498810,498810,498815,5,0
498810,498812,498815,3,2
498810,498812,498815,3,2
498810,498812,498815,3,2
498810,498813,498816,3,3
498810,498813,498815,2,3
498810,498813,498816,3,3
498810,498813,498816,3,3
498810,498813,498816,3,3
498810,498813,498816,3,3
498810,498813,498816,3,3
498810,498813,498816,3,3
498810,498813,498816,3,3
498810,498815,498816,1,5
498810,498814,498816,2,4
498810,498814,498816,2,4
498810,498815,498817,2,5
498810,498815,498818,3,5
498810,498815,498817,2,5
498810,498816,498817,1,6
498810,498810,498818,8,0
498810,498810,498818,8,0
498810,498810,498818,8,0
498810,498816,498818,2,6
498810,498816,498818,2,6
498810,498816,498818,2,6
498810,498816,498818,2,6
498810,498810,498819,9,0
498810,498817,498819,2,7
498810,498817,498819,2,7
498810,498817,498819,2,7
498810,498810,498820,10,0
498810,498810,498820,10,0
498810,498810,498820,10,0
498810,498810,498822,12,0
498810,498810,498823,13,0
498810,498810,498823,13,0
498810,498810,498822,12,0
498810,498810,498823,13,0
498810,498815,498824,9,5
498810,498810,498826,16,0
498810,498810,498821,11,0
498810,498810,498827,17,0
498810,498810,498830,20,0
498810,498810,498823,13,0
498810,498810,498822,12,0
498810,498810,498832,22,0
498810,498810,498833,23,0
498810,498810,498839,29,0
498810,498810,498840,30,0
497413,497423,498939,1516,10
498941,498941,498943,2,0
498941,498941,498943,2,0
498941,498941,498944,3,0
498941,498941,498944,3,0
498941,498941,498944,3,0
498941,498941,498944,3,0
498941,498941,498943,2,0
498941,498941,498944,3,0
498941,498941,498944,3,0
498941,498941,498943,2,0
498941,498941,498944,3,0
498941,498941,498943,2,0
498941,498941,498944,3,0
498941,498941,498943,2,0
498941,498941,498945,4,0
498941,498941,498944,3,0
498941,498941,498945,4,0
498941,498941,498945,4,0
498941,498941,498944,3,0
498941,498941,498945,4,0
498941,498943,498945,2,2
498941,498944,498947,3,3
498941,498944,498947,3,3
498941,498944,498947,3,3
498941,498944,498947,3,3
498941,498944,498947,3,3
498941,498944,498947,3,3
498941,498944,498947,3,3
498941,498944,498947,3,3
498941,498944,498947,3,3
498941,498944,498947,3,3
498941,498944,498946,2,3
498941,498945,498947,2,4
498941,498944,498947,3,3
498941,498944,498947,3,3
498941,498941,498948,7,0
498941,498945,498948,3,4
498941,498945,498948,3,4
498941,498945,498948,3,4
498941,498945,498948,3,4
498941,498941,498948,7,0
498941,498941,498948,7,0
498941,498946,498949,3,5
498941,498946,498949,3,5
498941,498941,498949,8,0
498941,498947,498950,3,6
498941,498948,498950,2,7
498941,498948,498950,2,7
498941,498948,498950,2,7
498941,498948,498950,2,7
498941,498941,498951,10,0
498941,498941,498951,10,0
498941,498941,498951,10,0
498941,498941,498951,10,0
498941,498941,498951,10,0
498941,498941,498953,12,0
498941,498941,498953,12,0
498941,498941,498953,12,0
498941,498941,498953,12,0
498941,498941,498953,12,0
498941,498941,498953,12,0
498941,498941,498952,11,0
498941,498941,498953,12,0
498941,498941,498953,12,0
498941,498941,498953,12,0
498941,498941,498953,12,0
498941,498941,498954,13,0
498941,498941,498951,10,0
498941,498941,498961,20,0
498941,498941,498965,24,0
401699,401699,505691,103992,0
506932,506932,507880,948,0
506929,506929,507882,953,0
507883,507883,507886,3,0
507883,507883,507886,3,0
507883,507883,507885,2,0
507883,507883,507888,5,0
507883,507883,507888,5,0
507883,507886,507889,3,3
507883,507883,507888,5,0
507883,507883,507888,5,0
507883,507886,507889,3,3
507883,507886,507889,3,3
507883,507883,507890,7,0
507883,507883,507889,6,0
507883,507883,507892,9,0
507883,507883,507892,9,0
507883,507888,507892,4,5
507883,507890,507892,2,7
506935,506935,507892,957,0
507883,507883,507891,8,0
507883,507883,507893,10,0
507883,507883,507893,10,0
506950,506951,507893,942,1
507883,507889,507893,4,6
507883,507889,507893,4,6
506937,506937,507893,956,0
507883,507883,507894,11,0
507883,507883,507894,11,0
507883,507888,507894,6,5
507883,507883,507895,12,0
507883,507883,507895,12,0
507883,507893,507895,2,10
507883,507893,507895,2,10
507883,507894,507895,1,11
507883,507893,507895,2,10
507883,507893,507896,3,10
507883,507893,507896,3,10
507883,507894,507897,3,11
507883,507883,507894,11,0
507883,507892,507896,4,9
507883,507890,507897,7,7
507883,507893,507897,4,10
507883,507889,507897,8,6
507883,507889,507897,8,6
507883,507896,507898,2,13
507883,507896,507898,2,13
507883,507890,507898,8,7
507883,507893,507897,4,10
507883,507883,507898,15,0
507883,507883,507898,15,0
506948,506949,507898,949,1
507883,507896,507898,2,13
507883,507896,507898,2,13
507883,507883,507899,16,0
507883,507896,507899,3,13
507883,507897,507899,2,14
507883,507894,507899,5,11
506945,506945,507899,954,0
507883,507883,507899,16,0
507883,507898,507900,2,15
507883,507898,507900,2,15
507883,507897,507900,3,14
506934,506934,507901,967,0
507883,507883,507899,16,0
507883,507895,507899,4,12
507883,507900,507903,3,17
507883,507900,507902,2,17
507883,507899,507903,4,16
507883,507900,507902,2,17
507883,507901,507903,2,18
507883,507898,507903,5,15
507883,507900,507903,3,17
507883,507899,507903,4,16
507883,507902,507904,2,19
507883,507899,507903,4,16
507883,507901,507903,2,18
507883,507892,507902,10,9
507883,507897,507903,6,14
507883,507901,507904,3,18
507883,507898,507904,6,15
507883,507903,507905,2,20
507883,507897,507904,7,14
507883,507903,507905,2,20
507883,507903,507905,2,20
507883,507903,507905,2,20
507883,507903,507905,2,20
507883,507904,507906,2,21
506931,506931,507906,975,0
507883,507904,507907,3,21
507883,507904,507908,4,21
507883,507905,507907,2,22
507883,507898,507908,10,15
507883,507904,507908,4,21
507883,507906,507908,2,23
507883,507906,507908,2,23
507883,507906,507909,3,23
507883,507906,507909,3,23
507883,507904,507909,5,21
507883,507904,507909,5,21
507883,507907,507909,2,24
507883,507907,507909,2,24
507883,507883,507910,27,0
507883,507894,507909,15,11
507883,507895,507910,15,12
507883,507904,507910,6,21
507883,507908,507910,2,25
506951,506953,507911,958,2
506954,506954,507911,957,0
507883,507908,507911,3,25
507883,507908,507910,2,25
507883,507898,507911,13,15
507883,507905,507911,6,22
506939,506939,507911,972,0
507883,507905,507912,7,22
507883,507909,507911,2,26
507883,507909,507911,2,26
507883,507909,507912,3,26
507883,507909,507912,3,26
507883,507909,507912,3,26
507883,507909,507912,3,26
507883,507883,507912,29,0
507883,507910,507912,2,27
507883,507897,507904,7,14
507883,507911,507913,2,28
507883,507910,507912,2,27
507883,507909,507913,4,26
507883,507911,507914,3,28
507883,507911,507914,3,28
507883,507911,507913,2,28
507883,507908,507914,6,25
507883,507911,507914,3,28
507883,507912,507915,3,29
507883,507912,507915,3,29
507883,507911,507915,4,28
507883,507912,507915,3,29
507883,507911,507915,4,28
507894,507914,507916,2,20
507894,507914,507916,2,20
507883,507912,507916,4,29
507883,507912,507916,4,29
506928,506928,507916,988,0
507894,507912,507917,5,18
507894,507914,507917,3,20
507883,507912,507917,5,29
507894,507916,507918,2,22
507894,507915,507917,2,21
507894,507915,507918,3,21
507894,507915,507918,3,21
507894,507912,507918,6,18
507894,507913,507918,5,19
506930,506930,507918,988,0
507894,507913,507919,6,19
507894,507916,507919,3,22
507894,507917,507919,2,23
507894,507913,507920,7,19
507883,507901,507921,20,18
507894,507916,507921,5,22
507894,507917,507920,3,23
507883,507903,507921,18,20
507894,507918,507921,3,24
507894,507915,507921,6,21
507883,507904,507921,17,21
507894,507918,507922,4,24
506947,506949,507922,973,2
507883,507903,507922,19,20
507894,507918,507923,5,24
506941,506941,507922,981,0
507894,507917,507924,7,23
507894,507917,507924,7,23
507894,507914,507923,9,20
507894,507922,507924,2,28
507894,507918,507923,5,24
507894,507920,507925,5,26
507894,507923,507925,2,29
507894,507921,507924,3,27
507894,507918,507925,7,24
507894,507919,507925,6,25
507894,507918,507925,7,24
507894,507923,507925,2,29
507894,507920,507925,5,26
507894,507922,507925,3,28
507894,507918,507925,7,24
507894,507920,507925,5,26
507894,507924,507926,2,30
507894,507923,507926,3,29
507894,507922,507926,4,28
507894,507925,507927,2,31
507894,507925,507927,2,31
507894,507925,507927,2,31
507894,507924,507927,3,30
507883,507898,507927,29,15
507894,507920,507927,7,26
507894,507918,507926,8,24
507894,507919,507926,7,25
507894,507926,507928,2,32
507894,507921,507927,6,27
507894,507926,507928,2,32
507894,507926,507928,2,32
507894,507926,507928,2,32
507894,507926,507928,2,32
507883,507911,507928,17,28
507894,507926,507928,2,32
507894,507926,507928,2,32
507894,507926,507928,2,32
507894,507927,507929,2,33
507894,507924,507929,5,30
507883,507898,507923,25,15
507883,507893,507929,36,10
507894,507927,507929,2,33
507894,507927,507929,2,33
507894,507924,507929,5,30
507894,507924,507929,5,30
507894,507927,507930,3,33
507883,507894,507930,36,11
507894,507928,507930,2,34
507894,507928,507931,3,34
507894,507926,507930,4,32
507894,507928,507931,3,34
507894,507915,507931,16,21
507894,507928,507931,3,34
507883,507899,507923,24,16
506933,506933,507932,999,0
507894,507928,507932,4,34
507883,507911,507932,21,28
507894,507927,507933,6,33
507894,507921,507934,13,27
507894,507930,507933,3,36
507894,507928,507934,6,34
507894,507928,507933,5,34
507894,507929,507935,6,35
507883,507899,507927,28,16
507894,507922,507928,6,28
507894,507929,507935,6,35
507894,507929,507935,6,35
507894,507930,507935,5,36
507894,507929,507935,6,35
507894,507931,507936,5,37
507894,507929,507936,7,35
507894,507928,507934,6,34
507894,507929,507937,8,35
507894,507934,507937,3,40
507894,507935,507937,2,41
507894,507935,507938,3,41
507894,507935,507938,3,41
507894,507935,507938,3,41
507894,507928,507938,10,34
507894,507937,507938,1,43
507894,507929,507938,9,35
507894,507936,507938,2,42
507894,507935,507939,4,41
507894,507933,507939,6,39
507894,507913,507940,27,19
507894,507913,507924,11,19
507894,507937,507940,3,43
507894,507931,507939,8,37
507894,507938,507940,2,44
507894,507938,507940,2,44
507894,507938,507940,2,44
507894,507932,507940,8,38
507894,507939,507941,2,45
507894,507938,507940,2,44
507894,507939,507941,2,45
506953,506953,507941,988,0
507894,507938,507940,2,44
507894,507935,507940,5,41
507894,507937,507939,2,43
507894,507930,507941,11,36
507894,507930,507941,11,36
507894,507937,507941,4,43
507894,507931,507941,10,37
507894,507939,507941,2,45
507894,507940,507942,2,46
507894,507939,507941,2,45
507894,507932,507942,10,38
507894,507940,507942,2,46
507894,507940,507942,2,46
507894,507940,507942,2,46
507894,507934,507942,8,40
507894,507940,507942,2,46
507894,507940,507942,2,46
507896,507942,507943,1,46
507896,507942,507944,2,46
507896,507942,507944,2,46
507896,507942,507945,3,46
507894,507933,507945,12,39
507896,507942,507946,4,46
507896,507941,507946,5,45
507894,507934,507947,13,40
507896,507941,507947,6,45
507896,507941,507946,5,45
507896,507943,507947,4,47
507896,507943,507946,3,47
507896,507941,507947,6,45
507896,507943,507947,4,47
507896,507943,507947,4,47
507896,507943,507947,4,47
507894,507930,507948,18,36
507896,507941,507948,7,45
507896,507941,507947,6,45
507896,507941,507948,7,45
507896,507941,507948,7,45
507896,507944,507949,5,48
507896,507945,507950,5,49
507896,507945,507950,5,49
507896,507946,507951,5,50
507896,507944,507951,7,48
507896,507948,507952,4,52
507896,507950,507953,3,54
507896,507950,507952,2,54
507896,507946,507953,7,50
507896,507948,507953,5,52
507896,507948,507953,5,52
507896,507949,507953,4,53
507896,507948,507954,6,52
507896,507948,507954,6,52
507896,507941,507954,13,45
507896,507947,507954,7,51
507896,507951,507953,2,55
507896,507951,507954,3,55
507896,507948,507955,7,52
507896,507952,507955,3,56
507894,507935,507946,11,41
507894,507939,507947,8,45
507896,507947,507955,8,51
507894,507922,507953,31,28
507896,507945,507955,10,49
507896,507947,507955,8,51
507896,507947,507955,8,51
507896,507953,507955,2,57
507896,507954,507955,1,58
507896,507953,507955,2,57
507896,507953,507956,3,57
507896,507954,507956,2,58
507896,507953,507956,3,57
507896,507955,507957,2,59
507896,507954,507956,2,58
507896,507954,507956,2,58
507896,507955,507957,2,59
507896,507955,507957,2,59
507896,507955,507957,2,59
507896,507955,507957,2,59
507896,507955,507957,2,59
507896,507956,507958,2,60
507896,507954,507957,3,58
507894,507931,507957,26,37
507883,507904,507955,51,21
507896,507956,507958,2,60
507896,507956,507958,2,60
507896,507955,507959,4,59
507896,507955,507960,5,59
507901,507957,507961,4,56
507901,507957,507961,4,56
507901,507956,507961,5,55
507896,507947,507961,14,51
507896,507956,507961,5,60
507901,507957,507961,4,56
507901,507958,507961,3,57
507901,507958,507961,3,57
507901,507958,507962,4,57
507901,507958,507961,3,57
507901,507957,507961,4,56
507901,507957,507961,4,56
507901,507957,507962,5,56
507901,507957,507962,5,56
507896,507948,507962,14,52
507901,507957,507963,6,56
507894,507940,507963,23,46
507894,507923,507964,41,29
507901,507959,507965,6,58
507894,507929,507966,37,35
507901,507959,507966,7,58
507894,507940,507960,20,46
507901,507961,507967,6,60
507901,507962,507968,6,61
507901,507962,507967,5,61
507901,507962,507968,6,61
507901,507962,507968,6,61
507901,507961,507968,7,60
507901,507959,507968,9,58
507901,507962,507969,7,61
507901,507962,507968,6,61
507894,507933,507968,35,39
507901,507966,507969,3,65
507901,507967,507970,3,66
507901,507962,507970,8,61
507901,507962,507970,8,61
507901,507961,507970,9,60
507901,507968,507970,2,67
507901,507968,507970,2,67
507901,507962,507971,9,61
507901,507968,507970,2,67
507901,507968,507970,2,67
507901,507968,507971,3,67
507896,507955,507968,13,59
507896,507955,507970,15,59
507901,507969,507971,2,68
507901,507969,507971,2,68
507901,507970,507972,2,69
507901,507970,507972,2,69
507901,507969,507972,3,68
507894,507940,507972,32,46
507901,507970,507972,2,69
507901,507970,507972,2,69
507901,507970,507972,2,69
507901,507970,507972,2,69
507901,507970,507972,2,69
507901,507971,507973,2,70
507901,507971,507973,2,70
507901,507963,507973,10,62
507894,507931,507973,42,37
507896,507941,507973,32,45
507896,507943,507973,30,47
507901,507971,507973,2,70
507901,507971,507973,2,70
507901,507972,507974,2,71
507901,507972,507974,2,71
507901,507966,507975,9,65
507901,507972,507974,2,71
507901,507972,507975,3,71
507901,507973,507975,2,72
507901,507961,507975,14,60
507901,507962,507976,14,61
507901,507973,507976,3,72
507901,507973,507976,3,72
507901,507969,507977,8,68
507901,507973,507976,3,72
507901,507973,507976,3,72
507901,507973,507976,3,72
507901,507974,507977,3,73
507901,507974,507977,3,73
507901,507962,507977,15,61
507901,507958,507977,19,57
507894,507933,507978,45,39
507901,507965,507980,15,64
507901,507964,507979,15,63
507901,507976,507981,5,75
507901,507976,507981,5,75
507901,507975,507982,7,74
507901,507975,507982,7,74
507901,507976,507983,7,75
507901,507974,507983,9,73
507901,507977,507983,6,76
507901,507974,507984,10,73
507896,507947,507985,38,51
507901,507974,507985,11,73
507901,507977,507984,7,76
507901,507978,507986,8,77
507901,507974,507986,12,73
507901,507977,507986,9,76
507901,507974,507986,12,73
507901,507983,507987,4,82
507901,507984,507987,3,83
507901,507976,507987,11,75
507901,507983,507987,4,82
507901,507986,507988,2,85
507901,507977,507988,11,76
507901,507982,507988,6,81
507901,507984,507988,4,83
507901,507986,507988,2,85
507901,507985,507988,3,84
507901,507985,507988,3,84
507901,507982,507988,6,81
507901,507969,507989,20,68
507901,507982,507988,6,81
507901,507988,507989,1,87
507901,507988,507990,2,87
507901,507987,507989,2,86
507901,507976,507989,13,75
507901,507984,507989,5,83
507901,507978,507990,12,77
507901,507988,507990,2,87
507894,507932,507990,58,38
507894,507935,507983,48,41
507901,507988,507990,2,87
507901,507989,507991,2,88
507901,507989,507990,1,88
507901,507987,507991,4,86
507901,507988,507991,3,87
507901,507963,507991,28,62
507901,507988,507991,3,87
507901,507988,507991,3,87
507901,507989,507991,2,88
507901,507989,507991,2,88
507901,507978,507992,14,77
507901,507988,507992,4,87
507901,507990,507992,2,89
507901,507990,507992,2,89
507901,507990,507992,2,89
507901,507988,507992,4,87
507901,507990,507992,2,89
507901,507968,507992,24,67
507901,507973,507993,20,72
507901,507990,507993,3,89
507901,507990,507993,3,89
507901,507976,507993,17,75
507901,507960,507994,34,59
507903,507992,507994,2,89
507901,507985,507993,8,84
507903,507992,507994,2,89
507903,507992,507995,3,89
507901,507975,507995,20,74
507903,507990,507996,6,87
507903,507992,507995,3,89
507903,507993,507995,2,90
507903,507993,507995,2,90
507901,507974,507996,22,73
507903,507993,507996,3,90
507903,507993,507995,2,90
507903,507993,507996,3,90
507901,507978,507995,17,77
507901,507990,507995,5,89
507903,507991,507996,5,88
507903,507991,507997,6,88
507901,507974,507996,22,73
507903,507991,507997,6,88
507903,507992,507996,4,89
507903,507993,507997,4,90
507903,507993,507997,4,90
507903,507991,507998,7,88
507903,507993,507998,5,90
507903,507997,508000,3,94
507903,507997,507999,2,94
507903,507996,508000,4,93
507903,507996,508000,4,93
507903,507997,508000,3,94
507903,507995,508000,5,92
507903,507996,508001,5,93
507903,507998,508000,2,95
507903,507994,508000,6,91
507903,507991,508002,11,88
507903,507997,508002,5,94
507903,507995,508002,7,92
507903,507996,508002,6,93
507903,507992,508002,10,89
507903,507996,508002,6,93
507903,507996,508002,6,93
507903,507996,508002,6,93
507903,507996,508002,6,93
507903,508000,508002,2,97
507903,508000,508002,2,97
507901,507972,507997,25,71
507903,507996,508004,8,93
507903,508001,508003,2,98
507903,508001,508004,3,98
507901,507972,508004,32,71
507901,507980,508004,24,79
507903,507994,508004,10,91
507903,507993,507998,5,90
507901,507989,508001,12,88
507903,507994,508000,6,91
507903,508002,508005,3,99
507903,508002,508005,3,99
507903,507994,508005,11,91
507903,507990,508005,15,87
507903,508003,508005,2,100
507903,508003,508005,2,100
507903,508003,508005,2,100
507903,508003,508005,2,100
507903,507997,508006,9,94
507903,508000,508006,6,97
507903,508000,508006,6,97
507903,508000,508006,6,97
507903,508001,508006,5,98
507903,507996,508006,10,93
507903,508002,508007,5,99
507901,507979,508006,27,78
507903,508002,508007,5,99
507903,508003,508007,4,100
507903,507999,508008,9,96
507903,508002,508008,6,99
507908,508006,508008,2,98
507908,508006,508008,2,98
507908,508005,508008,3,97
507903,507990,508008,18,87
507903,508003,508007,4,100
507908,508007,508008,1,99
507908,508007,508009,2,99
507908,508007,508008,1,99
507908,508006,508009,3,98
507903,508001,508009,8,98
507908,508006,508008,2,98
507908,508005,508009,4,97
507903,507998,508009,11,95
507908,508007,508009,2,99
507908,508004,508010,6,96
507908,508005,508010,5,97
507908,508008,508011,3,100
507908,508007,508011,4,99
507908,508008,508011,3,100
507908,508008,508011,3,100
507908,508010,508012,2,102
507908,508007,508011,4,99
507908,508009,508012,3,101
507908,508008,508012,4,100
507908,508009,508012,3,101
507908,508009,508012,3,101
507908,508009,508012,3,101
507908,508009,508012,3,101
507908,508009,508012,3,101
507908,508010,508013,3,102
507903,508002,508013,11,99
507908,508008,508013,5,100
507908,508008,508013,5,100
507908,508008,508014,6,100
507908,508011,508013,2,103
507908,508011,508014,3,103
507908,508012,508015,3,104
507908,508009,508014,5,101
507908,508011,508015,4,103
507908,508004,508015,11,96
507908,508012,508015,3,104
507908,508012,508015,3,104
507908,508012,508014,2,104
507908,508013,508016,3,105
507903,507998,508008,10,95
507908,508013,508016,3,105
507908,508013,508016,3,105
507908,508013,508016,3,105
507908,508013,508016,3,105
507908,508011,508016,5,103
507908,508005,508016,11,97
507908,508005,508017,12,97
507908,508014,508017,3,106
507908,508015,508017,2,107
507908,508012,508018,6,104
507908,508015,508018,3,107
507908,508016,508018,2,108
507908,508014,508019,5,106
507908,508008,508019,11,100
507912,508017,508019,2,105
507908,508016,508019,3,108
507908,508016,508019,3,108
507908,508015,508019,4,107
507912,508017,508020,3,105
507912,508017,508019,2,105
507912,508018,508021,3,106
507908,508014,508020,6,106
507912,508017,508020,3,105
507908,508014,508020,6,106
507903,507995,508021,26,92
507912,508018,508021,3,106
507901,507980,508021,41,79
507912,508017,508023,6,105
507912,508020,508023,3,108
507908,508015,508023,8,107
507912,508017,508023,6,105
507908,508010,508023,13,102
507912,508020,508024,4,108
507912,508020,508024,4,108
507912,508020,508024,4,108
507908,508006,508024,18,98
507912,508019,508025,6,107
507912,508020,508024,4,108
507912,508021,508026,5,109
507912,508020,508028,8,108
507912,508021,508028,7,109
507912,508018,508028,10,106
507908,508014,508028,14,106
507912,508018,508028,10,106
507912,508025,508029,4,113
507912,508018,508029,11,106
507912,508024,508029,5,112
507908,508004,508029,25,96
507912,508024,508030,6,112
507912,508022,508030,8,110
507912,508025,508030,5,113
507912,508027,508030,3,115
507912,508024,508030,6,112
507912,508028,508031,3,116
507912,508019,508031,12,107
507912,508029,508032,3,117
507912,508028,508031,3,116
507912,508029,508031,2,117
507912,508030,508032,2,118
507912,508028,508032,4,116
507912,508031,508033,2,119
507912,508031,508033,2,119
507912,508031,508033,2,119
507912,508021,508033,12,109
507912,508029,508033,4,117
507912,508031,508034,3,119
507912,508031,508033,2,119
507908,508005,508034,29,97
507912,508032,508034,2,120
507912,508032,508034,2,120
507912,508032,508034,2,120
507912,508023,508034,11,111
507912,508032,508034,2,120
507912,508031,508035,4,119
507912,508033,508035,2,121
507912,508034,508036,2,122
507912,508034,508036,2,122
507912,508034,508036,2,122
507912,508034,508036,2,122
507912,508034,508036,2,122
507912,508035,508037,2,123
507912,508035,508037,2,123
507912,508021,508036,15,109
507912,508034,508038,4,122
507912,508034,508038,4,122
507912,508034,508037,3,122
507912,508034,508037,3,122
507912,508036,508039,3,124
507912,508035,508038,3,123
507908,508005,508039,34,97
507912,508023,508039,16,111
507912,508037,508039,2,125
507912,508037,508039,2,125
507912,508023,508039,16,111
507912,508037,508040,3,125
507912,508023,508040,17,111
507908,508008,508040,32,100
507908,508011,508040,29,103
507912,508037,508041,4,125
507912,508038,508041,3,126
507912,508036,508042,6,124
507908,508005,508040,35,97
507908,508008,508036,28,100
507908,508015,508042,27,107
507912,508037,508044,7,125
507912,508034,508043,9,122
507912,508038,508046,8,126
507912,508029,508047,18,117
507912,508042,508047,5,130
507912,508022,508047,25,110
507912,508039,508048,9,127
507912,508041,508048,7,129
507912,508040,508049,9,128
507912,508029,508048,19,117
507912,508030,508048,18,118
507912,508038,508049,11,126
507912,508040,508049,9,128
507912,508039,508049,10,127
507912,508038,508050,12,126
507912,508044,508050,6,132
507912,508047,508051,4,135
507912,508048,508051,3,136
507912,508049,508051,2,137
507912,508050,508052,2,138
507912,508051,508052,1,139
507912,508050,508052,2,138
507912,508049,508053,4,137
507912,508051,508053,2,139
507912,508040,508053,13,128
507912,508040,508053,13,128
507912,508048,508053,5,136
507912,508049,508053,4,137
507912,508051,508054,3,139
507912,508042,508054,12,130
507912,508052,508054,2,140
507912,508052,508054,2,140
507912,508053,508055,2,141
507912,508053,508055,2,141
507912,508053,508055,2,141
507912,508054,508056,2,142
507912,508054,508056,2,142
507912,508054,508056,2,142
507912,508054,508056,2,142
507912,508054,508056,2,142
507912,508054,508056,2,142
507912,508055,508057,2,143
507912,508055,508057,2,143
507912,508038,508057,19,126
507912,508038,508058,20,126
507912,508056,508058,2,144
507912,508056,508058,2,144
507912,508054,508059,5,142
507912,508056,508058,2,144
507912,508038,508060,22,126
507912,508054,508059,5,142
507912,508055,508059,4,143
507912,508044,508060,16,132
507914,508056,508060,4,142
507912,508048,508063,15,136
507914,508058,508063,5,144
507914,508059,508062,3,145
507912,508040,508062,22,128
507914,508060,508063,3,146
507914,508056,508063,7,142
507914,508059,508063,4,145
507912,508039,508062,23,127
507914,508057,508063,6,143
507914,508057,508063,6,143
507912,508025,508063,38,113
507914,508058,508064,6,144
507914,508059,508063,4,145
507912,508047,508065,18,135
507912,508049,508064,15,137
507914,508059,508064,5,145
507914,508061,508065,4,147
507914,508060,508065,5,146
507914,508063,508067,4,149
507914,508060,508066,6,146
507912,508041,508069,28,129
507914,508063,508069,6,149
507914,508063,508068,5,149
507914,508063,508069,6,149
507912,508040,508069,29,128
507914,508063,508070,7,149
507912,508024,508071,47,112
507914,508058,508070,12,144
507914,508064,508071,7,150
507914,508064,508071,7,150
507914,508063,508071,8,149
507914,508065,508071,6,151
507912,508043,508071,28,131
507914,508058,508073,15,144
507914,508069,508072,3,155
507914,508069,508073,4,155
507914,508070,508073,3,156
507914,508071,508073,2,157
507912,508019,508073,54,107
507912,508022,508073,51,110
507912,508044,508073,29,132
507914,508064,508073,9,150
507912,508046,508072,26,134
507914,508067,508074,7,153
507914,508071,508073,2,157
507914,508071,508073,2,157
507914,508064,508076,12,150
507914,508065,508075,10,151
507914,508071,508075,4,157
507914,508073,508075,2,159
507914,508074,508076,2,160
507914,508073,508076,3,159
507914,508073,508076,3,159
507914,508073,508076,3,159
507914,508074,508076,2,160
507914,508063,508076,13,149
507914,508074,508076,2,160
507914,508074,508077,3,160
507914,508070,508077,7,156
507912,508049,508077,28,137
507914,508073,508078,5,159
507914,508072,508078,6,158
507914,508076,508078,2,162
507914,508076,508079,3,162
507914,508063,508079,16,149
507914,508071,508078,7,157
507914,508076,508078,2,162
507914,508074,508079,5,160
507914,508076,508079,3,162
507914,508077,508079,2,163
507914,508071,508079,8,157
507914,508066,508080,14,152
507914,508077,508080,3,163
507914,508076,508081,5,162
507912,508041,508082,41,129
507918,508077,508082,5,159
507918,508077,508082,5,159
507918,508079,508082,3,161
507918,508080,508082,2,162
507918,508079,508083,4,161
507918,508079,508083,4,161
507918,508080,508083,3,162
507918,508080,508084,4,162
507918,508079,508084,5,161
507918,508079,508084,5,161
507918,508083,508085,2,165
507914,508065,508085,20,151
507914,508070,508085,15,156
507918,508079,508084,5,161
507918,508081,508085,4,163
507918,508081,508085,4,163
507918,508083,508085,2,165
507918,508083,508085,2,165
507918,508083,508085,2,165
507914,508065,508086,21,151
507918,508083,508086,3,165
507918,508083,508087,4,165
507918,508085,508087,2,167
507918,508084,508087,3,166
507918,508078,508088,10,160
507918,508078,508088,10,160
507914,508069,508089,20,155
507918,508078,508089,11,160
507918,508086,508089,3,168
507918,508086,508090,4,168
507918,508086,508089,3,168
507918,508082,508090,8,164
507918,508085,508090,5,167
507918,508084,508090,6,166
507918,508086,508090,4,168
507918,508084,508090,6,166
507918,508084,508090,6,166
507918,508088,508090,2,170
507918,508086,508090,4,168
507918,508088,508091,3,170
507918,508077,508090,13,159
507918,508086,508090,4,168
507918,508078,508091,13,160
507918,508085,508092,7,167
507918,508088,508092,4,170
507918,508090,508092,2,172
507918,508090,508092,2,172
507918,508090,508092,2,172
507918,508085,508092,7,167
507914,508061,508093,32,147
507914,508074,508094,20,160
507918,508091,508094,3,173
507918,508091,508094,3,173
507918,508091,508094,3,173
507918,508089,508093,4,171
507918,508090,508094,4,172
507918,508091,508094,3,173
507918,508088,508094,6,170
507918,508091,508095,4,173
507914,508064,508095,31,150
507918,508089,508094,5,171
507918,508090,508096,6,172
507918,508091,508096,5,173
507918,508093,508096,3,175
507918,508093,508096,3,175
507918,508080,508096,16,162
507918,508093,508097,4,175
507918,508091,508097,6,173
507918,508093,508096,3,175
507918,508091,508097,6,173
507918,508092,508098,6,174
507920,508094,508099,5,174
507920,508096,508098,2,176
507920,508096,508098,2,176
507920,508095,508099,4,175
507920,508095,508099,4,175
507918,508093,508099,6,175
507920,508097,508099,2,177
507920,508097,508100,3,177
507914,508074,508100,26,160
507914,508074,508100,26,160
507918,508094,508100,6,176
507920,508096,508100,4,176
507920,508097,508101,4,177
507920,508095,508101,6,175
507920,508096,508100,4,176
507920,508096,508101,5,176
507920,508097,508101,4,177
507920,508099,508101,2,179
507920,508099,508102,3,179
507920,508099,508102,3,179
507920,508095,508102,7,175
507920,508100,508103,3,180
507920,508100,508103,3,180
507920,508100,508103,3,180
507920,508100,508103,3,180
507920,508095,508104,9,175
507920,508094,508105,11,174
507918,508091,508105,14,173
507920,508102,508104,2,182
507920,508102,508105,3,182
507920,508102,508105,3,182
507920,508099,508106,7,179
507914,508069,508105,36,155
507920,508100,508105,5,180
507920,508103,508106,3,183
507920,508103,508106,3,183
507918,508086,508105,19,168
507920,508104,508106,2,184
507920,508103,508106,3,183
507920,508101,508107,6,181
507920,508096,508107,11,176
507920,508102,508107,5,182
507920,508106,508108,2,186
507920,508105,508108,3,185
507920,508106,508108,2,186
507920,508102,508109,7,182
507920,508106,508109,3,186
507920,508106,508109,3,186
507920,508107,508109,2,187
507920,508103,508109,6,183
507920,508102,508109,7,182
507920,508104,508109,5,184
507920,508102,508110,8,182
507920,508102,508110,8,182
507920,508107,508110,3,187
507920,508108,508110,2,188
507920,508106,508111,5,186
507920,508101,508111,10,181
507920,508105,508111,6,185
507920,508109,508111,2,189
507920,508109,508112,3,189
507920,508107,508111,4,187
507920,508109,508112,3,189
507920,508110,508113,3,190
507920,508106,508112,6,186
507920,508107,508113,6,187
507920,508109,508113,4,189
507920,508109,508113,4,189
507920,508110,508114,4,190
507920,508101,508111,10,181
507920,508101,508113,12,181
507924,508111,508115,4,187
507924,508113,508116,3,189
507924,508113,508116,3,189
507924,508111,508116,5,187
507920,508107,508117,10,187
507920,508105,508117,12,185
507924,508114,508117,3,190
507924,508112,508117,5,188
507920,508106,508118,12,186
507924,508113,508118,5,189
507924,508114,508119,5,190
507924,508112,508119,7,188
507924,508112,508119,7,188
507920,508095,508119,24,175
507924,508114,508119,5,190
507924,508110,508120,10,186
507920,508106,508120,14,186
507924,508116,508121,5,192
507924,508116,508121,5,192
507924,508110,508122,12,186
507924,508110,508122,12,186
507924,508116,508122,6,192
507924,508111,508123,12,187
507924,508117,508124,7,193
507924,508114,508124,10,190
507924,508111,508124,13,187
507924,508122,508125,3,198
507924,508118,508125,7,194
507924,508119,508125,6,195
507924,508123,508126,3,199
507924,508119,508126,7,195
507924,508118,508127,9,194
507920,508094,508127,33,174
507924,508124,508127,3,200
507924,508126,508128,2,202
507924,508124,508127,3,200
507924,508122,508127,5,198
507924,508125,508127,2,201
507924,508122,508128,6,198
507924,508117,508128,11,193
507924,508124,508128,4,200
507924,508126,508129,3,202
507924,508126,508129,3,202
507924,508126,508128,2,202
507924,508127,508129,2,203
507924,508122,508129,7,198
507924,508124,508130,6,200
507924,508128,508131,3,204
507924,508128,508130,2,204
507924,508111,508129,18,187
507924,508128,508130,2,204
507924,508128,508130,2,204
507924,508129,508131,2,205
507918,508090,508131,41,172
507924,508119,508131,12,195
507924,508128,508132,4,204
507924,508129,508132,3,205
507924,508129,508133,4,205
507924,508129,508134,5,205
507924,508131,508134,3,207
507926,508131,508134,3,205
507926,508131,508134,3,205
507924,508128,508134,6,204
507924,508129,508134,5,205
507924,508129,508135,6,205
507924,508131,508135,4,207
507924,508119,508135,16,195
507918,508089,508135,46,171
507924,508131,508135,4,207
507924,508120,508136,16,196
507926,508132,508136,4,206
507924,508120,508136,16,196
507924,508129,508136,7,205
507926,508132,508137,5,206
507924,508115,508136,21,191
507924,508120,508137,17,196
507924,508131,508136,5,207
507926,508133,508138,5,207
507924,508119,508138,19,195
507924,508115,508138,23,191
507926,508134,508139,5,208
507926,508134,508139,5,208
507926,508132,508140,8,206
507926,508134,508140,6,208
507926,508132,508142,10,206
507926,508134,508142,8,208
507924,508118,508143,25,194
507926,508136,508143,7,210
507926,508136,508145,9,210
507926,508136,508146,10,210
507926,508138,508147,9,212
507926,508138,508148,10,212
507926,508140,508149,9,214
507926,508139,508150,11,213
507926,508143,508150,7,217
507926,508148,508150,2,222
507926,508135,508150,15,209
507924,508128,508150,22,204
507926,508135,508151,16,209
507926,508144,508151,7,218
507926,508135,508151,16,209
507926,508145,508152,7,219
507926,508149,508152,3,223
507924,508119,508152,33,195
507926,508135,508153,18,209
507926,508150,508152,2,224
507926,508150,508153,3,224
507926,508151,508153,2,225
507926,508136,508153,17,210
507926,508150,508153,3,224
507926,508138,508154,16,212
507926,508147,508154,7,221
507926,508139,508155,16,213
507926,508151,508155,4,225
507926,508153,508155,2,227
507926,508151,508155,4,225
507926,508153,508155,2,227
507926,508152,508155,3,226
507926,508138,508155,17,212
507926,508153,508156,3,227
507926,508154,508156,2,228
507926,508136,508156,20,210
507926,508141,508156,15,215
507926,508154,508156,2,228
507926,508155,508157,2,229
507926,508153,508157,4,227
507926,508151,508157,6,225
507926,508154,508157,3,228
507926,508153,508158,5,227
507926,508152,508158,6,226
507926,508156,508158,2,230
507926,508154,508159,5,228
507926,508156,508159,3,230
507926,508157,508159,2,231
507926,508144,508160,16,218
507926,508156,508159,3,230
507926,508155,508159,4,229
507926,508154,508160,6,228
507926,508138,508160,22,212
507926,508140,508161,21,214
507926,508155,508161,6,229
507926,508137,508162,25,211
507956,508159,508162,3,203
507926,508156,508162,6,230
507956,508158,508162,4,202
507956,508160,508162,2,204
507956,508160,508163,3,204
507956,508157,508163,6,201
507956,508157,508162,5,201
507956,508160,508163,3,204
507956,508158,508164,6,202
507926,508139,508164,25,213
507926,508156,508164,8,230
507956,508159,508164,5,203
507956,508162,508165,3,206
507956,508160,508164,4,204
507956,508161,508165,4,205
507956,508161,508165,4,205
507956,508163,508165,2,207
507956,508163,508166,3,207
507956,508161,508166,5,205
507956,508158,508166,8,202
507956,508160,508166,6,204
507956,508163,508166,3,207
507926,508137,508166,29,211
507956,508158,508167,9,202
507956,508163,508169,6,207
507956,508163,508166,3,207
507956,508163,508168,5,207
507956,508163,508169,6,207
507956,508166,508169,3,210
507956,508164,508169,5,208
507956,508167,508169,2,211
507926,508153,508169,16,227
507956,508166,508170,4,210
507956,508166,508172,6,210
507956,508169,508172,3,213
507956,508169,508172,3,213
507956,508170,508173,3,214
507956,508171,508173,2,215
507956,508167,508171,4,211
507956,508170,508173,3,214
507956,508167,508172,5,211
507956,508169,508173,4,213
507956,508167,508173,6,211
507956,508169,508173,4,213
507956,508166,508173,7,210
507956,508166,508173,7,210
507956,508160,508174,14,204
507956,508170,508173,3,214
507956,508165,508174,9,209
507956,508164,508174,10,208
507926,508143,508175,32,217
507956,508173,508175,2,217
507956,508173,508175,2,217
507956,508170,508175,5,214
507956,508162,508175,13,206
507956,508173,508175,2,217
507956,508173,508176,3,217
507956,508174,508176,2,218
507956,508173,508176,3,217
507956,508174,508176,2,218
507956,508173,508176,3,217
507956,508172,508177,5,216
507956,508170,508177,7,214
508011,508176,508178,2,165
507956,508174,508179,5,218
507956,508174,508178,4,218
508011,508176,508179,3,165
508011,508176,508178,2,165
507956,508173,508178,5,217
508011,508176,508179,3,165
507956,508175,508180,5,219
508011,508177,508180,3,166
507956,508173,508180,7,217
507956,508173,508180,7,217
508011,508176,508182,6,165
507956,508174,508182,8,218
508011,508177,508182,5,166
508011,508177,508182,5,166
508011,508177,508182,5,166
507956,508174,508182,8,218
508011,508179,508184,5,168
508011,508177,508186,9,166
508011,508179,508186,7,168
508011,508179,508187,8,168
508011,508179,508188,9,168
508011,508180,508189,9,169
508011,508179,508190,11,168
508011,508181,508191,10,170
508011,508185,508191,6,174
508011,508187,508193,6,176
508011,508187,508194,7,176
508011,508183,508195,12,172
508011,508190,508196,6,179
508011,508193,508195,2,182
508011,508192,508196,4,181
507956,508167,508197,30,211
508011,508178,508196,18,167
508011,508182,508197,15,171
508011,508192,508197,5,181
508011,508176,508198,22,165
508011,508182,508198,16,171
508011,508181,508199,18,170
508011,508196,508198,2,185
508011,508196,508198,2,185
508011,508182,508199,17,171
508011,508180,508200,20,169
508011,508182,508200,18,171
508011,508197,508200,3,186
508011,508189,508200,11,178
507956,508164,508201,37,208
508011,508194,508201,7,183
508011,508195,508201,6,184
508011,508183,508201,18,172
508011,508197,508201,4,186
508011,508197,508201,4,186
508011,508191,508202,11,180
508011,508199,508201,2,188
508011,508199,508201,2,188
507956,508164,508202,38,208
508011,508198,508201,3,187
508011,508179,508202,23,168
508011,508200,508202,2,189
508011,508200,508204,4,189
508011,508202,508204,2,191
508011,508202,508204,2,191
508011,508201,508205,4,190
508011,508202,508205,3,191
508011,508202,508204,2,191
508011,508202,508204,2,191
508011,508181,508206,25,170
508011,508199,508206,7,188
508011,508200,508206,6,189
508011,508201,508206,5,190
508011,508202,508206,4,191
508011,508201,508207,6,190
508011,508201,508207,6,190
508011,508203,508207,4,192
508011,508203,508210,7,192
508011,508186,508210,24,175
508011,508197,508211,14,186
507956,508158,508219,61,202
507956,508158,508220,62,202
508011,508198,508221,23,187
508011,508197,508221,24,186
508011,508201,508223,22,190
508011,508202,508225,23,191
506957,506957,508488,1531,0
508489,508489,508492,3,0
508489,508489,508493,4,0
508489,508489,508494,5,0
508489,508489,508496,7,0
508489,508489,508496,7,0
508489,508489,508496,7,0
508489,508489,508498,9,0
508489,508489,508498,9,0
508489,508489,508498,9,0
508489,508493,508501,8,4
508489,508493,508502,9,4
508489,508489,508503,14,0
508489,508495,508503,8,6
508489,508489,508503,14,0
508489,508489,508504,15,0
508489,508489,508503,14,0
508489,508496,508503,7,7
508489,508498,508504,6,9
508489,508489,508505,16,0
508489,508489,508505,16,0
508489,508501,508505,4,12
508489,508502,508505,3,13
508489,508489,508506,17,0
508489,508489,508506,17,0
508489,508498,508507,9,9
508489,508503,508506,3,14
508489,508504,508507,3,15
508489,508503,508507,4,14
508489,508498,508508,10,9
508489,508504,508507,3,15
508489,508505,508507,2,16
508489,508505,508508,3,16
508489,508489,508509,20,0
508489,508497,508509,12,8
508489,508504,508509,5,15
508489,508507,508509,2,18
508489,508507,508509,2,18
508489,508504,508509,5,15
508489,508507,508509,2,18
508489,508508,508510,2,19
508489,508506,508511,5,17
508489,508508,508510,2,19
508489,508508,508511,3,19
508489,508489,508512,23,0
508489,508508,508510,2,19
508489,508497,508511,14,8
508489,508508,508512,4,19
508489,508489,508512,23,0
508489,508509,508512,3,20
508489,508509,508512,3,20
508489,508510,508513,3,21
508489,508511,508513,2,22
508489,508509,508513,4,20
508489,508505,508514,9,16
508489,508509,508514,5,20
508489,508509,508514,5,20
508489,508511,508514,3,22
508489,508510,508514,4,21
508489,508489,508515,26,0
508489,508512,508515,3,23
508489,508489,508513,24,0
508489,508510,508517,7,21
508489,508511,508517,6,22
508489,508505,508518,13,16
508489,508489,508521,32,0
508489,508506,508523,17,17
508489,508504,508527,23,15
508489,508489,508528,39,0
508489,508512,508529,17,23
508489,508489,508530,41,0
506956,506956,508533,1577,0
508556,508556,508558,2,0
508556,508556,508559,3,0
508556,508556,508560,4,0
508556,508556,508559,3,0
508556,508556,508561,5,0
508556,508556,508560,4,0
508556,508556,508561,5,0
508556,508556,508560,4,0
508556,508560,508566,6,4
508556,508558,508566,8,2
508556,508561,508566,5,5
508556,508560,508566,6,4
508556,508559,508566,7,3
508556,508561,508568,7,5
508556,508561,508567,6,5
508556,508556,508569,13,0
508556,508567,508569,2,11
508556,508567,508569,2,11
508556,508556,508570,14,0
508556,508567,508571,4,11
508556,508566,508571,5,10
508556,508566,508571,5,10
508556,508556,508571,15,0
508556,508568,508570,2,12
508556,508568,508571,3,12
508556,508570,508572,2,14
508556,508571,508573,2,15
508556,508561,508574,13,5
508556,508571,508573,2,15
508556,508570,508573,3,14
508556,508556,508574,18,0
508556,508570,508574,4,14
508556,508572,508575,3,16
508556,508571,508574,3,15
508556,508573,508575,2,17
508556,508573,508575,2,17
508556,508556,508575,19,0
508556,508572,508576,4,16
508556,508556,508576,20,0
508556,508571,508576,5,15
508556,508574,508577,3,18
508556,508575,508577,2,19
508556,508556,508577,21,0
508556,508575,508578,3,19
508556,508572,508575,3,16
508556,508575,508577,2,19
508556,508575,508579,4,19
508556,508575,508578,3,19
508556,508574,508579,5,18
508556,508577,508579,2,21
508556,508576,508580,4,20
508556,508575,508581,6,19
508556,508556,508580,24,0
508556,508576,508580,4,20
508556,508577,508581,4,21
508556,508578,508581,3,22
508556,508578,508582,4,22
508556,508574,508582,8,18
508556,508576,508584,8,20
508556,508576,508584,8,20
508556,508577,508584,7,21
508556,508556,508585,29,0
508556,508556,508585,29,0
508556,508578,508587,9,22
508556,508556,508588,32,0
508556,508577,508589,12,21
508556,508556,508590,34,0
508556,508556,508590,34,0
508556,508556,508594,38,0
508556,508556,508596,40,0
507889,507912,508886,974,23
508888,508888,508890,2,0
508888,508888,508891,3,0
508888,508888,508891,3,0
508888,508888,508892,4,0
508888,508888,508893,5,0
508888,508888,508892,4,0
508888,508888,508895,7,0
508888,508888,508896,8,0
508888,508888,508897,9,0
508888,508892,508899,7,4
508888,508892,508898,6,4
507886,507912,508898,986,26
508888,508891,508898,7,3
508888,508892,508899,7,4
508888,508888,508899,11,0
508888,508888,508900,12,0
508888,508888,508900,12,0
508888,508888,508901,13,0
508888,508899,508902,3,11
508888,508893,508902,9,5
508888,508897,508901,4,9
508888,508888,508903,15,0
508888,508888,508903,15,0
508888,508893,508903,10,5
508888,508899,508903,4,11
508888,508899,508903,4,11
508888,508899,508903,4,11
508888,508899,508902,3,11
508888,508888,508903,15,0
508888,508888,508904,16,0
508888,508888,508904,16,0
508888,508902,508905,3,14
508888,508902,508905,3,14
508888,508897,508905,8,9
508888,508900,508906,6,12
508888,508901,508905,4,13
508888,508903,508906,3,15
508888,508903,508906,3,15
508888,508903,508906,3,15
508888,508902,508906,4,14
508888,508895,508907,12,7
508888,508903,508906,3,15
508888,508903,508906,3,15
508888,508903,508907,4,15
508888,508888,508908,20,0
508888,508888,508907,19,0
508888,508888,508908,20,0
508888,508902,508908,6,14
508888,508905,508908,3,17
508888,508888,508909,21,0
508888,508901,508909,8,13
508888,508906,508909,3,18
508888,508906,508909,3,18
508888,508906,508909,3,18
508888,508906,508909,3,18
508888,508905,508909,4,17
508888,508906,508910,4,18
508888,508888,508909,21,0
508888,508907,508909,2,19
508888,508907,508910,3,19
508888,508907,508910,3,19
508888,508906,508910,4,18
508900,508908,508911,3,8
508888,508903,508910,7,15
508888,508888,508909,21,0
508888,508904,508911,7,16
508888,508908,508912,4,20
508888,508907,508912,5,19
508900,508909,508913,4,9
508900,508909,508913,4,9
508900,508909,508912,3,9
508900,508910,508913,3,10
508888,508908,508914,6,20
508900,508908,508914,6,8
508900,508910,508914,4,10
508900,508909,508915,6,9
508900,508908,508915,7,8
508900,508910,508915,5,10
508888,508888,508916,28,0
508900,508909,508916,7,9
508900,508911,508917,6,11
508900,508911,508917,6,11
508900,508910,508918,8,10
508888,508905,508918,13,17
508888,508906,508918,12,18
508900,508914,508918,4,14
508900,508910,508919,9,10
508900,508914,508920,6,14
508900,508914,508920,6,14
508900,508917,508921,4,17
508900,508910,508921,11,10
507895,507941,508920,979,46
508900,508914,508921,7,14
508900,508919,508921,2,19
508900,508918,508922,4,18
508900,508919,508922,3,19
508900,508918,508922,4,18
508900,508921,508923,2,21
508900,508921,508923,2,21
508900,508921,508924,3,21
508900,508918,508924,6,18
508900,508922,508924,2,22
508900,508922,508924,2,22
508900,508922,508924,2,22
508900,508922,508924,2,22
508900,508916,508925,9,16
508900,508924,508925,1,24
508900,508915,508925,10,15
508900,508911,508926,15,11
508900,508924,508926,2,24
508900,508924,508927,3,24
508900,508925,508927,2,25
508900,508925,508927,2,25
508900,508926,508928,2,26
508900,508925,508927,2,25
508900,508925,508927,2,25
508900,508916,508926,10,16
508900,508911,508927,16,11
507899,507956,508928,972,57
508900,508915,508928,13,15
508900,508928,508930,2,28
508900,508928,508930,2,28
508900,508928,508930,2,28
508900,508927,508929,2,27
508900,508926,508930,4,26
508900,508914,508929,15,14
508900,508915,508930,15,15
508900,508928,508930,2,28
508900,508915,508928,13,15
508900,508921,508929,8,21
508900,508928,508930,2,28
508900,508928,508931,3,28
508900,508912,508931,19,12
508900,508926,508931,5,26
508900,508923,508932,9,23
508900,508916,508932,16,16
508900,508913,508933,20,13
508900,508912,508936,24,12
508900,508912,508936,24,12
507897,507956,508940,984,59
508900,508921,508946,25,21
508900,508918,508947,29,18
508900,508924,508948,24,24
508900,508925,508948,23,25
508948,508948,508951,3,0
508948,508948,508950,2,0
508948,508948,508950,2,0
508948,508948,508950,2,0
508948,508948,508950,2,0
508948,508948,508950,2,0
508948,508948,508951,3,0
508948,508948,508953,5,0
508948,508948,508954,6,0
508948,508951,508956,5,3
508948,508951,508955,4,3
508948,508948,508957,9,0
508948,508952,508956,4,4
508948,508951,508956,5,3
508948,508948,508957,9,0
508948,508954,508958,4,6
508948,508948,508958,10,0
508948,508951,508959,8,3
508948,508955,508958,3,7
508948,508956,508959,3,8
508948,508956,508958,2,8
508948,508948,508959,11,0
508948,508948,508959,11,0
508948,508948,508960,12,0
507905,508004,508959,955,99
508948,508951,508959,8,3
508948,508948,508960,12,0
508948,508957,508960,3,9
508948,508957,508959,2,9
508948,508948,508960,12,0
508948,508948,508961,13,0
508948,508958,508961,3,10
508948,508959,508961,2,11
508948,508948,508962,14,0
508948,508951,508961,10,3
508948,508959,508961,2,11
508948,508959,508962,3,11
508948,508959,508961,2,11
508948,508960,508962,2,12
508948,508958,508963,5,10
508948,508960,508962,2,12
508948,508960,508963,3,12
508948,508960,508963,3,12
508948,508960,508962,2,12
508948,508957,508962,5,9
508948,508961,508963,2,13
508948,508960,508963,3,12
508948,508959,508963,4,11
508948,508961,508964,3,13
508948,508962,508964,2,14
508948,508962,508964,2,14
508948,508948,508964,16,0
508948,508949,508964,15,1
508948,508962,508964,2,14
508948,508962,508964,2,14
508948,508962,508964,2,14
508948,508948,508966,18,0
508948,508949,508965,16,1
508948,508963,508966,3,15
508948,508962,508966,4,14
508948,508963,508966,3,15
508948,508961,508967,6,13
508948,508961,508967,6,13
508948,508948,508966,18,0
508948,508963,508967,4,15
508948,508963,508967,4,15
508948,508964,508967,3,16
508948,508963,508967,4,15
508948,508963,508967,4,15
508948,508960,508967,7,12
508948,508963,508968,5,15
508948,508964,508968,4,16
508948,508964,508968,4,16
508948,508948,508962,14,0
508948,508948,508966,18,0
508948,508964,508969,5,16
508948,508965,508970,5,17
508948,508965,508970,5,17
508948,508965,508971,6,17
508948,508964,508971,7,16
508948,508965,508972,7,17
508948,508969,508972,3,21
508948,508970,508973,3,22
508948,508948,508973,25,0
508948,508966,508973,7,18
508948,508967,508973,6,19
508948,508966,508973,7,18
508948,508965,508973,8,17
508948,508970,508973,3,22
508948,508969,508974,5,21
508948,508968,508975,7,20
508948,508972,508975,3,24
508948,508969,508975,6,21
508948,508972,508975,3,24
508948,508969,508975,6,21
508948,508973,508975,2,25
508948,508967,508975,8,19
508948,508968,508976,8,20
508948,508970,508976,6,22
508948,508973,508976,3,25
508948,508974,508976,2,26
508948,508974,508976,2,26
508948,508975,508977,2,27
508948,508967,508976,9,19
508948,508974,508977,3,26
508948,508976,508978,2,28
508948,508967,508977,10,19
508948,508967,508978,11,19
508948,508975,508977,2,27
508948,508974,508977,3,26
508948,508975,508978,3,27
508948,508969,508978,9,21
508948,508975,508978,3,27
508948,508977,508979,2,29
508948,508976,508979,3,28
508948,508976,508979,3,28
508948,508977,508979,2,29
508948,508977,508979,2,29
508948,508978,508980,2,30
508948,508975,508980,5,27
508948,508977,508980,3,29
508948,508966,508979,13,18
508948,508976,508981,5,28
508948,508978,508981,3,30
508948,508976,508980,4,28
508948,508978,508981,3,30
508948,508979,508981,2,31
508948,508977,508981,4,29
508975,508980,508982,2,5
508948,508978,508982,4,30
508975,508980,508983,3,5
508948,508976,508982,6,28
508948,508974,508983,9,26
508948,508968,508983,15,20
508948,508978,508983,5,30
508948,508978,508982,4,30
508975,508980,508983,3,5
508975,508980,508983,3,5
508948,508968,508984,16,20
508975,508979,508984,5,4
508975,508981,508984,3,6
508975,508981,508984,3,6
508948,508966,508985,19,18
508975,508981,508986,5,6
508975,508982,508986,4,7
508948,508973,508987,14,25
508948,508978,508987,9,30
508975,508983,508987,4,8
508975,508981,508988,7,6
508975,508982,508989,7,7
508975,508983,508990,7,8
508975,508984,508990,6,9
508975,508988,508991,3,13
508948,508967,508991,24,19
507909,508016,508990,974,107
508975,508984,508991,7,9
508975,508985,508991,6,10
508975,508987,508992,5,12
508975,508984,508992,8,9
508975,508984,508992,8,9
508975,508990,508992,2,15
508975,508981,508993,12,6
508975,508988,508992,4,13
508975,508983,508993,10,8
508975,508985,508994,9,10
508975,508983,508994,11,8
508975,508986,508994,8,11
508975,508991,508994,3,16
508975,508991,508994,3,16
508975,508992,508994,2,17
508975,508992,508994,2,17
508975,508982,508994,12,7
508975,508988,508994,6,13
508948,508971,508995,24,23
508975,508992,508994,2,17
508975,508991,508995,4,16
508975,508991,508995,4,16
508975,508983,508992,9,8
508975,508981,508996,15,6
508975,508987,508996,9,12
508975,508993,508995,2,18
508975,508993,508996,3,18
507907,508004,508996,992,97
508975,508994,508996,2,19
508975,508991,508996,5,16
508948,508966,508996,30,18
508975,508994,508997,3,19
508975,508995,508998,3,20
508975,508995,508997,2,20
508975,508995,508997,2,20
508975,508995,508997,2,20
508975,508995,508997,2,20
508975,508994,508998,4,19
508975,508983,508998,15,8
508975,508995,508998,3,20
508975,508993,508998,5,18
508975,508996,508998,2,21
508975,508995,508999,4,20
508975,508995,508999,4,20
508975,508984,508999,15,9
508975,508996,508999,3,21
508975,508996,508999,3,21
508975,508985,508999,14,10
508975,508994,508998,4,19
508975,508997,508999,2,22
508975,508996,509000,4,21
508975,508997,509000,3,22
508975,508996,509000,4,21
508975,508983,509001,18,8
508975,508996,509001,5,21
508975,508996,509002,6,21
508975,508996,509002,6,21
508975,508995,509004,9,20
509003,509004,509006,2,1
509003,509004,509006,2,1
509003,509004,509007,3,1
509003,509004,509007,3,1
509003,509004,509007,3,1
509003,509004,509007,3,1
509003,509004,509007,3,1
509003,509004,509007,3,1
509003,509004,509008,4,1
509003,509004,509009,5,1
509003,509004,509010,6,1
509003,509004,509009,5,1
509003,509008,509011,3,5
509003,509008,509010,2,5
509003,509004,509010,6,1
509003,509007,509010,3,4
509003,509008,509010,2,5
509003,509008,509011,3,5
509003,509007,509011,4,4
509003,509008,509012,4,5
509003,509010,509012,2,7
509003,509010,509013,3,7
509003,509010,509013,3,7
509003,509011,509013,2,8
509003,509011,509013,2,8
509003,509011,509014,3,8
509003,509011,509014,3,8
509003,509012,509014,2,9
509003,509012,509014,2,9
509003,509004,509015,11,1
509003,509004,509015,11,1
509003,509013,509015,2,10
509003,509007,509016,9,4
509003,509011,509016,5,8
509003,509013,509016,3,10
509003,509014,509016,2,11
509003,509014,509016,2,11
509003,509004,509017,13,1
509003,509004,509017,13,1
507913,508056,509017,961,143
509003,509015,509017,2,12
509003,509015,509018,3,12
509003,509004,509018,14,1
509003,509004,509018,14,1
509003,509013,509019,6,10
509003,509013,509018,5,10
509003,509005,509020,15,2
509003,509018,509020,2,15
509003,509018,509020,2,15
509003,509017,509020,3,14
509003,509017,509019,2,14
509003,509017,509020,3,14
509003,509017,509020,3,14
509003,509014,509016,2,11
509003,509014,509017,3,11
509003,509016,509021,5,13
509003,509004,509020,16,1
509003,509018,509021,3,15
509003,509008,509022,14,5
509003,509018,509021,3,15
509004,509019,509022,3,15
509004,509019,509022,3,15
509003,509018,509022,4,15
509003,509020,509023,3,17
509003,509004,509023,19,1
509004,509020,509023,3,16
509004,509020,509023,3,16
509003,509016,509022,6,13
509003,509007,509023,16,4
509003,509004,509024,20,1
509004,509020,509024,4,16
509004,509020,509024,4,16
509004,509020,509025,5,16
509004,509020,509025,5,16
509003,509009,509026,17,6
509004,509020,509026,6,16
509004,509020,509026,6,16
509004,509021,509026,5,17
509004,509025,509028,3,21
509004,509025,509028,3,21
509004,509025,509028,3,21
509004,509019,509025,6,15
509003,509025,509028,3,22
509004,509024,509029,5,20
509004,509024,509028,4,20
509004,509025,509028,3,21
509004,509023,509029,6,19
509004,509026,509029,3,22
509004,509026,509029,3,22
509004,509026,509029,3,22
509004,509025,509029,4,21
509003,509004,509030,26,1
509004,509022,509029,7,18
509004,509026,509029,3,22
509004,509021,509029,8,17
509004,509021,509030,9,17
509004,509025,509030,5,21
509004,509029,509031,2,25
509004,509022,509031,9,18
509004,509028,509031,3,24
509004,509029,509031,2,25
509004,509029,509031,2,25
509004,509029,509031,2,25
509004,509029,509032,3,25
509004,509030,509032,2,26
509004,509030,509032,2,26
509004,509030,509032,2,26
509004,509030,509032,2,26
509003,509004,509032,28,1
509004,509031,509033,2,27
509004,509029,509033,4,25
509004,509030,509033,3,26
509004,509030,509033,3,26
509004,509030,509033,3,26
509004,509032,509034,2,28
509004,509031,509034,3,27
509004,509031,509034,3,27
509004,509033,509035,2,29
509004,509032,509034,2,28
509004,509032,509034,2,28
509003,509004,509034,30,1
509004,509020,509034,14,16
509004,509030,509035,5,26
509004,509033,509035,2,29
509004,509022,509035,13,18
509004,509024,509032,8,20
509004,509033,509035,2,29
509004,509033,509035,2,29
509004,509031,509036,5,27
509004,509033,509035,2,29
509004,509024,509036,12,20
509004,509032,509036,4,28
509031,509034,509036,2,3
509004,509034,509038,4,30
509004,509034,509037,3,30
509004,509023,509038,15,19
509004,509033,509037,4,29
509031,509035,509037,2,4
509031,509035,509037,2,4
509031,509035,509038,3,4
509004,509030,509038,8,26
509004,509022,509039,17,18
509031,509035,509039,4,4
509004,509019,509040,21,15
509031,509035,509041,6,4
509031,509034,509040,6,3
509004,509029,509041,12,25
509031,509036,509042,6,5
509031,509036,509041,5,5
509031,509040,509042,2,9
509031,509036,509044,8,5
509031,509037,509044,7,6
509031,509038,509043,5,7
509031,509038,509044,6,7
509031,509034,509044,10,3
509031,509034,509044,10,3
509031,509036,509044,8,5
509031,509042,509044,2,11
509031,509039,509044,5,8
509031,509042,509045,3,11
509031,509043,509045,2,12
509031,509035,509046,11,4
509031,509040,509045,5,9
507915,508077,509046,969,162
509031,509044,509046,2,13
509031,509044,509046,2,13
509031,509044,509047,3,13
509031,509041,509047,6,10
509031,509044,509046,2,13
509031,509037,509047,10,6
509031,509045,509047,2,14
509031,509042,509047,5,11
509031,509045,509047,2,14
509031,509045,509048,3,14
509031,509045,509048,3,14
509031,509045,509047,2,14
509031,509045,509047,2,14
509031,509045,509048,3,14
509031,509046,509048,2,15
509031,509041,509048,7,10
509031,509047,509049,2,16
509031,509047,509049,2,16
509031,509047,509049,2,16
509031,509047,509049,2,16
509031,509047,509049,2,16
509031,509036,509049,13,5
509031,509047,509050,3,16
509031,509048,509050,2,17
509031,509038,509050,12,7
509031,509048,509050,2,17
509031,509048,509051,3,17
509031,509048,509050,2,17
509031,509048,509051,3,17
509031,509048,509051,3,17
509031,509048,509050,2,17
509031,509049,509052,3,18
509031,509038,509051,13,7
509031,509049,509051,2,18
509031,509047,509050,3,16
509031,509050,509052,2,19
509031,509046,509051,5,15
509031,509046,509051,5,15
509031,509038,509053,15,7
509031,509050,509053,3,19
509031,509036,509051,15,5
509031,509051,509053,2,20
509031,509050,509054,4,19
507917,508077,509054,977,160
509031,509050,509054,4,19
509031,509052,509054,2,21
509031,509041,509055,14,10
509031,509051,509055,4,20
509031,509048,509055,7,17
509031,509051,509055,4,20
509031,509038,509055,17,7
509031,509035,509055,20,4
509031,509051,509055,4,20
509031,509051,509055,4,20
509031,509049,509056,7,18
509031,509054,509056,2,23
509031,509051,509057,6,20
509031,509051,509056,5,20
509031,509054,509057,3,23
509031,509051,509056,5,20
509031,509054,509057,3,23
509031,509054,509057,3,23
509031,509055,509057,2,24
509031,509052,509058,6,21
509031,509052,509058,6,21
509031,509053,509058,5,22
509031,509055,509058,3,24
509031,509055,509058,3,24
509031,509050,509058,8,19
509031,509057,509059,2,26
509031,509056,509058,2,25
509031,509056,509059,3,25
509031,509039,509059,20,8
509031,509053,509059,6,22
509031,509057,509060,3,26
509031,509057,509059,2,26
509031,509058,509060,2,27
509031,509058,509060,2,27
509031,509058,509060,2,27
509031,509058,509060,2,27
509031,509059,509061,2,28
509031,509056,509060,4,25
509031,509058,509060,2,27
509031,509058,509061,3,27
509031,509058,509060,2,27
509031,509059,509061,2,28
509031,509053,509061,8,22
509031,509053,509061,8,22
509031,509057,509061,4,26
509031,509053,509062,9,22
509031,509059,509061,2,28
509031,509059,509061,2,28
509031,509059,509063,4,28
509031,509061,509063,2,30
509031,509061,509063,2,30
509031,509058,509063,5,27
509031,509060,509063,3,29
509031,509060,509062,2,29
509031,509061,509063,2,30
509031,509061,509063,2,30
509031,509061,509063,2,30
509031,509062,509064,2,31
509031,509061,509064,3,30
509031,509061,509064,3,30
509031,509061,509064,3,30
509031,509055,509062,7,24
509031,509056,509063,7,25
509031,509061,509065,4,30
509031,509062,509064,2,31
509031,509053,509066,13,22
509031,509062,509066,4,31
509031,509052,509064,12,21
509031,509062,509066,4,31
509064,509064,509067,3,0
509064,509064,509067,3,0
509064,509064,509067,3,0
509064,509064,509067,3,0
509064,509064,509067,3,0
509064,509064,509067,3,0
509064,509064,509068,4,0
509064,509064,509068,4,0
509064,509064,509068,4,0
509064,509065,509068,3,1
509064,509064,509069,5,0
509064,509064,509069,5,0
509064,509067,509069,2,3
509064,509067,509069,2,3
509064,509067,509070,3,3
509031,509060,509069,9,29
509031,509059,509070,11,28
509064,509066,509070,4,2
509064,509068,509070,2,4
509064,509068,509070,2,4
509064,509068,509071,3,4
509064,509068,509071,3,4
509064,509068,509071,3,4
509064,509064,509071,7,0
509064,509064,509071,7,0
509064,509069,509072,3,5
509064,509069,509071,2,5
509064,509069,509072,3,5
509064,509069,509072,3,5
509064,509066,509071,5,2
509064,509067,509072,5,3
509064,509066,509073,7,2
509064,509070,509072,2,6
509064,509070,509072,2,6
509064,509071,509073,2,7
509064,509070,509073,3,6
509064,509064,509074,10,0
509064,509071,509074,3,7
509064,509071,509074,3,7
509064,509071,509074,3,7
509064,509071,509074,3,7
509064,509072,509075,3,8
509064,509064,509075,11,0
509031,509055,509075,20,24
509064,509064,509075,11,0
509064,509073,509075,2,9
509064,509072,509075,3,8
509064,509071,509075,4,7
509064,509071,509075,4,7
509064,509073,509075,2,9
509064,509071,509075,4,7
509064,509071,509076,5,7
509064,509073,509075,2,9
509064,509073,509076,3,9
509064,509073,509076,3,9
509064,509075,509077,2,11
509064,509074,509077,3,10
509064,509075,509077,2,11
509064,509075,509077,2,11
509064,509075,509077,2,11
509064,509075,509077,2,11
509064,509073,509077,4,9
509064,509073,509077,4,9
509064,509075,509078,3,11
509064,509070,509076,6,6
509064,509075,509079,4,11
509064,509075,509080,5,11
509064,509077,509081,4,13
509064,509064,509083,19,0
509064,509074,509083,9,10
509004,509031,509083,52,27
509031,509060,509085,25,29
509064,509075,509086,11,11
509031,509056,509094,38,25
507925,508131,509098,967,206
509118,509118,509121,3,0
509118,509118,509122,4,0
509118,509118,509121,3,0
509118,509118,509121,3,0
509118,509118,509122,4,0
509118,509118,509121,3,0
509118,509118,509122,4,0
509118,509118,509123,5,0
509118,509118,509123,5,0
509118,509118,509123,5,0
509118,509118,509122,4,0
509118,509118,509123,5,0
509118,509118,509124,6,0
509118,509118,509124,6,0
509118,509121,509123,2,3
509118,509122,509124,2,4
509118,509118,509124,6,0
509118,509118,509125,7,0
509118,509118,509124,6,0
509118,509122,509125,3,4
509118,509122,509124,2,4
509118,509122,509124,2,4
509118,509122,509124,2,4
509118,509123,509126,3,5
509118,509123,509126,3,5
509118,509123,509125,2,5
509118,509124,509126,2,6
509118,509118,509126,8,0
509118,509123,509127,4,5
509118,509118,509126,8,0
509118,509118,509126,8,0
509118,509122,509126,4,4
509118,509125,509127,2,7
509118,509118,509127,9,0
509118,509124,509127,3,6
509118,509124,509126,2,6
509118,509118,509127,9,0
509118,509118,509127,9,0
509118,509123,509127,4,5
509118,509125,509127,2,7
509118,509125,509128,3,7
509118,509125,509128,3,7
509118,509125,509128,3,7
509118,509126,509128,2,8
509118,509118,509129,11,0
509118,509118,509129,11,0
509118,509124,509128,4,6
509118,509125,509129,4,7
509118,509126,509129,3,8
509118,509126,509129,3,8
509118,509126,509128,2,8
509118,509127,509129,2,9
509118,509125,509130,5,7
509118,509127,509129,2,9
509118,509127,509130,3,9
509118,509127,509130,3,9
509118,509127,509130,3,9
509118,509127,509130,3,9
509118,509127,509129,2,9
509118,509128,509131,3,10
509118,509128,509130,2,10
509118,509128,509131,3,10
509118,509128,509131,3,10
509118,509128,509131,3,10
509118,509128,509132,4,10
509118,509126,509132,6,8
509118,509127,509132,5,9
509118,509129,509133,4,11
509118,509129,509133,4,11
509118,509129,509133,4,11
509118,509130,509133,3,12
509118,509131,509134,3,13
509118,509131,509134,3,13
509118,509131,509134,3,13
509118,509130,509134,4,12
509118,509129,509134,5,11
509118,509132,509134,2,14
509118,509130,509134,4,12
509118,509132,509134,2,14
509118,509127,509135,8,9
509118,509130,509134,4,12
509118,509130,509136,6,12
509118,509133,509136,3,15
509118,509134,509136,2,16
509118,509135,509137,2,17
509118,509134,509136,2,16
509118,509134,509136,2,16
509118,509129,509137,8,11
509118,509132,509137,5,14
509118,509130,509137,7,12
509118,509134,509137,3,16
509118,509134,509137,3,16
509118,509134,509137,3,16
509118,509134,509137,3,16
509118,509135,509137,2,17
509118,509135,509137,2,17
509118,509135,509137,2,17
509118,509135,509138,3,17
509118,509129,509138,9,11
509118,509137,509139,2,19
509118,509136,509139,3,18
509118,509138,509140,2,20
509118,509137,509139,2,19
509118,509137,509139,2,19
509118,509137,509139,2,19
509118,509137,509139,2,19
509118,509138,509140,2,20
509118,509138,509140,2,20
509118,509138,509140,2,20
509118,509138,509140,2,20
509118,509138,509140,2,20
509118,509139,509141,2,21
509118,509135,509140,5,17
509118,509137,509141,4,19
509118,509137,509141,4,19
509118,509140,509142,2,22
509118,509138,509142,4,20
509118,509140,509142,2,22
509118,509140,509142,2,22
509118,509138,509142,4,20
509118,509140,509142,2,22
509118,509140,509142,2,22
509118,509140,509143,3,22
509118,509141,509143,2,23
509118,509141,509143,2,23
509118,509130,509143,13,12
509118,509137,509143,6,19
509118,509138,509143,5,20
509118,509127,509143,16,9
509118,509141,509143,2,23
509118,509141,509143,2,23
509118,509141,509143,2,23
509118,509129,509145,16,11
509118,509139,509145,6,21
509118,509141,509146,5,23
509118,509118,509149,31,0
509118,509132,509149,17,14
509118,509118,509154,36,0
509118,509132,509155,23,14
509118,509129,509155,26,11
508012,508203,509170,967,191
509064,509065,509176,111,1
509064,509073,509180,107,9
509207,509207,509209,2,0
509207,509207,509210,3,0
509207,509207,509209,2,0
509207,509207,509210,3,0
509207,509207,509210,3,0
509207,509207,509211,4,0
509207,509207,509210,3,0
509207,509207,509210,3,0
509207,509207,509210,3,0
509207,509207,509211,4,0
509207,509207,509211,4,0
509207,509207,509211,4,0
509207,509207,509211,4,0
509207,509207,509211,4,0
509207,509207,509212,5,0
509207,509209,509211,2,2
509207,509207,509212,5,0
509207,509207,509212,5,0
509207,509210,509212,2,3
509207,509207,509212,5,0
509207,509207,509212,5,0
509207,509210,509212,2,3
509207,509211,509213,2,4
509207,509212,509214,2,5
509207,509211,509213,2,4
509207,509207,509214,7,0
509207,509207,509214,7,0
509207,509211,509215,4,4
509207,509212,509215,3,5
509207,509212,509215,3,5
509207,509213,509215,2,6
509207,509212,509214,2,5
509207,509212,509214,2,5
509207,509211,509215,4,4
509207,509211,509215,4,4
509207,509212,509216,4,5
509207,509211,509215,4,4
509207,509214,509216,2,7
509207,509213,509215,2,6
509207,509213,509215,2,6
509207,509214,509216,2,7
509207,509213,509215,2,6
509207,509212,509216,4,5
509207,509213,509216,3,6
509207,509207,509217,10,0
509207,509214,509216,2,7
509207,509215,509217,2,8
509207,509214,509216,2,7
509207,509207,509217,10,0
509207,509207,509217,10,0
509207,509212,509218,6,5
509207,509215,509217,2,8
509207,509215,509217,2,8
509207,509215,509218,3,8
509207,509215,509217,2,8
509207,509215,509218,3,8
509207,509216,509218,2,9
509207,509216,509219,3,9
509207,509216,509219,3,9
509207,509216,509218,2,9
509207,509216,509218,2,9
509207,509215,509219,4,8
509207,509216,509220,4,9
509207,509216,509219,3,9
509207,509216,509220,4,9
509207,509216,509220,4,9
509207,509207,509224,17,0
509207,509207,509225,18,0
509207,509207,509224,17,0
509207,509207,509225,18,0
508558,508578,509540,962,20
509542,509542,509544,2,0
509542,509542,509544,2,0
509542,509542,509544,2,0
509542,509542,509544,2,0
509542,509542,509545,3,0
509542,509542,509546,4,0
509542,509542,509546,4,0
509542,509542,509545,3,0
509542,509542,509546,4,0
509542,509542,509547,5,0
509542,509542,509546,4,0
509542,509542,509546,4,0
509542,509542,509547,5,0
509542,509542,509547,5,0
509542,509542,509548,6,0
509542,509542,509547,5,0
509542,509545,509547,2,3
509542,509542,509548,6,0
509542,509545,509547,2,3
509542,509545,509547,2,3
509542,509545,509547,2,3
509542,509542,509549,7,0
509542,509546,509549,3,4
509542,509546,509548,2,4
509542,509542,509549,7,0
509542,509542,509549,7,0
509542,509547,509549,2,5
509542,509547,509550,3,5
509542,509548,509550,2,6
509542,509546,509550,4,4
509542,509546,509550,4,4
509542,509542,509550,8,0
509542,509548,509551,3,6
509542,509548,509550,2,6
509542,509548,509551,3,6
509542,509548,509550,2,6
509542,509548,509550,2,6
509542,509549,509551,2,7
509542,509547,509552,5,5
509542,509547,509552,5,5
509542,509547,509551,4,5
509542,509549,509552,3,7
509542,509550,509552,2,8
509542,509542,509552,10,0
509542,509542,509552,10,0
509542,509550,509552,2,8
509542,509550,509552,2,8
509542,509551,509553,2,9
509542,509550,509554,4,8
509542,509548,509553,5,6
509542,509551,509554,3,9
509542,509551,509554,3,9
509542,509551,509554,3,9
509542,509551,509554,3,9
509542,509551,509553,2,9
509542,509546,509552,6,4
509542,509549,509553,4,7
509542,509542,509555,13,0
509542,509551,509555,4,9
509542,509552,509555,3,10
509542,509552,509555,3,10
509542,509551,509555,4,9
509542,509551,509557,6,9
509542,509552,509556,4,10
509542,509552,509556,4,10
509542,509542,509557,15,0
509542,509552,509557,5,10
509542,509550,509558,8,8
509542,509553,509559,6,11
509542,509553,509569,16,11
507911,508016,509586,1570,105
509598,509598,509601,3,0
509598,509598,509601,3,0
509598,509598,509601,3,0
509598,509598,509602,4,0
509598,509598,509602,4,0
509598,509598,509602,4,0
509598,509598,509602,4,0
509598,509598,509602,4,0
509598,509598,509602,4,0
509598,509598,509603,5,0
509598,509598,509604,6,0
509598,509598,509604,6,0
509598,509601,509604,3,3
509598,509601,509603,2,3
509598,509601,509603,2,3
509598,509602,509604,2,4
509598,509602,509605,3,4
509598,509602,509605,3,4
509598,509602,509604,2,4
509598,509602,509604,2,4
509598,509598,509605,7,0
509598,509598,509606,8,0
509598,509598,509605,7,0
509598,509604,509606,2,6
507919,508094,509606,1512,175
509598,509604,509606,2,6
509598,509604,509607,3,6
509598,509603,509607,4,5
509598,509604,509607,3,6
509598,509604,509606,2,6
509598,509605,509607,2,7
509598,509598,509607,9,0
509598,509604,509608,4,6
509598,509605,509608,3,7
509598,509605,509608,3,7
509598,509605,509607,2,7
509598,509606,509608,2,8
509598,509606,509608,2,8
509598,509605,509608,3,7
509598,509607,509609,2,9
509598,509607,509609,2,9
509598,509606,509610,4,8
509598,509606,509610,4,8
509598,509607,509610,3,9
509598,509607,509610,3,9
509598,509608,509610,2,10
509598,509607,509611,4,9
509598,509607,509611,4,9
509598,509608,509611,3,10
509598,509608,509611,3,10
509598,509607,509611,4,9
509598,509608,509611,3,10
509598,509609,509612,3,11
509598,509610,509611,1,12
509598,509598,509611,13,0
509598,509609,509611,2,11
509598,509609,509612,3,11
509598,509610,509613,3,12
509598,509610,509613,3,12
509598,509610,509614,4,12
509598,509610,509614,4,12
509598,509608,509614,6,10
509598,509608,509613,5,10
509598,509598,509615,17,0
509607,509612,509615,3,5
509607,509612,509615,3,5
509607,509612,509615,3,5
509598,509598,509615,17,0
509607,509611,509615,4,4
509607,509611,509616,5,4
509607,509612,509616,4,5
509607,509612,509616,4,5
509607,509616,509618,2,9
509607,509616,509618,2,9
509607,509616,509618,2,9
509607,509616,509619,3,9
509607,509616,509619,3,9
509607,509617,509619,2,10
509598,509598,509619,21,0
509607,509617,509619,2,10
509607,509612,509619,7,5
509607,509615,509620,5,8
509607,509612,509621,9,5
509607,509612,509621,9,5
509607,509619,509621,2,12
509607,509619,509621,2,12
509607,509619,509621,2,12
509607,509614,509622,8,7
509607,509619,509622,3,12
509607,509616,509622,6,9
509607,509614,509622,8,7
509607,509620,509622,2,13
509607,509620,509623,3,13
509607,509620,509622,2,13
509607,509614,509623,9,7
509607,509614,509623,9,7
509607,509619,509622,3,12
509598,509598,509624,26,0
509598,509598,509623,25,0
509607,509622,509624,2,15
509607,509622,509624,2,15
509607,509622,509624,2,15
509598,509598,509625,27,0
509607,509620,509624,4,13
509607,509612,509624,12,5
509607,509622,509625,3,15
509607,509623,509626,3,16
509607,509623,509625,2,16
509607,509623,509626,3,16
509607,509623,509625,2,16
509607,509620,509624,4,13
509607,509622,509626,4,15
509607,509614,509627,13,7
509607,509621,509626,5,14
509598,509598,509627,29,0
509607,509622,509626,4,15
509607,509623,509626,3,16
509607,509625,509627,2,18
509607,509625,509627,2,18
509607,509625,509627,2,18
509607,509623,509628,5,16
509607,509613,509628,15,6
509607,509625,509628,3,18
509607,509626,509628,2,19
509607,509626,509628,2,19
509607,509626,509629,3,19
509607,509626,509629,3,19
509607,509626,509628,2,19
509598,509598,509628,30,0
509607,509623,509629,6,16
509607,509625,509629,4,18
509607,509623,509629,6,16
507923,508110,509630,1520,187
509607,509627,509631,4,20
509607,509626,509631,5,19
509607,509627,509631,4,20
509607,509627,509632,5,20
509607,509627,509632,5,20
509607,509624,509633,9,17
509607,509627,509633,6,20
509607,509624,509635,11,17
509607,509625,509634,9,18
509659,509659,509662,3,0
509659,509659,509663,4,0
509659,509659,509663,4,0
509659,509659,509663,4,0
509659,509659,509663,4,0
509659,509659,509663,4,0
509659,509659,509663,4,0
509659,509659,509664,5,0
509659,509659,509663,4,0
509659,509659,509664,5,0
509659,509659,509663,4,0
509659,509662,509665,3,3
509659,509659,509664,5,0
509659,509659,509666,7,0
509659,509659,509665,6,0
509659,509659,509666,7,0
509659,509663,509666,3,4
509659,509663,509666,3,4
509659,509663,509666,3,4
509659,509663,509666,3,4
509659,509663,509666,3,4
509659,509664,509667,3,5
509659,509664,509667,3,5
509659,509659,509667,8,0
509659,509664,509668,4,5
509659,509666,509668,2,7
509659,509659,509669,10,0
509659,509667,509669,2,8
509659,509667,509669,2,8
509659,509667,509669,2,8
509659,509667,509669,2,8
509659,509667,509669,2,8
509659,509666,509670,4,7
509659,509659,509670,11,0
509659,509666,509670,4,7
509659,509666,509670,4,7
509659,509659,509670,11,0
509659,509664,509670,6,5
509659,509668,509670,2,9
509659,509666,509671,5,7
509659,509669,509671,2,10
509659,509668,509671,3,9
509659,509663,509670,7,4
509659,509668,509672,4,9
509659,509670,509672,2,11
509659,509670,509672,2,11
509659,509670,509672,2,11
509659,509671,509673,2,12
509659,509670,509673,3,11
509659,509659,509673,14,0
509659,509659,509673,14,0
509659,509670,509673,3,11
509659,509670,509673,3,11
509659,509668,509673,5,9
509659,509670,509674,4,11
509659,509670,509674,4,11
509659,509672,509674,2,13
509659,509659,509675,16,0
509659,509671,509675,4,12
509659,509673,509675,2,14
509659,509672,509675,3,13
509659,509670,509675,5,11
509659,509672,509676,4,13
509659,509670,509676,6,11
509659,509672,509676,4,13
509659,509669,509677,8,10
509659,509659,509680,21,0
509659,509659,509680,21,0
509659,509670,509681,11,11
509659,509659,509684,25,0
507959,508175,509686,1511,216
509691,509691,509695,4,0
509691,509691,509696,5,0
509691,509691,509696,5,0
509691,509691,509696,5,0
509691,509691,509696,5,0
509691,509691,509696,5,0
509691,509691,509696,5,0
509691,509691,509695,4,0
509691,509691,509696,5,0
509691,509691,509696,5,0
509691,509691,509696,5,0
509691,509691,509695,4,0
509691,509691,509695,4,0
509691,509691,509696,5,0
509691,509691,509697,6,0
509691,509692,509698,6,1
509691,509696,509699,3,5
509691,509696,509699,3,5
509691,509695,509699,4,4
509691,509696,509699,3,5
509691,509691,509699,8,0
509691,509696,509699,3,5
509691,509696,509699,3,5
509691,509696,509700,4,5
507927,508157,509700,1543,230
509691,509696,509700,4,5
509691,509691,509701,10,0
509691,509696,509701,5,5
509691,509696,509701,5,5
509691,509697,509701,4,6
509691,509696,509701,5,5
509691,509696,509701,5,5
509691,509697,509702,5,6
509691,509698,509702,4,7
509691,509700,509702,2,9
509691,509700,509702,2,9
509691,509697,509702,5,6
509691,509700,509702,2,9
509691,509700,509702,2,9
509691,509700,509703,3,9
509691,509700,509703,3,9
509691,509700,509703,3,9
509691,509701,509703,2,10
509691,509691,509703,12,0
509691,509691,509704,13,0
509691,509700,509703,3,9
509691,509702,509705,3,11
509691,509691,509705,14,0
509691,509702,509705,3,11
509691,509703,509705,2,12
509691,509703,509705,2,12
509691,509703,509705,2,12
509691,509703,509705,2,12
509691,509704,509706,2,13
509691,509704,509706,2,13
509691,509702,509707,5,11
509691,509703,509707,4,12
509691,509704,509707,3,13
509691,509702,509709,7,11
509691,509701,509709,8,10
509691,509702,509710,8,11
509691,509703,509711,8,12
509691,509691,509712,21,0
509691,509701,509712,11,10
509691,509691,509707,16,0
509691,509691,509716,25,0
509691,509701,509718,17,10
509691,509702,509718,16,11
509691,509691,509720,29,0
509691,509704,509722,18,13
509691,509704,509722,18,13
509723,509723,509726,3,0
509723,509723,509726,3,0
509723,509723,509726,3,0
509723,509723,509726,3,0
509723,509723,509726,3,0
509723,509723,509727,4,0
509723,509723,509727,4,0
509723,509723,509727,4,0
509723,509723,509727,4,0
509723,509723,509727,4,0
509723,509723,509727,4,0
509723,509723,509727,4,0
509723,509723,509727,4,0
509723,509723,509728,5,0
509723,509726,509728,2,3
509723,509723,509728,5,0
509723,509723,509728,5,0
509723,509727,509730,3,4
509723,509727,509729,2,4
509723,509727,509730,3,4
509723,509728,509731,3,5
509723,509728,509731,3,5
509723,509728,509731,3,5
509723,509728,509731,3,5
509723,509728,509732,4,5
509723,509723,509731,8,0
509723,509727,509732,5,4
509723,509728,509732,4,5
509723,509730,509733,3,7
509723,509730,509733,3,7
509723,509730,509733,3,7
509723,509723,509734,11,0
509723,509723,509734,11,0
509723,509731,509734,3,8
509723,509728,509733,5,5
509723,509731,509734,3,8
509723,509731,509733,2,8
509723,509732,509734,2,9
509723,509728,509734,6,5
509723,509729,509734,5,6
509723,509729,509734,5,6
509723,509729,509734,5,6
509723,509729,509734,5,6
509723,509732,509736,4,9
509723,509733,509736,3,10
509723,509723,509737,14,0
509723,509723,509736,13,0
509723,509734,509737,3,11
509723,509733,509736,3,10
509723,509733,509736,3,10
509723,509734,509737,3,11
509723,509734,509737,3,11
509723,509733,509737,4,10
509723,509733,509737,4,10
509723,509735,509737,2,12
509723,509732,509738,6,9
509723,509723,509738,15,0
509723,509735,509738,3,12
509723,509735,509738,3,12
509723,509734,509738,4,11
509723,509735,509739,4,12
509723,509736,509739,3,13
509723,509735,509739,4,12
509723,509735,509740,5,12
509723,509736,509740,4,13
509723,509723,509742,19,0
509723,509723,509745,22,0
509723,509734,509744,10,11
509723,509734,509759,25,11
509723,509723,509764,41,0
508949,508979,509946,967,30
509948,509948,509950,2,0
509948,509948,509951,3,0
509948,509948,509950,2,0
509948,509948,509952,4,0
509948,509948,509952,4,0
509948,509948,509952,4,0
509948,509948,509952,4,0
509948,509948,509953,5,0
509948,509948,509953,5,0
509948,509948,509953,5,0
509948,509948,509953,5,0
509948,509948,509953,5,0
509948,509948,509953,5,0
509948,509948,509953,5,0
509948,509948,509953,5,0
509948,509951,509954,3,3
509948,509948,509953,5,0
509948,509948,509954,6,0
509948,509951,509953,2,3
509948,509951,509954,3,3
509948,509948,509955,7,0
509948,509948,509956,8,0
509948,509948,509956,8,0
509948,509948,509957,9,0
509948,509953,509957,4,5
509948,509954,509957,3,6
509948,509952,509958,6,4
509948,509954,509958,4,6
509948,509954,509958,4,6
509948,509954,509957,3,6
509948,509954,509958,4,6
509948,509954,509957,3,6
509948,509952,509959,7,4
509948,509955,509958,3,7
509948,509954,509959,5,6
509948,509952,509959,7,4
509948,509957,509960,3,9
509948,509952,509959,7,4
509948,509954,509960,6,6
509948,509957,509960,3,9
509948,509954,509961,7,6
509948,509958,509961,3,10
509948,509958,509961,3,10
509948,509958,509961,3,10
509948,509958,509961,3,10
509948,509954,509961,7,6
509948,509954,509961,7,6
509948,509958,509961,3,10
509948,509958,509961,3,10
509948,509954,509962,8,6
509948,509957,509962,5,9
509948,509959,509962,3,11
509948,509958,509963,5,10
509948,509956,509963,7,8
509948,509959,509963,4,11
509948,509960,509963,3,12
509948,509959,509964,5,11
509948,509960,509964,4,12
509948,509961,509964,3,13
509948,509961,509964,3,13
509948,509960,509965,5,12
509948,509961,509964,3,13
509948,509961,509965,4,13
509948,509960,509966,6,12
509948,509960,509967,7,12
509948,509961,509970,9,13
509948,509948,509975,27,0
509948,509948,509975,27,0
509948,509948,509976,28,0
509948,509948,509978,30,0
508490,508512,510001,1489,22
509005,509034,510005,971,29
510009,510009,510011,2,0
510009,510009,510013,4,0
510009,510009,510013,4,0
510009,510009,510013,4,0
510009,510009,510013,4,0
510009,510009,510013,4,0
510009,510009,510012,3,0
510009,510009,510014,5,0
510009,510009,510013,4,0
510009,510009,510014,5,0
510009,510009,510014,5,0
510009,510009,510014,5,0
510009,510009,510013,4,0
510009,510009,510014,5,0
510009,510009,510015,6,0
510009,510009,510015,6,0
510009,510009,510015,6,0
510009,510012,510015,3,3
510009,510009,510015,6,0
510009,510013,510016,3,4
510009,510013,510016,3,4
510009,510009,510016,7,0
510009,510013,510016,3,4
510009,510013,510016,3,4
510009,510014,510017,3,5
510009,510014,510017,3,5
510009,510014,510017,3,5
510009,510014,510017,3,5
510009,510009,510015,6,0
510009,510013,510018,5,4
510009,510015,510018,3,6
510009,510015,510017,2,6
510009,510016,510018,2,7
510009,510014,510019,5,5
510009,510014,510019,5,5
510009,510016,510018,2,7
510009,510017,510019,2,8
510009,510016,510019,3,7
510009,510016,510019,3,7
510009,510017,510019,2,8
510009,510013,510020,7,4
510009,510017,510020,3,8
510009,510015,510020,5,6
510009,510017,510020,3,8
510009,510018,510020,2,9
510009,510014,510021,7,5
510009,510015,510020,5,6
510009,510015,510021,6,6
510009,510018,510021,3,9
510009,510016,510020,4,7
510009,510018,510020,2,9
510009,510019,510021,2,10
510009,510018,510022,4,9
510009,510018,510022,4,9
510009,510019,510022,3,10
510009,510020,510022,2,11
510009,510020,510022,2,11
510009,510009,510019,10,0
510009,510009,510019,10,0
510009,510020,510023,3,11
510009,510021,510023,2,12
510009,510019,510023,4,10
510009,510019,510024,5,10
509065,509076,510024,948,11
510009,510020,510024,4,11
510009,510021,510025,4,12
510009,510022,510025,3,13
510009,510023,510025,2,14
510009,510023,510025,2,14
510009,510020,510026,6,11
510009,510022,510026,4,13
510009,510020,510026,6,11
510009,510021,510026,5,12
510009,510024,510026,2,15
510009,510023,510026,3,14
510009,510024,510027,3,15
510009,510024,510027,3,15
510009,510021,510028,7,12
510009,510024,510028,4,15
510009,510025,510028,3,16
510009,510021,510028,7,12
510009,510026,510028,2,17
510009,510026,510028,2,17
510009,510026,510029,3,17
510009,510025,510029,4,16
510009,510024,510029,5,15
510009,510021,510029,8,12
510009,510025,510029,4,16
510009,510021,510031,10,12
510009,510027,510031,4,18
510009,510028,510031,3,19
510009,510028,510031,3,19
510009,510009,510023,14,0
510009,510027,510031,4,18
510009,510027,510032,5,18
510009,510029,510032,3,20
510009,510029,510032,3,20
510009,510028,510032,4,19
510009,510026,510033,7,17
510009,510032,510034,2,23
510009,510029,510033,4,20
510009,510030,510033,3,21
510009,510021,510033,12,12
510009,510029,510033,4,20
510009,510029,510033,4,20
510009,510032,510034,2,23
510009,510026,510034,8,17
510009,510032,510034,2,23
510009,510032,510034,2,23
510009,510032,510035,3,23
510009,510030,510035,5,21
510009,510026,510035,9,17
510009,510033,510035,2,24
510009,510033,510035,2,24
510009,510023,510035,12,14
510009,510022,510035,13,13
510009,510033,510035,2,24
510009,510031,510036,5,22
510009,510029,510036,7,20
510009,510028,510036,8,19
510009,510034,510036,2,25
510009,510034,510036,2,25
510009,510034,510036,2,25
510009,510034,510037,3,25
510009,510034,510036,2,25
510009,510034,510037,3,25
510009,510029,510037,8,20
510009,510021,510037,16,12
510009,510035,510037,2,26
510009,510035,510038,3,26
510009,510036,510038,2,27
510009,510036,510038,2,27
510009,510035,510039,4,26
510009,510033,510039,6,24
510009,510034,510039,5,25
510009,510035,510039,4,26
510025,510037,510039,2,12
510009,510035,510040,5,26
510009,510036,510040,4,27
510025,510038,510041,3,13
510025,510038,510040,2,13
510025,510036,510041,5,11
510025,510037,510041,4,12
510025,510037,510041,4,12
510025,510037,510041,4,12
510025,510037,510042,5,12
510025,510039,510041,2,14
510025,510039,510041,2,14
510025,510037,510042,5,12
510025,510040,510043,3,15
510025,510040,510042,2,15
510009,510032,510041,9,23
510025,510037,510043,6,12
510009,510009,510043,34,0
510025,510040,510044,4,15
510025,510038,510044,6,13
510025,510042,510045,3,17
510025,510042,510045,3,17
510025,510041,510044,3,16
510025,510042,510045,3,17
510025,510041,510045,4,16
510025,510040,510045,5,15
510025,510041,510046,5,16
510025,510043,510046,3,18
510025,510041,510046,5,16
510025,510037,510047,10,12
510025,510045,510048,3,20
510025,510045,510047,2,20
510025,510040,510048,8,15
510025,510037,510048,11,12
510025,510045,510048,3,20
510025,510045,510049,4,20
510025,510046,510049,3,21
510025,510046,510049,3,21
510025,510043,510048,5,18
510025,510041,510049,8,16
510025,510041,510049,8,16
510025,510041,510049,8,16
510025,510043,510049,6,18
510025,510042,510049,7,17
510025,510044,510050,6,19
510025,510046,510050,4,21
510025,510048,510050,2,23
510025,510048,510050,2,23
510025,510037,510051,14,12
510025,510047,510051,4,22
510025,510046,510051,5,21
510025,510048,510051,3,23
510025,510049,510051,2,24
510025,510049,510052,3,24
510025,510049,510051,2,24
510025,510049,510052,3,24
510025,510049,510052,3,24
510025,510045,510052,7,20
510025,510048,510053,5,23
510025,510050,510052,2,25
510025,510049,510052,3,24
510025,510049,510052,3,24
510025,510051,510053,2,26
510025,510051,510053,2,26
510025,510050,510054,4,25
510025,510051,510055,4,26
510025,510045,510054,9,20
510025,510049,510055,6,24
510025,510049,510055,6,24
510025,510049,510056,7,24
510025,510052,510056,4,27
510025,510052,510056,4,27
510025,510044,510067,23,19
510025,510043,510069,26,18
510009,510023,510070,47,14
509149,509149,510085,936,0
510106,510106,510108,2,0
510106,510106,510108,2,0
510106,510106,510108,2,0
510106,510106,510109,3,0
510106,510106,510109,3,0
510106,510106,510110,4,0
510106,510106,510109,3,0
510106,510106,510109,3,0
510106,510106,510111,5,0
510106,510106,510110,4,0
510106,510106,510110,4,0
510106,510106,510111,5,0
510106,510106,510111,5,0
510106,510106,510111,5,0
510106,510106,510111,5,0
510106,510106,510111,5,0
510106,510106,510113,7,0
510106,510106,510113,7,0
510106,510106,510112,6,0
510106,510106,510113,7,0
510106,510106,510112,6,0
510106,510109,510113,4,3
510106,510109,510114,5,3
510106,510106,510114,8,0
510106,510109,510114,5,3
510106,510110,510115,5,4
510106,510110,510115,5,4
510106,510112,510115,3,6
510106,510110,510115,5,4
510106,510110,510115,5,4
510106,510112,510115,3,6
510106,510114,510117,3,8
510106,510115,510117,2,9
510106,510114,510116,2,8
510106,510106,510117,11,0
510106,510113,510118,5,7
510106,510113,510118,5,7
510106,510116,510118,2,10
510106,510116,510119,3,10
510106,510116,510119,3,10
510106,510112,510118,6,6
510106,510116,510118,2,10
510106,510111,510118,7,5
510106,510113,510119,6,7
510106,510106,510119,13,0
510106,510113,510119,6,7
510106,510116,510120,4,10
510106,510116,510120,4,10
510106,510111,510120,9,5
510106,510117,510119,2,11
510106,510117,510119,2,11
510106,510117,510119,2,11
510106,510113,510119,6,7
510106,510114,510120,6,8
510106,510110,510121,11,4
510106,510119,510121,2,13
510106,510106,510121,15,0
510106,510118,510122,4,12
510106,510119,510121,2,13
510106,510119,510121,2,13
510106,510119,510121,2,13
510106,510119,510122,3,13
510106,510119,510122,3,13
510106,510112,510123,11,6
510106,510118,510123,5,12
510106,510120,510124,4,14
510106,510118,510123,5,12
510106,510119,510124,5,13
510106,510111,510124,13,5
510106,510111,510125,14,5
509265,509265,510198,933,0
510199,510199,510202,3,0
510199,510199,510202,3,0
510199,510199,510202,3,0
510199,510199,510202,3,0
510199,510199,510203,4,0
510199,510199,510203,4,0
510199,510199,510203,4,0
510199,510199,510202,3,0
510199,510199,510203,4,0
510199,510199,510204,5,0
510199,510199,510204,5,0
510199,510199,510203,4,0
510199,510199,510205,6,0
510199,510199,510204,5,0
510199,510199,510206,7,0
510199,510199,510206,7,0
510199,510199,510207,8,0
510199,510199,510207,8,0
510199,510202,510209,7,3
510199,510199,510209,10,0
510199,510202,510210,8,3
510199,510203,510210,7,4
510199,510202,510209,7,3
510199,510202,510210,8,3
510199,510205,510210,5,6
510199,510204,510211,7,5
510199,510205,510211,6,6
510199,510203,510211,8,4
510199,510203,510211,8,4
510199,510204,510212,8,5
510199,510204,510212,8,5
510199,510204,510212,8,5
510199,510209,510212,3,10
510199,510199,510213,14,0
510199,510207,510213,6,8
510199,510199,510213,14,0
510199,510206,510213,7,7
510199,510206,510213,7,7
510199,510211,510213,2,12
510199,510210,510213,3,11
510199,510210,510213,3,11
510199,510203,510213,10,4
510199,510210,510213,3,11
510199,510210,510213,3,11
510199,510210,510213,3,11
510199,510210,510214,4,11
510199,510211,510213,2,12
510199,510211,510213,2,12
510199,510211,510214,3,12
510199,510199,510215,16,0
510199,510199,510215,16,0
510199,510208,510214,6,9
510199,510213,510215,2,14
510199,510212,510215,3,13
510199,510212,510215,3,13
510199,510214,510215,1,15
510199,510213,510215,2,14
510199,510213,510215,2,14
510199,510213,510216,3,14
510199,510213,510216,3,14
510199,510213,510216,3,14
510199,510213,510216,3,14
510199,510214,510216,2,15
510199,510213,510217,4,14
510199,510199,510216,17,0
510199,510213,510217,4,14
510199,510199,510218,19,0
510199,510213,510217,4,14
510199,510213,510218,5,14
510199,510213,510217,4,14
509299,509299,510243,944,0
509297,509297,510256,959,0
510258,510258,510261,3,0
510258,510258,510261,3,0
510258,510258,510262,4,0
510258,510258,510262,4,0
510258,510258,510262,4,0
510258,510258,510262,4,0
510258,510258,510262,4,0
510258,510258,510262,4,0
510258,510258,510263,5,0
510258,510258,510263,5,0
510258,510258,510263,5,0
510258,510258,510263,5,0
510258,510258,510264,6,0
510258,510258,510264,6,0
510258,510258,510264,6,0
510258,510258,510264,6,0
510258,510265,510267,2,7
510258,510263,510268,5,5
510258,510261,510268,7,3
510258,510265,510268,3,7
510258,510261,510269,8,3
510258,510265,510269,4,7
510258,510262,510269,7,4
510258,510264,510269,5,6
510258,510265,510269,4,7
510258,510258,510270,12,0
510258,510262,510270,8,4
510258,510264,510270,6,6
510258,510262,510270,8,4
510258,510263,510270,7,5
510258,510269,510271,2,11
510258,510263,510270,7,5
510258,510268,510270,2,10
510258,510258,510271,13,0
510258,510270,510271,1,12
510258,510269,510271,2,11
510258,510264,510271,7,6
510258,510269,510271,2,11
510258,510258,510272,14,0
510258,510258,510272,14,0
510258,510264,510272,8,6
510258,510270,510272,2,12
510258,510270,510272,2,12
510258,510270,510272,2,12
510258,510271,510273,2,13
510258,510270,510272,2,12
510258,510258,510273,15,0
510258,510271,510273,2,13
510258,510271,510273,2,13
510258,510271,510273,2,13
510258,510271,510273,2,13
510258,510271,510274,3,13
510258,510271,510274,3,13
510258,510258,510274,16,0
510258,510270,510274,4,12
510258,510272,510274,2,14
510258,510272,510274,2,14
510258,510272,510274,2,14
510258,510272,510275,3,14
510258,510271,510275,4,13
510258,510273,510275,2,15
510258,510273,510275,2,15
510258,510273,510275,2,15
510258,510273,510275,2,15
510258,510272,510276,4,14
510258,510258,510276,18,0
510258,510272,510276,4,14
510260,510273,510277,4,13
510258,510258,510277,19,0
510260,510274,510278,4,14
510260,510274,510278,4,14
510260,510274,510277,3,14
510260,510274,510277,3,14
510260,510274,510278,4,14
510260,510274,510278,4,14
510260,510275,510279,4,15
510258,510258,510280,22,0
510260,510275,510281,6,15
510260,510273,510281,8,13
510260,510274,510282,8,14
510260,510275,510283,8,15
510260,510275,510283,8,15
510260,510276,510284,8,16
510260,510276,510284,8,16
510260,510275,510283,8,15
510260,510277,510285,8,17
510260,510278,510284,6,18
510260,510278,510285,7,18
510260,510276,510285,9,16
510260,510278,510285,7,18
510260,510278,510286,8,18
510260,510284,510287,3,24
510260,510276,510287,11,16
510260,510276,510287,11,16
510260,510284,510288,4,24
510260,510281,510287,6,21
510260,510284,510287,3,24
510260,510285,510287,2,25
510260,510285,510288,3,25
510260,510280,510288,8,20
510260,510286,510288,2,26
510260,510286,510288,2,26
510260,510286,510289,3,26
510260,510285,510288,3,25
510260,510278,510290,12,18
510260,510288,510290,2,28
510258,510277,510290,13,19
510260,510287,510290,3,27
510260,510288,510290,2,28
510260,510278,510290,12,18
510260,510284,510291,7,24
510260,510288,510291,3,28
510260,510288,510291,3,28
510260,510288,510291,3,28
510260,510288,510291,3,28
510260,510288,510292,4,28
510260,510289,510291,2,29
510260,510289,510291,2,29
510260,510289,510292,3,29
510260,510289,510292,3,29
510260,510289,510292,3,29
510260,510290,510292,2,30
510260,510290,510292,2,30
510260,510291,510293,2,31
510260,510281,510293,12,21
510260,510291,510293,2,31
510260,510291,510294,3,31
510260,510291,510294,3,31
510260,510291,510294,3,31
510260,510292,510294,2,32
510260,510292,510294,2,32
510260,510290,510295,5,30
510260,510282,510295,13,22
510260,510291,510297,6,31
510260,510276,510298,22,16
510260,510283,510300,17,23
510260,510277,510301,24,17
510260,510277,510301,24,17
510260,510284,510301,17,24
510260,510277,510303,26,17
508889,508908,510432,1524,19
510433,510433,510435,2,0
510433,510433,510435,2,0
510433,510433,510436,3,0
510433,510433,510436,3,0
510433,510433,510436,3,0
510433,510433,510436,3,0
510433,510433,510436,3,0
510433,510433,510437,4,0
510433,510433,510437,4,0
510433,510433,510437,4,0
510433,510433,510438,5,0
510433,510433,510437,4,0
510433,510433,510437,4,0
510433,510433,510438,5,0
510433,510433,510437,4,0
510433,510433,510438,5,0
510433,510433,510439,6,0
510433,510436,510438,2,3
510433,510433,510439,6,0
510433,510433,510439,6,0
510433,510436,510439,3,3
510433,510436,510439,3,3
510433,510433,510438,5,0
510433,510436,510439,3,3
510433,510433,510440,7,0
510433,510433,510440,7,0
510433,510436,510439,3,3
510433,510433,510440,7,0
510433,510433,510440,7,0
510433,510436,510440,4,3
510433,510436,510440,4,3
508901,508928,510441,1513,27
510433,510433,510440,7,0
510433,510437,510441,4,4
510433,510438,510441,3,5
510433,510439,510442,3,6
510433,510438,510442,4,5
510433,510439,510442,3,6
510433,510439,510442,3,6
510433,510439,510442,3,6
510433,510438,510443,5,5
510433,510439,510442,3,6
510433,510439,510443,4,6
510433,510439,510442,3,6
510433,510440,510443,3,7
510433,510440,510443,3,7
510433,510440,510443,3,7
510433,510441,510443,2,8
510433,510441,510443,2,8
510433,510438,510444,6,5
510433,510438,510444,6,5
510433,510437,510444,7,4
510433,510442,510444,2,9
510433,510437,510445,8,4
510433,510438,510444,6,5
510433,510439,510445,6,6
510433,510440,510445,5,7
510433,510440,510445,5,7
510433,510441,510445,4,8
510433,510441,510444,3,8
510433,510442,510445,3,9
510433,510443,510445,2,10
510433,510443,510445,2,10
510433,510443,510445,2,10
510433,510443,510446,3,10
510433,510443,510446,3,10
510433,510444,510446,2,11
510433,510444,510447,3,11
510433,510444,510447,3,11
510441,510446,510448,2,5
510441,510446,510448,2,5
510441,510446,510448,2,5
510441,510444,510449,5,3
510441,510446,510448,2,5
510441,510446,510448,2,5
510433,510443,510449,6,10
510441,510445,510449,4,4
510441,510447,510449,2,6
510441,510445,510449,4,4
510441,510447,510449,2,6
510441,510444,510449,5,3
510441,510445,510450,5,4
510441,510445,510450,5,4
510441,510448,510451,3,7
510441,510448,510450,2,7
510433,510441,510448,7,8
510441,510444,510451,7,3
510441,510445,510451,6,4
510441,510449,510451,2,8
510441,510449,510451,2,8
510441,510449,510451,2,8
510441,510449,510452,3,8
510441,510449,510452,3,8
510441,510445,510452,7,4
510441,510449,510452,3,8
510441,510450,510453,3,9
510441,510450,510453,3,9
510441,510450,510453,3,9
510441,510450,510453,3,9
510441,510450,510453,3,9
510441,510451,510454,3,10
510441,510451,510455,4,10
510441,510452,510455,3,11
510441,510452,510455,3,11
510441,510451,510455,4,10
510441,510452,510455,3,11
510441,510452,510455,3,11
510441,510444,510455,11,3
510441,510444,510455,11,3
510441,510451,510455,4,10
510441,510454,510456,2,13
510441,510454,510456,2,13
510441,510452,510456,4,11
510441,510453,510455,2,12
510441,510454,510456,2,13
510441,510454,510456,2,13
510441,510454,510456,2,13
510441,510452,510456,4,11
510441,510449,510457,8,8
510441,510451,510457,6,10
510441,510455,510458,3,14
510441,510455,510458,3,14
510441,510455,510458,3,14
510441,510455,510458,3,14
510441,510451,510458,7,10
510441,510456,510458,2,15
510441,510455,510458,3,14
510441,510455,510458,3,14
510441,510456,510458,2,15
510441,510455,510458,3,14
510441,510456,510459,3,15
510441,510444,510459,15,3
510441,510456,510459,3,15
510441,510457,510460,3,16
510441,510455,510461,6,14
510441,510445,510461,16,4
510441,510456,510461,5,15
510441,510456,510461,5,15
510441,510457,510461,4,16
510441,510445,510468,23,4
510441,510451,510468,17,10
508976,508997,510486,1489,21
510488,510488,510490,2,0
510488,510488,510490,2,0
510488,510488,510490,2,0
510488,510488,510490,2,0
510488,510488,510491,3,0
510488,510488,510491,3,0
510488,510488,510491,3,0
510488,510488,510491,3,0
510488,510488,510492,4,0
510488,510488,510492,4,0
510488,510488,510492,4,0
510488,510488,510492,4,0
510488,510488,510492,4,0
510488,510488,510492,4,0
510488,510488,510494,6,0
510488,510488,510493,5,0
510488,510488,510493,5,0
510488,510491,510493,2,3
510488,510488,510493,5,0
510488,510488,510493,5,0
510488,510488,510494,6,0
510488,510488,510495,7,0
510488,510488,510496,8,0
510488,510492,510496,4,4
510488,510491,510496,5,3
510488,510491,510495,4,3
510488,510492,510495,3,4
510488,510488,510496,8,0
510488,510494,510496,2,6
510488,510494,510496,2,6
510488,510488,510496,8,0
510488,510488,510497,9,0
510488,510494,510497,3,6
510488,510494,510497,3,6
510488,510495,510497,2,7
510488,510493,510499,6,5
510488,510496,510498,2,8
510488,510496,510499,3,8
510488,510496,510499,3,8
510488,510496,510498,2,8
510488,510493,510500,7,5
510488,510497,510499,2,9
510488,510497,510500,3,9
510488,510498,510500,2,10
510488,510496,510500,4,8
510488,510493,510500,7,5
510488,510491,510500,9,3
510488,510493,510500,7,5
510488,510493,510500,7,5
510488,510498,510501,3,10
510488,510498,510500,2,10
510488,510492,510501,9,4
510488,510496,510502,6,8
510488,510492,510501,9,4
510488,510493,510501,8,5
510488,510498,510501,3,10
510488,510499,510502,3,11
510488,510499,510502,3,11
510488,510499,510502,3,11
510488,510499,510502,3,11
510488,510500,510503,3,12
510488,510500,510503,3,12
510488,510499,510503,4,11
510488,510494,510503,9,6
510488,510497,510503,6,9
510488,510494,510506,12,6
510488,510500,510505,5,12
510488,510501,510511,10,13
510488,510498,510517,19,10
510488,510501,510517,16,13
509543,509553,510522,969,10
510524,510524,510527,3,0
510524,510524,510527,3,0
510524,510524,510527,3,0
510524,510524,510527,3,0
510524,510524,510527,3,0
510524,510524,510528,4,0
510524,510524,510528,4,0
510524,510524,510529,5,0
510524,510524,510531,7,0
510524,510524,510531,7,0
510524,510524,510532,8,0
510524,510524,510535,11,0
510524,510528,510535,7,4
510524,510524,510534,10,0
510524,510524,510534,10,0
510524,510524,510535,11,0
510524,510524,510535,11,0
510524,510528,510535,7,4
510524,510528,510535,7,4
510524,510528,510535,7,4
510524,510528,510537,9,4
510524,510524,510537,13,0
510524,510535,510538,3,11
510524,510529,510537,8,5
510524,510530,510537,7,6
510524,510535,510538,3,11
510524,510524,510538,14,0
510524,510536,510539,3,12
510524,510536,510538,2,12
510524,510536,510538,2,12
510524,510524,510539,15,0
510524,510529,510540,11,5
510524,510535,510539,4,11
510524,510532,510540,8,8
510524,510537,510540,3,13
510524,510524,510541,17,0
510524,510536,510540,4,12
510524,510538,510540,2,14
510524,510532,510541,9,8
510524,510533,510540,7,9
510524,510538,510540,2,14
510524,510538,510541,3,14
510524,510539,510541,2,15
510524,510524,510541,17,0
510524,510524,510541,17,0
510524,510535,510542,7,11
510524,510539,510541,2,15
510524,510539,510542,3,15
510524,510538,510543,5,14
510524,510540,510543,3,16
510524,510540,510542,2,16
510524,510540,510543,3,16
510524,510539,510543,4,15
510524,510524,510543,19,0
510524,510541,510543,2,17
510524,510538,510543,5,14
510524,510540,510543,3,16
510524,510541,510544,3,17
510524,510541,510543,2,17
510524,510541,510544,3,17
510524,510541,510543,2,17
510524,510541,510545,4,17
510524,510541,510545,4,17
510524,510540,510545,5,16
510524,510524,510545,21,0
510524,510541,510545,4,17
510524,510542,510547,5,18
510524,510524,510544,20,0
510524,510542,510548,6,18
510524,510536,510549,13,12
509033,509062,510557,1495,29
510559,510559,510561,2,0
510559,510559,510562,3,0
510559,510559,510562,3,0
510559,510559,510562,3,0
510559,510559,510561,2,0
510559,510559,510562,3,0
510559,510559,510562,3,0
510559,510559,510563,4,0
510559,510559,510563,4,0
510559,510559,510563,4,0
510559,510559,510564,5,0
510559,510559,510564,5,0
510559,510559,510565,6,0
510559,510559,510565,6,0
510559,510559,510565,6,0
510559,510559,510565,6,0
510559,510561,510565,4,2
510559,510559,510565,6,0
510559,510559,510566,7,0
510559,510559,510566,7,0
510559,510562,510566,4,3
510559,510562,510566,4,3
510559,510559,510566,7,0
510559,510562,510567,5,3
510559,510563,510566,3,4
510559,510562,510567,5,3
510559,510562,510566,4,3
510559,510559,510569,10,0
510559,510566,510569,3,7
510559,510566,510569,3,7
510559,510566,510568,2,7
510559,510565,510569,4,6
510559,510566,510569,3,7
510559,510566,510569,3,7
510559,510559,510569,10,0
510559,510559,510570,11,0
510559,510559,510570,11,0
510559,510566,510570,4,7
510559,510567,510570,3,8
510559,510567,510569,2,8
510559,510567,510570,3,8
510559,510567,510570,3,8
510559,510566,510569,3,7
510559,510564,510571,7,5
510559,510564,510572,8,5
510559,510569,510571,2,10
510559,510569,510572,3,10
510559,510569,510572,3,10
510559,510569,510572,3,10
510559,510569,510572,3,10
510559,510566,510573,7,7
510559,510567,510572,5,8
510559,510569,510573,4,10
510559,510570,510573,3,11
510559,510570,510572,2,11
510559,510569,510572,3,10
510559,510570,510573,3,11
510559,510570,510573,3,11
510559,510570,510573,3,11
510559,510565,510573,8,6
510559,510564,510574,10,5
510559,510564,510573,9,5
510559,510570,510574,4,11
510559,510570,510574,4,11
510559,510570,510576,6,11
510559,510572,510576,4,13
510559,510565,510581,16,6
510559,510559,510583,24,0
510559,510570,510583,13,11
509600,509611,510584,973,11
510559,510570,510586,16,11
509608,509627,510594,967,19
510595,510595,510598,3,0
510595,510595,510598,3,0
510595,510595,510598,3,0
510595,510595,510598,3,0
510595,510595,510598,3,0
510595,510595,510598,3,0
510595,510595,510599,4,0
510595,510595,510599,4,0
510595,510595,510600,5,0
510595,510595,510601,6,0
510595,510595,510602,7,0
510595,510595,510602,7,0
510595,510595,510602,7,0
510595,510595,510602,7,0
510595,510595,510602,7,0
510595,510595,510602,7,0
510595,510595,510604,9,0
510595,510595,510605,10,0
510595,510595,510606,11,0
510595,510603,510605,2,8
510595,510600,510605,5,5
510595,510602,510606,4,7
510595,510603,510605,2,8
510595,510603,510605,2,8
510595,510595,510606,11,0
510595,510603,510607,4,8
510595,510603,510606,3,8
510595,510599,510607,8,4
510595,510603,510606,3,8
510595,510599,510606,7,4
510595,510595,510607,12,0
510595,510599,510607,8,4
510595,510599,510608,9,4
510595,510600,510608,8,5
510595,510606,510608,2,11
510595,510599,510609,10,4
510595,510607,510609,2,12
510595,510606,510608,2,11
510595,510606,510608,2,11
510595,510606,510608,2,11
510595,510599,510609,10,4
510595,510606,510608,2,11
510595,510595,510609,14,0
510595,510607,510609,2,12
510595,510600,510610,10,5
510595,510607,510609,2,12
510595,510607,510610,3,12
510595,510607,510610,3,12
510595,510608,510610,2,13
510595,510606,510610,4,11
510595,510606,510611,5,11
510595,510595,510611,16,0
510595,510609,510611,2,14
510595,510609,510611,2,14
510595,510608,510610,2,13
510595,510608,510611,3,13
510595,510608,510611,3,13
510595,510605,510611,6,10
510595,510609,510611,2,14
510595,510609,510611,2,14
510595,510609,510611,2,14
510595,510609,510611,2,14
510595,510610,510612,2,15
510595,510608,510612,4,13
510595,510607,510612,5,12
510595,510595,510613,18,0
510595,510595,510613,18,0
510595,510595,510617,22,0
510595,510595,510619,24,0
510595,510595,510620,25,0
509660,509673,510633,960,13
510632,510633,510635,2,1
510632,510633,510636,3,1
510632,510633,510636,3,1
510632,510633,510636,3,1
510632,510633,510636,3,1
510632,510633,510636,3,1
510632,510633,510637,4,1
510632,510633,510637,4,1
510632,510633,510637,4,1
510632,510633,510638,5,1
510632,510633,510638,5,1
510632,510633,510639,6,1
510632,510633,510639,6,1
510632,510633,510639,6,1
510632,510633,510639,6,1
510632,510638,510641,3,6
510632,510640,510643,3,8
510632,510640,510643,3,8
510632,510638,510642,4,6
510632,510640,510642,2,8
510632,510640,510643,3,8
510632,510633,510643,10,1
510632,510633,510643,10,1
510632,510639,510643,4,7
510632,510636,510643,7,4
510632,510636,510644,8,4
510632,510637,510644,7,5
510632,510642,510644,2,10
510632,510637,510645,8,5
509120,509141,510645,1504,21
510632,510633,510645,12,1
510632,510643,510646,3,11
510632,510637,510646,9,5
510632,510643,510646,3,11
510632,510643,510645,2,11
510632,510643,510645,2,11
510632,510633,510646,13,1
510632,510637,510646,9,5
510632,510633,510646,13,1
510632,510638,510646,8,6
510632,510638,510646,8,6
510632,510643,510646,3,11
510632,510645,510647,2,13
510632,510645,510647,2,13
510632,510644,510646,2,12
510632,510633,510647,14,1
510632,510634,510647,13,2
510632,510645,510647,2,13
510632,510645,510647,2,13
510632,510644,510647,3,12
510632,510644,510648,4,12
510632,510644,510648,4,12
510632,510633,510648,15,1
510632,510633,510648,15,1
510632,510633,510649,16,1
510632,510646,510648,2,14
510632,510646,510648,2,14
510632,510646,510649,3,14
510632,510646,510649,3,14
510632,510646,510649,3,14
510632,510646,510650,4,14
510632,510647,510649,2,15
510632,510647,510650,3,15
510632,510647,510650,3,15
510632,510647,510651,4,15
510632,510647,510651,4,15
510632,510633,510652,19,1
510632,510646,510652,6,14
510632,510633,510653,20,1
510632,510633,510654,21,1
510632,510633,510656,23,1
510667,510667,510669,2,0
510667,510667,510669,2,0
510667,510667,510670,3,0
510667,510667,510669,2,0
510667,510667,510669,2,0
510667,510667,510669,2,0
510667,510667,510672,5,0
510667,510667,510672,5,0
510667,510667,510671,4,0
510667,510667,510672,5,0
510667,510667,510672,5,0
510667,510667,510672,5,0
510667,510667,510673,6,0
510667,510667,510672,5,0
510667,510667,510672,5,0
510667,510667,510672,5,0
510667,510667,510672,5,0
510667,510667,510673,6,0
510667,510670,510674,4,3
510667,510667,510673,6,0
510667,510670,510673,3,3
510667,510670,510674,4,3
510667,510667,510674,7,0
510667,510667,510674,7,0
510667,510673,510675,2,6
510667,510667,510675,8,0
510667,510667,510675,8,0
510667,510667,510675,8,0
510667,510667,510675,8,0
510667,510667,510675,8,0
510667,510670,510676,6,3
510667,510673,510675,2,6
510667,510672,510676,4,5
510667,510673,510676,3,6
510667,510667,510677,10,0
510667,510674,510677,3,7
510667,510674,510677,3,7
510667,510674,510676,2,7
510667,510670,510676,6,3
510667,510674,510676,2,7
510667,510673,510677,4,6
510667,510673,510678,5,6
510667,510675,510677,2,8
510667,510670,510678,8,3
510667,510672,510678,6,5
510667,510667,510678,11,0
510667,510675,510679,4,8
510667,510676,510679,3,9
510667,510676,510678,2,9
510667,510676,510678,2,9
510667,510676,510679,3,9
510667,510676,510678,2,9
510667,510676,510678,2,9
510667,510676,510678,2,9
510667,510676,510679,3,9
510667,510676,510679,3,9
510667,510673,510678,5,6
510667,510673,510678,5,6
510667,510674,510679,5,7
510667,510677,510680,3,10
510667,510677,510679,2,10
510667,510677,510680,3,10
510667,510677,510680,3,10
510667,510677,510679,2,10
510667,510678,510681,3,11
510667,510679,510682,3,12
510667,510679,510682,3,12
510667,510678,510681,3,11
510667,510667,510682,15,0
510667,510677,510682,5,10
510667,510679,510683,4,12
510667,510678,510684,6,11
510667,510679,510684,5,12
510667,510678,510684,6,11
510667,510667,510682,15,0
510667,510678,510686,8,11
510667,510672,510685,13,5
510667,510679,510686,7,12
510667,510672,510687,15,5
510667,510680,510688,8,13
510667,510680,510690,10,13
510667,510682,510690,8,15
510667,510679,510690,11,12
510667,510679,510689,10,12
510667,510680,510690,10,13
510667,510679,510689,10,12
510667,510679,510690,11,12
510667,510676,510686,10,9
510667,510679,510691,12,12
510667,510682,510691,9,15
510667,510681,510691,10,14
510667,510679,510692,13,12
510667,510680,510691,11,13
510667,510688,510692,4,21
510667,510680,510691,11,13
510667,510686,510692,6,19
510667,510687,510692,5,20
510667,510691,510693,2,24
510667,510686,510692,6,19
510667,510690,510693,3,23
510667,510690,510693,3,23
510667,510690,510693,3,23
510667,510690,510693,3,23
510667,510690,510693,3,23
510667,510690,510693,3,23
510667,510691,510693,2,24
510667,510692,510694,2,25
510667,510690,510693,3,23
510667,510691,510693,2,24
510667,510692,510694,2,25
510667,510682,510694,12,15
510667,510685,510694,9,18
510667,510687,510695,8,20
510667,510693,510695,2,26
510667,510692,510695,3,25
510667,510692,510695,3,25
510667,510694,510696,2,27
510667,510694,510696,2,27
510667,510693,510696,3,26
510667,510693,510696,3,26
510667,510694,510696,2,27
510667,510694,510696,2,27
510667,510694,510696,2,27
510667,510693,510697,4,26
510667,510693,510696,3,26
510667,510694,510697,3,27
510667,510694,510696,2,27
510667,510694,510697,3,27
510667,510695,510697,2,28
510667,510693,510698,5,26
510667,510684,510699,15,17
510667,510683,510699,16,16
510667,510683,510701,18,16
510667,510684,510702,18,17
510667,510684,510704,20,17
510667,510679,510704,25,12
510667,510691,510706,15,24
509207,509217,510707,1490,10
510667,510679,510709,30,12
510667,510686,510715,29,19
510667,510680,510717,37,13
510741,510741,510744,3,0
510741,510741,510744,3,0
510741,510741,510744,3,0
510741,510741,510745,4,0
510741,510741,510745,4,0
510741,510741,510744,3,0
510741,510741,510745,4,0
510741,510741,510745,4,0
510741,510741,510746,5,0
510741,510741,510746,5,0
510741,510741,510745,4,0
510741,510741,510746,5,0
510741,510741,510746,5,0
510741,510741,510746,5,0
510741,510741,510746,5,0
510741,510741,510747,6,0
510741,510741,510747,6,0
510741,510741,510748,7,0
510741,510741,510748,7,0
510741,510741,510749,8,0
510741,510746,510749,3,5
510741,510746,510749,3,5
510741,510746,510749,3,5
510741,510746,510749,3,5
510741,510746,510749,3,5
510741,510746,510750,4,5
510741,510747,510750,3,6
510741,510745,510751,6,4
510741,510746,510751,5,5
510741,510745,510751,6,4
510741,510749,510751,2,8
510741,510747,510752,5,6
510741,510745,510752,7,4
510741,510749,510752,3,8
510741,510750,510752,2,9
510741,510750,510752,2,9
510741,510745,510752,7,4
510741,510750,510752,2,9
510741,510744,510752,8,3
510741,510750,510752,2,9
510741,510749,510753,4,8
510741,510748,510753,5,7
510741,510751,510754,3,10
510741,510751,510753,2,10
510741,510741,510754,13,0
510741,510741,510754,13,0
510741,510745,510754,9,4
510741,510751,510754,3,10
510741,510744,510754,10,3
510741,510751,510754,3,10
510741,510752,510754,2,11
510741,510744,510755,11,3
510741,510752,510754,2,11
510741,510741,510754,13,0
510741,510741,510755,14,0
510741,510741,510755,14,0
510741,510753,510755,2,12
510741,510753,510755,2,12
510741,510753,510755,2,12
510741,510753,510756,3,12
510741,510753,510755,2,12
510741,510741,510756,15,0
510741,510753,510756,3,12
510741,510753,510756,3,12
510741,510741,510757,16,0
510741,510752,510757,5,11
510741,510741,510758,17,0
510741,510741,510758,17,0
510741,510741,510760,19,0
510741,510741,510760,19,0
509692,509705,511198,1493,13
511199,511199,511202,3,0
511199,511199,511202,3,0
511199,511199,511202,3,0
511199,511199,511202,3,0
511199,511199,511202,3,0
511199,511199,511203,4,0
511199,511199,511203,4,0
511199,511199,511202,3,0
511199,511199,511203,4,0
511199,511199,511203,4,0
511199,511199,511206,7,0
511199,511199,511206,7,0
511199,511204,511206,2,5
511199,511203,511206,3,4
511199,511203,511206,3,4
511199,511204,511206,2,5
511199,511204,511206,2,5
511199,511204,511207,3,5
511199,511204,511207,3,5
511199,511199,511207,8,0
511199,511203,511207,4,4
511199,511199,511208,9,0
511199,511203,511208,5,4
511199,511207,511209,2,8
511199,511207,511209,2,8
511199,511207,511209,2,8
511199,511207,511209,2,8
511199,511207,511209,2,8
511199,511207,511210,3,8
511199,511199,511210,11,0
511199,511199,511210,11,0
511199,511208,511211,3,9
511199,511208,511210,2,9
511199,511208,511210,2,9
511199,511208,511210,2,9
511199,511207,511211,4,8
511199,511202,511211,9,3
511199,511210,511212,2,11
511199,511209,511211,2,10
511199,511210,511212,2,11
511199,511209,511211,2,10
511199,511210,511212,2,11
511199,511210,511212,2,11
511199,511210,511212,2,11
511199,511211,511213,2,12
511199,511210,511212,2,11
511199,511211,511213,2,12
511199,511211,511214,3,12
511199,511211,511213,2,12
511199,511211,511213,2,12
511199,511211,511214,3,12
511199,511199,511214,15,0
511199,511212,511214,2,13
511199,511212,511214,2,13
511199,511199,511215,16,0
511199,511199,511215,16,0
511199,511199,511215,16,0
511199,511212,511215,3,13
511199,511199,511218,19,0
511199,511199,511218,19,0
511199,511199,511218,19,0
511199,511199,511219,20,0
511199,511199,511219,20,0
511199,511200,511218,18,1
511199,511199,511220,21,0
511199,511199,511220,21,0
511199,511199,511220,21,0
511199,511199,511221,22,0
511199,511199,511223,24,0
511199,511199,511223,24,0
510259,510273,511235,962,14
511257,511257,511260,3,0
511257,511257,511261,4,0
511257,511257,511261,4,0
511257,511257,511260,3,0
511257,511257,511261,4,0
511257,511257,511261,4,0
511257,511257,511261,4,0
511257,511257,511261,4,0
511257,511257,511261,4,0
511257,511257,511262,5,0
511257,511257,511261,4,0
511257,511257,511261,4,0
511257,511257,511261,4,0
511257,511257,511262,5,0
511257,511257,511262,5,0
511257,511257,511262,5,0
511257,511257,511263,6,0
511257,511257,511263,6,0
511257,511257,511263,6,0
511257,511257,511264,7,0
511257,511257,511263,6,0
511257,511257,511263,6,0
511257,511261,511264,3,4
511257,511261,511263,2,4
511257,511261,511264,3,4
511257,511261,511264,3,4
511257,511261,511264,3,4
511257,511261,511264,3,4
511257,511257,511265,8,0
511257,511262,511265,3,5
511257,511262,511265,3,5
511257,511261,511264,3,4
511257,511262,511265,3,5
511257,511262,511265,3,5
511257,511261,511264,3,4
511257,511261,511264,3,4
511257,511262,511265,3,5
511257,511262,511264,2,5
509724,509737,511266,1529,13
511257,511263,511266,3,6
511257,511257,511267,10,0
511257,511264,511267,3,7
511257,511264,511267,3,7
511257,511264,511267,3,7
511257,511263,511267,4,6
511257,511263,511266,3,6
511257,511264,511266,2,7
511257,511264,511266,2,7
511257,511264,511267,3,7
511257,511264,511267,3,7
511257,511257,511267,10,0
511257,511264,511268,4,7
511257,511257,511268,11,0
511257,511265,511268,3,8
511257,511265,511268,3,8
511257,511265,511268,3,8
511257,511265,511268,3,8
511257,511265,511268,3,8
511257,511265,511268,3,8
511257,511265,511268,3,8
511257,511265,511268,3,8
511257,511264,511269,5,7
511257,511265,511269,4,8
511257,511257,511269,12,0
511257,511257,511269,12,0
511267,511267,511269,2,0
511267,511267,511269,2,0
511267,511267,511269,2,0
511267,511267,511269,2,0
511257,511257,511270,13,0
511257,511257,511271,14,0
511267,511267,511271,4,0
511267,511267,511271,4,0
511267,511267,511271,4,0
511267,511267,511272,5,0
511267,511267,511272,5,0
511267,511267,511274,7,0
511267,511267,511274,7,0
511257,511257,511271,14,0
511257,511264,511274,10,7
511267,511271,511275,4,4
511267,511267,511275,8,0
511267,511267,511275,8,0
511267,511271,511276,5,4
511267,511268,511276,8,1
511267,511272,511276,4,5
511257,511257,511276,19,0
511267,511270,511277,7,3
511267,511271,511277,6,4
511267,511268,511276,8,1
511267,511268,511277,9,1
511267,511268,511277,9,1
511267,511272,511278,6,5
511267,511270,511278,8,3
511267,511268,511278,10,1
511267,511275,511278,3,8
511267,511275,511278,3,8
511267,511268,511278,10,1
511267,511268,511278,10,1
511267,511276,511278,2,9
511267,511271,511279,8,4
511267,511276,511279,3,9
511267,511276,511279,3,9
511267,511276,511279,3,9
511257,511257,511279,22,0
511267,511275,511280,5,8
511267,511274,511280,6,7
511267,511274,511279,5,7
511267,511270,511280,10,3
511267,511270,511280,10,3
511267,511277,511280,3,10
511267,511268,511280,12,1
511267,511278,511280,2,11
511267,511278,511280,2,11
511267,511278,511280,2,11
511267,511277,511280,3,10
511267,511278,511280,2,11
511267,511279,511281,2,12
511267,511279,511281,2,12
511267,511279,511281,2,12
511267,511279,511281,2,12
511267,511279,511281,2,12
511267,511279,511281,2,12
511267,511277,511282,5,10
511267,511280,511282,2,13
511267,511280,511282,2,13
511267,511271,511283,12,4
511267,511278,511283,5,11
511267,511279,511283,4,12
511267,511280,511284,4,13
511267,511275,511284,9,8
511267,511279,511284,5,12
511267,511268,511285,17,1
511267,511269,511285,16,2
511267,511268,511287,19,1
511267,511270,511288,18,3
511267,511280,511288,8,13
511267,511270,511288,18,3
511267,511269,511289,20,2
511267,511268,511288,20,1
511267,511280,511289,9,13
510434,510444,511397,953,10
511398,511399,511401,2,1
511398,511399,511401,2,1
511398,511399,511401,2,1
511398,511399,511402,3,1
511398,511399,511402,3,1
511398,511399,511402,3,1
511398,511399,511402,3,1
511398,511399,511402,3,1
511398,511399,511403,4,1
511398,511399,511402,3,1
511398,511399,511403,4,1
511398,511399,511403,4,1
511398,511399,511404,5,1
511398,511399,511404,5,1
511398,511399,511404,5,1
511398,511399,511404,5,1
511398,511399,511404,5,1
511398,511399,511404,5,1
511398,511399,511404,5,1
511398,511399,511404,5,1
511398,511399,511404,5,1
511398,511402,511404,2,4
511398,511402,511404,2,4
511398,511399,511405,6,1
511398,511403,511405,2,5
511398,511399,511405,6,1
511398,511403,511405,2,5
511398,511403,511405,2,5
511398,511399,511405,6,1
511398,511403,511405,2,5
511398,511403,511405,2,5
511398,511403,511405,2,5
511398,511399,511405,6,1
511398,511402,511405,3,4
511398,511403,511405,2,5
511398,511403,511406,3,5
511398,511399,511406,7,1
511398,511399,511406,7,1
511398,511404,511407,3,6
511398,511404,511406,2,6
511398,511404,511406,2,6
511398,511405,511407,2,7
511398,511405,511407,2,7
511398,511405,511407,2,7
511398,511399,511408,9,1
511398,511399,511408,9,1
511398,511405,511409,4,7
511398,511405,511409,4,7
511398,511405,511408,3,7
511398,511405,511409,4,7
511398,511399,511409,10,1
511398,511406,511408,2,8
511398,511406,511408,2,8
511398,511406,511409,3,8
511398,511406,511408,2,8
511398,511406,511408,2,8
511398,511406,511408,2,8
511398,511406,511408,2,8
511398,511406,511408,2,8
511398,511406,511409,3,8
511398,511406,511409,3,8
511398,511406,511409,3,8
511398,511405,511409,4,7
511398,511399,511410,11,1
511398,511405,511410,5,7
511398,511399,511411,12,1
511398,511406,511411,5,8
511398,511399,511412,13,1
511398,511399,511413,14,1
511398,511399,511414,15,1
510442,510457,511429,972,15
509950,509961,511446,1485,11
511451,511451,511454,3,0
511451,511451,511454,3,0
511451,511451,511454,3,0
511451,511451,511454,3,0
511451,511451,511455,4,0
511451,511451,511455,4,0
511451,511451,511455,4,0
511451,511451,511455,4,0
511451,511451,511454,3,0
511451,511451,511454,3,0
511451,511451,511455,4,0
511451,511451,511457,6,0
511451,511454,511457,3,3
511451,511451,511457,6,0
511451,511451,511458,7,0
511451,511454,511458,4,3
511451,511455,511458,3,4
511451,511455,511458,3,4
511451,511455,511458,3,4
511451,511454,511457,3,3
511451,511455,511458,3,4
511451,511455,511458,3,4
511451,511451,511458,7,0
511451,511451,511459,8,0
511451,511451,511458,7,0
511451,511451,511459,8,0
511451,511454,511459,5,3
511451,511455,511459,4,4
511451,511455,511459,4,4
511451,511451,511458,7,0
511451,511451,511459,8,0
511451,511451,511460,9,0
511451,511451,511459,8,0
511451,511457,511460,3,6
511451,511451,511460,9,0
511451,511451,511460,9,0
511451,511458,511461,3,7
511451,511458,511461,3,7
511451,511458,511461,3,7
511451,511458,511461,3,7
511451,511458,511460,2,7
511451,511458,511461,3,7
511451,511451,511461,10,0
511451,511457,511461,4,6
511451,511458,511461,3,7
511451,511459,511461,2,8
511451,511459,511462,3,8
511451,511459,511462,3,8
511451,511459,511462,3,8
511451,511459,511462,3,8
511451,511459,511462,3,8
511451,511460,511463,3,9
511451,511460,511463,3,9
511451,511451,511463,12,0
511452,511461,511464,3,9
511452,511460,511464,4,8
511452,511462,511464,2,10
511452,511462,511464,2,10
511452,511462,511465,3,10
511451,511459,511465,6,8
511452,511461,511465,4,9
511452,511463,511466,3,11
511452,511462,511465,3,10
511452,511462,511465,3,10
511451,511458,511466,8,7
511451,511459,511466,7,8
511451,511451,511466,15,0
511451,511459,511466,7,8
511451,511457,511465,8,6
511452,511462,511466,4,10
511452,511462,511466,4,10
511452,511462,511466,4,10
511452,511463,511467,4,11
511452,511463,511467,4,11
511452,511462,511467,5,10
511452,511465,511468,3,13
511452,511465,511468,3,13
511452,511465,511468,3,13
511452,511462,511467,5,10
511452,511465,511467,2,13
511451,511451,511467,16,0
511451,511451,511468,17,0
511452,511466,511468,2,14
511452,511466,511468,2,14
511452,511466,511469,3,14
511452,511466,511468,2,14
511452,511463,511469,6,11
511452,511465,511469,4,13
511452,511467,511469,2,15
511452,511467,511469,2,15
511452,511467,511469,2,15
511451,511451,511470,19,0
511452,511466,511470,4,14
511452,511465,511470,5,13
511452,511463,511470,7,11
511452,511463,511470,7,11
511452,511468,511470,2,16
511452,511468,511470,2,16
511452,511463,511471,8,11
511452,511468,511470,2,16
511452,511468,511470,2,16
511452,511468,511471,3,16
511452,511468,511470,2,16
511452,511468,511470,2,16
511452,511468,511470,2,16
511451,511451,511469,18,0
511451,511451,511469,18,0
511451,511451,511471,20,0
511452,511466,511471,5,14
511452,511466,511471,5,14
511452,511466,511470,4,14
511452,511469,511471,2,17
511452,511469,511471,2,17
511452,511469,511471,2,17
511452,511469,511472,3,17
511451,511451,511472,21,0
511451,511451,511472,21,0
511452,511470,511472,2,18
511452,511470,511472,2,18
511452,511470,511472,2,18
511452,511470,511472,2,18
511452,511470,511473,3,18
511452,511468,511473,5,16
511452,511466,511473,7,14
511452,511471,511473,2,19
511452,511471,511473,2,19
511452,511471,511473,2,19
511452,511471,511474,3,19
511452,511471,511473,2,19
511452,511471,511473,2,19
511452,511471,511473,2,19
511452,511471,511473,2,19
511452,511471,511473,2,19
511452,511468,511474,6,16
511451,511451,511474,23,0
511452,511464,511475,11,12
511452,511470,511475,5,18
511452,511470,511475,5,18
511451,511451,511477,26,0
511452,511470,511491,21,18
510013,510036,511534,1498,23
510026,510052,511534,1482,26
511546,511546,511549,3,0
511546,511546,511549,3,0
511546,511546,511550,4,0
511546,511546,511549,3,0
511546,511546,511550,4,0
511546,511546,511549,3,0
511546,511546,511549,3,0
511546,511546,511550,4,0
511546,511546,511549,3,0
511546,511546,511551,5,0
511546,511546,511550,4,0
511546,511546,511551,5,0
511546,511546,511550,4,0
511546,511546,511552,6,0
511546,511549,511552,3,3
511546,511549,511551,2,3
511546,511546,511551,5,0
511546,511550,511553,3,4
511546,511550,511553,3,4
511546,511550,511553,3,4
511546,511550,511552,2,4
511546,511550,511552,2,4
511546,511550,511553,3,4
511546,511550,511552,2,4
511546,511546,511554,8,0
511546,511546,511553,7,0
511546,511551,511554,3,5
511546,511551,511553,2,5
511546,511551,511553,2,5
511546,511551,511554,3,5
511546,511552,511554,2,6
511546,511546,511555,9,0
511546,511552,511555,3,6
511546,511552,511555,3,6
511546,511552,511555,3,6
511546,511546,511555,9,0
511546,511546,511556,10,0
511546,511553,511555,2,7
511546,511553,511556,3,7
511546,511553,511556,3,7
511546,511553,511555,2,7
511546,511553,511555,2,7
511546,511553,511555,2,7
511546,511553,511555,2,7
511546,511546,511557,11,0
511546,511546,511557,11,0
511546,511554,511557,3,8
511546,511554,511556,2,8
511546,511546,511557,11,0
511546,511546,511556,10,0
511546,511554,511557,3,8
511546,511554,511557,3,8
511546,511554,511557,3,8
511546,511554,511557,3,8
511547,511555,511558,3,8
511546,511546,511558,12,0
511546,511546,511559,13,0
511547,511556,511559,3,9
511547,511556,511559,3,9
511547,511556,511559,3,9
511547,511555,511558,3,8
511547,511555,511559,4,8
511547,511555,511559,4,8
511546,511554,511559,5,8
511546,511546,511560,14,0
511546,511546,511559,13,0
511547,511556,511559,3,9
511547,511556,511559,3,9
511547,511556,511561,5,9
511546,511546,511562,16,0
511546,511546,511561,15,0
511546,511546,511561,15,0
511547,511557,511561,4,10
511547,511557,511561,4,10
511547,511556,511562,6,9
511547,511557,511561,4,10
511547,511559,511562,3,12
511547,511559,511562,3,12
511546,511546,511562,16,0
511546,511546,511560,14,0
511546,511546,511563,17,0
511547,511556,511563,7,9
511547,511557,511563,6,10
511547,511559,511563,4,12
511547,511557,511563,6,10
511546,511546,511564,18,0
511546,511546,511564,18,0
511546,511546,511563,17,0
511547,511560,511564,4,13
511547,511557,511564,7,10
511547,511560,511564,4,13
511547,511557,511564,7,10
511547,511556,511561,5,9
511547,511557,511565,8,10
511547,511557,511565,8,10
511547,511559,511565,6,12
511547,511561,511564,3,14
511547,511562,511565,3,15
511547,511562,511565,3,15
511547,511562,511565,3,15
511547,511562,511565,3,15
511547,511558,511566,8,11
511547,511562,511565,3,15
511547,511562,511565,3,15
511547,511559,511565,6,12
511547,511559,511566,7,12
511547,511563,511566,3,16
511547,511563,511566,3,16
511547,511563,511566,3,16
511547,511563,511566,3,16
511547,511562,511567,5,15
511547,511564,511567,3,17
511547,511564,511567,3,17
511547,511564,511567,3,17
511547,511564,511567,3,17
511547,511564,511568,4,17
511547,511565,511568,3,18
511547,511565,511568,3,18
511547,511565,511568,3,18
511547,511560,511568,8,13
511547,511566,511568,2,19
511547,511566,511569,3,19
511547,511566,511568,2,19
511547,511566,511568,2,19
511547,511564,511569,5,17
511547,511564,511569,5,17
511547,511563,511569,6,16
511546,511546,511564,18,0
511547,511562,511569,7,15
511547,511565,511569,4,18
511547,511557,511571,14,10
511547,511563,511572,9,16
511547,511562,511572,10,15
510011,510036,511572,1536,25
511547,511563,511575,12,16
511547,511564,511575,11,17
511547,511559,511576,17,12
511573,511574,511576,2,1
511573,511574,511576,2,1
511573,511574,511576,2,1
511573,511574,511576,2,1
511573,511574,511576,2,1
511547,511559,511577,18,12
511573,511574,511577,3,1
511573,511574,511577,3,1
511573,511574,511577,3,1
511573,511574,511577,3,1
511573,511574,511577,3,1
511573,511574,511577,3,1
511573,511574,511579,5,1
511573,511577,511580,3,4
511573,511577,511580,3,4
511573,511577,511579,2,4
511573,511574,511580,6,1
511573,511577,511580,3,4
511573,511578,511580,2,5
511573,511578,511581,3,5
511573,511577,511580,3,4
511573,511578,511580,2,5
511573,511578,511580,2,5
511573,511578,511581,3,5
511573,511578,511580,2,5
511573,511574,511581,7,1
511573,511574,511581,7,1
511573,511578,511582,4,5
511573,511574,511582,8,1
511573,511574,511582,8,1
511573,511580,511582,2,7
511573,511580,511582,2,7
511573,511580,511583,3,7
511573,511580,511582,2,7
511546,511546,511579,33,0
511573,511574,511583,9,1
511573,511576,511583,7,3
511573,511581,511583,2,8
511573,511581,511584,3,8
511573,511581,511583,2,8
511573,511581,511583,2,8
511573,511581,511583,2,8
511573,511581,511584,3,8
511573,511581,511583,2,8
511573,511581,511583,2,8
511573,511574,511583,9,1
511573,511581,511583,2,8
511547,511560,511583,23,13
511573,511577,511584,7,4
511573,511582,511584,2,9
511573,511582,511585,3,9
511573,511574,511585,11,1
511547,511560,511585,25,13
511573,511574,511585,11,1
511573,511583,511585,2,10
511573,511583,511585,2,10
511573,511574,511585,11,1
511573,511583,511585,2,10
511573,511583,511585,2,10
511573,511583,511585,2,10
511573,511583,511585,2,10
511573,511576,511589,13,3
511573,511574,511589,15,1
511573,511583,511591,8,10
511573,511574,511592,18,1
511573,511574,511593,19,1
511573,511574,511594,20,1
511573,511574,511597,23,1
511573,511574,511597,23,1
511573,511574,511597,23,1
511573,511574,511599,25,1
511573,511574,511599,25,1
511573,511573,511600,27,0
511573,511574,511601,27,1
510106,510120,511626,1506,14
511653,511653,511656,3,0
511653,511653,511656,3,0
511653,511653,511656,3,0
511653,511653,511656,3,0
511653,511653,511657,4,0
511653,511653,511657,4,0
511653,511653,511657,4,0
511653,511653,511657,4,0
511653,511653,511656,3,0
511653,511653,511657,4,0
511653,511653,511657,4,0
511653,511653,511658,5,0
511653,511653,511658,5,0
511653,511653,511657,4,0
511653,511653,511658,5,0
511653,511653,511659,6,0
511653,511653,511659,6,0
511653,511656,511659,3,3
511653,511656,511659,3,3
511653,511656,511659,3,3
511653,511653,511659,6,0
511653,511653,511660,7,0
511653,511653,511660,7,0
511653,511657,511660,3,4
511653,511657,511659,2,4
511653,511656,511659,3,3
511653,511657,511660,3,4
511653,511657,511660,3,4
511653,511657,511660,3,4
511653,511657,511660,3,4
511653,511657,511660,3,4
511653,511653,511661,8,0
511653,511658,511661,3,5
511653,511653,511661,8,0
511653,511658,511661,3,5
511653,511658,511661,3,5
511653,511658,511661,3,5
511653,511653,511662,9,0
511653,511653,511662,9,0
511653,511653,511662,9,0
511653,511653,511662,9,0
511653,511659,511662,3,6
511653,511659,511662,3,6
511653,511659,511662,3,6
511653,511659,511662,3,6
511653,511659,511662,3,6
511653,511653,511663,10,0
511653,511660,511663,3,7
511653,511660,511663,3,7
511653,511660,511663,3,7
511653,511660,511663,3,7
511653,511660,511663,3,7
511653,511660,511663,3,7
511653,511660,511665,5,7
511653,511660,511664,4,7
511653,511660,511665,5,7
511653,511653,511665,12,0
511653,511653,511667,14,0
511653,511653,511666,13,0
511653,511653,511670,17,0
511653,511653,511670,17,0
511653,511653,511671,18,0
511653,511653,511671,18,0
511653,511653,511673,20,0
511653,511653,511674,21,0
511653,511653,511676,23,0
511653,511653,511683,30,0
511653,511653,511684,31,0
511653,511653,511692,39,0
511653,511653,511694,41,0
510200,510214,511713,1499,14
511729,511729,511731,2,0
511729,511729,511732,3,0
511729,511729,511732,3,0
511729,511729,511732,3,0
511729,511729,511732,3,0
511729,511729,511732,3,0
511729,511729,511732,3,0
511729,511729,511733,4,0
511729,511729,511733,4,0
511729,511729,511732,3,0
511729,511729,511732,3,0
511729,511729,511732,3,0
511729,511729,511733,4,0
511729,511729,511733,4,0
511729,511729,511734,5,0
511729,511729,511734,5,0
511729,511729,511735,6,0
511729,511729,511734,5,0
511729,511732,511734,2,3
511729,511729,511734,5,0
511729,511729,511736,7,0
511729,511729,511736,7,0
511729,511733,511735,2,4
511729,511733,511735,2,4
511729,511733,511736,3,4
511729,511733,511736,3,4
511729,511733,511736,3,4
511729,511733,511736,3,4
511729,511733,511736,3,4
511729,511733,511736,3,4
511729,511733,511736,3,4
511729,511733,511735,2,4
511729,511733,511736,3,4
511729,511734,511736,2,5
511729,511734,511737,3,5
511729,511734,511737,3,5
511729,511735,511738,3,6
511729,511729,511738,9,0
511729,511735,511738,3,6
511729,511735,511738,3,6
511729,511735,511738,3,6
511729,511736,511738,2,7
511729,511736,511739,3,7
511729,511736,511739,3,7
511729,511736,511738,2,7
511729,511736,511739,3,7
511729,511736,511739,3,7
511729,511736,511738,2,7
511729,511729,511740,11,0
511729,511729,511739,10,0
511729,511729,511741,12,0
511729,511729,511740,11,0
511729,511729,511741,12,0
511729,511729,511740,11,0
511729,511729,511742,13,0
511729,511729,511742,13,0
511729,511729,511743,14,0
511729,511729,511744,15,0
511729,511736,511743,7,7
511729,511729,511745,16,0
511729,511729,511740,11,0
511729,511729,511746,17,0
511729,511729,511748,19,0
511729,511734,511748,14,5
511729,511729,511748,19,0
511729,511729,511749,20,0
511729,511729,511750,21,0
511729,511729,511751,22,0
511729,511729,511753,24,0
511729,511729,511754,25,0
510261,510292,511780,1488,31
511789,511789,511792,3,0
511789,511789,511792,3,0
511789,511789,511792,3,0
511789,511789,511792,3,0
511789,511789,511792,3,0
511789,511789,511793,4,0
511789,511789,511792,3,0
511789,511789,511794,5,0
511789,511789,511793,4,0
511789,511789,511794,5,0
511789,511789,511794,5,0
511789,511789,511793,4,0
511789,511789,511793,4,0
511789,511789,511794,5,0
511789,511789,511793,4,0
511789,511789,511794,5,0
511789,511789,511794,5,0
511789,511789,511794,5,0
511789,511789,511794,5,0
511789,511789,511795,6,0
511789,511792,511794,2,3
511789,511793,511795,2,4
511789,511793,511796,3,4
511789,511789,511796,7,0
511789,511793,511795,2,4
511789,511793,511796,3,4
511789,511789,511795,6,0
511789,511793,511795,2,4
511789,511793,511796,3,4
511789,511789,511797,8,0
511789,511794,511797,3,5
511789,511794,511797,3,5
511789,511794,511797,3,5
511789,511794,511797,3,5
511789,511794,511797,3,5
511789,511794,511797,3,5
511789,511794,511797,3,5
511789,511789,511798,9,0
511789,511795,511798,3,6
511789,511795,511798,3,6
511789,511795,511798,3,6
511789,511795,511798,3,6
511789,511795,511798,3,6
511789,511789,511798,9,0
511789,511789,511798,9,0
511789,511789,511798,9,0
511789,511796,511798,2,7
511789,511796,511799,3,7
511789,511796,511799,3,7
511789,511796,511799,3,7
511789,511796,511799,3,7
511789,511789,511799,10,0
511789,511789,511799,10,0
511789,511789,511799,10,0
511789,511795,511799,4,6
511789,511789,511800,11,0
511789,511789,511800,11,0
511789,511789,511801,12,0
511789,511795,511801,6,6
511789,511789,511802,13,0
511789,511794,511802,8,5
511789,511789,511804,15,0
511789,511789,511803,14,0
511789,511789,511804,15,0
511789,511789,511805,16,0
511789,511789,511804,15,0
511789,511789,511805,16,0
511789,511789,511805,16,0
511789,511789,511808,19,0
511789,511789,511810,21,0
510489,510501,511979,1478,12
511980,511980,511983,3,0
511980,511980,511982,2,0
511980,511980,511983,3,0
511980,511980,511984,4,0
511980,511980,511983,3,0
511980,511980,511983,3,0
511980,511980,511984,4,0
511980,511980,511983,3,0
511980,511980,511983,3,0
511980,511980,511983,3,0
511980,511980,511983,3,0
511980,511980,511983,3,0
511980,511980,511983,3,0
511980,511980,511985,5,0
511980,511980,511986,6,0
511980,511980,511985,5,0
511980,511980,511985,5,0
511980,511980,511986,6,0
511980,511983,511985,2,3
511980,511983,511985,2,3
511980,511984,511987,3,4
511980,511984,511986,2,4
511980,511980,511987,7,0
511980,511984,511986,2,4
511980,511984,511987,3,4
511980,511984,511986,2,4
511980,511984,511986,2,4
511980,511984,511986,2,4
511980,511984,511986,2,4
511980,511984,511987,3,4
511980,511984,511987,3,4
511980,511984,511987,3,4
511980,511985,511988,3,5
511980,511986,511989,3,6
511980,511986,511989,3,6
511980,511986,511988,2,6
511980,511986,511989,3,6
511980,511986,511988,2,6
511980,511986,511988,2,6
511980,511987,511989,2,7
511980,511980,511988,8,0
511980,511980,511989,9,0
511980,511987,511989,2,7
511980,511987,511990,3,7
511980,511987,511989,2,7
511980,511987,511989,2,7
511980,511987,511989,2,7
511980,511980,511991,11,0
511980,511980,511990,10,0
511980,511980,511990,10,0
511980,511980,511990,10,0
511980,511980,511991,11,0
511980,511980,511991,11,0
511980,511980,511991,11,0
511980,511980,511991,11,0
511980,511980,511992,12,0
511980,511980,511992,12,0
511980,511980,511992,12,0
511980,511980,511993,13,0
511980,511980,511993,13,0
511980,511980,511994,14,0
511980,511980,511996,16,0
511980,511980,512002,22,0
511980,511980,512002,22,0
511980,511980,512001,21,0
511980,511980,512002,22,0
511980,511980,512002,22,0
511980,511980,512010,30,0
511980,511980,512011,31,0
511980,511980,512011,31,0
515165,515165,516101,936,0
516102,516103,516107,4,1
515167,515167,516107,940,0
516102,516102,516108,6,0
516102,516102,516109,7,0
516102,516108,516110,2,6
516102,516102,516110,8,0
516102,516109,516111,2,7
516102,516102,516111,9,0
516102,516102,516113,11,0
516102,516107,516113,6,5
516102,516108,516113,5,6
516102,516111,516113,2,9
516102,516111,516113,2,9
516102,516111,516115,4,9
516102,516102,516115,13,0
515163,515163,516116,953,0
516102,516102,516116,14,0
516102,516102,516116,14,0
516102,516114,516116,2,12
516102,516114,516116,2,12
516102,516114,516117,3,12
516102,516102,516117,15,0
516102,516114,516118,4,12
516102,516116,516118,2,14
515166,515166,516119,953,0
516102,516114,516119,5,12
516102,516117,516119,2,15
516102,516115,516120,5,13
516102,516118,516120,2,16
516102,516119,516121,2,17
516102,516119,516122,3,17
516102,516121,516123,2,19
516102,516118,516123,5,16
516102,516120,516122,2,18
516102,516102,516116,14,0
516102,516102,516120,18,0
516102,516121,516123,2,19
516102,516102,516124,22,0
516102,516123,516124,1,21
516102,516119,516124,5,17
516102,516122,516124,2,20
516102,516102,516124,22,0
516102,516102,516125,23,0
516102,516116,516125,9,14
515161,515161,516125,964,0
516102,516123,516125,2,21
516102,516120,516125,5,18
516102,516123,516125,2,21
516102,516102,516122,20,0
516102,516124,516126,2,22
516102,516125,516127,2,23
516102,516123,516128,5,21
516102,516125,516127,2,23
516102,516102,516117,15,0
516102,516102,516128,26,0
516102,516102,516128,26,0
515171,515171,516128,957,0
516102,516126,516128,2,24
515177,515177,516128,951,0
516102,516125,516129,4,23
515164,515164,516130,966,0
516109,516127,516130,3,18
516102,516125,516130,5,23
516102,516102,516129,27,0
516109,516127,516131,4,18
516109,516126,516131,5,17
516109,516129,516132,3,20
516109,516128,516133,5,19
516109,516131,516133,2,22
516109,516126,516133,7,17
516109,516129,516134,5,20
516109,516131,516133,2,22
516109,516129,516134,5,20
516109,516132,516134,2,23
516109,516132,516135,3,23
516109,516131,516136,5,22
516109,516133,516136,3,24
516102,516125,516136,11,23
516109,516134,516136,2,25
516109,516133,516136,3,24
516109,516134,516136,2,25
516109,516134,516137,3,25
516109,516134,516137,3,25
516102,516126,516137,11,24
516109,516135,516137,2,26
516109,516135,516138,3,26
516109,516128,516138,10,19
516109,516134,516138,4,25
515186,515187,516138,951,1
516109,516136,516139,3,27
516109,516137,516139,2,28
516109,516138,516140,2,29
516109,516137,516139,2,28
516109,516137,516140,3,28
515169,515169,516139,970,0
516109,516137,516140,3,28
516102,516102,516140,38,0
516109,516139,516141,2,30
516109,516137,516140,3,28
516102,516123,516131,8,21
516109,516139,516141,2,30
516109,516136,516140,4,27
516109,516140,516142,2,31
516109,516139,516142,3,30
516109,516140,516143,3,31
516109,516141,516143,2,32
516109,516140,516143,3,31
516109,516140,516143,3,31
515174,515175,516143,968,1
516109,516140,516143,3,31
516109,516141,516143,2,32
515170,515170,516143,973,0
516109,516141,516144,3,32
516102,516118,516137,19,16
515180,515182,516144,962,2
516109,516142,516144,2,33
516109,516139,516144,5,30
516109,516142,516144,2,33
516102,516102,516145,43,0
516102,516115,516145,30,13
516109,516143,516145,2,34
516109,516144,516145,1,35
516109,516129,516145,16,20
516109,516143,516146,3,34
516109,516144,516146,2,35
516109,516139,516145,6,30
515173,515173,516145,972,0
516109,516143,516145,2,34
516109,516143,516146,3,34
516109,516143,516145,2,34
516109,516144,516146,2,35
516102,516102,516146,44,0
516109,516144,516146,2,35
516109,516142,516146,4,33
515179,515179,516147,968,0
516109,516144,516147,3,35
516109,516145,516148,3,36
516109,516137,516147,10,28
516109,516145,516147,2,36
515183,515183,516149,966,0
516102,516126,516148,22,24
516117,516146,516149,3,29
516117,516145,516149,4,28
516117,516146,516150,4,29
516117,516146,516150,4,29
516117,516147,516150,3,30
516102,516116,516147,31,14
516109,516126,516147,21,17
516109,516141,516151,10,32
516117,516148,516150,2,31
516117,516148,516150,2,31
516117,516146,516150,4,29
516117,516147,516151,4,30
516117,516146,516151,5,29
516117,516146,516151,5,29
516117,516149,516151,2,32
516117,516149,516151,2,32
516109,516128,516151,23,19
516117,516149,516151,2,32
516117,516147,516153,6,30
516117,516150,516153,3,33
516117,516151,516153,2,34
516117,516150,516153,3,33
516117,516146,516153,7,29
516117,516146,516152,6,29
516117,516151,516153,2,34
516117,516150,516153,3,33
516117,516151,516153,2,34
516117,516151,516154,3,34
516117,516152,516154,2,35
516117,516153,516154,1,36
516117,516151,516154,3,34
516117,516146,516154,8,29
516117,516152,516155,3,35
516117,516152,516154,2,35
516117,516153,516155,2,36
516117,516152,516155,3,35
516117,516154,516156,2,37
516117,516154,516155,1,37
516117,516154,516155,1,37
516109,516130,516156,26,21
516117,516147,516155,8,30
516117,516154,516156,2,37
516117,516146,516156,10,29
516117,516153,516156,3,36
516117,516153,516156,3,36
516117,516153,516155,2,36
516109,516131,516156,25,22
516117,516154,516156,2,37
516117,516155,516156,1,38
516117,516154,516157,3,37
516117,516155,516157,2,38
516102,516102,516157,55,0
516102,516123,516158,35,21
516117,516155,516158,3,38
516117,516156,516158,2,39
516117,516149,516157,8,32
516117,516155,516157,2,38
516117,516155,516158,3,38
516117,516147,516157,10,30
516117,516156,516158,2,39
516117,516156,516158,2,39
516117,516156,516158,2,39
516117,516156,516158,2,39
516117,516156,516158,2,39
516117,516156,516159,3,39
516117,516156,516158,2,39
516117,516156,516159,3,39
516102,516111,516160,49,9
516120,516157,516160,3,37
516120,516159,516161,2,39
516120,516157,516161,4,37
516120,516157,516161,4,37
516120,516158,516162,4,38
516120,516159,516161,2,39
516109,516142,516159,17,33
516109,516129,516157,28,20
516109,516145,516157,12,36
516120,516159,516162,3,39
516120,516159,516162,3,39
516120,516157,516162,5,37
516120,516159,516162,3,39
516120,516159,516162,3,39
516117,516156,516162,6,39
516120,516158,516162,4,38
516117,516148,516162,14,31
516120,516161,516163,2,41
516120,516162,516164,2,42
516120,516162,516164,2,42
516120,516162,516164,2,42
516120,516159,516163,4,39
516120,516159,516163,4,39
516120,516158,516164,6,38
516120,516161,516163,2,41
516120,516161,516164,3,41
516120,516158,516164,6,38
516120,516162,516164,2,42
516120,516163,516165,2,43
516120,516162,516165,3,42
516120,516162,516165,3,42
516120,516162,516165,3,42
516120,516162,516165,3,42
516120,516164,516166,2,44
516120,516164,516166,2,44
516120,516164,516166,2,44
516120,516165,516166,1,45
516120,516162,516167,5,42
516120,516164,516167,3,44
516120,516164,516167,3,44
516120,516164,516166,2,44
516120,516165,516167,2,45
516120,516164,516167,3,44
516120,516164,516166,2,44
516120,516164,516167,3,44
516120,516165,516167,2,45
516120,516158,516168,10,38
516120,516166,516168,2,46
516120,516166,516168,2,46
516120,516165,516168,3,45
516120,516166,516168,2,46
516120,516166,516168,2,46
516120,516166,516168,2,46
516120,516167,516169,2,47
516117,516155,516168,13,38
516120,516158,516169,11,38
516120,516166,516168,2,46
516120,516167,516169,2,47
516120,516167,516169,2,47
516120,516167,516169,2,47
516120,516159,516170,11,39
516120,516163,516169,6,43
516120,516167,516170,3,47
516120,516167,516170,3,47
516120,516167,516170,3,47
516120,516168,516170,2,48
516120,516168,516170,2,48
516120,516168,516170,2,48
516120,516168,516171,3,48
516126,516169,516171,2,43
516120,516168,516172,4,48
516126,516169,516172,3,43
516126,516169,516172,3,43
516126,516169,516172,3,43
516126,516169,516173,4,43
516126,516170,516173,3,44
516126,516169,516173,4,43
516126,516169,516173,4,43
516117,516155,516169,14,38
516120,516162,516172,10,42
516126,516173,516175,2,47
516126,516170,516175,5,44
516126,516170,516175,5,44
516126,516173,516175,2,47
516126,516174,516175,1,48
516126,516174,516176,2,48
516126,516171,516176,5,45
516126,516172,516176,4,46
516126,516173,516176,3,47
516126,516173,516175,2,47
516126,516172,516176,4,46
516126,516174,516176,2,48
516126,516172,516176,4,46
516126,516175,516177,2,49
516126,516176,516178,2,50
516126,516176,516178,2,50
516126,516176,516178,2,50
515188,515189,516178,989,1
516126,516171,516178,7,45
516126,516176,516178,2,50
516126,516177,516179,2,51
515176,515176,516178,1002,0
516126,516171,516179,8,45
516126,516176,516178,2,50
516126,516177,516179,2,51
516126,516177,516179,2,51
516126,516170,516178,8,44
516126,516170,516178,8,44
516120,516163,516179,16,43
516126,516176,516178,2,50
516126,516176,516179,3,50
516126,516176,516179,3,50
516126,516176,516179,3,50
516126,516177,516179,2,51
515182,515182,516179,997,0
516126,516178,516180,2,52
516117,516146,516170,24,29
516126,516179,516181,2,53
516117,516147,516181,34,30
516126,516178,516180,2,52
516126,516178,516180,2,52
516126,516179,516181,2,53
516126,516179,516181,2,53
516120,516167,516181,14,47
516126,516179,516181,2,53
516126,516179,516181,2,53
516126,516179,516181,2,53
516126,516179,516181,2,53
516126,516179,516181,2,53
516126,516179,516181,2,53
516126,516179,516181,2,53
516126,516179,516182,3,53
516126,516179,516182,3,53
516126,516180,516183,3,54
516126,516180,516182,2,54
516126,516181,516183,2,55
516126,516180,516182,2,54
516126,516179,516183,4,53
516126,516179,516183,4,53
516126,516181,516183,2,55
516109,516138,516183,45,29
516126,516172,516183,11,46
516126,516180,516183,3,54
516131,516181,516183,2,50
516131,516183,516185,2,52
516131,516181,516185,4,50
516131,516183,516185,2,52
516131,516182,516185,3,51
516131,516183,516186,3,52
516131,516183,516185,2,52
516131,516183,516185,2,52
516117,516156,516185,29,39
516131,516184,516186,2,53
516126,516169,516186,17,43
516131,516182,516186,4,51
516131,516183,516186,3,52
516131,516182,516186,4,51
516131,516182,516187,5,51
516131,516182,516187,5,51
516131,516182,516187,5,51
516131,516182,516187,5,51
516131,516183,516188,5,52
516131,516185,516188,3,54
516131,516185,516188,3,54
516131,516185,516188,3,54
516131,516186,516189,3,55
516131,516182,516189,7,51
516131,516186,516188,2,55
516131,516186,516188,2,55
516131,516183,516189,6,52
516131,516186,516189,3,55
516131,516187,516189,2,56
516131,516187,516189,2,56
516131,516187,516190,3,56
516131,516187,516190,3,56
516131,516188,516190,2,57
516131,516182,516190,8,51
516131,516185,516190,5,54
516131,516186,516190,4,55
516126,516179,516191,12,53
516131,516188,516191,3,57
516131,516188,516191,3,57
516131,516189,516191,2,58
516102,516102,516191,89,0
516131,516188,516191,3,57
516131,516189,516192,3,58
516131,516189,516192,3,58
516131,516189,516191,2,58
516131,516189,516191,2,58
516131,516190,516192,2,59
516131,516190,516192,2,59
516131,516190,516193,3,59
516131,516190,516193,3,59
516131,516190,516193,3,59
516131,516191,516193,2,60
516131,516191,516193,2,60
516131,516191,516193,2,60
516131,516191,516194,3,60
516131,516191,516193,2,60
516131,516191,516194,3,60
516120,516160,516194,34,40
516131,516192,516194,2,61
516131,516192,516195,3,61
516131,516192,516195,3,61
516131,516183,516195,12,52
516131,516192,516195,3,61
516131,516192,516195,3,61
516131,516193,516195,2,62
516120,516162,516189,27,42
516131,516181,516196,15,50
516131,516193,516196,3,62
516131,516193,516196,3,62
516132,516195,516197,2,63
516132,516196,516198,2,64
516132,516195,516197,2,63
516132,516194,516198,4,62
516132,516194,516198,4,62
516132,516193,516198,5,61
516132,516195,516198,3,63
516132,516195,516198,3,63
516132,516195,516198,3,63
516132,516194,516198,4,62
516132,516194,516199,5,62
516117,516151,516197,46,34
516132,516193,516199,6,61
516132,516193,516199,6,61
516132,516194,516199,5,62
516132,516197,516199,2,65
516132,516197,516200,3,65
516126,516175,516199,24,49
516132,516194,516200,6,62
516131,516191,516199,8,60
516132,516198,516200,2,66
516132,516198,516200,2,66
516132,516198,516201,3,66
516120,516158,516200,42,38
516132,516198,516201,3,66
516132,516199,516202,3,67
516132,516199,516202,3,67
516132,516198,516202,4,66
516132,516194,516202,8,62
516132,516198,516202,4,66
516132,516198,516202,4,66
516132,516199,516202,3,67
516132,516200,516203,3,68
516132,516198,516203,5,66
516132,516200,516204,4,68
516132,516200,516203,3,68
516132,516201,516203,2,69
516132,516201,516203,2,69
516132,516200,516204,4,68
516132,516200,516203,3,68
516132,516201,516203,2,69
516132,516202,516204,2,70
516132,516200,516204,4,68
516132,516201,516204,3,69
516132,516202,516204,2,70
516132,516203,516205,2,71
516117,516151,516204,53,34
516132,516202,516205,3,70
516132,516203,516205,2,71
516132,516204,516206,2,72
516132,516204,516206,2,72
516132,516202,516205,3,70
516132,516202,516205,3,70
516132,516204,516206,2,72
516132,516204,516207,3,72
516132,516204,516206,2,72
516132,516204,516207,3,72
516132,516204,516207,3,72
516132,516204,516207,3,72
516132,516205,516207,2,73
516132,516205,516208,3,73
516132,516206,516209,3,74
516135,516206,516209,3,71
516132,516207,516210,3,75
516135,516207,516211,4,72
516135,516207,516211,4,72
516135,516207,516211,4,72
516135,516207,516211,4,72
516117,516146,516212,66,29
516135,516207,516212,5,72
516135,516207,516212,5,72
516135,516207,516211,4,72
516135,516207,516211,4,72
516132,516203,516212,9,71
516132,516204,516212,8,72
516131,516183,516188,5,52
516132,516196,516208,12,64
516132,516199,516211,12,67
516117,516152,516214,62,35
516135,516211,516214,3,76
516132,516205,516214,9,73
516135,516212,516215,3,77
516135,516212,516215,3,77
516135,516212,516215,3,77
516135,516211,516215,4,76
516135,516212,516215,3,77
516135,516213,516215,2,78
516135,516213,516215,2,78
516135,516211,516215,4,76
516135,516208,516216,8,73
516135,516211,516215,4,76
516126,516181,516214,33,55
516135,516208,516216,8,73
516135,516209,516217,8,74
516126,516175,516216,41,49
516131,516186,516203,17,55
516131,516189,516197,8,58
516135,516215,516217,2,80
516135,516215,516217,2,80
516131,516213,516217,4,82
516135,516213,516218,5,78
516135,516211,516217,6,76
516135,516215,516218,3,80
516135,516215,516218,3,80
516135,516215,516218,3,80
516135,516216,516218,2,81
516135,516216,516218,2,81
516135,516216,516218,2,81
516135,516216,516218,2,81
516135,516216,516219,3,81
516135,516216,516218,2,81
516135,516216,516219,3,81
516135,516210,516219,9,75
516135,516218,516220,2,83
516135,516218,516220,2,83
516135,516217,516219,2,82
516135,516217,516220,3,82
516135,516218,516220,2,83
516126,516169,516221,52,43
516135,516218,516221,3,83
516135,516218,516221,3,83
516135,516218,516221,3,83
516135,516219,516221,2,84
516135,516219,516221,2,84
516135,516219,516221,2,84
516135,516219,516222,3,84
516135,516220,516222,2,85
516135,516218,516222,4,83
516131,516192,516217,25,61
516135,516219,516222,3,84
516135,516219,516221,2,84
516135,516219,516222,3,84
516135,516220,516222,2,85
516135,516218,516222,4,83
516135,516220,516222,2,85
516135,516220,516222,2,85
516135,516220,516223,3,85
516135,516221,516223,2,86
516135,516214,516217,3,79
516135,516221,516224,3,86
516132,516200,516224,24,68
516132,516218,516225,7,86
516135,516218,516224,6,83
516135,516218,516224,6,83
516132,516195,516225,30,63
516141,516223,516225,2,82
516141,516223,516225,2,82
516132,516205,516225,20,73
516141,516222,516226,4,81
516141,516223,516226,3,82
516141,516222,516226,4,81
516141,516223,516226,3,82
516132,516201,516226,25,69
516132,516202,516226,24,70
516141,516224,516226,2,83
516141,516224,516226,2,83
516141,516223,516227,4,82
516141,516224,516227,3,83
516141,516222,516227,5,81
516141,516222,516227,5,81
516141,516222,516227,5,81
516141,516222,516228,6,81
516141,516222,516228,6,81
516141,516226,516230,4,85
516141,516224,516230,6,83
516141,516222,516231,9,81
516141,516226,516231,5,85
516141,516226,516231,5,85
516141,516226,516231,5,85
516135,516214,516227,13,79
516141,516224,516228,4,83
516141,516226,516232,6,85
516141,516229,516232,3,88
516141,516229,516232,3,88
516141,516230,516233,3,89
516141,516227,516233,6,86
516141,516228,516233,5,87
516141,516227,516233,6,86
516141,516222,516233,11,81
516141,516231,516234,3,90
516141,516227,516233,6,86
516141,516232,516234,2,91
516141,516232,516234,2,91
516141,516228,516234,6,87
516141,516228,516235,7,87
516141,516233,516235,2,92
516135,516212,516235,23,77
516141,516233,516235,2,92
516141,516225,516235,10,84
516141,516232,516236,4,91
516141,516228,516236,8,87
516141,516233,516236,3,92
516141,516233,516236,3,92
516141,516234,516236,2,93
516141,516234,516236,2,93
516141,516234,516236,2,93
516141,516234,516237,3,93
516141,516234,516236,2,93
516141,516235,516237,2,94
516141,516235,516237,2,94
516141,516235,516238,3,94
516141,516227,516238,11,86
516141,516235,516237,2,94
516141,516236,516238,2,95
516141,516234,516238,4,93
516141,516235,516239,4,94
516141,516236,516239,3,95
516141,516225,516239,14,84
516141,516236,516239,3,95
516143,516236,516240,4,93
516141,516225,516240,15,84
516143,516237,516241,4,94
516143,516237,516241,4,94
516141,516236,516241,5,95
516143,516237,516242,5,94
516143,516239,516242,3,96
516143,516239,516242,3,96
516143,516237,516242,5,94
516143,516238,516242,4,95
516143,516238,516242,4,95
516143,516239,516243,4,96
516143,516240,516243,3,97
516131,516186,516243,57,55
516143,516237,516243,6,94
516143,516240,516243,3,97
516143,516238,516243,5,95
516143,516241,516243,2,98
516135,516217,516244,27,82
516141,516232,516243,11,91
516143,516238,516244,6,95
516141,516226,516244,18,85
516143,516242,516245,3,99
516143,516243,516245,2,100
516132,516200,516244,44,68
516143,516239,516244,5,96
516143,516242,516245,3,99
516126,516181,516245,64,55
516143,516242,516245,3,99
516143,516242,516245,3,99
516143,516243,516245,2,100
516143,516243,516245,2,100
516141,516231,516245,14,90
516143,516240,516245,5,97
516143,516243,516245,2,100
516143,516243,516246,3,100
516143,516244,516246,2,101
516143,516244,516247,3,101
516143,516244,516247,3,101
516143,516244,516247,3,101
516143,516243,516247,4,100
516143,516241,516246,5,98
516143,516242,516246,4,99
516143,516246,516247,1,103
516143,516245,516248,3,102
516143,516245,516247,2,102
516143,516245,516248,3,102
516143,516246,516248,2,103
516143,516246,516248,2,103
516143,516246,516248,2,103
516143,516245,516249,4,102
516143,516246,516249,3,103
516141,516227,516250,23,86
516143,516247,516249,2,104
516143,516247,516249,2,104
516143,516247,516250,3,104
516143,516238,516250,12,95
516143,516247,516250,3,104
516141,516222,516241,19,81
516143,516245,516250,5,102
516143,516248,516250,2,105
516143,516248,516251,3,105
516143,516248,516250,2,105
516143,516248,516251,3,105
516143,516246,516252,6,103
516143,516248,516251,3,105
516143,516249,516251,2,106
516143,516249,516251,2,106
516143,516249,516252,3,106
516143,516249,516252,3,106
516143,516248,516253,5,105
516143,516248,516253,5,105
516141,516232,516247,15,91
516143,516245,516253,8,102
516143,516244,516253,9,101
516145,516250,516254,4,105
516145,516250,516254,4,105
516145,516252,516254,2,107
516145,516251,516254,3,106
516143,516246,516254,8,103
516145,516252,516255,3,107
516143,516244,516254,10,101
516143,516249,516254,5,106
516145,516250,516255,5,105
516145,516253,516256,3,108
516135,516214,516253,39,79
516145,516253,516255,2,108
516141,516227,516255,28,86
516145,516252,516255,3,107
516145,516254,516256,2,109
516145,516251,516256,5,106
516145,516251,516257,6,106
516145,516253,516257,4,108
516145,516250,516257,7,105
516145,516254,516257,3,109
516145,516254,516257,3,109
516145,516252,516257,5,107
516145,516255,516257,2,110
516145,516253,516257,4,108
516145,516255,516258,3,110
516145,516251,516258,7,106
516143,516245,516257,12,102
516145,516254,516258,4,109
516145,516256,516258,2,111
516145,516256,516258,2,111
516145,516256,516258,2,111
516145,516252,516259,7,107
516145,516253,516258,5,108
516145,516256,516259,3,111
516145,516257,516259,2,112
516145,516257,516259,2,112
516145,516257,516260,3,112
516145,516255,516259,4,110
516145,516257,516260,3,112
516145,516257,516260,3,112
516145,516258,516260,2,113
516145,516258,516261,3,113
516145,516258,516260,2,113
516145,516259,516261,2,114
516145,516257,516262,5,112
516143,516245,516262,17,102
516145,516259,516262,3,114
516145,516260,516262,2,115
516145,516259,516263,4,114
516145,516260,516263,3,115
516145,516260,516262,2,115
516145,516258,516260,2,113
516145,516258,516263,5,113
516145,516261,516263,2,116
516145,516261,516263,2,116
516145,516261,516263,2,116
516141,516226,516264,38,85
516145,516258,516264,6,113
516145,516259,516264,5,114
516145,516262,516265,3,117
516145,516261,516264,3,116
516145,516260,516265,5,115
516145,516261,516264,3,116
516135,516221,516265,44,86
516145,516263,516265,2,118
516145,516263,516266,3,118
516145,516263,516266,3,118
516143,516243,516266,23,100
516135,516217,516256,39,82
516145,516262,516267,5,117
516145,516266,516268,2,121
516145,516263,516267,4,118
516145,516263,516268,5,118
516145,516263,516269,6,118
516145,516265,516269,4,120
516145,516263,516269,6,118
516145,516266,516269,3,121
516145,516267,516269,2,122
516145,516264,516269,5,119
516145,516264,516269,5,119
516145,516265,516270,5,120
516145,516263,516269,6,118
516145,516266,516269,3,121
516145,516265,516270,5,120
516145,516268,516270,2,123
516145,516268,516271,3,123
516145,516268,516272,4,123
516145,516270,516272,2,125
516145,516270,516273,3,125
516145,516270,516272,2,125
516145,516270,516272,2,125
516145,516265,516272,7,120
516145,516269,516273,4,124
516145,516257,516273,16,112
516145,516270,516273,3,125
516145,516271,516274,3,126
516145,516271,516274,3,126
516145,516264,516274,10,119
516145,516265,516274,9,120
516145,516255,516275,20,110
516145,516269,516274,5,124
516145,516273,516275,2,128
516145,516270,516276,6,125
516145,516270,516276,6,125
516145,516275,516276,1,130
516145,516271,516276,5,126
516145,516273,516276,3,128
516145,516273,516276,3,128
516145,516273,516276,3,128
516145,516270,516276,6,125
516145,516274,516277,3,129
516145,516268,516276,8,123
516145,516273,516277,4,128
516145,516254,516278,24,109
516145,516255,516278,23,110
516145,516275,516278,3,130
516145,516275,516278,3,130
516145,516275,516278,3,130
516145,516273,516279,6,128
516145,516276,516279,3,131
516145,516276,516279,3,131
516145,516276,516279,3,131
516145,516277,516279,2,132
516145,516273,516279,6,128
516145,516277,516279,2,132
516145,516277,516279,2,132
516145,516277,516279,2,132
516143,516250,516280,30,107
516145,516277,516279,2,132
516145,516263,516280,17,118
516145,516276,516281,5,131
516145,516278,516281,3,133
516145,516266,516281,15,121
516145,516278,516281,3,133
516145,516277,516281,4,132
516145,516277,516282,5,132
516145,516256,516282,26,111
516145,516277,516282,5,132
516145,516278,516282,4,133
516145,516278,516282,4,133
516145,516280,516282,2,135
516145,516280,516284,4,135
516145,516281,516284,3,136
516145,516262,516284,22,117
516145,516267,516284,17,122
516145,516279,516284,5,134
516145,516279,516285,6,134
516145,516282,516285,3,137
516145,516282,516285,3,137
516145,516282,516285,3,137
516145,516279,516285,6,134
516145,516273,516285,12,128
516145,516281,516285,4,136
516145,516280,516285,5,135
516145,516282,516285,3,137
516145,516282,516285,3,137
516145,516280,516286,6,135
516145,516280,516285,5,135
516145,516281,516286,5,136
516145,516282,516286,4,137
516145,516284,516286,2,139
516145,516280,516286,6,135
516145,516258,516286,28,113
516145,516276,516286,10,131
516145,516284,516287,3,139
516145,516284,516288,4,139
516141,516235,516288,53,94
516145,516251,516288,37,106
516145,516267,516288,21,122
516145,516256,516288,32,111
516145,516285,516289,4,140
516145,516286,516289,3,141
516145,516286,516289,3,141
516145,516286,516289,3,141
516145,516286,516290,4,141
516145,516286,516290,4,141
516145,516287,516290,3,142
516145,516287,516290,3,142
516145,516264,516290,26,119
516145,516286,516291,5,141
516145,516288,516291,3,143
516145,516290,516292,2,145
516145,516290,516292,2,145
516145,516286,516292,6,141
516145,516286,516292,6,141
516145,516290,516292,2,145
516145,516290,516292,2,145
516145,516286,516292,6,141
516145,516290,516293,3,145
516145,516290,516293,3,145
516145,516290,516293,3,145
516145,516291,516293,2,146
516145,516285,516294,9,140
516145,516292,516294,2,147
516145,516292,516294,2,147
516145,516285,516294,9,140
516145,516286,516295,9,141
516145,516280,516294,14,135
516145,516291,516294,3,146
516145,516292,516294,2,147
516145,516293,516295,2,148
516145,516287,516295,8,142
516145,516287,516295,8,142
516145,516286,516296,10,141
516145,516278,516295,17,133
516145,516293,516296,3,148
516145,516293,516296,3,148
516145,516285,516296,11,140
516148,516293,516297,4,145
516145,516291,516297,6,146
516148,516295,516298,3,147
516145,516292,516298,6,147
516145,516292,516298,6,147
516148,516295,516299,4,147
516148,516294,516298,4,146
516148,516296,516298,2,148
516145,516293,516299,6,148
516145,516282,516299,17,137
516148,516296,516299,3,148
516148,516295,516300,5,147
516148,516297,516299,2,149
516148,516298,516300,2,150
516148,516297,516300,3,149
516145,516289,516300,11,144
516145,516289,516300,11,144
516145,516289,516300,11,144
516148,516296,516300,4,148
516148,516294,516301,7,146
516145,516289,516301,12,144
516148,516299,516301,2,151
516148,516295,516302,7,147
516148,516298,516302,4,150
516145,516286,516302,16,141
516148,516299,516302,3,151
516148,516299,516302,3,151
516148,516300,516302,2,152
516148,516300,516303,3,152
516148,516300,516302,2,152
516148,516298,516303,5,150
516148,516300,516303,3,152
516148,516301,516303,2,153
516145,516286,516303,17,141
516145,516286,516303,17,141
516148,516295,516305,10,147
516148,516302,516304,2,154
516148,516302,516305,3,154
516148,516303,516305,2,155
516148,516303,516305,2,155
516148,516301,516306,5,153
516148,516303,516306,3,155
516148,516303,516306,3,155
516148,516301,516306,5,153
516148,516304,516306,2,156
516148,516304,516306,2,156
516148,516304,516306,2,156
516148,516303,516306,3,155
516148,516303,516307,4,155
516148,516305,516307,2,157
516148,516304,516307,3,156
516148,516295,516307,12,147
516148,516305,516307,2,157
516148,516305,516308,3,157
516148,516302,516308,6,154
516148,516303,516308,5,155
516148,516306,516308,2,158
516148,516306,516308,2,158
516148,516306,516309,3,158
516148,516307,516310,3,159
516148,516307,516310,3,159
516148,516296,516309,13,148
516148,516299,516309,10,151
516148,516307,516310,3,159
516148,516307,516310,3,159
516148,516306,516310,4,158
516148,516307,516310,3,159
516148,516307,516311,4,159
516148,516308,516312,4,160
516145,516280,516312,32,135
516148,516299,516312,13,151
516148,516308,516312,4,160
516148,516301,516312,11,153
516148,516308,516313,5,160
516148,516310,516313,3,162
516148,516307,516313,6,159
516148,516301,516314,13,153
516148,516302,516313,11,154
516148,516308,516314,6,160
516148,516310,516314,4,162
516148,516310,516313,3,162
516148,516310,516314,4,162
516148,516309,516314,5,161
516148,516310,516314,4,162
516148,516310,516314,4,162
516148,516312,516314,2,164
516148,516313,516315,2,165
516148,516309,516316,7,161
516148,516309,516316,7,161
516145,516278,516316,38,133
516148,516313,516316,3,165
516148,516312,516316,4,164
516148,516313,516317,4,165
516148,516314,516317,3,166
516148,516314,516317,3,166
516148,516314,516318,4,166
516148,516314,516318,4,166
516148,516314,516319,5,166
516148,516315,516319,4,167
516148,516315,516319,4,167
516148,516309,516319,10,161
516148,516317,516320,3,169
516148,516315,516319,4,167
516148,516315,516319,4,167
516148,516316,516319,3,168
516148,516314,516320,6,166
516148,516316,516320,4,168
516148,516316,516320,4,168
516148,516318,516320,2,170
516148,516318,516320,2,170
516148,516318,516321,3,170
516148,516309,516320,11,161
516148,516318,516321,3,170
516148,516319,516321,2,171
516145,516282,516322,40,137
516148,516317,516321,4,169
516148,516320,516322,2,172
516148,516301,516314,13,153
516148,516314,516319,5,166
516148,516297,516322,25,149
516148,516320,516322,2,172
516148,516320,516322,2,172
516148,516320,516323,3,172
516148,516320,516323,3,172
516148,516296,516315,19,148
516148,516320,516323,3,172
516148,516321,516323,2,173
516148,516321,516324,3,173
516148,516319,516323,4,171
516148,516320,516324,4,172
516148,516321,516324,3,173
516148,516321,516324,3,173
516148,516321,516325,4,173
516148,516321,516325,4,173
516148,516320,516325,5,172
516148,516323,516325,2,175
516148,516310,516326,16,162
516148,516323,516326,3,175
516148,516321,516326,5,173
516148,516323,516326,3,175
516150,516325,516328,3,175
516150,516326,516328,2,176
516150,516323,516329,6,173
516150,516325,516328,3,175
516150,516325,516329,4,175
516150,516326,516329,3,176
516148,516322,516329,7,174
516150,516324,516330,6,174
516150,516325,516329,4,175
516150,516324,516329,5,174
516150,516327,516330,3,177
516150,516325,516330,5,175
516150,516329,516331,2,179
516150,516326,516331,5,176
516150,516329,516331,2,179
516148,516310,516327,17,162
516150,516329,516332,3,179
516150,516329,516332,3,179
516148,516295,516333,38,147
516150,516329,516333,4,179
516150,516323,516334,11,173
516150,516324,516330,6,174
516150,516330,516334,4,180
516150,516331,516335,4,181
516150,516330,516334,4,180
516150,516330,516335,5,180
516150,516330,516335,5,180
516150,516324,516335,11,174
516150,516324,516336,12,174
516150,516326,516336,10,176
516150,516330,516338,8,180
516150,516335,516338,3,185
516150,516332,516338,6,182
516150,516332,516338,6,182
516150,516336,516338,2,186
516150,516335,516339,4,185
516150,516335,516339,4,185
516148,516298,516338,40,150
516150,516335,516338,3,185
516148,516313,516335,22,165
516148,516323,516335,12,175
516150,516334,516339,5,184
516150,516336,516339,3,186
516150,516336,516340,4,186
516150,516331,516340,9,181
516150,516332,516340,8,182
516148,516314,516340,26,166
516150,516336,516340,4,186
516150,516333,516340,7,183
516150,516339,516341,2,189
516150,516339,516341,2,189
516150,516339,516341,2,189
516150,516339,516341,2,189
516150,516339,516341,2,189
516150,516335,516340,5,185
516150,516339,516341,2,189
516150,516339,516342,3,189
516150,516340,516343,3,190
516150,516340,516343,3,190
516150,516339,516344,5,189
516150,516341,516345,4,191
516150,516342,516345,3,192
516150,516342,516344,2,192
516150,516342,516344,2,192
516150,516342,516344,2,192
516150,516340,516345,5,190
516150,516342,516345,3,192
516150,516341,516345,4,191
516148,516296,516345,49,148
516150,516341,516346,5,191
516180,516343,516346,3,163
516148,516312,516347,35,164
516150,516332,516345,13,182
516180,516345,516349,4,165
516180,516346,516350,4,166
516180,516345,516350,5,165
516180,516345,516350,5,165
516180,516345,516350,5,165
516180,516347,516350,3,167
516148,516322,516351,29,174
516180,516347,516350,3,167
516150,516333,516348,15,183
516150,516334,516346,12,184
516180,516350,516352,2,170
516180,516350,516352,2,170
516148,516305,516352,47,157
516180,516349,516352,3,169
516180,516346,516352,6,166
516180,516345,516353,8,165
516180,516350,516354,4,170
516180,516351,516354,3,171
516180,516345,516355,10,165
516180,516345,516354,9,165
516180,516352,516354,2,172
516180,516352,516354,2,172
516180,516351,516355,4,171
516148,516312,516357,45,164
516180,516346,516357,11,166
516180,516353,516357,4,173
516180,516350,516357,7,170
516180,516355,516358,3,175
516180,516355,516358,3,175
516180,516352,516357,5,172
516180,516354,516357,3,174
516180,516354,516358,4,174
516148,516323,516358,35,175
516150,516340,516358,18,190
516150,516341,516358,17,191
516148,516316,516360,44,168
516180,516356,516360,4,176
516180,516354,516360,6,174
516180,516355,516361,6,175
516180,516358,516360,2,178
516180,516358,516360,2,178
516180,516358,516361,3,178
516180,516358,516362,4,178
516180,516355,516361,6,175
516180,516359,516363,4,179
516150,516339,516363,24,189
516180,516361,516363,2,181
516180,516358,516363,5,178
516180,516361,516363,2,181
516150,516337,516365,28,187
516180,516361,516366,5,181
516180,516361,516365,4,181
516180,516363,516366,3,183
516180,516361,516366,5,181
516180,516363,516367,4,183
516180,516361,516367,6,181
516180,516362,516367,5,182
516180,516365,516367,2,185
516180,516363,516367,4,183
516180,516365,516369,4,185
516180,516367,516369,2,187
516180,516359,516370,11,179
516180,516352,516371,19,172
516180,516366,516371,5,186
516180,516368,516372,4,188
516180,516366,516373,7,186
516180,516367,516373,6,187
516180,516368,516373,5,188
516180,516368,516374,6,188
516180,516370,516375,5,190
516180,516367,516373,6,187
516180,516358,516375,17,178
516148,516323,516376,53,175
516180,516366,516371,5,186
516180,516374,516376,2,194
516180,516373,516376,3,193
516180,516369,516376,7,189
516180,516352,516377,25,172
516180,516375,516377,2,195
516180,516373,516378,5,193
516180,516375,516378,3,195
516180,516359,516370,11,179
516180,516368,516378,10,188
516180,516373,516378,5,193
516180,516375,516379,4,195
516180,516363,516380,17,183
516180,516375,516381,6,195
516180,516378,516382,4,198
516180,516352,516382,30,172
516180,516377,516383,6,197
516180,516372,516383,11,192
516180,516358,516384,26,178
516180,516377,516384,7,197
516180,516379,516384,5,199
516180,516347,516385,38,167
516180,516352,516380,28,172
516180,516382,516389,7,202
516180,516383,516389,6,203
516180,516383,516390,7,203
516180,516379,516391,12,199
516180,516378,516390,12,198
516180,516379,516391,12,199
516180,516379,516391,12,199
516180,516385,516392,7,205
516180,516389,516392,3,209
516180,516389,516392,3,209
516180,516361,516392,31,181
516180,516378,516393,15,198
516180,516387,516393,6,207
516180,516385,516392,7,205
516180,516359,516383,24,179
516180,516390,516392,2,210
516180,516392,516394,2,212
516180,516392,516394,2,212
516180,516393,516395,2,213
516180,516393,516395,2,213
516180,516391,516395,4,211
516180,516391,516396,5,211
516180,516392,516395,3,212
516180,516377,516396,19,197
516180,516386,516396,10,206
516180,516384,516396,12,204
516180,516395,516397,2,215
516180,516395,516397,2,215
516180,516391,516397,6,211
516180,516391,516396,5,211
516180,516395,516398,3,215
516180,516396,516399,3,216
516180,516397,516399,2,217
516180,516396,516399,3,216
516180,516377,516400,23,197
516180,516393,516399,6,213
516180,516397,516399,2,217
516180,516351,516400,49,171
516180,516380,516400,20,200
516180,516397,516400,3,217
516180,516396,516400,4,216
516180,516396,516400,4,216
516180,516371,516401,30,191
516180,516397,516401,4,217
516180,516397,516402,5,217
516180,516393,516402,9,213
516150,516340,516402,62,190
516180,516393,516403,10,213
516180,516393,516402,9,213
516183,516401,516404,3,218
516183,516399,516405,6,216
516183,516400,516405,5,217
516183,516401,516405,4,218
516183,516398,516405,7,215
516183,516399,516405,6,216
516183,516399,516406,7,216
516183,516401,516407,6,218
516183,516402,516407,5,219
516180,516382,516407,25,202
516183,516405,516407,2,222
516183,516405,516407,2,222
516183,516400,516408,8,217
516180,516370,516409,39,190
516183,516406,516409,3,223
516183,516405,516409,4,222
516183,516402,516410,8,219
516183,516405,516410,5,222
516180,516385,516410,25,205
516183,516406,516410,4,223
516183,516406,516411,5,223
516183,516408,516412,4,225
516183,516403,516412,9,220
516183,516408,516413,5,225
516180,516376,516413,37,196
516183,516409,516415,6,226
516183,516411,516415,4,228
516183,516412,516415,3,229
516183,516407,516415,8,224
516183,516410,516415,5,227
516183,516412,516416,4,229
516183,516414,516416,2,231
516183,516409,516416,7,226
516183,516415,516418,3,232
516183,516415,516418,3,232
516183,516410,516418,8,227
516183,516416,516418,2,233
516183,516416,516418,2,233
516183,516416,516419,3,233
516183,516417,516419,2,234
516183,516416,516420,4,233
516183,516400,516413,13,217
516183,516400,516413,13,217
516183,516410,516420,10,227
516183,516418,516421,3,235
516183,516418,516421,3,235
516183,516403,516422,19,220
516183,516419,516421,2,236
516183,516419,516421,2,236
516183,516420,516422,2,237
516183,516420,516422,2,237
516183,516408,516422,14,225
516183,516419,516423,4,236
516183,516404,516423,19,221
516183,516421,516424,3,238
516183,516422,516424,2,239
516183,516422,516424,2,239
516183,516421,516425,4,238
516183,516421,516425,4,238
516183,516417,516425,8,234
516183,516423,516425,2,240
516183,516423,516426,3,240
516183,516414,516426,12,231
516180,516379,516426,47,199
516183,516422,516426,4,239
516183,516402,516426,24,219
516180,516358,516427,69,178
516180,516397,516426,29,217
516183,516421,516426,5,238
516183,516409,516427,18,226
516183,516400,516429,29,217
516183,516421,516428,7,238
516183,516421,516428,7,238
516183,516413,516428,15,230
516183,516404,516429,25,221
516183,516411,516431,20,228
516183,516408,516432,24,225
515189,515190,516692,1502,1
516725,516725,516729,4,0
516725,516725,516730,5,0
516725,516725,516730,5,0
516725,516725,516729,4,0
516725,516725,516729,4,0
516725,516725,516732,7,0
516725,516725,516735,10,0
516725,516730,516735,5,5
516725,516725,516737,12,0
516725,516725,516737,12,0
516725,516730,516736,6,5
516725,516725,516736,11,0
516725,516730,516737,7,5
516725,516725,516737,12,0
516725,516725,516737,12,0
516725,516725,516737,12,0
516725,516730,516737,7,5
516725,516730,516737,7,5
516725,516725,516739,14,0
516725,516725,516740,15,0
516725,516725,516740,15,0
516725,516725,516740,15,0
516725,516725,516742,17,0
516725,516738,516742,4,13
516725,516738,516741,3,13
516725,516738,516743,5,13
516725,516736,516743,7,11
516725,516725,516744,19,0
516725,516737,516744,7,12
516725,516725,516745,20,0
516725,516725,516744,19,0
516725,516738,516744,6,13
516725,516742,516744,2,17
516725,516738,516745,7,13
516725,516733,516746,13,8
516725,516740,516745,5,15
516725,516742,516746,4,17
516725,516725,516745,20,0
516725,516742,516745,3,17
516725,516743,516746,3,18
516725,516725,516746,21,0
516725,516743,516746,3,18
516725,516745,516747,2,20
516725,516741,516747,6,16
516725,516741,516747,6,16
516725,516745,516747,2,20
516725,516725,516743,18,0
516725,516741,516746,5,16
516725,516746,516749,3,21
516725,516746,516748,2,21
516725,516746,516749,3,21
516725,516746,516750,4,21
516725,516745,516750,5,20
516725,516736,516750,14,11
516725,516746,516750,4,21
516725,516725,516751,26,0
516725,516737,516751,14,12
516725,516746,516752,6,21
516725,516748,516752,4,23
516725,516748,516751,3,23
516725,516747,516751,4,22
516725,516744,516753,9,19
516725,516738,516755,17,13
516725,516748,516755,7,23
516725,516745,516758,13,20
516725,516737,516761,24,12
516725,516745,516767,22,20
516725,516737,516772,35,12
516725,516748,516773,25,23
516725,516746,516783,37,21
516103,516126,517079,953,23
517080,517080,517084,4,0
517080,517080,517084,4,0
517080,517080,517085,5,0
517080,517080,517085,5,0
517080,517080,517085,5,0
517080,517080,517085,5,0
517080,517080,517089,9,0
517080,517084,517089,5,4
517080,517084,517090,6,4
517080,517080,517092,12,0
517080,517080,517091,11,0
517080,517080,517093,13,0
517080,517080,517093,13,0
517080,517080,517092,12,0
517080,517080,517093,13,0
517080,517080,517094,14,0
517080,517080,517093,13,0
517080,517086,517094,8,6
517080,517086,517094,8,6
517080,517086,517094,8,6
517080,517080,517094,14,0
517080,517080,517095,15,0
517080,517080,517095,15,0
517080,517089,517095,6,9
517080,517080,517097,17,0
517080,517095,517098,3,15
517080,517093,517098,5,13
517080,517094,517098,4,14
517080,517091,517098,7,11
517080,517096,517098,2,16
517080,517095,517098,3,15
517080,517095,517099,4,15
517080,517080,517099,19,0
517080,517094,517100,6,14
517080,517095,517100,5,15
517080,517098,517100,2,18
517080,517098,517100,2,18
517080,517095,517100,5,15
517080,517080,517101,21,0
517080,517098,517100,2,18
517080,517100,517102,2,20
517080,517098,517102,4,18
517080,517099,517103,4,19
517080,517100,517103,3,20
517080,517097,517103,6,17
517080,517100,517104,4,20
517080,517101,517104,3,21
517080,517102,517104,2,22
517080,517093,517105,12,13
517080,517100,517105,5,20
517080,517080,517106,26,0
516129,516181,517106,925,52
517080,517086,517106,20,6
517080,517103,517106,3,23
517080,517092,517106,14,12
517080,517103,517106,3,23
517080,517103,517106,3,23
517080,517092,517108,16,12
517080,517080,517108,28,0
517080,517089,517108,19,9
517080,517093,517109,16,13
517107,517107,517110,3,0
517107,517107,517111,4,0
517107,517107,517111,4,0
517107,517107,517111,4,0
517107,517107,517111,4,0
517107,517107,517114,7,0
517107,517107,517114,7,0
517107,517110,517113,3,3
517080,517093,517115,22,13
517107,517107,517115,8,0
517107,517107,517116,9,0
517107,517111,517116,5,4
517107,517111,517116,5,4
517107,517111,517117,6,4
517107,517111,517117,6,4
517080,517080,517109,29,0
517107,517107,517119,12,0
517080,517100,517119,19,20
517107,517107,517120,13,0
517107,517108,517120,12,1
517107,517114,517120,6,7
517080,517080,517121,41,0
517107,517115,517122,7,8
517080,517101,517123,22,21
516121,516168,517123,955,47
517107,517108,517123,15,1
517107,517117,517123,6,10
517080,517101,517123,22,21
517080,517098,517126,28,18
517107,517123,517126,3,16
517107,517124,517126,2,17
517107,517117,517127,10,10
517107,517117,517127,10,10
517107,517123,517127,4,16
517107,517121,517127,6,14
517080,517099,517127,28,19
517107,517127,517129,2,20
517107,517116,517129,13,9
517107,517128,517129,1,21
517107,517118,517129,11,11
517107,517128,517130,2,21
517107,517127,517129,2,20
517080,517104,517124,20,24
517107,517124,517130,6,17
517107,517128,517130,2,21
517107,517129,517131,2,22
517107,517120,517131,11,13
517107,517127,517131,4,20
517107,517114,517131,17,7
517107,517123,517130,7,16
517107,517115,517131,16,8
517107,517130,517132,2,23
517107,517130,517132,2,23
517107,517130,517132,2,23
517107,517130,517132,2,23
517107,517131,517133,2,24
517107,517119,517133,14,12
517107,517131,517133,2,24
517107,517132,517134,2,25
517107,517132,517133,1,25
517107,517132,517134,2,25
517107,517131,517134,3,24
517107,517114,517134,20,7
517107,517131,517135,4,24
517107,517108,517135,27,1
517107,517133,517135,2,26
517107,517132,517136,4,25
517124,517134,517137,3,10
517124,517134,517137,3,10
517124,517134,517137,3,10
517107,517118,517138,20,11
517107,517124,517138,14,17
517124,517134,517138,4,10
517080,517094,517139,45,14
517124,517135,517140,5,11
517107,517131,517134,3,24
517124,517135,517142,7,11
517107,517109,517142,33,2
517124,517136,517143,7,12
517124,517135,517144,9,11
517107,517130,517144,14,23
517107,517126,517147,21,19
517107,517132,517147,15,25
517124,517137,517147,10,13
517107,517121,517147,26,14
517107,517128,517147,19,21
517124,517137,517148,11,13
517124,517139,517147,8,15
517124,517141,517149,8,17
517124,517137,517150,13,13
517124,517144,517151,7,20
517107,517120,517145,25,13
517124,517147,517154,7,23
517124,517143,517156,13,19
517124,517148,517156,8,24
517124,517148,517157,9,24
517107,517119,517157,38,12
517124,517150,517159,9,26
517124,517151,517159,8,27
517124,517157,517160,3,33
517124,517136,517160,24,12
517124,517157,517161,4,33
517124,517152,517162,10,28
517124,517155,517162,7,31
516133,516206,517161,955,73
517124,517139,517157,18,15
517124,517160,517162,2,36
517124,517160,517163,3,36
517124,517161,517163,2,37
517124,517160,517163,3,36
517124,517162,517164,2,38
517124,517162,517164,2,38
517124,517162,517165,3,38
517124,517148,517165,17,24
517124,517163,517165,2,39
517124,517163,517166,3,39
517124,517163,517166,3,39
517124,517164,517166,2,40
517124,517157,517167,10,33
517124,517163,517166,3,39
517124,517165,517167,2,41
517124,517134,517167,33,10
517124,517165,517167,2,41
517124,517141,517168,27,17
517124,517166,517168,2,42
517124,517166,517169,3,42
517124,517167,517169,2,43
517107,517130,517170,40,23
517124,517148,517169,21,24
517124,517161,517169,8,37
517124,517158,517170,12,34
517124,517167,517170,3,43
517124,517147,517170,23,23
517124,517168,517171,3,44
517124,517167,517171,4,43
517124,517169,517172,3,45
517124,517169,517171,2,45
517124,517171,517172,1,47
517124,517171,517173,2,47
517107,517132,517173,41,25
517124,517140,517174,34,16
517124,517153,517175,22,29
517124,517143,517175,32,19
517124,517168,517176,8,44
517124,517169,517177,8,45
517124,517137,517162,25,13
517124,517139,517178,39,15
517124,517145,517177,32,21
517178,517178,517180,2,0
517178,517178,517181,3,0
517178,517178,517181,3,0
517178,517178,517181,3,0
517178,517178,517182,4,0
517124,517163,517181,18,39
517178,517178,517181,3,0
516144,516250,517183,933,106
516139,516222,517185,963,83
517124,517177,517189,12,53
517178,517178,517188,10,0
517178,517178,517189,11,0
517178,517181,517189,8,3
517178,517182,517189,7,4
517178,517181,517190,9,3
517178,517181,517191,10,3
517178,517182,517191,9,4
517178,517182,517191,9,4
517178,517178,517192,14,0
517178,517178,517194,16,0
517178,517178,517195,17,0
517178,517185,517195,10,7
517178,517192,517195,3,14
517178,517190,517195,5,12
517178,517191,517195,4,13
517124,517147,517196,49,23
517178,517184,517197,13,6
517178,517178,517197,19,0
517178,517195,517198,3,17
517178,517195,517197,2,17
517178,517190,517198,8,12
517178,517178,517197,19,0
517178,517191,517198,7,13
517178,517195,517197,2,17
517178,517189,517197,8,11
517178,517195,517197,2,17
517178,517178,517199,21,0
517178,517178,517199,21,0
517178,517193,517199,6,15
517178,517195,517199,4,17
517178,517198,517200,2,20
517178,517198,517200,2,20
517178,517198,517201,3,20
517178,517197,517201,4,19
517178,517198,517201,3,20
517178,517189,517201,12,11
517178,517198,517201,3,20
517178,517182,517201,19,4
517178,517199,517201,2,21
517178,517199,517201,2,21
517178,517178,517202,24,0
517178,517201,517202,1,23
517178,517201,517202,1,23
516141,516236,517203,967,95
517178,517189,517203,14,11
517178,517178,517203,25,0
517178,517198,517202,4,20
517178,517201,517204,3,23
517178,517201,517204,3,23
517178,517201,517203,2,23
517178,517199,517204,5,21
517124,517166,517204,38,42
517178,517178,517204,26,0
517178,517199,517203,4,21
517178,517202,517204,2,24
517178,517178,517204,26,0
517178,517202,517205,3,24
517178,517201,517206,5,23
517178,517201,517206,5,23
517178,517194,517209,15,16
517178,517200,517210,10,22
517178,517196,517209,13,18
517178,517178,517210,32,0
517178,517178,517212,34,0
517178,517189,517214,25,11
517178,517200,517218,18,22
517220,517220,517223,3,0
517220,517220,517223,3,0
517220,517220,517222,2,0
517220,517220,517224,4,0
517220,517220,517223,3,0
517220,517220,517224,4,0
517220,517220,517225,5,0
517220,517224,517231,7,4
517220,517223,517231,8,3
517220,517223,517231,8,3
517220,517223,517230,7,3
517220,517220,517233,13,0
517220,517224,517233,9,4
517220,517224,517233,9,4
517220,517225,517234,9,5
517220,517231,517235,4,11
517220,517231,517235,4,11
517220,517233,517236,3,13
517220,517233,517237,4,13
517220,517235,517238,3,15
517220,517236,517238,2,16
517220,517231,517238,7,11
517220,517237,517239,2,17
517220,517220,517240,20,0
517220,517238,517240,2,18
517220,517220,517241,21,0
517220,517233,517241,8,13
517220,517220,517241,21,0
517178,517198,517241,43,20
517220,517239,517241,2,19
517220,517220,517242,22,0
517220,517220,517242,22,0
517220,517238,517242,4,18
517220,517239,517242,3,19
517220,517231,517242,11,11
517220,517240,517242,2,20
517220,517241,517243,2,21
517220,517241,517244,3,21
517220,517240,517244,4,20
517220,517236,517244,8,16
517220,517243,517245,2,23
517220,517242,517244,2,22
517220,517220,517245,25,0
517220,517220,517245,25,0
517220,517220,517245,25,0
517220,517242,517245,3,22
517220,517242,517245,3,22
517220,517243,517245,2,23
517220,517241,517246,5,21
517220,517220,517246,26,0
517220,517242,517246,4,22
517220,517241,517246,5,21
517220,517220,517246,26,0
517220,517245,517247,2,25
517220,517244,517246,2,24
517220,517220,517247,27,0
517220,517242,517247,5,22
517220,517220,517247,27,0
517220,517245,517247,2,25
517220,517245,517247,2,25
517220,517220,517248,28,0
517220,517245,517249,4,25
517220,517246,517249,3,26
517220,517246,517250,4,26
517220,517245,517250,5,25
517220,517247,517251,4,27
517220,517220,517250,30,0
517220,517246,517253,7,26
517220,517220,517253,33,0
517220,517220,517253,33,0
517220,517245,517251,6,25
517220,517248,517254,6,28
517220,517248,517255,7,28
517220,517247,517255,8,27
517220,517246,517255,9,26
517220,517244,517256,12,24
517220,517244,517256,12,24
517220,517250,517256,6,30
517220,517250,517258,8,30
517220,517241,517258,17,21
517220,517246,517258,12,26
517220,517250,517258,8,30
517220,517220,517259,39,0
517220,517247,517261,14,27
517220,517257,517262,5,37
517220,517248,517263,15,28
517220,517255,517263,8,35
517220,517259,517262,3,39
517220,517246,517263,17,26
517220,517251,517263,12,31
517220,517255,517263,8,35
517220,517247,517264,17,27
517220,517259,517264,5,39
517220,517259,517265,6,39
517220,517263,517265,2,43
517220,517256,517266,10,36
517220,517263,517266,3,43
517220,517263,517266,3,43
517220,517256,517266,10,36
517220,517245,517266,21,25
517220,517246,517266,20,26
517220,517220,517266,46,0
517220,517254,517268,14,34
517220,517264,517268,4,44
517220,517264,517268,4,44
517220,517264,517268,4,44
517220,517266,517269,3,46
517220,517266,517269,3,46
517220,517266,517269,3,46
517220,517266,517269,3,46
517220,517248,517261,13,28
517220,517265,517269,4,45
517220,517265,517269,4,45
517220,517259,517269,10,39
517220,517267,517270,3,47
517220,517266,517270,4,46
517220,517267,517271,4,47
517220,517262,517270,8,42
517220,517263,517271,8,43
517220,517268,517271,3,48
517220,517268,517271,3,48
517220,517269,517271,2,49
517220,517268,517272,4,48
517220,517269,517272,3,49
517220,517269,517272,3,49
517220,517269,517272,3,49
517220,517250,517272,22,30
517220,517267,517272,5,47
517220,517270,517273,3,50
517220,517270,517273,3,50
517220,517257,517273,16,37
517220,517270,517274,4,50
517258,517271,517274,3,13
517258,517271,517275,4,13
517258,517272,517275,3,14
517220,517253,517275,22,33
517258,517272,517275,3,14
517258,517271,517277,6,13
517258,517272,517278,6,14
517258,517272,517276,4,14
517258,517272,517280,8,14
517258,517274,517281,7,16
517258,517273,517281,8,15
517220,517252,517279,27,32
517258,517271,517281,10,13
517258,517276,517283,7,18
517258,517271,517282,11,13
517220,517254,517284,30,34
517258,517272,517285,13,14
517258,517274,517285,11,16
517258,517271,517285,14,13
517258,517275,517286,11,17
517258,517274,517286,12,16
517258,517281,517287,6,23
517258,517281,517287,6,23
517220,517254,517288,34,34
517220,517269,517288,19,49
517258,517275,517288,13,17
517258,517278,517288,10,20
516146,516293,517289,996,147
517220,517261,517289,28,41
517258,517282,517289,7,24
517258,517286,517289,3,28
517258,517287,517290,3,29
517258,517288,517290,2,30
517258,517288,517291,3,30
517258,517274,517290,16,16
517258,517289,517291,2,31
517258,517289,517291,2,31
517258,517289,517291,2,31
517258,517290,517292,2,32
517258,517290,517293,3,32
517258,517287,517293,6,29
517258,517291,517293,2,33
517258,517291,517293,2,33
517258,517284,517293,9,26
517258,517291,517293,2,33
517258,517285,517294,9,27
517258,517276,517295,19,18
517258,517293,517295,2,35
517258,517292,517294,2,34
517258,517292,517294,2,34
517258,517292,517294,2,34
517258,517286,517294,8,28
517258,517291,517295,4,33
517258,517294,517296,2,36
517258,517294,517296,2,36
517258,517295,517297,2,37
517258,517294,517296,2,36
517258,517294,517296,2,36
517258,517294,517297,3,36
517220,517267,517297,30,47
517220,517269,517297,28,49
517258,517295,517297,2,37
517258,517295,517297,2,37
517258,517274,517297,23,16
517258,517295,517297,2,37
517258,517294,517298,4,36
517220,517256,517292,36,36
517258,517295,517299,4,37
517258,517295,517299,4,37
517297,517297,517299,2,0
517297,517297,517300,3,0
517297,517298,517301,3,1
517258,517277,517301,24,19
517297,517297,517300,3,0
517297,517297,517302,5,0
517297,517297,517302,5,0
517297,517298,517302,4,1
516155,516342,517301,959,187
517297,517297,517302,5,0
517258,517295,517304,9,37
517258,517295,517304,9,37
516160,516343,517304,961,183
517297,517298,517305,7,1
517297,517300,517306,6,3
517258,517285,517306,21,27
517258,517279,517307,28,21
517258,517282,517307,25,24
517258,517282,517307,25,24
517258,517284,517306,22,26
517297,517301,517307,6,4
517297,517300,517308,8,3
517297,517298,517308,10,1
517297,517298,517308,10,1
517297,517300,517308,8,3
517297,517301,517309,8,4
517297,517299,517310,11,2
517297,517302,517309,7,5
517297,517302,517310,8,5
517297,517302,517311,9,5
517297,517303,517311,8,6
517297,517302,517310,8,5
517297,517307,517311,4,10
517297,517306,517312,6,9
517297,517301,517311,10,4
517297,517309,517312,3,12
517297,517310,517313,3,13
517297,517309,517314,5,12
517297,517311,517314,3,14
517297,517311,517314,3,14
517297,517311,517314,3,14
517297,517305,517313,8,8
517297,517310,517314,4,13
517297,517305,517314,9,8
517297,517311,517314,3,14
517258,517288,517309,21,30
517297,517309,517314,5,12
517297,517310,517315,5,13
517297,517312,517314,2,15
517297,517312,517315,3,15
517297,517312,517315,3,15
516151,516342,517316,974,191
517297,517313,517316,3,16
517297,517314,517316,2,17
517297,517301,517317,16,4
517297,517314,517317,3,17
517297,517314,517317,3,17
517297,517314,517317,3,17
517297,517315,517317,2,18
517297,517315,517317,2,18
517297,517299,517318,19,2
517297,517314,517318,4,17
517297,517315,517318,3,18
517297,517316,517318,2,19
517297,517316,517318,2,19
517297,517314,517318,4,17
517258,517289,517319,30,31
517297,517315,517319,4,18
517297,517315,517319,4,18
517297,517316,517319,3,19
516153,516342,517319,977,189
517297,517317,517319,2,20
517297,517298,517320,22,1
517297,517317,517320,3,20
517258,517288,517322,34,30
517297,517307,517323,16,10
517297,517315,517323,8,18
517297,517309,517324,15,12
516149,516323,517325,1002,174
517297,517307,517324,17,10
517297,517304,517326,22,7
517297,517307,517327,20,10
516158,516343,517327,984,185
517297,517307,517333,26,10
517297,517304,517334,30,7
517297,517307,517336,29,10
517297,517309,517328,19,12
517377,517377,517380,3,0
517377,517377,517379,2,0
517377,517377,517379,2,0
517377,517377,517380,3,0
517377,517377,517381,4,0
517377,517377,517380,3,0
517377,517377,517381,4,0
517377,517377,517380,3,0
517377,517377,517381,4,0
517377,517377,517381,4,0
517377,517377,517381,4,0
517377,517377,517382,5,0
517377,517377,517382,5,0
517377,517380,517383,3,3
517377,517377,517384,7,0
517377,517377,517384,7,0
517377,517381,517384,3,4
517377,517380,517383,3,3
517377,517380,517384,4,3
517377,517381,517384,3,4
517377,517380,517385,5,3
517377,517377,517385,8,0
517377,517383,517385,2,6
517377,517383,517385,2,6
517377,517383,517385,2,6
517377,517382,517386,4,5
517377,517384,517386,2,7
517377,517384,517387,3,7
517377,517381,517387,6,4
517377,517381,517387,6,4
517377,517382,517387,5,5
517377,517384,517386,2,7
517377,517384,517386,2,7
517377,517384,517386,2,7
517377,517377,517387,10,0
517377,517381,517387,6,4
517377,517385,517388,3,8
517377,517385,517388,3,8
517377,517386,517388,2,9
517377,517387,517389,2,10
517377,517386,517389,3,9
517377,517386,517389,3,9
517377,517377,517390,13,0
517377,517387,517389,2,10
517377,517387,517389,2,10
517377,517387,517389,2,10
517377,517387,517390,3,10
517377,517387,517389,2,10
517377,517377,517391,14,0
517377,517387,517391,4,10
517377,517387,517391,4,10
517377,517387,517391,4,10
517377,517388,517391,3,11
517377,517388,517391,3,11
517377,517377,517391,14,0
517377,517388,517392,4,11
517377,517389,517392,3,12
517377,517377,517393,16,0
517377,517377,517393,16,0
517377,517389,517393,4,12
517377,517389,517393,4,12
517377,517389,517393,4,12
517377,517389,517393,4,12
517377,517377,517393,16,0
517377,517377,517393,16,0
517377,517386,517393,7,9
517377,517390,517393,3,13
517377,517377,517394,17,0
517377,517377,517395,18,0
517377,517390,517395,5,13
517377,517391,517395,4,14
517377,517391,517395,4,14
517377,517391,517395,4,14
517377,517377,517395,18,0
517377,517377,517395,18,0
517377,517390,517395,5,13
517377,517390,517395,5,13
517377,517377,517397,20,0
517377,517377,517397,20,0
517377,517391,517396,5,14
517377,517390,517396,6,13
517377,517391,517397,6,14
517377,517377,517397,20,0
517377,517395,517398,3,18
517377,517396,517399,3,19
517377,517392,517399,7,15
517377,517377,517399,22,0
517377,517396,517400,4,19
517377,517395,517399,4,18
517377,517393,517400,7,16
517377,517397,517400,3,20
517377,517397,517400,3,20
517377,517390,517397,7,13
517377,517391,517400,9,14
517377,517394,517401,7,17
517377,517393,517401,8,16
517377,517393,517401,8,16
517377,517393,517401,8,16
517377,517398,517402,4,21
517377,517399,517401,2,22
517377,517399,517402,3,22
517377,517395,517402,7,18
517377,517395,517402,7,18
517377,517397,517402,5,20
517377,517399,517402,3,22
517377,517397,517403,6,20
517377,517396,517403,7,19
517377,517377,517403,26,0
517377,517397,517403,6,20
517377,517400,517403,3,23
517377,517401,517403,2,24
517377,517402,517404,2,25
517377,517401,517403,2,24
517377,517401,517403,2,24
517377,517401,517403,2,24
517377,517400,517404,4,23
517377,517401,517404,3,24
517377,517400,517404,4,23
517377,517403,517405,2,26
517377,517402,517404,2,25
517377,517393,517405,12,16
517377,517402,517405,3,25
517377,517403,517405,2,26
517377,517403,517405,2,26
517377,517401,517405,4,24
517377,517394,517405,11,17
517377,517396,517401,5,19
517377,517403,517406,3,26
517377,517403,517406,3,26
517377,517392,517407,15,15
517377,517403,517407,4,26
517377,517403,517407,4,26
517377,517404,517407,3,27
517377,517404,517407,3,27
517377,517404,517407,3,27
517377,517394,517406,12,17
517377,517395,517408,13,18
517377,517404,517408,4,27
517377,517405,517409,4,28
517377,517393,517409,16,16
517377,517404,517409,5,27
517377,517392,517410,18,15
517377,517403,517409,6,26
517377,517404,517410,6,27
517377,517405,517410,5,28
517377,517406,517411,5,29
517377,517406,517413,7,29
517377,517408,517412,4,31
517377,517409,517412,3,32
517377,517409,517412,3,32
517377,517408,517413,5,31
517377,517410,517413,3,33
517377,517411,517413,2,34
517377,517408,517413,5,31
517377,517411,517413,2,34
517377,517406,517413,7,29
517377,517407,517413,6,30
517377,517408,517413,5,31
517377,517405,517413,8,28
517377,517402,517414,12,25
517377,517403,517413,10,26
517377,517412,517414,2,35
517377,517407,517414,7,30
517377,517408,517415,7,31
517377,517414,517416,2,37
517377,517413,517415,2,36
517377,517413,517415,2,36
517377,517413,517415,2,36
517377,517413,517416,3,36
517377,517414,517416,2,37
517377,517406,517416,10,29
517377,517410,517416,6,33
517377,517395,517415,20,18
517377,517414,517416,2,37
517377,517414,517416,2,37
517377,517414,517416,2,37
517377,517414,517416,2,37
517377,517414,517416,2,37
517377,517414,517416,2,37
517377,517410,517417,7,33
517377,517415,517417,2,38
517377,517416,517418,2,39
517377,517415,517417,2,38
517377,517416,517418,2,39
517377,517416,517418,2,39
517377,517416,517418,2,39
517377,517416,517418,2,39
517377,517416,517418,2,39
517377,517416,517418,2,39
517377,517414,517419,5,37
517377,517417,517419,2,40
517377,517417,517419,2,40
517377,517417,517419,2,40
517377,517417,517419,2,40
517377,517408,517420,12,31
517377,517416,517420,4,39
517377,517407,517421,14,30
517377,517416,517421,5,39
517377,517401,517425,24,24
517377,517416,517425,9,39
517377,517415,517426,11,38
517377,517394,517425,31,17
517377,517409,517428,19,32
517377,517404,517427,23,27
517377,517408,517430,22,31
517377,517403,517433,30,26
517377,517406,517433,27,29
517377,517415,517433,18,38
517377,517403,517436,33,26
517377,517406,517440,34,29
517490,517490,517493,3,0
517490,517490,517493,3,0
517490,517490,517493,3,0
517490,517490,517493,3,0
517490,517490,517494,4,0
517490,517490,517494,4,0
517490,517490,517494,4,0
517490,517490,517494,4,0
517490,517490,517494,4,0
517490,517490,517494,4,0
517490,517490,517494,4,0
517490,517490,517494,4,0
517490,517490,517494,4,0
517490,517490,517495,5,0
517490,517490,517496,6,0
517490,517494,517497,3,4
517490,517494,517497,3,4
517490,517494,517497,3,4
517490,517493,517497,4,3
517490,517493,517497,4,3
517490,517495,517497,2,5
517490,517495,517497,2,5
517490,517495,517497,2,5
517490,517493,517497,4,3
517490,517495,517497,2,5
517490,517493,517497,4,3
517490,517495,517497,2,5
517490,517495,517497,2,5
517490,517496,517498,2,6
517490,517496,517499,3,6
517490,517498,517500,2,8
517490,517498,517500,2,8
517490,517498,517500,2,8
517490,517498,517500,2,8
517490,517498,517500,2,8
517490,517498,517500,2,8
517490,517498,517500,2,8
517490,517498,517500,2,8
517490,517490,517501,11,0
517490,517490,517502,12,0
517490,517490,517502,12,0
517490,517500,517502,2,10
517490,517490,517503,13,0
517490,517498,517503,5,8
517490,517498,517503,5,8
517490,517501,517503,2,11
517490,517501,517503,2,11
517490,517501,517503,2,11
517490,517501,517503,2,11
517490,517501,517503,2,11
517490,517501,517503,2,11
517490,517501,517504,3,11
517490,517498,517505,7,8
517490,517498,517505,7,8
517490,517498,517505,7,8
517490,517490,517506,16,0
517490,517490,517506,16,0
517490,517490,517506,16,0
517490,517501,517506,5,11
517490,517503,517506,3,13
517490,517490,517507,17,0
517490,517501,517507,6,11
517490,517504,517508,4,14
517490,517499,517508,9,9
517490,517502,517508,6,12
517490,517490,517508,18,0
517490,517490,517508,18,0
517490,517490,517508,18,0
517490,517502,517508,6,12
517490,517504,517508,4,14
517490,517504,517508,4,14
517490,517504,517509,5,14
517490,517504,517508,4,14
517490,517504,517509,5,14
517490,517503,517509,6,13
517490,517504,517509,5,14
517490,517505,517510,5,15
517490,517490,517511,21,0
517490,517490,517511,21,0
517490,517509,517512,3,19
517490,517506,517511,5,16
517490,517506,517511,5,16
517490,517506,517512,6,16
517490,517504,517511,7,14
517490,517509,517511,2,19
517490,517509,517511,2,19
517490,517509,517511,2,19
517490,517490,517512,22,0
517490,517490,517512,22,0
517490,517490,517512,22,0
517490,517509,517512,3,19
517490,517508,517512,4,18
517490,517508,517512,4,18
517490,517510,517512,2,20
517490,517512,517514,2,22
517490,517511,517513,2,21
517490,517512,517514,2,22
517490,517510,517514,4,20
517490,517512,517514,2,22
517490,517507,517514,7,17
517490,517512,517514,2,22
517490,517512,517515,3,22
517490,517512,517515,3,22
517490,517512,517514,2,22
517490,517512,517515,3,22
517490,517506,517515,9,16
517490,517509,517515,6,19
517490,517509,517515,6,19
517490,517507,517515,8,17
517490,517513,517515,2,23
517490,517513,517515,2,23
517490,517513,517515,2,23
517490,517509,517516,7,19
517490,517513,517517,4,23
517490,517515,517517,2,25
517490,517514,517516,2,24
517490,517514,517516,2,24
517490,517514,517516,2,24
517490,517508,517517,9,18
517490,517508,517517,9,18
517490,517513,517517,4,23
517490,517515,517517,2,25
517490,517515,517517,2,25
517490,517515,517517,2,25
517490,517515,517517,2,25
517490,517515,517518,3,25
517490,517515,517518,3,25
517490,517490,517518,28,0
517490,517512,517518,6,22
517490,517490,517518,28,0
517490,517515,517519,4,25
517490,517506,517521,15,16
517490,517516,517521,5,26
517490,517509,517526,17,19
517490,517512,517526,14,22
517490,517507,517528,21,17
517490,517512,517532,20,22
517490,517513,517533,20,23
517490,517508,517535,27,18
516545,516545,517538,993,0
517490,517515,517540,25,25
517565,517565,517568,3,0
517565,517565,517568,3,0
517565,517565,517569,4,0
517565,517565,517569,4,0
517565,517565,517569,4,0
517565,517565,517569,4,0
517565,517565,517569,4,0
517565,517565,517570,5,0
517565,517565,517570,5,0
517565,517565,517570,5,0
517565,517565,517570,5,0
517565,517565,517570,5,0
517565,517565,517570,5,0
517565,517565,517571,6,0
517565,517565,517571,6,0
517565,517565,517571,6,0
517565,517569,517571,2,4
517565,517569,517572,3,4
517565,517569,517572,3,4
517565,517571,517572,1,6
517565,517568,517572,4,3
517565,517570,517572,2,5
517565,517570,517572,2,5
517565,517569,517572,3,4
517565,517570,517573,3,5
517565,517571,517573,2,6
517565,517571,517573,2,6
517565,517571,517573,2,6
517565,517571,517573,2,6
517565,517572,517574,2,7
517565,517572,517574,2,7
517565,517573,517574,1,8
517565,517572,517574,2,7
517565,517573,517574,1,8
517565,517565,517574,9,0
517565,517565,517574,9,0
517565,517565,517575,10,0
517565,517573,517575,2,8
517565,517573,517575,2,8
517565,517573,517575,2,8
517565,517573,517575,2,8
517565,517573,517575,2,8
517565,517572,517575,3,7
517565,517565,517576,11,0
517565,517574,517576,2,9
517565,517574,517576,2,9
517565,517574,517576,2,9
517565,517575,517576,1,10
517565,517574,517576,2,9
517565,517574,517576,2,9
517565,517575,517577,2,10
517565,517575,517577,2,10
517565,517575,517577,2,10
517565,517565,517578,13,0
517565,517565,517578,13,0
517565,517576,517578,2,11
517565,517565,517579,14,0
517565,517576,517579,3,11
517565,517576,517579,3,11
517565,517576,517579,3,11
517565,517575,517579,4,10
517565,517576,517580,4,11
517565,517575,517580,5,10
517565,517565,517580,15,0
517565,517575,517580,5,10
517565,517565,517580,15,0
517565,517565,517580,15,0
517565,517577,517581,4,12
517565,517576,517581,5,11
517565,517577,517580,3,12
517565,517577,517581,4,12
517565,517578,517581,3,13
517565,517577,517582,5,12
517565,517565,517582,17,0
517565,517565,517582,17,0
517565,517577,517582,5,12
517565,517578,517583,5,13
517565,517581,517584,3,16
517565,517581,517584,3,16
517565,517580,517583,3,15
517565,517581,517583,2,16
517565,517565,517584,19,0
517565,517579,517584,5,14
517565,517580,517584,4,15
517565,517582,517584,2,17
517565,517577,517584,7,12
517565,517580,517584,4,15
517565,517580,517584,4,15
517565,517581,517584,3,16
517565,517582,517584,2,17
517565,517581,517585,4,16
517565,517581,517585,4,16
517565,517565,517585,20,0
517565,517581,517585,4,16
517565,517578,517586,8,13
517565,517583,517585,2,18
517565,517565,517586,21,0
517565,517575,517586,11,10
517565,517580,517586,6,15
517565,517584,517586,2,19
517565,517584,517586,2,19
517565,517584,517586,2,19
517565,517584,517586,2,19
517565,517584,517586,2,19
517565,517585,517587,2,20
517565,517585,517587,2,20
517565,517585,517587,2,20
517565,517585,517588,3,20
517565,517585,517587,2,20
517565,517585,517588,3,20
517565,517585,517588,3,20
517565,517585,517587,2,20
517565,517586,517588,2,21
517565,517586,517588,2,21
517565,517579,517589,10,14
517565,517587,517589,2,22
517565,517583,517586,3,18
517565,517565,517587,22,0
517565,517587,517590,3,22
517565,517587,517590,3,22
517565,517587,517589,2,22
517565,517587,517589,2,22
517565,517587,517589,2,22
517565,517586,517590,4,21
517565,517586,517590,4,21
517565,517586,517592,6,21
517565,517588,517592,4,23
517565,517588,517592,4,23
517565,517581,517589,8,16
517565,517565,517590,25,0
517565,517580,517593,13,15
517565,517586,517594,8,21
517565,517587,517594,7,22
517565,517565,517594,29,0
517565,517587,517594,7,22
517565,517579,517596,17,14
517565,517583,517599,16,18
517565,517581,517602,21,16
517565,517577,517604,27,12
517565,517585,517605,20,20
516112,516145,517641,1496,33
517643,517644,517647,3,1
517643,517644,517647,3,1
517643,517644,517647,3,1
517643,517644,517648,4,1
517643,517644,517648,4,1
517643,517644,517648,4,1
517643,517644,517648,4,1
517643,517644,517648,4,1
517643,517644,517648,4,1
517643,517644,517648,4,1
517643,517644,517648,4,1
517643,517644,517648,4,1
517643,517644,517648,4,1
517643,517644,517649,5,1
517643,517644,517649,5,1
517643,517644,517649,5,1
517643,517649,517652,3,6
517643,517649,517651,2,6
517643,517649,517652,3,6
517643,517649,517651,2,6
517643,517649,517652,3,6
517643,517649,517652,3,6
517643,517649,517652,3,6
517643,517649,517652,3,6
517643,517649,517652,3,6
517643,517650,517652,2,7
517643,517648,517652,4,5
517643,517650,517652,2,7
517643,517650,517652,2,7
517643,517648,517653,5,5
517643,517652,517654,2,9
517643,517648,517654,6,5
517643,517652,517654,2,9
517643,517652,517655,3,9
517643,517652,517654,2,9
517643,517652,517654,2,9
517643,517652,517654,2,9
517643,517653,517655,2,10
517643,517653,517655,2,10
517643,517653,517655,2,10
517643,517653,517655,2,10
517643,517653,517655,2,10
517643,517653,517656,3,10
517643,517644,517656,12,1
517643,517648,517656,8,5
517643,517653,517656,3,10
517643,517655,517657,2,12
517643,517655,517657,2,12
517643,517655,517657,2,12
517643,517655,517657,2,12
517643,517655,517658,3,12
517643,517644,517660,16,1
517643,517644,517660,16,1
517643,517644,517661,17,1
517643,517644,517661,17,1
517643,517644,517664,20,1
517643,517644,517664,20,1
517643,517644,517665,21,1
517643,517644,517666,22,1
517643,517644,517666,22,1
517643,517644,517666,22,1
517643,517644,517668,24,1
517643,517644,517667,23,1
517643,517644,517669,25,1
517643,517644,517668,24,1
517643,517654,517669,15,11
517643,517644,517671,27,1
517643,517644,517672,28,1
517643,517644,517672,28,1
517643,517644,517681,37,1
516119,516157,517697,1540,38
516726,516748,517701,953,22
517720,517720,517723,3,0
517720,517720,517723,3,0
517720,517720,517724,4,0
517720,517720,517723,3,0
517720,517720,517724,4,0
517720,517720,517725,5,0
517720,517720,517725,5,0
517720,517720,517725,5,0
517720,517720,517725,5,0
517720,517720,517726,6,0
517720,517720,517727,7,0
517720,517720,517727,7,0
517720,517724,517727,3,4
517720,517724,517727,3,4
517720,517720,517727,7,0
517720,517725,517727,2,5
517720,517723,517727,4,3
517720,517723,517728,5,3
517720,517725,517728,3,5
517720,517720,517729,9,0
517720,517725,517728,3,5
517720,517720,517729,9,0
517720,517726,517728,2,6
517720,517724,517728,4,4
517720,517726,517728,2,6
517720,517727,517730,3,7
517720,517720,517730,10,0
517720,517727,517730,3,7
517720,517727,517730,3,7
517720,517727,517730,3,7
517720,517728,517731,3,8
517720,517728,517731,3,8
517720,517720,517731,11,0
517720,517728,517731,3,8
517720,517728,517731,3,8
517720,517728,517731,3,8
517720,517720,517732,12,0
517720,517729,517732,3,9
517720,517729,517732,3,9
517720,517729,517732,3,9
517720,517730,517732,2,10
517720,517729,517733,4,9
517720,517729,517733,4,9
517720,517730,517733,3,10
517720,517731,517733,2,11
517720,517731,517734,3,11
517720,517731,517733,2,11
517720,517731,517733,2,11
517720,517720,517734,14,0
517720,517720,517734,14,0
517720,517720,517734,14,0
517720,517732,517734,2,12
517720,517732,517734,2,12
517720,517732,517734,2,12
517720,517732,517734,2,12
517720,517732,517735,3,12
517720,517720,517735,15,0
517720,517732,517735,3,12
517720,517733,517735,2,13
517720,517720,517736,16,0
517720,517720,517736,16,0
517720,517720,517735,15,0
517720,517720,517735,15,0
517720,517733,517736,3,13
517720,517733,517736,3,13
517720,517733,517736,3,13
517720,517734,517737,3,14
517720,517734,517737,3,14
517720,517734,517737,3,14
517720,517735,517737,2,15
517720,517720,517738,18,0
517720,517734,517738,4,14
517720,517734,517738,4,14
517720,517736,517738,2,16
517720,517736,517738,2,16
517720,517720,517739,19,0
517720,517734,517739,5,14
517720,517735,517739,4,15
517720,517737,517739,2,17
517720,517737,517739,2,17
517720,517735,517739,4,15
517720,517737,517739,2,17
517720,517734,517739,5,14
517720,517735,517739,4,15
517720,517735,517739,4,15
517720,517720,517740,20,0
517720,517720,517740,20,0
517720,517720,517740,20,0
517720,517736,517740,4,16
517720,517736,517740,4,16
517720,517736,517740,4,16
517720,517738,517740,2,18
517720,517739,517741,2,19
517720,517720,517741,21,0
517720,517739,517742,3,19
517720,517739,517741,2,19
517720,517738,517742,4,18
517720,517738,517742,4,18
517720,517738,517742,4,18
517720,517739,517741,2,19
517720,517735,517739,4,15
517720,517732,517741,9,12
517720,517740,517742,2,20
517720,517740,517742,2,20
517720,517740,517742,2,20
517720,517740,517742,2,20
517720,517740,517742,2,20
517720,517740,517742,2,20
517720,517741,517743,2,21
517720,517740,517742,2,20
517720,517740,517742,2,20
517720,517740,517743,3,20
517720,517720,517743,23,0
517720,517742,517744,2,22
517720,517741,517743,2,21
517720,517720,517744,24,0
517720,517738,517744,6,18
517720,517740,517744,4,20
517720,517734,517744,10,14
517720,517742,517744,2,22
517720,517742,517744,2,22
517720,517742,517744,2,22
517720,517742,517744,2,22
517720,517742,517744,2,22
517720,517720,517745,25,0
517720,517720,517745,25,0
517720,517740,517745,5,20
517720,517740,517745,5,20
517720,517740,517745,5,20
517720,517740,517745,5,20
517720,517742,517745,3,22
517720,517743,517745,2,23
517720,517739,517746,7,19
517720,517740,517746,6,20
517720,517742,517746,4,22
517720,517720,517747,27,0
517720,517736,517749,13,16
517720,517742,517751,9,22
517720,517734,517758,24,14
517720,517734,517758,24,14
516181,516397,517896,1499,216
517897,517897,517900,3,0
517897,517897,517900,3,0
517897,517897,517900,3,0
517897,517897,517901,4,0
517897,517897,517900,3,0
517897,517897,517900,3,0
517897,517897,517900,3,0
517897,517897,517901,4,0
517897,517897,517901,4,0
517897,517897,517902,5,0
517897,517897,517901,4,0
517897,517897,517901,4,0
517897,517897,517902,5,0
517897,517897,517901,4,0
517897,517897,517902,5,0
517897,517901,517903,2,4
517897,517897,517903,6,0
517897,517897,517903,6,0
517897,517897,517903,6,0
517897,517901,517904,3,4
517897,517901,517903,2,4
517897,517901,517903,2,4
517897,517901,517904,3,4
517897,517902,517904,2,5
517897,517897,517904,7,0
517897,517901,517904,3,4
517897,517902,517904,2,5
517897,517901,517903,2,4
517897,517902,517904,2,5
517897,517897,517904,7,0
517897,517897,517904,7,0
517897,517897,517904,7,0
517897,517902,517904,2,5
517897,517902,517905,3,5
517897,517902,517904,2,5
517897,517903,517905,2,6
517897,517897,517905,8,0
517897,517904,517906,2,7
517897,517903,517905,2,6
517897,517904,517906,2,7
517897,517904,517906,2,7
517897,517897,517907,10,0
517897,517904,517906,2,7
517897,517904,517907,3,7
517897,517904,517906,2,7
517897,517904,517907,3,7
517897,517904,517907,3,7
517897,517904,517907,3,7
517897,517904,517906,2,7
517897,517904,517906,2,7
517897,517904,517906,2,7
517897,517897,517907,10,0
517897,517897,517908,11,0
517897,517897,517908,11,0
517897,517897,517908,11,0
517897,517897,517909,12,0
517897,517904,517909,5,7
517897,517902,517909,7,5
517897,517897,517910,13,0
517897,517897,517911,14,0
516185,516423,517908,1485,238
517897,517905,517912,7,8
517897,517897,517912,15,0
517897,517897,517914,17,0
517897,517897,517914,17,0
517897,517905,517914,9,8
517897,517905,517914,9,8
517897,517897,517916,19,0
517913,517913,517916,3,0
517913,517913,517916,3,0
517913,517913,517916,3,0
517913,517913,517917,4,0
517913,517913,517917,4,0
517913,517913,517917,4,0
517913,517913,517917,4,0
517913,517913,517917,4,0
517913,517913,517917,4,0
517913,517913,517916,3,0
517913,517913,517917,4,0
517913,517913,517917,4,0
517913,517913,517917,4,0
517913,517913,517917,4,0
517913,517913,517918,5,0
517913,517913,517918,5,0
517897,517897,517919,22,0
517913,517913,517919,6,0
517913,517916,517919,3,3
517913,517918,517919,1,5
517913,517916,517919,3,3
517913,517916,517919,3,3
517913,517913,517920,7,0
517913,517913,517920,7,0
517913,517913,517920,7,0
517913,517914,517920,6,1
517913,517916,517920,4,3
517913,517917,517920,3,4
517913,517917,517920,3,4
517913,517917,517920,3,4
517913,517917,517920,3,4
517913,517917,517920,3,4
517913,517918,517920,2,5
517913,517918,517920,2,5
517913,517918,517920,2,5
517913,517918,517920,2,5
517913,517918,517920,2,5
517913,517913,517918,5,0
517913,517919,517921,2,6
517913,517920,517922,2,7
517913,517920,517921,1,7
517913,517919,517921,2,6
517913,517913,517921,8,0
517913,517913,517922,9,0
517913,517921,517922,1,8
517913,517920,517922,2,7
517913,517920,517922,2,7
517913,517920,517922,2,7
517913,517913,517923,10,0
517913,517914,517923,9,1
517913,517921,517923,2,8
517913,517921,517923,2,8
517913,517921,517923,2,8
517913,517921,517923,2,8
517913,517921,517923,2,8
517913,517921,517923,2,8
517913,517913,517921,8,0
517897,517897,517921,24,0
517913,517913,517924,11,0
517913,517916,517924,8,3
517913,517920,517924,4,7
517913,517913,517925,12,0
517913,517916,517926,10,3
517913,517913,517925,12,0
517897,517897,517926,29,0
517913,517920,517926,6,7
517913,517919,517926,7,6
517913,517920,517927,7,7
517913,517921,517928,7,8
517913,517920,517929,9,7
517913,517913,517930,17,0
517913,517913,517934,21,0
517913,517913,517938,25,0
517108,517133,518047,914,25
518048,518048,518051,3,0
518048,518048,518051,3,0
518048,518048,518051,3,0
518048,518048,518051,3,0
518048,518048,518051,3,0
518048,518048,518051,3,0
518048,518048,518051,3,0
518048,518048,518051,3,0
518048,518048,518052,4,0
518048,518048,518053,5,0
518048,518048,518053,5,0
518048,518048,518053,5,0
518048,518048,518052,4,0
518048,518048,518053,5,0
518048,518048,518053,5,0
518048,518048,518054,6,0
518048,518048,518054,6,0
518048,518048,518054,6,0
518048,518048,518053,5,0
518048,518048,518053,5,0
518048,518051,518053,2,3
518048,518048,518054,6,0
518048,518048,518053,5,0
518048,518048,518054,6,0
518048,518052,518054,2,4
518048,518052,518054,2,4
518048,518048,518055,7,0
518048,518048,518054,6,0
518048,518048,518054,6,0
518048,518052,518054,2,4
518048,518052,518054,2,4
518048,518052,518054,2,4
518048,518052,518055,3,4
518048,518052,518054,2,4
518048,518048,518056,8,0
518048,518053,518055,2,5
518048,518053,518055,2,5
518048,518053,518055,2,5
518048,518054,518056,2,6
518048,518054,518056,2,6
518048,518054,518056,2,6
518048,518054,518056,2,6
518048,518048,518054,6,0
518048,518054,518056,2,6
518048,518054,518056,2,6
518048,518054,518056,2,6
518048,518054,518057,3,6
518048,518053,518057,4,5
518048,518048,518056,8,0
518048,518048,518056,8,0
518048,518048,518058,10,0
518048,518048,518058,10,0
518048,518055,518057,2,7
518048,518048,518057,9,0
518048,518048,518059,11,0
518048,518048,518058,10,0
518048,518055,518059,4,7
518048,518053,518059,6,5
518048,518048,518058,10,0
518048,518048,518060,12,0
518048,518048,518060,12,0
518048,518054,518060,6,6
518048,518054,518060,6,6
518048,518053,518060,7,5
518048,518048,518060,12,0
518048,518048,518060,12,0
518048,518055,518061,6,7
518048,518055,518061,6,7
518048,518054,518063,9,6
518048,518054,518074,20,6
517125,517169,518124,955,44
518126,518126,518129,3,0
518126,518126,518129,3,0
518126,518126,518130,4,0
518126,518126,518130,4,0
518126,518126,518130,4,0
518126,518126,518130,4,0
518126,518126,518130,4,0
518126,518126,518129,3,0
518126,518126,518131,5,0
518126,518126,518130,4,0
518126,518126,518130,4,0
518126,518129,518131,2,3
518126,518126,518130,4,0
518126,518126,518131,5,0
518126,518126,518131,5,0
518126,518126,518130,4,0
518126,518126,518132,6,0
518126,518130,518132,2,4
518126,518126,518132,6,0
518126,518126,518133,7,0
518126,518126,518133,7,0
518126,518126,518133,7,0
518126,518126,518132,6,0
518126,518126,518132,6,0
518126,518126,518132,6,0
518126,518130,518132,2,4
518126,518130,518132,2,4
518126,518130,518133,3,4
518126,518131,518133,2,5
518126,518131,518133,2,5
518126,518130,518132,2,4
518126,518130,518132,2,4
518126,518126,518133,7,0
518126,518130,518132,2,4
518126,518131,518133,2,5
518126,518126,518134,8,0
518126,518126,518133,7,0
518126,518126,518134,8,0
518126,518131,518134,3,5
518126,518126,518134,8,0
518126,518131,518133,2,5
518126,518131,518134,3,5
518126,518131,518133,2,5
518126,518131,518134,3,5
518126,518132,518134,2,6
518126,518126,518135,9,0
518126,518126,518136,10,0
518126,518133,518135,2,7
518126,518126,518136,10,0
518126,518133,518135,2,7
518126,518133,518136,3,7
518126,518133,518136,3,7
518126,518126,518136,10,0
518126,518126,518136,10,0
518126,518126,518136,10,0
518126,518132,518136,4,6
518126,518133,518137,4,7
518126,518133,518137,4,7
518126,518126,518138,12,0
518126,518126,518137,11,0
518126,518133,518138,5,7
518126,518126,518139,13,0
518126,518126,518138,12,0
518126,518126,518139,13,0
518126,518133,518139,6,7
518126,518133,518141,8,7
518126,518133,518142,9,7
517179,517202,518146,944,23
518147,518147,518149,2,0
518147,518147,518150,3,0
518147,518147,518149,2,0
518147,518147,518150,3,0
518147,518147,518149,2,0
518147,518147,518150,3,0
518147,518147,518150,3,0
518147,518147,518151,4,0
518147,518147,518150,3,0
518147,518147,518151,4,0
518147,518147,518151,4,0
518147,518147,518150,3,0
518147,518147,518150,3,0
518147,518147,518151,4,0
518147,518147,518152,5,0
518147,518147,518152,5,0
518147,518147,518152,5,0
518147,518147,518151,4,0
518147,518147,518152,5,0
518147,518147,518151,4,0
518147,518147,518151,4,0
518147,518150,518152,2,3
518147,518150,518152,2,3
518147,518147,518153,6,0
518147,518150,518152,2,3
518147,518150,518152,2,3
518147,518150,518152,2,3
518147,518151,518153,2,4
518147,518147,518154,7,0
518147,518147,518153,6,0
518147,518147,518154,7,0
518147,518147,518153,6,0
518147,518151,518154,3,4
518147,518151,518154,3,4
518147,518151,518153,2,4
518147,518151,518153,2,4
518147,518151,518153,2,4
518147,518151,518154,3,4
518147,518151,518154,3,4
518147,518152,518154,2,5
518147,518147,518155,8,0
518147,518152,518155,3,5
518147,518147,518155,8,0
518147,518153,518155,2,6
518147,518152,518155,3,5
518147,518152,518154,2,5
518147,518152,518155,3,5
518147,518152,518154,2,5
518147,518153,518155,2,6
518147,518147,518155,8,0
518147,518153,518155,2,6
518147,518153,518155,2,6
518147,518153,518157,4,6
518147,518154,518158,4,7
518147,518147,518157,10,0
518147,518147,518158,11,0
518147,518147,518159,12,0
518147,518154,518160,6,7
518147,518154,518160,6,7
518126,518126,518157,31,0
518126,518133,518161,28,7
518147,518147,518168,21,0
518147,518151,518168,17,4
518147,518152,518171,19,5
518147,518147,518171,24,0
518147,518152,518172,20,5
518147,518147,518174,27,0
518147,518152,518175,23,5
518147,518147,518175,28,0
518147,518147,518175,28,0
518126,518126,518184,58,0
518147,518147,518186,39,0
518147,518147,518187,40,0
517082,517104,518599,1495,22
518601,518601,518603,2,0
518601,518601,518603,2,0
518601,518601,518603,2,0
518601,518601,518604,3,0
518601,518601,518604,3,0
518601,518601,518603,2,0
518601,518601,518605,4,0
518601,518601,518604,3,0
518601,518601,518605,4,0
518601,518601,518605,4,0
518601,518601,518604,3,0
518601,518601,518606,5,0
518601,518604,518606,2,3
518601,518601,518606,5,0
518601,518604,518606,2,3
518601,518601,518605,4,0
518601,518601,518605,4,0
518601,518601,518606,5,0
518601,518604,518606,2,3
518601,518601,518606,5,0
518601,518601,518606,5,0
518601,518604,518606,2,3
518601,518604,518606,2,3
518601,518605,518607,2,4
518601,518601,518606,5,0
518601,518604,518606,2,3
518601,518601,518607,6,0
518601,518601,518607,6,0
518601,518601,518608,7,0
518601,518605,518608,3,4
518601,518606,518608,2,5
518601,518605,518608,3,4
518601,518606,518608,2,5
518601,518605,518607,2,4
518601,518605,518607,2,4
518601,518601,518608,7,0
518601,518607,518609,2,6
518601,518606,518608,2,5
518601,518606,518608,2,5
518601,518606,518608,2,5
518601,518606,518608,2,5
518601,518607,518609,2,6
518601,518607,518609,2,6
518601,518607,518609,2,6
518601,518607,518609,2,6
518601,518607,518609,2,6
518601,518607,518609,2,6
518601,518607,518609,2,6
518601,518607,518609,2,6
518601,518601,518611,10,0
518601,518601,518612,11,0
518601,518601,518613,12,0
518601,518601,518612,11,0
518601,518601,518612,11,0
518601,518601,518612,11,0
518601,518601,518612,11,0
518601,518601,518613,12,0
518601,518601,518613,12,0
518601,518601,518614,13,0
518601,518601,518613,12,0
518601,518601,518613,12,0
518601,518601,518613,12,0
518601,518608,518614,6,7
518601,518601,518615,14,0
518601,518601,518616,15,0
518601,518601,518618,17,0
518601,518601,518619,18,0
518601,518601,518623,22,0
518601,518601,518625,24,0
518601,518601,518627,26,0
517221,517271,518802,1531,50
518804,518804,518807,3,0
518804,518804,518806,2,0
518804,518804,518807,3,0
518804,518804,518806,2,0
518804,518804,518806,2,0
518804,518804,518807,3,0
518804,518804,518808,4,0
518804,518804,518808,4,0
518804,518804,518807,3,0
518804,518804,518807,3,0
518804,518804,518807,3,0
518804,518804,518808,4,0
518804,518804,518808,4,0
518804,518804,518808,4,0
518804,518804,518808,4,0
518804,518804,518808,4,0
518804,518804,518808,4,0
518804,518804,518808,4,0
518804,518807,518809,2,3
518804,518804,518809,5,0
518804,518807,518809,2,3
518804,518804,518809,5,0
518804,518804,518809,5,0
518804,518804,518808,4,0
518804,518807,518809,2,3
518804,518808,518810,2,4
518804,518807,518809,2,3
518804,518807,518809,2,3
518804,518808,518810,2,4
518804,518807,518809,2,3
518804,518808,518810,2,4
518804,518809,518811,2,5
518804,518808,518810,2,4
518804,518808,518810,2,4
518804,518804,518810,6,0
518804,518809,518811,2,5
518804,518809,518811,2,5
518804,518809,518811,2,5
518804,518809,518811,2,5
518804,518804,518812,8,0
518804,518809,518811,2,5
518804,518809,518812,3,5
518804,518809,518812,3,5
518804,518809,518811,2,5
518804,518810,518813,3,6
518804,518810,518812,2,6
518804,518804,518814,10,0
518804,518804,518814,10,0
518804,518804,518813,9,0
518804,518804,518814,10,0
518804,518804,518815,11,0
518804,518804,518814,10,0
518804,518804,518815,11,0
518804,518804,518817,13,0
518804,518804,518817,13,0
518804,518804,518818,14,0
518804,518804,518817,13,0
518804,518804,518814,10,0
518804,518804,518814,10,0
518804,518809,518819,10,5
518804,518804,518819,15,0
518804,518804,518819,15,0
518804,518809,518821,12,5
518804,518809,518821,12,5
518804,518809,518823,14,5
518804,518804,518823,19,0
518804,518804,518830,26,0
518804,518804,518831,27,0
518804,518804,518832,28,0
518804,518804,518832,28,0
562268,562268,563195,927,0
563197,563197,563200,3,0
563197,563197,563202,5,0
563197,563197,563202,5,0
563197,563201,563203,2,4
563197,563197,563203,6,0
563197,563197,563203,6,0
563197,563203,563206,3,6
563197,563197,563207,10,0
563197,563204,563206,2,7
563197,563203,563207,4,6
563197,563197,563207,10,0
563197,563197,563208,11,0
563197,563197,563208,11,0
563197,563204,563208,4,7
563197,563204,563208,4,7
563197,563197,563209,12,0
563197,563197,563208,11,0
563197,563197,563210,13,0
563197,563207,563209,2,10
563197,563197,563210,13,0
563197,563206,563210,4,9
563197,563197,563210,13,0
563197,563207,563211,4,10
563197,563197,563211,14,0
563197,563197,563211,14,0
563197,563197,563212,15,0
563197,563197,563212,15,0
563197,563197,563213,16,0
563197,563197,563212,15,0
563197,563210,563212,2,13
563197,563209,563213,4,12
563197,563211,563214,3,14
563197,563209,563213,4,12
563197,563209,563213,4,12
563197,563207,563214,7,10
563197,563213,563215,2,16
563197,563211,563215,4,14
563197,563197,563215,18,0
563197,563214,563216,2,17
563197,563214,563218,4,17
563197,563216,563218,2,19
563197,563214,563218,4,17
563197,563210,563219,9,13
563197,563217,563220,3,20
563197,563212,563219,7,15
563197,563216,563220,4,19
563197,563197,563215,18,0
563197,563219,563221,2,22
563197,563218,563222,4,21
563197,563197,563222,25,0
563197,563208,563223,15,11
563197,563209,563219,10,12
563197,563197,563221,24,0
563197,563216,563222,6,19
562277,562277,563223,946,0
563197,563213,563224,11,16
563197,563220,563223,3,23
563197,563219,563223,4,22
563197,563210,563225,15,13
563197,563209,563225,16,12
562266,562266,563226,960,0
563197,563213,563226,13,16
563224,563224,563227,3,0
563224,563224,563227,3,0
563197,563197,563228,31,0
563224,563224,563229,5,0
563197,563213,563226,13,16
563224,563224,563230,6,0
563224,563224,563230,6,0
563224,563227,563229,2,3
563224,563228,563230,2,4
563224,563228,563230,2,4
562280,562280,563231,951,0
563197,563212,563232,20,15
563224,563230,563232,2,6
563224,563230,563232,2,6
563224,563231,563233,2,7
563224,563229,563234,5,5
563224,563225,563234,9,1
563224,563231,563234,3,7
563197,563215,563234,19,18
563224,563231,563234,3,7
563224,563227,563236,9,3
563224,563230,563236,6,6
562269,562269,563236,967,0
563197,563211,563233,22,14
563197,563209,563236,27,12
563224,563228,563237,9,4
563224,563233,563237,4,9
563224,563234,563237,3,10
562272,562272,563237,965,0
563197,563219,563236,17,22
563224,563233,563238,5,9
563224,563235,563238,3,11
563224,563234,563239,5,10
563197,563213,563233,20,16
563224,563224,563240,16,0
563224,563236,563240,4,12
563224,563239,563240,1,15
563224,563238,563240,2,14
563224,563238,563240,2,14
562284,562286,563241,955,2
563224,563238,563241,3,14
563224,563224,563241,17,0
563224,563238,563241,3,14
563224,563234,563242,8,10
562279,562279,563242,963,0
563224,563239,563242,3,15
563224,563234,563242,8,10
563224,563241,563242,1,17
563224,563241,563243,2,17
563224,563226,563243,17,2
563224,563241,563243,2,17
563224,563241,563243,2,17
563224,563236,563244,8,12
563224,563241,563244,3,17
563224,563243,563245,2,19
563224,563242,563244,2,18
563224,563224,563245,21,0
563224,563242,563245,3,18
563224,563236,563245,9,12
563224,563242,563245,3,18
563224,563242,563245,3,18
563224,563243,563245,2,19
563224,563224,563241,17,0
563224,563224,563246,22,0
562275,562275,563246,971,0
563224,563244,563246,2,20
563224,563244,563246,2,20
563197,563220,563247,27,23
563224,563245,563248,3,21
562289,562289,563247,958,0
563224,563242,563248,6,18
563228,563245,563248,3,17
562293,562293,563249,956,0
563228,563245,563249,4,17
563224,563245,563249,4,21
563228,563246,563249,3,18
563228,563246,563249,3,18
563228,563246,563249,3,18
563224,563224,563250,26,0
563224,563232,563244,12,8
563224,563240,563244,4,16
563228,563248,563251,3,20
563228,563248,563251,3,20
563228,563247,563251,4,19
563228,563250,563252,2,22
563228,563249,563252,3,21
563228,563250,563252,2,22
563228,563250,563252,2,22
562273,562273,563252,979,0
563228,563250,563252,2,22
563228,563250,563252,2,22
563228,563247,563252,5,19
563228,563246,563253,7,18
563228,563252,563254,2,24
563224,563229,563251,22,5
563228,563251,563254,3,23
563228,563249,563254,5,21
563224,563224,563247,23,0
563228,563252,563255,3,24
563228,563252,563255,3,24
563228,563252,563255,3,24
563224,563240,563255,15,16
563224,563242,563255,13,18
562287,562287,563255,968,0
563228,563253,563255,2,25
563228,563253,563255,2,25
563228,563253,563255,2,25
563228,563253,563255,2,25
563228,563253,563255,2,25
563228,563253,563255,2,25
562295,562297,563256,959,2
563228,563254,563256,2,26
563228,563254,563256,2,26
563224,563237,563255,18,13
563228,563254,563256,2,26
563228,563245,563257,12,17
563228,563255,563257,2,27
563228,563255,563258,3,27
563228,563255,563258,3,27
563228,563256,563258,2,28
563228,563256,563258,2,28
563228,563257,563259,2,29
562271,562271,563259,988,0
563228,563256,563258,2,28
563228,563256,563258,2,28
563228,563256,563258,2,28
563228,563256,563259,3,28
563228,563256,563258,2,28
563228,563256,563258,2,28
563228,563256,563259,3,28
563228,563256,563259,3,28
563228,563256,563259,3,28
563228,563257,563260,3,29
563224,563242,563253,11,18
563224,563243,563256,13,19
563228,563258,563260,2,30
563228,563259,563261,2,31
563228,563259,563261,2,31
563228,563258,563261,3,30
563228,563258,563260,2,30
563228,563258,563261,3,30
563224,563237,563261,24,13
563228,563259,563261,2,31
563228,563259,563262,3,31
563228,563259,563262,3,31
563228,563246,563262,16,18
563232,563261,563263,2,29
563232,563261,563263,2,29
563232,563261,563263,2,29
563228,563250,563257,7,22
563232,563261,563263,2,29
563232,563259,563264,5,27
563232,563261,563264,3,29
563232,563261,563264,3,29
563224,563237,563264,27,13
563232,563263,563265,2,31
563232,563263,563265,2,31
563232,563262,563265,3,30
563232,563262,563265,3,30
563232,563259,563265,6,27
563232,563260,563264,4,28
563232,563259,563265,6,27
563232,563262,563265,3,30
563232,563263,563266,3,31
563232,563259,563266,7,27
563232,563265,563268,3,33
563232,563265,563268,3,33
563232,563264,563268,4,32
563232,563265,563268,3,33
563232,563265,563269,4,33
563232,563265,563269,4,33
563232,563264,563269,5,32
563232,563265,563269,4,33
562283,562283,563269,986,0
563232,563264,563269,5,32
563232,563264,563269,5,32
563232,563265,563269,4,33
563228,563255,563269,14,27
563232,563266,563270,4,34
563224,563238,563271,33,14
563232,563266,563271,5,34
563197,563211,563271,60,14
563228,563251,563271,20,23
563228,563251,563271,20,23
563232,563266,563271,5,34
563232,563268,563271,3,36
563228,563257,563267,10,29
563232,563268,563272,4,36
563232,563268,563272,4,36
563232,563269,563272,3,37
563232,563269,563272,3,37
563232,563270,563272,2,38
563228,563246,563272,26,18
563232,563270,563273,3,38
563232,563268,563272,4,36
563232,563269,563273,4,37
563232,563260,563273,13,28
563232,563272,563274,2,40
563232,563272,563274,2,40
563232,563272,563274,2,40
563232,563264,563272,8,32
562274,562274,563275,1001,0
563232,563273,563275,2,41
563232,563272,563275,3,40
563232,563273,563275,2,41
563232,563273,563275,2,41
563232,563262,563276,14,30
563228,563254,563276,22,26
563232,563271,563275,4,39
563232,563272,563276,4,40
563232,563274,563276,2,42
563232,563260,563277,17,28
563237,563274,563277,3,37
563232,563270,563278,8,38
563237,563275,563279,4,38
563232,563260,563275,15,28
563232,563272,563275,3,40
563232,563272,563279,7,40
563237,563278,563279,1,41
563237,563277,563279,2,40
563237,563277,563279,2,40
563237,563275,563279,4,38
562282,562282,563280,998,0
563237,563275,563280,5,38
563237,563276,563280,4,39
563237,563276,563280,4,39
563237,563277,563281,4,40
563237,563276,563280,4,39
563237,563276,563281,5,39
563237,563280,563281,1,43
563237,563279,563281,2,42
563237,563281,563282,1,44
563237,563281,563283,2,44
563237,563280,563282,2,43
563237,563280,563282,2,43
563237,563280,563283,3,43
563237,563282,563284,2,45
563237,563281,563284,3,44
563237,563281,563284,3,44
563237,563281,563284,3,44
563228,563246,563280,34,18
563232,563271,563280,9,39
563232,563273,563280,7,41
563232,563270,563284,14,38
563232,563270,563284,14,38
563232,563270,563284,14,38
563232,563270,563284,14,38
563237,563283,563285,2,46
563237,563283,563285,2,46
563232,563263,563284,21,31
563237,563282,563284,2,45
563237,563284,563286,2,47
563237,563283,563285,2,46
563237,563283,563285,2,46
563237,563281,563285,4,44
563237,563283,563286,3,46
563237,563285,563287,2,48
563237,563285,563287,2,48
563237,563284,563287,3,47
563237,563284,563287,3,47
563237,563284,563287,3,47
563237,563285,563287,2,48
563237,563276,563287,11,39
563237,563285,563287,2,48
563237,563285,563287,2,48
563237,563285,563288,3,48
563237,563285,563288,3,48
562286,562286,563287,1001,0
563237,563286,563288,2,49
563237,563286,563288,2,49
563237,563287,563289,2,50
563237,563287,563289,2,50
563237,563286,563289,3,49
563237,563286,563289,3,49
563232,563273,563289,16,41
563237,563287,563290,3,50
563237,563287,563290,3,50
563237,563287,563290,3,50
563237,563287,563290,3,50
563232,563272,563290,18,40
563237,563288,563290,2,51
563237,563288,563291,3,51
563237,563288,563290,2,51
563237,563288,563291,3,51
563228,563250,563257,7,22
563232,563263,563291,28,31
563237,563280,563291,11,43
563237,563279,563289,10,42
563237,563279,563291,12,42
563240,563289,563292,3,49
563240,563288,563291,3,48
563237,563276,563292,16,39
563240,563291,563293,2,51
563240,563288,563293,5,48
563240,563289,563293,4,49
563240,563290,563293,3,50
563237,563287,563293,6,50
563240,563291,563293,2,51
563240,563291,563293,2,51
563240,563291,563293,2,51
563240,563289,563294,5,49
563240,563289,563294,5,49
563224,563235,563294,59,11
563240,563290,563294,4,50
563240,563290,563294,4,50
563240,563290,563294,4,50
563240,563292,563294,2,52
563237,563286,563295,9,49
563240,563293,563295,2,53
563240,563292,563294,2,52
563240,563291,563295,4,51
563240,563293,563295,2,53
563240,563290,563296,6,50
563240,563293,563296,3,53
563240,563293,563296,3,53
563240,563293,563295,2,53
563228,563247,563296,49,19
563240,563293,563296,3,53
563237,563275,563296,21,38
563240,563292,563296,4,52
563240,563294,563296,2,54
563240,563294,563297,3,54
563240,563294,563296,2,54
563240,563294,563297,3,54
563228,563291,563297,6,63
563240,563295,563297,2,55
563240,563295,563297,2,55
563240,563295,563297,2,55
563240,563295,563297,2,55
563240,563295,563298,3,55
563240,563295,563297,2,55
563240,563296,563298,2,56
563240,563297,563298,1,57
563240,563296,563299,3,56
563237,563276,563298,22,39
563237,563279,563295,16,42
563240,563292,563297,5,52
563240,563296,563299,3,56
563240,563296,563298,2,56
563240,563296,563299,3,56
563240,563297,563299,2,57
563228,563257,563299,42,29
563232,563271,563299,28,39
563240,563290,563299,9,50
563240,563297,563300,3,57
563240,563297,563300,3,57
563240,563297,563300,3,57
563240,563298,563300,2,58
563240,563298,563300,2,58
563240,563298,563300,2,58
563240,563298,563301,3,58
563240,563298,563300,2,58
563240,563298,563301,3,58
563240,563295,563301,6,55
563240,563297,563301,4,57
563240,563298,563301,3,58
563240,563295,563300,5,55
563240,563299,563302,3,59
563240,563297,563301,4,57
563240,563299,563302,3,59
563240,563299,563302,3,59
563237,563278,563302,24,41
563240,563299,563302,3,59
563242,563299,563303,4,57
563242,563301,563303,2,59
563242,563301,563303,2,59
563242,563301,563303,2,59
563242,563301,563304,3,59
563242,563302,563304,2,60
563242,563300,563304,4,58
563242,563302,563305,3,60
563242,563301,563304,3,59
563242,563300,563305,5,58
563242,563300,563305,5,58
563242,563301,563305,4,59
563237,563285,563305,20,48
563237,563285,563305,20,48
563240,563294,563306,12,54
563242,563302,563306,4,60
563242,563302,563306,4,60
563242,563302,563306,4,60
563242,563302,563306,4,60
563242,563304,563307,3,62
563242,563304,563307,3,62
563242,563304,563306,2,62
563240,563297,563307,10,57
563242,563302,563307,5,60
563242,563304,563307,3,62
563242,563305,563307,2,63
563242,563305,563308,3,63
563242,563305,563308,3,63
563242,563304,563308,4,62
563242,563303,563308,5,61
563242,563305,563308,3,63
563242,563307,563309,2,65
563242,563308,563309,1,66
563242,563308,563310,2,66
563240,563295,563309,14,55
563242,563307,563309,2,65
563242,563307,563310,3,65
563242,563308,563310,2,66
563242,563307,563310,3,65
563242,563308,563311,3,66
563242,563307,563311,4,65
563242,563307,563311,4,65
563242,563307,563311,4,65
563242,563309,563311,2,67
563242,563310,563312,2,68
563242,563310,563312,2,68
563240,563299,563312,13,59
563242,563299,563312,13,57
563242,563310,563312,2,68
563242,563310,563313,3,68
563242,563310,563312,2,68
563242,563311,563313,2,69
563242,563312,563314,2,70
563242,563312,563314,2,70
563242,563311,563314,3,69
563242,563312,563314,2,70
563242,563312,563314,2,70
563242,563302,563313,11,60
563240,563297,563315,18,57
563242,563312,563315,3,70
563232,563260,563316,56,28
563242,563312,563316,4,70
563237,563285,563317,32,48
563244,563312,563317,5,68
563244,563315,563317,2,71
563244,563315,563317,2,71
563240,563292,563315,23,52
563244,563314,563318,4,70
563244,563314,563319,5,70
563244,563314,563318,4,70
563244,563313,563319,6,69
563244,563313,563319,6,69
563244,563314,563319,5,70
563244,563318,563320,2,74
563244,563318,563320,2,74
563244,563316,563320,4,72
563244,563317,563321,4,73
563244,563318,563320,2,74
563244,563319,563321,2,75
563244,563319,563321,2,75
563244,563319,563322,3,75
563244,563315,563322,7,71
563244,563320,563322,2,76
563244,563320,563322,2,76
563237,563285,563323,38,48
563242,563306,563323,17,64
563242,563307,563322,15,65
563242,563308,563323,15,66
563244,563318,563322,4,74
563244,563320,563324,4,76
563244,563321,563325,4,77
563244,563322,563324,2,78
563244,563321,563325,4,77
563244,563321,563324,3,77
563244,563322,563325,3,78
563240,563295,563325,30,55
563244,563323,563326,3,79
563242,563300,563326,26,58
563244,563316,563326,10,72
563244,563323,563326,3,79
563244,563325,563327,2,81
563244,563321,563326,5,77
563244,563324,563327,3,80
563244,563321,563327,6,77
563242,563306,563324,18,64
563242,563303,563326,23,61
563244,563325,563327,2,81
563242,563300,563329,29,58
563244,563321,563328,7,77
563244,563326,563328,2,82
563244,563327,563329,2,83
563244,563312,563329,17,68
563244,563328,563330,2,84
563244,563327,563330,3,83
563244,563324,563330,6,80
563244,563328,563330,2,84
563244,563328,563330,2,84
563244,563327,563331,4,83
563244,563327,563331,4,83
563244,563328,563330,2,84
563244,563324,563331,7,80
563244,563330,563332,2,86
563244,563327,563331,4,83
563244,563329,563331,2,85
563244,563329,563331,2,85
563242,563310,563332,22,68
563244,563331,563333,2,87
563244,563327,563332,5,83
563244,563329,563333,4,85
563244,563330,563332,2,86
563244,563323,563333,10,79
563244,563324,563333,9,80
563244,563331,563333,2,87
563242,563306,563327,21,64
563240,563299,563335,36,59
563244,563330,563336,6,86
563247,563333,563335,2,86
563247,563333,563335,2,86
563247,563334,563336,2,87
563247,563333,563337,4,86
563247,563331,563336,5,84
563247,563332,563336,4,85
563244,563322,563337,15,78
563244,563331,563337,6,87
563247,563331,563337,6,84
563247,563332,563337,5,85
563247,563336,563338,2,89
563247,563332,563338,6,85
563244,563327,563338,11,83
563247,563336,563339,3,89
563247,563337,563340,3,90
563247,563337,563340,3,90
563247,563337,563340,3,90
563247,563337,563341,4,90
563247,563338,563341,3,91
563247,563336,563340,4,89
563247,563338,563342,4,91
563244,563316,563342,26,72
563247,563338,563342,4,91
563247,563339,563343,4,92
563247,563340,563343,3,93
563247,563339,563343,4,92
563247,563340,563343,3,93
563247,563341,563344,3,94
563247,563340,563344,4,93
563247,563332,563344,12,85
563247,563333,563346,13,86
563247,563342,563345,3,95
563247,563344,563346,2,97
563247,563345,563347,2,98
563244,563329,563346,17,85
563247,563343,563347,4,96
563247,563341,563347,6,94
563247,563343,563347,4,96
563247,563344,563346,2,97
563247,563332,563346,14,85
563247,563342,563347,5,95
563247,563344,563347,3,97
563247,563346,563348,2,99
563247,563347,563349,2,100
563247,563347,563349,2,100
563247,563334,563349,15,87
563247,563347,563349,2,100
563247,563347,563350,3,100
563247,563345,563349,4,98
563247,563347,563349,2,100
563247,563348,563350,2,101
563247,563338,563350,12,91
563247,563348,563350,2,101
563247,563348,563350,2,101
563244,563327,563351,24,83
563247,563350,563352,2,103
563247,563349,563351,2,102
563247,563347,563352,5,100
563247,563338,563351,13,91
563247,563334,563352,18,87
563247,563350,563352,2,103
563244,563327,563353,26,83
563247,563348,563353,5,101
563247,563350,563353,3,103
563247,563351,563353,2,104
563247,563351,563353,2,104
563247,563339,563353,14,92
563244,563326,563354,28,82
563250,563351,563355,4,101
563247,563348,563355,7,101
563247,563350,563354,4,103
563244,563317,563355,38,73
563247,563335,563355,20,88
563250,563352,563355,3,102
563250,563352,563356,4,102
563250,563353,563356,3,103
563250,563354,563358,4,104
563250,563353,563358,5,103
563250,563354,563358,4,104
563247,563335,563355,20,88
563247,563347,563359,12,100
563250,563352,563360,8,102
563247,563346,563361,15,99
563250,563355,563361,6,105
563250,563353,563363,10,103
563242,563309,563363,54,67
563242,563309,563363,54,67
563242,563309,563363,54,67
563250,563356,563364,8,106
563250,563351,563365,14,101
563250,563355,563365,10,105
563250,563354,563366,12,104
563247,563332,563366,34,85
563250,563359,563367,8,109
563250,563356,563367,11,106
563244,563323,563359,36,79
563250,563357,563368,11,107
563250,563363,563368,5,113
563247,563342,563368,26,95
563250,563358,563368,10,108
563250,563367,563370,3,117
563250,563367,563370,3,117
563250,563358,563370,12,108
563247,563350,563370,20,103
563250,563355,563370,15,105
563250,563363,563370,7,113
563250,563365,563370,5,115
563250,563369,563371,2,119
563250,563362,563371,9,112
563250,563368,563371,3,118
563250,563369,563371,2,119
563250,563353,563361,8,103
563250,563363,563372,9,113
563250,563370,563372,2,120
563250,563371,563373,2,121
563250,563371,563373,2,121
563250,563370,563373,3,120
563250,563371,563373,2,121
563250,563371,563374,3,121
563250,563371,563374,3,121
563250,563360,563374,14,110
563250,563372,563374,2,122
563247,563351,563372,21,104
563250,563353,563373,20,103
563250,563373,563375,2,123
563250,563373,563375,2,123
563250,563371,563375,4,121
563250,563370,563375,5,120
563250,563367,563375,8,117
563250,563369,563375,6,119
563250,563373,563375,2,123
563250,563373,563375,2,123
563250,563373,563376,3,123
563250,563374,563376,2,124
563250,563355,563376,21,105
563250,563374,563376,2,124
563250,563374,563377,3,124
563250,563355,563377,22,105
563250,563373,563377,4,123
563250,563375,563378,3,125
563250,563366,563378,12,116
563250,563375,563378,3,125
563250,563375,563378,3,125
563250,563375,563379,4,125
563250,563376,563379,3,126
563250,563376,563380,4,126
563250,563370,563375,5,120
563250,563366,563380,14,116
563250,563375,563380,5,125
563250,563376,563380,4,126
563250,563376,563381,5,126
563250,563377,563382,5,127
563250,563353,563379,26,103
563250,563365,563380,15,115
563250,563379,563385,6,129
563250,563377,563385,8,127
563250,563354,563378,24,104
563250,563361,563386,25,111
563250,563378,563386,8,128
563250,563379,563386,7,129
563250,563380,563386,6,130
563250,563378,563387,9,128
563250,563380,563387,7,130
563250,563377,563388,11,127
563250,563380,563389,9,130
563250,563383,563391,8,133
563250,563365,563391,26,115
563250,563385,563391,6,135
563250,563376,563392,16,126
563250,563388,563391,3,138
563250,563389,563392,3,139
563250,563390,563392,2,140
563250,563386,563392,6,136
563250,563391,563393,2,141
563250,563386,563393,7,136
563250,563379,563394,15,129
563250,563392,563394,2,142
563250,563392,563395,3,142
563250,563393,563395,2,143
563250,563387,563395,8,137
563250,563387,563395,8,137
563250,563389,563395,6,139
563250,563393,563395,2,143
563250,563393,563395,2,143
563250,563393,563395,2,143
563250,563373,563387,14,123
563250,563394,563396,2,144
563250,563395,563397,2,145
563250,563395,563397,2,145
563250,563375,563397,22,125
563250,563396,563398,2,146
563250,563395,563398,3,145
563250,563396,563398,2,146
563250,563382,563398,16,132
563250,563385,563399,14,135
563250,563397,563399,2,147
563250,563396,563398,2,146
563250,563397,563399,2,147
563250,563395,563399,4,145
563250,563397,563399,2,147
563250,563395,563400,5,145
563250,563395,563400,5,145
563250,563395,563400,5,145
563250,563377,563401,24,127
563250,563398,563400,2,148
563250,563398,563401,3,148
563250,563360,563401,41,110
563250,563380,563401,21,130
563250,563386,563401,15,136
563250,563399,563401,2,149
563250,563385,563403,18,135
563254,563400,563403,3,146
563250,563391,563404,13,141
563254,563401,563403,2,147
563254,563401,563404,3,147
563254,563402,563404,2,148
563250,563375,563404,29,125
563250,563378,563404,26,128
563254,563399,563404,5,145
563250,563398,563405,7,148
563254,563400,563406,6,146
563254,563400,563406,6,146
563254,563400,563406,6,146
563254,563403,563406,3,149
563254,563399,563405,6,145
563250,563397,563406,9,147
563254,563404,563406,2,150
563254,563405,563407,2,151
563254,563399,563407,8,145
563254,563404,563407,3,150
563254,563405,563407,2,151
563250,563385,563407,22,135
563254,563403,563407,4,149
563242,563300,563409,109,58
563254,563406,563408,2,152
563254,563406,563409,3,152
563254,563406,563409,3,152
563242,563305,563409,104,63
563242,563305,563409,104,63
563242,563305,563409,104,63
563250,563359,563408,49,109
563254,563406,563409,3,152
563254,563406,563410,4,152
563254,563407,563410,3,153
563254,563408,563411,3,154
563254,563399,563411,12,145
563254,563407,563410,3,153
563254,563407,563411,4,153
563254,563407,563411,4,153
563254,563409,563412,3,155
563254,563409,563412,3,155
563254,563410,563412,2,156
563254,563409,563412,3,155
563254,563411,563413,2,157
563254,563409,563413,4,155
563254,563410,563413,3,156
563254,563411,563413,2,157
563254,563410,563414,4,156
563254,563410,563414,4,156
563254,563401,563413,12,147
563254,563408,563414,6,154
563254,563411,563413,2,157
563250,563386,563414,28,136
563254,563410,563414,4,156
563254,563411,563414,3,157
563250,563385,563415,30,135
563254,563405,563414,9,151
563250,563392,563414,22,142
563254,563410,563414,4,156
563254,563412,563414,2,158
563254,563412,563415,3,158
563254,563413,563415,2,159
563254,563411,563415,4,157
563254,563413,563416,3,159
563254,563413,563416,3,159
563254,563413,563416,3,159
563254,563414,563416,2,160
563254,563414,563416,2,160
563254,563414,563416,2,160
563254,563414,563417,3,160
563254,563414,563417,3,160
563254,563415,563418,3,161
563254,563400,563418,18,146
563254,563414,563419,5,160
563258,563415,563419,4,157
563258,563416,563419,3,158
563250,563381,563420,39,131
563258,563415,563419,4,157
563258,563416,563420,4,158
563258,563417,563420,3,159
563258,563417,563421,4,159
563250,563378,563415,37,128
563254,563407,563415,8,153
563258,563416,563421,5,158
563258,563417,563421,4,159
563258,563416,563421,5,158
563258,563415,563421,6,157
563258,563417,563422,5,159
563258,563417,563422,5,159
563258,563418,563423,5,160
563258,563416,563423,7,158
563258,563420,563424,4,162
563258,563419,563424,5,161
563254,563406,563424,18,152
563254,563408,563425,17,154
563258,563419,563425,6,161
563258,563419,563425,6,161
563258,563421,563425,4,163
563258,563420,563427,7,162
563258,563419,563426,7,161
563254,563402,563427,25,148
563258,563421,563427,6,163
563254,563405,563427,22,151
563258,563421,563427,6,163
563254,563402,563428,26,148
563254,563404,563429,25,150
563258,563426,563428,2,168
563258,563425,563428,3,167
563258,563422,563429,7,164
563258,563425,563429,4,167
563258,563427,563430,3,169
563254,563402,563430,28,148
563258,563425,563430,5,167
563258,563428,563431,3,170
563258,563426,563431,5,168
563254,563414,563431,17,160
563258,563415,563427,12,157
563258,563424,563431,7,166
563258,563430,563432,2,172
563258,563429,563431,2,171
563258,563429,563432,3,171
563258,563430,563432,2,172
563258,563429,563433,4,171
563258,563429,563433,4,171
563258,563422,563432,10,164
563258,563415,563433,18,157
563258,563422,563432,10,164
563258,563427,563433,6,169
563258,563422,563433,11,164
563258,563422,563433,11,164
563258,563430,563433,3,172
563258,563432,563434,2,174
563258,563432,563434,2,174
563258,563428,563433,5,170
563258,563431,563433,2,173
563258,563431,563433,2,173
563258,563428,563434,6,170
563258,563428,563434,6,170
563258,563433,563435,2,175
563258,563431,563435,4,173
563258,563432,563434,2,174
563258,563432,563435,3,174
563258,563433,563435,2,175
563258,563431,563435,4,173
563258,563425,563436,11,167
563258,563431,563436,5,173
563258,563434,563436,2,176
563258,563434,563436,2,176
563258,563433,563437,4,175
563258,563433,563437,4,175
563258,563434,563437,3,176
563258,563434,563437,3,176
563258,563424,563438,14,166
563258,563421,563434,13,163
563258,563433,563439,6,175
563254,563415,563439,24,161
563258,563435,563439,4,177
563258,563420,563440,20,162
563254,563410,563441,31,156
563258,563434,563440,6,176
563258,563435,563441,6,177
563258,563433,563441,8,175
563258,563436,563441,5,178
563258,563431,563441,10,173
563258,563434,563442,8,176
563258,563433,563442,9,175
563258,563425,563439,14,167
563258,563434,563444,10,176
563258,563436,563443,7,178
563258,563437,563443,6,179
563258,563437,563444,7,179
563258,563438,563445,7,180
563258,563438,563446,8,180
563258,563437,563446,9,179
563258,563441,563446,5,183
563258,563444,563447,3,186
563258,563444,563447,3,186
563258,563440,563447,7,182
563258,563444,563447,3,186
563258,563445,563447,2,187
563258,563422,563443,21,164
563258,563438,563447,9,180
563258,563442,563447,5,184
563258,563421,563448,27,163
563258,563435,563448,13,177
563258,563434,563447,13,176
563258,563443,563448,5,185
563258,563445,563448,3,187
563258,563446,563448,2,188
563258,563441,563449,8,183
563258,563447,563449,2,189
563258,563447,563449,2,189
563258,563447,563449,2,189
563258,563447,563449,2,189
563258,563447,563450,3,189
563258,563447,563449,2,189
563258,563447,563449,2,189
563258,563448,563450,2,190
563258,563448,563450,2,190
563258,563449,563451,2,191
563258,563434,563450,16,176
563258,563449,563452,3,191
563258,563448,563451,3,190
563258,563449,563451,2,191
563258,563449,563451,2,191
563258,563449,563452,3,191
563258,563449,563452,3,191
563258,563450,563452,2,192
563258,563450,563452,2,192
563258,563449,563452,3,191
563258,563441,563453,12,183
563258,563443,563454,11,185
563260,563450,563454,4,190
563258,563438,563454,16,180
563258,563439,563454,15,181
563260,563451,563455,4,191
563260,563451,563455,4,191
563260,563453,563455,2,193
563260,563453,563455,2,193
563260,563451,563455,4,191
563260,563452,563455,3,192
563260,563452,563456,4,192
563258,563448,563457,9,190
563258,563440,563457,17,182
563260,563454,563457,3,194
563260,563456,563457,1,196
563260,563455,563457,2,195
563260,563455,563457,2,195
563260,563455,563458,3,195
563260,563456,563458,2,196
563260,563453,563458,5,193
563260,563452,563458,6,192
563260,563452,563458,6,192
563260,563455,563458,3,195
563258,563436,563459,23,178
563260,563455,563459,4,195
563260,563455,563459,4,195
563260,563457,563459,2,197
563260,563458,563460,2,198
563258,563448,563459,11,190
563258,563440,563460,20,182
563260,563458,563460,2,198
563260,563459,563461,2,199
563258,563448,563461,13,190
563260,563453,563461,8,193
563260,563458,563461,3,198
563260,563459,563461,2,199
563260,563458,563461,3,198
563260,563451,563461,10,191
563260,563459,563461,2,199
563260,563459,563461,2,199
563260,563459,563461,2,199
563260,563459,563462,3,199
563260,563460,563462,2,200
563260,563460,563462,2,200
563260,563461,563463,2,201
563260,563461,563464,3,201
563258,563439,563459,20,181
563260,563460,563464,4,200
563260,563461,563463,2,201
563260,563461,563464,3,201
563260,563461,563464,3,201
563260,563462,563464,2,202
563260,563460,563464,4,200
563260,563460,563464,4,200
563260,563463,563465,2,203
563260,563461,563463,2,201
563260,563462,563465,3,202
563260,563462,563465,3,202
563260,563462,563465,3,202
563260,563463,563465,2,203
563260,563463,563465,2,203
563260,563457,563466,9,197
563260,563464,563466,2,204
563260,563457,563467,10,197
563260,563465,563467,2,205
563260,563464,563466,2,204
563260,563464,563467,3,204
563260,563464,563467,3,204
563260,563452,563467,15,192
563260,563464,563468,4,204
563258,563436,563468,32,178
563260,563465,563469,4,205
563260,563462,563470,8,202
563270,563468,563470,2,198
563270,563468,563471,3,198
563270,563466,563471,5,196
563270,563466,563470,4,196
563270,563467,563470,3,197
563260,563465,563470,5,205
563260,563465,563470,5,205
563270,563467,563471,4,197
563270,563466,563471,5,196
563258,563433,563472,39,175
563260,563459,563473,14,199
563270,563471,563473,2,201
563258,563442,563473,31,184
563260,563461,563473,12,201
563270,563467,563473,6,197
563270,563471,563473,2,201
563270,563470,563473,3,200
563270,563471,563473,2,201
563270,563471,563473,2,201
563260,563453,563474,21,193
563270,563468,563475,7,198
563270,563471,563475,4,201
563270,563471,563475,4,201
563258,563436,563468,32,178
563270,563473,563476,3,203
563270,563474,563476,2,204
563270,563472,563477,5,202
563270,563474,563477,3,204
563270,563474,563477,3,204
563270,563471,563476,5,201
563270,563474,563477,3,204
563270,563471,563479,8,201
563270,563476,563479,3,206
563270,563476,563479,3,206
563270,563477,563480,3,207
563270,563474,563480,6,204
563270,563476,563480,4,206
563270,563477,563479,2,207
563258,563476,563480,4,218
563270,563477,563480,3,207
563270,563477,563480,3,207
563270,563477,563481,4,207
563270,563479,563481,2,209
563270,563480,563482,2,210
563270,563480,563482,2,210
563270,563480,563482,2,210
563270,563481,563483,2,211
563270,563482,563484,2,212
563258,563441,563476,35,183
563270,563479,563484,5,209
563270,563480,563484,4,210
563260,563464,563479,15,204
563270,563484,563485,1,214
563270,563484,563486,2,214
563270,563483,563485,2,213
563270,563481,563485,4,211
563270,563481,563485,4,211
563270,563485,563486,1,215
563270,563475,563487,12,205
563270,563486,563487,1,216
563270,563475,563488,13,205
563270,563486,563488,2,216
563270,563486,563488,2,216
563270,563473,563489,16,203
563260,563461,563491,30,201
563270,563468,563491,23,198
563296,563487,563492,5,191
563270,563471,563492,21,201
563296,563489,563494,5,193
563296,563489,563493,4,193
563296,563488,563495,7,192
563296,563493,563495,2,197
563260,563454,563495,41,194
563270,563486,563496,10,216
563296,563494,563496,2,198
563296,563486,563496,10,190
563270,563490,563496,6,220
563296,563494,563496,2,198
563296,563493,563497,4,197
563296,563495,563497,2,199
563296,563495,563497,2,199
563296,563496,563498,2,200
563296,563497,563499,2,201
563270,563466,563499,33,196
563270,563472,563499,27,202
563296,563497,563500,3,201
563296,563497,563499,2,201
563296,563487,563500,13,191
563270,563473,563500,27,203
563270,563485,563500,15,215
563296,563493,563501,8,197
563296,563498,563500,2,202
563296,563496,563500,4,200
563270,563468,563502,34,198
563270,563475,563501,26,205
563296,563499,563501,2,203
563270,563474,563503,29,204
563296,563500,563503,3,204
563296,563500,563503,3,204
563296,563501,563504,3,205
563270,563467,563503,36,197
563296,563502,563506,4,206
563296,563500,563507,7,204
563296,563504,563507,3,208
563296,563488,563508,20,192
563296,563504,563508,4,208
563296,563504,563508,4,208
563296,563501,563509,8,205
563296,563506,563508,2,210
563270,563490,563509,19,220
563296,563508,563510,2,212
563296,563495,563510,15,199
563296,563508,563510,2,212
563296,563501,563506,5,205
563296,563508,563511,3,212
563296,563507,563512,5,211
563296,563509,563512,3,213
563296,563510,563513,3,214
563296,563510,563513,3,214
563296,563511,563513,2,215
563296,563509,563513,4,213
563296,563511,563514,3,215
563296,563493,563515,22,197
563296,563496,563515,19,200
563296,563497,563515,18,201
563296,563513,563515,2,217
563296,563514,563516,2,218
563296,563514,563516,2,218
563296,563512,563517,5,216
563296,563515,563517,2,219
563296,563516,563518,2,220
563296,563502,563511,9,206
563296,563502,563512,10,206
563296,563517,563519,2,221
563296,563514,563520,6,218
563296,563517,563521,4,221
563296,563499,563521,22,203
563296,563511,563521,10,215
563296,563518,563521,3,222
563296,563499,563522,23,203
563296,563519,563523,4,223
563296,563500,563523,23,204
563296,563520,563523,3,224
563296,563521,563524,3,225
563296,563517,563524,7,221
563296,563522,563525,3,226
563270,563476,563522,46,206
563296,563523,563525,2,227
563296,563515,563526,11,219
563296,563524,563526,2,228
563296,563521,563527,6,225
563296,563497,563527,30,201
563296,563513,563527,14,217
563296,563525,563528,3,229
563296,563508,563527,19,212
563296,563524,563527,3,228
563296,563526,563530,4,230
563296,563490,563529,39,194
563296,563501,563530,29,205
563296,563527,563531,4,231
563296,563528,563532,4,232
563296,563528,563532,4,232
563296,563503,563531,28,207
563296,563528,563532,4,232
563296,563525,563532,7,229
563296,563522,563532,10,226
563296,563528,563532,4,232
563296,563515,563530,15,219
563296,563526,563532,6,230
563296,563530,563534,4,234
563296,563528,563535,7,232
563296,563524,563535,11,228
563270,563480,563536,56,210
563270,563481,563536,55,211
563270,563481,563536,55,211
563296,563528,563536,8,232
563296,563532,563536,4,236
563296,563534,563536,2,238
563296,563533,563536,3,237
563296,563532,563537,5,236
563296,563536,563538,2,240
563296,563536,563539,3,240
563296,563536,563539,3,240
563296,563536,563539,3,240
563296,563531,563538,7,235
563296,563536,563538,2,240
563296,563515,563534,19,219
563296,563527,563539,12,231
563296,563532,563539,7,236
563296,563537,563539,2,241
563296,563537,563539,2,241
563296,563538,563540,2,242
563296,563533,563540,7,237
563296,563536,563540,4,240
563296,563539,563541,2,243
563296,563539,563541,2,243
563296,563539,563541,2,243
563296,563539,563541,2,243
563296,563539,563541,2,243
563296,563530,563542,12,234
563296,563540,563542,2,244
563296,563540,563542,2,244
563296,563542,563543,1,246
563296,563542,563544,2,246
563296,563541,563545,4,245
563296,563541,563545,4,245
563296,563540,563545,5,244
563296,563540,563545,5,244
563296,563533,563544,11,237
563359,563543,563548,5,184
563359,563542,563548,6,183
563359,563542,563548,6,183
563359,563543,563548,5,184
563359,563544,563548,4,185
563359,563545,563548,3,186
563359,563546,563549,3,187
563296,563511,563548,37,215
563359,563549,563551,2,190
563359,563546,563551,5,187
563359,563546,563551,5,187
563359,563548,563551,3,189
563359,563549,563551,2,190
563359,563549,563551,2,190
563359,563549,563552,3,190
563296,563533,563548,15,237
563296,563539,563548,9,243
563359,563548,563552,4,189
563359,563548,563552,4,189
563359,563546,563553,7,187
563359,563551,563553,2,192
563296,563536,563554,18,240
563359,563551,563555,4,192
563359,563550,563555,5,191
563359,563551,563556,5,192
563359,563553,563556,3,194
563359,563552,563556,4,193
563359,563552,563557,5,193
563359,563554,563556,2,195
563359,563551,563557,6,192
563359,563552,563557,5,193
563359,563553,563558,5,194
563359,563555,563558,3,196
563359,563553,563558,5,194
563359,563557,563560,3,198
563359,563557,563560,3,198
563359,563557,563561,4,198
563359,563557,563560,3,198
563359,563558,563561,3,199
563296,563506,563556,50,210
563296,563519,563561,42,223
563296,563519,563559,40,223
563359,563557,563562,5,198
563359,563558,563562,4,199
563359,563561,563563,2,202
563359,563561,563563,2,202
563359,563561,563563,2,202
563359,563557,563563,6,198
563359,563556,563564,8,197
563359,563561,563563,2,202
563359,563561,563564,3,202
563359,563563,563565,2,204
563359,563563,563565,2,204
563359,563559,563565,6,200
563359,563564,563566,2,205
563359,563565,563567,2,206
563359,563562,563566,4,203
563359,563563,563566,3,204
563359,563564,563567,3,205
563359,563563,563567,4,204
563359,563564,563568,4,205
563359,563565,563567,2,206
563359,563564,563568,4,205
563359,563567,563569,2,208
563296,563530,563569,39,234
563296,563539,563569,30,243
563359,563567,563569,2,208
563359,563567,563569,2,208
563359,563567,563570,3,208
563359,563554,563569,15,195
563359,563566,563570,4,207
563296,563532,563571,39,236
563359,563552,563573,21,193
563359,563546,563574,28,187
563359,563552,563574,22,193
563359,563562,563573,11,203
563359,563562,563572,10,203
563359,563542,563579,37,183
563359,563562,563584,22,203
563359,563556,563586,30,197
563296,563522,563639,117,226
563296,563523,563639,116,227
563296,563533,563639,106,237
563296,563536,563647,111,240
562290,562290,563812,1522,0
563814,563814,563818,4,0
563814,563814,563818,4,0
563814,563814,563817,3,0
563814,563814,563817,3,0
563814,563814,563818,4,0
563814,563814,563820,6,0
563814,563814,563822,8,0
563814,563818,563825,7,4
563814,563814,563825,11,0
563814,563818,563826,8,4
563814,563819,563827,8,5
563814,563818,563827,9,4
563814,563814,563828,14,0
563814,563814,563829,15,0
563814,563818,563829,11,4
563814,563825,563831,6,11
563814,563827,563831,4,13
563814,563814,563832,18,0
563814,563822,563832,10,8
563814,563814,563832,18,0
563814,563814,563833,19,0
563814,563814,563833,19,0
563814,563814,563833,19,0
563814,563830,563833,3,16
563814,563828,563833,5,14
563814,563826,563834,8,12
563814,563814,563833,19,0
563814,563832,563834,2,18
563814,563832,563834,2,18
563814,563814,563835,21,0
563814,563829,563835,6,15
563814,563827,563835,8,13
563814,563814,563836,22,0
563814,563834,563836,2,20
563814,563834,563836,2,20
563814,563835,563837,2,21
563814,563833,563836,3,19
563814,563814,563837,23,0
563814,563814,563837,23,0
563814,563835,563837,2,21
563814,563833,563838,5,19
563814,563836,563838,2,22
563814,563837,563839,2,23
563814,563837,563839,2,23
563814,563814,563839,25,0
563814,563837,563839,2,23
563814,563838,563840,2,24
563814,563837,563840,3,23
563814,563814,563840,26,0
563814,563814,563840,26,0
563814,563814,563840,26,0
563814,563835,563840,5,21
563814,563835,563840,5,21
563814,563837,563840,3,23
563814,563839,563841,2,25
563814,563834,563841,7,20
563814,563833,563841,8,19
563814,563839,563842,3,25
563814,563837,563842,5,23
563814,563838,563842,4,24
563814,563822,563842,20,8
563814,563837,563842,5,23
563814,563832,563842,10,18
563814,563833,563842,9,19
563814,563839,563842,3,25
563814,563814,563845,31,0
563814,563829,563850,21,15
563814,563833,563853,20,19
563814,563835,563856,21,21
563814,563840,563861,21,26
563225,563245,564202,957,20
563239,563288,564206,918,49
564203,564204,564207,3,1
564203,564204,564206,2,1
564203,564204,564209,5,1
564203,564204,564209,5,1
564203,564204,564210,6,1
564203,564204,564211,7,1
564203,564204,564213,9,1
564203,564207,564213,6,4
564203,564207,564213,6,4
564203,564204,564214,10,1
564203,564207,564214,7,4
564203,564204,564217,13,1
564203,564209,564218,9,6
564203,564204,564218,14,1
564203,564214,564218,4,11
564203,564215,564218,3,12
564203,564204,564219,15,1
564203,564214,564220,6,11
564203,564210,564220,10,7
563231,563259,564221,962,28
564203,564218,564221,3,15
564203,564204,564221,17,1
564203,564211,564221,10,8
564203,564219,564222,3,16
564203,564212,564222,10,9
564203,564204,564223,19,1
564203,564214,564223,9,11
564203,564219,564222,3,16
564203,564220,564222,2,17
564203,564204,564223,19,1
564203,564221,564223,2,18
564203,564221,564223,2,18
564203,564222,564224,2,19
564203,564220,564224,4,17
564203,564204,564224,20,1
564203,564222,564224,2,19
564203,564223,564225,2,20
564203,564223,564225,2,20
564203,564219,564225,6,16
564203,564204,564225,21,1
564203,564215,564225,10,12
564203,564223,564225,2,20
564203,564224,564226,2,21
564203,564224,564226,2,21
564203,564223,564226,3,20
564203,564222,564226,4,19
564203,564204,564227,23,1
564203,564223,564227,4,20
564203,564204,564226,22,1
564203,564225,564227,2,22
564203,564224,564226,2,21
564203,564225,564227,2,22
564203,564225,564228,3,22
564203,564218,564227,9,15
564203,564220,564227,7,17
564203,564224,564227,3,21
564203,564225,564227,2,22
564203,564226,564228,2,23
564203,564204,564229,25,1
564203,564226,564228,2,23
564203,564226,564229,3,23
564207,564227,564230,3,20
564207,564227,564230,3,20
564203,564226,564230,4,23
564207,564227,564230,3,20
564207,564227,564232,5,20
564203,564204,564232,28,1
564207,564228,564233,5,21
564203,564204,564233,29,1
564203,564204,564235,31,1
564203,564204,564234,30,1
564203,564226,564234,8,23
564207,564228,564233,5,21
564207,564227,564234,7,20
564207,564228,564236,8,21
564203,564204,564237,33,1
564207,564228,564237,9,21
564207,564228,564237,9,21
564207,564231,564238,7,24
564207,564229,564239,10,22
564207,564227,564239,12,20
564207,564230,564240,10,23
564207,564229,564240,11,22
564207,564238,564241,3,31
564207,564231,564241,10,24
564207,564233,564242,9,26
564207,564239,564242,3,32
564207,564240,564243,3,33
564207,564238,564242,4,31
564207,564240,564243,3,33
564207,564241,564244,3,34
564207,564241,564244,3,34
564207,564243,564245,2,36
564207,564241,564244,3,34
564207,564243,564245,2,36
564207,564244,564246,2,37
564203,564226,564245,19,23
564207,564242,564246,4,35
564207,564243,564245,2,36
564203,564204,564241,37,1
564207,564227,564241,14,20
564207,564244,564246,2,37
564207,564245,564247,2,38
564207,564243,564247,4,36
564207,564246,564248,2,39
564207,564246,564248,2,39
564207,564246,564248,2,39
564207,564245,564247,2,38
564207,564228,564248,20,21
564207,564247,564249,2,40
564207,564246,564248,2,39
564207,564231,564249,18,24
564203,564225,564249,24,22
564207,564246,564250,4,39
564207,564247,564249,2,40
564207,564248,564250,2,41
564207,564248,564250,2,41
564207,564248,564250,2,41
564207,564246,564250,4,39
564207,564238,564250,12,31
564207,564249,564251,2,42
564207,564248,564250,2,41
564207,564233,564252,19,26
564207,564249,564251,2,42
564207,564250,564252,2,43
564222,564250,564253,3,28
564222,564250,564253,3,28
564207,564248,564254,6,41
564222,564251,564254,3,29
564222,564251,564254,3,29
564207,564250,564254,4,43
564207,564249,564254,5,42
564207,564234,564256,22,27
564222,564253,564256,3,31
564222,564252,564256,4,30
564222,564251,564257,6,29
564222,564252,564257,5,30
564222,564253,564257,4,31
564207,564250,564258,8,43
564207,564236,564258,22,29
564207,564246,564259,13,39
564207,564240,564260,20,33
564222,564256,564264,8,34
564222,564258,564264,6,36
564222,564253,564265,12,31
564222,564256,564265,9,34
564222,564254,564265,11,32
564207,564229,564267,38,22
564207,564233,564268,35,26
564207,564235,564268,33,28
564207,564235,564268,33,28
564222,564254,564269,15,32
564222,564258,564269,11,36
564222,564254,564271,17,32
564207,564235,564266,31,28
564207,564235,564272,37,28
564222,564269,564273,4,47
564222,564264,564273,9,42
564222,564265,564273,8,43
564222,564266,564273,7,44
564222,564266,564274,8,44
564222,564259,564275,16,37
564222,564251,564275,24,29
564222,564261,564276,15,39
564207,564250,564275,25,43
564222,564274,564276,2,52
564222,564274,564276,2,52
564222,564274,564276,2,52
564222,564274,564276,2,52
564222,564255,564277,22,33
564222,564266,564277,11,44
564222,564275,564277,2,53
564222,564277,564278,1,55
564222,564277,564279,2,55
564222,564273,564278,5,51
564222,564270,564278,8,48
564222,564278,564279,1,56
564222,564277,564279,2,55
564222,564277,564279,2,55
564222,564269,564279,10,47
564222,564273,564279,6,51
564222,564279,564280,1,57
564222,564278,564280,2,56
564222,564279,564281,2,57
564222,564280,564281,1,58
564222,564280,564282,2,58
564222,564280,564282,2,58
564222,564279,564281,2,57
564222,564256,564282,26,34
564222,564279,564282,3,57
564222,564281,564283,2,59
564222,564277,564283,6,55
564222,564273,564278,5,51
564222,564281,564283,2,59
564222,564281,564283,2,59
564222,564282,564284,2,60
564222,564260,564284,24,38
563245,563331,564284,953,86
564222,564282,564284,2,60
564222,564269,564283,14,47
564222,564255,564286,31,33
563241,563299,564285,986,58
564222,564258,564286,28,36
564207,564235,564287,52,28
564222,564259,564286,27,37
564285,564285,564288,3,0
564222,564280,564287,7,58
564222,564280,564288,8,58
564222,564276,564288,12,54
564285,564285,564289,4,0
564285,564285,564289,4,0
564285,564285,564290,5,0
564222,564276,564289,13,54
564285,564285,564289,4,0
564285,564289,564292,3,4
564285,564285,564292,7,0
564285,564285,564292,7,0
564285,564289,564293,4,4
564285,564292,564295,3,7
564285,564288,564295,7,3
564285,564286,564294,8,1
564222,564276,564296,20,54
564285,564293,564296,3,8
564285,564285,564297,12,0
564222,564275,564297,22,53
564285,564290,564297,7,5
564285,564290,564299,9,5
564285,564295,564299,4,10
564285,564295,564299,4,10
564285,564295,564299,4,10
564285,564288,564300,12,3
564285,564285,564300,15,0
564285,564285,564300,15,0
564285,564289,564300,11,4
564285,564297,564301,4,12
564285,564289,564301,12,4
564285,564297,564301,4,12
564285,564299,564301,2,14
564222,564269,564301,32,47
564285,564299,564302,3,14
564285,564300,564303,3,15
564285,564302,564303,1,17
564285,564300,564303,3,15
564285,564301,564304,3,16
564285,564297,564303,6,12
564285,564299,564304,5,14
564285,564302,564304,2,17
564285,564302,564304,2,17
564285,564302,564304,2,17
564285,564304,564306,2,19
564285,564296,564306,10,11
564285,564304,564306,2,19
564285,564305,564306,1,20
564285,564304,564307,3,19
564285,564304,564306,2,19
564285,564290,564307,17,5
564285,564305,564307,2,20
564285,564305,564307,2,20
564285,564306,564308,2,21
564285,564304,564308,4,19
564285,564300,564308,8,15
564285,564300,564308,8,15
564285,564307,564308,1,22
564285,564304,564308,4,19
564285,564302,564309,7,17
564285,564307,564309,2,22
564285,564307,564310,3,22
564285,564307,564310,3,22
564285,564289,564310,21,4
564285,564308,564311,3,23
564285,564286,564310,24,1
564285,564297,564311,14,12
564287,564309,564311,2,22
564287,564308,564311,3,21
564222,564268,564312,44,46
564285,564287,564312,25,2
564287,564309,564313,4,22
564285,564286,564313,27,1
564285,564287,564313,26,2
564285,564288,564313,25,3
564285,564287,564313,26,2
564285,564306,564313,7,21
564287,564310,564314,4,23
564287,564310,564314,4,23
564287,564310,564314,4,23
564285,564292,564314,22,7
564287,564308,564315,7,21
564287,564308,564316,8,21
564287,564311,564318,7,24
564287,564312,564321,9,25
564287,564314,564321,7,27
564287,564312,564320,8,25
564287,564315,564321,6,28
564287,564318,564321,3,31
564285,564292,564315,23,7
564287,564315,564322,7,28
564287,564313,564323,10,26
564287,564321,564323,2,34
564287,564309,564324,15,22
564287,564321,564324,3,34
564287,564321,564325,4,34
564287,564322,564326,4,35
564287,564321,564326,5,34
564287,564322,564326,4,35
564287,564324,564326,2,37
564287,564323,564327,4,36
563248,563351,564326,975,103
564287,564325,564327,2,38
564287,564325,564327,2,38
564287,564310,564328,18,23
564287,564327,564329,2,40
564287,564326,564329,3,39
564287,564311,564329,18,24
564287,564327,564329,2,40
564287,564327,564329,2,40
564287,564327,564330,3,40
564287,564327,564330,3,40
564287,564328,564330,2,41
564287,564329,564331,2,42
564287,564328,564330,2,41
564285,564300,564327,27,15
564287,564329,564332,3,42
564287,564330,564332,2,43
564287,564330,564332,2,43
564287,564315,564332,17,28
564287,564331,564333,2,44
564287,564330,564333,3,43
564287,564330,564333,3,43
564287,564329,564333,4,42
564287,564325,564333,8,38
564287,564331,564333,2,44
564287,564331,564333,2,44
564287,564313,564334,21,26
564287,564333,564335,2,46
564287,564332,564335,3,45
564287,564333,564335,2,46
564285,564307,564335,28,22
564287,564308,564335,27,21
564287,564317,564335,18,30
564287,564333,564335,2,46
564287,564333,564335,2,46
564287,564333,564336,3,46
564287,564311,564336,25,24
564287,564313,564336,23,26
564287,564314,564337,23,27
564287,564333,564338,5,46
564287,564328,564338,10,41
564335,564336,564338,2,1
564335,564336,564339,3,1
564335,564336,564339,3,1
564335,564336,564340,4,1
564287,564331,564340,9,44
564335,564336,564340,4,1
564335,564336,564340,4,1
564287,564322,564340,18,35
564335,564336,564343,7,1
564335,564336,564343,7,1
564287,564313,564342,29,26
564335,564336,564346,10,1
564335,564340,564346,6,5
564335,564339,564346,7,4
564335,564340,564346,6,5
564335,564336,564347,11,1
564287,564313,564342,29,26
564335,564343,564348,5,8
564287,564312,564348,36,25
564287,564314,564348,34,27
564335,564344,564348,4,9
564335,564341,564349,8,6
564335,564340,564349,9,5
564335,564347,564350,3,12
564335,564347,564350,3,12
564335,564348,564352,4,13
564335,564349,564351,2,14
564335,564349,564352,3,14
564335,564341,564352,11,6
564335,564350,564353,3,15
564335,564350,564353,3,15
564335,564338,564353,15,3
564335,564336,564353,17,1
564335,564351,564354,3,16
564335,564351,564353,2,16
564287,564313,564354,41,26
564335,564336,564355,19,1
564335,564352,564354,2,17
564335,564352,564354,2,17
564335,564353,564355,2,18
564335,564353,564355,2,18
564335,564354,564356,2,19
564335,564353,564355,2,18
564335,564353,564355,2,18
564335,564354,564356,2,19
564335,564355,564357,2,20
564335,564355,564357,2,20
564335,564339,564354,15,4
564335,564338,564354,16,3
564335,564336,564357,21,1
564335,564354,564357,3,19
564335,564356,564358,2,21
564335,564356,564358,2,21
564335,564337,564358,21,2
564335,564349,564358,9,14
564335,564356,564358,2,21
564335,564355,564359,4,20
564335,564356,564358,2,21
564335,564357,564359,2,22
564335,564356,564358,2,21
564335,564357,564359,2,22
564335,564357,564359,2,22
564335,564358,564360,2,23
564335,564346,564360,14,11
564335,564346,564361,15,11
564335,564354,564361,7,19
564335,564337,564361,24,2
564335,564353,564362,9,18
564335,564349,564364,15,14
564335,564348,564365,17,13
564335,564358,564366,8,23
564335,564342,564366,24,7
564335,564358,564366,8,23
564335,564341,564370,29,6
564335,564358,564376,18,23
564335,564348,564378,30,13
564335,564358,564382,24,23
563257,563415,564383,968,158
564405,564405,564407,2,0
564405,564405,564407,2,0
563265,563465,564407,942,200
564405,564405,564407,2,0
564405,564405,564408,3,0
564405,564405,564409,4,0
564405,564405,564408,3,0
564405,564405,564408,3,0
564405,564405,564409,4,0
564405,564408,564412,4,3
564405,564408,564411,3,3
564405,564409,564412,3,4
564405,564409,564412,3,4
564405,564408,564412,4,3
564405,564408,564412,4,3
564405,564409,564412,3,4
564405,564409,564412,3,4
564405,564405,564413,8,0
563269,563466,564413,947,197
564405,564412,564414,2,7
564405,564410,564413,3,5
564405,564412,564414,2,7
564405,564412,564415,3,7
564405,564412,564414,2,7
564405,564412,564414,2,7
564405,564412,564414,2,7
564405,564413,564415,2,8
564405,564413,564415,2,8
564405,564405,564416,11,0
564405,564414,564416,2,9
564405,564414,564416,2,9
564405,564414,564417,3,9
564405,564405,564418,13,0
564405,564415,564417,2,10
564405,564415,564417,2,10
564405,564415,564417,2,10
564405,564416,564418,2,11
564405,564415,564417,2,10
564405,564415,564417,2,10
564405,564414,564418,4,9
564405,564405,564418,13,0
564405,564405,564419,14,0
564405,564405,564419,14,0
564405,564416,564418,2,11
564405,564417,564419,2,12
564405,564405,564419,14,0
564405,564418,564420,2,13
564405,564417,564419,2,12
564405,564417,564420,3,12
564405,564405,564420,15,0
564405,564405,564420,15,0
564405,564405,564421,16,0
564405,564405,564420,15,0
564405,564417,564420,3,12
564405,564418,564420,2,13
564405,564418,564421,3,13
564405,564418,564420,2,13
564405,564419,564421,2,14
564405,564418,564420,2,13
564405,564418,564421,3,13
564405,564419,564421,2,14
564405,564419,564422,3,14
564409,564420,564422,2,11
564405,564405,564423,18,0
564409,564420,564424,4,11
564409,564420,564424,4,11
564405,564405,564425,20,0
564409,564421,564425,4,12
564409,564421,564424,3,12
564409,564421,564425,4,12
564405,564405,564426,21,0
564405,564405,564426,21,0
564409,564421,564425,4,12
564409,564421,564425,4,12
564409,564421,564426,5,12
564409,564422,564426,4,13
564405,564418,564426,8,13
564405,564405,564427,22,0
564409,564421,564427,6,12
564405,564419,564428,9,14
564409,564425,564428,3,16
564409,564426,564429,3,17
564409,564425,564429,4,16
564409,564426,564428,2,17
564409,564426,564429,3,17
564409,564426,564429,3,17
564409,564425,564428,3,16
564409,564423,564430,7,14
564409,564424,564430,6,15
564409,564428,564430,2,19
564409,564429,564432,3,20
564409,564429,564431,2,20
564409,564429,564432,3,20
564409,564424,564432,8,15
564409,564429,564432,3,20
564409,564429,564432,3,20
564409,564429,564432,3,20
564409,564430,564432,2,21
564409,564430,564433,3,21
564409,564423,564433,10,14
564409,564431,564433,2,22
564409,564421,564429,8,12
564409,564432,564434,2,23
564409,564432,564434,2,23
564409,564432,564434,2,23
564409,564432,564434,2,23
564409,564432,564435,3,23
564409,564432,564435,3,23
564409,564432,564435,3,23
564409,564433,564435,2,24
564409,564434,564436,2,25
564409,564434,564436,2,25
564405,564405,564436,31,0
564409,564435,564437,2,26
564409,564435,564437,2,26
563263,563465,564437,972,202
564409,564435,564438,3,26
564409,564435,564437,2,26
564409,564435,564438,3,26
564409,564435,564438,3,26
564409,564436,564438,2,27
564409,564436,564438,2,27
564409,564434,564438,4,25
564409,564436,564439,3,27
564409,564437,564439,2,28
564409,564437,564439,2,28
564409,564437,564439,2,28
564409,564427,564439,12,18
564409,564438,564440,2,29
564409,564428,564440,12,19
564409,564421,564442,21,12
564415,564438,564442,4,23
564409,564435,564438,3,26
564415,564438,564442,4,23
564415,564439,564442,3,24
564415,564439,564442,3,24
564415,564439,564443,4,24
564415,564439,564443,4,24
564415,564439,564443,4,24
564415,564439,564443,4,24
564409,564428,564441,13,19
564409,564425,564445,20,16
564409,564421,564445,24,12
564409,564437,564445,8,28
564415,564440,564445,5,25
564415,564441,564445,4,26
564415,564439,564445,6,24
564415,564443,564446,3,28
564415,564443,564446,3,28
564415,564444,564446,2,29
564409,564421,564447,26,12
564415,564443,564447,4,28
564415,564444,564448,4,29
564415,564442,564447,5,27
564415,564447,564448,1,32
564409,564428,564448,20,19
564415,564446,564448,2,31
564415,564446,564448,2,31
564415,564447,564449,2,32
564415,564447,564449,2,32
564415,564446,564449,3,31
563259,563450,564449,999,191
564415,564440,564449,9,25
564415,564442,564449,7,27
564415,564449,564450,1,34
564415,564443,564450,7,28
564415,564448,564450,2,33
564415,564446,564451,5,31
564415,564448,564450,2,33
564415,564445,564451,6,30
564415,564449,564451,2,34
564415,564450,564451,1,35
564415,564450,564452,2,35
564415,564449,564451,2,34
564415,564449,564451,2,34
564415,564450,564452,2,35
564415,564443,564452,9,28
564415,564451,564452,1,36
564415,564451,564453,2,36
564415,564452,564454,2,37
564415,564451,564453,2,36
564415,564452,564453,1,37
564415,564451,564454,3,36
564415,564452,564454,2,37
564415,564441,564453,12,26
564415,564452,564454,2,37
564415,564453,564455,2,38
564405,564419,564454,35,14
564405,564419,564454,35,14
564415,564452,564454,2,37
564415,564453,564455,2,38
564415,564454,564456,2,39
564415,564453,564455,2,38
564415,564453,564455,2,38
564415,564454,564456,2,39
564409,564426,564455,29,17
564409,564426,564454,28,17
564415,564450,564456,6,35
564415,564454,564456,2,39
564415,564455,564457,2,40
564415,564454,564456,2,39
564415,564454,564457,3,39
564415,564455,564457,2,40
564415,564451,564458,7,36
564438,564455,564458,3,17
564415,564445,564457,12,30
564438,564456,564459,3,18
564415,564450,564458,8,35
564438,564456,564459,3,18
564438,564456,564459,3,18
564438,564456,564459,3,18
564415,564448,564457,9,33
564415,564442,564459,17,27
564415,564446,564460,14,31
564438,564456,564460,4,18
564438,564457,564461,4,19
564415,564449,564461,12,34
564415,564451,564462,11,36
564438,564457,564462,5,19
564438,564457,564462,5,19
564438,564457,564463,6,19
564438,564458,564463,5,20
564438,564458,564464,6,20
564438,564461,564464,3,23
564438,564461,564464,3,23
564438,564460,564464,4,22
564438,564463,564465,2,25
564438,564456,564463,7,18
564438,564460,564465,5,22
564438,564460,564465,5,22
564438,564458,564466,8,20
564438,564463,564466,3,25
564438,564463,564465,2,25
564438,564464,564466,2,26
564415,564454,564467,13,39
564438,564465,564467,2,27
564438,564464,564467,3,26
564438,564465,564467,2,27
564438,564465,564467,2,27
564409,564424,564468,44,15
564438,564466,564468,2,28
564438,564466,564468,2,28
564438,564466,564468,2,28
564438,564456,564468,12,18
564438,564459,564468,9,21
564438,564466,564468,2,28
564438,564466,564469,3,28
564438,564466,564469,3,28
564438,564467,564469,2,29
564438,564468,564470,2,30
564415,564450,564464,14,35
564438,564466,564470,4,28
564438,564468,564470,2,30
564438,564469,564471,2,31
564438,564468,564470,2,30
564438,564469,564471,2,31
564438,564469,564471,2,31
564438,564468,564472,4,30
564438,564469,564471,2,31
564438,564470,564472,2,32
564438,564469,564472,3,31
564438,564469,564472,3,31
564438,564470,564472,2,32
564438,564471,564473,2,33
564438,564471,564473,2,33
564438,564471,564473,2,33
564438,564471,564473,2,33
564438,564455,564473,18,17
564438,564471,564473,2,33
564438,564470,564474,4,32
564451,564472,564474,2,21
564438,564461,564472,11,23
564451,564472,564475,3,21
564438,564458,564475,17,20
564451,564472,564476,4,21
564451,564473,564476,3,22
564451,564473,564477,4,22
564451,564473,564477,4,22
564451,564473,564477,4,22
564451,564474,564478,4,23
564451,564474,564478,4,23
564438,564470,564480,10,32
564438,564461,564481,20,23
564451,564474,564481,7,23
564451,564476,564482,6,25
564451,564477,564482,5,26
564451,564477,564482,5,26
564451,564477,564482,5,26
564438,564461,564485,24,23
564451,564479,564485,6,28
564451,564482,564485,3,31
564451,564482,564485,3,31
564438,564470,564485,15,32
564451,564478,564486,8,27
564451,564482,564485,3,31
564451,564478,564486,8,27
564451,564483,564486,3,32
564451,564483,564486,3,32
564438,564469,564486,17,31
564438,564472,564487,15,34
564451,564474,564488,14,23
564451,564478,564488,10,27
564451,564485,564488,3,34
564451,564485,564488,3,34
564451,564486,564488,2,35
564451,564487,564489,2,36
564438,564468,564489,21,30
564451,564486,564489,3,35
564451,564487,564489,2,36
564451,564488,564490,2,37
564451,564488,564490,2,37
564451,564489,564491,2,38
564451,564489,564491,2,38
564451,564486,564491,5,35
564451,564488,564491,3,37
564451,564488,564492,4,37
564451,564474,564492,18,23
564451,564489,564491,2,38
564451,564490,564492,2,39
564451,564491,564492,1,40
564451,564488,564492,4,37
564451,564490,564492,2,39
564451,564491,564493,2,40
564451,564491,564493,2,40
564451,564486,564491,5,35
564451,564487,564492,5,36
564438,564456,564493,37,18
564438,564462,564493,31,24
564451,564480,564489,9,29
564451,564492,564494,2,41
564451,564493,564495,2,42
564451,564493,564495,2,42
564451,564491,564494,3,40
564451,564492,564494,2,41
564451,564492,564494,2,41
564451,564493,564495,2,42
564451,564493,564495,2,42
564451,564492,564496,4,41
564438,564459,564496,37,21
563360,563568,564496,928,208
564451,564493,564497,4,42
564438,564461,564497,36,23
564451,564481,564497,16,30
564451,564475,564490,15,24
564451,564476,564488,12,25
564451,564494,564499,5,43
564438,564467,564501,34,29
564500,564500,564503,3,0
564500,564500,564504,4,0
564500,564500,564505,5,0
564500,564500,564505,5,0
564500,564500,564505,5,0
564500,564500,564505,5,0
564500,564500,564504,4,0
564451,564499,564506,7,48
564500,564503,564506,3,3
564451,564493,564506,13,42
564500,564504,564507,3,4
564500,564505,564507,2,5
564500,564505,564507,2,5
564500,564500,564507,7,0
564500,564500,564507,7,0
564451,564494,564508,14,43
564500,564506,564508,2,6
564500,564505,564508,3,5
564500,564505,564509,4,5
564500,564505,564509,4,5
564500,564500,564508,8,0
564500,564507,564509,2,7
564451,564495,564509,14,44
564500,564506,564510,4,6
564500,564507,564510,3,7
564500,564507,564510,3,7
564500,564508,564511,3,8
564500,564508,564511,3,8
564500,564510,564511,1,10
564500,564508,564511,3,8
564500,564508,564512,4,8
564500,564500,564512,12,0
564500,564511,564512,1,11
564500,564510,564513,3,10
564500,564509,564513,4,9
564500,564511,564513,2,11
564500,564512,564513,1,12
564500,564512,564514,2,12
564500,564509,564514,5,9
564500,564512,564514,2,12
564500,564513,564514,1,13
564500,564508,564515,7,8
564500,564512,564515,3,12
564500,564514,564516,2,14
564500,564513,564515,2,13
564500,564514,564516,2,14
564500,564514,564516,2,14
564500,564514,564516,2,14
564500,564512,564517,5,12
564500,564510,564517,7,10
564500,564512,564517,5,12
564500,564515,564517,2,15
564500,564515,564517,2,15
564500,564515,564517,2,15
564500,564516,564518,2,16
564500,564515,564518,3,15
564500,564517,564518,1,17
563298,563542,564518,976,244
564500,564500,564518,18,0
564500,564501,564519,18,1
564500,564517,564519,2,17
564500,564517,564519,2,17
564500,564518,564520,2,18
564500,564518,564520,2,18
564500,564517,564521,4,17
564500,564517,564521,4,17
564451,564493,564522,29,42
564500,564500,564522,22,0
564500,564517,564523,6,17
564500,564517,564523,6,17
564500,564500,564523,23,0
564500,564515,564524,9,15
564451,564489,564507,18,38
564451,564492,564508,16,41
564451,564485,564520,35,34
564522,564523,564526,3,1
564522,564523,564526,3,1
564522,564523,564527,4,1
564522,564523,564526,3,1
564522,564523,564527,4,1
564522,564523,564527,4,1
564522,564523,564528,5,1
564522,564523,564528,5,1
564522,564523,564528,5,1
564522,564527,564529,2,5
564522,564527,564529,2,5
564522,564527,564529,2,5
564522,564527,564529,2,5
564522,564528,564531,3,6
564522,564523,564531,8,1
564522,564528,564531,3,6
564522,564523,564531,8,1
564522,564529,564531,2,7
564522,564530,564532,2,8
564522,564530,564532,2,8
564522,564530,564532,2,8
564522,564530,564533,3,8
564522,564532,564534,2,10
564522,564532,564534,2,10
564522,564532,564534,2,10
564522,564529,564534,5,7
564522,564532,564535,3,10
564522,564532,564534,2,10
564522,564525,564535,10,3
564522,564524,564535,11,2
564522,564532,564535,3,10
564522,564533,564535,2,11
564522,564534,564536,2,12
564522,564533,564536,3,11
564522,564525,564536,11,3
564522,564532,564537,5,10
564500,564525,564537,12,25
564500,564510,564537,27,10
564522,564529,564537,8,7
564522,564535,564537,2,13
564522,564536,564538,2,14
564522,564535,564537,2,13
564522,564536,564538,2,14
564522,564535,564538,3,13
564522,564536,564538,2,14
564522,564536,564538,2,14
564522,564535,564539,4,13
564522,564526,564539,13,4
564522,564535,564539,4,13
564522,564538,564540,2,16
564522,564523,564540,17,1
564522,564535,564540,5,13
564522,564538,564540,2,16
564522,564538,564540,2,16
564522,564536,564541,5,14
564522,564538,564540,2,16
564522,564538,564540,2,16
564522,564539,564541,2,17
564522,564539,564541,2,17
564522,564537,564542,5,15
564522,564539,564541,2,17
564500,564500,564542,42,0
564522,564540,564543,3,18
564522,564524,564545,21,2
564522,564537,564545,8,15
564500,564500,564546,46,0
564522,564539,564547,8,17
564522,564537,564548,11,15
564522,564523,564550,27,1
564522,564523,564550,27,1
564522,564524,564550,26,2
564522,564536,564552,16,14
564522,564540,564560,20,18
564522,564525,564609,84,3
563199,563220,564690,1470,21
564692,564692,564695,3,0
564692,564692,564695,3,0
564692,564692,564695,3,0
564692,564692,564695,3,0
564692,564692,564695,3,0
564692,564692,564695,3,0
564692,564692,564695,3,0
564692,564692,564696,4,0
564692,564692,564696,4,0
564692,564692,564702,10,0
564692,564695,564702,7,3
564692,564696,564703,7,4
564692,564696,564702,6,4
564692,564696,564704,8,4
564692,564696,564703,7,4
564692,564697,564703,6,5
564692,564692,564705,13,0
564692,564696,564705,9,4
564692,564696,564706,10,4
564692,564697,564706,9,5
564692,564704,564707,3,12
564692,564703,564706,3,11
564692,564703,564706,3,11
564692,564692,564707,15,0
564692,564692,564707,15,0
564692,564692,564707,15,0
564692,564704,564708,4,12
564692,564704,564707,3,12
564692,564692,564708,16,0
564692,564692,564708,16,0
564692,564703,564709,6,11
564692,564706,564709,3,14
564692,564692,564709,17,0
564692,564707,564709,2,15
564692,564707,564709,2,15
564692,564707,564709,2,15
564692,564706,564709,3,14
564692,564692,564710,18,0
564692,564707,564710,3,15
564692,564705,564710,5,13
564692,564708,564710,2,16
564692,564708,564711,3,16
564692,564692,564711,19,0
564692,564709,564711,2,17
564692,564709,564712,3,17
564692,564708,564712,4,16
564692,564709,564712,3,17
564692,564708,564712,4,16
564692,564692,564713,21,0
564692,564708,564712,4,16
564692,564710,564713,3,18
564692,564710,564712,2,18
564692,564710,564712,2,18
564692,564710,564713,3,18
564692,564692,564714,22,0
564692,564711,564713,2,19
564692,564711,564714,3,19
564692,564712,564714,2,20
564692,564710,564714,4,18
564692,564711,564714,3,19
564692,564712,564715,3,20
564692,564712,564715,3,20
564692,564711,564715,4,19
564692,564692,564716,24,0
564692,564703,564717,14,11
564692,564711,564718,7,19
564692,564709,564718,9,17
564692,564692,564722,30,0
564692,564692,564726,34,0
564692,564692,564734,42,0
563817,563840,564800,960,23
564801,564801,564805,4,0
564801,564801,564805,4,0
564801,564801,564805,4,0
564801,564801,564806,5,0
564801,564801,564806,5,0
564801,564801,564806,5,0
564801,564801,564806,5,0
564801,564801,564806,5,0
564801,564801,564805,4,0
564801,564801,564806,5,0
564801,564801,564806,5,0
563233,563274,564806,1532,41
564801,564801,564807,6,0
564801,564801,564807,6,0
564801,564801,564807,6,0
564801,564801,564807,6,0
564801,564801,564806,5,0
564801,564801,564807,6,0
564801,564805,564807,2,4
564801,564801,564808,7,0
564801,564801,564808,7,0
564801,564805,564808,3,4
564801,564805,564809,4,4
564801,564806,564809,3,5
564801,564806,564809,3,5
563243,563312,564810,1498,69
564801,564806,564810,4,5
564801,564801,564809,8,0
564801,564806,564810,4,5
564801,564801,564810,9,0
564801,564801,564810,9,0
564801,564807,564810,3,6
564801,564801,564810,9,0
564801,564807,564810,3,6
564801,564807,564809,2,6
564801,564807,564811,4,6
564801,564806,564811,5,5
564801,564806,564810,4,5
564801,564806,564811,5,5
564801,564807,564810,3,6
564801,564807,564810,3,6
564801,564808,564811,3,7
564801,564808,564811,3,7
564801,564806,564811,5,5
564801,564801,564811,10,0
564801,564809,564812,3,8
564801,564809,564812,3,8
564801,564810,564813,3,9
564801,564808,564812,4,7
564801,564810,564813,3,9
564801,564810,564813,3,9
564801,564810,564812,2,9
564801,564807,564814,7,6
564801,564801,564814,13,0
564801,564810,564814,4,9
564801,564810,564814,4,9
564801,564811,564814,3,10
564801,564811,564814,3,10
564801,564807,564813,6,6
564801,564809,564814,5,8
564801,564810,564814,4,9
564801,564810,564815,5,9
564801,564811,564815,4,10
564801,564811,564815,4,10
564801,564811,564816,5,10
564801,564811,564816,5,10
564801,564812,564816,4,11
564801,564811,564816,5,10
564808,564813,564816,3,5
564808,564813,564817,4,5
564808,564813,564817,4,5
564808,564815,564817,2,7
564808,564814,564817,3,6
564808,564814,564817,3,6
564801,564811,564818,7,10
564801,564812,564817,5,11
564801,564810,564819,9,9
564808,564814,564820,6,6
564801,564810,564820,10,9
564808,564816,564824,8,8
564808,564817,564824,7,9
564808,564818,564825,7,10
564808,564817,564826,9,9
564808,564815,564826,11,7
564808,564820,564827,7,12
564808,564818,564827,9,10
564808,564818,564827,9,10
564808,564818,564827,9,10
564808,564817,564828,11,9
564808,564817,564828,11,9
564808,564820,564829,9,12
564808,564826,564830,4,18
564808,564825,564830,5,17
564808,564828,564830,2,20
564808,564825,564830,5,17
564808,564826,564831,5,18
564808,564817,564831,14,9
564808,564813,564832,19,5
564808,564828,564832,4,20
564808,564828,564832,4,20
564808,564830,564833,3,22
564808,564830,564833,3,22
564808,564815,564833,18,7
564808,564827,564833,6,19
564808,564831,564833,2,23
564808,564831,564834,3,23
564808,564829,564834,5,21
564808,564832,564834,2,24
564808,564815,564834,19,7
564808,564828,564834,6,20
564808,564829,564834,5,21
564808,564815,564835,20,7
564808,564829,564835,6,21
564808,564832,564835,3,24
564808,564833,564835,2,25
564808,564833,564836,3,25
564808,564815,564835,20,7
564808,564814,564837,23,6
564808,564815,564837,22,7
564808,564833,564836,3,25
564808,564834,564836,2,26
564808,564834,564837,3,26
564808,564835,564837,2,27
564808,564833,564837,4,25
564808,564833,564837,4,25
564808,564835,564839,4,27
564808,564815,564838,23,7
564808,564834,564838,4,26
564808,564835,564839,4,27
564808,564836,564838,2,28
564808,564836,564838,2,28
564808,564835,564839,4,27
564808,564836,564840,4,28
564808,564835,564839,4,27
564808,564835,564840,5,27
564808,564835,564840,5,27
564811,564838,564840,2,27
564808,564834,564840,6,26
564811,564837,564840,3,26
564811,564838,564841,3,27
564811,564837,564840,3,26
564811,564837,564841,4,26
564808,564818,564841,23,10
564808,564818,564841,23,10
564811,564837,564844,7,26
564811,564839,564843,4,28
564808,564820,564844,24,12
564811,564839,564846,7,28
564811,564839,564845,6,28
564811,564839,564847,8,28
564808,564815,564849,34,7
564808,564817,564849,32,9
564811,564841,564848,7,30
564811,564841,564848,7,30
564811,564844,564848,4,33
564811,564841,564849,8,30
564811,564841,564849,8,30
564811,564847,564850,3,36
564811,564846,564851,5,35
564811,564839,564850,11,28
564811,564845,564851,6,34
564811,564849,564852,3,38
564811,564849,564852,3,38
564811,564841,564853,12,30
564811,564850,564853,3,39
564811,564849,564853,4,38
564811,564850,564854,4,39
564811,564850,564853,3,39
564811,564850,564854,4,39
564811,564850,564854,4,39
564811,564842,564854,12,31
564811,564848,564855,7,37
564811,564853,564855,2,42
564811,564853,564856,3,42
564811,564851,564856,5,40
564811,564853,564856,3,42
564811,564854,564856,2,43
564811,564854,564856,2,43
564811,564851,564856,5,40
564811,564854,564857,3,43
564811,564854,564857,3,43
564811,564852,564858,6,41
564811,564856,564858,2,45
564811,564841,564858,17,30
564811,564844,564859,15,33
564811,564855,564859,4,44
564811,564857,564860,3,46
564811,564855,564859,4,44
564811,564857,564859,2,46
564811,564856,564859,3,45
564811,564856,564859,3,45
564811,564854,564859,5,43
564811,564858,564860,2,47
564811,564841,564860,19,30
564811,564840,564861,21,29
564811,564857,564861,4,46
564811,564857,564860,3,46
564811,564858,564861,3,47
564811,564841,564862,21,30
564811,564856,564861,5,45
564811,564858,564863,5,47
564811,564860,564863,3,49
564811,564854,564862,8,43
564811,564858,564863,5,47
564811,564840,564863,23,29
564811,564859,564864,5,48
564811,564840,564863,23,29
564811,564859,564864,5,48
564811,564837,564865,28,26
564811,564839,564865,26,28
564811,564838,564871,33,27
563252,563399,564875,1476,147
564811,564841,564879,38,30
564877,564877,564879,2,0
564877,564877,564880,3,0
564877,564877,564881,4,0
564877,564877,564882,5,0
564877,564877,564882,5,0
564877,564877,564881,4,0
564877,564877,564883,6,0
564877,564877,564883,6,0
564877,564877,564883,6,0
564877,564877,564883,6,0
564877,564877,564884,7,0
564877,564877,564884,7,0
564877,564881,564885,4,4
564877,564877,564886,9,0
564877,564877,564886,9,0
564877,564877,564887,10,0
564877,564882,564886,4,5
564877,564882,564886,4,5
564877,564882,564887,5,5
564877,564880,564887,7,3
564877,564884,564888,4,7
564877,564882,564888,6,5
564877,564886,564889,3,9
564877,564877,564889,12,0
564877,564877,564889,12,0
564877,564887,564889,2,10
564877,564887,564890,3,10
564877,564884,564890,6,7
564877,564877,564890,13,0
564877,564886,564890,4,9
564877,564887,564890,3,10
564877,564888,564891,3,11
564877,564885,564892,7,8
564877,564889,564891,2,12
564877,564885,564892,7,8
564877,564883,564892,9,6
564877,564877,564893,16,0
564877,564891,564893,2,14
564877,564887,564892,5,10
564877,564887,564892,5,10
564877,564890,564893,3,13
564877,564890,564892,2,13
564877,564877,564893,16,0
564877,564891,564894,3,14
564877,564891,564894,3,14
564877,564877,564894,17,0
564877,564892,564895,3,15
564877,564890,564894,4,13
564877,564891,564895,4,14
564877,564877,564896,19,0
564877,564891,564896,5,14
564877,564884,564896,12,7
564877,564892,564895,3,15
564877,564877,564896,19,0
564877,564888,564896,8,11
564877,564888,564896,8,11
564877,564893,564897,4,16
564877,564893,564896,3,16
564877,564892,564897,5,15
564877,564892,564896,4,15
564877,564893,564897,4,16
564877,564894,564897,3,17
564877,564894,564897,3,17
564877,564890,564898,8,13
564877,564893,564897,4,16
564877,564877,564900,23,0
564877,564893,564900,7,16
564877,564893,564900,7,16
564877,564879,564902,23,2
564877,564894,564909,15,17
563271,563486,564952,1466,215
564955,564955,564958,3,0
564955,564955,564959,4,0
564955,564955,564959,4,0
564955,564955,564960,5,0
564955,564955,564959,4,0
564955,564955,564959,4,0
564955,564955,564960,5,0
564955,564955,564960,5,0
564955,564955,564962,7,0
564955,564955,564962,7,0
564955,564959,564962,3,4
564955,564955,564961,6,0
564955,564959,564961,2,4
564955,564955,564962,7,0
564955,564955,564961,6,0
564955,564955,564962,7,0
564955,564960,564962,2,5
564955,564958,564963,5,3
564955,564955,564963,8,0
564955,564960,564963,3,5
564955,564960,564963,3,5
564955,564960,564963,3,5
564955,564955,564964,9,0
564955,564955,564964,9,0
564955,564962,564964,2,7
564955,564955,564966,11,0
564955,564962,564966,4,7
564955,564961,564965,4,6
564955,564962,564965,3,7
564955,564962,564966,4,7
564955,564955,564966,11,0
564955,564964,564967,3,9
564955,564962,564966,4,7
564955,564963,564967,4,8
564955,564964,564967,3,9
564955,564964,564967,3,9
564955,564963,564968,5,8
564955,564955,564968,13,0
564955,564964,564968,4,9
564955,564965,564969,4,10
564955,564963,564970,7,8
564955,564965,564969,4,10
564955,564967,564970,3,12
564955,564959,564970,11,4
564955,564966,564970,4,11
564955,564966,564970,4,11
564955,564967,564970,3,12
564955,564966,564970,4,11
564955,564966,564971,5,11
564955,564967,564971,4,12
564955,564967,564971,4,12
564955,564968,564970,2,13
564955,564967,564972,5,12
564955,564965,564972,7,10
564955,564966,564971,5,11
564955,564968,564972,4,13
564955,564955,564972,17,0
564955,564970,564973,3,15
564955,564970,564972,2,15
564955,564969,564973,4,14
564955,564969,564973,4,14
564955,564970,564974,4,15
564955,564963,564970,7,8
564955,564955,564975,20,0
564955,564969,564976,7,14
564955,564970,564976,6,15
564955,564955,564976,21,0
564955,564963,564976,13,8
564955,564970,564977,7,15
564955,564955,564979,24,0
563402,563568,565039,1471,166
565040,565040,565043,3,0
565040,565040,565043,3,0
565040,565040,565044,4,0
565040,565040,565044,4,0
565040,565040,565044,4,0
565040,565040,565044,4,0
565040,565040,565044,4,0
565040,565040,565044,4,0
565040,565040,565045,5,0
565040,565040,565045,5,0
565040,565040,565045,5,0
565040,565040,565046,6,0
565040,565040,565045,5,0
565040,565040,565045,5,0
565040,565040,565045,5,0
565040,565040,565045,5,0
565040,565040,565047,7,0
565040,565040,565046,6,0
565040,565045,565048,3,5
565040,565046,565048,2,6
565040,565040,565048,8,0
565040,565046,565048,2,6
565040,565045,565048,3,5
565040,565040,565048,8,0
565040,565044,565048,4,4
565040,565046,565049,3,6
565040,565045,565049,4,5
565040,565045,565049,4,5
565040,565046,565049,3,6
565040,565046,565050,4,6
565040,565046,565049,3,6
565040,565040,565051,11,0
565040,565046,565050,4,6
565040,565047,565051,4,7
565040,565045,565050,5,5
565040,565045,565051,6,5
565040,565046,565050,4,6
565040,565040,565051,11,0
565040,565044,565050,6,4
565040,565048,565051,3,8
565040,565049,565051,2,9
565040,565049,565052,3,9
565040,565049,565052,3,9
565040,565047,565052,5,7
565040,565051,565053,2,11
565040,565051,565053,2,11
565040,565050,565054,4,10
565040,565049,565053,4,9
565040,565050,565054,4,10
565040,565040,565053,13,0
565040,565049,565053,4,9
565040,565049,565053,4,9
565040,565050,565053,3,10
565040,565052,565055,3,12
565040,565049,565054,5,9
565040,565052,565055,3,12
565040,565051,565054,3,11
565040,565052,565054,2,12
565040,565051,565056,5,11
565040,565051,565055,4,11
565040,565054,565056,2,14
565040,565053,565056,3,13
565040,565051,565057,6,11
565040,565051,565057,6,11
565040,565040,565060,20,0
565040,565051,565059,8,11
565040,565051,565065,14,11
565040,565051,565066,15,11
565040,565051,565066,15,11
565040,565040,565067,27,0
564208,564250,565220,970,42
564223,564282,565220,938,59
564206,564227,565222,995,21
565220,565220,565224,4,0
565220,565220,565224,4,0
565220,565220,565224,4,0
565220,565220,565224,4,0
565220,565221,565224,3,1
565220,565220,565225,5,0
565220,565220,565225,5,0
565220,565220,565225,5,0
565220,565221,565225,4,1
565220,565223,565225,2,3
565220,565221,565225,4,1
565220,565220,565226,6,0
565220,565221,565226,5,1
565220,565220,565226,6,0
565220,565221,565226,5,1
565220,565220,565226,6,0
565220,565220,565226,6,0
565220,565221,565226,5,1
565220,565221,565226,5,1
565220,565221,565227,6,1
565220,565221,565227,6,1
565220,565225,565227,2,5
565220,565225,565228,3,5
565220,565225,565228,3,5
565220,565221,565228,7,1
565220,565226,565228,2,6
565220,565227,565229,2,7
565220,565227,565229,2,7
565220,565220,565229,9,0
565220,565225,565229,4,5
565220,565227,565229,2,7
565220,565226,565229,3,6
565220,565226,565229,3,6
565220,565225,565229,4,5
565220,565227,565229,2,7
565220,565226,565230,4,6
565220,565221,565230,9,1
565220,565227,565231,4,7
565220,565226,565230,4,6
565220,565227,565230,3,7
565220,565228,565230,2,8
565220,565229,565231,2,9
565220,565229,565231,2,9
565220,565220,565231,11,0
565220,565226,565231,5,6
565220,565221,565231,10,1
565220,565228,565231,3,8
565220,565229,565231,2,9
565220,565220,565232,12,0
565220,565230,565232,2,10
565220,565229,565232,3,9
565220,565229,565232,3,9
565220,565230,565233,3,10
565220,565227,565232,5,7
565220,565227,565232,5,7
565220,565230,565232,2,10
565220,565231,565233,2,11
565220,565230,565233,3,10
565220,565231,565233,2,11
565220,565231,565233,2,11
565220,565231,565233,2,11
565220,565230,565234,4,10
565220,565230,565234,4,10
565220,565231,565234,3,11
565220,565230,565234,4,10
565220,565231,565235,4,11
565220,565231,565235,4,11
565222,565232,565235,3,10
565222,565232,565235,3,10
565222,565233,565236,3,11
565222,565233,565236,3,11
565222,565234,565236,2,12
565222,565234,565236,2,12
565222,565234,565236,2,12
565222,565235,565237,2,13
565222,565236,565238,2,14
565222,565233,565238,5,11
565222,565232,565239,7,10
565222,565235,565239,4,13
565222,565236,565238,2,14
565222,565236,565238,2,14
565222,565236,565238,2,14
565222,565237,565239,2,15
565222,565235,565239,4,13
565222,565235,565239,4,13
565222,565233,565239,6,11
565222,565236,565240,4,14
565222,565237,565239,2,15
565222,565237,565239,2,15
565222,565238,565240,2,16
565222,565234,565240,6,12
565222,565233,565239,6,11
565222,565236,565240,4,14
565222,565233,565241,8,11
565222,565238,565241,3,16
565222,565233,565242,9,11
565222,565239,565241,2,17
565222,565239,565241,2,17
565222,565239,565242,3,17
565222,565239,565241,2,17
565222,565240,565242,2,18
565222,565240,565242,2,18
565222,565239,565243,4,17
565222,565240,565243,3,18
565222,565240,565242,2,18
565222,565240,565244,4,18
565222,565239,565243,4,17
565222,565242,565244,2,20
565222,565242,565244,2,20
565222,565233,565244,11,11
565222,565233,565244,11,11
565220,565228,565244,16,8
565222,565240,565244,4,18
565222,565242,565245,3,20
565222,565240,565244,4,18
565222,565242,565244,2,20
565222,565242,565244,2,20
565222,565242,565245,3,20
565222,565242,565245,3,20
565222,565243,565245,2,21
565220,565231,565245,14,11
565222,565242,565245,3,20
565222,565243,565245,2,21
565222,565241,565245,4,19
565222,565243,565246,3,21
565222,565245,565246,1,23
565222,565245,565246,1,23
565222,565242,565246,4,20
565220,565229,565246,17,9
565222,565239,565246,7,17
565222,565241,565246,5,19
565222,565241,565247,6,19
565222,565244,565247,3,22
565222,565245,565248,3,23
565222,565245,565249,4,23
565222,565245,565248,3,23
565222,565244,565248,4,22
565224,565245,565249,4,21
565222,565245,565249,4,23
565222,565232,565249,17,10
565224,565245,565250,5,21
565224,565245,565250,5,21
565224,565246,565250,4,22
565224,565247,565250,3,23
565224,565247,565250,3,23
565224,565246,565251,5,22
565224,565247,565251,4,23
565224,565248,565252,4,24
565224,565246,565251,5,22
565224,565249,565251,2,25
565224,565249,565252,3,25
565224,565251,565253,2,27
565224,565251,565253,2,27
565224,565248,565252,4,24
565224,565250,565253,3,26
565224,565246,565253,7,22
565224,565252,565254,2,28
565224,565250,565254,4,26
565224,565249,565253,4,25
565224,565247,565252,5,23
565224,565251,565254,3,27
565224,565249,565254,5,25
565224,565253,565255,2,29
565224,565253,565255,2,29
565224,565252,565255,3,28
565224,565252,565255,3,28
565224,565250,565255,5,26
565224,565252,565255,3,28
565224,565253,565256,3,29
565222,565245,565257,12,23
565224,565254,565256,2,30
565224,565255,565257,2,31
565224,565253,565257,4,29
565224,565246,565256,10,22
565224,565251,565257,6,27
565224,565249,565256,7,25
565224,565254,565257,3,30
565224,565254,565257,3,30
565224,565247,565257,10,23
565224,565255,565257,2,31
565224,565254,565258,4,30
565224,565257,565259,2,33
565224,565257,565259,2,33
565224,565256,565259,3,32
565224,565256,565258,2,32
565224,565257,565259,2,33
565224,565254,565258,4,30
565224,565258,565260,2,34
565224,565250,565261,11,26
565224,565254,565261,7,30
565224,565258,565260,2,34
565224,565259,565261,2,35
565224,565259,565261,2,35
565224,565246,565261,15,22
565224,565255,565258,3,31
565224,565258,565262,4,34
565224,565257,565262,5,33
565224,565258,565262,4,34
565224,565252,565262,10,28
565224,565257,565262,5,33
565224,565258,565262,4,34
565224,565257,565263,6,33
565224,565259,565262,3,35
565224,565259,565263,4,35
565224,565257,565263,6,33
565224,565256,565271,15,32
565224,565256,565271,15,32
565224,565257,565274,17,33
565224,565246,565275,29,22
565224,565247,565275,28,23
564286,564308,565282,974,22
565293,565293,565296,3,0
565293,565293,565297,4,0
565293,565293,565297,4,0
565293,565293,565297,4,0
565293,565293,565297,4,0
565293,565293,565297,4,0
565293,565293,565298,5,0
565293,565293,565298,5,0
565293,565293,565298,5,0
565293,565293,565298,5,0
565293,565293,565298,5,0
565293,565293,565298,5,0
565293,565293,565299,6,0
565293,565293,565299,6,0
565293,565293,565299,6,0
565293,565293,565298,5,0
565293,565293,565299,6,0
565293,565293,565299,6,0
565293,565293,565299,6,0
565293,565296,565299,3,3
565293,565293,565300,7,0
565293,565293,565299,6,0
565293,565293,565300,7,0
565293,565297,565300,3,4
565293,565298,565300,2,5
565293,565297,565301,4,4
565293,565293,565301,8,0
565293,565298,565301,3,5
565293,565299,565301,2,6
565293,565299,565302,3,6
565293,565299,565302,3,6
565293,565297,565302,5,4
565293,565299,565302,3,6
565293,565299,565302,3,6
565293,565300,565302,2,7
565293,565300,565303,3,7
565293,565300,565303,3,7
565293,565299,565304,5,6
565293,565302,565304,2,9
565293,565302,565304,2,9
565293,565303,565305,2,10
565293,565298,565305,7,5
565293,565297,565305,8,4
565293,565298,565305,7,5
565293,565301,565305,4,8
565293,565302,565305,3,9
565293,565303,565305,2,10
565293,565299,565306,7,6
565293,565300,565306,6,7
565293,565297,565306,9,4
565293,565302,565306,4,9
565293,565302,565306,4,9
565293,565299,565306,7,6
565293,565304,565306,2,11
565293,565305,565307,2,12
565293,565305,565307,2,12
565293,565300,565307,7,7
565293,565300,565307,7,7
565293,565302,565307,5,9
565293,565298,565307,9,5
565293,565305,565307,2,12
565293,565304,565308,4,11
565293,565303,565308,5,10
565293,565301,565308,7,8
565293,565305,565310,5,12
565293,565305,565310,5,12
565293,565305,565311,6,12
565293,565305,565312,7,12
565293,565311,565316,5,18
565293,565311,565319,8,18
564336,564359,565345,986,23
565346,565346,565349,3,0
565346,565347,565349,2,1
565346,565346,565350,4,0
565346,565346,565350,4,0
565346,565346,565350,4,0
565346,565346,565350,4,0
565346,565346,565350,4,0
565346,565347,565350,3,1
565346,565346,565351,5,0
565346,565346,565350,4,0
565346,565346,565351,5,0
565346,565346,565351,5,0
565346,565346,565351,5,0
565346,565346,565351,5,0
565346,565347,565351,4,1
565346,565347,565351,4,1
565346,565346,565352,6,0
565346,565346,565352,6,0
565346,565347,565352,5,1
565346,565350,565352,2,4
565346,565350,565352,2,4
565346,565346,565353,7,0
565346,565346,565353,7,0
565346,565347,565353,6,1
565346,565346,565354,8,0
565346,565352,565354,2,6
565346,565352,565355,3,6
565346,565351,565355,4,5
565346,565351,565355,4,5
565346,565351,565355,4,5
565346,565351,565355,4,5
565346,565352,565355,3,6
565346,565346,565355,9,0
565346,565353,565355,2,7
565346,565353,565355,2,7
565346,565352,565355,3,6
565346,565351,565356,5,5
565346,565353,565356,3,7
565346,565355,565357,2,9
565346,565353,565357,4,7
565346,565352,565357,5,6
565346,565355,565357,2,9
565346,565356,565358,2,10
565346,565356,565358,2,10
565346,565356,565358,2,10
565346,565356,565358,2,10
565346,565355,565359,4,9
565346,565356,565360,4,10
565346,565356,565360,4,10
565346,565357,565359,2,11
565346,565357,565359,2,11
565346,565347,565357,10,1
565346,565352,565358,6,6
565346,565353,565359,6,7
565346,565354,565360,6,8
565346,565354,565360,6,8
565346,565358,565360,2,12
565346,565356,565360,4,10
565346,565356,565360,4,10
565346,565358,565361,3,12
565346,565359,565361,2,13
565346,565359,565361,2,13
565346,565359,565361,2,13
565346,565357,565362,5,11
565346,565358,565363,5,12
565346,565352,565363,11,6
565346,565354,565365,11,8
565346,565351,565366,15,5
565346,565356,565366,10,10
565346,565353,565367,14,7
564410,564438,565407,969,28
565409,565409,565412,3,0
565409,565409,565412,3,0
565409,565409,565413,4,0
565409,565409,565414,5,0
565409,565409,565413,4,0
565409,565409,565413,4,0
565409,565409,565413,4,0
565409,565409,565414,5,0
565409,565409,565414,5,0
565409,565409,565414,5,0
565409,565409,565415,6,0
565409,565409,565414,5,0
565409,565409,565415,6,0
565409,565409,565414,5,0
565409,565412,565415,3,3
565409,565409,565414,5,0
565409,565412,565415,3,3
565409,565409,565416,7,0
565409,565409,565416,7,0
565409,565409,565416,7,0
565409,565413,565416,3,4
565409,565409,565414,5,0
565409,565414,565418,4,5
565409,565414,565418,4,5
565409,565409,565413,4,0
565409,565409,565418,9,0
565409,565409,565419,10,0
565409,565415,565419,4,6
565409,565416,565419,3,7
565409,565415,565419,4,6
565409,565416,565419,3,7
565409,565415,565420,5,6
565409,565414,565420,6,5
565409,565414,565420,6,5
565409,565416,565420,4,7
565409,565419,565421,2,10
565409,565419,565420,1,10
565409,565417,565421,4,8
565409,565415,565420,5,6
565409,565415,565421,6,6
565409,565414,565421,7,5
565409,565414,565421,7,5
565409,565415,565421,6,6
565409,565420,565422,2,11
565409,565420,565422,2,11
565409,565420,565422,2,11
565409,565414,565421,7,5
565409,565421,565423,2,12
565409,565420,565422,2,11
565409,565420,565423,3,11
565409,565409,565423,14,0
565409,565421,565423,2,12
565409,565409,565423,14,0
565409,565416,565423,7,7
565409,565422,565424,2,13
565409,565422,565424,2,13
565409,565421,565424,3,12
565409,565421,565425,4,12
565409,565420,565425,5,11
565409,565409,565425,16,0
565409,565419,565426,7,10
565409,565420,565426,6,11
565409,565419,565427,8,10
565409,565421,565427,6,12
565409,565421,565427,6,12
565409,565421,565427,6,12
565409,565421,565428,7,12
565409,565421,565429,8,12
565409,565416,565430,14,7
565409,565419,565431,12,10
564441,564472,565438,966,31
564453,564495,565453,958,42
565464,565464,565466,2,0
565464,565464,565466,2,0
565464,565464,565466,2,0
565464,565464,565468,4,0
565464,565464,565467,3,0
565464,565464,565467,3,0
565464,565464,565468,4,0
565464,565464,565468,4,0
565464,565464,565468,4,0
565464,565464,565468,4,0
565464,565464,565468,4,0
565464,565464,565469,5,0
565464,565464,565469,5,0
565464,565464,565469,5,0
565464,565464,565469,5,0
565464,565464,565469,5,0
565464,565464,565470,6,0
565464,565464,565470,6,0
565464,565467,565471,4,3
565464,565467,565470,3,3
565464,565467,565470,3,3
565464,565464,565471,7,0
565464,565464,565471,7,0
565464,565464,565471,7,0
565464,565464,565471,7,0
565464,565469,565471,2,5
565464,565464,565469,5,0
565464,565464,565469,5,0
565464,565464,565473,9,0
565464,565464,565472,8,0
565464,565468,565472,4,4
565464,565471,565473,2,7
565464,565471,565473,2,7
565464,565470,565473,3,6
565464,565471,565473,2,7
565464,565472,565474,2,8
565464,565470,565473,3,6
565464,565469,565475,6,5
565464,565472,565474,2,8
565464,565470,565475,5,6
565464,565472,565475,3,8
565464,565468,565475,7,4
565464,565470,565475,5,6
565464,565473,565475,2,9
565464,565473,565475,2,9
565464,565472,565476,4,8
564501,564518,565476,958,17
565464,565471,565476,5,7
565464,565474,565476,2,10
565464,565474,565476,2,10
565464,565474,565476,2,10
565464,565474,565476,2,10
565464,565474,565477,3,10
565464,565469,565476,7,5
565464,565468,565477,9,4
565464,565476,565478,2,12
565464,565475,565477,2,11
565464,565469,565477,8,5
565464,565473,565478,5,9
565464,565475,565478,3,11
565464,565476,565478,2,12
565464,565476,565479,3,12
565464,565472,565479,7,8
565464,565469,565479,10,5
565464,565469,565479,10,5
565464,565475,565479,4,11
565465,565478,565480,2,13
565464,565473,565479,6,9
565464,565476,565480,4,12
565464,565473,565480,7,9
565465,565477,565480,3,12
565465,565478,565480,2,13
565465,565477,565480,3,12
565465,565477,565481,4,12
565465,565478,565481,3,13
565465,565480,565482,2,15
565465,565479,565482,3,14
565465,565477,565482,5,12
565465,565477,565481,4,12
565465,565479,565482,3,14
565465,565476,565481,5,11
565465,565479,565482,3,14
565465,565478,565482,4,13
565465,565479,565483,4,14
565465,565477,565483,6,12
565465,565477,565484,7,12
565465,565479,565484,5,14
565465,565480,565484,4,15
565465,565480,565484,4,15
565465,565482,565484,2,17
565465,565482,565485,3,17
565465,565481,565484,3,16
565464,565471,565485,14,7
565465,565480,565485,5,15
565465,565482,565486,4,17
565465,565482,565486,4,17
565465,565481,565486,5,16
565465,565481,565486,5,16
565465,565481,565487,6,16
565465,565485,565487,2,20
565465,565482,565486,4,17
565465,565482,565487,5,17
565465,565484,565487,3,19
565465,565484,565487,3,19
565465,565485,565487,2,20
565465,565485,565487,2,20
565465,565486,565488,2,21
565465,565486,565489,3,21
565465,565486,565488,2,21
565465,565486,565489,3,21
565465,565482,565489,7,17
565465,565481,565487,6,16
565465,565485,565490,5,20
565465,565482,565489,7,17
565464,565473,565490,17,9
565465,565480,565489,9,15
565465,565486,565490,4,21
565465,565487,565489,2,22
565465,565488,565490,2,23
565465,565488,565490,2,23
565465,565487,565489,2,22
565465,565481,565490,9,16
565465,565487,565489,2,22
565465,565486,565490,4,21
565465,565485,565490,5,20
565465,565487,565491,4,22
565465,565488,565490,2,23
565465,565488,565491,3,23
565465,565482,565490,8,17
565465,565488,565491,3,23
565465,565489,565492,3,24
565465,565489,565491,2,24
565465,565489,565492,3,24
565465,565489,565492,3,24
565465,565485,565492,7,20
565465,565477,565493,16,12
565465,565483,565493,10,18
565477,565491,565493,2,14
565477,565491,565494,3,14
565477,565492,565494,2,15
565465,565477,565494,17,12
565465,565490,565494,4,25
565465,565490,565494,4,25
565477,565491,565495,4,14
565477,565490,565495,5,13
565477,565492,565495,3,15
565477,565492,565495,3,15
565477,565492,565495,3,15
565477,565490,565495,5,13
565477,565493,565495,2,16
565477,565490,565495,5,13
565477,565490,565496,6,13
565477,565490,565496,6,13
565477,565491,565497,6,14
565465,565490,565494,4,25
565477,565494,565497,3,17
565477,565494,565497,3,17
565477,565495,565497,2,18
565477,565495,565498,3,18
565477,565495,565498,3,18
565477,565494,565499,5,17
565477,565495,565499,4,18
565477,565495,565499,4,18
565477,565496,565499,3,19
565477,565491,565500,9,14
565477,565496,565501,5,19
565477,565498,565501,3,21
565477,565499,565501,2,22
565477,565496,565501,5,19
565477,565498,565501,3,21
565477,565496,565501,5,19
565477,565498,565501,3,21
565477,565496,565501,5,19
565477,565498,565501,3,21
565477,565497,565502,5,20
565477,565493,565502,9,16
565477,565495,565502,7,18
565477,565495,565502,7,18
565477,565501,565503,2,24
565477,565502,565503,1,25
565477,565500,565503,3,23
565477,565495,565503,8,18
565477,565500,565503,3,23
565477,565501,565503,2,24
565477,565501,565503,2,24
565477,565495,565503,8,18
565477,565501,565504,3,24
565477,565501,565504,3,24
565477,565502,565504,2,25
565477,565502,565504,2,25
565477,565502,565504,2,25
565477,565493,565504,11,16
565477,565497,565505,8,20
565477,565500,565505,5,23
565477,565502,565505,3,25
565477,565497,565506,9,20
565477,565490,565505,15,13
565477,565503,565505,2,26
565477,565504,565506,2,27
565477,565504,565506,2,27
565477,565504,565506,2,27
565477,565499,565506,7,22
565477,565503,565507,4,26
565477,565503,565508,5,26
565477,565504,565508,4,27
565477,565504,565509,5,27
565477,565504,565509,5,27
565477,565503,565510,7,26
565477,565504,565511,7,27
564523,564540,565529,989,17
565536,565536,565538,2,0
565536,565536,565538,2,0
565536,565536,565539,3,0
565536,565536,565539,3,0
565536,565536,565540,4,0
565536,565536,565540,4,0
565536,565536,565540,4,0
565536,565536,565541,5,0
565536,565536,565541,5,0
565536,565536,565541,5,0
565536,565536,565541,5,0
565536,565538,565541,3,2
565536,565537,565542,5,1
565536,565537,565541,4,1
565536,565536,565542,6,0
565536,565536,565541,5,0
565536,565536,565543,7,0
565536,565536,565543,7,0
565536,565540,565543,3,4
565536,565536,565543,7,0
565536,565539,565543,4,3
565536,565541,565544,3,5
565536,565540,565544,4,4
565536,565541,565544,3,5
565536,565539,565543,4,3
565536,565536,565542,6,0
565536,565536,565545,9,0
565536,565541,565545,4,5
565536,565541,565545,4,5
565536,565536,565541,5,0
565536,565541,565546,5,5
565536,565543,565545,2,7
565536,565541,565547,6,5
565536,565540,565547,7,4
565536,565544,565546,2,8
565536,565544,565547,3,8
565536,565544,565547,3,8
565536,565544,565547,3,8
565536,565543,565547,4,7
565536,565544,565547,3,8
565536,565545,565547,2,9
565477,565490,565547,57,13
565477,565491,565547,56,14
565536,565542,565548,6,6
565536,565545,565548,3,9
565536,565546,565548,2,10
565536,565544,565549,5,8
565536,565547,565549,2,11
565536,565546,565549,3,10
565536,565548,565549,1,12
565536,565545,565548,3,9
565536,565547,565550,3,11
565536,565547,565550,3,11
565536,565547,565550,3,11
565536,565549,565550,1,13
565536,565543,565551,8,7
565536,565548,565551,3,12
565536,565547,565551,4,11
565536,565548,565551,3,12
565536,565547,565551,4,11
565536,565547,565551,4,11
565536,565536,565552,16,0
565536,565546,565552,6,10
565536,565548,565552,4,12
565536,565548,565552,4,12
565536,565549,565552,3,13
565536,565542,565553,11,6
565536,565536,565553,17,0
565536,565542,565554,12,6
565536,565545,565555,10,9
565536,565542,565556,14,6
565536,565549,565556,7,13
564802,564812,565813,1001,10
565814,565815,565817,2,1
565814,565815,565817,2,1
564288,564333,565817,1484,45
565814,565815,565818,3,1
565814,565814,565818,4,0
565814,565815,565818,3,1
565814,565815,565817,2,1
565814,565814,565819,5,0
565814,565814,565819,5,0
565814,565815,565819,4,1
565814,565814,565819,5,0
565814,565814,565819,5,0
565814,565814,565819,5,0
565814,565815,565819,4,1
565814,565814,565820,6,0
565814,565814,565820,6,0
565814,565814,565821,7,0
565814,565818,565822,4,4
565814,565815,565820,5,1
565814,565814,565823,9,0
565814,565819,565823,4,5
565814,565815,565824,9,1
565814,565814,565824,10,0
565814,565814,565824,10,0
565814,565821,565824,3,7
565814,565819,565824,5,5
565814,565814,565824,10,0
565814,565821,565825,4,7
565814,565823,565825,2,9
565814,565820,565825,5,6
565814,565820,565825,5,6
565814,565824,565826,2,10
565814,565820,565826,6,6
565814,565818,565826,8,4
565814,565818,565826,8,4
565814,565819,565827,8,5
565814,565822,565827,5,8
565814,565824,565827,3,10
565814,565825,565827,2,11
565814,565826,565827,1,12
565814,565820,565827,7,6
565814,565825,565827,2,11
565814,565826,565828,2,12
565814,565825,565828,3,11
565814,565820,565828,8,6
565814,565820,565828,8,6
565814,565826,565828,2,12
565814,565826,565828,2,12
565814,565827,565829,2,13
565814,565825,565829,4,11
565814,565825,565829,4,11
565814,565826,565829,3,12
565814,565827,565829,2,13
565814,565814,565830,16,0
565814,565827,565830,3,13
565814,565828,565830,2,14
565814,565828,565830,2,14
565814,565828,565830,2,14
565814,565828,565830,2,14
565814,565828,565830,2,14
565814,565827,565831,4,13
565814,565824,565828,4,10
565814,565823,565829,6,9
565814,565827,565830,3,13
565814,565828,565832,4,14
565814,565829,565831,2,15
565814,565815,565832,17,1
565814,565829,565833,4,15
565819,565829,565833,4,10
565819,565829,565833,4,10
565819,565829,565833,4,10
565819,565831,565833,2,12
565819,565831,565833,2,12
565819,565831,565833,2,12
565819,565831,565833,2,12
565819,565830,565835,5,11
565819,565832,565835,3,13
565819,565831,565834,3,12
565819,565833,565835,2,14
565819,565831,565835,4,12
565814,565815,565836,21,1
565819,565832,565836,4,13
565819,565831,565835,4,12
565819,565833,565835,2,14
565819,565833,565835,2,14
565819,565833,565835,2,14
565814,565818,565836,18,4
565819,565831,565836,5,12
565819,565833,565837,4,14
565819,565834,565836,2,15
565819,565834,565836,2,15
565819,565834,565836,2,15
565819,565835,565837,2,16
565819,565831,565837,6,12
565819,565831,565837,6,12
565814,565820,565837,17,6
565819,565835,565837,2,16
565819,565835,565838,3,16
565819,565835,565838,3,16
565819,565836,565838,2,17
565819,565829,565838,9,10
565819,565836,565838,2,17
565819,565836,565839,3,17
565819,565837,565839,2,18
565819,565837,565839,2,18
565819,565830,565839,9,11
565819,565836,565839,3,17
565819,565837,565839,2,18
565819,565837,565839,2,18
565819,565837,565839,2,18
565819,565838,565840,2,19
565819,565830,565841,11,11
565819,565838,565840,2,19
565819,565838,565841,3,19
565819,565836,565840,4,17
565819,565839,565841,2,20
565819,565837,565841,4,18
565819,565840,565842,2,21
565819,565839,565842,3,20
565819,565840,565842,2,21
565819,565838,565842,4,19
565819,565840,565842,2,21
565819,565835,565843,8,16
565819,565837,565842,5,18
565819,565840,565844,4,21
565819,565840,565844,4,21
565819,565841,565844,3,22
565819,565841,565844,3,22
565819,565839,565843,4,20
565819,565837,565843,6,18
565819,565841,565844,3,22
565819,565831,565844,13,12
565819,565833,565844,11,14
565819,565836,565844,8,17
565819,565840,565845,5,21
565819,565837,565845,8,18
565819,565841,565846,5,22
565819,565841,565846,5,22
565819,565838,565847,9,19
565819,565839,565847,8,20
565819,565839,565847,8,20
564407,564420,565964,1544,13
565966,565966,565969,3,0
565966,565966,565969,3,0
565966,565966,565969,3,0
565966,565966,565970,4,0
565966,565966,565970,4,0
565966,565966,565970,4,0
565966,565966,565970,4,0
565966,565966,565971,5,0
565966,565966,565970,4,0
565966,565966,565971,5,0
565966,565966,565970,4,0
565966,565966,565971,5,0
565966,565966,565971,5,0
565966,565966,565971,5,0
565966,565966,565971,5,0
565966,565966,565971,5,0
565966,565966,565971,5,0
565966,565966,565973,7,0
565966,565970,565973,3,4
565966,565970,565972,2,4
565966,565966,565973,7,0
565966,565970,565973,3,4
565966,565966,565974,8,0
565966,565966,565975,9,0
565966,565970,565974,4,4
565966,565971,565974,3,5
565966,565972,565976,4,6
565966,565970,565975,5,4
565966,565972,565975,3,6
565966,565972,565975,3,6
565966,565973,565976,3,7
565966,565972,565976,4,6
565966,565972,565976,4,6
565966,565973,565975,2,7
565966,565970,565976,6,4
565966,565970,565976,6,4
565966,565971,565976,5,5
565966,565974,565977,3,8
565966,565973,565977,4,7
565966,565975,565977,2,9
565966,565976,565978,2,10
565966,565976,565978,2,10
565966,565966,565973,7,0
565966,565971,565978,7,5
565966,565976,565979,3,10
565966,565976,565978,2,10
565966,565975,565979,4,9
565966,565976,565978,2,10
565966,565976,565979,3,10
565966,565976,565978,2,10
565966,565976,565978,2,10
565966,565966,565975,9,0
565966,565975,565979,4,9
565966,565977,565980,3,11
565966,565966,565980,14,0
565966,565978,565981,3,12
565966,565977,565981,4,11
565966,565977,565981,4,11
565966,565977,565981,4,11
565966,565978,565981,3,12
565966,565979,565981,2,13
565966,565978,565981,3,12
565966,565978,565981,3,12
565966,565971,565983,12,5
565966,565979,565984,5,13
565966,565975,565983,8,9
565966,565979,565984,5,13
565966,565966,565985,19,0
565966,565971,565998,27,5
565966,565974,565998,24,8
564416,564455,566027,1572,39
566029,566029,566031,2,0
566029,566029,566033,4,0
566029,566029,566032,3,0
566029,566029,566033,4,0
566029,566029,566033,4,0
566029,566029,566034,5,0
566029,566029,566034,5,0
566029,566029,566033,4,0
566029,566029,566034,5,0
566029,566029,566035,6,0
566029,566029,566035,6,0
566029,566029,566034,5,0
566029,566029,566034,5,0
566029,566029,566035,6,0
566029,566029,566035,6,0
566029,566032,566035,3,3
566029,566029,566035,6,0
566029,566029,566036,7,0
566029,566029,566035,6,0
566029,566029,566037,8,0
566029,566029,566037,8,0
566029,566029,566037,8,0
566029,566033,566037,4,4
566029,566033,566037,4,4
566029,566029,566038,9,0
566029,566029,566037,8,0
566029,566029,566037,8,0
565041,565054,566039,985,13
566029,566035,566039,4,6
566029,566035,566039,4,6
566029,566035,566038,3,6
566029,566035,566039,4,6
566029,566037,566039,2,8
566029,566035,566039,4,6
566029,566033,566040,7,4
566029,566036,566040,4,7
566029,566037,566040,3,8
566029,566036,566040,4,7
566029,566033,566041,8,4
566029,566035,566041,6,6
566029,566036,566042,6,7
566029,566034,566042,8,5
566029,566039,566041,2,10
566029,566039,566042,3,10
566029,566039,566042,3,10
566029,566039,566042,3,10
566029,566039,566042,3,10
566029,566039,566042,3,10
566029,566039,566042,3,10
566029,566034,566043,9,5
566029,566040,566043,3,11
566029,566041,566043,2,12
566029,566040,566044,4,11
566029,566035,566045,10,6
566029,566029,566045,16,0
566029,566035,566044,9,6
566029,566040,566045,5,11
566029,566041,566045,4,12
566029,566043,566045,2,14
566029,566043,566045,2,14
566029,566043,566045,2,14
566040,566043,566046,3,3
566040,566043,566046,3,3
566029,566038,566046,8,9
566040,566043,566046,3,3
566029,566041,566047,6,12
566029,566037,566047,10,8
566040,566044,566047,3,4
566040,566044,566048,4,4
566029,566042,566048,6,13
566040,566044,566048,4,4
566040,566046,566048,2,6
566040,566046,566049,3,6
566040,566046,566050,4,6
566029,566037,566045,8,8
566029,566042,566050,8,13
566029,566034,566050,16,5
566040,566046,566050,4,6
566040,566046,566050,4,6
566040,566046,566050,4,6
566040,566047,566051,4,7
566040,566043,566051,8,3
566029,566038,566046,8,9
566029,566038,566047,9,9
566040,566045,566051,6,5
566029,566037,566054,17,8
566040,566048,566055,7,8
566040,566049,566057,8,9
566040,566049,566056,7,9
566040,566051,566057,6,11
566040,566050,566057,7,10
566040,566048,566057,9,8
566040,566045,566058,13,5
566040,566049,566058,9,9
566040,566052,566058,6,12
566040,566045,566058,13,5
566040,566056,566059,3,16
566040,566057,566060,3,17
566040,566051,566060,9,11
566040,566051,566060,9,11
566040,566051,566059,8,11
566040,566058,566061,3,18
566040,566057,566060,3,17
566040,566058,566060,2,18
566040,566058,566060,2,18
566040,566047,566058,11,7
566040,566048,566061,13,8
566040,566059,566062,3,19
566040,566060,566062,2,20
566040,566045,566062,17,5
566040,566046,566060,14,6
566040,566061,566063,2,21
566040,566061,566063,2,21
566040,566060,566063,3,20
566040,566060,566063,3,20
566040,566060,566063,3,20
566040,566058,566063,5,18
566040,566061,566064,3,21
566040,566062,566064,2,22
566040,566061,566063,2,21
566040,566060,566064,4,20
566040,566062,566064,2,22
566040,566063,566065,2,23
566040,566061,566065,4,21
566040,566047,566065,18,7
566040,566062,566065,3,22
566040,566063,566065,2,23
566040,566063,566065,2,23
566040,566063,566065,2,23
566040,566063,566066,3,23
566040,566054,566066,12,14
566040,566060,566066,6,20
566040,566051,566066,15,11
566040,566052,566066,14,12
566040,566059,566066,7,19
566040,566063,566066,3,23
566040,566050,566067,17,10
566040,566063,566067,4,23
566040,566050,566068,18,10
566040,566054,566070,16,14
566040,566050,566075,25,10
564693,564713,566204,1491,20
566206,566206,566210,4,0
566206,566206,566210,4,0
566206,566206,566210,4,0
566206,566206,566210,4,0
566206,566206,566209,3,0
566206,566206,566211,5,0
566206,566206,566211,5,0
566206,566206,566211,5,0
566206,566206,566211,5,0
566206,566206,566212,6,0
566206,566206,566212,6,0
566206,566206,566212,6,0
566206,566206,566212,6,0
566206,566206,566211,5,0
566206,566210,566213,3,4
566206,566210,566213,3,4
566206,566206,566214,8,0
566206,566206,566214,8,0
566206,566210,566214,4,4
566206,566211,566214,3,5
566206,566206,566212,6,0
566206,566206,566215,9,0
566206,566211,566215,4,5
566206,566210,566214,4,4
566206,566206,566215,9,0
566206,566206,566215,9,0
566206,566206,566216,10,0
566206,566211,566215,4,5
566206,566211,566216,5,5
566206,566213,566216,3,7
566206,566213,566216,3,7
566206,566214,566217,3,8
566206,566212,566217,5,6
566206,566214,566216,2,8
566206,566215,566217,2,9
566206,566206,566217,11,0
566206,566214,566218,4,8
566206,566214,566218,4,8
566206,566212,566218,6,6
566206,566215,566219,4,9
566206,566216,566219,3,10
566206,566216,566219,3,10
566206,566216,566219,3,10
566206,566216,566219,3,10
566206,566206,566219,13,0
566206,566216,566220,4,10
566206,566210,566220,10,4
566206,566217,566220,3,11
566206,566218,566220,2,12
566206,566217,566219,2,11
566206,566217,566219,2,11
566206,566217,566220,3,11
566206,566216,566220,4,10
566206,566220,566221,1,14
566206,566206,566218,12,0
566206,566206,566219,13,0
566206,566218,566222,4,12
566206,566220,566222,2,14
566206,566220,566222,2,14
566206,566220,566222,2,14
566206,566220,566223,3,14
566206,566219,566223,4,13
566206,566218,566222,4,12
566206,566215,566225,10,9
566206,566215,566226,11,9
566206,566212,566226,14,6
566206,566218,566226,8,12
566206,566212,566226,14,6
566206,566212,566226,14,6
565225,565260,566228,968,35
566206,566216,566228,12,10
565316,565316,566251,935,0
565222,565232,566253,1021,10
566253,566253,566255,2,0
566253,566253,566256,3,0
566253,566253,566255,2,0
566253,566253,566255,2,0
566253,566253,566256,3,0
566253,566253,566257,4,0
566253,566253,566256,3,0
566253,566253,566256,3,0
566253,566253,566258,5,0
566253,566253,566258,5,0
566253,566254,566259,5,1
566253,566253,566261,8,0
566253,566258,566261,3,5
566253,566257,566262,5,4
566253,566257,566262,5,4
566253,566256,566263,7,3
566253,566258,566263,5,5
566253,566256,566264,8,3
566253,566260,566263,3,7
566253,566253,566264,11,0
566253,566253,566265,12,0
566253,566253,566265,12,0
566253,566257,566265,8,4
566253,566262,566265,3,9
566253,566257,566266,9,4
566253,566263,566265,2,10
566253,566262,566265,3,9
566253,566253,566266,13,0
566253,566262,566266,4,9
566253,566253,566266,13,0
566253,566253,566266,13,0
566253,566253,566266,13,0
566253,566262,566267,5,9
566253,566264,566267,3,11
566253,566256,566266,10,3
566253,566256,566266,10,3
566253,566264,566266,2,11
566253,566264,566266,2,11
566253,566253,566267,14,0
566253,566266,566268,2,13
566253,566266,566268,2,13
566253,566266,566268,2,13
566253,566265,566267,2,12
566253,566265,566267,2,12
566253,566253,566267,14,0
566253,566253,566267,14,0
566253,566267,566269,2,14
566253,566267,566269,2,14
566253,566267,566269,2,14
566253,566266,566269,3,13
566253,566266,566269,3,13
566253,566253,566269,16,0
566253,566265,566269,4,12
566253,566267,566269,2,14
566253,566267,566270,3,14
566253,566268,566270,2,15
566253,566268,566270,2,15
566253,566268,566270,2,15
566253,566267,566270,3,14
566253,566265,566270,5,12
566253,566267,566271,4,14
566253,566267,566271,4,14
566253,566268,566270,2,15
566254,566269,566272,3,15
566254,566269,566272,3,15
566253,566267,566272,5,14
566254,566269,566272,3,15
566254,566270,566273,3,16
566254,566269,566273,4,15
566254,566269,566272,3,15
566253,566253,566273,20,0
566253,566253,566270,17,0
566254,566270,566273,3,16
566254,566270,566274,4,16
566254,566270,566274,4,16
566254,566270,566276,6,16
566253,566268,566276,8,15
566254,566270,566276,6,16
566253,566253,566276,23,0
566253,566265,566277,12,12
566254,566268,566276,8,14
566254,566271,566278,7,17
566254,566271,566280,9,17
566254,566270,566280,10,16
566254,566274,566280,6,20
566254,566268,566278,10,14
566254,566272,566281,9,18
566254,566271,566282,11,17
566254,566273,566282,9,19
566254,566274,566282,8,20
566254,566271,566283,12,17
566254,566275,566283,8,21
566254,566280,566283,3,26
566254,566274,566283,9,20
566254,566278,566283,5,24
566254,566272,566284,12,18
566254,566273,566284,11,19
566254,566281,566284,3,27
566254,566272,566284,12,18
566254,566283,566285,2,29
566254,566283,566285,2,29
566254,566283,566285,2,29
566254,566283,566285,2,29
566254,566276,566285,9,22
566254,566276,566286,10,22
566254,566284,566286,2,30
566254,566284,566286,2,30
566254,566284,566286,2,30
566254,566284,566286,2,30
566254,566284,566286,2,30
566254,566285,566287,2,31
566253,566253,566280,27,0
566254,566282,566287,5,28
566254,566280,566286,6,26
566254,566286,566287,1,32
566254,566285,566287,2,31
566254,566286,566288,2,32
566254,566283,566287,4,29
566254,566287,566288,1,33
566254,566287,566288,1,33
566254,566286,566288,2,32
566254,566286,566288,2,32
566254,566277,566289,12,23
566254,566287,566289,2,33
566254,566287,566289,2,33
566254,566287,566289,2,33
566254,566287,566289,2,33
566254,566287,566289,2,33
566254,566287,566290,3,33
566254,566278,566290,12,24
566254,566287,566291,4,33
566255,566288,566291,3,33
566255,566289,566292,3,34
566255,566288,566291,3,33
566255,566289,566291,2,34
566255,566289,566292,3,34
566254,566287,566291,4,33
566255,566289,566292,3,34
566255,566288,566293,5,33
566254,566274,566292,18,20
566255,566290,566293,3,35
566254,566274,566293,19,20
566254,566290,566294,4,36
566254,566272,566292,20,18
566254,566280,566292,12,26
566255,566290,566296,6,35
566255,566290,566295,5,35
566255,566288,566295,7,33
566254,566281,566296,15,27
566255,566289,566297,8,34
566255,566292,566298,6,37
566255,566292,566299,7,37
566255,566292,566298,6,37
566255,566293,566299,6,38
566255,566292,566300,8,37
566255,566292,566301,9,37
566255,566290,566302,12,35
566255,566290,566302,12,35
566255,566293,566302,9,38
566255,566296,566302,6,41
566254,566277,566302,25,23
566255,566299,566302,3,44
566255,566294,566302,8,39
566255,566299,566302,3,44
566255,566299,566302,3,44
566255,566296,566303,7,41
566254,566276,566303,27,22
566255,566301,566303,2,46
566255,566301,566304,3,46
566255,566300,566303,3,45
566255,566303,566305,2,48
566255,566303,566305,2,48
566255,566303,566305,2,48
566255,566303,566305,2,48
566255,566297,566305,8,42
566255,566304,566306,2,49
566255,566303,566306,3,48
566255,566296,566306,10,41
566255,566302,566306,4,47
566255,566302,566306,4,47
566255,566302,566306,4,47
566255,566302,566306,4,47
566255,566291,566307,16,36
566255,566305,566307,2,50
566255,566304,566306,2,49
566255,566306,566308,2,51
566255,566305,566307,2,50
566255,566305,566307,2,50
566255,566306,566308,2,51
566255,566298,566307,9,43
566255,566307,566309,2,52
566255,566305,566308,3,50
566255,566306,566309,3,51
566255,566306,566308,2,51
566255,566306,566309,3,51
566255,566306,566309,3,51
566255,566292,566309,17,37
566255,566291,566309,18,36
566255,566306,566310,4,51
566255,566295,566311,16,40
566255,566303,566311,8,48
566255,566306,566309,3,51
566255,566291,566310,19,36
566255,566304,566312,8,49
566255,566296,566311,15,41
566255,566303,566311,8,48
566255,566293,566312,19,38
566255,566294,566314,20,39
566255,566307,566314,7,52
566255,566296,566315,19,41
565350,565359,566327,968,9
564812,564860,566335,1475,48
566337,566337,566340,3,0
566337,566337,566341,4,0
566337,566337,566341,4,0
566337,566337,566340,3,0
566337,566337,566340,3,0
566337,566337,566341,4,0
566337,566337,566342,5,0
566337,566337,566343,6,0
566337,566340,566348,8,3
566337,566337,566348,11,0
566337,566341,566349,8,4
566337,566337,566349,12,0
566337,566341,566350,9,4
566337,566337,566351,14,0
566337,566337,566351,14,0
566337,566341,566351,10,4
566337,566342,566351,9,5
566337,566351,566353,2,14
566337,566337,566354,17,0
566337,566337,566354,17,0
566337,566337,566353,16,0
566337,566337,566353,16,0
566337,566337,566353,16,0
566337,566348,566354,6,11
566337,566337,566354,17,0
566337,566337,566355,18,0
566337,566337,566354,17,0
566337,566350,566355,5,13
566337,566337,566356,19,0
566337,566337,566356,19,0
566337,566337,566356,19,0
566337,566348,566356,8,11
566337,566349,566355,6,12
566337,566352,566356,4,15
566337,566353,566355,2,16
566337,566354,566357,3,17
566337,566354,566356,2,17
566337,566354,566356,2,17
566337,566337,566356,19,0
566337,566355,566357,2,18
566337,566354,566357,3,17
564809,564836,566357,1521,27
566337,566354,566358,4,17
566337,566356,566358,2,19
566337,566356,566359,3,19
566337,566356,566358,2,19
566337,566356,566359,3,19
566337,566357,566359,2,20
566337,566355,566359,4,18
566337,566344,566358,14,7
566337,566355,566359,4,18
566337,566355,566359,4,18
566337,566358,566360,2,21
566337,566358,566360,2,21
566337,566337,566360,23,0
566337,566350,566360,10,13
566337,566341,566361,20,4
566337,566357,566361,4,20
566337,566357,566361,4,20
566337,566357,566361,4,20
566337,566351,566362,11,14
566337,566358,566362,4,21
566337,566356,566362,6,19
566337,566359,566362,3,22
566337,566349,566363,14,12
566337,566359,566363,4,22
566337,566359,566363,4,22
566337,566359,566363,4,22
566337,566361,566363,2,24
566337,566361,566364,3,24
565410,565422,566364,942,12
566337,566360,566365,5,23
566337,566337,566363,26,0
566337,566361,566366,5,24
566337,566351,566361,10,14
566337,566356,566365,9,19
566337,566360,566366,6,23
566337,566361,566367,6,24
566337,566361,566367,6,24
566337,566361,566367,6,24
566337,566358,566366,8,21
566337,566354,566365,11,17
566337,566363,566369,6,26
566337,566363,566370,7,26
566337,566364,566370,6,27
566337,566364,566370,6,27
566337,566360,566369,9,23
566337,566360,566369,9,23
566337,566363,566371,8,26
566337,566367,566371,4,30
566337,566368,566371,3,31
566337,566368,566371,3,31
566337,566362,566372,10,25
566337,566371,566373,2,34
566337,566372,566373,1,35
566337,566365,566373,8,28
566337,566370,566373,3,33
566337,566371,566373,2,34
566337,566371,566373,2,34
566337,566367,566374,7,30
566337,566372,566374,2,35
566337,566366,566374,8,29
566337,566372,566374,2,35
566337,566372,566374,2,35
566337,566374,566376,2,37
566337,566365,566375,10,28
566337,566374,566375,1,37
566337,566374,566376,2,37
566337,566374,566376,2,37
566337,566374,566376,2,37
566337,566372,566375,3,35
566337,566374,566376,2,37
566337,566369,566376,7,32
566337,566361,566377,16,24
566337,566362,566377,15,25
566337,566375,566377,2,38
566337,566376,566377,1,39
566337,566375,566377,2,38
566337,566375,566377,2,38
566337,566375,566377,2,38
566337,566376,566378,2,39
566337,566376,566378,2,39
566337,566361,566378,17,24
566337,566367,566378,11,30
566337,566375,566378,3,38
566337,566376,566378,2,39
566337,566376,566378,2,39
566337,566376,566378,2,39
566337,566377,566379,2,40
566337,566376,566379,3,39
566362,566378,566380,2,16
566337,566362,566380,18,25
566337,566377,566381,4,40
566362,566378,566381,3,16
566362,566378,566381,3,16
566362,566378,566382,4,16
566362,566379,566381,2,17
566362,566378,566382,4,16
566362,566378,566382,4,16
566362,566379,566381,2,17
566362,566379,566382,3,17
564878,564895,566381,1486,17
566337,566357,566382,25,20
566362,566379,566382,3,17
566362,566378,566383,5,16
566337,566366,566383,17,29
566362,566380,566384,4,18
566362,566381,566384,3,19
566362,566378,566385,7,16
566337,566371,566385,14,34
566337,566371,566385,14,34
566337,566363,566387,24,26
566337,566377,566385,8,40
566362,566379,566387,8,17
566362,566382,566387,5,20
566362,566382,566388,6,20
566362,566382,566389,7,20
566337,566366,566389,23,29
566337,566369,566389,20,32
566337,566356,566384,28,19
566362,566382,566389,7,20
566362,566382,566390,8,20
566362,566381,566390,9,19
566362,566382,566390,8,20
566362,566383,566390,7,21
566337,566366,566391,25,29
566362,566383,566391,8,21
566362,566381,566391,10,19
566362,566388,566391,3,26
566362,566382,566392,10,20
566362,566389,566392,3,27
566362,566390,566392,2,28
566362,566390,566392,2,28
566362,566390,566393,3,28
566362,566382,566393,11,20
566362,566391,566393,2,29
566362,566392,566394,2,30
566362,566389,566393,4,27
566362,566391,566393,2,29
566362,566384,566394,10,22
566362,566393,566394,1,31
566362,566393,566394,1,31
566362,566385,566395,10,23
566362,566393,566395,2,31
566362,566394,566395,1,32
566362,566394,566396,2,32
566362,566383,566396,13,21
566362,566391,566396,5,29
566362,566395,566397,2,33
566362,566395,566397,2,33
566362,566394,566397,3,32
566362,566388,566397,9,26
566362,566396,566397,1,34
566362,566395,566397,2,33
566362,566394,566398,4,32
566362,566396,566398,2,34
566366,566397,566398,1,31
566362,566393,566399,6,31
566362,566393,566399,6,31
566362,566394,566399,5,32
566362,566394,566398,4,32
566362,566390,566394,4,28
566362,566383,566398,15,21
566362,566386,566400,14,24
566366,566397,566400,3,31
566366,566398,566400,2,32
566366,566397,566400,3,31
566366,566399,566402,3,33
566366,566399,566401,2,33
566366,566398,566401,3,32
566362,566385,566402,17,23
566366,566398,566402,4,32
566366,566399,566403,4,33
566366,566396,566403,7,30
566366,566399,566404,5,33
566366,566398,566405,7,32
566362,566384,566405,21,22
566362,566387,566398,11,25
566362,566379,566400,21,17
566362,566389,566402,13,27
566366,566399,566408,9,33
566366,566399,566408,9,33
566366,566401,566408,7,35
566366,566401,566409,8,35
566366,566401,566409,8,35
566366,566402,566408,6,36
566366,566402,566409,7,36
566366,566402,566410,8,36
566362,566385,566409,24,23
566366,566409,566412,3,43
566366,566409,566412,3,43
566366,566409,566413,4,43
566366,566409,566412,3,43
566366,566410,566412,2,44
566366,566410,566412,2,44
566366,566409,566413,4,43
566366,566403,566413,10,37
566366,566409,566413,4,43
566366,566403,566414,11,37
566366,566404,566414,10,38
566366,566413,566415,2,47
566366,566413,566415,2,47
566366,566413,566415,2,47
566366,566413,566415,2,47
566366,566413,566416,3,47
566366,566405,566416,11,39
566366,566413,566416,3,47
566366,566413,566415,2,47
566366,566415,566417,2,49
566366,566414,566417,3,48
566362,566391,566416,25,29
566366,566415,566417,2,49
566366,566415,566417,2,49
566366,566414,566417,3,48
566366,566415,566417,2,49
566366,566416,566418,2,50
566362,566390,566417,27,28
566366,566416,566418,2,50
566366,566416,566418,2,50
566366,566416,566418,2,50
566362,566389,566411,22,27
566366,566416,566419,3,50
566366,566407,566418,11,41
566366,566417,566419,2,51
566366,566418,566419,1,52
566366,566417,566419,2,51
566366,566417,566420,3,51
566366,566402,566420,18,36
566366,566418,566421,3,52
566366,566418,566421,3,52
566366,566417,566421,4,51
566384,566419,566421,2,35
566366,566418,566421,3,52
566362,566387,566421,34,25
566366,566416,566422,6,50
566366,566405,566422,17,39
566384,566419,566422,3,35
566366,566407,566422,15,41
566384,566419,566423,4,35
566384,566420,566423,3,36
566384,566420,566423,3,36
566384,566420,566423,3,36
566384,566420,566424,4,36
566366,566418,566425,7,52
566384,566421,566427,6,37
566384,566421,566427,6,37
566366,566404,566427,23,38
566366,566400,566424,24,34
566366,566400,566426,26,34
566384,566419,566427,8,35
566384,566422,566428,6,38
566384,566422,566429,7,38
566366,566407,566429,22,41
566366,566411,566430,19,45
566384,566421,566431,10,37
566384,566419,566431,12,35
566366,566401,566433,32,35
566384,566424,566433,9,40
566384,566424,566434,10,40
566384,566429,566434,5,45
566384,566424,566436,12,40
566384,566422,566436,14,38
566384,566434,566436,2,50
566384,566423,566437,14,39
566384,566435,566437,2,51
566384,566435,566438,3,51
566384,566430,566438,8,46
566384,566437,566439,2,53
566384,566438,566440,2,54
566384,566436,566439,3,52
566384,566423,566441,18,39
566384,566438,566440,2,54
566384,566436,566441,5,52
566384,566438,566441,3,54
566384,566440,566442,2,56
566384,566440,566442,2,56
566384,566431,566442,11,47
566384,566439,566442,3,55
564956,564970,566442,1472,14
566384,566441,566443,2,57
566384,566440,566443,3,56
566384,566425,566439,14,41
566384,566442,566444,2,58
566384,566442,566444,2,58
566384,566430,566444,14,46
566384,566428,566444,16,44
566384,566442,566444,2,58
566384,566443,566445,2,59
566384,566443,566445,2,59
566384,566422,566445,23,38
566384,566441,566445,4,57
566384,566444,566446,2,60
566384,566442,566446,4,58
566384,566445,566446,1,61
566384,566443,566446,3,59
566384,566445,566447,2,61
566384,566445,566447,2,61
566384,566443,566447,4,59
566384,566443,566447,4,59
566384,566443,566448,5,59
566384,566423,566448,25,39
566384,566445,566449,4,61
566384,566428,566450,22,44
566384,566430,566451,21,46
566384,566431,566452,21,47
566384,566445,566452,7,61
566384,566421,566453,32,37
566384,566428,566452,24,44
566384,566433,566453,20,49
566384,566428,566455,27,44
566467,566467,566470,3,0
566467,566467,566470,3,0
566467,566468,566470,2,1
566467,566468,566470,2,1
566467,566468,566475,7,1
566467,566467,566476,9,0
566467,566471,566477,6,4
566467,566471,566478,7,4
566467,566471,566479,8,4
566467,566468,566479,11,1
566467,566471,566480,9,4
566467,566468,566482,14,1
566467,566467,566483,16,0
566467,566468,566484,16,1
566467,566479,566486,7,12
566467,566479,566486,7,12
566467,566481,566488,7,14
566467,566478,566488,10,11
566467,566476,566489,13,9
566467,566468,566489,21,1
566467,566467,566490,23,0
566467,566467,566491,24,0
566467,566468,566488,20,1
566467,566489,566492,3,22
566467,566487,566493,6,20
566467,566489,566492,3,22
566467,566468,566494,26,1
566467,566490,566494,4,23
566467,566490,566494,4,23
566467,566487,566494,7,20
566467,566479,566494,15,12
566467,566468,566495,27,1
566467,566483,566496,13,16
566467,566468,566495,27,1
566467,566480,566495,15,13
566467,566493,566495,2,26
566467,566493,566495,2,26
566467,566492,566496,4,25
566467,566493,566496,3,26
566467,566495,566497,2,28
566467,566492,566497,5,25
566467,566491,566497,6,24
566467,566495,566497,2,28
566467,566496,566498,2,29
566467,566496,566498,2,29
566467,566477,566498,21,10
566467,566497,566499,2,30
566467,566498,566500,2,31
566467,566496,566500,4,29
565478,565504,566500,996,26
566467,566497,566500,3,30
566467,566498,566500,2,31
566467,566499,566501,2,32
566467,566495,566501,6,28
566467,566500,566502,2,33
566467,566499,566503,4,32
566467,566497,566502,5,30
566467,566498,566502,4,31
566467,566468,566503,35,1
566467,566495,566503,8,28
566467,566498,566503,5,31
566501,566501,566504,3,0
566501,566501,566504,3,0
566467,566479,566503,24,12
566467,566479,566504,25,12
566467,566501,566505,4,34
566501,566501,566506,5,0
566501,566503,566506,3,2
566467,566484,566506,22,17
566501,566503,566506,3,2
566501,566505,566508,3,4
566501,566503,566508,5,2
566501,566503,566508,5,2
566501,566505,566510,5,4
566467,566497,566504,7,30
566467,566484,566506,22,17
566501,566507,566512,5,6
566501,566502,566513,11,1
566501,566506,566513,7,5
566501,566507,566514,7,6
566501,566507,566514,7,6
566501,566509,566515,6,8
566501,566504,566516,12,3
566501,566510,566518,8,9
566501,566515,566518,3,14
566501,566515,566518,3,14
566501,566507,566520,13,6
566501,566515,566520,5,14
566501,566506,566520,14,5
566501,566519,566522,3,18
566501,566506,566522,16,5
566501,566519,566523,4,18
566501,566519,566522,3,18
566501,566514,566523,9,13
566501,566514,566523,9,13
566467,566494,566523,29,27
566501,566521,566525,4,20
566501,566520,566525,5,19
566501,566522,566524,2,21
566467,566495,566526,31,28
566501,566523,566525,2,22
566501,566523,566525,2,22
565537,565549,566526,977,12
566501,566509,566526,17,8
566501,566513,566526,13,12
566501,566525,566527,2,24
566501,566523,566527,4,22
566501,566521,566528,7,20
566501,566526,566528,2,25
566501,566504,566528,24,3
566501,566525,566528,3,24
566501,566526,566528,2,25
566501,566527,566529,2,26
566501,566527,566529,2,26
566501,566524,566529,5,23
566501,566525,566529,4,24
566501,566529,566531,2,28
566501,566524,566530,6,23
566501,566509,566530,21,8
566501,566527,566531,4,26
566501,566528,566530,2,27
566501,566529,566531,2,28
566501,566529,566531,2,28
566501,566527,566532,5,26
566501,566528,566532,4,27
566501,566530,566532,2,29
566501,566528,566532,4,27
566501,566531,566533,2,30
566501,566524,566534,10,23
566501,566530,566534,4,29
566527,566531,566533,2,4
566501,566511,566534,23,10
566384,566423,566534,111,39
566384,566424,566534,110,40
566384,566427,566534,107,43
566384,566427,566534,107,43
566527,566531,566534,3,4
566501,566530,566535,5,29
566501,566531,566535,4,30
566527,566533,566537,4,6
566527,566534,566536,2,7
566467,566496,566537,41,29
566467,566496,566536,40,29
566501,566531,566537,6,30
566501,566531,566538,7,30
566527,566532,566537,5,5
566527,566534,566538,4,7
566501,566511,566537,26,10
566501,566528,566537,9,27
566527,566534,566539,5,7
566527,566535,566539,4,8
566527,566533,566539,6,6
566501,566504,566539,35,3
566527,566534,566540,6,7
566527,566535,566540,5,8
566501,566517,566541,24,16
566527,566534,566541,7,7
566527,566535,566541,6,8
566527,566533,566541,8,6
566527,566537,566541,4,10
566527,566538,566542,4,11
566527,566537,566542,5,10
566527,566541,566544,3,14
566527,566540,566544,4,13
566527,566541,566544,3,14
566527,566541,566544,3,14
566501,566526,566539,13,25
566527,566534,566541,7,7
566527,566542,566544,2,15
566527,566542,566544,2,15
566527,566540,566545,5,13
566527,566543,566546,3,16
566527,566541,566546,5,14
566527,566545,566547,2,18
566527,566544,566547,3,17
566527,566545,566548,3,18
566527,566545,566548,3,18
566527,566545,566547,2,18
566527,566540,566547,7,13
566527,566536,566548,12,9
566527,566546,566548,2,19
566527,566542,566548,6,15
566527,566546,566549,3,19
566527,566542,566549,7,15
566527,566546,566549,3,19
566527,566547,566549,2,20
566527,566548,566549,1,21
566527,566549,566550,1,22
566527,566536,566549,13,9
566527,566549,566551,2,22
566527,566549,566552,3,22
566527,566538,566552,14,11
566527,566549,566552,3,22
566527,566550,566552,2,23
566527,566548,566552,4,21
566527,566548,566552,4,21
566527,566548,566552,4,21
566527,566548,566552,4,21
566527,566547,566552,5,20
566527,566551,566553,2,24
566527,566551,566553,2,24
566527,566538,566553,15,11
566527,566534,566548,14,7
566527,566549,566554,5,22
566527,566537,566554,17,10
566527,566541,566555,14,14
566527,566549,566554,5,22
566527,566551,566555,4,24
566527,566552,566555,3,25
566527,566548,566555,7,21
566527,566539,566563,24,12
566527,566545,566565,20,18
566527,566540,566566,26,13
566527,566545,566568,23,18
566527,566537,566572,35,10
566527,566539,566574,35,12
565223,565245,566718,1473,22
566720,566720,566723,3,0
566720,566720,566723,3,0
566720,566720,566723,3,0
566720,566720,566724,4,0
566720,566720,566724,4,0
566720,566720,566724,4,0
566720,566720,566724,4,0
566720,566720,566724,4,0
566720,566720,566724,4,0
566720,566720,566731,11,0
566720,566725,566731,6,5
566720,566725,566731,6,5
566720,566725,566732,7,5
566720,566724,566732,8,4
566720,566725,566733,8,5
566720,566725,566734,9,5
566720,566725,566734,9,5
566720,566720,566733,13,0
566720,566720,566735,15,0
566720,566732,566735,3,12
566720,566721,566736,15,1
566720,566733,566736,3,13
566720,566732,566736,4,12
566720,566733,566736,3,13
566720,566723,566737,14,3
566720,566735,566737,2,15
566720,566725,566738,13,5
566720,566720,566738,18,0
566720,566720,566738,18,0
566720,566734,566738,4,14
566720,566735,566738,3,15
566720,566736,566738,2,16
566720,566720,566739,19,0
566720,566737,566739,2,17
566720,566738,566740,2,18
566720,566737,566739,2,17
566720,566737,566739,2,17
566720,566721,566740,19,1
566720,566731,566740,9,11
566720,566738,566740,2,18
566720,566720,566741,21,0
566720,566736,566741,5,16
566720,566736,566741,5,16
566720,566740,566742,2,20
566720,566740,566741,1,20
566720,566739,566741,2,19
566720,566739,566741,2,19
566720,566720,566740,20,0
566720,566738,566742,4,18
566720,566739,566742,3,19
566720,566740,566742,2,20
566720,566740,566742,2,20
566720,566740,566743,3,20
566720,566742,566744,2,22
566720,566742,566744,2,22
566720,566741,566743,2,21
566720,566741,566744,3,21
566720,566741,566744,3,21
566720,566720,566744,24,0
566720,566721,566745,24,1
566720,566742,566745,3,22
566720,566721,566737,16,1
566720,566736,566746,10,16
566720,566742,566746,4,22
566720,566742,566747,5,22
566720,566739,566748,9,19
566720,566720,566752,32,0
566720,566720,566753,33,0
566720,566720,566759,39,0
566720,566739,566767,28,19
565815,565829,566808,979,14
566810,566810,566813,3,0
566810,566810,566813,3,0
566810,566810,566814,4,0
566810,566810,566814,4,0
566810,566810,566813,3,0
566810,566810,566813,3,0
566810,566810,566814,4,0
566810,566810,566814,4,0
566810,566810,566816,6,0
566810,566813,566817,4,3
566810,566814,566818,4,4
566810,566814,566818,4,4
566810,566814,566818,4,4
566810,566813,566818,5,3
566810,566814,566818,4,4
566810,566814,566818,4,4
566810,566810,566819,9,0
566810,566810,566819,9,0
566810,566816,566819,3,6
566810,566810,566820,10,0
566810,566814,566820,6,4
566810,566817,566820,3,7
566810,566818,566820,2,8
566810,566818,566821,3,8
566810,566818,566821,3,8
566810,566818,566821,3,8
566810,566818,566821,3,8
566810,566818,566820,2,8
566810,566821,566822,1,11
566810,566821,566822,1,11
566810,566810,566823,13,0
566810,566819,566823,4,9
566810,566810,566822,12,0
566810,566819,566822,3,9
566810,566820,566824,4,10
566810,566821,566823,2,11
566810,566821,566824,3,11
566810,566822,566824,2,12
566810,566822,566824,2,12
566810,566822,566824,2,12
566810,566823,566824,1,13
566810,566823,566824,1,13
566810,566810,566826,16,0
566810,566810,566826,16,0
566810,566823,566826,3,13
566810,566820,566826,6,10
566810,566825,566827,2,15
566810,566823,566827,4,13
566810,566824,566827,3,14
566810,566825,566827,2,15
566810,566825,566827,2,15
566810,566825,566827,2,15
566810,566825,566827,2,15
566810,566825,566827,2,15
566810,566819,566828,9,9
566810,566810,566828,18,0
566810,566810,566828,18,0
566810,566810,566829,19,0
566810,566810,566829,19,0
566810,566823,566829,6,13
566810,566823,566829,6,13
566810,566824,566829,5,14
566810,566826,566829,3,16
566810,566826,566830,4,16
566810,566826,566831,5,16
566810,566810,566830,20,0
566810,566810,566833,23,0
566810,566810,566837,27,0
566810,566810,566836,26,0
566810,566810,566840,30,0
565967,565979,566961,982,12
566963,566963,566965,2,0
566963,566963,566966,3,0
566963,566963,566965,2,0
566963,566963,566965,2,0
566963,566963,566967,4,0
566963,566963,566966,3,0
566963,566963,566968,5,0
566963,566966,566969,3,3
566963,566963,566968,5,0
566963,566963,566968,5,0
566963,566966,566968,2,3
566963,566966,566968,2,3
566963,566966,566969,3,3
566963,566967,566969,2,4
566963,566967,566970,3,4
566963,566963,566970,7,0
566963,566969,566971,2,6
566963,566963,566971,8,0
566963,566963,566972,9,0
566963,566969,566971,2,6
566963,566969,566972,3,6
566963,566969,566971,2,6
566963,566970,566972,2,7
566963,566969,566971,2,6
566963,566969,566971,2,6
566963,566963,566973,10,0
566963,566963,566972,9,0
566963,566971,566973,2,8
566963,566970,566972,2,7
566963,566963,566973,10,0
566963,566963,566973,10,0
566963,566972,566974,2,9
566963,566963,566974,11,0
566963,566972,566974,2,9
566963,566973,566975,2,10
566963,566972,566974,2,9
566963,566972,566974,2,9
566963,566963,566975,12,0
566963,566972,566976,4,9
566963,566974,566976,2,11
566963,566973,566975,2,10
566963,566971,566976,5,8
566963,566963,566976,13,0
566963,566963,566976,13,0
566963,566973,566977,4,10
566963,566972,566976,4,9
566963,566963,566977,14,0
566963,566973,566976,3,10
566963,566975,566977,2,12
566963,566974,566977,3,11
566963,566975,566977,2,12
566963,566976,566978,2,13
566963,566975,566977,2,12
566963,566975,566977,2,12
566963,566963,566978,15,0
566963,566976,566978,2,13
566963,566963,566978,15,0
566963,566963,566979,16,0
566963,566976,566979,3,13
566963,566972,566979,7,9
566963,566975,566980,5,12
566963,566976,566980,4,13
566963,566977,566980,3,14
565468,565490,566981,1491,22
566963,566974,566980,6,11
566963,566972,566980,8,9
566963,566977,566981,4,14
566963,566969,566981,12,6
566963,566977,566983,6,14
566981,566981,566984,3,0
566981,566981,566984,3,0
566981,566981,566984,3,0
565466,565490,566984,1494,24
566981,566981,566985,4,0
566981,566981,566985,4,0
566981,566981,566985,4,0
566963,566977,566985,8,14
566981,566981,566986,5,0
566981,566981,566987,6,0
566963,566963,566988,25,0
566981,566981,566987,6,0
566981,566981,566988,7,0
566981,566986,566989,3,5
566981,566986,566989,3,5
566981,566981,566990,9,0
566981,566985,566990,5,4
566981,566986,566990,4,5
566981,566981,566992,11,0
566981,566984,566992,8,3
566981,566984,566992,8,3
566981,566981,566993,12,0
566981,566990,566993,3,9
566981,566990,566993,3,9
566981,566981,566993,12,0
566981,566984,566993,9,3
566981,566990,566993,3,9
566981,566990,566993,3,9
566981,566987,566993,6,6
566981,566989,566993,4,8
566981,566986,566993,7,5
566981,566993,566995,2,12
566981,566993,566995,2,12
566981,566981,566996,15,0
566981,566990,566995,5,9
566981,566994,566996,2,13
566981,566994,566996,2,13
566981,566994,566996,2,13
566981,566994,566996,2,13
566981,566981,566996,15,0
566981,566996,566997,1,15
566981,566996,566998,2,15
566981,566994,566997,3,13
566981,566994,566997,3,13
566981,566994,566997,3,13
566981,566982,566998,16,1
566981,566981,566999,18,0
566981,566993,566999,6,12
566981,566997,566999,2,16
566981,566997,566999,2,16
566981,566994,567000,6,13
566981,566997,566999,2,16
566981,566997,567000,3,16
566981,566998,567000,2,17
566981,566998,567000,2,17
566981,566998,567000,2,17
566981,566998,567000,2,17
566981,566998,567000,2,17
566981,566981,567001,20,0
566981,566997,567001,4,16
566981,566992,566997,5,11
566981,566997,567001,4,16
566981,566998,567002,4,17
566985,567000,567003,3,15
566985,567000,567003,3,15
566985,567000,567003,3,15
566985,567001,567003,2,16
566985,567001,567004,3,16
566985,567001,567004,3,16
566985,567001,567004,3,16
566985,567001,567005,4,16
566981,566999,567005,6,18
566985,567000,567006,6,15
566985,567001,567007,6,16
566985,567003,567007,4,18
566981,566984,567008,24,3
566981,566988,567009,21,7
566985,567004,567009,5,19
566985,567004,567010,6,19
566985,567002,567011,9,17
566985,567004,567010,6,19
566030,566043,567010,967,13
566985,567004,567011,7,19
566985,567005,567012,7,20
566985,567005,567012,7,20
566981,566997,567010,13,16
566981,566988,567012,24,7
566985,567004,567013,9,19
566985,567005,567013,8,20
566985,567002,567013,11,17
566985,567010,567014,4,25
566985,567010,567013,3,25
566985,567011,567014,3,26
566981,566981,567015,34,0
566985,567011,567015,4,26
566985,567012,567015,3,27
566985,567013,567015,2,28
566985,567003,567015,12,18
566985,567012,567015,3,27
566985,567012,567015,3,27
566985,567013,567016,3,28
566985,567014,567016,2,29
566985,567008,567016,8,23
566985,567014,567017,3,29
566985,567015,567017,2,30
566981,566994,567012,18,13
566981,566981,567018,37,0
566981,566983,567018,35,2
566985,567016,567018,2,31
566985,567016,567018,2,31
566985,567014,567019,5,29
566985,567016,567018,2,31
566985,567017,567019,2,32
566981,566982,567020,38,1
566985,567017,567019,2,32
566985,567017,567019,2,32
566985,567017,567019,2,32
566985,567006,567019,13,21
566985,567018,567020,2,33
566985,567016,567020,4,31
566985,567016,567020,4,31
566985,567016,567020,4,31
566985,567016,567020,4,31
566985,567018,567020,2,33
566985,567019,567021,2,34
566985,567010,567021,11,25
566985,567018,567021,3,33
566985,567013,567022,9,28
566985,567019,567022,3,34
566985,567020,567022,2,35
566985,567020,567023,3,35
566985,567006,567023,17,21
566985,567020,567023,3,35
566985,567019,567023,4,34
566985,567020,567025,5,35
566985,567016,567026,10,31
567024,567024,567027,3,0
567024,567024,567026,2,0
567024,567024,567027,3,0
566985,567020,567027,7,35
567024,567024,567028,4,0
566985,567007,567027,20,22
567024,567024,567028,4,0
567024,567024,567028,4,0
567024,567024,567028,4,0
567024,567024,567028,4,0
567024,567024,567028,4,0
566985,567018,567025,7,33
566985,567009,567029,20,24
567024,567028,567030,2,4
567024,567028,567032,4,4
567024,567024,567032,8,0
567024,567029,567032,3,5
567024,567027,567032,5,3
567024,567028,567032,4,4
567024,567024,567034,10,0
567024,567028,567034,6,4
567024,567032,567035,3,8
567024,567027,567035,8,3
567024,567031,567035,4,7
567024,567032,567035,3,8
566985,567002,567029,27,17
566985,567012,567034,22,27
567024,567028,567036,8,4
567024,567024,567036,12,0
567024,567032,567036,4,8
567024,567033,567036,3,9
567024,567033,567036,3,9
567024,567028,567037,9,4
567024,567027,567037,10,3
567024,567035,567038,3,11
567024,567035,567038,3,11
567024,567035,567038,3,11
567024,567034,567039,5,10
567024,567036,567039,3,12
567024,567036,567038,2,12
567024,567035,567040,5,11
567024,567026,567040,14,2
567024,567038,567040,2,14
567024,567038,567041,3,14
567024,567036,567040,4,12
567024,567038,567040,2,14
567024,567038,567041,3,14
567024,567036,567041,5,12
567024,567024,567042,18,0
567024,567039,567042,3,15
567024,567040,567042,2,16
567024,567036,567043,7,12
566985,567035,567042,7,50
567024,567041,567043,2,17
567024,567041,567043,2,17
567024,567028,567044,16,4
567024,567035,567044,9,11
567024,567041,567044,3,17
567024,567042,567044,2,18
567024,567036,567044,8,12
567024,567036,567044,8,12
566985,567011,567044,33,26
567024,567030,567044,14,6
567024,567040,567045,5,16
567024,567042,567045,3,18
567024,567043,567045,2,19
567024,567039,567046,7,15
567024,567041,567046,5,17
567024,567040,567046,6,16
567024,567042,567046,4,18
567024,567037,567046,9,13
567024,567044,567048,4,20
567024,567027,567050,23,3
567024,567029,567047,18,5
567024,567024,567054,30,0
567024,567024,567055,31,0
567024,567043,567056,13,19
567024,567042,567057,15,18
566254,566268,567266,998,14
567267,567267,567270,3,0
567267,567267,567270,3,0
567267,567267,567270,3,0
567267,567267,567271,4,0
567267,567267,567270,3,0
567267,567267,567271,4,0
567267,567267,567271,4,0
567267,567267,567272,5,0
567267,567267,567271,4,0
567267,567267,567271,4,0
567267,567267,567271,4,0
567267,567270,567272,2,3
567267,567267,567272,5,0
567267,567267,567273,6,0
567267,567271,567273,2,4
566255,566307,567274,967,52
567267,567271,567273,2,4
567267,567271,567274,3,4
567267,567267,567274,7,0
567267,567272,567274,2,5
567267,567272,567274,2,5
567267,567272,567275,3,5
567267,567272,567274,2,5
567267,567267,567275,8,0
567267,567271,567275,4,4
567267,567267,567276,9,0
567267,567273,567275,2,6
567267,567272,567275,3,5
567267,567272,567276,4,5
567267,567267,567276,9,0
567267,567267,567276,9,0
567267,567274,567276,2,7
567267,567274,567276,2,7
567267,567274,567276,2,7
567267,567274,567277,3,7
567267,567272,567277,5,5
567267,567267,567277,10,0
567267,567275,567278,3,8
567267,567275,567277,2,8
567267,567275,567277,2,8
567267,567276,567278,2,9
567267,567275,567278,3,8
567267,567276,567279,3,9
567267,567276,567280,4,9
567267,567277,567279,2,10
567267,567277,567279,2,10
567267,567277,567279,2,10
567267,567277,567280,3,10
567267,567278,567280,2,11
567267,567276,567280,4,9
567267,567276,567281,5,9
567267,567278,567281,3,11
567267,567278,567281,3,11
567267,567277,567282,5,10
567267,567279,567281,2,12
567267,567278,567283,5,11
567267,567280,567282,2,13
567267,567279,567282,3,12
567267,567279,567283,4,12
567275,567280,567283,3,5
567267,567277,567281,4,10
567267,567280,567284,4,13
567275,567280,567283,3,5
567267,567267,567284,17,0
567267,567267,567284,17,0
567267,567275,567284,9,8
567275,567280,567284,4,5
567267,567278,567286,8,11
567275,567282,567286,4,7
567275,567281,567285,4,6
567267,567267,567286,19,0
567275,567281,567287,6,6
567275,567284,567287,3,9
567267,567274,567287,13,7
567267,567277,567287,10,10
567275,567285,567288,3,10
567275,567286,567289,3,11
567275,567286,567289,3,11
567275,567281,567289,8,6
567275,567285,567289,4,10
567275,567282,567289,7,7
567275,567281,567290,9,6
567275,567287,567290,3,12
567275,567287,567290,3,12
567267,567267,567291,24,0
567275,567283,567290,7,8
567275,567289,567291,2,14
567275,567288,567292,4,13
567275,567285,567292,7,10
567275,567289,567292,3,14
567275,567283,567292,9,8
567275,567288,567293,5,13
567275,567286,567293,7,11
567275,567291,567293,2,16
567275,567291,567293,2,16
567275,567291,567293,2,16
567275,567290,567294,4,15
567275,567284,567293,9,9
567275,567287,567294,7,12
567275,567283,567293,10,8
567275,567283,567293,10,8
567275,567292,567294,2,17
567275,567290,567294,4,15
567275,567290,567294,4,15
567275,567290,567294,4,15
567275,567290,567294,4,15
567275,567292,567295,3,17
567275,567293,567295,2,18
567275,567293,567295,2,18
567275,567294,567296,2,19
567275,567294,567296,2,19
567275,567294,567297,3,19
567275,567294,567297,3,19
567275,567295,567297,2,20
567275,567285,567297,12,10
567275,567283,567297,14,8
567275,567294,567298,4,19
567275,567294,567298,4,19
567275,567296,567298,2,21
567275,567296,567298,2,21
567275,567296,567298,2,21
567275,567294,567298,4,19
567275,567297,567299,2,22
567275,567295,567299,4,20
567275,567292,567300,8,17
567275,567293,567300,7,18
567275,567295,567299,4,20
567275,567293,567300,7,18
567275,567295,567299,4,20
567275,567298,567301,3,23
567275,567295,567300,5,20
567275,567298,567301,3,23
567275,567298,567301,3,23
567275,567297,567302,5,22
567275,567298,567302,4,23
567275,567292,567303,11,17
567275,567291,567304,13,16
567275,567284,567302,18,9
567275,567298,567319,21,23
567267,567267,567322,55,0
565821,565842,567322,1480,21
566257,566308,567324,1016,51
567267,567267,567327,60,0
567344,567344,567347,3,0
567344,567344,567348,4,0
567344,567344,567348,4,0
567344,567344,567348,4,0
567344,567344,567348,4,0
567344,567344,567348,4,0
567344,567344,567347,3,0
567344,567344,567348,4,0
567344,567344,567349,5,0
567344,567344,567348,4,0
567344,567347,567351,4,3
567344,567348,567351,3,4
567344,567348,567351,3,4
567344,567348,567351,3,4
567344,567348,567352,4,4
567344,567349,567352,3,5
567344,567344,567352,8,0
567344,567344,567353,9,0
567344,567349,567353,4,5
567344,567349,567353,4,5
567344,567344,567353,9,0
567344,567344,567354,10,0
567344,567351,567354,3,7
567344,567351,567354,3,7
567344,567351,567354,3,7
567344,567352,567355,3,8
567344,567352,567355,3,8
567344,567354,567356,2,10
567344,567344,567355,11,0
567344,567344,567355,11,0
567344,567352,567355,3,8
567344,567354,567356,2,10
567344,567354,567356,2,10
567344,567344,567357,13,0
567344,567354,567357,3,10
567344,567354,567357,3,10
567344,567353,567358,5,9
567344,567344,567357,13,0
567344,567355,567358,3,11
567344,567355,567358,3,11
567344,567357,567358,1,13
567344,567356,567358,2,12
567344,567344,567359,15,0
567344,567344,567359,15,0
567344,567354,567359,5,10
567344,567356,567359,3,12
567344,567357,567359,2,13
567344,567344,567360,16,0
567344,567344,567360,16,0
567344,567358,567360,2,14
567344,567358,567360,2,14
567344,567359,567361,2,15
567344,567344,567361,17,0
567344,567354,567361,7,10
567344,567359,567361,2,15
567344,567359,567361,2,15
567344,567359,567361,2,15
567344,567344,567362,18,0
567344,567353,567362,9,9
567344,567357,567362,5,13
567344,567358,567362,4,14
567344,567358,567362,4,14
567344,567344,567363,19,0
567344,567359,567363,4,15
567344,567356,567362,6,12
567344,567360,567363,3,16
567344,567361,567363,2,17
567344,567360,567363,3,16
567344,567361,567364,3,17
567344,567361,567365,4,17
567344,567364,567365,1,20
567344,567348,567366,18,4
567344,567348,567366,18,4
567344,567359,567366,7,15
567344,567364,567366,2,20
567344,567364,567366,2,20
567344,567365,567367,2,21
567344,567365,567367,2,21
567344,567366,567368,2,22
567344,567363,567368,5,19
567344,567362,567368,6,18
567344,567366,567369,3,22
567344,567366,567369,3,22
567344,567367,567369,2,23
567344,567362,567369,7,18
567344,567367,567369,2,23
567344,567367,567369,2,23
567344,567368,567370,2,24
567344,567363,567370,7,19
567344,567360,567370,10,16
567344,567366,567370,4,22
566363,566396,567371,975,33
567344,567368,567370,2,24
567344,567362,567371,9,18
567344,567362,567371,9,18
567344,567370,567372,2,26
567344,567370,567372,2,26
567344,567369,567372,3,25
567344,567360,567372,12,16
567344,567370,567372,2,26
567344,567370,567373,3,26
567344,567370,567373,3,26
567344,567368,567372,4,24
567344,567368,567373,5,24
567344,567371,567373,2,27
567344,567372,567374,2,28
567344,567372,567374,2,28
567344,567371,567375,4,27
567344,567372,567374,2,28
567344,567372,567374,2,28
567344,567371,567374,3,27
567344,567369,567373,4,25
567344,567362,567375,13,18
567344,567371,567375,4,27
567344,567373,567375,2,29
567344,567359,567365,6,15
567344,567373,567375,2,29
567344,567373,567375,2,29
567344,567374,567376,2,30
567344,567374,567376,2,30
567344,567374,567376,2,30
567344,567373,567377,4,29
567344,567356,567377,21,12
567344,567370,567377,7,26
567344,567375,567377,2,31
567344,567375,567377,2,31
567344,567375,567377,2,31
566367,566419,567377,958,52
567344,567361,567378,17,17
567344,567374,567378,4,30
567344,567375,567379,4,31
567344,567376,567379,3,32
567344,567372,567380,8,28
567372,567376,567379,3,4
567372,567376,567380,4,4
567344,567362,567380,18,18
567344,567364,567380,16,20
567372,567376,567381,5,4
567344,567375,567380,5,31
567372,567378,567382,4,6
567372,567377,567382,5,5
567372,567377,567381,4,5
567372,567380,567382,2,8
567372,567378,567383,5,6
567372,567379,567383,4,7
567372,567378,567383,5,6
567372,567380,567382,2,8
567344,567373,567384,11,29
567372,567378,567384,6,6
567372,567380,567383,3,8
567372,567380,567383,3,8
567372,567382,567384,2,10
567372,567381,567384,3,9
567372,567382,567384,2,10
567372,567382,567384,2,10
567372,567381,567384,3,9
567372,567379,567384,5,7
567372,567381,567385,4,9
567372,567383,567385,2,11
567372,567382,567385,3,10
567344,567361,567386,25,17
567344,567376,567385,9,32
567372,567379,567385,6,7
567372,567381,567386,5,9
567372,567383,567386,3,11
567372,567384,567386,2,12
567372,567383,567386,3,11
567372,567384,567386,2,12
567372,567378,567386,8,6
567372,567384,567386,2,12
567372,567383,567386,3,11
567372,567384,567387,3,12
567372,567385,567387,2,13
567372,567377,567387,10,5
567372,567384,567387,3,12
567372,567386,567387,1,14
567372,567387,567388,1,15
567372,567386,567389,3,14
567372,567384,567389,5,12
567372,567386,567389,3,14
567372,567386,567389,3,14
567372,567387,567389,2,15
567372,567388,567389,1,16
567372,567378,567389,11,6
567372,567384,567389,5,12
567372,567387,567390,3,15
567372,567385,567390,5,13
567372,567385,567390,5,13
567372,567387,567390,3,15
567372,567388,567390,2,16
567372,567389,567391,2,17
567372,567385,567390,5,13
567372,567386,567390,4,14
567372,567389,567391,2,17
567372,567390,567391,1,18
567372,567390,567391,1,18
567372,567389,567392,3,17
567372,567387,567392,5,15
567372,567389,567392,3,17
567372,567390,567393,3,18
567372,567389,567394,5,17
567372,567384,567394,10,12
567372,567387,567394,7,15
567344,567363,567386,23,19
567379,567391,567395,4,12
567379,567391,567395,4,12
567379,567393,567395,2,14
567372,567390,567396,6,18
567379,567391,567395,4,12
567379,567391,567395,4,12
567379,567393,567396,3,14
567379,567392,567396,4,13
567379,567390,567397,7,11
567379,567392,567397,5,13
567379,567392,567397,5,13
567379,567396,567398,2,17
567379,567395,567398,3,16
567379,567396,567398,2,17
567379,567396,567398,2,17
567379,567396,567398,2,17
567379,567396,567398,2,17
567379,567396,567398,2,17
567379,567395,567399,4,16
567379,567397,567400,3,18
567379,567394,567400,6,15
567379,567399,567401,2,20
567379,567398,567400,2,19
567379,567398,567400,2,19
567379,567398,567400,2,19
567379,567399,567402,3,20
567372,567387,567401,14,15
567379,567396,567402,6,17
567379,567399,567401,2,20
567379,567399,567401,2,20
567379,567399,567401,2,20
567379,567391,567401,10,12
567379,567399,567402,3,20
567379,567401,567403,2,22
567372,567386,567403,17,14
567379,567400,567403,3,21
567379,567400,567402,2,21
567379,567401,567404,3,22
567379,567401,567403,2,22
567379,567401,567403,2,22
567379,567402,567404,2,23
567379,567403,567404,1,24
567379,567402,567404,2,23
567379,567402,567404,2,23
567379,567398,567404,6,19
567379,567402,567405,3,23
567379,567393,567405,12,14
567379,567402,567405,3,23
567372,567386,567405,19,14
567372,567386,567406,20,14
567379,567404,567406,2,25
567379,567404,567406,2,25
567379,567401,567406,5,22
567379,567403,567406,3,24
567379,567404,567407,3,25
567379,567405,567407,2,26
567379,567404,567407,3,25
567379,567402,567406,4,23
567379,567404,567406,2,25
567379,567406,567408,2,27
567372,567390,567407,17,18
567379,567405,567408,3,26
567379,567405,567407,2,26
567379,567406,567408,2,27
567379,567405,567408,3,26
567379,567391,567409,18,12
567379,567402,567408,6,23
567379,567403,567409,6,24
567379,567406,567409,3,27
567379,567405,567410,5,26
567379,567406,567410,4,27
567379,567406,567411,5,27
567379,567402,567412,10,23
567379,567406,567413,7,27
567379,567395,567412,17,16
567344,567362,567418,56,18
567344,567363,567425,62,19
567379,567406,567432,26,27
566387,566445,567448,1003,58
566469,566501,567457,956,32
567460,567460,567462,2,0
567460,567460,567463,3,0
567460,567460,567463,3,0
567460,567460,567464,4,0
567460,567460,567464,4,0
567460,567460,567465,5,0
567460,567460,567465,5,0
567460,567460,567465,5,0
567460,567460,567466,6,0
567460,567460,567466,6,0
567460,567463,567465,2,3
567460,567460,567466,6,0
567460,567460,567466,6,0
567460,567464,567466,2,4
567460,567460,567466,6,0
567460,567463,567466,3,3
567460,567464,567467,3,4
567460,567460,567467,7,0
567460,567464,567466,2,4
567460,567460,567467,7,0
567460,567460,567468,8,0
567460,567465,567467,2,5
567460,567460,567469,9,0
567460,567460,567469,9,0
567460,567466,567469,3,6
567460,567466,567469,3,6
567460,567466,567469,3,6
567460,567466,567469,3,6
567460,567466,567469,3,6
567460,567467,567469,2,7
567460,567465,567470,5,5
567460,567465,567470,5,5
567460,567468,567470,2,8
567460,567468,567470,2,8
567460,567468,567470,2,8
567460,567460,567471,11,0
567460,567460,567471,11,0
567460,567466,567471,5,6
567460,567466,567471,5,6
567460,567469,567471,2,9
567460,567469,567471,2,9
567460,567470,567472,2,10
567460,567470,567472,2,10
567460,567470,567472,2,10
567460,567470,567472,2,10
567460,567470,567472,2,10
567460,567460,567471,11,0
567460,567460,567471,11,0
567460,567469,567473,4,9
567460,567471,567473,2,11
567460,567471,567473,2,11
567460,567471,567473,2,11
567460,567472,567474,2,12
567460,567472,567474,2,12
567460,567460,567473,13,0
567460,567468,567475,7,8
567460,567471,567475,4,11
567460,567470,567475,5,10
567460,567473,567475,2,13
567460,567473,567475,2,13
567460,567473,567475,2,13
567460,567471,567476,5,11
567460,567471,567476,5,11
567460,567460,567477,17,0
567460,567471,567481,10,11
567460,567470,567482,12,10
567460,567460,567482,22,0
567460,567460,567483,23,0
567460,567468,567484,16,8
566504,566531,567486,955,27
567460,567469,567487,18,9
567487,567487,567490,3,0
567487,567487,567490,3,0
567487,567487,567489,2,0
567487,567487,567489,2,0
567487,567487,567491,4,0
567487,567487,567491,4,0
567487,567487,567491,4,0
567487,567487,567491,4,0
567487,567487,567491,4,0
567487,567487,567492,5,0
567487,567487,567492,5,0
567487,567487,567492,5,0
567487,567487,567492,5,0
567487,567487,567491,4,0
567487,567487,567493,6,0
567487,567490,567493,3,3
567487,567490,567493,3,3
567487,567490,567493,3,3
567487,567490,567493,3,3
567487,567487,567493,6,0
567487,567487,567493,6,0
567487,567487,567494,7,0
567487,567491,567494,3,4
567487,567487,567494,7,0
567487,567487,567495,8,0
567487,567487,567495,8,0
567487,567491,567495,4,4
567487,567493,567495,2,6
567487,567492,567495,3,5
567487,567492,567495,3,5
567487,567487,567496,9,0
567487,567487,567496,9,0
567487,567493,567496,3,6
567487,567493,567496,3,6
567487,567492,567496,4,5
567487,567493,567496,3,6
567487,567493,567496,3,6
567487,567493,567496,3,6
567487,567491,567496,5,4
567487,567492,567497,5,5
567487,567492,567496,4,5
567487,567495,567497,2,8
567487,567495,567497,2,8
567487,567495,567497,2,8
567487,567497,567499,2,10
567487,567496,567498,2,9
567487,567493,567497,4,6
567487,567496,567499,3,9
567487,567497,567499,2,10
567487,567497,567499,2,10
567487,567496,567499,3,9
567487,567497,567499,2,10
567487,567495,567500,5,8
567487,567498,567500,2,11
567487,567498,567500,2,11
567487,567497,567500,3,10
567487,567497,567501,4,10
567487,567498,567501,3,11
567487,567494,567502,8,7
567487,567497,567502,5,10
567487,567497,567503,6,10
567487,567495,567503,8,8
567487,567496,567503,7,9
567487,567496,567503,7,9
567487,567487,567510,23,0
567487,567495,567510,15,8
567487,567487,567511,24,0
567487,567491,567511,20,4
567487,567487,567512,25,0
567517,567517,567520,3,0
567517,567517,567519,2,0
567517,567517,567521,4,0
567517,567517,567521,4,0
567517,567517,567521,4,0
567517,567517,567520,3,0
567517,567517,567521,4,0
567517,567517,567522,5,0
567517,567517,567521,4,0
567517,567517,567522,5,0
567517,567517,567521,4,0
567517,567517,567521,4,0
567517,567517,567522,5,0
567517,567517,567522,5,0
567517,567520,567523,3,3
567517,567517,567523,6,0
567517,567520,567523,3,3
567517,567517,567523,6,0
567517,567517,567523,6,0
567517,567517,567524,7,0
567517,567521,567524,3,4
567517,567522,567525,3,5
567517,567517,567524,7,0
567517,567521,567525,4,4
567517,567522,567526,4,5
567517,567523,567526,3,6
567517,567517,567526,9,0
567517,567521,567527,6,4
567517,567523,567526,3,6
567517,567523,567526,3,6
567517,567522,567526,4,5
567517,567524,567527,3,7
567517,567524,567528,4,7
567517,567517,567528,11,0
567517,567524,567528,4,7
567517,567523,567527,4,6
567517,567525,567528,3,8
567517,567526,567528,2,9
567517,567522,567528,6,5
567517,567521,567528,7,4
567517,567525,567528,3,8
567517,567526,567528,2,9
567517,567527,567529,2,10
567517,567522,567529,7,5
567487,567491,567529,38,4
567517,567527,567530,3,10
567517,567527,567530,3,10
567517,567517,567531,14,0
567517,567528,567531,3,11
567517,567524,567531,7,7
567517,567524,567531,7,7
567517,567527,567530,3,10
567517,567528,567531,3,11
567517,567528,567531,3,11
567517,567528,567531,3,11
567517,567526,567531,5,9
567517,567527,567531,4,10
567517,567528,567531,3,11
567517,567529,567532,3,12
567517,567529,567531,2,12
567517,567529,567531,2,12
567517,567530,567533,3,13
567517,567528,567534,6,11
567517,567529,567534,5,12
567517,567529,567534,5,12
567517,567521,567534,13,4
567517,567530,567535,5,13
567517,567517,567537,20,0
567517,567517,567540,23,0
567517,567530,567539,9,13
566041,566064,567541,1477,23
567517,567527,567541,14,10
567556,567556,567559,3,0
567556,567556,567559,3,0
567556,567556,567560,4,0
567556,567556,567560,4,0
567556,567556,567560,4,0
567556,567556,567560,4,0
567556,567556,567561,5,0
567556,567556,567562,6,0
567556,567559,567562,3,3
567556,567560,567562,2,4
567556,567560,567563,3,4
567556,567561,567563,2,5
567556,567556,567564,8,0
567556,567561,567563,2,5
567556,567561,567564,3,5
567556,567556,567563,7,0
567556,567556,567564,8,0
567556,567556,567564,8,0
567556,567556,567564,8,0
567556,567563,567565,2,7
567556,567563,567565,2,7
567556,567556,567565,9,0
567556,567560,567566,6,4
567556,567556,567565,9,0
567556,567563,567566,3,7
567556,567564,567566,2,8
567556,567556,567567,11,0
567556,567562,567567,5,6
567556,567564,567566,2,8
567556,567564,567567,3,8
567556,567556,567568,12,0
567556,567564,567568,4,8
567556,567566,567568,2,10
567556,567566,567568,2,10
567556,567556,567569,13,0
567556,567567,567569,2,11
567556,567566,567569,3,10
567556,567565,567568,3,9
567556,567566,567570,4,10
567556,567567,567569,2,11
567556,567566,567570,4,10
567556,567567,567570,3,11
567556,567569,567571,2,13
567556,567569,567571,2,13
567556,567566,567571,5,10
567556,567567,567571,4,11
567556,567556,567571,15,0
567556,567569,567571,2,13
567556,567556,567571,15,0
567556,567565,567572,7,9
567556,567568,567572,4,12
567556,567569,567572,3,13
567556,567570,567572,2,14
567556,567571,567573,2,15
567556,567565,567573,8,9
567556,567570,567573,3,14
567556,567570,567573,3,14
567556,567570,567574,4,14
567556,567571,567573,2,15
567556,567556,567574,18,0
567556,567571,567576,5,15
567556,567556,567578,22,0
567556,567568,567578,10,12
567556,567570,567578,8,14
567556,567556,567579,23,0
567556,567567,567579,12,11
567556,567569,567580,11,13
567556,567556,567580,24,0
567556,567556,567582,26,0
567556,567565,567600,35,9
566721,566742,567688,946,21
567689,567689,567691,2,0
567689,567689,567692,3,0
567689,567689,567691,2,0
567689,567689,567692,3,0
567689,567689,567693,4,0
567689,567689,567694,5,0
567689,567691,567694,3,2
567689,567689,567694,5,0
567689,567689,567695,6,0
567689,567689,567694,5,0
567689,567689,567694,5,0
567689,567689,567695,6,0
567689,567689,567695,6,0
567689,567689,567695,6,0
566210,566220,567695,1475,10
567689,567689,567696,7,0
567689,567692,567695,3,3
567689,567689,567696,7,0
567689,567689,567696,7,0
567689,567692,567696,4,3
567689,567689,567697,8,0
567689,567689,567697,8,0
567689,567693,567697,4,4
567689,567689,567697,8,0
567689,567694,567698,4,5
567689,567689,567697,8,0
567689,567689,567698,9,0
567689,567695,567698,3,6
567689,567689,567697,8,0
567689,567695,567698,3,6
567689,567696,567699,3,7
567689,567695,567698,3,6
567689,567696,567700,4,7
567689,567696,567699,3,7
567689,567696,567700,4,7
567689,567697,567699,2,8
567689,567696,567700,4,7
567689,567698,567700,2,9
567689,567698,567700,2,9
567689,567689,567701,12,0
567689,567698,567701,3,9
567689,567694,567702,8,5
567689,567697,567701,4,8
567689,567699,567702,3,10
567689,567699,567702,3,10
567689,567699,567701,2,10
567689,567697,567702,5,8
567689,567695,567702,7,6
567689,567696,567703,7,7
567689,567698,567702,4,9
567689,567698,567703,5,9
567689,567700,567703,3,11
567689,567700,567703,3,11
567689,567700,567703,3,11
567689,567700,567703,3,11
567689,567701,567703,2,12
567689,567701,567704,3,12
567689,567701,567705,4,12
567689,567701,567704,3,12
567689,567702,567705,3,13
567689,567702,567705,3,13
567689,567694,567705,11,5
567689,567689,567705,16,0
567689,567702,567707,5,13
567697,567703,567707,4,6
567697,567703,567707,4,6
567697,567703,567707,4,6
567697,567704,567707,3,7
567689,567695,567707,12,6
567697,567704,567708,4,7
567697,567705,567708,3,8
567697,567704,567709,5,7
567697,567703,567710,7,6
567689,567701,567710,9,12
567697,567708,567710,2,11
567697,567708,567710,2,11
567697,567705,567709,4,8
567697,567703,567710,7,6
567697,567707,567711,4,10
567697,567708,567711,3,11
567697,567708,567711,3,11
567697,567703,567711,8,6
567697,567709,567712,3,12
567697,567703,567712,9,6
567697,567705,567712,7,8
567697,567709,567712,3,12
567697,567711,567713,2,14
567697,567711,567713,2,14
567697,567711,567714,3,14
567689,567696,567714,18,7
567697,567712,567714,2,15
567697,567712,567714,2,15
567697,567706,567714,8,9
567697,567712,567714,2,15
567697,567707,567715,8,10
567697,567712,567714,2,15
567697,567711,567715,4,14
567697,567713,567715,2,16
567697,567713,567715,2,16
567697,567712,567716,4,15
567697,567710,567716,6,13
567689,567689,567715,26,0
567697,567703,567716,13,6
567697,567715,567717,2,18
567697,567714,567716,2,17
567697,567714,567716,2,17
567697,567715,567717,2,18
567697,567715,567717,2,18
567697,567715,567717,2,18
567697,567715,567717,2,18
567697,567708,567718,10,11
567697,567716,567718,2,19
567697,567714,567718,4,17
567697,567716,567718,2,19
567697,567715,567719,4,18
567697,567712,567719,7,15
567697,567717,567719,2,20
567697,567717,567719,2,20
567697,567717,567720,3,20
567697,567717,567720,3,20
567697,567718,567720,2,21
567697,567718,567720,2,21
567697,567718,567720,2,21
567697,567719,567721,2,22
567697,567716,567720,4,19
567697,567715,567721,6,18
567697,567719,567722,3,22
567697,567706,567722,16,9
567697,567716,567722,6,19
567697,567716,567722,6,19
567697,567719,567722,3,22
567697,567719,567724,5,22
567697,567720,567725,5,23
567689,567698,567727,29,9
567697,567714,567728,14,17
567689,567702,567729,27,13
567697,567718,567730,12,21
567697,567710,567730,20,13
567697,567716,567731,15,19
567689,567694,567733,39,5
567697,567706,567736,30,9
566811,566827,567804,977,16
567806,567807,567808,1,1
567806,567807,567808,1,1
567806,567809,567811,2,3
567806,567806,567811,5,0
567806,567806,567811,5,0
567806,567807,567811,4,1
567806,567809,567811,2,3
567806,567806,567812,6,0
567806,567807,567812,5,1
567806,567807,567812,5,1
567806,567806,567813,7,0
567806,567806,567813,7,0
567806,567807,567813,6,1
567806,567807,567813,6,1
567806,567807,567813,6,1
567806,567807,567813,6,1
567806,567806,567813,7,0
567806,567811,567813,2,5
567806,567812,567814,2,6
567806,567807,567815,8,1
567806,567813,567816,3,7
567806,567813,567816,3,7
567806,567812,567816,4,6
567806,567814,567816,2,8
567806,567814,567817,3,8
567806,567807,567817,10,1
567806,567807,567817,10,1
567806,567807,567817,10,1
567806,567814,567817,3,8
567806,567815,567817,2,9
567806,567813,567818,5,7
567806,567812,567818,6,6
567806,567807,567818,11,1
567806,567816,567818,2,10
567806,567814,567818,4,8
567806,567817,567819,2,11
567806,567812,567819,7,6
567806,567817,567819,2,11
567806,567817,567819,2,11
567806,567817,567820,3,11
567806,567818,567820,2,12
567806,567818,567820,2,12
567806,567813,567821,8,7
567806,567818,567820,2,12
567806,567819,567821,2,13
567806,567806,567821,15,0
567806,567814,567822,8,8
567806,567819,567821,2,13
567806,567820,567822,2,14
567806,567819,567823,4,13
567806,567814,567822,8,8
567806,567819,567822,3,13
567806,567820,567822,2,14
567806,567820,567823,3,14
567806,567820,567822,2,14
567806,567821,567823,2,15
567806,567821,567823,2,15
567806,567821,567823,2,15
567806,567820,567824,4,14
567806,567814,567824,10,8
567806,567819,567824,5,13
567806,567821,567825,4,15
567806,567819,567828,9,13
567806,567807,567829,22,1
567806,567807,567829,22,1
567806,567807,567831,24,1
567806,567807,567831,24,1
567806,567818,567830,12,12
567806,567818,567834,16,12
567806,567818,567834,16,12
566338,566378,567861,1483,40
567868,567868,567871,3,0
567868,567868,567872,4,0
567868,567868,567872,4,0
567868,567868,567873,5,0
567868,567868,567873,5,0
567868,567868,567873,5,0
567868,567868,567873,5,0
567868,567871,567873,2,3
567868,567868,567873,5,0
567868,567868,567874,6,0
567868,567868,567874,6,0
567868,567868,567874,6,0
567868,567868,567874,6,0
567868,567868,567874,6,0
567868,567868,567874,6,0
567868,567868,567875,7,0
567868,567868,567875,7,0
567868,567868,567875,7,0
567868,567873,567875,2,5
567868,567873,567876,3,5
567868,567873,567876,3,5
567868,567873,567876,3,5
567868,567874,567876,2,6
567868,567872,567876,4,4
567868,567873,567876,3,5
567868,567874,567877,3,6
567868,567875,567877,2,7
567868,567872,567877,5,4
567868,567868,567878,10,0
567868,567868,567877,9,0
567868,567875,567877,2,7
567868,567876,567878,2,8
567868,567868,567878,10,0
567868,567868,567878,10,0
567868,567876,567878,2,8
567868,567876,567879,3,8
567868,567875,567879,4,7
567868,567876,567879,3,8
567868,567877,567879,2,9
567868,567873,567877,4,5
567868,567874,567878,4,6
567868,567868,567880,12,0
567868,567877,567880,3,9
567868,567878,567880,2,10
567868,567874,567880,6,6
567868,567877,567881,4,9
567868,567879,567881,2,11
567868,567875,567881,6,7
567868,567877,567881,4,9
567868,567879,567882,3,11
567868,567879,567882,3,11
567868,567878,567881,3,10
567868,567879,567882,3,11
567868,567880,567882,2,12
567868,567868,567883,15,0
567868,567878,567883,5,10
567868,567880,567883,3,12
567868,567874,567884,10,6
567868,567868,567882,14,0
567868,567875,567882,7,7
567868,567878,567884,6,10
567868,567868,567884,16,0
567868,567880,567884,4,12
567868,567880,567885,5,12
567868,567878,567886,8,10
567868,567880,567890,10,12
567868,567879,567897,18,11
567868,567879,567900,21,11
567868,567879,567904,25,11
567868,567880,567907,27,12
566365,566396,567989,1593,31
567991,567991,567995,4,0
567991,567991,567995,4,0
567991,567991,567995,4,0
567991,567991,567995,4,0
567991,567991,567995,4,0
567991,567991,567997,6,0
567991,567991,567996,5,0
567991,567991,567996,5,0
567991,567991,567997,6,0
567991,567991,567997,6,0
567991,567991,567996,5,0
567991,567991,567997,6,0
567991,567991,567997,6,0
567991,567996,567998,2,5
567991,567991,567998,7,0
567991,567996,567998,2,5
567991,567996,567998,2,5
567991,567991,567999,8,0
567991,567991,567997,6,0
567991,567998,568000,2,7
567991,567996,568000,4,5
567991,567998,568001,3,7
567991,567997,568000,3,6
567991,567991,568000,9,0
567991,567991,568000,9,0
567991,567991,568000,9,0
567991,567996,568001,5,5
567991,567999,568001,2,8
567991,567997,568001,4,6
567991,567999,568001,2,8
566986,567020,568001,981,34
567991,567991,568001,10,0
567991,568000,568002,2,9
567991,567991,568002,11,0
567991,567999,568002,3,8
567991,568001,568003,2,10
567991,568001,568003,2,10
567991,567991,568002,11,0
567991,567997,568002,5,6
567991,567997,568004,7,6
567991,568001,568003,2,10
567991,568000,568003,3,9
567991,568001,568004,3,10
567991,568002,568004,2,11
567991,568001,568005,4,10
567991,567998,568005,7,7
567991,567997,568004,7,6
567991,568001,568004,3,10
567991,568002,568004,2,11
567991,568003,568005,2,12
567991,567991,568006,15,0
567991,568003,568005,2,12
567991,568003,568005,2,12
567991,567997,568006,9,6
567991,568004,568006,2,13
567991,568004,568007,3,13
567991,568003,568007,4,12
567991,568003,568007,4,12
567991,568000,568006,6,9
567991,568004,568007,3,13
567991,568002,568007,5,11
568002,568006,568008,2,4
567991,568004,568008,4,13
567991,568005,568010,5,14
568002,568005,568010,5,3
568002,568005,568009,4,3
567991,568004,568010,6,13
567991,568002,568010,8,11
568002,568007,568011,4,5
568002,568006,568010,4,4
568002,568008,568011,3,6
567991,568001,568011,10,10
568002,568008,568012,4,6
568002,568008,568011,3,6
568002,568006,568011,5,4
568002,568007,568012,5,5
568002,568010,568012,2,8
567991,568002,568012,10,11
568002,568010,568012,2,8
568002,568008,568011,3,6
568002,568010,568014,4,8
568002,568011,568014,3,9
568002,568006,568015,9,4
568002,568011,568015,4,9
568002,568011,568015,4,9
568002,568012,568015,3,10
568002,568013,568015,2,11
568002,568012,568015,3,10
568002,568011,568016,5,9
568002,568012,568017,5,10
568002,568009,568017,8,7
568002,568012,568017,5,10
568002,568007,568017,10,5
568002,568011,568017,6,9
567991,568001,568018,17,10
568002,568015,568018,3,13
568002,568012,568018,6,10
568002,568016,568019,3,14
568002,568006,568019,13,4
568002,568017,568020,3,15
568002,568017,568020,3,15
568002,568016,568019,3,14
568002,568015,568019,4,13
568002,568013,568017,4,11
568002,568005,568020,15,3
568002,568005,568020,15,3
568002,568016,568021,5,14
568002,568019,568021,2,17
568002,568015,568021,6,13
568002,568016,568022,6,14
568002,568015,568022,7,13
568002,568017,568022,5,15
568002,568019,568021,2,17
568002,568020,568022,2,18
568002,568020,568022,2,18
568002,568021,568023,2,19
568002,568017,568023,6,15
568002,568020,568024,4,18
568002,568021,568024,3,19
568002,568022,568024,2,20
568002,568020,568024,4,18
568002,568022,568024,2,20
568002,568012,568024,12,10
568002,568017,568024,7,15
568002,568020,568025,5,18
568002,568022,568025,3,20
568002,568017,568025,8,15
568002,568023,568025,2,21
568002,568022,568026,4,20
568002,568022,568026,4,20
568002,568020,568026,6,18
568002,568022,568026,4,20
568002,568019,568027,8,17
568002,568022,568028,6,20
568002,568020,568029,9,18
567991,567991,568031,40,0
567991,568003,568031,28,12
566528,566552,568030,1478,24
568002,568013,568035,22,11
568002,568021,568034,13,19
568034,568034,568036,2,0
568034,568034,568037,3,0
567991,567991,568038,47,0
568034,568034,568039,5,0
568034,568034,568039,5,0
568034,568034,568039,5,0
568034,568037,568039,2,3
568034,568034,568040,6,0
568034,568034,568040,6,0
568034,568034,568041,7,0
568034,568034,568040,6,0
568034,568034,568041,7,0
568034,568038,568040,2,4
568034,568034,568040,6,0
568034,568034,568040,6,0
568034,568034,568040,6,0
568034,568034,568042,8,0
568034,568034,568041,7,0
568034,568038,568042,4,4
568034,568034,568042,8,0
568034,568039,568043,4,5
568034,568040,568043,3,6
568034,568034,568044,10,0
568034,568040,568043,3,6
568034,568041,568044,3,7
568034,568041,568044,3,7
568034,568039,568044,5,5
568034,568039,568045,6,5
568034,568041,568045,4,7
568034,568043,568046,3,9
568034,568042,568047,5,8
568002,568019,568047,28,17
568034,568043,568047,4,9
568034,568044,568046,2,10
568034,568044,568046,2,10
568034,568044,568047,3,10
568034,568041,568048,7,7
568034,568041,568048,7,7
568034,568042,568048,6,8
568034,568034,568048,14,0
568034,568035,568048,13,1
568034,568044,568049,5,10
568034,568041,568049,8,7
568034,568041,568049,8,7
568034,568046,568048,2,12
568034,568047,568049,2,13
568034,568045,568049,4,11
568034,568047,568049,2,13
568034,568046,568049,3,12
568034,568047,568049,2,13
568034,568047,568050,3,13
568034,568034,568050,16,0
568034,568046,568051,5,12
568034,568041,568050,9,7
568034,568043,568050,7,9
568034,568040,568052,12,6
568034,568049,568051,2,15
568034,568049,568051,2,15
568034,568035,568053,18,1
568034,568049,568053,4,15
568034,568047,568054,7,13
568034,568047,568053,6,13
568034,568042,568054,12,8
568034,568049,568055,6,15
568034,568049,568054,5,15
568034,568034,568055,21,0
568034,568049,568055,6,15
568034,568049,568056,7,15
568034,568049,568057,8,15
568034,568049,568056,7,15
568034,568049,568065,16,15
568034,568048,568066,18,14
567025,567044,568115,1071,19
568119,568119,568121,2,0
568119,568119,568123,4,0
568119,568119,568123,4,0
568119,568119,568122,3,0
568119,568119,568124,5,0
568119,568119,568123,4,0
568119,568119,568123,4,0
568119,568119,568125,6,0
568119,568119,568125,6,0
568119,568119,568124,5,0
568119,568119,568124,5,0
568119,568122,568125,3,3
568119,568119,568125,6,0
568119,568119,568127,8,0
568119,568124,568127,3,5
568119,568123,568126,3,4
568119,568119,568127,8,0
568119,568123,568127,4,4
568119,568123,568127,4,4
568119,568124,568126,2,5
568119,568119,568127,8,0
568119,568124,568128,4,5
568119,568125,568128,3,6
568119,568119,568128,9,0
568119,568127,568129,2,8
568119,568125,568130,5,6
568119,568119,568129,10,0
568119,568119,568130,11,0
568119,568127,568130,3,8
568119,568125,568129,4,6
568119,568127,568130,3,8
568119,568127,568130,3,8
568119,568128,568130,2,9
568119,568128,568131,3,9
568119,568129,568131,2,10
568119,568127,568131,4,8
568119,568119,568132,13,0
568119,568125,568132,7,6
568119,568130,568132,2,11
568119,568130,568132,2,11
568119,568128,568133,5,9
568119,568119,568133,14,0
568119,568119,568132,13,0
568119,568130,568133,3,11
568119,568130,568132,2,11
568119,568130,568133,3,11
568119,568131,568133,2,12
568119,568131,568133,2,12
568119,568132,568134,2,13
568119,568130,568134,4,11
568119,568119,568135,16,0
568119,568127,568135,8,8
568119,568119,568135,16,0
568119,568132,568134,2,13
568119,568125,568134,9,6
568119,568127,568134,7,8
568119,568133,568136,3,14
568119,568133,568135,2,14
568119,568126,568137,11,7
568119,568133,568137,4,14
568119,568133,568137,4,14
568119,568132,568137,5,13
568119,568130,568138,8,11
568119,568132,568138,6,13
568119,568129,568143,14,10
568119,568133,568143,10,14
568119,568119,568146,27,0
568119,568132,568145,13,13
568119,568130,568148,18,11
568119,568119,568149,30,0
567270,567280,568248,968,10
568249,568249,568252,3,0
568249,568249,568252,3,0
568249,568249,568253,4,0
568249,568249,568253,4,0
568249,568249,568253,4,0
568249,568249,568253,4,0
568249,568249,568253,4,0
568249,568249,568255,6,0
568249,568249,568255,6,0
568249,568249,568256,7,0
568249,568252,568256,4,3
568249,568249,568257,8,0
568249,568249,568256,7,0
568249,568249,568257,8,0
568249,568254,568256,2,5
568249,568249,568256,7,0
568249,568253,568256,3,4
568249,568249,568258,9,0
568249,568254,568257,3,5
568249,568254,568257,3,5
568249,568254,568257,3,5
568249,568254,568257,3,5
568249,568249,568258,9,0
568249,568249,568258,9,0
568249,568256,568260,4,7
568249,568258,568260,2,9
568249,568249,568260,11,0
568249,568249,568261,12,0
568249,568249,568261,12,0
568249,568257,568260,3,8
568249,568258,568261,3,9
568249,568256,568260,4,7
568249,568258,568260,2,9
568249,568258,568260,2,9
568249,568257,568261,4,8
568249,568257,568261,4,8
568249,568249,568262,13,0
568249,568256,568262,6,7
568249,568249,568262,13,0
568249,568260,568262,2,11
568249,568257,568263,6,8
568249,568261,568263,2,12
568249,568261,568263,2,12
568249,568262,568264,2,13
568249,568261,568263,2,12
568249,568261,568264,3,12
568249,568261,568264,3,12
568249,568260,568264,4,11
568249,568249,568265,16,0
568249,568256,568263,7,7
568249,568257,568263,6,8
568249,568262,568265,3,13
568249,568263,568265,2,14
568249,568264,568266,2,15
568249,568258,568267,9,9
568249,568263,568267,4,14
568249,568263,568267,4,14
568249,568264,568266,2,15
568249,568264,568267,3,15
568249,568264,568266,2,15
568249,568257,568267,10,8
568249,568264,568268,4,15
568249,568259,568268,9,10
568249,568263,568268,5,14
568249,568261,568268,7,12
568249,568261,568269,8,12
568249,568249,568277,28,0
568249,568249,568290,41,0
568249,568259,568290,31,10
568249,568261,568296,35,12
567380,567406,568357,951,26
568357,568358,568360,2,1
568357,568358,568361,3,1
568357,568358,568361,3,1
568357,568358,568361,3,1
568357,568358,568361,3,1
568357,568358,568361,3,1
567345,567376,568362,986,31
568357,568358,568362,4,1
568357,568358,568363,5,1
568357,568358,568365,7,1
568357,568362,568366,4,5
568357,568361,568367,6,4
568357,568362,568367,5,5
568357,568362,568369,7,5
568357,568362,568368,6,5
568357,568362,568368,6,5
568357,568363,568370,7,6
568357,568363,568370,7,6
568357,568369,568372,3,12
568357,568369,568373,4,12
568357,568368,568372,4,11
568357,568368,568373,5,11
568357,568364,568373,9,7
568357,568369,568372,3,12
568357,568358,568373,15,1
568357,568367,568373,6,10
568357,568370,568373,3,13
568357,568371,568374,3,14
568357,568366,568374,8,9
568357,568358,568375,17,1
568357,568373,568376,3,16
568357,568373,568375,2,16
568357,568373,568375,2,16
568357,568373,568375,2,16
568357,568373,568375,2,16
568357,568358,568376,18,1
568357,568358,568376,18,1
568357,568358,568376,18,1
568357,568373,568376,3,16
568357,568374,568377,3,17
568357,568374,568377,3,17
568357,568374,568376,2,17
568357,568375,568378,3,18
568357,568358,568378,20,1
568357,568376,568378,2,19
568357,568376,568379,3,19
568357,568376,568378,2,19
568357,568376,568378,2,19
568357,568376,568378,2,19
568357,568358,568379,21,1
568357,568377,568380,3,20
568357,568377,568379,2,20
568357,568377,568380,3,20
568357,568377,568380,3,20
568357,568378,568380,2,21
568357,568377,568381,4,20
568357,568377,568381,4,20
568357,568358,568382,24,1
568357,568374,568381,7,17
568357,568376,568381,5,19
568357,568379,568382,3,22
568364,568379,568382,3,15
568364,568379,568383,4,15
568357,568358,568382,24,1
568357,568377,568383,6,20
568364,568379,568384,5,15
568364,568380,568384,4,16
568364,568380,568384,4,16
568357,568358,568384,26,1
568357,568358,568384,26,1
568357,568379,568384,5,22
568364,568380,568385,5,16
568357,568358,568385,27,1
568364,568383,568385,2,19
568364,568383,568386,3,19
568364,568381,568385,4,17
568364,568382,568386,4,18
568364,568382,568386,4,18
568364,568380,568387,7,16
568364,568382,568387,5,18
568364,568382,568388,6,18
568364,568384,568388,4,20
568364,568380,568388,8,16
568357,568358,568388,30,1
568364,568386,568389,3,22
568364,568386,568389,3,22
568364,568384,568389,5,20
568364,568384,568389,5,20
568364,568385,568389,4,21
568364,568384,568390,6,20
568364,568386,568389,3,22
568364,568384,568391,7,20
568364,568387,568391,4,23
568364,568385,568391,6,21
568364,568387,568392,5,23
568364,568390,568392,2,26
568364,568390,568392,2,26
568364,568390,568392,2,26
568357,568358,568393,35,1
568364,568385,568393,8,21
568364,568385,568392,7,21
568364,568389,568393,4,25
568364,568389,568393,4,25
568364,568390,568393,3,26
568357,568358,568393,35,1
568364,568382,568394,12,18
568364,568391,568394,3,27
568364,568389,568394,5,25
568364,568387,568394,7,23
568364,568392,568395,3,28
568364,568393,568395,2,29
568364,568393,568395,2,29
568364,568393,568395,2,29
568364,568390,568395,5,26
568364,568393,568396,3,29
568364,568393,568396,3,29
568364,568393,568395,2,29
568357,568358,568396,38,1
568364,568392,568395,3,28
568364,568393,568397,4,29
568364,568394,568397,3,30
568364,568391,568397,6,27
568364,568395,568397,2,31
568364,568396,568398,2,32
568364,568393,568397,4,29
568364,568393,568398,5,29
568364,568395,568398,3,31
568364,568388,568398,10,24
568364,568396,568398,2,32
568364,568396,568398,2,32
568364,568396,568398,2,32
568364,568396,568399,3,32
568364,568394,568399,5,30
568364,568395,568399,4,31
568364,568386,568399,13,22
568364,568389,568401,12,25
568364,568388,568402,14,24
568364,568396,568403,7,32
568364,568382,568405,23,18
568364,568389,568410,21,25
567488,567499,568416,917,11
568364,568394,568417,23,30
568425,568425,568428,3,0
567461,567473,568427,954,12
568425,568425,568429,4,0
568425,568425,568428,3,0
568425,568425,568428,3,0
568425,568425,568429,4,0
568425,568425,568429,4,0
568425,568425,568429,4,0
568425,568425,568429,4,0
568425,568425,568431,6,0
568425,568429,568435,6,4
568425,568429,568435,6,4
568425,568430,568435,5,5
568425,568429,568436,7,4
568425,568428,568435,7,3
568425,568429,568436,7,4
568425,568428,568435,7,3
568425,568429,568437,8,4
568425,568429,568438,9,4
568425,568436,568438,2,11
568425,568436,568439,3,11
568425,568435,568439,4,10
568425,568436,568440,4,11
568425,568436,568440,4,11
568425,568435,568440,5,10
568425,568435,568440,5,10
568425,568425,568440,15,0
568425,568425,568441,16,0
568425,568425,568440,15,0
568425,568433,568440,7,8
568425,568437,568440,3,12
568425,568439,568441,2,14
568425,568425,568441,16,0
568425,568440,568442,2,15
568425,568439,568442,3,14
568425,568438,568441,3,13
568425,568439,568442,3,14
568425,568440,568442,2,15
568425,568425,568443,18,0
568425,568440,568443,3,15
568425,568441,568443,2,16
568425,568440,568443,3,15
568425,568425,568443,18,0
568425,568441,568444,3,16
568425,568442,568444,2,17
568425,568425,568444,19,0
568425,568443,568445,2,18
568425,568442,568444,2,17
568425,568442,568445,3,17
568425,568442,568445,3,17
568425,568441,568445,4,16
568425,568441,568445,4,16
568425,568441,568446,5,16
568425,568443,568446,3,18
568425,568444,568446,2,19
568425,568443,568446,3,18
568425,568425,568446,21,0
568425,568442,568446,4,17
568425,568442,568447,5,17
568425,568444,568447,3,19
568425,568425,568448,23,0
568425,568441,568447,6,16
568425,568425,568448,23,0
568425,568444,568448,4,19
568425,568425,568450,25,0
568425,568425,568450,25,0
568425,568425,568452,27,0
568425,568425,568453,28,0
568425,568443,568453,10,18
568425,568425,568453,28,0
568453,568453,568456,3,0
568453,568453,568456,3,0
568453,568453,568456,3,0
568453,568453,568456,3,0
568453,568453,568456,3,0
568453,568453,568456,3,0
568453,568453,568457,4,0
568453,568453,568459,6,0
568425,568425,568460,35,0
568453,568453,568460,7,0
568453,568457,568461,4,4
568453,568453,568461,8,0
568453,568457,568461,4,4
568453,568456,568462,6,3
568453,568458,568463,5,5
568453,568457,568464,7,4
568453,568457,568464,7,4
568453,568457,568465,8,4
568453,568461,568466,5,8
568453,568463,568466,3,10
568453,568453,568466,13,0
568453,568461,568467,6,8
568453,568462,568466,4,9
568453,568460,568467,7,7
568453,568464,568468,4,11
568453,568465,568468,3,12
568453,568465,568468,3,12
568453,568453,568468,15,0
568453,568453,568468,15,0
568453,568453,568468,15,0
568453,568466,568468,2,13
568453,568466,568468,2,13
568453,568466,568469,3,13
568453,568467,568470,3,14
568453,568467,568470,3,14
568453,568468,568470,2,15
568453,568462,568470,8,9
568453,568468,568470,2,15
568453,568468,568471,3,15
568453,568469,568471,2,16
568453,568469,568471,2,16
568453,568468,568470,2,15
568453,568453,568471,18,0
568453,568454,568471,17,1
568453,568467,568471,4,14
568453,568470,568472,2,17
568453,568453,568472,19,0
568453,568453,568472,19,0
568453,568469,568473,4,16
568453,568470,568473,3,17
568453,568471,568473,2,18
568453,568471,568473,2,18
568453,568470,568472,2,17
568453,568470,568472,2,17
568453,568453,568473,20,0
568453,568471,568473,2,18
568453,568471,568473,2,18
568453,568471,568474,3,18
568453,568472,568474,2,19
568453,568469,568476,7,16
568453,568471,568477,6,18
568453,568472,568477,5,19
568453,568469,568477,8,16
568453,568472,568477,5,19
568453,568454,568478,24,1
568453,568472,568478,6,19
568453,568453,568482,29,0
566982,567000,568485,1485,18
568453,568461,568489,28,8
568453,568453,568490,37,0
568489,568490,568492,2,1
568489,568490,568492,2,1
568489,568490,568492,2,1
566964,566977,568493,1516,13
568489,568490,568495,5,1
568489,568490,568494,4,1
568489,568490,568495,5,1
568489,568490,568495,5,1
568453,568453,568495,42,0
568489,568490,568495,5,1
568489,568493,568495,2,4
568489,568490,568495,5,1
568489,568493,568495,2,4
568489,568490,568495,5,1
568489,568490,568496,6,1
568489,568493,568497,4,4
568489,568495,568498,3,6
568489,568490,568496,6,1
568489,568490,568497,7,1
568489,568496,568498,2,7
568489,568490,568498,8,1
568489,568489,568498,9,0
568489,568495,568498,3,6
568489,568496,568498,2,7
568489,568496,568498,2,7
568489,568495,568498,3,6
568489,568496,568499,3,7
568489,568496,568499,3,7
568489,568490,568500,10,1
568489,568490,568500,10,1
568489,568491,568500,9,2
568489,568497,568500,3,8
568489,568499,568501,2,10
568489,568490,568501,11,1
568489,568490,568500,10,1
568489,568490,568500,10,1
568489,568499,568501,2,10
568489,568499,568501,2,10
568489,568499,568501,2,10
568489,568498,568502,4,9
568489,568499,568502,3,10
568489,568500,568502,2,11
568489,568496,568502,6,7
568489,568500,568502,2,11
568489,568497,568503,6,8
568489,568502,568504,2,13
568489,568502,568504,2,13
568489,568501,568503,2,12
568489,568501,568503,2,12
568489,568494,568504,10,5
568453,568453,568504,51,0
568489,568502,568504,2,13
568489,568502,568504,2,13
568489,568503,568505,2,14
568489,568490,568505,15,1
568489,568503,568506,3,14
568489,568503,568506,3,14
568489,568504,568506,2,15
568489,568504,568506,2,15
568489,568498,568507,9,9
568489,568498,568506,8,9
568495,568507,568509,2,12
568495,568507,568509,2,12
568489,568504,568510,6,15
568495,568505,568510,5,10
568495,568504,568510,6,9
568495,568505,568510,5,10
568489,568503,568509,6,14
568495,568507,568510,3,12
568495,568509,568511,2,14
568495,568506,568510,4,11
568489,568501,568511,10,12
568495,568506,568511,5,11
568495,568509,568511,2,14
568495,568507,568512,5,12
568495,568507,568512,5,12
568489,568501,568512,11,12
568495,568510,568512,2,15
568495,568511,568513,2,16
568495,568504,568514,10,9
568495,568510,568513,3,15
568495,568510,568514,4,15
568495,568512,568515,3,17
568495,568511,568514,3,16
568495,568511,568515,4,16
568489,568499,568515,16,10
568495,568512,568515,3,17
568495,568510,568516,6,15
568495,568513,568516,3,18
568495,568514,568517,3,19
568495,568511,568517,6,16
568495,568514,568517,3,19
568495,568515,568518,3,20
568495,568514,568518,4,19
568489,568491,568518,27,2
568495,568515,568519,4,20
568495,568513,568519,6,18
568495,568516,568519,3,21
568495,568514,568521,7,19
568495,568517,568521,4,22
568495,568518,568520,2,23
568495,568518,568521,3,23
568495,568517,568521,4,22
568495,568518,568521,3,23
568489,568496,568521,25,7
568489,568501,568521,20,12
568495,568512,568521,9,17
568495,568519,568522,3,24
568495,568513,568522,9,18
568495,568516,568522,6,21
568495,568520,568522,2,25
568495,568521,568523,2,26
568495,568517,568524,7,22
568495,568521,568524,3,26
568495,568521,568524,3,26
568495,568522,568524,2,27
568495,568522,568524,2,27
568495,568523,568525,2,28
568495,568523,568525,2,28
568495,568520,568525,5,25
568495,568523,568525,2,28
568495,568521,568526,5,26
568495,568525,568527,2,30
568495,568525,568527,2,30
568495,568526,568528,2,31
568495,568525,568527,2,30
568495,568525,568527,2,30
568495,568523,568528,5,28
568495,568523,568528,5,28
568489,568499,568528,29,10
568495,568513,568528,15,18
568495,568524,568530,6,29
568489,568501,568532,31,12
568489,568501,568532,31,12
568489,568501,568532,31,12
568495,568518,568535,17,23
568495,568519,568536,17,24
567518,567530,568538,1008,12
568495,568522,568540,18,27
568495,568522,568540,18,27
568495,568506,568542,36,11
568495,568505,568547,42,10
568495,568516,568551,35,21
568559,568559,568562,3,0
568559,568559,568562,3,0
568559,568559,568563,4,0
568559,568559,568562,3,0
568559,568559,568562,3,0
568559,568559,568564,5,0
568559,568559,568565,6,0
568559,568559,568565,6,0
568559,568559,568566,7,0
568495,568522,568569,47,27
568559,568563,568569,6,4
568559,568564,568570,6,5
568559,568562,568570,8,3
568559,568563,568570,7,4
568559,568562,568570,8,3
568559,568570,568572,2,11
568559,568559,568574,15,0
568559,568570,568574,4,11
568559,568565,568574,9,6
568559,568564,568574,10,5
568559,568571,568574,3,12
568559,568571,568574,3,12
568559,568571,568575,4,12
568559,568559,568575,16,0
568559,568566,568576,10,7
568559,568565,568576,11,6
568559,568573,568576,3,14
568559,568575,568577,2,16
568559,568575,568577,2,16
568559,568575,568577,2,16
568559,568575,568578,3,16
568559,568577,568579,2,18
568559,568559,568579,20,0
568559,568575,568579,4,16
568559,568575,568579,4,16
568559,568577,568579,2,18
568559,568577,568579,2,18
568559,568578,568580,2,19
568559,568578,568580,2,19
568559,568559,568580,21,0
568559,568579,568581,2,20
568559,568576,568581,5,17
568559,568559,568581,22,0
568559,568579,568581,2,20
568559,568580,568582,2,21
568559,568580,568582,2,21
568559,568576,568582,6,17
568559,568580,568582,2,21
568559,568580,568582,2,21
568559,568580,568582,2,21
568559,568579,568583,4,20
568559,568580,568583,3,21
568559,568574,568582,8,15
568559,568581,568583,2,22
568559,568582,568585,3,23
568559,568582,568584,2,23
568559,568582,568584,2,23
568559,568559,568583,24,0
568559,568559,568585,26,0
568559,568559,568586,27,0
568559,568581,568586,5,22
568559,568559,568594,35,0
568559,568559,568594,35,0
568559,568559,568594,35,0
568559,568559,568592,33,0
568559,568559,568599,40,0
568559,568582,568608,26,23
568559,568580,568609,29,21
568559,568569,568617,48,10
568559,568559,568636,77,0
568559,568559,568642,83,0
567690,567702,568675,973,12
568675,568675,568678,3,0
568675,568675,568678,3,0
568675,568675,568679,4,0
568675,568675,568679,4,0
568675,568675,568679,4,0
568675,568675,568679,4,0
568675,568675,568679,4,0
568675,568675,568678,3,0
568675,568675,568679,4,0
568675,568680,568682,2,5
568675,568679,568683,4,4
568675,568679,568684,5,4
568675,568680,568683,3,5
568675,568675,568686,11,0
568675,568678,568686,8,3
567698,567720,568686,966,22
568675,568679,568686,7,4
568675,568683,568686,3,8
568675,568679,568687,8,4
568675,568684,568687,3,9
568675,568684,568687,3,9
568675,568678,568687,9,3
568675,568684,568687,3,9
568675,568679,568688,9,4
568675,568687,568689,2,12
568675,568687,568689,2,12
568675,568687,568689,2,12
568675,568688,568689,1,13
568675,568688,568690,2,13
568675,568675,568690,15,0
568675,568675,568689,14,0
568675,568687,568690,3,12
568675,568688,568690,2,13
568675,568688,568690,2,13
568675,568688,568690,2,13
568675,568675,568691,16,0
568675,568690,568691,1,15
568675,568689,568691,2,14
568675,568690,568692,2,15
568675,568686,568692,6,11
568675,568675,568692,17,0
568675,568690,568692,2,15
568675,568690,568692,2,15
568675,568690,568692,2,15
568675,568675,568693,18,0
568675,568692,568693,1,17
568675,568691,568693,2,16
568675,568691,568693,2,16
568675,568691,568693,2,16
568675,568691,568693,2,16
568675,568692,568694,2,17
568675,568675,568694,19,0
568675,568690,568694,4,15
568675,568675,568694,19,0
568675,568675,568694,19,0
568675,568692,568694,2,17
568675,568693,568695,2,18
568675,568675,568695,20,0
568675,568692,568695,3,17
568675,568693,568695,2,18
568675,568693,568695,2,18
568675,568690,568696,6,15
568675,568675,568696,21,0
568675,568693,568696,3,18
568687,568694,568696,2,7
568687,568694,568696,2,7
568687,568694,568696,2,7
568687,568694,568697,3,7
568687,568694,568698,4,7
568675,568692,568698,6,17
568687,568695,568698,3,8
568675,568675,568699,24,0
568675,568675,568701,26,0
568687,568695,568701,6,8
568687,568695,568702,7,8
568687,568695,568702,7,8
568687,568697,568704,7,10
568675,568675,568704,29,0
568687,568697,568705,8,10
568687,568697,568705,8,10
568687,568696,568705,9,9
568687,568699,568705,6,12
568687,568697,568706,9,10
568675,568675,568706,31,0
568687,568695,568706,11,8
568687,568698,568707,9,11
568687,568704,568707,3,17
568687,568696,568707,11,9
568687,568698,568709,11,11
568687,568705,568708,3,18
568687,568703,568708,5,16
568687,568706,568710,4,19
568687,568706,568710,4,19
568687,568706,568710,4,19
568687,568703,568710,7,16
568675,568694,568710,16,19
568687,568707,568711,4,20
568687,568708,568711,3,21
568687,568709,568712,3,22
568687,568708,568711,3,21
568687,568709,568712,3,22
568687,568709,568711,2,22
568687,568710,568712,2,23
568687,568710,568713,3,23
568687,568697,568712,15,10
568687,568710,568712,2,23
568687,568711,568713,2,24
568687,568712,568714,2,25
568687,568711,568714,3,24
568687,568712,568714,2,25
568687,568699,568714,15,12
568687,568712,568714,2,25
568687,568712,568714,2,25
568687,568712,568715,3,25
568687,568713,568715,2,26
568687,568710,568715,5,23
568675,568675,568708,33,0
568687,568713,568715,2,26
568687,568713,568716,3,26
568687,568714,568716,2,27
568687,568696,568717,21,9
568687,568714,568717,3,27
568687,568714,568717,3,27
568687,568716,568717,1,29
568687,568695,568717,22,8
568687,568696,568717,21,9
568687,568715,568717,2,28
568687,568713,568717,4,26
568687,568715,568717,2,28
568687,568716,568718,2,29
568687,568714,568719,5,27
568687,568716,568719,3,29
568687,568702,568722,20,15
568687,568697,568723,26,10
568687,568702,568726,24,15
568687,568711,568728,17,24
568687,568705,568736,31,18
568687,568706,568744,38,19
568687,568707,568744,37,20
568687,568707,568744,37,20
568687,568700,568766,66,13
567807,567822,568783,961,15
567276,567298,568784,1486,22
568793,568793,568796,3,0
568793,568793,568796,3,0
568793,568793,568796,3,0
568793,568793,568796,3,0
568793,568793,568796,3,0
568793,568793,568797,4,0
568793,568793,568798,5,0
568793,568793,568799,6,0
568793,568793,568799,6,0
568793,568793,568800,7,0
568793,568793,568799,6,0
568793,568793,568799,6,0
568793,568797,568800,3,4
568793,568797,568800,3,4
568793,568797,568800,3,4
568793,568796,568800,4,3
568793,568797,568801,4,4
568793,568798,568801,3,5
568793,568793,568801,8,0
568793,568799,568802,3,6
568793,568793,568803,10,0
568793,568793,568803,10,0
568793,568799,568803,4,6
568793,568800,568803,3,7
568793,568800,568803,3,7
568793,568800,568803,3,7
568793,568801,568803,2,8
568793,568793,568804,11,0
568793,568793,568804,11,0
568793,568801,568804,3,8
568793,568800,568805,5,7
568793,568802,568804,2,9
568793,568803,568805,2,10
568793,568803,568805,2,10
568793,568803,568805,2,10
568793,568793,568805,12,0
568793,568793,568806,13,0
568793,568800,568806,6,7
568793,568803,568806,3,10
568793,568803,568806,3,10
568793,568803,568807,4,10
568793,568793,568806,13,0
568793,568804,568807,3,11
568793,568806,568807,1,13
568793,568806,568807,1,13
568793,568802,568808,6,9
568793,568793,568808,15,0
568793,568793,568808,15,0
568793,568803,568808,5,10
568793,568806,568808,2,13
568793,568804,568808,4,11
568793,568793,568809,16,0
568793,568805,568809,4,12
568793,568805,568808,3,12
568793,568806,568809,3,13
568793,568806,568809,3,13
568793,568807,568809,2,14
568793,568808,568809,1,15
568793,568800,568810,10,7
568793,568807,568810,3,14
568793,568808,568810,2,15
568793,568793,568811,18,0
568793,568800,568811,11,7
568793,568800,568811,11,7
568793,568809,568811,2,16
568793,568793,568812,19,0
568793,568793,568812,19,0
568793,568806,568812,6,13
568793,568809,568813,4,16
568793,568807,568814,7,14
568793,568809,568814,5,16
568793,568809,568814,5,16
568793,568809,568814,5,16
568793,568808,568815,7,15
568793,568807,568814,7,14
568793,568806,568815,9,13
568793,568810,568817,7,17
568793,568810,568817,7,17
568793,568810,568817,7,17
568793,568804,568818,14,11
568793,568809,568818,9,16
568793,568814,568818,4,21
568793,568808,568819,11,15
568793,568810,568819,9,17
568793,568812,568819,7,19
568793,568814,568820,6,21
568793,568814,568820,6,21
568793,568811,568820,9,18
568793,568815,568821,6,22
568793,568808,568821,13,15
568793,568818,568821,3,25
568793,568818,568821,3,25
568793,568812,568822,10,19
568793,568819,568822,3,26
568793,568818,568822,4,25
568793,568820,568823,3,27
568793,568821,568823,2,28
568793,568820,568823,3,27
568793,568822,568824,2,29
568793,568811,568824,13,18
568793,568815,568824,9,22
568793,568821,568824,3,28
568793,568821,568825,4,28
568793,568822,568824,2,29
568793,568823,568825,2,30
568793,568811,568825,14,18
568793,568818,568825,7,25
568793,568823,568825,2,30
568793,568823,568826,3,30
568793,568823,568825,2,30
568793,568824,568826,2,31
568793,568814,568826,12,21
568793,568824,568826,2,31
568793,568825,568827,2,32
568793,568821,568827,6,28
568793,568819,568827,8,26
568793,568825,568827,2,32
568793,568825,568827,2,32
568793,568825,568827,2,32
568793,568824,568828,4,31
568793,568821,568828,7,28
568793,568826,568828,2,33
568793,568826,568828,2,33
568793,568826,568828,2,33
568793,568826,568828,2,33
568793,568827,568830,3,34
568793,568827,568829,2,34
568793,568825,568829,4,32
568793,568814,568831,17,21
568793,568824,568833,9,31
568793,568810,568835,25,17
568793,568826,568837,11,33
568793,568818,568837,19,25
568793,568815,568839,24,22
568793,568812,568840,28,19
568793,568808,568841,33,15
568793,568812,568841,29,19
568793,568822,568843,21,29
568793,568826,568843,17,33
568793,568811,568847,36,18
567373,567390,568890,1500,17
567869,567881,568893,1012,12
568891,568891,568895,4,0
568891,568891,568895,4,0
568891,568891,568894,3,0
568891,568891,568894,3,0
568891,568891,568895,4,0
568891,568891,568895,4,0
568891,568891,568896,5,0
568891,568891,568895,4,0
568891,568891,568897,6,0
568891,568891,568900,9,0
568891,568891,568901,10,0
568891,568895,568901,6,4
568891,568895,568901,6,4
568891,568895,568901,6,4
568891,568896,568903,7,5
568891,568895,568903,8,4
568891,568891,568904,13,0
568891,568891,568904,13,0
568891,568895,568903,8,4
568891,568891,568904,13,0
568891,568896,568905,9,5
568891,568897,568904,7,6
568891,568894,568905,11,3
568891,568902,568905,3,11
568891,568895,568906,11,4
568891,568903,568906,3,12
568891,568903,568906,3,12
568891,568902,568906,4,11
568891,568902,568907,5,11
568891,568904,568906,2,13
568891,568901,568908,7,10
568891,568891,568907,16,0
568891,568905,568907,2,14
568891,568905,568907,2,14
568891,568891,568908,17,0
568891,568891,568908,17,0
568891,568907,568909,2,16
568891,568907,568909,2,16
568891,568907,568909,2,16
568891,568907,568909,2,16
568891,568906,568909,3,15
568891,568906,568909,3,15
568891,568904,568909,5,13
568891,568904,568909,5,13
568891,568905,568910,5,14
568891,568907,568910,3,16
568891,568907,568909,2,16
568891,568908,568910,2,17
568891,568908,568911,3,17
568891,568909,568911,2,18
568891,568909,568911,2,18
568891,568909,568911,2,18
568891,568908,568911,3,17
568891,568891,568912,21,0
568891,568891,568911,20,0
568891,568908,568911,3,17
568891,568909,568912,3,18
568891,568909,568912,3,18
568891,568909,568912,3,18
568891,568909,568913,4,18
568891,568909,568914,5,18
568895,568910,568914,4,15
568895,568910,568914,4,15
568895,568911,568914,3,16
568891,568891,568915,24,0
568891,568891,568915,24,0
568891,568910,568914,4,19
568891,568910,568915,5,19
568891,568891,568915,24,0
568895,568911,568914,3,16
568895,568911,568915,4,16
568895,568911,568915,4,16
568891,568891,568915,24,0
568891,568900,568916,16,9
568895,568911,568915,4,16
568895,568911,568916,5,16
568891,568891,568917,26,0
568895,568912,568918,6,17
568895,568912,568917,5,17
568895,568912,568919,7,17
568895,568912,568920,8,17
568895,568917,568921,4,22
568891,568891,568920,29,0
568895,568914,568922,8,19
568895,568916,568922,6,21
568895,568918,568922,4,23
568895,568916,568922,6,21
568895,568916,568922,6,21
568895,568913,568922,9,18
568895,568915,568923,8,20
568895,568914,568924,10,19
568895,568921,568925,4,26
568895,568923,568925,2,28
568895,568923,568925,2,28
568895,568923,568925,2,28
568895,568921,568925,4,26
568895,568922,568925,3,27
568895,568916,568926,10,21
568895,568918,568926,8,23
568895,568924,568926,2,29
568895,568922,568927,5,27
568895,568924,568927,3,29
568895,568922,568927,5,27
568895,568926,568928,2,31
568895,568925,568927,2,30
568895,568920,568928,8,25
568895,568926,568928,2,31
568895,568927,568929,2,32
568895,568926,568928,2,31
568895,568914,568929,15,19
568895,568926,568928,2,31
568895,568916,568928,12,21
568895,568928,568930,2,33
568895,568927,568929,2,32
568895,568926,568929,3,31
568895,568927,568930,3,32
568895,568929,568931,2,34
568895,568929,568931,2,34
568895,568928,568930,2,33
568895,568930,568932,2,35
568895,568928,568932,4,33
568895,568929,568932,3,34
568895,568927,568932,5,32
568895,568930,568932,2,35
568895,568915,568933,18,20
568895,568929,568933,4,34
568895,568912,568933,21,17
568895,568927,568934,7,32
568895,568927,568934,7,32
568895,568918,568934,16,23
568895,568930,568935,5,35
568895,568915,568935,20,20
568895,568929,568938,9,34
568895,568915,568938,23,20
568895,568915,568939,24,20
568895,568916,568943,27,21
568895,568921,568948,27,26
568895,568929,568956,27,34
568895,568914,568959,45,19
568895,568915,568959,44,20
567371,567376,568987,1611,5
568988,568988,568991,3,0
568988,568988,568992,4,0
568988,568988,568991,3,0
568988,568988,568992,4,0
568988,568988,568992,4,0
568988,568988,568992,4,0
568988,568988,568991,3,0
568988,568988,568993,5,0
568988,568988,568992,4,0
568988,568988,568996,8,0
568988,568988,568995,7,0
568988,568992,568997,5,4
568988,568992,568997,5,4
568988,568992,568997,5,4
568988,568991,568996,5,3
568988,568992,568998,6,4
568988,568992,568998,6,4
568988,568993,568998,5,5
568988,568988,568999,11,0
568988,568993,568999,6,5
568988,568988,568999,11,0
568988,568992,568999,7,4
568988,568988,568999,11,0
568988,568988,568999,11,0
568988,568988,568999,11,0
568988,568997,569000,3,9
568988,568988,569001,13,0
568988,568997,569001,4,9
568988,568998,569001,3,10
568988,568998,569001,3,10
568988,568988,569002,14,0
568988,568988,569002,14,0
568988,568998,569002,4,10
568988,568999,569002,3,11
568988,569001,569002,1,13
568988,568999,569003,4,11
568988,568997,569002,5,9
568988,569002,569003,1,14
568988,568999,569004,5,11
568988,569000,569004,4,12
568988,569000,569004,4,12
568988,568999,569004,5,11
568988,568988,569004,16,0
568988,568997,569003,6,9
568988,569002,569004,2,14
568988,569002,569004,2,14
568988,569003,569004,1,15
568988,568988,569005,17,0
568988,569003,569005,2,15
568988,569003,569005,2,15
568988,569004,569005,1,16
568988,569003,569005,2,15
568988,568988,569006,18,0
568988,568988,569006,18,0
568988,569000,569006,6,12
568988,569003,569006,3,15
568988,569004,569007,3,16
568988,569005,569007,2,17
568988,569001,569008,7,13
568988,569004,569008,4,16
568988,569004,569008,4,16
568988,568996,569009,13,8
568988,569004,569011,7,16
568988,568996,569011,15,8
568988,569004,569013,9,16
568988,568988,569013,25,0
568988,569002,569015,13,14
568988,569004,569018,14,16
568988,569002,569023,21,14
568988,568988,569029,41,0
567557,567571,569053,1482,14
569061,569061,569064,3,0
569061,569061,569063,2,0
569061,569061,569064,3,0
569061,569061,569064,3,0
569061,569061,569065,4,0
569061,569061,569064,3,0
569061,569061,569064,3,0
569061,569061,569065,4,0
569061,569061,569069,8,0
569061,569065,569069,4,4
569061,569061,569069,8,0
569061,569066,569070,4,5
569061,569064,569070,6,3
569061,569064,569071,7,3
569061,569061,569072,11,0
569061,569065,569072,7,4
569061,569065,569072,7,4
569061,569065,569072,7,4
569061,569069,569072,3,8
569061,569065,569073,8,4
569061,569070,569074,4,9
569061,569070,569075,5,9
569061,569071,569074,3,10
569061,569072,569075,3,11
568035,568050,569075,1025,15
569061,569073,569076,3,12
569061,569069,569076,7,8
569061,569074,569077,3,13
569061,569073,569076,3,12
569061,569073,569076,3,12
569061,569073,569076,3,12
569061,569061,569078,17,0
569061,569061,569078,17,0
569061,569075,569077,2,14
569061,569075,569077,2,14
569061,569075,569077,2,14
569061,569075,569078,3,14
569061,569061,569078,17,0
569061,569061,569078,17,0
569061,569076,569078,2,15
569061,569061,569079,18,0
569061,569061,569079,18,0
569061,569061,569079,18,0
569061,569077,569079,2,16
569061,569077,569079,2,16
569061,569077,569080,3,16
569061,569077,569079,2,16
569061,569077,569081,4,16
569061,569078,569080,2,17
569061,569078,569080,2,17
569061,569078,569081,3,17
569061,569078,569082,4,17
569061,569078,569081,3,17
569061,569079,569081,2,18
569061,569080,569082,2,19
569061,569079,569083,4,18
569061,569080,569083,3,19
569076,569080,569083,3,4
569061,569073,569081,8,12
569061,569080,569083,3,19
569061,569075,569084,9,14
569076,569081,569085,4,5
569076,569081,569084,3,5
569061,569079,569085,6,18
569061,569078,569085,7,17
569076,569082,569086,4,6
569076,569081,569085,4,5
569061,569061,569086,25,0
569076,569082,569087,5,6
569076,569082,569086,4,6
569061,569061,569087,26,0
569061,569080,569088,8,19
569061,569061,569087,26,0
569061,569080,569087,7,19
569076,569081,569088,7,5
569076,569083,569089,6,7
569076,569085,569090,5,9
569061,569061,569091,30,0
569061,569061,569091,30,0
569061,569061,569091,30,0
569076,569083,569090,7,7
569076,569085,569091,6,9
569076,569082,569091,9,6
569076,569083,569092,9,7
569076,569087,569093,6,11
569076,569085,569093,8,9
569076,569090,569094,4,14
569076,569090,569094,4,14
569076,569088,569094,6,12
569076,569087,569094,7,11
569076,569088,569094,6,12
569076,569093,569095,2,17
569076,569093,569095,2,17
569076,569088,569096,8,12
569076,569094,569096,2,18
569076,569094,569096,2,18
569076,569092,569096,4,16
569076,569084,569097,13,8
569076,569093,569096,3,17
569076,569095,569097,2,19
569076,569088,569097,9,12
569076,569091,569097,6,15
569076,569095,569097,2,19
569076,569092,569098,6,16
569076,569086,569097,11,10
569076,569097,569098,1,21
569076,569087,569098,11,11
569076,569096,569098,2,20
569076,569095,569099,4,19
569076,569088,569098,10,12
569076,569098,569100,2,22
569076,569097,569099,2,21
569076,569095,569099,4,19
569076,569097,569099,2,21
569076,569099,569100,1,23
569076,569097,569100,3,21
569076,569091,569101,10,15
569076,569098,569101,3,22
569076,569098,569100,2,22
569076,569092,569101,9,16
569076,569100,569102,2,24
569076,569098,569102,4,22
569076,569099,569101,2,23
569076,569099,569102,3,23
569076,569084,569101,17,8
569061,569061,569101,40,0
569076,569098,569102,4,22
569076,569101,569103,2,25
569076,569100,569102,2,24
569076,569100,569103,3,24
569076,569098,569103,5,22
569076,569101,569104,3,25
569076,569100,569104,4,24
568120,568134,569106,972,14
569076,569099,569107,8,23
569076,569086,569108,22,10
569076,569087,569110,23,11
569076,569097,569109,12,21
569076,569099,569111,12,23
569076,569096,569113,17,20
569076,569086,569115,29,10
569076,569091,569114,23,15
569131,569131,569133,2,0
569131,569131,569134,3,0
569131,569131,569134,3,0
569131,569131,569134,3,0
569131,569131,569135,4,0
569131,569131,569136,5,0
569131,569131,569135,4,0
569131,569131,569136,5,0
569131,569131,569135,4,0
569131,569131,569135,4,0
569131,569134,569137,3,3
569131,569131,569137,6,0
569131,569134,569137,3,3
569131,569136,569139,3,5
569131,569135,569138,3,4
569131,569135,569139,4,4
569131,569135,569139,4,4
569131,569136,569139,3,5
569131,569136,569139,3,5
569131,569136,569140,4,5
569131,569136,569139,3,5
569131,569137,569139,2,6
569131,569131,569140,9,0
569131,569138,569141,3,7
569131,569139,569141,2,8
569131,569131,569142,11,0
569131,569139,569141,2,8
569131,569139,569141,2,8
569131,569140,569142,2,9
569131,569140,569143,3,9
569131,569140,569142,2,9
569131,569141,569143,2,10
569131,569131,569143,12,0
569131,569140,569143,3,9
569131,569141,569143,2,10
569131,569142,569144,2,11
569131,569138,569144,6,7
569131,569131,569144,13,0
569131,569142,569144,2,11
569131,569143,569145,2,12
569131,569131,569145,14,0
569131,569143,569145,2,12
569131,569143,569145,2,12
569131,569144,569146,2,13
569131,569144,569146,2,13
569131,569141,569146,5,10
569131,569142,569146,4,11
569131,569139,569146,7,8
569131,569145,569147,2,14
569131,569144,569147,3,13
569131,569145,569147,2,14
569131,569146,569148,2,15
569131,569146,569148,2,15
569131,569140,569149,9,9
569131,569145,569149,4,14
569131,569146,569148,2,15
569131,569146,569149,3,15
569131,569143,569150,7,12
569131,569146,569151,5,15
569131,569131,569152,21,0
569131,569131,569153,22,0
569131,569131,569153,22,0
569131,569131,569154,23,0
569131,569131,569155,24,0
569131,569131,569158,27,0
569131,569144,569158,14,13
569131,569131,569160,29,0
569131,569145,569161,16,14
569131,569131,569166,35,0
569131,569131,569167,36,0
568250,568264,569214,950,14
569215,569215,569218,3,0
569215,569215,569218,3,0
569215,569215,569219,4,0
569215,569215,569219,4,0
569215,569215,569219,4,0
569215,569215,569220,5,0
569215,569215,569220,5,0
569215,569215,569220,5,0
569215,569215,569220,5,0
569215,569215,569221,6,0
569215,569215,569221,6,0
569215,569219,569221,2,4
569215,569215,569222,7,0
569215,569220,569223,3,5
569215,569220,569223,3,5
569215,569220,569222,2,5
569215,569219,569222,3,4
569215,569221,569223,2,6
569215,569222,569224,2,7
569215,569221,569223,2,6
569215,569221,569223,2,6
569215,569222,569224,2,7
569215,569222,569224,2,7
569215,569221,569224,3,6
569215,569215,569224,9,0
569215,569216,569225,9,1
569215,569223,569225,2,8
569215,569224,569226,2,9
569215,569223,569225,2,8
569215,569223,569225,2,8
569215,569224,569226,2,9
569215,569223,569225,2,8
569215,569223,569226,3,8
569215,569224,569226,2,9
569215,569224,569226,2,9
569215,569224,569226,2,9
569215,569216,569227,11,1
569215,569225,569227,2,10
569215,569226,569228,2,11
569215,569226,569227,1,11
569215,569215,569228,13,0
569215,569225,569228,3,10
569215,569216,569228,12,1
569215,569226,569228,2,11
569215,569226,569228,2,11
569215,569226,569228,2,11
569215,569226,569228,2,11
569215,569227,569229,2,12
569215,569215,569229,14,0
569215,569225,569230,5,10
569215,569227,569229,2,12
569215,569228,569230,2,13
569215,569228,569230,2,13
569215,569227,569229,2,12
569215,569215,569230,15,0
569215,569216,569231,15,1
569215,569228,569231,3,13
569215,569227,569232,5,12
569215,569229,569231,2,14
569215,569229,569232,3,14
569215,569215,569232,17,0
569215,569226,569232,6,11
569215,569229,569233,4,14
569215,569229,569233,4,14
569215,569215,569236,21,0
569215,569215,569242,27,0
569215,569228,569258,30,13
569215,569229,569260,31,14
569215,569215,569262,47,0
569215,569216,569271,55,1
568359,568379,569362,983,20
569363,569363,569367,4,0
569363,569363,569367,4,0
569363,569363,569367,4,0
569363,569363,569368,5,0
569363,569363,569368,5,0
569363,569363,569369,6,0
569363,569363,569368,5,0
569363,569363,569369,6,0
569363,569363,569368,5,0
569363,569363,569368,5,0
569363,569363,569368,5,0
569363,569363,569369,6,0
569363,569363,569369,6,0
569363,569367,569370,3,4
569363,569363,569370,7,0
569363,569367,569369,2,4
569363,569368,569371,3,5
569363,569368,569371,3,5
569363,569369,569372,3,6
569363,569369,569372,3,6
569363,569370,569372,2,7
569363,569369,569372,3,6
569363,569369,569372,3,6
569363,569369,569371,2,6
569363,569363,569373,10,0
569363,569363,569373,10,0
569363,569370,569372,2,7
569363,569371,569373,2,8
569363,569370,569372,2,7
569363,569370,569372,2,7
569363,569372,569374,2,9
569363,569371,569374,3,8
569363,569363,569375,12,0
569363,569369,569375,6,6
569363,569370,569375,5,7
569363,569363,569375,12,0
569363,569363,569375,12,0
569363,569369,569374,5,6
569363,569372,569375,3,9
569363,569373,569375,2,10
569363,569372,569375,3,9
569363,569372,569375,3,9
569363,569372,569374,2,9
569363,569373,569375,2,10
569363,569372,569376,4,9
569363,569363,569376,13,0
569363,569374,569376,2,11
568367,568397,569376,979,30
569363,569373,569375,2,10
569363,569373,569375,2,10
569363,569374,569377,3,11
569363,569375,569377,2,12
569363,569375,569377,2,12
569363,569375,569378,3,12
569363,569375,569378,3,12
569363,569375,569378,3,12
569363,569375,569378,3,12
569363,569373,569377,4,10
569363,569373,569379,6,10
569363,569376,569380,4,13
569363,569375,569379,4,12
569363,569375,569380,5,12
569363,569375,569380,5,12
569363,569375,569379,4,12
569363,569375,569379,4,12
569378,569378,569381,3,0
569363,569363,569381,18,0
569378,569378,569382,4,0
569378,569378,569382,4,0
569378,569378,569381,3,0
569378,569378,569381,3,0
569378,569378,569381,3,0
569378,569378,569381,3,0
569378,569378,569382,4,0
569378,569378,569382,4,0
569378,569378,569382,4,0
569378,569378,569382,4,0
569363,569375,569382,7,12
569378,569381,569383,2,3
569363,569363,569383,20,0
569378,569382,569385,3,4
569378,569382,569385,3,4
569378,569382,569384,2,4
569378,569382,569385,3,4
569378,569382,569385,3,4
569378,569380,569385,5,2
569378,569383,569385,2,5
569378,569383,569385,2,5
569378,569382,569385,3,4
569378,569384,569386,2,6
569378,569383,569385,2,5
569363,569363,569385,22,0
569378,569383,569386,3,5
569378,569385,569387,2,7
569363,569363,569386,23,0
569378,569378,569387,9,0
569378,569383,569387,4,5
569378,569386,569388,2,8
569378,569385,569387,2,7
569378,569385,569388,3,7
569378,569385,569387,2,7
569378,569385,569387,2,7
569378,569386,569388,2,8
569378,569386,569388,2,8
569378,569386,569388,2,8
569378,569386,569388,2,8
569378,569387,569389,2,9
569378,569385,569389,4,7
569378,569380,569388,8,2
569378,569388,569390,2,10
569378,569387,569389,2,9
569378,569388,569390,2,10
569378,569380,569390,10,2
569378,569388,569391,3,10
569378,569389,569391,2,11
569378,569388,569391,3,10
569378,569388,569390,2,10
569378,569388,569390,2,10
569378,569389,569391,2,11
569378,569387,569391,4,9
569378,569389,569391,2,11
569378,569390,569392,2,12
569378,569389,569391,2,11
569378,569390,569392,2,12
569378,569387,569392,5,9
569378,569390,569392,2,12
569378,569391,569393,2,13
569378,569391,569393,2,13
569378,569389,569393,4,11
569378,569379,569389,10,1
569378,569391,569394,3,13
569378,569389,569394,5,11
569378,569384,569395,11,6
569378,569380,569395,15,2
569378,569390,569395,5,12
569378,569388,569396,8,10
569378,569381,569398,17,3
569363,569363,569400,37,0
569378,569386,569402,16,8
569378,569380,569403,23,2
569378,569380,569404,24,2
568491,568504,569442,938,13
569459,569459,569463,4,0
569459,569459,569462,3,0
569459,569459,569463,4,0
569459,569459,569463,4,0
569459,569459,569463,4,0
569459,569459,569463,4,0
569459,569459,569463,4,0
569459,569459,569463,4,0
569459,569459,569463,4,0
569459,569459,569464,5,0
569459,569459,569464,5,0
569459,569463,569465,2,4
569459,569459,569464,5,0
569459,569459,569465,6,0
569459,569463,569465,2,4
569459,569459,569464,5,0
569459,569459,569465,6,0
569459,569464,569466,2,5
569459,569459,569464,5,0
569459,569459,569464,5,0
569459,569465,569467,2,6
569459,569464,569467,3,5
569459,569465,569467,2,6
569459,569464,569466,2,5
569459,569464,569467,3,5
569459,569464,569466,2,5
569459,569459,569467,8,0
569459,569459,569467,8,0
569459,569466,569468,2,7
569459,569465,569467,2,6
569459,569465,569467,2,6
569459,569465,569468,3,6
569459,569459,569468,9,0
569459,569464,569468,4,5
569459,569467,569469,2,8
569459,569467,569469,2,8
569459,569467,569469,2,8
569459,569459,569469,10,0
569459,569465,569469,4,6
569459,569468,569470,2,9
569459,569467,569470,3,8
569459,569467,569469,2,8
569459,569467,569469,2,8
569459,569463,569470,7,4
569459,569464,569471,7,5
569459,569466,569470,4,7
569459,569469,569471,2,10
569459,569468,569471,3,9
569459,569468,569470,2,9
569459,569469,569471,2,10
569459,569469,569471,2,10
569459,569468,569471,3,9
569459,569459,569471,12,0
569459,569466,569471,5,7
569459,569468,569472,4,9
568496,568526,569472,946,30
569459,569470,569472,2,11
569459,569470,569473,3,11
569459,569470,569473,3,11
569459,569470,569473,3,11
569459,569469,569473,4,10
569459,569470,569474,4,11
569459,569469,569473,4,10
569459,569459,569475,16,0
569473,569473,569476,3,0
569459,569466,569476,10,7
569459,569470,569476,6,11
569473,569473,569477,4,0
569473,569473,569477,4,0
569459,569459,569478,19,0
569459,569470,569477,7,11
569473,569473,569478,5,0
569473,569473,569477,4,0
569473,569473,569477,4,0
569459,569471,569477,6,12
569459,569468,569478,10,9
569473,569476,569479,3,3
569473,569473,569478,5,0
569473,569477,569479,2,4
569473,569473,569480,7,0
569473,569478,569480,2,5
569473,569477,569479,2,4
569473,569478,569480,2,5
569473,569478,569480,2,5
569473,569476,569480,4,3
569473,569474,569481,7,1
569473,569473,569481,8,0
569473,569479,569481,2,6
569473,569473,569480,7,0
569473,569476,569481,5,3
569473,569480,569482,2,7
569473,569478,569481,3,5
569473,569479,569482,3,6
569473,569478,569482,4,5
569473,569473,569482,9,0
569473,569475,569482,7,2
569473,569474,569482,8,1
569473,569481,569483,2,8
569473,569480,569483,3,7
569473,569480,569483,3,7
569473,569480,569482,2,7
569473,569480,569482,2,7
569473,569480,569483,3,7
569459,569459,569484,25,0
569473,569473,569484,11,0
569473,569482,569484,2,9
569473,569481,569483,2,8
569473,569481,569484,3,8
569473,569481,569485,4,8
569473,569474,569485,11,1
569473,569483,569485,2,10
569473,569473,569485,12,0
569473,569483,569485,2,10
569473,569483,569485,2,10
569473,569482,569485,3,9
569473,569482,569485,3,9
569473,569483,569486,3,10
569473,569483,569486,3,10
569473,569483,569486,3,10
569473,569481,569486,5,8
569473,569473,569486,13,0
569473,569484,569486,2,11
569473,569482,569487,5,9
569473,569484,569487,3,11
569473,569484,569487,3,11
569473,569483,569488,5,10
569473,569483,569487,4,10
569473,569485,569487,2,12
569473,569485,569488,3,12
569473,569485,569488,3,12
569473,569485,569488,3,12
569473,569485,569488,3,12
569473,569479,569489,10,6
569473,569483,569489,6,10
569473,569483,569488,5,10
569473,569484,569489,5,11
569473,569478,569489,11,5
569473,569485,569489,4,12
569473,569484,569490,6,11
569473,569485,569490,5,12
569473,569486,569492,6,13
567993,568005,569512,1507,12
569514,569514,569518,4,0
569514,569514,569518,4,0
569514,569514,569518,4,0
569514,569515,569518,3,1
569514,569514,569518,4,0
569514,569514,569518,4,0
569514,569515,569518,3,1
569514,569514,569518,4,0
569514,569515,569518,3,1
569514,569515,569521,6,1
569514,569519,569521,2,5
569514,569514,569522,8,0
569514,569519,569522,3,5
569514,569519,569522,3,5
569514,569519,569522,3,5
569514,569519,569523,4,5
569514,569519,569523,4,5
569514,569519,569524,5,5
569514,569515,569523,8,1
569514,569519,569524,5,5
569514,569519,569525,6,5
569514,569522,569525,3,8
569514,569523,569525,2,9
569514,569523,569526,3,9
569514,569523,569526,3,9
569514,569524,569527,3,10
569514,569524,569526,2,10
569514,569524,569526,2,10
569514,569525,569527,2,11
569514,569526,569528,2,12
569514,569526,569528,2,12
569514,569526,569528,2,12
569514,569527,569529,2,13
569514,569514,569529,15,0
569514,569527,569529,2,13
569514,569527,569529,2,13
569514,569527,569529,2,13
569514,569528,569530,2,14
569514,569527,569530,3,13
569514,569514,569530,16,0
569514,569523,569530,7,9
569514,569528,569530,2,14
569514,569529,569531,2,15
568003,568024,569531,1507,21
569514,569514,569531,17,0
569514,569515,569531,16,1
569514,569529,569531,2,15
569514,569529,569531,2,15
569514,569525,569532,7,11
569514,569530,569532,2,16
569514,569530,569532,2,16
569514,569530,569532,2,16
569514,569530,569532,2,16
569514,569514,569533,19,0
569514,569531,569533,2,17
569514,569531,569533,2,17
569514,569530,569534,4,16
569514,569514,569534,20,0
569514,569530,569534,4,16
569514,569515,569534,19,1
569514,569531,569534,3,17
569514,569515,569535,20,1
569514,569514,569535,21,0
569514,569525,569535,10,11
569514,569531,569535,4,17
569514,569515,569536,21,1
569514,569532,569536,4,18
569514,569514,569536,22,0
569514,569515,569536,21,1
569514,569514,569539,25,0
569514,569532,569539,7,18
569544,569544,569547,3,0
569544,569544,569547,3,0
569544,569544,569548,4,0
569544,569544,569548,4,0
569544,569544,569548,4,0
569544,569544,569548,4,0
569544,569544,569548,4,0
569544,569544,569549,5,0
569544,569544,569549,5,0
569544,569545,569549,4,1
569544,569547,569551,4,3
569544,569547,569552,5,3
569544,569549,569552,3,5
569544,569549,569552,3,5
569544,569549,569553,4,5
569544,569549,569552,3,5
569544,569549,569553,4,5
569544,569549,569554,5,5
569544,569550,569554,4,6
569544,569552,569555,3,8
569544,569553,569555,2,9
569544,569553,569555,2,9
569544,569553,569555,2,9
569544,569553,569555,2,9
569544,569545,569555,10,1
569544,569553,569556,3,9
569544,569554,569556,2,10
569544,569544,569557,13,0
569544,569550,569556,6,6
569544,569555,569557,2,11
569544,569556,569558,2,12
569544,569556,569558,2,12
569544,569555,569557,2,11
569544,569556,569558,2,12
569544,569557,569558,1,13
569544,569556,569558,2,12
569544,569556,569558,2,12
569544,569544,569559,15,0
569544,569557,569560,3,13
569544,569558,569560,2,14
569544,569558,569560,2,14
569544,569558,569560,2,14
569544,569544,569560,16,0
569544,569544,569560,16,0
569544,569544,569560,16,0
569544,569544,569560,16,0
569544,569558,569560,2,14
569544,569558,569561,3,14
569544,569559,569561,2,15
569544,569559,569561,2,15
569544,569560,569562,2,16
569544,569559,569561,2,15
569544,569560,569562,2,16
569544,569544,569562,18,0
569544,569556,569562,6,12
569544,569558,569562,4,14
569544,569560,569562,2,16
569544,569560,569562,2,16
569544,569544,569563,19,0
569544,569560,569565,5,16
569544,569561,569565,4,17
569544,569561,569565,4,17
569544,569560,569566,6,16
569544,569544,569567,23,0
569544,569544,569568,24,0
569544,569544,569569,25,0
568560,568583,569569,986,23
569544,569544,569571,27,0
569544,569544,569572,28,0
569544,569544,569575,31,0
569544,569557,569575,18,13
569574,569574,569578,4,0
569574,569574,569579,5,0
569574,569574,569579,5,0
569574,569574,569578,4,0
569574,569574,569579,5,0
569574,569574,569579,5,0
569574,569574,569579,5,0
569574,569574,569580,6,0
569574,569574,569580,6,0
569574,569574,569579,5,0
569574,569574,569580,6,0
569574,569574,569580,6,0
569574,569576,569580,4,2
569574,569576,569580,4,2
569574,569574,569581,7,0
569574,569574,569580,6,0
569574,569579,569581,2,5
569574,569579,569581,2,5
569574,569579,569581,2,5
569574,569579,569581,2,5
569574,569574,569581,7,0
569574,569574,569581,7,0
569574,569574,569582,8,0
569574,569579,569582,3,5
569574,569579,569581,2,5
569574,569578,569583,5,4
569574,569574,569583,9,0
569574,569580,569584,4,6
569574,569580,569584,4,6
569574,569581,569583,2,7
569574,569580,569583,3,6
569574,569574,569584,10,0
569574,569574,569583,9,0
569574,569581,569583,2,7
569574,569581,569583,2,7
569574,569581,569583,2,7
569574,569581,569583,2,7
569574,569574,569585,11,0
569574,569580,569584,4,6
569574,569581,569584,3,7
569574,569582,569585,3,8
569574,569582,569585,3,8
569574,569581,569585,4,7
569574,569581,569585,4,7
569574,569580,569585,5,6
569574,569584,569586,2,10
569574,569584,569586,2,10
569574,569583,569585,2,9
569574,569584,569586,2,10
569574,569584,569587,3,10
569574,569584,569586,2,10
569574,569584,569587,3,10
569574,569582,569588,6,8
569574,569582,569588,6,8
569574,569584,569588,4,10
569574,569584,569588,4,10
569574,569585,569588,3,11
569574,569585,569588,3,11
569574,569585,569588,3,11
569574,569583,569589,6,9
569574,569584,569589,5,10
569574,569584,569589,5,10
569574,569582,569588,6,8
569574,569585,569589,4,11
569574,569586,569590,4,12
569574,569586,569590,4,12
569574,569585,569591,6,11
569574,569586,569592,6,12
569574,569593,569599,6,19
569574,569593,569609,16,19
568676,568694,569674,980,18
569676,569676,569680,4,0
569676,569676,569680,4,0
569676,569676,569680,4,0
569676,569676,569680,4,0
569676,569676,569680,4,0
569676,569676,569680,4,0
569676,569676,569680,4,0
569676,569676,569680,4,0
569676,569676,569680,4,0
569676,569676,569681,5,0
569676,569676,569680,4,0
569676,569676,569680,4,0
569676,569676,569681,5,0
569676,569676,569681,5,0
569676,569676,569681,5,0
569676,569676,569681,5,0
569676,569676,569681,5,0
569676,569680,569682,2,4
569676,569676,569681,5,0
569676,569676,569682,6,0
569676,569680,569682,2,4
569676,569680,569682,2,4
569676,569676,569683,7,0
569676,569676,569683,7,0
569676,569680,569683,3,4
569676,569680,569684,4,4
569676,569676,569683,7,0
569676,569681,569683,2,5
569676,569681,569683,2,5
569676,569681,569684,3,5
569676,569681,569685,4,5
569676,569680,569684,4,4
569676,569682,569685,3,6
569676,569682,569685,3,6
569676,569682,569685,3,6
569676,569676,569685,9,0
569676,569683,569685,2,7
569676,569681,569685,4,5
569676,569681,569685,4,5
569676,569684,569686,2,8
569676,569683,569685,2,7
569676,569683,569685,2,7
569676,569676,569687,11,0
569676,569682,569687,5,6
569676,569683,569687,4,7
569676,569684,569686,2,8
569676,569684,569687,3,8
569676,569685,569687,2,9
569676,569684,569687,3,8
569676,569684,569687,3,8
569676,569682,569687,5,6
569676,569686,569688,2,10
569676,569685,569688,3,9
569676,569685,569687,2,9
569676,569684,569688,4,8
569676,569681,569688,7,5
569676,569684,569688,4,8
569676,569686,569689,3,10
569676,569686,569688,2,10
569676,569686,569689,3,10
569676,569686,569689,3,10
569676,569685,569689,4,9
569676,569686,569690,4,10
569676,569686,569690,4,10
569676,569676,569689,13,0
569676,569687,569692,5,11
569676,569687,569692,5,11
569676,569687,569692,5,11
569676,569685,569693,8,9
569676,569684,569693,9,8
568896,568930,569889,959,34
569891,569892,569894,2,1
569891,569892,569894,2,1
569891,569891,569895,4,0
569891,569892,569895,3,1
569891,569891,569895,4,0
569891,569891,569895,4,0
569891,569892,569895,3,1
569891,569891,569895,4,0
569891,569891,569895,4,0
569891,569891,569896,5,0
569891,569891,569896,5,0
569891,569892,569896,4,1
569891,569891,569896,5,0
569891,569892,569896,4,1
569891,569891,569896,5,0
569891,569895,569897,2,4
569891,569891,569897,6,0
569891,569891,569897,6,0
569891,569891,569897,6,0
569891,569892,569897,5,1
569891,569892,569897,5,1
569891,569895,569897,2,4
569891,569892,569898,6,1
569891,569896,569898,2,5
569891,569896,569898,2,5
569891,569896,569898,2,5
569891,569897,569899,2,6
569891,569896,569899,3,5
569891,569892,569899,7,1
569891,569897,569899,2,6
569891,569896,569900,4,5
569891,569892,569897,5,1
569891,569892,569898,6,1
569891,569899,569900,1,8
569891,569898,569900,2,7
569891,569899,569901,2,8
569891,569897,569901,4,6
569891,569897,569901,4,6
569891,569898,569901,3,7
569891,569898,569902,4,7
569891,569897,569901,4,6
569891,569897,569901,4,6
569891,569896,569901,5,5
569891,569899,569901,2,8
569891,569898,569903,5,7
569891,569898,569902,4,7
569891,569896,569902,6,5
569891,569899,569903,4,8
569891,569900,569902,2,9
569891,569900,569902,2,9
569891,569901,569903,2,10
569891,569898,569903,5,7
569891,569899,569903,4,8
569891,569900,569903,3,9
569891,569901,569903,2,10
569891,569901,569903,2,10
569891,569891,569904,13,0
569891,569902,569904,2,11
569891,569902,569905,3,11
569891,569902,569905,3,11
569891,569901,569905,4,10
569891,569902,569905,3,11
569891,569902,569906,4,11
569891,569902,569906,4,11
569891,569902,569907,5,11
569891,569901,569905,4,10
569891,569901,569906,5,10
569891,569897,569907,10,6
569891,569902,569907,5,11
569891,569903,569908,5,12
568989,569005,569930,925,16
568426,568445,569932,1487,19
569940,569940,569943,3,0
569940,569940,569944,4,0
569940,569940,569943,3,0
569940,569940,569944,4,0
569940,569940,569945,5,0
569940,569940,569944,4,0
569940,569940,569944,4,0
569940,569940,569945,5,0
569940,569940,569945,5,0
569940,569940,569945,5,0
569940,569940,569945,5,0
569940,569940,569946,6,0
569940,569940,569945,5,0
569940,569940,569945,5,0
569940,569944,569946,2,4
569940,569944,569946,2,4
569940,569940,569946,6,0
569940,569940,569946,6,0
569940,569944,569946,2,4
569940,569945,569947,2,5
569940,569944,569946,2,4
569940,569940,569948,8,0
569940,569945,569947,2,5
569940,569945,569948,3,5
569940,569946,569948,2,6
569940,569940,569948,8,0
569940,569946,569948,2,6
569940,569947,569949,2,7
569940,569946,569948,2,6
569940,569940,569949,9,0
569940,569947,569949,2,7
569940,569947,569949,2,7
569940,569947,569950,3,7
569940,569948,569950,2,8
569940,569945,569950,5,5
569940,569946,569950,4,6
569940,569940,569951,11,0
569940,569946,569950,4,6
569940,569940,569950,10,0
569940,569946,569950,4,6
569940,569948,569950,2,8
569940,569949,569951,2,9
569940,569949,569951,2,9
569940,569948,569951,3,8
569940,569947,569951,4,7
569940,569946,569951,5,6
569940,569946,569951,5,6
569940,569949,569951,2,9
569940,569950,569952,2,10
569940,569948,569952,4,8
569940,569950,569952,2,10
569940,569951,569953,2,11
569940,569951,569953,2,11
569940,569951,569953,2,11
569940,569950,569953,3,10
569940,569940,569953,13,0
569940,569950,569954,4,10
569940,569951,569954,3,11
569940,569940,569954,14,0
569940,569951,569955,4,11
569940,569951,569955,4,11
569940,569951,569955,4,11
569940,569940,569955,15,0
569940,569951,569955,4,11
569940,569949,569953,4,9
569940,569953,569956,3,13
569940,569953,569956,3,13
569940,569953,569956,3,13
569940,569951,569956,5,11
569940,569950,569957,7,10
569940,569954,569957,3,14
569940,569953,569957,4,13
569940,569953,569957,4,13
569940,569954,569958,4,14
569940,569954,569958,4,14
569940,569952,569957,5,12
569940,569952,569958,6,12
569940,569955,569959,4,15
569940,569955,569959,4,15
569940,569955,569959,4,15
569940,569952,569959,7,12
569940,569957,569959,2,17
569940,569956,569959,3,16
569940,569957,569959,2,17
569940,569955,569959,4,15
569940,569952,569960,8,12
569940,569951,569960,9,11
569940,569958,569960,2,18
569940,569958,569960,2,18
569940,569958,569960,2,18
569940,569956,569960,4,16
569940,569958,569962,4,18
569940,569959,569962,3,19
569940,569960,569963,3,20
569940,569960,569962,2,20
569940,569957,569962,5,17
569940,569958,569962,4,18
569940,569952,569963,11,12
569940,569956,569963,7,16
569940,569960,569963,3,20
569940,569960,569963,3,20
569940,569961,569963,2,21
569940,569961,569963,2,21
569940,569940,569964,24,0
569940,569959,569963,4,19
569940,569960,569964,4,20
569940,569961,569964,3,21
569940,569963,569965,2,23
569940,569957,569964,7,17
569940,569963,569965,2,23
569940,569963,569965,2,23
569940,569964,569966,2,24
569940,569964,569966,2,24
569940,569961,569966,5,21
569940,569959,569966,7,19
569940,569958,569965,7,18
569940,569963,569965,2,23
569940,569962,569965,3,22
569940,569964,569966,2,24
569940,569964,569966,2,24
568455,568473,569967,1494,18
569940,569959,569966,7,19
569940,569960,569967,7,20
569940,569965,569967,2,25
569940,569965,569967,2,25
569940,569964,569967,3,24
569940,569963,569967,4,23
569940,569964,569967,3,24
569940,569966,569969,3,26
569940,569966,569969,3,26
569940,569966,569969,3,26
569940,569966,569968,2,26
569940,569963,569970,7,23
569940,569963,569970,7,23
569940,569964,569969,5,24
569940,569940,569961,21,0
569968,569968,569972,4,0
569968,569968,569972,4,0
569968,569968,569973,5,0
569968,569968,569973,5,0
569968,569968,569973,5,0
569968,569968,569973,5,0
569968,569968,569973,5,0
569940,569960,569974,14,20
569968,569969,569973,4,1
569940,569965,569974,9,25
569940,569966,569975,9,26
569968,569968,569974,6,0
569968,569970,569975,5,2
569968,569972,569975,3,4
569968,569972,569975,3,4
569968,569973,569976,3,5
569968,569969,569976,7,1
569968,569974,569976,2,6
569968,569973,569976,3,5
569968,569973,569976,3,5
569940,569972,569977,5,32
569968,569968,569977,9,0
569968,569974,569977,3,6
569968,569973,569976,3,5
569968,569975,569977,2,7
569968,569975,569978,3,7
569968,569971,569978,7,3
569968,569972,569978,6,4
569968,569975,569979,4,7
569968,569968,569979,11,0
569968,569974,569979,5,6
569968,569975,569979,4,7
569968,569976,569979,3,8
569968,569976,569979,3,8
569968,569969,569979,10,1
569968,569977,569979,2,9
569968,569977,569979,2,9
569968,569975,569979,4,7
569968,569970,569979,9,2
569968,569975,569980,5,7
569968,569977,569980,3,9
569968,569976,569980,4,8
569968,569979,569981,2,11
569968,569978,569980,2,10
569968,569968,569981,13,0
569968,569968,569981,13,0
569968,569977,569980,3,9
569968,569969,569981,12,1
569968,569980,569982,2,12
569968,569980,569981,1,12
569968,569977,569982,5,9
569968,569977,569982,5,9
569968,569979,569981,2,11
569968,569980,569982,2,12
569968,569980,569982,2,12
569968,569980,569982,2,12
569968,569981,569983,2,13
569968,569980,569983,3,12
569968,569980,569983,3,12
569968,569981,569983,2,13
569968,569982,569984,2,14
569968,569979,569984,5,11
569968,569979,569983,4,11
569968,569979,569984,5,11
569968,569980,569984,4,12
569968,569982,569984,2,14
569968,569982,569984,2,14
569940,569953,569983,30,13
569968,569979,569985,6,11
569968,569981,569985,4,13
569968,569979,569986,7,11
569968,569980,569985,5,12
569968,569981,569986,5,13
569968,569980,569987,7,12
569968,569981,569988,7,13
569062,569080,570056,976,18
570058,570058,570061,3,0
570058,570058,570061,3,0
570058,570058,570061,3,0
570058,570058,570060,2,0
570058,570058,570060,2,0
570058,570058,570061,3,0
570058,570058,570062,4,0
570058,570058,570063,5,0
570058,570058,570063,5,0
570058,570058,570063,5,0
570058,570058,570063,5,0
570058,570058,570062,4,0
570058,570058,570063,5,0
570058,570058,570063,5,0
570058,570058,570063,5,0
570058,570058,570062,4,0
570058,570058,570063,5,0
570058,570058,570064,6,0
570058,570058,570064,6,0
570058,570061,570064,3,3
570058,570058,570064,6,0
570058,570061,570064,3,3
570058,570058,570064,6,0
570058,570061,570064,3,3
570058,570061,570064,3,3
570058,570061,570064,3,3
570058,570061,570066,5,3
570058,570063,570066,3,5
570058,570058,570066,8,0
570058,570064,570067,3,6
570058,570063,570067,4,5
570058,570063,570067,4,5
570058,570064,570067,3,6
570058,570064,570067,3,6
570058,570063,570067,4,5
570058,570063,570067,4,5
570058,570064,570067,3,6
570058,570064,570067,3,6
570058,570062,570068,6,4
570058,570065,570068,3,7
570058,570065,570068,3,7
570058,570058,570069,11,0
570058,570068,570069,1,10
570058,570064,570070,6,6
570058,570063,570070,7,5
570058,570063,570070,7,5
570058,570063,570070,7,5
570058,570064,570070,6,6
570058,570066,570070,4,8
570058,570067,570070,3,9
570058,570068,570070,2,10
570058,570068,570070,2,10
570058,570068,570070,2,10
570058,570068,570070,2,10
570058,570068,570070,2,10
570058,570068,570070,2,10
570058,570068,570070,2,10
570058,570067,570071,4,9
570058,570058,570071,13,0
570058,570058,570071,13,0
570058,570063,570071,8,5
570058,570068,570072,4,10
570058,570070,570072,2,12
570058,570069,570072,3,11
570058,570068,570073,5,10
570058,570066,570074,8,8
570058,570064,570075,11,6
570058,570070,570076,6,12
570058,570070,570076,6,12
570058,570069,570083,14,11
569216,569229,570209,980,13
570211,570211,570213,2,0
570211,570211,570213,2,0
570211,570211,570213,2,0
570211,570211,570213,2,0
570211,570211,570213,2,0
570211,570211,570213,2,0
570211,570211,570213,2,0
570211,570211,570215,4,0
570211,570211,570215,4,0
570211,570211,570215,4,0
570211,570211,570215,4,0
570211,570211,570215,4,0
570211,570211,570216,5,0
570211,570211,570215,4,0
570211,570211,570216,5,0
570211,570211,570216,5,0
570211,570211,570217,6,0
570211,570211,570216,5,0
570211,570214,570217,3,3
570211,570211,570216,5,0
570211,570214,570217,3,3
570211,570211,570217,6,0
570211,570211,570218,7,0
570211,570211,570218,7,0
570211,570214,570217,3,3
570211,570214,570218,4,3
570211,570211,570217,6,0
570211,570214,570217,3,3
570211,570214,570218,4,3
570211,570214,570218,4,3
570211,570215,570218,3,4
570211,570216,570219,3,5
570211,570217,570220,3,6
570211,570216,570220,4,5
570211,570217,570219,2,6
570211,570217,570219,2,6
570211,570211,570218,7,0
568688,568716,570220,1504,28
570211,570217,570220,3,6
570211,570218,570220,2,7
570211,570218,570221,3,7
570211,570217,570221,4,6
570211,570218,570220,2,7
570211,570218,570220,2,7
570211,570216,570220,4,5
570211,570211,570218,7,0
570211,570216,570222,6,5
570211,570216,570222,6,5
570211,570219,570222,3,8
570211,570219,570221,2,8
570211,570220,570222,2,9
570211,570220,570222,2,9
570211,570216,570222,6,5
570211,570219,570222,3,8
570211,570220,570222,2,9
570211,570220,570223,3,9
570211,570220,570222,2,9
570211,570221,570223,2,10
570211,570218,570224,6,7
570211,570221,570224,3,10
570211,570221,570224,3,10
570211,570218,570224,6,7
570211,570218,570224,6,7
570211,570221,570224,3,10
570211,570221,570224,3,10
570211,570221,570224,3,10
570211,570217,570225,8,6
570211,570221,570225,4,10
570221,570222,570226,4,1
570211,570217,570226,9,6
570221,570222,570226,4,1
570221,570222,570226,4,1
570211,570221,570227,6,10
570221,570224,570227,3,3
570221,570224,570227,3,3
570221,570224,570227,3,3
570221,570224,570227,3,3
570221,570222,570226,4,1
570221,570223,570227,4,2
570221,570224,570228,4,3
570221,570223,570228,5,2
570221,570226,570228,2,5
570221,570223,570230,7,2
570221,570227,570230,3,6
570221,570227,570230,3,6
570221,570227,570229,2,6
570221,570223,570230,7,2
570221,570227,570230,3,6
570221,570227,570229,2,6
570221,570227,570230,3,6
570221,570227,570230,3,6
570221,570227,570230,3,6
570211,570221,570226,5,10
570221,570224,570230,6,3
570221,570222,570231,9,1
570221,570222,570230,8,1
570221,570227,570230,3,6
570221,570223,570230,7,2
570221,570228,570231,3,7
570221,570224,570231,7,3
570221,570228,570231,3,7
570221,570225,570231,6,4
570221,570227,570231,4,6
570221,570230,570232,2,9
570221,570231,570233,2,10
570221,570231,570233,2,10
570221,570230,570233,3,9
570221,570230,570233,3,9
570221,570230,570233,3,9
570221,570230,570233,3,9
570221,570226,570232,6,5
570221,570230,570233,3,9
570221,570231,570233,2,10
570221,570231,570233,2,10
570221,570231,570233,2,10
570221,570232,570234,2,11
570221,570231,570234,3,10
570221,570233,570235,2,12
570221,570233,570235,2,12
570221,570223,570234,11,2
570221,570224,570235,11,3
570221,570231,570235,4,10
570221,570231,570235,4,10
570221,570233,570235,2,12
570221,570231,570235,4,10
570221,570231,570235,4,10
570221,570233,570236,3,12
570221,570233,570236,3,12
570221,570231,570236,5,10
570221,570231,570236,5,10
570221,570232,570236,4,11
570221,570234,570236,2,13
570221,570234,570236,2,13
570221,570234,570236,2,13
570221,570234,570236,2,13
570221,570234,570236,2,13
570221,570231,570237,6,10
570221,570233,570237,4,12
570221,570232,570237,5,11
570221,570233,570241,8,12
570221,570234,570241,7,13
568794,568827,570296,1469,33
568796,568828,570296,1468,32
570298,570298,570301,3,0
570298,570298,570302,4,0
570298,570298,570302,4,0
570298,570298,570302,4,0
570298,570298,570301,3,0
570298,570298,570301,3,0
570298,570298,570301,3,0
570298,570298,570303,5,0
570298,570298,570302,4,0
570298,570298,570303,5,0
570298,570298,570303,5,0
570298,570298,570303,5,0
570298,570298,570302,4,0
570298,570298,570303,5,0
570298,570298,570304,6,0
570298,570298,570303,5,0
570298,570298,570303,5,0
570298,570301,570303,2,3
570298,570298,570304,6,0
570298,570298,570305,7,0
570298,570298,570304,6,0
570298,570302,570305,3,4
570298,570302,570305,3,4
570298,570298,570304,6,0
570298,570302,570304,2,4
570298,570298,570305,7,0
570298,570303,570305,2,5
570298,570303,570305,2,5
570298,570303,570306,3,5
570298,570303,570305,2,5
570298,570303,570305,2,5
570298,570302,570306,4,4
570298,570302,570306,4,4
570298,570302,570307,5,4
570298,570298,570307,9,0
570298,570298,570306,8,0
570298,570304,570307,3,6
570298,570304,570306,2,6
570298,570304,570307,3,6
570298,570304,570306,2,6
570298,570303,570307,4,5
570298,570303,570307,4,5
570298,570305,570307,2,7
570298,570306,570308,2,8
570298,570305,570308,3,7
570298,570305,570307,2,7
570298,570305,570307,2,7
570298,570306,570308,2,8
570298,570304,570308,4,6
570298,570305,570309,4,7
570298,570306,570309,3,8
570298,570306,570309,3,8
570298,570306,570308,2,8
570298,570307,570310,3,9
570298,570307,570310,3,9
570298,570307,570310,3,9
570298,570307,570309,2,9
570298,570307,570311,4,9
570298,570306,570310,4,8
570298,570307,570311,4,9
570298,570308,570311,3,10
570298,570308,570310,2,10
570298,570307,570311,4,9
570298,570307,570312,5,9
570300,570308,570312,4,8
570298,570308,570312,4,10
570298,570308,570313,5,10
570300,570310,570313,3,10
570300,570310,570313,3,10
570300,570308,570313,5,8
570300,570308,570313,5,8
570300,570310,570313,3,10
570298,570298,570310,12,0
570298,570307,570312,5,9
570298,570305,570311,6,7
570300,570311,570313,2,11
570300,570311,570314,3,11
570300,570312,570314,2,12
570300,570309,570315,6,9
570300,570309,570315,6,9
570300,570309,570315,6,9
570300,570313,570315,2,13
570300,570314,570315,1,14
570300,570311,570315,4,11
570300,570312,570316,4,12
570300,570309,570316,7,9
570300,570313,570316,3,13
570300,570310,570316,6,10
570300,570313,570316,3,13
570300,570314,570316,2,14
570300,570315,570317,2,15
570300,570313,570317,4,13
570300,570313,570317,4,13
570300,570312,570317,5,12
570300,570311,570317,6,11
570300,570314,570317,3,14
570300,570314,570317,3,14
570300,570316,570318,2,16
570300,570316,570318,2,16
570300,570315,570318,3,15
570300,570315,570318,3,15
570300,570316,570318,2,16
570300,570317,570319,2,17
570300,570314,570318,4,14
570300,570309,570318,9,9
570300,570316,570319,3,16
570300,570316,570319,3,16
570300,570317,570319,2,17
570300,570317,570319,2,17
570300,570317,570319,2,17
570300,570318,570320,2,18
570300,570317,570320,3,17
570300,570318,570321,3,18
570300,570318,570320,2,18
570300,570318,570321,3,18
570300,570316,570320,4,16
570300,570319,570321,2,19
570300,570320,570322,2,20
570300,570319,570321,2,19
570300,570320,570322,2,20
570300,570320,570322,2,20
570300,570311,570321,10,11
570300,570317,570321,4,17
570300,570317,570322,5,17
570300,570317,570321,4,17
570300,570318,570322,4,18
570300,570320,570322,2,20
570300,570320,570322,2,20
570300,570320,570322,2,20
570300,570319,570323,4,19
570300,570321,570323,2,21
570300,570321,570323,2,21
570300,570321,570323,2,21
570300,570321,570324,3,21
570300,570316,570325,9,16
570300,570317,570330,13,17
570298,570298,570333,35,0
570300,570314,570334,20,14
570300,570319,570334,15,19
570300,570314,570338,24,14
569379,569391,570340,949,12
570361,570361,570363,2,0
570361,570361,570363,2,0
570361,570361,570363,2,0
570361,570361,570363,2,0
570361,570361,570363,2,0
570361,570361,570364,3,0
570361,570361,570364,3,0
570361,570361,570365,4,0
570361,570361,570365,4,0
570361,570361,570365,4,0
570361,570361,570365,4,0
570361,570361,570365,4,0
570361,570361,570367,6,0
570361,570361,570367,6,0
570361,570361,570366,5,0
570361,570361,570366,5,0
570361,570361,570366,5,0
570361,570361,570367,6,0
570361,570361,570367,6,0
570361,570364,570367,3,3
570361,570364,570367,3,3
570361,570364,570367,3,3
570361,570364,570367,3,3
570361,570361,570368,7,0
570361,570361,570368,7,0
570361,570365,570368,3,4
570361,570364,570368,4,3
570361,570366,570368,2,5
570361,570365,570368,3,4
570361,570361,570369,8,0
570361,570361,570369,8,0
570361,570361,570369,8,0
570361,570366,570369,3,5
570361,570366,570369,3,5
570361,570366,570370,4,5
570361,570367,570371,4,6
570361,570367,570370,3,6
570361,570368,570370,2,7
570361,570368,570370,2,7
570361,570368,570370,2,7
570361,570368,570370,2,7
570361,570369,570371,2,8
570361,570369,570371,2,8
570361,570367,570372,5,6
570361,570369,570371,2,8
570361,570369,570371,2,8
570361,570366,570372,6,5
570361,570370,570372,2,9
570361,570370,570372,2,9
570361,570370,570372,2,9
570361,570371,570374,3,10
570361,570371,570373,2,10
570361,570371,570374,3,10
570361,570371,570374,3,10
570361,570371,570373,2,10
570361,570371,570373,2,10
570361,570370,570374,4,9
570361,570372,570375,3,11
570361,570372,570374,2,11
570361,570372,570374,2,11
570361,570372,570374,2,11
570361,570369,570374,5,8
570361,570369,570375,6,8
570361,570368,570375,7,7
570361,570367,570376,9,6
570361,570368,570375,7,7
570361,570367,570378,11,6
570361,570370,570378,8,9
570361,570370,570378,8,9
570361,570361,570385,24,0
568893,568910,570405,1495,17
569460,569471,570417,946,11
570420,570420,570422,2,0
570420,570420,570422,2,0
570420,570420,570423,3,0
570420,570420,570423,3,0
570420,570420,570424,4,0
570420,570420,570423,3,0
570420,570420,570423,3,0
570420,570420,570424,4,0
570420,570420,570424,4,0
570420,570420,570424,4,0
570420,570420,570424,4,0
570420,570420,570424,4,0
570420,570420,570424,4,0
570420,570420,570425,5,0
570420,570420,570425,5,0
570420,570420,570425,5,0
570420,570423,570425,2,3
570420,570423,570425,2,3
570420,570423,570426,3,3
570420,570420,570426,6,0
570420,570420,570425,5,0
570420,570420,570427,7,0
570420,570423,570426,3,3
570420,570420,570426,6,0
570420,570424,570427,3,4
570420,570420,570427,7,0
570420,570424,570426,2,4
570420,570424,570428,4,4
570420,570425,570427,2,5
570420,570425,570428,3,5
570420,570425,570427,2,5
570420,570426,570428,2,6
570420,570425,570429,4,5
570420,570424,570428,4,4
570420,570426,570428,2,6
570420,570426,570428,2,6
570420,570426,570428,2,6
570420,570426,570428,2,6
570420,570426,570429,3,6
570420,570427,570429,2,7
570420,570427,570430,3,7
570420,570426,570429,3,6
570420,570428,570430,2,8
570420,570427,570430,3,7
570420,570428,570430,2,8
570420,570420,570430,10,0
570420,570420,570430,10,0
570420,570427,570431,4,7
570420,570428,570430,2,8
570420,570428,570431,3,8
570420,570429,570431,2,9
570420,570424,570432,8,4
570420,570425,570432,7,5
570420,570428,570432,4,8
570420,570429,570431,2,9
570420,570429,570431,2,9
570420,570429,570432,3,9
570420,570429,570432,3,9
570420,570429,570432,3,9
570420,570429,570433,4,9
570420,570427,570433,6,7
570420,570430,570432,2,10
570420,570427,570433,6,7
570420,570430,570433,3,10
570420,570430,570432,2,10
570420,570430,570433,3,10
570420,570429,570433,4,9
570420,570432,570435,3,12
570420,570432,570435,3,12
570420,570432,570435,3,12
570420,570430,570435,5,10
570420,570431,570435,4,11
570420,570432,570436,4,12
570420,570433,570436,3,13
570420,570431,570436,5,11
570420,570431,570435,4,11
570420,570433,570436,3,13
570420,570432,570436,4,12
570420,570432,570435,3,12
570420,570433,570437,4,13
570420,570433,570437,4,13
570420,570433,570438,5,13
570420,570432,570437,5,12
570420,570432,570437,5,12
570420,570431,570437,6,11
570420,570433,570438,5,13
570420,570435,570439,4,15
570420,570436,570439,3,16
570420,570435,570439,4,15
570420,570435,570439,4,15
570420,570435,570439,4,15
570420,570435,570439,4,15
570420,570431,570440,9,11
570420,570436,570439,3,16
570420,570436,570439,3,16
570420,570436,570440,4,16
570420,570437,570440,3,17
570420,570436,570440,4,16
570420,570434,570440,6,14
569474,569486,570441,955,12
570420,570440,570441,1,20
570420,570420,570437,17,0
570420,570433,570441,8,13
570420,570437,570442,5,17
570420,570439,570442,3,19
570420,570439,570442,3,19
570420,570440,570442,2,20
570420,570440,570442,2,20
570420,570440,570442,2,20
570420,570440,570442,2,20
570420,570438,570443,5,18
570420,570441,570443,2,21
570420,570441,570443,2,21
570420,570438,570444,6,18
570420,570441,570443,2,21
570420,570441,570443,2,21
570420,570441,570443,2,21
570420,570431,570442,11,11
570420,570420,570444,24,0
570420,570443,570445,2,23
570420,570442,570444,2,22
570420,570443,570445,2,23
570420,570442,570445,3,22
570420,570439,570445,6,19
570420,570443,570445,2,23
570420,570443,570445,2,23
570420,570443,570445,2,23
570420,570441,570445,4,21
570420,570442,570446,4,22
570420,570443,570446,3,23
570420,570443,570445,2,23
570420,570444,570446,2,24
570420,570444,570446,2,24
570420,570444,570446,2,24
570420,570438,570447,9,18
570420,570440,570448,8,20
570443,570446,570448,2,3
570443,570445,570449,4,2
570443,570446,570448,2,3
570443,570446,570449,3,3
570420,570436,570449,13,16
570420,570420,570444,24,0
570443,570444,570449,5,1
570443,570445,570449,4,2
570443,570446,570449,3,3
570443,570447,570449,2,4
570443,570447,570449,2,4
570443,570445,570450,5,2
570443,570447,570450,3,4
570420,570438,570451,13,18
570443,570446,570450,4,3
570443,570445,570452,7,2
570443,570445,570452,7,2
570443,570450,570452,2,7
570443,570449,570452,3,6
570443,570449,570453,4,6
570443,570450,570453,3,7
570443,570446,570453,7,3
570443,570449,570453,4,6
570443,570450,570453,3,7
570443,570450,570453,3,7
570443,570450,570453,3,7
570443,570451,570454,3,8
570443,570449,570453,4,6
570443,570444,570453,9,1
570443,570448,570454,6,5
570443,570451,570454,3,8
570443,570451,570454,3,8
570443,570448,570455,7,5
570443,570453,570456,3,10
570443,570453,570456,3,10
570443,570449,570456,7,6
570443,570454,570456,2,11
570443,570454,570456,2,11
570443,570452,570457,5,9
570443,570454,570456,2,11
570443,570454,570456,2,11
570443,570454,570456,2,11
570443,570453,570458,5,10
570443,570455,570458,3,12
570443,570455,570458,3,12
570420,570442,570458,16,22
570443,570453,570458,5,10
570443,570455,570459,4,12
570443,570453,570458,5,10
570443,570456,570458,2,13
570443,570446,570459,13,3
570443,570451,570459,8,8
570443,570456,570459,3,13
570443,570457,570459,2,14
570443,570457,570459,2,14
570443,570453,570459,6,10
570443,570457,570459,2,14
570443,570455,570459,4,12
570443,570457,570459,2,14
570443,570457,570459,2,14
570443,570457,570460,3,14
570443,570456,570460,4,13
570443,570449,570461,12,6
570443,570458,570460,2,15
570443,570458,570461,3,15
570443,570458,570461,3,15
570443,570459,570462,3,16
570443,570459,570462,3,16
570443,570459,570462,3,16
570443,570459,570463,4,16
570443,570452,570463,11,9
570443,570459,570463,4,16
570420,570438,570465,27,18
570443,570445,570465,20,2
570443,570456,570465,9,13
569575,569586,570536,950,11
570538,570538,570541,3,0
570538,570538,570541,3,0
570538,570538,570541,3,0
570538,570538,570542,4,0
570538,570538,570541,3,0
570538,570538,570542,4,0
570538,570538,570541,3,0
570538,570538,570542,4,0
570538,570538,570542,4,0
570538,570538,570542,4,0
570538,570538,570542,4,0
570538,570538,570542,4,0
570538,570538,570542,4,0
570538,570538,570543,5,0
570538,570538,570547,9,0
570538,570542,570548,6,4
570538,570542,570548,6,4
570538,570542,570547,5,4
570538,570543,570547,4,5
570538,570542,570549,7,4
570538,570542,570548,6,4
570538,570542,570549,7,4
570538,570542,570549,7,4
570538,570542,570549,7,4
570538,570542,570548,6,4
570538,570538,570550,12,0
570538,570538,570550,12,0
570538,570542,570550,8,4
570538,570542,570549,7,4
570538,570541,570550,9,3
570538,570548,570551,3,10
570538,570549,570551,2,11
570538,570548,570551,3,10
570538,570548,570551,3,10
570538,570538,570551,13,0
570538,570550,570552,2,12
570538,570541,570552,11,3
570538,570549,570552,3,11
570538,570549,570552,3,11
570538,570549,570551,2,11
570538,570549,570552,3,11
570538,570548,570552,4,10
570538,570549,570552,3,11
570538,570550,570552,2,12
570538,570551,570553,2,13
570538,570551,570553,2,13
570538,570550,570553,3,12
570538,570552,570554,2,14
570538,570551,570554,3,13
570538,570552,570554,2,14
570538,570551,570554,3,13
570538,570552,570554,2,14
570538,570538,570555,17,0
570538,570553,570555,2,15
570538,570552,570555,3,14
570538,570552,570555,3,14
570538,570552,570555,3,14
570538,570552,570555,3,14
570538,570552,570555,3,14
570538,570552,570556,4,14
570538,570538,570556,18,0
570538,570553,570556,3,15
570538,570538,570557,19,0
570538,570550,570556,6,12
570538,570548,570557,9,10
570538,570538,570557,19,0
570538,570538,570557,19,0
570538,570538,570558,20,0
570538,570550,570560,10,12
570538,570538,570566,28,0
569077,569101,570584,1483,24
570596,570596,570598,2,0
570596,570596,570598,2,0
570596,570596,570598,2,0
570596,570596,570598,2,0
570596,570596,570600,4,0
570596,570596,570599,3,0
570596,570596,570600,4,0
570596,570596,570600,4,0
570596,570596,570600,4,0
570596,570596,570601,5,0
570596,570596,570600,4,0
570596,570596,570601,5,0
570596,570596,570601,5,0
570596,570596,570601,5,0
570596,570596,570601,5,0
570596,570596,570602,6,0
570596,570599,570602,3,3
570596,570599,570602,3,3
570596,570599,570602,3,3
570596,570596,570602,6,0
570596,570596,570602,6,0
570596,570596,570603,7,0
570596,570596,570603,7,0
570596,570600,570603,3,4
570596,570600,570604,4,4
570596,570596,570604,8,0
570596,570601,570605,4,5
570596,570596,570603,7,0
570596,570596,570603,7,0
570596,570596,570605,9,0
570596,570599,570606,7,3
570596,570602,570605,3,6
570596,570604,570606,2,8
570596,570601,570605,4,5
570596,570603,570606,3,7
570596,570604,570606,2,8
570596,570602,570606,4,6
570596,570602,570605,3,6
570596,570602,570606,4,6
570596,570596,570606,10,0
570596,570602,570606,4,6
570596,570604,570607,3,8
570596,570603,570606,3,7
570596,570605,570607,2,9
570596,570602,570608,6,6
570596,570602,570609,7,6
570596,570601,570608,7,5
570596,570606,570609,3,10
570596,570606,570608,2,10
570596,570606,570608,2,10
570596,570606,570609,3,10
570596,570606,570609,3,10
570596,570606,570609,3,10
570596,570606,570609,3,10
570596,570606,570609,3,10
570596,570606,570609,3,10
570596,570601,570609,8,5
570596,570602,570609,7,6
570596,570602,570609,7,6
570596,570603,570609,6,7
570596,570607,570610,3,11
570596,570607,570610,3,11
570596,570607,570610,3,11
570596,570608,570610,2,12
570596,570605,570611,6,9
570596,570606,570611,5,10
570596,570605,570612,7,9
570596,570609,570613,4,13
570596,570605,570615,10,9
570596,570606,570614,8,10
569677,569687,570618,931,10
569132,569147,570632,1485,15
570645,570645,570647,2,0
570645,570645,570647,2,0
570645,570645,570647,2,0
570645,570645,570648,3,0
570645,570645,570647,2,0
570645,570645,570647,2,0
570645,570645,570649,4,0
570645,570645,570649,4,0
570645,570645,570649,4,0
570645,570645,570650,5,0
570645,570647,570649,2,2
570645,570645,570650,5,0
570645,570645,570650,5,0
570645,570645,570650,5,0
570645,570648,570651,3,3
570645,570648,570651,3,3
570645,570645,570650,5,0
570645,570646,570650,4,1
570645,570645,570651,6,0
570645,570645,570651,6,0
570645,570648,570651,3,3
570645,570645,570651,6,0
570645,570648,570652,4,3
570645,570649,570652,3,4
570645,570645,570652,7,0
570645,570648,570652,4,3
570645,570645,570652,7,0
570645,570645,570653,8,0
570645,570645,570654,9,0
570645,570645,570654,9,0
570645,570645,570654,9,0
570645,570649,570654,5,4
570645,570650,570654,4,5
570645,570652,570654,2,7
570645,570650,570654,4,5
570645,570651,570655,4,6
570645,570652,570654,2,7
570645,570652,570655,3,7
570645,570651,570655,4,6
570645,570651,570655,4,6
570645,570651,570655,4,6
570645,570652,570655,3,7
570645,570649,570656,7,4
570645,570653,570656,3,8
570645,570653,570656,3,8
570645,570654,570656,2,9
570645,570653,570655,2,8
570645,570654,570656,2,9
570645,570654,570656,2,9
570645,570654,570657,3,9
570645,570654,570658,4,9
570645,570655,570658,3,10
570645,570655,570658,3,10
570645,570655,570658,3,10
570645,570655,570658,3,10
570645,570655,570658,3,10
570645,570655,570658,3,10
570645,570655,570658,3,10
570645,570651,570658,7,6
570645,570651,570659,8,6
570645,570645,570659,14,0
570645,570645,570659,14,0
570645,570652,570658,6,7
570645,570656,570659,3,11
570645,570652,570660,8,7
570645,570656,570660,4,11
570646,570656,570659,3,10
570646,570656,570659,3,10
570646,570656,570660,4,10
570646,570657,570660,3,11
570646,570657,570660,3,11
570646,570657,570661,4,11
570646,570658,570662,4,12
570645,570654,570662,8,9
570645,570654,570662,8,9
570646,570658,570663,5,12
570646,570658,570663,5,12
570646,570658,570664,6,12
570646,570658,570665,7,12
570646,570658,570665,7,12
570646,570658,570665,7,12
570645,570654,570665,11,9
570646,570659,570667,8,13
570646,570661,570667,6,15
570646,570658,570668,10,12
570646,570661,570668,7,15
570646,570664,570668,4,18
570646,570664,570669,5,18
570646,570660,570670,10,14
570646,570661,570670,9,15
570646,570661,570670,9,15
570646,570664,570671,7,18
570646,570662,570671,9,16
570646,570669,570671,2,23
570646,570666,570671,5,20
570646,570668,570671,3,22
570646,570667,570672,5,21
570646,570668,570671,3,22
570646,570670,570672,2,24
570646,570659,570673,14,13
570646,570660,570673,13,14
570646,570670,570673,3,24
570646,570666,570673,7,20
570646,570671,570673,2,25
570646,570671,570673,2,25
570646,570672,570674,2,26
570646,570659,570674,15,13
570646,570668,570674,6,22
570646,570659,570674,15,13
570646,570672,570674,2,26
570646,570672,570674,2,26
570646,570672,570674,2,26
570646,570672,570674,2,26
570646,570672,570674,2,26
570646,570666,570674,8,20
570646,570672,570674,2,26
570646,570673,570675,2,27
570646,570673,570675,2,27
570646,570673,570676,3,27
570646,570674,570676,2,28
570646,570674,570676,2,28
570646,570674,570676,2,28
570646,570674,570676,2,28
570646,570674,570677,3,28
570646,570659,570677,18,13
570646,570675,570677,2,29
570646,570675,570677,2,29
570646,570675,570677,2,29
570646,570675,570677,2,29
570646,570673,570677,4,27
570646,570666,570678,12,20
570646,570674,570678,4,28
570646,570674,570679,5,28
570646,570674,570678,4,28
570645,570673,570680,7,28
570646,570660,570681,21,14
570646,570663,570681,18,17
570646,570659,570682,23,13
570646,570660,570682,22,14
570646,570663,570682,19,17
569365,569376,570901,1525,11
570902,570902,570904,2,0
570902,570902,570904,2,0
570902,570902,570905,3,0
570902,570902,570904,2,0
570902,570902,570905,3,0
570902,570902,570907,5,0
570902,570902,570906,4,0
570902,570902,570907,5,0
570902,570902,570907,5,0
570902,570902,570908,6,0
570902,570902,570908,6,0
570902,570902,570908,6,0
570902,570902,570907,5,0
570902,570902,570907,5,0
570902,570902,570908,6,0
570902,570902,570909,7,0
570902,570905,570908,3,3
570902,570905,570908,3,3
570902,570905,570909,4,3
570902,570902,570909,7,0
570902,570902,570910,8,0
570902,570902,570909,7,0
570902,570902,570910,8,0
570902,570907,570910,3,5
570902,570905,570910,5,3
570902,570907,570910,3,5
570902,570902,570910,8,0
570902,570902,570910,8,0
570902,570906,570910,4,4
570902,570909,570912,3,7
570902,570908,570912,4,6
570902,570909,570912,3,7
570902,570907,570912,5,5
570902,570910,570913,3,8
570902,570909,570912,3,7
570902,570910,570913,3,8
570902,570910,570912,2,8
570902,570908,570912,4,6
570902,570908,570914,6,6
570902,570909,570914,5,7
570902,570911,570913,2,9
570902,570908,570914,6,6
570902,570912,570914,2,10
570902,570902,570912,10,0
570902,570907,570914,7,5
570902,570902,570914,12,0
570902,570902,570914,12,0
570902,570911,570915,4,9
570902,570911,570914,3,9
570902,570913,570915,2,11
570902,570912,570915,3,10
570902,570912,570915,3,10
570902,570908,570916,8,6
570902,570908,570915,7,6
570902,570913,570915,2,11
570902,570913,570916,3,11
570902,570913,570916,3,11
570902,570913,570916,3,11
570902,570910,570916,6,8
570902,570914,570917,3,12
570902,570914,570917,3,12
570902,570914,570917,3,12
570902,570910,570917,7,8
570902,570910,570917,7,8
570902,570914,570918,4,12
570902,570910,570918,8,8
570902,570915,570919,4,13
570902,570913,570919,6,11
570902,570915,570919,4,13
570902,570914,570920,6,12
569516,569532,570997,1465,16
570998,570999,571001,2,1
570998,570999,571002,3,1
570998,570999,571002,3,1
570998,570999,571001,2,1
570998,570999,571002,3,1
570998,570999,571003,4,1
570998,570999,571002,3,1
570998,570999,571002,3,1
570998,570999,571002,3,1
570998,570999,571003,4,1
570998,570999,571003,4,1
570998,570999,571003,4,1
570998,570999,571004,5,1
570998,570999,571004,5,1
570998,570999,571004,5,1
570998,570999,571004,5,1
570998,570999,571004,5,1
570998,570999,571005,6,1
570998,570999,571005,6,1
570998,570999,571006,7,1
570998,571002,571005,3,4
570998,571003,571005,2,5
570998,571002,571005,3,4
570998,571003,571006,3,5
570998,571002,571007,5,4
570998,571002,571006,4,4
570998,571003,571006,3,5
570998,571003,571007,4,5
570998,570999,571008,9,1
570998,571004,571009,5,6
570998,571006,571008,2,8
570998,571003,571008,5,5
570998,571006,571008,2,8
570998,571006,571008,2,8
570998,570999,571005,6,1
570998,570999,571009,10,1
570998,571004,571010,6,6
570998,571003,571009,6,5
570998,571007,571009,2,9
570998,571008,571010,2,10
570998,571005,571011,6,7
570998,571006,571010,4,8
570998,571006,571010,4,8
570998,571007,571010,3,9
570998,571009,571011,2,11
570998,571007,571011,4,9
570998,571009,571011,2,11
570998,571009,571011,2,11
570998,571009,571011,2,11
570998,571009,571012,3,11
570998,571010,571012,2,12
570998,571005,571012,7,7
570998,571006,571013,7,8
570998,571009,571012,3,11
570998,571007,571012,5,9
570998,571010,571012,2,12
570998,571010,571012,2,12
570998,571010,571012,2,12
570998,571009,571013,4,11
570998,571011,571014,3,13
570998,571011,571014,3,13
570998,571011,571015,4,13
570998,571005,571015,10,7
570998,570999,571015,16,1
570998,570999,571015,16,1
570998,571005,571016,11,7
570998,571005,571015,10,7
570998,571011,571015,4,13
570998,571011,571015,4,13
570998,571010,571016,6,12
569545,569561,571031,1470,16
571045,571045,571049,4,0
571045,571045,571049,4,0
571045,571045,571049,4,0
571045,571045,571049,4,0
571045,571045,571049,4,0
571045,571045,571049,4,0
571045,571045,571049,4,0
571045,571045,571049,4,0
571045,571045,571049,4,0
571045,571045,571050,5,0
571045,571045,571051,6,0
571045,571047,571052,5,2
571045,571045,571052,7,0
571045,571049,571052,3,4
571045,571045,571053,8,0
571045,571045,571053,8,0
571045,571049,571053,4,4
571045,571049,571052,3,4
571045,571049,571053,4,4
571045,571049,571054,5,4
571045,571049,571054,5,4
571045,571049,571054,5,4
571045,571045,571055,10,0
571045,571045,571054,9,0
571045,571045,571054,9,0
571045,571054,571055,1,9
571045,571049,571055,6,4
571045,571045,571056,11,0
571045,571045,571055,10,0
571045,571045,571056,11,0
571045,571053,571056,3,8
571045,571053,571056,3,8
571045,571045,571057,12,0
571045,571045,571057,12,0
571045,571045,571057,12,0
571045,571050,571057,7,5
571045,571054,571057,3,9
571045,571054,571057,3,9
571045,571055,571057,2,10
571045,571050,571057,7,5
571045,571056,571057,1,11
571045,571052,571058,6,7
571045,571056,571058,2,11
571045,571052,571059,7,7
571045,571055,571059,4,10
571045,571058,571059,1,13
571045,571057,571059,2,12
571045,571057,571059,2,12
571045,571056,571060,4,11
571045,571057,571060,3,12
571045,571057,571060,3,12
571045,571058,571060,2,13
571045,571058,571060,2,13
571045,571058,571060,2,13
571045,571055,571060,5,10
571045,571045,571058,13,0
571045,571053,571060,7,8
571045,571057,571061,4,12
571045,571059,571062,3,14
571045,571059,571061,2,14
571045,571056,571062,6,11
571045,571056,571062,6,11
571045,571059,571062,3,14
571045,571057,571063,6,12
571045,571051,571063,12,6
571045,571057,571064,7,12
571045,571059,571064,5,14
571045,571052,571064,12,7
571045,571053,571065,12,8
571045,571055,571065,10,10
570222,570234,571211,977,12
571212,571212,571215,3,0
571212,571212,571215,3,0
571212,571212,571216,4,0
571212,571212,571216,4,0
571212,571212,571216,4,0
571212,571212,571215,3,0
571212,571212,571216,4,0
571212,571212,571215,3,0
571212,571212,571217,5,0
571212,571212,571218,6,0
571212,571212,571220,8,0
571212,571216,571220,4,4
571212,571216,571220,4,4
571212,571216,571221,5,4
571212,571216,571221,5,4
571212,571219,571223,4,7
571212,571212,571223,11,0
571212,571215,571223,8,3
571212,571215,571223,8,3
571212,571218,571223,5,6
571212,571212,571224,12,0
571212,571220,571224,4,8
571212,571220,571224,4,8
571212,571220,571224,4,8
571212,571212,571225,13,0
571212,571221,571225,4,9
571212,571216,571225,9,4
571212,571221,571225,4,9
571212,571216,571226,10,4
571212,571223,571226,3,11
571212,571223,571226,3,11
571212,571225,571226,1,13
571212,571212,571226,14,0
571212,571212,571227,15,0
571212,571212,571227,15,0
571212,571212,571227,15,0
571212,571212,571226,14,0
571212,571225,571227,2,13
571212,571225,571227,2,13
571212,571223,571228,5,11
571212,571224,571228,4,12
571212,571212,571227,15,0
571212,571226,571228,2,14
571212,571227,571228,1,15
571212,571226,571228,2,14
571212,571226,571228,2,14
571212,571224,571229,5,12
571212,571212,571229,17,0
571212,571225,571229,4,13
571212,571226,571229,3,14
571212,571227,571229,2,15
571212,571227,571229,2,15
571212,571228,571229,1,16
571212,571212,571230,18,0
571212,571223,571230,7,11
571212,571229,571230,1,17
571212,571229,571230,1,17
571212,571228,571230,2,16
571212,571228,571231,3,16
571212,571212,571231,19,0
571212,571229,571231,2,17
571212,571228,571232,4,16
571212,571212,571232,20,0
571212,571227,571233,6,15
571212,571212,571234,22,0
571212,571227,571234,7,15
571212,571227,571234,7,15
571212,571227,571235,8,15
571212,571228,571236,8,16
571212,571227,571237,10,15
570299,570308,571264,956,9
571267,571267,571270,3,0
571267,571267,571270,3,0
571267,571267,571271,4,0
571267,571267,571271,4,0
571267,571267,571271,4,0
571267,571267,571271,4,0
571267,571267,571272,5,0
571267,571267,571272,5,0
571267,571267,571272,5,0
571267,571267,571273,6,0
571267,571272,571274,2,5
571267,571267,571274,7,0
571267,571272,571275,3,5
571267,571273,571276,3,6
571267,571274,571277,3,7
571267,571267,571277,10,0
571267,571273,571277,4,6
571267,571272,571277,5,5
571267,571271,571277,6,4
571267,571272,571278,6,5
571267,571273,571279,6,6
571267,571275,571278,3,8
571267,571277,571279,2,10
571267,571276,571279,3,9
571267,571278,571280,2,11
571267,571275,571279,4,8
571267,571267,571280,13,0
571267,571278,571280,2,11
571267,571272,571280,8,5
571267,571278,571280,2,11
571267,571267,571281,14,0
571267,571267,571281,14,0
571267,571277,571281,4,10
571267,571279,571281,2,12
571267,571279,571281,2,12
571267,571280,571282,2,13
571267,571280,571282,2,13
571267,571279,571283,4,12
571267,571280,571282,2,13
571267,571281,571283,2,14
571267,571267,571283,16,0
571267,571267,571283,16,0
571267,571281,571283,2,14
571267,571282,571283,1,15
571267,571280,571283,3,13
571267,571282,571284,2,15
571267,571281,571283,2,14
571267,571282,571284,2,15
571267,571267,571284,17,0
571267,571278,571284,6,11
571267,571282,571284,2,15
571267,571282,571284,2,15
571267,571283,571285,2,16
571267,571282,571285,3,15
571267,571267,571285,18,0
571267,571284,571286,2,17
571267,571283,571285,2,16
571267,571267,571286,19,0
571267,571267,571286,19,0
571267,571284,571286,2,17
571267,571267,571284,17,0
571267,571267,571288,21,0
571267,571281,571287,6,14
571267,571284,571287,3,17
571267,571283,571286,3,16
571267,571284,571286,2,17
571267,571284,571288,4,17
571267,571282,571290,8,15
571267,571267,571293,26,0
571267,571267,571297,30,0
570362,570372,571321,949,10
571327,571327,571330,3,0
571327,571327,571330,3,0
571327,571327,571331,4,0
571327,571327,571331,4,0
571327,571327,571331,4,0
571327,571327,571330,3,0
571327,571327,571331,4,0
571327,571327,571330,3,0
571327,571327,571332,5,0
571327,571327,571332,5,0
571327,571327,571333,6,0
571327,571331,571334,3,4
571327,571331,571334,3,4
571327,571331,571335,4,4
571327,571331,571335,4,4
571327,571331,571335,4,4
571327,571330,571335,5,3
571327,571331,571335,4,4
571327,571332,571335,3,5
571327,571330,571336,6,3
571327,571332,571337,5,5
571327,571335,571337,2,8
571327,571334,571337,3,7
571327,571335,571337,2,8
571327,571327,571338,11,0
571327,571327,571338,11,0
571327,571334,571338,4,7
571327,571334,571338,4,7
571327,571327,571338,11,0
571327,571336,571338,2,9
571327,571336,571338,2,9
571327,571336,571339,3,9
571327,571338,571339,1,11
571327,571327,571339,12,0
571327,571335,571340,5,8
571327,571335,571340,5,8
571327,571338,571340,2,11
571327,571339,571340,1,12
571327,571338,571340,2,11
571327,571327,571341,14,0
571327,571327,571341,14,0
571327,571327,571341,14,0
571327,571340,571341,1,13
571327,571339,571341,2,12
571327,571340,571341,1,13
571327,571338,571342,4,11
571327,571339,571342,3,12
571327,571339,571342,3,12
571327,571341,571343,2,14
571327,571341,571342,1,14
571327,571327,571342,15,0
571327,571337,571343,6,10
571327,571341,571343,2,14
571327,571341,571343,2,14
571327,571342,571344,2,15
571327,571338,571344,6,11
571327,571341,571344,3,14
571327,571342,571344,2,15
571327,571342,571344,2,15
571327,571327,571345,18,0
571327,571327,571345,18,0
571327,571327,571345,18,0
571327,571327,571345,18,0
571327,571327,571346,19,0
571327,571339,571346,7,12
571327,571327,571346,19,0
571327,571341,571347,6,14
571327,571340,571347,7,13
571327,571341,571347,6,14
571327,571341,571350,9,14
570423,570444,571380,936,21
570421,570444,571379,935,23
569892,569903,571383,1480,11
571380,571381,571384,3,1
571380,571381,571384,3,1
571380,571381,571384,3,1
571380,571381,571384,3,1
571380,571381,571384,3,1
571380,571381,571384,3,1
571380,571381,571384,3,1
571380,571381,571384,3,1
571380,571381,571385,4,1
571380,571381,571386,5,1
571380,571381,571385,4,1
571380,571381,571387,6,1
571380,571385,571387,2,5
571380,571384,571387,3,4
571380,571385,571388,3,5
571380,571385,571388,3,5
571380,571385,571388,3,5
571380,571385,571388,3,5
571380,571385,571388,3,5
571380,571385,571388,3,5
571380,571386,571388,2,6
571380,571386,571389,3,6
571380,571381,571389,8,1
571380,571386,571390,4,6
571380,571381,571390,9,1
571380,571388,571390,2,8
571380,571388,571390,2,8
571380,571388,571390,2,8
571380,571389,571391,2,9
571380,571389,571391,2,9
571380,571389,571391,2,9
571380,571381,571391,10,1
571380,571381,571391,10,1
571380,571389,571391,2,9
571380,571389,571391,2,9
571380,571389,571391,2,9
571380,571389,571391,2,9
571380,571389,571391,2,9
571380,571391,571393,2,11
571380,571391,571393,2,11
571380,571381,571393,12,1
571380,571391,571393,2,11
571380,571391,571393,2,11
571380,571391,571393,2,11
571380,571391,571393,2,11
571380,571391,571394,3,11
571380,571381,571394,13,1
571380,571381,571394,13,1
571380,571390,571394,4,10
571380,571384,571394,10,4
571380,571391,571394,3,11
571380,571392,571394,2,12
571380,571392,571394,2,12
571380,571392,571394,2,12
571380,571392,571394,2,12
571380,571392,571394,2,12
571380,571393,571395,2,13
571380,571381,571396,15,1
571380,571393,571395,2,13
571380,571394,571396,2,14
571382,571394,571397,3,12
571382,571394,571397,3,12
571380,571394,571397,3,14
571380,571394,571397,3,14
571382,571395,571398,3,13
571380,571381,571398,17,1
571380,571392,571398,6,12
571380,571392,571398,6,12
571382,571395,571398,3,13
571382,571395,571398,3,13
571382,571395,571400,5,13
571382,571395,571399,4,13
571380,571381,571400,19,1
571380,571381,571401,20,1
571382,571395,571402,7,13
571382,571395,571402,7,13
571382,571396,571402,6,14
571382,571397,571403,6,15
571382,571397,571403,6,15
571382,571399,571404,5,17
571382,571400,571404,4,18
571382,571400,571404,4,18
571382,571397,571404,7,15
571382,571395,571404,9,13
571382,571395,571404,9,13
571382,571399,571404,5,17
571382,571395,571405,10,13
571380,571381,571406,25,1
571382,571402,571406,4,20
571382,571402,571406,4,20
571382,571403,571406,3,21
571382,571402,571406,4,20
571382,571403,571406,3,21
571380,571381,571407,26,1
571382,571398,571407,9,16
571382,571404,571407,3,22
571382,571404,571407,3,22
571382,571404,571406,2,22
571382,571398,571408,10,16
571382,571405,571407,2,23
571382,571404,571407,3,22
571382,571406,571408,2,24
571382,571406,571408,2,24
571382,571406,571408,2,24
571382,571405,571409,4,23
571382,571406,571408,2,24
571382,571406,571408,2,24
571380,571381,571409,28,1
571382,571407,571409,2,25
571382,571407,571409,2,25
571382,571407,571410,3,25
571382,571408,571410,2,26
571382,571408,571410,2,26
571382,571409,571411,2,27
571382,571408,571410,2,26
571382,571408,571411,3,26
571382,571408,571411,3,26
571382,571409,571411,2,27
571382,571409,571411,2,27
571382,571409,571411,2,27
571382,571410,571412,2,28
571382,571406,571410,4,24
571382,571411,571412,1,29
571382,571407,571413,6,25
571382,571406,571413,7,24
571382,571410,571412,2,28
571382,571410,571413,3,28
571382,571410,571412,2,28
571382,571411,571413,2,29
571384,571411,571414,3,27
571384,571411,571414,3,27
571382,571410,571414,4,28
571384,571411,571415,4,27
571384,571412,571415,3,28
571384,571413,571415,2,29
571382,571399,571415,16,17
571384,571412,571415,3,28
571382,571409,571415,6,27
571382,571402,571416,14,20
571384,571413,571416,3,29
571382,571405,571416,11,23
571382,571398,571417,19,16
571382,571401,571417,16,19
571384,571413,571419,6,29
571382,571396,571418,22,14
571382,571406,571418,12,24
571384,571414,571422,8,30
571384,571417,571422,5,33
571384,571416,571423,7,32
571384,571415,571424,9,31
571382,571399,571424,25,17
571384,571414,571424,10,30
571384,571416,571425,9,32
571384,571416,571425,9,32
571384,571423,571427,4,39
571384,571413,571426,13,29
571382,571399,571424,25,17
571384,571416,571428,12,32
571384,571413,571428,15,29
571384,571414,571428,14,30
571384,571416,571429,13,32
571384,571425,571430,5,41
571384,571426,571430,4,42
571384,571428,571430,2,44
571384,571425,571430,5,41
571384,571427,571430,3,43
571384,571419,571431,12,35
571384,571426,571432,6,42
571384,571429,571431,2,45
571384,571416,571433,17,32
571384,571427,571432,5,43
571384,571423,571430,7,39
571384,571424,571432,8,40
571384,571415,571433,18,31
571384,571428,571433,5,44
571384,571431,571433,2,47
571384,571431,571433,2,47
571384,571432,571434,2,48
571384,571431,571433,2,47
571384,571431,571433,2,47
571384,571418,571434,16,34
571384,571432,571434,2,48
571384,571427,571435,8,43
571384,571413,571436,23,29
571384,571415,571436,21,31
571384,571433,571436,3,49
571384,571433,571435,2,49
571384,571433,571435,2,49
571384,571434,571436,2,50
571384,571434,571436,2,50
571384,571434,571436,2,50
571384,571434,571436,2,50
571384,571434,571436,2,50
571384,571431,571436,5,47
571384,571419,571434,15,35
571384,571435,571437,2,51
571384,571430,571438,8,46
571384,571416,571438,22,32
571384,571425,571438,13,41
571384,571436,571439,3,52
571384,571436,571439,3,52
569943,569966,571439,1473,23
571384,571433,571439,6,49
571384,571418,571439,21,34
571384,571434,571440,6,50
569969,569982,571440,1458,13
571384,571434,571441,7,50
571384,571433,571443,10,49
571384,571435,571445,10,51
571384,571419,571445,26,35
569941,569966,571446,1480,25
571384,571417,571447,30,33
571384,571436,571447,11,52
571470,571470,571473,3,0
571470,571470,571473,3,0
571470,571470,571473,3,0
571470,571470,571474,4,0
571470,571470,571475,5,0
571470,571470,571474,4,0
571470,571470,571474,4,0
571470,571470,571476,6,0
571470,571474,571477,3,4
571470,571474,571478,4,4
571470,571470,571478,8,0
571470,571470,571479,9,0
571470,571474,571479,5,4
571470,571473,571479,6,3
571470,571470,571480,10,0
571470,571473,571480,7,3
571470,571474,571480,6,4
571470,571470,571482,12,0
571470,571470,571482,12,0
571470,571480,571483,3,10
571470,571470,571483,13,0
571470,571475,571483,8,5
571470,571475,571483,8,5
571470,571475,571483,8,5
571470,571480,571483,3,10
571470,571481,571483,2,11
571470,571481,571483,2,11
571470,571478,571484,6,8
571470,571476,571484,8,6
571470,571478,571485,7,8
571470,571483,571486,3,13
571470,571484,571486,2,14
571470,571483,571486,3,13
571470,571483,571486,3,13
571470,571484,571486,2,14
571470,571484,571486,2,14
571470,571484,571486,2,14
571470,571485,571486,1,15
571470,571484,571487,3,14
571470,571486,571488,2,16
571470,571470,571488,18,0
571470,571470,571488,18,0
571470,571486,571488,2,16
571470,571470,571489,19,0
571470,571486,571488,2,16
571470,571487,571489,2,17
571470,571479,571489,10,9
571470,571480,571489,9,10
571470,571487,571489,2,17
571470,571487,571489,2,17
571470,571487,571489,2,17
571470,571487,571489,2,17
571470,571488,571490,2,18
571470,571482,571490,8,12
571470,571470,571490,20,0
571470,571470,571490,20,0
571470,571488,571490,2,18
571470,571470,571491,21,0
571470,571487,571490,3,17
571470,571489,571491,2,19
571470,571478,571489,11,8
571470,571482,571490,8,12
571470,571489,571491,2,19
571470,571489,571492,3,19
571470,571490,571492,2,20
571470,571490,571493,3,20
571470,571490,571494,4,20
571470,571490,571493,3,20
571470,571483,571493,10,13
571470,571470,571493,23,0
571470,571470,571495,25,0
571470,571489,571494,5,19
571470,571490,571495,5,20
571470,571470,571495,25,0
571470,571491,571496,5,21
571470,571490,571496,6,20
571470,571470,571496,26,0
571470,571492,571497,5,22
570539,570553,571496,943,14
571470,571489,571498,9,19
571470,571491,571498,7,21
571470,571493,571498,5,23
571470,571492,571498,6,22
571470,571492,571498,6,22
571470,571490,571499,9,20
571470,571494,571500,6,24
571470,571493,571499,6,23
571470,571490,571500,10,20
571470,571498,571501,3,28
571470,571497,571502,5,27
571470,571491,571501,10,21
571470,571494,571502,8,24
571470,571497,571502,5,27
571470,571498,571501,3,28
571470,571489,571502,13,19
571470,571498,571502,4,28
571470,571500,571503,3,30
571470,571498,571502,4,28
571470,571500,571502,2,30
571470,571495,571502,7,25
571470,571470,571503,33,0
571470,571492,571504,12,22
571470,571501,571503,2,31
571470,571502,571504,2,32
571470,571496,571504,8,26
571470,571502,571505,3,32
571470,571502,571504,2,32
571470,571490,571505,15,20
571470,571502,571505,3,32
571470,571503,571505,2,33
571470,571503,571505,2,33
571470,571503,571505,2,33
571470,571503,571505,2,33
571470,571503,571505,2,33
571470,571504,571506,2,34
571470,571500,571506,6,30
571470,571497,571507,10,27
571470,571492,571505,13,22
571470,571504,571507,3,34
571470,571505,571507,2,35
571470,571495,571507,12,25
571470,571503,571508,5,33
571470,571495,571507,12,25
571470,571505,571507,2,35
571470,571505,571507,2,35
571470,571505,571507,2,35
571470,571506,571508,2,36
571470,571505,571507,2,35
571470,571494,571509,15,24
571498,571506,571509,3,8
571498,571508,571510,2,10
571470,571497,571509,12,27
571470,571502,571509,7,32
571498,571508,571510,2,10
571470,571490,571510,20,20
571470,571495,571510,15,25
571470,571505,571511,6,35
571498,571508,571511,3,10
571470,571498,571508,10,28
571470,571504,571510,6,34
571498,571508,571511,3,10
571470,571506,571511,5,36
571470,571506,571512,6,36
571498,571508,571512,4,10
571498,571508,571512,4,10
571498,571507,571513,6,9
571498,571509,571514,5,11
571498,571510,571514,4,12
571498,571508,571514,6,10
571498,571510,571515,5,12
571498,571507,571517,10,9
571498,571512,571518,6,14
571498,571511,571518,7,13
571498,571512,571519,7,14
571498,571513,571519,6,15
571498,571512,571520,8,14
571498,571512,571520,8,14
571498,571511,571519,8,13
571470,571504,571520,16,34
571498,571509,571521,12,11
571498,571515,571521,6,17
571498,571516,571521,5,18
571498,571511,571522,11,13
571498,571519,571522,3,21
571498,571518,571523,5,20
571498,571520,571523,3,22
571498,571521,571523,2,23
571498,571515,571523,8,17
571498,571520,571524,4,22
571498,571522,571525,3,24
571498,571522,571524,2,24
571498,571523,571525,2,25
571498,571524,571526,2,26
571498,571523,571525,2,25
571498,571524,571526,2,26
571498,571524,571526,2,26
571498,571507,571526,19,9
571498,571512,571526,14,14
571498,571525,571527,2,27
571498,571525,571527,2,27
571498,571524,571527,3,26
571470,571496,571528,32,26
571498,571525,571527,2,27
571498,571526,571528,2,28
571498,571514,571528,14,16
571498,571527,571529,2,29
571470,571500,571528,28,30
571498,571522,571529,7,24
571498,571527,571529,2,29
571498,571527,571529,2,29
571498,571526,571528,2,28
571498,571527,571529,2,29
571498,571521,571529,8,23
571498,571528,571530,2,30
571498,571520,571530,10,22
571498,571520,571530,10,22
571498,571527,571530,3,29
571498,571517,571531,14,19
571498,571521,571531,10,23
571498,571508,571530,22,10
571498,571528,571531,3,30
571498,571508,571531,23,10
571498,571510,571532,22,12
571498,571529,571532,3,31
571498,571529,571532,3,31
571498,571529,571533,4,31
571498,571529,571533,4,31
571498,571529,571533,4,31
571498,571530,571533,3,32
571498,571527,571533,6,29
571498,571512,571533,21,14
571498,571530,571535,5,32
571498,571530,571535,5,32
571498,571530,571536,6,32
571498,571533,571537,4,35
571498,571534,571538,4,36
571498,571511,571537,26,13
571498,571531,571538,7,33
571498,571530,571539,9,32
571498,571535,571539,4,37
571498,571533,571539,6,35
571498,571535,571539,4,37
571498,571533,571540,7,35
571498,571511,571540,29,13
571498,571529,571539,10,31
571498,571515,571540,25,17
571498,571537,571540,3,39
571498,571537,571540,3,39
571498,571538,571541,3,40
571498,571531,571541,10,33
571498,571535,571541,6,37
571498,571539,571541,2,41
571498,571534,571541,7,36
571498,571510,571541,31,12
571498,571529,571540,11,31
571498,571530,571540,10,32
571498,571539,571542,3,41
571498,571539,571542,3,41
571498,571540,571542,2,42
571498,571540,571542,2,42
571498,571541,571543,2,43
571498,571540,571542,2,42
571498,571541,571543,2,43
571498,571542,571543,1,44
571498,571532,571544,12,34
571498,571543,571545,2,45
571498,571543,571545,2,45
571498,571541,571544,3,43
571498,571543,571545,2,45
571498,571543,571545,2,45
571498,571543,571545,2,45
571498,571544,571546,2,46
571498,571535,571543,8,37
571498,571531,571545,14,33
571498,571540,571545,5,42
571498,571542,571546,4,44
571498,571544,571546,2,46
571498,571545,571547,2,47
571498,571542,571546,4,44
571498,571545,571547,2,47
571498,571545,571547,2,47
571498,571544,571546,2,46
571498,571545,571547,2,47
571498,571546,571547,1,48
571498,571541,571545,4,43
571498,571546,571548,2,48
571498,571542,571548,6,44
571498,571546,571548,2,48
571498,571542,571548,6,44
571498,571540,571549,9,42
571498,571546,571549,3,48
571498,571541,571550,9,43
571498,571538,571551,13,40
571498,571548,571551,3,50
571498,571527,571554,27,29
571498,571532,571558,26,34
571498,571540,571558,18,42
571498,571546,571558,12,48
570059,570070,571560,1490,11
571562,571562,571565,3,0
571562,571562,571565,3,0
571562,571562,571564,2,0
571498,571528,571566,38,30
571498,571531,571566,35,33
571562,571562,571566,4,0
571562,571562,571565,3,0
571562,571562,571566,4,0
571562,571562,571565,3,0
571562,571562,571566,4,0
571562,571562,571566,4,0
571562,571566,571571,5,4
571562,571565,571571,6,3
571562,571567,571572,5,5
571562,571566,571573,7,4
571562,571565,571572,7,3
571562,571567,571573,6,5
571562,571565,571573,8,3
571562,571566,571574,8,4
571562,571571,571575,4,9
571498,571532,571576,44,34
571562,571571,571575,4,9
571562,571562,571576,14,0
571562,571566,571576,10,4
571562,571562,571577,15,0
571562,571562,571577,15,0
571562,571562,571577,15,0
571562,571572,571576,4,10
571562,571573,571577,4,11
571562,571574,571577,3,12
571562,571562,571578,16,0
571562,571574,571578,4,12
571562,571573,571578,5,11
571562,571575,571578,3,13
571562,571562,571579,17,0
571562,571576,571579,3,14
571562,571575,571579,4,13
571562,571576,571579,3,14
571562,571577,571579,2,15
571562,571562,571579,17,0
571562,571577,571579,2,15
571562,571577,571579,2,15
571562,571579,571580,1,17
571562,571577,571581,4,15
571562,571578,571581,3,16
571562,571579,571581,2,17
571562,571580,571582,2,18
571562,571576,571582,6,14
571562,571562,571582,20,0
571562,571579,571581,2,17
571562,571579,571582,3,17
571562,571580,571582,2,18
571562,571577,571582,5,15
571562,571580,571582,2,18
571562,571581,571583,2,19
571562,571562,571581,19,0
571562,571562,571582,20,0
571562,571582,571584,2,20
571562,571562,571584,22,0
571562,571577,571584,7,15
571562,571576,571584,8,14
571562,571578,571582,4,16
571562,571580,571583,3,18
571562,571582,571584,2,20
571562,571562,571583,21,0
571562,571579,571585,6,17
571562,571581,571587,6,19
571562,571581,571591,10,19
571562,571580,571592,12,18
571562,571582,571593,11,20
571562,571566,571594,28,4
571562,571562,571607,45,0
571562,571566,571613,47,4
570649,570675,571624,949,26
570647,570675,571638,963,28
571648,571648,571651,3,0
571648,571648,571651,3,0
571648,571648,571652,4,0
571648,571648,571652,4,0
571648,571648,571652,4,0
571648,571648,571652,4,0
571648,571648,571652,4,0
571648,571648,571653,5,0
571648,571648,571652,4,0
571648,571648,571654,6,0
571648,571648,571654,6,0
571648,571648,571654,6,0
571648,571651,571654,3,3
571648,571652,571655,3,4
571648,571652,571655,3,4
571648,571651,571654,3,3
571648,571652,571654,2,4
571648,571652,571655,3,4
571648,571653,571656,3,5
571648,571653,571656,3,5
571648,571648,571657,9,0
571648,571654,571657,3,6
571648,571653,571656,3,5
571648,571654,571656,2,6
571648,571655,571657,2,7
571648,571655,571657,2,7
571648,571649,571658,9,1
571648,571655,571657,2,7
571648,571656,571658,2,8
571648,571655,571658,3,7
571648,571657,571658,1,9
571648,571648,571659,11,0
571648,571654,571659,5,6
571648,571655,571659,4,7
571648,571658,571659,1,10
571648,571658,571659,1,10
571648,571654,571660,6,6
571648,571648,571660,12,0
571648,571648,571659,11,0
571648,571648,571660,12,0
571648,571648,571659,11,0
571648,571648,571660,12,0
571648,571658,571660,2,10
571648,571657,571660,3,9
571648,571659,571661,2,11
571648,571657,571660,3,9
571648,571657,571661,4,9
571648,571658,571661,3,10
571648,571659,571661,2,11
571648,571660,571661,1,12
571648,571660,571662,2,12
571648,571658,571661,3,10
571648,571659,571662,3,11
571648,571659,571662,3,11
571648,571660,571662,2,12
571648,571660,571663,3,12
571648,571660,571664,4,12
571650,571662,571664,2,12
571648,571660,571664,4,12
571648,571648,571665,17,0
571650,571662,571665,3,12
571650,571662,571665,3,12
571650,571661,571666,5,11
571650,571662,571666,4,12
571648,571648,571666,18,0
571650,571663,571666,3,13
571650,571663,571666,3,13
571650,571662,571666,4,12
571648,571648,571663,15,0
571648,571659,571666,7,11
571650,571661,571667,6,11
571648,571660,571667,7,12
571648,571660,571668,8,12
571650,571663,571668,5,13
571650,571665,571668,3,15
571648,571660,571667,7,12
571648,571660,571667,7,12
571650,571664,571670,6,14
571650,571667,571669,2,17
571650,571667,571670,3,17
571650,571666,571670,4,16
571648,571648,571671,23,0
571650,571669,571671,2,19
571650,571669,571671,2,19
571650,571666,571672,6,16
571650,571667,571672,5,17
571650,571670,571673,3,20
571650,571666,571673,7,16
571650,571669,571673,4,19
571650,571672,571673,1,22
571650,571671,571673,2,21
571650,571666,571673,7,16
571648,571649,571661,12,1
571650,571665,571674,9,15
571650,571671,571674,3,21
571650,571672,571674,2,22
571650,571668,571674,6,18
571650,571670,571674,4,20
571650,571674,571676,2,24
571650,571673,571675,2,23
571650,571674,571676,2,24
571650,571673,571676,3,23
571650,571669,571674,5,19
571650,571673,571676,3,23
571650,571674,571676,2,24
571650,571666,571676,10,16
571650,571674,571677,3,24
571650,571676,571677,1,26
571650,571675,571677,2,25
571650,571675,571677,2,25
571650,571668,571675,7,18
571648,571674,571678,4,26
571650,571674,571678,4,24
571650,571668,571678,10,18
571650,571665,571678,13,15
571650,571676,571678,2,26
571650,571676,571678,2,26
571650,571674,571679,5,24
571650,571676,571679,3,26
571650,571678,571680,2,28
571650,571677,571679,2,27
571650,571677,571679,2,27
571650,571678,571680,2,28
571650,571668,571680,12,18
571650,571677,571680,3,27
571650,571678,571680,2,28
571650,571678,571681,3,28
571650,571677,571680,3,27
571650,571678,571682,4,28
571650,571678,571683,5,28
571650,571673,571684,11,23
571650,571679,571684,5,29
571650,571678,571685,7,28
571648,571648,571687,39,0
571650,571672,571687,15,22
571650,571668,571688,20,18
571650,571679,571688,9,29
571650,571675,571690,15,25
571650,571672,571691,19,22
571650,571664,571699,35,14
570212,570221,571716,1495,9
571743,571743,571745,2,0
571743,571743,571746,3,0
571743,571743,571746,3,0
571743,571743,571747,4,0
571743,571743,571747,4,0
571743,571743,571746,3,0
571743,571743,571746,3,0
571743,571743,571748,5,0
571743,571743,571747,4,0
571743,571747,571751,4,4
571743,571743,571751,8,0
571743,571747,571752,5,4
571743,571748,571752,4,5
571743,571748,571754,6,5
571743,571747,571755,8,4
571743,571746,571754,8,3
571743,571747,571755,8,4
571743,571751,571755,4,8
571743,571752,571756,4,9
571743,571747,571756,9,4
571743,571754,571757,3,11
571743,571743,571758,15,0
571743,571743,571757,14,0
571743,571743,571758,15,0
571743,571755,571758,3,12
571743,571747,571758,11,4
571743,571755,571758,3,12
571743,571743,571759,16,0
571743,571752,571759,7,9
571743,571756,571759,3,13
571743,571756,571759,3,13
571743,571755,571759,4,12
571743,571743,571760,17,0
571743,571756,571759,3,13
571743,571743,571760,17,0
571743,571758,571760,2,15
571743,571758,571760,2,15
571743,571758,571760,2,15
571743,571743,571760,17,0
571743,571757,571761,4,14
571743,571758,571761,3,15
571743,571743,571762,19,0
571743,571743,571761,18,0
571743,571759,571762,3,16
571743,571759,571761,2,16
571743,571760,571762,2,17
571743,571761,571763,2,18
571743,571758,571763,5,15
571743,571760,571763,3,17
571743,571743,571763,20,0
571743,571759,571763,4,16
571743,571759,571763,4,16
571743,571760,571762,2,17
571743,571760,571763,3,17
571743,571760,571764,4,17
571743,571743,571763,20,0
571743,571758,571764,6,15
571743,571743,571763,20,0
571743,571761,571764,3,18
571743,571761,571764,3,18
571743,571760,571764,4,17
571743,571762,571765,3,19
571743,571762,571765,3,19
571743,571762,571766,4,19
571743,571743,571767,24,0
571743,571743,571769,26,0
571743,571743,571770,27,0
571743,571761,571772,11,18
571743,571758,571772,14,15
571743,571762,571775,13,19
570301,570321,571782,1461,20
571805,571805,571808,3,0
571805,571805,571808,3,0
571805,571805,571809,4,0
571805,571805,571809,4,0
571805,571805,571809,4,0
571805,571805,571808,3,0
571805,571805,571808,3,0
571805,571805,571809,4,0
571805,571809,571812,3,4
571805,571809,571812,3,4
571805,571809,571813,4,4
571805,571809,571814,5,4
571805,571809,571814,5,4
571805,571809,571813,4,4
571805,571805,571814,9,0
571805,571808,571816,8,3
571805,571813,571816,3,8
571805,571813,571817,4,8
571805,571808,571816,8,3
571805,571813,571817,4,8
571805,571814,571818,4,9
571805,571805,571819,14,0
571805,571814,571819,5,9
571805,571816,571818,2,11
571805,571816,571818,2,11
571805,571814,571819,5,9
571805,571817,571819,2,12
571805,571805,571819,14,0
571805,571805,571820,15,0
571805,571817,571820,3,12
571805,571817,571820,3,12
571805,571815,571821,6,10
571805,571819,571821,2,14
571805,571819,571821,2,14
571805,571819,571821,2,14
571805,571819,571822,3,14
571805,571819,571822,3,14
571805,571819,571823,4,14
571805,571821,571823,2,16
571805,571820,571823,3,15
571805,571820,571823,3,15
571805,571805,571823,18,0
571805,571820,571822,2,15
571805,571820,571824,4,15
571805,571821,571824,3,16
571805,571820,571824,4,15
571805,571805,571824,19,0
571805,571805,571825,20,0
571805,571821,571825,4,16
571805,571822,571825,3,17
571805,571823,571825,2,18
571805,571822,571825,3,17
571805,571805,571825,20,0
571805,571824,571826,2,19
571805,571824,571826,2,19
571805,571822,571826,4,17
571805,571823,571827,4,18
571805,571825,571827,2,20
571805,571824,571827,3,19
571805,571805,571827,22,0
571805,571824,571828,4,19
571805,571805,571825,20,0
571805,571805,571828,23,0
571805,571824,571830,6,19
571805,571805,571830,25,0
571805,571805,571830,25,0
571805,571805,571830,25,0
571805,571805,571829,24,0
571805,571805,571832,27,0
571805,571805,571839,34,0
570445,570459,571938,1479,14
571939,571939,571942,3,0
571939,571939,571943,4,0
571939,571939,571942,3,0
571939,571939,571942,3,0
571939,571939,571944,5,0
571939,571939,571943,4,0
571939,571939,571944,5,0
571939,571939,571945,6,0
571939,571942,571945,3,3
571939,571943,571946,3,4
571939,571943,571947,4,4
571939,571939,571948,9,0
571939,571943,571947,4,4
571939,571944,571948,4,5
571939,571945,571948,3,6
571939,571939,571949,10,0
571939,571939,571949,10,0
571939,571944,571949,5,5
571939,571946,571949,3,7
571939,571944,571949,5,5
571939,571945,571950,5,6
571939,571948,571951,3,9
571939,571948,571951,3,9
571939,571949,571951,2,10
571939,571947,571951,4,8
571939,571949,571951,2,10
571939,571949,571952,3,10
571939,571950,571952,2,11
571939,571939,571953,14,0
571939,571939,571953,14,0
571939,571951,571953,2,12
571939,571952,571953,1,13
571939,571949,571954,5,10
571939,571949,571954,5,10
571939,571939,571954,15,0
571939,571951,571953,2,12
571939,571951,571954,3,12
571939,571950,571953,3,11
571939,571952,571954,2,13
571939,571939,571955,16,0
571939,571952,571955,3,13
571939,571954,571955,1,15
571939,571953,571955,2,14
571939,571948,571956,8,9
571939,571954,571956,2,15
571939,571939,571957,18,0
571939,571939,571957,18,0
571939,571954,571957,3,15
571939,571954,571957,3,15
571939,571956,571957,1,17
571939,571955,571957,2,16
571939,571954,571958,4,15
571939,571954,571958,4,15
571939,571939,571958,19,0
571939,571954,571958,4,15
571939,571955,571958,3,16
571939,571956,571959,3,17
571939,571956,571959,3,17
571939,571939,571959,20,0
571939,571939,571959,20,0
571939,571955,571959,4,16
571939,571957,571959,2,18
571939,571956,571960,4,17
571939,571939,571960,21,0
571939,571953,571962,9,14
571939,571939,571962,23,0
571939,571939,571964,25,0
571939,571939,571965,26,0
571939,571939,571968,29,0
571939,571953,571975,22,14
571000,571012,572000,988,12
572003,572004,572007,3,1
572003,572004,572007,3,1
572003,572004,572008,4,1
572003,572004,572007,3,1
572003,572004,572007,3,1
572003,572004,572008,4,1
572003,572004,572008,4,1
572003,572004,572008,4,1
572003,572004,572008,4,1
572003,572004,572009,5,1
572003,572004,572009,5,1
572003,572008,572010,2,5
572003,572008,572010,2,5
572003,572008,572011,3,5
572003,572008,572010,2,5
572003,572009,572011,2,6
572003,572004,572012,8,1
572003,572008,572012,4,5
572003,572009,572011,2,6
572003,572009,572012,3,6
572003,572004,572012,8,1
572003,572011,572013,2,8
572003,572004,572010,6,1
572003,572010,572013,3,7
572003,572011,572013,2,8
572003,572011,572013,2,8
572003,572011,572014,3,8
572003,572010,572014,4,7
572003,572012,572014,2,9
572003,572013,572015,2,10
572003,572012,572014,2,9
572003,572012,572015,3,9
572003,572009,572015,6,6
572003,572004,572015,11,1
572003,572004,572016,12,1
572003,572004,572016,12,1
572003,572012,572016,4,9
572003,572015,572017,2,12
572003,572014,572017,3,11
572003,572014,572016,2,11
572003,572014,572016,2,11
572003,572015,572018,3,12
572003,572013,572017,4,10
572003,572015,572017,2,12
572003,572015,572017,2,12
572003,572014,572018,4,11
572003,572017,572019,2,14
572003,572013,572019,6,10
572003,572015,572019,4,12
572003,572017,572020,3,14
572003,572017,572020,3,14
572003,572017,572020,3,14
572003,572018,572021,3,15
572003,572018,572021,3,15
572003,572018,572021,3,15
572003,572012,572021,9,9
572003,572017,572022,5,14
572003,572015,572022,7,12
572003,572004,572022,18,1
571046,571060,572023,963,14
572003,572018,572022,4,15
572003,572004,572017,13,1
572003,572016,572024,8,13
572003,572004,572025,21,1
572023,572023,572028,5,0
572023,572023,572028,5,0
572023,572023,572028,5,0
572023,572023,572028,5,0
572023,572023,572027,4,0
572023,572023,572028,5,0
572023,572023,572028,5,0
572023,572023,572029,6,0
572023,572028,572031,3,5
572023,572028,572031,3,5
572023,572028,572031,3,5
572023,572028,572031,3,5
572023,572028,572031,3,5
572023,572029,572032,3,6
572023,572029,572032,3,6
572023,572028,572032,4,5
572023,572024,572030,6,1
572023,572023,572033,10,0
572023,572023,572033,10,0
572023,572032,572033,1,9
572023,572032,572034,2,9
572023,572032,572034,2,9
572023,572032,572034,2,9
572023,572032,572034,2,9
572003,572026,572035,9,23
572023,572032,572035,3,9
572023,572033,572035,2,10
572023,572034,572035,1,11
572023,572033,572035,2,10
572023,572023,572036,13,0
572023,572023,572037,14,0
572023,572035,572037,2,12
572023,572035,572037,2,12
572023,572035,572037,2,12
572023,572035,572037,2,12
572023,572036,572038,2,13
572023,572036,572038,2,13
572023,572036,572038,2,13
572023,572036,572038,2,13
572003,572026,572039,13,23
572003,572017,572035,18,14
572023,572023,572040,17,0
572023,572038,572040,2,15
572023,572038,572041,3,15
572023,572038,572040,2,15
572023,572038,572040,2,15
572023,572035,572040,5,12
572003,572004,572033,29,1
572023,572033,572037,4,10
572023,572036,572041,5,13
572023,572037,572041,4,14
572023,572039,572041,2,16
572023,572039,572041,2,16
572023,572039,572041,2,16
572023,572039,572041,2,16
572003,572004,572040,36,1
572003,572017,572042,25,14
572023,572023,572043,20,0
572023,572041,572043,2,18
572023,572041,572043,2,18
572023,572041,572043,2,18
572023,572041,572044,3,18
572023,572034,572043,9,11
572023,572042,572044,2,19
572023,572041,572046,5,18
572023,572023,572046,23,0
572023,572042,572046,4,19
572003,572026,572048,22,23
572023,572039,572047,8,16
572023,572041,572048,7,18
572023,572040,572050,10,17
572023,572024,572055,31,1
572023,572025,572048,23,2
572023,572040,572067,27,17
572023,572041,572068,27,18
572023,572033,572069,36,10
572023,572041,572074,33,18
570597,570609,572076,1467,12
572104,572104,572107,3,0
572104,572104,572107,3,0
572104,572104,572107,3,0
572104,572104,572107,3,0
572104,572104,572108,4,0
572104,572104,572109,5,0
572104,572104,572109,5,0
572104,572104,572109,5,0
572104,572104,572109,5,0
572104,572107,572110,3,3
572104,572107,572110,3,3
572104,572108,572111,3,4
572104,572104,572111,7,0
572104,572109,572111,2,5
572104,572108,572111,3,4
572104,572108,572112,4,4
572104,572109,572112,3,5
572104,572104,572113,9,0
572104,572109,572112,3,5
572104,572110,572113,3,6
572104,572110,572113,3,6
572104,572111,572114,3,7
572104,572104,572114,10,0
572104,572104,572115,11,0
572104,572104,572114,10,0
572104,572110,572114,4,6
572104,572112,572115,3,8
572104,572112,572115,3,8
572104,572112,572115,3,8
572104,572113,572115,2,9
572104,572112,572116,4,8
572104,572113,572116,3,9
572104,572112,572116,4,8
572104,572114,572117,3,10
572104,572114,572117,3,10
572104,572115,572117,2,11
572104,572115,572118,3,11
572104,572115,572118,3,11
572104,572115,572118,3,11
572104,572104,572119,15,0
572104,572116,572119,3,12
572104,572104,572120,16,0
572104,572116,572120,4,12
572104,572117,572120,3,13
572104,572118,572120,2,14
572104,572118,572120,2,14
572104,572104,572121,17,0
572104,572118,572121,3,14
572104,572118,572121,3,14
572104,572118,572121,3,14
572104,572115,572122,7,11
572104,572115,572121,6,11
572104,572117,572121,4,13
572104,572115,572121,6,11
572104,572120,572122,2,16
572104,572120,572123,3,16
572104,572121,572123,2,17
572104,572120,572123,3,16
572104,572113,572121,8,9
572104,572120,572126,6,16
572104,572104,572127,23,0
572104,572115,572128,13,11
572104,572104,572128,24,0
572104,572104,572119,15,0
572104,572104,572133,29,0
572104,572104,572138,34,0
572104,572104,572141,37,0
572104,572104,572144,40,0
572104,572119,572144,25,15
572104,572104,572149,45,0
571213,571229,572235,1006,16
572237,572237,572241,4,0
572237,572237,572241,4,0
572237,572237,572241,4,0
572237,572237,572242,5,0
572237,572237,572242,5,0
572237,572237,572242,5,0
572237,572237,572242,5,0
572237,572237,572241,4,0
572237,572237,572241,4,0
572237,572237,572242,5,0
572237,572237,572242,5,0
572237,572237,572243,6,0
572237,572237,572244,7,0
572237,572242,572244,2,5
572237,572241,572243,2,4
572237,572242,572245,3,5
572237,572242,572245,3,5
572237,572242,572245,3,5
572237,572242,572245,3,5
572237,572237,572246,9,0
572237,572242,572246,4,5
572237,572242,572246,4,5
572237,572244,572246,2,7
572237,572244,572247,3,7
572237,572237,572248,11,0
572237,572237,572247,10,0
572237,572237,572248,11,0
572237,572243,572248,5,6
572237,572245,572248,3,8
572237,572245,572248,3,8
572237,572245,572248,3,8
572237,572245,572248,3,8
572237,572242,572249,7,5
572237,572247,572249,2,10
571268,571284,572249,965,16
572237,572242,572249,7,5
572237,572247,572250,3,10
572237,572246,572251,5,9
572237,572247,572251,4,10
572237,572248,572251,3,11
572237,572248,572251,3,11
572237,572248,572251,3,11
572237,572250,572251,1,13
572237,572249,572251,2,12
572237,572250,572251,1,13
572237,572246,572251,5,9
572237,572242,572252,10,5
572237,572244,572253,9,7
572237,572250,572253,3,13
572237,572251,572253,2,14
572237,572248,572254,6,11
572237,572251,572254,3,14
572237,572251,572254,3,14
572237,572252,572254,2,15
572237,572252,572254,2,15
572237,572252,572255,3,15
572237,572252,572254,2,15
572237,572237,572254,17,0
572237,572249,572255,6,12
572237,572251,572255,4,14
572237,572251,572255,4,14
572237,572237,572257,20,0
572237,572237,572257,20,0
572237,572248,572257,9,11
572237,572248,572256,8,11
572237,572248,572257,9,11
572250,572255,572258,3,5
572250,572254,572258,4,4
572250,572253,572258,5,3
572250,572255,572259,4,5
572250,572255,572259,4,5
572250,572255,572259,4,5
572250,572255,572259,4,5
572237,572237,572260,23,0
572250,572255,572260,5,5
572237,572237,572261,24,0
572250,572257,572261,4,7
572250,572254,572261,7,4
572250,572259,572261,2,9
572250,572260,572262,2,10
572250,572259,572261,2,9
572250,572260,572262,2,10
572237,572237,572262,25,0
572250,572255,572262,7,5
572250,572259,572262,3,9
572250,572260,572262,2,10
572250,572260,572262,2,10
572250,572253,572262,9,3
572250,572255,572263,8,5
572250,572261,572263,2,11
572250,572262,572264,2,12
572250,572262,572264,2,12
572250,572262,572264,2,12
572250,572262,572264,2,12
572250,572263,572265,2,13
572250,572263,572265,2,13
572250,572263,572265,2,13
572250,572257,572266,9,7
572250,572255,572266,11,5
572250,572262,572266,4,12
572250,572264,572266,2,14
572250,572265,572267,2,15
572250,572255,572267,12,5
572250,572263,572267,4,13
572250,572264,572267,3,14
572250,572265,572267,2,15
572250,572257,572267,10,7
572250,572265,572267,2,15
572250,572257,572262,5,7
572237,572237,572264,27,0
572250,572265,572267,2,15
572250,572263,572268,5,13
572250,572261,572268,7,11
572250,572266,572268,2,16
572250,572257,572268,11,7
572250,572266,572268,2,16
572250,572263,572269,6,13
572250,572266,572269,3,16
572250,572267,572270,3,17
572250,572267,572269,2,17
572250,572267,572269,2,17
572250,572268,572270,2,18
572237,572237,572270,33,0
572250,572268,572270,2,18
572250,572268,572270,2,18
572250,572267,572271,4,17
572250,572269,572271,2,19
572250,572269,572272,3,19
572250,572268,572272,4,18
572250,572268,572272,4,18
572250,572268,572272,4,18
572250,572267,572274,7,17
572250,572269,572273,4,19
572250,572252,572274,22,2
572250,572267,572274,7,17
572250,572269,572274,5,19
572250,572269,572275,6,19
572250,572260,572285,25,10
572250,572261,572287,26,11
572250,572268,572299,31,18
572250,572268,572314,46,18
571381,571394,572343,949,13
572344,572344,572348,4,0
572344,572344,572348,4,0
572344,572345,572348,3,1
572344,572344,572349,5,0
572344,572344,572348,4,0
572344,572344,572349,5,0
572344,572344,572349,5,0
572344,572344,572349,5,0
572344,572344,572349,5,0
572344,572344,572350,6,0
572344,572344,572350,6,0
572344,572344,572350,6,0
572344,572344,572350,6,0
572344,572344,572350,6,0
572344,572345,572350,5,1
572344,572345,572351,6,1
572344,572348,572352,4,4
572344,572348,572352,4,4
572344,572349,572352,3,5
572344,572348,572352,4,4
572344,572349,572352,3,5
572344,572349,572352,3,5
572344,572349,572352,3,5
572344,572345,572352,7,1
572344,572350,572353,3,6
572344,572344,572353,9,0
572344,572349,572353,4,5
572344,572350,572353,3,6
572344,572351,572353,2,7
572344,572351,572353,2,7
572344,572350,572354,4,6
572344,572344,572353,9,0
572344,572353,572355,2,9
572344,572350,572355,5,6
572344,572353,572355,2,9
572344,572344,572355,11,0
572344,572351,572355,4,7
572344,572353,572355,2,9
572344,572353,572355,2,9
572344,572353,572355,2,9
572344,572353,572355,2,9
572344,572350,572356,6,6
572344,572352,572356,4,8
572344,572354,572356,2,10
572344,572354,572356,2,10
572344,572354,572356,2,10
572344,572355,572357,2,11
572344,572355,572357,2,11
572344,572352,572357,5,8
572344,572353,572357,4,9
572344,572354,572357,3,10
572344,572356,572359,3,12
572344,572356,572358,2,12
572344,572356,572358,2,12
572344,572355,572358,3,11
572344,572356,572358,2,12
572344,572356,572359,3,12
572344,572357,572359,2,13
572344,572357,572360,3,13
572344,572354,572359,5,10
572344,572357,572361,4,13
572344,572344,572357,13,0
572344,572357,572364,7,13
572344,572344,572360,16,0
572344,572344,572361,17,0
572344,572344,572372,28,0
572344,572355,572373,18,11
572344,572356,572373,17,12
572344,572344,572374,30,0
572344,572353,572379,26,9
571385,571436,572393,957,51
570903,570915,572397,1482,12
572407,572407,572411,4,0
572407,572407,572411,4,0
572407,572407,572411,4,0
572407,572407,572412,5,0
572407,572407,572412,5,0
572407,572407,572412,5,0
572407,572407,572412,5,0
572407,572407,572411,4,0
572407,572407,572411,4,0
572407,572411,572413,2,4
572407,572407,572413,6,0
572407,572407,572413,6,0
572407,572407,572412,5,0
572407,572411,572414,3,4
572407,572412,572415,3,5
572407,572412,572415,3,5
572407,572412,572415,3,5
572407,572412,572415,3,5
572407,572412,572415,3,5
572407,572407,572415,8,0
572407,572407,572416,9,0
572407,572413,572415,2,6
572407,572412,572416,4,5
572407,572413,572416,3,6
572407,572407,572417,10,0
572407,572413,572417,4,6
572407,572414,572417,3,7
572407,572411,572417,6,4
572407,572407,572418,11,0
572407,572407,572418,11,0
572407,572416,572418,2,9
572407,572415,572418,3,8
572407,572416,572418,2,9
572407,572416,572418,2,9
572407,572416,572418,2,9
572407,572416,572418,2,9
572407,572414,572418,4,7
572407,572416,572419,3,9
572407,572417,572419,2,10
572407,572407,572419,12,0
572407,572418,572420,2,11
572407,572417,572421,4,10
572407,572416,572421,5,9
572407,572419,572421,2,12
572407,572419,572421,2,12
572407,572418,572421,3,11
572407,572419,572421,2,12
572407,572419,572421,2,12
572407,572419,572421,2,12
572407,572418,572422,4,11
572407,572418,572422,4,11
572407,572420,572422,2,13
572407,572420,572422,2,13
572407,572419,572423,4,12
572407,572416,572423,7,9
572407,572421,572423,2,14
572407,572407,572424,17,0
572407,572407,572425,18,0
572407,572422,572424,2,15
572407,572418,572424,6,11
572407,572421,572425,4,14
572407,572422,572425,3,15
572407,572422,572426,4,15
572407,572425,572427,2,18
572407,572422,572426,4,15
572407,572422,572426,4,15
572407,572423,572428,5,16
572407,572419,572426,7,12
572407,572422,572427,5,15
572407,572422,572427,5,15
572407,572424,572427,3,17
572407,572407,572428,21,0
572407,572426,572428,2,19
572407,572423,572428,5,16
572407,572407,572423,16,0
572407,572423,572429,6,16
572407,572427,572429,2,20
572407,572428,572430,2,21
572407,572427,572429,2,20
572407,572407,572427,20,0
572407,572426,572430,4,19
571383,571411,572431,1020,28
572407,572427,572430,3,20
572407,572428,572430,2,21
572407,572428,572431,3,21
572407,572428,572431,3,21
572407,572425,572430,5,18
572407,572427,572431,4,20
572407,572429,572431,2,22
572407,572430,572432,2,23
572407,572430,572432,2,23
572407,572429,572433,4,22
572407,572430,572432,2,23
572407,572429,572432,3,22
572407,572430,572432,2,23
572407,572432,572434,2,25
572407,572431,572433,2,24
572407,572431,572433,2,24
572407,572431,572434,3,24
572407,572431,572434,3,24
572407,572423,572434,11,16
572407,572432,572434,2,25
572407,572432,572434,2,25
572407,572431,572434,3,24
572407,572431,572435,4,24
572407,572432,572436,4,25
572407,572433,572435,2,26
572407,572433,572435,2,26
572407,572434,572436,2,27
572407,572433,572435,2,26
572407,572407,572425,18,0
572407,572433,572437,4,26
572407,572434,572436,2,27
572407,572434,572436,2,27
572407,572434,572437,3,27
572407,572435,572437,2,28
572407,572434,572437,3,27
572407,572435,572437,2,28
572407,572435,572437,2,28
572407,572436,572438,2,29
572407,572428,572436,8,21
572407,572436,572438,2,29
572407,572436,572439,3,29
572407,572436,572438,2,29
572407,572435,572439,4,28
572407,572437,572440,3,30
572407,572436,572440,4,29
572407,572436,572440,4,29
572431,572438,572441,3,7
572407,572437,572440,3,30
572407,572437,572441,4,30
572407,572423,572442,19,16
572431,572437,572442,5,6
572431,572438,572443,5,7
572407,572431,572441,10,24
572431,572439,572444,5,8
572431,572441,572444,3,10
572431,572438,572443,5,7
572431,572441,572443,2,10
572431,572440,572444,4,9
572431,572443,572445,2,12
572431,572439,572445,6,8
572431,572439,572444,5,8
572431,572442,572446,4,11
572431,572442,572445,3,11
572407,572430,572443,13,23
572431,572441,572446,5,10
572431,572441,572446,5,10
572431,572444,572446,2,13
572431,572444,572446,2,13
572431,572445,572447,2,14
572431,572444,572447,3,13
572431,572444,572447,3,13
572431,572444,572447,3,13
572431,572445,572448,3,14
572431,572445,572448,3,14
572407,572425,572449,24,18
572431,572446,572449,3,15
572431,572446,572450,4,15
572431,572447,572450,3,16
572431,572447,572450,3,16
572431,572447,572449,2,16
572431,572447,572450,3,16
572431,572447,572450,3,16
572431,572448,572451,3,17
572431,572448,572451,3,17
572431,572448,572451,3,17
572407,572425,572451,26,18
572407,572437,572451,14,30
572431,572442,572449,7,11
572431,572447,572451,4,16
572431,572447,572451,4,16
572431,572450,572452,2,19
572431,572449,572452,3,18
572431,572449,572452,3,18
572431,572450,572452,2,19
572431,572450,572452,2,19
572431,572439,572453,14,8
572431,572444,572453,9,13
572431,572450,572454,4,19
572431,572451,572454,3,20
572431,572451,572454,3,20
572431,572450,572454,4,19
572431,572451,572454,3,20
572431,572446,572454,8,15
572431,572452,572454,2,21
572431,572451,572455,4,20
572431,572452,572455,3,21
572431,572453,572455,2,22
572431,572453,572456,3,22
572431,572452,572456,4,21
572431,572452,572456,4,21
572431,572454,572457,3,23
572431,572454,572457,3,23
572431,572453,572457,4,22
572431,572455,572457,2,24
572431,572440,572457,17,9
572431,572455,572457,2,24
572431,572454,572458,4,23
571471,571506,572459,953,35
572407,572423,572455,32,16
572407,572430,572459,29,23
572431,572453,572460,7,22
572407,572420,572460,40,13
572431,572454,572461,7,23
572431,572452,572460,8,21
572407,572407,572467,60,0
572431,572452,572470,18,21
572407,572407,572475,68,0
572431,572452,572476,24,21
572431,572455,572476,21,24
572431,572453,572483,30,22
572487,572487,572491,4,0
572487,572487,572491,4,0
572487,572487,572491,4,0
572487,572487,572492,5,0
572487,572487,572491,4,0
572487,572487,572491,4,0
572487,572487,572492,5,0
572487,572487,572492,5,0
572487,572487,572492,5,0
572487,572487,572493,6,0
572487,572487,572493,6,0
572487,572487,572492,5,0
572487,572487,572492,5,0
572487,572487,572492,5,0
572487,572487,572494,7,0
572487,572487,572493,6,0
572487,572487,572494,7,0
572487,572492,572494,2,5
572487,572492,572494,2,5
572487,572491,572495,4,4
572487,572492,572495,3,5
572487,572493,572495,2,6
572487,572492,572496,4,5
572487,572492,572496,4,5
572487,572493,572496,3,6
572487,572492,572496,4,5
572487,572492,572496,4,5
572487,572493,572496,3,6
572487,572493,572497,4,6
572487,572496,572498,2,9
572487,572495,572498,3,8
572487,572495,572497,2,8
572487,572495,572497,2,8
572487,572492,572496,4,5
572487,572495,572499,4,8
572487,572487,572499,12,0
572487,572487,572500,13,0
572487,572497,572500,3,10
572487,572487,572499,12,0
572487,572498,572500,2,11
572487,572497,572500,3,10
572487,572497,572499,2,10
572487,572496,572500,4,9
572487,572496,572500,4,9
572487,572498,572500,2,11
572487,572498,572501,3,11
572487,572487,572500,13,0
572487,572497,572501,4,10
572487,572497,572501,4,10
572487,572498,572502,4,11
572487,572499,572502,3,12
572487,572487,572502,15,0
572487,572500,572503,3,13
572487,572500,572502,2,13
572487,572493,572503,10,6
572487,572500,572503,3,13
572487,572500,572502,2,13
572487,572494,572503,9,7
572487,572499,572503,4,12
572487,572501,572504,3,14
572487,572500,572504,4,13
572487,572494,572505,11,7
572487,572494,572506,12,7
572487,572501,572505,4,14
572487,572501,572509,8,14
572487,572487,572510,23,0
571504,571547,572514,967,43
572487,572487,572523,36,0
572487,572500,572523,23,13
572487,572500,572523,23,13
572487,572487,572523,36,0
572545,572545,572548,3,0
572545,572545,572547,2,0
572545,572545,572549,4,0
572545,572545,572549,4,0
572545,572545,572549,4,0
572545,572545,572550,5,0
572545,572545,572550,5,0
572545,572545,572551,6,0
572545,572545,572551,6,0
572545,572545,572551,6,0
572545,572549,572551,2,4
572545,572549,572551,2,4
572545,572545,572552,7,0
572545,572545,572552,7,0
572545,572545,572552,7,0
572545,572545,572553,8,0
572545,572545,572553,8,0
572545,572545,572553,8,0
572545,572552,572554,2,7
572545,572552,572554,2,7
572545,572551,572555,4,6
572545,572546,572555,9,1
572545,572550,572555,5,5
572545,572550,572555,5,5
572545,572551,572555,4,6
572545,572552,572555,3,7
572545,572545,572556,11,0
572545,572545,572556,11,0
572545,572549,572556,7,4
572545,572553,572556,3,8
572545,572545,572557,12,0
572545,572553,572557,4,8
572545,572554,572557,3,9
572545,572555,572557,2,10
572545,572552,572558,6,7
572545,572556,572558,2,11
572545,572556,572558,2,11
572545,572555,572558,3,10
572545,572556,572559,3,11
572545,572552,572559,7,7
572545,572553,572559,6,8
572545,572557,572559,2,12
572545,572558,572560,2,13
572545,572554,572560,6,9
572545,572558,572560,2,13
572545,572556,572560,4,11
572545,572556,572560,4,11
572545,572558,572560,2,13
572545,572559,572561,2,14
572545,572545,572556,11,0
572545,572546,572560,14,1
572545,572554,572561,7,9
572545,572558,572561,3,13
572545,572559,572561,2,14
572545,572546,572558,12,1
572545,572546,572558,12,1
572545,572560,572562,2,15
572545,572559,572563,4,14
572545,572560,572562,2,15
572545,572559,572563,4,14
572545,572560,572564,4,15
572545,572560,572563,3,15
572545,572545,572565,20,0
572545,572557,572564,7,12
572545,572561,572568,7,16
572545,572560,572569,9,15
572545,572561,572569,8,16
572545,572557,572578,21,12
572545,572557,572579,22,12
572545,572556,572582,26,11
571649,571661,572605,944,12
572610,572611,572613,2,1
572610,572611,572613,2,1
572610,572611,572613,2,1
572610,572611,572614,3,1
572610,572611,572615,4,1
572610,572611,572615,4,1
572610,572611,572615,4,1
572610,572611,572616,5,1
572610,572611,572615,4,1
572610,572611,572616,5,1
572610,572611,572616,5,1
572610,572611,572616,5,1
572610,572611,572616,5,1
572610,572611,572617,6,1
572610,572611,572617,6,1
572610,572614,572617,3,4
572610,572614,572617,3,4
572610,572614,572617,3,4
572610,572616,572618,2,6
572610,572616,572618,2,6
572610,572611,572619,8,1
572610,572616,572619,3,6
572610,572617,572619,2,7
572610,572617,572619,2,7
572610,572611,572617,6,1
572610,572617,572620,3,7
572610,572618,572621,3,8
572610,572618,572620,2,8
572610,572619,572621,2,9
572610,572617,572621,4,7
572610,572615,572621,6,5
572610,572616,572621,5,6
572610,572618,572621,3,8
572610,572619,572621,2,9
572610,572611,572621,10,1
572610,572611,572621,10,1
572610,572611,572622,11,1
572610,572620,572622,2,10
572610,572620,572622,2,10
572610,572620,572622,2,10
572610,572621,572623,2,11
572610,572621,572623,2,11
572610,572621,572623,2,11
572610,572621,572623,2,11
572610,572622,572624,2,12
572610,572611,572624,13,1
572610,572622,572625,3,12
572610,572622,572625,3,12
572610,572623,572625,2,13
572610,572611,572623,12,1
572610,572620,572624,4,10
572610,572622,572626,4,12
572610,572623,572625,2,13
572610,572623,572625,2,13
572610,572623,572625,2,13
572610,572616,572626,10,6
572610,572618,572626,8,8
572610,572611,572626,15,1
572610,572622,572626,4,12
572610,572624,572626,2,14
572610,572624,572626,2,14
572610,572624,572626,2,14
572610,572624,572626,2,14
572610,572618,572627,9,8
571651,571679,572628,949,28
572629,572629,572631,2,0
572629,572629,572631,2,0
572629,572629,572632,3,0
572629,572629,572632,3,0
572610,572620,572625,5,10
572629,572629,572633,4,0
572610,572611,572633,22,1
572629,572629,572633,4,0
572629,572629,572634,5,0
572629,572629,572634,5,0
572629,572629,572634,5,0
572629,572632,572634,2,3
572629,572632,572634,2,3
572629,572629,572634,5,0
572629,572629,572635,6,0
572629,572629,572635,6,0
572629,572629,572635,6,0
572629,572633,572635,2,4
572629,572633,572635,2,4
572629,572629,572636,7,0
572629,572629,572637,8,0
572629,572633,572637,4,4
572629,572635,572637,2,6
572629,572629,572635,6,0
572629,572636,572638,2,7
572629,572635,572638,3,6
572629,572635,572638,3,6
572629,572635,572638,3,6
572629,572635,572638,3,6
572629,572636,572638,2,7
572629,572636,572638,2,7
572629,572636,572638,2,7
572629,572636,572639,3,7
572629,572634,572640,6,5
572629,572634,572640,6,5
572629,572638,572641,3,9
572629,572635,572641,6,6
572629,572639,572641,2,10
572629,572639,572641,2,10
572629,572639,572641,2,10
572629,572639,572641,2,10
572629,572639,572641,2,10
572629,572639,572641,2,10
572629,572639,572641,2,10
572629,572639,572641,2,10
572629,572638,572642,4,9
572629,572640,572642,2,11
572629,572641,572643,2,12
572629,572637,572643,6,8
572629,572642,572644,2,13
572629,572642,572644,2,13
572629,572642,572644,2,13
572610,572622,572644,22,12
572629,572642,572644,2,13
572629,572642,572644,2,13
572629,572642,572644,2,13
572629,572642,572644,2,13
572629,572642,572644,2,13
572629,572643,572645,2,14
572629,572633,572644,11,4
572629,572642,572645,3,13
572629,572641,572645,4,12
572629,572643,572645,2,14
572629,572643,572645,2,14
572629,572644,572646,2,15
572629,572644,572646,2,15
572629,572629,572647,18,0
572629,572638,572646,8,9
572610,572623,572647,24,13
572629,572644,572648,4,15
572629,572637,572649,12,8
572629,572633,572655,22,4
572610,572611,572649,38,1
572629,572629,572663,34,0
572629,572641,572669,28,12
572610,572622,572680,58,12
571745,571763,572760,997,18
572761,572761,572763,2,0
572761,572761,572764,3,0
572761,572761,572763,2,0
572761,572761,572764,3,0
572761,572761,572765,4,0
572761,572761,572765,4,0
572761,572761,572766,5,0
572761,572761,572766,5,0
572761,572761,572766,5,0
572761,572761,572765,4,0
572761,572761,572766,5,0
572761,572761,572767,6,0
572761,572761,572766,5,0
572761,572761,572766,5,0
572761,572761,572768,7,0
572761,572764,572767,3,3
572761,572764,572768,4,3
572761,572764,572768,4,3
572761,572765,572769,4,4
572761,572766,572769,3,5
572761,572765,572768,3,4
572761,572765,572768,3,4
572761,572766,572769,3,5
572761,572766,572769,3,5
572761,572761,572768,7,0
572761,572761,572771,10,0
572761,572766,572771,5,5
572761,572768,572771,3,7
572761,572769,572771,2,8
572761,572768,572771,3,7
572761,572761,572772,11,0
572761,572767,572772,5,6
572761,572766,572771,5,5
572761,572761,572772,11,0
572761,572761,572772,11,0
572761,572769,572772,3,8
572761,572768,572772,4,7
572761,572769,572771,2,8
572761,572769,572772,3,8
572761,572769,572772,3,8
572761,572769,572772,3,8
572761,572767,572773,6,6
572761,572771,572773,2,10
572761,572771,572774,3,10
572761,572772,572774,2,11
572761,572772,572774,2,11
572761,572771,572775,4,10
572761,572768,572774,6,7
572761,572772,572775,3,11
572761,572772,572775,3,11
572761,572773,572775,2,12
572761,572773,572775,2,12
572761,572773,572775,2,12
572761,572772,572776,4,11
572761,572772,572776,4,11
572761,572772,572776,4,11
572761,572771,572776,5,10
572761,572774,572776,2,13
572761,572774,572776,2,13
572761,572774,572776,2,13
572761,572773,572777,4,12
572761,572767,572778,11,6
572761,572761,572775,14,0
572761,572761,572779,18,0
572761,572761,572782,21,0
572761,572772,572780,8,11
572761,572772,572783,11,11
572761,572771,572789,18,10
572761,572761,572790,29,0
572761,572761,572801,40,0
571329,571342,572811,1469,13
572827,572828,572831,3,1
572827,572828,572831,3,1
572827,572828,572831,3,1
572827,572828,572832,4,1
572827,572828,572832,4,1
572827,572828,572832,4,1
572827,572828,572832,4,1
572827,572828,572832,4,1
572827,572828,572833,5,1
572827,572828,572833,5,1
572827,572828,572833,5,1
572827,572828,572833,5,1
572827,572832,572834,2,5
572827,572828,572834,6,1
572827,572828,572834,6,1
572827,572832,572834,2,5
572827,572833,572835,2,6
572827,572832,572835,3,5
572827,572828,572835,7,1
572827,572833,572835,2,6
572827,572833,572835,2,6
572827,572834,572836,2,7
572827,572834,572836,2,7
572827,572834,572836,2,7
572827,572834,572836,2,7
572827,572828,572836,8,1
572827,572833,572836,3,6
572827,572835,572837,2,8
572827,572833,572837,4,6
572827,572835,572837,2,8
572827,572835,572837,2,8
572827,572828,572838,10,1
572827,572828,572838,10,1
572827,572836,572838,2,9
572827,572835,572838,3,8
572827,572834,572838,4,7
572827,572836,572838,2,9
572827,572837,572839,2,10
572827,572836,572840,4,9
572827,572837,572839,2,10
572827,572837,572839,2,10
572827,572837,572839,2,10
572827,572828,572840,12,1
572827,572836,572840,4,9
572827,572837,572841,4,10
572827,572838,572840,2,11
572827,572839,572841,2,12
572827,572839,572841,2,12
572827,572838,572841,3,11
572827,572839,572841,2,12
572827,572840,572842,2,13
572827,572839,572841,2,12
572827,572840,572842,2,13
572827,572840,572842,2,13
572827,572838,572843,5,11
572827,572840,572843,3,13
572827,572841,572843,2,14
572827,572839,572843,4,12
572827,572837,572840,3,10
572827,572841,572846,5,14
572827,572828,572839,11,1
572827,572828,572842,14,1
572827,572828,572842,14,1
572827,572828,572848,20,1
572827,572841,572850,9,14
572827,572839,572851,12,12
572827,572836,572853,17,9
572827,572839,572867,28,12
572827,572828,572868,40,1
572827,572828,572872,44,1
572005,572018,572981,963,13
572982,572982,572985,3,0
572982,572982,572985,3,0
572982,572982,572985,3,0
572982,572982,572987,5,0
572982,572982,572986,4,0
572982,572982,572986,4,0
572982,572982,572986,4,0
572982,572982,572987,5,0
572982,572982,572988,6,0
572982,572982,572988,6,0
572982,572982,572989,7,0
572982,572985,572989,4,3
572982,572985,572990,5,3
572982,572987,572989,2,5
572982,572986,572989,3,4
572982,572987,572990,3,5
572982,572982,572990,8,0
572982,572987,572990,3,5
572982,572988,572991,3,6
572982,572987,572990,3,5
572982,572982,572992,10,0
572982,572982,572993,11,0
572982,572988,572993,5,6
572982,572990,572992,2,8
572982,572990,572993,3,8
572982,572990,572993,3,8
572982,572991,572993,2,9
572982,572991,572994,3,9
572982,572991,572993,2,9
572982,572982,572994,12,0
572982,572991,572995,4,9
572982,572990,572995,5,8
572982,572993,572995,2,11
572982,572993,572995,2,11
572982,572993,572995,2,11
572982,572990,572997,7,8
572982,572994,572996,2,12
572982,572994,572996,2,12
572982,572994,572996,2,12
572982,572993,572997,4,11
572982,572989,572997,8,7
572982,572993,572998,5,11
572982,572995,572997,2,13
572982,572995,572997,2,13
572982,572982,572999,17,0
572982,572990,572998,8,8
572982,572996,572998,2,14
572982,572996,572999,3,14
572982,572995,573000,5,13
572982,572997,572999,2,15
572982,572997,572999,2,15
572982,572997,572999,2,15
572982,572997,573000,3,15
572982,572998,573000,2,16
572982,572982,572994,12,0
572982,572992,573001,9,10
572982,572995,573000,5,13
572982,572998,573001,3,16
572982,572998,573001,3,16
572982,572982,573002,20,0
572982,572998,573002,4,16
572982,572998,573002,4,16
572982,572982,572997,15,0
572982,572982,573003,21,0
572982,572982,573004,22,0
572982,572982,573011,29,0
572024,572042,573022,980,18
572982,572982,573022,40,0
572982,572999,573024,25,17
573023,573023,573025,2,0
573023,573023,573027,4,0
573023,573023,573027,4,0
573023,573023,573026,3,0
573023,573023,573027,4,0
573023,573023,573028,5,0
573023,573023,573028,5,0
573023,573023,573028,5,0
573023,573023,573028,5,0
573023,573023,573029,6,0
573023,573023,573030,7,0
573023,573027,573030,3,4
573023,573025,573030,5,2
573023,573023,573031,8,0
573023,573028,573031,3,5
573023,573027,573031,4,4
573023,573027,573031,4,4
573023,573028,573031,3,5
573023,573027,573031,4,4
573023,573028,573031,3,5
571503,571546,573028,1482,43
573023,573023,573030,7,0
573023,573023,573034,11,0
573023,573029,573034,5,6
573023,573031,573034,3,8
573023,573031,573034,3,8
573023,573031,573034,3,8
573023,573029,573035,6,6
573023,573032,573035,3,9
573023,573032,573035,3,9
573023,573032,573035,3,9
572982,572982,573028,46,0
573023,573023,573035,12,0
573023,573030,573036,6,7
573023,573034,573037,3,11
573023,573035,573037,2,12
573023,573034,573036,2,11
573023,573030,573037,7,7
573023,573034,573037,3,11
573023,573035,573037,2,12
573023,573033,573037,4,10
573023,573035,573037,2,12
573023,573036,573038,2,13
573023,573037,573038,1,14
573023,573025,573038,13,2
573023,573034,573039,5,11
573023,573036,573039,3,13
573023,573035,573040,5,12
573023,573037,573040,3,14
573023,573037,573040,3,14
573023,573038,573040,2,15
573023,573038,573040,2,15
573023,573038,573040,2,15
573023,573038,573040,2,15
573023,573039,573040,1,16
573023,573031,573041,10,8
573023,573030,573041,11,7
573023,573039,573041,2,16
573023,573039,573041,2,16
573023,573033,573041,8,10
573023,573023,573029,6,0
573023,573040,573044,4,17
573023,573023,573044,21,0
573035,573042,573044,2,7
573035,573042,573044,2,7
572982,572982,573039,57,0
573035,573041,573045,4,6
573035,573041,573046,5,6
573035,573041,573046,5,6
573035,573041,573046,5,6
573035,573041,573047,6,6
573035,573041,573046,5,6
573035,573041,573046,5,6
573023,573038,573044,6,15
573023,573039,573047,8,16
573035,573045,573047,2,10
573035,573045,573047,2,10
573035,573041,573048,7,6
573035,573045,573048,3,10
573035,573046,573048,2,11
573035,573046,573048,2,11
573035,573042,573049,7,7
573035,573041,573049,8,6
573023,573023,573049,26,0
573035,573047,573049,2,12
573035,573047,573049,2,12
573035,573047,573049,2,12
573035,573047,573049,2,12
573035,573048,573050,2,13
573035,573047,573050,3,12
573035,573048,573051,3,13
573035,573050,573052,2,15
573035,573049,573053,4,14
573035,573050,573053,3,15
573035,573049,573052,3,14
573035,573050,573053,3,15
573035,573047,573052,5,12
573035,573049,573054,5,14
573035,573050,573053,3,15
573035,573051,573054,3,16
573035,573051,573054,3,16
573023,573039,573051,12,16
573035,573044,573051,7,9
573023,573023,573054,31,0
573035,573051,573054,3,16
573035,573048,573055,7,13
573035,573046,573056,10,11
573035,573053,573056,3,18
573035,573053,573056,3,18
573035,573053,573056,3,18
573035,573054,573056,2,19
573035,573047,573056,9,12
573035,573053,573056,3,18
573035,573054,573056,2,19
573035,573054,573056,2,19
573035,573053,573056,3,18
573035,573054,573057,3,19
573035,573053,573058,5,18
573035,573056,573058,2,21
573035,573056,573058,2,21
573035,573056,573059,3,21
573035,573056,573059,3,21
573035,573049,573058,9,14
573023,573043,573059,16,20
573035,573057,573060,3,22
573035,573057,573059,2,22
573035,573057,573060,3,22
573035,573055,573060,5,20
573035,573054,573060,6,19
573035,573050,573061,11,15
573035,573055,573060,5,20
573035,573058,573062,4,23
573035,573049,573060,11,14
573035,573057,573063,6,22
573035,573043,573063,20,8
573035,573055,573065,10,20
573023,573023,573069,46,0
573035,573054,573070,16,19
573035,573056,573070,14,21
573035,573058,573071,13,23
573023,573023,573071,48,0
573035,573056,573072,16,21
573023,573023,573073,50,0
572105,572121,573083,962,16
571501,571546,573102,1556,45
571563,571582,573102,1520,19
573101,573102,573104,2,1
573101,573102,573105,3,1
573101,573102,573105,3,1
573101,573102,573106,4,1
573101,573102,573106,4,1
573101,573102,573106,4,1
573101,573102,573106,4,1
573101,573102,573106,4,1
573101,573102,573107,5,1
573101,573105,573107,2,4
573101,573102,573108,6,1
573101,573102,573108,6,1
573101,573106,573109,3,5
573101,573106,573109,3,5
573101,573107,573110,3,6
573101,573102,573110,8,1
573101,573107,573110,3,6
573101,573108,573111,3,7
573101,573110,573112,2,9
573101,573110,573112,2,9
573101,573109,573112,3,8
573101,573103,573113,10,2
573101,573108,573113,5,7
573101,573109,573113,4,8
573101,573111,573113,2,10
573101,573107,573113,6,6
573101,573107,573113,6,6
573101,573109,573114,5,8
573101,573107,573114,7,6
573101,573112,573114,2,11
573101,573102,573115,13,1
573101,573113,573115,2,12
573101,573113,573115,2,12
573101,573113,573115,2,12
573101,573102,573112,10,1
573101,573102,573114,12,1
573101,573114,573116,2,13
573101,573114,573116,2,13
573101,573114,573116,2,13
573101,573114,573116,2,13
573101,573114,573116,2,13
573101,573115,573117,2,14
573101,573115,573117,2,14
573101,573116,573118,2,15
573101,573116,573118,2,15
573101,573117,573119,2,16
573101,573117,573119,2,16
573101,573116,573118,2,15
573101,573102,573113,11,1
573101,573102,573114,12,1
573101,573115,573119,4,14
573101,573117,573119,2,16
573101,573117,573119,2,16
573101,573117,573120,3,16
573101,573117,573119,2,16
573101,573102,573119,17,1
573101,573102,573119,17,1
573101,573111,573120,9,10
573101,573116,573120,4,15
573101,573118,573120,2,17
573101,573102,573122,20,1
573101,573102,573122,20,1
573101,573116,573123,7,15
573101,573113,573125,12,12
573101,573102,573126,24,1
573101,573102,573121,19,1
573101,573116,573130,14,15
573130,573130,573134,4,0
573130,573130,573134,4,0
573130,573130,573134,4,0
573130,573130,573134,4,0
573130,573130,573135,5,0
573130,573130,573136,6,0
573130,573130,573136,6,0
573130,573130,573137,7,0
573130,573130,573137,7,0
573130,573130,573137,7,0
573130,573130,573137,7,0
573130,573130,573137,7,0
573130,573134,573137,3,4
573130,573134,573137,3,4
573130,573134,573137,3,4
573130,573135,573137,2,5
573130,573130,573137,7,0
573130,573130,573138,8,0
573130,573130,573138,8,0
573130,573130,573138,8,0
573101,573102,573130,28,1
573130,573134,573139,5,4
573130,573130,573139,9,0
573130,573130,573139,9,0
573130,573136,573139,3,6
573130,573136,573139,3,6
573130,573137,573140,3,7
573130,573137,573140,3,7
573130,573138,573140,2,8
573130,573138,573140,2,8
573130,573130,573140,10,0
573130,573137,573141,4,7
573130,573137,573141,4,7
573130,573137,573142,5,7
573130,573140,573142,2,10
573130,573140,573142,2,10
573130,573141,573142,1,11
573130,573138,573143,5,8
573130,573141,573143,2,11
573130,573141,573143,2,11
573130,573141,573143,2,11
573130,573139,573144,5,9
573130,573141,573144,3,11
573130,573141,573144,3,11
573130,573143,573145,2,13
573130,573138,573144,6,8
573130,573143,573145,2,13
573130,573143,573145,2,13
573130,573143,573145,2,13
573101,573102,573138,36,1
573130,573130,573141,11,0
573130,573138,573146,8,8
573130,573137,573146,9,7
573130,573144,573146,2,14
573130,573144,573146,2,14
573130,573144,573146,2,14
573130,573139,573147,8,9
573130,573139,573147,8,9
573130,573145,573147,2,15
573130,573145,573147,2,15
573130,573130,573142,12,0
573130,573139,573144,5,9
573130,573143,573148,5,13
573130,573144,573149,5,14
573130,573130,573149,19,0
573130,573137,573149,12,7
573130,573146,573149,3,16
573130,573138,573149,11,8
573132,573147,573150,3,15
573132,573148,573150,2,16
573130,573141,573150,9,11
573132,573147,573150,3,15
573132,573148,573150,2,16
573132,573147,573151,4,15
573132,573148,573151,3,16
573132,573146,573152,6,14
573132,573150,573153,3,18
573130,573145,573150,5,15
573130,573144,573153,9,14
573132,573149,573153,4,17
573132,573151,573154,3,19
573132,573150,573153,3,18
573132,573152,573155,3,20
573132,573150,573155,5,18
573132,573151,573155,4,19
573132,573153,573156,3,21
573132,573147,573156,9,15
573132,573148,573157,9,16
573132,573149,573156,7,17
573132,573153,573156,3,21
573132,573150,573156,6,18
573132,573150,573157,7,18
573132,573152,573157,5,20
573132,573155,573158,3,23
573132,573154,573157,3,22
573132,573154,573157,3,22
573132,573153,573159,6,21
573132,573156,573159,3,24
573132,573158,573160,2,26
573132,573158,573161,3,26
573132,573156,573161,5,24
573132,573157,573161,4,25
573132,573157,573160,3,25
573132,573158,573161,3,26
573132,573151,573155,4,19
573132,573155,573161,6,23
573132,573154,573161,7,22
573130,573130,573156,26,0
573132,573159,573161,2,27
573132,573161,573163,2,29
573132,573161,573163,2,29
573132,573161,573164,3,29
573132,573157,573164,7,25
573132,573161,573164,3,29
573132,573146,573165,19,14
573132,573149,573164,15,17
573132,573150,573165,15,18
573132,573162,573165,3,30
573132,573163,573165,2,31
573132,573159,573165,6,27
573132,573161,573165,4,29
573132,573161,573165,4,29
573132,573155,573164,9,23
573132,573162,573166,4,30
573132,573162,573166,4,30
573132,573164,573166,2,32
573132,573164,573167,3,32
573132,573157,573167,10,25
573132,573164,573167,3,32
573101,573102,573162,60,1
573132,573165,573168,3,33
573132,573165,573170,5,33
573132,573164,573171,7,32
573132,573158,573171,13,26
573132,573146,573165,19,14
573132,573157,573173,16,25
573132,573149,573168,19,17
573132,573146,573175,29,14
573132,573165,573187,22,33
573132,573158,573188,30,26
573132,573165,573190,25,33
573132,573162,573194,32,30
573132,573161,573195,34,29
571806,571825,573304,1479,19
573305,573306,573309,3,1
573305,573306,573310,4,1
573305,573305,573310,5,0
573305,573305,573310,5,0
573305,573305,573311,6,0
573305,573305,573311,6,0
573305,573306,573311,5,1
573305,573305,573312,7,0
573305,573305,573313,8,0
573305,573310,573313,3,5
573305,573306,573313,7,1
573305,573306,573314,8,1
573305,573306,573315,9,1
573305,573312,573315,3,7
573305,573313,573315,2,8
573305,573306,573315,9,1
573305,573311,573315,4,6
573305,573306,573315,9,1
573305,573314,573316,2,9
573305,573311,573317,6,6
573305,573312,573317,5,7
573305,573312,573317,5,7
573305,573306,573317,11,1
573305,573306,573316,10,1
573305,573305,573318,13,0
573305,573314,573318,4,9
573305,573317,573319,2,12
573305,573311,573320,9,6
573305,573317,573320,3,12
573305,573316,573321,5,11
573305,573306,573321,15,1
573305,573306,573320,14,1
573305,573318,573321,3,13
573305,573315,573320,5,10
573305,573320,573322,2,15
573305,573315,573321,6,10
573305,573318,573322,4,13
573305,573306,573322,16,1
573305,573318,573322,4,13
573305,573306,573322,16,1
573305,573316,573322,6,11
573305,573320,573323,3,15
573305,573316,573324,8,11
573305,573322,573324,2,17
573305,573314,573324,10,9
573305,573320,573324,4,15
573305,573322,573324,2,17
573305,573321,573324,3,16
573305,573316,573325,9,11
573305,573319,573325,6,14
573305,573321,573325,4,16
573305,573323,573325,2,18
573305,573322,573326,4,17
573305,573324,573326,2,19
573305,573315,573327,12,10
573305,573323,573327,4,18
573305,573321,573325,4,16
573305,573324,573328,4,19
573305,573319,573327,8,14
573305,573321,573327,6,16
573305,573324,573329,5,19
573305,573306,573330,24,1
573305,573323,573333,10,18
573305,573306,573328,22,1
573305,573306,573331,25,1
573305,573306,573338,32,1
573305,573323,573339,16,18
573305,573324,573341,17,19
572345,572357,573341,984,12
573342,573342,573345,3,0
573342,573342,573345,3,0
573342,573342,573346,4,0
573342,573342,573345,3,0
573342,573342,573345,3,0
573342,573342,573346,4,0
573342,573342,573346,4,0
573342,573342,573346,4,0
573342,573346,573352,6,4
573342,573346,573353,7,4
573305,573318,573354,36,13
573305,573323,573354,31,18
573342,573346,573354,8,4
573342,573347,573354,7,5
573342,573345,573355,10,3
573342,573346,573354,8,4
573342,573345,573355,10,3
573342,573347,573355,8,5
572410,572437,573358,921,27
573342,573355,573360,5,13
573342,573355,573359,4,13
573342,573353,573360,7,11
573342,573354,573360,6,12
573342,573355,573360,5,13
573342,573355,573360,5,13
573342,573356,573360,4,14
573342,573358,573361,3,16
573342,573352,573361,9,10
573342,573360,573363,3,18
573342,573361,573363,2,19
573342,573360,573363,3,18
573342,573360,573363,3,18
573342,573361,573363,2,19
573342,573361,573364,3,19
573342,573342,573364,22,0
573342,573360,573364,4,18
573342,573361,573364,3,19
573342,573363,573365,2,21
573342,573342,573366,24,0
573342,573361,573366,5,19
573342,573363,573365,2,21
573342,573363,573365,2,21
573342,573363,573366,3,21
573342,573363,573365,2,21
573342,573342,573366,24,0
573342,573365,573367,2,23
573342,573342,573367,25,0
573342,573365,573367,2,23
573342,573364,573368,4,22
573342,573365,573367,2,23
573342,573342,573367,25,0
573342,573366,573368,2,24
573342,573342,573369,27,0
573342,573342,573368,26,0
573342,573342,573368,26,0
573342,573367,573369,2,25
573342,573366,573369,3,24
573342,573366,573369,3,24
573342,573366,573369,3,24
573342,573342,573369,27,0
573342,573366,573370,4,24
573342,573366,573370,4,24
573342,573342,573372,30,0
573342,573365,573372,7,23
573342,573342,573371,29,0
573342,573367,573375,8,25
573342,573342,573376,34,0
573342,573368,573377,9,26
573342,573342,573381,39,0
573342,573354,573382,28,12
573342,573342,573382,40,0
573342,573354,573384,30,12
573385,573385,573388,3,0
573385,573385,573388,3,0
573385,573385,573388,3,0
573385,573385,573388,3,0
573385,573385,573388,3,0
573385,573385,573388,3,0
573385,573385,573389,4,0
572408,572437,573390,953,29
573385,573385,573391,6,0
573385,573390,573394,4,5
573385,573389,573394,5,4
573385,573389,573394,5,4
573385,573391,573395,4,6
573385,573389,573395,6,4
573385,573389,573396,7,4
573385,573389,573395,6,4
573385,573389,573395,6,4
573385,573396,573399,3,11
573385,573396,573399,3,11
573385,573395,573398,3,10
573385,573392,573399,7,7
573385,573396,573399,3,11
573385,573396,573399,3,11
573385,573395,573399,4,10
573385,573395,573399,4,10
573385,573395,573400,5,10
573385,573385,573402,17,0
573385,573399,573402,3,14
573385,573399,573402,3,14
573385,573399,573402,3,14
573385,573385,573403,18,0
573385,573400,573403,3,15
573385,573400,573402,2,15
573385,573400,573403,3,15
573385,573400,573403,3,15
573385,573400,573403,3,15
573385,573385,573403,18,0
573385,573400,573403,3,15
573385,573402,573404,2,17
573385,573402,573404,2,17
573385,573394,573405,11,9
573385,573402,573404,2,17
573385,573403,573405,2,18
573385,573402,573405,3,17
573385,573404,573406,2,19
573385,573404,573406,2,19
573385,573403,573406,3,18
573385,573403,573406,3,18
573385,573403,573406,3,18
573385,573403,573406,3,18
573385,573385,573407,22,0
573385,573404,573406,2,19
573385,573404,573407,3,19
573385,573385,573408,23,0
573385,573385,573408,23,0
573385,573406,573408,2,21
573385,573406,573408,2,21
573385,573405,573408,3,20
573385,573405,573408,3,20
573385,573394,573408,14,9
573385,573405,573410,5,20
573393,573406,573410,4,13
573393,573406,573410,4,13
573385,573385,573406,21,0
573385,573385,573408,23,0
573393,573407,573411,4,14
572433,572455,573412,957,22
573385,573385,573414,29,0
573385,573403,573409,6,18
573385,573385,573414,29,0
573393,573408,573415,7,15
573393,573408,573415,7,15
573393,573409,573415,6,16
573393,573408,573415,7,15
573393,573408,573416,8,15
573393,573408,573417,9,15
573385,573385,573419,34,0
573385,573406,573420,14,21
573385,573385,573420,35,0
573393,573410,573420,10,17
573393,573407,573420,13,14
573393,573415,573421,6,22
573393,573416,573421,5,23
573393,573410,573421,11,17
573393,573415,573421,6,22
573385,573385,573421,36,0
573393,573408,573423,15,15
573393,573417,573423,6,24
573393,573415,573424,9,22
573393,573412,573424,12,19
573393,573421,573424,3,28
573393,573421,573425,4,28
573393,573420,573425,5,27
573393,573422,573425,3,29
573393,573413,573426,13,20
573393,573422,573426,4,29
573393,573424,573427,3,31
573393,573424,573427,3,31
573385,573385,573428,43,0
573393,573425,573427,2,32
573393,573408,573428,20,15
573393,573426,573428,2,33
573393,573426,573428,2,33
573393,573426,573428,2,33
573393,573415,573429,14,22
573393,573423,573429,6,30
573393,573426,573429,3,33
573393,573427,573429,2,34
573393,573428,573430,2,35
573393,573421,573431,10,28
573393,573428,573431,3,35
573393,573429,573431,2,36
573393,573429,573431,2,36
573393,573429,573431,2,36
573393,573430,573432,2,37
573393,573420,573432,12,27
573393,573422,573432,10,29
573393,573430,573432,2,37
573393,573428,573433,5,35
573393,573432,573433,1,39
573393,573432,573434,2,39
573393,573431,573433,2,38
573342,573342,573433,91,0
573393,573429,573433,4,36
573393,573414,573434,20,21
573393,573410,573433,23,17
573393,573427,573434,7,34
573393,573411,573435,24,18
573393,573432,573434,2,39
573393,573428,573435,7,35
573393,573429,573435,6,36
573393,573409,573434,25,16
573393,573432,573435,3,39
573393,573433,573435,2,40
573393,573433,573436,3,40
573415,573434,573436,2,19
573393,573414,573436,22,21
573415,573434,573438,4,19
573393,573420,573438,18,27
573415,573433,573438,5,18
573415,573434,573438,4,19
573393,573431,573438,7,38
573393,573414,573439,25,21
573415,573435,573440,5,20
573415,573434,573440,6,19
573415,573434,573441,7,19
573393,573428,573436,8,35
573415,573434,573442,8,19
573415,573437,573442,5,22
573415,573436,573442,6,21
573393,573433,573442,9,40
573415,573437,573444,7,22
573415,573438,573445,7,23
573415,573441,573446,5,26
573415,573435,573445,10,20
573415,573436,573445,9,21
573415,573443,573447,4,28
573415,573438,573447,9,23
573415,573445,573448,3,30
573415,573445,573449,4,30
573415,573443,573449,6,28
573415,573446,573450,4,31
573393,573411,573450,39,18
573393,573420,573450,30,27
573415,573435,573450,15,20
573415,573448,573451,3,33
573415,573448,573451,3,33
573415,573435,573451,16,20
573415,573449,573452,3,34
573415,573441,573453,12,26
573415,573451,573453,2,36
573415,573439,573452,13,24
573415,573446,573453,7,31
573415,573446,573452,6,31
573415,573449,573453,4,34
573415,573435,573452,17,20
573415,573450,573453,3,35
573415,573452,573454,2,37
573415,573452,573455,3,37
573415,573451,573454,3,36
573415,573434,573450,16,19
573415,573453,573455,2,38
573415,573452,573456,4,37
573415,573453,573455,2,38
573415,573453,573455,2,38
573415,573453,573455,2,38
573415,573453,573456,3,38
573415,573451,573457,6,36
573415,573453,573457,4,38
573415,573454,573456,2,39
573415,573455,573457,2,40
573415,573437,573457,20,22
573415,573435,573457,22,20
573415,573455,573458,3,40
573415,573439,573457,18,24
573415,573456,573458,2,41
573415,573442,573458,16,27
573415,573455,573458,3,40
573415,573442,573459,17,27
573415,573451,573459,8,36
573415,573451,573458,7,36
573415,573456,573458,2,41
573415,573456,573460,4,41
573415,573438,573460,22,23
573415,573456,573459,3,41
573415,573456,573460,4,41
573415,573454,573461,7,39
573415,573457,573463,6,42
573415,573442,573462,20,27
573415,573453,573473,20,38
573415,573455,573489,34,40
573415,573439,573491,52,24
572488,572501,573491,990,13
571940,571957,573495,1538,17
573415,573443,573491,48,28
573519,573519,573523,4,0
573519,573519,573523,4,0
573519,573519,573523,4,0
573519,573519,573524,5,0
573519,573519,573524,5,0
573519,573519,573524,5,0
573519,573519,573524,5,0
573519,573519,573524,5,0
573519,573519,573525,6,0
573519,573519,573527,8,0
573519,573519,573527,8,0
573519,573524,573527,3,5
573519,573523,573527,4,4
573519,573519,573527,8,0
573519,573519,573527,8,0
573519,573523,573527,4,4
573519,573525,573528,3,6
573519,573525,573528,3,6
573519,573519,573529,10,0
573519,573519,573529,10,0
573519,573524,573529,5,5
573519,573525,573529,4,6
573519,573525,573529,4,6
573519,573528,573530,2,9
573519,573527,573532,5,8
573519,573529,573531,2,10
573519,573527,573531,4,8
573519,573519,573533,14,0
573519,573519,573532,13,0
573519,573528,573533,5,9
573519,573529,573532,3,10
573519,573529,573532,3,10
573519,573527,573533,6,8
573519,573529,573533,4,10
573519,573529,573533,4,10
573519,573519,573533,14,0
573519,573519,573534,15,0
573519,573531,573533,2,12
573519,573526,573534,8,7
573519,573519,573535,16,0
573519,573525,573534,9,6
573519,573519,573534,15,0
573519,573519,573535,16,0
573519,573528,573534,6,9
573519,573527,573535,8,8
573519,573532,573535,3,13
573519,573532,573535,3,13
573519,573532,573534,2,13
573519,573519,573535,16,0
573519,573533,573536,3,14
573519,573533,573536,3,14
573519,573534,573536,2,15
573519,573533,573536,3,14
573519,573533,573536,3,14
573519,573529,573537,8,10
573519,573529,573537,8,10
573519,573534,573537,3,15
573519,573533,573538,5,14
573519,573535,573539,4,16
573519,573536,573539,3,17
573519,573537,573539,2,18
573519,573535,573539,4,16
573519,573536,573540,4,17
573519,573535,573540,5,16
573519,573537,573540,3,18
573519,573535,573541,6,16
573519,573535,573541,6,16
573519,573537,573541,4,18
573519,573535,573541,6,16
573519,573533,573537,4,14
573519,573535,573542,7,16
573519,573519,573538,19,0
573519,573534,573538,4,15
573519,573539,573543,4,20
573519,573540,573543,3,21
573519,573519,573538,19,0
573519,573539,573545,6,20
573519,573533,573547,14,14
573519,573544,573547,3,25
573519,573541,573547,6,22
573519,573544,573547,3,25
573519,573538,573547,9,19
573519,573542,573549,7,23
573519,573534,573549,15,15
573519,573542,573549,7,23
573519,573541,573549,8,22
573519,573541,573549,8,22
573519,573548,573551,3,29
573519,573535,573550,15,16
573519,573543,573551,8,24
573519,573548,573551,3,29
573519,573548,573551,3,29
573519,573546,573552,6,27
573519,573541,573552,11,22
573519,573550,573553,3,31
573519,573536,573552,16,17
573519,573548,573552,4,29
573519,573551,573553,2,32
573519,573540,573552,12,21
573519,573549,573552,3,30
573519,573550,573552,2,31
573519,573535,573553,18,16
573519,573550,573553,3,31
573519,573535,573554,19,16
573519,573544,573554,10,25
573519,573550,573554,4,31
573519,573552,573554,2,33
573519,573553,573555,2,34
573519,573553,573555,2,34
573519,573547,573553,6,28
573519,573552,573554,2,33
573519,573553,573556,3,34
573519,573553,573556,3,34
573519,573553,573555,2,34
573519,573553,573555,2,34
573519,573554,573556,2,35
573519,573555,573557,2,36
573519,573555,573557,2,36
573519,573555,573557,2,36
573519,573552,573556,4,33
573519,573555,573557,2,36
573519,573542,573558,16,23
573519,573555,573559,4,36
573519,573556,573558,2,37
573519,573556,573559,3,37
573519,573538,573559,21,19
573519,573537,573559,22,18
573519,573542,573560,18,23
573519,573551,573560,9,32
573519,573553,573559,6,34
573519,573543,573560,17,24
573519,573552,573559,7,33
573519,573537,573562,25,18
573519,573542,573562,20,23
573519,573553,573564,11,34
573519,573554,573563,9,35
573519,573555,573563,8,36
573519,573555,573563,8,36
573519,573555,573563,8,36
573519,573556,573563,7,37
572631,572644,573618,974,13
573620,573620,573623,3,0
573620,573620,573624,4,0
573620,573620,573624,4,0
573620,573620,573624,4,0
573620,573620,573623,3,0
573620,573620,573625,5,0
573620,573620,573625,5,0
573620,573620,573626,6,0
573620,573620,573626,6,0
573620,573624,573627,3,4
573620,573623,573628,5,3
573620,573624,573627,3,4
573620,573624,573629,5,4
573620,573624,573628,4,4
573620,573626,573630,4,6
573620,573625,573630,5,5
573620,573627,573630,3,7
573620,573626,573631,5,6
573620,573628,573631,3,8
573620,573626,573632,6,6
573620,573628,573632,4,8
573620,573620,573633,13,0
573620,573629,573633,4,9
573620,573630,573633,3,10
573620,573630,573632,2,10
573620,573620,573633,13,0
573620,573620,573633,13,0
573620,573620,573633,13,0
573620,573629,573633,4,9
573620,573620,573634,14,0
573620,573631,573633,2,11
573620,573632,573634,2,12
573620,573631,573634,3,11
573620,573632,573635,3,12
573620,573633,573635,2,13
573620,573635,573636,1,15
573620,573635,573637,2,15
573620,573620,573637,17,0
573620,573633,573637,4,13
573620,573620,573637,17,0
573620,573630,573636,6,10
573620,573634,573637,3,14
573620,573633,573637,4,13
573620,573633,573637,4,13
573620,573636,573637,1,16
573620,573634,573638,4,14
573620,573635,573638,3,15
573620,573637,573638,1,17
573620,573637,573639,2,17
573620,573620,573639,19,0
573620,573620,573639,19,0
573620,573634,573638,4,14
573620,573635,573639,4,15
573620,573638,573640,2,18
573620,573637,573639,2,17
573620,573637,573640,3,17
573620,573620,573641,21,0
573620,573637,573641,4,17
573620,573634,573641,7,14
573620,573637,573640,3,17
573620,573620,573641,21,0
573620,573637,573641,4,17
573620,573620,573641,21,0
573620,573637,573642,5,17
573620,573620,573643,23,0
573620,573634,573642,8,14
573620,573620,573645,25,0
573620,573637,573647,10,17
573620,573620,573654,34,0
573620,573620,573663,43,0
572762,572775,573729,954,13
573730,573730,573733,3,0
573730,573730,573734,4,0
573730,573730,573734,4,0
573730,573730,573734,4,0
573730,573730,573734,4,0
573730,573731,573734,3,1
573730,573731,573734,3,1
573730,573730,573735,5,0
573730,573731,573735,4,1
573730,573730,573736,6,0
573730,573730,573737,7,0
572238,572252,573737,1485,14
573730,573734,573737,3,4
573730,573735,573738,3,5
573730,573735,573737,2,5
573730,573735,573738,3,5
573730,573735,573738,3,5
572251,572270,573739,1469,19
573730,573735,573739,4,5
573730,573736,573739,3,6
573730,573735,573739,4,5
573730,573736,573739,3,6
573730,573738,573740,2,8
573730,573738,573741,3,8
573730,573738,573740,2,8
573730,573736,573741,5,6
573730,573739,573741,2,9
573730,573739,573741,2,9
573730,573730,573742,12,0
573730,573740,573742,2,10
573730,573740,573742,2,10
573730,573740,573742,2,10
573730,573741,573743,2,11
573730,573740,573743,3,10
573730,573741,573743,2,11
573730,573730,573743,13,0
573730,573742,573744,2,12
573730,573742,573744,2,12
573730,573741,573743,2,11
573730,573730,573744,14,0
573730,573737,573744,7,7
573730,573738,573744,6,8
573730,573743,573745,2,13
573730,573743,573745,2,13
573730,573743,573745,2,13
573730,573743,573745,2,13
573730,573744,573746,2,14
573730,573744,573746,2,14
573730,573743,573745,2,13
573730,573730,573746,16,0
573730,573743,573746,3,13
573730,573745,573747,2,15
573730,573730,573744,14,0
573730,573744,573747,3,14
573730,573745,573747,2,15
573730,573743,573746,3,13
573730,573742,573748,6,12
573730,573745,573748,3,15
573730,573746,573748,2,16
573730,573731,573749,18,1
573730,573731,573749,18,1
573730,573740,573749,9,10
573738,573746,573750,4,8
573738,573746,573750,4,8
573730,573745,573750,5,15
573730,573730,573750,20,0
573738,573746,573750,4,8
573738,573747,573751,4,9
573738,573747,573751,4,9
573738,573747,573752,5,9
573738,573747,573751,4,9
573738,573749,573753,4,11
573730,573730,573749,19,0
573730,573730,573752,22,0
573738,573750,573754,4,12
573730,573744,573754,10,14
573738,573747,573755,8,9
573738,573751,573754,3,13
573738,573751,573755,4,13
573730,573730,573755,25,0
573730,573745,573755,10,15
573738,573750,573756,6,12
573738,573750,573756,6,12
573738,573749,573756,7,11
573738,573752,573757,5,14
573738,573754,573757,3,16
573738,573752,573757,5,14
573738,573750,573758,8,12
573738,573751,573757,6,13
573738,573752,573757,5,14
573738,573756,573760,4,18
573738,573757,573760,3,19
573738,573757,573760,3,19
573738,573754,573760,6,16
573738,573747,573760,13,9
573738,573758,573760,2,20
573738,573757,573760,3,19
573738,573750,573762,12,12
573738,573751,573762,11,13
573738,573758,573762,4,20
573738,573757,573763,6,19
573738,573760,573763,3,22
573738,573760,573763,3,22
573738,573761,573763,2,23
573738,573755,573763,8,17
573738,573755,573763,8,17
573738,573761,573763,2,23
573738,573758,573763,5,20
573738,573757,573764,7,19
573738,573749,573765,16,11
573738,573754,573764,10,16
573738,573763,573765,2,25
573738,573761,573765,4,23
573738,573763,573765,2,25
573730,573730,573766,36,0
573738,573755,573766,11,17
573738,573763,573766,3,25
573738,573763,573766,3,25
573738,573764,573766,2,26
573738,573764,573766,2,26
573738,573764,573766,2,26
573738,573763,573767,4,25
573738,573763,573766,3,25
573738,573766,573767,1,28
573738,573763,573767,4,25
573730,573730,573768,38,0
573738,573748,573768,20,10
573738,573765,573769,4,27
573738,573766,573769,3,28
573738,573765,573769,4,27
573738,573761,573769,8,23
573738,573766,573770,4,28
573740,573767,573770,3,27
573740,573767,573770,3,27
573738,573761,573771,10,23
573738,573755,573771,16,17
573738,573766,573770,4,28
573740,573767,573771,4,27
573740,573768,573771,3,28
573740,573767,573771,4,27
573738,573765,573772,7,27
573738,573764,573773,9,26
573740,573770,573774,4,30
573740,573768,573775,7,28
573740,573771,573775,4,31
573740,573771,573776,5,31
573740,573767,573776,9,27
573740,573772,573776,4,32
573740,573772,573776,4,32
573738,573754,573771,17,16
573740,573772,573777,5,32
573738,573756,573772,16,18
573740,573769,573779,10,29
573740,573770,573780,10,30
573740,573774,573780,6,34
573740,573771,573781,10,31
573740,573776,573782,6,36
573740,573777,573781,4,37
573730,573730,573777,47,0
573740,573769,573782,13,29
573740,573776,573785,9,36
573740,573780,573785,5,40
573740,573767,573785,18,27
573740,573782,573785,3,42
573740,573782,573785,3,42
573740,573781,573786,5,41
573740,573768,573786,18,28
573740,573777,573786,9,37
573740,573777,573786,9,37
573740,573781,573786,5,41
573740,573775,573786,11,35
573740,573783,573788,5,43
573740,573785,573788,3,45
573740,573787,573789,2,47
573740,573785,573788,3,45
573740,573786,573789,3,46
573740,573786,573789,3,46
573740,573787,573789,2,47
573740,573787,573789,2,47
573740,573786,573789,3,46
573738,573756,573786,30,18
573740,573789,573791,2,49
573740,573786,573791,5,46
573740,573771,573790,19,31
573740,573773,573790,17,33
573740,573787,573791,4,47
573740,573788,573791,3,48
573740,573781,573791,10,41
573740,573790,573792,2,50
573740,573788,573792,4,48
573740,573789,573792,3,49
573740,573789,573792,3,49
573740,573789,573792,3,49
573740,573791,573793,2,51
573740,573790,573793,3,50
573740,573771,573793,22,31
573740,573768,573791,23,28
573740,573778,573793,15,38
573740,573791,573794,3,51
573738,573766,573790,24,28
573740,573791,573795,4,51
573740,573790,573795,5,50
573740,573774,573796,22,34
573740,573791,573795,4,51
573740,573791,573796,5,51
573740,573787,573798,11,47
573740,573769,573799,30,29
573740,573782,573799,17,42
573740,573777,573800,23,37
573740,573776,573803,27,36
573740,573791,573803,12,51
572829,572841,573812,971,12
573740,573790,573813,23,50
573836,573836,573840,4,0
573836,573837,573840,3,1
573836,573836,573841,5,0
573836,573836,573841,5,0
573836,573836,573841,5,0
573836,573836,573841,5,0
573836,573836,573841,5,0
573836,573837,573841,4,1
573836,573836,573842,6,0
573836,573836,573844,8,0
573836,573836,573844,8,0
573836,573841,573844,3,5
573836,573841,573844,3,5
573836,573837,573845,8,1
573836,573842,573845,3,6
573836,573842,573845,3,6
573836,573837,573846,9,1
573836,573842,573846,4,6
573836,573843,573846,3,7
573836,573842,573847,5,6
573836,573842,573847,5,6
573836,573842,573847,5,6
573836,573845,573847,2,9
573836,573845,573848,3,9
573836,573846,573848,2,10
573836,573846,573848,2,10
573836,573845,573849,4,9
573836,573847,573849,2,11
573836,573848,573850,2,12
573836,573845,573850,5,9
573836,573836,573850,14,0
573836,573847,573850,3,11
573836,573836,573850,14,0
573836,573847,573851,4,11
573836,573847,573850,3,11
573836,573847,573851,4,11
573836,573849,573851,2,13
573836,573837,573851,14,1
573836,573850,573852,2,14
573836,573847,573851,4,11
573836,573849,573851,2,13
573836,573849,573851,2,13
573836,573850,573852,2,14
573836,573837,573852,15,1
573836,573851,573853,2,15
573836,573851,573853,2,15
573836,573850,573854,4,14
573836,573837,573853,16,1
573836,573852,573854,2,16
573836,573851,573853,2,15
573836,573852,573854,2,16
573836,573851,573854,3,15
573836,573846,573854,8,10
573836,573851,573854,3,15
573836,573851,573854,3,15
573836,573852,573854,2,16
573836,573852,573854,2,16
573836,573852,573854,2,16
573836,573853,573855,2,17
573836,573851,573855,4,15
573836,573836,573858,22,0
573836,573837,573853,16,1
573836,573837,573858,21,1
573836,573852,573859,7,16
573836,573853,573860,7,17
573836,573851,573863,12,15
573836,573837,573865,28,1
573836,573836,573865,29,0
573836,573859,573872,13,23
573836,573859,573878,19,23
572986,572999,574003,1004,13
574004,574005,574007,2,1
574004,574005,574008,3,1
574004,574005,574008,3,1
574004,574005,574009,4,1
574004,574005,574009,4,1
574004,574005,574009,4,1
574004,574005,574009,4,1
574004,574005,574010,5,1
574004,574005,574011,6,1
574004,574005,574010,5,1
574004,574008,574011,3,4
574004,574005,574011,6,1
574004,574009,574012,3,5
574004,574005,574012,7,1
574004,574010,574013,3,6
574004,574010,574013,3,6
574004,574009,574012,3,5
574004,574009,574012,3,5
574004,574010,574013,3,6
574004,574011,574014,3,7
574004,574012,574014,2,8
574004,574005,574015,10,1
574004,574011,574015,4,7
574004,574011,574015,4,7
574004,574013,574015,2,9
574004,574013,574015,2,9
574004,574013,574015,2,9
574004,574013,574015,2,9
574004,574012,574016,4,8
574004,574011,574017,6,7
574004,574014,574016,2,10
574004,574005,574016,11,1
574004,574015,574017,2,11
574004,574015,574017,2,11
574004,574016,574018,2,12
574004,574013,574018,5,9
574004,574017,574019,2,13
574004,574005,574018,13,1
574004,574016,574018,2,12
574004,574016,574018,2,12
574004,574016,574018,2,12
574004,574017,574019,2,13
574004,574005,574020,15,1
574004,574005,574019,14,1
574004,574016,574020,4,12
574004,574016,574019,3,12
574004,574016,574019,3,12
574004,574018,574020,2,14
574004,574018,574020,2,14
574004,574017,574021,4,13
574004,574005,574020,15,1
574004,574019,574021,2,15
574004,574017,574021,4,13
574004,574005,574021,16,1
574004,574019,574021,2,15
574004,574019,574021,2,15
574004,574019,574021,2,15
574004,574019,574021,2,15
574004,574005,574022,17,1
574004,574019,574022,3,15
574004,574020,574024,4,16
573036,573059,574024,965,23
574004,574017,574021,4,13
574004,574005,574026,21,1
574004,574019,574027,8,15
574004,574005,574029,24,1
572547,572561,574030,1469,14
574004,574020,574030,10,16
574027,574027,574031,4,0
574027,574027,574031,4,0
574027,574027,574031,4,0
574027,574027,574031,4,0
574027,574027,574031,4,0
574027,574027,574032,5,0
574027,574027,574032,5,0
574027,574027,574032,5,0
574027,574027,574034,7,0
574027,574032,574034,2,5
574027,574032,574034,2,5
574027,574032,574034,2,5
574027,574032,574034,2,5
574027,574032,574034,2,5
574027,574033,574035,2,6
574027,574033,574035,2,6
574004,574005,574035,30,1
574027,574033,574036,3,6
574027,574035,574037,2,8
574027,574027,574037,10,0
574027,574035,574037,2,8
574027,574035,574037,2,8
574027,574035,574037,2,8
574027,574035,574037,2,8
574027,574036,574038,2,9
574027,574031,574037,6,4
574027,574036,574038,2,9
574004,574005,574038,33,1
574027,574027,574039,12,0
574027,574035,574039,4,8
574027,574037,574039,2,10
574027,574037,574039,2,10
574027,574038,574040,2,11
574004,574005,574040,35,1
574027,574029,574040,11,2
574027,574038,574040,2,11
574027,574038,574040,2,11
574027,574036,574041,5,9
574027,574038,574040,2,11
574027,574038,574040,2,11
574027,574040,574042,2,13
574027,574039,574041,2,12
574027,574040,574042,2,13
574027,574037,574042,5,10
574027,574040,574042,2,13
574027,574041,574043,2,14
574027,574040,574043,3,13
574004,574020,574043,23,16
574027,574041,574043,2,14
574027,574041,574043,2,14
574027,574042,574044,2,15
574027,574041,574043,2,14
574027,574042,574044,2,15
574027,574027,574044,17,0
574027,574039,574044,5,12
574027,574042,574044,2,15
574027,574043,574045,2,16
574027,574043,574045,2,16
574027,574027,574046,19,0
574027,574044,574046,2,17
574027,574027,574046,19,0
574032,574044,574046,2,12
574032,574044,574047,3,12
574027,574043,574047,4,16
574032,574044,574047,3,12
574032,574045,574049,4,13
574032,574044,574048,4,12
574032,574045,574049,4,13
574032,574046,574050,4,14
574027,574030,574050,20,3
574032,574045,574051,6,13
574032,574047,574051,4,15
574032,574048,574052,4,16
574027,574027,574052,25,0
574032,574047,574052,5,15
574027,574027,574052,25,0
574032,574047,574053,6,15
574027,574027,574053,26,0
574027,574044,574053,9,17
574027,574027,574054,27,0
574027,574041,574055,14,14
574032,574049,574054,5,17
574032,574049,574055,6,17
574032,574045,574055,10,13
574032,574047,574057,10,15
574032,574050,574058,8,18
574032,574053,574058,5,21
574027,574041,574056,15,14
574027,574041,574058,17,14
574027,574038,574059,21,11
574027,574039,574059,20,12
574032,574055,574060,5,23
574032,574050,574060,10,18
574032,574055,574060,5,23
574032,574052,574060,8,20
574032,574055,574061,6,23
574032,574052,574061,9,20
574032,574058,574061,3,26
574032,574058,574062,4,26
574032,574058,574061,3,26
574032,574060,574063,3,28
574032,574060,574063,3,28
574032,574054,574063,9,22
574032,574062,574064,2,30
574032,574061,574064,3,29
574032,574061,574064,3,29
574032,574062,574065,3,30
574032,574063,574065,2,31
574032,574054,574065,11,22
574032,574048,574065,17,16
574032,574055,574065,10,23
574032,574060,574066,6,28
574032,574064,574066,2,32
574032,574063,574066,3,31
574032,574064,574067,3,32
574032,574066,574067,1,34
574032,574065,574067,2,33
574032,574065,574067,2,33
574032,574066,574068,2,34
574032,574067,574069,2,35
574032,574053,574069,16,21
574032,574060,574069,9,28
574032,574061,574069,8,29
574032,574047,574064,17,15
574032,574060,574066,6,28
574032,574052,574069,17,20
574032,574060,574068,8,28
574032,574068,574070,2,36
574032,574068,574070,2,36
574032,574066,574070,4,34
574032,574066,574070,4,34
574032,574068,574071,3,36
574032,574056,574067,11,24
574032,574053,574067,14,21
574032,574068,574071,3,36
574032,574068,574071,3,36
574027,574027,574071,44,0
574032,574061,574072,11,29
574032,574064,574076,12,32
573102,573118,574078,960,16
574032,574060,574081,21,28
574032,574051,574082,31,19
574032,574066,574084,18,34
574032,574053,574084,31,21
574032,574066,574088,22,34
572611,572624,574104,1480,13
574105,574105,574108,3,0
574105,574105,574108,3,0
574105,574105,574109,4,0
574105,574105,574109,4,0
574105,574105,574110,5,0
574105,574105,574110,5,0
574105,574105,574110,5,0
574105,574109,574112,3,4
574105,574109,574113,4,4
574105,574110,574114,4,5
574105,574111,574114,3,6
574105,574111,574114,3,6
574105,574105,574115,10,0
574105,574105,574115,10,0
574105,574111,574115,4,6
574105,574105,574116,11,0
573131,573146,574116,970,15
574105,574105,574117,12,0
574105,574105,574116,11,0
574105,574113,574116,3,8
574105,574114,574117,3,9
574105,574114,574117,3,9
574105,574115,574118,3,10
574105,574105,574119,14,0
574105,574117,574119,2,12
574105,574117,574119,2,12
574105,574116,574120,4,11
574105,574105,574121,16,0
574105,574105,574120,15,0
574105,574115,574120,5,10
574105,574118,574120,2,13
574105,574118,574121,3,13
574105,574118,574120,2,13
574105,574105,574121,16,0
574105,574105,574122,17,0
574105,574105,574122,17,0
574105,574117,574122,5,12
574105,574120,574122,2,15
574105,574120,574122,2,15
574105,574120,574123,3,15
574105,574121,574123,2,16
574105,574110,574123,13,5
574105,574121,574123,2,16
574105,574121,574123,2,16
574105,574121,574123,2,16
574105,574105,574124,19,0
574105,574105,574124,19,0
574105,574105,574125,20,0
574105,574117,574124,7,12
574105,574123,574125,2,18
574105,574123,574125,2,18
574105,574117,574126,9,12
574105,574123,574126,3,18
574105,574105,574124,19,0
574105,574122,574127,5,17
574105,574124,574126,2,19
574105,574124,574127,3,19
574105,574124,574126,2,19
574105,574124,574126,2,19
574105,574105,574127,22,0
574105,574122,574127,5,17
574105,574123,574127,4,18
574105,574124,574128,4,19
573133,573165,574128,963,32
574105,574125,574129,4,20
574105,574121,574129,8,16
574105,574126,574131,5,21
574105,574116,574126,10,11
574105,574105,574128,23,0
574105,574105,574132,27,0
574105,574127,574132,5,22
574105,574127,574132,5,22
574105,574127,574131,4,22
574105,574129,574132,3,24
574105,574128,574132,4,23
574105,574121,574128,7,16
574105,574129,574132,3,24
574105,574126,574132,6,21
574105,574127,574133,6,22
574105,574123,574133,10,18
574105,574116,574133,17,11
574105,574131,574134,3,26
574105,574126,574134,8,21
574105,574125,574134,9,20
574105,574132,574135,3,27
574105,574132,574134,2,27
574105,574132,574135,3,27
574105,574132,574134,2,27
574105,574130,574135,5,25
574105,574133,574135,2,28
574105,574119,574135,16,14
574105,574105,574129,24,0
574105,574132,574136,4,27
574105,574133,574136,3,28
574105,574133,574136,3,28
574105,574134,574136,2,29
574105,574135,574137,2,30
574105,574135,574138,3,30
574105,574135,574138,3,30
574105,574136,574138,2,31
574105,574136,574138,2,31
574105,574127,574139,12,22
574105,574137,574139,2,32
574105,574134,574139,5,29
574105,574135,574139,4,30
574105,574137,574139,2,32
574105,574136,574139,3,31
574105,574135,574139,4,30
574105,574136,574140,4,31
574105,574138,574140,2,33
574105,574131,574141,10,26
574105,574138,574141,3,33
574105,574139,574141,2,34
574105,574138,574140,2,33
574105,574139,574141,2,34
574105,574127,574139,12,22
574105,574139,574141,2,34
574105,574140,574142,2,35
574105,574139,574143,4,34
574105,574139,574143,4,34
574105,574139,574143,4,34
574105,574141,574143,2,36
574105,574134,574143,9,29
574105,574125,574143,18,20
574105,574125,574144,19,20
574105,574141,574144,3,36
574105,574141,574143,2,36
574105,574141,574144,3,36
574105,574132,574145,13,27
574105,574136,574140,4,31
574105,574134,574145,11,29
574105,574140,574145,5,35
574105,574128,574146,18,23
574105,574125,574145,20,20
574105,574131,574146,15,26
574105,574141,574146,5,36
574132,574143,574146,3,11
574132,574142,574146,4,10
574132,574144,574148,4,12
574105,574136,574148,12,31
574105,574136,574149,13,31
574132,574145,574149,4,13
574132,574144,574149,5,12
574105,574128,574150,22,23
574132,574144,574149,5,12
574132,574143,574150,7,11
574132,574143,574150,7,11
574132,574147,574150,3,15
574132,574147,574150,3,15
574132,574148,574151,3,16
574132,574147,574152,5,15
574132,574150,574152,2,18
574132,574146,574153,7,14
574105,574128,574153,25,23
574132,574150,574153,3,18
574132,574150,574153,3,18
574132,574142,574153,11,10
574132,574151,574153,2,19
574132,574151,574153,2,19
574132,574143,574153,10,11
574132,574144,574154,10,12
574132,574152,574154,2,20
574132,574151,574154,3,19
574132,574151,574154,3,19
574105,574136,574154,18,31
574132,574153,574155,2,21
574132,574153,574156,3,21
574132,574149,574156,7,17
574132,574154,574156,2,22
574132,574154,574156,2,22
574132,574154,574157,3,22
574132,574154,574157,3,22
574132,574146,574156,10,14
574132,574155,574157,2,23
574132,574155,574157,2,23
574132,574155,574158,3,23
574132,574150,574157,7,18
574132,574153,574157,4,21
574132,574154,574158,4,22
574132,574149,574158,9,17
574132,574154,574158,4,22
574132,574156,574158,2,24
574132,574156,574158,2,24
574132,574157,574159,2,25
574132,574157,574159,2,25
574132,574158,574160,2,26
574132,574157,574159,2,25
574132,574157,574159,2,25
574132,574144,574161,17,12
574132,574153,574158,5,21
574132,574155,574162,7,23
574132,574159,574162,3,27
574132,574159,574162,3,27
574132,574158,574162,4,26
574132,574158,574162,4,26
574132,574146,574162,16,14
574132,574145,574162,17,13
574132,574160,574162,2,28
574132,574160,574162,2,28
574132,574158,574163,5,26
574132,574158,574163,5,26
574134,574160,574163,3,26
574134,574160,574164,4,26
574132,574145,574165,20,13
574105,574141,574165,24,36
574132,574157,574166,9,25
574132,574158,574165,7,26
574134,574162,574167,5,28
574134,574163,574167,4,29
574134,574163,574168,5,29
574132,574146,574167,21,14
574132,574159,574167,8,27
574132,574159,574167,8,27
574134,574162,574168,6,28
574132,574146,574168,22,14
574132,574154,574167,13,22
574134,574161,574170,9,27
574134,574164,574170,6,30
574134,574164,574171,7,30
574132,574144,574171,27,12
574134,574167,574171,4,33
574134,574168,574171,3,34
574134,574164,574171,7,30
574134,574168,574171,3,34
574134,574168,574171,3,34
574134,574162,574173,11,28
574134,574170,574173,3,36
574132,574156,574173,17,24
574134,574162,574174,12,28
574134,574171,574173,2,37
574134,574162,574173,11,28
574134,574171,574174,3,37
574134,574171,574174,3,37
574134,574172,574175,3,38
574134,574166,574174,8,32
574134,574164,574175,11,30
574134,574172,574175,3,38
574134,574172,574176,4,38
574134,574168,574175,7,34
574134,574173,574176,3,39
574134,574174,574177,3,40
574134,574174,574177,3,40
574134,574174,574177,3,40
574134,574175,574178,3,41
574134,574170,574178,8,36
574134,574166,574178,12,32
574134,574173,574178,5,39
574134,574162,574178,16,28
574134,574168,574178,10,34
574134,574174,574179,5,40
574134,574177,574179,2,43
574134,574176,574179,3,42
574134,574176,574179,3,42
574134,574176,574180,4,42
574134,574177,574179,2,43
574134,574178,574180,2,44
574134,574178,574180,2,44
574134,574169,574176,7,35
574134,574179,574182,3,45
574134,574178,574182,4,44
574134,574180,574182,2,46
574134,574168,574183,15,34
574134,574180,574182,2,46
574134,574171,574182,11,37
574134,574179,574183,4,45
574134,574181,574183,2,47
574134,574174,574183,9,40
574134,574180,574183,3,46
574134,574180,574183,3,46
574134,574180,574184,4,46
574134,574162,574185,23,28
574134,574165,574185,20,31
574134,574161,574186,25,27
574134,574173,574187,14,39
574134,574169,574187,18,35
574134,574178,574188,10,44
574134,574176,574185,9,42
574134,574175,574190,15,41
574134,574178,574190,12,44
574134,574165,574191,26,31
574134,574179,574193,14,45
574134,574179,574199,20,45
573386,573406,574342,936,20
574343,574344,574348,4,1
574343,574344,574348,4,1
574343,574344,574348,4,1
574343,574344,574349,5,1
574343,574344,574349,5,1
574343,574344,574349,5,1
574343,574344,574350,6,1
574343,574344,574350,6,1
574343,574348,574350,2,5
574343,574344,574351,7,1
574343,574349,574351,2,6
574343,574344,574352,8,1
574343,574350,574352,2,7
574343,574349,574352,3,6
573343,573368,574352,984,25
574343,574350,574352,2,7
574343,574350,574352,2,7
574343,574344,574353,9,1
574343,574344,574353,9,1
574343,574351,574353,2,8
574343,574344,574350,6,1
574343,574344,574355,11,1
574343,574351,574354,3,8
574343,574352,574354,2,9
574343,574353,574355,2,10
574343,574344,574355,11,1
574343,574353,574355,2,10
574343,574353,574355,2,10
574343,574353,574355,2,10
574343,574344,574352,8,1
574343,574344,574356,12,1
574343,574353,574357,4,10
574343,574354,574356,2,11
574343,574354,574357,3,11
574343,574351,574357,6,8
574343,574352,574357,5,9
574343,574355,574357,2,12
574343,574356,574358,2,13
574343,574355,574358,3,12
574343,574355,574358,3,12
574343,574354,574358,4,11
574343,574344,574359,15,1
574343,574356,574358,2,13
574343,574356,574359,3,13
574343,574356,574358,2,13
574343,574353,574359,6,10
574343,574344,574359,15,1
574343,574357,574359,2,14
574343,574358,574360,2,15
574343,574355,574360,5,12
574343,574358,574361,3,15
574343,574359,574361,2,16
574343,574358,574361,3,15
574343,574344,574361,17,1
574343,574357,574361,4,14
574343,574359,574361,2,16
574343,574359,574362,3,16
574343,574359,574361,2,16
574343,574359,574363,4,16
574343,574357,574363,6,14
574343,574358,574364,6,15
574353,574360,574365,5,7
574343,574359,574365,6,16
574353,574361,574366,5,8
574343,574359,574365,6,16
574343,574356,574362,6,13
574343,574359,574366,7,16
574353,574362,574367,5,9
574353,574361,574366,5,8
574353,574362,574367,5,9
574353,574362,574368,6,9
574343,574356,574367,11,13
574353,574367,574369,2,14
574353,574362,574370,8,9
574353,574367,574370,3,14
574353,574365,574369,4,12
574353,574368,574370,2,15
574353,574368,574371,3,15
574343,574344,574372,28,1
574353,574366,574371,5,13
574353,574361,574372,11,8
574353,574370,574372,2,17
574343,574344,574372,28,1
574353,574368,574372,4,15
574353,574370,574373,3,17
574353,574370,574373,3,17
574353,574370,574372,2,17
574343,574344,574369,25,1
574353,574360,574369,9,7
574353,574371,574373,2,18
574353,574362,574373,11,9
574353,574366,574373,7,13
574353,574371,574374,3,18
574353,574372,574374,2,19
574353,574367,574375,8,14
574353,574362,574376,14,9
574353,574372,574375,3,19
574353,574365,574376,11,12
574353,574374,574376,2,21
574353,574373,574376,3,20
574353,574373,574376,3,20
574353,574373,574376,3,20
574343,574344,574376,32,1
574353,574374,574376,2,21
574353,574374,574377,3,21
574343,574344,574377,33,1
574353,574366,574378,12,13
574353,574372,574378,6,19
574353,574374,574378,4,21
574353,574376,574378,2,23
574353,574364,574378,14,11
574353,574376,574379,3,23
574353,574376,574379,3,23
574353,574376,574379,3,23
574353,574377,574379,2,24
574353,574377,574380,3,24
574353,574376,574381,5,23
574353,574378,574380,2,25
574353,574376,574381,5,23
574353,574376,574381,5,23
574353,574375,574378,3,22
574353,574379,574382,3,26
574353,574379,574382,3,26
574353,574380,574382,2,27
574353,574380,574382,2,27
574353,574372,574382,10,19
574353,574374,574382,8,21
574353,574378,574382,4,25
574353,574380,574383,3,27
574353,574372,574383,11,19
574353,574376,574383,7,23
574353,574378,574384,6,25
574353,574372,574385,13,19
574353,574363,574385,22,10
574353,574374,574388,14,21
574353,574378,574389,11,25
574353,574379,574390,11,26
574353,574378,574391,13,25
574353,574362,574393,31,9
574353,574374,574396,22,21
574353,574367,574398,31,14
573548,573556,574494,938,8
574494,574494,574498,4,0
574494,574494,574498,4,0
574494,574494,574499,5,0
574494,574494,574498,4,0
574494,574494,574499,5,0
574494,574494,574499,5,0
574494,574494,574499,5,0
574494,574494,574500,6,0
574494,574494,574500,6,0
573549,573557,574500,943,8
574494,574494,574499,5,0
574494,574494,574499,5,0
574494,574494,574499,5,0
574494,574498,574500,2,4
574494,574494,574501,7,0
574494,574494,574502,8,0
574494,574494,574502,8,0
574494,574499,574503,4,5
574494,574499,574502,3,5
574494,574500,574502,2,6
574494,574494,574503,9,0
574494,574494,574502,8,0
574494,574500,574503,3,6
574494,574500,574503,3,6
574494,574500,574503,3,6
574494,574500,574503,3,6
574494,574500,574503,3,6
574494,574500,574503,3,6
574494,574494,574504,10,0
574494,574500,574504,4,6
574494,574500,574504,4,6
574494,574500,574504,4,6
574494,574501,574505,4,7
574494,574498,574505,7,4
574494,574503,574505,2,9
574494,574494,574505,11,0
574494,574503,574506,3,9
574494,574503,574506,3,9
574494,574503,574505,2,9
574494,574503,574506,3,9
574494,574503,574506,3,9
574494,574503,574506,3,9
574494,574494,574504,10,0
574494,574503,574507,4,9
574494,574503,574507,4,9
574494,574494,574507,13,0
574494,574506,574508,2,12
574494,574504,574507,3,10
574494,574506,574508,2,12
574494,574506,574509,3,12
574494,574506,574509,3,12
574494,574506,574509,3,12
574494,574506,574509,3,12
574494,574507,574509,2,13
574494,574507,574510,3,13
574494,574494,574510,16,0
574494,574494,574507,13,0
574494,574494,574508,14,0
574494,574507,574512,5,13
574494,574502,574512,10,8
574494,574504,574512,8,10
574494,574504,574512,8,10
574494,574503,574511,8,9
574494,574505,574513,8,11
574502,574509,574513,4,7
574494,574506,574513,7,12
574494,574494,574514,20,0
574494,574502,574514,12,8
574494,574504,574514,10,10
574494,574506,574514,8,12
574502,574510,574515,5,8
574502,574509,574514,5,7
574502,574509,574515,6,7
574502,574509,574515,6,7
574502,574510,574515,5,8
574502,574514,574516,2,12
574502,574510,574515,5,8
574502,574511,574515,4,9
574502,574510,574516,6,8
574502,574512,574517,5,10
574502,574510,574517,7,8
574502,574515,574517,2,13
574502,574515,574517,2,13
574502,574515,574517,2,13
574502,574510,574518,8,8
574502,574516,574518,2,14
574502,574516,574518,2,14
574502,574516,574518,2,14
574502,574516,574518,2,14
574502,574512,574519,7,10
574502,574512,574519,7,10
574502,574516,574520,4,14
574502,574517,574520,3,15
574502,574518,574520,2,16
574502,574512,574520,8,10
574502,574512,574520,8,10
574502,574513,574520,7,11
574502,574518,574520,2,16
574502,574519,574521,2,17
574502,574511,574520,9,9
574502,574514,574520,6,12
574502,574517,574521,4,15
574502,574518,574520,2,16
574502,574519,574521,2,17
574502,574519,574521,2,17
574502,574519,574521,2,17
574502,574520,574522,2,18
574502,574517,574522,5,15
574502,574514,574522,8,12
574502,574520,574523,3,18
574502,574514,574523,9,12
574502,574514,574523,9,12
574502,574519,574523,4,17
574502,574521,574523,2,19
574502,574521,574523,2,19
574502,574522,574524,2,20
574502,574520,574524,4,18
574502,574521,574525,4,19
574502,574522,574524,2,20
574502,574522,574524,2,20
574502,574522,574524,2,20
574502,574522,574524,2,20
574502,574521,574525,4,19
574502,574523,574526,3,21
574502,574522,574526,4,20
574502,574520,574526,6,18
574502,574524,574526,2,22
574502,574524,574526,2,22
574502,574525,574527,2,23
574502,574521,574528,7,19
574502,574521,574528,7,19
574502,574521,574529,8,19
574502,574521,574529,8,19
574502,574520,574530,10,18
574494,574503,574527,24,9
574494,574507,574528,21,13
574502,574523,574528,5,21
574502,574524,574532,8,22
574502,574524,574532,8,22
574502,574514,574533,19,12
573024,573040,574540,1500,16
574502,574524,574544,20,22
574557,574557,574560,3,0
574557,574557,574561,4,0
574557,574557,574561,4,0
574557,574557,574562,5,0
574557,574557,574562,5,0
574557,574557,574562,5,0
574557,574557,574563,6,0
574557,574560,574563,3,3
574557,574557,574562,5,0
574557,574557,574564,7,0
574557,574557,574564,7,0
574557,574561,574564,3,4
574557,574557,574564,7,0
574557,574562,574565,3,5
574557,574561,574565,4,4
574557,574563,574565,2,6
574557,574564,574566,2,7
574557,574564,574566,2,7
574557,574564,574567,3,7
574557,574563,574567,4,6
574557,574564,574567,3,7
574557,574557,574568,11,0
574557,574566,574568,2,9
574557,574566,574569,3,9
574557,574566,574568,2,9
574557,574557,574569,12,0
574557,574557,574569,12,0
574557,574564,574569,5,7
574557,574567,574569,2,10
574557,574567,574569,2,10
574557,574557,574570,13,0
574557,574568,574570,2,11
574557,574568,574570,2,11
574557,574568,574571,3,11
574557,574569,574571,2,12
574557,574570,574572,2,13
574557,574569,574571,2,12
574557,574569,574571,2,12
574557,574563,574572,9,6
574557,574570,574572,2,13
574557,574557,574573,16,0
574557,574557,574573,16,0
574557,574564,574573,9,7
574557,574571,574573,2,14
574557,574571,574573,2,14
574557,574569,574574,5,12
574557,574572,574574,2,15
574557,574572,574574,2,15
574557,574572,574574,2,15
574557,574572,574574,2,15
574557,574573,574575,2,16
574557,574572,574575,3,15
574557,574574,574576,2,17
574557,574574,574577,3,17
574557,574574,574577,3,17
574557,574557,574574,17,0
574557,574557,574577,20,0
574557,574570,574578,8,13
574557,574572,574584,12,15
574557,574557,574584,27,0
574557,574557,574570,13,0
574557,574574,574585,11,17
574557,574574,574585,11,17
574557,574557,574589,32,0
574557,574557,574590,33,0
574557,574586,574590,4,29
574557,574586,574591,5,29
574557,574557,574582,25,0
574557,574592,574597,5,35
574557,574557,574597,40,0
573739,573767,574707,940,28
573734,573746,574709,963,12
574708,574708,574710,2,0
574708,574708,574712,4,0
574708,574710,574712,2,2
574708,574708,574711,3,0
574708,574709,574711,2,1
574708,574708,574712,4,0
574708,574708,574712,4,0
574708,574708,574712,4,0
574708,574708,574712,4,0
574708,574708,574713,5,0
574708,574708,574712,4,0
574708,574708,574713,5,0
574708,574708,574712,4,0
574708,574708,574713,5,0
574708,574708,574713,5,0
574708,574708,574713,5,0
574708,574712,574714,2,4
574708,574708,574715,7,0
574708,574713,574715,2,5
574708,574712,574715,3,4
574708,574712,574714,2,4
574708,574708,574716,8,0
574708,574708,574715,7,0
574708,574713,574715,2,5
574708,574713,574716,3,5
574708,574712,574716,4,4
574708,574713,574715,2,5
574708,574713,574715,2,5
574708,574714,574716,2,6
574708,574714,574716,2,6
574708,574708,574716,8,0
574708,574714,574716,2,6
574708,574715,574717,2,7
574708,574708,574718,10,0
574708,574708,574718,10,0
574708,574713,574717,4,5
574708,574713,574718,5,5
574708,574713,574718,5,5
574708,574713,574717,4,5
574708,574715,574718,3,7
574708,574715,574717,2,7
574708,574708,574718,10,0
574708,574716,574719,3,8
574708,574716,574718,2,8
574708,574717,574719,2,9
574708,574716,574719,3,8
574708,574716,574719,3,8
574708,574715,574719,4,7
574708,574717,574719,2,9
574708,574717,574720,3,9
574708,574717,574719,2,9
574708,574716,574720,4,8
574708,574718,574721,3,10
574708,574718,574721,3,10
574708,574708,574721,13,0
574708,574708,574722,14,0
574708,574719,574722,3,11
574708,574719,574722,3,11
574708,574716,574720,4,8
574708,574718,574722,4,10
574710,574719,574723,4,9
574710,574719,574723,4,9
574708,574718,574723,5,10
574708,574718,574723,5,10
574708,574718,574723,5,10
574710,574720,574725,5,10
574710,574720,574725,5,10
574710,574722,574725,3,12
574710,574722,574724,2,12
574710,574721,574725,4,11
574710,574720,574726,6,10
574710,574722,574726,4,12
574710,574720,574726,6,10
574710,574723,574726,3,13
574710,574723,574726,3,13
574708,574718,574722,4,10
574710,574721,574727,6,11
574710,574726,574727,1,16
574708,574718,574727,9,10
574710,574725,574727,2,15
574710,574725,574728,3,15
574710,574725,574728,3,15
574710,574725,574727,2,15
574710,574723,574728,5,13
574710,574726,574728,2,16
574710,574724,574728,4,14
574710,574726,574728,2,16
574710,574724,574729,5,14
574710,574724,574729,5,14
574710,574727,574729,2,17
574710,574727,574729,2,17
574710,574728,574730,2,18
574710,574728,574730,2,18
574708,574717,574726,9,9
574708,574716,574728,12,8
574710,574728,574730,2,18
574710,574728,574731,3,18
574710,574728,574731,3,18
574710,574728,574731,3,18
574710,574729,574731,2,19
574710,574722,574731,9,12
574710,574730,574732,2,20
574710,574730,574732,2,20
574710,574730,574732,2,20
574710,574729,574733,4,19
574710,574730,574732,2,20
574710,574731,574733,2,21
574710,574728,574733,5,18
574710,574731,574733,2,21
574710,574721,574734,13,11
574710,574729,574734,5,19
574710,574731,574734,3,21
574710,574731,574734,3,21
574710,574731,574734,3,21
574710,574727,574731,4,17
574708,574719,574733,14,11
574710,574729,574734,5,19
574710,574729,574734,5,19
574708,574708,574735,27,0
574710,574733,574735,2,23
574710,574728,574735,7,18
574710,574733,574736,3,23
574710,574733,574735,2,23
574710,574733,574735,2,23
574708,574708,574736,28,0
574710,574733,574736,3,23
574710,574734,574737,3,24
574710,574731,574734,3,21
574710,574730,574735,5,20
574710,574733,574737,4,23
574710,574726,574736,10,16
574710,574734,574737,3,24
574710,574734,574737,3,24
574710,574735,574737,2,25
574710,574734,574739,5,24
574710,574734,574739,5,24
574710,574735,574739,4,25
574710,574732,574740,8,22
574710,574734,574739,5,24
574710,574722,574744,22,12
573307,573324,574821,1497,17
574822,574822,574826,4,0
574822,574822,574827,5,0
574822,574822,574826,4,0
574822,574822,574826,4,0
574822,574822,574827,5,0
574822,574822,574827,5,0
574822,574822,574827,5,0
574822,574822,574827,5,0
574822,574822,574829,7,0
574822,574822,574828,6,0
574822,574822,574829,7,0
574822,574822,574828,6,0
574822,574822,574828,6,0
574822,574822,574829,7,0
574822,574822,574828,6,0
574822,574826,574828,2,4
574822,574827,574829,2,5
574822,574827,574829,2,5
574822,574827,574829,2,5
574822,574828,574830,2,6
574822,574829,574831,2,7
574822,574828,574830,2,6
574822,574828,574830,2,6
574822,574828,574831,3,6
574822,574822,574831,9,0
574822,574830,574832,2,8
574822,574829,574831,2,7
574822,574829,574832,3,7
574822,574829,574833,4,7
574822,574829,574832,3,7
574822,574831,574833,2,9
574822,574830,574832,2,8
574822,574830,574832,2,8
574822,574830,574832,2,8
574822,574822,574834,12,0
574822,574829,574833,4,7
574822,574829,574833,4,7
574822,574829,574833,4,7
574822,574831,574834,3,9
574822,574832,574834,2,10
574822,574831,574834,3,9
574822,574831,574833,2,9
574822,574833,574835,2,11
574822,574832,574834,2,10
574822,574822,574836,14,0
574822,574833,574835,2,11
574822,574833,574836,3,11
574822,574833,574835,2,11
574822,574833,574836,3,11
574822,574833,574837,4,11
574822,574833,574837,4,11
574822,574832,574836,4,10
573838,573853,574837,984,15
574822,574835,574837,2,13
574822,574834,574836,2,12
574822,574834,574837,3,12
574822,574834,574837,3,12
574822,574834,574836,2,12
574822,574835,574837,2,13
574822,574822,574838,16,0
574822,574834,574838,4,12
574822,574834,574838,4,12
574822,574822,574838,16,0
574822,574834,574838,4,12
574837,574838,574840,2,1
574837,574838,574840,2,1
574837,574838,574841,3,1
574837,574838,574841,3,1
574837,574838,574842,4,1
574837,574839,574843,4,2
574837,574839,574842,3,2
574837,574838,574842,4,1
574837,574838,574842,4,1
574822,574822,574840,18,0
574837,574838,574843,5,1
574837,574841,574843,2,4
574837,574839,574843,4,2
574837,574839,574843,4,2
574837,574841,574843,2,4
574822,574834,574843,9,12
574837,574838,574844,6,1
574837,574838,574844,6,1
574837,574842,574844,2,5
574837,574838,574844,6,1
574837,574838,574844,6,1
574837,574838,574842,4,1
574837,574838,574845,7,1
574837,574843,574845,2,6
574822,574822,574846,24,0
574837,574844,574846,2,7
574837,574842,574846,4,5
574837,574844,574846,2,7
574822,574822,574847,25,0
574837,574843,574847,4,6
574837,574843,574847,4,6
574837,574843,574847,4,6
574837,574843,574847,4,6
574837,574845,574848,3,8
574837,574844,574848,4,7
574837,574845,574848,3,8
574822,574822,574847,25,0
574837,574845,574848,3,8
574837,574845,574848,3,8
574837,574845,574848,3,8
574837,574846,574850,4,9
574837,574847,574850,3,10
574837,574846,574849,3,9
574837,574849,574851,2,12
574837,574847,574850,3,10
574837,574844,574850,6,7
574837,574844,574850,6,7
574837,574848,574850,2,11
574837,574848,574850,2,11
574837,574848,574850,2,11
574837,574847,574852,5,10
574837,574848,574852,4,11
574837,574848,574852,4,11
574837,574850,574852,2,13
574837,574849,574852,3,12
574822,574822,574852,30,0
574837,574848,574852,4,11
574837,574848,574852,4,11
574837,574850,574852,2,13
574837,574850,574852,2,13
574837,574849,574853,4,12
574837,574851,574853,2,14
574837,574851,574853,2,14
574837,574851,574853,2,14
574837,574851,574854,3,14
574837,574851,574853,2,14
574837,574844,574853,9,7
574837,574852,574857,5,15
574837,574852,574856,4,15
574837,574851,574856,5,14
574837,574851,574857,6,14
574837,574845,574852,7,8
574837,574848,574858,10,11
574822,574836,574858,22,14
574837,574846,574862,16,9
574837,574845,574861,16,8
574837,574847,574866,19,10
573416,573457,574936,1479,41
574938,574938,574942,4,0
574938,574938,574942,4,0
574938,574938,574943,5,0
574938,574938,574943,5,0
574938,574938,574943,5,0
574938,574938,574943,5,0
574938,574938,574943,5,0
574938,574938,574944,6,0
574938,574938,574944,6,0
574938,574938,574944,6,0
574938,574938,574943,5,0
574938,574938,574943,5,0
574938,574938,574943,5,0
574938,574938,574945,7,0
574938,574938,574945,7,0
574938,574938,574946,8,0
574938,574943,574945,2,5
574938,574944,574946,2,6
574938,574942,574946,4,4
574938,574942,574946,4,4
574938,574943,574946,3,5
574938,574938,574946,8,0
574938,574943,574947,4,5
574938,574944,574947,3,6
574938,574944,574946,2,6
574938,574944,574947,3,6
574938,574944,574947,3,6
574938,574943,574947,4,5
574938,574946,574948,2,8
574938,574943,574947,4,5
574938,574945,574948,3,7
574938,574946,574949,3,8
574938,574946,574949,3,8
574938,574945,574949,4,7
574938,574944,574950,6,6
574938,574946,574950,4,8
574938,574946,574950,4,8
574938,574948,574950,2,10
574938,574947,574950,3,9
574938,574947,574950,3,9
574938,574947,574950,3,9
574938,574947,574951,4,9
574938,574946,574951,5,8
574938,574947,574951,4,9
574938,574947,574952,5,9
574938,574946,574952,6,8
574938,574949,574952,3,11
574938,574950,574952,2,12
574938,574950,574953,3,12
574938,574949,574953,4,11
574938,574948,574953,5,10
574938,574951,574953,2,13
574938,574951,574953,2,13
574938,574951,574953,2,13
574938,574951,574953,2,13
574938,574951,574954,3,13
574938,574938,574954,16,0
574938,574950,574954,4,12
574938,574951,574954,3,13
574938,574950,574955,5,12
574938,574952,574955,3,14
574938,574951,574956,5,13
574938,574952,574957,5,14
574938,574938,574957,19,0
574938,574938,574955,17,0
574938,574938,574964,26,0
574938,574938,574965,27,0
574938,574938,574972,34,0
574938,574938,574973,35,0
574938,574938,574982,44,0
574005,574020,575019,999,15
574028,574044,575021,977,16
575019,575019,575022,3,0
575019,575019,575023,4,0
575019,575019,575022,3,0
575019,575019,575023,4,0
575019,575019,575023,4,0
575019,575019,575024,5,0
575019,575019,575023,4,0
575019,575019,575023,4,0
575019,575019,575024,5,0
575019,575019,575023,4,0
575019,575022,575025,3,3
575019,575019,575025,6,0
575019,575019,575025,6,0
575019,575019,575025,6,0
575019,575022,575025,3,3
575019,575019,575025,6,0
575019,575019,575026,7,0
575019,575023,575026,3,4
575019,575019,575026,7,0
575019,575019,575027,8,0
575019,575023,575027,4,4
575019,575025,575029,4,6
575019,575024,575028,4,5
575019,575025,575029,4,6
575019,575025,575029,4,6
575019,575025,575029,4,6
575019,575025,575029,4,6
575019,575026,575029,3,7
575019,575026,575029,3,7
575019,575025,575030,5,6
575019,575024,575029,5,5
575019,575024,575030,6,5
575019,575026,575030,4,7
575019,575023,575030,7,4
575019,575023,575030,7,4
575019,575027,575030,3,8
575019,575024,575032,8,5
575019,575025,575032,7,6
575019,575029,575032,3,10
575019,575029,575031,2,10
575019,575029,575031,2,10
575019,575029,575031,2,10
575019,575029,575032,3,10
575019,575029,575032,3,10
575019,575029,575032,3,10
575019,575029,575032,3,10
575019,575019,575032,13,0
575019,575019,575033,14,0
575019,575028,575033,5,9
575019,575030,575033,3,11
575019,575030,575034,4,11
575019,575019,575034,15,0
575019,575031,575034,3,12
575019,575030,575034,4,11
575019,575019,575034,15,0
575019,575030,575035,5,11
575019,575032,575035,3,13
575019,575032,575035,3,13
575019,575032,575035,3,13
575019,575032,575035,3,13
575019,575033,575035,2,14
575019,575033,575035,2,14
575019,575031,575035,4,12
575019,575031,575036,5,12
575019,575032,575037,5,13
575019,575032,575037,5,13
575023,575036,575037,1,13
575023,575036,575037,1,13
575023,575036,575038,2,13
575023,575036,575038,2,13
573394,573433,575038,1605,39
575023,575035,575038,3,12
575023,575033,575038,5,10
575023,575036,575038,2,13
575023,575036,575038,2,13
575023,575035,575039,4,12
575023,575038,575040,2,15
575023,575038,575040,2,15
575023,575035,575040,5,12
575023,575034,575040,6,11
575023,575036,575041,5,13
575023,575038,575042,4,15
575023,575033,575041,8,10
575023,575039,575041,2,16
575023,575039,575041,2,16
575023,575036,575041,5,13
575023,575038,575042,4,15
575023,575039,575042,3,16
575023,575040,575043,3,17
575023,575039,575042,3,16
575023,575039,575043,4,16
575023,575039,575042,3,16
575023,575041,575044,3,18
575023,575039,575045,6,16
575023,575042,575045,3,19
575023,575042,575045,3,19
575023,575042,575045,3,19
575023,575043,575045,2,20
575023,575043,575045,2,20
575023,575043,575046,3,20
575023,575043,575045,2,20
575023,575041,575046,5,18
575023,575033,575046,13,10
574033,574069,575047,978,36
575023,575042,575047,5,19
575023,575039,575047,8,16
575023,575045,575047,2,22
575023,575043,575047,4,20
575023,575035,575048,13,12
575023,575046,575048,2,23
575023,575046,575048,2,23
575023,575046,575048,2,23
575023,575046,575048,2,23
575023,575046,575048,2,23
575023,575046,575049,3,23
575023,575046,575048,2,23
575019,575019,575048,29,0
575023,575046,575049,3,23
575023,575047,575049,2,24
575023,575045,575049,4,22
575023,575041,575049,8,18
575023,575042,575049,7,19
575023,575042,575050,8,19
575023,575043,575050,7,20
575023,575048,575050,2,25
575023,575048,575050,2,25
575023,575034,575051,17,11
575023,575047,575051,4,24
575023,575048,575051,3,25
575023,575049,575051,2,26
575023,575049,575052,3,26
575023,575049,575051,2,26
575023,575049,575051,2,26
575023,575049,575051,2,26
575023,575049,575052,3,26
575019,575019,575052,33,0
575019,575019,575052,33,0
575040,575049,575053,4,9
575040,575049,575053,4,9
575023,575048,575053,5,25
575040,575052,575055,3,12
575040,575054,575055,1,14
575040,575054,575056,2,14
575040,575052,575055,3,12
575040,575052,575055,3,12
575040,575052,575055,3,12
575040,575052,575056,4,12
575040,575052,575056,4,12
575040,575056,575057,1,16
575040,575054,575057,3,14
575040,575051,575057,6,11
575040,575056,575058,2,16
575040,575055,575058,3,15
575040,575056,575058,2,16
575040,575056,575058,2,16
575040,575058,575060,2,18
575040,575051,575059,8,11
575040,575057,575059,2,17
575040,575057,575059,2,17
575040,575058,575060,2,18
575040,575051,575060,9,11
575040,575050,575060,10,10
575040,575056,575059,3,16
575040,575050,575060,10,10
575040,575059,575061,2,19
575040,575051,575060,9,11
575040,575058,575060,2,18
575040,575058,575061,3,18
575040,575060,575062,2,20
575040,575058,575061,3,18
575019,575019,575051,32,0
575040,575059,575061,2,19
575040,575060,575062,2,20
575040,575050,575062,12,10
575040,575061,575063,2,21
575040,575060,575062,2,20
575040,575060,575063,3,20
575040,575060,575063,3,20
575040,575061,575063,2,21
575040,575062,575064,2,22
575040,575063,575065,2,23
575040,575052,575064,12,12
575040,575060,575064,4,20
575040,575061,575065,4,21
575040,575062,575064,2,22
575040,575062,575064,2,22
575040,575060,575064,4,20
575040,575061,575065,4,21
575040,575063,575066,3,23
575040,575063,575066,3,23
575040,575063,575065,2,23
575040,575061,575066,5,21
575040,575061,575066,5,21
575040,575065,575067,2,25
575040,575065,575067,2,25
575040,575064,575066,2,24
575040,575062,575067,5,22
575040,575065,575067,2,25
575040,575065,575067,2,25
575040,575062,575068,6,22
575040,575052,575068,16,12
575048,575067,575070,3,19
575040,575065,575069,4,25
575040,575065,575070,5,25
575048,575067,575070,3,19
575048,575068,575070,2,20
575048,575067,575070,3,19
575040,575065,575070,5,25
575048,575068,575071,3,20
575048,575070,575072,2,22
575048,575066,575072,6,18
575048,575068,575072,4,20
575048,575066,575072,6,18
575048,575066,575073,7,18
575048,575070,575072,2,22
575048,575070,575073,3,22
575048,575069,575073,4,21
575048,575071,575073,2,23
575048,575068,575074,6,20
575048,575071,575074,3,23
575048,575072,575074,2,24
575048,575070,575074,4,22
575048,575072,575075,3,24
575048,575068,575075,7,20
575048,575070,575076,6,22
575048,575071,575076,5,23
575048,575073,575076,3,25
575048,575073,575076,3,25
575048,575073,575076,3,25
575048,575068,575076,8,20
575048,575074,575077,3,26
575048,575073,575076,3,25
575048,575073,575077,4,25
575048,575075,575078,3,27
575048,575075,575078,3,27
575048,575074,575078,4,26
575048,575066,575078,12,18
575048,575076,575079,3,28
575048,575076,575079,3,28
575048,575077,575080,3,29
575023,575033,575079,46,10
575040,575062,575079,17,22
575048,575076,575080,4,28
575048,575074,575080,6,26
575048,575078,575080,2,30
575048,575075,575081,6,27
575048,575076,575080,4,28
575048,575077,575080,3,29
575048,575079,575081,2,31
575048,575080,575081,1,32
575048,575079,575081,2,31
575048,575077,575081,4,29
575048,575076,575082,6,28
575040,575052,575082,30,12
575048,575078,575082,4,30
575048,575080,575082,2,32
575048,575080,575083,3,32
575048,575082,575084,2,34
574106,574141,575083,942,35
575048,575081,575083,2,33
575048,575079,575083,4,31
575048,575081,575083,2,33
575048,575076,575083,7,28
575048,575082,575084,2,34
575048,575082,575084,2,34
575048,575074,575084,10,26
575048,575082,575085,3,34
575048,575081,575085,4,33
575048,575081,575085,4,33
575048,575081,575085,4,33
575048,575083,575085,2,35
575048,575081,575085,4,33
575048,575083,575086,3,35
575040,575052,575086,34,12
575048,575082,575087,5,34
575023,575048,575088,40,25
575023,575033,575087,54,10
575048,575083,575091,8,35
575048,575083,575091,8,35
575040,575049,575092,43,9
575092,575092,575094,2,0
575092,575092,575094,2,0
575092,575092,575096,4,0
575092,575092,575097,5,0
575040,575051,575096,45,11
575092,575092,575096,4,0
575092,575092,575096,4,0
575092,575092,575096,4,0
575092,575092,575097,5,0
575092,575092,575097,5,0
575092,575092,575096,4,0
575092,575092,575097,5,0
575092,575092,575098,6,0
575092,575095,575097,2,3
575092,575092,575097,5,0
575092,575095,575097,2,3
575092,575092,575098,6,0
575092,575092,575099,7,0
575092,575092,575100,8,0
575092,575097,575099,2,5
575092,575097,575100,3,5
575092,575092,575099,7,0
575092,575092,575101,9,0
575092,575097,575101,4,5
575092,575098,575101,3,6
575092,575097,575100,3,5
575092,575098,575101,3,6
575092,575098,575101,3,6
575092,575098,575101,3,6
575048,575080,575103,23,32
575092,575097,575103,6,5
575092,575101,575103,2,9
575092,575101,575103,2,9
575092,575097,575103,6,5
575092,575100,575104,4,8
575092,575100,575103,3,8
575092,575102,575104,2,10
575092,575102,575104,2,10
575092,575102,575104,2,10
575092,575098,575104,6,6
573621,573638,575104,1466,17
575092,575100,575105,5,8
575092,575100,575105,5,8
575092,575097,575106,9,5
575092,575103,575105,2,11
575092,575104,575106,2,12
575092,575103,575105,2,11
575092,575104,575106,2,12
575092,575104,575106,2,12
575092,575098,575105,7,6
575092,575099,575106,7,7
575092,575105,575107,2,13
575092,575103,575107,4,11
575092,575105,575107,2,13
575092,575106,575108,2,14
575092,575104,575108,4,12
575092,575106,575108,2,14
575092,575106,575108,2,14
575092,575106,575108,2,14
575092,575106,575108,2,14
575092,575101,575109,8,9
575092,575101,575110,9,9
575092,575105,575110,5,13
575092,575105,575109,4,13
575048,575080,575110,30,32
575092,575093,575110,17,1
575092,575106,575110,4,14
575092,575106,575111,5,14
575092,575092,575112,20,0
575092,575097,575111,14,5
575092,575092,575113,21,0
575092,575103,575112,9,11
575092,575092,575117,25,0
575092,575097,575117,20,5
574167,574181,575120,939,14
574196,574196,575139,943,0
574133,574160,575141,981,27
575146,575146,575148,2,0
575146,575146,575148,2,0
575146,575146,575149,3,0
575146,575146,575150,4,0
575146,575146,575149,3,0
575146,575146,575150,4,0
575146,575146,575150,4,0
575146,575146,575149,3,0
575146,575146,575150,4,0
575146,575146,575150,4,0
575146,575146,575150,4,0
575146,575146,575150,4,0
575146,575146,575151,5,0
575146,575149,575151,2,3
575146,575146,575151,5,0
575146,575146,575151,5,0
575146,575146,575151,5,0
575146,575149,575151,2,3
575146,575150,575152,2,4
575146,575150,575152,2,4
575146,575151,575153,2,5
575146,575151,575153,2,5
575146,575146,575153,7,0
575146,575151,575153,2,5
575146,575146,575152,6,0
575146,575146,575153,7,0
575146,575150,575154,4,4
575146,575151,575153,2,5
575146,575150,575154,4,4
575146,575152,575154,2,6
575146,575152,575154,2,6
575146,575152,575154,2,6
575146,575152,575154,2,6
575146,575146,575154,8,0
575146,575150,575155,5,4
575146,575151,575155,4,5
575146,575153,575155,2,7
575146,575151,575155,4,5
575146,575153,575155,2,7
575146,575153,575155,2,7
575146,575153,575155,2,7
575146,575154,575156,2,8
575146,575154,575156,2,8
575146,575154,575157,3,8
575146,575146,575157,11,0
575146,575146,575157,11,0
575146,575154,575157,3,8
575146,575155,575157,2,9
575146,575155,575157,2,9
575146,575155,575157,2,9
575146,575155,575157,2,9
575146,575154,575158,4,8
575146,575156,575158,2,10
575146,575156,575158,2,10
575146,575156,575158,2,10
575146,575156,575158,2,10
575146,575146,575155,9,0
575146,575157,575160,3,11
575146,575155,575160,5,9
575146,575155,575159,4,9
575146,575156,575160,4,10
575146,575158,575160,2,12
575146,575154,575159,5,8
575146,575156,575160,4,10
575146,575156,575160,4,10
575146,575158,575160,2,12
575146,575158,575160,2,12
575146,575150,575160,10,4
575146,575158,575161,3,12
575146,575159,575161,2,13
575146,575158,575162,4,12
575146,575159,575161,2,13
575146,575159,575162,3,13
575146,575157,575162,5,11
575146,575157,575163,6,11
575146,575160,575163,3,14
575146,575146,575163,17,0
575146,575160,575163,3,14
575146,575158,575163,5,12
575146,575158,575163,5,12
575146,575161,575163,2,15
575146,575161,575164,3,15
575146,575160,575165,5,14
575146,575162,575165,3,16
575146,575163,575166,3,17
575146,575162,575166,4,16
575146,575162,575166,4,16
575146,575161,575167,6,15
575146,575161,575166,5,15
575146,575160,575167,7,14
575146,575163,575166,3,17
575146,575162,575166,4,16
575146,575163,575167,4,17
575146,575161,575166,5,15
575146,575146,575163,17,0
575146,575164,575167,3,18
575146,575160,575168,8,14
575146,575146,575168,22,0
575146,575164,575168,4,18
575146,575166,575168,2,20
575146,575164,575169,5,18
575146,575164,575168,4,18
575146,575165,575169,4,19
575146,575166,575169,3,20
575146,575160,575169,9,14
575146,575166,575169,3,20
575146,575168,575170,2,22
575146,575164,575169,5,18
575146,575162,575169,7,16
575146,575167,575169,2,21
575146,575167,575169,2,21
575146,575167,575169,2,21
575146,575169,575171,2,23
575146,575169,575171,2,23
575146,575169,575171,2,23
575146,575169,575172,3,23
575146,575167,575171,4,21
575146,575169,575172,3,23
575146,575169,575172,3,23
575146,575170,575172,2,24
575146,575170,575172,2,24
575146,575167,575172,5,21
575146,575146,575172,26,0
575146,575167,575172,5,21
575146,575170,575172,2,24
575146,575170,575173,3,24
575146,575170,575172,2,24
575146,575170,575173,3,24
575146,575165,575173,8,19
575146,575168,575174,6,22
575146,575158,575174,16,12
575146,575169,575175,6,23
575146,575170,575174,4,24
575146,575170,575175,5,24
575146,575167,575175,8,21
575146,575173,575175,2,27
575146,575173,575175,2,27
575146,575173,575175,2,27
575146,575171,575175,4,25
575146,575171,575176,5,25
575146,575173,575176,3,27
575146,575159,575176,17,13
575146,575172,575176,4,26
575146,575172,575177,5,26
575146,575172,575177,5,26
575146,575173,575177,4,27
575146,575172,575176,4,26
575146,575173,575177,4,27
575146,575173,575177,4,27
575146,575173,575177,4,27
575146,575176,575178,2,30
575146,575176,575178,2,30
575146,575174,575179,5,28
575146,575176,575179,3,30
575146,575176,575179,3,30
575146,575174,575178,4,28
575146,575172,575180,8,26
575146,575177,575180,3,31
575146,575177,575181,4,31
575146,575177,575180,3,31
575146,575175,575181,6,29
575146,575177,575180,3,31
575146,575177,575181,4,31
575146,575177,575181,4,31
575146,575175,575181,6,29
575146,575179,575182,3,33
575146,575179,575181,2,33
575146,575177,575182,5,31
575146,575181,575183,2,35
575146,575179,575183,4,33
575146,575179,575183,4,33
575146,575181,575183,2,35
575146,575181,575184,3,35
575146,575181,575183,2,35
575146,575179,575184,5,33
575146,575180,575184,4,34
575146,575178,575184,6,32
575146,575182,575184,2,36
575146,575181,575183,2,35
575146,575182,575184,2,36
575146,575181,575185,4,35
575146,575182,575185,3,36
575146,575184,575186,2,38
575146,575184,575186,2,38
575146,575183,575186,3,37
575146,575184,575186,2,38
575146,575177,575186,9,31
575146,575183,575186,3,37
575146,575184,575186,2,38
575146,575173,575187,14,27
575146,575175,575187,12,29
575146,575184,575186,2,38
575146,575184,575187,3,38
575146,575184,575186,2,38
575146,575184,575187,3,38
575146,575185,575187,2,39
575146,575158,575187,29,12
575146,575175,575187,12,29
575146,575184,575188,4,38
575146,575184,575188,4,38
575146,575175,575188,13,29
575146,575186,575188,2,40
575146,575182,575188,6,36
575146,575185,575189,4,39
575179,575187,575190,3,8
575179,575187,575190,3,8
575179,575187,575190,3,8
575179,575188,575190,2,9
575179,575186,575191,5,7
575179,575188,575190,2,9
575146,575180,575191,11,34
575179,575187,575191,4,8
575179,575187,575192,5,8
575146,575178,575192,14,32
575179,575190,575193,3,11
575179,575191,575193,2,12
575179,575189,575194,5,10
575179,575190,575194,4,11
575179,575188,575194,6,9
575179,575189,575194,5,10
575179,575190,575194,4,11
575179,575191,575194,3,12
575179,575191,575194,3,12
575179,575191,575195,4,12
575179,575192,575196,4,13
575179,575192,575195,3,13
575179,575189,575196,7,10
575179,575193,575197,4,14
575179,575187,575198,11,8
575179,575187,575198,11,8
575179,575189,575197,8,10
575179,575194,575197,3,15
575179,575194,575198,4,15
575179,575194,575199,5,15
575179,575196,575199,3,17
575179,575196,575199,3,17
575179,575192,575199,7,13
575179,575197,575200,3,18
575179,575198,575200,2,19
575179,575198,575200,2,19
575179,575198,575200,2,19
575179,575196,575200,4,17
575179,575198,575200,2,19
575179,575195,575201,6,16
575179,575199,575201,2,20
575179,575195,575201,6,16
575179,575195,575201,6,16
575179,575199,575202,3,20
575179,575199,575202,3,20
575146,575146,575197,51,0
575146,575163,575198,35,17
575179,575201,575203,2,22
575179,575187,575203,16,8
575179,575201,575203,2,22
575179,575201,575203,2,22
575179,575201,575203,2,22
575179,575199,575204,5,20
575179,575202,575204,2,23
575179,575195,575204,9,16
575146,575177,575204,27,31
575179,575201,575204,3,22
575179,575201,575204,3,22
575179,575201,575204,3,22
575179,575203,575205,2,24
575179,575202,575204,2,23
575179,575200,575205,5,21
575179,575202,575205,3,23
575179,575202,575205,3,23
575179,575202,575205,3,23
575179,575197,575206,9,18
575179,575195,575207,12,16
575179,575203,575207,4,24
575179,575192,575208,16,13
575146,575168,575211,43,22
575179,575203,575211,8,24
575179,575203,575223,20,24
575179,575187,575227,40,8
575179,575187,575227,40,8
575179,575188,575227,39,9
575179,575188,575227,39,9
573741,573792,575284,1492,51
575295,575295,575298,3,0
575295,575295,575299,4,0
575295,575295,575299,4,0
575295,575295,575299,4,0
575295,575295,575300,5,0
575295,575295,575300,5,0
575295,575295,575299,4,0
575295,575295,575299,4,0
575295,575295,575301,6,0
575295,575295,575300,5,0
575295,575295,575301,6,0
575295,575298,575301,3,3
575295,575296,575301,5,1
575295,575295,575302,7,0
575295,575295,575301,6,0
575295,575295,575303,8,0
575295,575300,575303,3,5
575295,575300,575303,3,5
575295,575301,575304,3,6
575295,575295,575303,8,0
575295,575299,575303,4,4
575295,575299,575305,6,4
575295,575300,575305,5,5
575295,575301,575305,4,6
575295,575302,575305,3,7
575295,575301,575305,4,6
575295,575302,575305,3,7
575295,575301,575305,4,6
575295,575300,575305,5,5
575295,575300,575306,6,5
575295,575295,575303,8,0
575295,575302,575306,4,7
575295,575304,575307,3,9
575295,575303,575307,4,8
575295,575295,575308,13,0
575295,575295,575308,13,0
575295,575305,575308,3,10
575295,575305,575307,2,10
575295,575295,575309,14,0
575295,575295,575309,14,0
575295,575305,575309,4,10
575295,575304,575308,4,9
575295,575295,575308,13,0
575295,575306,575309,3,11
575295,575306,575309,3,11
575295,575304,575309,5,9
575295,575307,575309,2,12
575295,575306,575310,4,11
575295,575295,575310,15,0
575295,575303,575311,8,8
575295,575305,575311,6,10
575295,575308,575311,3,13
575295,575308,575311,3,13
575295,575304,575311,7,9
575295,575306,575310,4,11
575295,575306,575310,4,11
575295,575305,575311,6,10
575295,575306,575311,5,11
575295,575310,575312,2,15
575295,575309,575312,3,14
575295,575295,575313,18,0
575295,575309,575315,6,14
575295,575310,575316,6,15
575295,575307,575319,12,12
575295,575308,575319,11,13
575295,575295,575322,27,0
575295,575295,575321,26,0
575295,575309,575322,13,14
575295,575309,575323,14,14
575295,575308,575346,38,13
574344,574360,575359,999,16
575375,575375,575379,4,0
575375,575375,575378,3,0
575375,575375,575378,3,0
575375,575375,575379,4,0
575375,575375,575379,4,0
575375,575375,575379,4,0
575375,575375,575379,4,0
575375,575375,575380,5,0
575375,575375,575381,6,0
575375,575375,575382,7,0
575375,575375,575382,7,0
575375,575375,575383,8,0
575375,575375,575383,8,0
575375,575379,575383,4,4
575375,575380,575383,3,5
575375,575380,575383,3,5
575375,575375,575384,9,0
575375,575375,575383,8,0
575375,575375,575383,8,0
575375,575380,575384,4,5
575375,575379,575383,4,4
575375,575380,575383,3,5
575375,575381,575385,4,6
575375,575375,575386,11,0
575375,575375,575385,10,0
575375,575383,575386,3,8
575375,575383,575386,3,8
575375,575382,575386,4,7
575375,575384,575386,2,9
575375,575383,575387,4,8
575375,575384,575387,3,9
575375,575384,575387,3,9
575375,575379,575387,8,4
575375,575385,575388,3,10
575375,575386,575388,2,11
575375,575384,575389,5,9
575375,575375,575388,13,0
575375,575375,575389,14,0
575375,575386,575388,2,11
575375,575384,575389,5,9
575375,575384,575390,6,9
575375,575375,575389,14,0
575375,575387,575390,3,12
575375,575387,575389,2,12
575375,575387,575389,2,12
575375,575387,575389,2,12
575375,575387,575389,2,12
575375,575388,575391,3,13
575375,575388,575390,2,13
575375,575383,575391,8,8
575375,575386,575391,5,11
575375,575383,575391,8,8
575375,575388,575392,4,13
575375,575386,575391,5,11
575375,575389,575392,3,14
575375,575389,575393,4,14
575375,575390,575393,3,15
575375,575390,575393,3,15
575375,575390,575393,3,15
575375,575390,575394,4,15
575375,575383,575393,10,8
575375,575383,575395,12,8
575375,575390,575396,6,15
575375,575375,575392,17,0
575375,575375,575395,20,0
575375,575375,575401,26,0
575375,575389,575403,14,14
575375,575390,575416,26,15
575375,575375,575420,45,0
575375,575389,575422,33,14
574709,574719,575670,951,10
575673,575673,575676,3,0
575673,575673,575676,3,0
575673,575673,575676,3,0
575673,575673,575676,3,0
575673,575673,575677,4,0
575673,575673,575678,5,0
575673,575673,575679,6,0
575673,575673,575680,7,0
575673,575676,575682,6,3
575673,575676,575683,7,3
575673,575677,575683,6,4
575673,575677,575683,6,4
575673,575678,575685,7,5
575673,575678,575686,8,5
575673,575673,575688,15,0
575673,575673,575688,15,0
575673,575673,575688,15,0
575673,575682,575687,5,9
575673,575683,575688,5,10
575673,575673,575689,16,0
575673,575679,575688,9,6
575673,575681,575689,8,8
575673,575683,575689,6,10
575673,575685,575689,4,12
575673,575673,575690,17,0
575673,575683,575690,7,10
575673,575688,575691,3,15
575673,575688,575691,3,15
575673,575690,575691,1,17
575673,575673,575691,18,0
575673,575687,575692,5,14
575673,575689,575692,3,16
575673,575673,575693,20,0
575673,575691,575693,2,18
575673,575692,575694,2,19
575673,575692,575693,1,19
575673,575673,575694,21,0
575673,575689,575694,5,16
575673,575673,575691,18,0
575673,575692,575694,2,19
575673,575688,575695,7,15
575673,575689,575695,6,16
575673,575693,575695,2,20
575673,575693,575695,2,20
575673,575694,575695,1,21
575673,575694,575696,2,21
575673,575688,575695,7,15
575673,575689,575696,7,16
575673,575688,575696,8,15
575673,575694,575696,2,21
575673,575673,575697,24,0
575673,575692,575696,4,19
575673,575694,575697,3,21
575673,575695,575697,2,22
575673,575696,575698,2,23
575673,575690,575695,5,17
575673,575673,575696,23,0
575673,575696,575698,2,23
575673,575696,575698,2,23
575673,575696,575698,2,23
575673,575693,575699,6,20
575673,575673,575699,26,0
575673,575694,575699,5,21
575673,575695,575699,4,22
575673,575695,575698,3,22
575673,575673,575700,27,0
575673,575673,575700,27,0
575673,575673,575700,27,0
575673,575673,575703,30,0
575673,575673,575705,32,0
574823,574836,575808,972,13
575810,575810,575813,3,0
575810,575810,575813,3,0
575810,575810,575814,4,0
575810,575810,575813,3,0
575810,575810,575813,3,0
575810,575810,575813,3,0
575810,575810,575813,3,0
575810,575810,575818,8,0
575810,575814,575819,5,4
575810,575814,575818,4,4
575810,575810,575819,9,0
575810,575814,575819,5,4
575810,575814,575819,5,4
575810,575814,575820,6,4
575810,575819,575822,3,9
575810,575814,575823,9,4
575810,575819,575822,3,9
575810,575814,575823,9,4
575810,575810,575824,14,0
575810,575818,575824,6,8
575810,575821,575824,3,11
575810,575820,575823,3,10
575810,575810,575825,15,0
575810,575820,575824,4,10
575810,575810,575826,16,0
575810,575823,575826,3,13
575810,575823,575826,3,13
575810,575823,575826,3,13
575810,575810,575826,16,0
575810,575810,575827,17,0
575810,575810,575826,16,0
575810,575810,575827,17,0
575810,575810,575826,16,0
575810,575823,575826,3,13
575810,575824,575827,3,14
575810,575824,575826,2,14
575810,575824,575827,3,14
575810,575825,575827,2,15
575810,575810,575828,18,0
575810,575820,575828,8,10
575810,575826,575828,2,16
575810,575826,575828,2,16
575810,575827,575829,2,17
575810,575826,575829,3,16
575810,575827,575829,2,17
575810,575827,575829,2,17
575810,575827,575829,2,17
575810,575827,575830,3,17
575810,575827,575830,3,17
575810,575827,575830,3,17
575810,575827,575832,5,17
575810,575827,575831,4,17
575810,575826,575831,5,16
575810,575810,575831,21,0
575810,575829,575831,2,19
575810,575829,575831,2,19
575810,575829,575831,2,19
575810,575829,575832,3,19
575810,575829,575831,2,19
575810,575810,575832,22,0
575810,575827,575832,5,17
575810,575810,575824,14,0
575810,575825,575833,8,15
575810,575828,575833,5,18
575810,575829,575834,5,19
575810,575810,575836,26,0
575810,575824,575841,17,14
575810,575810,575844,34,0
575810,575810,575856,46,0
575810,575810,575859,49,0
574354,574381,575865,1484,27
575886,575886,575890,4,0
575886,575886,575890,4,0
575886,575886,575890,4,0
575886,575886,575890,4,0
575886,575886,575891,5,0
575886,575886,575891,5,0
575886,575886,575892,6,0
575886,575886,575893,7,0
575886,575886,575893,7,0
575886,575890,575893,3,4
575886,575890,575894,4,4
575886,575890,575893,3,4
575886,575891,575894,3,5
575886,575886,575895,9,0
575886,575886,575895,9,0
575886,575886,575895,9,0
575886,575890,575895,5,4
575886,575891,575894,3,5
575886,575886,575897,11,0
575886,575893,575896,3,7
575886,575886,575898,12,0
575886,575886,575898,12,0
575886,575886,575898,12,0
575886,575886,575898,12,0
575886,575892,575898,6,6
575886,575895,575898,3,9
575886,575895,575898,3,9
575886,575894,575899,5,8
575886,575893,575899,6,7
575886,575886,575900,14,0
575886,575886,575900,14,0
575886,575897,575900,3,11
575886,575894,575900,6,8
575886,575898,575900,2,12
575886,575895,575900,5,9
575886,575894,575901,7,8
575886,575899,575901,2,13
575886,575898,575901,3,12
575886,575886,575900,14,0
575886,575900,575902,2,14
575886,575901,575903,2,15
575886,575895,575903,8,9
575886,575898,575903,5,12
575886,575900,575903,3,14
575886,575901,575903,2,15
575886,575902,575904,2,16
575886,575886,575904,18,0
575886,575893,575904,11,7
575886,575902,575904,2,16
575886,575902,575904,2,16
575886,575886,575905,19,0
575886,575901,575905,4,15
575886,575895,575905,10,9
575886,575898,575905,7,12
575886,575904,575906,2,18
575886,575903,575905,2,17
575886,575903,575905,2,17
575886,575903,575906,3,17
575886,575903,575906,3,17
575886,575900,575907,7,14
575886,575903,575907,4,17
575886,575903,575908,5,17
575886,575886,575909,23,0
575886,575898,575909,11,12
575886,575898,575910,12,12
575886,575900,575911,11,14
575886,575898,575912,14,12
575886,575897,575913,16,11
575886,575886,575917,31,0
575886,575886,575917,31,0
574939,574952,575961,1009,13
575962,575963,575965,2,1
575962,575963,575966,3,1
575962,575963,575966,3,1
575962,575963,575966,3,1
575962,575963,575966,3,1
575962,575963,575968,5,1
575962,575967,575971,4,5
575962,575963,575972,9,1
575962,575963,575973,10,1
575962,575969,575973,4,7
575962,575963,575975,12,1
575962,575967,575975,8,5
575962,575967,575974,7,5
575962,575963,575975,12,1
575962,575967,575975,8,5
575962,575963,575976,13,1
575962,575963,575976,13,1
575962,575966,575976,10,4
575962,575963,575976,13,1
575962,575972,575976,4,10
575962,575963,575978,15,1
575962,575963,575977,14,1
575962,575974,575977,3,12
575962,575975,575978,3,13
575962,575973,575978,5,11
575962,575975,575978,3,13
575962,575976,575979,3,14
575962,575963,575979,16,1
575962,575977,575979,2,15
575962,575978,575980,2,16
575962,575963,575980,17,1
575962,575977,575980,3,15
575962,575974,575980,6,12
575962,575978,575980,2,16
575962,575975,575982,7,13
575962,575979,575982,3,17
575962,575980,575982,2,18
575962,575981,575983,2,19
575962,575963,575983,20,1
575962,575980,575982,2,18
575962,575980,575982,2,18
575962,575977,575983,6,15
575962,575976,575983,7,14
575962,575977,575984,7,15
575962,575977,575984,7,15
575962,575978,575984,6,16
575962,575981,575984,3,19
575962,575982,575984,2,20
575962,575963,575986,23,1
575962,575963,575985,22,1
575962,575963,575986,23,1
575962,575983,575985,2,21
575962,575981,575985,4,19
575962,575983,575985,2,21
575962,575983,575985,2,21
575962,575983,575985,2,21
575962,575963,575988,25,1
575962,575984,575987,3,22
575962,575979,575988,9,17
575962,575984,575988,4,22
575962,575985,575988,3,23
575962,575978,575990,12,16
575962,575963,575991,28,1
575962,575963,575991,28,1
575962,575963,575991,28,1
575962,575981,575991,10,19
575962,575982,575992,10,20
575962,575985,575995,10,23
575962,575983,575999,16,21
575962,575980,576002,22,18
574495,574508,576004,1496,13
575020,575033,576012,979,13
574505,574525,576018,1493,20
575024,575049,576025,976,25
576032,576032,576036,4,0
576032,576032,576036,4,0
576032,576032,576036,4,0
576032,576032,576035,3,0
576032,576032,576036,4,0
576032,576032,576036,4,0
576032,576032,576037,5,0
576032,576032,576038,6,0
576032,576032,576039,7,0
576032,576036,576039,3,4
576032,576032,576038,6,0
576032,576032,576040,8,0
576032,576036,576040,4,4
576032,576033,576041,8,1
576032,576032,576041,9,0
576032,576032,576041,9,0
576032,576036,576040,4,4
576032,576036,576041,5,4
576032,576032,576041,9,0
576032,576032,576042,10,0
576032,576036,576042,6,4
576032,576032,576043,11,0
576032,576039,576043,4,7
576032,576033,576043,10,1
576032,576040,576043,3,8
576032,576041,576044,3,9
576032,576036,576043,7,4
576032,576041,576044,3,9
576032,576039,576045,6,7
576032,576043,576045,2,11
576032,576042,576045,3,10
576032,576032,576046,14,0
576032,576041,576046,5,9
576032,576042,576046,4,10
576032,576043,576046,3,11
576032,576043,576046,3,11
576032,576045,576046,1,13
576032,576037,576046,9,5
576032,576041,576047,6,9
576032,576032,576046,14,0
576032,576033,576047,14,1
576032,576044,576047,3,12
576032,576039,576047,8,7
576032,576042,576047,5,10
576032,576045,576047,2,13
576032,576045,576047,2,13
576032,576046,576048,2,14
576032,576032,576049,17,0
576032,576032,576049,17,0
576032,576038,576049,11,6
576032,576047,576049,2,15
576032,576047,576049,2,15
576032,576047,576049,2,15
576032,576047,576049,2,15
576032,576032,576050,18,0
576032,576040,576050,10,8
576032,576048,576050,2,16
576032,576045,576050,5,13
576032,576032,576049,17,0
576032,576032,576049,17,0
576032,576048,576050,2,16
576032,576048,576051,3,16
576032,576047,576051,4,15
576032,576047,576052,5,15
576032,576046,576052,6,14
576032,576049,576052,3,17
576032,576050,576054,4,18
576032,576049,576054,5,17
576032,576050,576054,4,18
576032,576050,576054,4,18
576032,576050,576054,4,18
576032,576048,576055,7,16
576032,576051,576055,4,19
574558,574575,576056,1481,17
576032,576041,576057,16,9
575093,575106,576058,952,13
576032,576049,576058,9,17
576032,576056,576059,3,24
576032,576051,576059,8,19
576032,576055,576059,4,23
576032,576059,576061,2,27
576032,576047,576061,14,15
575049,575084,576062,978,35
576032,576054,576061,7,22
576032,576053,576061,8,21
576032,576052,576062,10,20
576032,576055,576062,7,23
576032,576043,576064,21,11
576032,576055,576063,8,23
576032,576056,576063,7,24
576032,576051,576063,12,19
576032,576057,576063,6,25
576032,576060,576064,4,28
576032,576060,576063,3,28
576032,576049,576064,15,17
576032,576055,576064,9,23
576032,576051,576064,13,19
576032,576060,576064,4,28
576032,576062,576065,3,30
576032,576032,576065,33,0
576032,576062,576065,3,30
576032,576063,576065,2,31
576032,576062,576065,3,30
576032,576062,576065,3,30
576032,576063,576065,2,31
576032,576064,576066,2,32
576032,576064,576066,2,32
576032,576032,576067,35,0
576032,576058,576067,9,26
576032,576046,576067,21,14
576032,576064,576067,3,32
576032,576059,576067,8,27
576032,576064,576067,3,32
576032,576066,576068,2,34
576032,576066,576068,2,34
576032,576065,576067,2,33
576032,576065,576067,2,33
576032,576062,576068,6,30
576032,576065,576068,3,33
576032,576066,576068,2,34
576032,576047,576068,21,15
576032,576066,576068,2,34
576032,576066,576068,2,34
576032,576067,576069,2,35
576032,576066,576069,3,34
576032,576065,576069,4,33
576032,576064,576069,5,32
576032,576068,576070,2,36
576032,576067,576069,2,35
576032,576046,576070,24,14
576032,576068,576070,2,36
576032,576064,576069,5,32
576032,576068,576071,3,36
576034,576068,576072,4,34
576034,576068,576071,3,34
576034,576069,576073,4,35
576034,576069,576072,3,35
576032,576053,576073,20,21
576034,576069,576072,3,35
576032,576051,576068,17,19
576034,576070,576074,4,36
576034,576069,576074,5,35
576034,576070,576075,5,36
576034,576069,576075,6,35
576032,576064,576075,11,32
576034,576069,576076,7,35
576034,576071,576077,6,37
576034,576072,576079,7,38
576032,576052,576079,27,20
576034,576073,576079,6,39
576034,576073,576079,6,39
576034,576074,576080,6,40
576034,576072,576080,8,38
576032,576064,576080,16,32
576032,576068,576080,12,36
576034,576073,576080,7,39
576034,576074,576081,7,40
576034,576075,576081,6,41
576034,576075,576082,7,41
576032,576051,576077,26,19
576032,576068,576077,9,36
576032,576053,576082,29,21
576034,576071,576084,13,37
576034,576073,576084,11,39
576034,576068,576079,11,34
576034,576081,576084,3,47
576032,576051,576083,32,19
576034,576080,576084,4,46
576034,576080,576084,4,46
576034,576082,576085,3,48
576034,576082,576085,3,48
576034,576081,576086,5,47
576034,576082,576086,4,48
576034,576070,576087,17,36
576034,576083,576087,4,49
576034,576070,576087,17,36
576034,576072,576087,15,38
576034,576078,576086,8,44
576034,576080,576087,7,46
576034,576084,576086,2,50
576034,576085,576087,2,51
576034,576085,576087,2,51
576034,576085,576088,3,51
576034,576086,576088,2,52
576034,576084,576088,4,50
576034,576080,576089,9,46
576034,576087,576089,2,53
576034,576087,576089,2,53
576034,576087,576090,3,53
576034,576084,576090,6,50
576034,576087,576090,3,53
576034,576087,576091,4,53
576034,576087,576090,3,53
576034,576088,576090,2,54
576034,576088,576091,3,54
576034,576088,576091,3,54
576034,576087,576091,4,53
576034,576090,576093,3,56
576034,576070,576092,22,36
576034,576087,576092,5,53
576034,576089,576092,3,55
576034,576090,576093,3,56
576034,576090,576093,3,56
576034,576090,576093,3,56
576034,576071,576093,22,37
576034,576090,576094,4,56
576034,576089,576094,5,55
576034,576080,576095,15,46
576034,576091,576095,4,57
576034,576076,576095,19,42
576034,576092,576096,4,58
576034,576091,576096,5,57
576034,576068,576097,29,34
576034,576090,576097,7,56
576034,576093,576097,4,59
576034,576082,576098,16,48
576034,576085,576097,12,51
576034,576081,576098,17,47
576034,576093,576099,6,59
576034,576084,576100,16,50
576034,576087,576100,13,53
576034,576091,576100,9,57
576034,576091,576101,10,57
576034,576097,576101,4,63
576034,576099,576102,3,65
576034,576097,576102,5,63
576034,576094,576102,8,60
576034,576069,576099,30,35
576034,576082,576100,18,48
576034,576096,576104,8,62
576034,576102,576104,2,68
576034,576102,576105,3,68
576034,576098,576105,7,64
576034,576103,576105,2,69
576034,576102,576105,3,68
576034,576094,576106,12,60
576034,576092,576106,14,58
576034,576093,576106,13,59
576034,576101,576106,5,67
576034,576104,576107,3,70
576034,576105,576107,2,71
576034,576105,576108,3,71
576034,576106,576108,2,72
576034,576106,576109,3,72
576034,576106,576109,3,72
576034,576107,576110,3,73
576034,576107,576110,3,73
576034,576076,576109,33,42
576034,576108,576110,2,74
576034,576093,576110,17,59
576034,576109,576111,2,75
576034,576109,576111,2,75
576034,576109,576111,2,75
576034,576107,576111,4,73
576034,576109,576112,3,75
576034,576097,576112,15,63
576034,576111,576113,2,77
576034,576110,576114,4,76
576034,576099,576114,15,65
576034,576101,576114,13,67
576034,576111,576113,2,77
576034,576096,576114,18,62
576034,576112,576114,2,78
576034,576074,576111,37,40
576034,576095,576114,19,61
576034,576094,576114,20,60
576034,576094,576114,20,60
576034,576098,576114,16,64
576034,576112,576114,2,78
576034,576107,576114,7,73
576034,576112,576114,2,78
576034,576098,576115,17,64
576057,576114,576117,3,57
576034,576111,576117,6,77
576034,576101,576117,16,67
576057,576114,576118,4,57
576057,576115,576118,3,58
576034,576081,576119,38,47
576034,576110,576119,9,76
576034,576101,576120,19,67
576057,576114,576121,7,57
576057,576115,576121,6,58
576057,576114,576122,8,57
576057,576114,576123,9,57
576057,576115,576123,8,58
576034,576111,576125,14,77
576057,576114,576127,13,57
576057,576115,576127,12,58
576057,576115,576127,12,58
576057,576115,576128,13,58
576057,576118,576128,10,61
576057,576118,576129,11,61
576034,576098,576129,31,64
576034,576098,576129,31,64
576057,576123,576130,7,66
576057,576122,576131,9,65
576057,576119,576131,12,62
576057,576115,576132,17,58
576057,576115,576134,19,58
576034,576094,576134,40,60
576057,576127,576134,7,70
576057,576127,576134,7,70
576034,576104,576135,31,70
576057,576118,576135,17,61
576057,576128,576135,7,71
576057,576131,576135,4,74
576057,576129,576136,7,72
576057,576129,576136,7,72
576057,576120,576136,16,63
576057,576132,576136,4,75
576057,576131,576137,6,74
576057,576134,576137,3,77
576057,576134,576137,3,77
576057,576135,576138,3,78
576057,576135,576138,3,78
576057,576136,576138,2,79
576057,576136,576139,3,79
576057,576133,576139,6,76
576057,576137,576139,2,80
576057,576137,576139,2,80
576057,576137,576140,3,80
576057,576137,576140,3,80
576057,576137,576140,3,80
576057,576123,576140,17,66
576057,576115,576140,25,58
576057,576122,576141,19,65
576057,576139,576141,2,82
576057,576134,576142,8,77
576057,576138,576142,4,81
576057,576138,576142,4,81
576057,576140,576142,2,83
576057,576140,576142,2,83
576057,576140,576142,2,83
576057,576140,576143,3,83
576057,576125,576142,17,68
576057,576141,576143,2,84
576057,576141,576143,2,84
576057,576130,576140,10,73
576057,576140,576144,4,83
575147,575186,576144,958,39
576057,576135,576145,10,78
576057,576141,576145,4,84
576057,576141,576146,5,84
576060,576143,576147,4,83
576057,576135,576146,11,78
576060,576143,576147,4,83
576060,576144,576147,3,84
576060,576143,576147,4,83
576060,576143,576147,4,83
576060,576145,576151,6,85
576034,576104,576151,47,70
576060,576143,576152,9,83
576060,576143,576152,9,83
576060,576144,576152,8,84
576060,576147,576152,5,87
576057,576117,576153,36,60
576057,576120,576153,33,63
576057,576141,576154,13,84
576057,576118,576155,37,61
576060,576147,576156,9,87
576060,576153,576156,3,93
576060,576148,576156,8,88
576060,576153,576156,3,93
576060,576143,576157,14,83
576060,576153,576157,4,93
576060,576153,576158,5,93
576060,576145,576158,13,85
576060,576152,576158,6,92
576060,576146,576158,12,86
576060,576144,576157,13,84
576060,576157,576160,3,97
576060,576156,576160,4,96
576060,576157,576160,3,97
576060,576148,576160,12,88
576060,576159,576161,2,99
576057,576121,576162,41,64
576057,576134,576161,27,77
576060,576160,576162,2,100
576060,576161,576163,2,101
576060,576142,576158,16,82
576060,576160,576163,3,100
576060,576162,576164,2,102
576060,576157,576163,6,97
576060,576158,576163,5,98
576060,576158,576163,5,98
576060,576161,576163,2,101
576060,576146,576164,18,86
576060,576154,576164,10,94
576060,576158,576164,6,98
576060,576152,576164,12,92
576060,576147,576160,13,87
576060,576163,576165,2,103
576060,576163,576165,2,103
576060,576162,576166,4,102
576060,576164,576166,2,104
576060,576159,576166,7,99
576060,576164,576167,3,104
576060,576165,576167,2,105
576060,576164,576166,2,104
576060,576164,576166,2,104
576060,576164,576166,2,104
576060,576166,576168,2,106
576060,576165,576168,3,105
576060,576164,576168,4,104
576060,576166,576168,2,106
576060,576167,576169,2,107
576060,576167,576169,2,107
576062,576167,576170,3,105
576057,576127,576170,43,70
576062,576167,576172,5,105
576062,576167,576172,5,105
576062,576168,576172,4,106
576060,576165,576172,7,105
576062,576169,576173,4,107
576062,576170,576173,3,108
576060,576152,576167,15,92
576062,576170,576174,4,108
576062,576169,576173,4,107
576060,576162,576174,12,102
576060,576167,576174,7,107
576062,576170,576175,5,108
576057,576130,576174,44,73
576062,576172,576177,5,110
576060,576166,576176,10,106
576060,576145,576168,23,85
576062,576172,576178,6,110
575237,575237,576179,942,0
576060,576160,576179,19,100
576062,576169,576180,11,107
576062,576172,576180,8,110
576057,576119,576181,62,62
576060,576177,576181,4,117
576062,576174,576181,7,112
576060,576155,576181,26,95
576062,576174,576182,8,112
576060,576153,576182,29,93
576062,576174,576183,9,112
576062,576178,576183,5,116
576062,576179,576183,4,117
576062,576180,576183,3,118
576062,576177,576184,7,115
576060,576166,576184,18,106
576062,576175,576185,10,113
576062,576173,576185,12,111
576060,576180,576185,5,120
576062,576178,576185,7,116
576062,576183,576186,3,121
576062,576183,576186,3,121
576062,576183,576186,3,121
576062,576183,576186,3,121
576062,576183,576186,3,121
576062,576184,576187,3,122
576062,576170,576187,17,108
576062,576182,576188,6,120
576062,576182,576188,6,120
576062,576185,576188,3,123
576062,576185,576188,3,123
576062,576186,576188,2,124
576062,576180,576188,8,118
576062,576186,576189,3,124
576062,576186,576189,3,124
576062,576186,576189,3,124
576062,576186,576189,3,124
576062,576187,576189,2,125
576062,576185,576190,5,123
576062,576187,576190,3,125
576062,576188,576190,2,126
576062,576189,576191,2,127
576062,576189,576191,2,127
576062,576189,576192,3,127
576062,576189,576192,3,127
576062,576190,576192,2,128
576062,576188,576192,4,126
576062,576190,576192,2,128
576060,576153,576188,35,93
576060,576163,576190,27,103
576062,576190,576194,4,128
576062,576191,576194,3,129
576062,576192,576194,2,130
576062,576189,576195,6,127
576062,576190,576196,6,128
576158,576193,576196,3,35
576158,576193,576197,4,35
575180,575204,576198,994,24
576158,576194,576198,4,36
576158,576195,576198,3,37
576062,576173,576198,25,111
576158,576193,576200,7,35
576158,576194,576200,6,36
576062,576188,576201,13,126
576158,576197,576202,5,39
576062,576177,576202,25,115
576062,576179,576202,23,117
576158,576197,576202,5,39
576158,576195,576204,9,37
576158,576198,576204,6,40
576158,576199,576204,5,41
576158,576199,576206,7,41
576158,576203,576206,3,45
576062,576176,576208,32,114
576158,576205,576208,3,47
576158,576205,576208,3,47
576158,576202,576208,6,44
576062,576175,576209,34,113
576062,576174,576209,35,112
576158,576202,576209,7,44
576158,576202,576209,7,44
576158,576206,576210,4,48
576158,576207,576210,3,49
576158,576204,576211,7,46
574710,574735,576211,1476,25
576062,576191,576212,21,129
576158,576193,576212,19,35
576062,576185,576213,28,123
576158,576209,576212,3,51
576158,576209,576212,3,51
576158,576193,576212,19,35
576158,576209,576213,4,51
576158,576210,576213,3,52
576158,576197,576213,16,39
576158,576211,576214,3,53
576158,576199,576213,14,41
576062,576182,576214,32,120
576158,576212,576214,2,54
576158,576212,576214,2,54
576158,576213,576215,2,55
576158,576213,576215,2,55
576158,576213,576215,2,55
576158,576213,576215,2,55
576158,576213,576216,3,55
576158,576214,576216,2,56
576158,576209,576217,8,51
576158,576210,576217,7,52
576158,576215,576217,2,57
576158,576215,576217,2,57
576158,576216,576218,2,58
576158,576216,576218,2,58
576158,576216,576218,2,58
576158,576212,576216,4,54
576158,576211,576219,8,53
576158,576216,576219,3,58
576158,576216,576218,2,58
576062,576174,576219,45,112
576158,576217,576219,2,59
576158,576201,576220,19,43
576158,576201,576220,19,43
576158,576218,576220,2,60
576158,576218,576221,3,60
576062,576183,576220,37,121
576158,576219,576221,2,61
576158,576219,576221,2,61
576158,576219,576221,2,61
576062,576182,576221,39,120
576158,576193,576221,28,35
576187,576219,576222,3,32
576187,576219,576223,4,32
576158,576193,576224,31,35
576187,576221,576224,3,34
576187,576220,576224,4,33
576187,576222,576226,4,35
576187,576221,576226,5,34
576187,576221,576226,5,34
576187,576220,576226,6,33
576158,576214,576222,8,56
576158,576214,576227,13,56
576187,576222,576227,5,35
576158,576219,576228,9,61
576158,576201,576228,27,43
576187,576222,576228,6,35
576158,576210,576223,13,52
576187,576221,576229,8,34
576158,576209,576229,20,51
576187,576222,576229,7,35
576187,576226,576230,4,39
576187,576223,576230,7,36
576187,576227,576230,3,40
576187,576228,576231,3,41
576187,576228,576233,5,41
576187,576226,576233,7,39
576187,576230,576233,3,43
576187,576230,576233,3,43
576187,576222,576233,11,35
576187,576222,576232,10,35
576158,576210,576233,23,52
576158,576218,576233,15,60
576187,576229,576234,5,42
576187,576226,576233,7,39
576187,576230,576234,4,43
576187,576230,576234,4,43
576187,576232,576235,3,45
576187,576227,576235,8,40
576062,576188,576235,47,126
576187,576233,576236,3,46
576187,576234,576236,2,47
576187,576228,576236,8,41
576187,576234,576236,2,47
576187,576225,576237,12,38
576187,576233,576236,3,46
576187,576234,576237,3,47
576187,576227,576236,9,40
576187,576235,576237,2,48
576187,576233,576238,5,46
576187,576234,576238,4,47
576187,576225,576238,13,38
576187,576235,576238,3,48
576158,576217,576238,21,59
576187,576236,576239,3,49
576187,576237,576239,2,50
576187,576237,576239,2,50
576187,576237,576239,2,50
576187,576237,576239,2,50
576187,576237,576240,3,50
576187,576238,576240,2,51
576187,576230,576240,10,43
576187,576238,576241,3,51
576187,576238,576241,3,51
576187,576229,576241,12,42
576187,576234,576241,7,47
576187,576237,576242,5,50
576187,576240,576242,2,53
576187,576240,576242,2,53
576187,576236,576242,6,49
576187,576238,576242,4,51
576187,576238,576242,4,51
576187,576240,576242,2,53
576187,576240,576243,3,53
576187,576238,576243,5,51
576187,576226,576238,12,39
576187,576237,576243,6,50
576216,576240,576244,4,24
576187,576234,576244,10,47
576216,576241,576244,3,25
576158,576215,576244,29,57
576216,576241,576245,4,25
576216,576241,576245,4,25
576216,576243,576246,3,27
576216,576243,576247,4,27
576187,576236,576247,11,49
576216,576243,576249,6,27
576216,576243,576250,7,27
576216,576243,576250,7,27
576216,576241,576250,9,25
576216,576243,576251,8,27
576216,576242,576251,9,26
576216,576247,576251,4,31
576158,576213,576251,38,55
576216,576243,576252,9,27
576216,576246,576252,6,30
576216,576249,576253,4,33
576216,576242,576253,11,26
576216,576248,576254,6,32
576187,576224,576253,29,37
576216,576245,576253,8,29
576216,576245,576254,9,29
576187,576234,576254,20,47
576187,576234,576255,21,47
576216,576252,576257,5,36
576216,576253,576257,4,37
576216,576253,576257,4,37
576216,576254,576257,3,38
576216,576254,576257,3,38
576216,576242,576255,13,26
576216,576243,576258,15,27
576216,576244,576259,15,28
576216,576250,576259,9,34
576216,576254,576259,5,38
576216,576257,576260,3,41
576216,576252,576260,8,36
576216,576257,576260,3,41
576216,576258,576260,2,42
576216,576258,576260,2,42
576216,576258,576261,3,42
576216,576250,576262,12,34
576216,576260,576262,2,44
576216,576254,576262,8,38
576216,576260,576262,2,44
576216,576260,576263,3,44
576216,576245,576263,18,29
576216,576261,576263,2,45
576216,576261,576263,2,45
576216,576260,576263,3,44
576216,576254,576263,9,38
576216,576261,576263,2,45
576216,576260,576264,4,44
576216,576259,576264,5,43
576216,576260,576264,4,44
576216,576255,576265,10,39
576216,576244,576265,21,28
576216,576263,576265,2,47
576216,576263,576266,3,47
576216,576251,576266,15,35
576216,576264,576266,2,48
576216,576264,576266,2,48
576216,576252,576267,15,36
576216,576263,576267,4,47
576216,576251,576268,17,35
576216,576265,576268,3,49
575326,575326,576269,943,0
576216,576264,576268,4,48
576216,576263,576269,6,47
576216,576264,576269,5,48
576216,576262,576270,8,46
576216,576266,576270,4,50
576216,576267,576270,3,51
576216,576264,576270,6,48
576216,576245,576271,26,29
576216,576267,576272,5,51
576216,576244,576269,25,28
576216,576252,576273,21,36
576216,576267,576273,6,51
576216,576269,576274,5,53
576216,576270,576274,4,54
576216,576271,576274,3,55
576216,576256,576272,16,40
576216,576271,576274,3,55
576216,576266,576276,10,50
576216,576269,576276,7,53
576216,576265,576276,11,49
576216,576268,576277,9,52
576216,576273,576276,3,57
576216,576274,576277,3,58
576216,576265,576276,11,49
576216,576269,576277,8,53
576216,576274,576278,4,58
576187,576220,576277,57,33
576216,576274,576278,4,58
576216,576275,576278,3,59
576216,576275,576278,3,59
576216,576276,576279,3,60
576216,576277,576279,2,61
576216,576277,576279,2,61
576216,576277,576280,3,61
576216,576274,576280,6,58
576216,576263,576275,12,47
576216,576248,576280,32,32
576216,576268,576281,13,52
576216,576276,576281,5,60
576216,576278,576281,3,62
576216,576279,576281,2,63
576216,576278,576281,3,62
576216,576280,576282,2,64
576216,576280,576282,2,64
576216,576280,576282,2,64
576216,576277,576283,6,61
576216,576278,576282,4,62
576216,576279,576282,3,63
576216,576281,576283,2,65
576216,576267,576283,16,51
576216,576282,576284,2,66
576216,576282,576284,2,66
576216,576282,576284,2,66
576216,576276,576285,9,60
576216,576282,576285,3,66
576216,576282,576285,3,66
576216,576283,576285,2,67
576216,576284,576286,2,68
576216,576283,576285,2,67
576216,576283,576285,2,67
576216,576283,576286,3,67
576216,576285,576287,2,69
576216,576285,576287,2,69
576216,576283,576287,4,67
576216,576285,576288,3,69
576216,576270,576288,18,54
576273,576286,576289,3,13
576216,576283,576290,7,67
576216,576267,576290,23,51
576273,576286,576290,4,13
576273,576286,576290,4,13
576273,576286,576291,5,13
576216,576281,576291,10,65
576273,576288,576291,3,15
576273,576288,576292,4,15
576273,576286,576293,7,13
576273,576286,576293,7,13
576273,576290,576294,4,17
576216,576258,576294,36,42
576216,576284,576294,10,68
576273,576290,576294,4,17
576273,576289,576294,5,16
576273,576288,576294,6,15
576216,576278,576296,18,62
576273,576293,576296,3,20
576273,576292,576296,4,19
576273,576291,576298,7,18
576216,576270,576297,27,54
576273,576294,576297,3,21
576273,576294,576297,3,21
576273,576295,576298,3,22
576273,576295,576298,3,22
576273,576297,576300,3,24
576273,576297,576299,2,24
576273,576294,576300,6,21
576273,576291,576301,10,18
576273,576295,576301,6,22
576273,576298,576300,2,25
575296,575310,576301,991,14
576273,576291,576301,10,18
576273,576299,576302,3,26
576273,576298,576302,4,25
576273,576300,576302,2,27
576273,576299,576302,3,26
576273,576300,576302,2,27
576273,576298,576303,5,25
576273,576298,576304,6,25
576273,576301,576304,3,28
576273,576301,576303,2,28
576273,576289,576304,15,16
576273,576302,576304,2,29
576273,576302,576305,3,29
576273,576302,576304,2,29
576273,576302,576305,3,29
576273,576295,576305,10,22
576273,576303,576305,2,30
576273,576303,576306,3,30
576216,576275,576300,25,59
576273,576303,576306,3,30
576273,576301,576306,5,28
576273,576301,576306,5,28
576273,576304,576306,2,31
576273,576304,576307,3,31
576273,576305,576307,2,32
576273,576304,576308,4,31
576273,576305,576308,3,32
576273,576305,576308,3,32
576273,576306,576308,2,33
576273,576306,576309,3,33
576273,576306,576309,3,33
576273,576307,576309,2,34
576216,576266,576308,42,50
576273,576307,576309,2,34
576273,576307,576310,3,34
576273,576305,576310,5,32
576216,576275,576311,36,59
576216,576281,576310,29,65
576273,576307,576311,4,34
576273,576308,576312,4,35
576216,576281,576306,25,65
576273,576307,576312,5,34
576273,576306,576314,8,33
576273,576303,576319,16,30
576273,576305,576319,14,32
576216,576272,576321,49,56
576273,576290,576323,33,17
576216,576270,576318,48,54
576273,576306,576318,12,33
576273,576296,576326,30,23
576273,576291,576329,38,18
576273,576295,576330,35,22
574839,574852,576325,1473,13
576327,576327,576330,3,0
576327,576327,576330,3,0
576327,576327,576330,3,0
576327,576327,576330,3,0
576327,576327,576331,4,0
576327,576327,576331,4,0
576327,576327,576331,4,0
576327,576327,576332,5,0
576327,576327,576333,6,0
576327,576331,576334,3,4
576327,576331,576334,3,4
576327,576327,576334,7,0
576327,576331,576334,3,4
576327,576332,576335,3,5
576327,576332,576334,2,5
576327,576327,576335,8,0
576327,576333,576335,2,6
576327,576332,576336,4,5
576327,576334,576337,3,7
576327,576334,576336,2,7
576327,576335,576338,3,8
576327,576335,576337,2,8
576327,576335,576338,3,8
576327,576336,576339,3,9
576327,576331,576339,8,4
576327,576335,576339,4,8
576327,576336,576340,4,9
576327,576338,576340,2,11
576327,576337,576340,3,10
576327,576337,576339,2,10
576327,576338,576340,2,11
576327,576338,576340,2,11
576327,576334,576341,7,7
576327,576337,576342,5,10
576327,576339,576342,3,12
576327,576340,576343,3,13
576327,576340,576343,3,13
576327,576340,576342,2,13
576327,576340,576344,4,13
576327,576341,576343,2,14
576327,576341,576343,2,14
576327,576340,576344,4,13
576327,576343,576346,3,16
576327,576343,576346,3,16
576327,576343,576346,3,16
576327,576344,576346,2,17
576327,576343,576346,3,16
576327,576344,576346,2,17
576327,576343,576347,4,16
576327,576327,576348,21,0
576327,576344,576348,4,17
576327,576345,576349,4,18
576327,576346,576349,3,19
576327,576347,576349,2,20
576327,576327,576350,23,0
576327,576327,576351,24,0
576327,576330,576351,21,3
576327,576327,576352,25,0
576327,576327,576353,26,0
575376,575390,576354,964,14
576327,576339,576354,15,12
576327,576327,576354,27,0
576327,576349,576356,7,22
576327,576329,576358,29,2
576327,576341,576359,18,14
576327,576327,576360,33,0
576327,576349,576361,12,22
576327,576327,576362,35,0
576327,576327,576362,35,0
576327,576327,576364,37,0
576327,576327,576364,37,0
576390,576390,576393,3,0
576390,576390,576394,4,0
576390,576390,576394,4,0
576390,576390,576393,3,0
576390,576390,576394,4,0
576390,576390,576394,4,0
576390,576390,576394,4,0
576390,576390,576395,5,0
576390,576390,576395,5,0
576390,576390,576398,8,0
576390,576394,576398,4,4
576390,576394,576399,5,4
576390,576393,576400,7,3
576390,576395,576399,4,5
576390,576395,576399,4,5
576390,576390,576401,11,0
576390,576394,576401,7,4
576390,576394,576402,8,4
576390,576394,576403,9,4
576390,576399,576403,4,9
576390,576390,576404,14,0
576390,576400,576404,4,10
576390,576390,576403,13,0
576390,576398,576404,6,8
576390,576390,576403,13,0
576390,576390,576403,13,0
576390,576400,576403,3,10
576390,576402,576405,3,12
576390,576394,576404,10,4
576390,576402,576405,3,12
576390,576390,576405,15,0
576390,576400,576406,6,10
576390,576390,576407,17,0
576390,576390,576407,17,0
576390,576404,576406,2,14
576390,576390,576407,17,0
576390,576390,576407,17,0
576390,576404,576407,3,14
576390,576405,576408,3,15
576390,576401,576407,6,11
576390,576404,576408,4,14
576390,576405,576408,3,15
576390,576405,576408,3,15
576390,576400,576408,8,10
576390,576390,576409,19,0
576390,576406,576409,3,16
576390,576404,576409,5,14
576390,576404,576409,5,14
576390,576406,576410,4,16
576390,576407,576410,3,17
576390,576404,576411,7,14
576390,576407,576411,4,17
576390,576408,576411,3,18
576390,576409,576411,2,19
576390,576404,576409,5,14
576390,576409,576411,2,19
576390,576407,576411,4,17
576390,576390,576412,22,0
576390,576408,576412,4,18
576390,576409,576412,3,19
576390,576407,576413,6,17
576390,576408,576412,4,18
576390,576390,576409,19,0
576390,576390,576414,24,0
576390,576410,576414,4,20
576390,576410,576414,4,20
576390,576410,576415,5,20
576390,576412,576416,4,22
576390,576411,576416,5,21
576390,576390,576417,27,0
576390,576412,576417,5,22
576390,576411,576418,7,21
576390,576404,576417,13,14
576390,576415,576418,3,25
576390,576415,576418,3,25
576390,576411,576418,7,21
576390,576409,576418,9,19
576390,576407,576418,11,17
576390,576412,576418,6,22
576390,576413,576419,6,23
576390,576390,576419,29,0
576390,576416,576419,3,26
576390,576412,576420,8,22
576390,576418,576420,2,28
576390,576416,576420,4,26
576390,576418,576421,3,28
576390,576418,576420,2,28
576390,576416,576420,4,26
576390,576419,576421,2,29
576390,576418,576422,4,28
576390,576407,576422,15,17
576390,576420,576422,2,30
576390,576421,576423,2,31
576390,576421,576423,2,31
576390,576421,576423,2,31
576390,576404,576420,16,14
576390,576418,576424,6,28
576390,576420,576424,4,30
576390,576421,576424,3,31
576390,576422,576424,2,32
576390,576421,576424,3,31
576390,576423,576425,2,33
576390,576424,576426,2,34
576390,576423,576426,3,33
576390,576413,576426,13,23
576390,576424,576427,3,34
576390,576420,576427,7,30
576390,576423,576427,4,33
576390,576425,576427,2,35
576390,576425,576428,3,35
576390,576413,576428,15,23
576390,576419,576428,9,29
576390,576425,576428,3,35
576390,576427,576429,2,37
576390,576426,576429,3,36
576390,576425,576429,4,35
576390,576427,576429,2,37
576390,576428,576430,2,38
576390,576427,576430,3,37
576390,576428,576430,2,38
576390,576424,576431,7,34
576390,576417,576431,14,27
576390,576427,576432,5,37
576390,576429,576432,3,39
576390,576428,576431,3,38
576390,576412,576432,20,22
576390,576429,576432,3,39
576390,576427,576433,6,37
576390,576415,576428,13,25
576390,576428,576434,6,38
576390,576419,576434,15,29
576390,576429,576436,7,39
576390,576410,576442,32,20
576390,576418,576438,20,28
576390,576412,576443,31,22
576390,576412,576448,36,22
576390,576420,576449,29,30
576390,576423,576448,25,33
576390,576415,576450,35,25
576390,576424,576453,29,34
575041,575065,576529,1464,24
576530,576530,576533,3,0
576530,576530,576533,3,0
576530,576530,576534,4,0
576530,576530,576534,4,0
576530,576530,576535,5,0
576530,576530,576535,5,0
576530,576530,576535,5,0
576530,576530,576537,7,0
576530,576530,576538,8,0
576530,576533,576538,5,3
576530,576535,576539,4,5
576530,576534,576539,5,4
576530,576534,576539,5,4
576530,576535,576539,4,5
576530,576530,576539,9,0
576530,576530,576540,10,0
576530,576533,576540,7,3
576530,576535,576539,4,5
576530,576530,576541,11,0
576530,576539,576542,3,9
576530,576530,576543,13,0
576530,576539,576543,4,9
576530,576537,576543,6,7
576530,576540,576543,3,10
576530,576541,576543,2,11
576530,576540,576544,4,10
576530,576540,576544,4,10
576530,576539,576544,5,9
576530,576540,576544,4,10
576530,576540,576545,5,10
576530,576543,576545,2,13
576530,576540,576546,6,10
576530,576544,576546,2,14
576530,576544,576546,2,14
576530,576530,576547,17,0
576530,576543,576547,4,13
576530,576545,576547,2,15
576530,576545,576548,3,15
576530,576530,576547,17,0
576530,576547,576549,2,17
576530,576546,576549,3,16
576530,576546,576549,3,16
576530,576544,576550,6,14
576530,576544,576550,6,14
576530,576548,576550,2,18
576530,576530,576549,19,0
576530,576545,576551,6,15
576530,576530,576551,21,0
576530,576530,576551,21,0
576530,576530,576551,21,0
576530,576541,576551,10,11
576530,576546,576551,5,16
576530,576530,576551,21,0
576530,576549,576551,2,19
576530,576548,576552,4,18
576530,576550,576552,2,20
576530,576550,576552,2,20
576530,576550,576552,2,20
576530,576551,576553,2,21
576530,576530,576554,24,0
576530,576530,576554,24,0
576530,576547,576555,8,17
576530,576530,576557,27,0
576530,576548,576557,9,18
576530,576551,576557,6,21
576530,576530,576558,28,0
576530,576549,576561,12,19
576530,576545,576563,18,15
576530,576550,576564,14,20
576530,576530,576578,48,0
575674,575696,576674,978,22
576676,576676,576680,4,0
576676,576676,576680,4,0
576676,576676,576681,5,0
576676,576676,576681,5,0
576676,576676,576681,5,0
576676,576676,576681,5,0
576676,576676,576682,6,0
576676,576680,576682,2,4
576676,576676,576683,7,0
576676,576676,576682,6,0
576676,576680,576684,4,4
576676,576681,576684,3,5
576676,576681,576684,3,5
576676,576682,576684,2,6
576676,576676,576685,9,0
576676,576681,576685,4,5
576676,576682,576685,3,6
576676,576682,576686,4,6
576676,576684,576686,2,8
576676,576684,576686,2,8
576676,576684,576687,3,8
576676,576684,576687,3,8
576676,576683,576687,4,7
576676,576676,576688,12,0
576676,576686,576688,2,10
576676,576686,576688,2,10
576676,576676,576689,13,0
576676,576685,576689,4,9
576676,576683,576689,6,7
576676,576676,576690,14,0
576676,576687,576690,3,11
576676,576689,576690,1,13
576676,576688,576691,3,12
576676,576689,576691,2,13
576676,576676,576691,15,0
576676,576687,576691,4,11
576676,576686,576691,5,10
576676,576688,576692,4,12
576676,576691,576692,1,15
576676,576688,576692,4,12
576676,576676,576693,17,0
576676,576685,576693,8,9
576676,576689,576693,4,13
576676,576691,576693,2,15
576676,576690,576694,4,14
576676,576691,576694,3,15
576676,576693,576694,1,17
576676,576691,576694,3,15
576676,576691,576694,3,15
576676,576691,576695,4,15
576676,576691,576695,4,15
576676,576689,576695,6,13
576676,576676,576694,18,0
576676,576693,576696,3,17
576676,576676,576696,20,0
576676,576692,576696,4,16
576676,576693,576696,3,17
576676,576694,576696,2,18
576676,576693,576697,4,17
576676,576689,576698,9,13
576676,576676,576700,24,0
576676,576693,576699,6,17
576676,576694,576701,7,18
576676,576676,576702,26,0
576676,576676,576702,26,0
576676,576676,576703,27,0
576676,576676,576703,27,0
576676,576676,576703,27,0
576676,576676,576707,31,0
576676,576676,576711,35,0
575811,575830,576817,987,19
576818,576818,576822,4,0
576818,576818,576822,4,0
576818,576818,576822,4,0
576818,576818,576822,4,0
576818,576818,576823,5,0
576818,576818,576823,5,0
576818,576818,576823,5,0
576818,576818,576823,5,0
576818,576818,576824,6,0
576818,576823,576824,1,5
576818,576823,576824,1,5
576818,576818,576825,7,0
576818,576818,576825,7,0
576818,576823,576825,2,5
576818,576818,576826,8,0
576818,576825,576826,1,7
576818,576825,576826,1,7
576818,576818,576827,9,0
576818,576826,576828,2,8
576818,576826,576828,2,8
576818,576823,576828,5,5
576818,576824,576828,4,6
576818,576823,576827,4,5
576818,576826,576828,2,8
576818,576827,576829,2,9
576818,576827,576829,2,9
576818,576822,576829,7,4
576818,576818,576830,12,0
576818,576818,576830,12,0
576818,576827,576830,3,9
576818,576829,576830,1,11
576818,576829,576831,2,11
576818,576828,576832,4,10
576818,576829,576831,2,11
576818,576824,576832,8,6
576818,576818,576832,14,0
576818,576819,576832,13,1
576818,576829,576832,3,11
576818,576829,576832,3,11
576818,576829,576832,3,11
576818,576831,576833,2,13
576818,576831,576833,2,13
576818,576829,576833,4,11
576818,576832,576834,2,14
576818,576833,576835,2,15
576818,576833,576835,2,15
576818,576832,576835,3,14
576818,576830,576833,3,12
576818,576829,576836,7,11
576818,576833,576836,3,15
576818,576834,576836,2,16
576818,576835,576837,2,17
576818,576818,576837,19,0
576818,576818,576837,19,0
576818,576831,576837,6,13
576818,576818,576837,19,0
576818,576833,576837,4,15
576818,576833,576837,4,15
576818,576833,576838,5,15
576818,576831,576839,8,13
576818,576834,576838,4,16
576818,576818,576839,21,0
576818,576818,576839,21,0
576818,576818,576840,22,0
576818,576831,576840,9,13
576818,576833,576841,8,15
576818,576818,576843,25,0
576818,576833,576843,10,15
576818,576824,576854,30,6
575887,575904,576865,961,17
576818,576818,576869,51,0
576866,576867,576870,3,1
576866,576867,576870,3,1
576866,576867,576870,3,1
576866,576867,576870,3,1
576866,576866,576871,5,0
576866,576867,576871,4,1
576866,576867,576871,4,1
576866,576867,576871,4,1
576866,576866,576872,6,0
576866,576871,576872,1,5
576866,576867,576873,6,1
576866,576867,576873,6,1
576866,576871,576873,2,5
576866,576866,576874,8,0
576866,576871,576874,3,5
576866,576872,576874,2,6
576866,576872,576874,2,6
576866,576872,576874,2,6
576866,576867,576875,8,1
576866,576871,576875,4,5
576866,576873,576875,2,7
576866,576874,576876,2,8
576866,576872,576876,4,6
576866,576867,576876,9,1
576866,576874,576877,3,8
576866,576873,576876,3,7
576866,576867,576877,10,1
576866,576874,576877,3,8
576866,576875,576877,2,9
576866,576876,576878,2,10
576866,576875,576878,3,9
576866,576875,576878,3,9
576866,576876,576878,2,10
576866,576877,576880,3,11
576866,576878,576880,2,12
576866,576878,576880,2,12
576866,576876,576880,4,10
576866,576877,576881,4,11
576866,576878,576880,2,12
576866,576878,576881,3,12
576866,576879,576881,2,13
576866,576876,576879,3,10
576866,576877,576880,3,11
576866,576879,576882,3,13
576866,576880,576882,2,14
576866,576870,576882,12,4
576866,576880,576883,3,14
576866,576881,576883,2,15
576866,576882,576884,2,16
576866,576881,576883,2,15
576866,576881,576884,3,15
576866,576867,576884,17,1
576866,576867,576884,17,1
576866,576867,576884,17,1
576866,576881,576884,3,15
576866,576882,576885,3,16
576866,576882,576885,3,16
576866,576867,576885,18,1
576866,576881,576885,4,15
576866,576881,576885,4,15
576866,576867,576886,19,1
576866,576878,576887,9,12
576866,576877,576887,10,11
576866,576875,576894,19,9
576866,576875,576894,19,9
576866,576867,576895,28,1
576866,576867,576895,28,1
576866,576881,576895,14,15
576866,576867,576896,29,1
576866,576867,576904,37,1
576033,576068,577049,981,35
577050,577050,577054,4,0
577050,577050,577053,3,0
577050,577050,577053,3,0
577050,577050,577053,3,0
577050,577050,577053,3,0
577050,577050,577054,4,0
577050,577050,577054,4,0
577050,577050,577054,4,0
577050,577050,577054,4,0
577050,577050,577054,4,0
577050,577050,577054,4,0
577050,577050,577054,4,0
577050,577050,577054,4,0
577050,577050,577055,5,0
577050,577054,577056,2,4
577050,577050,577056,6,0
577050,577054,577056,2,4
577050,577055,577057,2,5
577050,577050,577057,7,0
577050,577055,577057,2,5
577050,577050,577058,8,0
577050,577054,577057,3,4
577050,577055,577057,2,5
577050,577050,577058,8,0
577050,577055,577057,2,5
577050,577055,577057,2,5
577050,577056,577058,2,6
577050,577054,577058,4,4
577050,577055,577059,4,5
577050,577056,577059,3,6
577050,577055,577058,3,5
577050,577057,577059,2,7
577050,577055,577059,4,5
577050,577050,577060,10,0
577050,577050,577059,9,0
577050,577057,577059,2,7
577050,577058,577060,2,8
577050,577058,577060,2,8
577050,577054,577060,6,4
577050,577058,577061,3,8
577050,577058,577060,2,8
577050,577059,577061,2,9
577050,577058,577061,3,8
577050,577058,577061,3,8
577050,577060,577062,2,10
577050,577059,577063,4,9
577050,577057,577062,5,7
577050,577058,577062,4,8
577050,577059,577062,3,9
577050,577060,577062,2,10
577050,577060,577062,2,10
577050,577050,577062,12,0
577050,577061,577063,2,11
577050,577059,577063,4,9
577050,577058,577064,6,8
577050,577059,577063,4,9
577050,577061,577064,3,11
577050,577061,577063,2,11
577050,577062,577064,2,12
577050,577061,577064,3,11
577050,577060,577064,4,10
577050,577050,577065,15,0
577050,577062,577065,3,12
577050,577062,577065,3,12
577050,577058,577062,4,8
577050,577050,577069,19,0
577050,577060,577070,10,10
577050,577060,577070,10,10
577050,577050,577072,22,0
577050,577050,577080,30,0
576059,576142,577093,951,83
576037,576113,577094,981,76
577110,577110,577113,3,0
577110,577110,577114,4,0
577110,577110,577114,4,0
577110,577110,577114,4,0
577110,577110,577114,4,0
577110,577110,577115,5,0
577110,577110,577114,4,0
577110,577110,577115,5,0
577110,577110,577115,5,0
577110,577110,577115,5,0
577110,577110,577115,5,0
577110,577110,577115,5,0
577110,577110,577114,4,0
577110,577110,577114,4,0
577110,577110,577114,4,0
577110,577110,577116,6,0
577110,577114,577116,2,4
577110,577113,577116,3,3
577110,577110,577116,6,0
577110,577114,577117,3,4
577110,577115,577117,2,5
577110,577115,577118,3,5
577110,577115,577118,3,5
577110,577115,577118,3,5
577110,577116,577118,2,6
577110,577115,577118,3,5
577110,577117,577118,1,7
577110,577115,577119,4,5
577110,577117,577119,2,7
577110,577118,577119,1,8
577110,577115,577120,5,5
577110,577116,577120,4,6
577110,577115,577120,5,5
577110,577115,577120,5,5
577110,577118,577120,2,8
577110,577119,577121,2,9
577110,577119,577121,2,9
577110,577119,577121,2,9
577110,577114,577121,7,4
577110,577114,577121,7,4
577110,577119,577121,2,9
577110,577119,577121,2,9
577110,577119,577121,2,9
577110,577120,577122,2,10
577110,577120,577122,2,10
577110,577121,577123,2,11
577110,577117,577121,4,7
576061,576167,577122,955,106
577110,577121,577123,2,11
577110,577121,577123,2,11
577110,577121,577123,2,11
577110,577120,577124,4,10
577110,577122,577124,2,12
577110,577122,577124,2,12
577110,577122,577124,2,12
577110,577122,577124,2,12
577110,577120,577124,4,10
577110,577122,577124,2,12
577110,577120,577125,5,10
577110,577121,577125,4,11
577110,577121,577125,4,11
577110,577123,577126,3,13
577110,577110,577116,6,0
577110,577123,577126,3,13
577110,577125,577127,2,15
577110,577125,577127,2,15
577110,577125,577127,2,15
577110,577123,577127,4,13
577110,577125,577127,2,15
577110,577125,577127,2,15
577110,577123,577127,4,13
577110,577123,577128,5,13
577110,577121,577128,7,11
577110,577121,577128,7,11
577110,577124,577129,5,14
577110,577127,577129,2,17
577110,577127,577129,2,17
577110,577127,577129,2,17
577110,577126,577130,4,16
577110,577125,577129,4,15
577110,577128,577130,2,18
577110,577110,577125,15,0
577110,577125,577130,5,15
577110,577126,577130,4,16
577110,577128,577130,2,18
577110,577128,577130,2,18
577110,577128,577130,2,18
577110,577129,577131,2,19
577110,577128,577130,2,18
577110,577110,577129,19,0
576063,576192,577132,940,129
577110,577128,577132,4,18
577110,577128,577131,3,18
577110,577129,577131,2,19
577110,577129,577131,2,19
577110,577129,577131,2,19
577110,577130,577132,2,20
577110,577129,577132,3,19
577110,577110,577132,22,0
577110,577130,577132,2,20
577110,577131,577133,2,21
577110,577131,577133,2,21
577110,577130,577133,3,20
577110,577131,577133,2,21
577110,577131,577133,2,21
577110,577131,577133,2,21
577110,577132,577134,2,22
577110,577132,577134,2,22
577110,577125,577134,9,15
577110,577132,577135,3,22
577110,577132,577134,2,22
577110,577132,577135,3,22
577110,577132,577134,2,22
577110,577133,577135,2,23
577110,577132,577135,3,22
577110,577133,577135,2,23
577110,577131,577135,4,21
577110,577131,577135,4,21
577110,577110,577134,24,0
577110,577133,577136,3,23
577110,577134,577136,2,24
577110,577134,577136,2,24
577110,577134,577136,2,24
577110,577134,577136,2,24
577110,577134,577136,2,24
577110,577110,577136,26,0
577110,577133,577136,3,23
577110,577135,577138,3,25
577110,577135,577138,3,25
577110,577135,577137,2,25
577110,577129,577135,6,19
577110,577133,577136,3,23
577110,577135,577137,2,25
577110,577135,577138,3,25
577110,577110,577138,28,0
577110,577132,577138,6,22
577110,577134,577139,5,24
577110,577110,577137,27,0
577110,577135,577140,5,25
577124,577138,577140,2,14
577124,577138,577140,2,14
577124,577136,577140,4,12
577124,577137,577141,4,13
577124,577138,577141,3,14
577124,577138,577141,3,14
577124,577138,577140,2,14
577124,577136,577141,5,12
577124,577136,577141,5,12
577124,577137,577142,5,13
577124,577137,577141,4,13
577124,577140,577142,2,16
577124,577136,577142,6,12
577124,577140,577143,3,16
577124,577141,577143,2,17
577124,577136,577143,7,12
577124,577136,577143,7,12
577124,577139,577144,5,15
577124,577141,577144,3,17
577124,577141,577144,3,17
577124,577141,577144,3,17
577124,577141,577144,3,17
577124,577141,577144,3,17
577124,577140,577144,4,16
577124,577142,577145,3,18
577124,577142,577145,3,18
577124,577143,577145,2,19
577124,577144,577146,2,20
577124,577143,577145,2,19
577124,577138,577143,5,14
577124,577144,577146,2,20
577124,577144,577147,3,20
577124,577142,577146,4,18
577124,577144,577147,3,20
577124,577144,577147,3,20
577124,577144,577147,3,20
577124,577144,577147,3,20
577124,577145,577147,2,21
577124,577146,577148,2,22
577124,577146,577148,2,22
577124,577145,577148,3,21
577124,577145,577147,2,21
577124,577146,577148,2,22
577124,577147,577149,2,23
577110,577133,577143,10,23
577124,577148,577150,2,24
577124,577144,577150,6,20
577124,577147,577150,3,23
577124,577147,577150,3,23
577124,577147,577150,3,23
577124,577148,577150,2,24
577124,577138,577150,12,14
577124,577147,577150,3,23
577124,577148,577150,2,24
577124,577148,577150,2,24
577124,577144,577150,6,20
577124,577145,577150,5,21
577110,577130,577151,21,20
577124,577147,577151,4,23
577124,577148,577151,3,24
577124,577148,577150,2,24
577110,577127,577144,17,17
577124,577148,577152,4,24
577124,577150,577152,2,26
577134,577152,577154,2,18
577134,577152,577154,2,18
577134,577151,577155,4,17
577134,577153,577155,2,19
577134,577151,577155,4,17
577134,577151,577155,4,17
577134,577151,577156,5,17
577124,577150,577156,6,26
577134,577151,577156,5,17
577134,577155,577157,2,21
577134,577155,577157,2,21
577124,577151,577157,6,27
577134,577155,577157,2,21
577134,577151,577157,6,17
577134,577156,577157,1,22
577134,577153,577157,4,19
577124,577136,577156,20,12
577134,577156,577158,2,22
577134,577151,577158,7,17
577134,577155,577158,3,21
577124,577137,577158,21,13
577134,577151,577158,7,17
577134,577156,577159,3,22
577134,577157,577160,3,23
577134,577152,577160,8,18
577134,577158,577160,2,24
577134,577157,577160,3,23
577134,577158,577160,2,24
577134,577157,577160,3,23
577134,577151,577161,10,17
577134,577158,577161,3,24
577134,577158,577162,4,24
577134,577158,577162,4,24
577134,577151,577162,11,17
577134,577160,577162,2,26
577124,577152,577163,11,28
577134,577161,577163,2,27
577124,577151,577163,12,27
577134,577158,577163,5,24
577134,577161,577164,3,27
577134,577161,577164,3,27
577134,577161,577164,3,27
577134,577156,577164,8,22
577124,577139,577163,24,15
577134,577159,577164,5,25
577134,577162,577164,2,28
577134,577162,577164,2,28
577124,577139,577160,21,15
577134,577160,577165,5,26
577134,577163,577166,3,29
577134,577163,577166,3,29
577134,577164,577166,2,30
577134,577164,577167,3,30
577134,577164,577167,3,30
577134,577158,577167,9,24
577134,577159,577167,8,25
577134,577164,577167,3,30
577134,577164,577167,3,30
577134,577165,577167,2,31
577134,577160,577165,5,26
577134,577164,577167,3,30
577134,577165,577168,3,31
577134,577165,577169,4,31
577134,577166,577168,2,32
577134,577165,577169,4,31
577134,577167,577169,2,33
577134,577167,577170,3,33
577134,577167,577170,3,33
577134,577164,577170,6,30
577134,577166,577170,4,32
577134,577163,577170,7,29
577134,577167,577170,3,33
577134,577162,577173,11,28
577134,577164,577172,8,30
577124,577139,577173,34,15
577134,577159,577174,15,25
577134,577151,577177,26,17
577134,577158,577180,22,24
577134,577165,577181,16,31
576274,576308,577261,953,34
577263,577263,577265,2,0
577263,577263,577265,2,0
577263,577263,577265,2,0
577263,577263,577267,4,0
577263,577263,577267,4,0
577263,577263,577267,4,0
577263,577263,577268,5,0
577263,577265,577267,2,2
577263,577265,577267,2,2
577263,577263,577268,5,0
577263,577263,577268,5,0
577263,577263,577269,6,0
577263,577266,577269,3,3
577263,577263,577269,6,0
577263,577263,577269,6,0
577263,577263,577270,7,0
577263,577263,577269,6,0
577263,577263,577269,6,0
577263,577263,577271,8,0
577263,577268,577270,2,5
577263,577267,577270,3,4
577263,577263,577270,7,0
577263,577263,577269,6,0
577263,577263,577271,8,0
577263,577269,577272,3,6
577263,577268,577271,3,5
577263,577269,577272,3,6
577263,577269,577272,3,6
577263,577269,577272,3,6
577263,577270,577273,3,7
577263,577268,577272,4,5
577263,577270,577274,4,7
577263,577271,577274,3,8
577263,577271,577274,3,8
577263,577268,577274,6,5
577263,577268,577275,7,5
577263,577272,577274,2,9
577263,577273,577275,2,10
577263,577271,577275,4,8
577263,577272,577274,2,9
577263,577272,577274,2,9
577263,577270,577275,5,7
577263,577271,577276,5,8
577263,577273,577276,3,10
577263,577273,577275,2,10
577263,577273,577276,3,10
577263,577269,577275,6,6
577263,577269,577276,7,6
577263,577274,577276,2,11
577263,577274,577276,2,11
577263,577275,577277,2,12
577263,577274,577277,3,11
577263,577263,577275,12,0
577263,577275,577277,2,12
577263,577275,577277,2,12
577263,577275,577277,2,12
576188,576240,577278,1038,52
577263,577276,577279,3,13
577263,577276,577278,2,13
577263,577276,577278,2,13
577263,577263,577280,17,0
577263,577275,577279,4,12
577263,577275,577279,4,12
577263,577276,577280,4,13
577263,577275,577281,6,12
577263,577263,577281,18,0
577280,577280,577282,2,0
577280,577280,577282,2,0
577280,577280,577283,3,0
577263,577263,577282,19,0
577280,577280,577283,3,0
577280,577280,577284,4,0
577280,577280,577284,4,0
577280,577280,577283,3,0
577280,577280,577284,4,0
577280,577280,577284,4,0
577280,577280,577284,4,0
577280,577280,577284,4,0
577280,577280,577285,5,0
577280,577280,577285,5,0
577263,577263,577284,21,0
577280,577283,577286,3,3
577280,577283,577286,3,3
577280,577280,577284,4,0
577280,577280,577286,6,0
577280,577283,577287,4,3
577280,577284,577286,2,4
577280,577280,577287,7,0
577280,577284,577287,3,4
577280,577280,577287,7,0
577280,577285,577288,3,5
577280,577282,577288,6,2
577263,577272,577281,9,9
577263,577272,577288,16,9
577280,577280,577287,7,0
577280,577285,577288,3,5
577280,577285,577289,4,5
577280,577286,577289,3,6
577280,577286,577290,4,6
577280,577287,577290,3,7
577280,577287,577290,3,7
577280,577287,577290,3,7
577280,577285,577291,6,5
577280,577288,577291,3,8
577280,577288,577291,3,8
577280,577289,577291,2,9
577280,577285,577291,6,5
577280,577288,577291,3,8
577280,577288,577291,3,8
577280,577289,577291,2,9
577280,577289,577291,2,9
577280,577288,577292,4,8
577280,577284,577291,7,4
577280,577285,577293,8,5
577280,577290,577293,3,10
577280,577290,577293,3,10
577280,577290,577293,3,10
577280,577290,577293,3,10
577280,577291,577293,2,11
577280,577286,577293,7,6
577280,577282,577286,4,2
577280,577291,577294,3,11
577263,577263,577291,28,0
577280,577289,577293,4,9
577280,577291,577293,2,11
577280,577292,577294,2,12
577280,577292,577294,2,12
577280,577292,577295,3,12
577280,577292,577294,2,12
577280,577293,577296,3,13
577280,577293,577296,3,13
577280,577292,577296,4,12
577280,577291,577297,6,11
577280,577292,577297,5,12
577280,577293,577298,5,13
577280,577283,577298,15,3
577280,577293,577298,5,13
577280,577284,577301,17,4
577280,577286,577303,17,6
577280,577289,577304,15,9
577280,577289,577311,22,9
576328,576347,577321,974,19
577323,577323,577326,3,0
577323,577323,577325,2,0
577323,577323,577326,3,0
577323,577323,577326,3,0
577323,577323,577327,4,0
577323,577323,577328,5,0
577323,577323,577328,5,0
577323,577323,577328,5,0
577323,577323,577328,5,0
577323,577323,577329,6,0
577323,577323,577329,6,0
577323,577323,577329,6,0
577323,577323,577329,6,0
577323,577326,577329,3,3
577323,577323,577329,6,0
577323,577323,577329,6,0
577323,577326,577330,4,3
577323,577326,577330,4,3
577323,577327,577330,3,4
577323,577323,577331,8,0
577323,577329,577331,2,6
577323,577323,577332,9,0
577323,577329,577332,3,6
577323,577323,577332,9,0
577323,577330,577332,2,7
577323,577329,577332,3,6
577323,577323,577332,9,0
577323,577329,577333,4,6
577323,577330,577333,3,7
577323,577330,577333,3,7
577323,577331,577333,2,8
577323,577330,577333,3,7
577323,577331,577334,3,8
577323,577327,577334,7,4
577323,577323,577334,11,0
577323,577323,577335,12,0
577323,577331,577334,3,8
577323,577332,577334,2,9
577323,577329,577335,6,6
577323,577329,577335,6,6
577323,577333,577336,3,10
577323,577333,577335,2,10
577323,577334,577336,2,11
577323,577333,577335,2,10
577323,577334,577336,2,11
577323,577334,577336,2,11
577323,577334,577336,2,11
577323,577334,577336,2,11
577323,577335,577337,2,12
577323,577335,577337,2,12
577323,577336,577338,2,13
577323,577336,577338,2,13
577323,577336,577338,2,13
577323,577335,577337,2,12
577323,577336,577338,2,13
577323,577336,577339,3,13
577323,577330,577335,5,7
577323,577333,577340,7,10
577323,577336,577340,4,13
577323,577333,577340,7,10
577323,577323,577334,11,0
577323,577323,577341,18,0
577323,577336,577341,5,13
577323,577323,577341,18,0
577323,577335,577344,9,12
577323,577323,577344,21,0
577323,577333,577346,13,10
577323,577332,577349,17,9
577323,577335,577349,14,12
577323,577335,577362,27,12
575963,575985,577460,1475,22
577461,577461,577465,4,0
577461,577461,577465,4,0
577461,577461,577465,4,0
577461,577461,577466,5,0
577461,577461,577466,5,0
577461,577461,577465,4,0
577461,577461,577466,5,0
577461,577461,577465,4,0
577461,577461,577466,5,0
577461,577461,577466,5,0
577461,577461,577466,5,0
577461,577461,577467,6,0
577461,577461,577467,6,0
577461,577461,577467,6,0
577461,577465,577468,3,4
577461,577466,577468,2,5
577461,577466,577469,3,5
577461,577465,577469,4,4
577461,577461,577469,8,0
577461,577461,577469,8,0
577461,577461,577469,8,0
577461,577466,577469,3,5
577461,577466,577469,3,5
577461,577466,577469,3,5
577461,577467,577469,2,6
577461,577466,577469,3,5
577461,577466,577469,3,5
577461,577467,577469,2,6
577461,577461,577470,9,0
577461,577468,577470,2,7
577461,577466,577471,5,5
577461,577465,577471,6,4
577461,577469,577471,2,8
577461,577470,577471,1,9
577461,577461,577472,11,0
577461,577469,577472,3,8
577461,577468,577472,4,7
577461,577470,577472,2,9
577461,577469,577472,3,8
577461,577469,577472,3,8
577461,577470,577472,2,9
577461,577471,577472,1,10
577461,577469,577473,4,8
577461,577472,577474,2,11
577461,577472,577473,1,11
577461,577470,577473,3,9
577461,577468,577474,6,7
577461,577470,577474,4,9
577461,577469,577474,5,8
577461,577473,577475,2,12
577461,577472,577475,3,11
577461,577461,577475,14,0
577461,577471,577475,4,10
577461,577469,577475,6,8
577461,577473,577475,2,12
577461,577473,577475,2,12
577461,577473,577475,2,12
577461,577473,577475,2,12
577461,577473,577475,2,12
577461,577474,577476,2,13
577461,577474,577476,2,13
577461,577473,577477,4,12
577461,577471,577477,6,10
577461,577469,577478,9,8
577461,577461,577477,16,0
577461,577461,577483,22,0
577461,577461,577483,22,0
577461,577472,577486,14,11
577461,577461,577488,27,0
577461,577461,577493,32,0
576391,576429,577511,1082,38
577521,577521,577523,2,0
577521,577521,577524,3,0
577521,577521,577524,3,0
577521,577521,577525,4,0
577521,577521,577525,4,0
577521,577521,577525,4,0
577521,577521,577525,4,0
577521,577521,577525,4,0
577521,577521,577525,4,0
577521,577521,577526,5,0
577521,577521,577526,5,0
577521,577521,577526,5,0
577521,577521,577527,6,0
577521,577524,577527,3,3
577521,577521,577526,5,0
577521,577521,577529,8,0
577521,577521,577529,8,0
577521,577524,577528,4,3
577521,577521,577528,7,0
577521,577526,577529,3,5
577521,577526,577529,3,5
577521,577521,577529,8,0
577521,577527,577530,3,6
577521,577526,577529,3,5
577521,577526,577529,3,5
577521,577526,577529,3,5
577521,577526,577529,3,5
577521,577527,577530,3,6
577521,577527,577531,4,6
577521,577525,577531,6,4
577521,577521,577531,10,0
577521,577521,577532,11,0
577521,577529,577532,3,8
577521,577529,577532,3,8
577521,577529,577531,2,8
577521,577529,577532,3,8
577521,577530,577532,2,9
577521,577530,577533,3,9
577521,577530,577532,2,9
577521,577530,577532,2,9
577521,577530,577532,2,9
577521,577530,577532,2,9
577521,577532,577534,2,11
577521,577533,577535,2,12
577521,577532,577534,2,11
577521,577533,577535,2,12
577521,577526,577536,10,5
577521,577527,577535,8,6
577521,577529,577536,7,8
577521,577533,577535,2,12
577521,577533,577535,2,12
577521,577532,577535,3,11
577521,577533,577535,2,12
577521,577533,577535,2,12
577521,577533,577536,3,12
577521,577534,577536,2,13
577521,577532,577536,4,11
577521,577529,577537,8,8
577521,577532,577536,4,11
577521,577530,577537,7,9
577521,577535,577538,3,14
577521,577535,577538,3,14
577521,577521,577532,11,0
577521,577532,577543,11,11
577521,577521,577545,24,0
577521,577521,577544,23,0
576449,576449,577547,1098,0
577521,577527,577548,21,6
577521,577532,577548,16,11
577521,577521,577549,28,0
577549,577549,577552,3,0
577549,577549,577552,3,0
577521,577521,577552,31,0
577549,577549,577553,4,0
577549,577549,577554,5,0
577549,577549,577555,6,0
577549,577549,577555,6,0
577549,577549,577555,6,0
577549,577549,577555,6,0
577549,577549,577555,6,0
577549,577549,577556,7,0
577549,577549,577556,7,0
577549,577549,577556,7,0
577549,577549,577555,6,0
577549,577549,577556,7,0
577549,577552,577556,4,3
577549,577549,577557,8,0
577549,577552,577557,5,3
577549,577554,577558,4,5
577549,577549,577559,10,0
577549,577556,577559,3,7
577549,577556,577559,3,7
577549,577555,577559,4,6
577549,577555,577559,4,6
577549,577549,577560,11,0
577549,577556,577560,4,7
577549,577557,577560,3,8
577549,577555,577561,6,6
577549,577557,577561,4,8
577549,577558,577561,3,9
577549,577557,577561,4,8
577549,577555,577562,7,6
577549,577560,577562,2,11
577549,577558,577562,4,9
577549,577560,577562,2,11
577549,577560,577562,2,11
577549,577560,577562,2,11
577549,577549,577561,12,0
577549,577549,577561,12,0
577549,577561,577563,2,12
577549,577562,577564,2,13
577549,577556,577564,8,7
577549,577561,577564,3,12
577549,577562,577564,2,13
577549,577562,577564,2,13
577549,577562,577565,3,13
577549,577563,577565,2,14
577549,577563,577565,2,14
577549,577563,577565,2,14
577549,577563,577565,2,14
577549,577563,577565,2,14
577549,577549,577566,17,0
577549,577562,577566,4,13
577549,577559,577566,7,10
577549,577549,577561,12,0
577549,577564,577566,2,15
577549,577564,577566,2,15
577549,577565,577567,2,16
577549,577565,577567,2,16
577549,577565,577568,3,16
577549,577549,577566,17,0
577549,577557,577570,13,8
577549,577549,577570,21,0
577549,577566,577571,5,17
577549,577565,577572,7,16
577549,577553,577573,20,4
577549,577560,577575,15,11
577549,577549,577576,27,0
577549,577553,577581,28,4
576677,576694,577582,888,17
576035,576112,577587,1475,77
576039,576113,577588,1475,74
577589,577589,577592,3,0
577589,577589,577592,3,0
577589,577589,577592,3,0
577589,577589,577592,3,0
577589,577589,577592,3,0
577589,577589,577593,4,0
577589,577589,577593,4,0
577589,577589,577593,4,0
577589,577589,577593,4,0
577589,577589,577593,4,0
577589,577589,577593,4,0
577589,577589,577594,5,0
577589,577589,577594,5,0
577589,577593,577595,2,4
577589,577593,577595,2,4
577589,577589,577595,6,0
577589,577589,577595,6,0
577589,577594,577596,2,5
577589,577589,577595,6,0
577589,577593,577595,2,4
577589,577593,577595,2,4
577589,577593,577595,2,4
577549,577563,577597,34,14
577589,577594,577596,2,5
577589,577594,577596,2,5
577589,577594,577596,2,5
577589,577594,577598,4,5
577589,577596,577598,2,7
577589,577595,577597,2,6
577589,577595,577597,2,6
577589,577589,577598,9,0
577589,577589,577598,9,0
577589,577595,577599,4,6
577589,577594,577598,4,5
577589,577596,577598,2,7
577589,577596,577598,2,7
577589,577596,577598,2,7
577589,577597,577599,2,8
577589,577597,577599,2,8
577589,577598,577600,2,9
577589,577597,577599,2,8
577589,577598,577600,2,9
577589,577595,577600,5,6
577589,577596,577601,5,7
577589,577598,577601,3,9
577589,577599,577601,2,10
577589,577600,577602,2,11
577589,577599,577601,2,10
577589,577599,577602,3,10
577589,577599,577602,3,10
577589,577596,577602,6,7
577589,577596,577602,6,7
577589,577599,577603,4,10
577589,577600,577602,2,11
577589,577600,577602,2,11
577589,577600,577602,2,11
577589,577589,577599,10,0
577589,577598,577603,5,9
577549,577563,577599,36,14
577589,577602,577604,2,13
577589,577602,577604,2,13
577589,577601,577604,3,12
577589,577602,577604,2,13
577589,577602,577604,2,13
577589,577599,577605,6,10
577589,577601,577605,4,12
577589,577603,577605,2,14
577589,577602,577605,3,13
577589,577603,577605,2,14
577589,577589,577606,17,0
577589,577601,577606,5,12
577589,577603,577607,4,14
577589,577604,577607,3,15
577589,577603,577606,3,14
577589,577605,577611,6,16
577589,577589,577612,23,0
577589,577597,577604,7,8
577589,577603,577612,9,14
577589,577603,577611,8,14
577589,577589,577613,24,0
577589,577604,577614,10,15
577589,577604,577614,10,15
577589,577604,577616,12,15
577589,577604,577616,12,15
577589,577589,577605,16,0
577589,577605,577619,14,16
577589,577605,577619,14,16
577589,577599,577615,16,10
577589,577604,577615,11,15
577589,577589,577616,27,0
577589,577612,577620,8,23
577589,577608,577621,13,19
577589,577620,577621,1,31
577589,577607,577622,15,18
577589,577619,577622,3,30
577589,577621,577623,2,32
577589,577599,577622,23,10
577589,577612,577624,12,23
577589,577622,577624,2,33
577589,577620,577624,4,31
577589,577589,577625,36,0
577589,577621,577625,4,32
577589,577622,577624,2,33
577589,577623,577625,2,34
577589,577624,577625,1,35
577589,577604,577626,22,15
577589,577624,577625,1,35
577589,577625,577626,1,36
577589,577605,577626,21,16
577589,577625,577627,2,36
577589,577626,577627,1,37
577589,577625,577628,3,36
577589,577626,577628,2,37
577589,577627,577629,2,38
577589,577626,577628,2,37
577589,577611,577629,18,22
577589,577605,577629,24,16
577589,577627,577629,2,38
577589,577628,577629,1,39
577589,577628,577630,2,39
577589,577616,577631,15,27
577589,577629,577631,2,40
577589,577629,577631,2,40
577589,577624,577631,7,35
577589,577625,577631,6,36
577589,577607,577632,25,18
577589,577627,577631,4,38
577589,577628,577631,3,39
577589,577614,577632,18,25
577589,577614,577633,19,25
577589,577620,577632,12,31
577589,577616,577635,19,27
577589,577626,577630,4,37
577590,577630,577634,4,40
577590,577629,577634,5,39
577589,577607,577634,27,18
577590,577629,577635,6,39
577590,577633,577635,2,43
577590,577633,577635,2,43
577590,577630,577636,6,40
577590,577632,577636,4,42
577590,577632,577637,5,42
577590,577635,577637,2,45
577590,577632,577637,5,42
577590,577632,577637,5,42
577590,577635,577637,2,45
577590,577635,577637,2,45
577590,577635,577638,3,45
577590,577635,577639,4,45
577590,577632,577638,6,42
577590,577636,577638,2,46
577590,577637,577639,2,47
577590,577636,577639,3,46
577590,577629,577639,10,39
577589,577621,577639,18,32
577590,577636,577639,3,46
577589,577609,577639,30,20
577590,577632,577639,7,42
577589,577618,577639,21,29
577590,577637,577639,2,47
577590,577637,577639,2,47
577590,577635,577639,4,45
577590,577638,577640,2,48
577590,577638,577641,3,48
577590,577639,577641,2,49
577589,577606,577641,35,17
577590,577639,577641,2,49
577590,577639,577642,3,49
577590,577639,577641,2,49
577590,577639,577641,2,49
577589,577612,577639,27,23
577590,577637,577641,4,47
577590,577637,577641,4,47
577590,577638,577642,4,48
577590,577640,577643,3,50
577590,577640,577642,2,50
577590,577641,577643,2,51
577590,577632,577643,11,42
577590,577642,577643,1,52
577590,577640,577643,3,50
577590,577642,577644,2,52
577590,577642,577644,2,52
577590,577642,577644,2,52
577590,577642,577645,3,52
577590,577640,577645,5,50
577590,577642,577645,3,52
577590,577639,577645,6,49
577590,577644,577645,1,54
577590,577639,577645,6,49
577590,577643,577645,2,53
577590,577643,577646,3,53
577590,577643,577646,3,53
577590,577643,577647,4,53
577590,577645,577647,2,55
577590,577642,577647,5,52
577590,577642,577647,5,52
577590,577642,577647,5,52
577590,577642,577647,5,52
577590,577645,577647,2,55
577590,577645,577648,3,55
577590,577645,577648,3,55
577590,577643,577649,6,53
577589,577618,577643,25,29
577590,577644,577649,5,54
577590,577632,577650,18,42
577590,577639,577650,11,49
577590,577640,577650,10,50
577590,577645,577651,6,55
577590,577640,577651,11,50
577589,577614,577652,38,25
577590,577635,577655,20,45
577589,577625,577657,32,36
576158,576219,577692,1473,61
577693,577693,577696,3,0
577693,577693,577696,3,0
577693,577693,577697,4,0
577693,577693,577697,4,0
577693,577693,577697,4,0
577693,577693,577697,4,0
577693,577693,577698,5,0
577693,577693,577698,5,0
577693,577693,577698,5,0
577693,577693,577699,6,0
577693,577693,577699,6,0
577693,577693,577698,5,0
577693,577696,577699,3,3
577693,577693,577700,7,0
577693,577693,577699,6,0
577693,577696,577700,4,3
577693,577697,577701,4,4
577693,577697,577701,4,4
577693,577693,577700,7,0
577693,577699,577702,3,6
577693,577700,577702,2,7
577693,577699,577703,4,6
577693,577699,577703,4,6
577693,577699,577703,4,6
577693,577701,577703,2,8
577693,577701,577704,3,8
577693,577700,577704,4,7
577693,577702,577704,2,9
577693,577703,577705,2,10
577693,577704,577706,2,11
577693,577702,577705,3,9
577693,577703,577705,2,10
577693,577693,577706,13,0
577693,577693,577706,13,0
577693,577693,577706,13,0
577693,577704,577706,2,11
577693,577704,577706,2,11
577693,577704,577706,2,11
577693,577704,577707,3,11
577693,577702,577707,5,9
577693,577699,577707,8,6
577693,577705,577707,2,12
577693,577693,577702,9,0
577693,577693,577702,9,0
577693,577693,577708,15,0
577693,577693,577708,15,0
577693,577706,577708,2,13
577693,577706,577708,2,13
577693,577706,577708,2,13
577693,577706,577708,2,13
577693,577704,577709,5,11
577693,577707,577709,2,14
577693,577707,577709,2,14
577693,577707,577709,2,14
577693,577707,577710,3,14
577693,577698,577708,10,5
577693,577693,577709,16,0
577693,577697,577710,13,4
577693,577697,577710,13,4
577693,577708,577710,2,15
577693,577693,577711,18,0
577693,577707,577712,5,14
577693,577707,577714,7,14
577693,577706,577715,9,13
577693,577693,577717,24,0
577693,577693,577718,25,0
577693,577693,577720,27,0
577693,577706,577720,14,13
577693,577693,577723,30,0
577693,577706,577724,18,13
576217,576285,577753,1468,68
577755,577755,577757,2,0
577755,577755,577757,2,0
577755,577755,577759,4,0
577755,577755,577758,3,0
577755,577755,577758,3,0
577755,577755,577758,3,0
577755,577755,577758,3,0
577755,577755,577760,5,0
576245,576286,577760,1474,41
577755,577755,577760,5,0
577755,577755,577761,6,0
577755,577755,577761,6,0
577755,577755,577761,6,0
577755,577758,577761,3,3
577755,577758,577761,3,3
577755,577755,577762,7,0
577755,577755,577762,7,0
577755,577759,577762,3,4
577755,577755,577762,7,0
577755,577759,577762,3,4
577755,577759,577762,3,4
577755,577759,577763,4,4
577755,577761,577763,2,6
577755,577762,577765,3,7
577755,577763,577765,2,8
577755,577759,577764,5,4
577755,577762,577765,3,7
577755,577762,577765,3,7
577755,577762,577764,2,7
577755,577755,577765,10,0
577755,577762,577765,3,7
577755,577763,577765,2,8
577755,577763,577765,2,8
577755,577763,577766,3,8
577755,577755,577766,11,0
577755,577764,577766,2,9
577755,577755,577767,12,0
577755,577763,577767,4,8
577755,577755,577767,12,0
577755,577755,577767,12,0
577755,577755,577767,12,0
577755,577765,577767,2,10
577755,577765,577767,2,10
577755,577765,577767,2,10
577755,577765,577767,2,10
577755,577765,577767,2,10
577755,577755,577768,13,0
577755,577755,577769,14,0
577755,577761,577768,7,6
577755,577764,577768,4,9
577755,577766,577769,3,11
577755,577766,577768,2,11
577755,577766,577768,2,11
577755,577767,577769,2,12
577755,577761,577769,8,6
577755,577765,577769,4,10
577755,577767,577769,2,12
577755,577763,577770,7,8
577762,577769,577771,2,7
577762,577769,577772,3,7
577762,577769,577771,2,7
577762,577768,577773,5,6
577762,577770,577772,2,8
577755,577755,577771,16,0
577755,577767,577771,4,12
577755,577755,577773,18,0
577762,577770,577773,3,8
577762,577769,577773,4,7
577762,577770,577774,4,8
577762,577768,577774,6,6
577762,577768,577773,5,6
577762,577768,577774,6,6
577762,577768,577775,7,6
577762,577772,577775,3,10
577762,577772,577774,2,10
577762,577771,577775,4,9
577762,577772,577775,3,10
577755,577755,577769,14,0
577755,577755,577770,15,0
577762,577773,577776,3,11
577762,577773,577777,4,11
577762,577769,577776,7,7
577762,577770,577777,7,8
577762,577774,577777,3,12
577762,577774,577778,4,12
577762,577774,577778,4,12
577762,577774,577779,5,12
577762,577775,577778,3,13
577762,577775,577779,4,13
577762,577775,577779,4,13
577755,577768,577780,12,13
577755,577768,577780,12,13
577762,577769,577779,10,7
577762,577775,577779,4,13
577762,577777,577780,3,15
577762,577774,577780,6,12
577762,577776,577780,4,14
577762,577777,577781,4,15
577762,577778,577781,3,16
577762,577778,577781,3,16
577762,577778,577781,3,16
577762,577779,577782,3,17
577762,577779,577782,3,17
577762,577779,577782,3,17
576820,576835,577782,947,15
577762,577780,577782,2,18
577762,577780,577782,2,18
577762,577780,577783,3,18
577762,577781,577784,3,19
577755,577768,577779,11,13
577755,577768,577779,11,13
577762,577781,577784,3,19
577762,577781,577784,3,19
577762,577782,577784,2,20
577762,577779,577784,5,17
577762,577780,577785,5,18
577762,577782,577785,3,20
577762,577782,577785,3,20
577762,577782,577785,3,20
577762,577783,577785,2,21
577762,577783,577785,2,21
577762,577783,577785,2,21
577762,577783,577785,2,21
577762,577769,577781,12,7
577762,577784,577787,3,22
577784,577786,577788,2,2
577784,577786,577788,2,2
577762,577780,577788,8,18
577762,577780,577789,9,18
577762,577780,577788,8,18
577784,577786,577788,2,2
577784,577785,577789,4,1
577784,577786,577789,3,2
577762,577777,577790,13,15
577784,577785,577790,5,1
577784,577786,577790,4,2
577784,577785,577790,5,1
577784,577785,577790,5,1
577784,577785,577791,6,1
577755,577755,577791,36,0
577784,577787,577791,4,3
577762,577777,577793,16,15
577784,577788,577793,5,4
577784,577788,577793,5,4
577784,577789,577793,4,5
577784,577790,577793,3,6
577784,577790,577793,3,6
577762,577775,577794,19,13
577784,577791,577795,4,7
577755,577766,577788,22,11
577784,577785,577795,10,1
577784,577791,577795,4,7
577784,577791,577795,4,7
577784,577791,577795,4,7
577784,577789,577796,7,5
577784,577791,577795,4,7
577784,577793,577796,3,9
577784,577792,577796,4,8
577762,577784,577795,11,22
577762,577774,577797,23,12
577784,577793,577798,5,9
577784,577795,577798,3,11
577762,577777,577798,21,15
577784,577794,577799,5,10
577784,577794,577799,5,10
577784,577795,577798,3,11
577784,577796,577798,2,12
577784,577796,577798,2,12
577784,577796,577798,2,12
577784,577785,577799,14,1
577784,577793,577798,5,9
577784,577795,577799,4,11
577784,577797,577799,2,13
577784,577795,577800,5,11
577784,577789,577800,11,5
577784,577789,577800,11,5
577784,577799,577801,2,15
577784,577799,577801,2,15
577784,577798,577800,2,14
577784,577799,577801,2,15
577784,577799,577801,2,15
577784,577799,577801,2,15
577784,577799,577801,2,15
577784,577799,577801,2,15
577784,577799,577801,2,15
577784,577800,577802,2,16
577784,577800,577802,2,16
577784,577791,577800,9,7
577784,577795,577801,6,11
577784,577799,577803,4,15
577762,577774,577802,28,12
577784,577801,577803,2,17
577784,577801,577803,2,17
577784,577801,577803,2,17
577784,577796,577803,7,12
577784,577802,577804,2,18
577784,577802,577804,2,18
577784,577800,577804,4,16
577762,577774,577805,31,12
577784,577801,577806,5,17
577784,577801,577807,6,17
577784,577787,577809,22,3
577784,577799,577809,10,15
577755,577755,577806,51,0
577784,577793,577806,13,9
577762,577777,577807,30,15
577784,577798,577813,15,14
577784,577792,577815,23,8
577762,577784,577816,32,22
577784,577795,577817,22,11
577755,577768,577827,59,13
577784,577797,577831,34,13
576531,576551,578022,1471,20
578023,578024,578026,2,1
578023,578024,578026,2,1
578023,578024,578026,2,1
578023,578024,578027,3,1
578023,578023,578028,5,0
578023,578023,578029,6,0
578023,578023,578029,6,0
578023,578023,578029,6,0
578023,578023,578030,7,0
578023,578023,578030,7,0
578023,578023,578030,7,0
578023,578027,578030,3,4
578023,578027,578030,3,4
578023,578027,578031,4,4
578023,578023,578032,9,0
578023,578028,578032,4,5
578023,578028,578032,4,5
578023,578030,578033,3,7
578023,578023,578033,10,0
578023,578024,578033,9,1
578023,578030,578033,3,7
578023,578023,578034,11,0
578023,578029,578034,5,6
578023,578030,578034,4,7
578023,578031,578034,3,8
578023,578031,578034,3,8
578023,578031,578034,3,8
578023,578031,578034,3,8
578023,578032,578035,3,9
578023,578030,578035,5,7
578023,578033,578035,2,10
578023,578034,578036,2,11
578023,578033,578036,3,10
578023,578023,578036,13,0
578023,578034,578036,2,11
578023,578023,578036,13,0
578023,578036,578037,1,13
578023,578035,578037,2,12
578023,578035,578037,2,12
578023,578035,578037,2,12
578023,578036,578038,2,13
578023,578035,578038,3,12
578023,578035,578038,3,12
578023,578023,578037,14,0
578023,578023,578038,15,0
578023,578036,578038,2,13
578023,578035,578038,3,12
578023,578036,578038,2,13
578023,578023,578039,16,0
578023,578035,578039,4,12
578023,578034,578039,5,11
578023,578037,578039,2,14
578023,578038,578039,1,15
578023,578023,578034,11,0
578023,578023,578040,17,0
578023,578036,578040,4,13
578023,578037,578040,3,14
578023,578038,578040,2,15
578023,578034,578043,9,11
578023,578023,578043,20,0
578023,578024,578044,20,1
578023,578023,578044,21,0
578023,578023,578044,21,0
578023,578023,578044,21,0
578023,578023,578044,21,0
578023,578023,578047,24,0
578023,578023,578040,17,0
578023,578023,578042,19,0
578023,578023,578058,35,0
578023,578037,578059,22,14
577113,577135,578089,954,22
578090,578091,578093,2,1
578090,578091,578094,3,1
578090,578091,578094,3,1
578090,578091,578094,3,1
578090,578091,578094,3,1
578090,578091,578094,3,1
578090,578091,578095,4,1
578090,578091,578094,3,1
577111,577135,578095,960,24
578090,578091,578095,4,1
578090,578091,578096,5,1
578090,578094,578097,3,4
578090,578095,578097,2,5
578090,578091,578097,6,1
578090,578091,578098,7,1
578090,578095,578097,2,5
578090,578095,578098,3,5
578090,578095,578097,2,5
578090,578095,578098,3,5
578090,578095,578098,3,5
578090,578096,578099,3,6
578090,578096,578098,2,6
578090,578095,578098,3,5
578090,578097,578100,3,7
578090,578098,578100,2,8
578090,578097,578099,2,7
578090,578098,578100,2,8
578090,578099,578101,2,9
578090,578098,578100,2,8
578090,578098,578100,2,8
578090,578098,578100,2,8
578090,578099,578101,2,9
578090,578099,578101,2,9
578090,578091,578101,10,1
578090,578098,578101,3,8
578090,578099,578101,2,9
578090,578099,578101,2,9
578090,578100,578102,2,10
578090,578091,578102,11,1
578090,578091,578102,11,1
578090,578091,578102,11,1
578090,578100,578102,2,10
578090,578100,578102,2,10
578090,578101,578103,2,11
578090,578101,578103,2,11
578090,578091,578103,12,1
578090,578101,578103,2,11
578090,578101,578103,2,11
578090,578101,578103,2,11
578090,578101,578103,2,11
578090,578101,578103,2,11
578090,578091,578104,13,1
578090,578102,578105,3,12
578090,578102,578104,2,12
578090,578102,578104,2,12
578090,578091,578105,14,1
578090,578091,578106,15,1
578097,578102,578106,4,5
578097,578103,578107,4,6
578097,578103,578106,3,6
578090,578091,578107,16,1
578097,578104,578107,3,7
578097,578103,578108,5,6
578090,578091,578103,12,1
578090,578091,578106,15,1
578097,578103,578108,5,6
578097,578104,578107,3,7
578090,578091,578108,17,1
578097,578104,578108,4,7
578097,578105,578108,3,8
578090,578091,578108,17,1
578097,578105,578109,4,8
578090,578091,578105,14,1
578097,578105,578109,4,8
578097,578104,578109,5,7
578097,578105,578109,4,8
578090,578102,578110,8,12
578097,578104,578109,5,7
578097,578107,578110,3,10
578097,578103,578111,8,6
578097,578108,578111,3,11
578097,578107,578112,5,10
578097,578107,578112,5,10
578097,578109,578112,3,12
578090,578091,578110,19,1
578097,578109,578112,3,12
578097,578109,578113,4,12
578090,578091,578113,22,1
578097,578103,578113,10,6
578097,578103,578113,10,6
578097,578104,578114,10,7
578097,578108,578113,5,11
578097,578110,578113,3,13
578097,578110,578114,4,13
578097,578108,578114,6,11
578097,578111,578114,3,14
578097,578110,578114,4,13
578097,578112,578114,2,15
578097,578112,578115,3,15
578097,578112,578114,2,15
578097,578112,578115,3,15
578097,578113,578115,2,16
578097,578113,578115,2,16
578097,578114,578116,2,17
578097,578114,578116,2,17
578097,578110,578116,6,13
578097,578112,578117,5,15
578097,578114,578117,3,17
578097,578114,578117,3,17
578097,578114,578117,3,17
578097,578115,578117,2,18
578097,578108,578117,9,11
578097,578114,578116,2,17
578097,578115,578117,2,18
578097,578109,578117,8,12
578097,578116,578118,2,19
578097,578116,578118,2,19
578097,578115,578118,3,18
578097,578117,578118,1,20
578097,578117,578118,1,20
578090,578091,578111,20,1
578097,578106,578114,8,9
578097,578110,578119,9,13
578097,578116,578119,3,19
578097,578113,578119,6,16
578090,578091,578114,23,1
578097,578109,578114,5,12
578090,578091,578117,26,1
578097,578108,578120,12,11
578097,578117,578121,4,20
578097,578108,578121,13,11
578097,578117,578121,4,20
578090,578091,578122,31,1
578097,578114,578122,8,17
578097,578114,578122,8,17
578097,578114,578122,8,17
578097,578107,578124,17,10
578097,578108,578125,17,11
578097,578114,578126,12,17
578090,578091,578129,38,1
577125,577150,578129,979,25
578097,578109,578138,29,12
578157,578157,578161,4,0
578157,578157,578161,4,0
578157,578157,578161,4,0
578157,578157,578161,4,0
578157,578157,578161,4,0
578157,578157,578162,5,0
578157,578157,578162,5,0
578157,578157,578161,4,0
578157,578157,578162,5,0
578157,578157,578164,7,0
578157,578157,578164,7,0
578157,578157,578164,7,0
578157,578161,578164,3,4
578157,578161,578164,3,4
578157,578161,578164,3,4
578157,578157,578165,8,0
578157,578161,578165,4,4
578157,578162,578165,3,5
578157,578161,578165,4,4
578157,578162,578165,3,5
578157,578157,578166,9,0
578157,578157,578166,9,0
578157,578157,578166,9,0
578157,578163,578166,3,6
578157,578164,578166,2,7
578157,578164,578167,3,7
578157,578164,578167,3,7
578157,578164,578167,3,7
578157,578165,578167,2,8
578157,578162,578166,4,5
578157,578164,578167,3,7
578157,578165,578167,2,8
578157,578157,578168,11,0
578157,578165,578167,2,8
578157,578165,578168,3,8
578157,578167,578168,1,10
578157,578166,578169,3,9
578157,578165,578168,3,8
578157,578166,578169,3,9
578157,578166,578169,3,9
578157,578167,578169,2,10
578157,578168,578169,1,11
578157,578168,578169,1,11
578157,578157,578170,13,0
578157,578157,578170,13,0
578157,578167,578170,3,10
578157,578168,578170,2,11
578157,578168,578170,2,11
578157,578168,578170,2,11
578157,578157,578171,14,0
578157,578157,578171,14,0
578157,578169,578171,2,12
578157,578169,578171,2,12
578157,578164,578172,8,7
578157,578166,578175,9,9
578157,578168,578175,7,11
578157,578157,578169,12,0
578157,578157,578176,19,0
578157,578157,578179,22,0
578157,578157,578179,22,0
578157,578157,578179,22,0
578157,578157,578181,24,0
578157,578157,578183,26,0
578157,578157,578176,19,0
578157,578157,578184,27,0
578157,578157,578187,30,0
578157,578157,578193,36,0
578157,578157,578193,36,0
578157,578157,578196,39,0
578157,578157,578200,43,0
577265,577276,578246,970,11
578247,578247,578251,4,0
578247,578247,578251,4,0
578247,578247,578252,5,0
578247,578247,578251,4,0
578247,578247,578251,4,0
578247,578247,578251,4,0
578247,578247,578251,4,0
578247,578247,578252,5,0
578247,578247,578252,5,0
578247,578247,578253,6,0
578247,578247,578253,6,0
578247,578247,578253,6,0
578247,578247,578253,6,0
578247,578252,578255,3,5
578247,578251,578254,3,4
578247,578252,578255,3,5
578247,578252,578254,2,5
578247,578251,578254,3,4
578247,578252,578255,3,5
578247,578253,578255,2,6
578247,578253,578255,2,6
578247,578247,578255,8,0
578247,578253,578256,3,6
578247,578252,578255,3,5
578247,578252,578256,4,5
578247,578247,578256,9,0
578247,578247,578256,9,0
578247,578255,578257,2,8
578247,578255,578257,2,8
578247,578255,578257,2,8
578247,578255,578257,2,8
578247,578247,578258,11,0
578247,578247,578258,11,0
578247,578247,578258,11,0
578247,578253,578258,5,6
578247,578254,578258,4,7
578247,578256,578258,2,9
578247,578255,578257,2,8
578247,578255,578257,2,8
578247,578255,578258,3,8
578247,578256,578258,2,9
578247,578255,578257,2,8
578247,578247,578259,12,0
578247,578256,578259,3,9
578247,578247,578259,12,0
578247,578247,578258,11,0
578247,578247,578258,11,0
578247,578256,578259,3,9
578247,578257,578259,2,10
578247,578257,578259,2,10
578247,578257,578259,2,10
578247,578257,578259,2,10
578247,578247,578260,13,0
577281,577293,578260,967,12
578247,578247,578260,13,0
578247,578257,578260,3,10
578247,578258,578262,4,11
578261,578261,578264,3,0
578247,578247,578263,16,0
578261,578261,578264,3,0
578261,578261,578264,3,0
578261,578261,578264,3,0
578261,578261,578265,4,0
578261,578261,578265,4,0
578247,578247,578265,18,0
578247,578247,578260,13,0
578247,578247,578262,15,0
578261,578261,578265,4,0
578261,578261,578266,5,0
578261,578261,578266,5,0
578261,578261,578266,5,0
578247,578247,578266,19,0
578247,578258,578266,8,11
578247,578258,578267,9,11
578261,578265,578268,3,4
578261,578261,578268,7,0
578261,578265,578269,4,4
578261,578266,578269,3,5
578261,578266,578269,3,5
578247,578257,578269,12,10
578261,578261,578270,9,0
578261,578265,578270,5,4
578261,578265,578270,5,4
578261,578265,578269,4,4
578261,578266,578270,4,5
578261,578264,578270,6,3
578261,578266,578270,4,5
578261,578268,578270,2,7
578261,578261,578270,9,0
578261,578261,578270,9,0
578247,578247,578271,24,0
578261,578261,578271,10,0
578261,578269,578272,3,8
578261,578269,578272,3,8
578261,578269,578272,3,8
578261,578270,578272,2,9
578261,578270,578272,2,9
578247,578247,578268,21,0
578261,578270,578272,2,9
578261,578270,578272,2,9
578261,578261,578272,11,0
578261,578270,578273,3,9
578261,578270,578272,2,9
578261,578270,578273,3,9
578261,578270,578273,3,9
578261,578270,578273,3,9
578261,578271,578274,3,10
578261,578271,578274,3,10
578261,578272,578274,2,11
578247,578247,578274,27,0
578261,578272,578274,2,11
578261,578272,578274,2,11
578261,578272,578274,2,11
578261,578272,578275,3,11
578261,578272,578275,3,11
578261,578261,578275,14,0
578261,578271,578275,4,10
578261,578273,578275,2,12
578261,578273,578275,2,12
578261,578273,578275,2,12
578247,578247,578270,23,0
578261,578261,578275,14,0
578261,578273,578276,3,12
578261,578263,578276,13,2
578261,578272,578276,4,11
578261,578273,578276,3,12
578261,578270,578276,6,9
578261,578273,578277,4,12
578261,578264,578277,13,3
578247,578247,578268,21,0
578261,578261,578279,18,0
578247,578247,578280,33,0
578261,578266,578280,14,5
578261,578266,578281,15,5
578261,578261,578284,23,0
578261,578261,578285,24,0
578261,578261,578289,28,0
578261,578265,578294,29,4
578261,578268,578294,26,7
578261,578268,578295,27,7
578261,578266,578310,44,5
577324,577337,578313,976,13
578338,578338,578342,4,0
578338,578338,578342,4,0
578338,578338,578341,3,0
578338,578338,578342,4,0
578338,578338,578341,3,0
578338,578338,578342,4,0
578338,578338,578343,5,0
578338,578338,578343,5,0
578338,578338,578342,4,0
578338,578338,578342,4,0
578338,578338,578342,4,0
578338,578338,578343,5,0
578338,578338,578345,7,0
578338,578342,578345,3,4
578338,578342,578345,3,4
578338,578338,578345,7,0
578338,578342,578344,2,4
578338,578343,578345,2,5
578338,578342,578345,3,4
578338,578342,578344,2,4
578338,578338,578345,7,0
578338,578338,578345,7,0
578338,578343,578345,2,5
578338,578343,578345,2,5
578338,578343,578345,2,5
578338,578338,578346,8,0
578338,578343,578346,3,5
578338,578345,578347,2,7
578338,578345,578347,2,7
578338,578338,578347,9,0
578338,578338,578348,10,0
578338,578345,578347,2,7
578338,578345,578347,2,7
578338,578345,578347,2,7
578338,578345,578348,3,7
578338,578345,578347,2,7
578338,578345,578347,2,7
578338,578346,578348,2,8
578338,578338,578349,11,0
578338,578338,578349,11,0
578338,578344,578348,4,6
578338,578346,578348,2,8
578338,578347,578349,2,9
578338,578346,578348,2,8
578338,578346,578348,2,8
578338,578347,578349,2,9
578338,578338,578350,12,0
578338,578338,578349,11,0
578338,578338,578350,12,0
578338,578338,578349,11,0
578338,578347,578350,3,9
578338,578347,578350,3,9
578338,578346,578351,5,8
578338,578348,578351,3,10
578338,578348,578350,2,10
578338,578348,578351,3,10
578338,578338,578353,15,0
578338,578343,578356,13,5
578338,578338,578356,18,0
578338,578338,578355,17,0
578338,578338,578357,19,0
578338,578338,578358,20,0
578338,578338,578359,21,0
578338,578338,578359,21,0
578338,578338,578362,24,0
578338,578338,578364,26,0
578338,578338,578366,28,0
578338,578338,578370,32,0
578338,578338,578376,38,0
578338,578338,578391,53,0
576868,576883,578400,1517,15
578421,578421,578423,2,0
578421,578421,578424,3,0
578421,578421,578424,3,0
578421,578421,578424,3,0
578421,578421,578425,4,0
578421,578421,578425,4,0
578421,578421,578426,5,0
578421,578421,578426,5,0
578421,578421,578425,4,0
578421,578421,578426,5,0
578421,578421,578426,5,0
578421,578421,578427,6,0
578421,578421,578427,6,0
578421,578421,578427,6,0
578421,578421,578427,6,0
578421,578421,578427,6,0
578421,578424,578427,3,3
578421,578424,578427,3,3
578421,578421,578428,7,0
578421,578424,578427,3,3
578421,578426,578428,2,5
578421,578421,578427,6,0
578421,578425,578428,3,4
578421,578421,578428,7,0
578421,578425,578428,3,4
578421,578426,578428,2,5
578421,578426,578429,3,5
578421,578426,578429,3,5
578421,578425,578429,4,4
578421,578427,578429,2,6
578421,578426,578430,4,5
578421,578427,578430,3,6
578421,578427,578430,3,6
578421,578427,578430,3,6
578421,578428,578430,2,7
578421,578427,578430,3,6
578421,578427,578429,2,6
578421,578428,578430,2,7
578421,578428,578430,2,7
578421,578421,578431,10,0
578421,578428,578431,3,7
578421,578428,578430,2,7
578421,578428,578431,3,7
578421,578428,578431,3,7
578421,578430,578431,1,9
578421,578421,578432,11,0
578421,578421,578432,11,0
578421,578429,578432,3,8
578421,578429,578432,3,8
578421,578421,578433,12,0
578421,578421,578433,12,0
578421,578421,578432,11,0
578421,578429,578433,4,8
578421,578430,578433,3,9
578421,578421,578434,13,0
578421,578421,578434,13,0
578421,578421,578435,14,0
578421,578421,578434,13,0
578421,578421,578437,16,0
578421,578421,578437,16,0
578421,578421,578437,16,0
578421,578421,578437,16,0
578421,578421,578438,17,0
578421,578421,578439,18,0
578421,578421,578439,18,0
578421,578427,578439,12,6
577462,577474,578441,967,12
578421,578421,578442,21,0
578421,578428,578443,15,7
578442,578442,578446,4,0
578442,578442,578446,4,0
578442,578442,578446,4,0
578442,578442,578446,4,0
578442,578442,578447,5,0
578442,578442,578447,5,0
578442,578442,578447,5,0
578442,578442,578447,5,0
578442,578442,578446,4,0
578421,578421,578448,27,0
578442,578442,578448,6,0
578442,578442,578448,6,0
578442,578442,578449,7,0
578442,578442,578449,7,0
578442,578442,578449,7,0
578442,578446,578448,2,4
578442,578446,578449,3,4
578442,578446,578448,2,4
578442,578446,578449,3,4
578442,578443,578450,7,1
578442,578442,578450,8,0
578442,578442,578450,8,0
578442,578447,578450,3,5
578442,578447,578450,3,5
578442,578447,578449,2,5
578442,578447,578450,3,5
578442,578442,578451,9,0
578442,578449,578451,2,7
578442,578448,578451,3,6
578442,578450,578451,1,8
578442,578442,578452,10,0
578442,578442,578452,10,0
578442,578442,578452,10,0
578442,578448,578452,4,6
578442,578449,578452,3,7
578442,578449,578452,3,7
578442,578442,578452,10,0
578442,578449,578452,3,7
578442,578442,578452,10,0
578442,578442,578452,10,0
578442,578450,578452,2,8
578442,578450,578452,2,8
578442,578451,578452,1,9
578442,578450,578453,3,8
578442,578452,578453,1,10
578442,578451,578453,2,9
578442,578451,578453,2,9
578442,578451,578453,2,9
578442,578452,578453,1,10
578442,578442,578454,12,0
578442,578442,578454,12,0
578442,578452,578454,2,10
578442,578442,578455,13,0
578442,578451,578455,4,9
578442,578442,578455,13,0
578442,578447,578457,10,5
578442,578450,578457,7,8
578442,578442,578454,12,0
578442,578450,578460,10,8
578442,578442,578457,15,0
578442,578452,578462,10,10
578442,578442,578463,21,0
578442,578442,578462,20,0
578442,578442,578466,24,0
577522,577535,578468,933,13
578442,578442,578467,25,0
578442,578442,578470,28,0
578442,578442,578471,29,0
578469,578469,578473,4,0
578469,578469,578473,4,0
578469,578469,578473,4,0
578469,578469,578473,4,0
578469,578469,578473,4,0
578469,578469,578473,4,0
578469,578469,578473,4,0
578469,578469,578472,3,0
578469,578469,578474,5,0
578469,578469,578474,5,0
578469,578469,578475,6,0
578469,578474,578475,1,5
578469,578469,578476,7,0
578469,578469,578476,7,0
578469,578474,578476,2,5
578469,578474,578476,2,5
578469,578474,578476,2,5
578469,578474,578476,2,5
578469,578474,578476,2,5
578469,578474,578476,2,5
578421,578421,578477,56,0
578469,578469,578477,8,0
578469,578469,578477,8,0
578469,578469,578477,8,0
578469,578469,578477,8,0
578469,578473,578477,4,4
578469,578475,578477,2,6
578469,578469,578477,8,0
578469,578476,578477,1,7
578469,578475,578477,2,6
578469,578475,578477,2,6
578442,578442,578478,36,0
578469,578469,578478,9,0
578469,578469,578478,9,0
578469,578477,578479,2,8
578469,578477,578479,2,8
578469,578469,578479,10,0
578469,578478,578480,2,9
578469,578477,578479,2,8
578469,578477,578479,2,8
578469,578477,578479,2,8
578469,578477,578479,2,8
578469,578478,578479,1,9
578469,578469,578479,10,0
578469,578476,578480,4,7
578469,578478,578480,2,9
578469,578478,578481,3,9
578469,578478,578480,2,9
578469,578478,578480,2,9
578469,578478,578480,2,9
578469,578479,578481,2,10
578469,578478,578480,2,9
578469,578478,578480,2,9
578469,578469,578481,12,0
578469,578479,578482,3,10
578469,578469,578481,12,0
578469,578469,578482,13,0
578469,578469,578483,14,0
578469,578469,578483,14,0
578442,578448,578479,31,6
578469,578476,578486,10,7
578469,578471,578483,12,2
578442,578442,578484,42,0
578469,578477,578487,10,8
578442,578452,578489,37,10
578469,578469,578484,15,0
578469,578469,578490,21,0
578469,578469,578491,22,0
578469,578469,578491,22,0
578469,578469,578493,24,0
578469,578469,578496,27,0
578469,578470,578498,28,1
578469,578478,578501,23,9
578469,578469,578505,36,0
578469,578479,578538,59,10
577051,577063,578542,1479,12
577550,577566,578558,992,16
578565,578565,578568,3,0
578565,578565,578567,2,0
578565,578565,578567,2,0
578565,578565,578568,3,0
578565,578565,578568,3,0
578565,578565,578569,4,0
578565,578565,578569,4,0
578565,578565,578569,4,0
578565,578565,578569,4,0
578565,578565,578570,5,0
578565,578565,578569,4,0
578565,578565,578570,5,0
578565,578565,578569,4,0
578565,578565,578569,4,0
578565,578565,578570,5,0
578565,578565,578570,5,0
578565,578565,578571,6,0
578565,578568,578570,2,3
578565,578565,578570,5,0
578565,578568,578570,2,3
578565,578565,578571,6,0
578565,578568,578570,2,3
578565,578565,578571,6,0
578565,578569,578571,2,4
578565,578569,578571,2,4
578565,578570,578572,2,5
578565,578569,578571,2,4
578565,578569,578571,2,4
578565,578570,578572,2,5
578565,578565,578573,8,0
578565,578570,578573,3,5
578565,578570,578572,2,5
578565,578571,578573,2,6
578565,578570,578572,2,5
578565,578570,578572,2,5
578565,578570,578572,2,5
578565,578571,578573,2,6
578565,578571,578573,2,6
578565,578571,578573,2,6
578565,578565,578573,8,0
578565,578571,578573,2,6
578565,578571,578573,2,6
578565,578571,578573,2,6
578565,578571,578574,3,6
578565,578572,578575,3,7
578565,578572,578574,2,7
578565,578572,578575,3,7
578565,578572,578574,2,7
578565,578572,578574,2,7
578565,578572,578576,4,7
578565,578572,578576,4,7
578565,578565,578577,12,0
578565,578573,578577,4,8
578565,578573,578577,4,8
578565,578573,578577,4,8
578565,578565,578577,12,0
578565,578565,578578,13,0
578565,578565,578577,12,0
578565,578573,578578,5,8
578565,578573,578577,4,8
578565,578573,578577,4,8
578565,578565,578578,13,0
578565,578575,578579,4,10
578565,578565,578579,14,0
578565,578573,578579,6,8
578565,578577,578580,3,12
578565,578577,578579,2,12
578565,578573,578579,6,8
578565,578573,578580,7,8
578565,578576,578580,4,11
578565,578576,578579,3,11
578565,578575,578580,5,10
578565,578565,578580,15,0
578565,578577,578580,3,12
578565,578578,578581,3,13
578565,578578,578581,3,13
578565,578578,578581,3,13
578565,578574,578581,7,9
578565,578574,578582,8,9
578565,578575,578582,7,10
578565,578575,578582,7,10
578565,578574,578582,8,9
578565,578580,578582,2,15
578565,578580,578582,2,15
578565,578565,578582,17,0
578565,578575,578583,8,10
578565,578575,578582,7,10
578565,578581,578583,2,16
578565,578580,578583,3,15
578565,578580,578583,3,15
578565,578580,578583,3,15
578565,578579,578582,3,14
578565,578580,578583,3,15
578565,578580,578583,3,15
578565,578580,578582,2,15
578565,578565,578583,18,0
578565,578565,578583,18,0
578565,578582,578584,2,17
578565,578581,578584,3,16
578565,578582,578584,2,17
578565,578582,578584,2,17
578565,578582,578584,2,17
578565,578573,578585,12,8
578565,578582,578585,3,17
578565,578582,578584,2,17
578565,578582,578584,2,17
578565,578583,578585,2,18
578565,578582,578585,3,17
578565,578583,578585,2,18
578565,578583,578585,2,18
578565,578582,578585,3,17
578565,578583,578586,3,18
578565,578583,578585,2,18
578565,578583,578585,2,18
578565,578583,578586,3,18
578565,578583,578586,3,18
578565,578583,578586,3,18
578565,578565,578587,22,0
578565,578583,578587,4,18
578565,578583,578586,3,18
578565,578565,578582,17,0
578565,578565,578584,19,0
578565,578565,578579,14,0
578565,578581,578588,7,16
578565,578578,578588,10,13
578565,578565,578589,24,0
578565,578584,578589,5,19
578565,578580,578589,9,15
578565,578565,578591,26,0
578565,578565,578588,23,0
578565,578565,578592,27,0
578565,578574,578593,19,9
578565,578565,578594,29,0
578565,578565,578594,29,0
578565,578578,578594,16,13
578565,578578,578597,19,13
578565,578577,578598,21,12
578565,578565,578599,34,0
578565,578584,578600,16,19
578565,578579,578602,23,14
577134,577167,578625,1458,33
578627,578627,578631,4,0
578627,578627,578631,4,0
578627,578627,578631,4,0
578627,578627,578631,4,0
578627,578627,578631,4,0
578627,578627,578631,4,0
578627,578627,578631,4,0
578627,578627,578631,4,0
578627,578627,578632,5,0
578627,578627,578632,5,0
578627,578627,578633,6,0
578627,578627,578634,7,0
578627,578632,578634,2,5
578627,578627,578634,7,0
578627,578632,578634,2,5
578627,578632,578634,2,5
578627,578632,578634,2,5
578627,578632,578634,2,5
578627,578632,578634,2,5
578627,578632,578635,3,5
578627,578632,578634,2,5
578627,578633,578635,2,6
578627,578627,578635,8,0
578627,578634,578636,2,7
578627,578634,578636,2,7
578627,578627,578636,9,0
578627,578633,578636,3,6
578627,578634,578636,2,7
578627,578627,578636,9,0
578627,578635,578637,2,8
578627,578635,578637,2,8
578627,578635,578637,2,8
578627,578635,578637,2,8
578627,578627,578637,10,0
578627,578635,578637,2,8
578627,578635,578637,2,8
578627,578635,578637,2,8
578627,578635,578637,2,8
578627,578635,578637,2,8
578627,578636,578638,2,9
578627,578627,578638,11,0
578627,578636,578639,3,9
578627,578636,578638,2,9
578627,578637,578639,2,10
578627,578627,578640,13,0
578627,578627,578640,13,0
578627,578627,578639,12,0
578627,578627,578641,14,0
578627,578627,578640,13,0
578627,578627,578640,13,0
578627,578627,578641,14,0
578627,578627,578640,13,0
578627,578627,578641,14,0
578627,578627,578643,16,0
578627,578627,578643,16,0
578627,578627,578644,17,0
578627,578627,578644,17,0
578627,578627,578644,17,0
578627,578627,578644,17,0
578627,578627,578640,13,0
578627,578627,578646,19,0
578627,578627,578646,19,0
578627,578627,578642,15,0
578627,578627,578642,15,0
578627,578627,578647,20,0
578627,578627,578652,25,0
578627,578627,578656,29,0
578627,578627,578658,31,0
578627,578627,578662,35,0
578627,578627,578677,50,0
589859,589859,590804,945,0
590805,590805,590809,4,0
590805,590805,590809,4,0
590805,590805,590812,7,0
590805,590805,590812,7,0
590805,590805,590812,7,0
590805,590805,590814,9,0
590805,590810,590813,3,5
590805,590810,590814,4,5
590805,590812,590814,2,7
590805,590812,590815,3,7
590805,590812,590816,4,7
589858,589858,590817,959,0
590805,590805,590818,13,0
590805,590815,590817,2,10
590805,590814,590817,3,9
590805,590814,590818,4,9
590805,590814,590817,3,9
589874,589874,590818,944,0
590805,590805,590819,14,0
590805,590816,590819,3,11
590805,590805,590819,14,0
590805,590818,590820,2,13
590805,590805,590821,16,0
589864,589864,590820,956,0
590805,590818,590820,2,13
590805,590819,590821,2,14
590805,590805,590821,16,0
590805,590818,590821,3,13
590805,590818,590821,3,13
590805,590818,590822,4,13
590805,590819,590822,3,14
590805,590821,590823,2,16
590805,590821,590823,2,16
590805,590821,590823,2,16
590805,590822,590824,2,17
590805,590805,590824,19,0
590805,590817,590824,7,12
590805,590823,590825,2,18
590805,590823,590825,2,18
590805,590822,590825,3,17
590805,590822,590825,3,17
590805,590822,590825,3,17
590805,590805,590821,16,0
590805,590822,590826,4,17
590805,590824,590826,2,19
590805,590825,590827,2,20
590805,590825,590827,2,20
590805,590825,590827,2,20
590805,590805,590828,23,0
589862,589862,590828,966,0
590805,590825,590828,3,20
590805,590825,590828,3,20
590805,590805,590828,23,0
590805,590825,590828,3,20
590805,590826,590829,3,21
590805,590805,590822,17,0
590805,590805,590827,22,0
590805,590827,590829,2,22
590819,590827,590830,3,8
590805,590805,590830,25,0
590805,590805,590828,23,0
590819,590828,590832,4,9
590805,590825,590829,4,20
589867,589867,590832,965,0
589881,589882,590832,950,1
590819,590828,590832,4,9
590819,590829,590833,4,10
590819,590829,590833,4,10
590805,590805,590833,28,0
590805,590805,590832,27,0
590819,590830,590835,5,11
590819,590830,590835,5,11
589863,589863,590836,973,0
590805,590820,590837,17,15
589869,589869,590837,968,0
590819,590830,590836,6,11
590819,590833,590837,4,14
590819,590833,590837,4,14
590819,590830,590838,8,11
590819,590832,590839,7,13
590819,590834,590838,4,15
590819,590834,590838,4,15
590805,590821,590832,11,16
590819,590834,590839,5,15
590819,590836,590839,3,17
590819,590837,590840,3,18
590819,590838,590840,2,19
590819,590838,590840,2,19
590819,590836,590840,4,17
590819,590836,590840,4,17
590805,590805,590832,27,0
590819,590832,590841,9,13
590819,590837,590841,4,18
590819,590838,590841,3,19
590819,590839,590841,2,20
590819,590839,590842,3,20
590805,590805,590841,36,0
589883,589883,590842,959,0
590819,590839,590842,3,20
590819,590841,590843,2,22
590819,590840,590843,3,21
590819,590840,590843,3,21
590819,590841,590843,2,22
590819,590841,590843,2,22
590819,590842,590843,1,23
590805,590825,590835,10,20
590819,590841,590844,3,22
590819,590828,590844,16,9
590819,590841,590844,3,22
590819,590841,590844,3,22
590819,590841,590844,3,22
590819,590842,590845,3,23
590819,590842,590845,3,23
590819,590844,590845,1,25
590819,590844,590846,2,25
590819,590844,590846,2,25
590819,590844,590846,2,25
590819,590843,590846,3,24
590805,590818,590846,28,13
589873,589873,590846,973,0
590819,590844,590846,2,25
590819,590844,590846,2,25
590819,590844,590846,2,25
590805,590805,590846,41,0
590805,590822,590847,25,17
590819,590846,590847,1,27
590819,590845,590847,2,26
590819,590845,590848,3,26
590819,590846,590848,2,27
590819,590846,590848,2,27
590805,590819,590848,29,14
590819,590844,590848,4,25
590819,590845,590848,3,26
590819,590840,590844,4,21
590819,590845,590848,3,26
590819,590845,590848,3,26
590805,590826,590842,16,21
590820,590846,590850,4,26
590820,590848,590850,2,28
590819,590830,590850,20,11
590820,590848,590851,3,28
590820,590848,590850,2,28
590820,590848,590850,2,28
590820,590846,590851,5,26
589879,589879,590851,972,0
590820,590846,590851,5,26
590820,590848,590851,3,28
590820,590847,590851,4,27
590820,590847,590851,4,27
590820,590848,590851,3,28
590820,590850,590852,2,30
590820,590849,590852,3,29
590820,590851,590852,1,31
590820,590851,590853,2,31
590820,590851,590853,2,31
590820,590851,590853,2,31
590820,590849,590852,3,29
590820,590852,590854,2,32
590820,590851,590853,2,31
590820,590852,590854,2,32
590820,590852,590854,2,32
590820,590852,590854,2,32
590820,590853,590855,2,33
590820,590852,590855,3,32
590820,590852,590855,3,32
590820,590852,590855,3,32
590820,590853,590855,2,33
590820,590853,590855,2,33
590820,590847,590855,8,27
590820,590852,590855,3,32
590820,590853,590855,2,33
590820,590853,590856,3,33
590820,590855,590857,2,35
590820,590854,590856,2,34
590820,590855,590857,2,35
590820,590854,590857,3,34
590820,590855,590857,2,35
590820,590855,590857,2,35
590820,590855,590857,2,35
590820,590855,590858,3,35
590820,590855,590858,3,35
590820,590855,590857,2,35
590820,590855,590858,3,35
590820,590855,590858,3,35
590819,590844,590858,14,25
590820,590849,590859,10,29
590820,590855,590858,3,35
590820,590856,590858,2,36
590820,590857,590859,2,37
590820,590857,590859,2,37
590820,590856,590859,3,36
590820,590857,590859,2,37
590820,590857,590860,3,37
590820,590851,590860,9,31
590820,590858,590861,3,38
590820,590858,590861,3,38
590820,590858,590860,2,38
590820,590858,590861,3,38
590820,590858,590861,3,38
590820,590858,590860,2,38
590820,590858,590861,3,38
590820,590858,590862,4,38
590823,590859,590863,4,36
590823,590859,590863,4,36
590823,590859,590863,4,36
590819,590835,590863,28,16
590823,590860,590863,3,37
590823,590860,590864,4,37
590819,590841,590864,23,22
590820,590849,590864,15,29
590823,590861,590865,4,38
590823,590861,590866,5,38
590823,590861,590866,5,38
590819,590837,590867,30,18
590823,590861,590867,6,38
590823,590864,590867,3,41
590823,590861,590867,6,38
590820,590859,590864,5,39
590819,590830,590867,37,11
590823,590864,590868,4,41
590823,590864,590868,4,41
589884,589885,590869,984,1
590819,590840,590869,29,21
590823,590863,590869,6,40
590823,590868,590869,1,45
590823,590863,590869,6,40
590823,590866,590870,4,43
590823,590866,590870,4,43
590820,590859,590866,7,39
590823,590861,590870,9,38
590823,590869,590870,1,46
590823,590862,590870,8,39
590823,590868,590871,3,45
590823,590867,590871,4,44
590823,590870,590871,1,47
590819,590829,590871,42,10
590823,590861,590871,10,38
590823,590870,590871,1,47
590823,590867,590871,4,44
590823,590869,590871,2,46
590823,590869,590871,2,46
589866,589866,590872,1006,0
590805,590805,590867,62,0
590820,590848,590872,24,28
590820,590848,590872,24,28
590823,590871,590872,1,48
590823,590870,590872,2,47
590823,590869,590873,4,46
590823,590870,590873,3,47
590823,590870,590873,3,47
590823,590871,590873,2,48
590823,590872,590874,2,49
590823,590872,590874,2,49
590823,590872,590874,2,49
590823,590871,590873,2,48
590823,590872,590874,2,49
590823,590871,590874,3,48
590823,590867,590874,7,44
590823,590872,590874,2,49
590823,590873,590875,2,50
590823,590872,590875,3,49
590823,590872,590874,2,49
590823,590872,590875,3,49
590820,590847,590875,28,27
590823,590874,590876,2,51
590823,590874,590876,2,51
590823,590874,590876,2,51
590823,590873,590876,3,50
590823,590873,590876,3,50
590823,590873,590876,3,50
590823,590873,590876,3,50
590820,590846,590876,30,26
590823,590874,590876,2,51
590823,590874,590876,2,51
589870,589870,590876,1006,0
590823,590874,590876,2,51
590823,590874,590877,3,51
590819,590831,590869,38,12
590819,590832,590872,40,13
590829,590875,590878,3,46
590829,590876,590880,4,47
590829,590875,590880,5,46
590829,590875,590880,5,46
590829,590876,590881,5,47
590829,590876,590880,4,47
590829,590876,590881,5,47
590823,590872,590881,9,49
590829,590877,590881,4,48
590829,590877,590881,4,48
589875,589875,590881,1006,0
590829,590875,590881,6,46
590829,590876,590882,6,47
590829,590877,590882,5,48
590819,590842,590882,40,23
590829,590878,590882,4,49
590829,590879,590882,3,50
590829,590880,590883,3,51
590829,590881,590883,2,52
590829,590880,590884,4,51
590829,590877,590884,7,48
590829,590881,590884,3,52
590819,590832,590881,49,13
590823,590865,590882,17,42
590829,590881,590884,3,52
590829,590882,590884,2,53
590829,590881,590884,3,52
590829,590882,590885,3,53
590829,590882,590884,2,53
590829,590883,590885,2,54
590829,590882,590885,3,53
590829,590882,590885,3,53
590829,590883,590885,2,54
590829,590882,590885,3,53
590829,590883,590886,3,54
590829,590884,590886,2,55
590829,590884,590886,2,55
590829,590884,590886,2,55
590829,590885,590887,2,56
590829,590885,590887,2,56
590829,590877,590887,10,48
590829,590885,590887,2,56
590829,590885,590887,2,56
590829,590885,590887,2,56
590829,590886,590888,2,57
590829,590885,590887,2,56
590829,590886,590888,2,57
590820,590847,590888,41,27
590829,590882,590888,6,53
590829,590886,590888,2,57
590829,590886,590889,3,57
590829,590886,590889,3,57
590829,590887,590889,2,58
590829,590887,590889,2,58
590829,590886,590889,3,57
590829,590884,590889,5,55
590829,590885,590889,4,56
590829,590888,590890,2,59
590829,590888,590890,2,59
590829,590889,590890,1,60
590829,590888,590891,3,59
590829,590888,590891,3,59
590829,590888,590891,3,59
590829,590888,590890,2,59
590823,590865,590884,19,42
590829,590889,590892,3,60
590829,590886,590892,6,57
590829,590882,590892,10,53
590829,590876,590893,17,47
590823,590868,590892,24,45
590834,590890,590893,3,56
590834,590890,590893,3,56
590829,590877,590893,16,48
590834,590890,590894,4,56
590834,590890,590894,4,56
590834,590891,590895,4,57
590823,590870,590895,25,47
590834,590890,590896,6,56
590834,590891,590896,5,57
590834,590891,590897,6,57
590834,590894,590896,2,60
590834,590894,590896,2,60
590834,590891,590897,6,57
590834,590890,590897,7,56
590834,590892,590897,5,58
590823,590869,590897,28,46
590823,590864,590898,34,41
590834,590895,590897,2,61
590834,590895,590897,2,61
590834,590895,590897,2,61
590834,590891,590898,7,57
590834,590892,590898,6,58
590834,590894,590898,4,60
590834,590897,590899,2,63
590834,590897,590899,2,63
590834,590897,590899,2,63
590834,590896,590899,3,62
590834,590897,590899,2,63
590834,590898,590900,2,64
590823,590872,590898,26,49
590834,590897,590900,3,63
590834,590897,590900,3,63
590829,590889,590900,11,60
590823,590861,590894,33,38
590829,590878,590899,21,49
590834,590893,590901,8,59
590834,590893,590901,8,59
590834,590898,590900,2,64
590834,590898,590900,2,64
590834,590899,590901,2,65
590829,590879,590901,22,50
590834,590896,590901,5,62
590834,590898,590901,3,64
590834,590898,590901,3,64
590834,590897,590901,4,63
590834,590899,590901,2,65
590834,590899,590901,2,65
590834,590900,590902,2,66
590834,590899,590901,2,65
590834,590900,590902,2,66
590834,590900,590902,2,66
590834,590901,590903,2,67
590834,590900,590903,3,66
590834,590901,590904,3,67
590834,590901,590903,2,67
590834,590901,590903,2,67
590834,590902,590904,2,68
590834,590901,590904,3,67
590834,590902,590904,2,68
590834,590902,590904,2,68
590834,590901,590904,3,67
590834,590901,590904,3,67
590834,590901,590904,3,67
590834,590902,590904,2,68
590834,590902,590904,2,68
590834,590893,590904,11,59
590834,590902,590904,2,68
590823,590872,590905,33,49
590829,590889,590906,17,60
590835,590905,590907,2,70
590835,590904,590906,2,69
590835,590905,590907,2,70
590835,590905,590907,2,70
590834,590898,590903,5,64
590835,590904,590908,4,69
590835,590904,590908,4,69
590823,590868,590908,40,45
590835,590904,590908,4,69
590835,590907,590909,2,72
590835,590903,590909,6,68
590835,590907,590909,2,72
590835,590904,590910,6,69
590834,590893,590909,16,59
590835,590904,590910,6,69
590835,590908,590910,2,73
590835,590908,590910,2,73
590835,590907,590911,4,72
590835,590904,590910,6,69
590835,590908,590910,2,73
590835,590908,590911,3,73
590834,590900,590912,12,66
590834,590901,590911,10,67
590835,590908,590912,4,73
590835,590909,590912,3,74
590835,590909,590911,2,74
590835,590909,590912,3,74
590835,590909,590912,3,74
590835,590904,590912,8,69
590835,590910,590913,3,75
590829,590877,590913,36,48
590835,590910,590913,3,75
590835,590911,590914,3,76
590835,590912,590914,2,77
590835,590911,590914,3,76
590835,590911,590914,3,76
590835,590912,590915,3,77
590835,590912,590915,3,77
590835,590913,590915,2,78
590835,590913,590915,2,78
590835,590906,590915,9,71
590829,590884,590910,26,55
590835,590911,590916,5,76
590835,590913,590916,3,78
590835,590915,590916,1,80
590835,590914,590916,2,79
590834,590901,590913,12,67
590835,590914,590917,3,79
590835,590915,590917,2,80
590835,590915,590917,2,80
590835,590915,590917,2,80
590835,590915,590917,2,80
590834,590891,590917,26,57
590835,590915,590917,2,80
590835,590916,590918,2,81
590835,590916,590918,2,81
590835,590910,590918,8,75
590835,590916,590918,2,81
590835,590916,590919,3,81
590835,590917,590919,2,82
590835,590918,590920,2,83
590835,590911,590919,8,76
590835,590917,590919,2,82
590835,590917,590920,3,82
590835,590917,590920,3,82
590834,590898,590921,23,64
590835,590905,590920,15,70
590834,590901,590920,19,67
590835,590909,590920,11,74
590835,590918,590920,2,83
590835,590918,590921,3,83
590835,590912,590921,9,77
590836,590919,590922,3,83
590823,590872,590918,46,49
590829,590884,590918,34,55
590835,590916,590920,4,81
590835,590912,590922,10,77
590835,590912,590922,10,77
590835,590917,590922,5,82
590836,590919,590922,3,83
590834,590901,590922,21,67
590836,590919,590922,3,83
590836,590919,590923,4,83
590836,590921,590924,3,85
590836,590921,590924,3,85
590836,590920,590924,4,84
590836,590920,590924,4,84
590836,590922,590925,3,86
590836,590919,590925,6,83
590836,590923,590925,2,87
590836,590923,590925,2,87
590836,590920,590926,6,84
590836,590921,590925,4,85
590836,590925,590927,2,89
590836,590921,590926,5,85
590836,590924,590927,3,88
590836,590925,590927,2,89
590836,590925,590927,2,89
590836,590925,590927,2,89
590836,590926,590928,2,90
590836,590925,590927,2,89
590836,590925,590928,3,89
590836,590926,590928,2,90
590836,590923,590928,5,87
590836,590927,590929,2,91
590836,590928,590930,2,92
590836,590928,590930,2,92
590836,590921,590929,8,85
590836,590928,590930,2,92
590836,590928,590930,2,92
590836,590928,590930,2,92
590836,590927,590930,3,91
590836,590927,590929,2,91
590836,590927,590930,3,91
590836,590927,590930,3,91
590836,590927,590930,3,91
590834,590903,590930,27,69
590835,590905,590930,25,70
590836,590928,590930,2,92
590835,590916,590930,14,81
590836,590929,590931,2,93
590836,590930,590932,2,94
590836,590919,590932,13,83
590836,590930,590932,2,94
590835,590905,590933,28,70
590835,590905,590932,27,70
590836,590923,590932,9,87
590836,590930,590932,2,94
590836,590931,590933,2,95
590834,590901,590932,31,67
590836,590930,590933,3,94
590836,590930,590933,3,94
590836,590930,590933,3,94
590836,590930,590932,2,94
590836,590930,590933,3,94
590836,590931,590933,2,95
590836,590930,590933,3,94
590836,590930,590933,3,94
590836,590931,590933,2,95
590836,590931,590934,3,95
590836,590932,590934,2,96
590836,590922,590937,15,86
590836,590922,590937,15,86
590838,590934,590938,4,96
590838,590933,590938,5,95
590838,590933,590939,6,95
590838,590935,590938,3,97
590838,590933,590939,6,95
590838,590934,590939,5,96
590838,590934,590939,5,96
590838,590933,590939,6,95
590838,590933,590940,7,95
590836,590921,590936,15,85
590834,590893,590938,45,59
590838,590939,590941,2,101
590838,590939,590941,2,101
590838,590939,590941,2,101
590838,590939,590941,2,101
590838,590933,590942,9,95
590838,590940,590942,2,102
590838,590940,590943,3,102
590838,590940,590943,3,102
590838,590940,590942,2,102
590838,590941,590943,2,103
590838,590934,590943,9,96
590838,590942,590944,2,104
590838,590942,590944,2,104
590838,590942,590944,2,104
590838,590943,590945,2,105
590838,590942,590945,3,104
590838,590943,590945,2,105
590838,590943,590945,2,105
590838,590943,590945,2,105
590838,590943,590945,2,105
590838,590944,590946,2,106
590838,590944,590946,2,106
590838,590944,590946,2,106
590838,590944,590946,2,106
590838,590944,590946,2,106
590836,590923,590943,20,87
590838,590945,590947,2,107
590838,590946,590948,2,108
590838,590946,590948,2,108
590838,590945,590948,3,107
590838,590946,590948,2,108
590838,590946,590948,2,108
590836,590923,590948,25,87
590838,590946,590948,2,108
590838,590946,590948,2,108
590838,590946,590948,2,108
590838,590946,590948,2,108
590835,590914,590949,35,79
590836,590922,590949,27,86
590836,590921,590949,28,85
590836,590921,590946,25,85
590838,590947,590949,2,109
590838,590948,590950,2,110
590838,590949,590951,2,111
590836,590929,590950,21,93
590838,590949,590951,2,111
590838,590948,590951,3,110
590838,590948,590951,3,110
590838,590949,590951,2,111
590838,590949,590951,2,111
590838,590949,590951,2,111
590838,590949,590951,2,111
590838,590948,590951,3,110
590838,590938,590952,14,100
590838,590938,590953,15,100
590843,590952,590955,3,109
590843,590952,590955,3,109
590843,590951,590955,4,108
590843,590952,590956,4,109
590843,590952,590956,4,109
590843,590952,590955,3,109
590843,590951,590956,5,108
590836,590931,590955,24,95
590836,590932,590956,24,96
590843,590951,590956,5,108
590836,590930,590953,23,94
590843,590951,590957,6,108
590843,590956,590958,2,113
590843,590956,590958,2,113
590843,590955,590957,2,112
590843,590955,590958,3,112
590843,590956,590958,2,113
590843,590956,590958,2,113
590843,590951,590958,7,108
590843,590957,590959,2,114
590843,590956,590959,3,113
590838,590950,590960,10,112
590843,590958,590960,2,115
590843,590958,590960,2,115
590843,590957,590961,4,114
590843,590958,590961,3,115
590843,590958,590962,4,115
590843,590960,590963,3,117
590843,590959,590962,3,116
590843,590959,590963,4,116
590843,590959,590963,4,116
590838,590941,590963,22,103
590843,590954,590964,10,111
590843,590961,590963,2,118
590843,590961,590963,2,118
590838,590941,590965,24,103
590843,590960,590965,5,117
590843,590961,590965,4,118
590843,590963,590966,3,120
590843,590964,590966,2,121
590843,590964,590966,2,121
590843,590962,590966,4,119
590843,590962,590966,4,119
590843,590963,590967,4,120
590843,590963,590967,4,120
590836,590920,590967,47,84
590843,590963,590967,4,120
590838,590950,590968,18,112
590843,590966,590968,2,123
590843,590966,590968,2,123
590843,590965,590968,3,122
590843,590965,590968,3,122
590843,590953,590965,12,110
590843,590966,590968,2,123
590843,590967,590970,3,124
590843,590967,590970,3,124
590843,590964,590970,6,121
590843,590968,590970,2,125
590843,590968,590970,2,125
590843,590961,590969,8,118
590838,590950,590972,22,112
590843,590969,590971,2,126
590843,590967,590969,2,124
590838,590948,590973,25,110
590843,590970,590973,3,127
590836,590921,590974,53,85
590838,590933,590973,40,95
590843,590965,590973,8,122
590843,590970,590973,3,127
590843,590972,590975,3,129
590843,590972,590975,3,129
590848,590971,590975,4,123
590843,590968,590977,9,125
590848,590972,590977,5,124
590848,590974,590977,3,126
590843,590964,590973,9,121
590843,590966,590978,12,123
590838,590949,590974,25,111
590848,590972,590978,6,124
590848,590975,590978,3,127
590848,590976,590978,2,128
590848,590975,590978,3,127
590843,590967,590980,13,124
590848,590977,590980,3,129
590848,590973,590980,7,125
590848,590978,590981,3,130
590848,590977,590981,4,129
590848,590979,590981,2,131
590848,590979,590981,2,131
590848,590979,590981,2,131
590848,590980,590982,2,132
590848,590980,590982,2,132
590848,590972,590982,10,124
590843,590971,590975,4,128
590848,590981,590983,2,133
590848,590980,590984,4,132
590848,590982,590984,2,134
590848,590982,590984,2,134
590848,590982,590984,2,134
590848,590981,590984,3,133
590848,590982,590985,3,134
590848,590982,590985,3,134
590848,590983,590986,3,135
590848,590972,590986,14,124
590848,590984,590986,2,136
590843,590972,590986,14,129
590843,590951,590986,35,108
590848,590985,590987,2,137
590848,590985,590987,2,137
590848,590985,590988,3,137
590838,590949,590988,39,111
590843,590956,590988,32,113
590843,590956,590988,32,113
590848,590986,590988,2,138
590848,590986,590988,2,138
590848,590986,590988,2,138
590848,590978,590988,10,130
590848,590978,590989,11,130
590848,590985,590988,3,137
590848,590987,590989,2,139
590848,590988,590990,2,140
590838,590933,590989,56,95
590838,590933,590989,56,95
590838,590934,590989,55,96
590838,590934,590989,55,96
590848,590977,590990,13,129
590843,590957,590990,33,114
590843,590967,590990,23,124
590848,590988,590990,2,140
590848,590988,590990,2,140
590848,590985,590990,5,137
590848,590989,590991,2,141
590848,590989,590991,2,141
590848,590989,590992,3,141
590848,590986,590992,6,138
590848,590990,590992,2,142
590848,590990,590992,2,142
590848,590989,590993,4,141
590848,590983,590995,12,135
590852,590993,590996,3,141
590848,590974,590996,22,126
590852,590991,590996,5,139
590848,590990,590996,6,142
590848,590990,590996,6,142
590848,590990,590996,6,142
590848,590990,590996,6,142
590848,590987,590991,4,139
590852,590992,590998,6,140
590852,590993,590998,5,141
590852,590992,590998,6,140
590852,590996,590998,2,144
590852,590991,590997,6,139
590852,590992,590999,7,140
590852,590997,591000,3,145
590848,590973,590992,19,125
590852,590997,591000,3,145
590852,590997,591000,3,145
590848,590988,591000,12,140
590852,590998,591000,2,146
590852,590998,591001,3,146
590852,590996,591000,4,144
590852,590998,591001,3,146
590852,590998,591001,3,146
590852,590998,591001,3,146
590852,590997,591001,4,145
590852,590997,591001,4,145
590848,590988,591001,13,140
590848,590991,591002,11,143
590852,591000,591003,3,148
590852,591000,591003,3,148
590852,591001,591003,2,149
590852,591001,591004,3,149
590852,591001,591005,4,149
590852,591001,591005,4,149
590852,591001,591005,4,149
590852,591003,591006,3,151
590852,591003,591006,3,151
590852,590994,591006,12,142
590848,590987,591007,20,139
590852,591004,591007,3,152
590848,590974,591001,27,126
590852,591004,591007,3,152
590848,590983,591008,25,135
590852,590998,591008,10,146
590852,591005,591009,4,153
590852,591005,591009,4,153
590852,591006,591009,3,154
590852,591008,591009,1,156
590852,591007,591010,3,155
590852,591006,591010,4,154
590852,591000,591010,10,148
590852,591000,591010,10,148
590852,591001,591010,9,149
590852,591002,591010,8,150
590848,590989,591011,22,141
590852,591008,591011,3,156
590852,591009,591012,3,157
590852,591010,591012,2,158
590852,591010,591012,2,158
590852,591010,591012,2,158
590852,591010,591013,3,158
590852,591011,591013,2,159
590852,591011,591013,2,159
590852,591011,591014,3,159
590852,591011,591014,3,159
590852,591011,591014,3,159
590852,591011,591014,3,159
590852,591013,591015,2,161
590852,591013,591016,3,161
590852,591013,591016,3,161
590848,590974,591008,34,126
590848,590990,590997,7,142
590848,590988,591018,30,140
590871,591015,591019,4,144
590871,591016,591019,3,145
590852,591001,591019,18,149
590871,591016,591019,3,145
590871,591016,591019,3,145
590871,591013,591020,7,142
590848,590989,591020,31,141
590871,591015,591020,5,144
590871,591014,591020,6,143
590871,591015,591021,6,144
590871,591019,591021,2,148
590871,591020,591022,2,149
590871,591019,591021,2,148
590871,591014,591022,8,143
590871,591020,591022,2,149
590871,591015,591023,8,144
590871,591020,591023,3,149
590871,591018,591023,5,147
590871,591021,591024,3,150
590871,591022,591025,3,151
590871,591022,591025,3,151
590871,591022,591026,4,151
590871,591023,591026,3,152
590852,591009,591027,18,157
590852,591018,591027,9,166
590871,591025,591029,4,154
590871,591024,591028,4,153
590871,591026,591029,3,155
590848,590990,591027,37,142
590852,591006,591030,24,154
590871,591026,591030,4,155
590871,591024,591030,6,153
590871,591026,591030,4,155
590852,590997,591031,34,145
590852,591001,591032,31,149
590871,591029,591033,4,158
590871,591029,591033,4,158
590871,591029,591032,3,158
590871,591027,591033,6,156
590871,591030,591034,4,159
590871,591017,591034,17,146
590852,591009,591029,20,157
590852,591011,591029,18,159
590871,591028,591033,5,157
590871,591028,591034,6,157
590871,591030,591035,5,159
590852,591003,591036,33,151
590871,591033,591036,3,162
590871,591033,591036,3,162
590871,591033,591036,3,162
590852,591002,591036,34,150
590871,591034,591036,2,163
590871,591031,591038,7,160
590852,591000,591036,36,148
590871,591035,591038,3,164
590871,591030,591039,9,159
590871,591036,591039,3,165
590871,591036,591038,2,165
590871,591036,591040,4,165
590871,591035,591041,6,164
590871,591037,591040,3,166
590871,591038,591041,3,167
590871,591039,591042,3,168
590871,591034,591043,9,163
590852,591007,591038,31,155
590852,591008,591035,27,156
590871,591039,591044,5,168
590873,591040,591045,5,167
590873,591041,591047,6,168
590873,591042,591047,5,169
590871,591036,591047,11,165
590873,591042,591048,6,169
590871,591037,591048,11,166
590871,591035,591043,8,164
590873,591043,591049,6,170
590873,591041,591050,9,168
590871,591032,591051,19,161
590871,591038,591053,15,167
590873,591049,591054,5,176
590873,591045,591056,11,172
590873,591048,591056,8,175
590871,591035,591053,18,164
590873,591050,591058,8,177
590873,591053,591058,5,180
590873,591048,591058,10,175
590873,591055,591058,3,182
590873,591050,591059,9,177
590873,591057,591059,2,184
590871,591020,591059,39,149
590871,591038,591057,19,167
590873,591044,591060,16,171
590871,591019,591061,42,148
590873,591054,591062,8,181
590873,591057,591060,3,184
590873,591059,591061,2,186
590873,591059,591062,3,186
590873,591059,591062,3,186
590873,591060,591062,2,187
590873,591058,591063,5,185
590873,591058,591063,5,185
590873,591062,591065,3,189
590873,591062,591065,3,189
590873,591063,591065,2,190
590871,591020,591061,41,149
590873,591063,591065,2,190
590873,591063,591066,3,190
590873,591044,591066,22,171
590873,591060,591066,6,187
590873,591052,591066,14,179
590873,591066,591068,2,193
590873,591066,591068,2,193
590873,591066,591069,3,193
590873,591066,591069,3,193
590873,591048,591070,22,175
590871,591035,591066,31,164
590873,591062,591069,7,189
590873,591067,591071,4,194
590873,591067,591070,3,194
590873,591065,591070,5,192
590873,591069,591071,2,196
590873,591069,591071,2,196
590871,591030,591066,36,159
590873,591070,591072,2,197
590873,591070,591072,2,197
590873,591060,591073,13,187
590873,591064,591072,8,191
590871,591034,591067,33,163
590871,591032,591073,41,161
590873,591049,591074,25,176
590873,591072,591075,3,199
590873,591071,591075,4,198
590873,591072,591075,3,199
590873,591073,591076,3,200
590871,591021,591075,54,150
590871,591022,591075,53,151
590871,591022,591075,53,151
590873,591071,591076,5,198
590873,591070,591077,7,197
590873,591070,591074,4,197
590873,591064,591076,12,191
590873,591061,591078,17,188
590873,591071,591078,7,198
590871,591024,591079,55,153
590990,591075,591081,6,85
590873,591073,591080,7,200
590873,591061,591079,18,188
590873,591061,591080,19,188
590990,591076,591082,6,86
590873,591073,591081,8,200
590990,591077,591084,7,87
590990,591079,591083,4,89
590990,591076,591084,8,86
590990,591081,591084,3,91
590873,591074,591085,11,201
590873,591066,591085,19,193
590990,591083,591086,3,93
590990,591084,591087,3,94
590990,591084,591087,3,94
590990,591084,591088,4,94
590990,591076,591089,13,86
590990,591076,591089,13,86
590873,591072,591090,18,199
590990,591087,591089,2,97
590990,591081,591089,8,91
590990,591087,591089,2,97
590990,591088,591090,2,98
590990,591076,591089,13,86
590990,591079,591089,10,89
590873,591073,591089,16,200
590990,591077,591090,13,87
590990,591084,591091,7,94
590990,591084,591090,6,94
590990,591082,591090,8,92
590990,591087,591090,3,97
590873,591044,591091,47,171
590873,591067,591092,25,194
590873,591070,591093,23,197
590990,591090,591093,3,100
590990,591076,591093,17,86
590990,591077,591093,16,87
590990,591090,591093,3,100
590990,591090,591093,3,100
590990,591091,591094,3,101
590990,591090,591093,3,100
590990,591081,591095,14,91
590990,591078,591095,17,88
590990,591090,591095,5,100
590990,591089,591095,6,99
590990,591089,591095,6,99
590990,591090,591095,5,100
590990,591090,591095,5,100
590990,591094,591097,3,104
590990,591094,591097,3,104
590990,591093,591096,3,103
590990,591094,591097,3,104
590990,591094,591098,4,104
590990,591091,591097,6,101
590990,591091,591097,6,101
590990,591094,591097,3,104
590990,591093,591098,5,103
590990,591094,591098,4,104
590990,591095,591098,3,105
590990,591096,591099,3,106
590990,591096,591099,3,106
590990,591097,591099,2,107
590990,591097,591100,3,107
590990,591096,591099,3,106
590990,591096,591100,4,106
590990,591091,591098,7,101
590873,591074,591094,20,201
590990,591098,591101,3,108
590990,591098,591101,3,108
590990,591098,591102,4,108
590990,591098,591102,4,108
590990,591091,591103,12,101
590990,591099,591104,5,109
590990,591102,591104,2,112
590990,591102,591104,2,112
590990,591090,591105,15,100
590990,591098,591104,6,108
590990,591102,591105,3,112
590990,591098,591105,7,108
590990,591099,591105,6,109
590990,591100,591106,6,110
590990,591100,591106,6,110
590990,591102,591106,4,112
590990,591104,591108,4,114
590990,591105,591108,3,115
590990,591105,591108,3,115
590990,591105,591108,3,115
590990,591106,591109,3,116
590990,591086,591106,20,96
590990,591101,591108,7,111
590990,591098,591109,11,108
590990,591106,591109,3,116
590990,591085,591110,25,95
590990,591082,591110,28,92
590990,591105,591111,6,115
590990,591107,591111,4,117
590990,591109,591113,4,119
590990,591103,591112,9,113
590990,591109,591113,4,119
590990,591110,591113,3,120
590990,591109,591113,4,119
590990,591106,591114,8,116
590990,591110,591114,4,120
590990,591110,591114,4,120
590990,591108,591114,6,118
590990,591110,591116,6,120
590990,591099,591117,18,109
590990,591101,591117,16,111
590990,591101,591117,16,111
590990,591113,591117,4,123
590990,591114,591117,3,124
590990,591114,591116,2,124
590990,591114,591117,3,124
590990,591099,591117,18,109
590990,591112,591118,6,122
590990,591114,591118,4,124
590990,591095,591118,23,105
590990,591112,591118,6,122
590990,591117,591119,2,127
590990,591115,591119,4,125
590990,591092,591120,28,102
590990,591092,591121,29,102
590990,591110,591121,11,120
590990,591117,591120,3,127
590990,591114,591121,7,124
590990,591118,591122,4,128
590990,591118,591122,4,128
590990,591118,591122,4,128
590990,591116,591120,4,126
590990,591115,591121,6,125
590990,591117,591123,6,127
590990,591120,591123,3,130
590990,591117,591124,7,127
590990,591117,591124,7,127
590990,591117,591124,7,127
590990,591122,591124,2,132
590990,591120,591123,3,130
590990,591121,591125,4,131
590990,591105,591121,16,115
590990,591119,591126,7,129
590990,591118,591127,9,128
590990,591122,591127,5,132
590990,591110,591132,22,120
590990,591101,591125,24,111
590990,591113,591133,20,123
590990,591111,591134,23,121
590990,591095,591125,30,105
590990,591106,591122,16,116
590990,591121,591138,17,131
590990,591121,591138,17,131
590990,591137,591145,8,147
590990,591121,591168,47,131
589860,589860,591433,1573,0
591435,591435,591440,5,0
591435,591435,591439,4,0
591435,591435,591440,5,0
591435,591435,591440,5,0
591435,591435,591441,6,0
591435,591435,591442,7,0
591435,591435,591441,6,0
591435,591435,591442,7,0
591435,591435,591443,8,0
591435,591435,591442,7,0
591435,591440,591442,2,5
591435,591435,591443,8,0
591435,591435,591443,8,0
591435,591440,591444,4,5
591435,591440,591443,3,5
591435,591441,591445,4,6
591435,591435,591445,10,0
591435,591435,591446,11,0
591435,591442,591445,3,7
591435,591442,591445,3,7
591435,591442,591446,4,7
591435,591443,591446,3,8
591435,591443,591446,3,8
591435,591444,591447,3,9
591435,591443,591447,4,8
591435,591444,591447,3,9
591435,591443,591447,4,8
591435,591444,591447,3,9
591435,591443,591449,6,8
591435,591446,591448,2,11
591435,591446,591449,3,11
591435,591435,591450,15,0
591435,591435,591449,14,0
591435,591446,591449,3,11
591435,591447,591449,2,12
591435,591446,591451,5,11
591435,591447,591450,3,12
591435,591447,591450,3,12
591435,591448,591450,2,13
591435,591448,591452,4,13
591435,591446,591451,5,11
591435,591447,591451,4,12
591435,591448,591451,3,13
591435,591449,591451,2,14
591435,591449,591451,2,14
591435,591435,591447,12,0
591435,591435,591450,15,0
591435,591448,591452,4,13
591435,591450,591452,2,15
591435,591450,591452,2,15
591435,591435,591454,19,0
591435,591450,591454,4,15
591435,591435,591454,19,0
591435,591449,591454,5,14
591435,591451,591454,3,16
591435,591451,591455,4,16
591435,591452,591454,2,17
591435,591450,591455,5,15
591435,591452,591455,3,17
591435,591451,591455,4,16
591435,591451,591455,4,16
591435,591452,591456,4,17
591435,591452,591456,4,17
591435,591435,591456,21,0
591435,591452,591457,5,17
589877,589877,591457,1580,0
591435,591435,591457,22,0
589865,589865,591459,1594,0
591435,591435,591459,24,0
591459,591459,591462,3,0
591459,591459,591462,3,0
591459,591459,591463,4,0
591459,591459,591462,3,0
591459,591459,591462,3,0
591459,591459,591464,5,0
591459,591459,591464,5,0
591459,591459,591464,5,0
591435,591452,591463,11,17
591459,591459,591464,5,0
591459,591459,591464,5,0
591459,591459,591465,6,0
591459,591459,591464,5,0
591459,591459,591464,5,0
591459,591462,591465,3,3
591459,591462,591465,3,3
591459,591463,591466,3,4
591459,591459,591467,8,0
591459,591463,591466,3,4
591459,591459,591465,6,0
591459,591463,591467,4,4
591459,591464,591467,3,5
591459,591464,591468,4,5
591459,591465,591467,2,6
589871,589871,591462,1591,0
591459,591465,591468,3,6
591435,591435,591461,26,0
591459,591465,591469,4,6
591459,591464,591469,5,5
591459,591459,591469,10,0
591459,591465,591470,5,6
591459,591465,591470,5,6
591459,591466,591469,3,7
591459,591466,591470,4,7
591459,591467,591470,3,8
591459,591467,591470,3,8
591459,591460,591470,10,1
591459,591464,591471,7,5
591459,591468,591471,3,9
591459,591465,591471,6,6
591459,591468,591472,4,9
591459,591468,591472,4,9
591459,591468,591471,3,9
591459,591468,591471,3,9
591459,591468,591472,4,9
591459,591459,591469,10,0
591459,591459,591468,9,0
591459,591460,591470,10,1
591459,591469,591473,4,10
591459,591470,591473,3,11
591459,591470,591473,3,11
591459,591470,591473,3,11
591435,591435,591473,38,0
591459,591470,591474,4,11
591459,591471,591474,3,12
591459,591471,591474,3,12
591459,591472,591474,2,13
591459,591469,591475,6,10
591459,591470,591475,5,11
591459,591472,591476,4,13
591459,591472,591476,4,13
591459,591471,591476,5,12
591459,591471,591476,5,12
591459,591472,591476,4,13
591459,591472,591477,5,13
591460,591473,591477,4,13
591459,591470,591478,8,11
591460,591473,591479,6,13
591459,591472,591479,7,13
591460,591473,591480,7,13
591460,591473,591480,7,13
591460,591475,591481,6,15
591460,591474,591481,7,14
591459,591459,591481,22,0
591460,591477,591482,5,17
591460,591476,591483,7,16
591460,591474,591483,9,14
591460,591479,591483,4,19
591460,591476,591484,8,16
591460,591477,591485,8,17
591460,591481,591485,4,21
591460,591479,591486,7,19
591460,591481,591486,5,21
591460,591482,591486,4,22
591460,591473,591486,13,13
591460,591480,591486,6,20
591460,591481,591486,5,21
591460,591484,591486,2,24
591460,591484,591486,2,24
591459,591459,591487,28,0
591460,591480,591487,7,20
591460,591484,591487,3,24
591460,591483,591487,4,23
591459,591472,591487,15,13
591460,591477,591488,11,17
591459,591468,591488,20,9
591460,591474,591488,14,14
591460,591477,591489,12,17
591460,591485,591489,4,25
591460,591487,591489,2,27
591460,591487,591489,2,27
591460,591487,591490,3,27
591459,591459,591489,30,0
591459,591469,591489,20,10
591460,591486,591489,3,26
591460,591486,591490,4,26
591460,591486,591490,4,26
591459,591472,591490,18,13
591460,591487,591490,3,27
591460,591482,591490,8,22
591460,591486,591491,5,26
591460,591487,591490,3,27
591460,591477,591491,14,17
591460,591487,591491,4,27
591460,591488,591491,3,28
591460,591473,591493,20,13
591460,591490,591493,3,30
591460,591490,591492,2,30
591460,591489,591493,4,29
591460,591490,591492,2,30
591460,591487,591493,6,27
591460,591490,591493,3,30
591460,591490,591493,3,30
591460,591489,591493,4,29
591460,591490,591493,3,30
591460,591491,591494,3,31
591460,591489,591493,4,29
591460,591491,591494,3,31
591460,591492,591495,3,32
591460,591487,591494,7,27
591460,591489,591494,5,29
591460,591492,591496,4,32
591460,591493,591496,3,33
591469,591493,591499,6,24
591460,591475,591499,24,15
591460,591491,591499,8,31
591460,591489,591493,4,29
591469,591497,591501,4,28
591469,591493,591500,7,24
591460,591475,591501,26,15
591469,591493,591501,8,24
591469,591494,591502,8,25
591469,591495,591502,7,26
591460,591492,591502,10,32
591460,591493,591502,9,33
591469,591497,591503,6,28
591469,591494,591503,9,25
591469,591499,591503,4,30
591469,591496,591503,7,27
591469,591496,591503,7,27
591469,591496,591503,7,27
591469,591493,591504,11,24
591460,591487,591502,15,27
591460,591490,591503,13,30
591469,591501,591504,3,32
591469,591499,591505,6,30
591469,591499,591505,6,30
591469,591502,591505,3,33
591460,591491,591503,12,31
591469,591502,591506,4,33
591469,591503,591506,3,34
591469,591503,591506,3,34
591469,591501,591506,5,32
591469,591503,591506,3,34
591469,591494,591507,13,25
591469,591505,591508,3,36
591469,591501,591508,7,32
591469,591503,591508,5,34
591469,591505,591508,3,36
591469,591506,591508,2,37
591469,591504,591509,5,35
591469,591504,591509,5,35
591469,591506,591509,3,37
591469,591505,591510,5,36
591460,591490,591505,15,30
591469,591494,591510,16,25
591469,591506,591509,3,37
591469,591506,591510,4,37
591469,591507,591510,3,38
591469,591509,591511,2,40
591469,591506,591511,5,37
591469,591506,591511,5,37
591469,591506,591512,6,37
591469,591509,591512,3,40
591469,591509,591512,3,40
591469,591508,591513,5,39
591469,591511,591513,2,42
591469,591510,591513,3,41
591469,591510,591515,5,41
591469,591509,591514,5,40
591469,591510,591514,4,41
591469,591509,591514,5,40
591469,591508,591515,7,39
591469,591512,591515,3,43
591469,591513,591516,3,44
591469,591509,591515,6,40
591469,591510,591516,6,41
591469,591511,591517,6,42
591469,591513,591517,4,44
591469,591513,591517,4,44
591469,591514,591517,3,45
591469,591515,591518,3,46
591469,591514,591518,4,45
591469,591514,591519,5,45
591460,591491,591520,29,31
591469,591503,591522,19,34
591469,591506,591522,16,37
591469,591505,591522,17,36
591469,591505,591523,18,36
591469,591510,591522,12,41
591469,591503,591525,22,34
591469,591500,591526,26,31
591469,591512,591528,16,43
591469,591512,591528,16,43
590826,590875,591826,951,49
590806,590827,591826,999,21
591826,591826,591829,3,0
591826,591826,591830,4,0
591826,591826,591830,4,0
591826,591826,591830,4,0
591826,591826,591831,5,0
591826,591826,591831,5,0
591826,591826,591831,5,0
591826,591826,591831,5,0
591826,591826,591831,5,0
591826,591826,591831,5,0
591826,591826,591832,6,0
591826,591826,591832,6,0
591826,591827,591832,5,1
591826,591826,591833,7,0
591826,591826,591833,7,0
591826,591826,591833,7,0
591826,591827,591833,6,1
591826,591826,591834,8,0
591826,591826,591834,8,0
590821,590859,591835,976,38
591826,591831,591834,3,5
591826,591831,591834,3,5
591826,591832,591834,2,6
591826,591830,591834,4,4
591826,591826,591835,9,0
591826,591826,591835,9,0
591826,591827,591835,8,1
591826,591832,591835,3,6
591826,591831,591835,4,5
591826,591835,591837,2,9
591826,591832,591837,5,6
591826,591835,591837,2,9
591826,591835,591837,2,9
591826,591835,591837,2,9
591826,591835,591838,3,9
591826,591832,591838,6,6
591826,591837,591839,2,11
591826,591836,591838,2,10
591826,591834,591839,5,8
591826,591835,591839,4,9
591826,591832,591839,7,6
591826,591834,591839,5,8
591826,591836,591839,3,10
591826,591838,591840,2,12
591826,591827,591835,8,1
591826,591833,591840,7,7
591826,591834,591839,5,8
591826,591832,591840,8,6
591826,591833,591840,7,7
591826,591834,591840,6,8
591826,591838,591841,3,12
591826,591838,591840,2,12
591826,591838,591841,3,12
591826,591838,591840,2,12
591826,591839,591841,2,13
591826,591826,591841,15,0
591826,591834,591841,7,8
591826,591836,591841,5,10
591826,591839,591841,2,13
591826,591839,591842,3,13
591826,591833,591842,9,7
591826,591836,591842,6,10
591826,591840,591842,2,14
591826,591840,591842,2,14
591828,591841,591843,2,13
591826,591836,591843,7,10
591828,591841,591844,3,13
591828,591841,591844,3,13
591826,591840,591844,4,14
591826,591840,591844,4,14
591826,591840,591845,5,14
591828,591841,591845,4,13
591828,591842,591845,3,14
591828,591841,591846,5,13
591826,591840,591845,5,14
591828,591842,591845,3,14
591828,591843,591846,3,15
591828,591843,591846,3,15
591828,591843,591846,3,15
591828,591841,591847,6,13
591828,591843,591847,4,15
591828,591844,591847,3,16
591828,591845,591848,3,17
591828,591844,591847,3,16
591828,591846,591849,3,18
591826,591827,591846,19,1
591828,591845,591849,4,17
591828,591846,591849,3,18
591828,591841,591849,8,13
591828,591842,591845,3,14
591828,591845,591850,5,17
591828,591846,591850,4,18
591828,591845,591851,6,17
591828,591846,591850,4,18
591828,591847,591851,4,19
591828,591845,591852,7,17
591828,591848,591852,4,20
591828,591848,591851,3,20
591828,591840,591851,11,12
591828,591848,591853,5,20
591828,591848,591852,4,20
591828,591850,591853,3,22
591828,591849,591852,3,21
591828,591851,591853,2,23
591828,591850,591853,3,22
591828,591843,591854,11,15
591828,591850,591853,3,22
591828,591851,591854,3,23
591828,591846,591855,9,18
591828,591851,591854,3,23
591828,591852,591855,3,24
591828,591853,591855,2,25
591828,591852,591855,3,24
591828,591852,591855,3,24
591826,591826,591855,29,0
591828,591848,591855,7,20
591828,591840,591856,16,12
591828,591853,591856,3,25
591828,591853,591855,2,25
591828,591850,591856,6,22
590830,590889,591856,967,59
591828,591850,591856,6,22
591828,591844,591857,13,16
591828,591852,591857,5,24
591828,591854,591857,3,26
591828,591853,591857,4,25
591828,591855,591858,3,27
591828,591855,591858,3,27
591828,591855,591858,3,27
591828,591841,591858,17,13
591828,591855,591858,3,27
591828,591854,591860,6,26
591837,591858,591860,2,21
591837,591857,591860,3,20
591837,591858,591860,2,21
591828,591855,591861,6,27
591837,591858,591861,3,21
591837,591858,591861,3,21
591837,591857,591862,5,20
591837,591859,591862,3,22
591828,591855,591862,7,27
591828,591841,591857,16,13
591837,591856,591862,6,19
591837,591860,591862,2,23
591837,591859,591862,3,22
591837,591857,591863,6,20
591837,591860,591863,3,23
591828,591853,591863,10,25
591828,591854,591863,9,26
591837,591856,591863,7,19
591837,591861,591864,3,24
591837,591863,591865,2,26
591837,591862,591865,3,25
591837,591862,591865,3,25
591837,591857,591866,9,20
591837,591862,591866,4,25
591837,591862,591865,3,25
591837,591863,591866,3,26
591837,591860,591866,6,23
591837,591864,591867,3,27
591837,591865,591868,3,28
591837,591864,591868,4,27
591828,591849,591862,13,21
591837,591866,591868,2,29
591837,591857,591868,11,20
591837,591856,591869,13,19
591837,591863,591869,6,26
591837,591867,591869,2,30
591837,591866,591869,3,29
591837,591866,591869,3,29
591837,591868,591871,3,31
591837,591863,591870,7,26
591828,591842,591871,29,14
591837,591857,591871,14,20
591837,591866,591870,4,29
591837,591868,591871,3,31
591837,591869,591871,2,32
591837,591870,591872,2,33
591837,591867,591871,4,30
591837,591870,591872,2,33
591837,591870,591873,3,33
591837,591861,591872,11,24
591837,591866,591873,7,29
591837,591869,591873,4,32
591837,591871,591873,2,34
591837,591866,591873,7,29
591837,591871,591874,3,34
591837,591871,591874,3,34
591837,591869,591874,5,32
591837,591870,591874,4,33
591837,591872,591874,2,35
591837,591872,591874,2,35
591837,591862,591874,12,25
591828,591850,591873,23,22
591828,591854,591874,20,26
591837,591872,591874,2,35
591837,591864,591875,11,27
591837,591864,591875,11,27
591837,591873,591875,2,36
591837,591873,591876,3,36
591837,591871,591875,4,34
591837,591871,591875,4,34
591837,591873,591876,3,36
591837,591874,591876,2,37
591837,591874,591878,4,37
591837,591874,591879,5,37
591837,591873,591879,6,36
591837,591869,591881,12,32
590837,590932,591883,951,95
591837,591869,591888,19,32
591886,591886,591889,3,0
591886,591886,591889,3,0
591886,591886,591889,3,0
591886,591886,591890,4,0
591828,591855,591890,35,27
591886,591886,591891,5,0
591886,591886,591890,4,0
591886,591886,591891,5,0
591886,591886,591890,4,0
591886,591886,591891,5,0
591886,591886,591891,5,0
591886,591886,591890,4,0
591886,591886,591891,5,0
591886,591886,591892,6,0
591886,591886,591892,6,0
591886,591886,591891,5,0
591886,591886,591891,5,0
591886,591886,591891,5,0
591886,591886,591893,7,0
591886,591886,591892,6,0
591886,591889,591893,4,3
591886,591889,591893,4,3
591886,591886,591893,7,0
591837,591871,591893,22,34
591886,591891,591893,2,5
591886,591889,591894,5,3
591886,591890,591894,4,4
591886,591891,591895,4,5
591886,591893,591895,2,7
591886,591891,591896,5,5
591886,591891,591896,5,5
591886,591892,591896,4,6
591886,591892,591896,4,6
591886,591893,591896,3,7
591886,591892,591897,5,6
591886,591894,591897,3,8
590841,590950,591898,948,109
591886,591896,591898,2,10
591886,591896,591898,2,10
591886,591895,591897,2,9
591886,591895,591898,3,9
591886,591893,591899,6,7
591886,591893,591899,6,7
591886,591896,591899,3,10
591886,591896,591899,3,10
591886,591896,591899,3,10
591886,591891,591899,8,5
591886,591894,591900,6,8
591886,591889,591899,10,3
591886,591891,591900,9,5
591886,591897,591900,3,11
591886,591891,591900,9,5
591886,591895,591900,5,9
591886,591895,591900,5,9
591886,591898,591900,2,12
591886,591897,591900,3,11
591886,591898,591900,2,12
591886,591892,591901,9,6
591886,591898,591901,3,12
591886,591898,591901,3,12
591886,591899,591901,2,13
591886,591892,591901,9,6
591886,591899,591902,3,13
591886,591891,591902,11,5
591886,591900,591902,2,14
591886,591900,591902,2,14
591886,591899,591903,4,13
591886,591901,591903,2,15
591886,591901,591903,2,15
591886,591886,591900,14,0
591886,591899,591904,5,13
591886,591901,591904,3,15
591886,591901,591904,3,15
591886,591902,591904,2,16
591886,591901,591905,4,15
591837,591862,591900,38,25
591886,591900,591905,5,14
591886,591902,591906,4,16
591886,591903,591906,3,17
591886,591900,591906,6,14
591886,591900,591906,6,14
591886,591900,591906,6,14
591886,591903,591906,3,17
591886,591904,591907,3,18
591886,591904,591907,3,18
591886,591903,591907,4,17
591886,591904,591908,4,18
591886,591900,591908,8,14
591886,591905,591908,3,19
591886,591905,591908,3,19
591886,591904,591909,5,18
591886,591906,591909,3,20
591886,591906,591909,3,20
591886,591886,591909,23,0
591886,591900,591910,10,14
591886,591906,591910,4,20
591886,591903,591910,7,17
591886,591903,591911,8,17
591886,591908,591912,4,22
591886,591909,591911,2,23
591886,591909,591912,3,23
591886,591907,591912,5,21
591886,591910,591912,2,24
591886,591910,591913,3,24
591886,591908,591913,5,22
591886,591909,591913,4,23
591886,591907,591913,6,21
591886,591908,591914,6,22
591886,591912,591914,2,26
591886,591912,591914,2,26
591886,591907,591913,6,21
591886,591902,591914,12,16
591886,591912,591914,2,26
591886,591910,591915,5,24
591886,591905,591915,10,19
591886,591909,591915,6,23
591886,591912,591915,3,26
591886,591913,591915,2,27
591886,591911,591915,4,25
591886,591914,591916,2,28
591886,591913,591915,2,27
591886,591913,591915,2,27
591886,591913,591915,2,27
591886,591914,591916,2,28
591886,591911,591916,5,25
591886,591894,591912,18,8
591886,591900,591911,11,14
591886,591909,591916,7,23
591886,591914,591916,2,28
591886,591914,591916,2,28
591886,591914,591916,2,28
591886,591906,591917,11,20
591886,591915,591917,2,29
591886,591914,591918,4,28
591886,591916,591918,2,30
591886,591914,591919,5,28
591886,591891,591917,26,5
591886,591915,591920,5,29
591886,591916,591920,4,30
591886,591916,591920,4,30
591918,591918,591921,3,0
591918,591918,591922,4,0
591918,591919,591922,3,1
591918,591919,591922,3,1
591918,591918,591923,5,0
591918,591918,591922,4,0
591918,591918,591923,5,0
591918,591918,591922,4,0
591918,591918,591922,4,0
591918,591918,591922,4,0
591918,591918,591923,5,0
591918,591918,591924,6,0
591918,591918,591925,7,0
591918,591922,591926,4,4
591918,591923,591925,2,5
591918,591922,591925,3,4
591918,591923,591925,2,5
591918,591921,591926,5,3
591918,591921,591926,5,3
591918,591923,591927,4,5
591918,591919,591927,8,1
591918,591923,591927,4,5
591918,591923,591927,4,5
591918,591923,591927,4,5
591918,591923,591928,5,5
591886,591904,591929,25,18
591918,591923,591928,5,5
591918,591924,591929,5,6
591886,591910,591930,20,24
591918,591926,591930,4,8
591918,591926,591930,4,8
591918,591928,591930,2,10
591918,591928,591930,2,10
591918,591926,591930,4,8
591918,591920,591931,11,2
591918,591928,591931,3,10
591918,591929,591932,3,11
591918,591926,591932,6,8
591918,591929,591932,3,11
591918,591929,591931,2,11
591918,591930,591932,2,12
591918,591927,591932,5,9
591918,591918,591932,14,0
591918,591931,591933,2,13
591918,591924,591933,9,6
591918,591931,591933,2,13
591918,591928,591933,5,10
591918,591927,591933,6,9
590843,590971,591934,963,128
591918,591931,591933,2,13
591918,591931,591933,2,13
591918,591932,591934,2,14
591918,591928,591934,6,10
591918,591932,591934,2,14
591918,591932,591935,3,14
591918,591932,591935,3,14
591918,591932,591935,3,14
591918,591933,591935,2,15
591918,591933,591935,2,15
591918,591933,591935,2,15
591918,591934,591936,2,16
591918,591931,591936,5,13
591918,591933,591936,3,15
591918,591918,591937,19,0
591918,591933,591937,4,15
591918,591934,591938,4,16
591918,591930,591938,8,12
591918,591918,591941,23,0
591918,591932,591941,9,14
591918,591934,591941,7,16
591918,591926,591945,19,8
591886,591900,591922,22,14
591886,591905,591922,17,19
591946,591946,591950,4,0
591946,591946,591949,3,0
591946,591946,591951,5,0
591946,591946,591951,5,0
591918,591929,591950,21,11
591946,591946,591950,4,0
591946,591946,591950,4,0
591946,591946,591951,5,0
591946,591946,591951,5,0
591946,591946,591951,5,0
591946,591946,591951,5,0
591946,591946,591951,5,0
591946,591946,591951,5,0
591946,591946,591952,6,0
591946,591946,591953,7,0
591946,591950,591954,4,4
591946,591946,591953,7,0
591946,591950,591954,4,4
591946,591951,591954,3,5
591946,591946,591956,10,0
591946,591946,591955,9,0
591946,591946,591956,10,0
591946,591946,591955,9,0
591946,591951,591955,4,5
591946,591951,591955,4,5
591946,591952,591956,4,6
591946,591952,591955,3,6
591918,591948,591956,8,30
591946,591952,591957,5,6
591946,591954,591957,3,8
591946,591952,591958,6,6
591946,591955,591958,3,9
591946,591956,591958,2,10
591946,591956,591958,2,10
591946,591952,591959,7,6
591946,591951,591959,8,5
590849,590991,591958,967,142
591946,591955,591958,3,9
591946,591956,591959,3,10
591946,591948,591958,10,2
591946,591956,591958,2,10
591946,591957,591959,2,11
591946,591955,591959,4,9
591946,591954,591960,6,8
591946,591953,591960,7,7
591946,591948,591960,12,2
591946,591957,591960,3,11
591946,591958,591960,2,12
591946,591958,591960,2,12
591946,591958,591960,2,12
591946,591958,591960,2,12
591946,591959,591961,2,13
591946,591959,591961,2,13
591946,591956,591961,5,10
591946,591959,591962,3,13
591946,591959,591961,2,13
591946,591956,591961,5,10
591946,591959,591962,3,13
591946,591959,591962,3,13
591946,591959,591962,3,13
591946,591956,591961,5,10
591946,591960,591963,3,14
591946,591956,591964,8,10
591946,591955,591965,10,9
591946,591960,591964,4,14
591946,591959,591964,5,13
591946,591951,591959,8,5
591946,591960,591965,5,14
591946,591946,591966,20,0
591946,591960,591965,5,14
591946,591956,591970,14,10
590853,591013,591973,960,160
591946,591946,591973,27,0
591946,591946,591982,36,0
590871,591039,591999,960,168
592005,592005,592008,3,0
592005,592005,592009,4,0
592005,592005,592008,3,0
592005,592005,592008,3,0
592005,592005,592009,4,0
592005,592005,592009,4,0
592005,592005,592009,4,0
592005,592005,592009,4,0
592005,592005,592009,4,0
592005,592005,592010,5,0
592005,592005,592011,6,0
592005,592005,592011,6,0
592005,592005,592012,7,0
592005,592005,592013,8,0
592005,592005,592013,8,0
592005,592010,592013,3,5
592005,592005,592013,8,0
592005,592010,592014,4,5
592005,592010,592013,3,5
592005,592010,592013,3,5
592005,592005,592013,8,0
592005,592005,592014,9,0
592005,592005,592014,9,0
592005,592008,592014,6,3
592005,592009,592015,6,4
592005,592011,592014,3,6
592005,592012,592014,2,7
592005,592013,592015,2,8
592005,592010,592015,5,5
592005,592012,592015,3,7
592005,592013,592015,2,8
592005,592013,592016,3,8
592005,592014,592017,3,9
592005,592009,592017,8,4
592005,592014,592016,2,9
592005,592015,592017,2,10
592005,592015,592017,2,10
592005,592009,592017,8,4
592005,592014,592016,2,9
592005,592015,592017,2,10
592005,592005,592017,12,0
592005,592005,592017,12,0
592005,592005,592017,12,0
592005,592005,592017,12,0
592005,592015,592017,2,10
592005,592015,592017,2,10
592005,592016,592018,2,11
592005,592016,592018,2,11
592005,592014,592018,4,9
592005,592005,592019,14,0
592005,592016,592018,2,11
592005,592016,592018,2,11
592005,592017,592019,2,12
592005,592017,592019,2,12
592005,592017,592019,2,12
592005,592017,592019,2,12
592005,592005,592019,14,0
592005,592015,592019,4,10
592005,592017,592019,2,12
592005,592017,592019,2,12
592005,592017,592019,2,12
592005,592017,592019,2,12
592005,592012,592020,8,7
592005,592014,592020,6,9
592005,592005,592021,16,0
592005,592018,592022,4,13
592005,592018,592022,4,13
592005,592018,592022,4,13
592005,592018,592022,4,13
592005,592017,592022,5,12
592005,592017,592020,3,12
592005,592005,592022,17,0
592005,592018,592024,6,13
592005,592018,592025,7,13
592005,592018,592026,8,13
592005,592005,592027,22,0
592005,592019,592026,7,14
592005,592019,592026,7,14
592005,592020,592027,7,15
592005,592019,592028,9,14
592005,592019,592028,9,14
592005,592020,592029,9,15
592005,592022,592028,6,17
592005,592022,592029,7,17
592005,592019,592029,10,14
592005,592019,592029,10,14
592005,592020,592030,10,15
592005,592022,592030,8,17
592005,592018,592030,12,13
592005,592022,592029,7,17
592005,592027,592031,4,22
592005,592027,592030,3,22
592005,592023,592030,7,18
592005,592027,592031,4,22
592005,592025,592032,7,20
592005,592020,592031,11,15
592005,592019,592031,12,14
592005,592028,592032,4,23
592005,592029,592032,3,24
592005,592029,592032,3,24
592005,592031,592032,1,26
592005,592029,592033,4,24
592005,592029,592033,4,24
592005,592030,592033,3,25
592005,592029,592033,4,24
592005,592030,592033,3,25
592005,592031,592033,2,26
592005,592023,592034,11,18
592005,592027,592033,6,22
592005,592031,592034,3,26
592005,592031,592034,3,26
592005,592032,592034,2,27
592005,592033,592035,2,28
592005,592033,592034,1,28
592005,592033,592034,1,28
592005,592021,592034,13,16
592005,592025,592035,10,20
592005,592032,592034,2,27
592005,592032,592035,3,27
592005,592034,592035,1,29
592005,592034,592035,1,29
592005,592030,592035,5,25
592005,592026,592036,10,21
592005,592033,592036,3,28
592005,592033,592036,3,28
592005,592033,592036,3,28
592005,592029,592036,7,24
592005,592034,592036,2,29
592005,592035,592037,2,30
592005,592032,592036,4,27
592005,592022,592036,14,17
592005,592034,592037,3,29
592005,592032,592037,5,27
592005,592022,592037,15,17
592005,592034,592038,4,29
592005,592035,592039,4,30
592005,592020,592041,21,15
592005,592020,592041,21,15
592005,592034,592042,8,29
592005,592020,592045,25,15
592062,592062,592065,3,0
592062,592062,592066,4,0
592062,592062,592066,4,0
592062,592062,592066,4,0
592062,592062,592066,4,0
592062,592062,592067,5,0
592062,592062,592067,5,0
592062,592062,592067,5,0
592062,592062,592067,5,0
592062,592068,592070,2,6
592062,592067,592070,3,5
592062,592068,592071,3,6
592062,592068,592071,3,6
592062,592066,592071,5,4
592062,592062,592072,10,0
592062,592068,592072,4,6
592062,592062,592072,10,0
592062,592062,592072,10,0
592062,592067,592072,5,5
592062,592062,592074,12,0
592062,592062,592074,12,0
592062,592067,592074,7,5
592062,592072,592075,3,10
592062,592062,592075,13,0
592062,592071,592074,3,9
592062,592072,592074,2,10
592062,592072,592075,3,10
592062,592073,592075,2,11
592062,592072,592076,4,10
592062,592073,592075,2,11
592062,592062,592076,14,0
592062,592067,592076,9,5
592062,592073,592076,3,11
592062,592073,592076,3,11
592062,592075,592077,2,13
592062,592075,592077,2,13
592062,592062,592077,15,0
592062,592075,592077,2,13
592062,592076,592078,2,14
592062,592075,592077,2,13
592062,592075,592077,2,13
592062,592076,592078,2,14
592062,592076,592078,2,14
592062,592076,592079,3,14
592062,592077,592079,2,15
592062,592077,592079,2,15
592062,592072,592079,7,10
592062,592062,592080,18,0
592062,592075,592079,4,13
591131,591131,592079,948,0
592062,592077,592079,2,15
592062,592077,592079,2,15
592062,592078,592080,2,16
592062,592077,592080,3,15
592062,592078,592080,2,16
592062,592062,592080,18,0
592062,592075,592080,5,13
592062,592078,592080,2,16
592062,592078,592080,2,16
592062,592078,592080,2,16
592062,592062,592081,19,0
592062,592079,592081,2,17
592062,592078,592082,4,16
592062,592076,592084,8,14
592062,592063,592085,22,1
592062,592062,592087,25,0
592062,592062,592087,25,0
592062,592063,592088,25,1
592062,592062,592088,26,0
592062,592062,592096,34,0
592062,592062,592096,34,0
592127,592128,592130,2,1
592127,592128,592130,2,1
592127,592128,592131,3,1
592127,592128,592131,3,1
592127,592128,592131,3,1
592127,592128,592131,3,1
592127,592128,592131,3,1
592127,592128,592131,3,1
592127,592128,592132,4,1
592127,592128,592132,4,1
592127,592128,592133,5,1
592127,592128,592134,6,1
592127,592132,592135,3,5
592127,592131,592134,3,4
592127,592132,592134,2,5
592127,592132,592134,2,5
592127,592128,592135,7,1
592127,592132,592136,4,5
592127,592132,592135,3,5
592127,592131,592135,4,4
592127,592132,592135,3,5
592127,592133,592135,2,6
592127,592133,592136,3,6
592127,592127,592137,10,0
592127,592128,592137,9,1
592127,592135,592137,2,8
592127,592135,592137,2,8
592127,592135,592137,2,8
592127,592136,592138,2,9
592127,592136,592138,2,9
592127,592136,592138,2,9
592127,592136,592138,2,9
592127,592135,592138,3,8
592127,592136,592138,2,9
592127,592136,592138,2,9
592127,592127,592139,12,0
592127,592127,592139,12,0
592127,592135,592139,4,8
592127,592134,592139,5,7
592127,592137,592139,2,10
592127,592138,592140,2,11
592127,592138,592140,2,11
592127,592128,592140,12,1
592127,592138,592140,2,11
592127,592138,592140,2,11
592127,592128,592141,13,1
592127,592128,592141,13,1
592127,592128,592141,13,1
592127,592138,592141,3,11
592127,592139,592141,2,12
592127,592139,592141,2,12
592127,592139,592141,2,12
592127,592139,592141,2,12
592127,592139,592141,2,12
592127,592139,592141,2,12
592127,592140,592142,2,13
592127,592140,592142,2,13
592127,592140,592142,2,13
592127,592140,592143,3,13
592127,592127,592143,16,0
592127,592140,592144,4,13
592127,592141,592144,3,14
592127,592140,592144,4,13
592127,592128,592144,16,1
592127,592140,592144,4,13
592127,592128,592144,16,1
592127,592128,592147,19,1
592127,592128,592150,22,1
592127,592128,592151,23,1
592127,592138,592155,17,11
590823,590874,592423,1549,51
592424,592425,592427,2,1
592424,592425,592428,3,1
592424,592425,592428,3,1
592424,592424,592428,4,0
592424,592424,592429,5,0
592424,592424,592429,5,0
592424,592424,592430,6,0
592424,592424,592430,6,0
592424,592424,592430,6,0
592424,592424,592430,6,0
592424,592424,592430,6,0
592424,592424,592430,6,0
592424,592424,592430,6,0
592424,592424,592430,6,0
592424,592424,592431,7,0
592424,592424,592431,7,0
592424,592424,592431,7,0
592424,592425,592431,6,1
592424,592424,592431,7,0
592424,592425,592432,7,1
592424,592424,592431,7,0
592424,592429,592432,3,5
592424,592428,592431,3,4
592424,592429,592432,3,5
592424,592429,592432,3,5
592424,592430,592433,3,6
592424,592425,592435,10,1
592424,592431,592434,3,7
592424,592431,592434,3,7
592424,592431,592434,3,7
592424,592432,592434,2,8
592424,592431,592434,3,7
592424,592432,592435,3,8
592424,592432,592434,2,8
592424,592432,592435,3,8
592424,592431,592436,5,7
592424,592432,592436,4,8
592424,592433,592436,3,9
592424,592433,592436,3,9
592424,592434,592436,2,10
592424,592432,592436,4,8
592424,592431,592437,6,7
592424,592435,592437,2,11
592424,592435,592437,2,11
592424,592435,592437,2,11
592424,592435,592437,2,11
592424,592435,592437,2,11
592424,592435,592437,2,11
592424,592435,592437,2,11
592424,592432,592438,6,8
592424,592432,592439,7,8
592424,592436,592439,3,12
592424,592431,592439,8,7
592424,592437,592439,2,13
592424,592437,592439,2,13
592424,592437,592439,2,13
592424,592425,592435,10,1
592424,592425,592435,10,1
592424,592425,592437,12,1
590839,590950,592440,1490,111
592424,592438,592440,2,14
592424,592438,592440,2,14
592424,592438,592441,3,14
592424,592430,592441,11,6
592424,592431,592441,10,7
592424,592437,592441,4,13
592424,592437,592441,4,13
592424,592437,592441,4,13
592424,592432,592441,9,8
592424,592438,592443,5,14
592441,592441,592444,3,0
592441,592441,592446,5,0
592441,592441,592446,5,0
592441,592441,592446,5,0
592441,592441,592446,5,0
592441,592441,592446,5,0
592441,592441,592446,5,0
592441,592441,592447,6,0
592441,592441,592447,6,0
592441,592441,592447,6,0
592441,592441,592447,6,0
592441,592441,592448,7,0
592441,592441,592449,8,0
592441,592447,592449,2,6
592441,592441,592450,9,0
592441,592442,592450,8,1
592441,592447,592451,4,6
592441,592447,592450,3,6
592441,592442,592451,9,1
592441,592441,592451,10,0
592441,592443,592451,8,2
592441,592447,592451,4,6
592441,592445,592451,6,4
592441,592443,592451,8,2
592441,592447,592451,4,6
592441,592444,592451,7,3
592441,592447,592452,5,6
592441,592447,592452,5,6
592424,592435,592453,18,11
592441,592441,592454,13,0
592441,592448,592454,6,7
592441,592451,592454,3,10
592441,592450,592453,3,9
592441,592451,592453,2,10
592441,592452,592455,3,11
592441,592449,592455,6,8
592441,592441,592455,14,0
592441,592441,592455,14,0
592441,592448,592455,7,7
592441,592450,592455,5,9
592441,592452,592455,3,11
592441,592448,592455,7,7
592441,592451,592455,4,10
592441,592454,592456,2,13
592441,592454,592456,2,13
592441,592452,592456,4,11
592441,592454,592456,2,13
592441,592454,592456,2,13
592441,592453,592457,4,12
592441,592441,592457,16,0
592441,592453,592457,4,12
592441,592451,592457,6,10
592441,592452,592457,5,11
592441,592452,592457,5,11
592441,592452,592457,5,11
592441,592452,592457,5,11
592441,592455,592457,2,14
592441,592456,592458,2,15
592441,592456,592458,2,15
592441,592456,592458,2,15
592441,592454,592458,4,13
592441,592456,592459,3,15
592441,592451,592459,8,10
592441,592456,592460,4,15
592441,592457,592459,2,16
592441,592457,592459,2,16
592441,592456,592460,4,15
592441,592457,592462,5,16
592441,592456,592466,10,15
592441,592456,592476,20,15
592441,592454,592482,28,13
591462,591493,592538,1045,31
592539,592539,592543,4,0
592539,592539,592543,4,0
590835,590918,592543,1625,83
592539,592539,592544,5,0
592539,592539,592544,5,0
592539,592539,592543,4,0
592539,592539,592543,4,0
592539,592539,592545,6,0
592539,592539,592546,7,0
592539,592539,592547,8,0
592539,592543,592547,4,4
592539,592539,592548,9,0
592539,592544,592548,4,5
592539,592545,592548,3,6
592539,592543,592547,4,4
592539,592544,592549,5,5
592539,592539,592549,10,0
592539,592544,592549,5,5
592539,592544,592549,5,5
592539,592539,592550,11,0
592539,592546,592550,4,7
592539,592547,592550,3,8
592539,592543,592551,8,4
592539,592548,592551,3,9
592539,592539,592552,13,0
592539,592548,592552,4,9
592539,592548,592552,4,9
592539,592550,592552,2,11
592539,592539,592553,14,0
592539,592539,592552,13,0
592539,592539,592553,14,0
592539,592549,592553,4,10
592539,592549,592553,4,10
592539,592551,592553,2,12
592539,592550,592553,3,11
592539,592539,592554,15,0
592539,592539,592554,15,0
592539,592539,592554,15,0
592539,592547,592554,7,8
592539,592548,592554,6,9
592539,592551,592554,3,12
592539,592552,592554,2,13
592539,592553,592555,2,14
592539,592550,592554,4,11
592539,592539,592555,16,0
592539,592553,592555,2,14
592539,592553,592555,2,14
592539,592539,592556,17,0
592539,592553,592556,3,14
592539,592539,592556,17,0
592539,592552,592556,4,13
592539,592539,592556,17,0
592539,592554,592556,2,15
592539,592554,592556,2,15
592539,592554,592557,3,15
592539,592555,592557,2,16
592539,592555,592557,2,16
592539,592555,592557,2,16
592539,592555,592557,2,16
592539,592553,592558,5,14
592539,592554,592559,5,15
592539,592554,592559,5,15
592539,592554,592559,5,15
592539,592551,592559,8,12
592544,592558,592560,2,14
592539,592554,592560,6,15
592539,592555,592560,5,16
592544,592556,592560,4,12
592544,592558,592560,2,14
592544,592557,592560,3,13
592544,592558,592560,2,14
592544,592557,592560,3,13
592544,592558,592561,3,14
592539,592539,592556,17,0
592539,592539,592557,18,0
592544,592557,592561,4,13
592539,592553,592562,9,14
592544,592560,592563,3,16
592544,592558,592564,6,14
592544,592557,592564,7,13
592544,592561,592565,4,17
592544,592561,592564,3,17
592544,592561,592565,4,17
592544,592561,592565,4,17
592544,592561,592565,4,17
592539,592555,592567,12,16
592544,592561,592566,5,17
592544,592562,592566,4,18
592539,592553,592567,14,14
592544,592556,592567,11,12
592544,592564,592567,3,20
592544,592559,592568,9,15
592544,592561,592568,7,17
592544,592565,592569,4,21
592544,592567,592570,3,23
592544,592565,592570,5,21
592544,592565,592570,5,21
592544,592557,592571,14,13
592544,592560,592571,11,16
592544,592568,592572,4,24
592544,592569,592572,3,25
592544,592567,592571,4,23
592544,592560,592572,12,16
592544,592566,592572,6,22
592544,592566,592572,6,22
592544,592570,592573,3,26
592544,592564,592572,8,20
592544,592568,592573,5,24
592544,592565,592573,8,21
592544,592571,592573,2,27
592544,592561,592569,8,17
592544,592569,592574,5,25
592544,592569,592574,5,25
592544,592572,592574,2,28
592544,592572,592574,2,28
592544,592573,592576,3,29
592544,592573,592576,3,29
592544,592572,592576,4,28
592544,592574,592576,2,30
592544,592567,592577,10,23
592544,592574,592578,4,30
592544,592574,592577,3,30
592544,592560,592577,17,16
592544,592573,592578,5,29
592544,592575,592577,2,31
592544,592561,592576,15,17
592544,592575,592577,2,31
592544,592573,592578,5,29
592544,592571,592578,7,27
592544,592572,592578,6,28
592544,592573,592578,5,29
592544,592575,592579,4,31
592544,592576,592579,3,32
592544,592557,592580,23,13
592544,592575,592580,5,31
592544,592574,592578,4,30
592544,592557,592583,26,13
590991,591122,592588,1466,131
592544,592561,592591,30,17
592544,592572,592591,19,28
592544,592562,592589,27,18
592598,592598,592601,3,0
592598,592598,592602,4,0
592598,592598,592602,4,0
592598,592598,592602,4,0
592598,592598,592604,6,0
592598,592598,592603,5,0
592598,592598,592604,6,0
592598,592598,592605,7,0
592544,592567,592600,33,23
592598,592603,592607,4,5
592598,592598,592607,9,0
592598,592598,592607,9,0
592598,592598,592609,11,0
592598,592604,592608,4,6
590874,591074,592609,1535,200
592598,592602,592608,6,4
592598,592605,592609,4,7
592598,592598,592609,11,0
592598,592603,592609,6,5
592598,592598,592609,11,0
592598,592607,592610,3,9
592598,592598,592610,12,0
592598,592598,592611,13,0
592598,592605,592611,6,7
592598,592598,592612,14,0
592598,592609,592612,3,11
592598,592598,592612,14,0
592598,592598,592612,14,0
592598,592609,592612,3,11
592598,592610,592613,3,12
592598,592609,592613,4,11
592598,592610,592613,3,12
592598,592598,592613,15,0
592598,592610,592615,5,12
592598,592609,592615,6,11
592598,592606,592614,8,8
592598,592603,592614,11,5
592598,592604,592614,10,6
592598,592607,592614,7,9
592598,592613,592616,3,15
592598,592611,592616,5,13
592598,592598,592616,18,0
592598,592610,592616,6,12
592598,592611,592615,4,13
592598,592613,592615,2,15
592598,592613,592615,2,15
592598,592614,592617,3,16
592598,592609,592618,9,11
592598,592614,592617,3,16
592598,592598,592617,19,0
592598,592598,592618,20,0
592598,592615,592618,3,17
592598,592615,592618,3,17
592598,592615,592618,3,17
592598,592611,592619,8,13
592598,592616,592619,3,18
592598,592598,592619,21,0
592598,592615,592619,4,17
592598,592616,592619,3,18
592598,592616,592619,3,18
592598,592612,592620,8,14
592598,592615,592620,5,17
592598,592616,592620,4,18
592598,592608,592620,12,10
592598,592615,592620,5,17
592598,592616,592620,4,18
592598,592616,592621,5,18
592598,592616,592621,5,18
592598,592613,592622,9,15
592598,592598,592624,26,0
592598,592614,592628,14,16
592598,592613,592631,18,15
592633,592633,592637,4,0
592633,592633,592637,4,0
592633,592633,592637,4,0
592633,592633,592638,5,0
592633,592633,592639,6,0
592633,592633,592640,7,0
592633,592633,592640,7,0
592633,592633,592641,8,0
592633,592633,592643,10,0
592633,592638,592643,5,5
592633,592639,592644,5,6
592633,592639,592644,5,6
592633,592638,592645,7,5
592633,592638,592647,9,5
592633,592641,592646,5,8
592633,592641,592646,5,8
592633,592644,592646,2,11
592633,592633,592647,14,0
592633,592633,592648,15,0
592633,592633,592648,15,0
592633,592645,592648,3,12
592633,592645,592648,3,12
592633,592642,592649,7,9
592633,592644,592649,5,11
592633,592647,592649,2,14
592633,592646,592650,4,13
592633,592647,592651,4,14
592633,592647,592650,3,14
592633,592633,592647,14,0
592633,592647,592651,4,14
592633,592649,592651,2,16
592633,592633,592652,19,0
592633,592634,592653,19,1
592633,592649,592652,3,16
592633,592648,592653,5,15
592633,592650,592652,2,17
592633,592651,592653,2,18
592633,592651,592653,2,18
592633,592649,592654,5,16
592633,592633,592654,21,0
592633,592650,592655,5,17
592633,592650,592654,4,17
592633,592651,592654,3,18
592633,592652,592654,2,19
592633,592652,592654,2,19
592633,592653,592655,2,20
592633,592653,592655,2,20
592633,592653,592657,4,20
592633,592633,592652,19,0
592633,592634,592656,22,1
592633,592654,592657,3,21
592633,592653,592657,4,20
592633,592654,592657,3,21
592633,592633,592658,25,0
592633,592655,592657,2,22
592633,592655,592657,2,22
592633,592655,592657,2,22
592633,592655,592658,3,22
592633,592655,592658,3,22
592633,592655,592659,4,22
592633,592655,592659,4,22
592633,592651,592659,8,18
592633,592634,592660,26,1
592633,592634,592660,26,1
592633,592633,592660,27,0
592633,592633,592661,28,0
592633,592653,592661,8,20
592633,592634,592661,27,1
592633,592633,592667,34,0
592633,592649,592671,22,16
591838,591874,592847,973,36
592849,592849,592853,4,0
592849,592849,592852,3,0
592849,592849,592853,4,0
592849,592849,592853,4,0
592849,592849,592855,6,0
592849,592849,592854,5,0
592849,592849,592856,7,0
592849,592853,592856,3,4
592849,592849,592857,8,0
592849,592853,592857,4,4
592849,592849,592857,8,0
592849,592849,592858,9,0
592849,592849,592858,9,0
592849,592854,592858,4,5
592849,592855,592858,3,6
592849,592854,592858,4,5
592849,592855,592859,4,6
592849,592856,592859,3,7
592849,592857,592860,3,8
592849,592849,592861,12,0
592849,592857,592860,3,8
592849,592858,592861,3,9
592849,592858,592861,3,9
592849,592856,592862,6,7
592849,592859,592861,2,10
592849,592859,592861,2,10
592849,592849,592863,14,0
592849,592849,592863,14,0
592849,592849,592863,14,0
592849,592858,592862,4,9
592849,592858,592862,4,9
592849,592860,592863,3,11
592849,592859,592862,3,10
592849,592849,592863,14,0
592849,592857,592862,5,8
592849,592861,592864,3,12
592849,592861,592864,3,12
592849,592861,592864,3,12
592849,592862,592864,2,13
592849,592849,592864,15,0
592849,592849,592866,17,0
592849,592862,592866,4,13
592849,592862,592866,4,13
592849,592863,592866,3,14
592849,592863,592866,3,14
592849,592861,592866,5,12
592849,592849,592867,18,0
592849,592863,592867,4,14
592849,592863,592867,4,14
592849,592864,592867,3,15
592849,592864,592867,3,15
592849,592864,592866,2,15
592849,592864,592867,3,15
592849,592864,592867,3,15
592849,592865,592869,4,16
592849,592866,592869,3,17
592849,592863,592869,6,14
592849,592866,592869,3,17
592849,592864,592868,4,15
592849,592863,592870,7,14
592849,592866,592870,4,17
592849,592849,592869,20,0
592849,592866,592871,5,17
592849,592863,592873,10,14
592849,592866,592874,8,17
592849,592849,592876,27,0
592849,592849,592877,28,0
592849,592849,592878,29,0
592849,592849,592880,31,0
592849,592849,592881,32,0
591947,591960,592908,948,13
592910,592910,592914,4,0
592910,592910,592914,4,0
592910,592910,592914,4,0
592910,592910,592915,5,0
592910,592910,592915,5,0
592910,592910,592914,4,0
592910,592910,592916,6,0
592910,592910,592916,6,0
592910,592914,592917,3,4
592910,592910,592917,7,0
592910,592914,592918,4,4
592910,592915,592918,3,5
592910,592915,592918,3,5
592910,592916,592918,2,6
592910,592910,592919,9,0
592910,592910,592919,9,0
592910,592916,592919,3,6
592910,592916,592919,3,6
592910,592910,592920,10,0
592910,592918,592920,2,8
592910,592919,592921,2,9
592910,592918,592921,3,8
592910,592919,592921,2,9
592910,592919,592921,2,9
592910,592919,592921,2,9
592910,592911,592922,11,1
592910,592911,592922,11,1
592910,592920,592922,2,10
592910,592920,592922,2,10
592910,592919,592923,4,9
592910,592919,592923,4,9
592910,592916,592923,7,6
592910,592921,592923,2,11
592910,592922,592924,2,12
592910,592922,592924,2,12
592910,592922,592924,2,12
592910,592922,592924,2,12
592910,592910,592925,15,0
592910,592910,592925,15,0
592910,592923,592925,2,13
591436,591452,592925,1473,16
592910,592921,592925,4,11
592910,592922,592925,3,12
592910,592923,592926,3,13
592910,592924,592926,2,14
592910,592910,592927,17,0
592910,592922,592927,5,12
592910,592923,592927,4,13
592910,592925,592927,2,15
592910,592925,592928,3,15
592910,592925,592927,2,15
592910,592925,592927,2,15
592910,592911,592928,17,1
592910,592926,592928,2,16
592910,592926,592928,2,16
592910,592926,592929,3,16
592910,592926,592929,3,16
592910,592924,592929,5,14
592910,592926,592929,3,16
592910,592927,592929,2,17
592910,592924,592930,6,14
592926,592928,592931,3,2
592910,592910,592931,21,0
592926,592928,592932,4,2
592926,592928,592932,4,2
592910,592910,592933,23,0
592926,592929,592932,3,3
592926,592928,592932,4,2
592926,592929,592932,3,3
592926,592929,592933,4,3
592910,592910,592928,18,0
592910,592924,592932,8,14
592910,592926,592933,7,16
592926,592928,592933,5,2
592926,592928,592934,6,2
592910,592910,592936,26,0
592910,592910,592937,27,0
592926,592930,592937,7,4
592926,592929,592937,8,3
592926,592933,592938,5,7
592926,592933,592940,7,7
592926,592931,592940,9,5
592910,592926,592940,14,16
592926,592937,592940,3,11
592926,592933,592941,8,7
592926,592933,592940,7,7
592926,592930,592942,12,4
592926,592932,592941,9,6
592926,592932,592941,9,6
592926,592935,592942,7,9
592926,592939,592942,3,13
592910,592910,592943,33,0
592926,592940,592944,4,14
592926,592941,592944,3,15
592926,592940,592943,3,14
592926,592941,592944,3,15
592926,592941,592944,3,15
592926,592942,592945,3,16
592926,592931,592945,14,5
592926,592934,592945,11,8
592910,592910,592945,35,0
592926,592943,592945,2,17
592926,592942,592945,3,16
592926,592934,592946,12,8
592926,592941,592946,5,15
592926,592944,592946,2,18
592926,592933,592946,13,7
592926,592942,592947,5,16
592926,592943,592947,4,17
592926,592945,592947,2,19
592926,592945,592948,3,19
592926,592943,592948,5,17
592926,592946,592948,2,20
592926,592946,592949,3,20
592926,592933,592950,17,7
592926,592930,592950,20,4
592926,592944,592950,6,18
592926,592944,592950,6,18
592926,592945,592950,5,19
592926,592947,592949,2,21
592926,592934,592950,16,8
592926,592947,592951,4,21
592926,592946,592950,4,20
592926,592946,592950,4,20
592926,592948,592950,2,22
592926,592948,592951,3,22
592926,592949,592951,2,23
592926,592949,592951,2,23
592926,592948,592952,4,22
592926,592932,592953,21,6
592926,592947,592953,6,21
592926,592948,592954,6,22
592926,592947,592955,8,21
592926,592930,592958,28,4
592926,592948,592962,14,22
592926,592950,592963,13,24
592926,592938,592964,26,12
592926,592950,592967,17,24
592926,592946,592967,21,20
591463,591493,592974,1481,30
592975,592975,592978,3,0
592975,592975,592978,3,0
592975,592975,592979,4,0
592975,592975,592980,5,0
592975,592975,592980,5,0
592975,592975,592982,7,0
591470,591515,592983,1468,45
592975,592979,592983,4,4
592975,592978,592982,4,3
592975,592979,592982,3,4
592975,592975,592984,9,0
592926,592937,592984,47,11
592975,592975,592984,9,0
592975,592981,592985,4,6
592975,592981,592985,4,6
592975,592975,592985,10,0
592975,592983,592986,3,8
592975,592975,592987,12,0
592975,592983,592987,4,8
592975,592983,592986,3,8
592975,592983,592986,3,8
592975,592985,592988,3,10
592975,592975,592989,14,0
592975,592986,592989,3,11
592975,592975,592990,15,0
592975,592975,592989,14,0
592975,592975,592990,15,0
592975,592987,592990,3,12
592975,592987,592990,3,12
592975,592987,592990,3,12
592975,592984,592987,3,9
592975,592975,592991,16,0
592975,592984,592991,7,9
592975,592988,592991,3,13
592975,592987,592992,5,12
592975,592989,592992,3,14
592975,592990,592993,3,15
592975,592990,592993,3,15
592975,592990,592993,3,15
592926,592937,592994,57,11
592975,592975,592994,19,0
592975,592990,592994,4,15
592975,592991,592994,3,16
592975,592991,592994,3,16
592975,592984,592994,10,9
592975,592992,592995,3,17
592975,592991,592996,5,16
592975,592991,592996,5,16
592975,592976,592995,19,1
592975,592993,592996,3,18
592975,592993,592996,3,18
592975,592994,592996,2,19
592975,592975,592997,22,0
592975,592975,592996,21,0
592975,592989,592997,8,14
592975,592994,592997,3,19
592975,592990,592997,7,15
592975,592995,592998,3,20
592975,592986,592995,9,11
592975,592991,592997,6,16
592975,592990,592997,7,15
592984,592996,593000,4,12
592984,592997,593000,3,13
592975,592992,593001,9,17
592984,592997,593001,4,13
592984,592998,593002,4,14
592984,592998,593002,4,14
592975,592983,592999,16,8
592975,592994,593001,7,19
592975,592976,592999,23,1
592975,592976,593007,31,1
592984,592997,593007,10,13
592984,593001,593008,7,17
592984,593001,593008,7,17
592984,592998,593010,12,14
592984,593003,593010,7,19
592984,593002,593011,9,18
592984,593009,593012,3,25
592984,593002,593011,9,18
592975,592975,593013,38,0
592975,592995,593013,18,20
592006,592035,593013,978,29
592984,593011,593014,3,27
592984,593009,593014,5,25
592984,593008,593015,7,24
592984,593011,593015,4,27
592984,593012,593015,3,28
592975,592994,593008,14,19
592984,593007,593015,8,23
592975,592994,593016,22,19
592984,593012,593017,5,28
592984,592997,593016,19,13
592984,593010,593017,7,26
592984,593015,593018,3,31
592984,593014,593017,3,30
592984,593015,593017,2,31
592984,593007,593017,10,23
592984,593015,593018,3,31
592984,593016,593018,2,32
592984,593017,593019,2,33
592984,593018,593020,2,34
592984,592997,593020,23,13
592984,593008,593018,10,24
592984,593018,593020,2,34
592984,593018,593020,2,34
592984,593019,593021,2,35
592984,593001,593021,20,17
592984,593019,593021,2,35
592984,593019,593021,2,35
591887,591916,593022,1106,29
592975,592995,593022,27,20
592984,592998,593021,23,14
592984,593015,593022,7,31
592984,593020,593022,2,36
592984,593021,593023,2,37
592984,593021,593023,2,37
592984,593013,593023,10,29
592984,593016,593023,7,32
592984,593017,593023,6,33
592984,593021,593023,2,37
592984,593020,593024,4,36
592984,593022,593024,2,38
592984,593022,593024,2,38
592975,592996,593024,28,21
592984,593022,593025,3,38
592984,593023,593025,2,39
592984,593023,593025,2,39
592984,593023,593025,2,39
592984,593022,593025,3,38
592984,593017,593021,4,33
592984,593016,593024,8,32
592984,593006,593026,20,22
593022,593024,593027,3,2
592984,593023,593027,4,39
592984,593021,593028,7,37
593022,593025,593029,4,3
593022,593025,593029,4,3
593022,593025,593028,3,3
593022,593025,593028,3,3
592975,592975,593029,54,0
592984,593022,593029,7,38
593022,593025,593029,4,3
593022,593025,593030,5,3
592984,593018,593030,12,34
592984,593022,593030,8,38
593022,593025,593030,5,3
593022,593026,593031,5,4
592984,593023,593031,8,39
593022,593024,593032,8,2
593022,593029,593033,4,7
593022,593030,593033,3,8
593022,593030,593034,4,8
593022,593029,593034,5,7
593022,593029,593034,5,7
593022,593028,593035,7,6
593022,593031,593036,5,9
593022,593031,593036,5,9
593022,593033,593036,3,11
593022,593029,593036,7,7
593022,593028,593036,8,6
593022,593034,593037,3,12
593022,593029,593037,8,7
593022,593034,593036,2,12
593022,593034,593037,3,12
592984,593020,593037,17,36
592984,592999,593039,40,15
593022,593036,593039,3,14
593022,593036,593039,3,14
593022,593037,593039,2,15
593022,593037,593039,2,15
593022,593037,593040,3,15
593022,593028,593039,11,6
593022,593031,593039,8,9
593022,593037,593039,2,15
593022,593034,593039,5,12
593022,593033,593040,7,11
593022,593039,593041,2,17
593022,593039,593041,2,17
593022,593030,593041,11,8
593022,593038,593041,3,16
593022,593039,593041,2,17
593022,593036,593042,6,14
593022,593039,593042,3,17
593022,593040,593042,2,18
593022,593040,593042,2,18
593022,593036,593043,7,14
593022,593040,593043,3,18
593022,593042,593043,1,20
592984,592998,593043,45,14
593022,593040,593043,3,18
593022,593042,593044,2,20
593022,593043,593044,1,21
593022,593042,593045,3,20
593022,593042,593045,3,20
593022,593031,593045,14,9
593022,593044,593045,1,22
593022,593042,593046,4,20
593022,593043,593045,2,21
593022,593043,593046,3,21
593022,593043,593046,3,21
593022,593028,593046,18,6
593022,593037,593046,9,15
593022,593043,593047,4,21
593022,593040,593047,7,18
593022,593044,593048,4,22
593023,593045,593048,3,22
593022,593041,593048,7,19
593023,593045,593049,4,22
593023,593046,593050,4,23
593023,593046,593050,4,23
593023,593045,593051,6,22
593023,593045,593051,6,22
592984,593004,593048,44,20
593022,593039,593048,9,17
593022,593042,593049,7,20
593023,593046,593052,6,23
593022,593028,593052,24,6
593023,593047,593052,5,24
593023,593049,593052,3,26
593023,593050,593054,4,27
593023,593051,593054,3,28
592984,593016,593054,38,32
593023,593052,593054,2,29
593023,593052,593055,3,29
593023,593051,593054,3,28
593023,593053,593055,2,30
593023,593053,593055,2,30
593023,593053,593055,2,30
593023,593054,593056,2,31
593023,593048,593056,8,25
593023,593055,593057,2,32
593023,593055,593057,2,32
593023,593054,593057,3,31
593023,593044,593057,13,21
593022,593032,593057,25,10
593023,593053,593058,5,30
593023,593055,593057,2,32
593023,593055,593057,2,32
593023,593056,593058,2,33
592984,593013,593058,45,29
593023,593056,593058,2,33
593023,593056,593059,3,33
593023,593057,593059,2,34
593023,593057,593059,2,34
593023,593057,593059,2,34
593023,593058,593060,2,35
593023,593057,593060,3,34
593023,593058,593060,2,35
593023,593058,593060,2,35
593023,593059,593061,2,36
593023,593059,593061,2,36
593023,593059,593061,2,36
593023,593059,593061,2,36
593023,593060,593062,2,37
593023,593058,593062,4,35
593023,593060,593063,3,37
593023,593061,593063,2,38
593023,593060,593063,3,37
593023,593046,593063,17,23
593023,593052,593064,12,29
593023,593061,593063,2,38
593023,593062,593064,2,39
593023,593062,593064,2,39
593023,593048,593064,16,25
593023,593052,593064,12,29
593023,593062,593064,2,39
593023,593063,593065,2,40
593023,593063,593066,3,40
593023,593057,593066,9,34
593022,593029,593066,37,7
592063,592079,593068,989,16
593023,593059,593069,10,36
593023,593063,593069,6,40
593023,593064,593068,4,41
593023,593047,593070,23,24
593023,593048,593070,22,25
593023,593052,593069,17,29
593023,593058,593074,16,35
593023,593055,593076,21,32
593023,593061,593076,15,38
593023,593062,593076,14,39
593023,593063,593076,13,40
593023,593046,593077,31,23
593022,593074,593078,4,52
593023,593047,593079,32,24
593087,593087,593091,4,0
593087,593087,593091,4,0
593087,593087,593092,5,0
593087,593087,593092,5,0
593087,593087,593092,5,0
593087,593087,593092,5,0
593023,593049,593090,41,26
593087,593087,593093,6,0
593087,593091,593093,2,4
593087,593087,593094,7,0
593087,593087,593094,7,0
593087,593091,593093,2,4
593087,593092,593094,2,5
593087,593092,593094,2,5
592128,592141,593094,953,13
593087,593092,593095,3,5
593087,593092,593095,3,5
593087,593093,593095,2,6
593087,593087,593096,9,0
593087,593093,593096,3,6
593087,593095,593096,1,8
593087,593095,593096,1,8
593087,593094,593097,3,7
593087,593087,593095,8,0
593087,593087,593097,10,0
593087,593095,593097,2,8
593087,593096,593098,2,9
593087,593095,593097,2,8
593087,593095,593098,3,8
593087,593095,593098,3,8
593087,593094,593098,4,7
593087,593087,593098,11,0
593087,593097,593099,2,10
593087,593097,593099,2,10
593087,593087,593099,12,0
593087,593098,593100,2,11
593087,593098,593100,2,11
593087,593096,593100,4,9
593087,593098,593100,2,11
593087,593099,593101,2,12
593087,593096,593101,5,9
593087,593087,593101,14,0
593087,593098,593101,3,11
593087,593097,593101,4,10
593087,593099,593101,2,12
593087,593100,593102,2,13
593087,593099,593102,3,12
593087,593100,593102,2,13
593087,593101,593103,2,14
593087,593101,593103,2,14
593087,593093,593103,10,6
593087,593101,593103,2,14
593087,593097,593101,4,10
593087,593102,593104,2,15
593087,593102,593104,2,15
593087,593102,593104,2,15
593087,593101,593105,4,14
593087,593102,593105,3,15
593087,593096,593105,9,9
593087,593102,593105,3,15
593087,593087,593099,12,0
593087,593087,593106,19,0
592157,592157,593107,950,0
593087,593087,593110,23,0
593087,593087,593114,27,0
593087,593087,593114,27,0
593087,593087,593120,33,0
593116,593116,593119,3,0
593116,593116,593120,4,0
593116,593116,593120,4,0
593116,593116,593120,4,0
593116,593116,593120,4,0
593116,593116,593120,4,0
593116,593116,593120,4,0
593116,593116,593121,5,0
593116,593116,593123,7,0
593116,593121,593123,2,5
593116,593120,593123,3,4
593116,593120,593123,3,4
593116,593121,593123,2,5
593087,593098,593106,8,11
593087,593099,593107,8,12
593116,593121,593123,2,5
593116,593121,593124,3,5
593116,593121,593123,2,5
593116,593116,593124,8,0
593116,593123,593125,2,7
593116,593122,593124,2,6
593116,593123,593125,2,7
593116,593116,593126,10,0
593116,593123,593125,2,7
593116,593123,593125,2,7
593116,593124,593126,2,8
593116,593124,593127,3,8
593116,593124,593127,3,8
593087,593099,593127,28,12
593116,593116,593127,11,0
593116,593116,593127,11,0
593116,593125,593127,2,9
593116,593125,593127,2,9
593116,593125,593127,2,9
593116,593126,593128,2,10
593087,593087,593128,41,0
593116,593124,593129,5,8
593116,593124,593128,4,8
593116,593123,593128,5,7
593116,593126,593128,2,10
593087,593101,593129,28,14
593116,593127,593129,2,11
593116,593127,593130,3,11
593116,593127,593129,2,11
593116,593128,593130,2,12
593116,593128,593131,3,12
593116,593128,593131,3,12
593116,593128,593131,3,12
593116,593125,593131,6,9
593116,593120,593132,12,4
593116,593130,593132,2,14
593116,593129,593132,3,13
593116,593128,593133,5,12
593116,593130,593132,2,14
593116,593130,593133,3,14
593116,593130,593133,3,14
593116,593132,593133,1,16
593116,593132,593134,2,16
593116,593129,593134,5,13
593116,593129,593134,5,13
593116,593116,593130,14,0
593116,593116,593134,18,0
593116,593132,593134,2,16
593116,593128,593134,6,12
593087,593087,593136,49,0
593116,593132,593137,5,16
593116,593116,593138,22,0
593116,593124,593139,15,8
593116,593129,593139,10,13
593116,593126,593140,14,10
593116,593129,593140,11,13
593116,593132,593141,9,16
593116,593116,593143,27,0
593144,593144,593148,4,0
593116,593130,593147,17,14
593144,593144,593148,4,0
593144,593144,593148,4,0
593144,593144,593148,4,0
593144,593144,593148,4,0
593144,593144,593148,4,0
593144,593144,593149,5,0
593144,593144,593150,6,0
593144,593148,593150,2,4
593144,593148,593150,2,4
593144,593144,593151,7,0
593144,593148,593151,3,4
593144,593149,593151,2,5
593144,593149,593151,2,5
593144,593144,593151,7,0
593116,593116,593151,35,0
593144,593144,593152,8,0
593144,593144,593152,8,0
593144,593149,593152,3,5
593144,593149,593152,3,5
593144,593150,593152,2,6
593144,593144,593153,9,0
593144,593144,593153,9,0
593116,593127,593153,26,11
593144,593148,593153,5,4
593144,593151,593153,2,7
593144,593151,593153,2,7
593144,593151,593153,2,7
593144,593144,593153,9,0
593144,593151,593154,3,7
593144,593152,593154,2,8
593144,593150,593155,5,6
593144,593152,593155,3,8
593144,593152,593155,3,8
593144,593154,593155,1,10
593144,593151,593156,5,7
593144,593152,593156,4,8
593144,593154,593156,2,10
593144,593155,593156,1,11
593144,593155,593157,2,11
593144,593152,593156,4,8
593144,593154,593157,3,10
593144,593153,593156,3,9
593144,593154,593157,3,10
593144,593156,593158,2,12
593144,593153,593157,4,9
593144,593155,593157,2,11
593144,593144,593157,13,0
593144,593155,593158,3,11
593144,593157,593159,2,13
593144,593157,593159,2,13
593144,593155,593159,4,11
593144,593157,593159,2,13
593144,593158,593160,2,14
593144,593144,593156,12,0
593144,593144,593159,15,0
593144,593157,593160,3,13
593144,593158,593161,3,14
593144,593144,593161,17,0
593144,593158,593162,4,14
593144,593156,593162,6,12
593144,593157,593163,6,13
593144,593157,593163,6,13
593144,593157,593165,8,13
593144,593152,593167,15,8
593144,593156,593167,11,12
593144,593144,593169,25,0
592187,592187,593174,987,0
593144,593152,593175,23,8
593176,593176,593181,5,0
593176,593176,593180,4,0
593176,593176,593181,5,0
593176,593177,593181,4,1
593176,593177,593181,4,1
593176,593177,593181,4,1
593144,593144,593182,38,0
593176,593176,593182,6,0
593176,593176,593182,6,0
593176,593176,593182,6,0
593176,593176,593182,6,0
593176,593177,593183,6,1
593176,593177,593183,6,1
593176,593177,593183,6,1
593176,593182,593184,2,6
593144,593144,593184,40,0
593176,593176,593184,8,0
593176,593182,593184,2,6
593176,593182,593184,2,6
593176,593182,593184,2,6
593176,593182,593184,2,6
593176,593182,593185,3,6
593176,593183,593186,3,7
593176,593183,593186,3,7
593176,593184,593186,2,8
593144,593153,593187,34,9
593176,593176,593187,11,0
593176,593185,593187,2,9
593176,593177,593187,10,1
593176,593184,593187,3,8
593176,593185,593187,2,9
593176,593185,593187,2,9
593176,593185,593187,2,9
593176,593183,593188,5,7
593176,593176,593188,12,0
593176,593186,593188,2,10
593176,593187,593189,2,11
593176,593185,593189,4,9
593176,593183,593189,6,7
593176,593187,593189,2,11
593176,593187,593190,3,11
593176,593188,593190,2,12
593176,593188,593190,2,12
593176,593184,593190,6,8
593176,593184,593190,6,8
593176,593188,593190,2,12
593176,593188,593190,2,12
593176,593189,593191,2,13
593176,593188,593192,4,12
593176,593189,593191,2,13
593176,593190,593192,2,14
593176,593189,593192,3,13
593176,593190,593192,2,14
593176,593191,593193,2,15
593176,593177,593189,12,1
593176,593189,593193,4,13
593176,593191,593193,2,15
593176,593190,593193,3,14
593176,593191,593193,2,15
593176,593191,593193,2,15
593176,593190,593194,4,14
593176,593188,593194,6,12
593176,593188,593194,6,12
593176,593190,593194,4,14
593176,593177,593193,16,1
593176,593191,593196,5,15
593176,593191,593196,5,15
593144,593153,593204,51,9
593176,593182,593207,25,6
593176,593177,593207,30,1
593176,593187,593210,23,11
593176,593192,593197,5,16
593176,593184,593213,29,8
593176,593177,593227,50,1
591829,591856,593337,1481,27
593339,593339,593342,3,0
593339,593339,593342,3,0
593339,593339,593344,5,0
593339,593339,593343,4,0
593339,593339,593344,5,0
593339,593339,593345,6,0
593339,593339,593344,5,0
593339,593339,593344,5,0
593339,593339,593345,6,0
593339,593342,593345,3,3
593339,593343,593346,3,4
593339,593339,593346,7,0
593339,593339,593347,8,0
593339,593344,593347,3,5
593339,593344,593347,3,5
593339,593339,593346,7,0
593339,593345,593348,3,6
593339,593345,593348,3,6
593339,593339,593348,9,0
593339,593339,593349,10,0
593339,593345,593348,3,6
593339,593345,593349,4,6
593339,593346,593349,3,7
593339,593345,593350,5,6
593339,593347,593350,3,8
593339,593347,593350,3,8
593339,593348,593350,2,9
593339,593345,593351,6,6
593339,593339,593351,12,0
593339,593350,593351,1,11
593339,593347,593352,5,8
593339,593347,593352,5,8
593339,593348,593352,4,9
593339,593349,593352,3,10
593339,593349,593352,3,10
593339,593351,593352,1,12
593339,593351,593353,2,12
593339,593351,593353,2,12
593339,593348,593352,4,9
593339,593349,593353,4,10
593339,593352,593353,1,13
593339,593351,593353,2,12
593339,593353,593355,2,14
593339,593353,593355,2,14
593339,593339,593355,16,0
593339,593352,593355,3,13
593339,593349,593355,6,10
593339,593352,593355,3,13
593339,593352,593355,3,13
593339,593353,593355,2,14
593339,593354,593356,2,15
593339,593353,593356,3,14
593339,593352,593356,4,13
593339,593355,593357,2,16
593339,593354,593357,3,15
593339,593352,593357,5,13
593339,593350,593356,6,11
593339,593355,593357,2,16
593339,593351,593357,6,12
593339,593339,593359,20,0
593339,593353,593359,6,14
593339,593339,593360,21,0
593339,593339,593362,23,0
593339,593339,593361,22,0
593339,593355,593362,7,16
593339,593339,593366,27,0
593339,593339,593368,29,0
593339,593339,593372,33,0
593339,593339,593374,35,0
593339,593339,593381,42,0
591889,591916,593386,1470,27
592426,592438,593396,958,12
593409,593409,593412,3,0
593409,593409,593412,3,0
593409,593409,593413,4,0
593409,593409,593414,5,0
593409,593409,593415,6,0
593409,593409,593414,5,0
593409,593409,593415,6,0
593409,593409,593414,5,0
593409,593409,593414,5,0
591828,591840,593416,1576,12
593409,593409,593416,7,0
593409,593413,593415,2,4
593409,593413,593415,2,4
593409,593413,593415,2,4
593409,593409,593416,7,0
593409,593414,593416,2,5
593409,593409,593417,8,0
593409,593415,593417,2,6
593409,593415,593418,3,6
593409,593416,593418,2,7
593409,593416,593419,3,7
593409,593416,593418,2,7
593409,593416,593418,2,7
593409,593417,593419,2,8
593409,593415,593418,3,6
593409,593409,593419,10,0
593409,593409,593420,11,0
593409,593415,593419,4,6
593409,593409,593420,11,0
593409,593416,593420,4,7
593409,593418,593420,2,9
593409,593418,593420,2,9
593409,593418,593420,2,9
593409,593419,593421,2,10
593409,593419,593421,2,10
593409,593419,593421,2,10
593409,593418,593421,3,9
593409,593409,593422,13,0
593409,593409,593421,12,0
593409,593415,593421,6,6
593409,593419,593422,3,10
593409,593417,593422,5,8
593409,593421,593423,2,12
593409,593421,593423,2,12
593409,593420,593424,4,11
593409,593409,593424,15,0
593409,593420,593423,3,11
593409,593421,593424,3,12
593409,593421,593423,2,12
593409,593421,593423,2,12
593409,593421,593423,2,12
593409,593422,593424,2,13
593409,593409,593424,15,0
593409,593409,593424,15,0
593409,593409,593424,15,0
593409,593421,593424,3,12
593409,593420,593425,5,11
593409,593421,593424,3,12
593409,593423,593425,2,14
593409,593423,593425,2,14
593409,593420,593427,7,11
593409,593423,593426,3,14
593409,593423,593427,4,14
593411,593424,593428,4,13
593411,593425,593428,3,14
593411,593425,593428,3,14
593411,593424,593428,4,13
593411,593427,593429,2,16
593409,593422,593429,7,13
593409,593409,593429,20,0
593411,593425,593430,5,14
593411,593425,593430,5,14
593411,593424,593430,6,13
593411,593429,593430,1,18
593409,593409,593430,21,0
593411,593424,593430,6,13
593411,593428,593431,3,17
593411,593429,593431,2,18
593409,593409,593431,22,0
593411,593427,593431,4,16
593411,593425,593431,6,14
593409,593409,593426,17,0
593411,593429,593432,3,18
593411,593431,593433,2,20
593411,593431,593432,1,20
593409,593422,593432,10,13
593409,593422,593432,10,13
593411,593424,593433,9,13
593411,593427,593432,5,16
593411,593430,593433,3,19
593411,593432,593434,2,21
593409,593409,593433,24,0
593411,593430,593434,4,19
593411,593431,593434,3,20
593411,593432,593434,2,21
593411,593433,593435,2,22
593411,593430,593434,4,19
593411,593432,593435,3,21
593411,593433,593435,2,22
593411,593431,593436,5,20
593411,593434,593436,2,23
593411,593434,593436,2,23
593411,593435,593437,2,24
593411,593435,593437,2,24
593411,593432,593437,5,21
593411,593432,593436,4,21
593411,593434,593437,3,23
593411,593436,593438,2,25
593411,593433,593437,4,22
593411,593435,593438,3,24
593411,593435,593438,3,24
593411,593437,593439,2,26
593411,593437,593439,2,26
593411,593437,593439,2,26
593411,593438,593440,2,27
593411,593433,593438,5,22
593411,593433,593440,7,22
593411,593437,593440,3,26
593411,593432,593436,4,21
593411,593438,593440,2,27
593411,593437,593441,4,26
593411,593434,593442,8,23
593411,593439,593442,3,28
593411,593437,593441,4,26
593411,593432,593437,5,21
593411,593440,593442,2,29
593411,593440,593442,2,29
593411,593440,593442,2,29
593411,593440,593443,3,29
593411,593430,593442,12,19
593411,593438,593442,4,27
593411,593436,593443,7,25
593417,593440,593444,4,23
593411,593424,593445,21,13
593417,593441,593445,4,24
593417,593442,593445,3,25
593411,593433,593445,12,22
593417,593443,593446,3,26
593417,593442,593447,5,25
593417,593442,593448,6,25
593411,593425,593446,21,14
593417,593440,593449,9,23
593417,593443,593448,5,26
593417,593443,593449,6,26
593417,593443,593450,7,26
593417,593447,593450,3,30
593411,593437,593451,14,26
593417,593440,593448,8,23
593411,593434,593449,15,23
593411,593425,593451,26,14
593417,593446,593453,7,29
593417,593449,593453,4,32
593417,593449,593453,4,32
593417,593444,593453,9,27
593417,593448,593454,6,31
593417,593450,593453,3,33
593417,593450,593454,4,33
593417,593448,593454,6,31
593417,593442,593455,13,25
592442,592457,593455,998,15
593417,593446,593455,9,29
593417,593443,593455,12,26
593417,593446,593456,10,29
593417,593453,593456,3,36
593417,593454,593456,2,37
593417,593453,593457,4,36
593417,593453,593457,4,36
593417,593454,593457,3,37
593417,593454,593457,3,37
593417,593451,593458,7,34
593417,593443,593457,14,26
593417,593456,593458,2,39
593417,593457,593458,1,40
593417,593456,593458,2,39
593417,593454,593459,5,37
593417,593458,593459,1,41
593417,593457,593459,2,40
593417,593455,593459,4,38
593411,593425,593460,35,14
593417,593457,593459,2,40
593417,593449,593460,11,32
593417,593458,593460,2,41
593417,593458,593460,2,41
593417,593459,593461,2,42
593417,593455,593461,6,38
593417,593459,593461,2,42
593417,593460,593462,2,43
593417,593459,593461,2,42
593417,593458,593462,4,41
593411,593430,593462,32,19
593417,593443,593462,19,26
593417,593458,593462,4,41
593417,593460,593462,2,43
593417,593461,593463,2,44
593417,593461,593463,2,44
593417,593460,593463,3,43
593417,593459,593463,4,42
593417,593460,593463,3,43
593417,593461,593463,2,44
593417,593456,593464,8,39
593417,593462,593464,2,45
593417,593456,593466,10,39
593417,593461,593466,5,44
593417,593444,593467,23,27
593417,593452,593468,16,35
593417,593452,593468,16,35
593465,593465,593470,5,0
593465,593465,593470,5,0
593465,593465,593469,4,0
593465,593465,593470,5,0
593465,593465,593470,5,0
593465,593465,593470,5,0
593411,593425,593470,45,14
593465,593465,593471,6,0
593465,593465,593470,5,0
593417,593452,593470,18,35
593465,593465,593471,6,0
593465,593465,593472,7,0
593465,593470,593472,2,5
593465,593470,593472,2,5
593465,593466,593472,6,1
593465,593470,593473,3,5
593465,593470,593472,2,5
593465,593465,593474,9,0
593465,593471,593474,3,6
593465,593470,593474,4,5
593465,593471,593473,2,6
593417,593445,593471,26,28
593465,593472,593474,2,7
593465,593472,593474,2,7
593465,593471,593475,4,6
593465,593472,593475,3,7
593465,593473,593476,3,8
593465,593472,593475,3,7
593465,593468,593476,8,3
593465,593473,593476,3,8
593465,593474,593476,2,9
593465,593474,593476,2,9
593465,593474,593476,2,9
593465,593474,593476,2,9
593465,593472,593477,5,7
593417,593460,593477,17,43
593465,593475,593478,3,10
593465,593476,593478,2,11
593465,593469,593475,6,4
593465,593474,593478,4,9
593465,593476,593478,2,11
593465,593477,593480,3,12
593465,593465,593480,15,0
593465,593466,593480,14,1
593465,593476,593479,3,11
593465,593475,593479,4,10
593465,593477,593479,2,12
593465,593477,593480,3,12
593465,593477,593479,2,12
593465,593478,593481,3,13
593465,593479,593481,2,14
593465,593479,593482,3,14
593465,593478,593482,4,13
593417,593452,593483,31,35
593465,593480,593483,3,15
593465,593479,593483,4,14
593465,593480,593483,3,15
593465,593480,593482,2,15
593465,593480,593483,3,15
593465,593474,593481,7,9
593465,593468,593482,14,3
593465,593471,593481,10,6
593465,593481,593484,3,16
593465,593481,593484,3,16
593465,593480,593484,4,15
593465,593480,593486,6,15
593465,593480,593487,7,15
593465,593480,593488,8,15
593417,593460,593490,30,43
593465,593474,593489,15,9
593465,593465,593493,28,0
593465,593478,593493,15,13
593465,593471,593497,26,6
593465,593476,593505,29,11
593465,593465,593506,41,0
593465,593479,593507,28,14
592540,592556,593549,993,16
593556,593556,593560,4,0
593556,593556,593560,4,0
593556,593556,593560,4,0
593556,593556,593561,5,0
593556,593556,593561,5,0
593556,593556,593561,5,0
593556,593556,593561,5,0
593556,593556,593560,4,0
593556,593556,593561,5,0
593556,593556,593561,5,0
593556,593556,593561,5,0
593556,593556,593563,7,0
593556,593556,593563,7,0
593556,593556,593563,7,0
593556,593556,593563,7,0
593556,593560,593563,3,4
593556,593561,593563,2,5
593556,593561,593564,3,5
593556,593561,593564,3,5
593556,593560,593564,4,4
593556,593560,593564,4,4
593556,593561,593564,3,5
593556,593561,593564,3,5
593556,593562,593565,3,6
593556,593562,593566,4,6
593556,593563,593566,3,7
593556,593564,593566,2,8
593556,593564,593566,2,8
593556,593563,593567,4,7
593556,593564,593567,3,8
593556,593564,593567,3,8
593556,593565,593567,2,9
593556,593564,593568,4,8
593556,593566,593569,3,10
593556,593565,593569,4,9
593556,593567,593569,2,11
593556,593564,593569,5,8
593556,593567,593569,2,11
593556,593567,593569,2,11
593556,593568,593570,2,12
593556,593568,593570,2,12
593556,593568,593570,2,12
593556,593566,593570,4,10
593556,593563,593570,7,7
593556,593563,593570,7,7
593556,593570,593572,2,14
593556,593556,593572,16,0
593556,593556,593567,11,0
593556,593556,593572,16,0
593556,593570,593572,2,14
593556,593569,593572,3,13
593556,593570,593572,2,14
593556,593570,593572,2,14
593556,593570,593573,3,14
593556,593571,593573,2,15
593556,593571,593573,2,15
593556,593556,593574,18,0
593556,593569,593574,5,13
593556,593570,593574,4,14
592545,592576,593575,999,31
593556,593561,593575,14,5
593556,593556,593576,20,0
593556,593571,593576,5,15
593556,593568,593579,11,12
593577,593577,593580,3,0
593577,593577,593580,3,0
593556,593572,593580,8,16
593556,593572,593580,8,16
593577,593577,593581,4,0
593577,593577,593581,4,0
593577,593577,593581,4,0
593577,593577,593581,4,0
593577,593577,593581,4,0
593577,593577,593582,5,0
593556,593556,593582,26,0
593577,593577,593582,5,0
593577,593577,593582,5,0
593556,593556,593583,27,0
593577,593581,593583,2,4
593577,593582,593584,2,5
593556,593556,593584,28,0
593577,593577,593584,7,0
593577,593581,593584,3,4
593577,593582,593584,2,5
593577,593582,593584,2,5
593577,593577,593585,8,0
593577,593582,593585,3,5
593577,593583,593585,2,6
593577,593584,593586,2,7
593577,593583,593585,2,6
593577,593582,593586,4,5
593577,593577,593586,9,0
593577,593577,593587,10,0
593577,593582,593586,4,5
593577,593584,593586,2,7
593577,593579,593583,4,2
593577,593585,593587,2,8
593577,593585,593587,2,8
593577,593586,593589,3,9
593577,593585,593589,4,8
593577,593586,593588,2,9
593577,593586,593589,3,9
593577,593586,593588,2,9
593577,593581,593589,8,4
593577,593587,593589,2,10
593556,593556,593591,35,0
593577,593577,593590,13,0
593577,593589,593591,2,12
593577,593588,593590,2,11
593577,593588,593590,2,11
593577,593581,593589,8,4
593577,593587,593591,4,10
593577,593586,593591,5,9
593577,593587,593591,4,10
593577,593589,593592,3,12
593577,593589,593591,2,12
593577,593589,593592,3,12
593577,593587,593592,5,10
593577,593590,593592,2,13
593577,593591,593593,2,14
593577,593577,593594,17,0
593577,593577,593593,16,0
593577,593585,593593,8,8
593577,593589,593593,4,12
593577,593591,593593,2,14
593577,593591,593593,2,14
593577,593589,593594,5,12
593577,593592,593595,3,15
593577,593592,593594,2,15
593577,593591,593596,5,14
593577,593592,593596,4,15
593577,593591,593595,4,14
593577,593591,593599,8,14
593577,593586,593593,7,9
592600,592618,593601,983,18
593602,593602,593606,4,0
593602,593602,593606,4,0
593577,593591,593600,9,14
593602,593602,593607,5,0
593602,593602,593606,4,0
593602,593602,593606,4,0
593602,593602,593606,4,0
593602,593602,593606,4,0
593602,593602,593606,4,0
593602,593602,593607,5,0
593602,593602,593608,6,0
593602,593602,593608,6,0
593602,593602,593606,4,0
593602,593606,593608,2,4
593602,593607,593609,2,5
593602,593607,593610,3,5
593577,593587,593609,22,10
593577,593591,593609,18,14
593602,593602,593606,4,0
593602,593607,593611,4,5
593602,593607,593611,4,5
593602,593608,593610,2,6
593602,593609,593611,2,7
593602,593607,593611,4,5
593556,593556,593612,56,0
593602,593608,593612,4,6
593602,593608,593613,5,6
593602,593610,593612,2,8
593602,593610,593613,3,8
593602,593610,593613,3,8
593602,593610,593613,3,8
593577,593584,593614,30,7
593602,593602,593614,12,0
593602,593607,593614,7,5
593602,593611,593614,3,9
593602,593612,593615,3,10
593577,593582,593615,33,5
593577,593585,593615,30,8
593602,593602,593612,10,0
593602,593609,593613,4,7
593602,593611,593615,4,9
593602,593611,593616,5,9
593602,593613,593616,3,11
593602,593613,593616,3,11
593602,593613,593616,3,11
593602,593613,593616,3,11
593602,593602,593617,15,0
593602,593613,593617,4,11
593602,593613,593617,4,11
593602,593612,593617,5,10
593602,593614,593617,3,12
593602,593615,593618,3,13
593602,593606,593616,10,4
593602,593610,593619,9,8
593602,593616,593619,3,14
593602,593616,593619,3,14
593602,593616,593619,3,14
593602,593616,593619,3,14
593602,593616,593620,4,14
593602,593617,593620,3,15
593602,593617,593620,3,15
593602,593616,593620,4,14
593602,593614,593621,7,12
593602,593616,593621,5,14
593602,593617,593621,4,15
593602,593618,593621,3,16
593602,593606,593621,15,4
593602,593614,593621,7,12
593602,593617,593622,5,15
593602,593602,593621,19,0
593602,593617,593625,8,15
593602,593616,593624,8,14
593602,593616,593625,9,14
593602,593610,593624,14,8
593602,593614,593629,15,12
593602,593616,593630,14,14
593602,593613,593633,20,11
592634,592656,593636,980,22
593671,593671,593675,4,0
593671,593671,593675,4,0
593671,593671,593675,4,0
593671,593671,593675,4,0
593671,593671,593675,4,0
593671,593671,593675,4,0
593671,593671,593677,6,0
593671,593671,593676,5,0
593671,593671,593677,6,0
593671,593671,593678,7,0
593671,593671,593677,6,0
593671,593671,593678,7,0
593671,593671,593679,8,0
593671,593675,593678,3,4
593671,593671,593679,8,0
593671,593677,593679,2,6
593671,593671,593681,10,0
593671,593671,593681,10,0
593671,593676,593680,4,5
593671,593671,593681,10,0
593671,593675,593681,6,4
593671,593676,593681,5,5
593671,593677,593680,3,6
593671,593678,593681,3,7
593671,593677,593680,3,6
593671,593676,593682,6,5
593671,593678,593682,4,7
593671,593678,593682,4,7
593671,593675,593682,7,4
593671,593680,593683,3,9
593671,593679,593683,4,8
593671,593671,593683,12,0
593671,593681,593684,3,10
593671,593681,593684,3,10
593671,593681,593683,2,10
593671,593681,593684,3,10
593671,593681,593685,4,10
593671,593682,593685,3,11
593671,593681,593685,4,10
593671,593683,593686,3,12
593671,593682,593685,3,11
593671,593683,593686,3,12
593671,593671,593686,15,0
593671,593682,593687,5,11
593671,593684,593687,3,13
593671,593684,593687,3,13
593671,593684,593687,3,13
593671,593681,593688,7,10
593671,593683,593688,5,12
593671,593684,593688,4,13
593671,593685,593687,2,14
593671,593685,593688,3,14
593671,593686,593689,3,15
593671,593686,593689,3,15
593671,593671,593690,19,0
593671,593671,593690,19,0
593671,593687,593690,3,16
593671,593686,593690,4,15
593671,593686,593691,5,15
593671,593687,593692,5,16
593671,593681,593694,13,10
593671,593680,593697,17,9
593671,593681,593697,16,10
593671,593671,593698,27,0
593671,593671,593701,30,0
593671,593687,593703,16,16
593671,593671,593680,9,0
593671,593671,593679,8,0
593671,593684,593704,20,13
593671,593704,593710,6,33
592927,592950,594016,1066,23
594017,594017,594020,3,0
594017,594017,594021,4,0
594017,594017,594021,4,0
594017,594017,594022,5,0
594017,594017,594023,6,0
594017,594017,594022,5,0
594017,594017,594023,6,0
594017,594017,594023,6,0
594017,594017,594023,6,0
594017,594017,594023,6,0
594017,594017,594023,6,0
594017,594017,594023,6,0
594017,594017,594023,6,0
594017,594020,594024,4,3
594017,594017,594025,8,0
594017,594017,594025,8,0
594017,594017,594025,8,0
594017,594021,594025,4,4
594017,594017,594026,9,0
594017,594023,594026,3,6
594017,594017,594026,9,0
594017,594022,594027,5,5
594017,594023,594026,3,6
594017,594023,594027,4,6
594017,594017,594027,10,0
594017,594023,594027,4,6
594017,594023,594027,4,6
594017,594017,594028,11,0
594017,594017,594028,11,0
594017,594025,594029,4,8
594017,594017,594029,12,0
594017,594025,594029,4,8
594017,594027,594029,2,10
594017,594021,594030,9,4
594017,594024,594030,6,7
594017,594026,594030,4,9
594017,594028,594030,2,11
594017,594028,594030,2,11
594017,594028,594031,3,11
594017,594028,594030,2,11
594017,594027,594031,4,10
594017,594017,594031,14,0
594017,594023,594030,7,6
594017,594023,594030,7,6
594017,594023,594030,7,6
594017,594027,594032,5,10
594017,594029,594032,3,12
594017,594027,594032,5,10
594017,594028,594032,4,11
594017,594030,594032,2,13
594017,594030,594032,2,13
594017,594025,594033,8,8
594017,594031,594033,2,14
594017,594031,594033,2,14
594017,594031,594033,2,14
594017,594031,594033,2,14
594017,594031,594034,3,14
594017,594030,594034,4,13
594017,594017,594035,18,0
594017,594031,594035,4,14
594017,594031,594035,4,14
594017,594031,594035,4,14
594017,594032,594036,4,15
594017,594032,594036,4,15
594017,594025,594037,12,8
594017,594029,594037,8,12
594017,594032,594038,6,15
594017,594032,594037,5,15
594017,594017,594043,26,0
594017,594028,594047,19,11
593026,593064,594052,988,38
594078,594078,594080,2,0
594078,594078,594081,3,0
594078,594078,594080,2,0
594078,594078,594082,4,0
594078,594078,594082,4,0
594078,594078,594083,5,0
594078,594078,594083,5,0
594078,594078,594083,5,0
594078,594078,594084,6,0
594078,594078,594084,6,0
594078,594081,594085,4,3
594078,594078,594084,6,0
594078,594078,594084,6,0
594078,594078,594084,6,0
594078,594081,594084,3,3
594078,594081,594084,3,3
594078,594078,594085,7,0
594078,594078,594085,7,0
594078,594078,594086,8,0
594078,594078,594086,8,0
594078,594084,594087,3,6
594078,594078,594088,10,0
594078,594083,594088,5,5
594078,594084,594088,4,6
594078,594085,594088,3,7
594078,594085,594087,2,7
594078,594085,594087,2,7
594078,594085,594088,3,7
594078,594085,594088,3,7
594078,594084,594088,4,6
594078,594085,594088,3,7
594078,594078,594089,11,0
594078,594087,594090,3,9
594078,594084,594091,7,6
594078,594087,594091,4,9
594078,594088,594091,3,10
594078,594078,594088,10,0
594078,594088,594090,2,10
594078,594088,594090,2,10
594078,594088,594091,3,10
594078,594088,594091,3,10
594078,594088,594091,3,10
594078,594089,594091,2,11
594078,594089,594092,3,11
594078,594082,594093,11,4
594078,594084,594093,9,6
594078,594091,594093,2,13
594078,594090,594093,3,12
594078,594091,594094,3,13
594078,594091,594093,2,13
594078,594091,594093,2,13
594078,594091,594094,3,13
594078,594091,594094,3,13
594078,594078,594095,17,0
594078,594090,594095,5,12
594078,594092,594094,2,14
594078,594086,594094,8,8
594078,594087,594095,8,9
594078,594089,594095,6,11
594078,594091,594095,4,13
594078,594092,594095,3,14
594078,594078,594096,18,0
594078,594091,594095,4,13
594078,594078,594096,18,0
594078,594085,594096,11,7
594078,594091,594096,5,13
593117,593132,594099,967,15
594078,594078,594100,22,0
594078,594093,594100,7,15
594100,594100,594102,2,0
594100,594100,594102,2,0
594100,594100,594103,3,0
594100,594100,594103,3,0
594100,594100,594103,3,0
594100,594100,594104,4,0
594100,594100,594104,4,0
594100,594100,594105,5,0
594100,594100,594105,5,0
594100,594100,594105,5,0
594100,594100,594106,6,0
594100,594100,594105,5,0
594100,594100,594105,5,0
594100,594103,594105,2,3
594100,594100,594106,6,0
594100,594103,594106,3,3
594100,594100,594106,6,0
594100,594104,594107,3,4
594100,594100,594106,6,0
594100,594104,594107,3,4
594100,594100,594107,7,0
594100,594105,594108,3,5
594100,594104,594107,3,4
594100,594100,594108,8,0
594100,594106,594109,3,6
594100,594106,594108,2,6
594100,594106,594108,2,6
594100,594107,594110,3,7
594100,594100,594110,10,0
594100,594107,594110,3,7
594100,594108,594110,2,8
594100,594107,594111,4,7
594100,594108,594110,2,8
594100,594108,594111,3,8
594100,594105,594111,6,5
594100,594106,594111,5,6
594100,594107,594111,4,7
594100,594109,594111,2,9
594100,594107,594112,5,7
594100,594109,594111,2,9
594100,594109,594111,2,9
594100,594100,594113,13,0
594100,594110,594112,2,10
594100,594104,594113,9,4
594100,594111,594113,2,11
594100,594111,594114,3,11
594100,594111,594114,3,11
594100,594111,594113,2,11
594100,594112,594114,2,12
594100,594109,594113,4,9
594100,594106,594113,7,6
594100,594112,594114,2,12
594100,594112,594115,3,12
594100,594112,594114,2,12
594100,594112,594115,3,12
594100,594112,594114,2,12
594100,594113,594115,2,13
594100,594108,594114,6,8
594100,594100,594115,15,0
594100,594111,594115,4,11
594100,594114,594116,2,14
594100,594114,594117,3,14
594100,594114,594117,3,14
594100,594112,594117,5,12
594078,594078,594117,39,0
594100,594101,594117,16,1
594100,594112,594117,5,12
594100,594114,594118,4,14
594100,594113,594119,6,13
594100,594104,594132,28,4
594078,594088,594135,47,10
594100,594101,594135,34,1
593177,593192,594175,983,15
594191,594191,594193,2,0
594191,594191,594193,2,0
594191,594191,594195,4,0
594191,594191,594194,3,0
594191,594191,594196,5,0
594191,594191,594196,5,0
594191,594191,594195,4,0
594191,594191,594197,6,0
594191,594191,594196,5,0
594191,594191,594196,5,0
594191,594191,594197,6,0
594191,594191,594197,6,0
594191,594191,594198,7,0
594191,594191,594198,7,0
594191,594191,594198,7,0
594191,594194,594197,3,3
594191,594194,594197,3,3
594191,594191,594198,7,0
594191,594191,594198,7,0
594191,594191,594198,7,0
594191,594195,594199,4,4
594191,594196,594199,3,5
594191,594191,594199,8,0
594191,594197,594199,2,6
594191,594191,594200,9,0
594191,594191,594200,9,0
594191,594197,594201,4,6
594191,594198,594201,3,7
594191,594198,594201,3,7
594191,594195,594201,6,4
594191,594196,594201,5,5
594191,594196,594201,5,5
594191,594198,594201,3,7
594191,594199,594202,3,8
594191,594200,594202,2,9
594191,594199,594202,3,8
594191,594199,594202,3,8
594191,594200,594203,3,9
594191,594198,594202,4,7
594191,594198,594202,4,7
594191,594199,594203,4,8
594191,594198,594203,5,7
594191,594197,594204,7,6
594191,594201,594204,3,10
594191,594201,594203,2,10
594191,594202,594204,2,11
594191,594201,594203,2,10
594191,594201,594205,4,10
594191,594202,594205,3,11
594191,594202,594205,3,11
594191,594202,594205,3,11
594191,594202,594204,2,11
594191,594203,594205,2,12
594191,594202,594206,4,11
594191,594198,594205,7,7
594191,594203,594206,3,12
594191,594203,594206,3,12
594191,594202,594206,4,11
594191,594202,594207,5,11
594191,594204,594206,2,13
594191,594204,594207,3,13
594191,594200,594207,7,9
594191,594201,594207,6,10
594191,594204,594208,4,13
594191,594191,594208,17,0
594191,594204,594209,5,13
594191,594204,594210,6,13
594191,594191,594210,19,0
593088,593103,594216,1113,15
594191,594191,594218,27,0
594217,594217,594220,3,0
594217,594217,594220,3,0
594217,594217,594221,4,0
594217,594217,594221,4,0
594217,594217,594221,4,0
594217,594217,594221,4,0
594217,594217,594222,5,0
594217,594217,594222,5,0
594217,594217,594223,6,0
594217,594217,594224,7,0
594217,594217,594224,7,0
594217,594217,594224,7,0
594217,594217,594224,7,0
594217,594220,594224,4,3
594217,594217,594224,7,0
594217,594217,594224,7,0
594217,594221,594224,3,4
594217,594217,594225,8,0
594217,594217,594225,8,0
594217,594222,594225,3,5
594217,594222,594225,3,5
594191,594191,594226,35,0
594217,594224,594226,2,7
594217,594223,594226,3,6
594217,594223,594226,3,6
594217,594217,594228,11,0
594217,594217,594228,11,0
594217,594225,594227,2,8
594217,594225,594227,2,8
594217,594225,594227,2,8
594217,594217,594228,11,0
594217,594217,594228,11,0
594217,594222,594228,6,5
594217,594222,594228,6,5
594217,594225,594228,3,8
594217,594225,594228,3,8
594217,594225,594228,3,8
594217,594217,594229,12,0
594217,594226,594229,3,9
594217,594227,594229,2,10
594217,594227,594229,2,10
594217,594226,594229,3,9
594217,594227,594229,2,10
594217,594224,594230,6,7
594217,594225,594230,5,8
594217,594228,594230,2,11
594217,594228,594230,2,11
594217,594228,594230,2,11
594217,594226,594231,5,9
594217,594217,594231,14,0
594217,594229,594231,2,12
594217,594229,594231,2,12
594217,594229,594231,2,12
594217,594230,594232,2,13
594217,594230,594232,2,13
594217,594230,594232,2,13
594217,594230,594233,3,13
594217,594230,594234,4,13
594217,594229,594233,4,12
594217,594229,594233,4,12
594217,594231,594233,2,14
594217,594230,594233,3,13
594217,594231,594235,4,14
594217,594229,594236,7,12
594217,594231,594235,4,14
594217,594226,594236,10,9
594217,594229,594236,7,12
594217,594228,594237,9,11
594217,594227,594240,13,10
594217,594218,594243,25,1
594217,594228,594244,16,11
592851,592867,594349,1482,16
594350,594350,594352,2,0
594350,594350,594352,2,0
594350,594350,594353,3,0
594350,594350,594353,3,0
594350,594350,594353,3,0
594350,594350,594354,4,0
594350,594350,594354,4,0
594350,594350,594354,4,0
594350,594350,594355,5,0
594350,594350,594355,5,0
594350,594350,594355,5,0
594350,594350,594356,6,0
594350,594350,594357,7,0
594350,594353,594357,4,3
594350,594353,594356,3,3
594350,594350,594356,6,0
594350,594350,594356,6,0
594350,594350,594357,7,0
594350,594350,594358,8,0
594350,594350,594357,7,0
594350,594354,594357,3,4
594350,594354,594357,3,4
594350,594350,594357,7,0
594350,594350,594358,8,0
594350,594355,594358,3,5
594350,594355,594358,3,5
594350,594356,594358,2,6
594350,594350,594359,9,0
594350,594354,594359,5,4
594350,594357,594360,3,7
594350,594355,594360,5,5
594350,594356,594360,4,6
594350,594350,594361,11,0
594350,594350,594361,11,0
594350,594357,594360,3,7
594350,594358,594361,3,8
594350,594357,594361,4,7
594350,594358,594362,4,8
594350,594355,594361,6,5
594350,594359,594361,2,9
594350,594359,594362,3,9
594350,594359,594361,2,9
594350,594357,594362,5,7
594350,594356,594363,7,6
594350,594360,594363,3,10
594350,594358,594362,4,8
594350,594360,594363,3,10
594350,594361,594364,3,11
594350,594361,594364,3,11
594350,594360,594364,4,10
594350,594362,594365,3,12
594350,594362,594365,3,12
594350,594362,594365,3,12
594350,594360,594366,6,10
594350,594362,594365,3,12
594350,594358,594365,7,8
594350,594358,594365,7,8
594350,594363,594366,3,13
594350,594358,594366,8,8
594350,594357,594366,9,7
594350,594362,594367,5,12
594350,594359,594367,8,9
594350,594363,594367,4,13
594350,594362,594367,5,12
594350,594361,594365,4,11
593341,593355,594368,1013,14
594350,594363,594368,5,13
594368,594369,594371,2,1
594368,594369,594371,2,1
594368,594369,594371,2,1
594368,594369,594373,4,1
594368,594369,594373,4,1
594368,594369,594373,4,1
594368,594369,594374,5,1
594368,594369,594374,5,1
594368,594369,594375,6,1
594368,594369,594374,5,1
594368,594372,594374,2,4
594368,594369,594375,6,1
594368,594369,594375,6,1
594368,594369,594375,6,1
594368,594372,594375,3,4
594368,594369,594375,6,1
594368,594369,594375,6,1
594350,594350,594376,26,0
594368,594369,594376,7,1
594368,594372,594376,4,4
594368,594373,594376,3,5
594368,594369,594378,9,1
594368,594369,594378,9,1
594368,594375,594378,3,7
594368,594375,594378,3,7
594368,594376,594379,3,8
594368,594375,594379,4,7
594368,594374,594379,5,6
594368,594376,594379,3,8
594368,594377,594380,3,9
594368,594369,594380,11,1
594368,594376,594380,4,8
594368,594377,594380,3,9
594350,594350,594380,30,0
594350,594361,594380,19,11
594368,594375,594381,6,7
594368,594376,594381,5,8
594368,594379,594381,2,11
594368,594379,594381,2,11
594368,594379,594381,2,11
594368,594369,594382,13,1
594368,594375,594383,8,7
594368,594377,594382,5,9
594368,594379,594382,3,11
594368,594380,594382,2,12
594368,594380,594382,2,12
594368,594379,594383,4,11
594368,594381,594383,2,13
594368,594381,594383,2,13
594368,594382,594384,2,14
594368,594380,594384,4,12
594368,594376,594385,9,8
594368,594382,594385,3,14
594368,594382,594384,2,14
594368,594382,594384,2,14
594368,594383,594385,2,15
594368,594383,594385,2,15
594368,594383,594386,3,15
594368,594382,594386,4,14
594368,594384,594386,2,16
594368,594384,594386,2,16
594368,594379,594386,7,11
594368,594369,594387,18,1
594368,594376,594387,11,8
594368,594383,594387,4,15
594368,594374,594388,14,6
594368,594384,594388,4,16
594368,594383,594388,5,15
594368,594383,594389,6,15
594368,594381,594390,9,13
593419,593462,594395,933,43
594350,594360,594399,39,10
594368,594381,594399,18,13
594397,594397,594400,3,0
594397,594397,594400,3,0
594397,594397,594401,4,0
594397,594397,594401,4,0
594397,594397,594401,4,0
594397,594397,594402,5,0
594397,594397,594402,5,0
594397,594397,594402,5,0
594397,594397,594402,5,0
594397,594397,594403,6,0
594397,594397,594402,5,0
594397,594397,594403,6,0
594397,594397,594404,7,0
594397,594401,594404,3,4
594397,594397,594404,7,0
594397,594397,594403,6,0
594397,594400,594403,3,3
594397,594397,594405,8,0
594397,594402,594406,4,5
594397,594403,594406,3,6
594397,594397,594406,9,0
594397,594404,594407,3,7
594397,594404,594406,2,7
594397,594403,594406,3,6
594397,594404,594406,2,7
594397,594403,594406,3,6
594397,594402,594407,5,5
594397,594404,594407,3,7
594397,594397,594407,10,0
594397,594403,594408,5,6
594397,594397,594408,11,0
594397,594397,594408,11,0
594397,594403,594409,6,6
594368,594381,594409,28,13
594397,594399,594409,10,2
594397,594406,594409,3,9
594397,594406,594409,3,9
594397,594406,594408,2,9
594397,594402,594409,7,5
594397,594407,594409,2,10
594397,594407,594409,2,10
594397,594397,594409,12,0
594397,594407,594410,3,10
594397,594407,594410,3,10
594397,594408,594411,3,11
594397,594404,594410,6,7
594397,594407,594411,4,10
594397,594408,594411,3,11
594397,594410,594412,2,13
594397,594409,594411,2,12
594397,594409,594411,2,12
594397,594409,594411,2,12
594397,594409,594412,3,12
594397,594408,594412,4,11
594397,594410,594412,2,13
594397,594408,594412,4,11
594368,594376,594413,37,8
594397,594410,594413,3,13
594397,594411,594414,3,14
594397,594409,594413,4,12
594397,594410,594414,4,13
594397,594409,594413,4,12
594397,594410,594414,4,13
594397,594411,594414,3,14
594397,594407,594414,7,10
594397,594410,594414,4,13
594397,594411,594416,5,14
594397,594403,594417,14,6
594397,594409,594418,9,12
594397,594409,594424,15,12
594397,594399,594425,26,2
592913,592927,594432,1505,14
594397,594429,594435,6,32
594454,594454,594458,4,0
594454,594454,594458,4,0
594454,594454,594458,4,0
594454,594454,594459,5,0
594454,594454,594459,5,0
594454,594454,594460,6,0
594454,594454,594460,6,0
594454,594454,594460,6,0
594454,594455,594460,5,1
594454,594454,594460,6,0
594454,594454,594460,6,0
594454,594454,594461,7,0
594454,594454,594461,7,0
594454,594454,594461,7,0
594454,594454,594461,7,0
594454,594459,594461,2,5
594454,594454,594461,7,0
594454,594454,594462,8,0
594454,594460,594463,3,6
594454,594454,594461,7,0
594454,594461,594463,2,7
594454,594461,594464,3,7
594454,594459,594464,5,5
594454,594459,594464,5,5
594454,594462,594464,2,8
594454,594462,594465,3,8
594454,594462,594465,3,8
594454,594454,594465,11,0
594454,594455,594465,10,1
594454,594460,594465,5,6
594454,594463,594465,2,9
594454,594454,594466,12,0
594454,594462,594466,4,8
594454,594464,594466,2,10
594454,594464,594466,2,10
594454,594454,594467,13,0
594454,594465,594467,2,11
594454,594465,594467,2,11
594454,594463,594468,5,9
594454,594465,594469,4,11
594454,594461,594468,7,7
594454,594462,594468,6,8
594454,594466,594469,3,12
594454,594465,594469,4,11
594454,594466,594469,3,12
594454,594462,594469,7,8
594454,594461,594469,8,7
594454,594467,594469,2,13
594454,594467,594470,3,13
594454,594454,594469,15,0
594454,594461,594470,9,7
594454,594466,594470,4,12
594454,594468,594470,2,14
594454,594468,594471,3,14
594454,594469,594472,3,15
594454,594470,594472,2,16
594454,594470,594472,2,16
594454,594467,594472,5,13
594454,594468,594473,5,14
594454,594455,594474,19,1
594454,594469,594473,4,15
594454,594463,594473,10,9
594454,594469,594473,4,15
594454,594469,594474,5,15
594454,594466,594475,9,12
593466,593482,594475,993,16
594454,594461,594477,16,7
594454,594468,594477,9,14
594454,594454,594477,23,0
594454,594466,594481,15,12
594454,594467,594485,18,13
594482,594483,594486,3,1
592976,592996,594486,1490,20
594482,594483,594487,4,1
594482,594483,594487,4,1
594482,594483,594487,4,1
594482,594483,594487,4,1
594482,594483,594487,4,1
594482,594483,594488,5,1
594482,594483,594488,5,1
594482,594483,594488,5,1
594482,594483,594489,6,1
594482,594483,594488,5,1
594482,594483,594488,5,1
594482,594483,594488,5,1
594482,594483,594489,6,1
594482,594483,594489,6,1
594482,594483,594489,6,1
594482,594483,594490,7,1
594482,594488,594490,2,6
594482,594488,594491,3,6
594482,594488,594491,3,6
594482,594488,594491,3,6
594482,594489,594491,2,7
594482,594489,594491,2,7
594482,594483,594490,7,1
594482,594487,594491,4,5
594482,594489,594492,3,7
594482,594489,594493,4,7
594482,594490,594493,3,8
594482,594490,594493,3,8
594482,594483,594493,10,1
594482,594488,594493,5,6
594482,594489,594493,4,7
594482,594491,594493,2,9
594482,594492,594494,2,10
594482,594491,594493,2,9
594482,594491,594494,3,9
594482,594489,594494,5,7
594482,594492,594494,2,10
594482,594492,594494,2,10
594482,594492,594494,2,10
594482,594483,594495,12,1
594482,594492,594495,3,10
594482,594489,594495,6,7
594482,594486,594496,10,4
594482,594494,594496,2,12
594482,594490,594496,6,8
594482,594492,594496,4,10
594482,594493,594495,2,11
594482,594491,594497,6,9
594482,594494,594496,2,12
594482,594493,594496,3,11
594482,594494,594496,2,12
594482,594494,594497,3,12
594482,594494,594497,3,12
594482,594494,594498,4,12
594482,594495,594497,2,13
594482,594495,594497,2,13
594482,594483,594497,14,1
594482,594496,594498,2,14
594482,594494,594498,4,12
594482,594495,594498,3,13
594482,594487,594496,9,5
594482,594495,594499,4,13
594482,594483,594499,16,1
594482,594496,594500,4,14
594482,594496,594501,5,14
594482,594483,594501,18,1
594482,594496,594502,6,14
594482,594494,594510,16,12
594482,594483,594514,31,1
593557,593572,594517,945,15
594516,594516,594519,3,0
594516,594516,594520,4,0
594516,594516,594520,4,0
594516,594517,594520,3,1
594516,594516,594520,4,0
594516,594516,594521,5,0
594516,594516,594521,5,0
594516,594516,594522,6,0
594516,594516,594521,5,0
594516,594516,594522,6,0
594516,594519,594522,3,3
594516,594516,594522,6,0
594516,594516,594522,6,0
594516,594516,594522,6,0
594516,594516,594522,6,0
594516,594516,594523,7,0
594516,594516,594523,7,0
594516,594516,594523,7,0
594516,594516,594523,7,0
594516,594520,594523,3,4
594516,594520,594524,4,4
594516,594520,594525,5,4
594516,594522,594525,3,6
594516,594522,594525,3,6
594516,594523,594525,2,7
594516,594523,594526,3,7
594516,594516,594526,10,0
594516,594516,594526,10,0
594516,594522,594526,4,6
594516,594523,594526,3,7
594516,594524,594526,2,8
594516,594524,594526,2,8
594516,594522,594527,5,6
594516,594520,594527,7,4
594516,594525,594527,2,9
594516,594524,594527,3,8
594516,594516,594525,9,0
594516,594526,594528,2,10
594516,594526,594528,2,10
594516,594526,594528,2,10
594516,594516,594529,13,0
594516,594521,594529,8,5
594516,594523,594529,6,7
594516,594522,594529,7,6
594516,594525,594530,5,9
594516,594522,594530,8,6
594516,594528,594530,2,12
594516,594527,594530,3,11
594516,594527,594531,4,11
594516,594527,594531,4,11
594516,594527,594531,4,11
594516,594529,594531,2,13
594516,594529,594531,2,13
594516,594529,594531,2,13
594516,594526,594532,6,10
594516,594526,594533,7,10
594516,594527,594533,6,11
594516,594530,594534,4,14
594516,594529,594534,5,13
594516,594523,594535,12,7
594516,594528,594535,7,12
594516,594530,594535,5,14
594518,594531,594535,4,13
594518,594531,594537,6,13
594518,594531,594537,6,13
594518,594531,594537,6,13
594516,594516,594537,21,0
594518,594532,594537,5,14
594518,594532,594538,6,14
594518,594532,594539,7,14
594518,594535,594539,4,17
594518,594536,594539,3,18
594518,594531,594539,8,13
592985,593023,594539,1516,38
594518,594537,594540,3,19
594518,594537,594540,3,19
594518,594535,594540,5,17
594516,594516,594540,24,0
594518,594531,594540,9,13
594518,594538,594540,2,20
594518,594538,594540,2,20
593410,593424,594540,1116,14
594518,594531,594540,9,13
594518,594538,594541,3,20
594516,594529,594541,12,13
594518,594538,594541,3,20
594518,594535,594542,7,17
594518,594539,594543,4,21
594518,594540,594543,3,22
594518,594541,594543,2,23
594518,594541,594544,3,23
594518,594540,594544,4,22
594518,594534,594544,10,16
594518,594540,594544,4,22
594518,594532,594544,12,14
594518,594541,594545,4,23
594518,594542,594545,3,24
594518,594542,594545,3,24
594518,594538,594545,7,20
594518,594541,594546,5,23
594518,594543,594546,3,25
594518,594543,594546,3,25
594518,594544,594546,2,26
594518,594544,594546,2,26
594518,594544,594547,3,26
594518,594541,594547,6,23
594518,594544,594547,3,26
594518,594545,594547,2,27
594518,594543,594547,4,25
594518,594540,594547,7,22
594518,594545,594548,3,27
594518,594540,594548,8,22
594518,594535,594548,13,17
594518,594540,594548,8,22
594518,594534,594549,15,16
594518,594542,594548,6,24
594518,594547,594549,2,29
594518,594546,594549,3,28
594518,594546,594549,3,28
594518,594546,594549,3,28
594518,594546,594550,4,28
594518,594547,594549,2,29
594518,594547,594549,2,29
594518,594544,594550,6,26
594518,594547,594549,2,29
594518,594547,594550,3,29
594518,594545,594550,5,27
594518,594548,594551,3,30
594518,594548,594552,4,30
594518,594547,594552,5,29
594518,594540,594552,12,22
594518,594548,594553,5,30
594547,594551,594553,2,4
594547,594551,594553,2,4
594516,594526,594553,27,10
594516,594527,594553,26,11
594518,594548,594553,5,30
594547,594549,594554,5,2
594547,594550,594554,4,3
594547,594551,594554,3,4
594518,594548,594554,6,30
594547,594550,594554,4,3
594547,594550,594554,4,3
594547,594550,594556,6,3
594547,594550,594555,5,3
594516,594528,594556,28,12
594547,594554,594556,2,7
594547,594550,594556,6,3
594547,594554,594556,2,7
594547,594554,594557,3,7
594547,594552,594557,5,5
594547,594554,594557,3,7
594547,594553,594557,4,6
594547,594554,594557,3,7
594547,594552,594557,5,5
594547,594551,594556,5,4
594547,594555,594558,3,8
594547,594554,594558,4,7
594547,594553,594558,5,6
594547,594556,594558,2,9
594547,594554,594558,4,7
594547,594555,594559,4,8
594547,594556,594559,3,9
594547,594557,594560,3,10
594547,594550,594559,9,3
594547,594556,594559,3,9
594547,594556,594559,3,9
594547,594557,594560,3,10
594518,594548,594560,12,30
594547,594557,594560,3,10
594547,594557,594560,3,10
594516,594539,594560,21,23
594547,594558,594560,2,11
594547,594558,594561,3,11
594547,594557,594562,5,10
594547,594559,594561,2,12
594547,594559,594562,3,12
594547,594554,594562,8,7
594547,594560,594563,3,13
594547,594560,594563,3,13
594547,594560,594562,2,13
594547,594560,594562,2,13
594547,594560,594562,2,13
594547,594556,594563,7,9
594547,594557,594563,6,10
594547,594558,594563,5,11
594547,594560,594563,3,13
594547,594561,594564,3,14
594547,594561,594564,3,14
594547,594561,594563,2,14
594547,594561,594564,3,14
594547,594562,594564,2,15
594547,594563,594565,2,16
594547,594562,594565,3,15
594518,594541,594565,24,23
594547,594560,594565,5,13
594547,594563,594565,2,16
594547,594563,594565,2,16
594547,594563,594565,2,16
594547,594563,594565,2,16
594547,594554,594566,12,7
594547,594560,594567,7,13
594547,594562,594567,5,15
594547,594562,594567,5,15
594547,594558,594567,9,11
594547,594566,594568,2,19
594547,594565,594569,4,18
594547,594565,594569,4,18
594547,594564,594569,5,17
594547,594564,594569,5,17
594547,594564,594570,6,17
594547,594564,594569,5,17
594547,594566,594569,3,19
593024,593064,594570,1506,40
594547,594566,594570,4,19
594547,594564,594570,6,17
594547,594564,594571,7,17
594547,594565,594570,5,18
594547,594569,594571,2,22
594547,594561,594571,10,14
594547,594569,594572,3,22
594547,594566,594571,5,19
594547,594566,594572,6,19
594547,594564,594571,7,17
594547,594569,594573,4,22
594547,594557,594572,15,10
594547,594568,594573,5,21
594547,594570,594573,3,23
594547,594570,594573,3,23
594547,594570,594573,3,23
594547,594571,594574,3,24
594547,594571,594575,4,24
594547,594572,594575,3,25
594547,594572,594575,3,25
594547,594570,594575,5,23
594547,594573,594575,2,26
594547,594570,594575,5,23
594547,594573,594575,2,26
594547,594564,594575,11,17
594547,594549,594575,26,2
594547,594574,594576,2,27
594547,594567,594574,7,20
594547,594571,594575,4,24
594547,594574,594576,2,27
594547,594570,594577,7,23
594547,594574,594577,3,27
594547,594575,594577,2,28
594547,594570,594577,7,23
594547,594575,594578,3,28
594547,594575,594578,3,28
594547,594576,594578,2,29
594547,594575,594578,3,28
594547,594575,594578,3,28
594547,594575,594578,3,28
594547,594576,594578,2,29
594518,594546,594579,33,28
594547,594574,594578,4,27
594547,594567,594579,12,20
594516,594539,594579,40,23
594547,594578,594579,1,31
594547,594578,594579,1,31
594547,594577,594579,2,30
594547,594577,594579,2,30
594547,594576,594580,4,29
594547,594573,594579,6,26
594547,594576,594581,5,29
594547,594579,594581,2,32
594547,594579,594581,2,32
594547,594579,594581,2,32
594547,594579,594581,2,32
594547,594579,594581,2,32
594547,594579,594581,2,32
594547,594570,594578,8,23
594547,594579,594581,2,32
594547,594567,594582,15,20
594547,594577,594582,5,30
594547,594578,594582,4,31
594572,594580,594585,5,8
594572,594582,594584,2,10
594572,594580,594585,5,8
594572,594582,594584,2,10
594572,594582,594584,2,10
594572,594582,594584,2,10
594547,594566,594585,19,19
594572,594580,594585,5,8
594572,594580,594585,5,8
594547,594576,594587,11,29
594572,594585,594587,2,13
594572,594582,594587,5,10
594572,594582,594587,5,10
594572,594582,594587,5,10
594572,594585,594587,2,13
594572,594583,594587,4,11
594572,594583,594588,5,11
594572,594582,594588,6,10
594572,594585,594588,3,13
594572,594585,594589,4,13
594572,594583,594589,6,11
594572,594586,594589,3,14
594572,594580,594589,9,8
594572,594585,594589,4,13
594572,594588,594591,3,16
594572,594585,594590,5,13
594572,594586,594590,4,14
594572,594580,594591,11,8
594572,594588,594591,3,16
594572,594588,594591,3,16
594572,594588,594591,3,16
594547,594573,594591,18,26
594572,594588,594591,3,16
594572,594589,594592,3,17
594572,594589,594592,3,17
594572,594582,594591,9,10
594572,594590,594592,2,18
594572,594590,594593,3,18
594572,594591,594594,3,19
594572,594592,594595,3,20
594572,594591,594595,4,19
594572,594591,594595,4,19
594572,594588,594594,6,16
594572,594588,594594,6,16
594572,594592,594595,3,20
594572,594592,594594,2,20
594572,594592,594595,3,20
594572,594593,594595,2,21
594572,594590,594596,6,18
594547,594570,594593,23,23
594572,594593,594596,3,21
594572,594594,594596,2,22
594572,594596,594598,2,24
594572,594595,594598,3,23
594572,594590,594598,8,18
594572,594595,594597,2,23
594572,594595,594598,3,23
594572,594595,594598,3,23
594547,594572,594598,26,25
594572,594591,594598,7,19
594572,594592,594598,6,20
594572,594592,594598,6,20
594572,594595,594598,3,23
594572,594595,594598,3,23
594572,594585,594599,14,13
594572,594587,594599,12,15
594572,594596,594599,3,24
594572,594595,594599,4,23
594572,594595,594601,6,23
594572,594596,594600,4,24
594572,594593,594601,8,21
594547,594573,594601,28,26
594572,594589,594603,14,17
594572,594592,594604,12,20
594572,594596,594605,9,24
594572,594579,594607,28,7
593672,593687,594621,934,15
593145,593158,594621,1463,13
594660,594660,594663,3,0
594660,594660,594663,3,0
594660,594660,594663,3,0
594660,594660,594663,3,0
594660,594660,594665,5,0
594660,594660,594665,5,0
594660,594660,594665,5,0
594660,594660,594666,6,0
594660,594660,594666,6,0
594660,594660,594666,6,0
594660,594660,594667,7,0
594660,594660,594666,6,0
594660,594663,594667,4,3
594660,594663,594667,4,3
594660,594660,594667,7,0
594660,594660,594667,7,0
594660,594664,594667,3,4
594660,594660,594667,7,0
594660,594660,594667,7,0
594660,594660,594669,9,0
594660,594660,594669,9,0
594660,594663,594669,6,3
594660,594666,594670,4,6
594660,594668,594670,2,8
594660,594667,594671,4,7
594660,594665,594671,6,5
594660,594665,594671,6,5
594660,594668,594671,3,8
594660,594668,594671,3,8
594660,594665,594671,6,5
594660,594660,594672,12,0
594660,594667,594672,5,7
594660,594660,594672,12,0
594660,594660,594673,13,0
594660,594670,594673,3,10
594660,594670,594673,3,10
594660,594671,594673,2,11
594660,594671,594673,2,11
594660,594668,594673,5,8
594660,594669,594674,5,9
594660,594666,594674,8,6
594660,594660,594674,14,0
594660,594671,594674,3,11
594660,594672,594675,3,12
594660,594672,594674,2,12
594660,594667,594675,8,7
594660,594672,594674,2,12
594660,594672,594675,3,12
594660,594673,594675,2,13
594660,594667,594676,9,7
594660,594674,594676,2,14
594660,594674,594676,2,14
594660,594672,594677,5,12
594660,594674,594676,2,14
594660,594674,594676,2,14
594660,594667,594677,10,7
594660,594668,594675,7,8
594660,594675,594678,3,15
594660,594675,594678,3,15
594660,594674,594679,5,14
594660,594674,594679,5,14
594660,594675,594679,4,15
594660,594675,594679,4,15
594660,594675,594680,5,15
594660,594660,594680,20,0
594660,594660,594673,13,0
594660,594676,594682,6,16
594660,594677,594681,4,17
594660,594677,594681,4,17
594660,594674,594681,7,14
594660,594679,594682,3,19
594660,594675,594683,8,15
594660,594679,594682,3,19
594660,594680,594683,3,20
594660,594680,594683,3,20
594660,594672,594683,11,12
594660,594673,594683,10,13
594660,594677,594683,6,17
594660,594680,594683,3,20
594660,594676,594684,8,16
594660,594680,594684,4,20
594660,594674,594684,10,14
593578,593593,594684,1091,15
594660,594677,594685,8,17
594660,594680,594685,5,20
594660,594682,594686,4,22
594660,594683,594686,3,23
594660,594683,594685,2,23
594660,594682,594685,3,22
594660,594682,594685,3,22
594660,594683,594685,2,23
594660,594683,594686,3,23
594660,594678,594687,9,18
594660,594684,594687,3,24
594660,594684,594687,3,24
594660,594677,594687,10,17
594660,594680,594688,8,20
594660,594685,594688,3,25
594660,594685,594687,2,25
594660,594685,594689,4,25
594660,594684,594688,4,24
594660,594685,594688,3,25
594660,594686,594689,3,26
594660,594686,594688,2,26
594660,594686,594688,2,26
594660,594686,594689,3,26
594660,594686,594688,2,26
594660,594686,594688,2,26
594660,594684,594689,5,24
594660,594683,594689,6,23
594660,594687,594689,2,27
594660,594687,594690,3,27
594660,594687,594690,3,27
594660,594685,594690,5,25
594660,594688,594691,3,28
594660,594682,594690,8,22
594660,594688,594690,2,28
594660,594684,594692,8,24
594660,594677,594692,15,17
594660,594689,594691,2,29
594660,594689,594691,2,29
594660,594689,594692,3,29
594660,594689,594692,3,29
594660,594689,594691,2,29
594660,594689,594692,3,29
594660,594690,594693,3,30
594660,594690,594693,3,30
594660,594690,594693,3,30
594660,594690,594693,3,30
594660,594688,594693,5,28
594660,594689,594693,4,29
594660,594688,594693,5,28
594660,594687,594693,6,27
594660,594691,594694,3,31
594660,594690,594695,5,30
594660,594689,594694,5,29
594660,594689,594694,5,29
594689,594693,594697,4,4
594689,594693,594697,4,4
594689,594695,594697,2,6
594689,594693,594698,5,4
594689,594692,594698,6,3
594689,594692,594698,6,3
594689,594692,594698,6,3
594689,594691,594698,7,2
594689,594692,594698,6,3
594689,594692,594698,6,3
594689,594694,594699,5,5
594689,594693,594698,5,4
594689,594694,594699,5,5
594689,594695,594700,5,6
594689,594694,594701,7,5
594689,594698,594701,3,9
594689,594699,594702,3,10
594689,594699,594702,3,10
594689,594699,594701,2,10
594689,594691,594702,11,2
594689,594698,594702,4,9
594689,594698,594702,4,9
594689,594699,594702,3,10
594689,594699,594702,3,10
594689,594699,594703,4,10
594689,594698,594703,5,9
594689,594699,594703,4,10
594689,594692,594703,11,3
594689,594702,594705,3,13
594689,594702,594705,3,13
594689,594702,594705,3,13
594689,594702,594705,3,13
594689,594692,594704,12,3
594689,594695,594705,10,6
594689,594695,594705,10,6
594689,594700,594705,5,11
594689,594703,594705,2,14
594689,594703,594705,2,14
594689,594699,594705,6,10
594660,594673,594706,33,13
594689,594703,594707,4,14
594689,594705,594707,2,16
594689,594705,594707,2,16
594689,594705,594707,2,16
594689,594701,594707,6,12
594689,594701,594708,7,12
594660,594660,594708,48,0
594689,594706,594708,2,17
594689,594704,594709,5,15
594689,594702,594709,7,13
594689,594706,594710,4,17
594689,594708,594710,2,19
594689,594708,594711,3,19
594689,594708,594710,2,19
594689,594706,594711,5,17
594689,594708,594711,3,19
594689,594709,594711,2,20
594689,594708,594712,4,19
594689,594703,594711,8,14
594689,594703,594712,9,14
594689,594703,594712,9,14
594689,594705,594712,7,16
594689,594708,594713,5,19
594689,594703,594713,10,14
594689,594705,594714,9,16
594689,594706,594714,8,17
594689,594705,594714,9,16
594689,594705,594714,9,16
594660,594660,594716,56,0
594689,594707,594716,9,18
594689,594709,594718,9,20
594660,594682,594719,37,22
594689,594694,594725,31,5
594689,594694,594725,31,5
593412,593440,594927,1487,28
594928,594928,594932,4,0
594928,594928,594932,4,0
594928,594928,594933,5,0
594928,594928,594932,4,0
594928,594928,594933,5,0
594928,594928,594934,6,0
594928,594928,594934,6,0
594928,594928,594934,6,0
594928,594928,594934,6,0
594928,594928,594934,6,0
594928,594928,594934,6,0
594928,594928,594935,7,0
594928,594928,594934,6,0
594928,594928,594935,7,0
594928,594928,594937,9,0
594928,594928,594937,9,0
594928,594934,594937,3,6
594928,594934,594937,3,6
594928,594933,594937,4,5
594928,594934,594937,3,6
594928,594932,594937,5,4
594928,594928,594938,10,0
594928,594932,594938,6,4
594928,594928,594938,10,0
594928,594935,594938,3,7
594928,594934,594938,4,6
594928,594935,594938,3,7
594928,594934,594939,5,6
594928,594937,594940,3,9
594928,594937,594940,3,9
594928,594937,594940,3,9
594928,594937,594940,3,9
594928,594935,594939,4,7
594928,594928,594941,13,0
594928,594938,594941,3,10
594928,594937,594941,4,9
594928,594938,594941,3,10
594928,594938,594941,3,10
594928,594934,594942,8,6
594928,594933,594942,9,5
594928,594938,594942,4,10
594928,594939,594943,4,11
594928,594940,594943,3,12
594928,594940,594943,3,12
594928,594941,594943,2,13
594928,594941,594943,2,13
594928,594941,594943,2,13
594928,594928,594938,10,0
594928,594942,594944,2,14
594928,594942,594944,2,14
594928,594942,594944,2,14
594928,594942,594944,2,14
594928,594942,594946,4,14
594928,594941,594946,5,13
594928,594944,594946,2,16
594928,594944,594946,2,16
594928,594942,594946,4,14
594928,594937,594947,10,9
594928,594938,594947,9,10
594928,594942,594947,5,14
594928,594944,594947,3,16
594928,594938,594948,10,10
594928,594937,594948,11,9
594928,594943,594948,5,15
594928,594928,594942,14,0
594928,594928,594942,14,0
594928,594928,594955,27,0
594928,594928,594958,30,0
594928,594928,594961,33,0
594928,594933,594963,30,5
594100,594114,595093,979,14
595095,595095,595099,4,0
595095,595095,595098,3,0
595095,595095,595099,4,0
595095,595095,595100,5,0
595095,595095,595099,4,0
595095,595095,595099,4,0
595095,595095,595099,4,0
595095,595095,595099,4,0
595095,595095,595099,4,0
595095,595095,595099,4,0
595095,595095,595100,5,0
595095,595095,595101,6,0
595095,595095,595102,7,0
595095,595099,595101,2,4
595095,595099,595102,3,4
595095,595095,595102,7,0
595095,595100,595103,3,5
595095,595100,595102,2,5
595095,595100,595102,2,5
595095,595100,595102,2,5
595095,595100,595102,2,5
595095,595095,595103,8,0
595095,595100,595104,4,5
595095,595100,595104,4,5
595095,595101,595105,4,6
595095,595102,595104,2,7
595095,595102,595104,2,7
595095,595100,595105,5,5
595095,595103,595105,2,8
595095,595103,595105,2,8
595095,595103,595105,2,8
595095,595103,595106,3,8
595095,595103,595105,2,8
595095,595095,595104,9,0
595095,595102,595107,5,7
595095,595095,595107,12,0
595095,595105,595107,2,10
595095,595105,595107,2,10
595095,595106,595108,2,11
595095,595095,595108,13,0
595095,595104,595108,4,9
595095,595102,595108,6,7
595095,595103,595109,6,8
595095,595105,595108,3,10
595095,595105,595108,3,10
595095,595106,595108,2,11
595095,595105,595109,4,10
595095,595106,595108,2,11
595095,595106,595108,2,11
595095,595106,595108,2,11
595095,595095,595109,14,0
595095,595106,595110,4,11
595095,595109,595111,2,14
595095,595107,595111,4,12
595095,595108,595110,2,13
595095,595108,595110,2,13
595095,595108,595111,3,13
595095,595095,595111,16,0
595095,595095,595111,16,0
595095,595095,595111,16,0
595095,595109,595112,3,14
595095,595109,595111,2,14
595095,595109,595112,3,14
595095,595095,595113,18,0
595095,595109,595113,4,14
595095,595107,595111,4,12
595095,595095,595115,20,0
595095,595109,595116,7,14
595095,595108,595117,9,13
595095,595095,595119,24,0
593603,593619,595174,1555,16
594193,594204,595177,973,11
594218,594231,595178,947,13
595176,595176,595180,4,0
595176,595176,595181,5,0
595176,595176,595181,5,0
595176,595176,595181,5,0
595176,595176,595181,5,0
595176,595178,595181,3,2
595176,595176,595181,5,0
595176,595176,595182,6,0
595176,595179,595182,3,3
595176,595176,595182,6,0
595176,595176,595182,6,0
595176,595176,595182,6,0
595176,595176,595182,6,0
595176,595176,595182,6,0
595176,595176,595183,7,0
595176,595176,595182,6,0
595176,595176,595183,7,0
595176,595176,595183,7,0
595176,595176,595183,7,0
595176,595176,595184,8,0
595176,595182,595185,3,6
595176,595182,595185,3,6
595176,595176,595185,9,0
595176,595183,595186,3,7
595176,595183,595185,2,7
595176,595182,595185,3,6
595176,595183,595185,2,7
595176,595183,595185,2,7
595176,595182,595185,3,6
595176,595182,595185,3,6
595176,595183,595186,3,7
595176,595176,595184,8,0
595176,595176,595187,11,0
595176,595176,595186,10,0
595176,595183,595186,3,7
595176,595185,595187,2,9
595176,595185,595187,2,9
595176,595186,595188,2,10
595176,595185,595187,2,9
595176,595184,595188,4,8
595176,595183,595188,5,7
595176,595186,595188,2,10
595176,595186,595188,2,10
595176,595186,595189,3,10
595176,595186,595188,2,10
595176,595186,595188,2,10
595176,595186,595188,2,10
595176,595186,595189,3,10
595176,595176,595188,12,0
595176,595176,595190,14,0
595176,595188,595190,2,12
595176,595184,595188,4,8
595176,595176,595190,14,0
595176,595180,595189,9,4
595176,595188,595190,2,12
595176,595188,595190,2,12
595176,595188,595190,2,12
595176,595189,595192,3,13
595176,595189,595191,2,13
595176,595187,595191,4,11
595179,595189,595192,3,10
595179,595189,595193,4,10
595179,595189,595192,3,10
595176,595183,595191,8,7
595176,595189,595193,4,13
595176,595189,595193,4,13
595179,595189,595193,4,10
595179,595190,595194,4,11
595176,595186,595195,9,10
595176,595182,595194,12,6
595179,595191,595195,4,12
595179,595191,595196,5,12
595176,595187,595196,9,11
595176,595183,595196,13,7
595176,595184,595196,12,8
595179,595192,595197,5,13
595179,595192,595196,4,13
595179,595193,595197,4,14
595179,595193,595197,4,14
595179,595193,595196,3,14
595179,595194,595197,3,15
595179,595191,595197,6,12
595179,595195,595198,3,16
595179,595194,595198,4,15
595176,595187,595198,11,11
595179,595196,595199,3,17
595179,595197,595199,2,18
595179,595192,595199,7,13
595179,595197,595200,3,18
595179,595197,595200,3,18
595179,595197,595200,3,18
595179,595189,595200,11,10
595179,595194,595200,6,15
595179,595194,595200,6,15
595179,595198,595200,2,19
595179,595198,595201,3,19
595179,595197,595200,3,18
595179,595197,595201,4,18
595179,595198,595201,3,19
595179,595195,595201,6,16
595179,595199,595202,3,20
595176,595186,595202,16,10
595179,595190,595202,12,11
595179,595200,595202,2,21
595179,595199,595203,4,20
595179,595200,595202,2,21
595179,595200,595202,2,21
595179,595201,595203,2,22
595179,595200,595203,3,21
595179,595201,595203,2,22
595179,595200,595204,4,21
595179,595201,595204,3,22
595179,595201,595204,3,22
595179,595201,595204,3,22
595179,595201,595204,3,22
595179,595195,595204,9,16
595179,595190,595204,14,11
595179,595203,595205,2,24
595179,595202,595205,3,23
595179,595202,595205,3,23
595179,595201,595205,4,22
595179,595197,595206,9,18
595179,595197,595205,8,18
595179,595202,595206,4,23
595179,595203,595206,3,24
595179,595193,595206,13,14
595179,595205,595207,2,26
595179,595197,595206,9,18
595179,595204,595207,3,25
595179,595204,595206,2,25
595179,595204,595207,3,25
595179,595204,595207,3,25
595179,595205,595207,2,26
595179,595204,595208,4,25
595179,595202,595208,6,23
595179,595202,595208,6,23
595181,595205,595209,4,24
595179,595190,595206,16,11
595181,595205,595210,5,24
595181,595206,595210,4,25
595181,595207,595211,4,26
595181,595208,595211,3,27
595181,595208,595211,3,27
595181,595207,595211,4,26
595181,595208,595212,4,27
595181,595205,595212,7,24
595181,595206,595212,6,25
595181,595207,595212,5,26
595181,595209,595212,3,28
595181,595208,595213,5,27
595181,595211,595214,3,30
595181,595207,595213,6,26
595181,595211,595214,3,30
595181,595206,595214,8,25
595181,595209,595214,5,28
595181,595211,595214,3,30
595181,595212,595215,3,31
595181,595212,595215,3,31
595179,595203,595215,12,24
595181,595212,595215,3,31
595181,595212,595215,3,31
595181,595209,595215,6,28
595181,595214,595217,3,33
595181,595213,595217,4,32
595181,595214,595217,3,33
595181,595212,595217,5,31
595181,595212,595217,5,31
595181,595215,595218,3,34
595181,595215,595217,2,34
595181,595206,595214,8,25
595181,595216,595218,2,35
595181,595216,595218,2,35
595181,595206,595218,12,25
595181,595214,595218,4,33
595181,595214,595217,3,33
595181,595215,595219,4,34
595181,595218,595220,2,37
595181,595217,595219,2,36
595181,595217,595220,3,36
595181,595217,595220,3,36
595181,595215,595220,5,34
595181,595218,595220,2,37
595181,595218,595220,2,37
595181,595218,595221,3,37
595181,595205,595220,15,24
595181,595219,595221,2,38
595181,595219,595221,2,38
595181,595215,595221,6,34
595181,595216,595221,5,35
595181,595206,595216,10,25
595181,595220,595222,2,39
595181,595220,595223,3,39
595181,595220,595223,3,39
595181,595221,595223,2,40
595181,595221,595223,2,40
595179,595200,595223,23,21
595181,595219,595223,4,38
595181,595221,595225,4,40
595181,595221,595225,4,40
595181,595221,595225,4,40
595181,595221,595225,4,40
595181,595210,595227,17,29
595181,595219,595227,8,38
595181,595215,595229,14,34
595181,595219,595229,10,38
595181,595221,595230,9,40
595179,595190,595231,41,11
595181,595206,595232,26,25
595181,595222,595245,23,41
595181,595212,595254,42,31
594370,594385,595351,966,15
595352,595352,595356,4,0
595352,595352,595357,5,0
595352,595352,595357,5,0
595352,595352,595357,5,0
595352,595352,595357,5,0
595352,595352,595358,6,0
595352,595352,595358,6,0
595352,595352,595359,7,0
595352,595352,595359,7,0
595352,595352,595359,7,0
595352,595352,595359,7,0
595352,595352,595359,7,0
595352,595357,595359,2,5
595352,595358,595360,2,6
595352,595358,595360,2,6
595352,595358,595360,2,6
595352,595358,595360,2,6
595352,595352,595361,9,0
595352,595352,595361,9,0
595352,595353,595361,8,1
595352,595359,595361,2,7
595352,595352,595362,10,0
595352,595360,595362,2,8
595352,595360,595362,2,8
595352,595360,595362,2,8
595352,595360,595362,2,8
595352,595361,595363,2,9
595352,595352,595363,11,0
595352,595359,595363,4,7
595352,595360,595363,3,8
595352,595361,595363,2,9
595352,595361,595363,2,9
595352,595352,595364,12,0
595352,595352,595364,12,0
595352,595352,595364,12,0
595352,595362,595364,2,10
595352,595362,595364,2,10
595352,595363,595365,2,11
595352,595363,595365,2,11
595352,595361,595365,4,9
595352,595363,595365,2,11
595352,595363,595365,2,11
595352,595363,595365,2,11
595352,595362,595366,4,10
595352,595364,595366,2,12
595352,595364,595366,2,12
595352,595364,595366,2,12
595352,595365,595367,2,13
595352,595353,595367,14,1
595352,595353,595367,14,1
595352,595365,595367,2,13
595352,595365,595367,2,13
595352,595365,595367,2,13
595352,595352,595367,15,0
595352,595364,595368,4,12
595352,595366,595368,2,14
595352,595366,595368,2,14
595352,595366,595368,2,14
595352,595366,595369,3,14
595352,595360,595369,9,8
595352,595367,595369,2,15
595352,595362,595371,9,10
595352,595364,595370,6,12
595352,595364,595374,10,12
595352,595362,595374,12,10
595352,595365,595374,9,13
595352,595365,595374,9,13
595352,595353,595376,23,1
595352,595353,595379,26,1
595352,595366,595386,20,14
594483,594496,595440,944,13
595442,595442,595446,4,0
595442,595442,595446,4,0
595442,595442,595447,5,0
595442,595442,595448,6,0
595442,595442,595447,5,0
595442,595442,595448,6,0
595442,595442,595448,6,0
595442,595442,595448,6,0
595442,595442,595449,7,0
595442,595442,595449,7,0
595442,595442,595448,6,0
595442,595442,595450,8,0
595442,595447,595449,2,5
595442,595442,595451,9,0
595442,595448,595450,2,6
595442,595448,595450,2,6
595442,595447,595451,4,5
595442,595442,595452,10,0
595442,595449,595451,2,7
595442,595449,595451,2,7
595442,595449,595452,3,7
595442,595450,595452,2,8
595442,595448,595452,4,6
595442,595442,595453,11,0
595442,595442,595452,10,0
595442,595442,595452,10,0
595442,595450,595453,3,8
595442,595442,595454,12,0
595442,595449,595453,4,7
595442,595451,595453,2,9
595442,595451,595453,2,9
595442,595452,595454,2,10
595442,595451,595454,3,9
595442,595442,595454,12,0
595442,595442,595454,12,0
595442,595449,595455,6,7
595442,595452,595455,3,10
595442,595452,595454,2,10
595442,595452,595454,2,10
595442,595452,595455,3,10
595442,595442,595456,14,0
595442,595449,595456,7,7
595442,595453,595456,3,11
595442,595454,595456,2,12
595442,595454,595456,2,12
595442,595454,595456,2,12
595442,595442,595452,10,0
595442,595454,595456,2,12
595442,595454,595456,2,12
595442,595453,595457,4,11
595442,595455,595458,3,13
595442,595456,595458,2,14
595442,595456,595458,2,14
595442,595455,595458,3,13
595442,595455,595458,3,13
595442,595453,595459,6,11
595442,595453,595459,6,11
595442,595453,595458,5,11
595442,595455,595458,3,13
595442,595456,595458,2,14
595442,595452,595460,8,10
595442,595456,595460,4,14
595442,595442,595460,18,0
595442,595442,595462,20,0
595442,595456,595466,10,14
595442,595454,595467,13,12
595442,595455,595467,12,13
595442,595455,595469,14,13
595442,595442,595470,28,0
595442,595456,595471,15,14
594398,594412,595480,1068,14
595502,595502,595507,5,0
595502,595502,595508,6,0
595502,595502,595508,6,0
595502,595502,595508,6,0
595502,595502,595508,6,0
595502,595502,595508,6,0
595502,595502,595509,7,0
595502,595502,595509,7,0
595502,595502,595509,7,0
595502,595502,595509,7,0
595502,595502,595509,7,0
595502,595502,595509,7,0
595502,595502,595509,7,0
595502,595507,595510,3,5
595502,595502,595510,8,0
595502,595502,595511,9,0
595502,595508,595511,3,6
595502,595508,595511,3,6
595502,595502,595510,8,0
595502,595502,595510,8,0
595502,595509,595512,3,7
595502,595509,595512,3,7
595502,595502,595512,10,0
595502,595508,595512,4,6
595502,595502,595512,10,0
595502,595508,595512,4,6
595502,595509,595512,3,7
595502,595509,595513,4,7
595502,595502,595512,10,0
595502,595510,595513,3,8
595502,595511,595513,2,9
595502,595509,595514,5,7
595502,595502,595514,12,0
595502,595502,595514,12,0
595502,595502,595514,12,0
595502,595502,595514,12,0
595502,595511,595514,3,9
595502,595512,595514,2,10
595502,595513,595514,1,11
595502,595509,595513,4,7
595502,595512,595515,3,10
595502,595512,595515,3,10
595502,595502,595515,13,0
595502,595508,595514,6,6
595502,595512,595516,4,10
595502,595513,595516,3,11
594020,594032,595514,1482,12
595502,595511,595516,5,9
595502,595512,595516,4,10
595502,595514,595516,2,12
595502,595514,595516,2,12
595502,595515,595516,1,13
595502,595515,595517,2,13
595502,595512,595516,4,10
595502,595516,595517,1,14
595502,595515,595517,2,13
595502,595514,595517,3,12
595502,595515,595518,3,13
595502,595516,595518,2,14
595502,595514,595519,5,12
595502,595516,595519,3,14
595517,595517,595520,3,0
595502,595509,595519,10,7
595502,595512,595520,8,10
595517,595517,595521,4,0
595517,595517,595522,5,0
595517,595518,595522,4,1
595517,595517,595521,4,0
595517,595517,595522,5,0
595502,595516,595522,6,14
595502,595514,595522,8,12
595502,595514,595522,8,12
595502,595514,595523,9,12
595517,595518,595523,5,1
595517,595519,595524,5,2
595517,595520,595523,3,3
595517,595518,595524,6,1
595517,595521,595524,3,4
595517,595518,595524,6,1
595517,595520,595525,5,3
595517,595522,595525,3,5
595517,595522,595525,3,5
595517,595522,595525,3,5
595517,595522,595525,3,5
595517,595520,595526,6,3
595517,595524,595527,3,7
595517,595524,595527,3,7
595517,595524,595527,3,7
595517,595525,595527,2,8
595517,595526,595529,3,9
595517,595526,595529,3,9
594574,594597,595529,932,23
595517,595526,595528,2,9
595517,595526,595528,2,9
595517,595519,595529,10,2
595517,595527,595529,2,10
595517,595525,595529,4,8
595502,595512,595523,11,10
595517,595528,595530,2,11
595517,595528,595531,3,11
595517,595528,595530,2,11
595517,595529,595531,2,12
595517,595529,595531,2,12
595517,595524,595530,6,7
595517,595522,595530,8,5
595517,595529,595532,3,12
595517,595529,595531,2,12
595517,595529,595532,3,12
595517,595525,595532,7,8
595517,595526,595532,6,9
595517,595530,595532,2,13
595517,595531,595533,2,14
595517,595530,595533,3,13
595517,595531,595533,2,14
595517,595531,595533,2,14
595517,595523,595533,10,6
595517,595524,595533,9,7
595517,595531,595534,3,14
595517,595531,595534,3,14
595517,595529,595534,5,12
595517,595523,595534,11,6
595517,595532,595535,3,15
595517,595532,595534,2,15
595517,595532,595535,3,15
595517,595533,595536,3,16
595517,595533,595535,2,16
595517,595533,595535,2,16
595517,595532,595536,4,15
595517,595533,595536,3,16
595517,595533,595536,3,16
595530,595534,595537,3,4
595530,595534,595538,4,4
595530,595536,595538,2,6
595530,595536,595538,2,6
595517,595531,595539,8,14
595530,595535,595540,5,5
595530,595536,595540,4,6
595530,595536,595540,4,6
595517,595531,595540,9,14
595517,595532,595540,8,15
595530,595535,595540,5,5
595530,595538,595540,2,8
595530,595539,595540,1,9
595530,595539,595540,1,9
595530,595538,595541,3,8
595530,595535,595541,6,5
595530,595536,595541,5,6
595530,595540,595542,2,10
595530,595536,595542,6,6
595530,595535,595542,7,5
595530,595541,595542,1,11
595530,595541,595542,1,11
595530,595541,595542,1,11
595530,595541,595543,2,11
595530,595540,595543,3,10
595530,595540,595543,3,10
595517,595534,595543,9,17
595530,595541,595544,3,11
595530,595543,595545,2,13
595530,595543,595545,2,13
595530,595543,595545,2,13
595530,595542,595545,3,12
595530,595542,595545,3,12
595530,595542,595545,3,12
595530,595543,595545,2,13
595530,595543,595546,3,13
595530,595543,595546,3,13
595530,595540,595546,6,10
595530,595540,595546,6,10
595530,595543,595546,3,13
595530,595545,595547,2,15
595530,595545,595547,2,15
595530,595545,595547,2,15
595530,595539,595547,8,9
595530,595544,595546,2,14
595530,595543,595547,4,13
595502,595516,595547,31,14
595530,595535,595547,12,5
595530,595545,595548,3,15
595530,595545,595548,3,15
595530,595545,595548,3,15
595517,595520,595548,28,3
595517,595531,595548,17,14
595530,595546,595548,2,16
595530,595547,595549,2,17
595530,595547,595549,2,17
595530,595547,595549,2,17
595530,595546,595549,3,16
595530,595546,595549,3,16
595530,595547,595549,2,17
595502,595514,595551,37,12
595517,595517,595551,34,0
595530,595548,595551,3,18
595530,595548,595551,3,18
595530,595548,595551,3,18
595530,595544,595552,8,14
595530,595549,595551,2,19
595530,595549,595552,3,19
595530,595549,595552,3,19
595530,595549,595552,3,19
595530,595548,595552,4,18
595530,595547,595553,6,17
595530,595547,595553,6,17
595530,595548,595554,6,18
595517,595517,595554,37,0
595530,595547,595555,8,17
595502,595515,595551,36,13
595517,595517,595555,38,0
595530,595547,595557,10,17
594550,594579,595560,981,29
595530,595548,595560,12,18
595530,595549,595564,15,19
595530,595549,595567,18,19
594079,594093,595576,1483,14
595610,595610,595614,4,0
595610,595610,595614,4,0
595610,595610,595614,4,0
595610,595610,595614,4,0
595610,595610,595616,6,0
595610,595610,595616,6,0
595610,595610,595615,5,0
595610,595610,595616,6,0
595610,595610,595615,5,0
595610,595610,595616,6,0
595610,595610,595616,6,0
595610,595610,595616,6,0
595610,595614,595616,2,4
595610,595610,595617,7,0
595610,595615,595618,3,5
595610,595615,595618,3,5
595610,595615,595618,3,5
595610,595616,595618,2,6
595610,595610,595618,8,0
595610,595610,595619,9,0
595610,595610,595618,8,0
595610,595610,595619,9,0
595610,595616,595618,2,6
595610,595616,595619,3,6
595610,595616,595620,4,6
595610,595616,595620,4,6
595610,595617,595620,3,7
595610,595618,595620,2,8
595610,595617,595620,3,7
595610,595618,595620,2,8
595610,595618,595620,2,8
595610,595618,595620,2,8
595610,595619,595621,2,9
595610,595619,595621,2,9
595610,595620,595622,2,10
595610,595617,595622,5,7
595610,595617,595622,5,7
595610,595617,595622,5,7
595610,595619,595623,4,9
595610,595620,595623,3,10
595610,595620,595622,2,10
595610,595610,595622,12,0
595610,595620,595623,3,10
595610,595621,595623,2,11
595610,595621,595623,2,11
595610,595610,595623,13,0
595610,595610,595624,14,0
595610,595610,595623,13,0
595610,595620,595623,3,10
595610,595621,595624,3,11
595610,595622,595624,2,12
595610,595619,595625,6,9
595610,595619,595625,6,9
595610,595619,595625,6,9
595610,595622,595624,2,12
595610,595622,595625,3,12
595610,595623,595625,2,13
595610,595610,595625,15,0
595610,595623,595626,3,13
595610,595623,595626,3,13
595610,595610,595627,17,0
595610,595623,595627,4,13
595610,595623,595627,4,13
595610,595623,595628,5,13
595610,595623,595628,5,13
595610,595626,595628,2,16
595610,595624,595629,5,14
595610,595623,595629,6,13
595610,595623,595629,6,13
595610,595625,595628,3,15
595610,595625,595628,3,15
595610,595628,595630,2,18
595610,595626,595630,4,16
595610,595625,595630,5,15
595610,595629,595631,2,19
595610,595627,595630,3,17
595610,595625,595631,6,15
595610,595629,595631,2,19
595610,595630,595632,2,20
595610,595624,595631,7,14
595610,595625,595631,6,15
595610,595629,595632,3,19
595610,595631,595633,2,21
595610,595628,595633,5,18
595610,595629,595632,3,19
595610,595628,595633,5,18
595610,595628,595633,5,18
595610,595629,595632,3,19
595610,595629,595632,3,19
595610,595610,595633,23,0
595610,595623,595633,10,13
595610,595627,595632,5,17
595610,595631,595633,2,21
595610,595632,595634,2,22
595610,595625,595634,9,15
595610,595632,595634,2,22
595610,595632,595634,2,22
595610,595632,595634,2,22
595610,595633,595635,2,23
595610,595633,595635,2,23
595610,595632,595635,3,22
595610,595633,595636,3,23
595610,595632,595636,4,22
595610,595634,595636,2,24
595610,595634,595636,2,24
595610,595633,595637,4,23
595610,595633,595636,3,23
595610,595635,595637,2,25
595610,595635,595637,2,25
595610,595635,595637,2,25
595610,595635,595637,2,25
595610,595632,595638,6,22
595610,595633,595638,5,23
595610,595633,595637,4,23
595610,595633,595638,5,23
595610,595636,595638,2,26
595610,595625,595639,14,15
595610,595637,595639,2,27
595610,595636,595639,3,26
595610,595637,595639,2,27
595610,595637,595639,2,27
595610,595638,595640,2,28
595610,595638,595640,2,28
595610,595638,595640,2,28
595610,595636,595640,4,26
595610,595634,595640,6,24
595610,595638,595640,2,28
595610,595610,595641,31,0
595610,595637,595641,4,27
595610,595636,595642,6,26
595610,595638,595642,4,28
595610,595638,595642,4,28
595610,595626,595637,11,16
595610,595638,595643,5,28
595610,595624,595645,21,14
595610,595610,595648,38,0
595610,595633,595644,11,23
595610,595624,595654,30,14
594718,594718,595658,940,0
595610,595633,595661,28,23
595610,595633,595665,32,23
595676,595677,595679,2,1
595676,595677,595680,3,1
595676,595677,595680,3,1
595676,595677,595680,3,1
595676,595677,595680,3,1
595676,595677,595680,3,1
595676,595677,595680,3,1
595676,595676,595681,5,0
595676,595676,595681,5,0
595676,595676,595681,5,0
595676,595677,595681,4,1
595676,595676,595682,6,0
595676,595678,595682,4,2
595676,595680,595682,2,4
595676,595681,595683,2,5
595676,595677,595683,6,1
595676,595677,595683,6,1
595676,595681,595683,2,5
595676,595681,595683,2,5
595676,595681,595683,2,5
595676,595681,595683,2,5
595676,595678,595684,6,2
595676,595681,595684,3,5
595676,595677,595684,7,1
595676,595677,595684,7,1
595676,595682,595684,2,6
595676,595683,595685,2,7
595676,595683,595685,2,7
595676,595683,595685,2,7
595676,595684,595686,2,8
595676,595677,595686,9,1
595676,595684,595687,3,8
595676,595684,595686,2,8
595676,595684,595686,2,8
595676,595682,595687,5,6
595676,595683,595687,4,7
595676,595685,595687,2,9
595676,595685,595687,2,9
595676,595686,595688,2,10
595676,595686,595688,2,10
595676,595685,595688,3,9
595676,595686,595688,2,10
595676,595684,595688,4,8
595676,595686,595688,2,10
595676,595687,595689,2,11
595676,595677,595688,11,1
595676,595677,595687,10,1
595676,595684,595689,5,8
595676,595687,595689,2,11
595676,595687,595689,2,11
595676,595685,595689,4,9
595676,595685,595690,5,9
595676,595688,595690,2,12
595676,595677,595686,9,1
595676,595677,595686,9,1
595676,595688,595690,2,12
595676,595688,595691,3,12
595676,595687,595691,4,11
595676,595688,595691,3,12
595676,595689,595691,2,13
595676,595689,595691,2,13
595676,595689,595692,3,13
595676,595688,595693,5,12
595676,595688,595693,5,12
595676,595689,595694,5,13
595676,595682,595698,16,6
595676,595682,595698,16,6
595676,595689,595698,9,13
595676,595677,595705,28,1
595676,595677,595708,31,1
594662,594691,595763,1072,29
595764,595764,595767,3,0
595764,595764,595767,3,0
595764,595764,595768,4,0
595764,595764,595768,4,0
595764,595764,595768,4,0
595764,595764,595767,3,0
595764,595764,595767,3,0
595764,595764,595768,4,0
595764,595764,595768,4,0
595764,595764,595769,5,0
595764,595764,595769,5,0
595764,595764,595769,5,0
595764,595764,595769,5,0
595764,595764,595768,4,0
595764,595764,595770,6,0
595764,595767,595770,3,3
595764,595767,595770,3,3
595764,595768,595770,2,4
595764,595764,595770,6,0
595764,595768,595771,3,4
595764,595768,595770,2,4
595764,595768,595771,3,4
595764,595768,595771,3,4
595764,595768,595771,3,4
595764,595769,595771,2,5
595764,595768,595771,3,4
595764,595764,595772,8,0
595764,595764,595772,8,0
595764,595769,595772,3,5
595764,595766,595773,7,2
595764,595766,595773,7,2
595764,595770,595773,3,6
595764,595770,595773,3,6
595764,595770,595773,3,6
595764,595771,595773,2,7
595764,595771,595773,2,7
595764,595769,595774,5,5
595764,595769,595773,4,5
595764,595769,595774,5,5
595764,595771,595774,3,7
595764,595771,595774,3,7
595764,595771,595773,2,7
595764,595772,595774,2,8
595764,595770,595774,4,6
595764,595772,595775,3,8
595764,595774,595775,1,10
595764,595774,595775,1,10
595764,595766,595775,9,2
595764,595772,595775,3,8
595764,595773,595776,3,9
595764,595773,595776,3,9
595764,595774,595776,2,10
595764,595771,595776,5,7
595764,595772,595777,5,8
595764,595774,595777,3,10
595764,595764,595774,10,0
595764,595764,595774,10,0
595764,595774,595777,3,10
595764,595774,595777,3,10
595764,595775,595777,2,11
595764,595773,595778,5,9
595764,595773,595777,4,9
595764,595772,595778,6,8
595764,595776,595778,2,12
595764,595774,595779,5,10
595764,595774,595779,5,10
595764,595774,595780,6,10
595764,595775,595781,6,11
595764,595764,595781,17,0
595764,595764,595785,21,0
594351,594363,595842,1479,12
595843,595843,595847,4,0
595843,595843,595848,5,0
595843,595843,595848,5,0
595843,595843,595847,4,0
595843,595843,595847,4,0
595843,595843,595847,4,0
595843,595843,595848,5,0
595843,595843,595849,6,0
595843,595843,595848,5,0
595843,595843,595848,5,0
595843,595843,595850,7,0
595843,595847,595850,3,4
595843,595848,595850,2,5
595843,595843,595851,8,0
595843,595843,595850,7,0
595843,595843,595850,7,0
595843,595843,595850,7,0
595843,595848,595851,3,5
595843,595848,595851,3,5
595843,595843,595852,9,0
595843,595849,595852,3,6
595843,595843,595851,8,0
595843,595848,595851,3,5
595843,595848,595851,3,5
595843,595843,595851,8,0
595843,595848,595851,3,5
595843,595849,595852,3,6
595843,595849,595852,3,6
595843,595850,595852,2,7
595843,595850,595852,2,7
595843,595843,595853,10,0
595843,595851,595853,2,8
595843,595843,595854,11,0
595843,595843,595853,10,0
595843,595852,595854,2,9
595843,595851,595855,4,8
595843,595852,595855,3,9
595843,595852,595855,3,9
595843,595852,595854,2,9
595843,595852,595855,3,9
595843,595852,595854,2,9
595843,595852,595854,2,9
595843,595852,595855,3,9
595843,595850,595855,5,7
595843,595852,595855,3,9
595843,595851,595856,5,8
595843,595851,595855,4,8
595843,595852,595856,4,9
595843,595853,595855,2,10
595843,595851,595857,6,8
595843,595852,595857,5,9
595843,595853,595857,4,10
595843,595854,595857,3,11
595843,595855,595857,2,12
595843,595843,595858,15,0
595843,595843,595858,15,0
595843,595854,595858,4,11
595843,595855,595858,3,12
595843,595855,595858,3,12
595843,595855,595857,2,12
595843,595855,595857,2,12
595843,595855,595858,3,12
595843,595855,595857,2,12
595843,595855,595859,4,12
595843,595852,595859,7,9
595843,595856,595859,3,13
595843,595854,595859,5,11
595843,595856,595861,5,13
595843,595843,595871,28,0
595843,595843,595877,34,0
594929,594944,595900,956,15
595905,595905,595908,3,0
595905,595905,595907,2,0
595905,595905,595907,2,0
595905,595905,595908,3,0
595905,595905,595908,3,0
595905,595905,595909,4,0
595905,595905,595908,3,0
595905,595905,595908,3,0
595905,595905,595908,3,0
595905,595905,595909,4,0
595905,595905,595910,5,0
595905,595905,595909,4,0
595905,595905,595909,4,0
595905,595905,595909,4,0
595905,595905,595909,4,0
595905,595905,595909,4,0
595905,595905,595909,4,0
595905,595908,595910,2,3
595905,595908,595911,3,3
595905,595908,595910,2,3
595905,595908,595910,2,3
595905,595908,595910,2,3
595905,595909,595911,2,4
595905,595909,595911,2,4
595905,595905,595911,6,0
595905,595909,595912,3,4
595905,595909,595911,2,4
595905,595910,595912,2,5
595905,595910,595913,3,5
595905,595910,595913,3,5
595905,595911,595913,2,6
595905,595911,595913,2,6
595905,595910,595914,4,5
595905,595911,595914,3,6
595905,595911,595914,3,6
595905,595911,595913,2,6
595905,595912,595914,2,7
595905,595912,595914,2,7
595905,595910,595914,4,5
595905,595912,595914,2,7
595905,595910,595914,4,5
595905,595910,595915,5,5
595905,595910,595915,5,5
595905,595910,595915,5,5
595905,595912,595914,2,7
595905,595913,595915,2,8
595905,595913,595916,3,8
595905,595913,595915,2,8
595905,595913,595915,2,8
595905,595914,595917,3,9
595905,595914,595916,2,9
595905,595915,595918,3,10
595905,595914,595918,4,9
595905,595914,595917,3,9
595905,595915,595918,3,10
595905,595914,595918,4,9
595905,595914,595918,4,9
595905,595915,595920,5,10
595905,595912,595920,8,7
595905,595915,595920,5,10
595905,595917,595921,4,12
595905,595915,595920,5,10
595905,595915,595921,6,10
595905,595915,595922,7,10
595905,595905,595923,18,0
595905,595905,595923,18,0
595905,595905,595918,13,0
595905,595905,595918,13,0
595905,595905,595928,23,0
595905,595905,595931,26,0
594456,594470,595993,1523,14
595995,595995,596000,5,0
595995,595995,596000,5,0
595995,595995,596000,5,0
595995,595995,596000,5,0
595995,595995,596001,6,0
595995,595995,596001,6,0
595995,595995,596000,5,0
595995,595995,596000,5,0
595995,595995,596001,6,0
595995,595995,596001,6,0
595995,595995,596002,7,0
595995,595995,596002,7,0
595995,595995,596003,8,0
595995,595995,596003,8,0
595995,595995,596003,8,0
595995,595995,596003,8,0
595995,596000,596003,3,5
595995,595995,596004,9,0
595995,596001,596004,3,6
595995,595995,596004,9,0
595995,596001,596004,3,6
595995,596000,596003,3,5
595995,596001,596004,3,6
595995,596000,596003,3,5
595995,596001,596003,2,6
595995,596003,596005,2,8
595995,596002,596005,3,7
595995,596004,596006,2,9
595995,596001,596005,4,6
595995,596003,596006,3,8
595995,596004,596006,2,9
595995,596002,596007,5,7
595995,596002,596006,4,7
595995,596001,596007,6,6
595995,596004,596007,3,9
595995,596004,596007,3,9
595995,595995,596008,13,0
595995,596006,596008,2,11
595995,596003,596008,5,8
595995,596003,596008,5,8
595995,596005,596007,2,10
595995,596004,596008,4,9
595995,596005,596008,3,10
595995,596006,596008,2,11
595995,596004,596008,4,9
595995,596003,596009,6,8
595995,596006,596008,2,11
595995,595995,596010,15,0
595995,596007,596010,3,12
595995,596008,596010,2,13
595995,596008,596010,2,13
595995,596006,596011,5,11
595995,596007,596011,4,12
595995,596007,596011,4,12
595995,595995,596010,15,0
595995,596004,596010,6,9
595995,596008,596010,2,13
595995,596008,596011,3,13
595995,596009,596011,2,14
595995,596009,596011,2,14
595995,595995,596008,13,0
595995,595995,596011,16,0
595995,596004,596012,8,9
595995,596007,596012,5,12
595995,596008,596012,4,13
595995,596009,596013,4,14
595995,596008,596013,5,13
595995,596008,596014,6,13
595995,595995,596032,37,0
595995,595995,596038,43,0
594552,594579,596054,1475,27
594518,594549,596068,1519,31
594548,594579,596073,1494,31
596069,596069,596074,5,0
596069,596069,596074,5,0
596069,596069,596074,5,0
596069,596069,596074,5,0
596069,596069,596075,6,0
596069,596069,596074,5,0
596069,596069,596074,5,0
596069,596069,596075,6,0
596069,596074,596076,2,5
596069,596069,596076,7,0
596069,596069,596076,7,0
596069,596069,596076,7,0
596069,596069,596076,7,0
596069,596069,596077,8,0
596069,596069,596076,7,0
596069,596069,596077,8,0
596069,596074,596076,2,5
596069,596075,596078,3,6
596069,596069,596077,8,0
596069,596073,596077,4,4
596069,596075,596078,3,6
596069,596075,596077,2,6
596069,596069,596079,10,0
596069,596069,596078,9,0
596069,596069,596078,9,0
596069,596069,596078,9,0
596069,596076,596078,2,7
596069,596075,596078,3,6
596069,596077,596079,2,8
596069,596077,596079,2,8
596069,596077,596080,3,8
596069,596076,596080,4,7
596069,596075,596080,5,6
596069,596077,596079,2,8
596069,596077,596079,2,8
596069,596069,596080,11,0
596069,596069,596080,11,0
596069,596077,596081,4,8
596069,596078,596081,3,9
596069,596079,596081,2,10
596069,596078,596080,2,9
596069,596078,596081,3,9
596069,596080,596082,2,11
596069,596080,596082,2,11
596069,596080,596082,2,11
596069,596080,596082,2,11
596069,596078,596082,4,9
596069,596079,596083,4,10
596069,596080,596082,2,11
596069,596080,596083,3,11
596069,596069,596084,15,0
596069,596077,596083,6,8
596069,596077,596083,6,8
596069,596079,596083,4,10
596069,596079,596084,5,10
596069,596079,596083,4,10
596069,596081,596084,3,12
596069,596081,596083,2,12
596069,596081,596084,3,12
596069,596069,596084,15,0
596069,596082,596084,2,13
596069,596082,596086,4,13
596069,596081,596085,4,12
596069,596081,596086,5,12
596069,596084,596087,3,15
596069,596082,596086,4,13
596069,596084,596087,3,15
596069,596085,596087,2,16
596069,596083,596087,4,14
596069,596083,596088,5,14
596069,596078,596088,10,9
596069,596080,596087,7,11
596069,596081,596087,6,12
596069,596084,596087,3,15
596069,596083,596088,5,14
596069,596086,596089,3,17
596069,596080,596089,9,11
596069,596084,596089,5,15
596069,596084,596089,5,15
596069,596087,596089,2,18
596069,596084,596089,5,15
596069,596087,596090,3,18
596069,596088,596091,3,19
596069,596088,596091,3,19
596069,596088,596091,3,19
596069,596083,596091,8,14
596069,596086,596090,4,17
596069,596087,596091,4,18
596069,596088,596091,3,19
596069,596088,596091,3,19
596069,596089,596091,2,20
596069,596089,596092,3,20
596069,596088,596092,4,19
596069,596083,596092,9,14
596069,596084,596093,9,15
596069,596091,596093,2,22
596069,596086,596093,7,17
596069,596090,596093,3,21
596069,596092,596094,2,23
596069,596084,596094,10,15
596069,596091,596094,3,22
596069,596091,596094,3,22
596069,596089,596093,4,20
596069,596089,596094,5,20
596069,596091,596094,3,22
596069,596091,596093,2,22
596069,596091,596094,3,22
596069,596089,596095,6,20
596069,596093,596095,2,24
596069,596091,596095,4,22
596069,596090,596094,4,21
596069,596092,596095,3,23
596069,596088,596095,7,19
596069,596091,596096,5,22
596069,596094,596096,2,25
596069,596094,596096,2,25
596069,596093,596096,3,24
596069,596088,596096,8,19
596069,596094,596097,3,25
596069,596094,596097,3,25
596069,596094,596097,3,25
596069,596094,596097,3,25
596069,596095,596097,2,26
596069,596095,596097,2,26
596069,596092,596098,6,23
596069,596093,596098,5,24
596069,596094,596098,4,25
596069,596096,596099,3,27
596069,596085,596099,14,16
596069,596094,596098,4,25
596069,596094,596099,5,25
596069,596095,596100,5,26
596069,596092,596101,9,23
596069,596095,596101,6,26
596074,596097,596102,5,23
596069,596084,596101,17,15
596074,596097,596102,5,23
596074,596097,596102,5,23
596074,596097,596103,6,23
596074,596099,596103,4,25
596074,596098,596104,6,24
596074,596098,596104,6,24
596074,596098,596104,6,24
596074,596098,596105,7,24
596074,596103,596105,2,29
596074,596102,596106,4,28
596074,596098,596106,8,24
596074,596098,596106,8,24
596074,596102,596106,4,28
596074,596104,596106,2,30
596074,596100,596106,6,26
596074,596105,596107,2,31
596074,596098,596107,9,24
596074,596104,596107,3,30
596074,596104,596106,2,30
596074,596106,596108,2,32
596074,596102,596108,6,28
596074,596102,596108,6,28
596074,596106,596109,3,32
596074,596106,596109,3,32
596069,596096,596109,13,27
596074,596105,596109,4,31
596074,596107,596109,2,33
596074,596107,596109,2,33
596074,596107,596109,2,33
596074,596107,596110,3,33
596074,596107,596109,2,33
596069,596069,596102,33,0
596074,596099,596110,11,25
596074,596107,596110,3,33
596074,596099,596111,12,25
596074,596107,596111,4,33
596074,596109,596111,2,35
596074,596110,596112,2,36
596074,596110,596112,2,36
596074,596110,596112,2,36
596074,596110,596113,3,36
596074,596109,596112,3,35
596074,596109,596113,4,35
596074,596106,596113,7,32
596074,596106,596113,7,32
596074,596111,596114,3,37
596074,596110,596114,4,36
596074,596110,596114,4,36
596074,596112,596114,2,38
596074,596109,596114,5,35
596069,596095,596114,19,26
596074,596101,596115,14,27
596074,596112,596114,2,38
596074,596113,596115,2,39
596074,596113,596115,2,39
596074,596111,596115,4,37
596074,596109,596116,7,35
596074,596113,596116,3,39
596074,596112,596116,4,38
596074,596112,596116,4,38
596074,596113,596116,3,39
596074,596114,596116,2,40
596074,596114,596117,3,40
596074,596115,596117,2,41
596074,596113,596117,4,39
596074,596114,596119,5,40
596074,596115,596119,4,41
596074,596097,596121,24,23
596074,596109,596121,12,35
596074,596114,596122,8,40
596074,596099,596127,28,25
596074,596111,596141,30,37
596069,596084,596145,61,15
596069,596069,596149,80,0
594690,594710,596210,1500,20
595181,595222,596214,992,41
596223,596223,596226,3,0
596223,596223,596227,4,0
596223,596223,596227,4,0
596223,596223,596228,5,0
596223,596223,596228,5,0
596223,596223,596228,5,0
596223,596223,596228,5,0
596223,596223,596228,5,0
596223,596223,596227,4,0
596223,596223,596227,4,0
596223,596226,596228,2,3
596223,596224,596228,4,1
596223,596228,596229,1,5
596223,596223,596230,7,0
596223,596223,596230,7,0
596223,596223,596230,7,0
596223,596223,596230,7,0
596223,596223,596230,7,0
596223,596223,596228,5,0
596223,596228,596231,3,5
596223,596229,596231,2,6
596223,596229,596231,2,6
596223,596229,596231,2,6
596223,596228,596231,3,5
596223,596229,596231,2,6
596223,596229,596231,2,6
596223,596229,596231,2,6
596223,596230,596232,2,7
596223,596223,596232,9,0
596223,596223,596232,9,0
596223,596229,596233,4,6
596223,596232,596234,2,9
596223,596232,596234,2,9
596223,596232,596234,2,9
596223,596232,596234,2,9
596223,596232,596234,2,9
596223,596232,596234,2,9
596223,596232,596234,2,9
596223,596232,596234,2,9
596223,596231,596235,4,8
596223,596223,596232,9,0
596223,596232,596236,4,9
596223,596223,596237,14,0
596223,596233,596237,4,10
596223,596223,596237,14,0
596223,596231,596237,6,8
596223,596231,596237,6,8
596223,596231,596237,6,8
596223,596231,596237,6,8
596223,596235,596237,2,12
596223,596235,596237,2,12
596223,596235,596237,2,12
596223,596235,596237,2,12
596223,596235,596237,2,12
596223,596235,596237,2,12
596223,596235,596237,2,12
596223,596235,596238,3,12
596223,596234,596238,4,11
596223,596231,596239,8,8
596224,596238,596240,2,14
596223,596238,596240,2,15
596223,596223,596240,17,0
596223,596223,596240,17,0
596223,596223,596240,17,0
596223,596223,596240,17,0
596223,596237,596240,3,14
596224,596238,596240,2,14
596224,596238,596240,2,14
596224,596238,596240,2,14
596224,596238,596240,2,14
596223,596235,596240,5,12
596224,596240,596242,2,16
596224,596238,596241,3,14
596224,596238,596242,4,14
596224,596238,596242,4,14
596224,596239,596243,4,15
596224,596241,596244,3,17
596224,596241,596244,3,17
596224,596241,596245,4,17
596223,596229,596241,12,6
596224,596240,596245,5,16
596223,596233,596243,10,10
596224,596241,596245,4,17
596224,596241,596245,4,17
596224,596242,596245,3,18
596223,596238,596246,8,15
596224,596242,596246,4,18
596224,596243,596246,3,19
596224,596243,596247,4,19
596224,596245,596247,2,21
596224,596241,596248,7,17
596224,596245,596248,3,21
596224,596246,596249,3,22
596224,596246,596249,3,22
596224,596244,596249,5,20
596224,596246,596249,3,22
596224,596244,596250,6,20
596224,596247,596249,2,23
596224,596247,596249,2,23
596224,596246,596249,3,22
596224,596241,596251,10,17
596224,596241,596251,10,17
596224,596238,596250,12,14
596223,596236,596247,11,13
596224,596248,596250,2,24
596224,596241,596251,10,17
596224,596246,596251,5,22
596224,596241,596251,10,17
596224,596241,596251,10,17
596224,596249,596252,3,25
596224,596249,596252,3,25
596224,596249,596252,3,25
596224,596246,596252,6,22
596224,596250,596253,3,26
596224,596250,596252,2,26
596224,596250,596252,2,26
596224,596249,596253,4,25
596224,596249,596253,4,25
596224,596252,596254,2,28
596224,596251,596254,3,27
596224,596249,596254,5,25
596224,596238,596254,16,14
596224,596250,596254,4,26
596224,596238,596254,16,14
596224,596238,596254,16,14
596224,596252,596255,3,28
596224,596252,596255,3,28
596224,596238,596255,17,14
596224,596253,596257,4,29
596224,596252,596258,6,28
596224,596252,596258,6,28
596224,596251,596261,10,27
596224,596252,596260,8,28
596224,596245,596258,13,21
596224,596246,596259,13,22
596224,596251,596264,13,27
596224,596251,596264,13,27
596224,596252,596264,12,28
596224,596253,596268,15,29
596224,596251,596270,19,27
595177,595189,596280,1091,12
596311,596311,596314,3,0
596311,596311,596313,2,0
596311,596311,596315,4,0
596311,596311,596314,3,0
596311,596311,596314,3,0
596311,596311,596315,4,0
596311,596311,596315,4,0
596311,596311,596315,4,0
596311,596311,596316,5,0
596311,596311,596317,6,0
596311,596311,596316,5,0
596311,596311,596316,5,0
596311,596311,596317,6,0
596311,596311,596317,6,0
596311,596311,596317,6,0
596311,596314,596317,3,3
596311,596314,596318,4,3
596311,596311,596319,8,0
596311,596316,596319,3,5
596311,596311,596319,8,0
596311,596311,596319,8,0
596311,596317,596320,3,6
596311,596317,596320,3,6
596311,596311,596321,10,0
596311,596311,596320,9,0
596311,596316,596321,5,5
596311,596318,596321,3,7
596311,596315,596321,6,4
596311,596318,596321,3,7
596311,596311,596321,10,0
596311,596319,596321,2,8
596311,596320,596322,2,9
596311,596318,596322,4,7
596311,596320,596323,3,9
596311,596311,596323,12,0
596311,596320,596322,2,9
596311,596315,596323,8,4
596311,596317,596324,7,6
596311,596321,596324,3,10
596311,596321,596324,3,10
596311,596322,596325,3,11
596311,596319,596325,6,8
596311,596322,596324,2,11
596311,596322,596325,3,11
596311,596316,596325,9,5
596311,596317,596326,9,6
596311,596323,596326,3,12
596311,596322,596326,4,11
596311,596323,596325,2,12
596311,596322,596326,4,11
596311,596318,596327,9,7
596311,596320,596324,4,9
596311,596315,596325,10,4
596311,596325,596327,2,14
596311,596311,596327,16,0
596311,596323,596327,4,12
596311,596318,596327,9,7
596311,596324,596327,3,13
596311,596324,596328,4,13
596311,596325,596327,2,14
596311,596325,596328,3,14
596311,596324,596328,4,13
596311,596324,596328,4,13
596311,596326,596329,3,15
596311,596321,596329,8,10
596311,596321,596325,4,10
595354,595367,596336,969,13
596311,596325,596337,12,14
596337,596337,596340,3,0
596337,596337,596341,4,0
596337,596337,596340,3,0
596337,596337,596341,4,0
596337,596337,596342,5,0
596337,596337,596341,4,0
596337,596337,596342,5,0
596337,596337,596342,5,0
596337,596337,596343,6,0
596337,596337,596343,6,0
596337,596337,596343,6,0
596337,596337,596343,6,0
596337,596337,596343,6,0
596337,596337,596343,6,0
596337,596337,596343,6,0
596337,596337,596343,6,0
596337,596340,596344,4,3
596337,596337,596344,7,0
596337,596337,596344,7,0
596337,596341,596345,4,4
596337,596341,596345,4,4
596337,596337,596345,8,0
596337,596337,596345,8,0
596311,596311,596346,35,0
596337,596344,596347,3,7
596337,596343,596346,3,6
596337,596343,596347,4,6
596337,596343,596347,4,6
596337,596344,596347,3,7
596337,596342,596346,4,5
596337,596344,596348,4,7
596337,596344,596348,4,7
596337,596342,596348,6,5
596337,596346,596348,2,9
596337,596342,596349,7,5
596337,596347,596349,2,10
596337,596347,596349,2,10
596337,596347,596349,2,10
596337,596347,596350,3,10
596337,596346,596350,4,9
596337,596347,596351,4,10
596337,596337,596352,15,0
596337,596348,596351,3,11
596337,596343,596352,9,6
596337,596350,596352,2,13
596337,596349,596352,3,12
596337,596348,596351,3,11
596337,596350,596352,2,13
596337,596350,596353,3,13
596337,596350,596352,2,13
596337,596350,596353,3,13
596337,596337,596347,10,0
596311,596311,596352,41,0
596337,596349,596353,4,12
596337,596344,596353,9,7
596337,596352,596354,2,15
596337,596351,596354,3,14
596337,596352,596354,2,15
596337,596343,596355,12,6
596337,596352,596354,2,15
596337,596352,596355,3,15
596337,596350,596356,6,13
596337,596345,596356,11,8
596337,596344,596356,12,7
596337,596352,596356,4,15
596337,596353,596356,3,16
596337,596347,596356,9,10
596337,596347,596356,9,10
596337,596347,596357,10,10
596337,596345,596358,13,8
596311,596322,596363,41,11
596337,596347,596370,23,10
596337,596352,596373,21,15
595442,595456,596486,1030,14
596488,596488,596490,2,0
596488,596488,596491,3,0
596488,596488,596492,4,0
596488,596488,596491,3,0
596488,596488,596492,4,0
596488,596488,596494,6,0
596488,596488,596493,5,0
596488,596488,596494,6,0
596488,596488,596493,5,0
596488,596488,596494,6,0
596488,596488,596494,6,0
596488,596488,596495,7,0
596488,596488,596494,6,0
596488,596488,596494,6,0
596488,596491,596495,4,3
596488,596488,596496,8,0
596488,596488,596495,7,0
596488,596488,596496,8,0
596488,596488,596496,8,0
596488,596493,596496,3,5
596488,596494,596497,3,6
596488,596488,596496,8,0
596488,596492,596496,4,4
596488,596494,596497,3,6
596488,596492,596497,5,4
596488,596495,596499,4,7
596488,596494,596498,4,6
596488,596495,596498,3,7
596488,596492,596498,6,4
596488,596495,596498,3,7
596488,596497,596500,3,9
596488,596497,596500,3,9
596488,596496,596500,4,8
596488,596498,596501,3,10
596488,596488,596500,12,0
596488,596497,596501,4,9
596488,596498,596500,2,10
596488,596494,596501,7,6
596488,596496,596502,6,8
596488,596499,596502,3,11
596488,596497,596501,4,9
596488,596499,596501,2,11
596488,596499,596502,3,11
596488,596499,596502,3,11
596488,596500,596502,2,12
596488,596500,596502,2,12
596488,596495,596503,8,7
596488,596499,596504,5,11
596488,596501,596504,3,13
596488,596502,596504,2,14
596488,596501,596504,3,13
596488,596501,596505,4,13
596488,596502,596504,2,14
596488,596495,596504,9,7
596488,596501,596505,4,13
596488,596501,596504,3,13
596488,596502,596505,3,14
596488,596488,596500,12,0
596488,596503,596505,2,15
596488,596503,596506,3,15
596488,596497,596506,9,9
596488,596502,596507,5,14
596488,596502,596506,4,14
596488,596495,596507,12,7
596488,596497,596509,12,9
596488,596488,596509,21,0
596488,596488,596510,22,0
596488,596502,596509,7,14
596488,596488,596512,24,0
596488,596488,596514,26,0
595503,595516,596548,1032,13
596550,596551,596553,2,1
596550,596551,596554,3,1
596550,596551,596554,3,1
596550,596551,596555,4,1
596550,596551,596556,5,1
596550,596551,596556,5,1
596550,596551,596557,6,1
596550,596551,596558,7,1
596550,596551,596557,6,1
596550,596551,596557,6,1
596550,596551,596557,6,1
596550,596551,596557,6,1
596550,596554,596557,3,4
596550,596551,596558,7,1
596550,596555,596559,4,5
596550,596551,596559,8,1
596550,596551,596559,8,1
596550,596555,596559,4,5
596550,596557,596560,3,7
596550,596557,596560,3,7
596550,596558,596561,3,8
596550,596558,596561,3,8
596550,596551,596555,4,1
596550,596558,596562,4,8
596550,596551,596561,10,1
596550,596551,596560,9,1
596550,596551,596562,11,1
596550,596551,596562,11,1
596550,596558,596562,4,8
596550,596559,596563,4,9
596550,596556,596563,7,6
596550,596560,596563,3,10
596550,596561,596563,2,11
596550,596561,596563,2,11
596550,596558,596563,5,8
596550,596560,596563,3,10
596550,596551,596564,13,1
596550,596551,596564,13,1
596550,596558,596564,6,8
596550,596562,596565,3,12
596550,596561,596564,3,11
596550,596562,596565,3,12
596550,596558,596566,8,8
596550,596563,596566,3,13
596550,596561,596566,5,11
596550,596559,596567,8,9
596550,596564,596566,2,14
596550,596564,596566,2,14
596550,596564,596566,2,14
596550,596551,596566,15,1
596550,596563,596567,4,13
596550,596565,596567,2,15
596550,596562,596567,5,12
596550,596560,596568,8,10
596550,596565,596567,2,15
596550,596551,596568,17,1
596550,596564,596569,5,14
596550,596564,596568,4,14
596550,596563,596568,5,13
596550,596564,596568,4,14
596550,596566,596568,2,16
596550,596564,596569,5,14
596550,596565,596569,4,15
596550,596563,596569,6,13
596550,596565,596570,5,15
596550,596567,596573,6,17
596550,596566,596572,6,16
596550,596551,596570,19,1
596550,596561,596571,10,11
596550,596564,596572,8,14
595096,595109,596594,1485,13
596604,596605,596608,3,1
596604,596605,596607,2,1
595641,595641,596608,967,0
596604,596605,596608,3,1
596604,596605,596608,3,1
596604,596605,596610,5,1
596604,596605,596609,4,1
596604,596605,596609,4,1
596604,596605,596610,5,1
596604,596605,596610,5,1
596604,596605,596610,5,1
596604,596605,596610,5,1
596604,596608,596611,3,4
596604,596605,596611,6,1
596604,596605,596611,6,1
596604,596605,596611,6,1
596604,596608,596611,3,4
596604,596608,596612,4,4
596604,596605,596612,7,1
596604,596610,596612,2,6
596604,596605,596612,7,1
596604,596605,596612,7,1
596604,596609,596612,3,5
596604,596605,596612,7,1
596604,596605,596613,8,1
596604,596605,596613,8,1
596604,596605,596613,8,1
596604,596611,596614,3,7
596604,596611,596615,4,7
596604,596612,596614,2,8
596604,596611,596614,3,7
596604,596612,596614,2,8
596604,596613,596615,2,9
596604,596611,596614,3,7
596604,596605,596615,10,1
596604,596613,596615,2,9
596604,596612,596615,3,8
596604,596613,596615,2,9
596604,596610,596616,6,6
596604,596613,596616,3,9
596604,596612,596616,4,8
596604,596614,596616,2,10
596604,596611,596617,6,7
596604,596615,596618,3,11
596604,596615,596617,2,11
596604,596615,596618,3,11
596604,596615,596618,3,11
596604,596616,596618,2,12
596604,596615,596618,3,11
596604,596616,596618,2,12
596604,596617,596619,2,13
596604,596612,596619,7,8
596604,596613,596620,7,9
596604,596617,596619,2,13
595531,595549,596620,1071,18
596604,596616,596619,3,12
596604,596615,596620,5,11
596604,596609,596620,11,5
596604,596610,596621,11,6
596604,596613,596620,7,9
596604,596618,596620,2,14
596604,596618,596621,3,14
596604,596617,596621,4,13
596604,596605,596618,13,1
596604,596618,596622,4,14
596604,596617,596622,5,13
596604,596614,596622,8,10
596604,596614,596623,9,10
596604,596614,596622,8,10
595611,595638,596623,985,27
596609,596620,596623,3,11
596609,596619,596623,4,10
596609,596621,596624,3,12
596609,596621,596625,4,12
596609,596620,596625,5,11
596609,596619,596625,6,10
596609,596620,596625,5,11
596609,596621,596625,4,12
596609,596619,596625,6,10
596609,596619,596625,6,10
596609,596623,596627,4,14
596609,596624,596627,3,15
596609,596623,596627,4,14
596609,596621,596628,7,12
596609,596623,596629,6,14
596609,596621,596628,7,12
596609,596621,596628,7,12
596609,596625,596629,4,16
596609,596624,596628,4,15
596609,596625,596628,3,16
596609,596625,596629,4,16
596609,596626,596629,3,17
596609,596625,596630,5,16
596609,596625,596629,4,16
596609,596626,596629,3,17
596609,596623,596630,7,14
596609,596620,596631,11,11
596609,596620,596630,10,11
596609,596627,596630,3,18
596609,596627,596631,4,18
596609,596620,596632,12,11
596609,596629,596632,3,20
596609,596629,596632,3,20
596609,596627,596632,5,18
596609,596630,596633,3,21
596609,596622,596633,11,13
596609,596629,596633,4,20
596609,596629,596632,3,20
596609,596630,596633,3,21
596609,596631,596633,2,22
596609,596630,596634,4,21
596609,596631,596634,3,22
596609,596632,596635,3,23
596609,596632,596635,3,23
596609,596623,596635,12,14
596609,596631,596635,4,22
596609,596631,596635,4,22
596609,596631,596636,5,22
596609,596623,596635,12,14
596609,596623,596636,13,14
596609,596632,596636,4,23
596609,596633,596636,3,24
596609,596633,596636,3,24
596609,596632,596637,5,23
596609,596634,596637,3,25
596609,596634,596637,3,25
596609,596633,596637,4,24
596609,596635,596638,3,26
596609,596635,596638,3,26
596609,596633,596637,4,24
596609,596629,596639,10,20
596609,596633,596639,6,24
596609,596628,596640,12,19
596609,596629,596639,10,20
596609,596629,596639,10,20
596609,596636,596640,4,27
596609,596630,596640,10,21
596609,596635,596639,4,26
596620,596638,596640,2,18
596620,596638,596641,3,18
596620,596638,596641,3,18
596620,596637,596642,5,17
596620,596636,596643,7,16
596620,596637,596643,6,17
596620,596638,596643,5,18
596620,596638,596644,6,18
596609,596635,596644,9,26
596620,596641,596644,3,21
596620,596636,596644,8,16
596620,596642,596645,3,22
596620,596640,596645,5,20
596620,596640,596645,5,20
596620,596641,596645,4,21
596620,596641,596645,4,21
596620,596643,596646,3,23
596620,596636,596647,11,16
596620,596640,596647,7,20
596620,596640,596648,8,20
596604,596605,596641,36,1
596604,596616,596647,31,12
596620,596645,596648,3,25
596620,596646,596648,2,26
596620,596644,596648,4,24
596620,596644,596648,4,24
596620,596645,596648,3,25
596620,596636,596649,13,16
596620,596645,596649,4,25
596620,596637,596650,13,17
596620,596646,596649,3,26
596620,596640,596649,9,20
596620,596647,596650,3,27
596620,596641,596650,9,21
596620,596645,596651,6,25
596620,596645,596651,6,25
596620,596636,596651,15,16
596620,596649,596651,2,29
596620,596644,596652,8,24
596620,596649,596652,3,29
596620,596649,596652,3,29
596620,596641,596652,11,21
596620,596649,596652,3,29
596620,596649,596652,3,29
596620,596650,596653,3,30
596620,596644,596652,8,24
596620,596651,596654,3,31
596620,596650,596654,4,30
596620,596652,596655,3,32
596620,596651,596655,4,31
596620,596650,596655,5,30
596620,596645,596655,10,25
596620,596653,596655,2,33
596620,596653,596655,2,33
596620,596651,596656,5,31
596620,596653,596656,3,33
596620,596653,596656,3,33
596620,596653,596656,3,33
596620,596649,596656,7,29
596620,596648,596656,8,28
596620,596654,596657,3,34
596620,596651,596656,5,31
596620,596652,596657,5,32
596620,596653,596657,4,33
596620,596655,596657,2,35
596620,596654,596657,3,34
596620,596650,596658,8,30
596620,596653,596659,6,33
596620,596648,596659,11,28
596620,596648,596657,9,28
596624,596657,596659,2,33
596620,596652,596660,8,32
596624,596656,596660,4,32
596624,596658,596661,3,34
596624,596658,596662,4,34
596624,596656,596661,5,32
596624,596656,596662,6,32
596624,596657,596662,5,33
596624,596658,596661,3,34
596624,596658,596661,3,34
596624,596656,596663,7,32
596624,596656,596662,6,32
596624,596656,596663,7,32
596624,596656,596664,8,32
596624,596660,596664,4,36
596624,596662,596665,3,38
596624,596661,596665,4,37
596624,596661,596665,4,37
596624,596656,596665,9,32
596624,596662,596666,4,38
596624,596662,596665,3,38
596624,596655,596666,11,31
596624,596661,596666,5,37
596624,596664,596667,3,40
596624,596663,596667,4,39
596624,596663,596668,5,39
596624,596662,596668,6,38
596624,596658,596668,10,34
596624,596662,596668,6,38
596624,596665,596668,3,41
596624,596665,596668,3,41
596624,596662,596669,7,38
596624,596666,596670,4,42
596624,596665,596670,5,41
596624,596665,596669,4,41
596620,596649,596667,18,29
596624,596668,596671,3,44
596624,596664,596671,7,40
596604,596605,596672,67,1
596609,596622,596671,49,13
596624,596660,596667,7,36
596624,596669,596672,3,45
596624,596669,596672,3,45
596624,596668,596671,3,44
596624,596668,596671,3,44
596624,596667,596672,5,43
596624,596668,596672,4,44
596624,596659,596672,13,35
596624,596659,596672,13,35
596624,596668,596672,4,44
596624,596656,596673,17,32
596624,596670,596673,3,46
596624,596670,596673,3,46
596624,596666,596673,7,42
596624,596671,596673,2,47
596624,596670,596674,4,46
596624,596669,596674,5,45
596624,596672,596675,3,48
596624,596672,596675,3,48
596624,596672,596675,3,48
596624,596672,596675,3,48
596624,596665,596675,10,41
596624,596670,596676,6,46
596624,596672,596676,4,48
596624,596672,596676,4,48
596624,596671,596676,5,47
596624,596667,596678,11,43
596624,596673,596680,7,49
596624,596673,596680,7,49
596624,596672,596680,8,48
596624,596671,596675,4,47
595180,595205,596686,1481,25
596624,596673,596690,17,49
596620,596649,596693,44,29
596624,596672,596695,23,48
596624,596672,596695,23,48
595765,595776,596726,950,11
596727,596727,596730,3,0
596727,596727,596729,2,0
596727,596727,596729,2,0
596727,596727,596731,4,0
596727,596727,596731,4,0
596727,596727,596731,4,0
596727,596727,596732,5,0
596727,596727,596732,5,0
596727,596727,596732,5,0
596727,596727,596732,5,0
596727,596727,596733,6,0
596727,596727,596733,6,0
596727,596727,596733,6,0
596727,596730,596733,3,3
596727,596730,596734,4,3
596727,596730,596734,4,3
596727,596727,596734,7,0
596727,596727,596734,7,0
596727,596727,596734,7,0
596727,596727,596734,7,0
596727,596727,596734,7,0
596727,596727,596734,7,0
596727,596733,596737,4,6
596727,596734,596736,2,7
596727,596727,596737,10,0
596727,596733,596736,3,6
596727,596734,596737,3,7
596727,596732,596737,5,5
596727,596734,596737,3,7
596727,596731,596737,6,4
596727,596731,596737,6,4
596727,596735,596738,3,8
596727,596734,596737,3,7
596727,596734,596737,3,7
596727,596733,596738,5,6
596727,596737,596739,2,10
596727,596735,596739,4,8
596727,596735,596738,3,8
596727,596737,596739,2,10
596727,596735,596739,4,8
596727,596737,596740,3,10
596727,596733,596739,6,6
596727,596733,596740,7,6
596727,596737,596740,3,10
596727,596738,596741,3,11
596727,596737,596740,3,10
596727,596738,596741,3,11
596727,596738,596741,3,11
596727,596739,596741,2,12
596727,596734,596741,7,7
596727,596737,596741,4,10
596727,596739,596741,2,12
596727,596739,596741,2,12
596727,596738,596743,5,11
596727,596735,596743,8,8
596727,596740,596743,3,13
596727,596733,596742,9,6
596727,596738,596743,5,11
596727,596740,596743,3,13
596727,596738,596744,6,11
596727,596741,596743,2,14
596727,596740,596745,5,13
596727,596743,596745,2,16
596727,596741,596746,5,14
596727,596735,596746,11,8
596727,596737,596746,9,10
596727,596741,596747,6,14
596727,596741,596747,6,14
596727,596727,596747,20,0
596727,596743,596747,4,16
596727,596740,596748,8,13
596727,596742,596748,6,15
596727,596742,596747,5,15
596727,596741,596748,7,14
596727,596727,596749,22,0
596727,596742,596748,6,15
596727,596746,596749,3,19
596727,596744,596749,5,17
596727,596742,596748,6,15
596727,596743,596749,6,16
596727,596743,596750,7,16
596727,596743,596750,7,16
596727,596746,596750,4,19
596727,596743,596749,6,16
596727,596741,596751,10,14
596727,596745,596751,6,18
596727,596747,596751,4,20
596727,596748,596752,4,21
596727,596747,596752,5,20
596727,596748,596752,4,21
596727,596749,596752,3,22
596727,596748,596753,5,21
596727,596750,596753,3,23
596727,596727,596753,26,0
596727,596749,596753,4,22
596727,596749,596754,5,22
596727,596748,596755,7,21
596727,596748,596755,7,21
596727,596750,596755,5,23
596727,596749,596754,5,22
596727,596752,596755,3,25
596727,596751,596754,3,24
596727,596752,596755,3,25
596727,596752,596755,3,25
596727,596744,596755,11,17
596727,596747,596755,8,20
596727,596753,596755,2,26
596727,596754,596756,2,27
596727,596749,596756,7,22
596727,596753,596756,3,26
596727,596750,596756,6,23
596727,596753,596756,3,26
596727,596751,596757,6,24
596727,596751,596756,5,24
596727,596755,596757,2,28
596727,596727,596757,30,0
596727,596756,596758,2,29
596727,596756,596758,2,29
596727,596755,596758,3,28
596727,596755,596758,3,28
596727,596756,596758,2,29
596727,596756,596758,2,29
596727,596756,596758,2,29
596727,596750,596759,9,23
596727,596756,596759,3,29
596727,596756,596759,3,29
596727,596756,596759,3,29
596727,596755,596759,4,28
596727,596755,596760,5,28
596727,596756,596760,4,29
596727,596747,596759,12,20
596727,596755,596759,4,28
596727,596742,596760,18,15
596727,596756,596761,5,29
596727,596757,596762,5,30
596727,596756,596762,6,29
596727,596757,596763,6,30
596727,596748,596761,13,21
596727,596754,596790,36,27
596727,596749,596795,46,22
595906,595915,596871,956,9
596872,596872,596876,4,0
596872,596872,596876,4,0
596872,596872,596875,3,0
596872,596872,596876,4,0
596872,596872,596877,5,0
596872,596872,596877,5,0
596872,596872,596877,5,0
596872,596872,596876,4,0
596872,596872,596878,6,0
596872,596872,596878,6,0
596872,596872,596877,5,0
596872,596872,596878,6,0
596872,596872,596878,6,0
596872,596872,596878,6,0
596872,596872,596879,7,0
596872,596872,596878,6,0
596872,596876,596880,4,4
596872,596877,596880,3,5
596872,596876,596880,4,4
596872,596877,596880,3,5
596872,596872,596879,7,0
596872,596872,596880,8,0
596872,596872,596881,9,0
596872,596876,596881,5,4
596872,596878,596881,3,6
596872,596872,596882,10,0
596872,596879,596882,3,7
596872,596878,596882,4,6
596872,596878,596883,5,6
596872,596872,596883,11,0
596872,596879,596883,4,7
596872,596881,596883,2,9
596872,596881,596883,2,9
596872,596877,596883,6,5
596872,596881,596883,2,9
596872,596878,596884,6,6
596872,596876,596884,8,4
596872,596882,596884,2,10
596872,596882,596884,2,10
596872,596880,596884,4,8
596872,596881,596885,4,9
596872,596883,596885,2,11
596872,596884,596886,2,12
596872,596884,596886,2,12
596872,596878,596885,7,6
596872,596884,596886,2,12
596872,596884,596886,2,12
596872,596884,596886,2,12
596872,596885,596887,2,13
596872,596878,596886,8,6
596872,596885,596887,2,13
596872,596885,596887,2,13
596872,596886,596888,2,14
596872,596886,596888,2,14
596872,596883,596888,5,11
596872,596883,596888,5,11
596872,596881,596888,7,9
596872,596882,596888,6,10
596872,596886,596888,2,14
596872,596872,596888,16,0
596872,596872,596888,16,0
596872,596884,596889,5,12
596872,596885,596888,3,13
596872,596872,596889,17,0
596872,596883,596889,6,11
596872,596881,596889,8,9
596872,596877,596890,13,5
596872,596886,596891,5,14
596872,596886,596891,5,14
596872,596872,596896,24,0
595518,595534,597026,1492,16
597028,597028,597032,4,0
597028,597028,597031,3,0
597028,597028,597033,5,0
597028,597028,597033,5,0
597028,597028,597034,6,0
597028,597028,597034,6,0
597028,597028,597034,6,0
597028,597028,597034,6,0
597028,597028,597035,7,0
597028,597028,597035,7,0
597028,597028,597035,7,0
597028,597028,597035,7,0
597028,597028,597035,7,0
597028,597028,597036,8,0
597028,597028,597036,8,0
597028,597028,597035,7,0
597028,597028,597036,8,0
597028,597032,597036,4,4
597028,597028,597037,9,0
597028,597028,597037,9,0
597028,597028,597037,9,0
597028,597034,597037,3,6
597028,597028,597037,9,0
597028,597033,597037,4,5
597028,597028,597038,10,0
597028,597033,597038,5,5
597028,597034,597038,4,6
597028,597035,597038,3,7
597028,597035,597039,4,7
597028,597035,597039,4,7
597028,597028,597039,11,0
597028,597035,597040,5,7
597028,597028,597037,9,0
597028,597037,597041,4,9
597028,597036,597041,5,8
597028,597037,597041,4,9
597028,597038,597041,3,10
597028,597039,597041,2,11
597028,597038,597041,3,10
597028,597039,597041,2,11
597028,597034,597042,8,6
597028,597035,597041,6,7
597028,597034,597042,8,6
597028,597036,597042,6,8
597028,597039,597042,3,11
597028,597039,597043,4,11
597028,597036,597044,8,8
597028,597037,597044,7,9
597028,597037,597044,7,9
597028,597042,597044,2,14
597028,597042,597044,2,14
597028,597042,597044,2,14
597028,597041,597044,3,13
597028,597042,597044,2,14
597028,597042,597045,3,14
597028,597041,597045,4,13
597028,597043,597045,2,15
597028,597035,597045,10,7
597028,597041,597045,4,13
597028,597028,597046,18,0
597028,597037,597046,9,9
597028,597038,597046,8,10
597028,597042,597047,5,14
597028,597042,597047,5,14
597028,597042,597047,5,14
597028,597042,597050,8,14
596073,596097,597052,955,24
597055,597055,597059,4,0
597055,597055,597058,3,0
597055,597055,597060,5,0
597055,597055,597059,4,0
597055,597055,597060,5,0
597055,597055,597060,5,0
597055,597055,597060,5,0
597055,597055,597061,6,0
597055,597055,597062,7,0
597055,597059,597062,3,4
597055,597055,597062,7,0
597055,597055,597062,7,0
597055,597055,597062,7,0
597028,597041,597064,23,13
597055,597055,597063,8,0
597055,597059,597064,5,4
597028,597037,597064,27,9
597055,597060,597065,5,5
597055,597055,597064,9,0
597055,597055,597064,9,0
597055,597062,597065,3,7
597055,597055,597066,11,0
597055,597061,597065,4,6
597055,597062,597065,3,7
597055,597060,597066,6,5
597055,597063,597066,3,8
597055,597064,597067,3,9
597055,597055,597064,9,0
597055,597055,597068,13,0
597055,597061,597067,6,6
597055,597063,597067,4,8
597055,597064,597067,3,9
597055,597065,597067,2,10
597055,597064,597068,4,9
597055,597065,597068,3,10
597055,597065,597069,4,10
597055,597066,597069,3,11
597055,597066,597068,2,11
597055,597062,597068,6,7
597028,597036,597069,33,8
597028,597040,597069,29,12
597055,597055,597070,15,0
597055,597066,597069,3,11
597055,597063,597070,7,8
597055,597067,597069,2,12
597055,597068,597070,2,13
597055,597066,597070,4,11
597055,597065,597071,6,10
597055,597067,597070,3,12
597055,597068,597071,3,13
597055,597069,597071,2,14
597055,597069,597072,3,14
597055,597068,597072,4,13
597055,597069,597072,3,14
597055,597061,597072,11,6
597055,597070,597072,2,15
597055,597069,597072,3,14
597055,597069,597072,3,14
597055,597070,597072,2,15
597055,597070,597072,2,15
597055,597055,597071,16,0
597055,597068,597072,4,13
597055,597069,597074,5,14
597055,597067,597071,4,12
597055,597068,597075,7,13
597055,597070,597074,4,15
597055,597071,597075,4,16
597055,597071,597077,6,16
597055,597071,597079,8,16
597055,597055,597083,28,0
597055,597070,597084,14,15
597055,597065,597092,27,10
597055,597070,597092,22,15
597055,597070,597093,23,15
596225,596253,597221,968,28
595677,595689,597223,1534,12
597223,597223,597227,4,0
597223,597223,597227,4,0
597223,597223,597227,4,0
596226,596253,597227,974,27
597223,597223,597227,4,0
597223,597223,597227,4,0
597223,597223,597227,4,0
597223,597223,597228,5,0
597223,597223,597228,5,0
597223,597223,597228,5,0
597223,597223,597229,6,0
597223,597223,597229,6,0
597223,597223,597229,6,0
597223,597223,597230,7,0
597223,597223,597230,7,0
597223,597228,597231,3,5
597223,597228,597231,3,5
597223,597228,597230,2,5
597223,597228,597231,3,5
597223,597229,597232,3,6
597223,597228,597231,3,5
597223,597228,597231,3,5
597223,597229,597231,2,6
597223,597228,597231,3,5
597223,597223,597231,8,0
597223,597223,597232,9,0
597223,597223,597232,9,0
597223,597231,597233,2,8
597223,597231,597233,2,8
597223,597223,597233,10,0
597223,597223,597234,11,0
597223,597231,597233,2,8
597223,597229,597234,5,6
597223,597223,597231,8,0
597223,597232,597234,2,9
597223,597232,597234,2,9
597223,597232,597234,2,9
597223,597232,597234,2,9
597223,597233,597235,2,10
597223,597230,597235,5,7
597223,597230,597234,4,7
597223,597232,597235,3,9
597223,597223,597235,12,0
597223,597232,597235,3,9
597223,597223,597235,12,0
597223,597232,597235,3,9
597223,597231,597235,4,8
597223,597233,597235,2,10
597223,597223,597237,14,0
597223,597223,597236,13,0
597223,597235,597237,2,12
597223,597234,597237,3,11
597223,597234,597236,2,11
597223,597235,597237,2,12
597223,597231,597238,7,8
597223,597233,597237,4,10
597223,597235,597237,2,12
597223,597235,597237,2,12
597223,597235,597237,2,12
597223,597235,597237,2,12
597223,597235,597238,3,12
597223,597236,597238,2,13
597223,597235,597239,4,12
597223,597223,597240,17,0
597223,597236,597239,3,13
597223,597233,597239,6,10
597223,597235,597239,4,12
597223,597234,597240,6,11
597223,597234,597240,6,11
597224,597238,597241,3,14
597224,597238,597241,3,14
597224,597236,597241,5,12
597224,597237,597241,4,13
597223,597230,597239,9,7
597223,597223,597242,19,0
597224,597238,597242,4,14
597224,597237,597241,4,13
597224,597238,597241,3,14
597224,597238,597243,5,14
597224,597237,597244,7,13
597224,597241,597244,3,17
597224,597239,597244,5,15
597224,597238,597245,7,14
597224,597237,597244,7,13
597224,597239,597245,6,15
597224,597240,597245,5,16
597224,597241,597245,4,17
597224,597242,597245,3,18
597224,597242,597246,4,18
597224,597242,597245,3,18
597224,597241,597246,5,17
597224,597240,597247,7,16
597224,597241,597247,6,17
597224,597241,597247,6,17
597224,597246,597248,2,22
597224,597246,597248,2,22
597224,597241,597249,8,17
597224,597244,597249,5,20
597224,597247,597249,2,23
597224,597236,597249,13,12
597224,597245,597250,5,21
597224,597245,597250,5,21
597224,597236,597250,14,12
597224,597246,597250,4,22
597224,597245,597251,6,21
597224,597242,597248,6,18
597224,597249,597251,2,25
597224,597249,597251,2,25
597224,597250,597252,2,26
597224,597243,597252,9,19
597224,597245,597252,7,21
597224,597250,597252,2,26
597224,597252,597254,2,28
597224,597252,597254,2,28
597224,597251,597254,3,27
597224,597252,597254,2,28
597224,597253,597255,2,29
597224,597247,597255,8,23
597224,597251,597255,4,27
597224,597250,597255,5,26
597224,597254,597256,2,30
597224,597252,597255,3,28
597224,597251,597255,4,27
597224,597237,597257,20,13
597224,597247,597257,10,23
597224,597249,597257,8,25
597224,597254,597256,2,30
597224,597254,597257,3,30
597224,597245,597256,11,21
597224,597250,597257,7,26
597224,597252,597257,5,28
597224,597239,597258,19,15
597229,597255,597260,5,26
597229,597256,597260,4,27
597229,597255,597260,5,26
597229,597257,597261,4,28
597224,597244,597261,17,20
597224,597252,597261,9,28
597229,597257,597262,5,28
597229,597257,597262,5,28
597229,597260,597263,3,31
597229,597260,597263,3,31
597229,597257,597264,7,28
597224,597248,597264,16,24
597224,597248,597263,15,24
597224,597251,597265,14,27
597229,597255,597265,10,26
597229,597261,597265,4,32
597229,597261,597264,3,32
597229,597258,597265,7,29
597229,597262,597265,3,33
597229,597263,597266,3,34
597229,597257,597266,9,28
597229,597255,597266,11,26
597229,597263,597267,4,34
597229,597261,597267,6,32
597229,597257,597267,10,28
597229,597257,597267,10,28
597224,597242,597267,25,18
597229,597257,597268,11,28
597229,597257,597268,11,28
597229,597263,597267,4,34
597229,597264,597268,4,35
597229,597264,597268,4,35
597229,597262,597268,6,33
597229,597266,597269,3,37
597229,597265,597268,3,36
597229,597266,597269,3,37
597224,597240,597270,30,16
597229,597265,597269,4,36
597229,597267,597270,3,38
597229,597267,597270,3,38
597229,597257,597268,11,28
597229,597269,597271,2,40
597229,597269,597271,2,40
597229,597267,597271,4,38
597229,597268,597272,4,39
597229,597269,597272,3,40
597229,597269,597272,3,40
597229,597269,597271,2,40
597229,597268,597272,4,39
597229,597266,597271,5,37
597229,597264,597273,9,35
597229,597270,597273,3,41
597229,597271,597273,2,42
597229,597266,597274,8,37
597229,597269,597273,4,40
597229,597270,597273,3,41
597229,597265,597274,9,36
597229,597272,597274,2,43
597229,597272,597274,2,43
597224,597237,597275,38,13
597229,597268,597275,7,39
597229,597268,597274,6,39
597229,597272,597275,3,43
597229,597273,597275,2,44
597229,597273,597275,2,44
597229,597274,597275,1,45
597229,597272,597275,3,43
597229,597272,597276,4,43
597224,597240,597275,35,16
597229,597274,597276,2,45
597229,597269,597277,8,40
597229,597273,597277,4,44
597229,597271,597275,4,42
597229,597270,597278,8,41
597229,597273,597277,4,44
597229,597267,597277,10,38
597229,597265,597278,13,36
597229,597273,597279,6,44
597229,597274,597280,6,45
595844,595856,597324,1468,12
596338,596353,597326,973,15
597331,597332,597336,4,1
597331,597332,597336,4,1
597331,597332,597336,4,1
597331,597332,597336,4,1
597331,597332,597337,5,1
597331,597332,597337,5,1
597331,597332,597337,5,1
597331,597332,597337,5,1
597331,597332,597338,6,1
597331,597332,597338,6,1
597331,597332,597338,6,1
597331,597332,597338,6,1
597331,597332,597338,6,1
597331,597332,597338,6,1
597331,597332,597338,6,1
597331,597332,597340,8,1
597331,597337,597340,3,6
597331,597332,597340,8,1
597331,597332,597340,8,1
597331,597337,597340,3,6
597331,597338,597341,3,7
597331,597332,597341,9,1
597331,597339,597342,3,8
597331,597339,597342,3,8
597331,597332,597343,11,1
597331,597338,597342,4,7
597331,597339,597343,4,8
597331,597340,597342,2,9
597331,597338,597343,5,7
597331,597338,597343,5,7
597331,597338,597343,5,7
597331,597341,597343,2,10
597331,597339,597343,4,8
597331,597341,597343,2,10
597331,597342,597345,3,11
597331,597343,597345,2,12
597331,597342,597344,2,11
597331,597332,597345,13,1
597331,597337,597345,8,6
597331,597339,597345,6,8
597331,597332,597345,13,1
597331,597339,597345,6,8
597331,597337,597345,8,6
597331,597344,597346,2,13
597331,597343,597345,2,12
597331,597343,597346,3,12
597331,597332,597346,14,1
597331,597343,597347,4,12
597331,597344,597346,2,13
597331,597344,597346,2,13
597331,597332,597346,14,1
597331,597341,597347,6,10
597331,597344,597346,2,13
597331,597345,597347,2,14
597331,597343,597347,4,12
597331,597344,597348,4,13
597331,597345,597347,2,14
597331,597345,597348,3,14
597331,597346,597348,2,15
597331,597340,597348,8,9
597331,597346,597349,3,15
597331,597346,597349,3,15
597331,597346,597349,3,15
597332,597346,597349,3,14
597332,597348,597351,3,16
597332,597347,597351,4,15
597332,597346,597351,5,14
597332,597347,597351,4,15
597331,597346,597353,7,15
597331,597346,597352,6,15
597332,597347,597352,5,15
597332,597348,597353,5,16
597332,597348,597352,4,16
597332,597347,597353,6,15
597332,597350,597353,3,18
597331,597346,597351,5,15
597331,597342,597354,12,11
597332,597351,597355,4,19
597332,597351,597355,4,19
597332,597352,597355,3,20
597332,597352,597355,3,20
597332,597353,597356,3,21
597332,597353,597356,3,21
597332,597353,597356,3,21
597332,597353,597356,3,21
597332,597353,597356,3,21
597332,597347,597356,9,15
597332,597347,597356,9,15
597332,597348,597357,9,16
597332,597348,597357,9,16
597332,597347,597357,10,15
597332,597350,597358,8,18
597332,597350,597358,8,18
597332,597353,597358,5,21
597332,597355,597358,3,23
597332,597355,597358,3,23
597332,597353,597358,5,21
597332,597356,597358,2,24
597332,597356,597358,2,24
597332,597356,597358,2,24
597332,597356,597358,2,24
597332,597356,597358,2,24
597332,597356,597359,3,24
597332,597356,597359,3,24
597332,597349,597359,10,17
597332,597350,597360,10,18
597332,597359,597361,2,27
597332,597357,597361,4,25
597332,597357,597361,4,25
597332,597347,597359,12,15
597332,597353,597361,8,21
597332,597358,597360,2,26
597332,597359,597361,2,27
597332,597358,597361,3,26
597332,597359,597361,2,27
597332,597359,597361,2,27
597332,597359,597362,3,27
597332,597359,597362,3,27
597332,597360,597362,2,28
597332,597361,597363,2,29
597332,597358,597363,5,26
597332,597358,597362,4,26
597332,597359,597363,4,27
597332,597357,597364,7,25
597332,597360,597364,4,28
597332,597361,597364,3,29
597332,597361,597364,3,29
597332,597361,597364,3,29
597331,597341,597364,23,10
597332,597358,597364,6,26
597332,597361,597365,4,29
597332,597361,597365,4,29
597332,597357,597365,8,25
597332,597361,597366,5,29
597331,597332,597366,34,1
597332,597361,597367,6,29
597331,597332,597367,35,1
597332,597355,597367,12,23
597332,597361,597368,7,29
597332,597358,597378,20,26
595996,596009,597487,1478,13
597489,597489,597492,3,0
597489,597489,597492,3,0
597489,597489,597493,4,0
597489,597489,597495,6,0
597489,597489,597494,5,0
597489,597489,597494,5,0
597489,597489,597495,6,0
597489,597489,597496,7,0
597489,597489,597497,8,0
597489,597493,597496,3,4
597489,597489,597496,7,0
597489,597489,597497,8,0
597489,597489,597497,8,0
597489,597495,597498,3,6
597489,597489,597499,10,0
597489,597489,597499,10,0
597489,597493,597498,5,4
597489,597489,597498,9,0
597489,597495,597499,4,6
597489,597496,597499,3,7
597489,597497,597499,2,8
597489,597494,597500,6,5
597489,597497,597500,3,8
597489,597498,597500,2,9
597489,597489,597501,12,0
597489,597489,597501,12,0
597489,597489,597501,12,0
597489,597499,597501,2,10
597489,597500,597502,2,11
597489,597500,597502,2,11
597489,597489,597502,13,0
597489,597500,597502,2,11
597489,597497,597502,5,8
597489,597501,597503,2,12
597489,597501,597504,3,12
597489,597489,597503,14,0
597489,597495,597503,8,6
597489,597497,597503,6,8
597489,597499,597503,4,10
597489,597502,597504,2,13
597489,597489,597500,11,0
597489,597489,597503,14,0
597489,597498,597504,6,9
597489,597498,597505,7,9
597489,597502,597504,2,13
597489,597503,597505,2,14
596489,596503,597505,1002,14
597489,597489,597505,16,0
597489,597503,597505,2,14
597489,597489,597506,17,0
597489,597501,597505,4,12
597489,597503,597505,2,14
597489,597504,597506,2,15
597489,597499,597507,8,10
597489,597503,597507,4,14
597489,597504,597506,2,15
597489,597505,597507,2,16
597489,597489,597506,17,0
597489,597499,597507,8,10
597489,597504,597507,3,15
597489,597505,597508,3,16
597489,597502,597508,6,13
597489,597505,597509,4,16
597489,597502,597509,7,13
597489,597504,597510,6,15
597489,597504,597510,6,15
597506,597506,597510,4,0
597506,597506,597510,4,0
597506,597506,597510,4,0
597489,597505,597510,5,16
597506,597506,597510,4,0
597489,597504,597510,6,15
597506,597506,597511,5,0
597489,597503,597510,7,14
597489,597505,597512,7,16
597506,597507,597512,5,1
597506,597507,597513,6,1
597506,597510,597513,3,4
597506,597510,597514,4,4
597506,597510,597513,3,4
597506,597506,597514,8,0
597506,597511,597514,3,5
597506,597507,597514,7,1
597506,597508,597515,7,2
597506,597511,597515,4,5
597506,597514,597516,2,8
597506,597514,597516,2,8
597506,597511,597517,6,5
597506,597513,597516,3,7
597506,597514,597517,3,8
597506,597509,597517,8,3
597506,597514,597517,3,8
597506,597514,597517,3,8
597506,597509,597517,8,3
597506,597510,597518,8,4
597506,597510,597517,7,4
597506,597510,597518,8,4
597506,597516,597518,2,10
597506,597517,597519,2,11
597506,597517,597519,2,11
597506,597518,597519,1,12
597506,597514,597519,5,8
597506,597518,597520,2,12
597506,597517,597519,2,11
597506,597509,597517,8,3
597489,597502,597520,18,13
597506,597507,597520,13,1
597506,597517,597521,4,11
597506,597520,597521,1,14
597506,597519,597521,2,13
597506,597520,597522,2,14
597506,597515,597522,7,9
597506,597518,597522,4,12
597506,597518,597522,4,12
597506,597520,597522,2,14
597506,597522,597523,1,16
597506,597517,597523,6,11
597506,597519,597523,4,13
597506,597522,597524,2,16
597506,597520,597524,4,14
597506,597521,597524,3,15
597506,597523,597525,2,17
597506,597519,597524,5,13
597506,597520,597524,4,14
597506,597522,597524,2,16
597506,597517,597524,7,11
597506,597520,597526,6,14
597506,597522,597525,3,16
597506,597513,597525,12,7
597506,597511,597526,15,5
597506,597524,597526,2,18
597506,597518,597527,9,12
597506,597522,597527,5,16
597506,597522,597527,5,16
597506,597515,597529,14,9
597506,597521,597529,8,15
597506,597508,597532,24,2
597506,597509,597534,25,3
597506,597506,597549,43,0
597506,597520,597563,43,14
597506,597507,597570,63,1
596070,596096,597577,1481,26
596075,596115,597594,1479,40
597597,597597,597600,3,0
597597,597597,597601,4,0
597597,597597,597601,4,0
597597,597597,597601,4,0
597597,597597,597602,5,0
597597,597597,597602,5,0
597597,597597,597603,6,0
597597,597597,597604,7,0
597597,597597,597604,7,0
597597,597602,597605,3,5
597597,597602,597605,3,5
597597,597604,597607,3,7
597597,597597,597606,9,0
597597,597597,597606,9,0
597597,597602,597606,4,5
597597,597597,597607,10,0
597597,597597,597606,9,0
597597,597602,597606,4,5
596606,596618,597607,989,12
597597,597601,597607,6,4
597597,597605,597608,3,8
597597,597597,597608,11,0
597597,597603,597608,5,6
597597,597605,597608,3,8
597597,597607,597610,3,10
597597,597604,597609,5,7
597597,597607,597610,3,10
597597,597597,597607,10,0
597597,597607,597610,3,10
597597,597607,597610,3,10
597597,597607,597609,2,10
597597,597597,597611,14,0
597597,597608,597611,3,11
597597,597597,597612,15,0
597597,597607,597611,4,10
597597,597610,597612,2,13
597597,597609,597612,3,12
597597,597607,597612,5,10
597597,597605,597612,7,8
597597,597597,597613,16,0
597597,597610,597613,3,13
597597,597610,597613,3,13
597597,597610,597613,3,13
597597,597610,597613,3,13
597597,597610,597614,4,13
597597,597611,597614,3,14
597597,597597,597615,18,0
597597,597597,597615,18,0
597597,597607,597615,8,10
597597,597612,597615,3,15
597597,597609,597615,6,12
597597,597613,597615,2,16
597597,597612,597615,3,15
597597,597610,597614,4,13
597597,597607,597615,8,10
597597,597612,597616,4,15
596613,596636,597616,980,23
597597,597609,597616,7,12
597597,597612,597616,4,15
597597,597614,597616,2,17
597597,597613,597616,3,16
597597,597613,597616,3,16
597597,597597,597617,20,0
597597,597597,597616,19,0
597597,597613,597617,4,16
597597,597613,597617,4,16
597599,597614,597618,4,15
597599,597615,597619,4,16
597599,597615,597619,4,16
597599,597616,597620,4,17
597597,597613,597621,8,16
597599,597616,597620,4,17
597599,597615,597621,6,16
597599,597616,597621,5,17
597599,597616,597621,5,17
597599,597615,597621,6,16
597599,597617,597623,6,18
597599,597618,597623,5,19
597599,597617,597624,7,18
597599,597620,597624,4,21
597599,597620,597625,5,21
597599,597621,597625,4,22
597599,597622,597625,3,23
597599,597621,597625,4,22
597599,597622,597625,3,23
597597,597597,597626,29,0
597597,597597,597626,29,0
597599,597616,597626,10,17
597599,597621,597627,6,22
597599,597621,597627,6,22
597599,597616,597627,11,17
597599,597624,597627,3,25
597599,597623,597628,5,24
597599,597618,597628,10,19
597599,597625,597628,3,26
597599,597625,597628,3,26
597599,597626,597628,2,27
597599,597616,597629,13,17
596623,596655,597629,974,32
597599,597625,597629,4,26
597599,597626,597629,3,27
597599,597626,597629,3,27
597599,597621,597629,8,22
597599,597615,597630,15,16
597599,597615,597630,15,16
597599,597627,597630,3,28
597599,597627,597630,3,28
597599,597628,597630,2,29
597597,597611,597628,17,14
597597,597597,597630,33,0
597599,597615,597630,15,16
597599,597629,597631,2,30
597599,597629,597631,2,30
597599,597630,597632,2,31
597599,597628,597632,4,29
597599,597629,597632,3,30
597599,597624,597632,8,25
597599,597630,597632,2,31
597599,597630,597632,2,31
597599,597630,597633,3,31
597599,597631,597633,2,32
597599,597631,597633,2,32
597599,597630,597634,4,31
597599,597628,597634,6,29
597599,597632,597634,2,33
597599,597632,597634,2,33
597599,597633,597635,2,34
597608,597633,597636,3,25
597608,597633,597636,3,25
597599,597616,597637,21,17
597599,597628,597634,6,29
597608,597633,597637,4,25
597599,597630,597638,8,31
597599,597616,597638,22,17
597599,597633,597638,5,34
597608,597634,597638,4,26
597608,597634,597638,4,26
597608,597635,597639,4,27
597599,597632,597639,7,33
597599,597632,597639,7,33
597608,597635,597639,4,27
597608,597637,597641,4,29
597599,597628,597640,12,29
597599,597629,597641,12,30
597608,597639,597641,2,31
597608,597639,597642,3,31
597608,597634,597641,7,26
597608,597634,597642,8,26
597599,597630,597642,12,31
597608,597636,597642,6,28
597608,597637,597642,5,29
597608,597639,597643,4,31
597608,597639,597643,4,31
597608,597638,597642,4,30
597608,597640,597643,3,32
597608,597641,597643,2,33
597599,597631,597641,10,32
597608,597642,597645,3,34
597608,597638,597645,7,30
597608,597643,597646,3,35
597608,597642,597645,3,34
597608,597643,597645,2,35
597608,597643,597646,3,35
597608,597644,597646,2,36
597608,597643,597645,2,35
597608,597643,597646,3,35
597608,597643,597646,3,35
597608,597638,597646,8,30
597608,597645,597647,2,37
597608,597638,597646,8,30
597608,597646,597648,2,38
597608,597644,597648,4,36
597608,597643,597648,5,35
597608,597642,597648,6,34
597608,597646,597648,2,38
597608,597646,597649,3,38
597608,597646,597649,3,38
597608,597633,597648,15,25
597608,597641,597649,8,33
597599,597626,597650,24,27
597608,597646,597649,3,38
597608,597647,597649,2,39
597608,597646,597650,4,38
597608,597646,597650,4,38
597608,597637,597650,13,29
597608,597643,597651,8,35
597608,597646,597651,5,38
597608,597648,597650,2,40
597599,597632,597651,19,33
597608,597640,597651,11,32
597608,597649,597651,2,41
597608,597649,597651,2,41
597608,597649,597652,3,41
597599,597617,597652,35,18
597608,597646,597652,6,38
597608,597650,597652,2,42
597608,597650,597653,3,42
597608,597650,597652,2,42
597608,597650,597653,3,42
597597,597597,597653,56,0
597608,597649,597653,4,41
597608,597649,597653,4,41
597608,597640,597652,12,32
597608,597647,597654,7,39
597617,597651,597655,4,34
597617,597652,597656,4,35
597617,597652,597656,4,35
597608,597651,597656,5,43
597617,597652,597657,5,35
597617,597653,597657,4,36
597608,597648,597652,4,40
597608,597651,597658,7,43
597617,597653,597659,6,36
597617,597655,597659,4,38
597617,597653,597658,5,36
597617,597655,597659,4,38
597608,597650,597659,9,42
597617,597657,597660,3,40
597617,597656,597660,4,39
597617,597656,597660,4,39
597617,597653,597660,7,36
597617,597657,597661,4,40
597608,597650,597654,4,42
597617,597659,597662,3,42
597617,597659,597662,3,42
597617,597659,597662,3,42
597617,597654,597662,8,37
597617,597660,597663,3,43
597617,597660,597663,3,43
597617,597661,597664,3,44
597608,597647,597661,14,39
597608,597649,597662,13,41
597617,597653,597663,10,36
597617,597657,597663,6,40
597617,597661,597664,3,44
597617,597662,597664,2,45
597617,597660,597664,4,43
597617,597663,597665,2,46
597617,597664,597666,2,47
597617,597663,597665,2,46
597617,597654,597665,11,37
597617,597663,597666,3,46
597617,597664,597666,2,47
597617,597664,597666,2,47
597617,597664,597666,2,47
597617,597660,597665,5,43
597617,597665,597667,2,48
597617,597664,597667,3,47
597617,597664,597667,3,47
597617,597667,597668,1,50
597617,597666,597668,2,49
597617,597666,597668,2,49
597617,597666,597668,2,49
597617,597663,597667,4,46
597617,597667,597669,2,50
597617,597668,597670,2,51
597617,597667,597669,2,50
597617,597667,597669,2,50
597617,597669,597670,1,52
597617,597666,597670,4,49
597617,597669,597671,2,52
597617,597669,597671,2,52
597617,597669,597671,2,52
597617,597670,597672,2,53
597617,597670,597672,2,53
597617,597670,597672,2,53
597617,597658,597668,10,41
597630,597671,597674,3,41
597617,597664,597672,8,47
597617,597669,597673,4,52
597617,597668,597675,7,51
597617,597659,597677,18,42
597617,597660,597677,17,43
597630,597672,597676,4,42
597630,597672,597677,5,42
597630,597672,597677,5,42
597630,597673,597677,4,43
597630,597673,597677,4,43
597630,597673,597678,5,43
597630,597671,597679,8,41
597617,597668,597680,12,51
597617,597669,597680,11,52
597630,597675,597680,5,45
597630,597677,597680,3,47
597630,597677,597680,3,47
597630,597678,597681,3,48
597630,597677,597680,3,47
597630,597677,597681,4,47
597630,597673,597681,8,43
597630,597679,597682,3,49
597617,597664,597684,20,47
597630,597681,597683,2,51
597630,597681,597684,3,51
597617,597661,597684,23,44
597630,597681,597684,3,51
597630,597681,597684,3,51
597630,597681,597684,3,51
597630,597681,597685,4,51
597617,597652,597685,33,35
597630,597683,597686,3,53
597608,597641,597686,45,33
597617,597654,597686,32,37
597630,597680,597687,7,50
597630,597684,597686,2,54
597630,597680,597687,7,50
597630,597684,597687,3,54
597630,597685,597687,2,55
597630,597677,597688,11,47
597630,597676,597688,12,46
597630,597685,597688,3,55
597630,597685,597688,3,55
597630,597685,597688,3,55
597630,597686,597688,2,56
597630,597680,597689,9,50
597630,597687,597689,2,57
597630,597675,597689,14,45
597599,597626,597689,63,27
597617,597652,597689,37,35
597630,597688,597690,2,58
597630,597687,597690,3,57
597630,597688,597690,2,58
597630,597682,597690,8,52
597630,597688,597691,3,58
597630,597675,597691,16,45
597630,597687,597691,4,57
597630,597689,597691,2,59
597630,597687,597692,5,57
597630,597689,597692,3,59
597630,597688,597691,3,58
597630,597689,597692,3,59
597630,597691,597693,2,61
597630,597691,597694,3,61
597630,597691,597694,3,61
597630,597690,597694,4,60
597630,597692,597694,2,62
597617,597652,597689,37,35
597630,597685,597689,4,55
597630,597677,597694,17,47
597630,597692,597695,3,62
597630,597692,597696,4,62
597630,597688,597696,8,58
597630,597689,597698,9,59
597630,597689,597698,9,59
597630,597691,597698,7,61
597630,597691,597699,8,61
597630,597688,597702,14,58
597630,597684,597702,18,54
597630,597692,597705,13,62
597630,597686,597709,23,56
597630,597687,597713,26,57
597617,597653,597746,93,36
597630,597690,597746,56,60
597630,597691,597746,55,61
596312,596326,597801,1475,14
596728,596758,597805,1047,30
597803,597803,597807,4,0
597803,597803,597808,5,0
597803,597803,597808,5,0
597803,597803,597808,5,0
597803,597803,597809,6,0
597803,597806,597809,3,3
597803,597803,597810,7,0
597803,597807,597811,4,4
597803,597809,597811,2,6
597803,597803,597812,9,0
597803,597803,597812,9,0
597803,597808,597812,4,5
597803,597810,597812,2,7
597803,597803,597813,10,0
597803,597810,597813,3,7
597803,597803,597814,11,0
597803,597803,597814,11,0
597803,597808,597814,6,5
597803,597812,597814,2,9
597803,597812,597814,2,9
597803,597810,597815,5,7
597803,597803,597815,12,0
597803,597813,597815,2,10
597803,597813,597816,3,10
597803,597803,597817,14,0
597803,597803,597817,14,0
597803,597803,597817,14,0
597803,597803,597817,14,0
597803,597803,597817,14,0
597803,597813,597817,4,10
597803,597814,597817,3,11
597803,597815,597817,2,12
597803,597815,597817,2,12
597803,597803,597818,15,0
597803,597803,597818,15,0
597803,597803,597818,15,0
597803,597803,597818,15,0
597803,597816,597818,2,13
597803,597816,597819,3,13
597803,597817,597819,2,14
597803,597815,597820,5,12
597803,597803,597820,17,0
597803,597812,597820,8,9
597803,597818,597820,2,15
597803,597818,597820,2,15
597803,597818,597820,2,15
597803,597818,597820,2,15
597803,597814,597820,6,11
597803,597803,597821,18,0
597803,597814,597821,7,11
597803,597815,597822,7,12
597803,597819,597821,2,16
597803,597818,597821,3,15
597803,597815,597822,7,12
597803,597820,597823,3,17
597803,597821,597825,4,18
597803,597821,597825,4,18
597806,597821,597825,4,15
597806,597821,597825,4,15
597803,597803,597820,17,0
597803,597818,597827,9,15
597803,597819,597825,6,16
597803,597821,597827,6,18
597803,597821,597828,7,18
597806,597822,597828,6,16
597803,597819,597829,10,16
597803,597819,597829,10,16
597803,597820,597830,10,17
597806,597826,597829,3,20
597806,597826,597829,3,20
597806,597824,597830,6,18
597806,597821,597830,9,15
597803,597803,597830,27,0
597806,597822,597830,8,16
597806,597822,597830,8,16
597806,597822,597831,9,16
597806,597830,597833,3,24
597806,597830,597833,3,24
597806,597829,597832,3,23
597806,597830,597833,3,24
597806,597828,597833,5,22
597806,597825,597834,9,19
597806,597831,597834,3,25
597806,597826,597835,9,20
597806,597823,597835,12,17
597806,597827,597835,8,21
597806,597832,597836,4,26
597806,597833,597835,2,27
597806,597833,597836,3,27
597806,597833,597835,2,27
597806,597833,597836,3,27
597806,597831,597836,5,25
597806,597834,597836,2,28
597806,597835,597838,3,29
597806,597836,597838,2,30
597803,597818,597839,21,15
597806,597836,597838,2,30
597806,597836,597839,3,30
597806,597836,597839,3,30
597806,597836,597840,4,30
597803,597818,597839,21,15
597806,597829,597839,10,23
597806,597838,597840,2,32
597806,597837,597840,3,31
597806,597827,597842,15,21
597806,597831,597841,10,25
597806,597839,597842,3,33
597806,597840,597842,2,34
597806,597840,597842,2,34
597806,597827,597842,15,21
597806,597831,597842,11,25
597806,597835,597843,8,29
597806,597840,597843,3,34
597806,597840,597843,3,34
597806,597836,597843,7,30
597806,597836,597843,7,30
597806,597841,597843,2,35
597803,597819,597844,25,16
597806,597830,597845,15,24
597806,597842,597845,3,36
597806,597843,597845,2,37
597806,597843,597845,2,37
597803,597818,597845,27,15
597806,597838,597846,8,32
597806,597843,597845,2,37
597806,597844,597847,3,38
597806,597822,597848,26,16
597806,597843,597848,5,37
597806,597843,597848,5,37
597806,597842,597848,6,36
597806,597840,597849,9,34
597806,597843,597850,7,37
597806,597830,597850,20,24
597806,597830,597852,22,24
597806,597844,597854,10,38
597806,597839,597871,32,33
597806,597836,597873,37,30
597806,597837,597873,36,31
597806,597842,597873,31,36
596873,596887,597881,994,14
597883,597883,597886,3,0
597883,597883,597888,5,0
597883,597883,597887,4,0
597883,597883,597888,5,0
597883,597883,597887,4,0
597883,597883,597888,5,0
597883,597883,597888,5,0
597883,597887,597889,2,4
597883,597883,597891,8,0
597883,597888,597890,2,5
597883,597888,597890,2,5
597883,597888,597890,2,5
597883,597888,597891,3,5
597883,597883,597893,10,0
597883,597889,597892,3,6
597883,597889,597893,4,6
597883,597890,597892,2,7
597883,597891,597894,3,8
597883,597891,597894,3,8
597883,597891,597893,2,8
597883,597891,597895,4,8
597883,597883,597895,12,0
597883,597892,597895,3,9
597883,597883,597894,11,0
597883,597893,597895,2,10
597883,597893,597895,2,10
597883,597893,597895,2,10
597883,597883,597897,14,0
597883,597883,597897,14,0
597883,597894,597897,3,11
597883,597894,597896,2,11
597883,597894,597897,3,11
597883,597883,597897,14,0
597883,597895,597898,3,12
597883,597893,597897,4,10
597883,597895,597898,3,12
597883,597883,597899,16,0
597883,597895,597899,4,12
597883,597883,597899,16,0
597883,597895,597899,4,12
597883,597895,597899,4,12
597883,597896,597899,3,13
597883,597897,597900,3,14
597883,597897,597900,3,14
597883,597897,597900,3,14
597806,597840,597900,60,34
597883,597898,597901,3,15
597883,597898,597901,3,15
597883,597883,597900,17,0
597883,597896,597901,5,13
597883,597898,597902,4,15
597883,597900,597902,2,17
597883,597900,597903,3,17
597883,597900,597903,3,17
597883,597900,597902,2,17
597883,597897,597901,4,14
597883,597883,597902,19,0
597883,597883,597904,21,0
597883,597898,597902,4,15
597883,597883,597905,22,0
597883,597900,597904,4,17
597883,597901,597905,4,18
597883,597883,597897,14,0
597883,597899,597912,13,16
597883,597899,597912,13,16
597883,597883,597910,27,0
597883,597911,597916,5,28
597883,597899,597915,16,16
597883,597883,597920,37,0
597883,597899,597921,22,16
597883,597883,597922,39,0
597029,597043,598008,965,14
598009,598009,598014,5,0
598009,598009,598014,5,0
598009,598009,598015,6,0
598009,598009,598014,5,0
598009,598009,598015,6,0
598009,598009,598014,5,0
598009,598009,598016,7,0
598009,598014,598017,3,5
598009,598009,598015,6,0
598009,598009,598018,9,0
598009,598015,598018,3,6
598009,598015,598018,3,6
598009,598015,598018,3,6
598009,598014,598019,5,5
598009,598016,598019,3,7
598009,598015,598019,4,6
598009,598009,598020,11,0
598009,598017,598020,3,8
598009,598009,598021,12,0
598009,598009,598021,12,0
598009,598009,598021,12,0
598009,598019,598021,2,10
598009,598019,598021,2,10
598009,598019,598021,2,10
598009,598009,598022,13,0
598009,598018,598022,4,9
598009,598020,598022,2,11
598009,598018,598023,5,9
598009,598021,598023,2,12
598009,598019,598024,5,10
598009,598021,598024,3,12
598009,598022,598024,2,13
598009,598022,598024,2,13
598009,598022,598024,2,13
598009,598020,598025,5,11
598009,598023,598025,2,14
598009,598022,598026,4,13
598009,598009,598026,17,0
598009,598024,598026,2,15
598009,598009,598027,18,0
598009,598009,598027,18,0
598009,598025,598027,2,16
598009,598025,598027,2,16
598009,598025,598027,2,16
598009,598009,598024,15,0
598009,598009,598027,18,0
598009,598025,598028,3,16
598009,598026,598028,2,17
598009,598024,598029,5,15
598009,598027,598030,3,18
598009,598009,598029,20,0
598009,598021,598029,8,12
598009,598020,598030,10,11
598009,598025,598030,5,16
598009,598028,598030,2,19
598009,598028,598030,2,19
598009,598028,598031,3,19
598009,598027,598031,4,18
598009,598027,598031,4,18
598009,598023,598031,8,14
598009,598024,598029,5,15
598009,598027,598030,3,18
598009,598009,598032,23,0
598009,598021,598025,4,12
598009,598028,598034,6,19
598009,598028,598034,6,19
598009,598009,598036,27,0
598009,598009,598034,25,0
598009,598009,598038,29,0
598009,598009,598046,37,0
596552,596567,598123,1556,15
598126,598126,598129,3,0
598126,598126,598129,3,0
598126,598126,598129,3,0
598126,598126,598129,3,0
598126,598126,598129,3,0
598126,598126,598130,4,0
598126,598126,598132,6,0
598126,598126,598131,5,0
598126,598130,598133,3,4
598126,598126,598132,6,0
598126,598130,598133,3,4
598126,598130,598133,3,4
598126,598126,598132,6,0
598126,598126,598133,7,0
598126,598126,598134,8,0
598126,598130,598133,3,4
598126,598131,598133,2,5
598126,598126,598135,9,0
598126,598130,598134,4,4
598126,598133,598135,2,7
598126,598133,598135,2,7
598126,598133,598135,2,7
598126,598126,598135,9,0
598126,598126,598136,10,0
598126,598126,598136,10,0
598126,598134,598136,2,8
598126,598134,598137,3,8
598126,598126,598137,11,0
598126,598126,598137,11,0
598126,598133,598137,4,7
598126,598126,598138,12,0
598126,598132,598138,6,6
598126,598132,598138,6,6
598126,598135,598138,3,9
598126,598136,598139,3,10
598126,598137,598139,2,11
598126,598136,598139,3,10
598126,598136,598139,3,10
598126,598134,598139,5,8
598126,598126,598139,13,0
598126,598133,598140,7,7
598126,598137,598140,3,11
598126,598136,598140,4,10
598126,598139,598141,2,13
598126,598135,598141,6,9
598126,598139,598142,3,13
598126,598139,598141,2,13
598126,598139,598141,2,13
598126,598134,598142,8,8
598126,598139,598142,3,13
598126,598141,598143,2,15
598126,598138,598142,4,12
598126,598140,598143,3,14
598126,598138,598144,6,12
598126,598140,598144,4,14
598126,598140,598144,4,14
598126,598139,598144,5,13
598126,598139,598144,5,13
598126,598140,598145,5,14
598126,598126,598146,20,0
598126,598138,598145,7,12
598126,598137,598145,8,11
598126,598139,598145,6,13
598126,598141,598146,5,15
598126,598142,598146,4,16
596625,596673,598149,1476,48
598126,598126,598151,25,0
598126,598126,598151,25,0
598126,598137,598153,16,11
598150,598150,598155,5,0
598150,598150,598155,5,0
598150,598150,598156,6,0
598150,598150,598156,6,0
598150,598150,598156,6,0
598126,598126,598156,30,0
598150,598151,598157,6,1
598150,598150,598156,6,0
598150,598150,598157,7,0
598150,598155,598158,3,5
598150,598150,598159,9,0
598150,598150,598159,9,0
597056,597071,598159,1088,15
598150,598155,598159,4,5
598150,598157,598159,2,7
598150,598150,598160,10,0
598150,598158,598160,2,8
598150,598157,598160,3,7
598150,598150,598161,11,0
598150,598157,598161,4,7
598150,598150,598162,12,0
598150,598159,598162,3,9
598150,598160,598162,2,10
598150,598160,598162,2,10
598150,598160,598162,2,10
598126,598126,598159,33,0
598150,598152,598162,10,2
598150,598157,598161,4,7
598150,598161,598163,2,11
598150,598161,598163,2,11
598150,598150,598163,13,0
598150,598159,598164,5,9
598150,598159,598164,5,9
598150,598160,598165,5,10
598150,598150,598165,15,0
598150,598163,598165,2,13
598150,598150,598165,15,0
598150,598163,598165,2,13
598150,598163,598165,2,13
598150,598156,598166,10,6
598150,598163,598166,3,13
598150,598164,598166,2,14
598150,598150,598166,16,0
598150,598164,598167,3,14
598150,598153,598167,14,3
598150,598161,598167,6,11
598150,598161,598167,6,11
598150,598163,598167,4,13
598150,598166,598169,3,16
598150,598166,598169,3,16
598150,598166,598169,3,16
598150,598167,598170,3,17
598150,598167,598169,2,17
598150,598165,598169,4,15
598150,598165,598169,4,15
598150,598167,598170,3,17
598150,598165,598170,5,15
598150,598166,598170,4,16
598150,598167,598171,4,17
598150,598150,598171,21,0
598150,598168,598172,4,18
598150,598168,598172,4,18
598150,598164,598173,9,14
598160,598169,598173,4,9
598150,598167,598173,6,17
598160,598169,598173,4,9
598160,598170,598174,4,10
598160,598170,598175,5,10
598150,598150,598176,26,0
598150,598157,598172,15,7
598150,598163,598172,9,13
598160,598170,598175,5,10
598160,598170,598176,6,10
598160,598173,598177,4,13
598160,598172,598177,5,12
598160,598174,598178,4,14
598160,598175,598178,3,15
598160,598176,598179,3,16
598160,598170,598179,9,10
598160,598172,598179,7,12
598150,598165,598180,15,15
598150,598168,598180,12,18
598160,598177,598180,3,17
598160,598173,598180,7,13
598160,598179,598181,2,19
598160,598170,598180,10,10
598160,598173,598181,8,13
598160,598179,598182,3,19
598160,598178,598181,3,18
598160,598174,598181,7,14
598160,598176,598181,5,16
598160,598180,598182,2,20
598160,598173,598183,10,13
597225,597255,598183,928,30
598160,598181,598183,2,21
598160,598177,598183,6,17
598160,598181,598184,3,21
598160,598182,598184,2,22
598160,598182,598184,2,22
598160,598182,598185,3,22
598160,598170,598185,15,10
598160,598182,598185,3,22
598160,598183,598185,2,23
598150,598163,598186,23,13
598150,598150,598186,36,0
598160,598172,598186,14,12
598160,598180,598186,6,20
598160,598184,598186,2,24
598160,598181,598186,5,21
598160,598184,598186,2,24
598150,598150,598187,37,0
598160,598185,598187,2,25
598160,598185,598188,3,25
598160,598185,598187,2,25
598160,598185,598188,3,25
598160,598186,598188,2,26
598160,598187,598189,2,27
598160,598186,598190,4,26
598160,598182,598190,8,22
598160,598180,598191,11,20
598160,598187,598190,3,27
598160,598188,598190,2,28
598160,598188,598190,2,28
598160,598184,598191,7,24
598160,598188,598190,2,28
598160,598181,598191,10,21
598160,598186,598191,5,26
598160,598187,598192,5,27
598160,598187,598192,5,27
598160,598182,598191,9,22
598160,598189,598191,2,29
598160,598189,598192,3,29
598160,598187,598193,6,27
598160,598182,598193,11,22
598160,598190,598193,3,30
598160,598176,598190,14,16
598160,598183,598195,12,23
598191,598192,598195,3,1
598191,598191,598196,5,0
598191,598191,598195,4,0
598191,598191,598196,5,0
598191,598192,598196,4,1
598191,598191,598196,5,0
598191,598193,598196,3,2
598160,598191,598196,5,31
598191,598196,598198,2,5
598191,598192,598198,6,1
598191,598193,598198,5,2
598191,598196,598198,2,5
598160,598181,598199,18,21
598191,598192,598198,6,1
598191,598196,598199,3,5
598191,598191,598199,8,0
598191,598196,598199,3,5
598191,598197,598199,2,6
598191,598197,598199,2,6
598191,598196,598200,4,5
598191,598193,598200,7,2
598191,598199,598201,2,8
598150,598163,598193,30,13
598191,598199,598201,2,8
598191,598197,598201,4,6
598191,598192,598201,9,1
598191,598199,598202,3,8
598191,598200,598202,2,9
598191,598200,598202,2,9
598191,598200,598202,2,9
598191,598202,598204,2,11
598191,598192,598204,12,1
598191,598199,598204,5,8
598191,598201,598204,3,10
598191,598202,598204,2,11
598191,598203,598205,2,12
598191,598203,598205,2,12
598191,598204,598206,2,13
598191,598203,598206,3,12
598191,598203,598205,2,12
598191,598202,598207,5,11
598191,598200,598207,7,9
598191,598205,598207,2,14
598191,598202,598207,5,11
598191,598205,598208,3,14
598191,598204,598208,4,13
598191,598195,598204,9,4
598191,598191,598205,14,0
598191,598203,598208,5,12
598191,598206,598208,2,15
598191,598206,598208,2,15
598191,598206,598208,2,15
598191,598206,598209,3,15
598191,598206,598208,2,15
598191,598199,598209,10,8
598191,598204,598209,5,13
598191,598208,598210,2,17
598191,598209,598211,2,18
598191,598208,598212,4,17
598191,598209,598211,2,18
598191,598209,598211,2,18
598191,598208,598213,5,17
598160,598188,598212,24,28
598191,598208,598213,5,17
598191,598207,598213,6,16
598191,598208,598214,6,17
598191,598199,598217,18,8
598191,598208,598217,9,17
597223,597236,598218,982,13
598191,598193,598215,22,2
598160,598176,598217,41,16
598191,598202,598219,17,11
598191,598213,598219,6,22
598191,598199,598220,21,8
598191,598208,598220,12,17
598160,598187,598230,43,27
598191,598192,598230,38,1
598160,598186,598238,52,26
598259,598259,598263,4,0
598259,598259,598264,5,0
598259,598259,598264,5,0
598259,598259,598264,5,0
598259,598259,598264,5,0
598259,598259,598264,5,0
598259,598259,598264,5,0
598259,598259,598264,5,0
598259,598259,598264,5,0
598259,598259,598265,6,0
598259,598259,598265,6,0
598259,598259,598265,6,0
598259,598263,598266,3,4
598259,598265,598266,1,6
598259,598259,598267,8,0
598259,598265,598267,2,6
598259,598265,598267,2,6
598259,598265,598267,2,6
598259,598265,598267,2,6
598259,598265,598268,3,6
598259,598267,598268,1,8
598259,598266,598268,2,7
598259,598265,598269,4,6
598259,598259,598269,10,0
598259,598259,598269,10,0
598259,598260,598269,9,1
598259,598267,598269,2,8
598259,598266,598270,4,7
598259,598264,598270,6,5
598259,598268,598270,2,9
598259,598268,598270,2,9
598259,598268,598270,2,9
598259,598266,598271,5,7
598259,598259,598271,12,0
598259,598268,598271,3,9
598259,598269,598271,2,10
598259,598269,598272,3,10
598259,598270,598272,2,11
598259,598269,598272,3,10
598259,598271,598273,2,12
598259,598271,598273,2,12
598259,598271,598273,2,12
598259,598270,598274,4,11
598259,598272,598274,2,13
598259,598272,598274,2,13
598259,598259,598270,11,0
598259,598273,598276,3,14
598259,598272,598275,3,13
598259,598259,598276,17,0
598259,598270,598276,6,11
598259,598273,598276,3,14
598259,598274,598276,2,15
598259,598275,598277,2,16
598259,598274,598276,2,15
598259,598274,598276,2,15
598259,598271,598277,6,12
598259,598259,598270,11,0
598259,598275,598278,3,16
598259,598270,598279,9,11
598259,598270,598279,9,11
598259,598275,598279,4,16
598259,598259,598276,17,0
598259,598270,598282,12,11
598259,598268,598282,14,9
598259,598259,598283,24,0
598259,598259,598283,24,0
598259,598271,598288,17,12
598259,598259,598291,32,0
598259,598260,598292,32,1
598259,598272,598302,30,13
597334,597361,598332,971,27
597336,597362,598333,971,26
598334,598334,598337,3,0
598334,598334,598337,3,0
598334,598334,598337,3,0
598334,598334,598338,4,0
598334,598334,598338,4,0
598334,598334,598338,4,0
598334,598334,598338,4,0
598334,598334,598338,4,0
598334,598334,598338,4,0
598334,598334,598338,4,0
598334,598334,598338,4,0
598334,598334,598339,5,0
598334,598334,598338,4,0
598334,598334,598339,5,0
598334,598334,598339,5,0
598334,598337,598339,2,3
598334,598338,598340,2,4
598334,598337,598340,3,3
598334,598338,598340,2,4
598334,598338,598340,2,4
598334,598338,598341,3,4
598334,598338,598341,3,4
598334,598338,598340,2,4
598334,598338,598340,2,4
598334,598340,598342,2,6
598334,598338,598342,4,4
598334,598338,598343,5,4
598334,598340,598342,2,6
598334,598339,598343,4,5
598334,598339,598344,5,5
598334,598339,598344,5,5
598334,598339,598344,5,5
598334,598341,598343,2,7
598334,598339,598344,5,5
598334,598341,598344,3,7
598334,598341,598343,2,7
598334,598341,598344,3,7
598334,598334,598345,11,0
598334,598341,598345,4,7
598334,598342,598345,3,8
598334,598339,598344,5,5
598334,598339,598344,5,5
598334,598341,598345,4,7
598334,598342,598345,3,8
598334,598343,598345,2,9
598334,598341,598346,5,7
598334,598334,598346,12,0
598334,598334,598346,12,0
598334,598334,598346,12,0
598334,598334,598346,12,0
598334,598334,598346,12,0
598334,598344,598346,2,10
598334,598345,598347,2,11
598334,598343,598347,4,9
598334,598344,598347,3,10
598334,598344,598347,3,10
598334,598344,598347,3,10
598334,598334,598348,14,0
598334,598345,598348,3,11
598334,598345,598348,3,11
598334,598346,598348,2,12
598334,598344,598349,5,10
598334,598344,598349,5,10
598336,598348,598349,1,12
598336,598348,598350,2,12
598336,598346,598350,4,10
598334,598344,598350,6,10
598334,598344,598349,5,10
598334,598345,598350,5,11
598334,598345,598350,5,11
598336,598347,598350,3,11
598336,598348,598351,3,12
598334,598344,598351,7,10
598336,598347,598351,4,11
598336,598349,598351,2,13
598336,598347,598351,4,11
598336,598349,598351,2,13
598336,598349,598351,2,13
598336,598350,598352,2,14
598336,598351,598353,2,15
598336,598350,598352,2,14
598336,598350,598353,3,14
598336,598352,598354,2,16
598336,598349,598353,4,13
598336,598349,598353,4,13
598334,598345,598354,9,11
598336,598351,598354,3,15
598336,598352,598354,2,16
598336,598352,598354,2,16
598336,598352,598354,2,16
598336,598352,598354,2,16
598336,598351,598355,4,15
598336,598351,598355,4,15
598336,598351,598355,4,15
598336,598353,598355,2,17
598336,598353,598356,3,17
598336,598353,598356,3,17
598336,598351,598356,5,15
598336,598352,598356,4,16
598336,598355,598357,2,19
598336,598354,598356,2,18
598336,598348,598357,9,12
598336,598352,598357,5,16
598336,598355,598357,2,19
598336,598355,598357,2,19
598336,598354,598358,4,18
598336,598356,598358,2,20
598336,598357,598359,2,21
598336,598355,598358,3,19
598336,598354,598359,5,18
598336,598354,598359,5,18
598336,598356,598359,3,20
598336,598346,598359,13,10
598336,598356,598359,3,20
598336,598346,598360,14,10
598336,598356,598361,5,20
598336,598357,598361,4,21
598336,598359,598361,2,23
598336,598358,598360,2,22
598336,598358,598361,3,22
598336,598356,598360,4,20
598336,598358,598361,3,22
598336,598346,598361,15,10
598336,598346,598361,15,10
598336,598359,598361,2,23
598336,598357,598361,4,21
598336,598359,598361,2,23
598336,598356,598361,5,20
598336,598357,598361,4,21
598336,598359,598362,3,23
598336,598357,598361,4,21
598336,598358,598363,5,22
598336,598360,598364,4,24
598336,598359,598364,5,23
598336,598359,598364,5,23
598334,598334,598364,30,0
598336,598359,598365,6,23
598336,598360,598365,5,24
596758,596758,598368,1610,0
598336,598354,598368,14,18
597230,597274,598389,1115,44
598393,598393,598396,3,0
598393,598393,598396,3,0
598393,598393,598398,5,0
598393,598393,598397,4,0
598393,598393,598397,4,0
598393,598393,598398,5,0
598393,598393,598398,5,0
598393,598393,598399,6,0
598393,598393,598398,5,0
598393,598393,598398,5,0
598393,598393,598399,6,0
598393,598393,598399,6,0
598393,598393,598399,6,0
598393,598397,598399,2,4
598393,598398,598400,2,5
598393,598398,598401,3,5
598393,598399,598402,3,6
598336,598346,598401,55,10
598393,598399,598402,3,6
598393,598397,598402,5,4
598393,598399,598402,3,6
598393,598393,598402,9,0
598393,598393,598402,9,0
598393,598398,598402,4,5
598393,598400,598402,2,7
598393,598400,598402,2,7
598393,598393,598403,10,0
598393,598401,598403,2,8
598393,598401,598404,3,8
598393,598402,598404,2,9
598393,598400,598404,4,7
598393,598402,598405,3,9
598393,598393,598404,11,0
598393,598393,598404,11,0
598393,598399,598404,5,6
598393,598400,598404,4,7
598393,598402,598405,3,9
598393,598403,598405,2,10
598393,598402,598405,3,9
598393,598393,598405,12,0
598393,598399,598405,6,6
598393,598393,598405,12,0
598393,598403,598406,3,10
598393,598403,598406,3,10
598393,598403,598407,4,10
598393,598404,598406,2,11
598393,598404,598406,2,11
598393,598404,598406,2,11
598393,598405,598407,2,12
598393,598405,598408,3,12
598393,598404,598409,5,11
598393,598405,598408,3,12
598393,598406,598409,3,13
598393,598393,598408,15,0
598393,598393,598407,14,0
598393,598405,598409,4,12
598393,598393,598409,16,0
598393,598405,598409,4,12
598393,598403,598409,6,10
598393,598406,598410,4,13
598393,598405,598409,4,12
598393,598405,598411,6,12
598393,598406,598410,4,13
598393,598402,598411,9,9
598393,598406,598411,5,13
598394,598407,598411,4,13
598394,598407,598411,4,13
598393,598407,598411,4,14
598394,598408,598412,4,14
598393,598405,598412,7,12
598394,598408,598413,5,14
598393,598407,598414,7,14
598394,598409,598413,4,15
598394,598411,598414,3,17
598394,598411,598414,3,17
598394,598409,598414,5,15
598394,598412,598415,3,18
598394,598411,598415,4,17
598394,598411,598415,4,17
598394,598410,598415,5,16
598394,598411,598416,5,17
598394,598413,598416,3,19
598394,598409,598417,8,15
598393,598393,598410,17,0
598394,598414,598417,3,20
598394,598412,598417,5,18
598394,598414,598417,3,20
598394,598414,598417,3,20
598394,598415,598418,3,21
598394,598415,598418,3,21
598394,598416,598419,3,22
598394,598416,598419,3,22
598394,598417,598420,3,23
598394,598417,598420,3,23
598394,598417,598420,3,23
598393,598393,598421,28,0
598394,598410,598421,11,16
598394,598416,598420,4,22
598394,598416,598421,5,22
598394,598416,598421,5,22
598394,598418,598421,3,24
598394,598417,598422,5,23
598394,598418,598421,3,24
598394,598417,598422,5,23
598394,598420,598422,2,26
598394,598414,598422,8,20
598394,598420,598423,3,26
598394,598421,598423,2,27
598394,598421,598423,2,27
598394,598421,598424,3,27
598394,598423,598425,2,29
598394,598410,598425,15,16
598394,598410,598425,15,16
598394,598413,598424,11,19
598394,598422,598425,3,28
598394,598421,598426,5,27
598394,598421,598426,5,27
598394,598423,598426,3,29
598394,598424,598426,2,30
598394,598424,598426,2,30
598394,598425,598427,2,31
598394,598423,598426,3,29
598394,598422,598426,4,28
598394,598421,598426,5,27
598394,598422,598427,5,28
598394,598424,598427,3,30
598394,598410,598427,17,16
598394,598419,598428,9,25
598394,598425,598428,3,31
598394,598425,598429,4,31
598394,598425,598431,6,31
598394,598426,598431,5,32
598394,598425,598432,7,31
598394,598417,598437,20,23
598394,598410,598441,31,16
598394,598410,598445,35,16
598394,598411,598444,33,17
598394,598421,598445,24,27
598393,598405,598446,41,12
598394,598421,598451,30,27
597490,597505,598459,954,15
598394,598410,598460,50,16
598474,598475,598477,2,1
598474,598475,598477,2,1
598474,598475,598478,3,1
598474,598475,598478,3,1
598474,598475,598478,3,1
598474,598475,598478,3,1
598474,598475,598478,3,1
598474,598475,598479,4,1
598474,598475,598479,4,1
598474,598475,598479,4,1
598474,598475,598479,4,1
598474,598475,598479,4,1
598474,598475,598480,5,1
598474,598478,598480,2,4
598474,598478,598480,2,4
598474,598475,598480,5,1
598474,598479,598481,2,5
598474,598479,598481,2,5
598474,598479,598481,2,5
598474,598479,598481,2,5
598474,598480,598482,2,6
598474,598475,598483,8,1
598474,598480,598484,4,6
598474,598479,598483,4,5
598474,598481,598483,2,7
598474,598481,598484,3,7
598474,598479,598485,6,5
598474,598480,598484,4,6
598474,598482,598484,2,8
598474,598482,598484,2,8
598474,598482,598484,2,8
598474,598482,598484,2,8
598474,598480,598485,5,6
598474,598475,598485,10,1
598474,598481,598485,4,7
598474,598484,598486,2,10
598474,598484,598486,2,10
598474,598483,598486,3,9
598474,598485,598488,3,11
598474,598484,598487,3,10
598474,598485,598487,2,11
598474,598485,598488,3,11
598474,598485,598487,2,11
598474,598485,598487,2,11
598474,598484,598488,4,10
598474,598485,598489,4,11
598474,598486,598489,3,12
598474,598487,598489,2,13
598474,598487,598489,2,13
598474,598487,598489,2,13
598474,598486,598490,4,12
598474,598488,598491,3,14
598474,598488,598490,2,14
598474,598488,598490,2,14
598474,598488,598491,3,14
598474,598488,598492,4,14
598474,598481,598493,12,7
598474,598490,598494,4,16
598474,598489,598494,5,15
598474,598490,598495,5,16
598474,598475,598495,20,1
598474,598486,598496,10,12
598474,598484,598495,11,10
598474,598488,598496,8,14
598474,598475,598497,22,1
598474,598475,598499,24,1
598474,598475,598500,25,1
598474,598475,598501,26,1
598474,598475,598502,27,1
598474,598475,598513,38,1
597609,597651,598609,958,42
598610,598610,598613,3,0
598610,598610,598614,4,0
598610,598610,598613,3,0
598610,598610,598614,4,0
598610,598610,598614,4,0
598610,598610,598614,4,0
598610,598610,598614,4,0
598610,598610,598614,4,0
598610,598610,598615,5,0
598610,598610,598615,5,0
598610,598610,598616,6,0
598610,598610,598615,5,0
598610,598610,598615,5,0
597600,597633,598615,982,33
598610,598610,598615,5,0
598610,598614,598617,3,4
598610,598610,598617,7,0
598610,598615,598618,3,5
598610,598613,598617,4,3
598610,598614,598618,4,4
598610,598615,598618,3,5
598610,598616,598618,2,6
598610,598615,598619,4,5
598610,598610,598619,9,0
598610,598615,598619,4,5
598610,598616,598619,3,6
598610,598616,598619,3,6
598610,598616,598619,3,6
598610,598617,598619,2,7
598610,598610,598620,10,0
598610,598614,598620,6,4
598610,598610,598620,10,0
598610,598610,598621,11,0
598610,598618,598620,2,8
598610,598618,598620,2,8
598610,598616,598621,5,6
598610,598618,598621,3,8
598610,598610,598622,12,0
598610,598616,598622,6,6
598610,598619,598621,2,9
598610,598619,598621,2,9
598610,598610,598621,11,0
598610,598616,598623,7,6
598610,598610,598623,13,0
598610,598620,598623,3,10
598610,598620,598623,3,10
598610,598620,598623,3,10
598610,598620,598623,3,10
598610,598620,598623,3,10
598610,598610,598623,13,0
598610,598620,598623,3,10
598610,598621,598624,3,11
598610,598621,598624,3,11
598610,598620,598625,5,10
598610,598610,598624,14,0
598610,598622,598625,3,12
598610,598622,598625,3,12
598610,598621,598625,4,11
598610,598621,598625,4,11
598610,598621,598626,5,11
598610,598618,598626,8,8
598610,598623,598626,3,13
598610,598622,598627,5,12
598610,598623,598627,4,13
598617,598625,598627,2,8
598617,598625,598627,2,8
598617,598624,598628,4,7
598617,598625,598628,3,8
598610,598623,598628,5,13
598617,598624,598628,4,7
598617,598626,598629,3,9
598617,598623,598629,6,6
598617,598623,598628,5,6
598617,598625,598629,4,8
598610,598621,598629,8,11
598617,598624,598629,5,7
598617,598623,598630,7,6
598610,598610,598622,12,0
598617,598626,598630,4,9
598617,598627,598631,4,10
598617,598625,598630,5,8
598617,598628,598631,3,11
598617,598628,598630,2,11
598617,598628,598630,2,11
598617,598625,598632,7,8
598617,598628,598632,4,11
598617,598629,598633,4,12
598617,598630,598633,3,13
598610,598621,598633,12,11
598610,598621,598633,12,11
598617,598626,598633,7,9
598617,598629,598633,4,12
598617,598629,598633,4,12
598617,598631,598634,3,14
598617,598630,598633,3,13
598617,598629,598634,5,12
598617,598629,598634,5,12
598617,598631,598634,3,14
598617,598630,598634,4,13
598617,598631,598634,3,14
598617,598629,598635,6,12
598617,598631,598636,5,14
598617,598633,598636,3,16
598617,598633,598636,3,16
598617,598631,598637,6,14
598617,598634,598637,3,17
598617,598634,598637,3,17
598617,598634,598637,3,17
598617,598632,598637,5,15
598617,598635,598637,2,18
598617,598635,598637,2,18
598617,598632,598638,6,15
598617,598634,598637,3,17
598617,598635,598638,3,18
598610,598622,598634,12,12
598617,598630,598635,5,13
598617,598635,598638,3,18
598617,598624,598638,14,7
598617,598634,598639,5,17
598617,598636,598639,3,19
598617,598637,598640,3,20
598617,598635,598639,4,18
598617,598637,598640,3,20
598617,598637,598640,3,20
598617,598638,598640,2,21
598617,598638,598641,3,21
598617,598636,598641,5,19
598617,598636,598641,5,19
598617,598638,598641,3,21
598617,598638,598641,3,21
598617,598638,598641,3,21
598617,598637,598642,5,20
598617,598638,598643,5,21
598617,598637,598643,6,20
598617,598628,598648,20,11
598617,598631,598648,17,14
598617,598633,598641,8,16
598617,598639,598649,10,22
598617,598639,598655,16,22
597632,597692,598656,964,60
598617,598633,598657,24,16
598658,598658,598660,2,0
598658,598658,598662,4,0
598658,598658,598662,4,0
598658,598658,598662,4,0
598658,598658,598662,4,0
598658,598658,598663,5,0
598658,598658,598663,5,0
598658,598658,598663,5,0
598658,598658,598663,5,0
598658,598658,598663,5,0
598658,598658,598663,5,0
598658,598658,598663,5,0
598658,598658,598664,6,0
598658,598658,598664,6,0
598658,598658,598664,6,0
598658,598661,598664,3,3
598658,598663,598666,3,5
598658,598663,598666,3,5
598658,598662,598666,4,4
598658,598664,598667,3,6
598658,598664,598666,2,6
598658,598663,598668,5,5
598658,598663,598667,4,5
598658,598664,598668,4,6
598658,598664,598667,3,6
598658,598665,598667,2,7
598658,598665,598667,2,7
598610,598622,598669,47,12
598658,598658,598669,11,0
598658,598658,598669,11,0
598658,598658,598668,10,0
598658,598658,598668,10,0
598658,598658,598668,10,0
598658,598666,598669,3,8
598658,598666,598668,2,8
598658,598664,598669,5,6
598658,598664,598670,6,6
598658,598667,598669,2,9
598658,598667,598670,3,9
598658,598658,598671,13,0
598658,598658,598670,12,0
598658,598668,598671,3,10
598658,598668,598671,3,10
598658,598668,598671,3,10
598658,598668,598670,2,10
598658,598667,598672,5,9
598658,598669,598672,3,11
598658,598669,598672,3,11
598658,598668,598673,5,10
598658,598670,598672,2,12
598658,598670,598673,3,12
598658,598671,598673,2,13
598658,598671,598674,3,13
598658,598671,598674,3,13
598658,598671,598674,3,13
598658,598658,598674,16,0
598658,598669,598674,5,11
598658,598670,598675,5,12
598658,598665,598675,10,7
598658,598672,598676,4,14
598658,598669,598677,8,11
598658,598668,598677,9,10
598658,598670,598677,7,12
598658,598664,598679,15,6
598658,598658,598674,16,0
598658,598669,598673,4,11
598658,598669,598684,15,11
598658,598671,598688,17,13
598658,598671,598697,26,13
598658,598669,598704,35,11
598658,598669,598720,51,11
597618,597670,598775,1105,52
598776,598776,598779,3,0
598776,598776,598778,2,0
598776,598776,598779,3,0
598776,598776,598780,4,0
598776,598776,598780,4,0
598776,598776,598781,5,0
598776,598776,598781,5,0
598776,598776,598780,4,0
598776,598776,598781,5,0
598776,598776,598782,6,0
598776,598776,598782,6,0
598776,598776,598781,5,0
598776,598776,598781,5,0
598776,598779,598782,3,3
598776,598776,598781,5,0
598776,598776,598781,5,0
598776,598779,598781,2,3
598776,598776,598783,7,0
598776,598779,598783,4,3
598776,598781,598784,3,5
598776,598782,598784,2,6
598776,598776,598785,9,0
598776,598782,598785,3,6
598776,598781,598784,3,5
598776,598780,598785,5,4
598776,598782,598785,3,6
598776,598782,598785,3,6
598776,598782,598785,3,6
598776,598781,598784,3,5
598776,598781,598784,3,5
598776,598776,598785,9,0
598776,598782,598786,4,6
598776,598782,598786,4,6
598776,598776,598786,10,0
598776,598776,598786,10,0
598776,598776,598786,10,0
598776,598782,598787,5,6
598776,598783,598787,4,7
598776,598776,598786,10,0
598776,598784,598787,3,8
598776,598784,598786,2,8
598776,598784,598786,2,8
598776,598785,598787,2,9
598776,598785,598788,3,9
598776,598785,598788,3,9
598776,598785,598788,3,9
598776,598785,598788,3,9
598776,598785,598788,3,9
598776,598782,598789,7,6
598776,598785,598789,4,9
598776,598785,598788,3,9
598776,598786,598788,2,10
598776,598787,598789,2,11
598776,598787,598790,3,11
598776,598787,598790,3,11
598776,598786,598790,4,10
598776,598788,598790,2,12
598776,598786,598790,4,10
598776,598788,598790,2,12
598776,598788,598791,3,12
598776,598787,598793,6,11
598776,598787,598793,6,11
598776,598776,598787,11,0
598776,598787,598797,10,11
598776,598787,598798,11,11
598776,598787,598799,12,11
598776,598785,598802,17,9
598776,598776,598805,29,0
598776,598776,598807,31,0
598776,598787,598807,20,11
597885,597901,598888,987,16
597805,597821,598889,1068,16
598889,598889,598892,3,0
598889,598889,598891,2,0
598889,598889,598891,2,0
598889,598889,598892,3,0
598889,598889,598892,3,0
598889,598890,598893,3,1
598889,598889,598893,4,0
598889,598889,598894,5,0
598889,598889,598893,4,0
598889,598889,598893,4,0
598889,598892,598894,2,3
598889,598889,598894,5,0
598889,598892,598895,3,3
598889,598889,598895,6,0
598889,598889,598895,6,0
598889,598892,598895,3,3
598889,598889,598896,7,0
598889,598889,598897,8,0
598889,598894,598897,3,5
598889,598889,598896,7,0
598889,598893,598896,3,4
598889,598894,598896,2,5
598889,598894,598897,3,5
598889,598893,598897,4,4
598889,598889,598898,9,0
598889,598895,598898,3,6
598889,598889,598899,10,0
598889,598889,598899,10,0
598889,598894,598898,4,5
598889,598893,598898,5,4
598889,598895,598899,4,6
598889,598894,598900,6,5
598889,598897,598900,3,8
598889,598889,598899,10,0
598889,598889,598899,10,0
598889,598896,598899,3,7
598889,598897,598900,3,8
598889,598897,598900,3,8
598889,598897,598900,3,8
598889,598897,598899,2,8
598889,598897,598900,3,8
598889,598889,598900,11,0
598889,598889,598900,11,0
598889,598889,598900,11,0
598889,598898,598901,3,9
598889,598898,598901,3,9
598889,598896,598901,5,7
598889,598899,598902,3,10
598889,598896,598901,5,7
598889,598899,598902,3,10
598889,598897,598902,5,8
598889,598900,598902,2,11
598889,598900,598903,3,11
598889,598900,598903,3,11
598889,598900,598902,2,11
598889,598900,598902,2,11
598889,598900,598902,2,11
598889,598900,598903,3,11
598889,598897,598903,6,8
598889,598899,598904,5,10
598889,598889,598903,14,0
598889,598900,598904,4,11
598889,598899,598904,5,10
598889,598901,598904,3,12
598891,598903,598906,3,12
598891,598903,598906,3,12
598891,598903,598905,2,12
598891,598903,598906,3,12
598891,598903,598906,3,12
598891,598903,598907,4,12
598891,598903,598907,4,12
598891,598901,598907,6,10
598891,598904,598908,4,13
598891,598904,598908,4,13
598889,598889,598900,11,0
598891,598905,598909,4,14
598891,598902,598908,6,11
598891,598906,598909,3,15
598891,598905,598909,4,14
598891,598902,598909,7,11
598891,598906,598909,3,15
598891,598906,598910,4,15
598891,598907,598910,3,16
598891,598906,598910,4,15
598891,598907,598910,3,16
598891,598905,598910,5,14
598891,598903,598911,8,12
598891,598907,598910,3,16
598891,598902,598911,9,11
598889,598901,598912,11,12
598891,598906,598912,6,15
598889,598901,598913,12,12
598891,598909,598913,4,18
598891,598910,598913,3,19
598891,598910,598913,3,19
598891,598909,598913,4,18
598891,598910,598913,3,19
598891,598910,598913,3,19
598891,598910,598913,3,19
598891,598910,598913,3,19
598891,598908,598914,6,17
598891,598902,598914,12,11
598891,598908,598914,6,17
598891,598904,598914,10,13
598891,598911,598913,2,20
598891,598911,598915,4,20
598891,598910,598914,4,19
598891,598913,598915,2,22
598891,598909,598916,7,18
598891,598911,598916,5,20
598891,598913,598916,3,22
598891,598913,598916,3,22
598891,598913,598916,3,22
598891,598913,598916,3,22
598891,598914,598916,2,23
598891,598914,598916,2,23
598889,598900,598909,9,11
598891,598912,598917,5,21
598891,598914,598916,2,23
598891,598913,598917,4,22
598891,598913,598917,4,22
598889,598900,598918,18,11
598891,598916,598918,2,25
598891,598914,598918,4,23
598891,598914,598918,4,23
598891,598915,598918,3,24
598891,598916,598919,3,25
598891,598917,598919,2,26
598891,598917,598919,2,26
598891,598917,598919,2,26
598891,598917,598919,2,26
598891,598915,598920,5,24
598891,598909,598920,11,18
598891,598916,598921,5,25
598891,598913,598921,8,22
598891,598914,598920,6,23
598891,598911,598920,9,20
598891,598914,598921,7,23
598891,598916,598921,5,25
598889,598899,598923,24,10
597510,597524,599010,1486,14
599011,599011,599014,3,0
599011,599011,599014,3,0
599011,599011,599013,2,0
599011,599011,599015,4,0
599011,599011,599015,4,0
599011,599011,599016,5,0
599011,599011,599016,5,0
599011,599011,599016,5,0
599011,599011,599016,5,0
599011,599011,599016,5,0
599011,599011,599015,4,0
599011,599011,599015,4,0
599011,599011,599016,5,0
599011,599011,599016,5,0
599011,599011,599016,5,0
599011,599011,599017,6,0
599011,599011,599018,7,0
599011,599014,599018,4,3
599011,599014,599018,4,3
599011,599014,599018,4,3
599011,599015,599018,3,4
599011,599011,599019,8,0
599011,599016,599019,3,5
599011,599016,599019,3,5
599011,599016,599019,3,5
599011,599011,599020,9,0
599011,599016,599021,5,5
599011,599016,599021,5,5
599011,599011,599021,10,0
599011,599011,599021,10,0
599011,599018,599021,3,7
599011,599018,599021,3,7
599011,599016,599021,5,5
599011,599017,599021,4,6
599011,599018,599021,3,7
599011,599018,599022,4,7
599011,599019,599022,3,8
599011,599011,599022,11,0
599011,599017,599022,5,6
599011,599016,599022,6,5
599011,599017,599022,5,6
599011,599018,599022,4,7
599011,599015,599022,7,4
599011,599019,599022,3,8
599011,599019,599022,3,8
599011,599019,599022,3,8
599011,599017,599022,5,6
599011,599021,599024,3,10
599011,599020,599024,4,9
599011,599021,599024,3,10
599011,599021,599024,3,10
599011,599022,599025,3,11
599011,599023,599025,2,12
599011,599021,599025,4,10
599011,599022,599025,3,11
599011,599022,599025,3,11
599011,599021,599025,4,10
599011,599021,599026,5,10
599011,599021,599026,5,10
599011,599022,599025,3,11
599011,599011,599024,13,0
599011,599011,599021,10,0
599011,599011,599023,12,0
599011,599022,599028,6,11
599011,599022,599028,6,11
599011,599022,599028,6,11
599011,599022,599036,14,11
599011,599022,599036,14,11
599011,599021,599033,12,10
599011,599021,599047,26,10
597598,597614,599070,1456,16
599075,599075,599078,3,0
599075,599075,599078,3,0
599075,599075,599078,3,0
599075,599075,599079,4,0
599075,599075,599080,5,0
599075,599075,599080,5,0
599075,599075,599079,4,0
599075,599075,599080,5,0
599075,599075,599080,5,0
599075,599075,599079,4,0
599075,599075,599080,5,0
599075,599075,599081,6,0
599075,599075,599081,6,0
599075,599075,599081,6,0
599075,599075,599080,5,0
599075,599078,599082,4,3
599075,599078,599082,4,3
599075,599075,599082,7,0
599075,599080,599083,3,5
599075,599080,599083,3,5
599075,599080,599083,3,5
599075,599078,599083,5,3
599075,599075,599084,9,0
599075,599081,599084,3,6
599075,599080,599085,5,5
599075,599079,599085,6,4
599075,599080,599085,5,5
599075,599081,599084,3,6
599075,599082,599085,3,7
599075,599081,599086,5,6
599075,599075,599086,11,0
599075,599084,599086,2,9
599075,599084,599086,2,9
599075,599084,599086,2,9
599075,599082,599086,4,7
599075,599084,599086,2,9
599075,599082,599086,4,7
599075,599080,599086,6,5
599075,599080,599086,6,5
599075,599085,599087,2,10
599075,599081,599087,6,6
599075,599075,599086,11,0
599075,599084,599089,5,9
599075,599075,599089,14,0
599075,599075,599089,14,0
599075,599086,599089,3,11
599075,599087,599089,2,12
599075,599087,599089,2,12
599075,599087,599089,2,12
599075,599075,599089,14,0
599075,599087,599090,3,12
599075,599086,599090,4,11
599075,599087,599090,3,12
599075,599085,599090,5,10
599075,599087,599090,3,12
599075,599087,599090,3,12
599075,599086,599091,5,11
599075,599087,599091,4,12
599075,599075,599092,17,0
599075,599086,599092,6,11
599075,599086,599092,6,11
599075,599087,599093,6,12
599075,599088,599093,5,13
599075,599076,599092,16,1
599075,599089,599095,6,14
599075,599075,599099,24,0
599075,599089,599100,11,14
599075,599090,599107,17,15
599075,599086,599108,22,11
599075,599090,599108,18,15
598192,598209,599134,925,17
598128,598142,599137,995,14
599137,599137,599141,4,0
599137,599137,599141,4,0
599137,599137,599140,3,0
599137,599137,599142,5,0
599137,599137,599142,5,0
599137,599137,599142,5,0
599137,599137,599142,5,0
599137,599137,599143,6,0
599137,599137,599143,6,0
599137,599137,599142,5,0
599137,599137,599143,6,0
599137,599137,599144,7,0
599137,599137,599144,7,0
599137,599137,599143,6,0
599137,599137,599143,6,0
599137,599141,599144,3,4
599137,599137,599144,7,0
599137,599137,599145,8,0
599137,599142,599145,3,5
599137,599137,599142,5,0
599137,599137,599146,9,0
599137,599137,599146,9,0
599137,599137,599145,8,0
599137,599143,599146,3,6
599137,599143,599146,3,6
599137,599137,599146,9,0
599137,599142,599147,5,5
599137,599141,599146,5,4
599137,599144,599147,3,7
599137,599141,599147,6,4
599137,599144,599147,3,7
599137,599144,599147,3,7
599137,599143,599146,3,6
599137,599144,599147,3,7
599137,599142,599147,5,5
599137,599142,599148,6,5
599137,599143,599148,5,6
599137,599145,599148,3,8
599137,599145,599148,3,8
599137,599144,599149,5,7
599137,599145,599148,3,8
599137,599146,599148,2,9
599137,599146,599149,3,9
599137,599147,599149,2,10
599137,599147,599149,2,10
599137,599147,599150,3,10
599137,599147,599150,3,10
599137,599147,599150,3,10
599137,599147,599151,4,10
599137,599147,599151,4,10
599137,599148,599151,3,11
599137,599148,599151,3,11
599137,599149,599151,2,12
599137,599137,599148,11,0
599137,599137,599146,9,0
599137,599137,599146,9,0
599137,599147,599152,5,10
599137,599149,599152,3,12
599137,599148,599153,5,11
599137,599150,599153,3,13
599137,599147,599152,5,10
599137,599148,599153,5,11
599137,599148,599153,5,11
599137,599149,599154,5,12
599139,599151,599154,3,12
599139,599153,599155,2,14
599139,599152,599156,4,13
599139,599152,599156,4,13
599139,599151,599156,5,12
599139,599150,599156,6,11
599139,599151,599157,6,12
599139,599153,599156,3,14
599137,599149,599156,7,12
599139,599151,599157,6,12
599139,599155,599157,2,16
599139,599151,599157,6,12
599139,599153,599157,4,14
599139,599153,599158,5,14
599139,599153,599158,5,14
599139,599153,599158,5,14
599139,599156,599159,3,17
599139,599157,599159,2,18
599139,599157,599159,2,18
599139,599157,599159,2,18
599139,599154,599160,6,15
599139,599158,599160,2,19
599139,599157,599161,4,18
599139,599151,599161,10,12
599139,599157,599161,4,18
599139,599156,599160,4,17
599139,599158,599161,3,19
599139,599158,599161,3,19
599137,599146,599157,11,9
599139,599159,599162,3,20
599139,599160,599163,3,21
599139,599159,599163,4,20
599139,599161,599163,2,22
599137,599137,599164,27,0
599139,599158,599164,6,19
599139,599161,599164,3,22
599139,599158,599164,6,19
599139,599159,599164,5,20
599139,599160,599164,4,21
599139,599162,599164,2,23
599139,599160,599164,4,21
599139,599162,599164,2,23
599139,599151,599165,14,12
599139,599161,599165,4,22
599139,599161,599165,4,22
599139,599163,599166,3,24
599139,599163,599165,2,24
599139,599160,599166,6,21
599139,599161,599166,5,22
599139,599164,599166,2,25
599137,599146,599167,21,9
599139,599165,599167,2,26
599139,599165,599167,2,26
599139,599165,599168,3,26
599139,599165,599167,2,26
599139,599156,599167,11,17
599139,599166,599168,2,27
599139,599165,599168,3,26
599139,599166,599168,2,27
599139,599166,599169,3,27
599139,599164,599169,5,25
599139,599165,599168,3,26
599139,599164,599169,5,25
599139,599165,599169,4,26
599139,599165,599169,4,26
599139,599167,599169,2,28
599139,599167,599170,3,28
599139,599165,599171,6,26
599139,599166,599171,5,27
599137,599146,599175,29,9
599137,599146,599177,31,9
599139,599152,599177,25,13
599139,599162,599181,19,23
599139,599164,599189,25,25
599139,599167,599191,24,28
599139,599152,599194,42,13
598335,598345,599294,949,10
599295,599295,599298,3,0
599295,599295,599299,4,0
599295,599295,599300,5,0
599295,599295,599300,5,0
599295,599295,599300,5,0
599295,599295,599300,5,0
599295,599295,599300,5,0
599295,599295,599300,5,0
599295,599295,599301,6,0
599295,599295,599300,5,0
599295,599295,599301,6,0
599295,599295,599302,7,0
599295,599295,599302,7,0
599295,599298,599301,3,3
599295,599295,599302,7,0
599295,599295,599302,7,0
599295,599300,599303,3,5
599295,599295,599303,8,0
599295,599295,599302,7,0
599295,599295,599303,8,0
599295,599302,599304,2,7
599295,599301,599304,3,6
599295,599301,599304,3,6
599295,599302,599305,3,7
599295,599300,599305,5,5
599295,599299,599305,6,4
599295,599302,599305,3,7
599295,599303,599306,3,8
599295,599303,599306,3,8
599295,599300,599306,6,5
599295,599303,599306,3,8
599295,599304,599306,2,9
599295,599302,599306,4,7
599295,599303,599306,3,8
599295,599301,599307,6,6
599295,599301,599307,6,6
599295,599304,599307,3,9
599295,599301,599306,5,6
599295,599302,599307,5,7
599295,599295,599306,11,0
599295,599305,599307,2,10
599295,599305,599308,3,10
599295,599307,599308,1,12
599295,599295,599308,13,0
599295,599307,599309,2,12
599295,599306,599308,2,11
599295,599305,599308,3,10
599295,599306,599309,3,11
599295,599306,599309,3,11
599295,599305,599309,4,10
599295,599307,599309,2,12
599295,599307,599309,2,12
599295,599307,599310,3,12
599295,599305,599310,5,10
599295,599309,599310,1,14
599295,599308,599311,3,13
599295,599307,599311,4,12
599295,599308,599311,3,13
599295,599306,599311,5,11
599295,599307,599311,4,12
599295,599295,599311,16,0
599295,599307,599312,5,12
599295,599307,599312,5,12
599295,599295,599317,22,0
599295,599295,599317,22,0
599295,599295,599318,23,0
599295,599308,599322,14,13
599295,599309,599323,14,14
597807,597844,599325,1481,37
599295,599295,599326,31,0
599326,599326,599328,2,0
599326,599326,599328,2,0
599326,599326,599329,3,0
599326,599326,599329,3,0
599326,599326,599331,5,0
599326,599326,599330,4,0
599326,599326,599330,4,0
599326,599326,599330,4,0
599326,599326,599332,6,0
599326,599326,599331,5,0
599326,599326,599332,6,0
599326,599329,599331,2,3
599326,599326,599332,6,0
599326,599330,599333,3,4
599326,599326,599332,6,0
599326,599326,599332,6,0
599326,599329,599332,3,3
599326,599329,599332,3,3
599326,599326,599332,6,0
599326,599326,599333,7,0
599326,599326,599334,8,0
599326,599326,599335,9,0
599326,599332,599335,3,6
599326,599331,599334,3,5
599326,599332,599334,2,6
599326,599326,599336,10,0
599326,599332,599335,3,6
599326,599331,599336,5,5
599326,599333,599335,2,7
599326,599332,599335,3,6
599326,599333,599336,3,7
599326,599333,599336,3,7
599326,599333,599336,3,7
599326,599333,599337,4,7
599326,599333,599337,4,7
599326,599331,599337,6,5
599326,599335,599338,3,9
599326,599335,599337,2,9
599326,599335,599337,2,9
599326,599326,599338,12,0
599326,599326,599338,12,0
599326,599334,599339,5,8
599326,599336,599339,3,10
599326,599336,599338,2,10
599326,599331,599338,7,5
599326,599333,599339,6,7
599326,599336,599339,3,10
599326,599336,599339,3,10
599326,599334,599340,6,8
599326,599335,599340,5,9
599326,599337,599340,3,11
599326,599336,599339,3,10
599295,599295,599341,46,0
599326,599336,599341,5,10
599326,599338,599341,3,12
599326,599338,599341,3,12
599326,599338,599340,2,12
599326,599338,599340,2,12
599326,599326,599336,10,0
599326,599338,599341,3,12
599326,599339,599342,3,13
599326,599339,599341,2,13
599326,599326,599342,16,0
599326,599339,599344,5,13
599326,599338,599346,8,12
599326,599336,599346,10,10
599326,599339,599346,7,13
599326,599339,599351,12,13
599326,599326,599360,34,0
599326,599326,599363,37,0
599326,599327,599366,39,1
598394,598407,599369,962,13
599396,599396,599398,2,0
599396,599396,599399,3,0
599396,599396,599399,3,0
599396,599396,599400,4,0
599396,599398,599400,2,2
599396,599396,599401,5,0
599396,599396,599401,5,0
599396,599396,599401,5,0
599396,599396,599401,5,0
599396,599396,599402,6,0
599396,599396,599402,6,0
599396,599396,599401,5,0
599396,599396,599401,5,0
599396,599396,599402,6,0
599396,599396,599402,6,0
599396,599396,599401,5,0
599396,599396,599403,7,0
599396,599396,599402,6,0
599396,599396,599403,7,0
599396,599396,599403,7,0
599396,599400,599402,2,4
599396,599400,599403,3,4
599396,599399,599402,3,3
599396,599396,599404,8,0
599396,599402,599404,2,6
599396,599402,599404,2,6
599396,599402,599405,3,6
599396,599403,599405,2,7
599396,599402,599405,3,6
599396,599403,599405,2,7
599396,599401,599406,5,5
599396,599401,599405,4,5
599396,599401,599406,5,5
599396,599400,599405,5,4
599396,599401,599406,5,5
599396,599403,599406,3,7
599396,599403,599406,3,7
599396,599403,599406,3,7
599396,599403,599405,2,7
599396,599404,599406,2,8
599396,599404,599406,2,8
599396,599402,599406,4,6
599396,599404,599406,2,8
599396,599396,599406,10,0
599396,599396,599407,11,0
599396,599402,599407,5,6
599396,599405,599407,2,9
599396,599405,599407,2,9
599396,599404,599408,4,8
599396,599402,599407,5,6
599396,599405,599408,3,9
599396,599406,599408,2,10
599396,599405,599408,3,9
599396,599406,599408,2,10
599396,599406,599409,3,10
599396,599406,599409,3,10
599396,599406,599409,3,10
599396,599406,599408,2,10
599396,599407,599409,2,11
599396,599406,599410,4,10
599396,599406,599410,4,10
599396,599406,599410,4,10
599396,599406,599411,5,10
599396,599396,599414,18,0
599396,599396,599410,14,0
599396,599396,599410,14,0
599396,599406,599416,10,10
599396,599396,599421,25,0
599396,599396,599425,29,0
599396,599396,599435,39,0
598010,598028,599561,1533,18
599562,599562,599564,2,0
599562,599562,599565,3,0
599562,599562,599566,4,0
599562,599562,599567,5,0
599562,599562,599567,5,0
599562,599562,599566,4,0
599562,599562,599566,4,0
599562,599562,599566,4,0
599562,599564,599567,3,2
599562,599562,599567,5,0
599562,599562,599567,5,0
599562,599562,599567,5,0
599562,599562,599568,6,0
599562,599565,599568,3,3
599562,599562,599568,6,0
599562,599562,599568,6,0
599562,599562,599567,5,0
599562,599562,599569,7,0
599562,599562,599569,7,0
599562,599562,599568,6,0
599562,599562,599568,6,0
599562,599562,599569,7,0
599562,599562,599569,7,0
599562,599567,599570,3,5
599562,599567,599570,3,5
599562,599567,599571,4,5
599562,599568,599571,3,6
599562,599568,599571,3,6
599562,599569,599572,3,7
599562,599567,599572,5,5
599562,599567,599572,5,5
599562,599570,599572,2,8
599562,599569,599572,3,7
599562,599569,599572,3,7
599562,599569,599572,3,7
599562,599568,599572,4,6
599562,599569,599572,3,7
599562,599567,599573,6,5
599562,599568,599573,5,6
599562,599567,599573,6,5
599562,599568,599572,4,6
599562,599570,599572,2,8
599562,599568,599574,6,6
599562,599568,599574,6,6
599562,599571,599574,3,9
599562,599571,599574,3,9
599562,599571,599573,2,9
599562,599569,599574,5,7
599562,599572,599575,3,10
599562,599572,599575,3,10
599562,599572,599575,3,10
599562,599572,599575,3,10
599562,599572,599575,3,10
599562,599572,599574,2,10
599562,599562,599572,10,0
599562,599562,599574,12,0
599562,599573,599576,3,11
599562,599572,599576,4,10
599562,599572,599577,5,10
599562,599573,599578,5,11
599562,599562,599578,16,0
599562,599573,599578,5,11
599562,599573,599578,5,11
599562,599568,599580,12,6
599562,599572,599580,8,10
599562,599562,599582,20,0
599562,599562,599583,21,0
599562,599562,599584,22,0
599562,599562,599585,23,0
599562,599562,599585,23,0
598611,598623,599592,969,12
599617,599617,599619,2,0
599617,599617,599621,4,0
599617,599617,599620,3,0
599617,599617,599621,4,0
599617,599617,599620,3,0
599617,599617,599621,4,0
599617,599617,599621,4,0
599617,599617,599621,4,0
599617,599617,599621,4,0
599617,599617,599622,5,0
599617,599617,599622,5,0
599617,599620,599622,2,3
599617,599617,599622,5,0
599617,599617,599622,5,0
599617,599617,599622,5,0
599617,599617,599622,5,0
599617,599617,599622,5,0
599617,599617,599623,6,0
599617,599617,599623,6,0
599617,599617,599623,6,0
599617,599617,599623,6,0
599617,599623,599625,2,6
599617,599617,599625,8,0
599617,599622,599624,2,5
599617,599622,599624,2,5
599617,599622,599624,2,5
599617,599623,599625,2,6
599617,599621,599624,3,4
599617,599623,599625,2,6
599617,599622,599625,3,5
599617,599622,599626,4,5
599617,599621,599626,5,4
599617,599621,599625,4,4
599617,599621,599625,4,4
599617,599623,599625,2,6
599617,599623,599625,2,6
599617,599617,599627,10,0
599617,599625,599627,2,8
599617,599624,599626,2,7
599617,599625,599627,2,8
599617,599625,599627,2,8
599617,599623,599627,4,6
599617,599623,599627,4,6
599617,599623,599628,5,6
599617,599626,599628,2,9
599617,599625,599627,2,8
599617,599625,599628,3,8
599617,599625,599628,3,8
599617,599625,599628,3,8
599617,599625,599627,2,8
599617,599626,599628,2,9
599617,599626,599628,2,9
599617,599627,599629,2,10
599617,599626,599628,2,9
599617,599626,599629,3,9
599617,599626,599629,3,9
599617,599627,599630,3,10
599617,599627,599629,2,10
599617,599624,599630,6,7
599617,599626,599631,5,9
599617,599624,599629,5,7
599617,599627,599630,3,10
599617,599617,599629,12,0
599617,599617,599629,12,0
599617,599617,599630,13,0
599617,599617,599638,21,0
599617,599617,599638,21,0
599617,599617,599639,22,0
598659,598672,599639,967,13
598152,598168,599640,1472,16
599617,599617,599641,24,0
599640,599640,599643,3,0
599640,599640,599642,2,0
599640,599640,599642,2,0
599617,599617,599642,25,0
599640,599640,599643,3,0
599640,599640,599643,3,0
599640,599640,599643,3,0
599640,599640,599645,5,0
599640,599640,599644,4,0
599640,599643,599645,2,3
599640,599640,599645,5,0
599640,599640,599645,5,0
599640,599640,599645,5,0
599640,599640,599645,5,0
599640,599640,599645,5,0
599640,599640,599646,6,0
599640,599640,599645,5,0
599640,599640,599645,5,0
599640,599640,599645,5,0
599640,599640,599646,6,0
599640,599640,599646,6,0
599640,599640,599647,7,0
599640,599643,599646,3,3
599640,599640,599646,6,0
599640,599644,599646,2,4
599640,599644,599646,2,4
599640,599646,599648,2,6
599640,599645,599648,3,5
599640,599645,599647,2,5
599640,599645,599648,3,5
599640,599644,599648,4,4
599640,599647,599649,2,7
599640,599646,599649,3,6
599640,599646,599648,2,6
599640,599646,599648,2,6
599640,599647,599649,2,7
599640,599647,599649,2,7
599640,599647,599649,2,7
599640,599646,599650,4,6
599640,599643,599649,6,3
599640,599647,599649,2,7
599640,599647,599649,2,7
599640,599646,599650,4,6
599640,599646,599650,4,6
599640,599646,599650,4,6
599640,599646,599650,4,6
599640,599648,599650,2,8
599640,599648,599651,3,8
599640,599648,599650,2,8
599640,599649,599651,2,9
599640,599649,599651,2,9
599640,599641,599651,10,1
599640,599640,599651,11,0
599640,599649,599651,2,9
599640,599649,599651,2,9
599640,599649,599651,2,9
599640,599649,599651,2,9
599640,599649,599651,2,9
599640,599640,599644,4,0
599640,599640,599652,12,0
599640,599646,599652,6,6
599640,599649,599652,3,9
599640,599649,599653,4,9
599642,599651,599653,2,9
599642,599651,599653,2,9
599642,599651,599653,2,9
599640,599650,599654,4,10
599642,599652,599654,2,10
599642,599652,599654,2,10
599642,599651,599654,3,9
599642,599652,599655,3,10
599642,599652,599655,3,10
599642,599652,599656,4,10
599642,599652,599656,4,10
599642,599653,599656,3,11
599642,599653,599656,3,11
599642,599653,599656,3,11
599640,599640,599657,17,0
599642,599651,599656,5,9
599642,599650,599657,7,8
599642,599650,599657,7,8
599642,599650,599657,7,8
599642,599653,599658,5,11
599642,599653,599657,4,11
599642,599651,599658,7,9
599642,599655,599658,3,13
599642,599655,599658,3,13
599642,599655,599658,3,13
599642,599655,599658,3,13
599642,599656,599659,3,14
599642,599656,599659,3,14
599642,599657,599659,2,15
599642,599657,599660,3,15
599642,599656,599659,3,14
599642,599656,599660,4,14
599642,599656,599660,4,14
599642,599655,599660,5,13
599642,599651,599660,9,9
599642,599653,599660,7,11
599642,599658,599661,3,16
599642,599659,599661,2,17
599642,599660,599662,2,18
599642,599659,599662,3,17
599642,599659,599662,3,17
599642,599659,599662,3,17
599642,599659,599662,3,17
599640,599640,599662,22,0
599640,599640,599662,22,0
599642,599652,599662,10,10
599642,599658,599663,5,16
599642,599657,599663,6,15
599642,599660,599663,3,18
599642,599660,599663,3,18
599642,599661,599663,2,19
599642,599661,599663,2,19
599642,599651,599664,13,9
599642,599657,599663,6,15
599642,599661,599664,3,19
599642,599658,599664,6,16
599642,599662,599664,2,20
599642,599662,599664,2,20
599642,599661,599664,3,19
599642,599663,599665,2,21
599642,599663,599665,2,21
599642,599663,599665,2,21
599642,599662,599666,4,20
599640,599640,599666,26,0
599642,599661,599666,5,19
599642,599663,599667,4,21
599642,599656,599667,11,14
599642,599657,599668,11,15
599642,599651,599668,17,9
599642,599658,599667,9,16
599640,599642,599668,26,2
599640,599640,599669,29,0
599640,599643,599669,26,3
598161,598191,599670,1479,30
599642,599663,599670,7,21
599642,599663,599670,7,21
599642,599652,599671,19,10
599642,599661,599671,10,19
599672,599672,599674,2,0
599672,599673,599675,2,1
599672,599673,599675,2,1
599672,599672,599676,4,0
599672,599672,599676,4,0
599672,599672,599677,5,0
599672,599672,599677,5,0
599672,599673,599677,4,1
599672,599672,599677,5,0
599672,599672,599677,5,0
599672,599672,599677,5,0
599672,599672,599678,6,0
599672,599672,599679,7,0
599672,599672,599678,6,0
599672,599676,599678,2,4
599672,599672,599678,6,0
599672,599672,599678,6,0
599672,599672,599679,7,0
599672,599676,599679,3,4
599672,599672,599679,7,0
599672,599672,599679,7,0
599672,599672,599679,7,0
599672,599672,599679,7,0
599672,599676,599679,3,4
599672,599677,599680,3,5
599672,599678,599680,2,6
599672,599677,599680,3,5
599672,599678,599680,2,6
599672,599678,599680,2,6
599672,599678,599682,4,6
599672,599679,599681,2,7
599672,599679,599681,2,7
599672,599679,599681,2,7
599672,599679,599681,2,7
599672,599679,599681,2,7
599672,599679,599682,3,7
599672,599680,599682,2,8
599672,599680,599682,2,8
599672,599678,599682,4,6
599672,599680,599682,2,8
599672,599680,599682,2,8
599672,599672,599683,11,0
599672,599673,599683,10,1
599672,599680,599683,3,8
599672,599682,599684,2,10
599672,599681,599684,3,9
599672,599672,599684,12,0
599672,599681,599685,4,9
599672,599681,599685,4,9
599672,599682,599685,3,10
599672,599682,599684,2,10
599672,599682,599684,2,10
599672,599682,599684,2,10
599672,599682,599685,3,10
599672,599681,599686,5,9
599672,599680,599685,5,8
599672,599680,599685,5,8
599672,599683,599685,2,11
599672,599683,599685,2,11
599672,599673,599686,13,1
599672,599673,599687,14,1
599672,599673,599687,14,1
599672,599673,599686,13,1
599672,599681,599686,5,9
599672,599678,599686,8,6
599672,599683,599688,5,11
599672,599673,599690,17,1
599672,599673,599692,19,1
599672,599672,599685,13,0
599672,599672,599702,30,0
599642,599653,599712,59,11
598618,598639,599741,1102,21
598261,598275,599744,1469,14
599758,599758,599760,2,0
599758,599758,599761,3,0
599758,599758,599761,3,0
599758,599758,599761,3,0
599758,599758,599762,4,0
599758,599758,599761,3,0
599758,599758,599762,4,0
599758,599758,599763,5,0
599758,599758,599763,5,0
599758,599758,599763,5,0
599758,599758,599763,5,0
599758,599758,599763,5,0
599758,599758,599764,6,0
599758,599761,599763,2,3
599758,599761,599764,3,3
599758,599758,599763,5,0
599758,599761,599764,3,3
599758,599758,599763,5,0
599758,599761,599763,2,3
599758,599762,599765,3,4
599758,599758,599764,6,0
599758,599758,599765,7,0
599758,599758,599765,7,0
599758,599758,599765,7,0
599758,599758,599765,7,0
599758,599762,599764,2,4
599758,599758,599765,7,0
599758,599762,599765,3,4
599758,599763,599766,3,5
599758,599758,599766,8,0
599758,599764,599766,2,6
599758,599764,599766,2,6
599758,599764,599766,2,6
599758,599764,599767,3,6
599758,599764,599767,3,6
599758,599764,599767,3,6
599758,599758,599767,9,0
599758,599763,599768,5,5
599758,599765,599768,3,7
599758,599765,599768,3,7
599758,599765,599768,3,7
599758,599765,599768,3,7
599758,599765,599768,3,7
599758,599766,599768,2,8
599758,599765,599768,3,7
599758,599758,599769,11,0
599758,599758,599769,11,0
599758,599763,599769,6,5
599758,599763,599769,6,5
599758,599764,599769,5,6
598777,598788,599769,981,11
599758,599766,599769,3,8
599758,599766,599769,3,8
599758,599767,599769,2,9
599758,599766,599769,3,8
599758,599764,599770,6,6
599758,599765,599769,4,7
599758,599767,599769,2,9
599758,599767,599769,2,9
599758,599767,599770,3,9
599758,599758,599771,13,0
599758,599758,599771,13,0
599758,599769,599771,2,11
599758,599770,599772,2,12
599758,599758,599772,14,0
599758,599769,599772,3,11
599758,599769,599772,3,11
599758,599770,599772,2,12
599758,599769,599773,4,11
599758,599768,599773,5,10
599758,599770,599773,3,12
599758,599770,599773,3,12
599758,599771,599773,2,13
599758,599769,599773,4,11
599758,599768,599773,5,10
599758,599769,599774,5,11
599758,599770,599774,4,12
599758,599772,599774,2,14
599758,599772,599774,2,14
599758,599770,599775,5,12
599758,599769,599775,6,11
599758,599769,599775,6,11
599758,599768,599775,7,10
599758,599768,599775,7,10
599758,599774,599776,2,16
599758,599774,599776,2,16
599758,599769,599775,6,11
599758,599769,599775,6,11
599758,599773,599775,2,15
599758,599773,599775,2,15
599758,599773,599776,3,15
599758,599774,599777,3,16
599758,599774,599776,2,16
599758,599774,599776,2,16
599758,599775,599776,1,17
599758,599774,599776,2,16
599758,599775,599777,2,17
599758,599774,599776,2,16
599758,599758,599776,18,0
599758,599776,599778,2,18
599758,599776,599778,2,18
599758,599776,599778,2,18
599758,599776,599778,2,18
599758,599774,599778,4,16
599758,599776,599778,2,18
599758,599776,599778,2,18
599758,599777,599779,2,19
599758,599777,599779,2,19
599758,599776,599778,2,18
599758,599776,599778,2,18
599758,599769,599779,10,11
599758,599775,599779,4,17
599758,599774,599779,5,16
599758,599777,599779,2,19
599758,599777,599779,2,19
599758,599777,599779,2,19
599758,599778,599780,2,20
599758,599777,599779,2,19
599758,599778,599780,2,20
599758,599777,599779,2,19
599758,599778,599780,2,20
599758,599778,599780,2,20
599758,599777,599779,2,19
599758,599766,599780,14,8
599758,599776,599780,4,18
599758,599776,599780,4,18
599758,599779,599781,2,21
599770,599780,599782,2,10
599770,599780,599782,2,10
599758,599758,599782,24,0
599770,599780,599782,2,10
599770,599780,599782,2,10
599770,599780,599782,2,10
599770,599780,599782,2,10
599758,599758,599772,14,0
599770,599780,599782,2,10
599758,599778,599783,5,20
599770,599779,599784,5,9
599770,599779,599783,4,9
599770,599780,599783,3,10
599770,599779,599784,5,9
599770,599782,599784,2,12
599770,599780,599784,4,10
599770,599779,599784,5,9
599770,599782,599785,3,12
599758,599758,599785,27,0
599758,599771,599785,14,13
599770,599781,599785,4,11
599770,599781,599785,4,11
599770,599782,599785,3,12
599770,599783,599786,3,13
599770,599783,599785,2,13
599770,599783,599786,3,13
599770,599783,599785,2,13
599770,599779,599785,6,9
599770,599783,599786,3,13
599770,599784,599786,2,14
599758,599758,599782,24,0
599758,599769,599782,13,11
599770,599780,599787,7,10
599770,599784,599786,2,14
599770,599784,599787,3,14
599770,599784,599787,3,14
599770,599784,599787,3,14
599770,599780,599787,7,10
599770,599785,599787,2,15
599770,599785,599788,3,15
599758,599758,599788,30,0
599770,599786,599788,2,16
599770,599786,599788,2,16
599770,599785,599788,3,15
599758,599768,599788,20,10
599758,599768,599788,20,10
599770,599786,599788,2,16
599770,599786,599788,2,16
599770,599786,599788,2,16
599758,599758,599789,31,0
599770,599783,599788,5,13
599770,599786,599789,3,16
599770,599786,599788,2,16
599770,599786,599788,2,16
599770,599787,599789,2,17
599758,599772,599789,17,14
599770,599784,599789,5,14
599770,599786,599790,4,16
599770,599787,599789,2,17
599770,599787,599789,2,17
599770,599788,599790,2,18
599770,599788,599790,2,18
599770,599787,599790,3,17
599770,599787,599790,3,17
599770,599788,599790,2,18
599770,599786,599790,4,16
599770,599788,599790,2,18
599770,599788,599791,3,18
599770,599789,599792,3,19
599770,599789,599792,3,19
599770,599787,599791,4,17
599770,599788,599793,5,18
599770,599788,599793,5,18
599758,599771,599793,22,13
599770,599779,599794,15,9
599770,599780,599795,15,10
599770,599788,599796,8,18
599758,599777,599788,11,19
599770,599782,599808,26,12
599770,599785,599810,25,15
599770,599787,599811,24,17
599770,599787,599813,26,17
599770,599779,599826,47,9
598337,598361,599828,1467,24
599770,599785,599838,53,15
599844,599844,599847,3,0
599844,599844,599847,3,0
599844,599844,599846,2,0
599844,599844,599847,3,0
599844,599844,599846,2,0
599844,599844,599847,3,0
599844,599844,599847,3,0
599844,599844,599848,4,0
599844,599847,599849,2,3
599844,599844,599849,5,0
599844,599844,599849,5,0
599844,599844,599850,6,0
599844,599844,599849,5,0
599844,599844,599850,6,0
599844,599847,599849,2,3
599844,599844,599850,6,0
599844,599847,599850,3,3
599844,599844,599851,7,0
599844,599844,599851,7,0
599844,599848,599851,3,4
599844,599844,599850,6,0
599844,599844,599851,7,0
599844,599847,599850,3,3
599844,599847,599850,3,3
599844,599848,599851,3,4
599844,599844,599851,7,0
599844,599844,599851,7,0
599844,599849,599852,3,5
599844,599848,599852,4,4
599844,599850,599852,2,6
599844,599850,599852,2,6
599844,599850,599852,2,6
599844,599850,599852,2,6
599844,599850,599853,3,6
599844,599850,599852,2,6
599844,599844,599854,10,0
599844,599844,599854,10,0
599844,599844,599854,10,0
599844,599844,599853,9,0
599844,599844,599854,10,0
599844,599851,599854,3,7
599844,599851,599854,3,7
599844,599851,599854,3,7
599844,599852,599854,2,8
599844,599851,599854,3,7
599844,599851,599854,3,7
599844,599852,599854,2,8
599844,599852,599854,2,8
599844,599851,599854,3,7
599844,599852,599855,3,8
599844,599853,599855,2,9
599844,599851,599855,4,7
599844,599852,599855,3,8
599844,599851,599855,4,7
599844,599853,599855,2,9
599844,599844,599857,13,0
599844,599844,599856,12,0
599844,599844,599856,12,0
599844,599850,599856,6,6
599844,599850,599856,6,6
599844,599851,599856,5,7
599844,599844,599857,13,0
599844,599844,599859,15,0
599844,599844,599861,17,0
599844,599844,599866,22,0
599844,599844,599868,24,0
599844,599844,599868,24,0
599844,599844,599868,24,0
599844,599844,599869,25,0
599844,599844,599882,38,0
598396,598426,599892,1466,30
598894,598917,599908,991,23
599909,599909,599912,3,0
599909,599909,599912,3,0
599909,599909,599912,3,0
599909,599909,599912,3,0
599909,599909,599913,4,0
599909,599909,599913,4,0
599909,599909,599913,4,0
599909,599909,599913,4,0
599909,599909,599914,5,0
599909,599909,599914,5,0
599909,599909,599915,6,0
599909,599909,599915,6,0
599909,599909,599915,6,0
599909,599912,599915,3,3
599909,599912,599915,3,3
599909,599909,599915,6,0
599909,599909,599915,6,0
599909,599909,599915,6,0
599909,599913,599915,2,4
599909,599909,599915,6,0
599909,599909,599916,7,0
599909,599909,599916,7,0
599909,599909,599916,7,0
599909,599913,599916,3,4
599909,599913,599916,3,4
599909,599909,599916,7,0
599909,599913,599916,3,4
599909,599909,599916,7,0
599909,599914,599916,2,5
599909,599914,599916,2,5
599909,599915,599917,2,6
599909,599909,599917,8,0
599909,599916,599917,1,7
599909,599916,599917,1,7
599909,599916,599918,2,7
599909,599916,599918,2,7
599909,599916,599918,2,7
599909,599916,599918,2,7
599909,599916,599918,2,7
599909,599916,599918,2,7
599909,599916,599918,2,7
599909,599914,599919,5,5
599909,599917,599919,2,8
599909,599917,599919,2,8
599909,599917,599919,2,8
599909,599917,599919,2,8
599909,599917,599919,2,8
599909,599917,599919,2,8
599909,599909,599917,8,0
599909,599909,599917,8,0
599909,599909,599920,11,0
599909,599909,599920,11,0
599909,599915,599920,5,6
599909,599917,599921,4,8
599909,599918,599920,2,9
599909,599909,599921,12,0
599909,599909,599921,12,0
599909,599909,599922,13,0
599909,599909,599922,13,0
599909,599920,599922,2,11
599909,599920,599922,2,11
599909,599920,599922,2,11
599909,599918,599922,4,9
599909,599918,599923,5,9
599909,599919,599922,3,10
599909,599920,599922,2,11
599909,599920,599922,2,11
599909,599920,599922,2,11
599909,599917,599923,6,8
599909,599918,599923,5,9
599909,599918,599923,5,9
599909,599917,599924,7,8
599909,599917,599924,7,8
599909,599920,599924,4,11
599909,599921,599924,3,12
599909,599919,599924,5,10
599909,599919,599924,5,10
599909,599919,599924,5,10
599909,599921,599925,4,12
599909,599923,599925,2,14
599909,599923,599925,2,14
599909,599924,599926,2,15
599909,599923,599925,2,14
599909,599923,599925,2,14
599909,599923,599925,2,14
599909,599923,599926,3,14
599909,599923,599926,3,14
599909,599923,599926,3,14
599909,599921,599926,5,12
599909,599919,599926,7,10
599909,599919,599926,7,10
599909,599924,599926,2,15
599909,599923,599926,3,14
599909,599924,599928,4,15
599909,599925,599927,2,16
599909,599926,599928,2,17
599909,599925,599927,2,16
599909,599925,599927,2,16
599909,599925,599928,3,16
599909,599926,599929,3,17
599909,599926,599929,3,17
599909,599926,599928,2,17
599909,599926,599928,2,17
599909,599927,599929,2,18
599909,599926,599929,3,17
599909,599926,599929,3,17
599909,599926,599929,3,17
599909,599926,599928,2,17
599909,599925,599929,4,16
599909,599925,599929,4,16
599909,599927,599930,3,18
599909,599928,599930,2,19
599909,599927,599929,2,18
599909,599927,599929,2,18
599909,599928,599930,2,19
599909,599926,599930,4,17
599909,599927,599931,4,18
599909,599928,599930,2,19
599909,599928,599930,2,19
599909,599909,599923,14,0
599909,599909,599924,15,0
599909,599920,599931,11,11
599909,599925,599931,6,16
599909,599928,599931,3,19
599909,599929,599931,2,20
599909,599929,599932,3,20
599909,599929,599931,2,20
599909,599909,599932,23,0
599909,599920,599932,12,11
599909,599921,599926,5,12
599909,599909,599933,24,0
599909,599909,599935,26,0
599909,599909,599935,26,0
599909,599922,599935,13,13
599909,599921,599936,15,12
599909,599922,599939,17,13
599909,599909,599942,33,0
599909,599923,599943,20,14
599909,599923,599946,23,14
599909,599909,599954,45,0
598476,598490,599963,1473,14
599974,599974,599977,3,0
599974,599974,599977,3,0
599974,599974,599977,3,0
599974,599974,599977,3,0
599974,599974,599978,4,0
599974,599974,599977,3,0
599974,599974,599978,4,0
599974,599974,599978,4,0
599974,599974,599979,5,0
599974,599974,599979,5,0
599974,599974,599979,5,0
599974,599974,599980,6,0
599974,599974,599980,6,0
599974,599974,599980,6,0
599974,599978,599980,2,4
599974,599978,599980,2,4
599974,599974,599980,6,0
599974,599978,599980,2,4
599974,599978,599980,2,4
599974,599974,599981,7,0
599974,599974,599981,7,0
599974,599979,599981,2,5
599974,599979,599981,2,5
599974,599979,599981,2,5
599974,599980,599981,1,6
599974,599974,599981,7,0
599974,599980,599982,2,6
599974,599974,599981,7,0
599974,599979,599981,2,5
599974,599974,599982,8,0
599974,599981,599983,2,7
599974,599980,599982,2,6
599974,599981,599983,2,7
599974,599981,599983,2,7
599974,599982,599983,1,8
599974,599982,599983,1,8
599974,599981,599983,2,7
599974,599981,599983,2,7
599974,599982,599984,2,8
599974,599982,599984,2,8
599974,599982,599984,2,8
599974,599982,599984,2,8
599974,599974,599985,11,0
599974,599974,599985,11,0
599974,599981,599985,4,7
599974,599981,599985,4,7
599974,599982,599985,3,8
599974,599982,599985,3,8
599974,599982,599985,3,8
599974,599982,599985,3,8
599974,599983,599985,2,9
599974,599974,599986,12,0
599974,599974,599986,12,0
599974,599974,599986,12,0
599974,599981,599986,5,7
599974,599974,599987,13,0
599974,599975,599987,12,1
599974,599974,599989,15,0
599974,599974,599985,11,0
599974,599975,599999,24,1
599974,599974,599999,25,0
599974,599974,599999,25,0
599974,599974,600001,27,0
599974,599974,600001,27,0
599974,599974,600002,28,0
599974,599974,600003,29,0
599974,599974,600003,29,0
599974,599974,600004,30,0
599974,599974,600004,30,0
599974,599974,600009,35,0
599012,599023,600035,1012,11
600038,600038,600040,2,0
600038,600038,600040,2,0
600038,600038,600040,2,0
600038,600038,600040,2,0
600038,600038,600040,2,0
600038,600038,600040,2,0
600038,600038,600041,3,0
600038,600038,600041,3,0
600038,600038,600042,4,0
600038,600038,600043,5,0
600038,600041,600043,2,3
600038,600038,600043,5,0
600038,600038,600043,5,0
600038,600038,600043,5,0
600038,600038,600043,5,0
600038,600041,600043,2,3
600038,600038,600043,5,0
600038,600041,600043,2,3
600038,600038,600043,5,0
600038,600038,600044,6,0
600038,600038,600043,5,0
600038,600041,600043,2,3
600038,600041,600043,2,3
600038,600041,600043,2,3
600038,600042,600044,2,4
600038,600042,600045,3,4
600038,600042,600045,3,4
600038,600038,600044,6,0
600038,600043,600045,2,5
600038,600038,600044,6,0
600038,600043,600045,2,5
600038,600038,600046,8,0
600038,600044,600046,2,6
600038,600044,600047,3,6
600038,600044,600046,2,6
600038,600044,600046,2,6
600038,600045,600047,2,7
600038,600044,600047,3,6
600038,600044,600046,2,6
600038,600044,600046,2,6
600038,600044,600046,2,6
600038,600044,600046,2,6
600038,600044,600046,2,6
600038,600045,600047,2,7
600038,600045,600047,2,7
600038,600045,600047,2,7
600038,600045,600047,2,7
600038,600038,600049,11,0
600038,600044,600048,4,6
600038,600044,600049,5,6
600038,600044,600049,5,6
600038,600038,600049,11,0
600038,600038,600050,12,0
600038,600038,600049,11,0
600038,600038,600050,12,0
600038,600038,600051,13,0
600038,600038,600051,13,0
600038,600038,600051,13,0
600038,600038,600050,12,0
600038,600038,600049,11,0
600038,600038,600052,14,0
600038,600038,600051,13,0
600038,600038,600055,17,0
600038,600038,600055,17,0
600038,600038,600061,23,0
600038,600038,600061,23,0
600038,600038,600061,23,0
600038,600038,600062,24,0
600038,600038,600065,27,0
600038,600038,600064,26,0
599138,599150,600129,979,12
600130,600130,600133,3,0
600130,600130,600132,2,0
600130,600130,600133,3,0
600130,600130,600132,2,0
600130,600130,600133,3,0
600130,600130,600133,3,0
600130,600130,600132,2,0
600130,600130,600132,2,0
600130,600130,600134,4,0
600130,600130,600133,3,0
600130,600130,600134,4,0
600130,600130,600134,4,0
600130,600133,600135,2,3
600130,600130,600134,4,0
600130,600130,600135,5,0
600130,600130,600135,5,0
600130,600130,600135,5,0
600130,600133,600136,3,3
600130,600133,600135,2,3
600130,600130,600135,5,0
600130,600133,600135,2,3
600130,600133,600135,2,3
600130,600134,600136,2,4
600130,600133,600135,2,3
600130,600133,600136,3,3
600130,600133,600136,3,3
600130,600134,600137,3,4
600130,600130,600136,6,0
600130,600130,600137,7,0
600130,600135,600137,2,5
600130,600134,600137,3,4
600130,600130,600138,8,0
600130,600135,600137,2,5
600130,600136,600138,2,6
600130,600136,600138,2,6
600130,600130,600137,7,0
600130,600135,600138,3,5
600130,600130,600139,9,0
600130,600136,600139,3,6
600130,600136,600138,2,6
600130,600136,600138,2,6
600130,600136,600138,2,6
600130,600136,600139,3,6
600130,600136,600138,2,6
600130,600134,600139,5,4
600130,600137,600139,2,7
600130,600137,600140,3,7
600130,600137,600140,3,7
600130,600136,600141,5,6
600130,600136,600141,5,6
600130,600130,600143,13,0
600130,600130,600135,5,0
600130,600130,600141,11,0
600130,600130,600148,18,0
600130,600130,600147,17,0
600130,600130,600148,18,0
600130,600130,600149,19,0
600130,600130,600148,18,0
600130,600130,600149,19,0
600130,600130,600149,19,0
600130,600130,600150,20,0
600130,600130,600150,20,0
600130,600130,600151,21,0
600130,600130,600151,21,0
600130,600130,600152,22,0
600130,600130,600152,22,0
600130,600130,600154,24,0
600130,600130,600154,24,0
599076,599090,600156,1066,14
600158,600158,600161,3,0
600158,600158,600160,2,0
600158,600158,600160,2,0
600158,600158,600160,2,0
600158,600158,600160,2,0
600158,600158,600160,2,0
600158,600158,600160,2,0
600158,600158,600162,4,0
600158,600158,600161,3,0
600158,600158,600161,3,0
600158,600158,600162,4,0
600158,600158,600163,5,0
600158,600158,600163,5,0
600158,600158,600162,4,0
600158,600158,600163,5,0
600158,600161,600163,2,3
600158,600158,600163,5,0
600158,600158,600163,5,0
600158,600158,600163,5,0
600158,600158,600164,6,0
600158,600161,600163,2,3
600158,600161,600163,2,3
600158,600161,600164,3,3
600158,600161,600163,2,3
600158,600161,600164,3,3
600158,600161,600163,2,3
600158,600158,600165,7,0
600158,600163,600165,2,5
600158,600163,600165,2,5
600158,600162,600164,2,4
600158,600162,600165,3,4
600158,600158,600165,7,0
600158,600158,600164,6,0
600158,600158,600164,6,0
600158,600162,600164,2,4
600158,600164,600166,2,6
600158,600162,600165,3,4
600158,600164,600166,2,6
600158,600163,600165,2,5
600158,600163,600165,2,5
600158,600158,600166,8,0
600158,600164,600166,2,6
600158,600164,600166,2,6
600158,600164,600166,2,6
600158,600164,600167,3,6
600158,600165,600167,2,7
600158,600165,600167,2,7
600158,600164,600166,2,6
600158,600163,600168,5,5
600158,600165,600167,2,7
600158,600164,600169,5,6
600158,600164,600168,4,6
600158,600158,600162,4,0
600158,600158,600164,6,0
600158,600158,600169,11,0
600158,600158,600171,13,0
600158,600158,600170,12,0
600158,600158,600172,14,0
600158,600158,600171,13,0
600158,600158,600172,14,0
600158,600158,600173,15,0
600158,600158,600173,15,0
600130,600130,600168,38,0
600158,600158,600170,12,0
600158,600158,600167,9,0
600158,600163,600172,9,5
600158,600158,600179,21,0
600158,600158,600181,23,0
600158,600158,600176,18,0
600158,600158,600181,23,0
600130,600130,600188,58,0
600158,600158,600220,62,0
598890,598901,600392,1491,11
600393,600393,600396,3,0
600393,600393,600396,3,0
600393,600393,600396,3,0
600393,600393,600395,2,0
600393,600393,600396,3,0
600393,600393,600396,3,0
600393,600393,600396,3,0
600393,600393,600396,3,0
600393,600393,600397,4,0
600393,600393,600397,4,0
600393,600393,600397,4,0
600393,600393,600397,4,0
600393,600396,600398,2,3
600393,600393,600398,5,0
600393,600393,600398,5,0
600393,600393,600399,6,0
600393,600396,600398,2,3
600393,600396,600399,3,3
600393,600396,600399,3,3
600393,600393,600399,6,0
600393,600393,600399,6,0
600393,600396,600398,2,3
600393,600396,600398,2,3
600393,600393,600399,6,0
600393,600396,600398,2,3
600393,600397,600400,3,4
600393,600397,600400,3,4
600393,600397,600400,3,4
600393,600393,600399,6,0
600393,600393,600399,6,0
600393,600397,600399,2,4
600393,600398,600400,2,5
600393,600397,600400,3,4
600393,600398,600400,2,5
600393,600399,600401,2,6
600393,600399,600401,2,6
600393,600399,600401,2,6
600393,600398,600401,3,5
600393,600399,600401,2,6
600393,600399,600402,3,6
600393,600399,600401,2,6
600393,600399,600402,3,6
600393,600399,600401,2,6
600393,600399,600401,2,6
600393,600399,600402,3,6
600393,600400,600403,3,7
600393,600393,600404,11,0
600393,600393,600405,12,0
600393,600393,600405,12,0
600393,600393,600405,12,0
600393,600393,600406,13,0
600393,600393,600406,13,0
600393,600393,600406,13,0
600393,600393,600407,14,0
600393,600393,600406,13,0
600393,600393,600406,13,0
600393,600393,600408,15,0
600393,600393,600408,15,0
600393,600393,600407,14,0
600393,600393,600408,15,0
600393,600393,600410,17,0
600393,600393,600411,18,0
600393,600393,600411,18,0
600393,600393,600416,23,0
600393,600393,600416,23,0
600393,600393,600415,22,0
600393,600393,600418,25,0
600393,600393,600423,30,0
600393,600393,600429,36,0
600393,600393,600436,43,0
600629,600630,601563,933,1
601564,601564,601567,3,0
601564,601564,601567,3,0
601564,601564,601567,3,0
601564,601564,601568,4,0
601564,601564,601569,5,0
601564,601565,601569,4,1
601564,601564,601569,5,0
601564,601565,601570,5,1
601564,601567,601570,3,3
601564,601564,601571,7,0
601564,601564,601571,7,0
601564,601564,601570,6,0
601564,601567,601571,4,3
601564,601567,601571,4,3
601564,601569,601571,2,5
601564,601569,601572,3,5
601564,601564,601572,8,0
601564,601571,601573,2,7
601564,601569,601574,5,5
601564,601572,601575,3,8
601564,601572,601575,3,8
600627,600627,601575,948,0
601564,601569,601575,6,5
601564,601572,601575,3,8
601564,601570,601575,5,6
601564,601572,601575,3,8
601564,601571,601576,5,7
601564,601574,601576,2,10
601564,601564,601577,13,0
601564,601564,601577,13,0
601564,601572,601577,5,8
601564,601575,601577,2,11
601564,601575,601577,2,11
601564,601576,601578,2,12
601564,601572,601578,6,8
601564,601575,601578,3,11
601564,601576,601578,2,12
601564,601576,601579,3,12
601564,601564,601579,15,0
601564,601572,601579,7,8
601564,601576,601579,3,12
601564,601577,601579,2,13
601564,601564,601580,16,0
601564,601576,601580,4,12
601564,601577,601581,4,13
601564,601578,601580,2,14
601564,601578,601580,2,14
600624,600624,601581,957,0
601564,601579,601581,2,15
601564,601564,601581,17,0
601564,601579,601581,2,15
601564,601578,601583,5,14
601564,601579,601582,3,15
601564,601564,601578,14,0
601564,601564,601577,13,0
601564,601579,601583,4,15
601564,601580,601584,4,16
600632,600632,601584,952,0
601576,601581,601584,3,5
600631,600631,601584,953,0
601576,601582,601585,3,6
600626,600626,601585,959,0
601564,601580,601585,5,16
601576,601581,601585,4,5
601564,601564,601586,22,0
600628,600628,601586,958,0
601564,601579,601586,7,15
601564,601580,601586,6,16
601576,601582,601586,4,6
601564,601581,601586,5,17
601576,601584,601587,3,8
601576,601584,601586,2,8
601576,601584,601587,3,8
601576,601585,601587,2,9
601564,601581,601588,7,17
601576,601586,601588,2,10
601576,601584,601588,4,8
601576,601586,601588,2,10
601576,601586,601589,3,10
601576,601586,601589,3,10
601576,601587,601589,2,11
600626,600626,601589,963,0
601576,601587,601589,2,11
601576,601583,601590,7,7
601576,601587,601590,3,11
601576,601587,601589,2,11
601576,601582,601590,8,6
601576,601586,601590,4,10
601576,601588,601590,2,12
601576,601589,601591,2,13
600635,600636,601592,956,1
601576,601589,601591,2,13
601576,601587,601591,4,11
601576,601583,601592,9,7
601576,601589,601592,3,13
601576,601589,601592,3,13
601576,601590,601592,2,14
601564,601564,601592,28,0
601576,601587,601593,6,11
601576,601590,601592,2,14
601576,601590,601592,2,14
601576,601591,601593,2,15
601576,601589,601592,3,13
601576,601590,601593,3,14
601576,601590,601593,3,14
601576,601587,601593,6,11
601576,601589,601593,4,13
601576,601592,601594,2,16
601576,601592,601594,2,16
601576,601593,601594,1,17
601576,601592,601594,2,16
601576,601591,601595,4,15
601576,601588,601593,5,12
601576,601583,601595,12,7
601576,601592,601594,2,16
601576,601593,601595,2,17
601576,601593,601595,2,17
601576,601593,601595,2,17
601576,601593,601595,2,17
601576,601594,601596,2,18
601576,601593,601596,3,17
601576,601593,601596,3,17
601576,601592,601596,4,16
601576,601593,601596,3,17
601576,601595,601597,2,19
601576,601595,601597,2,19
601576,601595,601597,2,19
601576,601592,601597,5,16
601576,601595,601597,2,19
601576,601595,601598,3,19
601576,601591,601598,7,15
601576,601594,601598,4,18
600633,600633,601599,966,0
601564,601564,601600,36,0
601564,601580,601601,21,16
600639,600640,601601,961,1
601582,601598,601601,3,16
601576,601595,601600,5,19
600634,600634,601601,967,0
601582,601596,601601,5,14
601576,601595,601600,5,19
601576,601595,601601,6,19
601582,601596,601601,5,14
601582,601598,601600,2,16
601582,601598,601601,3,16
601576,601593,601599,6,17
601576,601594,601600,6,18
601576,601583,601600,17,7
601564,601564,601601,37,0
600638,600639,601602,963,1
601582,601596,601601,5,14
601582,601598,601602,4,16
601582,601600,601603,3,18
601582,601596,601602,6,14
601582,601598,601603,5,16
601582,601601,601604,3,19
601582,601601,601604,3,19
601582,601598,601603,5,16
600641,600644,601603,959,3
601582,601601,601604,3,19
601582,601601,601604,3,19
601582,601596,601604,8,14
601564,601581,601604,23,17
601576,601593,601604,11,17
601582,601599,601604,5,17
601582,601601,601604,3,19
601582,601601,601604,3,19
601582,601602,601605,3,20
601582,601601,601604,3,19
601564,601564,601606,42,0
601582,601601,601605,4,19
601582,601603,601605,2,21
601582,601603,601606,3,21
601582,601602,601605,3,20
601582,601604,601606,2,22
601582,601599,601606,7,17
601582,601601,601606,5,19
601582,601597,601606,9,15
601582,601603,601606,3,21
601582,601604,601606,2,22
601582,601601,601607,6,19
601582,601604,601607,3,22
601582,601604,601606,2,22
601582,601604,601607,3,22
601582,601604,601606,2,22
601582,601604,601607,3,22
601564,601577,601607,30,13
601582,601606,601608,2,24
601582,601601,601608,7,19
601582,601601,601607,6,19
601582,601604,601608,4,22
601582,601605,601608,3,23
601582,601605,601608,3,23
601582,601605,601608,3,23
601582,601601,601608,7,19
601582,601605,601608,3,23
601582,601606,601608,2,24
601582,601606,601609,3,24
601582,601606,601609,3,24
601582,601607,601609,2,25
601582,601607,601609,2,25
601582,601607,601609,2,25
601582,601607,601610,3,25
601582,601605,601609,4,23
601582,601607,601609,2,25
601582,601607,601610,3,25
601582,601607,601610,3,25
601582,601608,601610,2,26
601585,601609,601611,2,24
601585,601610,601611,1,25
601582,601607,601611,4,25
601585,601609,601612,3,24
601585,601608,601611,3,23
601585,601608,601612,4,23
601585,601609,601612,3,24
601582,601606,601612,6,24
601585,601610,601612,2,25
601585,601610,601612,2,25
601585,601609,601612,3,24
601585,601611,601613,2,26
601585,601610,601612,2,25
601585,601610,601613,3,25
601585,601610,601613,3,25
601585,601608,601613,5,23
601582,601606,601613,7,24
601585,601612,601614,2,27
601585,601612,601614,2,27
601585,601613,601615,2,28
601585,601610,601614,4,25
601585,601608,601615,7,23
601585,601608,601615,7,23
601585,601612,601615,3,27
601585,601612,601615,3,27
601585,601612,601615,3,27
601585,601613,601615,2,28
601585,601614,601616,2,29
601585,601613,601615,2,28
601585,601613,601616,3,28
601585,601613,601616,3,28
601585,601609,601616,7,24
601585,601613,601617,4,28
601585,601612,601616,4,27
601585,601614,601616,2,29
601585,601611,601616,5,26
601585,601613,601616,3,28
601585,601613,601616,3,28
601585,601615,601617,2,30
601585,601612,601617,5,27
601585,601608,601616,8,23
601585,601615,601617,2,30
601585,601616,601618,2,31
601585,601616,601618,2,31
601585,601615,601618,3,30
601585,601616,601618,2,31
601585,601616,601618,2,31
601585,601616,601618,2,31
601585,601617,601619,2,32
601585,601615,601619,4,30
601585,601615,601619,4,30
601585,601617,601619,2,32
601585,601617,601619,2,32
601585,601614,601619,5,29
601564,601577,601620,43,13
601576,601586,601613,27,10
601582,601601,601618,17,19
601585,601617,601619,2,32
601585,601617,601619,2,32
601585,601618,601620,2,33
601585,601615,601619,4,30
601585,601618,601620,2,33
601585,601618,601620,2,33
601585,601618,601621,3,33
601585,601618,601620,2,33
601585,601619,601621,2,34
601564,601564,601621,57,0
601585,601619,601622,3,34
601585,601618,601621,3,33
601585,601619,601622,3,34
601585,601619,601622,3,34
601587,601620,601622,2,33
601585,601617,601622,5,32
601585,601617,601622,5,32
601585,601617,601622,5,32
601585,601619,601622,3,34
601585,601617,601623,6,32
601587,601621,601624,3,34
601587,601620,601624,4,33
601587,601621,601624,3,34
601587,601621,601624,3,34
601587,601620,601624,4,33
601587,601620,601624,4,33
601587,601622,601625,3,35
601587,601621,601624,3,34
601587,601622,601625,3,35
601587,601622,601625,3,35
601587,601622,601625,3,35
601587,601622,601625,3,35
601587,601620,601625,5,33
601587,601620,601625,5,33
601587,601623,601626,3,36
601585,601619,601626,7,34
601587,601623,601626,3,36
601587,601624,601627,3,37
601587,601624,601627,3,37
601587,601624,601627,3,37
601587,601625,601627,2,38
601587,601625,601627,2,38
601587,601625,601627,2,38
601587,601625,601627,2,38
601587,601625,601627,2,38
601587,601625,601628,3,38
600637,600637,601628,991,0
601587,601625,601628,3,38
601587,601620,601629,9,33
601587,601623,601629,6,36
601587,601625,601629,4,38
601587,601626,601629,3,39
601587,601626,601629,3,39
601587,601622,601629,7,35
601587,601619,601630,11,32
601587,601623,601629,6,36
601587,601628,601629,1,41
601582,601608,601629,21,26
601587,601623,601629,6,36
601587,601627,601630,3,40
601587,601627,601630,3,40
601587,601626,601629,3,39
601587,601626,601630,4,39
601587,601628,601630,2,41
601587,601628,601630,2,41
601587,601628,601630,2,41
601587,601628,601630,2,41
601587,601628,601630,2,41
601587,601626,601631,5,39
601587,601629,601631,2,42
601582,601601,601631,30,19
601587,601622,601631,9,35
601587,601628,601632,4,41
601587,601627,601631,4,40
601587,601629,601632,3,42
601587,601629,601632,3,42
601587,601629,601632,3,42
601587,601630,601632,2,43
601587,601630,601633,3,43
601587,601630,601633,3,43
601587,601630,601632,2,43
601587,601630,601633,3,43
601587,601631,601633,2,44
601587,601631,601633,2,44
601582,601606,601634,28,24
601582,601605,601634,29,23
601587,601630,601634,4,43
601587,601629,601634,5,42
601587,601629,601635,6,42
601582,601605,601635,30,23
601587,601631,601635,4,44
601587,601631,601634,3,44
601587,601632,601635,3,45
601587,601630,601635,5,43
601587,601632,601635,3,45
601587,601632,601635,3,45
601587,601632,601635,3,45
601587,601632,601635,3,45
601587,601629,601635,6,42
601587,601620,601633,13,33
601587,601632,601636,4,45
601587,601633,601635,2,46
601587,601634,601636,2,47
601587,601631,601635,4,44
601587,601633,601636,3,46
601587,601633,601636,3,46
601587,601634,601636,2,47
601587,601631,601636,5,44
601587,601633,601637,4,46
601582,601606,601637,31,24
601587,601635,601637,2,48
601587,601635,601637,2,48
601587,601630,601636,6,43
601587,601635,601638,3,48
601587,601636,601638,2,49
601587,601636,601638,2,49
601587,601636,601638,2,49
601582,601596,601638,42,14
601587,601636,601638,2,49
601587,601636,601638,2,49
601587,601636,601638,2,49
600642,600642,601639,997,0
601587,601636,601639,3,49
601587,601635,601639,4,48
601587,601635,601639,4,48
601587,601635,601638,3,48
601587,601636,601639,3,49
601587,601637,601639,2,50
601587,601634,601640,6,47
601587,601636,601640,4,49
601587,601637,601640,3,50
601587,601636,601640,4,49
601587,601636,601640,4,49
601587,601639,601641,2,52
601587,601638,601640,2,51
601587,601638,601641,3,51
601587,601635,601641,6,48
601587,601637,601641,4,50
601587,601639,601641,2,52
601587,601639,601641,2,52
601587,601632,601641,9,45
601587,601639,601641,2,52
601587,601639,601641,2,52
601587,601639,601642,3,52
601587,601639,601642,3,52
601587,601638,601642,4,51
601587,601639,601642,3,52
601587,601640,601643,3,53
601587,601640,601643,3,53
601587,601639,601643,4,52
601587,601639,601644,5,52
601589,601641,601644,3,52
601587,601640,601644,4,53
601587,601640,601644,4,53
601587,601640,601644,4,53
601587,601638,601642,4,51
601589,601643,601645,2,54
601589,601641,601644,3,52
601589,601642,601645,3,53
601589,601642,601645,3,53
601587,601639,601645,6,52
601589,601643,601645,2,54
601587,601634,601645,11,47
601589,601642,601646,4,53
601589,601643,601645,2,54
601587,601640,601646,6,53
601589,601643,601646,3,54
601589,601642,601646,4,53
601587,601641,601646,5,54
601589,601642,601646,4,53
601589,601642,601647,5,53
601589,601644,601647,3,55
601589,601645,601647,2,56
601589,601642,601647,5,53
601589,601645,601647,2,56
601589,601646,601648,2,57
601589,601644,601648,4,55
601589,601644,601648,4,55
601589,601645,601648,3,56
601589,601645,601648,3,56
601589,601646,601648,2,57
601589,601646,601648,2,57
601589,601647,601649,2,58
601587,601630,601648,18,43
601589,601646,601649,3,57
601589,601646,601649,3,57
601589,601647,601649,2,58
601589,601648,601650,2,59
601589,601645,601649,4,56
601589,601647,601649,2,58
601589,601641,601650,9,52
601589,601647,601650,3,58
601589,601642,601651,9,53
601582,601602,601650,48,20
601589,601648,601651,3,59
601589,601648,601650,2,59
601589,601646,601651,5,57
601589,601648,601651,3,59
601589,601649,601651,2,60
601589,601649,601651,2,60
601589,601648,601651,3,59
601589,601649,601651,2,60
601589,601649,601651,2,60
601589,601649,601651,2,60
601589,601649,601651,2,60
601589,601650,601652,2,61
601589,601641,601651,10,52
601589,601646,601651,5,57
601589,601647,601651,4,58
601587,601636,601645,9,49
601589,601649,601651,2,60
601589,601650,601652,2,61
601589,601649,601652,3,60
601589,601651,601652,1,62
601589,601650,601652,2,61
601589,601648,601654,6,59
601589,601651,601654,3,62
601589,601652,601654,2,63
601589,601652,601655,3,63
601589,601652,601654,2,63
601589,601650,601655,5,61
601589,601652,601655,3,63
601589,601652,601654,2,63
601589,601651,601655,4,62
601589,601651,601655,4,62
601589,601651,601655,4,62
601589,601652,601655,3,63
601589,601652,601655,3,63
601591,601653,601657,4,62
601591,601653,601656,3,62
601591,601652,601657,5,61
601587,601639,601656,17,52
601589,601652,601657,5,63
601591,601655,601657,2,64
601591,601655,601658,3,64
601591,601655,601657,2,64
601591,601655,601658,3,64
601591,601655,601657,2,64
601587,601620,601657,37,33
601591,601655,601658,3,64
601591,601655,601658,3,64
601591,601653,601658,5,62
601587,601638,601659,21,51
601591,601652,601660,8,61
601591,601652,601660,8,61
601591,601656,601659,3,65
601591,601656,601659,3,65
601591,601656,601660,4,65
601589,601649,601659,10,60
601591,601657,601660,3,66
601591,601658,601660,2,67
601591,601655,601660,5,64
601591,601658,601661,3,67
601591,601655,601661,6,64
601591,601657,601660,3,66
601591,601658,601660,2,67
601591,601659,601662,3,68
601591,601656,601661,5,65
601591,601658,601661,3,67
601591,601657,601661,4,66
601591,601658,601661,3,67
601591,601660,601662,2,69
601591,601660,601662,2,69
601591,601660,601662,2,69
601591,601660,601662,2,69
601591,601659,601663,4,68
601591,601652,601662,10,61
601591,601652,601663,11,61
601591,601660,601663,3,69
601587,601620,601663,43,33
601591,601658,601664,6,67
601591,601659,601664,5,68
601591,601661,601663,2,70
601591,601661,601664,3,70
601591,601661,601664,3,70
601591,601652,601663,11,61
601587,601632,601664,32,45
601591,601661,601664,3,70
601591,601661,601664,3,70
601591,601662,601665,3,71
601591,601662,601665,3,71
601587,601634,601665,31,47
601591,601662,601665,3,71
601591,601663,601665,2,72
601591,601663,601665,2,72
601591,601663,601665,2,72
601591,601663,601665,2,72
601591,601661,601665,4,70
601591,601662,601665,3,71
601591,601662,601665,3,71
601591,601663,601666,3,72
601591,601661,601666,5,70
601591,601652,601666,14,61
601591,601664,601666,2,73
601591,601664,601666,2,73
601591,601663,601668,5,72
601591,601664,601667,3,73
601589,601646,601667,21,57
601593,601664,601668,4,71
601593,601664,601668,4,71
601591,601664,601668,4,73
601591,601664,601669,5,73
601593,601666,601669,3,73
601593,601666,601669,3,73
601591,601663,601669,6,72
601593,601665,601668,3,72
601593,601665,601669,4,72
601593,601666,601669,3,73
601593,601666,601669,3,73
601593,601666,601669,3,73
601593,601666,601669,3,73
601591,601663,601669,6,72
601593,601666,601669,3,73
601593,601667,601670,3,74
601593,601667,601670,3,74
601593,601665,601669,4,72
601593,601668,601671,3,75
601593,601668,601671,3,75
601593,601668,601671,3,75
601593,601669,601671,2,76
601593,601669,601671,2,76
601593,601666,601672,6,73
601593,601669,601672,3,76
601593,601666,601671,5,73
601593,601669,601672,3,76
601593,601669,601672,3,76
601593,601670,601672,2,77
601593,601670,601672,2,77
601593,601670,601673,3,77
601593,601670,601673,3,77
601593,601669,601672,3,76
601591,601657,601673,16,66
601593,601668,601674,6,75
601593,601669,601674,5,76
601593,601669,601674,5,76
601593,601670,601673,3,77
601593,601670,601674,4,77
601593,601670,601674,4,77
601591,601660,601674,14,69
601593,601672,601674,2,79
601593,601672,601674,2,79
601593,601673,601675,2,80
601593,601672,601674,2,79
601593,601672,601674,2,79
601593,601672,601675,3,79
601593,601672,601675,3,79
601593,601671,601675,4,78
601593,601672,601675,3,79
601593,601673,601676,3,80
601593,601669,601674,5,76
601593,601673,601676,3,80
601593,601673,601675,2,80
601593,601673,601676,3,80
601593,601674,601676,2,81
601587,601635,601676,41,48
601593,601672,601677,5,79
601593,601672,601677,5,79
601593,601675,601678,3,82
601593,601675,601677,2,82
601593,601674,601677,3,81
601593,601675,601678,3,82
601593,601674,601679,5,81
601593,601674,601678,4,81
601593,601675,601679,4,82
601593,601674,601679,5,81
601593,601675,601678,3,82
601593,601675,601678,3,82
601593,601675,601679,4,82
601593,601668,601680,12,75
601593,601674,601680,6,81
601600,601678,601680,2,78
601600,601678,601681,3,78
601587,601632,601674,42,45
601591,601659,601675,16,68
601600,601678,601681,3,78
601600,601676,601681,5,76
601600,601677,601681,4,77
601593,601674,601680,6,81
601600,601679,601681,2,79
601600,601676,601681,5,76
601600,601676,601680,4,76
601600,601679,601682,3,79
601600,601679,601682,3,79
601600,601679,601682,3,79
601591,601659,601682,23,68
601600,601676,601682,6,76
601600,601679,601683,4,79
601600,601681,601684,3,81
601600,601681,601683,2,81
601600,601681,601684,3,81
601600,601682,601684,2,82
601600,601679,601684,5,79
601600,601682,601684,2,82
601600,601682,601685,3,82
601600,601682,601685,3,82
601600,601682,601685,3,82
601600,601682,601685,3,82
601600,601681,601685,4,81
601600,601677,601685,8,77
601600,601683,601685,2,83
601600,601683,601685,2,83
601600,601682,601686,4,82
601600,601684,601686,2,84
601600,601684,601687,3,84
601600,601685,601687,2,85
601591,601663,601687,24,72
601593,601664,601687,23,71
601600,601677,601687,10,77
601600,601684,601687,3,84
601600,601680,601687,7,80
601600,601685,601688,3,85
601593,601667,601685,18,74
601600,601681,601685,4,81
601593,601665,601688,23,72
601600,601683,601687,4,83
601600,601686,601688,2,86
601600,601686,601688,2,86
601600,601686,601688,2,86
601600,601684,601688,4,84
601600,601684,601689,5,84
601600,601685,601689,4,85
601600,601686,601689,3,86
601600,601686,601689,3,86
601600,601686,601689,3,86
601600,601687,601689,2,87
601600,601687,601689,2,87
601600,601687,601689,2,87
601589,601651,601690,39,62
601600,601686,601691,5,86
601600,601688,601691,3,88
601600,601688,601691,3,88
601600,601686,601691,5,86
601600,601689,601691,2,89
601600,601689,601692,3,89
601600,601689,601692,3,89
601600,601687,601692,5,87
601600,601687,601692,5,87
601600,601688,601693,5,88
601602,601690,601694,4,88
601602,601691,601694,3,89
601600,601688,601694,6,88
601602,601690,601694,4,88
601602,601692,601695,3,90
601602,601692,601694,2,90
601602,601692,601694,2,90
601602,601692,601694,2,90
601602,601690,601695,5,88
601602,601692,601695,3,90
601602,601692,601695,3,90
601602,601692,601695,3,90
601602,601689,601696,7,87
601600,601689,601695,6,89
601602,601691,601696,5,89
601600,601681,601692,11,81
601600,601687,601697,10,87
601600,601677,601697,20,77
601602,601695,601697,2,93
601602,601695,601697,2,93
601602,601692,601697,5,90
601600,601688,601697,9,88
601602,601695,601698,3,93
601602,601695,601698,3,93
601602,601696,601698,2,94
601602,601696,601698,2,94
601602,601696,601698,2,94
601602,601695,601698,3,93
601602,601694,601699,5,92
601602,601692,601699,7,90
601602,601693,601700,7,91
601602,601699,601701,2,97
601602,601698,601700,2,96
601602,601698,601700,2,96
601600,601688,601701,13,88
601600,601680,601701,21,80
601602,601699,601701,2,97
601602,601699,601701,2,97
601602,601699,601701,2,97
601602,601696,601701,5,94
601602,601696,601701,5,94
601602,601696,601702,6,94
601602,601694,601702,8,92
601602,601694,601702,8,92
601602,601690,601702,12,88
601602,601699,601702,3,97
601602,601699,601702,3,97
601602,601701,601703,2,99
601602,601701,601703,2,99
601602,601701,601704,3,99
601602,601698,601703,5,96
601602,601695,601704,9,93
601602,601699,601704,5,97
601600,601687,601704,17,87
601600,601679,601704,25,79
601602,601702,601704,2,100
601602,601702,601704,2,100
601602,601702,601704,2,100
601602,601699,601704,5,97
601602,601702,601705,3,100
601602,601702,601705,3,100
601602,601703,601705,2,101
601602,601697,601706,9,95
601602,601702,601706,4,100
601602,601700,601703,3,98
601602,601703,601706,3,101
601602,601704,601707,3,102
601602,601704,601707,3,102
601602,601704,601707,3,102
601602,601702,601707,5,100
601602,601702,601708,6,100
601602,601702,601708,6,100
601602,601705,601708,3,103
601602,601706,601709,3,104
601602,601707,601709,2,105
601602,601707,601709,2,105
601602,601706,601709,3,104
601602,601706,601709,3,104
601602,601707,601709,2,105
601602,601705,601710,5,103
601602,601705,601710,5,103
601602,601707,601710,3,105
601602,601707,601710,3,105
601602,601704,601711,7,102
601602,601709,601712,3,107
601602,601705,601711,6,103
601602,601709,601711,2,107
601602,601709,601711,2,107
601602,601708,601712,4,106
601593,601674,601710,36,81
601600,601688,601710,22,88
601602,601705,601713,8,103
601602,601708,601713,5,106
601602,601709,601713,4,107
601602,601710,601713,3,108
601602,601710,601714,4,108
601602,601698,601714,16,96
601602,601710,601714,4,108
601602,601712,601715,3,110
601602,601712,601715,3,110
601602,601708,601715,7,106
601602,601712,601715,3,110
601602,601707,601716,9,105
601602,601710,601716,6,108
601602,601711,601716,5,109
601602,601710,601717,7,108
601602,601714,601717,3,112
601602,601714,601717,3,112
601602,601714,601717,3,112
601602,601710,601717,7,108
601602,601714,601717,3,112
601602,601715,601718,3,113
601602,601715,601718,3,113
601602,601716,601718,2,114
601602,601715,601718,3,113
601602,601712,601719,7,110
601602,601714,601719,5,112
601602,601717,601720,3,115
601602,601712,601720,8,110
601602,601717,601720,3,115
601602,601717,601720,3,115
601602,601718,601720,2,116
601602,601716,601720,4,114
601602,601712,601720,8,110
601602,601718,601721,3,116
601602,601718,601721,3,116
601602,601718,601721,3,116
601602,601719,601721,2,117
601602,601705,601721,16,103
601602,601705,601723,18,103
601602,601720,601723,3,118
601602,601720,601723,3,118
601602,601721,601723,2,119
601602,601721,601723,2,119
601602,601720,601724,4,118
601602,601702,601724,22,100
601602,601720,601724,4,118
601602,601720,601725,5,118
601602,601718,601725,7,116
601604,601723,601726,3,119
601604,601723,601725,2,119
601604,601722,601726,4,118
601604,601722,601727,5,118
601604,601724,601726,2,120
601604,601724,601726,2,120
601604,601721,601727,6,117
601604,601722,601727,5,118
601604,601724,601727,3,120
601604,601725,601728,3,121
601604,601726,601728,2,122
601604,601726,601728,2,122
601604,601727,601729,2,123
601602,601707,601729,22,105
601602,601698,601730,32,96
601604,601727,601729,2,123
601604,601727,601729,2,123
601604,601727,601729,2,123
601604,601728,601730,2,124
601602,601697,601731,34,95
601602,601717,601731,14,115
601604,601726,601731,5,122
601604,601728,601731,3,124
601604,601726,601731,5,122
601604,601729,601732,3,125
601604,601730,601732,2,126
601602,601703,601732,29,101
601602,601715,601732,17,113
601604,601730,601733,3,126
601604,601729,601733,4,125
601604,601721,601733,12,117
601604,601730,601733,3,126
601604,601730,601733,3,126
601602,601718,601734,16,116
601602,601718,601733,15,116
601604,601732,601734,2,128
601604,601731,601734,3,127
601604,601732,601734,2,128
601604,601730,601735,5,126
601604,601731,601734,3,127
601604,601721,601734,13,117
601604,601728,601734,6,124
601604,601733,601735,2,129
601604,601733,601735,2,129
601604,601733,601735,2,129
601604,601732,601736,4,128
601604,601734,601736,2,130
601604,601734,601736,2,130
601604,601734,601737,3,130
601604,601734,601737,3,130
601604,601735,601737,2,131
601604,601735,601738,3,131
601604,601735,601737,2,131
601604,601722,601737,15,118
601604,601735,601738,3,131
601604,601736,601738,2,132
601602,601694,601738,44,92
601604,601736,601739,3,132
601604,601736,601739,3,132
601604,601735,601739,4,131
601604,601738,601739,1,134
601604,601731,601740,9,127
601604,601734,601739,5,130
601604,601737,601740,3,133
601604,601737,601739,2,133
601604,601737,601740,3,133
601604,601737,601740,3,133
601604,601738,601740,2,134
601604,601738,601741,3,134
601604,601729,601742,13,125
601604,601737,601741,4,133
601607,601740,601742,2,133
601607,601740,601743,3,133
601607,601741,601743,2,134
601607,601741,601743,2,134
601607,601740,601744,4,133
601607,601740,601744,4,133
601607,601739,601745,6,132
601607,601740,601744,4,133
601607,601739,601745,6,132
601607,601739,601745,6,132
601602,601713,601742,29,111
601602,601713,601742,29,111
601607,601739,601745,6,132
601604,601733,601745,12,129
601607,601740,601746,6,133
601607,601743,601746,3,136
601607,601743,601746,3,136
601607,601744,601747,3,137
601607,601744,601747,3,137
601604,601735,601747,12,131
601607,601743,601749,6,136
601607,601745,601749,4,138
601607,601746,601749,3,139
601604,601733,601750,17,129
601607,601747,601750,3,140
601607,601747,601750,3,140
601607,601745,601750,5,138
601607,601746,601749,3,139
601607,601746,601750,4,139
601607,601743,601750,7,136
601607,601746,601751,5,139
601607,601745,601751,6,138
601607,601745,601751,6,138
601607,601746,601752,6,139
601607,601749,601752,3,142
601607,601750,601753,3,143
601607,601750,601753,3,143
601607,601750,601753,3,143
601607,601750,601753,3,143
601607,601750,601753,3,143
601607,601750,601753,3,143
601602,601742,601754,12,140
601607,601752,601754,2,145
601607,601752,601755,3,145
601607,601752,601755,3,145
601607,601749,601755,6,142
601607,601751,601755,4,144
601607,601753,601756,3,146
601607,601753,601756,3,146
601607,601754,601756,2,147
601607,601754,601756,2,147
601607,601754,601756,2,147
601607,601753,601756,3,146
601607,601750,601757,7,143
601607,601738,601757,19,131
601607,601755,601757,2,148
601607,601751,601758,7,144
601607,601752,601758,6,145
601607,601755,601758,3,148
601607,601756,601758,2,149
601607,601748,601759,11,141
601607,601744,601759,15,137
601607,601757,601759,2,150
601607,601757,601759,2,150
601607,601757,601759,2,150
601607,601757,601759,2,150
601607,601757,601759,2,150
601607,601754,601759,5,147
601607,601757,601760,3,150
601604,601730,601752,22,126
601607,601744,601760,16,137
601607,601756,601760,4,149
601607,601756,601762,6,149
601681,601760,601762,2,79
601681,601760,601762,2,79
601681,601760,601762,2,79
601681,601760,601763,3,79
601681,601761,601763,2,80
601681,601760,601763,3,79
601681,601759,601764,5,78
601681,601760,601764,4,79
601681,601759,601764,5,78
601681,601760,601764,4,79
601681,601761,601765,4,80
601604,601731,601737,6,127
601681,601760,601765,5,79
601681,601763,601765,2,82
601681,601763,601765,2,82
601681,601763,601765,2,82
601681,601763,601766,3,82
601681,601764,601766,2,83
601681,601765,601767,2,84
601681,601762,601767,5,81
601681,601765,601767,2,84
601681,601765,601768,3,84
601681,601764,601768,4,83
601681,601766,601769,3,85
601681,601766,601769,3,85
601681,601767,601769,2,86
601681,601767,601770,3,86
601681,601766,601769,3,85
601681,601766,601770,4,85
601604,601766,601770,4,162
601681,601766,601771,5,85
601681,601768,601770,2,87
601681,601768,601770,2,87
601681,601769,601771,2,88
601681,601769,601771,2,88
601681,601758,601772,14,77
601681,601767,601772,5,86
601681,601766,601772,6,85
601681,601769,601772,3,88
601681,601770,601772,2,89
601681,601770,601772,2,89
601681,601770,601773,3,89
601681,601765,601773,8,84
601681,601758,601773,15,77
601681,601770,601773,3,89
601681,601771,601773,2,90
601681,601759,601774,15,78
601681,601765,601773,8,84
601681,601771,601775,4,90
601681,601771,601775,4,90
601681,601772,601774,2,91
601681,601772,601775,3,91
601681,601771,601775,4,90
601681,601773,601775,2,92
601681,601773,601776,3,92
601681,601773,601776,3,92
601681,601773,601776,3,92
601604,601725,601776,51,121
601681,601774,601776,2,93
601681,601773,601778,5,92
601602,601717,601778,61,115
601681,601773,601777,4,92
601681,601775,601777,2,94
601681,601775,601778,3,94
601681,601773,601779,6,92
601681,601775,601778,3,94
601681,601773,601779,6,92
601681,601775,601779,4,94
601604,601723,601779,56,119
601681,601773,601780,7,92
601681,601774,601780,6,93
601681,601773,601780,7,92
601681,601775,601780,5,94
601681,601775,601780,5,94
601607,601739,601786,47,132
601607,601740,601791,51,133
601681,601761,601791,30,80
601607,601746,601817,71,139
601607,601746,601817,71,139
601869,601869,601873,4,0
601869,601869,601873,4,0
601869,601869,601874,5,0
601869,601869,601873,4,0
601869,601869,601874,5,0
601869,601869,601874,5,0
601869,601869,601874,5,0
601869,601869,601875,6,0
601869,601869,601875,6,0
601869,601869,601874,5,0
601869,601869,601875,6,0
601869,601869,601875,6,0
601869,601869,601876,7,0
601869,601869,601876,7,0
601869,601869,601876,7,0
601869,601869,601876,7,0
601869,601873,601877,4,4
601869,601873,601878,5,4
601869,601869,601878,9,0
601869,601869,601877,8,0
601869,601869,601877,8,0
601869,601869,601878,9,0
601869,601875,601878,3,6
601869,601874,601879,5,5
601869,601874,601879,5,5
601869,601875,601878,3,6
601869,601876,601879,3,7
601869,601877,601880,3,8
601869,601877,601880,3,8
601869,601874,601880,6,5
601869,601877,601880,3,8
601869,601869,601880,11,0
601869,601878,601881,3,9
601869,601878,601881,3,9
601869,601876,601880,4,7
601869,601875,601881,6,6
601869,601874,601880,6,5
601869,601875,601881,6,6
601869,601878,601881,3,9
601869,601875,601882,7,6
601869,601874,601882,8,5
601869,601869,601882,13,0
601869,601879,601882,3,10
601869,601880,601883,3,11
601869,601878,601883,5,9
601869,601879,601883,4,10
601869,601880,601883,3,11
601869,601879,601883,4,10
601869,601880,601883,3,11
601869,601881,601884,3,12
601869,601879,601884,5,10
601869,601878,601884,6,9
601869,601882,601884,2,13
601869,601883,601885,2,14
601869,601879,601885,6,10
601869,601883,601885,2,14
601869,601881,601886,5,12
601869,601880,601886,6,11
601869,601881,601886,5,12
601869,601869,601881,12,0
601869,601882,601887,5,13
601869,601881,601887,6,12
601869,601882,601887,5,13
601869,601881,601891,10,12
601869,601881,601894,13,12
601869,601869,601890,21,0
601869,601882,601900,18,13
601869,601883,601907,24,14
601869,601881,601930,49,12
601869,601869,601945,76,0
600644,600644,602132,1488,0
602134,602134,602138,4,0
602134,602134,602137,3,0
602134,602134,602139,5,0
602134,602134,602139,5,0
602134,602134,602139,5,0
602134,602134,602139,5,0
602134,602134,602139,5,0
602134,602134,602141,7,0
602134,602134,602141,7,0
602134,602138,602141,3,4
602134,602134,602140,6,0
602134,602134,602141,7,0
602134,602134,602141,7,0
602134,602134,602142,8,0
602134,602134,602142,8,0
602134,602134,602142,8,0
602134,602139,602144,5,5
602134,602141,602145,4,7
602134,602142,602145,3,8
602134,602142,602145,3,8
602134,602138,602145,7,4
602134,602142,602145,3,8
602134,602134,602145,11,0
602134,602134,602145,11,0
602134,602141,602145,4,7
602134,602134,602146,12,0
602134,602142,602145,3,8
602134,602141,602145,4,7
602134,602140,602146,6,6
602134,602142,602146,4,8
602134,602145,602147,2,11
602134,602140,602147,7,6
602134,602140,602147,7,6
602134,602140,602147,7,6
602134,602141,602147,6,7
602134,602145,602148,3,11
602134,602144,602148,4,10
602134,602145,602149,4,11
602134,602146,602149,3,12
602134,602145,602148,3,11
600650,600650,602150,1500,0
602134,602134,602149,15,0
602134,602146,602149,3,12
602134,602147,602150,3,13
602134,602146,602149,3,12
602134,602146,602149,3,12
602134,602146,602151,5,12
602134,602134,602151,17,0
602134,602148,602150,2,14
602134,602145,602150,5,11
602134,602150,602152,2,16
602134,602147,602152,5,13
602134,602147,602152,5,13
602134,602149,602152,3,15
602134,602146,602152,6,12
602134,602149,602152,3,15
602134,602150,602152,2,16
602134,602149,602153,4,15
602134,602148,602152,4,14
602134,602150,602152,2,16
602134,602147,602152,5,13
602134,602147,602152,5,13
602134,602146,602153,7,12
602134,602146,602153,7,12
602134,602150,602154,4,16
602134,602134,602156,22,0
602150,602153,602156,3,3
602150,602153,602156,3,3
602150,602152,602156,4,2
602150,602152,602157,5,2
602150,602153,602157,4,3
602150,602154,602158,4,4
602150,602151,602158,7,1
602150,602152,602158,6,2
602150,602153,602158,5,3
602150,602153,602158,5,3
602150,602152,602158,6,2
602150,602153,602160,7,3
602150,602154,602161,7,4
602150,602154,602160,6,4
602150,602152,602160,8,2
602150,602158,602161,3,8
602150,602156,602161,5,6
602134,602134,602152,18,0
602150,602156,602162,6,6
602150,602158,602161,3,8
602150,602151,602162,11,1
602150,602157,602162,5,7
602150,602157,602162,5,7
602150,602156,602163,7,6
602150,602159,602162,3,9
602150,602158,602164,6,8
602150,602161,602165,4,11
602150,602158,602165,7,8
602134,602134,602166,32,0
602150,602163,602166,3,13
602150,602162,602166,4,12
602150,602152,602166,14,2
602150,602158,602164,6,8
602150,602162,602166,4,12
602150,602161,602167,6,11
602150,602163,602168,5,13
602150,602162,602168,6,12
602150,602160,602168,8,10
602150,602161,602168,7,11
602150,602166,602168,2,16
602150,602162,602169,7,12
602150,602166,602169,3,16
602150,602165,602169,4,15
602150,602162,602170,8,12
602150,602167,602170,3,17
602150,602164,602170,6,14
602150,602166,602170,4,16
602134,602134,602171,37,0
602150,602166,602171,5,16
602150,602169,602171,2,19
602150,602168,602171,3,18
602150,602151,602172,21,1
602150,602168,602172,4,18
602150,602168,602172,4,18
602150,602170,602172,2,20
602150,602170,602172,2,20
602150,602171,602174,3,21
602150,602169,602174,5,19
602134,602150,602174,24,16
602150,602169,602174,5,19
602150,602170,602174,4,20
602150,602172,602174,2,22
602150,602171,602175,4,21
602150,602171,602176,5,21
602150,602161,602174,13,11
602150,602162,602167,5,12
602150,602171,602176,5,21
602150,602161,602178,17,11
602134,602134,602179,45,0
602150,602167,602180,13,17
602150,602166,602184,18,16
602150,602168,602186,18,18
602150,602156,602194,38,6
602150,602171,602205,34,21
600645,600645,602205,1560,0
602207,602207,602210,3,0
602207,602207,602211,4,0
602207,602207,602212,5,0
602207,602207,602212,5,0
602207,602207,602212,5,0
602207,602207,602213,6,0
602207,602207,602214,7,0
602207,602207,602214,7,0
602207,602207,602215,8,0
602207,602207,602215,8,0
602207,602213,602216,3,6
602207,602211,602216,5,4
602207,602211,602216,5,4
602207,602207,602216,9,0
602207,602207,602217,10,0
602207,602212,602217,5,5
602150,602151,602217,66,1
602207,602207,602217,10,0
602207,602214,602218,4,7
602207,602212,602217,5,5
602207,602212,602218,6,5
602207,602207,602219,12,0
602207,602207,602219,12,0
602207,602214,602219,5,7
602207,602216,602219,3,9
602207,602215,602219,4,8
602207,602215,602220,5,8
602207,602217,602221,4,10
602207,602218,602222,4,11
602207,602217,602222,5,10
602207,602216,602222,6,9
602207,602220,602223,3,13
602207,602208,602223,15,1
602207,602220,602224,4,13
602207,602219,602224,5,12
602207,602219,602224,5,12
602207,602220,602225,5,13
602207,602207,602225,18,0
602207,602220,602225,5,13
602207,602222,602225,3,15
602207,602223,602226,3,16
602207,602224,602226,2,17
602207,602224,602228,4,17
602207,602207,602228,21,0
602207,602207,602228,21,0
602207,602207,602228,21,0
602207,602217,602228,11,10
602207,602223,602228,5,16
602207,602223,602228,5,16
602207,602226,602228,2,19
602207,602225,602228,3,18
602207,602207,602224,17,0
602207,602226,602229,3,19
602207,602227,602230,3,20
602207,602225,602230,5,18
602207,602227,602229,2,20
602207,602225,602230,5,18
602207,602229,602231,2,22
602207,602207,602226,19,0
602207,602218,602228,10,11
602207,602207,602234,27,0
602207,602225,602235,10,18
602207,602229,602236,7,22
602207,602229,602239,10,22
602207,602218,602240,22,11
602207,602229,602240,11,22
602207,602224,602238,14,17
602207,602219,602244,25,12
602207,602219,602246,27,12
600647,600647,602246,1599,0
602247,602247,602250,3,0
602247,602247,602252,5,0
602207,602207,602251,44,0
602247,602247,602253,6,0
602247,602247,602253,6,0
602247,602247,602253,6,0
602247,602247,602253,6,0
602247,602247,602253,6,0
602247,602247,602254,7,0
602247,602247,602255,8,0
602247,602247,602254,7,0
602247,602247,602256,9,0
602247,602253,602256,3,6
602247,602247,602256,9,0
602247,602251,602257,6,4
602247,602252,602257,5,5
602247,602254,602258,4,7
602247,602254,602258,4,7
602247,602254,602258,4,7
602247,602257,602260,3,10
602247,602253,602259,6,6
602247,602256,602260,4,9
602247,602247,602259,12,0
602247,602258,602261,3,11
602247,602257,602261,4,10
602247,602247,602262,15,0
602247,602258,602262,4,11
602247,602257,602262,5,10
602247,602259,602263,4,12
602247,602252,602263,11,5
602247,602256,602264,8,9
602247,602261,602264,3,14
602247,602260,602265,5,13
602247,602253,602265,12,6
602247,602255,602265,10,8
602247,602260,602265,5,13
602247,602262,602266,4,15
602247,602262,602265,3,15
602247,602260,602267,7,13
602247,602264,602267,3,17
602247,602261,602267,6,14
602247,602264,602268,4,17
602247,602263,602267,4,16
602247,602265,602268,3,18
602247,602256,602269,13,9
602247,602265,602269,4,18
602247,602266,602269,3,19
602247,602267,602269,2,20
602247,602266,602269,3,19
602247,602262,602267,5,15
602247,602268,602270,2,21
602247,602268,602271,3,21
602247,602269,602271,2,22
602247,602267,602272,5,20
602247,602265,602273,8,18
602247,602269,602273,4,22
602247,602268,602273,5,21
602247,602268,602273,5,21
602247,602264,602274,10,17
602247,602269,602274,5,22
602247,602247,602274,27,0
602247,602247,602273,26,0
602247,602247,602274,27,0
602207,602217,602276,59,10
602247,602247,602276,29,0
602247,602247,602279,32,0
602247,602247,602280,33,0
602247,602247,602280,33,0
602247,602247,602280,33,0
602247,602264,602282,18,17
602247,602247,602309,62,0
602247,602265,602309,44,18
601583,601608,602558,950,25
601577,601596,602560,964,19
602559,602560,602562,2,1
602559,602561,602563,2,2
602559,602559,602564,5,0
602559,602559,602564,5,0
602559,602559,602564,5,0
602559,602559,602565,6,0
602559,602559,602565,6,0
602559,602559,602566,7,0
602559,602559,602566,7,0
602559,602559,602567,8,0
602559,602563,602567,4,4
602559,602564,602567,3,5
602559,602560,602568,8,1
602559,602559,602566,7,0
602559,602560,602567,7,1
602559,602559,602569,10,0
602559,602566,602569,3,7
602559,602567,602570,3,8
602559,602565,602570,5,6
602559,602560,602570,10,1
602559,602568,602570,2,9
602559,602568,602571,3,9
602559,602560,602571,11,1
602559,602560,602571,11,1
602559,602560,602571,11,1
602559,602566,602571,5,7
602559,602565,602572,7,6
602559,602560,602571,11,1
602559,602567,602571,4,8
602559,602569,602571,2,10
602559,602560,602572,12,1
602559,602571,602572,1,12
602559,602568,602573,5,9
602559,602570,602573,3,11
602559,602565,602573,8,6
602559,602571,602574,3,12
602559,602571,602575,4,12
602559,602572,602574,2,13
602559,602572,602574,2,13
602559,602572,602574,2,13
602559,602560,602575,15,1
602559,602560,602575,15,1
602559,602570,602575,5,11
602559,602571,602575,4,12
602559,602573,602575,2,14
602559,602574,602576,2,15
602559,602572,602576,4,13
602559,602572,602576,4,13
602559,602575,602577,2,16
602559,602575,602577,2,16
602559,602574,602578,4,15
602559,602572,602578,6,13
602559,602575,602578,3,16
602559,602575,602578,3,16
602559,602576,602580,4,17
602559,602576,602580,4,17
602559,602559,602580,21,0
602559,602574,602581,7,15
602561,602579,602581,2,18
602559,602569,602582,13,10
602561,602576,602582,6,15
602561,602579,602583,4,18
602559,602572,602576,4,13
602561,602577,602583,6,16
602561,602577,602584,7,16
602561,602581,602585,4,20
602561,602582,602585,3,21
602561,602578,602584,6,17
602561,602583,602585,2,22
601588,601641,602585,944,53
602561,602578,602585,7,17
602561,602581,602585,4,20
602561,602583,602585,2,22
602559,602569,602583,14,10
602561,602581,602585,4,20
602561,602585,602588,3,24
602561,602584,602588,4,23
602561,602585,602587,2,24
602561,602585,602588,3,24
602561,602586,602588,2,25
602561,602585,602588,3,24
602561,602586,602589,3,25
602561,602577,602589,12,16
602561,602585,602590,5,24
602561,602586,602590,4,25
602559,602559,602584,25,0
602559,602576,602587,11,17
602561,602577,602590,13,16
602561,602588,602590,2,27
602561,602588,602591,3,27
602559,602576,602591,15,17
602561,602589,602591,2,28
602561,602589,602592,3,28
602561,602586,602592,6,25
602561,602582,602589,7,21
602561,602588,602591,3,27
602559,602572,602589,17,13
602559,602559,602591,32,0
601597,601676,602594,918,79
602561,602589,602594,5,28
602561,602590,602594,4,29
602561,602591,602593,2,30
602561,602591,602593,2,30
602561,602592,602594,2,31
602561,602592,602594,2,31
602561,602592,602595,3,31
602561,602579,602595,16,18
602561,602590,602595,5,29
602561,602591,602596,5,30
602561,602586,602595,9,25
602561,602592,602596,4,31
602561,602594,602596,2,33
602561,602594,602596,2,33
602561,602590,602596,6,29
602561,602590,602597,7,29
602561,602592,602597,5,31
602561,602594,602596,2,33
602561,602595,602597,2,34
602561,602595,602597,2,34
602561,602595,602598,3,34
602561,602594,602598,4,33
602561,602594,602598,4,33
602561,602596,602598,2,35
602561,602596,602598,2,35
602561,602597,602599,2,36
602561,602586,602597,11,25
602561,602596,602600,4,35
602559,602573,602601,28,14
602561,602596,602601,5,35
602561,602597,602602,5,36
602559,602572,602604,32,13
602559,602575,602604,29,16
602586,602600,602604,4,14
602586,602597,602603,6,11
602561,602584,602597,13,23
602561,602594,602605,11,33
602586,602598,602604,6,12
602586,602598,602604,6,12
602586,602599,602604,5,13
602586,602600,602604,4,14
602586,602598,602604,6,12
602586,602601,602606,5,15
602586,602598,602605,7,12
602586,602598,602606,8,12
602561,602596,602606,10,35
602586,602605,602607,2,19
602586,602602,602607,5,16
602586,602598,602607,9,12
602586,602603,602608,5,17
602586,602605,602607,2,19
602586,602605,602608,3,19
602586,602605,602607,2,19
602586,602604,602608,4,18
602586,602605,602607,2,19
602586,602606,602609,3,20
602586,602607,602609,2,21
602586,602606,602610,4,20
602586,602600,602607,7,14
602586,602607,602611,4,21
602586,602608,602611,3,22
602586,602608,602611,3,22
602586,602610,602612,2,24
602586,602608,602612,4,22
602586,602608,602612,4,22
602586,602608,602613,5,22
602586,602609,602613,4,23
602586,602610,602613,3,24
602586,602612,602614,2,26
602586,602607,602614,7,21
602586,602606,602614,8,20
602586,602610,602614,4,24
602586,602611,602614,3,25
602586,602611,602614,3,25
602586,602611,602614,3,25
602586,602612,602615,3,26
602586,602612,602615,3,26
602586,602608,602615,7,22
602586,602613,602616,3,27
602586,602614,602616,2,28
602561,602596,602610,14,35
602586,602614,602616,2,28
602586,602604,602617,13,18
602586,602615,602617,2,29
602586,602615,602617,2,29
601590,601652,602617,965,62
602586,602613,602617,4,27
602586,602605,602609,4,19
602586,602615,602618,3,29
602586,602615,602617,2,29
602586,602616,602618,2,30
602586,602615,602618,3,29
602561,602594,602619,25,33
602586,602614,602619,5,28
602586,602617,602620,3,31
602586,602617,602620,3,31
602586,602618,602620,2,32
602586,602618,602620,2,32
602586,602618,602620,2,32
602586,602618,602620,2,32
602561,602590,602621,31,29
602586,602614,602621,7,28
602586,602616,602622,6,30
602586,602614,602623,9,28
602595,602621,602623,2,26
602595,602621,602624,3,26
602595,602618,602624,6,23
602595,602618,602624,6,23
602586,602617,602624,7,31
602595,602621,602624,3,26
602595,602618,602624,6,23
602595,602624,602626,2,29
602595,602619,602626,7,24
602595,602621,602626,5,26
602595,602624,602626,2,29
602595,602620,602627,7,25
602595,602624,602627,3,29
602595,602620,602627,7,25
602595,602624,602627,3,29
602595,602625,602628,3,30
602595,602622,602627,5,27
602595,602625,602628,3,30
602559,602560,602622,62,1
602595,602626,602628,2,31
602595,602626,602629,3,31
602595,602627,602630,3,32
602595,602627,602630,3,32
602595,602628,602630,2,33
602595,602628,602630,2,33
602595,602628,602630,2,33
602586,602605,602630,25,19
602595,602628,602631,3,33
602595,602627,602631,4,32
602595,602622,602628,6,27
602561,602590,602624,34,29
602595,602629,602631,2,34
602595,602629,602632,3,34
602595,602619,602632,13,24
602595,602629,602633,4,34
602595,602630,602633,3,35
602595,602630,602632,2,35
602595,602631,602633,2,36
602595,602631,602633,2,36
602595,602631,602634,3,36
602595,602628,602634,6,33
602595,602631,602634,3,36
602595,602624,602635,11,29
602595,602625,602634,9,30
602595,602631,602634,3,36
602595,602632,602634,2,37
602595,602633,602635,2,38
602595,602632,602635,3,37
602595,602632,602636,4,37
602595,602634,602636,2,39
602595,602633,602635,2,38
602595,602633,602636,3,38
602595,602634,602636,2,39
602586,602606,602637,31,20
602595,602634,602636,2,39
602595,602632,602637,5,37
602595,602634,602637,3,39
602595,602635,602637,2,40
602595,602635,602637,2,40
602595,602636,602638,2,41
602595,602635,602637,2,40
602595,602635,602638,3,40
602595,602629,602638,9,34
602595,602631,602638,7,36
602595,602636,602638,2,41
602595,602636,602638,2,41
602595,602634,602639,5,39
602595,602619,602640,21,24
602595,602637,602639,2,42
602618,602639,602641,2,21
602561,602581,602641,60,20
602618,602639,602642,3,21
602561,602592,602640,48,31
602618,602640,602642,2,22
602595,602635,602639,4,40
602595,602635,602638,3,40
602618,602638,602643,5,20
602618,602639,602644,5,21
601565,601581,602644,1063,16
602618,602637,602644,7,19
602618,602638,602644,6,20
602586,602604,602644,40,18
602618,602638,602645,7,20
602618,602638,602645,7,20
602618,602638,602645,7,20
602618,602643,602645,2,25
602618,602640,602644,4,22
602618,602639,602646,7,21
602618,602644,602646,2,26
602618,602642,602646,4,24
602618,602643,602647,4,25
602618,602642,602647,5,24
602618,602645,602648,3,27
602618,602645,602647,2,27
602618,602646,602649,3,28
602618,602646,602649,3,28
602618,602646,602649,3,28
602618,602645,602649,4,27
602586,602617,602643,26,31
602618,602639,602650,11,21
602618,602644,602650,6,26
602618,602647,602650,3,29
602618,602648,602650,2,30
602618,602647,602650,3,29
602618,602645,602650,5,27
602595,602636,602651,15,41
602618,602643,602651,8,25
602618,602648,602651,3,30
602618,602649,602652,3,31
602618,602649,602651,2,31
602618,602649,602651,2,31
602595,602637,602652,15,42
602618,602650,602652,2,32
602618,602647,602653,6,29
602618,602651,602653,2,33
602586,602604,602653,49,18
602618,602646,602652,6,28
602618,602651,602653,2,33
602595,602621,602644,23,26
602618,602651,602654,3,33
602618,602651,602653,2,33
602618,602652,602654,2,34
602618,602652,602654,2,34
602618,602652,602655,3,34
602618,602652,602654,2,34
602618,602645,602655,10,27
602618,602653,602655,2,35
602618,602650,602655,5,32
602618,602653,602656,3,35
602618,602653,602655,2,35
602618,602654,602656,2,36
602618,602654,602657,3,36
602618,602654,602656,2,36
602618,602654,602656,2,36
602618,602646,602656,10,28
602618,602650,602656,6,32
602618,602655,602658,3,37
602618,602655,602657,2,37
602618,602642,602658,16,24
602618,602653,602658,5,35
602618,602647,602655,8,29
602618,602655,602661,6,37
602618,602651,602655,4,33
602618,602651,602659,8,33
602595,602632,602654,22,37
602618,602654,602661,7,36
602618,602652,602667,15,34
602618,602654,602671,17,36
602618,602643,602673,30,25
602618,602654,602674,20,36
602682,602682,602684,2,0
602682,602682,602684,2,0
602682,602682,602686,4,0
602682,602682,602686,4,0
602682,602682,602687,5,0
602682,602682,602688,6,0
602682,602682,602687,5,0
602682,602685,602687,2,3
602682,602685,602687,2,3
602682,602682,602688,6,0
602682,602682,602689,7,0
602682,602682,602689,7,0
602682,602682,602689,7,0
602682,602686,602689,3,4
602682,602682,602689,7,0
602682,602682,602689,7,0
602682,602682,602686,4,0
602618,602673,602689,16,55
602682,602682,602689,7,0
602682,602682,602689,7,0
602682,602688,602691,3,6
602682,602688,602691,3,6
602682,602687,602692,5,5
602682,602689,602692,3,7
602682,602688,602692,4,6
602682,602682,602690,8,0
602682,602682,602691,9,0
602682,602689,602693,4,7
602682,602689,602692,3,7
602682,602689,602692,3,7
602682,602689,602693,4,7
602682,602689,602694,5,7
602682,602691,602694,3,9
602682,602691,602694,3,9
602682,602692,602695,3,10
602682,602692,602694,2,10
602682,602693,602695,2,11
602682,602693,602696,3,11
602682,602693,602696,3,11
602682,602688,602696,8,6
602682,602689,602696,7,7
602682,602693,602697,4,11
602682,602693,602697,4,11
602682,602694,602697,3,12
602682,602694,602697,3,12
602682,602695,602697,2,13
602682,602689,602697,8,7
602682,602689,602697,8,7
602682,602692,602698,6,10
602682,602695,602698,3,13
602682,602694,602698,4,12
602682,602697,602700,3,15
602682,602697,602700,3,15
602682,602697,602700,3,15
602682,602697,602700,3,15
602682,602693,602700,7,11
602682,602696,602701,5,14
602682,602696,602701,5,14
602682,602696,602701,5,14
602682,602696,602701,5,14
602682,602682,602703,21,0
602682,602686,602703,17,4
602682,602696,602703,7,14
602682,602697,602704,7,15
602682,602690,602705,15,8
602682,602690,602705,15,8
602682,602682,602705,23,0
602682,602682,602707,25,0
602682,602682,602707,25,0
602682,602682,602707,25,0
602682,602682,602707,25,0
601612,601758,602711,953,146
601610,601757,602717,960,147
602738,602738,602741,3,0
602738,602738,602741,3,0
602738,602738,602741,3,0
602738,602738,602742,4,0
602738,602738,602743,5,0
602738,602738,602743,5,0
602738,602738,602743,5,0
602738,602738,602742,4,0
602738,602738,602744,6,0
602738,602738,602743,5,0
602738,602738,602743,5,0
602738,602738,602744,6,0
602738,602738,602743,5,0
602738,602738,602744,6,0
602738,602738,602743,5,0
602738,602738,602744,6,0
602738,602738,602744,6,0
602738,602738,602745,7,0
602738,602738,602745,7,0
602738,602741,602744,3,3
602738,602742,602746,4,4
602738,602742,602746,4,4
602738,602738,602746,8,0
602738,602743,602746,3,5
602738,602744,602746,2,6
602738,602744,602747,3,6
602738,602744,602747,3,6
602738,602738,602747,9,0
602738,602744,602747,3,6
602738,602746,602749,3,8
602738,602745,602749,4,7
602738,602743,602749,6,5
602738,602744,602748,4,6
602738,602744,602749,5,6
602738,602746,602748,2,8
602738,602747,602749,2,9
602738,602745,602749,4,7
602738,602745,602749,4,7
602738,602747,602749,2,9
602738,602747,602749,2,9
602738,602744,602749,5,6
602738,602746,602749,3,8
602738,602743,602750,7,5
602738,602744,602750,6,6
602738,602749,602751,2,11
602738,602747,602751,4,9
602738,602749,602751,2,11
602738,602738,602751,13,0
602738,602743,602751,8,5
602738,602749,602751,2,11
602738,602745,602752,7,7
602738,602749,602751,2,11
602738,602747,602752,5,9
602738,602749,602752,3,11
602738,602749,602752,3,11
602738,602749,602752,3,11
602738,602749,602752,3,11
602738,602750,602753,3,12
602738,602749,602753,4,11
602738,602738,602754,16,0
602738,602750,602754,4,12
602738,602749,602754,5,11
602738,602749,602754,5,11
602738,602746,602754,8,8
602738,602750,602755,5,12
602738,602743,602756,13,5
602738,602750,602756,6,12
601682,601776,602761,985,94
601595,601675,602767,1092,80
602766,602766,602769,3,0
602766,602766,602769,3,0
602738,602738,602764,26,0
602766,602766,602770,4,0
602766,602766,602769,3,0
602766,602766,602771,5,0
602766,602766,602771,5,0
602766,602766,602771,5,0
602766,602766,602771,5,0
602766,602766,602770,4,0
602766,602767,602771,4,1
602766,602766,602772,6,0
602766,602766,602771,5,0
602766,602766,602772,6,0
602766,602766,602772,6,0
602766,602766,602772,6,0
602766,602766,602772,6,0
602766,602766,602771,5,0
602766,602766,602772,6,0
602766,602769,602772,3,3
602766,602766,602773,7,0
602766,602766,602772,6,0
602766,602766,602773,7,0
602766,602770,602773,3,4
602766,602769,602773,4,3
602766,602771,602774,3,5
602766,602771,602773,2,5
602766,602771,602774,3,5
602766,602772,602775,3,6
602766,602772,602775,3,6
602766,602772,602775,3,6
602766,602772,602775,3,6
602766,602772,602775,3,6
602766,602774,602776,2,8
602766,602772,602776,4,6
602766,602773,602776,3,7
602766,602773,602776,3,7
602766,602771,602777,6,5
602766,602771,602777,6,5
602766,602774,602777,3,8
602766,602771,602777,6,5
602766,602776,602778,2,10
602766,602772,602778,6,6
602766,602772,602777,5,6
602766,602772,602778,6,6
602766,602771,602777,6,5
602766,602773,602778,5,7
602766,602775,602778,3,9
602766,602775,602778,3,9
602766,602775,602778,3,9
602766,602775,602778,3,9
602766,602774,602778,4,8
602766,602776,602778,2,10
602766,602766,602774,8,0
602766,602766,602774,8,0
602738,602738,602775,37,0
602766,602773,602779,6,7
602766,602777,602779,2,11
602766,602778,602780,2,12
602766,602778,602780,2,12
602766,602777,602780,3,11
602766,602776,602781,5,10
602766,602773,602781,8,7
602766,602777,602782,5,11
602766,602777,602782,5,11
602766,602778,602782,4,12
602766,602778,602784,6,12
602766,602778,602784,6,12
602766,602778,602784,6,12
602766,602778,602784,6,12
602738,602738,602785,47,0
602766,602770,602785,15,4
602766,602770,602785,15,4
601594,601675,602790,1115,81
602823,602823,602826,3,0
602823,602823,602826,3,0
602823,602823,602827,4,0
602823,602823,602827,4,0
602823,602823,602826,3,0
602823,602823,602828,5,0
602823,602823,602829,6,0
602823,602823,602829,6,0
602823,602823,602829,6,0
602823,602823,602829,6,0
602823,602823,602830,7,0
602823,602823,602830,7,0
602823,602823,602830,7,0
602823,602826,602830,4,3
602823,602827,602830,3,4
602823,602823,602831,8,0
602823,602823,602831,8,0
602823,602823,602831,8,0
602823,602828,602831,3,5
602823,602823,602831,8,0
602823,602823,602831,8,0
602823,602826,602831,5,3
602823,602827,602831,4,4
602823,602827,602831,4,4
602823,602823,602832,9,0
602823,602823,602832,9,0
602823,602823,602833,10,0
602823,602830,602833,3,7
602823,602830,602833,3,7
602823,602830,602833,3,7
602823,602831,602834,3,8
602823,602829,602833,4,6
602823,602829,602834,5,6
602823,602831,602834,3,8
602823,602831,602834,3,8
602823,602832,602834,2,9
602823,602829,602834,5,6
602823,602831,602834,3,8
602823,602832,602834,2,9
602823,602832,602834,2,9
602823,602832,602834,2,9
602823,602830,602835,5,7
602823,602831,602835,4,8
602823,602830,602835,5,7
602823,602832,602835,3,9
602823,602834,602836,2,11
602823,602834,602836,2,11
602823,602834,602836,2,11
602823,602834,602836,2,11
602823,602823,602834,11,0
602823,602823,602835,12,0
602823,602835,602837,2,12
602823,602835,602837,2,12
602823,602835,602837,2,12
602823,602835,602838,3,12
602823,602835,602837,2,12
602823,602832,602838,6,9
602823,602835,602838,3,12
602823,602835,602840,5,12
602823,602835,602840,5,12
602824,602836,602840,4,12
602823,602835,602840,5,12
602823,602835,602840,5,12
602823,602835,602840,5,12
602824,602838,602840,2,14
602824,602839,602841,2,15
602824,602838,602841,3,14
602824,602838,602841,3,14
602824,602838,602842,4,14
602824,602840,602842,2,16
602824,602838,602842,4,14
602824,602837,602843,6,13
602824,602837,602843,6,13
602824,602837,602842,5,13
602824,602840,602842,2,16
602824,602837,602843,6,13
602824,602840,602843,3,16
602824,602841,602844,3,17
602823,602836,602844,8,13
602824,602836,602845,9,12
602824,602841,602845,4,17
602824,602838,602844,6,14
602824,602842,602844,2,18
602824,602840,602845,5,16
602823,602833,602845,12,10
602824,602841,602845,4,17
602824,602843,602846,3,19
602824,602842,602845,3,18
602824,602843,602846,3,19
602824,602843,602846,3,19
602824,602842,602845,3,18
602824,602842,602846,4,18
602824,602843,602846,3,19
602824,602844,602847,3,20
602824,602843,602847,4,19
602824,602843,602846,3,19
602824,602844,602847,3,20
602823,602843,602848,5,20
602824,602845,602848,3,21
602824,602845,602847,2,21
602824,602844,602848,4,20
602824,602846,602848,2,22
602824,602846,602848,2,22
602824,602846,602848,2,22
602824,602846,602848,2,22
602824,602847,602849,2,23
602824,602846,602849,3,22
602824,602847,602849,2,23
602824,602845,602849,4,21
602824,602845,602850,5,21
602824,602846,602850,4,22
602824,602847,602850,3,23
602824,602847,602850,3,23
602824,602847,602850,3,23
602824,602847,602850,3,23
601870,601884,602850,966,14
602824,602846,602850,4,22
602824,602848,602850,2,24
602824,602848,602850,2,24
602824,602848,602851,3,24
602823,602843,602851,8,20
602824,602849,602852,3,25
602824,602849,602851,2,25
602824,602849,602851,2,25
602824,602849,602851,2,25
602824,602849,602851,2,25
602824,602849,602851,2,25
602824,602850,602852,2,26
602824,602848,602852,4,24
602824,602850,602852,2,26
602824,602850,602853,3,26
602823,602823,602853,30,0
602824,602850,602854,4,26
602824,602850,602854,4,26
602823,602823,602854,31,0
602824,602850,602854,4,26
602852,602852,602855,3,0
602852,602852,602854,2,0
602852,602852,602855,3,0
602852,602853,602855,2,1
602823,602832,602852,20,9
602852,602853,602856,3,1
602852,602852,602856,4,0
602824,602837,602856,19,13
602852,602853,602857,4,1
602824,602846,602857,11,22
602852,602852,602856,4,0
602852,602852,602858,6,0
602852,602852,602858,6,0
602852,602852,602857,5,0
602852,602855,602858,3,3
602852,602854,602858,4,2
602852,602853,602858,5,1
602852,602852,602859,7,0
602852,602852,602859,7,0
602852,602852,602859,7,0
602852,602855,602859,4,3
602852,602854,602859,5,2
602852,602857,602860,3,5
602852,602856,602859,3,4
602852,602856,602859,3,4
602852,602855,602861,6,3
602852,602858,602861,3,6
602852,602858,602860,2,6
602852,602858,602861,3,6
602852,602852,602861,9,0
602852,602858,602861,3,6
602852,602859,602862,3,7
602852,602859,602862,3,7
602852,602859,602862,3,7
602852,602860,602863,3,8
602852,602860,602863,3,8
602852,602856,602860,4,4
602852,602860,602863,3,8
602852,602862,602863,1,10
602824,602837,602860,23,13
602852,602859,602864,5,7
602852,602859,602863,4,7
602852,602855,602863,8,3
602852,602856,602863,7,4
602852,602857,602863,6,5
602852,602862,602864,2,10
602852,602860,602864,4,8
602852,602862,602864,2,10
602852,602862,602864,2,10
602852,602852,602865,13,0
602852,602860,602865,5,8
602852,602852,602865,13,0
602852,602862,602865,3,10
602852,602861,602864,3,9
602852,602862,602865,3,10
602852,602862,602865,3,10
602852,602857,602865,8,5
602852,602864,602866,2,12
602852,602863,602866,3,11
602852,602864,602866,2,12
602852,602863,602866,3,11
602852,602864,602866,2,12
602852,602861,602866,5,9
602852,602864,602867,3,12
602852,602864,602866,2,12
602852,602865,602867,2,13
602852,602865,602867,2,13
602852,602854,602864,10,2
602852,602855,602866,11,3
602852,602864,602868,4,12
602852,602865,602869,4,13
602852,602866,602868,2,14
602852,602864,602868,4,12
602852,602865,602869,4,13
602852,602867,602869,2,15
602852,602865,602870,5,13
602852,602866,602870,4,14
602852,602865,602870,5,13
602852,602867,602870,3,15
602852,602868,602870,2,16
602852,602868,602870,2,16
602852,602867,602871,4,15
602852,602869,602871,2,17
602852,602864,602868,4,12
602852,602865,602872,7,13
602852,602868,602873,5,16
602852,602865,602873,8,13
602852,602857,602868,11,5
602852,602864,602868,4,12
602852,602870,602873,3,18
602852,602871,602874,3,19
602852,602865,602874,9,13
602852,602870,602873,3,18
602852,602870,602874,4,18
602852,602871,602874,3,19
602852,602871,602874,3,19
602852,602872,602874,2,20
602852,602869,602875,6,17
602852,602865,602875,10,13
602852,602873,602876,3,21
602852,602872,602876,4,20
602852,602865,602876,11,13
602852,602874,602876,2,22
602852,602874,602877,3,22
602852,602874,602876,2,22
602852,602875,602877,2,23
602852,602871,602877,6,19
602852,602873,602877,4,21
602852,602874,602876,2,22
602852,602874,602877,3,22
602852,602875,602877,2,23
602852,602875,602877,2,23
602852,602876,602878,2,24
602852,602874,602878,4,22
602852,602877,602880,3,25
602852,602877,602880,3,25
602852,602877,602879,2,25
602852,602877,602880,3,25
602852,602875,602880,5,23
602852,602876,602880,4,24
602824,602845,602877,32,21
602852,602866,602877,11,14
602852,602875,602880,5,23
602852,602877,602880,3,25
602852,602878,602880,2,26
602852,602878,602880,2,26
602852,602878,602881,3,26
602852,602866,602881,15,14
602852,602867,602881,14,15
602852,602867,602881,14,15
602852,602879,602881,2,27
602852,602877,602882,5,25
602852,602877,602882,5,25
602852,602880,602883,3,28
602852,602880,602883,3,28
602852,602880,602882,2,28
602852,602876,602883,7,24
602852,602869,602884,15,17
602852,602870,602884,14,18
602852,602879,602883,4,27
602852,602868,602876,8,16
602852,602871,602887,16,19
602852,602868,602892,24,16
602852,602874,602896,22,22
602852,602874,602916,42,22
602137,602150,603088,938,13
603090,603090,603093,3,0
603090,603090,603093,3,0
603090,603090,603093,3,0
603090,603090,603093,3,0
603090,603090,603094,4,0
603090,603090,603094,4,0
603090,603090,603094,4,0
603090,603090,603094,4,0
603090,603090,603094,4,0
603090,603090,603095,5,0
603090,603090,603095,5,0
603090,603090,603095,5,0
603090,603090,603095,5,0
603090,603090,603095,5,0
603090,603090,603095,5,0
603090,603090,603096,6,0
603090,603090,603096,6,0
603090,603090,603097,7,0
603090,603093,603097,4,3
603090,603093,603096,3,3
603090,603093,603096,3,3
603090,603094,603097,3,4
603090,603094,603097,3,4
603090,603094,603097,3,4
603090,603090,603098,8,0
603090,603094,603098,4,4
603090,603095,603098,3,5
603090,603096,603098,2,6
603090,603093,603097,4,3
603090,603095,603097,2,5
603090,603095,603098,3,5
603090,603090,603098,8,0
603090,603090,603098,8,0
603090,603090,603098,8,0
603090,603096,603099,3,6
603090,603095,603099,4,5
603090,603097,603099,2,7
603090,603097,603099,2,7
603090,603096,603100,4,6
603090,603097,603099,2,7
603090,603095,603099,4,5
603090,603097,603100,3,7
603090,603097,603100,3,7
603090,603098,603100,2,8
603090,603097,603099,2,7
603090,603096,603101,5,6
603090,603097,603101,4,7
603090,603098,603101,3,8
603090,603098,603101,3,8
603090,603099,603101,2,9
603090,603098,603101,3,8
603090,603098,603101,3,8
603090,603090,603102,12,0
603090,603099,603102,3,9
603090,603100,603102,2,10
603090,603099,603102,3,9
603090,603099,603103,4,9
603090,603098,603103,5,8
603090,603099,603103,4,9
603090,603100,603103,3,10
603090,603098,603103,5,8
603090,603100,603103,3,10
603090,603100,603103,3,10
603090,603100,603104,4,10
603090,603099,603104,5,9
603090,603100,603104,4,10
603090,603090,603102,12,0
603090,603099,603108,9,9
603090,603090,603114,24,0
603090,603090,603117,27,0
602151,602172,603121,949,21
603146,603146,603149,3,0
603146,603146,603149,3,0
603146,603146,603149,3,0
603146,603146,603149,3,0
603146,603146,603149,3,0
603146,603146,603149,3,0
603146,603146,603151,5,0
603146,603146,603150,4,0
603146,603146,603150,4,0
603146,603146,603150,4,0
603146,603146,603151,5,0
603146,603146,603151,5,0
603146,603146,603151,5,0
601592,601664,603151,1487,72
603146,603146,603152,6,0
603146,603146,603152,6,0
603146,603146,603151,5,0
603146,603146,603151,5,0
603146,603146,603152,6,0
603146,603146,603152,6,0
603146,603149,603152,3,3
603146,603150,603153,3,4
603146,603150,603153,3,4
603146,603146,603153,7,0
603146,603151,603153,2,5
603146,603152,603154,2,6
603146,603150,603153,3,4
603146,603150,603153,3,4
603146,603151,603153,2,5
603146,603151,603154,3,5
603146,603151,603153,2,5
603146,603152,603154,2,6
603146,603150,603154,4,4
603146,603153,603155,2,7
603146,603152,603156,4,6
603146,603151,603155,4,5
603146,603151,603155,4,5
603146,603151,603156,5,5
603146,603153,603155,2,7
603146,603153,603155,2,7
603146,603154,603156,2,8
603146,603153,603155,2,7
603146,603153,603155,2,7
603146,603152,603156,4,6
603146,603154,603156,2,8
603146,603154,603156,2,8
603146,603155,603157,2,9
603146,603154,603157,3,8
603146,603154,603157,3,8
603146,603154,603156,2,8
603146,603154,603157,3,8
603146,603154,603156,2,8
603146,603146,603154,8,0
603146,603156,603158,2,10
603146,603155,603158,3,9
603146,603156,603158,2,10
603146,603146,603159,13,0
603146,603156,603159,3,10
603146,603156,603159,3,10
603146,603156,603159,3,10
603146,603156,603159,3,10
603146,603156,603160,4,10
603153,603158,603160,2,5
603146,603152,603160,8,6
603146,603156,603161,5,10
603146,603156,603160,4,10
603146,603156,603160,4,10
603153,603158,603161,3,5
603153,603158,603161,3,5
603153,603157,603161,4,4
603153,603158,603161,3,5
603153,603159,603162,3,6
603153,603159,603163,4,6
603153,603160,603163,3,7
603153,603159,603163,4,6
603153,603157,603163,6,4
603153,603160,603163,3,7
603153,603157,603164,7,4
603153,603157,603164,7,4
603153,603161,603164,3,8
603153,603157,603163,6,4
603153,603157,603164,7,4
603153,603161,603164,3,8
603153,603159,603165,6,6
603153,603157,603165,8,4
603153,603157,603165,8,4
603153,603161,603165,4,8
603153,603161,603165,4,8
603153,603161,603166,5,8
603153,603164,603166,2,11
603153,603164,603166,2,11
603153,603162,603166,4,9
603153,603164,603166,2,11
603153,603161,603166,5,8
603153,603161,603166,5,8
603153,603163,603167,4,10
603153,603163,603166,3,10
603153,603164,603167,3,11
603153,603163,603167,4,10
603153,603164,603167,3,11
603153,603164,603167,3,11
603153,603164,603167,3,11
603153,603165,603168,3,12
603153,603166,603168,2,13
603153,603166,603168,2,13
603153,603166,603168,2,13
603153,603164,603169,5,11
603153,603162,603167,5,9
603153,603166,603169,3,13
603153,603167,603169,2,14
603153,603167,603169,2,14
603153,603167,603169,2,14
603153,603157,603169,12,4
603146,603146,603170,24,0
603153,603167,603170,3,14
603153,603168,603170,2,15
603153,603168,603170,2,15
603153,603168,603170,2,15
603153,603168,603170,2,15
603153,603168,603170,2,15
603146,603146,603171,25,0
603153,603166,603170,4,13
603153,603166,603171,5,13
603146,603146,603171,25,0
603153,603159,603171,12,6
603153,603169,603171,2,16
603153,603168,603171,3,15
603153,603169,603171,2,16
603153,603170,603172,2,17
603153,603170,603172,2,17
603153,603169,603171,2,16
603153,603169,603171,2,16
603146,603146,603171,25,0
603146,603146,603172,26,0
603153,603167,603171,4,14
603153,603170,603172,2,17
603153,603170,603172,2,17
603153,603167,603172,5,14
603153,603169,603174,5,16
601601,601689,603174,1485,88
603153,603169,603174,5,16
603153,603170,603174,4,17
603201,603201,603205,4,0
603201,603201,603205,4,0
603201,603201,603204,3,0
603201,603201,603205,4,0
603201,603202,603204,2,1
603201,603202,603205,3,1
603201,603201,603206,5,0
603201,603201,603206,5,0
603201,603201,603206,5,0
603201,603201,603206,5,0
603201,603201,603206,5,0
603201,603201,603207,6,0
603201,603201,603207,6,0
603201,603201,603207,6,0
603201,603201,603207,6,0
603201,603201,603207,6,0
603201,603201,603208,7,0
603201,603201,603208,7,0
603201,603201,603208,7,0
603201,603201,603208,7,0
603201,603201,603208,7,0
603201,603201,603209,8,0
603201,603206,603209,3,5
603201,603206,603209,3,5
603201,603206,603209,3,5
603201,603206,603209,3,5
603201,603207,603209,2,6
603201,603206,603209,3,5
603201,603206,603210,4,5
603201,603202,603210,8,1
603201,603208,603210,2,7
603201,603208,603210,2,7
603201,603201,603210,9,0
603201,603207,603211,4,6
603201,603208,603211,3,7
603201,603209,603211,2,8
603201,603207,603211,4,6
603201,603209,603211,2,8
603201,603208,603211,3,7
603201,603209,603211,2,8
603201,603206,603212,6,5
603201,603208,603212,4,7
603201,603209,603212,3,8
603201,603210,603212,2,9
603201,603210,603212,2,9
603201,603210,603212,2,9
603201,603210,603212,2,9
603201,603202,603211,9,1
603201,603209,603213,4,8
603201,603202,603206,4,1
603201,603202,603209,7,1
603201,603211,603213,2,10
603201,603211,603213,2,10
603201,603210,603213,3,9
603201,603210,603213,3,9
603201,603211,603213,2,10
603201,603211,603213,2,10
603201,603211,603213,2,10
603201,603212,603214,2,11
603201,603212,603214,2,11
603201,603212,603214,2,11
603201,603212,603214,2,11
603201,603211,603215,4,10
603201,603213,603217,4,12
603201,603201,603212,11,0
603201,603206,603224,18,5
603201,603210,603224,14,9
603201,603202,603226,24,1
601605,601738,603227,1489,133
603201,603212,603228,16,11
603229,603229,603232,3,0
603229,603229,603232,3,0
603229,603229,603233,4,0
603229,603229,603233,4,0
603229,603229,603232,3,0
603229,603229,603234,5,0
603229,603229,603234,5,0
603229,603229,603234,5,0
603229,603229,603234,5,0
603229,603229,603233,4,0
603229,603229,603235,6,0
603229,603229,603235,6,0
601608,601757,603235,1478,149
603229,603229,603235,6,0
603229,603229,603235,6,0
603229,603229,603235,6,0
603229,603229,603235,6,0
603229,603229,603235,6,0
603229,603229,603235,6,0
603229,603232,603235,3,3
603229,603232,603235,3,3
603229,603229,603235,6,0
603229,603229,603236,7,0
603229,603233,603236,3,4
603229,603233,603236,3,4
603229,603233,603236,3,4
603229,603229,603237,8,0
603229,603229,603236,7,0
603229,603234,603237,3,5
603229,603234,603237,3,5
603229,603234,603237,3,5
603229,603235,603238,3,6
603229,603236,603238,2,7
603229,603235,603237,2,6
603229,603235,603237,2,6
603229,603235,603238,3,6
603229,603235,603238,3,6
603229,603235,603238,3,6
603229,603235,603238,3,6
603229,603236,603238,2,7
603229,603234,603238,4,5
603229,603234,603238,4,5
603229,603237,603239,2,8
603229,603236,603239,3,7
603229,603236,603239,3,7
603229,603235,603240,5,6
603229,603235,603239,4,6
603229,603229,603240,11,0
603229,603229,603240,11,0
603229,603235,603240,5,6
603229,603235,603239,4,6
603229,603237,603240,3,8
603229,603237,603240,3,8
603229,603237,603240,3,8
603229,603238,603240,2,9
603229,603238,603240,2,9
603229,603238,603241,3,9
603229,603238,603241,3,9
603229,603238,603241,3,9
603229,603238,603241,3,9
603229,603238,603241,3,9
603229,603238,603241,3,9
603229,603239,603242,3,10
603229,603236,603242,6,7
603236,603241,603242,1,5
603229,603237,603243,6,8
603229,603239,603243,4,10
603236,603241,603243,2,5
603236,603241,603243,2,5
603236,603240,603244,4,4
603236,603242,603244,2,6
603236,603242,603244,2,6
603236,603239,603244,5,3
603236,603242,603244,2,6
603236,603241,603244,3,5
603236,603242,603244,2,6
603236,603242,603244,2,6
603236,603240,603245,5,4
603236,603242,603244,2,6
603236,603242,603245,3,6
603236,603243,603245,2,7
603236,603240,603245,5,4
603229,603229,603241,12,0
603229,603229,603241,12,0
603236,603244,603246,2,8
603236,603244,603246,2,8
603236,603245,603247,2,9
603236,603245,603247,2,9
603236,603245,603247,2,9
603236,603245,603248,3,9
603236,603245,603247,2,9
603236,603245,603247,2,9
603236,603245,603247,2,9
603236,603243,603248,5,7
603236,603245,603248,3,9
603236,603245,603248,3,9
603236,603245,603248,3,9
603236,603246,603248,2,10
603236,603246,603248,2,10
603236,603245,603249,4,9
603236,603243,603248,5,7
603236,603248,603250,2,12
603236,603247,603249,2,11
603236,603247,603249,2,11
603201,603211,603246,35,10
603229,603229,603248,19,0
603229,603229,603248,19,0
603236,603239,603250,11,3
603236,603240,603250,10,4
603236,603248,603250,2,12
603236,603248,603250,2,12
603236,603248,603250,2,12
603236,603248,603250,2,12
603236,603248,603250,2,12
603236,603248,603250,2,12
603236,603240,603251,11,4
603236,603249,603251,2,13
603236,603249,603251,2,13
603236,603249,603251,2,13
603236,603249,603251,2,13
603236,603250,603252,2,14
603236,603249,603251,2,13
603236,603249,603252,3,13
603236,603248,603252,4,12
603236,603250,603252,2,14
603236,603250,603252,2,14
603236,603242,603253,11,6
603236,603251,603253,2,15
603236,603240,603254,14,4
603236,603251,603254,3,15
603236,603251,603254,3,15
603236,603251,603254,3,15
603236,603240,603257,17,4
603236,603249,603257,8,13
603236,603253,603261,8,17
603236,603240,603263,23,4
603229,603229,603254,25,0
603236,603253,603266,13,17
603236,603240,603275,35,4
603236,603250,603277,27,14
602248,602269,603282,1013,21
603304,603304,603307,3,0
603304,603304,603307,3,0
603304,603304,603307,3,0
603304,603304,603307,3,0
603304,603304,603307,3,0
603304,603304,603307,3,0
603304,603304,603309,5,0
603304,603304,603308,4,0
603304,603304,603309,5,0
603304,603304,603309,5,0
603304,603304,603310,6,0
603304,603304,603310,6,0
603304,603304,603310,6,0
603304,603304,603310,6,0
603304,603304,603310,6,0
603304,603304,603309,5,0
603304,603304,603310,6,0
603304,603307,603310,3,3
603304,603307,603310,3,3
603304,603307,603310,3,3
603304,603304,603309,5,0
603304,603307,603310,3,3
603236,603250,603307,57,14
603236,603250,603307,57,14
603304,603304,603311,7,0
603304,603304,603310,6,0
603304,603304,603311,7,0
603304,603308,603311,3,4
603304,603308,603310,2,4
603304,603309,603311,2,5
603304,603309,603312,3,5
603304,603309,603312,3,5
603304,603310,603312,2,6
603304,603310,603312,2,6
603304,603310,603312,2,6
603304,603310,603313,3,6
603304,603310,603313,3,6
603304,603311,603313,2,7
603304,603310,603312,2,6
603304,603310,603313,3,6
603304,603304,603313,9,0
603304,603310,603313,3,6
603304,603310,603314,4,6
603304,603310,603314,4,6
603304,603311,603314,3,7
603304,603311,603314,3,7
603304,603311,603314,3,7
603304,603311,603314,3,7
603304,603312,603314,2,8
603304,603310,603314,4,6
603304,603311,603315,4,7
603304,603312,603314,2,8
603304,603304,603315,11,0
603304,603310,603315,5,6
603304,603312,603315,3,8
603304,603313,603316,3,9
603304,603313,603316,3,9
603304,603313,603316,3,9
603304,603313,603316,3,9
603304,603313,603316,3,9
603304,603304,603316,12,0
603304,603309,603319,10,5
603304,603304,603317,13,0
603304,603304,603320,16,0
603304,603304,603325,21,0
603304,603313,603328,15,9
603304,603313,603328,15,9
603304,603304,603337,33,0
603304,603304,603337,33,0
603304,603311,603337,26,7
603304,603311,603338,27,7
603304,603304,603347,43,0
602596,602637,603622,985,41
603623,603624,603626,2,1
603623,603624,603626,2,1
603623,603624,603626,2,1
603623,603624,603626,2,1
603623,603624,603626,2,1
603623,603624,603626,2,1
603623,603624,603627,3,1
603623,603624,603627,3,1
603623,603624,603628,4,1
603623,603624,603628,4,1
603623,603624,603628,4,1
603623,603624,603628,4,1
603623,603624,603629,5,1
603623,603624,603629,5,1
603623,603624,603629,5,1
603623,603624,603629,5,1
603623,603627,603629,2,4
603623,603624,603629,5,1
603623,603624,603629,5,1
603623,603624,603629,5,1
603623,603627,603629,2,4
603623,603627,603629,2,4
603623,603627,603629,2,4
603623,603627,603630,3,4
603623,603627,603629,2,4
603623,603624,603630,6,1
603623,603628,603630,2,5
603623,603628,603630,2,5
603623,603624,603631,7,1
603623,603624,603631,7,1
603623,603624,603631,7,1
603623,603629,603632,3,6
603623,603630,603632,2,7
603623,603630,603632,2,7
603623,603630,603632,2,7
603623,603630,603632,2,7
603623,603630,603633,3,7
603623,603630,603632,2,7
603623,603630,603632,2,7
603623,603630,603632,2,7
603623,603630,603632,2,7
603623,603630,603632,2,7
603623,603630,603633,3,7
603623,603629,603633,4,6
603623,603630,603633,3,7
603623,603629,603633,4,6
603623,603631,603633,2,8
603623,603631,603633,2,8
603623,603630,603633,3,7
603623,603631,603634,3,8
603623,603632,603634,2,9
603623,603632,603634,2,9
603623,603624,603636,12,1
603623,603624,603635,11,1
603623,603624,603635,11,1
603623,603624,603635,11,1
603623,603624,603635,11,1
603623,603629,603635,6,6
603623,603633,603635,2,10
603623,603633,603635,2,10
603623,603633,603635,2,10
603623,603633,603635,2,10
603623,603633,603635,2,10
603623,603624,603636,12,1
603623,603632,603637,5,9
603623,603633,603637,4,10
603623,603624,603642,18,1
603623,603624,603648,24,1
603623,603624,603649,25,1
603623,603624,603649,25,1
602739,602751,603702,951,12
603703,603703,603705,2,0
603703,603703,603705,2,0
603703,603703,603705,2,0
603703,603703,603705,2,0
603703,603703,603705,2,0
603703,603703,603705,2,0
603703,603703,603705,2,0
603703,603703,603706,3,0
603703,603703,603705,2,0
603703,603703,603706,3,0
603703,603703,603706,3,0
603703,603703,603706,3,0
603703,603703,603707,4,0
603703,603703,603707,4,0
603703,603703,603707,4,0
603703,603703,603707,4,0
603703,603703,603708,5,0
603703,603703,603707,4,0
603703,603703,603707,4,0
603703,603705,603707,2,2
603703,603703,603707,4,0
603703,603703,603707,4,0
603703,603705,603707,2,2
603703,603703,603708,5,0
603703,603706,603708,2,3
603703,603703,603709,6,0
603703,603703,603708,5,0
603703,603703,603708,5,0
603703,603706,603709,3,3
603703,603706,603709,3,3
603703,603703,603708,5,0
603703,603706,603708,2,3
603703,603706,603709,3,3
603703,603707,603709,2,4
603703,603707,603709,2,4
603703,603706,603709,3,3
603703,603706,603709,3,3
603703,603707,603709,2,4
603703,603708,603710,2,5
603703,603708,603711,3,5
603703,603708,603710,2,5
603703,603708,603710,2,5
603703,603708,603710,2,5
603703,603708,603710,2,5
603703,603708,603710,2,5
603703,603709,603712,3,6
603703,603708,603712,4,5
603703,603709,603711,2,6
603703,603709,603711,2,6
603703,603709,603711,2,6
603703,603709,603711,2,6
603703,603710,603712,2,7
603703,603708,603713,5,5
603703,603709,603713,4,6
603703,603710,603713,3,7
603703,603710,603712,2,7
603703,603710,603712,2,7
603703,603708,603713,5,5
603703,603703,603713,10,0
602208,602229,603713,1484,21
603703,603703,603713,10,0
603703,603703,603714,11,0
603703,603703,603714,11,0
603703,603703,603714,11,0
603703,603708,603715,7,5
603703,603709,603715,6,6
603703,603709,603715,6,6
603715,603715,603717,2,0
603715,603715,603717,2,0
603715,603715,603717,2,0
603715,603715,603717,2,0
603703,603709,603716,7,6
603715,603715,603718,3,0
603715,603715,603718,3,0
603715,603715,603718,3,0
603715,603715,603718,3,0
603715,603715,603719,4,0
603715,603715,603719,4,0
603715,603715,603719,4,0
603715,603715,603720,5,0
603715,603715,603720,5,0
603715,603715,603720,5,0
603715,603715,603720,5,0
603715,603718,603720,2,3
603715,603715,603720,5,0
603715,603715,603720,5,0
603715,603715,603720,5,0
603715,603715,603720,5,0
603715,603718,603720,2,3
603715,603718,603720,2,3
603715,603719,603722,3,4
603703,603703,603715,12,0
603715,603718,603721,3,3
603715,603719,603721,2,4
603715,603719,603721,2,4
603715,603715,603721,6,0
603715,603719,603721,2,4
603715,603715,603721,6,0
603715,603720,603722,2,5
603715,603715,603721,6,0
603715,603721,603723,2,6
603715,603720,603722,2,5
603715,603720,603722,2,5
603715,603721,603723,2,6
603715,603721,603723,2,6
603715,603721,603723,2,6
603715,603721,603723,2,6
603715,603716,603723,7,1
603715,603721,603723,2,6
603715,603721,603723,2,6
603715,603722,603724,2,7
603715,603722,603724,2,7
603715,603722,603724,2,7
603715,603715,603724,9,0
603715,603721,603725,4,6
603715,603722,603724,2,7
603715,603722,603725,3,7
603715,603722,603724,2,7
603715,603722,603724,2,7
603715,603722,603724,2,7
603715,603723,603725,2,8
603715,603723,603725,2,8
603715,603723,603725,2,8
603715,603716,603724,8,1
603715,603718,603724,6,3
603715,603721,603725,4,6
603715,603722,603725,3,7
603715,603721,603725,4,6
603715,603721,603725,4,6
603715,603722,603725,3,7
603715,603723,603725,2,8
603715,603723,603725,2,8
603715,603723,603725,2,8
603715,603715,603726,11,0
603703,603703,603717,14,0
603715,603716,603731,15,1
603715,603715,603728,13,0
603715,603715,603737,22,0
603703,603703,603739,36,0
603715,603715,603739,24,0
603715,603715,603742,27,0
602854,602880,603826,946,26
603827,603827,603830,3,0
603827,603827,603830,3,0
603827,603827,603830,3,0
603827,603827,603830,3,0
603827,603827,603830,3,0
603827,603827,603830,3,0
603827,603827,603830,3,0
603827,603827,603830,3,0
603827,603827,603830,3,0
603827,603827,603831,4,0
603827,603827,603831,4,0
603827,603827,603831,4,0
603827,603827,603831,4,0
603827,603827,603830,3,0
603827,603827,603831,4,0
603827,603827,603831,4,0
603827,603827,603831,4,0
603827,603827,603831,4,0
603827,603827,603831,4,0
603827,603827,603831,4,0
603827,603827,603832,5,0
603827,603827,603832,5,0
603827,603827,603832,5,0
603827,603827,603833,6,0
603827,603827,603833,6,0
603827,603831,603833,2,4
603827,603831,603833,2,4
603827,603831,603833,2,4
603827,603831,603833,2,4
603827,603831,603833,2,4
603827,603831,603833,2,4
603827,603832,603833,1,5
603827,603827,603834,7,0
603827,603827,603834,7,0
603827,603832,603834,2,5
603827,603832,603834,2,5
603827,603832,603834,2,5
603827,603832,603834,2,5
603827,603831,603834,3,4
603827,603831,603834,3,4
603827,603832,603834,2,5
603827,603831,603834,3,4
603827,603832,603834,2,5
603827,603832,603835,3,5
603827,603832,603834,2,5
603827,603832,603834,2,5
603827,603827,603835,8,0
603827,603833,603836,3,6
603827,603834,603836,2,7
603827,603834,603836,2,7
603827,603834,603836,2,7
603827,603834,603836,2,7
603827,603834,603836,2,7
603827,603834,603836,2,7
603827,603834,603836,2,7
603827,603827,603837,10,0
603827,603827,603837,10,0
603827,603832,603837,5,5
603827,603831,603837,6,4
603827,603833,603837,4,6
603827,603833,603838,5,6
603827,603834,603838,4,7
603827,603835,603841,6,8
603827,603835,603842,7,8
603827,603827,603838,11,0
603827,603827,603844,17,0
603827,603827,603847,20,0
603827,603828,603847,19,1
603827,603827,603864,37,0
603827,603828,603870,42,1
602913,602913,603891,978,0
603898,603898,603900,2,0
603898,603898,603901,3,0
603898,603898,603900,2,0
603898,603898,603901,3,0
603898,603898,603901,3,0
603898,603898,603901,3,0
603898,603898,603900,2,0
603898,603898,603900,2,0
603898,603898,603901,3,0
603898,603898,603901,3,0
603898,603898,603901,3,0
603898,603898,603901,3,0
603898,603898,603902,4,0
603898,603898,603902,4,0
603898,603898,603902,4,0
603898,603898,603901,3,0
603898,603898,603902,4,0
603898,603898,603902,4,0
603898,603898,603902,4,0
603898,603898,603901,3,0
603898,603898,603903,5,0
603898,603898,603903,5,0
603898,603898,603903,5,0
603898,603898,603902,4,0
603898,603898,603904,6,0
603898,603898,603904,6,0
603898,603898,603903,5,0
603898,603901,603904,3,3
603898,603901,603904,3,3
603898,603901,603904,3,3
603898,603901,603904,3,3
603898,603901,603904,3,3
603898,603901,603904,3,3
603898,603901,603904,3,3
603898,603901,603904,3,3
603898,603901,603903,2,3
603898,603901,603904,3,3
603898,603901,603904,3,3
603898,603901,603904,3,3
603898,603902,603904,2,4
603898,603898,603905,7,0
603898,603898,603904,6,0
603898,603902,603905,3,4
603898,603902,603905,3,4
603898,603902,603905,3,4
603898,603902,603905,3,4
603898,603902,603905,3,4
603898,603902,603905,3,4
603898,603902,603906,4,4
603898,603903,603906,3,5
603898,603905,603907,2,7
603898,603903,603907,4,5
603898,603903,603907,4,5
603898,603905,603907,2,7
603898,603905,603907,2,7
603898,603905,603907,2,7
603898,603905,603907,2,7
603898,603905,603907,2,7
603898,603903,603908,5,5
603898,603904,603908,4,6
603898,603904,603908,4,6
603898,603898,603910,12,0
603898,603904,603910,6,6
603898,603898,603909,11,0
603898,603898,603909,11,0
603898,603898,603913,15,0
603898,603898,603910,12,0
603898,603898,603920,22,0
603898,603898,603919,21,0
603898,603898,603922,24,0
602564,602597,604074,1477,33
602562,602597,604074,1477,35
604075,604075,604078,3,0
604075,604075,604078,3,0
604075,604075,604079,4,0
604075,604075,604079,4,0
604075,604075,604079,4,0
604075,604075,604079,4,0
604075,604075,604079,4,0
604075,604075,604078,3,0
604075,604075,604078,3,0
604075,604075,604079,4,0
604075,604075,604079,4,0
604075,604075,604080,5,0
604075,604075,604080,5,0
604075,604075,604080,5,0
604075,604075,604080,5,0
604075,604078,604080,2,3
604075,604075,604079,4,0
604075,604075,604080,5,0
604075,604075,604081,6,0
604075,604075,604081,6,0
604075,604075,604080,5,0
604075,604075,604081,6,0
604075,604075,604081,6,0
604075,604078,604080,2,3
604075,604075,604082,7,0
604075,604075,604082,7,0
604075,604079,604082,3,4
604075,604079,604082,3,4
604075,604079,604081,2,4
604075,604075,604081,6,0
604075,604079,604081,2,4
604075,604080,604082,2,5
604075,604079,604082,3,4
604075,604079,604081,2,4
604075,604080,604082,2,5
604075,604079,604081,2,4
604075,604079,604081,2,4
604075,604080,604082,2,5
604075,604080,604082,2,5
604075,604079,604083,4,4
604075,604080,604083,3,5
604075,604081,604083,2,6
604075,604081,604083,2,6
604075,604080,604083,3,5
604075,604075,604083,8,0
604075,604075,604083,8,0
604075,604075,604084,9,0
604075,604081,604083,2,6
604075,604081,604085,4,6
604075,604081,604085,4,6
604075,604082,604085,3,7
604075,604082,604085,3,7
604075,604082,604085,3,7
604075,604082,604085,3,7
604075,604081,604085,4,6
604075,604082,604086,4,7
604075,604082,604086,4,7
604075,604081,604086,5,6
604075,604082,604085,3,7
604076,604083,604086,3,7
604076,604083,604086,3,7
604076,604083,604086,3,7
604076,604083,604086,3,7
604075,604075,604087,12,0
604075,604075,604087,12,0
604075,604075,604083,8,0
604076,604083,604087,4,7
604076,604082,604087,5,6
604076,604082,604087,5,6
604076,604084,604087,3,8
604076,604082,604087,5,6
604076,604083,604088,5,7
604076,604082,604088,6,6
604076,604082,604088,6,6
604076,604082,604088,6,6
604076,604087,604089,2,11
604075,604075,604088,13,0
604075,604075,604088,13,0
604076,604085,604089,4,9
604076,604082,604089,7,6
604076,604086,604089,3,10
604076,604088,604089,1,12
604076,604085,604089,4,9
604076,604086,604089,3,10
604076,604087,604089,2,11
604076,604087,604089,2,11
604075,604075,604090,15,0
604076,604085,604090,5,9
604076,604086,604090,4,10
604076,604082,604090,8,6
604076,604088,604090,2,12
604076,604088,604090,2,12
604076,604088,604090,2,12
604076,604088,604090,2,12
604076,604085,604091,6,9
604076,604089,604091,2,13
604076,604089,604091,2,13
604076,604090,604092,2,14
604076,604089,604091,2,13
604076,604089,604091,2,13
604076,604090,604092,2,14
604076,604088,604092,4,12
604076,604090,604092,2,14
604076,604090,604092,2,14
604076,604090,604092,2,14
604076,604090,604092,2,14
604076,604090,604092,2,14
604076,604090,604092,2,14
604076,604087,604091,4,11
604076,604091,604093,2,15
604076,604086,604092,6,10
604076,604091,604093,2,15
604076,604091,604093,2,15
604076,604091,604093,2,15
604076,604091,604093,2,15
604076,604091,604093,2,15
604075,604075,604093,18,0
604076,604086,604094,8,10
604075,604075,604094,19,0
604076,604091,604094,3,15
604076,604092,604094,2,16
604076,604092,604094,2,16
604076,604092,604094,2,16
604076,604092,604094,2,16
604076,604092,604094,2,16
604076,604092,604094,2,16
604075,604075,604096,21,0
604076,604091,604095,4,15
604076,604090,604096,6,14
604076,604083,604100,17,7
604076,604087,604101,14,11
604076,604087,604101,14,11
604075,604075,604107,32,0
604076,604084,604108,24,8
604076,604085,604108,23,9
604076,604089,604108,19,13
604076,604086,604109,23,10
604076,604089,604111,22,13
604076,604086,604113,27,10
604075,604075,604125,50,0
602587,602618,604125,1507,31
604144,604144,604147,3,0
604144,604144,604147,3,0
604144,604144,604147,3,0
604144,604144,604147,3,0
604144,604144,604147,3,0
604144,604144,604147,3,0
604144,604144,604148,4,0
604144,604144,604148,4,0
604144,604144,604147,3,0
604144,604144,604147,3,0
604144,604144,604149,5,0
604144,604144,604148,4,0
604144,604144,604149,5,0
604144,604144,604149,5,0
604144,604144,604148,4,0
604144,604144,604148,4,0
604144,604144,604149,5,0
604144,604147,604149,2,3
604144,604144,604149,5,0
604144,604144,604149,5,0
604144,604147,604149,2,3
604144,604147,604149,2,3
604144,604147,604150,3,3
604144,604144,604150,6,0
604144,604144,604150,6,0
604144,604144,604150,6,0
604144,604148,604150,2,4
604144,604148,604151,3,4
604144,604144,604151,7,0
604144,604144,604151,7,0
604144,604148,604151,3,4
604144,604148,604151,3,4
604144,604149,604152,3,5
604144,604148,604151,3,4
604144,604149,604151,2,5
604144,604149,604151,2,5
604144,604150,604152,2,6
604144,604144,604152,8,0
604144,604149,604153,4,5
604144,604150,604153,3,6
604144,604150,604153,3,6
604144,604150,604153,3,6
604144,604150,604153,3,6
604144,604150,604153,3,6
604144,604150,604152,2,6
604144,604149,604154,5,5
604144,604149,604153,4,5
604144,604151,604154,3,7
604144,604151,604154,3,7
604144,604151,604154,3,7
604144,604151,604153,2,7
604144,604144,604154,10,0
604144,604148,604154,6,4
604144,604151,604154,3,7
604144,604144,604156,12,0
604144,604144,604155,11,0
604144,604144,604155,11,0
604144,604151,604156,5,7
604144,604144,604157,13,0
604144,604144,604156,12,0
604144,604151,604158,7,7
604144,604144,604158,14,0
604144,604144,604159,15,0
604144,604144,604160,16,0
604144,604144,604163,19,0
604144,604144,604166,22,0
604144,604144,604168,24,0
604144,604144,604169,25,0
604144,604144,604169,25,0
604144,604144,604169,25,0
602683,602698,604176,1478,15
604199,604199,604201,2,0
604199,604199,604202,3,0
604199,604199,604202,3,0
604199,604199,604202,3,0
604199,604199,604201,2,0
604199,604199,604202,3,0
604199,604199,604202,3,0
604199,604199,604202,3,0
604199,604199,604203,4,0
604199,604199,604202,3,0
604199,604199,604202,3,0
604199,604199,604202,3,0
604199,604199,604203,4,0
604199,604199,604204,5,0
604199,604199,604203,4,0
604199,604199,604203,4,0
604199,604199,604203,4,0
604199,604199,604203,4,0
604199,604199,604204,5,0
604199,604199,604204,5,0
604199,604201,604203,2,2
604199,604199,604203,4,0
604199,604199,604204,5,0
604199,604202,604205,3,3
604199,604199,604204,5,0
604199,604199,604205,6,0
604199,604202,604205,3,3
604199,604202,604205,3,3
604199,604202,604205,3,3
604199,604202,604204,2,3
604199,604199,604204,5,0
604199,604202,604205,3,3
604199,604202,604204,2,3
604199,604203,604206,3,4
604199,604203,604206,3,4
604199,604199,604205,6,0
604199,604204,604206,2,5
604199,604199,604207,8,0
604199,604203,604207,4,4
604199,604204,604207,3,5
604199,604204,604207,3,5
604199,604204,604206,2,5
604199,604204,604207,3,5
604199,604204,604207,3,5
604199,604203,604208,5,4
604199,604204,604208,4,5
604199,604205,604208,3,6
604199,604205,604207,2,6
604199,604205,604208,3,6
604199,604205,604208,3,6
604199,604205,604208,3,6
604199,604204,604208,4,5
604199,604205,604208,3,6
604199,604204,604210,6,5
604199,604199,604210,11,0
604199,604199,604210,11,0
604199,604199,604211,12,0
604199,604199,604210,11,0
604199,604199,604211,12,0
604199,604199,604210,11,0
604199,604199,604211,12,0
604199,604199,604213,14,0
602619,602655,604215,1560,36
604199,604199,604212,13,0
604199,604199,604213,14,0
604216,604216,604219,3,0
604216,604216,604218,2,0
604216,604216,604218,2,0
604216,604216,604219,3,0
604216,604216,604218,2,0
604216,604216,604218,2,0
604216,604216,604219,3,0
604216,604216,604218,2,0
604216,604216,604219,3,0
604216,604216,604219,3,0
604216,604216,604220,4,0
604216,604216,604220,4,0
604216,604216,604220,4,0
604216,604216,604220,4,0
604216,604216,604220,4,0
604216,604216,604221,5,0
604199,604199,604221,22,0
604216,604216,604222,6,0
604216,604216,604221,5,0
604216,604216,604221,5,0
604216,604216,604221,5,0
604216,604219,604221,2,3
604216,604219,604221,2,3
604216,604219,604222,3,3
604216,604216,604221,5,0
604216,604216,604221,5,0
604216,604219,604222,3,3
604216,604219,604221,2,3
604216,604219,604221,2,3
604216,604219,604221,2,3
604216,604219,604221,2,3
604216,604220,604223,3,4
604216,604220,604222,2,4
604216,604220,604223,3,4
604216,604216,604223,7,0
604216,604216,604222,6,0
604216,604216,604222,6,0
604216,604221,604223,2,5
604216,604216,604223,7,0
604216,604221,604223,2,5
604216,604221,604223,2,5
604216,604222,604225,3,6
604216,604222,604224,2,6
604216,604222,604224,2,6
604216,604222,604224,2,6
604216,604222,604225,3,6
604216,604222,604225,3,6
604216,604222,604224,2,6
604216,604222,604225,3,6
604216,604222,604224,2,6
604216,604222,604224,2,6
604216,604221,604225,4,5
604216,604221,604225,4,5
604216,604222,604226,4,6
604216,604223,604226,3,7
604216,604223,604225,2,7
604216,604223,604225,2,7
604199,604199,604216,17,0
604216,604222,604226,4,6
604216,604222,604226,4,6
604216,604222,604226,4,6
604216,604216,604231,15,0
604216,604216,604231,15,0
604199,604199,604234,35,0
604199,604199,604235,36,0
604216,604218,604238,20,2
604216,604218,604239,21,2
604199,604204,604240,36,5
604216,604216,604240,24,0
604199,604204,604240,36,5
604216,604216,604242,26,0
604216,604216,604243,27,0
604216,604222,604243,21,6
604216,604216,604244,28,0
604216,604216,604244,28,0
602768,602779,604248,1469,11
604216,604216,604250,34,0
604268,604268,604270,2,0
604268,604268,604271,3,0
604268,604268,604270,2,0
604268,604268,604270,2,0
604268,604268,604270,2,0
604268,604268,604270,2,0
604268,604268,604270,2,0
604268,604268,604271,3,0
604268,604268,604270,2,0
604268,604268,604271,3,0
604268,604268,604271,3,0
604268,604268,604271,3,0
604268,604268,604272,4,0
604268,604268,604272,4,0
604268,604268,604272,4,0
604268,604268,604272,4,0
604268,604268,604273,5,0
604268,604268,604273,5,0
604268,604268,604273,5,0
604268,604268,604273,5,0
604268,604268,604272,4,0
604268,604268,604272,4,0
604268,604268,604273,5,0
604268,604268,604273,5,0
604268,604270,604272,2,2
604268,604271,604274,3,3
604268,604271,604273,2,3
604268,604271,604274,3,3
604268,604271,604274,3,3
604268,604271,604273,2,3
604268,604271,604274,3,3
604268,604272,604275,3,4
604268,604272,604275,3,4
604268,604272,604274,2,4
604268,604272,604274,2,4
604268,604273,604275,2,5
604268,604268,604275,7,0
604268,604268,604275,7,0
604268,604271,604275,4,3
604268,604271,604275,4,3
604268,604272,604275,3,4
604268,604273,604276,3,5
604268,604273,604275,2,5
604268,604273,604276,3,5
604268,604273,604276,3,5
604268,604268,604276,8,0
604268,604273,604276,3,5
604268,604273,604276,3,5
604268,604274,604276,2,6
604268,604268,604278,10,0
604268,604268,604278,10,0
604268,604268,604278,10,0
604268,604268,604278,10,0
604268,604268,604283,15,0
604268,604274,604283,9,6
604268,604268,604284,16,0
604268,604268,604288,20,0
604268,604268,604289,21,0
604268,604273,604290,17,5
604268,604273,604290,17,5
604268,604273,604290,17,5
604268,604273,604290,17,5
604268,604268,604290,22,0
604268,604268,604292,24,0
604268,604268,604293,25,0
604268,604268,604292,24,0
604268,604268,604294,26,0
604268,604268,604297,29,0
604268,604268,604296,28,0
604268,604268,604302,34,0
602856,602880,604359,1479,24
604359,604359,604362,3,0
604359,604359,604362,3,0
604359,604359,604362,3,0
604359,604359,604362,3,0
604359,604359,604362,3,0
604359,604359,604362,3,0
604359,604359,604362,3,0
604359,604359,604362,3,0
604359,604359,604362,3,0
604359,604359,604362,3,0
604359,604359,604363,4,0
604359,604359,604363,4,0
604359,604359,604362,3,0
604359,604359,604363,4,0
604359,604359,604362,3,0
604359,604359,604363,4,0
604359,604359,604363,4,0
604359,604359,604362,3,0
604359,604359,604363,4,0
604359,604359,604363,4,0
604359,604359,604363,4,0
604359,604359,604364,5,0
604359,604359,604364,5,0
604359,604362,604365,3,3
604359,604359,604364,5,0
604359,604363,604365,2,4
604359,604362,604365,3,3
604359,604362,604365,3,3
604359,604363,604365,2,4
604359,604362,604365,3,3
604359,604362,604365,3,3
604359,604362,604365,3,3
604359,604363,604365,2,4
604359,604364,604365,1,5
604359,604362,604365,3,3
604359,604364,604365,1,5
604359,604364,604366,2,5
604359,604364,604366,2,5
604359,604364,604366,2,5
604359,604364,604366,2,5
604359,604364,604366,2,5
604359,604364,604366,2,5
604359,604365,604367,2,6
604359,604364,604367,3,5
604359,604365,604367,2,6
604359,604365,604367,2,6
604359,604359,604370,11,0
604359,604359,604370,11,0
604359,604359,604370,11,0
604359,604359,604370,11,0
604359,604363,604370,7,4
604359,604363,604370,7,4
604359,604359,604371,12,0
604359,604359,604371,12,0
604359,604359,604371,12,0
604359,604359,604371,12,0
604359,604359,604371,12,0
604359,604365,604371,6,6
604359,604365,604371,6,6
604359,604359,604372,13,0
604359,604359,604371,12,0
604359,604359,604371,12,0
604359,604359,604372,13,0
604359,604360,604375,15,1
604359,604359,604377,18,0
604359,604359,604394,35,0
604359,604359,604396,37,0
604359,604359,604397,38,0
604359,604359,604397,38,0
604359,604359,604397,38,0
