submit_time,start_time,end_time,run_time,wait_time
82913,82915,84185,1270,2
84577,84578,84727,149,1
84674,84730,93904,9174,56
93902,93905,94112,207,3
85856,93905,134249,40344,8049
94042,134252,148470,14218,40210
148468,148472,148487,15,4
305992,305992,306254,262,0
306522,306522,306751,229,0
312359,312359,312604,245,0
313094,313095,313312,217,1
319081,319081,319340,259,0
324400,324400,324640,240,0
327896,327896,328672,776,0
289881,289883,359209,69326,2
359207,359210,359212,2,3
359392,359393,381701,22308,1
387002,387002,387253,251,0
381705,381706,392266,10560,1
393657,393657,393906,249,0
402234,402234,402238,4,0
402234,402234,402238,4,0
402234,402234,402238,4,0
402234,402234,402238,4,0
402234,402234,402238,4,0
402234,402234,402238,4,0
402234,402234,402238,4,0
402234,402234,402238,4,0
402234,402234,402238,4,0
402234,402234,402238,4,0
402234,402234,402238,4,0
402234,402234,402238,4,0
402234,402234,402238,4,0
402234,402234,402238,4,0
402234,402234,402238,4,0
402234,402234,402238,4,0
402234,402234,402238,4,0
402234,402234,402238,4,0
402234,402234,402238,4,0
402234,402234,402238,4,0
402234,402234,402238,4,0
402234,402234,402238,4,0
402234,402234,402238,4,0
402234,402234,402238,4,0
402234,402234,402238,4,0
402234,402234,402238,4,0
402234,402234,402238,4,0
402234,402234,402238,4,0
402234,402234,402238,4,0
402234,402234,402238,4,0
402234,402234,402238,4,0
402234,402234,402238,4,0
402234,402234,402238,4,0
402234,402234,402238,4,0
402234,402234,402238,4,0
402234,402234,402238,4,0
402234,402234,402238,4,0
402234,402234,402238,4,0
402234,402234,402238,4,0
402234,402234,402238,4,0
402234,402234,402238,4,0
402234,402234,402238,4,0
402234,402234,402238,4,0
402234,402234,402238,4,0
402234,402234,402238,4,0
402234,402234,402238,4,0
402234,402234,402238,4,0
402234,402234,402238,4,0
402234,402234,402238,4,0
402234,402234,402238,4,0
402234,402234,402238,4,0
402234,402234,402238,4,0
402234,402234,402239,5,0
402234,402234,402239,5,0
402234,402234,402238,4,0
402234,402234,402239,5,0
402234,402234,402239,5,0
402234,402234,402239,5,0
402234,402234,402239,5,0
402234,402234,402239,5,0
402234,402234,402239,5,0
402234,402234,402239,5,0
402234,402234,402239,5,0
402234,402234,402240,6,0
402234,402234,402239,5,0
402234,402234,402239,5,0
402234,402234,402239,5,0
402234,402234,402239,5,0
402234,402234,402239,5,0
402234,402234,402239,5,0
402234,402234,402239,5,0
402234,402234,402239,5,0
402234,402234,402240,6,0
402234,402234,402239,5,0
402234,402234,402239,5,0
402234,402234,402239,5,0
402234,402234,402239,5,0
402234,402234,402240,6,0
402234,402234,402240,6,0
402234,402234,402240,6,0
402234,402239,402241,2,5
402234,402239,402242,3,5
402234,402239,402242,3,5
402234,402239,402242,3,5
402234,402239,402242,3,5
402234,402239,402242,3,5
402234,402239,402242,3,5
402234,402239,402242,3,5
402234,402239,402242,3,5
402234,402239,402242,3,5
402234,402239,402243,4,5
402234,402239,402242,3,5
402234,402239,402242,3,5
402234,402239,402242,3,5
402234,402239,402242,3,5
402234,402239,402242,3,5
402234,402239,402242,3,5
402234,402240,402243,3,6
402234,402239,402242,3,5
402234,402239,402242,3,5
402234,402239,402242,3,5
402234,402239,402242,3,5
402234,402239,402242,3,5
402234,402240,402243,3,6
402234,402240,402243,3,6
402234,402240,402243,3,6
402234,402239,402242,3,5
402234,402239,402242,3,5
402234,402239,402242,3,5
402234,402239,402242,3,5
402234,402239,402242,3,5
402234,402239,402243,4,5
402234,402239,402242,3,5
402234,402240,402243,3,6
402234,402239,402242,3,5
402234,402239,402242,3,5
402234,402239,402242,3,5
402234,402239,402242,3,5
402234,402240,402242,2,6
402234,402239,402242,3,5
402234,402239,402242,3,5
402234,402239,402242,3,5
402234,402239,402242,3,5
402234,402239,402242,3,5
402234,402240,402243,3,6
402234,402240,402243,3,6
402234,402239,402243,4,5
402234,402239,402243,4,5
402234,402239,402243,4,5
402234,402239,402243,4,5
402234,402239,402242,3,5
402234,402239,402242,3,5
402234,402239,402242,3,5
402234,402239,402242,3,5
402234,402239,402242,3,5
402234,402240,402243,3,6
402234,402240,402242,2,6
402234,402240,402242,2,6
402234,402239,402243,4,5
402234,402239,402243,4,5
402234,402239,402243,4,5
402234,402239,402242,3,5
402234,402240,402243,3,6
402234,402239,402243,4,5
402234,402240,402243,3,6
402234,402240,402243,3,6
402234,402240,402243,3,6
402234,402241,402243,2,7
402234,402239,402243,4,5
402234,402239,402243,4,5
402234,402241,402243,2,7
402234,402241,402243,2,7
402234,402242,402243,1,8
402234,402241,402243,2,7
402234,402240,402243,3,6
402234,402240,402243,3,6
402234,402240,402243,3,6
402234,402240,402243,3,6
402234,402240,402243,3,6
402234,402239,402243,4,5
402234,402239,402243,4,5
402234,402239,402243,4,5
402234,402243,402245,2,9
402234,402243,402244,1,9
402234,402243,402245,2,9
402234,402243,402245,2,9
402234,402243,402245,2,9
402234,402243,402245,2,9
402234,402243,402244,1,9
402234,402243,402245,2,9
402234,402243,402245,2,9
402234,402243,402245,2,9
402234,402243,402245,2,9
402234,402243,402245,2,9
402234,402243,402245,2,9
402234,402243,402245,2,9
402234,402243,402244,1,9
402234,402243,402244,1,9
402234,402243,402245,2,9
402234,402242,402245,3,8
402234,402242,402245,3,8
402234,402242,402245,3,8
402234,402243,402245,2,9
402234,402243,402245,2,9
402234,402243,402245,2,9
402234,402243,402246,3,9
402234,402243,402245,2,9
402234,402243,402245,2,9
402234,402243,402246,3,9
402234,402243,402245,2,9
402234,402243,402245,2,9
402234,402243,402245,2,9
402234,402243,402246,3,9
402234,402243,402245,2,9
402234,402243,402245,2,9
402234,402243,402245,2,9
402234,402243,402246,3,9
402234,402243,402245,2,9
402234,402243,402245,2,9
402234,402243,402245,2,9
402251,402251,402254,3,0
402251,402251,402254,3,0
402251,402251,402254,3,0
402251,402251,402254,3,0
402251,402251,402255,4,0
402251,402251,402254,3,0
402251,402251,402255,4,0
402251,402251,402255,4,0
402251,402251,402254,3,0
402251,402251,402254,3,0
402251,402251,402254,3,0
402251,402251,402254,3,0
402251,402251,402254,3,0
402251,402251,402254,3,0
402251,402251,402255,4,0
402251,402251,402254,3,0
402251,402251,402254,3,0
402251,402251,402254,3,0
402251,402251,402254,3,0
402251,402251,402254,3,0
402251,402251,402255,4,0
402251,402251,402255,4,0
402251,402251,402254,3,0
402251,402251,402254,3,0
402251,402251,402254,3,0
402251,402251,402254,3,0
402251,402251,402254,3,0
402251,402251,402254,3,0
402251,402251,402254,3,0
402251,402251,402254,3,0
402251,402251,402254,3,0
402251,402251,402254,3,0
402251,402251,402254,3,0
402251,402251,402254,3,0
402251,402251,402254,3,0
402251,402251,402254,3,0
402251,402251,402254,3,0
402251,402251,402254,3,0
402251,402251,402254,3,0
402251,402251,402254,3,0
402251,402251,402254,3,0
402251,402251,402254,3,0
402251,402251,402254,3,0
402251,402251,402254,3,0
402251,402251,402255,4,0
402251,402251,402255,4,0
402251,402251,402254,3,0
402251,402251,402254,3,0
402251,402251,402254,3,0
402251,402251,402255,4,0
402251,402251,402255,4,0
402251,402251,402255,4,0
402251,402251,402254,3,0
402251,402251,402254,3,0
402251,402251,402254,3,0
402251,402251,402254,3,0
402251,402251,402254,3,0
402251,402251,402254,3,0
402251,402251,402255,4,0
402251,402251,402254,3,0
402251,402251,402254,3,0
402251,402251,402254,3,0
402251,402251,402254,3,0
402251,402251,402254,3,0
402251,402251,402254,3,0
402251,402251,402255,4,0
402251,402251,402255,4,0
402251,402251,402255,4,0
402251,402251,402255,4,0
402251,402251,402255,4,0
402251,402251,402255,4,0
402251,402251,402255,4,0
402251,402251,402255,4,0
402251,402251,402255,4,0
402251,402251,402255,4,0
402251,402251,402255,4,0
402251,402251,402255,4,0
402251,402251,402255,4,0
402251,402251,402255,4,0
402251,402251,402255,4,0
402251,402255,402256,1,4
402251,402255,402258,3,4
402251,402255,402258,3,4
402251,402255,402258,3,4
402251,402255,402258,3,4
402251,402255,402258,3,4
402251,402255,402258,3,4
402251,402255,402258,3,4
402251,402255,402258,3,4
402251,402255,402258,3,4
402251,402255,402258,3,4
402251,402255,402258,3,4
402251,402255,402258,3,4
402251,402255,402258,3,4
402251,402255,402258,3,4
402251,402255,402258,3,4
402251,402255,402258,3,4
402251,402255,402258,3,4
402251,402255,402258,3,4
402251,402255,402258,3,4
402251,402255,402258,3,4
402251,402255,402258,3,4
402251,402255,402258,3,4
402251,402255,402258,3,4
402251,402255,402258,3,4
402251,402255,402258,3,4
402251,402255,402258,3,4
402251,402255,402258,3,4
402251,402255,402258,3,4
402251,402255,402258,3,4
402251,402255,402258,3,4
402251,402255,402258,3,4
402251,402255,402258,3,4
402251,402255,402258,3,4
402251,402255,402258,3,4
402251,402255,402258,3,4
402251,402255,402258,3,4
402251,402255,402258,3,4
402251,402255,402258,3,4
402251,402255,402258,3,4
402251,402255,402258,3,4
402251,402255,402258,3,4
402251,402255,402258,3,4
402251,402255,402258,3,4
402251,402255,402258,3,4
402251,402255,402259,4,4
402251,402255,402258,3,4
402251,402255,402259,4,4
402251,402256,402258,2,5
402251,402255,402258,3,4
402251,402255,402258,3,4
402251,402256,402258,2,5
402251,402256,402259,3,5
402251,402256,402258,2,5
402251,402256,402258,2,5
402251,402256,402259,3,5
402251,402256,402259,3,5
402251,402256,402259,3,5
402251,402255,402258,3,4
402251,402255,402259,4,4
402251,402255,402259,4,4
402251,402255,402259,4,4
402251,402255,402259,4,4
402251,402255,402258,3,4
402251,402255,402259,4,4
402251,402255,402258,3,4
402251,402255,402258,3,4
402251,402256,402259,3,5
402251,402255,402258,3,4
402251,402256,402259,3,5
402251,402256,402259,3,5
402251,402255,402258,3,4
402251,402256,402259,3,5
402251,402255,402259,4,4
402251,402255,402258,3,4
402251,402255,402258,3,4
402251,402255,402259,4,4
402251,402256,402259,3,5
402251,402256,402259,3,5
402251,402256,402259,3,5
402251,402257,402259,2,6
402251,402258,402260,2,7
402251,402258,402260,2,7
402251,402258,402260,2,7
402251,402258,402260,2,7
402251,402258,402260,2,7
402251,402258,402260,2,7
402251,402258,402260,2,7
402251,402258,402260,2,7
402251,402258,402260,2,7
402251,402258,402260,2,7
402251,402258,402260,2,7
402251,402258,402260,2,7
402251,402258,402260,2,7
402251,402258,402260,2,7
402251,402258,402260,2,7
402251,402258,402260,2,7
402251,402258,402260,2,7
402251,402258,402261,3,7
402251,402258,402260,2,7
402251,402258,402260,2,7
402251,402258,402261,3,7
402251,402258,402261,3,7
402251,402258,402261,3,7
402251,402258,402260,2,7
402251,402258,402261,3,7
402251,402258,402260,2,7
402251,402258,402261,3,7
402251,402258,402261,3,7
402251,402258,402261,3,7
402251,402258,402261,3,7
402251,402258,402261,3,7
402251,402258,402261,3,7
402251,402258,402261,3,7
402251,402258,402261,3,7
402251,402258,402261,3,7
402251,402258,402261,3,7
402251,402258,402261,3,7
402251,402258,402261,3,7
402251,402258,402261,3,7
402266,402266,402269,3,0
402266,402266,402269,3,0
402266,402266,402269,3,0
402266,402266,402269,3,0
402266,402266,402269,3,0
402266,402266,402269,3,0
402266,402266,402269,3,0
402266,402266,402269,3,0
402266,402266,402269,3,0
402266,402266,402269,3,0
402266,402266,402269,3,0
402266,402266,402269,3,0
402266,402266,402269,3,0
402266,402266,402269,3,0
402266,402266,402269,3,0
402266,402266,402269,3,0
402266,402266,402269,3,0
402266,402266,402269,3,0
402266,402266,402269,3,0
402266,402266,402269,3,0
402266,402266,402269,3,0
402266,402266,402269,3,0
402266,402266,402269,3,0
402266,402266,402269,3,0
402266,402266,402269,3,0
402266,402266,402269,3,0
402266,402266,402269,3,0
402266,402266,402269,3,0
402266,402266,402269,3,0
402266,402266,402269,3,0
402266,402266,402269,3,0
402266,402266,402269,3,0
402266,402266,402269,3,0
402266,402266,402269,3,0
402266,402266,402269,3,0
402266,402266,402269,3,0
402266,402266,402269,3,0
402266,402266,402269,3,0
402266,402266,402269,3,0
402266,402266,402269,3,0
402266,402266,402269,3,0
402266,402266,402269,3,0
402266,402266,402269,3,0
402266,402266,402269,3,0
402266,402266,402269,3,0
402266,402266,402269,3,0
402266,402266,402269,3,0
402266,402266,402270,4,0
402266,402266,402269,3,0
402266,402266,402270,4,0
402266,402266,402270,4,0
402266,402266,402269,3,0
402266,402266,402270,4,0
402266,402266,402270,4,0
402266,402266,402269,3,0
402266,402266,402269,3,0
402266,402266,402270,4,0
402266,402266,402269,3,0
402266,402266,402269,3,0
402266,402266,402270,4,0
402266,402266,402270,4,0
402266,402266,402270,4,0
402266,402266,402269,3,0
402266,402266,402269,3,0
402266,402266,402270,4,0
402266,402266,402269,3,0
402266,402266,402270,4,0
402266,402266,402270,4,0
402266,402266,402270,4,0
402266,402266,402270,4,0
402266,402266,402269,3,0
402266,402266,402269,3,0
402266,402266,402269,3,0
402266,402266,402270,4,0
402266,402266,402270,4,0
402266,402266,402270,4,0
402266,402266,402269,3,0
402266,402266,402269,3,0
402266,402266,402270,4,0
402266,402266,402269,3,0
402266,402269,402270,1,3
402266,402269,402272,3,3
402266,402269,402272,3,3
402266,402269,402272,3,3
402266,402269,402272,3,3
402266,402269,402272,3,3
402266,402269,402272,3,3
402266,402269,402272,3,3
402266,402269,402272,3,3
402266,402269,402272,3,3
402266,402269,402272,3,3
402266,402269,402272,3,3
402266,402269,402272,3,3
402266,402269,402272,3,3
402266,402269,402272,3,3
402266,402269,402272,3,3
402266,402269,402272,3,3
402266,402269,402272,3,3
402266,402269,402272,3,3
402266,402269,402272,3,3
402266,402269,402272,3,3
402266,402269,402272,3,3
402266,402271,402272,1,5
402266,402269,402272,3,3
402266,402269,402272,3,3
402266,402269,402272,3,3
402266,402269,402272,3,3
402266,402269,402272,3,3
402266,402269,402272,3,3
402266,402269,402272,3,3
402266,402270,402272,2,4
402266,402269,402272,3,3
402266,402269,402272,3,3
402266,402269,402272,3,3
402266,402269,402272,3,3
402266,402269,402272,3,3
402266,402269,402272,3,3
402266,402269,402272,3,3
402266,402269,402272,3,3
402266,402269,402272,3,3
402266,402269,402272,3,3
402266,402269,402272,3,3
402266,402269,402272,3,3
402266,402269,402272,3,3
402266,402269,402272,3,3
402266,402269,402272,3,3
402266,402269,402272,3,3
402266,402271,402273,2,5
402266,402270,402273,3,4
402266,402270,402273,3,4
402266,402270,402273,3,4
402266,402270,402273,3,4
402266,402270,402273,3,4
402266,402270,402273,3,4
402266,402270,402273,3,4
402266,402270,402273,3,4
402266,402270,402273,3,4
402266,402270,402272,2,4
402266,402270,402272,2,4
402266,402270,402273,3,4
402266,402270,402273,3,4
402266,402270,402273,3,4
402266,402270,402273,3,4
402266,402270,402273,3,4
402266,402270,402273,3,4
402266,402270,402273,3,4
402266,402270,402273,3,4
402266,402270,402273,3,4
402266,402270,402273,3,4
402266,402270,402273,3,4
402266,402270,402273,3,4
402266,402270,402273,3,4
402266,402270,402273,3,4
402266,402271,402273,2,5
402266,402271,402273,2,5
402266,402271,402273,2,5
402266,402271,402273,2,5
402266,402271,402273,2,5
402266,402273,402274,1,7
402266,402271,402273,2,5
402266,402271,402273,2,5
402266,402271,402273,2,5
402266,402273,402274,1,7
402266,402273,402274,1,7
402266,402273,402274,1,7
402266,402273,402274,1,7
402266,402273,402274,1,7
402266,402273,402275,2,7
402266,402273,402275,2,7
402266,402273,402275,2,7
402266,402273,402274,1,7
402266,402273,402274,1,7
402266,402273,402274,1,7
402266,402273,402275,2,7
402266,402273,402274,1,7
402266,402273,402275,2,7
402266,402273,402275,2,7
402266,402273,402275,2,7
402266,402273,402275,2,7
402266,402273,402275,2,7
402266,402273,402275,2,7
402266,402273,402275,2,7
402266,402273,402275,2,7
402266,402273,402274,1,7
402266,402273,402274,1,7
402266,402273,402275,2,7
402266,402273,402274,1,7
402266,402273,402275,2,7
402266,402273,402275,2,7
402266,402273,402275,2,7
402266,402273,402275,2,7
402266,402273,402275,2,7
402266,402273,402275,2,7
402266,402273,402275,2,7
402266,402273,402275,2,7
402266,402273,402275,2,7
402266,402273,402275,2,7
402266,402273,402275,2,7
402266,402273,402275,2,7
402266,402273,402275,2,7
402280,402280,402283,3,0
402280,402280,402284,4,0
402280,402280,402284,4,0
402280,402280,402284,4,0
402280,402280,402284,4,0
402280,402280,402284,4,0
402280,402280,402284,4,0
402280,402280,402284,4,0
402280,402280,402284,4,0
402280,402280,402283,3,0
402280,402280,402284,4,0
402280,402280,402284,4,0
402280,402280,402284,4,0
402280,402280,402284,4,0
402280,402280,402284,4,0
402280,402280,402284,4,0
402280,402280,402284,4,0
402280,402280,402284,4,0
402280,402280,402284,4,0
402280,402280,402284,4,0
402280,402280,402284,4,0
402280,402280,402284,4,0
402280,402280,402284,4,0
402280,402280,402284,4,0
402280,402280,402284,4,0
402280,402280,402284,4,0
402280,402280,402284,4,0
402280,402280,402284,4,0
402280,402280,402284,4,0
402280,402280,402284,4,0
402280,402280,402284,4,0
402280,402280,402284,4,0
402280,402280,402284,4,0
402280,402280,402284,4,0
402280,402280,402284,4,0
402280,402280,402284,4,0
402280,402280,402284,4,0
402280,402280,402284,4,0
402280,402280,402284,4,0
402280,402280,402284,4,0
402280,402280,402284,4,0
402280,402280,402284,4,0
402280,402280,402284,4,0
402280,402280,402284,4,0
402280,402280,402284,4,0
402280,402280,402284,4,0
402280,402280,402284,4,0
402280,402280,402284,4,0
402280,402280,402284,4,0
402280,402280,402283,3,0
402280,402280,402284,4,0
402280,402280,402284,4,0
402280,402280,402284,4,0
402280,402280,402284,4,0
402280,402280,402284,4,0
402280,402280,402284,4,0
402280,402280,402284,4,0
402280,402280,402284,4,0
402280,402280,402284,4,0
402280,402280,402284,4,0
402280,402280,402284,4,0
402280,402280,402284,4,0
402280,402280,402284,4,0
402280,402280,402284,4,0
402280,402280,402284,4,0
402280,402280,402284,4,0
402280,402280,402284,4,0
402280,402280,402284,4,0
402280,402280,402284,4,0
402280,402280,402284,4,0
402280,402280,402284,4,0
402280,402280,402284,4,0
402280,402280,402284,4,0
402280,402280,402284,4,0
402280,402280,402284,4,0
402280,402280,402284,4,0
402280,402280,402284,4,0
402280,402280,402284,4,0
402280,402280,402284,4,0
402280,402280,402284,4,0
402280,402285,402288,3,5
402280,402285,402288,3,5
402280,402285,402288,3,5
402280,402285,402288,3,5
402280,402285,402288,3,5
402280,402285,402288,3,5
402280,402285,402288,3,5
402280,402285,402288,3,5
402280,402285,402288,3,5
402280,402285,402288,3,5
402280,402285,402288,3,5
402280,402285,402288,3,5
402280,402285,402288,3,5
402280,402285,402288,3,5
402280,402285,402288,3,5
402280,402285,402288,3,5
402280,402285,402288,3,5
402280,402285,402288,3,5
402280,402285,402288,3,5
402280,402285,402288,3,5
402280,402285,402288,3,5
402280,402285,402288,3,5
402280,402285,402288,3,5
402280,402285,402288,3,5
402280,402285,402288,3,5
402280,402285,402288,3,5
402280,402285,402288,3,5
402280,402285,402288,3,5
402280,402285,402288,3,5
402280,402285,402288,3,5
402280,402285,402288,3,5
402280,402285,402288,3,5
402280,402285,402288,3,5
402280,402285,402288,3,5
402280,402285,402288,3,5
402280,402285,402288,3,5
402280,402285,402288,3,5
402280,402285,402288,3,5
402280,402285,402288,3,5
402280,402285,402288,3,5
402280,402285,402288,3,5
402280,402285,402288,3,5
402280,402285,402288,3,5
402280,402285,402288,3,5
402280,402285,402288,3,5
402280,402285,402288,3,5
402280,402285,402288,3,5
402280,402285,402288,3,5
402280,402285,402288,3,5
402280,402285,402288,3,5
402280,402285,402288,3,5
402280,402285,402288,3,5
402280,402285,402288,3,5
402280,402285,402288,3,5
402280,402285,402288,3,5
402280,402285,402288,3,5
402280,402285,402288,3,5
402280,402285,402288,3,5
402280,402285,402288,3,5
402280,402285,402288,3,5
402280,402285,402288,3,5
402280,402285,402288,3,5
402280,402285,402288,3,5
402280,402285,402288,3,5
402280,402286,402288,2,6
402280,402285,402288,3,5
402280,402285,402288,3,5
402280,402285,402288,3,5
402280,402285,402288,3,5
402280,402285,402288,3,5
402280,402285,402288,3,5
402280,402285,402288,3,5
402280,402285,402288,3,5
402280,402288,402289,1,8
402280,402285,402288,3,5
402280,402285,402288,3,5
402280,402285,402288,3,5
402280,402285,402288,3,5
402280,402285,402288,3,5
402280,402285,402288,3,5
402280,402285,402288,3,5
402280,402288,402290,2,8
402280,402288,402290,2,8
402280,402288,402290,2,8
402280,402288,402290,2,8
402280,402288,402290,2,8
402280,402288,402290,2,8
402280,402288,402290,2,8
402280,402288,402290,2,8
402280,402288,402290,2,8
402280,402288,402290,2,8
402280,402288,402290,2,8
402280,402288,402290,2,8
402280,402288,402290,2,8
402280,402288,402290,2,8
402280,402288,402290,2,8
402280,402288,402290,2,8
402280,402288,402290,2,8
402280,402288,402290,2,8
402280,402288,402290,2,8
402280,402288,402290,2,8
402280,402288,402290,2,8
402280,402288,402290,2,8
402280,402288,402290,2,8
402280,402288,402290,2,8
402280,402288,402290,2,8
402280,402288,402290,2,8
402280,402288,402290,2,8
402280,402288,402290,2,8
402280,402288,402290,2,8
402280,402288,402290,2,8
402280,402288,402290,2,8
402280,402288,402291,3,8
402280,402288,402290,2,8
402280,402288,402290,2,8
402280,402288,402290,2,8
402280,402288,402290,2,8
402280,402288,402290,2,8
402296,402296,402299,3,0
402296,402296,402299,3,0
402296,402296,402299,3,0
402296,402296,402299,3,0
402296,402296,402299,3,0
402296,402296,402299,3,0
402296,402296,402299,3,0
402296,402296,402300,4,0
402296,402296,402299,3,0
402296,402296,402299,3,0
402296,402296,402299,3,0
402296,402296,402299,3,0
402296,402296,402300,4,0
402296,402296,402299,3,0
402296,402296,402299,3,0
402296,402296,402300,4,0
402296,402296,402299,3,0
402296,402296,402299,3,0
402296,402296,402299,3,0
402296,402296,402300,4,0
402296,402296,402299,3,0
402296,402296,402299,3,0
402296,402296,402300,4,0
402296,402296,402300,4,0
402296,402296,402299,3,0
402296,402296,402299,3,0
402296,402296,402299,3,0
402296,402296,402299,3,0
402296,402296,402299,3,0
402296,402296,402300,4,0
402296,402296,402299,3,0
402296,402296,402299,3,0
402296,402296,402299,3,0
402296,402296,402299,3,0
402296,402296,402299,3,0
402296,402296,402299,3,0
402296,402296,402299,3,0
402296,402296,402299,3,0
402296,402296,402300,4,0
402296,402296,402300,4,0
402296,402296,402299,3,0
402296,402296,402299,3,0
402296,402296,402299,3,0
402296,402296,402299,3,0
402296,402296,402299,3,0
402296,402296,402299,3,0
402296,402296,402299,3,0
402296,402296,402300,4,0
402296,402296,402299,3,0
402296,402296,402299,3,0
402296,402296,402299,3,0
402296,402296,402299,3,0
402296,402296,402299,3,0
402296,402296,402299,3,0
402296,402296,402300,4,0
402296,402296,402299,3,0
402296,402296,402299,3,0
402296,402296,402299,3,0
402296,402296,402299,3,0
402296,402296,402299,3,0
402296,402296,402299,3,0
402296,402296,402300,4,0
402296,402296,402300,4,0
402296,402296,402300,4,0
402296,402296,402299,3,0
402296,402296,402299,3,0
402296,402296,402299,3,0
402296,402296,402300,4,0
402296,402296,402299,3,0
402296,402296,402300,4,0
402296,402296,402299,3,0
402296,402296,402299,3,0
402296,402296,402299,3,0
402296,402296,402299,3,0
402296,402296,402299,3,0
402296,402296,402299,3,0
402296,402296,402299,3,0
402296,402296,402299,3,0
402296,402296,402300,4,0
402296,402296,402299,3,0
402296,402300,402301,1,4
402296,402300,402303,3,4
402296,402300,402303,3,4
402296,402300,402303,3,4
402296,402300,402303,3,4
402296,402300,402303,3,4
402296,402300,402303,3,4
402296,402300,402303,3,4
402296,402300,402304,4,4
402296,402300,402303,3,4
402296,402300,402303,3,4
402296,402300,402303,3,4
402296,402300,402303,3,4
402296,402300,402303,3,4
402296,402300,402303,3,4
402296,402300,402303,3,4
402296,402300,402303,3,4
402296,402300,402304,4,4
402296,402300,402303,3,4
402296,402300,402303,3,4
402296,402300,402303,3,4
402296,402300,402303,3,4
402296,402300,402303,3,4
402296,402300,402304,4,4
402296,402300,402304,4,4
402296,402300,402304,4,4
402296,402300,402303,3,4
402296,402300,402303,3,4
402296,402300,402303,3,4
402296,402300,402303,3,4
402296,402300,402303,3,4
402296,402300,402304,4,4
402296,402300,402303,3,4
402296,402300,402304,4,4
402296,402300,402303,3,4
402296,402300,402303,3,4
402296,402300,402303,3,4
402296,402300,402303,3,4
402296,402300,402303,3,4
402296,402300,402304,4,4
402296,402300,402304,4,4
402296,402300,402304,4,4
402296,402300,402303,3,4
402296,402300,402303,3,4
402296,402300,402303,3,4
402296,402300,402303,3,4
402296,402300,402303,3,4
402296,402300,402303,3,4
402296,402300,402304,4,4
402296,402300,402304,4,4
402296,402300,402304,4,4
402296,402300,402304,4,4
402296,402300,402304,4,4
402296,402300,402304,4,4
402296,402300,402304,4,4
402296,402300,402304,4,4
402296,402300,402304,4,4
402296,402300,402304,4,4
402296,402300,402303,3,4
402296,402300,402303,3,4
402296,402300,402303,3,4
402296,402300,402303,3,4
402296,402300,402303,3,4
402296,402300,402304,4,4
402296,402300,402304,4,4
402296,402303,402304,1,7
402296,402300,402303,3,4
402296,402300,402303,3,4
402296,402300,402303,3,4
402296,402300,402303,3,4
402296,402300,402303,3,4
402296,402300,402304,4,4
402296,402300,402304,4,4
402296,402300,402304,4,4
402296,402300,402303,3,4
402296,402300,402303,3,4
402296,402300,402303,3,4
402296,402300,402303,3,4
402296,402300,402303,3,4
402296,402300,402303,3,4
402296,402300,402304,4,4
402296,402301,402304,3,5
402296,402305,402306,1,9
402296,402305,402306,1,9
402296,402305,402306,1,9
402296,402305,402306,1,9
402296,402305,402306,1,9
402296,402305,402306,1,9
402296,402305,402306,1,9
402296,402305,402307,2,9
402296,402305,402306,1,9
402296,402305,402306,1,9
402296,402305,402306,1,9
402296,402305,402306,1,9
402296,402305,402306,1,9
402296,402305,402306,1,9
402296,402305,402306,1,9
402296,402305,402306,1,9
402296,402305,402306,1,9
402296,402305,402306,1,9
402296,402305,402306,1,9
402296,402305,402307,2,9
402296,402305,402307,2,9
402296,402305,402307,2,9
402296,402305,402307,2,9
402296,402305,402307,2,9
402296,402305,402307,2,9
402296,402305,402307,2,9
402296,402305,402307,2,9
402296,402305,402307,2,9
402296,402305,402307,2,9
402296,402305,402307,2,9
402296,402305,402307,2,9
402296,402305,402307,2,9
402296,402305,402307,2,9
402296,402305,402307,2,9
402296,402305,402307,2,9
402296,402305,402307,2,9
402296,402305,402307,2,9
402312,402312,402315,3,0
402312,402312,402315,3,0
402312,402312,402315,3,0
402312,402312,402315,3,0
402312,402312,402315,3,0
402312,402312,402315,3,0
402312,402312,402315,3,0
402312,402312,402315,3,0
402312,402312,402315,3,0
402312,402312,402315,3,0
402312,402312,402315,3,0
402312,402312,402315,3,0
402312,402312,402315,3,0
402312,402312,402315,3,0
402312,402312,402315,3,0
402312,402312,402315,3,0
402312,402312,402315,3,0
402312,402312,402315,3,0
402312,402312,402315,3,0
402312,402312,402315,3,0
402312,402312,402315,3,0
402312,402312,402315,3,0
402312,402312,402315,3,0
402312,402312,402315,3,0
402312,402312,402315,3,0
402312,402312,402315,3,0
402312,402312,402315,3,0
402312,402312,402315,3,0
402312,402312,402315,3,0
402312,402312,402316,4,0
402312,402312,402316,4,0
402312,402312,402315,3,0
402312,402312,402315,3,0
402312,402312,402315,3,0
402312,402312,402315,3,0
402312,402312,402315,3,0
402312,402312,402315,3,0
402312,402312,402315,3,0
402312,402312,402316,4,0
402312,402312,402315,3,0
402312,402312,402315,3,0
402312,402312,402315,3,0
402312,402312,402316,4,0
402312,402312,402316,4,0
402312,402312,402316,4,0
402312,402312,402316,4,0
402312,402312,402316,4,0
402312,402312,402315,3,0
402312,402312,402315,3,0
402312,402312,402315,3,0
402312,402312,402315,3,0
402312,402312,402316,4,0
402312,402312,402315,3,0
402312,402315,402316,1,3
402312,402312,402315,3,0
402312,402312,402315,3,0
402312,402312,402315,3,0
402312,402312,402315,3,0
402312,402312,402315,3,0
402312,402312,402315,3,0
402312,402312,402315,3,0
402312,402312,402315,3,0
402312,402312,402316,4,0
402312,402312,402316,4,0
402312,402312,402316,4,0
402312,402312,402315,3,0
402312,402312,402316,4,0
402312,402312,402316,4,0
402312,402312,402316,4,0
402312,402312,402316,4,0
402312,402315,402316,1,3
402312,402312,402315,3,0
402312,402312,402315,3,0
402312,402312,402316,4,0
402312,402312,402316,4,0
402312,402312,402316,4,0
402312,402312,402315,3,0
402312,402312,402315,3,0
402312,402312,402316,4,0
402312,402312,402316,4,0
402312,402312,402315,3,0
402312,402312,402316,4,0
402312,402315,402317,2,3
402312,402315,402317,2,3
402312,402316,402317,1,4
402312,402315,402317,2,3
402312,402315,402317,2,3
402312,402315,402317,2,3
402312,402316,402317,1,4
402312,402316,402317,1,4
402312,402315,402317,2,3
402312,402315,402317,2,3
402312,402315,402317,2,3
402312,402315,402317,2,3
402312,402316,402317,1,4
402312,402315,402317,2,3
402312,402315,402317,2,3
402312,402315,402317,2,3
402312,402315,402317,2,3
402312,402315,402317,2,3
402312,402315,402317,2,3
402312,402315,402317,2,3
402312,402315,402317,2,3
402312,402315,402317,2,3
402312,402316,402318,2,4
402312,402316,402318,2,4
402312,402316,402319,3,4
402312,402316,402319,3,4
402312,402316,402319,3,4
402312,402317,402320,3,5
402312,402317,402320,3,5
402312,402317,402320,3,5
402312,402317,402320,3,5
402312,402316,402319,3,4
402312,402316,402319,3,4
402312,402316,402319,3,4
402312,402317,402320,3,5
402312,402317,402319,2,5
402312,402317,402320,3,5
402312,402317,402320,3,5
402312,402317,402320,3,5
402312,402317,402320,3,5
402312,402317,402320,3,5
402312,402317,402320,3,5
402312,402317,402320,3,5
402312,402317,402320,3,5
402312,402317,402319,2,5
402312,402317,402320,3,5
402312,402317,402320,3,5
402312,402317,402320,3,5
402312,402317,402320,3,5
402312,402317,402320,3,5
402312,402316,402319,3,4
402312,402316,402319,3,4
402312,402317,402319,2,5
402312,402317,402319,2,5
402312,402317,402319,2,5
402312,402317,402320,3,5
402312,402317,402320,3,5
402312,402317,402320,3,5
402312,402317,402320,3,5
402312,402317,402320,3,5
402312,402317,402320,3,5
402312,402317,402320,3,5
402312,402317,402320,3,5
402312,402317,402320,3,5
402312,402317,402320,3,5
402312,402317,402320,3,5
402312,402317,402320,3,5
402312,402317,402320,3,5
402312,402317,402320,3,5
402312,402317,402320,3,5
402312,402318,402320,2,6
402312,402317,402319,2,5
402312,402317,402320,3,5
402312,402317,402320,3,5
402312,402317,402320,3,5
402312,402317,402320,3,5
402312,402318,402320,2,6
402312,402317,402320,3,5
402312,402317,402320,3,5
402312,402317,402320,3,5
402312,402318,402320,2,6
402312,402318,402320,2,6
402312,402318,402320,2,6
402312,402317,402320,3,5
402312,402317,402320,3,5
402312,402317,402320,3,5
402312,402318,402320,2,6
402312,402318,402320,2,6
402312,402318,402320,2,6
402312,402319,402321,2,7
402312,402320,402321,1,8
402312,402318,402320,2,6
402312,402317,402320,3,5
402312,402318,402320,2,6
402312,402318,402320,2,6
402312,402318,402320,2,6
402312,402319,402320,1,7
402312,402318,402320,2,6
402312,402318,402320,2,6
402312,402318,402320,2,6
402312,402318,402320,2,6
402312,402318,402320,2,6
402312,402318,402320,2,6
402312,402318,402320,2,6
402312,402318,402320,2,6
402312,402320,402321,1,8
402312,402320,402321,1,8
402312,402320,402321,1,8
402312,402320,402321,1,8
402312,402320,402321,1,8
402312,402320,402321,1,8
402312,402320,402321,1,8
402312,402320,402321,1,8
402312,402320,402321,1,8
402312,402320,402321,1,8
402312,402320,402321,1,8
402312,402320,402321,1,8
402312,402320,402321,1,8
402326,402326,402330,4,0
402326,402326,402330,4,0
402326,402326,402330,4,0
402326,402326,402330,4,0
402326,402326,402330,4,0
402326,402326,402330,4,0
402326,402326,402330,4,0
402326,402326,402330,4,0
402326,402326,402330,4,0
402326,402326,402330,4,0
402326,402326,402330,4,0
402326,402326,402330,4,0
402326,402326,402330,4,0
402326,402326,402330,4,0
402326,402326,402330,4,0
402326,402326,402330,4,0
402326,402326,402330,4,0
402326,402326,402330,4,0
402326,402326,402330,4,0
402326,402326,402330,4,0
402326,402326,402330,4,0
402326,402326,402330,4,0
402326,402326,402330,4,0
402326,402326,402330,4,0
402326,402326,402330,4,0
402326,402326,402330,4,0
402326,402326,402330,4,0
402326,402326,402330,4,0
402326,402326,402330,4,0
402326,402326,402330,4,0
402326,402326,402330,4,0
402326,402326,402330,4,0
402326,402326,402330,4,0
402326,402326,402330,4,0
402326,402326,402330,4,0
402326,402326,402330,4,0
402326,402326,402330,4,0
402326,402326,402330,4,0
402326,402326,402330,4,0
402326,402326,402330,4,0
402326,402326,402330,4,0
402326,402326,402330,4,0
402326,402326,402330,4,0
402326,402326,402330,4,0
402326,402326,402330,4,0
402326,402326,402330,4,0
402326,402326,402330,4,0
402326,402326,402330,4,0
402326,402326,402330,4,0
402326,402326,402330,4,0
402326,402326,402330,4,0
402326,402326,402330,4,0
402326,402326,402330,4,0
402326,402326,402330,4,0
402326,402326,402330,4,0
402326,402326,402330,4,0
402326,402326,402330,4,0
402326,402326,402330,4,0
402326,402326,402330,4,0
402326,402326,402330,4,0
402326,402326,402330,4,0
402326,402326,402330,4,0
402326,402326,402330,4,0
402326,402326,402330,4,0
402326,402326,402330,4,0
402326,402326,402330,4,0
402326,402326,402330,4,0
402326,402326,402330,4,0
402326,402326,402330,4,0
402326,402326,402330,4,0
402326,402326,402330,4,0
402326,402326,402330,4,0
402326,402326,402330,4,0
402326,402326,402330,4,0
402326,402326,402330,4,0
402326,402326,402330,4,0
402326,402326,402330,4,0
402326,402326,402330,4,0
402326,402326,402330,4,0
402326,402326,402330,4,0
402326,402331,402332,1,5
402326,402331,402334,3,5
402326,402331,402334,3,5
402326,402331,402334,3,5
402326,402331,402334,3,5
402326,402331,402334,3,5
402326,402331,402334,3,5
402326,402331,402334,3,5
402326,402331,402334,3,5
402326,402331,402334,3,5
402326,402331,402334,3,5
402326,402331,402334,3,5
402326,402331,402334,3,5
402326,402331,402335,4,5
402326,402331,402334,3,5
402326,402331,402334,3,5
402326,402331,402335,4,5
402326,402331,402334,3,5
402326,402331,402334,3,5
402326,402331,402334,3,5
402326,402331,402334,3,5
402326,402331,402334,3,5
402326,402331,402334,3,5
402326,402331,402335,4,5
402326,402331,402335,4,5
402326,402331,402334,3,5
402326,402331,402334,3,5
402326,402331,402334,3,5
402326,402331,402334,3,5
402326,402331,402334,3,5
402326,402331,402335,4,5
402326,402331,402334,3,5
402326,402331,402334,3,5
402326,402331,402334,3,5
402326,402331,402334,3,5
402326,402331,402334,3,5
402326,402331,402334,3,5
402326,402331,402334,3,5
402326,402331,402334,3,5
402326,402331,402334,3,5
402326,402331,402335,4,5
402326,402331,402334,3,5
402326,402331,402334,3,5
402326,402331,402334,3,5
402326,402331,402334,3,5
402326,402331,402334,3,5
402326,402331,402334,3,5
402326,402331,402334,3,5
402326,402331,402335,4,5
402326,402331,402334,3,5
402326,402331,402334,3,5
402326,402331,402334,3,5
402326,402331,402334,3,5
402326,402331,402334,3,5
402326,402331,402334,3,5
402326,402331,402334,3,5
402326,402331,402335,4,5
402326,402331,402334,3,5
402326,402331,402334,3,5
402326,402331,402334,3,5
402326,402331,402334,3,5
402326,402331,402334,3,5
402326,402331,402334,3,5
402326,402331,402335,4,5
402326,402331,402335,4,5
402326,402331,402334,3,5
402326,402331,402334,3,5
402326,402331,402334,3,5
402326,402331,402334,3,5
402326,402331,402334,3,5
402326,402331,402334,3,5
402326,402331,402335,4,5
402326,402331,402334,3,5
402326,402331,402334,3,5
402326,402331,402334,3,5
402326,402331,402334,3,5
402326,402331,402334,3,5
402326,402331,402334,3,5
402326,402331,402334,3,5
402326,402331,402334,3,5
402326,402332,402335,3,6
402326,402335,402337,2,9
402326,402335,402337,2,9
402326,402335,402337,2,9
402326,402335,402337,2,9
402326,402335,402337,2,9
402326,402335,402337,2,9
402326,402335,402337,2,9
402326,402335,402337,2,9
402326,402335,402337,2,9
402326,402335,402337,2,9
402326,402335,402337,2,9
402326,402335,402337,2,9
402326,402335,402337,2,9
402326,402335,402336,1,9
402326,402335,402337,2,9
402326,402335,402337,2,9
402326,402335,402337,2,9
402326,402335,402337,2,9
402326,402335,402337,2,9
402326,402335,402337,2,9
402326,402335,402337,2,9
402326,402335,402337,2,9
402326,402335,402337,2,9
402326,402335,402337,2,9
402326,402335,402337,2,9
402326,402335,402337,2,9
402326,402335,402338,3,9
402326,402335,402337,2,9
402326,402335,402337,2,9
402326,402335,402338,3,9
402326,402335,402337,2,9
402326,402335,402337,2,9
402326,402335,402337,2,9
402326,402335,402338,3,9
402326,402335,402338,3,9
402326,402335,402338,3,9
402326,402335,402338,3,9
402326,402335,402338,3,9
402326,402335,402338,3,9
402343,402343,402346,3,0
402343,402343,402346,3,0
402343,402343,402346,3,0
402343,402343,402346,3,0
402343,402343,402346,3,0
402343,402343,402346,3,0
402343,402343,402346,3,0
402343,402343,402346,3,0
402343,402343,402346,3,0
402343,402343,402346,3,0
402343,402343,402346,3,0
402343,402343,402346,3,0
402343,402343,402346,3,0
402343,402343,402346,3,0
402343,402343,402346,3,0
402343,402343,402346,3,0
402343,402343,402346,3,0
402343,402343,402346,3,0
402343,402343,402346,3,0
402343,402343,402346,3,0
402343,402343,402346,3,0
402343,402343,402346,3,0
402343,402343,402346,3,0
402343,402343,402346,3,0
402343,402343,402346,3,0
402343,402343,402346,3,0
402343,402343,402346,3,0
402343,402343,402346,3,0
402343,402343,402346,3,0
402343,402343,402346,3,0
402343,402343,402346,3,0
402343,402343,402346,3,0
402343,402343,402346,3,0
402343,402343,402346,3,0
402343,402343,402346,3,0
402343,402343,402346,3,0
402343,402343,402346,3,0
402343,402343,402346,3,0
402343,402343,402346,3,0
402343,402343,402346,3,0
402343,402343,402346,3,0
402343,402343,402346,3,0
402343,402343,402346,3,0
402343,402343,402346,3,0
402343,402343,402346,3,0
402343,402343,402346,3,0
402343,402343,402346,3,0
402343,402343,402346,3,0
402343,402343,402346,3,0
402343,402343,402346,3,0
402343,402343,402346,3,0
402343,402343,402346,3,0
402343,402343,402346,3,0
402343,402343,402346,3,0
402343,402343,402346,3,0
402343,402343,402346,3,0
402343,402343,402346,3,0
402343,402343,402346,3,0
402343,402343,402346,3,0
402343,402343,402346,3,0
402343,402343,402346,3,0
402343,402343,402346,3,0
402343,402343,402346,3,0
402343,402343,402346,3,0
402343,402343,402346,3,0
402343,402343,402346,3,0
402343,402343,402346,3,0
402343,402343,402346,3,0
402343,402343,402346,3,0
402343,402343,402346,3,0
402343,402343,402346,3,0
402343,402343,402346,3,0
402343,402343,402346,3,0
402343,402343,402346,3,0
402343,402343,402346,3,0
402343,402343,402346,3,0
402343,402346,402347,1,3
402343,402343,402346,3,0
402343,402343,402346,3,0
402343,402343,402346,3,0
402343,402343,402346,3,0
402343,402346,402347,1,3
402343,402346,402347,1,3
402343,402346,402347,1,3
402343,402346,402347,1,3
402343,402346,402347,1,3
402343,402346,402347,1,3
402343,402347,402348,1,4
402343,402346,402347,1,3
402343,402346,402347,1,3
402343,402346,402347,1,3
402343,402346,402347,1,3
402343,402346,402347,1,3
402343,402347,402350,3,4
402343,402347,402350,3,4
402343,402347,402350,3,4
402343,402347,402350,3,4
402343,402347,402350,3,4
402343,402347,402350,3,4
402343,402347,402350,3,4
402343,402347,402350,3,4
402343,402347,402350,3,4
402343,402347,402350,3,4
402343,402347,402350,3,4
402343,402347,402350,3,4
402343,402347,402350,3,4
402343,402347,402350,3,4
402343,402347,402350,3,4
402343,402347,402350,3,4
402343,402347,402350,3,4
402343,402347,402350,3,4
402343,402347,402350,3,4
402343,402347,402350,3,4
402343,402347,402350,3,4
402343,402347,402350,3,4
402343,402347,402350,3,4
402343,402347,402350,3,4
402343,402347,402350,3,4
402343,402347,402350,3,4
402343,402347,402350,3,4
402343,402347,402350,3,4
402343,402347,402350,3,4
402343,402347,402350,3,4
402343,402347,402350,3,4
402343,402347,402350,3,4
402343,402347,402350,3,4
402343,402348,402350,2,5
402343,402347,402350,3,4
402343,402348,402350,2,5
402343,402347,402350,3,4
402343,402347,402350,3,4
402343,402347,402350,3,4
402343,402347,402350,3,4
402343,402349,402350,1,6
402343,402349,402351,2,6
402343,402349,402350,1,6
402343,402347,402350,3,4
402343,402347,402350,3,4
402343,402347,402350,3,4
402343,402347,402350,3,4
402343,402347,402350,3,4
402343,402347,402350,3,4
402343,402347,402350,3,4
402343,402347,402350,3,4
402343,402347,402350,3,4
402343,402347,402350,3,4
402343,402347,402350,3,4
402343,402347,402350,3,4
402343,402347,402350,3,4
402343,402347,402350,3,4
402343,402347,402350,3,4
402343,402350,402351,1,7
402343,402347,402350,3,4
402343,402347,402350,3,4
402343,402347,402350,3,4
402343,402347,402350,3,4
402343,402347,402350,3,4
402343,402347,402351,4,4
402343,402347,402351,4,4
402343,402350,402351,1,7
402343,402347,402350,3,4
402343,402347,402350,3,4
402343,402347,402350,3,4
402343,402347,402350,3,4
402343,402350,402351,1,7
402343,402350,402351,1,7
402343,402350,402351,1,7
402343,402350,402351,1,7
402343,402347,402350,3,4
402343,402347,402350,3,4
402343,402347,402350,3,4
402343,402347,402350,3,4
402343,402348,402351,3,5
402343,402348,402350,2,5
402343,402350,402351,1,7
402343,402348,402351,3,5
402343,402348,402351,3,5
402343,402348,402351,3,5
402343,402348,402351,3,5
402343,402349,402351,2,6
402343,402351,402352,1,8
402343,402351,402352,1,8
402343,402351,402352,1,8
402343,402351,402352,1,8
402343,402351,402352,1,8
402343,402351,402352,1,8
402343,402351,402352,1,8
402343,402351,402352,1,8
402343,402351,402352,1,8
402343,402351,402352,1,8
402343,402351,402352,1,8
402343,402351,402352,1,8
402343,402351,402352,1,8
402343,402351,402352,1,8
402343,402351,402352,1,8
402343,402351,402352,1,8
402343,402351,402352,1,8
402343,402351,402352,1,8
402343,402351,402352,1,8
402343,402351,402352,1,8
402357,402357,402361,4,0
402357,402357,402360,3,0
402357,402357,402361,4,0
402357,402357,402361,4,0
402357,402357,402360,3,0
402357,402357,402361,4,0
402357,402357,402361,4,0
402357,402357,402361,4,0
402357,402357,402360,3,0
402357,402357,402361,4,0
402357,402357,402361,4,0
402357,402357,402361,4,0
402357,402357,402360,3,0
402357,402357,402361,4,0
402357,402357,402360,3,0
402357,402357,402360,3,0
402357,402357,402361,4,0
402357,402357,402361,4,0
402357,402357,402360,3,0
402357,402357,402361,4,0
402357,402357,402361,4,0
402357,402357,402361,4,0
402357,402357,402360,3,0
402357,402357,402360,3,0
402357,402357,402360,3,0
402357,402357,402361,4,0
402357,402357,402360,3,0
402357,402357,402361,4,0
402357,402357,402361,4,0
402357,402357,402361,4,0
402357,402357,402360,3,0
402357,402357,402360,3,0
402357,402357,402361,4,0
402357,402357,402361,4,0
402357,402357,402360,3,0
402357,402357,402361,4,0
402357,402357,402361,4,0
402357,402357,402361,4,0
402357,402357,402361,4,0
402357,402357,402361,4,0
402357,402357,402361,4,0
402357,402357,402361,4,0
402357,402357,402361,4,0
402357,402357,402360,3,0
402357,402357,402360,3,0
402357,402357,402360,3,0
402357,402357,402361,4,0
402357,402357,402360,3,0
402357,402357,402361,4,0
402357,402357,402361,4,0
402357,402357,402361,4,0
402357,402357,402360,3,0
402357,402357,402361,4,0
402357,402357,402360,3,0
402357,402357,402361,4,0
402357,402357,402361,4,0
402357,402357,402360,3,0
402357,402357,402361,4,0
402357,402357,402360,3,0
402357,402357,402361,4,0
402357,402357,402361,4,0
402357,402357,402361,4,0
402357,402357,402361,4,0
402357,402357,402361,4,0
402357,402357,402361,4,0
402357,402357,402361,4,0
402357,402357,402361,4,0
402357,402357,402361,4,0
402357,402357,402360,3,0
402357,402357,402360,3,0
402357,402357,402361,4,0
402357,402357,402360,3,0
402357,402357,402361,4,0
402357,402357,402361,4,0
402357,402357,402361,4,0
402357,402357,402361,4,0
402357,402357,402361,4,0
402357,402357,402361,4,0
402357,402357,402361,4,0
402357,402357,402361,4,0
402357,402361,402362,1,4
402357,402361,402364,3,4
402357,402361,402365,4,4
402357,402361,402365,4,4
402357,402361,402365,4,4
402357,402361,402365,4,4
402357,402361,402365,4,4
402357,402361,402365,4,4
402357,402362,402365,3,5
402357,402362,402365,3,5
402357,402361,402365,4,4
402357,402361,402365,4,4
402357,402361,402365,4,4
402357,402361,402365,4,4
402357,402361,402365,4,4
402357,402361,402365,4,4
402357,402362,402365,3,5
402357,402362,402365,3,5
402357,402361,402365,4,4
402357,402361,402365,4,4
402357,402361,402365,4,4
402357,402361,402365,4,4
402357,402361,402365,4,4
402357,402362,402365,3,5
402357,402362,402365,3,5
402357,402362,402365,3,5
402357,402361,402365,4,4
402357,402361,402365,4,4
402357,402361,402365,4,4
402357,402361,402365,4,4
402357,402361,402365,4,4
402357,402362,402365,3,5
402357,402362,402365,3,5
402357,402363,402365,2,6
402357,402361,402365,4,4
402357,402361,402365,4,4
402357,402361,402365,4,4
402357,402361,402365,4,4
402357,402361,402365,4,4
402357,402362,402365,3,5
402357,402362,402365,3,5
402357,402362,402365,3,5
402357,402361,402365,4,4
402357,402361,402365,4,4
402357,402361,402365,4,4
402357,402361,402365,4,4
402357,402361,402365,4,4
402357,402362,402365,3,5
402357,402362,402365,3,5
402357,402362,402365,3,5
402357,402361,402365,4,4
402357,402361,402365,4,4
402357,402361,402365,4,4
402357,402361,402365,4,4
402357,402362,402365,3,5
402357,402362,402365,3,5
402357,402363,402365,2,6
402357,402363,402365,2,6
402357,402361,402365,4,4
402357,402361,402365,4,4
402357,402361,402365,4,4
402357,402361,402365,4,4
402357,402361,402365,4,4
402357,402362,402366,4,5
402357,402362,402365,3,5
402357,402363,402365,2,6
402357,402361,402365,4,4
402357,402361,402366,5,4
402357,402361,402365,4,4
402357,402362,402365,3,5
402357,402362,402365,3,5
402357,402362,402365,3,5
402357,402362,402365,3,5
402357,402363,402365,2,6
402357,402361,402365,4,4
402357,402361,402365,4,4
402357,402361,402365,4,4
402357,402361,402365,4,4
402357,402362,402365,3,5
402357,402362,402365,3,5
402357,402362,402365,3,5
402357,402366,402367,1,9
402357,402366,402367,1,9
402357,402366,402367,1,9
402357,402366,402368,2,9
402357,402366,402367,1,9
402357,402366,402368,2,9
402357,402366,402367,1,9
402357,402366,402367,1,9
402357,402366,402368,2,9
402357,402366,402367,1,9
402357,402366,402367,1,9
402357,402366,402368,2,9
402357,402366,402367,1,9
402357,402366,402368,2,9
402357,402366,402368,2,9
402357,402366,402367,1,9
402357,402366,402367,1,9
402357,402366,402368,2,9
402357,402366,402368,2,9
402357,402366,402368,2,9
402357,402366,402368,2,9
402357,402366,402368,2,9
402357,402366,402368,2,9
402357,402366,402368,2,9
402357,402366,402368,2,9
402357,402366,402368,2,9
402357,402366,402368,2,9
402357,402366,402368,2,9
402357,402366,402368,2,9
402357,402366,402368,2,9
402357,402366,402368,2,9
402357,402366,402368,2,9
402357,402366,402368,2,9
402357,402366,402368,2,9
402357,402366,402368,2,9
402357,402366,402368,2,9
402357,402366,402368,2,9
402357,402366,402368,2,9
402373,402373,402377,4,0
402373,402373,402377,4,0
402373,402373,402377,4,0
402373,402373,402377,4,0
402373,402373,402377,4,0
402373,402373,402377,4,0
402373,402373,402377,4,0
402373,402373,402377,4,0
402373,402373,402377,4,0
402373,402373,402377,4,0
402373,402373,402377,4,0
402373,402373,402377,4,0
402373,402373,402377,4,0
402373,402373,402377,4,0
402373,402373,402377,4,0
402373,402373,402377,4,0
402373,402373,402377,4,0
402373,402373,402377,4,0
402373,402373,402377,4,0
402373,402373,402377,4,0
402373,402373,402377,4,0
402373,402373,402377,4,0
402373,402373,402377,4,0
402373,402373,402377,4,0
402373,402373,402377,4,0
402373,402373,402377,4,0
402373,402373,402377,4,0
402373,402373,402377,4,0
402373,402373,402377,4,0
402373,402373,402377,4,0
402373,402373,402377,4,0
402373,402373,402377,4,0
402373,402373,402377,4,0
402373,402373,402377,4,0
402373,402373,402377,4,0
402373,402373,402377,4,0
402373,402373,402377,4,0
402373,402373,402377,4,0
402373,402373,402377,4,0
402373,402373,402377,4,0
402373,402373,402377,4,0
402373,402373,402377,4,0
402373,402373,402377,4,0
402373,402373,402377,4,0
402373,402373,402377,4,0
402373,402373,402377,4,0
402373,402373,402377,4,0
402373,402373,402377,4,0
402373,402373,402377,4,0
402373,402373,402377,4,0
402373,402373,402377,4,0
402373,402373,402377,4,0
402373,402373,402377,4,0
402373,402373,402377,4,0
402373,402373,402377,4,0
402373,402373,402377,4,0
402373,402373,402377,4,0
402373,402373,402377,4,0
402373,402373,402377,4,0
402373,402373,402377,4,0
402373,402373,402377,4,0
402373,402373,402377,4,0
402373,402373,402377,4,0
402373,402373,402377,4,0
402373,402373,402377,4,0
402373,402373,402377,4,0
402373,402373,402377,4,0
402373,402373,402377,4,0
402373,402373,402377,4,0
402373,402373,402377,4,0
402373,402373,402377,4,0
402373,402373,402377,4,0
402373,402373,402377,4,0
402373,402373,402377,4,0
402373,402373,402377,4,0
402373,402373,402377,4,0
402373,402373,402377,4,0
402373,402373,402377,4,0
402373,402373,402377,4,0
402373,402373,402377,4,0
402373,402378,402381,3,5
402373,402378,402381,3,5
402373,402378,402381,3,5
402373,402378,402381,3,5
402373,402378,402381,3,5
402373,402378,402381,3,5
402373,402378,402381,3,5
402373,402378,402381,3,5
402373,402378,402381,3,5
402373,402378,402381,3,5
402373,402378,402381,3,5
402373,402378,402381,3,5
402373,402378,402381,3,5
402373,402378,402381,3,5
402373,402378,402381,3,5
402373,402378,402382,4,5
402373,402378,402381,3,5
402373,402378,402381,3,5
402373,402378,402381,3,5
402373,402378,402381,3,5
402373,402378,402381,3,5
402373,402378,402381,3,5
402373,402378,402381,3,5
402373,402378,402381,3,5
402373,402378,402381,3,5
402373,402378,402381,3,5
402373,402378,402381,3,5
402373,402378,402381,3,5
402373,402378,402381,3,5
402373,402378,402381,3,5
402373,402378,402381,3,5
402373,402378,402382,4,5
402373,402378,402381,3,5
402373,402378,402381,3,5
402373,402378,402381,3,5
402373,402378,402381,3,5
402373,402378,402381,3,5
402373,402378,402381,3,5
402373,402378,402382,4,5
402373,402378,402381,3,5
402373,402378,402381,3,5
402373,402378,402381,3,5
402373,402378,402381,3,5
402373,402378,402381,3,5
402373,402378,402381,3,5
402373,402378,402381,3,5
402373,402378,402382,4,5
402373,402378,402381,3,5
402373,402378,402381,3,5
402373,402378,402381,3,5
402373,402378,402381,3,5
402373,402378,402381,3,5
402373,402378,402381,3,5
402373,402378,402381,3,5
402373,402378,402381,3,5
402373,402378,402381,3,5
402373,402378,402381,3,5
402373,402378,402381,3,5
402373,402378,402381,3,5
402373,402378,402381,3,5
402373,402378,402382,4,5
402373,402378,402381,3,5
402373,402378,402382,4,5
402373,402378,402381,3,5
402373,402378,402381,3,5
402373,402378,402381,3,5
402373,402378,402381,3,5
402373,402378,402381,3,5
402373,402378,402381,3,5
402373,402378,402381,3,5
402373,402378,402381,3,5
402373,402378,402382,4,5
402373,402378,402381,3,5
402373,402378,402381,3,5
402373,402378,402381,3,5
402373,402378,402381,3,5
402373,402378,402381,3,5
402373,402378,402381,3,5
402373,402378,402381,3,5
402373,402379,402382,3,6
402373,402382,402383,1,9
402373,402382,402384,2,9
402373,402382,402384,2,9
402373,402382,402384,2,9
402373,402382,402384,2,9
402373,402382,402384,2,9
402373,402382,402384,2,9
402373,402382,402384,2,9
402373,402382,402384,2,9
402373,402382,402384,2,9
402373,402382,402384,2,9
402373,402382,402384,2,9
402373,402382,402384,2,9
402373,402382,402384,2,9
402373,402382,402384,2,9
402373,402382,402384,2,9
402373,402382,402384,2,9
402373,402382,402384,2,9
402373,402382,402384,2,9
402373,402382,402384,2,9
402373,402382,402384,2,9
402373,402382,402384,2,9
402373,402382,402384,2,9
402373,402382,402384,2,9
402373,402382,402384,2,9
402373,402382,402384,2,9
402373,402382,402385,3,9
402373,402382,402384,2,9
402373,402382,402384,2,9
402373,402382,402384,2,9
402373,402382,402384,2,9
402373,402382,402385,3,9
402373,402382,402384,2,9
402373,402382,402384,2,9
402373,402382,402385,3,9
402373,402382,402385,3,9
402373,402382,402385,3,9
402373,402382,402384,2,9
402373,402382,402384,2,9
402390,402390,402393,3,0
402390,402390,402393,3,0
402390,402390,402393,3,0
402390,402390,402393,3,0
402390,402390,402393,3,0
402390,402390,402393,3,0
402390,402390,402393,3,0
402390,402390,402394,4,0
402390,402390,402393,3,0
402390,402390,402393,3,0
402390,402390,402393,3,0
402390,402390,402393,3,0
402390,402390,402393,3,0
402390,402390,402393,3,0
402390,402390,402394,4,0
402390,402390,402393,3,0
402390,402390,402393,3,0
402390,402390,402393,3,0
402390,402390,402393,3,0
402390,402390,402393,3,0
402390,402390,402393,3,0
402390,402390,402393,3,0
402390,402390,402393,3,0
402390,402390,402394,4,0
402390,402390,402393,3,0
402390,402390,402393,3,0
402390,402390,402393,3,0
402390,402390,402393,3,0
402390,402390,402393,3,0
402390,402390,402393,3,0
402390,402390,402394,4,0
402390,402390,402394,4,0
402390,402390,402393,3,0
402390,402390,402393,3,0
402390,402390,402393,3,0
402390,402390,402393,3,0
402390,402390,402393,3,0
402390,402390,402393,3,0
402390,402390,402394,4,0
402390,402390,402394,4,0
402390,402390,402393,3,0
402390,402390,402393,3,0
402390,402390,402393,3,0
402390,402390,402393,3,0
402390,402390,402393,3,0
402390,402390,402394,4,0
402390,402390,402394,4,0
402390,402390,402394,4,0
402390,402390,402393,3,0
402390,402390,402393,3,0
402390,402390,402393,3,0
402390,402390,402393,3,0
402390,402390,402393,3,0
402390,402390,402393,3,0
402390,402390,402394,4,0
402390,402390,402394,4,0
402390,402390,402393,3,0
402390,402390,402393,3,0
402390,402390,402393,3,0
402390,402390,402393,3,0
402390,402390,402394,4,0
402390,402390,402394,4,0
402390,402390,402394,4,0
402390,402390,402394,4,0
402390,402390,402393,3,0
402390,402390,402393,3,0
402390,402390,402393,3,0
402390,402390,402393,3,0
402390,402390,402393,3,0
402390,402390,402394,4,0
402390,402390,402394,4,0
402390,402390,402394,4,0
402390,402390,402393,3,0
402390,402390,402393,3,0
402390,402390,402393,3,0
402390,402390,402393,3,0
402390,402390,402393,3,0
402390,402390,402394,4,0
402390,402390,402393,3,0
402390,402390,402394,4,0
402390,402394,402395,1,4
402390,402394,402395,1,4
402390,402394,402398,4,4
402390,402394,402398,4,4
402390,402394,402398,4,4
402390,402394,402398,4,4
402390,402394,402398,4,4
402390,402394,402398,4,4
402390,402394,402398,4,4
402390,402394,402398,4,4
402390,402394,402398,4,4
402390,402394,402398,4,4
402390,402394,402398,4,4
402390,402394,402398,4,4
402390,402394,402398,4,4
402390,402394,402398,4,4
402390,402394,402398,4,4
402390,402394,402398,4,4
402390,402394,402398,4,4
402390,402394,402398,4,4
402390,402394,402398,4,4
402390,402394,402398,4,4
402390,402394,402398,4,4
402390,402394,402398,4,4
402390,402394,402398,4,4
402390,402394,402398,4,4
402390,402394,402398,4,4
402390,402394,402398,4,4
402390,402394,402398,4,4
402390,402394,402398,4,4
402390,402394,402398,4,4
402390,402394,402398,4,4
402390,402394,402398,4,4
402390,402394,402398,4,4
402390,402394,402398,4,4
402390,402394,402398,4,4
402390,402394,402398,4,4
402390,402394,402398,4,4
402390,402394,402398,4,4
402390,402394,402398,4,4
402390,402394,402398,4,4
402390,402394,402398,4,4
402390,402394,402398,4,4
402390,402394,402398,4,4
402390,402394,402398,4,4
402390,402394,402398,4,4
402390,402394,402398,4,4
402390,402394,402398,4,4
402390,402394,402398,4,4
402390,402394,402398,4,4
402390,402394,402398,4,4
402390,402394,402398,4,4
402390,402394,402398,4,4
402390,402394,402398,4,4
402390,402394,402398,4,4
402390,402394,402398,4,4
402390,402394,402398,4,4
402390,402395,402398,3,5
402390,402394,402398,4,4
402390,402394,402398,4,4
402390,402394,402398,4,4
402390,402394,402398,4,4
402390,402394,402398,4,4
402390,402394,402398,4,4
402390,402394,402398,4,4
402390,402394,402398,4,4
402390,402394,402398,4,4
402390,402394,402398,4,4
402390,402394,402398,4,4
402390,402394,402398,4,4
402390,402394,402398,4,4
402390,402394,402398,4,4
402390,402394,402398,4,4
402390,402394,402398,4,4
402390,402394,402398,4,4
402390,402394,402398,4,4
402390,402394,402398,4,4
402390,402394,402398,4,4
402390,402394,402398,4,4
402390,402394,402398,4,4
402390,402394,402398,4,4
402390,402395,402398,3,5
402390,402399,402400,1,9
402390,402399,402401,2,9
402390,402399,402400,1,9
402390,402399,402400,1,9
402390,402399,402400,1,9
402390,402399,402400,1,9
402390,402399,402400,1,9
402390,402399,402401,2,9
402390,402399,402400,1,9
402390,402399,402400,1,9
402390,402399,402400,1,9
402390,402399,402400,1,9
402390,402399,402400,1,9
402390,402399,402400,1,9
402390,402399,402400,1,9
402390,402399,402401,2,9
402390,402399,402401,2,9
402390,402399,402401,2,9
402390,402399,402401,2,9
402390,402399,402401,2,9
402390,402399,402400,1,9
402390,402399,402401,2,9
402390,402399,402401,2,9
402390,402399,402401,2,9
402390,402399,402401,2,9
402390,402399,402401,2,9
402390,402399,402401,2,9
402390,402399,402401,2,9
402390,402399,402401,2,9
402390,402399,402401,2,9
402390,402399,402401,2,9
402390,402399,402401,2,9
402390,402399,402401,2,9
402390,402399,402401,2,9
402390,402399,402401,2,9
402390,402399,402401,2,9
402406,402406,402407,1,0
402406,402406,402410,4,0
402406,402406,402410,4,0
402406,402407,402410,3,1
402406,402407,402410,3,1
402406,402407,402410,3,1
402406,402407,402410,3,1
402406,402407,402410,3,1
402406,402407,402411,4,1
402406,402406,402410,4,0
402406,402407,402410,3,1
402406,402407,402410,3,1
402406,402407,402410,3,1
402406,402407,402410,3,1
402406,402407,402410,3,1
402406,402407,402410,3,1
402406,402407,402410,3,1
402406,402406,402410,4,0
402406,402407,402410,3,1
402406,402407,402410,3,1
402406,402407,402410,3,1
402406,402407,402410,3,1
402406,402407,402410,3,1
402406,402407,402410,3,1
402406,402407,402411,4,1
402406,402406,402410,4,0
402406,402407,402410,3,1
402406,402407,402410,3,1
402406,402407,402410,3,1
402406,402407,402410,3,1
402406,402407,402411,4,1
402406,402407,402410,3,1
402406,402407,402410,3,1
402406,402406,402410,4,0
402406,402407,402410,3,1
402406,402407,402410,3,1
402406,402407,402410,3,1
402406,402407,402410,3,1
402406,402407,402410,3,1
402406,402407,402410,3,1
402406,402407,402410,3,1
402406,402406,402410,4,0
402406,402407,402410,3,1
402406,402407,402410,3,1
402406,402407,402410,3,1
402406,402407,402410,3,1
402406,402407,402410,3,1
402406,402407,402410,3,1
402406,402407,402410,3,1
402406,402407,402410,3,1
402406,402407,402410,3,1
402406,402407,402410,3,1
402406,402407,402411,4,1
402406,402408,402411,3,2
402406,402406,402410,4,0
402406,402407,402410,3,1
402406,402407,402410,3,1
402406,402407,402410,3,1
402406,402407,402410,3,1
402406,402407,402410,3,1
402406,402407,402410,3,1
402406,402407,402410,3,1
402406,402406,402410,4,0
402406,402407,402410,3,1
402406,402407,402410,3,1
402406,402407,402410,3,1
402406,402407,402410,3,1
402406,402407,402410,3,1
402406,402407,402411,4,1
402406,402407,402411,4,1
402406,402407,402410,3,1
402406,402407,402410,3,1
402406,402407,402410,3,1
402406,402407,402410,3,1
402406,402407,402410,3,1
402406,402407,402410,3,1
402406,402407,402411,4,1
402406,402410,402411,1,4
402406,402407,402411,4,1
402406,402407,402411,4,1
402406,402407,402411,4,1
402406,402407,402411,4,1
402406,402411,402415,4,5
402406,402411,402415,4,5
402406,402411,402415,4,5
402406,402411,402415,4,5
402406,402411,402414,3,5
402406,402411,402414,3,5
402406,402411,402414,3,5
402406,402411,402414,3,5
402406,402411,402414,3,5
402406,402411,402414,3,5
402406,402411,402414,3,5
402406,402411,402414,3,5
402406,402411,402414,3,5
402406,402411,402414,3,5
402406,402411,402414,3,5
402406,402411,402415,4,5
402406,402411,402415,4,5
402406,402411,402415,4,5
402406,402411,402414,3,5
402406,402411,402415,4,5
402406,402411,402414,3,5
402406,402411,402414,3,5
402406,402411,402414,3,5
402406,402411,402414,3,5
402406,402411,402414,3,5
402406,402411,402414,3,5
402406,402411,402414,3,5
402406,402411,402414,3,5
402406,402411,402414,3,5
402406,402411,402414,3,5
402406,402411,402414,3,5
402406,402411,402414,3,5
402406,402411,402414,3,5
402406,402411,402414,3,5
402406,402411,402414,3,5
402406,402412,402415,3,6
402406,402411,402414,3,5
402406,402411,402414,3,5
402406,402411,402414,3,5
402406,402411,402414,3,5
402406,402411,402414,3,5
402406,402411,402414,3,5
402406,402411,402414,3,5
402406,402411,402415,4,5
402406,402411,402414,3,5
402406,402411,402414,3,5
402406,402411,402414,3,5
402406,402411,402415,4,5
402406,402411,402414,3,5
402406,402411,402414,3,5
402406,402411,402415,4,5
402406,402411,402415,4,5
402406,402411,402414,3,5
402406,402411,402414,3,5
402406,402411,402414,3,5
402406,402411,402414,3,5
402406,402411,402415,4,5
402406,402411,402415,4,5
402406,402411,402414,3,5
402406,402411,402415,4,5
402406,402411,402414,3,5
402406,402411,402414,3,5
402406,402411,402414,3,5
402406,402411,402414,3,5
402406,402411,402414,3,5
402406,402412,402414,2,6
402406,402412,402415,3,6
402406,402412,402414,2,6
402406,402411,402415,4,5
402406,402411,402415,4,5
402406,402411,402415,4,5
402406,402411,402415,4,5
402406,402412,402415,3,6
402406,402412,402415,3,6
402406,402412,402415,3,6
402406,402412,402415,3,6
402406,402411,402415,4,5
402406,402412,402415,3,6
402406,402412,402415,3,6
402406,402412,402415,3,6
402406,402415,402416,1,9
402406,402415,402416,1,9
402406,402415,402416,1,9
402406,402415,402416,1,9
402406,402415,402417,2,9
402406,402415,402417,2,9
402406,402415,402417,2,9
402406,402415,402417,2,9
402406,402415,402417,2,9
402406,402415,402417,2,9
402406,402415,402417,2,9
402406,402415,402417,2,9
402406,402415,402417,2,9
402406,402415,402417,2,9
402406,402415,402417,2,9
402406,402415,402417,2,9
402406,402415,402417,2,9
402406,402415,402417,2,9
402406,402415,402417,2,9
402406,402415,402417,2,9
402406,402415,402417,2,9
402406,402415,402417,2,9
402406,402415,402417,2,9
402406,402415,402417,2,9
402406,402415,402417,2,9
402406,402415,402417,2,9
402406,402415,402417,2,9
402406,402415,402417,2,9
402406,402415,402417,2,9
402406,402415,402417,2,9
402406,402415,402417,2,9
402406,402415,402417,2,9
402406,402415,402417,2,9
402406,402415,402417,2,9
402406,402415,402417,2,9
402406,402415,402417,2,9
402406,402415,402417,2,9
402406,402415,402417,2,9
402422,402422,402426,4,0
402422,402422,402426,4,0
402422,402422,402426,4,0
402422,402422,402426,4,0
402422,402422,402426,4,0
402422,402422,402426,4,0
402422,402422,402426,4,0
402422,402422,402426,4,0
402422,402422,402426,4,0
402422,402422,402426,4,0
402422,402422,402426,4,0
402422,402422,402426,4,0
402422,402422,402426,4,0
402422,402422,402426,4,0
402422,402422,402426,4,0
402422,402422,402426,4,0
402422,402422,402426,4,0
402422,402422,402426,4,0
402422,402422,402426,4,0
402422,402422,402426,4,0
402422,402422,402426,4,0
402422,402422,402426,4,0
402422,402422,402426,4,0
402422,402422,402426,4,0
402422,402422,402426,4,0
402422,402422,402426,4,0
402422,402422,402426,4,0
402422,402422,402426,4,0
402422,402422,402426,4,0
402422,402422,402426,4,0
402422,402422,402426,4,0
402422,402422,402426,4,0
402422,402422,402426,4,0
402422,402422,402426,4,0
402422,402422,402426,4,0
402422,402422,402426,4,0
402422,402422,402426,4,0
402422,402422,402426,4,0
402422,402422,402426,4,0
402422,402422,402426,4,0
402422,402422,402426,4,0
402422,402422,402426,4,0
402422,402422,402426,4,0
402422,402422,402426,4,0
402422,402422,402426,4,0
402422,402422,402426,4,0
402422,402422,402426,4,0
402422,402422,402426,4,0
402422,402422,402426,4,0
402422,402422,402426,4,0
402422,402422,402426,4,0
402422,402422,402426,4,0
402422,402422,402426,4,0
402422,402422,402426,4,0
402422,402422,402426,4,0
402422,402422,402426,4,0
402422,402422,402426,4,0
402422,402422,402426,4,0
402422,402422,402426,4,0
402422,402422,402426,4,0
402422,402422,402426,4,0
402422,402422,402426,4,0
402422,402422,402426,4,0
402422,402422,402426,4,0
402422,402422,402426,4,0
402422,402422,402426,4,0
402422,402422,402426,4,0
402422,402422,402426,4,0
402422,402422,402426,4,0
402422,402422,402426,4,0
402422,402422,402426,4,0
402422,402422,402426,4,0
402422,402422,402426,4,0
402422,402422,402426,4,0
402422,402422,402426,4,0
402422,402422,402426,4,0
402422,402422,402427,5,0
402422,402422,402427,5,0
402422,402422,402427,5,0
402422,402422,402427,5,0
402422,402427,402430,3,5
402422,402427,402430,3,5
402422,402427,402430,3,5
402422,402427,402430,3,5
402422,402427,402430,3,5
402422,402427,402430,3,5
402422,402427,402430,3,5
402422,402427,402430,3,5
402422,402427,402430,3,5
402422,402427,402430,3,5
402422,402427,402430,3,5
402422,402427,402430,3,5
402422,402427,402430,3,5
402422,402427,402430,3,5
402422,402427,402430,3,5
402422,402427,402430,3,5
402422,402427,402430,3,5
402422,402427,402430,3,5
402422,402427,402430,3,5
402422,402427,402430,3,5
402422,402427,402430,3,5
402422,402427,402430,3,5
402422,402427,402430,3,5
402422,402427,402430,3,5
402422,402427,402430,3,5
402422,402427,402430,3,5
402422,402427,402430,3,5
402422,402427,402430,3,5
402422,402427,402430,3,5
402422,402427,402430,3,5
402422,402427,402430,3,5
402422,402427,402430,3,5
402422,402427,402430,3,5
402422,402427,402430,3,5
402422,402427,402430,3,5
402422,402427,402430,3,5
402422,402427,402430,3,5
402422,402427,402430,3,5
402422,402427,402430,3,5
402422,402427,402430,3,5
402422,402427,402430,3,5
402422,402427,402430,3,5
402422,402427,402430,3,5
402422,402427,402430,3,5
402422,402427,402430,3,5
402422,402427,402430,3,5
402422,402427,402430,3,5
402422,402427,402430,3,5
402422,402427,402430,3,5
402422,402427,402430,3,5
402422,402427,402430,3,5
402422,402427,402430,3,5
402422,402427,402430,3,5
402422,402427,402430,3,5
402422,402427,402430,3,5
402422,402427,402430,3,5
402422,402427,402430,3,5
402422,402427,402430,3,5
402422,402427,402430,3,5
402422,402427,402430,3,5
402422,402427,402430,3,5
402422,402427,402430,3,5
402422,402427,402430,3,5
402422,402427,402430,3,5
402422,402427,402430,3,5
402422,402427,402430,3,5
402422,402427,402430,3,5
402422,402427,402430,3,5
402422,402427,402430,3,5
402422,402428,402430,2,6
402422,402427,402430,3,5
402422,402427,402430,3,5
402422,402430,402431,1,8
402422,402430,402431,1,8
402422,402430,402431,1,8
402422,402427,402430,3,5
402422,402427,402430,3,5
402422,402428,402430,2,6
402422,402427,402430,3,5
402422,402427,402430,3,5
402422,402427,402430,3,5
402422,402428,402430,2,6
402422,402427,402430,3,5
402422,402431,402432,1,9
402422,402430,402431,1,8
402422,402430,402431,1,8
402422,402430,402431,1,8
402422,402430,402431,1,8
402422,402430,402431,1,8
402422,402430,402431,1,8
402422,402430,402432,2,8
402422,402430,402431,1,8
402422,402430,402432,2,8
402422,402430,402432,2,8
402422,402430,402432,2,8
402422,402430,402432,2,8
402422,402430,402432,2,8
402422,402430,402432,2,8
402422,402430,402432,2,8
402422,402430,402432,2,8
402422,402430,402432,2,8
402422,402430,402432,2,8
402422,402430,402432,2,8
402422,402430,402432,2,8
402422,402430,402432,2,8
402422,402430,402432,2,8
402422,402430,402432,2,8
402422,402430,402432,2,8
402422,402430,402431,1,8
402422,402430,402431,1,8
402422,402430,402431,1,8
402422,402430,402432,2,8
402422,402430,402432,2,8
402422,402430,402432,2,8
402422,402430,402432,2,8
402422,402430,402432,2,8
402422,402430,402432,2,8
402422,402430,402432,2,8
402422,402430,402432,2,8
402437,402437,402440,3,0
402437,402437,402440,3,0
402437,402437,402440,3,0
402437,402437,402440,3,0
402437,402437,402440,3,0
402437,402437,402440,3,0
402437,402437,402440,3,0
402437,402437,402440,3,0
402437,402437,402440,3,0
402437,402437,402440,3,0
402437,402437,402440,3,0
402437,402437,402440,3,0
402437,402437,402440,3,0
402437,402437,402440,3,0
402437,402437,402440,3,0
402437,402437,402440,3,0
402437,402437,402440,3,0
402437,402437,402440,3,0
402437,402437,402440,3,0
402437,402437,402440,3,0
402437,402437,402440,3,0
402437,402437,402440,3,0
402437,402437,402440,3,0
402437,402437,402440,3,0
402437,402437,402440,3,0
402437,402437,402440,3,0
402437,402437,402440,3,0
402437,402437,402440,3,0
402437,402437,402440,3,0
402437,402437,402440,3,0
402437,402437,402440,3,0
402437,402437,402440,3,0
402437,402437,402440,3,0
402437,402437,402440,3,0
402437,402437,402440,3,0
402437,402437,402440,3,0
402437,402437,402440,3,0
402437,402437,402440,3,0
402437,402437,402440,3,0
402437,402437,402440,3,0
402437,402437,402440,3,0
402437,402437,402440,3,0
402437,402437,402440,3,0
402437,402437,402440,3,0
402437,402437,402440,3,0
402437,402437,402440,3,0
402437,402437,402440,3,0
402437,402437,402440,3,0
402437,402437,402440,3,0
402437,402437,402440,3,0
402437,402437,402440,3,0
402437,402437,402440,3,0
402437,402437,402440,3,0
402437,402437,402440,3,0
402437,402437,402440,3,0
402437,402437,402440,3,0
402437,402437,402440,3,0
402437,402437,402440,3,0
402437,402437,402440,3,0
402437,402437,402440,3,0
402437,402440,402441,1,3
402437,402437,402440,3,0
402437,402437,402440,3,0
402437,402437,402440,3,0
402437,402437,402440,3,0
402437,402437,402440,3,0
402437,402437,402440,3,0
402437,402437,402440,3,0
402437,402437,402440,3,0
402437,402437,402440,3,0
402437,402437,402440,3,0
402437,402437,402440,3,0
402437,402437,402440,3,0
402437,402437,402440,3,0
402437,402437,402440,3,0
402437,402437,402440,3,0
402437,402437,402440,3,0
402437,402437,402440,3,0
402437,402437,402440,3,0
402437,402437,402440,3,0
402437,402437,402440,3,0
402437,402440,402442,2,3
402437,402440,402442,2,3
402437,402440,402441,1,3
402437,402440,402442,2,3
402437,402440,402441,1,3
402437,402440,402442,2,3
402437,402440,402442,2,3
402437,402440,402442,2,3
402437,402440,402443,3,3
402437,402440,402443,3,3
402437,402440,402443,3,3
402437,402440,402443,3,3
402437,402440,402443,3,3
402437,402440,402443,3,3
402437,402440,402443,3,3
402437,402440,402443,3,3
402437,402440,402443,3,3
402437,402440,402443,3,3
402437,402440,402443,3,3
402437,402440,402443,3,3
402437,402440,402443,3,3
402437,402440,402443,3,3
402437,402440,402443,3,3
402437,402440,402443,3,3
402437,402440,402443,3,3
402437,402441,402443,2,4
402437,402440,402442,2,3
402437,402441,402443,2,4
402437,402441,402443,2,4
402437,402441,402443,2,4
402437,402441,402443,2,4
402437,402441,402443,2,4
402437,402441,402443,2,4
402437,402441,402443,2,4
402437,402441,402443,2,4
402437,402441,402443,2,4
402437,402440,402443,3,3
402437,402440,402442,2,3
402437,402440,402443,3,3
402437,402440,402443,3,3
402437,402441,402443,2,4
402437,402441,402443,2,4
402437,402440,402444,4,3
402437,402441,402443,2,4
402437,402441,402444,3,4
402437,402441,402444,3,4
402437,402441,402444,3,4
402437,402441,402443,2,4
402437,402440,402443,3,3
402437,402440,402443,3,3
402437,402440,402443,3,3
402437,402440,402443,3,3
402437,402440,402443,3,3
402437,402440,402443,3,3
402437,402442,402443,1,5
402437,402441,402443,2,4
402437,402441,402443,2,4
402437,402441,402443,2,4
402437,402441,402443,2,4
402437,402441,402443,2,4
402437,402441,402443,2,4
402437,402441,402444,3,4
402437,402441,402444,3,4
402437,402441,402443,2,4
402437,402441,402443,2,4
402437,402441,402443,2,4
402437,402441,402443,2,4
402437,402441,402443,2,4
402437,402441,402443,2,4
402437,402441,402444,3,4
402437,402441,402444,3,4
402437,402441,402443,2,4
402437,402441,402444,3,4
402437,402443,402444,1,6
402437,402443,402444,1,6
402437,402443,402444,1,6
402437,402443,402444,1,6
402437,402441,402444,3,4
402437,402441,402444,3,4
402437,402442,402444,2,5
402437,402441,402444,3,4
402437,402442,402444,2,5
402437,402442,402444,2,5
402437,402441,402444,3,4
402437,402442,402444,2,5
402437,402442,402444,2,5
402437,402442,402444,2,5
402437,402442,402444,2,5
402437,402442,402444,2,5
402437,402442,402444,2,5
402437,402441,402444,3,4
402437,402442,402444,2,5
402437,402443,402445,2,6
402437,402443,402445,2,6
402437,402444,402445,1,7
402437,402444,402445,1,7
402437,402444,402445,1,7
402437,402443,402445,2,6
402437,402444,402445,1,7
402437,402444,402445,1,7
402437,402444,402445,1,7
402437,402444,402445,1,7
402437,402444,402445,1,7
402437,402444,402445,1,7
402437,402444,402445,1,7
402437,402444,402445,1,7
402437,402444,402445,1,7
402437,402444,402445,1,7
402437,402443,402445,2,6
402437,402443,402445,2,6
402437,402444,402445,1,7
402437,402444,402445,1,7
402437,402444,402445,1,7
402437,402444,402445,1,7
402437,402444,402445,1,7
402437,402444,402445,1,7
402437,402444,402445,1,7
402437,402444,402445,1,7
402437,402444,402445,1,7
402450,402450,402454,4,0
402450,402450,402454,4,0
402450,402450,402454,4,0
402450,402450,402454,4,0
402450,402450,402454,4,0
402450,402450,402454,4,0
402450,402450,402454,4,0
402450,402450,402454,4,0
402450,402450,402454,4,0
402450,402450,402454,4,0
402450,402450,402454,4,0
402450,402450,402454,4,0
402450,402450,402454,4,0
402450,402450,402454,4,0
402450,402450,402454,4,0
402450,402450,402454,4,0
402450,402450,402454,4,0
402450,402450,402454,4,0
402450,402450,402454,4,0
402450,402450,402454,4,0
402450,402450,402454,4,0
402450,402450,402454,4,0
402450,402450,402454,4,0
402450,402450,402454,4,0
402450,402450,402454,4,0
402450,402450,402454,4,0
402450,402450,402454,4,0
402450,402450,402454,4,0
402450,402450,402454,4,0
402450,402450,402454,4,0
402450,402450,402454,4,0
402450,402450,402454,4,0
402450,402450,402454,4,0
402450,402450,402454,4,0
402450,402450,402454,4,0
402450,402450,402454,4,0
402450,402450,402454,4,0
402450,402450,402454,4,0
402450,402450,402454,4,0
402450,402450,402454,4,0
402450,402450,402454,4,0
402450,402450,402454,4,0
402450,402450,402454,4,0
402450,402450,402454,4,0
402450,402450,402454,4,0
402450,402450,402454,4,0
402450,402450,402454,4,0
402450,402450,402454,4,0
402450,402450,402454,4,0
402450,402450,402454,4,0
402450,402450,402454,4,0
402450,402450,402454,4,0
402450,402450,402454,4,0
402450,402450,402454,4,0
402450,402450,402454,4,0
402450,402450,402454,4,0
402450,402450,402454,4,0
402450,402450,402454,4,0
402450,402450,402454,4,0
402450,402450,402454,4,0
402450,402450,402454,4,0
402450,402450,402455,5,0
402450,402450,402455,5,0
402450,402450,402455,5,0
402450,402450,402455,5,0
402450,402450,402455,5,0
402450,402450,402455,5,0
402450,402450,402455,5,0
402450,402450,402455,5,0
402450,402450,402455,5,0
402450,402450,402455,5,0
402450,402450,402455,5,0
402450,402450,402455,5,0
402450,402450,402455,5,0
402450,402450,402455,5,0
402450,402450,402455,5,0
402450,402450,402455,5,0
402450,402450,402455,5,0
402450,402450,402455,5,0
402450,402450,402455,5,0
402450,402455,402457,2,5
402450,402455,402458,3,5
402450,402455,402458,3,5
402450,402455,402458,3,5
402450,402455,402458,3,5
402450,402455,402458,3,5
402450,402455,402458,3,5
402450,402455,402458,3,5
402450,402455,402458,3,5
402450,402455,402458,3,5
402450,402455,402458,3,5
402450,402455,402458,3,5
402450,402455,402458,3,5
402450,402455,402458,3,5
402450,402455,402458,3,5
402450,402455,402458,3,5
402450,402455,402458,3,5
402450,402455,402458,3,5
402450,402455,402458,3,5
402450,402455,402458,3,5
402450,402455,402458,3,5
402450,402456,402458,2,6
402450,402455,402458,3,5
402450,402455,402458,3,5
402450,402455,402458,3,5
402450,402455,402458,3,5
402450,402455,402458,3,5
402450,402455,402458,3,5
402450,402455,402458,3,5
402450,402456,402458,2,6
402450,402455,402458,3,5
402450,402455,402458,3,5
402450,402455,402458,3,5
402450,402455,402458,3,5
402450,402455,402458,3,5
402450,402455,402458,3,5
402450,402456,402458,2,6
402450,402456,402458,2,6
402450,402455,402458,3,5
402450,402455,402458,3,5
402450,402455,402458,3,5
402450,402455,402458,3,5
402450,402455,402458,3,5
402450,402455,402458,3,5
402450,402455,402458,3,5
402450,402456,402458,2,6
402450,402455,402458,3,5
402450,402455,402458,3,5
402450,402455,402458,3,5
402450,402455,402458,3,5
402450,402455,402458,3,5
402450,402455,402458,3,5
402450,402456,402458,2,6
402450,402456,402458,2,6
402450,402455,402458,3,5
402450,402455,402458,3,5
402450,402455,402458,3,5
402450,402455,402458,3,5
402450,402455,402458,3,5
402450,402456,402458,2,6
402450,402456,402458,2,6
402450,402456,402458,2,6
402450,402455,402458,3,5
402450,402455,402458,3,5
402450,402455,402458,3,5
402450,402455,402458,3,5
402450,402456,402458,2,6
402450,402456,402458,2,6
402450,402456,402458,2,6
402450,402458,402459,1,8
402450,402455,402458,3,5
402450,402455,402458,3,5
402450,402455,402458,3,5
402450,402455,402458,3,5
402450,402456,402458,2,6
402450,402456,402458,2,6
402450,402456,402458,2,6
402450,402458,402459,1,8
402450,402455,402458,3,5
402450,402456,402459,3,6
402450,402456,402458,2,6
402450,402456,402459,3,6
402450,402458,402459,1,8
402450,402458,402459,1,8
402450,402458,402459,1,8
402450,402458,402459,1,8
402450,402459,402460,1,9
402450,402459,402460,1,9
402450,402459,402460,1,9
402450,402459,402460,1,9
402450,402459,402460,1,9
402450,402459,402460,1,9
402450,402459,402461,2,9
402450,402459,402461,2,9
402450,402459,402460,1,9
402450,402459,402461,2,9
402450,402459,402460,1,9
402450,402459,402461,2,9
402450,402459,402460,1,9
402450,402459,402460,1,9
402450,402459,402461,2,9
402450,402459,402461,2,9
402450,402459,402461,2,9
402450,402459,402461,2,9
402450,402459,402460,1,9
402450,402459,402461,2,9
402450,402459,402460,1,9
402450,402459,402461,2,9
402450,402459,402461,2,9
402450,402459,402461,2,9
402450,402459,402461,2,9
402450,402459,402460,1,9
402450,402459,402461,2,9
402450,402459,402461,2,9
402450,402459,402461,2,9
402450,402459,402461,2,9
402450,402459,402461,2,9
402450,402459,402461,2,9
402450,402459,402461,2,9
402466,402466,402469,3,0
402466,402466,402469,3,0
402466,402466,402469,3,0
402466,402466,402469,3,0
402466,402466,402469,3,0
402466,402466,402469,3,0
402466,402466,402469,3,0
402466,402466,402469,3,0
402466,402466,402469,3,0
402466,402466,402469,3,0
402466,402466,402470,4,0
402466,402466,402469,3,0
402466,402466,402469,3,0
402466,402466,402469,3,0
402466,402466,402469,3,0
402466,402466,402469,3,0
402466,402466,402469,3,0
402466,402466,402469,3,0
402466,402466,402469,3,0
402466,402466,402469,3,0
402466,402466,402469,3,0
402466,402466,402469,3,0
402466,402466,402469,3,0
402466,402466,402469,3,0
402466,402466,402470,4,0
402466,402466,402469,3,0
402466,402466,402469,3,0
402466,402466,402469,3,0
402466,402466,402469,3,0
402466,402466,402469,3,0
402466,402466,402469,3,0
402466,402466,402469,3,0
402466,402466,402469,3,0
402466,402466,402469,3,0
402466,402466,402470,4,0
402466,402466,402469,3,0
402466,402466,402469,3,0
402466,402466,402469,3,0
402466,402466,402469,3,0
402466,402466,402469,3,0
402466,402466,402469,3,0
402466,402466,402469,3,0
402466,402466,402470,4,0
402466,402466,402469,3,0
402466,402466,402469,3,0
402466,402466,402469,3,0
402466,402466,402469,3,0
402466,402466,402469,3,0
402466,402466,402469,3,0
402466,402466,402469,3,0
402466,402466,402470,4,0
402466,402466,402469,3,0
402466,402466,402469,3,0
402466,402466,402469,3,0
402466,402466,402469,3,0
402466,402466,402469,3,0
402466,402466,402469,3,0
402466,402466,402469,3,0
402466,402466,402470,4,0
402466,402466,402469,3,0
402466,402466,402469,3,0
402466,402466,402469,3,0
402466,402466,402469,3,0
402466,402466,402469,3,0
402466,402466,402469,3,0
402466,402466,402469,3,0
402466,402469,402470,1,3
402466,402466,402469,3,0
402466,402466,402469,3,0
402466,402466,402469,3,0
402466,402466,402469,3,0
402466,402466,402469,3,0
402466,402466,402469,3,0
402466,402466,402469,3,0
402466,402469,402470,1,3
402466,402466,402469,3,0
402466,402466,402469,3,0
402466,402466,402469,3,0
402466,402466,402469,3,0
402466,402466,402469,3,0
402466,402466,402469,3,0
402466,402466,402469,3,0
402466,402469,402470,1,3
402466,402470,402471,1,4
402466,402470,402474,4,4
402466,402470,402474,4,4
402466,402470,402474,4,4
402466,402470,402474,4,4
402466,402470,402474,4,4
402466,402470,402474,4,4
402466,402470,402474,4,4
402466,402470,402474,4,4
402466,402470,402474,4,4
402466,402470,402474,4,4
402466,402470,402474,4,4
402466,402470,402474,4,4
402466,402470,402474,4,4
402466,402470,402474,4,4
402466,402470,402474,4,4
402466,402470,402474,4,4
402466,402470,402474,4,4
402466,402470,402474,4,4
402466,402470,402474,4,4
402466,402470,402474,4,4
402466,402470,402474,4,4
402466,402470,402474,4,4
402466,402470,402474,4,4
402466,402470,402474,4,4
402466,402470,402474,4,4
402466,402470,402474,4,4
402466,402470,402474,4,4
402466,402470,402474,4,4
402466,402470,402474,4,4
402466,402470,402474,4,4
402466,402470,402474,4,4
402466,402470,402474,4,4
402466,402470,402474,4,4
402466,402470,402474,4,4
402466,402470,402474,4,4
402466,402470,402474,4,4
402466,402470,402474,4,4
402466,402470,402474,4,4
402466,402470,402474,4,4
402466,402471,402474,3,5
402466,402470,402474,4,4
402466,402470,402474,4,4
402466,402470,402474,4,4
402466,402470,402474,4,4
402466,402470,402474,4,4
402466,402470,402474,4,4
402466,402470,402474,4,4
402466,402471,402474,3,5
402466,402470,402474,4,4
402466,402470,402474,4,4
402466,402470,402474,4,4
402466,402470,402474,4,4
402466,402470,402474,4,4
402466,402470,402474,4,4
402466,402470,402474,4,4
402466,402471,402474,3,5
402466,402470,402474,4,4
402466,402470,402474,4,4
402466,402470,402474,4,4
402466,402470,402474,4,4
402466,402470,402474,4,4
402466,402470,402474,4,4
402466,402471,402474,3,5
402466,402471,402474,3,5
402466,402470,402474,4,4
402466,402470,402474,4,4
402466,402470,402474,4,4
402466,402470,402474,4,4
402466,402470,402474,4,4
402466,402470,402474,4,4
402466,402470,402474,4,4
402466,402470,402474,4,4
402466,402470,402474,4,4
402466,402470,402474,4,4
402466,402470,402474,4,4
402466,402470,402474,4,4
402466,402470,402474,4,4
402466,402470,402474,4,4
402466,402471,402474,3,5
402466,402471,402474,3,5
402466,402475,402476,1,9
402466,402475,402476,1,9
402466,402475,402477,2,9
402466,402475,402476,1,9
402466,402475,402476,1,9
402466,402475,402476,1,9
402466,402475,402476,1,9
402466,402475,402476,1,9
402466,402475,402476,1,9
402466,402475,402476,1,9
402466,402475,402477,2,9
402466,402475,402476,1,9
402466,402475,402477,2,9
402466,402475,402477,2,9
402466,402475,402476,1,9
402466,402475,402476,1,9
402466,402475,402476,1,9
402466,402475,402476,1,9
402466,402475,402477,2,9
402466,402475,402476,1,9
402466,402475,402477,2,9
402466,402475,402477,2,9
402466,402475,402477,2,9
402466,402475,402477,2,9
402466,402475,402477,2,9
402466,402475,402477,2,9
402466,402475,402477,2,9
402466,402475,402477,2,9
402466,402475,402477,2,9
402466,402475,402477,2,9
402466,402475,402477,2,9
402466,402475,402477,2,9
402466,402475,402477,2,9
402466,402475,402477,2,9
402466,402475,402477,2,9
402466,402475,402477,2,9
402483,402483,402486,3,0
402483,402483,402486,3,0
402483,402483,402486,3,0
402483,402483,402486,3,0
402483,402483,402486,3,0
402483,402483,402486,3,0
402483,402483,402486,3,0
402483,402483,402486,3,0
402483,402483,402486,3,0
402483,402483,402486,3,0
402483,402483,402486,3,0
402483,402483,402486,3,0
402483,402483,402486,3,0
402483,402483,402486,3,0
402483,402483,402486,3,0
402483,402483,402486,3,0
402483,402483,402486,3,0
402483,402483,402486,3,0
402483,402483,402486,3,0
402483,402483,402486,3,0
402483,402483,402486,3,0
402483,402483,402486,3,0
402483,402483,402486,3,0
402483,402483,402486,3,0
402483,402483,402486,3,0
402483,402483,402486,3,0
402483,402483,402486,3,0
402483,402483,402486,3,0
402483,402483,402486,3,0
402483,402483,402486,3,0
402483,402483,402486,3,0
402483,402483,402486,3,0
402483,402483,402486,3,0
402483,402483,402486,3,0
402483,402483,402486,3,0
402483,402483,402486,3,0
402483,402483,402486,3,0
402483,402483,402486,3,0
402483,402483,402486,3,0
402483,402483,402486,3,0
402483,402483,402486,3,0
402483,402483,402486,3,0
402483,402483,402486,3,0
402483,402483,402486,3,0
402483,402483,402486,3,0
402483,402483,402486,3,0
402483,402483,402486,3,0
402483,402483,402486,3,0
402483,402483,402486,3,0
402483,402483,402486,3,0
402483,402483,402486,3,0
402483,402483,402486,3,0
402483,402483,402486,3,0
402483,402483,402486,3,0
402483,402483,402486,3,0
402483,402483,402486,3,0
402483,402483,402486,3,0
402483,402483,402486,3,0
402483,402483,402486,3,0
402483,402483,402486,3,0
402483,402483,402486,3,0
402483,402483,402486,3,0
402483,402483,402486,3,0
402483,402483,402486,3,0
402483,402483,402486,3,0
402483,402483,402486,3,0
402483,402483,402486,3,0
402483,402483,402486,3,0
402483,402483,402486,3,0
402483,402483,402486,3,0
402483,402483,402486,3,0
402483,402483,402486,3,0
402483,402483,402486,3,0
402483,402483,402486,3,0
402483,402483,402486,3,0
402483,402483,402486,3,0
402483,402483,402486,3,0
402483,402483,402486,3,0
402483,402483,402486,3,0
402483,402483,402486,3,0
402483,402486,402487,1,3
402483,402486,402487,1,3
402483,402486,402487,1,3
402483,402486,402487,1,3
402483,402486,402487,1,3
402483,402486,402487,1,3
402483,402487,402488,1,4
402483,402487,402490,3,4
402483,402487,402490,3,4
402483,402487,402490,3,4
402483,402487,402490,3,4
402483,402487,402490,3,4
402483,402487,402490,3,4
402483,402487,402490,3,4
402483,402487,402490,3,4
402483,402487,402490,3,4
402483,402487,402490,3,4
402483,402487,402490,3,4
402483,402487,402490,3,4
402483,402487,402490,3,4
402483,402487,402490,3,4
402483,402487,402490,3,4
402483,402487,402490,3,4
402483,402487,402490,3,4
402483,402487,402490,3,4
402483,402487,402490,3,4
402483,402487,402490,3,4
402483,402487,402490,3,4
402483,402487,402490,3,4
402483,402487,402490,3,4
402483,402487,402490,3,4
402483,402487,402490,3,4
402483,402487,402490,3,4
402483,402487,402490,3,4
402483,402487,402490,3,4
402483,402487,402490,3,4
402483,402487,402490,3,4
402483,402487,402490,3,4
402483,402487,402490,3,4
402483,402487,402490,3,4
402483,402487,402490,3,4
402483,402487,402490,3,4
402483,402487,402490,3,4
402483,402487,402490,3,4
402483,402487,402490,3,4
402483,402487,402490,3,4
402483,402487,402490,3,4
402483,402487,402490,3,4
402483,402487,402490,3,4
402483,402487,402490,3,4
402483,402487,402490,3,4
402483,402487,402490,3,4
402483,402487,402490,3,4
402483,402487,402491,4,4
402483,402488,402491,3,5
402483,402488,402491,3,5
402483,402488,402491,3,5
402483,402488,402491,3,5
402483,402488,402491,3,5
402483,402488,402491,3,5
402483,402488,402491,3,5
402483,402487,402490,3,4
402483,402487,402490,3,4
402483,402487,402490,3,4
402483,402487,402491,4,4
402483,402487,402490,3,4
402483,402487,402490,3,4
402483,402487,402490,3,4
402483,402487,402490,3,4
402483,402487,402491,4,4
402483,402487,402491,4,4
402483,402488,402491,3,5
402483,402487,402490,3,4
402483,402487,402490,3,4
402483,402487,402491,4,4
402483,402487,402490,3,4
402483,402487,402491,4,4
402483,402487,402491,4,4
402483,402487,402491,4,4
402483,402487,402490,3,4
402483,402487,402490,3,4
402483,402487,402491,4,4
402483,402487,402490,3,4
402483,402487,402490,3,4
402483,402487,402490,3,4
402483,402487,402491,4,4
402483,402490,402491,1,7
402483,402490,402492,2,7
402483,402490,402492,2,7
402483,402490,402492,2,7
402483,402490,402492,2,7
402483,402490,402492,2,7
402483,402490,402492,2,7
402483,402490,402492,2,7
402483,402490,402492,2,7
402483,402490,402492,2,7
402483,402490,402492,2,7
402483,402490,402492,2,7
402483,402490,402492,2,7
402483,402487,402491,4,4
402483,402490,402492,2,7
402483,402490,402492,2,7
402483,402490,402492,2,7
402483,402490,402492,2,7
402483,402490,402492,2,7
402483,402490,402492,2,7
402483,402490,402492,2,7
402483,402490,402492,2,7
402483,402490,402492,2,7
402483,402490,402493,3,7
402483,402490,402493,3,7
402483,402490,402493,3,7
402483,402490,402493,3,7
402483,402490,402493,3,7
402483,402490,402493,3,7
402483,402490,402493,3,7
402483,402490,402492,2,7
402483,402490,402492,2,7
402483,402490,402492,2,7
402483,402490,402492,2,7
402537,402537,402540,3,0
402537,402537,402540,3,0
402537,402537,402541,4,0
402537,402537,402540,3,0
402537,402537,402540,3,0
402537,402537,402541,4,0
402537,402537,402541,4,0
402537,402537,402541,4,0
402537,402537,402541,4,0
402537,402537,402541,4,0
402537,402537,402540,3,0
402537,402537,402540,3,0
402537,402537,402540,3,0
402537,402537,402540,3,0
402537,402537,402541,4,0
402537,402537,402541,4,0
402537,402537,402540,3,0
402537,402537,402541,4,0
402537,402537,402540,3,0
402537,402537,402540,3,0
402537,402537,402540,3,0
402537,402537,402540,3,0
402537,402537,402540,3,0
402537,402537,402541,4,0
402537,402537,402541,4,0
402537,402537,402541,4,0
402537,402537,402541,4,0
402537,402537,402541,4,0
402537,402537,402541,4,0
402537,402537,402541,4,0
402537,402537,402541,4,0
402537,402537,402541,4,0
402537,402537,402541,4,0
402537,402537,402541,4,0
402537,402537,402540,3,0
402537,402537,402540,3,0
402537,402537,402540,3,0
402537,402537,402540,3,0
402537,402537,402541,4,0
402537,402537,402541,4,0
402537,402537,402541,4,0
402537,402537,402541,4,0
402537,402537,402540,3,0
402537,402537,402541,4,0
402537,402537,402540,3,0
402537,402537,402540,3,0
402537,402537,402541,4,0
402537,402537,402540,3,0
402537,402537,402541,4,0
402537,402537,402541,4,0
402537,402537,402540,3,0
402537,402537,402540,3,0
402537,402537,402541,4,0
402537,402537,402541,4,0
402537,402537,402540,3,0
402537,402537,402540,3,0
402537,402537,402541,4,0
402537,402537,402541,4,0
402537,402537,402540,3,0
402537,402537,402540,3,0
402537,402537,402540,3,0
402537,402537,402541,4,0
402537,402537,402540,3,0
402537,402537,402540,3,0
402537,402537,402541,4,0
402537,402537,402541,4,0
402537,402537,402540,3,0
402537,402537,402541,4,0
402537,402537,402541,4,0
402537,402537,402541,4,0
402537,402537,402541,4,0
402537,402537,402541,4,0
402537,402537,402541,4,0
402537,402537,402540,3,0
402537,402537,402540,3,0
402537,402537,402540,3,0
402537,402537,402540,3,0
402537,402537,402541,4,0
402537,402537,402541,4,0
402537,402537,402541,4,0
402537,402540,402541,1,3
402537,402540,402541,1,3
402537,402542,402545,3,5
402537,402542,402545,3,5
402537,402542,402545,3,5
402537,402542,402545,3,5
402537,402542,402545,3,5
402537,402542,402545,3,5
402537,402542,402545,3,5
402537,402542,402545,3,5
402537,402542,402545,3,5
402537,402542,402545,3,5
402537,402542,402545,3,5
402537,402542,402545,3,5
402537,402542,402545,3,5
402537,402542,402545,3,5
402537,402542,402545,3,5
402537,402542,402545,3,5
402537,402542,402545,3,5
402537,402542,402545,3,5
402537,402542,402545,3,5
402537,402542,402545,3,5
402537,402542,402545,3,5
402537,402542,402545,3,5
402537,402542,402545,3,5
402537,402542,402545,3,5
402537,402542,402545,3,5
402537,402542,402545,3,5
402537,402542,402545,3,5
402537,402542,402545,3,5
402537,402542,402545,3,5
402537,402542,402545,3,5
402537,402542,402545,3,5
402537,402542,402545,3,5
402537,402542,402545,3,5
402537,402542,402545,3,5
402537,402542,402545,3,5
402537,402542,402545,3,5
402537,402542,402545,3,5
402537,402542,402545,3,5
402537,402542,402545,3,5
402537,402542,402545,3,5
402537,402542,402545,3,5
402537,402542,402545,3,5
402537,402542,402545,3,5
402537,402542,402545,3,5
402537,402542,402545,3,5
402537,402542,402545,3,5
402537,402542,402545,3,5
402537,402542,402545,3,5
402537,402542,402545,3,5
402537,402542,402545,3,5
402537,402542,402545,3,5
402537,402542,402545,3,5
402537,402542,402545,3,5
402537,402542,402545,3,5
402537,402542,402545,3,5
402537,402542,402545,3,5
402537,402542,402545,3,5
402537,402542,402545,3,5
402537,402542,402545,3,5
402537,402542,402545,3,5
402537,402542,402545,3,5
402537,402542,402545,3,5
402537,402542,402545,3,5
402537,402542,402545,3,5
402537,402542,402545,3,5
402537,402545,402546,1,8
402537,402542,402545,3,5
402537,402542,402545,3,5
402537,402542,402545,3,5
402537,402542,402545,3,5
402537,402542,402545,3,5
402537,402542,402545,3,5
402537,402542,402545,3,5
402537,402545,402546,1,8
402537,402542,402545,3,5
402537,402542,402545,3,5
402537,402542,402545,3,5
402537,402542,402545,3,5
402537,402542,402545,3,5
402537,402542,402545,3,5
402537,402542,402546,4,5
402537,402542,402546,4,5
402537,402546,402547,1,9
402537,402546,402547,1,9
402537,402546,402548,2,9
402537,402546,402548,2,9
402537,402546,402548,2,9
402537,402546,402547,1,9
402537,402546,402548,2,9
402537,402546,402548,2,9
402537,402546,402548,2,9
402537,402546,402548,2,9
402537,402546,402548,2,9
402537,402546,402548,2,9
402537,402546,402548,2,9
402537,402546,402548,2,9
402537,402546,402548,2,9
402537,402546,402548,2,9
402537,402546,402548,2,9
402537,402546,402548,2,9
402537,402546,402548,2,9
402537,402546,402548,2,9
402537,402546,402548,2,9
402537,402546,402548,2,9
402537,402546,402548,2,9
402537,402546,402548,2,9
402537,402546,402548,2,9
402537,402546,402548,2,9
402537,402546,402548,2,9
402537,402546,402548,2,9
402537,402546,402548,2,9
402537,402546,402548,2,9
402537,402546,402548,2,9
402537,402546,402548,2,9
402537,402546,402548,2,9
402537,402546,402548,2,9
402537,402546,402548,2,9
402554,402554,402555,1,0
402554,402554,402555,1,0
403548,403549,403828,279,1
404975,404975,405735,760,0
134363,148471,406876,258405,14108
407340,407340,407399,59,0
407739,407739,407863,124,0
412560,412560,412663,103,0
412604,412605,412892,287,1
413512,413512,414290,778,0
470051,470051,470299,248,0
470548,470548,471360,812,0
381726,392268,478058,85790,10542
478777,478777,479087,310,0
481453,481453,482230,777,0
392419,478060,504077,26017,85641
513357,513357,513455,98,0
521548,521548,521646,98,0
599014,599014,599015,1,0
599013,599013,599015,2,0
599012,599012,599015,3,0
599045,599045,599486,441,0
599488,599488,599489,1,0
599488,599488,599489,1,0
599488,599488,599490,2,0
599488,599488,599490,2,0
599488,599488,599490,2,0
599488,599488,599489,1,0
599488,599488,599490,2,0
599488,599488,599490,2,0
599488,599488,599489,1,0
599488,599488,599489,1,0
599488,599488,599490,2,0
599488,599488,599490,2,0
599488,599488,599490,2,0
599488,599488,599489,1,0
599488,599488,599490,2,0
599488,599488,599490,2,0
599488,599488,599490,2,0
599488,599488,599490,2,0
599488,599488,599490,2,0
599488,599488,599489,1,0
599488,599488,599490,2,0
599488,599488,599490,2,0
599488,599488,599490,2,0
599488,599488,599490,2,0
599488,599488,599490,2,0
599488,599488,599490,2,0
599488,599488,599490,2,0
599488,599488,599490,2,0
599488,599488,599490,2,0
599488,599488,599490,2,0
599488,599488,599490,2,0
599488,599488,599490,2,0
599488,599488,599490,2,0
599488,599488,599490,2,0
599488,599488,599490,2,0
599488,599488,599490,2,0
599488,599488,599490,2,0
599488,599488,599491,3,0
599488,599488,599490,2,0
599488,599488,599490,2,0
599082,599082,599546,464,0
599548,599548,599550,2,0
599548,599548,599551,3,0
599548,599548,599551,3,0
599548,599548,599551,3,0
599548,599548,599551,3,0
599548,599548,599551,3,0
599548,599548,599551,3,0
599548,599548,599551,3,0
599548,599548,599551,3,0
599548,599548,599551,3,0
599548,599548,599550,2,0
599548,599548,599551,3,0
599548,599548,599551,3,0
599548,599548,599551,3,0
599548,599548,599551,3,0
599548,599548,599551,3,0
599548,599548,599551,3,0
599548,599548,599551,3,0
599548,599548,599550,2,0
599548,599548,599551,3,0
599548,599548,599551,3,0
599548,599548,599551,3,0
599548,599548,599551,3,0
599548,599548,599551,3,0
599548,599548,599551,3,0
599548,599548,599551,3,0
599548,599548,599551,3,0
599548,599548,599551,3,0
599548,599548,599551,3,0
599548,599548,599551,3,0
599548,599548,599551,3,0
599548,599548,599551,3,0
599548,599548,599552,4,0
599548,599548,599552,4,0
599548,599548,599551,3,0
599548,599548,599551,3,0
599548,599548,599551,3,0
599548,599548,599551,3,0
599548,599548,599551,3,0
599548,599548,599551,3,0
599089,599089,599561,472,0
599079,599080,599568,488,1
599042,599042,599568,526,0
599084,599084,599572,488,0
599060,599060,599575,515,0
599109,599111,599577,466,2
599103,599103,599579,476,0
599077,599077,599582,505,0
599581,599582,599583,1,1
599581,599581,599583,2,0
599581,599581,599583,2,0
599581,599582,599584,2,1
599581,599582,599584,2,1
599055,599055,599583,528,0
599581,599581,599584,3,0
599581,599582,599584,2,1
599581,599582,599584,2,1
599581,599582,599585,3,1
599581,599582,599584,2,1
599581,599582,599584,2,1
599581,599581,599584,3,0
599581,599582,599584,2,1
599581,599582,599584,2,1
599581,599582,599585,3,1
599581,599582,599584,2,1
599581,599582,599584,2,1
599581,599582,599584,2,1
599581,599582,599584,2,1
599581,599582,599584,2,1
599581,599582,599584,2,1
599581,599582,599584,2,1
599581,599582,599584,2,1
599581,599582,599584,2,1
599581,599582,599584,2,1
599581,599582,599585,3,1
599581,599582,599584,2,1
599581,599582,599584,2,1
599581,599582,599584,2,1
599581,599582,599584,2,1
599581,599582,599584,2,1
599581,599582,599584,2,1
599581,599582,599584,2,1
599581,599582,599584,2,1
599581,599582,599584,2,1
599581,599582,599584,2,1
599087,599089,599584,495,2
599584,599584,599585,1,0
599581,599582,599585,3,1
599581,599582,599585,3,1
599581,599582,599585,3,1
599581,599582,599585,3,1
599584,599584,599585,1,0
599584,599584,599585,1,0
599584,599584,599585,1,0
599584,599584,599585,1,0
599051,599051,599585,534,0
599584,599584,599585,1,0
599584,599584,599585,1,0
599584,599584,599585,1,0
599584,599584,599586,2,0
599584,599584,599585,1,0
599584,599585,599586,1,1
599584,599585,599586,1,1
599584,599585,599586,1,1
599584,599585,599586,1,1
599584,599585,599586,1,1
599584,599585,599586,1,1
599584,599585,599586,1,1
599584,599585,599586,1,1
599584,599585,599586,1,1
599584,599585,599587,2,1
599584,599585,599586,1,1
599584,599585,599586,1,1
599584,599585,599586,1,1
599584,599585,599586,1,1
599584,599585,599587,2,1
599584,599585,599586,1,1
599584,599585,599586,1,1
599584,599585,599586,1,1
599584,599585,599586,1,1
599584,599585,599586,1,1
599584,599585,599586,1,1
599584,599585,599586,1,1
599584,599585,599587,2,1
599584,599585,599587,2,1
599584,599585,599587,2,1
599584,599585,599587,2,1
599048,599048,599588,540,0
599587,599587,599588,1,0
599046,599046,599589,543,0
599587,599587,599588,1,0
599587,599587,599588,1,0
599587,599587,599589,2,0
599587,599587,599588,1,0
599587,599587,599588,1,0
599587,599587,599588,1,0
599587,599587,599588,1,0
599587,599587,599589,2,0
599587,599587,599588,1,0
599587,599587,599589,2,0
599587,599587,599588,1,0
599587,599587,599588,1,0
599587,599587,599588,1,0
599587,599587,599588,1,0
599587,599587,599588,1,0
599587,599587,599588,1,0
599587,599587,599589,2,0
599587,599587,599588,1,0
599587,599587,599589,2,0
599587,599587,599588,1,0
599588,599588,599589,1,0
599587,599587,599588,1,0
599587,599587,599588,1,0
599587,599587,599588,1,0
599587,599587,599588,1,0
599587,599587,599588,1,0
599587,599587,599589,2,0
599587,599587,599589,2,0
599587,599587,599588,1,0
599587,599587,599588,1,0
599587,599587,599589,2,0
599587,599587,599589,2,0
599587,599587,599588,1,0
599587,599587,599588,1,0
599587,599587,599588,1,0
599587,599587,599588,1,0
599587,599587,599588,1,0
599587,599587,599588,1,0
599587,599587,599588,1,0
599588,599588,599590,2,0
599588,599588,599590,2,0
599588,599588,599590,2,0
599588,599588,599590,2,0
599588,599588,599589,1,0
599588,599588,599589,1,0
599588,599589,599590,1,1
599588,599589,599590,1,1
599588,599589,599590,1,1
599588,599589,599590,1,1
599588,599589,599590,1,1
599588,599589,599591,2,1
599588,599589,599590,1,1
599588,599589,599591,2,1
599588,599589,599591,2,1
599066,599066,599591,525,0
599588,599589,599590,1,1
599588,599589,599590,1,1
599588,599589,599590,1,1
599588,599589,599590,1,1
599588,599589,599590,1,1
599588,599589,599590,1,1
599588,599589,599590,1,1
599584,599584,599585,1,0
599584,599584,599586,2,0
599584,599584,599586,2,0
599584,599584,599586,2,0
599588,599589,599591,2,1
599588,599589,599590,1,1
599589,599589,599591,2,0
599589,599589,599591,2,0
599588,599589,599591,2,1
599588,599589,599591,2,1
599588,599589,599591,2,1
599589,599589,599591,2,0
599589,599589,599591,2,0
599588,599589,599591,2,1
599588,599589,599591,2,1
599588,599589,599591,2,1
599588,599589,599591,2,1
599588,599589,599591,2,1
599588,599589,599591,2,1
599589,599589,599591,2,0
599589,599589,599591,2,0
599588,599589,599591,2,1
599588,599589,599591,2,1
599588,599589,599591,2,1
599588,599589,599591,2,1
599588,599589,599591,2,1
599589,599589,599591,2,0
599588,599589,599592,3,1
599072,599072,599591,519,0
599589,599591,599592,1,2
599589,599590,599592,2,1
599589,599590,599592,2,1
599589,599590,599592,2,1
599589,599590,599592,2,1
599589,599592,599593,1,3
599589,599589,599592,3,0
599589,599590,599592,2,1
599589,599589,599592,3,0
599589,599590,599592,2,1
599589,599591,599592,1,2
599589,599591,599592,1,2
599589,599591,599592,1,2
599589,599591,599593,2,2
599589,599591,599592,1,2
599589,599591,599593,2,2
599589,599591,599593,2,2
599589,599591,599593,2,2
599589,599591,599593,2,2
599587,599591,599592,1,4
599589,599591,599592,1,2
599589,599591,599593,2,2
599589,599591,599593,2,2
599589,599591,599593,2,2
599590,599592,599593,1,2
599589,599591,599593,2,2
599589,599591,599593,2,2
599589,599591,599592,1,2
599589,599591,599593,2,2
599589,599591,599593,2,2
599589,599591,599593,2,2
599589,599591,599592,1,2
599590,599592,599593,1,2
599589,599592,599593,1,3
599589,599592,599593,1,3
599590,599592,599593,1,2
599590,599592,599593,1,2
599590,599592,599594,2,2
599590,599592,599593,1,2
599590,599592,599593,1,2
599589,599592,599593,1,3
599590,599592,599593,1,2
599590,599592,599593,1,2
599590,599592,599593,1,2
599590,599592,599594,2,2
599590,599592,599593,1,2
599590,599592,599593,1,2
599590,599592,599594,2,2
599590,599592,599594,2,2
599590,599592,599593,1,2
599590,599592,599593,1,2
599590,599592,599594,2,2
599590,599592,599594,2,2
599590,599592,599593,1,2
599590,599592,599593,1,2
599590,599593,599594,1,3
599067,599067,599593,526,0
599590,599593,599594,1,3
599590,599592,599594,2,2
599590,599593,599594,1,3
599590,599593,599594,1,3
599590,599593,599594,1,3
599590,599593,599595,2,3
599590,599593,599595,2,3
599590,599593,599595,2,3
599590,599593,599595,2,3
599590,599593,599595,2,3
599590,599593,599595,2,3
599591,599593,599595,2,2
599591,599593,599595,2,2
599591,599593,599595,2,2
599591,599593,599595,2,2
599591,599593,599595,2,2
599591,599593,599595,2,2
599590,599593,599595,2,3
599591,599593,599596,3,2
599590,599593,599595,2,3
599590,599593,599595,2,3
599590,599593,599595,2,3
599590,599593,599596,3,3
599590,599593,599596,3,3
599590,599593,599596,3,3
599591,599594,599596,2,3
599591,599594,599596,2,3
599591,599594,599596,2,3
599591,599593,599596,3,2
599591,599594,599596,2,3
599591,599594,599596,2,3
599591,599594,599596,2,3
599591,599594,599596,2,3
599591,599594,599596,2,3
599591,599594,599596,2,3
599591,599594,599596,2,3
599591,599594,599596,2,3
599591,599595,599597,2,4
599591,599594,599596,2,3
599591,599594,599597,3,3
599591,599594,599597,3,3
599591,599594,599597,3,3
599591,599594,599596,2,3
599591,599594,599597,3,3
599591,599595,599597,2,4
599591,599594,599597,3,3
599591,599594,599596,2,3
599591,599594,599597,3,3
599591,599594,599597,3,3
599591,599594,599597,3,3
599591,599594,599597,3,3
599591,599594,599597,3,3
599591,599594,599597,3,3
599591,599594,599597,3,3
599591,599594,599597,3,3
599591,599594,599597,3,3
599591,599594,599598,4,3
599591,599594,599599,5,3
599075,599075,599599,524,0
599064,599064,599600,536,0
599043,599043,599603,560,0
599059,599059,599603,544,0
599069,599069,599604,535,0
599049,599050,599603,553,1
599054,599054,599606,552,0
599057,599057,599607,550,0
599044,599044,599611,567,0
599052,599052,599611,559,0
599097,599097,599612,515,0
599062,599062,599614,552,0
599047,599047,599615,568,0
599614,599614,599615,1,0
599614,599614,599615,1,0
599614,599614,599616,2,0
599614,599614,599616,2,0
599614,599614,599616,2,0
599614,599614,599616,2,0
599614,599614,599616,2,0
599614,599614,599616,2,0
599614,599614,599616,2,0
599614,599614,599616,2,0
599614,599614,599616,2,0
599614,599614,599616,2,0
599614,599614,599616,2,0
599614,599614,599615,1,0
599614,599614,599616,2,0
599614,599614,599616,2,0
599614,599614,599616,2,0
599614,599614,599616,2,0
599614,599614,599615,1,0
599614,599614,599616,2,0
599614,599614,599616,2,0
599614,599614,599616,2,0
599614,599614,599616,2,0
599614,599614,599616,2,0
599614,599614,599616,2,0
599614,599614,599616,2,0
599614,599614,599616,2,0
599614,599614,599616,2,0
599614,599614,599616,2,0
599614,599614,599616,2,0
599614,599614,599617,3,0
599614,599614,599616,2,0
599614,599614,599616,2,0
599614,599614,599616,2,0
599614,599614,599616,2,0
599614,599614,599616,2,0
599614,599614,599616,2,0
599614,599614,599616,2,0
599614,599614,599616,2,0
599614,599614,599617,3,0
599616,599616,599618,2,0
599616,599616,599618,2,0
599616,599616,599618,2,0
599616,599616,599618,2,0
599616,599616,599618,2,0
599616,599616,599618,2,0
599616,599616,599618,2,0
599616,599616,599618,2,0
599616,599616,599618,2,0
599616,599616,599618,2,0
599616,599616,599618,2,0
599616,599616,599618,2,0
599616,599616,599618,2,0
599616,599616,599618,2,0
599616,599616,599618,2,0
599616,599616,599618,2,0
599616,599616,599618,2,0
599616,599616,599618,2,0
599616,599616,599618,2,0
599616,599616,599618,2,0
599616,599616,599618,2,0
599616,599616,599618,2,0
599616,599616,599618,2,0
599616,599616,599618,2,0
599616,599616,599618,2,0
599616,599616,599618,2,0
599616,599616,599618,2,0
599616,599616,599618,2,0
599616,599616,599618,2,0
599616,599616,599618,2,0
599616,599616,599618,2,0
599616,599616,599618,2,0
599616,599616,599618,2,0
599616,599616,599618,2,0
599616,599616,599618,2,0
599616,599616,599618,2,0
599616,599616,599619,3,0
599616,599616,599619,3,0
599616,599618,599619,1,2
599616,599616,599618,2,0
599616,599616,599619,3,0
599616,599616,599619,3,0
599616,599616,599619,3,0
599616,599618,599619,1,2
599616,599616,599618,2,0
599616,599616,599618,2,0
599616,599616,599618,2,0
599616,599616,599618,2,0
599616,599616,599619,3,0
599616,599616,599619,3,0
599616,599616,599619,3,0
599616,599618,599619,1,2
599616,599618,599619,1,2
599619,599619,599620,1,0
599616,599616,599619,3,0
599616,599618,599619,1,2
599616,599618,599619,1,2
599616,599616,599619,3,0
599616,599618,599619,1,2
599616,599618,599619,1,2
599616,599618,599619,1,2
599616,599616,599619,3,0
599616,599616,599619,3,0
599616,599618,599619,1,2
599616,599618,599619,1,2
599616,599617,599620,3,1
599616,599617,599619,2,1
599616,599617,599619,2,1
599616,599617,599620,3,1
599616,599617,599620,3,1
599616,599617,599620,3,1
599616,599618,599620,2,2
599616,599618,599620,2,2
599616,599618,599620,2,2
599616,599618,599620,2,2
599616,599618,599620,2,2
599616,599618,599619,1,2
599616,599618,599620,2,2
599616,599618,599620,2,2
599616,599618,599620,2,2
599616,599618,599620,2,2
599619,599619,599620,1,0
599619,599619,599620,1,0
599619,599619,599620,1,0
599619,599619,599620,1,0
599619,599619,599620,1,0
599619,599619,599620,1,0
599619,599619,599621,2,0
599619,599619,599621,2,0
599619,599619,599620,1,0
599619,599619,599621,2,0
599619,599619,599620,1,0
599619,599619,599621,2,0
599619,599619,599621,2,0
599619,599619,599621,2,0
599619,599619,599621,2,0
599619,599619,599621,2,0
599619,599619,599621,2,0
599619,599619,599621,2,0
599619,599619,599621,2,0
599619,599619,599620,1,0
599619,599619,599620,1,0
599619,599619,599621,2,0
599619,599619,599621,2,0
599619,599619,599621,2,0
599619,599619,599621,2,0
599619,599619,599621,2,0
599619,599619,599621,2,0
599619,599619,599621,2,0
599619,599619,599621,2,0
599619,599619,599621,2,0
599619,599619,599621,2,0
599619,599619,599621,2,0
599619,599619,599621,2,0
599619,599619,599621,2,0
599619,599619,599621,2,0
599619,599619,599621,2,0
599619,599619,599621,2,0
599619,599619,599621,2,0
599619,599619,599621,2,0
599621,599621,599622,1,0
599621,599621,599623,2,0
599621,599621,599622,1,0
599621,599621,599623,2,0
599621,599621,599623,2,0
599621,599621,599623,2,0
599621,599621,599623,2,0
599621,599621,599623,2,0
599621,599621,599623,2,0
599621,599621,599623,2,0
599621,599621,599623,2,0
599621,599621,599623,2,0
599621,599621,599623,2,0
599621,599621,599623,2,0
599621,599621,599623,2,0
599621,599621,599623,2,0
599621,599621,599623,2,0
599621,599621,599623,2,0
599621,599621,599622,1,0
599621,599621,599622,1,0
599621,599621,599622,1,0
599621,599621,599622,1,0
599621,599621,599623,2,0
599621,599621,599623,2,0
599621,599622,599623,1,1
599621,599621,599623,2,0
599621,599621,599623,2,0
599621,599621,599623,2,0
599621,599621,599623,2,0
599621,599621,599623,2,0
599621,599621,599623,2,0
599621,599621,599623,2,0
599621,599621,599623,2,0
599621,599621,599623,2,0
599621,599621,599623,2,0
599621,599621,599623,2,0
599621,599621,599623,2,0
599621,599622,599623,1,1
599621,599622,599623,1,1
599621,599621,599623,2,0
599621,599621,599623,2,0
599621,599621,599624,3,0
599621,599621,599624,3,0
599621,599621,599624,3,0
599621,599623,599624,1,2
599621,599621,599623,2,0
599621,599621,599624,3,0
599621,599621,599623,2,0
599621,599622,599624,2,1
599621,599622,599624,2,1
599621,599622,599624,2,1
599621,599623,599624,1,2
599621,599621,599624,3,0
599621,599621,599623,2,0
599621,599621,599624,3,0
599621,599621,599623,2,0
599621,599623,599624,1,2
599621,599622,599624,2,1
599621,599622,599624,2,1
599621,599622,599623,1,1
599621,599622,599624,2,1
599621,599622,599624,2,1
599621,599622,599624,2,1
599621,599623,599624,1,2
599621,599623,599624,1,2
599621,599621,599623,2,0
599621,599621,599624,3,0
599621,599621,599624,3,0
599621,599623,599624,1,2
599621,599621,599624,3,0
599621,599622,599624,2,1
599621,599622,599624,2,1
599621,599621,599624,3,0
599621,599623,599624,1,2
599621,599623,599624,1,2
599621,599623,599624,1,2
599621,599623,599624,1,2
599621,599623,599624,1,2
599621,599623,599625,2,2
599623,599624,599625,1,1
599621,599623,599625,2,2
599623,599624,599625,1,1
599623,599624,599625,1,1
599623,599623,599625,2,0
599623,599624,599625,1,1
599623,599624,599625,1,1
599623,599624,599625,1,1
599623,599624,599625,1,1
599623,599624,599625,1,1
599623,599624,599625,1,1
599623,599624,599625,1,1
599623,599624,599626,2,1
599623,599624,599626,2,1
599623,599624,599626,2,1
599623,599624,599626,2,1
599623,599624,599625,1,1
599623,599624,599625,1,1
599623,599624,599625,1,1
599623,599624,599625,1,1
599623,599624,599625,1,1
599623,599624,599625,1,1
599623,599624,599625,1,1
599623,599624,599626,2,1
599623,599624,599625,1,1
599623,599624,599625,1,1
599623,599624,599625,1,1
599623,599624,599626,2,1
599623,599624,599625,1,1
599623,599624,599625,1,1
599623,599624,599625,1,1
599623,599624,599626,2,1
599623,599624,599626,2,1
599623,599624,599626,2,1
599623,599624,599625,1,1
599623,599624,599625,1,1
599623,599624,599625,1,1
599625,599625,599627,2,0
599625,599625,599627,2,0
599625,599625,599627,2,0
599625,599625,599627,2,0
599625,599626,599627,1,1
599623,599624,599626,2,1
599623,599624,599626,2,1
599623,599624,599626,2,1
599623,599624,599626,2,1
599625,599625,599627,2,0
599625,599625,599627,2,0
599625,599626,599627,1,1
599625,599625,599627,2,0
599625,599625,599627,2,0
599625,599625,599627,2,0
599625,599625,599627,2,0
599625,599626,599628,2,1
599625,599626,599628,2,1
599625,599626,599627,1,1
599625,599626,599627,1,1
599625,599626,599627,1,1
599625,599626,599627,1,1
599625,599626,599627,1,1
599625,599625,599628,3,0
599625,599625,599628,3,0
599625,599625,599628,3,0
599625,599625,599627,2,0
599625,599625,599628,3,0
599625,599625,599628,3,0
599625,599625,599628,3,0
599625,599625,599627,2,0
599625,599625,599627,2,0
599625,599625,599627,2,0
599625,599625,599627,2,0
599625,599625,599628,3,0
599625,599625,599628,3,0
599625,599625,599628,3,0
599625,599625,599628,3,0
599625,599625,599628,3,0
599625,599625,599628,3,0
599625,599626,599628,2,1
599625,599626,599629,3,1
599625,599625,599628,3,0
599625,599626,599628,2,1
599625,599626,599628,2,1
599625,599626,599628,2,1
599625,599626,599628,2,1
599625,599626,599628,2,1
599625,599626,599628,2,1
599625,599626,599628,2,1
599625,599626,599628,2,1
599625,599628,599629,1,3
599625,599628,599629,1,3
599625,599625,599628,3,0
599625,599626,599628,2,1
599625,599626,599628,2,1
599625,599625,599628,3,0
599625,599626,599628,2,1
599625,599626,599629,3,1
599625,599626,599629,3,1
599625,599626,599629,3,1
599625,599626,599629,3,1
599625,599626,599629,3,1
599625,599626,599629,3,1
599625,599627,599629,2,2
599625,599627,599629,2,2
599625,599627,599629,2,2
599625,599628,599629,1,3
599625,599628,599629,1,3
599625,599628,599629,1,3
599625,599628,599629,1,3
599625,599628,599629,1,3
599625,599626,599629,3,1
599625,599626,599629,3,1
599625,599626,599629,3,1
599625,599628,599629,1,3
599625,599628,599629,1,3
599625,599628,599629,1,3
599625,599626,599629,3,1
599625,599626,599629,3,1
599625,599626,599629,3,1
599625,599628,599629,1,3
599625,599628,599629,1,3
599626,599628,599629,1,2
599626,599628,599630,2,2
599626,599628,599630,2,2
599626,599628,599630,2,2
599626,599628,599630,2,2
599626,599628,599630,2,2
599626,599628,599630,2,2
599626,599628,599630,2,2
599626,599629,599630,1,3
599626,599629,599630,1,3
599626,599629,599630,1,3
599626,599629,599630,1,3
599626,599629,599630,1,3
599626,599629,599630,1,3
599626,599629,599630,1,3
599626,599629,599630,1,3
599626,599629,599630,1,3
599626,599629,599631,2,3
599626,599629,599631,2,3
599626,599629,599630,1,3
599626,599629,599630,1,3
599626,599629,599631,2,3
599626,599629,599630,1,3
599626,599629,599630,1,3
599626,599629,599630,1,3
599626,599629,599630,1,3
599626,599629,599630,1,3
599626,599629,599630,1,3
599626,599629,599630,1,3
599626,599629,599630,1,3
599626,599629,599630,1,3
599626,599629,599630,1,3
599627,599629,599630,1,2
599627,599629,599630,1,2
599627,599629,599630,1,2
599626,599629,599631,2,3
599626,599629,599631,2,3
599626,599629,599630,1,3
599626,599629,599631,2,3
599626,599629,599631,2,3
599626,599628,599630,2,2
599627,599630,599631,1,3
599627,599631,599632,1,4
599627,599631,599632,1,4
599627,599631,599632,1,4
599627,599631,599632,1,4
599627,599631,599632,1,4
599626,599629,599631,2,3
599626,599629,599631,2,3
599627,599630,599631,1,3
599627,599630,599631,1,3
599627,599630,599631,1,3
599627,599630,599632,2,3
599627,599630,599632,2,3
599627,599630,599631,1,3
599627,599630,599631,1,3
599627,599630,599632,2,3
599627,599630,599632,2,3
599627,599630,599631,1,3
599627,599630,599632,2,3
599627,599630,599631,1,3
599627,599630,599631,1,3
599627,599630,599631,1,3
599627,599630,599632,2,3
599627,599630,599631,1,3
599627,599630,599631,1,3
599627,599630,599631,1,3
599627,599630,599631,1,3
599627,599630,599631,1,3
599627,599630,599631,1,3
599627,599630,599631,1,3
599628,599631,599632,1,3
599627,599630,599632,2,3
599627,599630,599631,1,3
599627,599630,599631,1,3
599627,599630,599632,2,3
599627,599630,599632,2,3
599628,599631,599632,1,3
599628,599632,599633,1,4
599628,599632,599633,1,4
599628,599632,599633,1,4
599628,599632,599633,1,4
599628,599632,599633,1,4
599628,599632,599633,1,4
599628,599631,599632,1,3
599628,599631,599632,1,3
599628,599631,599632,1,3
599628,599631,599632,1,3
599628,599631,599632,1,3
599628,599631,599632,1,3
599628,599632,599633,1,4
599628,599632,599633,1,4
599628,599631,599633,2,3
599628,599631,599633,2,3
599628,599631,599632,1,3
599628,599631,599633,2,3
599628,599631,599632,1,3
599628,599631,599633,2,3
599628,599631,599633,2,3
599628,599631,599632,1,3
599628,599632,599633,1,4
599627,599630,599632,2,3
599627,599630,599632,2,3
599627,599630,599632,2,3
599628,599631,599632,1,3
599628,599631,599632,1,3
599628,599631,599632,1,3
599628,599631,599632,1,3
599628,599631,599633,2,3
599628,599631,599632,1,3
599628,599631,599632,1,3
599628,599631,599632,1,3
599628,599631,599633,2,3
599628,599631,599633,2,3
599628,599631,599633,2,3
599628,599631,599633,2,3
599628,599631,599632,1,3
599628,599631,599632,1,3
599628,599632,599633,1,4
599490,599490,599642,152,0
599042,599042,599645,603,0
599653,599654,599656,2,1
599653,599654,599656,2,1
599653,599654,599656,2,1
599653,599653,599656,3,0
599653,599653,599656,3,0
599653,599653,599656,3,0
599653,599653,599656,3,0
599653,599654,599656,2,1
599653,599653,599656,3,0
599653,599653,599656,3,0
599653,599653,599656,3,0
599653,599654,599656,2,1
599653,599654,599656,2,1
599653,599654,599656,2,1
599653,599653,599656,3,0
599653,599654,599656,2,1
599653,599654,599656,2,1
599653,599654,599656,2,1
599653,599654,599656,2,1
599653,599654,599657,3,1
599653,599654,599656,2,1
599653,599654,599657,3,1
599653,599654,599656,2,1
599653,599654,599657,3,1
599653,599654,599656,2,1
599653,599654,599656,2,1
599653,599654,599656,2,1
599653,599654,599656,2,1
599653,599654,599656,2,1
599653,599654,599656,2,1
599653,599654,599656,2,1
599653,599654,599656,2,1
599653,599654,599656,2,1
599653,599654,599656,2,1
599653,599656,599657,1,3
599653,599656,599657,1,3
599653,599653,599656,3,0
599653,599654,599657,3,1
599653,599654,599656,2,1
599653,599654,599657,3,1
599653,599654,599657,3,1
599653,599654,599656,2,1
599653,599656,599657,1,3
599653,599653,599656,3,0
599653,599654,599656,2,1
599653,599654,599656,2,1
599653,599654,599657,3,1
599653,599654,599657,3,1
599653,599656,599657,1,3
599653,599654,599657,3,1
599653,599654,599657,3,1
599653,599654,599657,3,1
599653,599654,599657,3,1
599653,599654,599657,3,1
599653,599654,599657,3,1
599653,599654,599657,3,1
599653,599654,599657,3,1
599653,599654,599657,3,1
599653,599654,599657,3,1
599653,599654,599657,3,1
599653,599654,599657,3,1
599653,599656,599657,1,3
599653,599656,599658,2,3
599653,599653,599659,6,0
599653,599657,599659,2,4
599653,599657,599659,2,4
599653,599657,599659,2,4
599654,599657,599659,2,3
599653,599654,599658,4,1
599653,599654,599658,4,1
599654,599657,599659,2,3
599654,599657,599659,2,3
599654,599657,599659,2,3
599653,599654,599659,5,1
599653,599654,599659,5,1
599653,599654,599659,5,1
599653,599654,599658,4,1
599653,599654,599658,4,1
599654,599657,599659,2,3
599654,599657,599659,2,3
599654,599657,599659,2,3
599654,599657,599659,2,3
599653,599656,599659,3,3
599653,599656,599659,3,3
599654,599657,599659,2,3
599654,599657,599659,2,3
599653,599653,599659,6,0
599653,599654,599659,5,1
599653,599654,599659,5,1
599653,599654,599659,5,1
599654,599657,599659,2,3
599654,599657,599659,2,3
599654,599657,599659,2,3
599654,599657,599660,3,3
599654,599657,599659,2,3
599654,599657,599660,3,3
599654,599657,599660,3,3
599654,599658,599660,2,4
599654,599658,599660,2,4
599654,599658,599660,2,4
599654,599658,599660,2,4
599654,599658,599659,1,4
599654,599658,599659,1,4
599654,599658,599660,2,4
599654,599658,599659,1,4
599654,599658,599659,1,4
599654,599658,599659,1,4
599654,599657,599659,2,3
599654,599657,599659,2,3
599654,599657,599659,2,3
599654,599657,599659,2,3
599654,599657,599659,2,3
599654,599657,599659,2,3
599654,599657,599659,2,3
599654,599657,599660,3,3
599654,599657,599660,3,3
599654,599657,599659,2,3
599654,599657,599660,3,3
599654,599657,599659,2,3
599654,599657,599660,3,3
599654,599658,599661,3,4
599654,599659,599661,2,5
599654,599659,599661,2,5
599654,599659,599661,2,5
599654,599658,599661,3,4
599654,599659,599661,2,5
599654,599659,599661,2,5
599654,599659,599661,2,5
599654,599658,599661,3,4
599654,599657,599661,4,3
599654,599657,599661,4,3
599654,599657,599661,4,3
599654,599657,599661,4,3
599654,599657,599661,4,3
599654,599659,599661,2,5
599654,599657,599661,4,3
599654,599657,599661,4,3
599654,599657,599661,4,3
599654,599660,599661,1,6
599654,599659,599662,3,5
599654,599660,599662,2,6
599654,599660,599662,2,6
599654,599660,599662,2,6
599654,599659,599662,3,5
599654,599659,599661,2,5
599654,599659,599661,2,5
599654,599659,599662,3,5
599654,599659,599661,2,5
599654,599659,599661,2,5
599654,599659,599662,3,5
599654,599659,599661,2,5
599654,599659,599662,3,5
599654,599659,599661,2,5
599654,599659,599661,2,5
599654,599659,599661,2,5
599654,599660,599662,2,6
599654,599660,599662,2,6
599654,599660,599662,2,6
599654,599660,599662,2,6
599654,599660,599662,2,6
599654,599660,599662,2,6
599654,599660,599662,2,6
599654,599658,599661,3,4
599654,599659,599662,3,5
599654,599659,599662,3,5
599654,599659,599662,3,5
599654,599660,599663,3,6
599654,599660,599663,3,6
599654,599660,599662,2,6
599654,599660,599662,2,6
599654,599660,599663,3,6
599654,599660,599663,3,6
599654,599660,599662,2,6
599654,599660,599662,2,6
599654,599661,599663,2,7
599654,599661,599663,2,7
599654,599661,599663,2,7
599654,599660,599663,3,6
599654,599661,599663,2,7
599654,599661,599663,2,7
599654,599661,599663,2,7
599654,599661,599663,2,7
599654,599661,599663,2,7
599654,599660,599664,4,6
599654,599662,599663,1,8
599654,599662,599664,2,8
599654,599660,599664,4,6
599654,599660,599664,4,6
599654,599660,599664,4,6
599654,599660,599664,4,6
599654,599660,599664,4,6
599654,599660,599664,4,6
599654,599660,599664,4,6
599654,599661,599664,3,7
599654,599661,599663,2,7
599654,599660,599664,4,6
599654,599660,599664,4,6
599654,599661,599663,2,7
599654,599662,599664,2,8
599654,599661,599664,3,7
599654,599662,599664,2,8
599654,599660,599664,4,6
599654,599662,599664,2,8
599654,599663,599664,1,9
599654,599660,599664,4,6
599654,599660,599664,4,6
599654,599660,599664,4,6
599654,599663,599664,1,9
599654,599663,599664,1,9
599654,599661,599664,3,7
599654,599662,599665,3,8
599654,599662,599665,3,8
599654,599662,599665,3,8
599654,599662,599665,3,8
599654,599663,599665,2,9
599654,599663,599665,2,9
599654,599663,599665,2,9
599654,599663,599665,2,9
599654,599662,599665,3,8
599654,599662,599665,3,8
599654,599662,599665,3,8
599654,599663,599665,2,9
599655,599663,599665,2,8
599655,599663,599665,2,8
599654,599662,599665,3,8
599654,599662,599665,3,8
599654,599662,599665,3,8
599654,599662,599665,3,8
599654,599662,599665,3,8
599654,599662,599665,3,8
599655,599663,599665,2,8
599655,599663,599665,2,8
599655,599663,599665,2,8
599655,599664,599666,2,9
599654,599662,599665,3,8
599654,599663,599665,2,9
599654,599663,599665,2,9
599654,599663,599665,2,9
599654,599663,599665,2,9
599654,599663,599665,2,9
599654,599663,599665,2,9
599655,599664,599665,1,9
599655,599664,599665,1,9
599655,599664,599665,1,9
599655,599664,599666,2,9
599655,599664,599666,2,9
599655,599665,599666,1,10
599655,599665,599666,1,10
599654,599663,599665,2,9
599655,599664,599666,2,9
599655,599664,599665,1,9
599655,599665,599666,1,10
599654,599662,599665,3,8
599655,599664,599665,1,9
599654,599662,599665,3,8
599654,599662,599666,4,8
599654,599662,599666,4,8
599655,599663,599665,2,8
599655,599665,599666,1,10
599655,599665,599666,1,10
599655,599664,599666,2,9
599655,599664,599666,2,9
599655,599664,599666,2,9
599655,599664,599666,2,9
599655,599665,599666,1,10
599655,599665,599666,1,10
599655,599665,599666,1,10
599655,599665,599666,1,10
599655,599665,599666,1,10
599655,599665,599666,1,10
599655,599665,599666,1,10
599655,599665,599666,1,10
599655,599665,599666,1,10
599655,599665,599666,1,10
599655,599664,599666,2,9
599655,599665,599666,1,10
599655,599665,599666,1,10
599655,599665,599666,1,10
599655,599665,599666,1,10
599655,599665,599666,1,10
599672,599672,599674,2,0
599672,599672,599675,3,0
599672,599672,599675,3,0
599672,599672,599675,3,0
599672,599672,599675,3,0
599672,599672,599675,3,0
599672,599672,599674,2,0
599672,599672,599675,3,0
599672,599672,599675,3,0
599672,599672,599675,3,0
599672,599672,599675,3,0
599672,599672,599675,3,0
599672,599672,599675,3,0
599672,599672,599675,3,0
599672,599672,599675,3,0
599672,599672,599675,3,0
599672,599672,599675,3,0
599672,599672,599675,3,0
599672,599672,599675,3,0
599672,599672,599675,3,0
599672,599672,599675,3,0
599672,599672,599675,3,0
599672,599672,599675,3,0
599672,599672,599675,3,0
599672,599672,599675,3,0
599672,599672,599675,3,0
599672,599672,599675,3,0
599672,599672,599674,2,0
599672,599672,599675,3,0
599672,599672,599675,3,0
599672,599672,599675,3,0
599672,599672,599675,3,0
599672,599672,599675,3,0
599672,599672,599675,3,0
599672,599672,599675,3,0
599672,599672,599676,4,0
599672,599672,599675,3,0
599672,599672,599675,3,0
599672,599672,599675,3,0
599672,599672,599675,3,0
599672,599672,599676,4,0
599672,599672,599675,3,0
599672,599672,599676,4,0
599672,599672,599675,3,0
599672,599672,599675,3,0
599672,599672,599676,4,0
599672,599672,599675,3,0
599672,599672,599675,3,0
599672,599672,599676,4,0
599672,599672,599675,3,0
599672,599672,599676,4,0
599672,599672,599676,4,0
599672,599672,599675,3,0
599672,599672,599676,4,0
599672,599674,599675,1,2
599672,599675,599677,2,3
599672,599675,599677,2,3
599672,599675,599677,2,3
599672,599675,599677,2,3
599672,599675,599677,2,3
599672,599675,599677,2,3
599672,599675,599677,2,3
599672,599675,599677,2,3
599672,599675,599677,2,3
599672,599672,599676,4,0
599672,599675,599677,2,3
599672,599675,599677,2,3
599672,599675,599677,2,3
599672,599675,599677,2,3
599672,599675,599677,2,3
599672,599675,599678,3,3
599672,599676,599678,2,4
599672,599675,599677,2,3
599672,599676,599678,2,4
599672,599676,599678,2,4
599672,599676,599678,2,4
599672,599675,599677,2,3
599672,599675,599678,3,3
599672,599675,599678,3,3
599672,599675,599677,2,3
599672,599675,599678,3,3
599672,599675,599678,3,3
599672,599675,599678,3,3
599672,599676,599678,2,4
599672,599675,599678,3,3
599672,599675,599678,3,3
599672,599675,599678,3,3
599672,599676,599678,2,4
599672,599676,599678,2,4
599672,599675,599677,2,3
599672,599675,599678,3,3
599672,599675,599678,3,3
599672,599676,599678,2,4
599672,599675,599678,3,3
599672,599675,599678,3,3
599672,599676,599678,2,4
599672,599676,599678,2,4
599672,599676,599678,2,4
599672,599676,599678,2,4
599672,599676,599678,2,4
599549,599549,599678,129,0
599672,599675,599678,3,3
599672,599675,599678,3,3
599672,599675,599677,2,3
599672,599676,599678,2,4
599672,599676,599678,2,4
599672,599676,599678,2,4
599672,599676,599678,2,4
599672,599680,599681,1,8
599672,599680,599682,2,8
599672,599680,599682,2,8
599672,599680,599682,2,8
599672,599680,599681,1,8
599672,599680,599681,1,8
599672,599672,599682,10,0
599672,599672,599682,10,0
599672,599672,599682,10,0
599672,599672,599682,10,0
599672,599672,599682,10,0
599672,599672,599684,12,0
599682,599682,599685,3,0
599682,599682,599685,3,0
599682,599682,599685,3,0
599682,599682,599685,3,0
599683,599683,599685,2,0
599683,599683,599685,2,0
599682,599682,599684,2,0
599682,599682,599685,3,0
599683,599683,599685,2,0
599683,599683,599685,2,0
599683,599683,599685,2,0
599683,599683,599685,2,0
599683,599683,599685,2,0
599683,599683,599685,2,0
599682,599682,599685,3,0
599682,599682,599685,3,0
599682,599682,599685,3,0
599682,599682,599685,3,0
599682,599682,599685,3,0
599682,599682,599685,3,0
599682,599682,599685,3,0
599682,599682,599685,3,0
599682,599682,599685,3,0
599682,599682,599685,3,0
599682,599682,599685,3,0
599682,599682,599685,3,0
599682,599682,599685,3,0
599682,599682,599685,3,0
599682,599682,599685,3,0
599682,599682,599685,3,0
599672,599672,599685,13,0
599682,599682,599685,3,0
599682,599682,599685,3,0
599682,599683,599685,2,1
599683,599683,599685,2,0
599683,599683,599685,2,0
599683,599683,599689,6,0
599683,599683,599689,6,0
599683,599683,599689,6,0
599683,599683,599689,6,0
599683,599683,599689,6,0
599683,599685,599689,4,2
599683,599683,599689,6,0
599683,599683,599689,6,0
599683,599683,599689,6,0
599683,599685,599689,4,2
599683,599685,599689,4,2
599683,599685,599689,4,2
599683,599685,599689,4,2
599683,599685,599689,4,2
599683,599685,599689,4,2
599683,599685,599689,4,2
599683,599685,599689,4,2
599683,599685,599689,4,2
599683,599685,599689,4,2
599682,599682,599689,7,0
599682,599682,599689,7,0
599682,599682,599689,7,0
599682,599682,599689,7,0
599682,599682,599689,7,0
599682,599682,599689,7,0
599682,599682,599689,7,0
599682,599682,599689,7,0
599682,599682,599689,7,0
599682,599683,599689,6,1
599682,599683,599689,6,1
599682,599682,599689,7,0
599682,599682,599689,7,0
599683,599683,599689,6,0
599683,599684,599689,5,1
599683,599684,599689,5,1
599683,599685,599689,4,2
599683,599685,599690,5,2
599683,599685,599690,5,2
599682,599682,599697,15,0
599682,599682,599697,15,0
599683,599683,599697,14,0
599696,599696,599698,2,0
599696,599696,599698,2,0
599696,599696,599698,2,0
599683,599683,599697,14,0
599683,599683,599697,14,0
599683,599683,599698,15,0
599683,599683,599697,14,0
599696,599696,599698,2,0
599696,599696,599698,2,0
599696,599696,599698,2,0
599696,599696,599699,3,0
599696,599696,599699,3,0
599696,599696,599698,2,0
599696,599696,599698,2,0
599696,599696,599699,3,0
599696,599696,599698,2,0
599696,599696,599699,3,0
599696,599696,599699,3,0
599696,599696,599699,3,0
599696,599696,599698,2,0
599696,599696,599698,2,0
599696,599696,599699,3,0
599696,599696,599699,3,0
599696,599696,599699,3,0
599696,599696,599699,3,0
599696,599696,599699,3,0
599696,599696,599699,3,0
599696,599696,599699,3,0
599696,599696,599698,2,0
599696,599696,599698,2,0
599696,599696,599699,3,0
599696,599696,599699,3,0
599696,599696,599699,3,0
599696,599696,599700,4,0
599696,599696,599699,3,0
599696,599696,599699,3,0
599696,599696,599699,3,0
599696,599696,599699,3,0
599696,599696,599699,3,0
599696,599696,599700,4,0
599696,599696,599704,8,0
599696,599696,599704,8,0
599696,599696,599704,8,0
599696,599696,599705,9,0
599592,599595,599717,122,3
599723,599723,599724,1,0
599723,599723,599725,2,0
599723,599723,599724,1,0
599723,599723,599725,2,0
599723,599723,599725,2,0
599723,599723,599725,2,0
599723,599723,599725,2,0
599723,599723,599725,2,0
599723,599723,599724,1,0
599723,599723,599725,2,0
599723,599723,599725,2,0
599723,599723,599725,2,0
599723,599723,599725,2,0
599723,599723,599725,2,0
599723,599723,599725,2,0
599723,599723,599724,1,0
599723,599723,599725,2,0
599723,599723,599725,2,0
599723,599723,599725,2,0
599723,599723,599725,2,0
599723,599723,599725,2,0
599723,599723,599725,2,0
599723,599723,599724,1,0
599723,599723,599724,1,0
599723,599723,599725,2,0
599723,599723,599725,2,0
599723,599723,599725,2,0
599723,599723,599725,2,0
599723,599723,599725,2,0
599723,599723,599725,2,0
599723,599723,599724,1,0
599723,599723,599725,2,0
599723,599723,599725,2,0
599723,599723,599725,2,0
599723,599723,599725,2,0
599723,599723,599725,2,0
599723,599723,599725,2,0
599723,599723,599725,2,0
599723,599723,599725,2,0
599723,599723,599725,2,0
599095,599095,599736,641,0
599100,599100,599737,637,0
599738,599738,599740,2,0
599738,599739,599740,1,1
599738,599738,599740,2,0
599738,599738,599740,2,0
599738,599738,599740,2,0
599738,599738,599740,2,0
599738,599739,599740,1,1
599738,599738,599740,2,0
599738,599738,599740,2,0
599738,599738,599740,2,0
599738,599738,599740,2,0
599738,599739,599740,1,1
599738,599739,599741,2,1
599738,599739,599740,1,1
599740,599740,599741,1,0
599738,599738,599741,3,0
599738,599738,599741,3,0
599738,599738,599741,3,0
599740,599741,599742,1,1
599738,599738,599741,3,0
599738,599739,599741,2,1
599738,599738,599741,3,0
599738,599738,599741,3,0
599738,599738,599741,3,0
599738,599738,599741,3,0
599738,599738,599741,3,0
599740,599741,599742,1,1
599740,599740,599742,2,0
599740,599740,599742,2,0
599740,599740,599742,2,0
599740,599740,599742,2,0
599740,599740,599742,2,0
599740,599740,599742,2,0
599740,599740,599742,2,0
599740,599740,599742,2,0
599740,599740,599742,2,0
599740,599740,599742,2,0
599740,599741,599742,1,1
599740,599741,599742,1,1
599738,599738,599742,4,0
599738,599738,599742,4,0
599738,599738,599742,4,0
599738,599739,599742,3,1
599738,599739,599742,3,1
599738,599739,599742,3,1
599740,599741,599742,1,1
599740,599741,599742,1,1
599740,599741,599742,1,1
599740,599741,599742,1,1
599740,599741,599742,1,1
599740,599741,599742,1,1
599740,599741,599742,1,1
599740,599741,599742,1,1
599740,599741,599742,1,1
599740,599741,599742,1,1
599740,599740,599743,3,0
599740,599740,599743,3,0
599740,599740,599743,3,0
599740,599741,599743,2,1
599738,599742,599743,1,4
599738,599742,599743,1,4
599740,599742,599744,2,2
599740,599742,599744,2,2
599740,599742,599744,2,2
599740,599742,599744,2,2
599740,599742,599745,3,2
599738,599738,599753,15,0
599738,599738,599753,15,0
599740,599740,599753,13,0
599740,599740,599753,13,0
599740,599740,599753,13,0
599740,599740,599754,14,0
599740,599740,599753,13,0
599740,599742,599767,25,2
599122,599122,599771,649,0
599118,599118,599772,654,0
599091,599091,599773,682,0
599112,599112,599773,661,0
599629,599632,599774,142,3
599107,599107,599774,667,0
599115,599115,599774,659,0
599738,599738,599778,40,0
599738,599738,599779,41,0
599738,599738,599779,41,0
599738,599738,599779,41,0
599738,599739,599779,40,1
599738,599739,599779,40,1
599779,599779,599781,2,0
599779,599779,599781,2,0
599779,599779,599781,2,0
599779,599779,599781,2,0
599780,599780,599781,1,0
599779,599779,599781,2,0
599779,599779,599781,2,0
599779,599779,599781,2,0
599779,599779,599781,2,0
599779,599779,599781,2,0
599779,599779,599781,2,0
599779,599779,599781,2,0
599780,599780,599782,2,0
599780,599780,599782,2,0
599780,599780,599782,2,0
599780,599780,599782,2,0
599780,599780,599782,2,0
599780,599780,599782,2,0
599780,599780,599782,2,0
599780,599780,599781,1,0
599779,599779,599781,2,0
599779,599779,599782,3,0
599779,599779,599782,3,0
599779,599779,599781,2,0
599780,599780,599782,2,0
599780,599780,599782,2,0
599779,599779,599781,2,0
599780,599780,599781,1,0
599780,599780,599782,2,0
599780,599780,599782,2,0
599779,599779,599781,2,0
599780,599780,599782,2,0
599780,599780,599782,2,0
599780,599780,599782,2,0
599780,599780,599781,1,0
599780,599780,599782,2,0
599780,599781,599782,1,1
599779,599779,599782,3,0
599779,599779,599781,2,0
599779,599779,599782,3,0
599779,599779,599781,2,0
599779,599779,599782,3,0
599779,599779,599782,3,0
599780,599781,599782,1,1
599780,599781,599783,2,1
599780,599781,599783,2,1
599780,599781,599783,2,1
599780,599781,599783,2,1
599780,599781,599783,2,1
599780,599781,599783,2,1
599780,599781,599782,1,1
599780,599781,599783,2,1
599780,599781,599783,2,1
599780,599781,599782,1,1
599780,599782,599784,2,2
599780,599782,599783,1,2
599780,599782,599784,2,2
599779,599783,599784,1,4
599780,599782,599784,2,2
599781,599782,599784,2,1
599781,599783,599784,1,2
599780,599782,599784,2,2
599780,599782,599784,2,2
599781,599783,599784,1,2
599781,599783,599784,1,2
599781,599782,599784,2,1
599781,599782,599784,2,1
599781,599782,599784,2,1
599781,599783,599784,1,2
599781,599783,599784,1,2
599781,599783,599784,1,2
599781,599783,599784,1,2
599781,599783,599784,1,2
599781,599783,599784,1,2
599781,599784,599785,1,3
599781,599783,599785,2,2
599781,599783,599785,2,2
599780,599782,599784,2,2
599780,599782,599784,2,2
599780,599783,599784,1,3
599781,599783,599785,2,2
599781,599783,599785,2,2
599781,599783,599785,2,2
599781,599784,599785,1,3
599779,599783,599785,2,4
599779,599783,599785,2,4
599779,599783,599785,2,4
599779,599783,599785,2,4
599779,599783,599785,2,4
599781,599784,599785,1,3
599781,599784,599785,1,3
599781,599784,599785,1,3
599781,599784,599785,1,3
599781,599784,599785,1,3
599781,599784,599785,1,3
599782,599785,599786,1,3
599781,599783,599785,2,2
599781,599784,599785,1,3
599781,599784,599785,1,3
599781,599784,599785,1,3
599781,599785,599786,1,4
599781,599784,599785,1,3
599781,599784,599785,1,3
599781,599784,599785,1,3
599781,599785,599786,1,4
599781,599783,599785,2,2
599781,599783,599785,2,2
599781,599783,599785,2,2
599781,599783,599785,2,2
599782,599785,599786,1,3
599782,599785,599786,1,3
599782,599785,599787,2,3
599782,599785,599787,2,3
599782,599785,599787,2,3
599782,599785,599787,2,3
599782,599785,599787,2,3
599781,599785,599786,1,4
599782,599785,599786,1,3
599782,599785,599786,1,3
599782,599786,599787,1,4
599782,599785,599786,1,3
599782,599785,599786,1,3
599782,599785,599786,1,3
599782,599786,599787,1,4
599782,599785,599786,1,3
599782,599785,599787,2,3
599782,599785,599787,2,3
599782,599785,599786,1,3
599782,599785,599787,2,3
599782,599785,599786,1,3
599782,599785,599787,2,3
599782,599785,599787,2,3
599782,599786,599787,1,4
599782,599786,599787,1,4
599782,599786,599787,1,4
599782,599786,599787,1,4
599782,599786,599787,1,4
599782,599786,599787,1,4
599782,599785,599787,2,3
599782,599786,599787,1,4
599782,599786,599787,1,4
599782,599785,599787,2,3
599782,599786,599787,1,4
599782,599786,599787,1,4
599782,599786,599787,1,4
599782,599786,599787,1,4
599782,599786,599788,2,4
599782,599786,599788,2,4
599782,599786,599788,2,4
599779,599789,599791,2,10
599779,599789,599791,2,10
599779,599789,599791,2,10
599779,599789,599791,2,10
599779,599789,599791,2,10
599779,599789,599791,2,10
599779,599789,599791,2,10
599683,599685,599798,113,2
599673,599676,599810,134,3
599697,599697,599811,114,0
599779,599779,599819,40,0
599825,599826,599827,1,1
599825,599826,599827,1,1
599825,599826,599827,1,1
599825,599826,599827,1,1
599825,599826,599827,1,1
599825,599826,599827,1,1
599825,599826,599827,1,1
599825,599826,599828,2,1
599825,599826,599828,2,1
599825,599826,599828,2,1
599825,599826,599827,1,1
599825,599826,599828,2,1
599825,599826,599828,2,1
599825,599826,599827,1,1
599825,599826,599827,1,1
599825,599826,599827,1,1
599825,599826,599827,1,1
599825,599826,599827,1,1
599826,599826,599827,1,0
599826,599826,599827,1,0
599826,599826,599828,2,0
599825,599826,599827,1,1
599825,599826,599827,1,1
599825,599826,599827,1,1
599825,599826,599827,1,1
599826,599826,599827,1,0
599826,599826,599828,2,0
599826,599826,599828,2,0
599826,599826,599827,1,0
599826,599826,599827,1,0
599826,599826,599828,2,0
599826,599826,599827,1,0
599826,599826,599827,1,0
599826,599826,599827,1,0
599826,599826,599827,1,0
599825,599826,599828,2,1
599825,599826,599827,1,1
599825,599826,599828,2,1
599825,599826,599828,2,1
599825,599826,599828,2,1
599826,599826,599828,2,0
599825,599826,599828,2,1
599825,599826,599828,2,1
599825,599826,599828,2,1
599825,599826,599828,2,1
599825,599826,599828,2,1
599826,599826,599828,2,0
599826,599827,599828,1,1
599826,599827,599828,1,1
599825,599826,599828,2,1
599825,599826,599828,2,1
599825,599826,599828,2,1
599826,599828,599829,1,2
599826,599828,599829,1,2
599826,599828,599829,1,2
599826,599828,599829,1,2
599826,599828,599829,1,2
599826,599828,599830,2,2
599826,599828,599830,2,2
599826,599828,599830,2,2
599826,599828,599830,2,2
599826,599828,599829,1,2
599826,599828,599829,1,2
599826,599828,599830,2,2
599826,599828,599830,2,2
599826,599828,599829,1,2
599826,599828,599830,2,2
599826,599828,599830,2,2
599826,599828,599829,1,2
599826,599828,599830,2,2
599826,599828,599830,2,2
599826,599828,599830,2,2
599829,599829,599830,1,0
599829,599829,599830,1,0
599829,599829,599830,1,0
599829,599829,599830,1,0
599829,599829,599831,2,0
599829,599829,599830,1,0
599829,599829,599831,2,0
599829,599829,599831,2,0
599829,599829,599830,1,0
599829,599829,599830,1,0
599829,599829,599830,1,0
599829,599829,599831,2,0
599829,599829,599830,1,0
599829,599829,599831,2,0
599829,599829,599830,1,0
599829,599829,599831,2,0
599829,599829,599831,2,0
599829,599829,599831,2,0
599829,599829,599831,2,0
599829,599830,599831,1,1
599829,599829,599831,2,0
599829,599829,599830,1,0
599829,599829,599831,2,0
599829,599829,599831,2,0
599829,599829,599831,2,0
599829,599829,599831,2,0
599829,599829,599831,2,0
599829,599829,599831,2,0
599829,599829,599831,2,0
599829,599829,599831,2,0
599829,599829,599831,2,0
599829,599829,599831,2,0
599829,599830,599831,1,1
599829,599830,599831,1,1
599829,599830,599831,1,1
599829,599830,599831,1,1
599825,599830,599831,1,5
599825,599830,599831,1,5
599825,599830,599832,2,5
599825,599830,599831,1,5
599826,599830,599831,1,4
599826,599830,599831,1,4
599826,599830,599832,2,4
599829,599830,599831,1,1
599829,599830,599831,1,1
599829,599830,599831,1,1
599829,599829,599831,2,0
599829,599830,599831,1,1
599829,599830,599831,1,1
599829,599830,599831,1,1
599829,599830,599831,1,1
599829,599830,599831,1,1
599829,599830,599831,1,1
599829,599830,599831,1,1
599829,599830,599832,2,1
599829,599830,599832,2,1
599829,599830,599832,2,1
599829,599830,599832,2,1
599829,599831,599833,2,2
599829,599831,599833,2,2
599829,599831,599833,2,2
599829,599831,599832,1,2
599829,599831,599832,1,2
599829,599831,599833,2,2
599829,599831,599832,1,2
599829,599831,599833,2,2
599829,599831,599833,2,2
599829,599831,599833,2,2
599829,599831,599832,1,2
599829,599831,599833,2,2
599829,599831,599833,2,2
599829,599831,599833,2,2
599829,599831,599833,2,2
599829,599831,599833,2,2
599829,599831,599833,2,2
599829,599831,599833,2,2
599829,599831,599833,2,2
599829,599831,599833,2,2
599829,599831,599832,1,2
599829,599831,599833,2,2
599829,599831,599833,2,2
599829,599831,599833,2,2
599829,599831,599833,2,2
599829,599831,599833,2,2
599829,599831,599832,1,2
599829,599831,599832,1,2
599829,599831,599832,1,2
599655,599665,599847,182,10
599846,599846,599848,2,0
599846,599846,599848,2,0
599846,599846,599848,2,0
599846,599846,599848,2,0
599846,599846,599848,2,0
599846,599846,599848,2,0
599846,599846,599848,2,0
599846,599846,599848,2,0
599846,599846,599848,2,0
599846,599846,599848,2,0
599846,599846,599848,2,0
599846,599846,599848,2,0
599846,599846,599848,2,0
599846,599846,599848,2,0
599846,599846,599848,2,0
599846,599846,599848,2,0
599846,599846,599848,2,0
599846,599846,599848,2,0
599846,599846,599848,2,0
599846,599846,599848,2,0
599846,599846,599848,2,0
599846,599846,599848,2,0
599846,599846,599848,2,0
599846,599846,599848,2,0
599846,599846,599848,2,0
599846,599846,599848,2,0
599846,599846,599848,2,0
599846,599846,599848,2,0
599846,599846,599848,2,0
599846,599846,599848,2,0
599846,599846,599848,2,0
599846,599846,599848,2,0
599846,599846,599848,2,0
599846,599846,599848,2,0
599846,599846,599848,2,0
599846,599846,599848,2,0
599846,599846,599848,2,0
599846,599846,599848,2,0
599846,599846,599848,2,0
599846,599846,599849,3,0
599846,599846,599849,3,0
599846,599847,599849,2,1
599846,599846,599849,3,0
599846,599846,599849,3,0
599846,599846,599849,3,0
599846,599847,599849,2,1
599846,599847,599849,2,1
599846,599846,599849,3,0
599846,599846,599849,3,0
599846,599846,599849,3,0
599846,599846,599849,3,0
599846,599848,599850,2,2
599846,599849,599850,1,3
599846,599849,599850,1,3
599846,599849,599850,1,3
599846,599849,599850,1,3
599846,599849,599850,1,3
599846,599849,599850,1,3
599846,599849,599850,1,3
599846,599849,599850,1,3
599846,599849,599850,1,3
599846,599849,599850,1,3
599846,599849,599850,1,3
599846,599849,599850,1,3
599846,599849,599850,1,3
599846,599849,599850,1,3
599846,599849,599850,1,3
599846,599849,599850,1,3
599846,599849,599850,1,3
599846,599849,599850,1,3
599846,599849,599850,1,3
599846,599849,599850,1,3
599846,599849,599850,1,3
599846,599849,599850,1,3
599846,599846,599851,5,0
599846,599846,599851,5,0
599846,599846,599850,4,0
599846,599846,599851,5,0
599846,599846,599851,5,0
599846,599846,599851,5,0
599779,599780,599851,71,1
599779,599780,599851,71,1
599850,599850,599851,1,0
599850,599850,599852,2,0
599850,599850,599852,2,0
599850,599850,599851,1,0
599850,599850,599852,2,0
599850,599850,599851,1,0
599850,599850,599851,1,0
599850,599850,599851,1,0
599850,599850,599851,1,0
599850,599850,599852,2,0
599850,599850,599852,2,0
599850,599850,599851,1,0
599850,599850,599852,2,0
599850,599850,599852,2,0
599850,599850,599852,2,0
599850,599850,599852,2,0
599850,599850,599852,2,0
599850,599850,599852,2,0
599850,599850,599852,2,0
599850,599850,599852,2,0
599850,599850,599852,2,0
599850,599850,599851,1,0
599850,599850,599851,1,0
599850,599851,599852,1,1
599850,599850,599851,1,0
599850,599850,599851,1,0
599850,599851,599852,1,1
599850,599851,599852,1,1
599779,599779,599852,73,0
599850,599850,599852,2,0
599850,599850,599852,2,0
599850,599851,599852,1,1
599850,599851,599852,1,1
599850,599851,599852,1,1
599850,599851,599852,1,1
599850,599851,599852,1,1
599850,599850,599856,6,0
599850,599851,599856,5,1
599850,599851,599856,5,1
599850,599851,599857,6,1
599850,599851,599857,6,1
599825,599826,599859,33,1
599732,599732,599865,133,0
599739,599740,599864,124,1
599868,599868,599869,1,0
599868,599868,599869,1,0
599868,599868,599870,2,0
599868,599868,599870,2,0
599868,599868,599870,2,0
599868,599868,599869,1,0
599868,599868,599870,2,0
599868,599868,599870,2,0
599868,599868,599870,2,0
599868,599868,599870,2,0
599868,599869,599870,1,1
599868,599868,599870,2,0
599868,599868,599870,2,0
599868,599868,599870,2,0
599868,599869,599870,1,1
599868,599870,599871,1,2
599868,599868,599870,2,0
599868,599868,599870,2,0
599868,599868,599870,2,0
599868,599868,599870,2,0
599868,599869,599870,1,1
599868,599869,599870,1,1
599868,599869,599870,1,1
599868,599869,599870,1,1
599868,599869,599870,1,1
599868,599869,599870,1,1
599868,599869,599870,1,1
599868,599869,599870,1,1
599868,599869,599870,1,1
599868,599868,599870,2,0
599868,599868,599870,2,0
599868,599868,599870,2,0
599868,599868,599870,2,0
599868,599869,599870,1,1
599868,599869,599870,1,1
599868,599869,599870,1,1
599868,599870,599871,1,2
599868,599868,599870,2,0
599868,599868,599870,2,0
599868,599868,599870,2,0
599868,599868,599870,2,0
599868,599869,599870,1,1
599868,599869,599870,1,1
599868,599870,599871,1,2
599868,599870,599871,1,2
599868,599868,599870,2,0
599868,599868,599870,2,0
599868,599868,599870,2,0
599868,599868,599870,2,0
599868,599869,599870,1,1
599868,599869,599871,2,1
599868,599868,599871,3,0
599868,599868,599871,3,0
599868,599868,599871,3,0
599868,599869,599871,2,1
599868,599870,599871,1,2
599868,599870,599871,1,2
599868,599871,599872,1,3
599868,599870,599871,1,2
599868,599868,599871,3,0
599868,599869,599871,2,1
599868,599869,599871,2,1
599868,599868,599872,4,0
599868,599871,599872,1,3
599868,599871,599872,1,3
599868,599871,599872,1,3
599868,599871,599872,1,3
599868,599871,599872,1,3
599868,599871,599872,1,3
599868,599871,599872,1,3
599868,599871,599872,1,3
599868,599871,599872,1,3
599868,599871,599872,1,3
599868,599871,599872,1,3
599723,599724,599877,153,1
599742,599742,599878,136,0
599868,599878,599881,3,10
599868,599878,599881,3,10
599868,599878,599881,3,10
599868,599878,599881,3,10
599868,599878,599881,3,10
599868,599878,599881,3,10
599738,599738,599883,145,0
599893,599893,599895,2,0
599893,599893,599894,1,0
599893,599893,599894,1,0
599893,599893,599895,2,0
599893,599893,599895,2,0
599893,599893,599895,2,0
599893,599893,599895,2,0
599893,599893,599894,1,0
599893,599893,599894,1,0
599893,599893,599895,2,0
599893,599893,599895,2,0
599893,599893,599895,2,0
599893,599893,599895,2,0
599893,599893,599895,2,0
599893,599893,599895,2,0
599893,599893,599895,2,0
599893,599893,599895,2,0
599893,599893,599895,2,0
599893,599893,599895,2,0
599893,599893,599895,2,0
599893,599893,599895,2,0
599893,599893,599895,2,0
599893,599893,599895,2,0
599893,599893,599895,2,0
599893,599893,599897,4,0
599893,599893,599897,4,0
599893,599893,599897,4,0
599893,599893,599897,4,0
599893,599893,599897,4,0
599893,599893,599896,3,0
599893,599893,599896,3,0
599893,599893,599896,3,0
599893,599893,599897,4,0
599893,599893,599897,4,0
599893,599893,599897,4,0
599893,599893,599897,4,0
599895,599895,599898,3,0
599895,599896,599898,2,1
599895,599895,599898,3,0
599895,599895,599898,3,0
599895,599895,599897,2,0
599895,599895,599898,3,0
599895,599895,599898,3,0
599895,599895,599897,2,0
599895,599896,599898,2,1
599895,599896,599898,2,1
599895,599896,599898,2,1
599895,599895,599898,3,0
599895,599895,599898,3,0
599895,599895,599898,3,0
599895,599895,599898,3,0
599895,599895,599898,3,0
599895,599895,599897,2,0
599895,599895,599897,2,0
599895,599895,599897,2,0
599895,599895,599897,2,0
599895,599895,599898,3,0
599895,599895,599897,2,0
599895,599895,599898,3,0
599895,599895,599898,3,0
599895,599895,599898,3,0
599895,599895,599898,3,0
599895,599895,599898,3,0
599895,599895,599898,3,0
599895,599895,599898,3,0
599895,599895,599898,3,0
599895,599895,599898,3,0
599895,599895,599898,3,0
599895,599895,599898,3,0
599895,599895,599898,3,0
599895,599895,599898,3,0
599895,599895,599898,3,0
599895,599895,599898,3,0
599895,599895,599898,3,0
599895,599896,599898,2,1
599895,599895,599898,3,0
599893,599894,599900,6,1
599893,599894,599900,6,1
599893,599894,599902,8,1
599893,599894,599902,8,1
599913,599913,599914,1,0
599913,599913,599914,1,0
599913,599913,599914,1,0
599913,599913,599914,1,0
599913,599913,599914,1,0
599913,599913,599915,2,0
599913,599913,599915,2,0
599913,599913,599914,1,0
599913,599913,599915,2,0
599913,599913,599914,1,0
599913,599913,599915,2,0
599913,599913,599915,2,0
599913,599913,599915,2,0
599913,599913,599915,2,0
599913,599913,599914,1,0
599913,599913,599915,2,0
599913,599913,599915,2,0
599913,599913,599914,1,0
599913,599913,599914,1,0
599913,599913,599914,1,0
599913,599913,599915,2,0
599913,599913,599915,2,0
599913,599913,599915,2,0
599913,599913,599915,2,0
599913,599913,599915,2,0
599913,599913,599915,2,0
599913,599913,599915,2,0
599913,599913,599915,2,0
599913,599913,599914,1,0
599913,599913,599915,2,0
599913,599913,599914,1,0
599913,599913,599914,1,0
599913,599913,599914,1,0
599913,599913,599915,2,0
599913,599913,599915,2,0
599913,599913,599915,2,0
599913,599913,599917,4,0
599913,599913,599918,5,0
599913,599913,599918,5,0
599913,599913,599919,6,0
599783,599786,599920,134,3
599930,599931,599932,1,1
599930,599931,599933,2,1
599930,599931,599932,1,1
599930,599931,599932,1,1
599930,599931,599932,1,1
599930,599931,599932,1,1
599930,599931,599932,1,1
599930,599931,599932,1,1
599930,599931,599932,1,1
599930,599931,599932,1,1
599930,599931,599932,1,1
599930,599931,599932,1,1
599930,599931,599932,1,1
599930,599931,599933,2,1
599930,599931,599932,1,1
599930,599931,599932,1,1
599930,599931,599932,1,1
599930,599931,599932,1,1
599930,599931,599932,1,1
599930,599931,599933,2,1
599930,599931,599933,2,1
599930,599931,599932,1,1
599930,599931,599932,1,1
599930,599931,599932,1,1
599930,599931,599933,2,1
599930,599931,599932,1,1
599930,599931,599933,2,1
599930,599931,599933,2,1
599930,599931,599932,1,1
599930,599931,599932,1,1
599930,599931,599933,2,1
599930,599931,599935,4,1
599930,599931,599935,4,1
599930,599931,599935,4,1
599930,599931,599936,5,1
599930,599931,599944,13,1
599930,599931,599945,14,1
599930,599931,599945,14,1
599930,599931,599946,15,1
599930,599931,599945,14,1
599848,599849,599951,102,1
599959,599959,599960,1,0
599959,599959,599961,2,0
599959,599959,599961,2,0
599959,599959,599961,2,0
599959,599959,599961,2,0
599959,599959,599961,2,0
599959,599959,599961,2,0
599959,599959,599961,2,0
599959,599959,599961,2,0
599959,599959,599961,2,0
599959,599959,599961,2,0
599959,599959,599961,2,0
599959,599959,599961,2,0
599959,599959,599961,2,0
599959,599959,599960,1,0
599959,599959,599961,2,0
599959,599959,599961,2,0
599959,599959,599961,2,0
599959,599959,599961,2,0
599959,599960,599961,1,1
599959,599960,599961,1,1
599959,599960,599961,1,1
599959,599960,599961,1,1
599959,599960,599962,2,1
599959,599960,599961,1,1
599959,599960,599961,1,1
599959,599960,599961,1,1
599959,599959,599961,2,0
599959,599959,599962,3,0
599959,599959,599961,2,0
599959,599959,599961,2,0
599959,599960,599962,2,1
599959,599960,599962,2,1
599959,599960,599961,1,1
599959,599960,599961,1,1
599959,599962,599963,1,3
599959,599962,599964,2,3
599959,599962,599964,2,3
599959,599962,599964,2,3
599831,599831,599977,146,0
599959,599962,599964,2,3
599851,599851,599980,129,0
599870,599871,599981,110,1
600008,600008,600009,1,0
600008,600008,600009,1,0
600008,600008,600009,1,0
600008,600008,600009,1,0
600008,600008,600009,1,0
600008,600008,600009,1,0
600008,600008,600009,1,0
600008,600008,600010,2,0
600008,600008,600009,1,0
600008,600008,600009,1,0
600009,600009,600010,1,0
600008,600008,600010,2,0
600008,600008,600010,2,0
600008,600008,600010,2,0
600008,600008,600009,1,0
600009,600009,600010,1,0
600008,600008,600009,1,0
600008,600008,600010,2,0
600008,600008,600010,2,0
600008,600008,600010,2,0
600008,600008,600009,1,0
600009,600009,600010,1,0
600008,600008,600009,1,0
600008,600008,600009,1,0
600008,600008,600010,2,0
600008,600008,600010,2,0
600008,600008,600010,2,0
600008,600008,600010,2,0
600008,600008,600010,2,0
600008,600008,600010,2,0
600008,600008,600010,2,0
600008,600008,600010,2,0
600009,600009,600010,1,0
600009,600009,600010,1,0
600009,600009,600011,2,0
600009,600009,600011,2,0
600009,600009,600011,2,0
600009,600009,600010,1,0
600009,600010,600011,1,1
600009,600009,600010,1,0
600009,600009,600010,1,0
600009,600009,600010,1,0
600008,600008,600010,2,0
600009,600009,600010,1,0
600009,600009,600010,1,0
600009,600009,600010,1,0
600009,600009,600010,1,0
600008,600008,600010,2,0
600008,600008,600010,2,0
600008,600008,600011,3,0
600008,600008,600011,3,0
600008,600008,600010,2,0
600009,600010,600011,1,1
600009,600010,600012,2,1
600009,600010,600012,2,1
600009,600010,600011,1,1
600009,600010,600011,1,1
600009,600010,600011,1,1
600009,600010,600012,2,1
600009,600010,600012,2,1
600009,600010,600012,2,1
600009,600010,600012,2,1
600009,600010,600011,1,1
600009,600010,600011,1,1
600009,600010,600011,1,1
600009,600010,600011,1,1
600009,600010,600011,1,1
600009,600010,600011,1,1
600009,600010,600011,1,1
600009,600010,600011,1,1
600009,600010,600011,1,1
600009,600010,600011,1,1
600009,600010,600011,1,1
600009,600010,600011,1,1
600009,600010,600012,2,1
600008,600008,600017,9,0
600008,600008,600018,10,0
600008,600008,600018,10,0
600008,600008,600017,9,0
600008,600008,600018,10,0
600031,600031,600033,2,0
600031,600031,600034,3,0
600031,600031,600034,3,0
600031,600031,600034,3,0
600031,600031,600034,3,0
600031,600031,600035,4,0
600031,600031,600035,4,0
600031,600032,600034,2,1
600031,600031,600034,3,0
600031,600031,600035,4,0
600031,600031,600034,3,0
600031,600031,600034,3,0
600031,600031,600034,3,0
600031,600031,600034,3,0
600031,600031,600035,4,0
600031,600031,600035,4,0
600031,600031,600034,3,0
600031,600031,600034,3,0
600031,600031,600035,4,0
600031,600031,600035,4,0
600031,600031,600034,3,0
600031,600031,600034,3,0
600031,600031,600035,4,0
600031,600031,600035,4,0
600031,600031,600035,4,0
600031,600031,600034,3,0
600031,600031,600035,4,0
600031,600031,600036,5,0
600031,600031,600036,5,0
600031,600031,600036,5,0
600031,600031,600036,5,0
600031,600031,600036,5,0
600031,600031,600036,5,0
600031,600031,600036,5,0
600031,600031,600036,5,0
600031,600031,600038,7,0
600031,600031,600040,9,0
600031,600031,600039,8,0
600031,600031,600042,11,0
600031,600031,600044,13,0
599914,599914,600055,141,0
600062,600062,600064,2,0
600062,600062,600064,2,0
600062,600062,600064,2,0
600062,600062,600064,2,0
600062,600062,600064,2,0
600062,600062,600064,2,0
600062,600062,600064,2,0
600062,600062,600064,2,0
600062,600062,600064,2,0
600062,600062,600064,2,0
600062,600062,600064,2,0
600062,600062,600064,2,0
600062,600062,600064,2,0
600062,600062,600064,2,0
600062,600062,600064,2,0
600062,600062,600064,2,0
600062,600062,600064,2,0
600062,600062,600064,2,0
600062,600062,600064,2,0
600062,600062,600064,2,0
600062,600062,600064,2,0
600062,600062,600064,2,0
600062,600062,600064,2,0
600062,600062,600064,2,0
600062,600062,600064,2,0
600062,600062,600064,2,0
600062,600062,600064,2,0
600062,600062,600065,3,0
600062,600062,600065,3,0
600062,600062,600065,3,0
600062,600062,600065,3,0
600062,600062,600065,3,0
600062,600062,600065,3,0
600062,600062,600065,3,0
600062,600062,600065,3,0
600062,600062,600066,4,0
600062,600062,600066,4,0
600062,600062,600067,5,0
600062,600062,600068,6,0
600062,600062,600068,6,0
599896,599896,600071,175,0
599920,599920,600093,173,0
599931,599931,600093,162,0
600100,600101,600102,1,1
600100,600101,600102,1,1
600100,600101,600102,1,1
600100,600101,600102,1,1
600100,600100,600102,2,0
600100,600100,600102,2,0
600100,600100,600102,2,0
600100,600100,600102,2,0
600100,600100,600102,2,0
600100,600100,600102,2,0
600100,600100,600102,2,0
600100,600100,600102,2,0
600100,600100,600102,2,0
600100,600100,600103,3,0
600100,600100,600103,3,0
600100,600100,600103,3,0
600100,600100,600103,3,0
600100,600100,600103,3,0
600100,600101,600103,2,1
600100,600100,600103,3,0
600100,600100,600103,3,0
600100,600100,600103,3,0
600100,600100,600103,3,0
600100,600101,600103,2,1
600100,600101,600103,2,1
600100,600100,600103,3,0
600100,600100,600103,3,0
600100,600100,600103,3,0
600100,600100,600103,3,0
600100,600101,600105,4,1
600103,600104,600106,2,1
600103,600103,600105,2,0
600103,600103,600105,2,0
600103,600103,600105,2,0
600103,600103,600105,2,0
600103,600104,600105,1,1
600103,600104,600105,1,1
600103,600103,600105,2,0
600103,600104,600105,1,1
600103,600103,600105,2,0
600103,600104,600105,1,1
600103,600104,600105,1,1
600103,600103,600105,2,0
600103,600104,600105,1,1
600103,600104,600105,1,1
600103,600104,600105,1,1
600103,600104,600105,1,1
600103,600104,600106,2,1
600103,600103,600107,4,0
600103,600103,600107,4,0
600103,600103,600107,4,0
600103,600104,600107,3,1
600103,600103,600107,4,0
600103,600104,600107,3,1
600103,600103,600107,4,0
600103,600103,600107,4,0
600103,600103,600107,4,0
600103,600104,600107,3,1
600103,600104,600107,3,1
600107,600107,600109,2,0
600107,600107,600109,2,0
600107,600107,600109,2,0
600107,600107,600109,2,0
600107,600107,600109,2,0
600107,600107,600109,2,0
600107,600107,600109,2,0
600107,600107,600109,2,0
600107,600107,600110,3,0
600107,600107,600109,2,0
600107,600107,600109,2,0
600107,600107,600109,2,0
600100,600107,600110,3,7
600100,600107,600110,3,7
600100,600107,600110,3,7
600100,600107,600110,3,7
600100,600107,600110,3,7
600100,600107,600110,3,7
600107,600107,600110,3,0
600107,600107,600110,3,0
600107,600107,600110,3,0
600107,600107,600110,3,0
600107,600108,600110,2,1
600107,600108,600110,2,1
600107,600108,600110,2,1
600107,600108,600111,3,1
600107,600108,600110,2,1
600107,600108,600110,2,1
600107,600108,600111,3,1
600107,600108,600110,2,1
600107,600108,600111,3,1
600107,600107,600111,4,0
600107,600109,600110,1,2
600107,600109,600111,2,2
600103,600103,600112,9,0
600107,600109,600111,2,2
600107,600109,600111,2,2
600107,600110,600112,2,3
600107,600110,600112,2,3
600107,600110,600112,2,3
600107,600110,600112,2,3
600103,600104,600112,8,1
600103,600104,600112,8,1
600103,600104,600107,3,1
600103,600104,600107,3,1
600103,600104,600107,3,1
600103,600104,600114,10,1
600103,600104,600114,10,1
599960,599960,600114,154,0
600100,600111,600116,5,11
600100,600111,600116,5,11
600103,600111,600117,6,8
600107,600114,600118,4,7
600100,600111,600118,7,11
600100,600111,600118,7,11
600103,600111,600119,8,8
600103,600111,600118,7,8
600107,600114,600122,8,7
600118,600118,600123,5,0
600118,600118,600122,4,0
600118,600118,600124,6,0
600118,600118,600124,6,0
600107,600107,600124,17,0
600118,600118,600124,6,0
600118,600118,600125,7,0
600118,600118,600125,7,0
600118,600118,600125,7,0
600118,600118,600125,7,0
600118,600118,600124,6,0
600118,600118,600125,7,0
600118,600118,600126,8,0
600118,600118,600125,7,0
600118,600118,600126,8,0
600118,600118,600126,8,0
600118,600118,600126,8,0
600118,600118,600126,8,0
600118,600118,600127,9,0
600118,600118,600127,9,0
600118,600118,600126,8,0
600118,600118,600127,9,0
600107,600114,600127,13,7
600118,600118,600128,10,0
600118,600118,600129,11,0
600118,600118,600131,13,0
600118,600118,600132,14,0
600107,600108,600134,26,1
600118,600118,600133,15,0
600118,600118,600134,16,0
600107,600108,600135,27,1
600118,600118,600134,16,0
600118,600118,600141,23,0
600118,600118,600141,23,0
600118,600118,600141,23,0
600118,600118,600141,23,0
600118,600118,600141,23,0
600118,600118,600141,23,0
600118,600118,600141,23,0
600118,600118,600143,25,0
600118,600118,600144,26,0
599969,599976,600145,169,7
600118,600118,600144,26,0
600118,600118,600144,26,0
600118,600118,600144,26,0
599755,599755,600146,391,0
599746,599746,600163,417,0
599750,599750,600166,416,0
599765,599765,600166,401,0
599967,599967,600180,213,0
600180,600180,600184,4,0
600180,600180,600185,5,0
600180,600180,600185,5,0
600180,600180,600185,5,0
600180,600180,600185,5,0
600180,600180,600185,5,0
600180,600180,600185,5,0
600180,600180,600185,5,0
600180,600180,600185,5,0
600180,600180,600185,5,0
600180,600180,600185,5,0
600180,600180,600185,5,0
600180,600180,600185,5,0
600180,600180,600185,5,0
600180,600180,600185,5,0
600180,600180,600185,5,0
600180,600180,600185,5,0
600180,600180,600185,5,0
600180,600180,600185,5,0
600180,600180,600185,5,0
600180,600180,600185,5,0
600180,600180,600185,5,0
600180,600180,600185,5,0
600180,600180,600185,5,0
600180,600180,600185,5,0
600180,600180,600185,5,0
600180,600180,600185,5,0
600180,600180,600185,5,0
600180,600180,600185,5,0
600180,600180,600185,5,0
600180,600180,600185,5,0
600180,600180,600186,6,0
600180,600180,600185,5,0
600180,600180,600185,5,0
600180,600180,600186,6,0
600180,600180,600185,5,0
600180,600180,600186,6,0
600180,600180,600186,6,0
600180,600180,600186,6,0
600180,600180,600186,6,0
600180,600180,600186,6,0
600180,600180,600186,6,0
600180,600180,600185,5,0
600180,600180,600187,7,0
600180,600180,600187,7,0
600180,600180,600187,7,0
600180,600180,600187,7,0
600180,600180,600187,7,0
600180,600180,600186,6,0
600180,600180,600187,7,0
600180,600180,600188,8,0
600180,600185,600188,3,5
600180,600185,600188,3,5
600180,600185,600187,2,5
600180,600185,600187,2,5
600180,600180,600187,7,0
600180,600180,600187,7,0
600180,600184,600187,3,4
600180,600185,600188,3,5
600180,600180,600187,7,0
600180,600180,600187,7,0
600180,600185,600188,3,5
600180,600185,600187,2,5
600180,600185,600188,3,5
600180,600185,600188,3,5
600180,600185,600188,3,5
600180,600186,600189,3,6
600180,600187,600189,2,7
600180,600185,600189,4,5
600180,600181,600188,7,1
600180,600185,600189,4,5
600180,600185,600189,4,5
600180,600187,600189,2,7
600180,600187,600189,2,7
600180,600185,600189,4,5
600180,600185,600189,4,5
600180,600185,600189,4,5
600180,600185,600189,4,5
600180,600185,600189,4,5
600180,600185,600189,4,5
600180,600185,600189,4,5
600180,600185,600189,4,5
600180,600185,600189,4,5
600180,600186,600189,3,6
600180,600187,600189,2,7
600180,600187,600189,2,7
600180,600188,600189,1,8
600180,600186,600189,3,6
600180,600186,600189,3,6
600180,600186,600189,3,6
600180,600186,600189,3,6
600180,600186,600189,3,6
600180,600186,600190,4,6
600180,600188,600190,2,8
600180,600188,600190,2,8
600180,600185,600190,5,5
600180,600185,600190,5,5
600180,600186,600190,4,6
600180,600186,600190,4,6
600180,600185,600190,5,5
600180,600185,600190,5,5
600180,600185,600190,5,5
600180,600188,600190,2,8
600180,600188,600190,2,8
600181,600188,600190,2,7
600180,600188,600191,3,8
600180,600188,600190,2,8
600180,600188,600190,2,8
600180,600185,600191,6,5
600180,600185,600191,6,5
600180,600185,600190,5,5
600180,600186,600191,5,6
600180,600187,600190,3,7
600180,600188,600190,2,8
600180,600186,600190,4,6
600180,600188,600191,3,8
600180,600188,600191,3,8
600180,600188,600191,3,8
600181,600188,600191,3,7
600181,600189,600192,3,8
600181,600189,600192,3,8
600180,600188,600192,4,8
600180,600188,600191,3,8
600180,600188,600191,3,8
600181,600190,600193,3,9
600181,600190,600193,3,9
600186,600191,600193,2,5
600186,600191,600193,2,5
600186,600191,600193,2,5
600181,600189,600193,4,8
600181,600189,600193,4,8
600181,600189,600193,4,8
600181,600190,600193,3,9
600181,600190,600193,3,9
600181,600189,600193,4,8
600181,600189,600193,4,8
600181,600190,600193,3,9
600181,600191,600193,2,10
600181,600189,600193,4,8
600181,600190,600193,3,9
600181,600190,600193,3,9
600181,600190,600193,3,9
600181,600189,600193,4,8
600181,600189,600193,4,8
600181,600189,600193,4,8
600181,600189,600193,4,8
600181,600189,600193,4,8
600181,600189,600193,4,8
600181,600189,600193,4,8
600181,600189,600193,4,8
600181,600189,600193,4,8
600181,600190,600193,3,9
600181,600190,600193,3,9
600181,600190,600193,3,9
600181,600190,600193,3,9
599736,599736,600194,458,0
600181,600190,600193,3,9
600181,600190,600193,3,9
600181,600190,600193,3,9
600181,600190,600193,3,9
600181,600190,600193,3,9
600181,600190,600193,3,9
600186,600191,600193,2,5
599753,599753,600194,441,0
600186,600192,600195,3,6
600181,600190,600194,4,9
600186,600192,600194,2,6
600186,600192,600194,2,6
600186,600192,600195,3,6
600181,600190,600194,4,9
600186,600191,600194,3,5
600186,600193,600195,2,7
600186,600193,600194,1,7
600186,600192,600195,3,6
600186,600192,600195,3,6
600186,600192,600195,3,6
600186,600192,600195,3,6
600186,600193,600195,2,7
600186,600193,600195,2,7
600186,600193,600195,2,7
600186,600193,600195,2,7
600186,600193,600195,2,7
600186,600192,600195,3,6
600186,600192,600195,3,6
600186,600194,600195,1,8
600186,600194,600195,1,8
600186,600194,600195,1,8
600186,600194,600195,1,8
600186,600194,600195,1,8
600186,600194,600195,1,8
600186,600194,600195,1,8
600186,600192,600195,3,6
600186,600194,600195,1,8
600186,600192,600195,3,6
600186,600193,600195,2,7
600186,600194,600195,1,8
600186,600194,600195,1,8
600186,600194,600198,4,8
600186,600194,600198,4,8
600186,600194,600198,4,8
600186,600194,600198,4,8
600186,600194,600198,4,8
599744,599744,600201,457,0
599760,599760,600201,441,0
599757,599757,600205,448,0
599767,599767,600205,438,0
599748,599748,600207,459,0
599762,599762,600207,445,0
599940,599940,600207,267,0
600032,600032,600210,178,0
599976,599976,600218,242,0
600217,600218,600221,3,1
600217,600218,600221,3,1
600217,600218,600222,4,1
600217,600218,600221,3,1
600217,600218,600221,3,1
600217,600218,600221,3,1
600217,600218,600221,3,1
600218,600218,600222,4,0
600218,600218,600222,4,0
600217,600218,600221,3,1
600217,600218,600221,3,1
600217,600218,600222,4,1
600217,600218,600222,4,1
600217,600218,600221,3,1
600217,600218,600222,4,1
600217,600218,600222,4,1
600217,600218,600221,3,1
600217,600218,600221,3,1
600218,600218,600221,3,0
600218,600218,600222,4,0
600217,600218,600221,3,1
600217,600218,600222,4,1
600218,600218,600222,4,0
600218,600218,600222,4,0
600218,600218,600222,4,0
600217,600218,600221,3,1
600217,600218,600221,3,1
600217,600218,600221,3,1
600217,600218,600221,3,1
600218,600218,600221,3,0
600217,600218,600222,4,1
600217,600218,600222,4,1
600217,600218,600221,3,1
600217,600218,600221,3,1
600218,600218,600221,3,0
600217,600218,600222,4,1
600217,600218,600222,4,1
600217,600218,600222,4,1
600217,600218,600222,4,1
600048,600048,600222,174,0
600217,600218,600222,4,1
600217,600218,600222,4,1
600217,600218,600222,4,1
600217,600218,600223,5,1
600218,600218,600222,4,0
600217,600218,600222,4,1
600218,600218,600222,4,0
600217,600218,600222,4,1
600217,600218,600222,4,1
600217,600218,600222,4,1
600217,600218,600222,4,1
600218,600218,600222,4,0
600218,600218,600222,4,0
600218,600218,600222,4,0
600218,600218,600222,4,0
600218,600218,600222,4,0
600218,600218,600222,4,0
600218,600218,600222,4,0
600218,600218,600222,4,0
600218,600218,600222,4,0
600218,600218,600222,4,0
600218,600218,600222,4,0
600218,600221,600222,1,3
600218,600221,600222,1,3
600218,600222,600224,2,4
600218,600222,600223,1,4
600218,600222,600223,1,4
600218,600222,600223,1,4
600218,600222,600224,2,4
600218,600222,600224,2,4
600218,600222,600224,2,4
600218,600222,600224,2,4
600217,600218,600223,5,1
600218,600218,600223,5,0
600218,600218,600223,5,0
600218,600218,600223,5,0
600218,600218,600223,5,0
600218,600223,600225,2,5
600218,600223,600225,2,5
600218,600222,600224,2,4
600218,600222,600224,2,4
600218,600222,600224,2,4
600218,600222,600224,2,4
600218,600222,600225,3,4
600218,600222,600224,2,4
600218,600222,600225,3,4
600218,600222,600225,3,4
600218,600222,600224,2,4
600218,600222,600224,2,4
600218,600223,600225,2,5
600218,600223,600225,2,5
600218,600223,600225,2,5
600218,600222,600225,3,4
600218,600222,600225,3,4
600218,600222,600225,3,4
600218,600223,600225,2,5
600218,600223,600225,2,5
600218,600222,600225,3,4
600218,600222,600225,3,4
600218,600222,600225,3,4
600218,600222,600225,3,4
600218,600222,600225,3,4
600218,600222,600224,2,4
600218,600222,600224,2,4
600218,600223,600225,2,5
600218,600222,600224,2,4
600218,600222,600224,2,4
600218,600222,600225,3,4
600218,600222,600224,2,4
600218,600222,600225,3,4
600218,600223,600225,2,5
600218,600223,600225,2,5
600218,600223,600225,2,5
600218,600223,600225,2,5
600218,600223,600225,2,5
600218,600223,600225,2,5
600218,600224,600226,2,6
600218,600224,600226,2,6
600218,600224,600226,2,6
600218,600224,600226,2,6
600218,600223,600226,3,5
600218,600223,600226,3,5
600218,600223,600226,3,5
600218,600223,600226,3,5
600218,600223,600226,3,5
600218,600223,600226,3,5
600218,600223,600226,3,5
600218,600223,600225,2,5
600218,600224,600226,2,6
600218,600224,600226,2,6
600218,600224,600226,2,6
600218,600224,600226,2,6
600218,600223,600225,2,5
600218,600223,600225,2,5
600218,600223,600225,2,5
599965,599965,600226,261,0
600218,600223,600225,2,5
600218,600223,600225,2,5
600218,600224,600226,2,6
600218,600224,600226,2,6
600218,600224,600226,2,6
600218,600224,600226,2,6
600218,600223,600225,2,5
600218,600225,600226,1,7
600218,600225,600226,1,7
600218,600223,600226,3,5
600218,600224,600227,3,6
600218,600225,600227,2,7
600218,600225,600228,3,7
600218,600225,600228,3,7
600218,600225,600228,3,7
600218,600225,600228,3,7
600218,600226,600228,2,8
600218,600226,600228,2,8
600218,600226,600228,2,8
600218,600226,600228,2,8
600218,600225,600228,3,7
600218,600225,600228,3,7
600218,600225,600228,3,7
600218,600226,600228,2,8
600218,600225,600228,3,7
600218,600225,600228,3,7
600218,600225,600228,3,7
600218,600225,600228,3,7
600218,600225,600228,3,7
600218,600225,600228,3,7
600218,600225,600228,3,7
600218,600225,600228,3,7
600218,600225,600228,3,7
600218,600225,600228,3,7
600218,600225,600228,3,7
600218,600226,600229,3,8
600218,600226,600228,2,8
600218,600226,600228,2,8
600218,600225,600228,3,7
600218,600225,600228,3,7
600218,600225,600228,3,7
600218,600225,600228,3,7
600218,600225,600228,3,7
600218,600227,600228,1,9
600218,600227,600228,1,9
600218,600227,600228,1,9
600218,600225,600228,3,7
600218,600225,600228,3,7
600218,600226,600229,3,8
600218,600227,600229,2,9
600218,600225,600228,3,7
600218,600225,600228,3,7
600218,600225,600228,3,7
600218,600225,600228,3,7
600218,600225,600228,3,7
600218,600227,600228,1,9
600218,600227,600228,1,9
600218,600225,600228,3,7
600218,600225,600228,3,7
600218,600225,600228,3,7
600218,600227,600229,2,9
600218,600227,600229,2,9
600218,600227,600229,2,9
600218,600227,600229,2,9
600218,600227,600229,2,9
600218,600227,600229,2,9
600218,600227,600229,2,9
600218,600226,600229,3,8
600218,600226,600229,3,8
600218,600226,600229,3,8
600218,600226,600229,3,8
600218,600226,600229,3,8
600218,600229,600230,1,11
600218,600229,600230,1,11
600218,600229,600230,1,11
600218,600229,600230,1,11
600218,600229,600230,1,11
600218,600229,600230,1,11
600218,600229,600230,1,11
600218,600226,600229,3,8
600218,600226,600229,3,8
600218,600227,600229,2,9
600218,600228,600229,1,10
600218,600227,600229,2,9
600218,600228,600229,1,10
600218,600228,600229,1,10
600218,600228,600229,1,10
600218,600228,600229,1,10
600218,600228,600229,1,10
600218,600228,600230,2,10
600218,600228,600230,2,10
600218,600228,600230,2,10
600218,600228,600230,2,10
600218,600228,600229,1,10
600218,600228,600230,2,10
600218,600228,600230,2,10
600218,600229,600231,2,11
600218,600226,600230,4,8
600218,600227,600230,3,9
600218,600228,600230,2,10
600218,600229,600230,1,11
600218,600229,600230,1,11
600218,600229,600230,1,11
600218,600229,600230,1,11
600218,600230,600231,1,12
600218,600229,600230,1,11
600218,600229,600230,1,11
600218,600229,600230,1,11
600218,600229,600230,1,11
600218,600229,600230,1,11
600218,600229,600230,1,11
600218,600229,600230,1,11
600218,600229,600230,1,11
600218,600230,600231,1,12
600218,600230,600231,1,12
600218,600230,600231,1,12
600218,600229,600230,1,11
600218,600229,600230,1,11
600218,600229,600230,1,11
600218,600229,600230,1,11
600218,600230,600231,1,12
600218,600229,600231,2,11
600218,600229,600230,1,11
600218,600229,600231,2,11
600218,600229,600231,2,11
600218,600229,600231,2,11
600218,600229,600231,2,11
600218,600229,600231,2,11
600218,600229,600230,1,11
600218,600229,600230,1,11
600218,600229,600230,1,11
600218,600229,600231,2,11
600218,600229,600231,2,11
600218,600229,600231,2,11
600218,600229,600231,2,11
600218,600229,600230,1,11
600218,600229,600230,1,11
600218,600229,600230,1,11
600218,600230,600231,1,12
600218,600230,600231,1,12
600218,600230,600231,1,12
600218,600230,600231,1,12
600218,600230,600231,1,12
600218,600230,600231,1,12
600218,600230,600231,1,12
600218,600230,600231,1,12
600218,600230,600231,1,12
600218,600230,600232,2,12
600218,600230,600231,1,12
600218,600230,600231,1,12
600218,600230,600231,1,12
600218,600230,600231,1,12
600218,600230,600231,1,12
600218,600229,600231,2,11
600218,600230,600231,1,12
600218,600230,600231,1,12
600218,600230,600231,1,12
600218,600230,600231,1,12
600218,600231,600232,1,13
600218,600231,600232,1,13
600218,600231,600232,1,13
600218,600231,600232,1,13
600218,600231,600233,2,13
600218,600231,600233,2,13
600218,600231,600232,1,13
600218,600231,600232,1,13
600218,600231,600232,1,13
600218,600231,600233,2,13
600218,600231,600232,1,13
600218,600231,600232,1,13
600218,600231,600232,1,13
600218,600231,600233,2,13
600218,600231,600232,1,13
600218,600231,600233,2,13
600218,600231,600234,3,13
600218,600231,600234,3,13
600218,600231,600234,3,13
600223,600232,600234,2,9
600223,600232,600234,2,9
599962,599962,600233,271,0
600223,600231,600234,3,8
600223,600231,600234,3,8
600223,600231,600234,3,8
600223,600231,600234,3,8
600223,600231,600234,3,8
600223,600231,600234,3,8
600223,600231,600234,3,8
600223,600232,600234,2,9
600223,600231,600234,3,8
600223,600232,600234,2,9
600223,600232,600234,2,9
600223,600232,600234,2,9
600223,600232,600234,2,9
600223,600232,600234,2,9
600223,600231,600234,3,8
600223,600231,600234,3,8
600223,600231,600234,3,8
600223,600231,600234,3,8
600223,600231,600234,3,8
600223,600231,600234,3,8
600223,600231,600233,2,8
600223,600232,600234,2,9
600223,600232,600234,2,9
600223,600232,600234,2,9
600223,600232,600234,2,9
600218,600231,600234,3,13
600218,600231,600234,3,13
600223,600231,600234,3,8
600223,600231,600234,3,8
600223,600232,600234,2,9
600223,600232,600234,2,9
600223,600232,600234,2,9
600218,600231,600234,3,13
600218,600231,600234,3,13
600218,600231,600234,3,13
600223,600231,600234,3,8
600223,600231,600234,3,8
600223,600231,600234,3,8
600223,600231,600234,3,8
600223,600231,600234,3,8
600223,600232,600234,2,9
600223,600232,600235,3,9
600223,600232,600234,2,9
600223,600233,600235,2,10
600223,600233,600235,2,10
600223,600233,600235,2,10
600223,600233,600235,2,10
600223,600233,600235,2,10
600223,600233,600235,2,10
600223,600233,600235,2,10
600223,600233,600235,2,10
600223,600233,600235,2,10
600223,600231,600234,3,8
600223,600232,600234,2,9
600223,600232,600235,3,9
600223,600233,600236,3,10
600223,600233,600236,3,10
600223,600234,600236,2,11
600223,600234,600236,2,11
600223,600234,600236,2,11
600223,600234,600236,2,11
600223,600234,600236,2,11
600223,600234,600236,2,11
600223,600234,600236,2,11
600223,600234,600236,2,11
600223,600234,600236,2,11
600223,600234,600236,2,11
600223,600234,600236,2,11
600223,600234,600236,2,11
600223,600234,600236,2,11
600223,600234,600236,2,11
600223,600234,600236,2,11
600224,600234,600236,2,10
600224,600234,600236,2,10
600223,600234,600236,2,11
600223,600234,600236,2,11
600223,600234,600236,2,11
600224,600234,600236,2,10
600224,600234,600236,2,10
600224,600235,600236,1,11
600224,600235,600236,1,11
600224,600235,600236,1,11
600224,600235,600236,1,11
600224,600235,600236,1,11
600224,600234,600236,2,10
600224,600234,600236,2,10
600224,600234,600236,2,10
600224,600234,600236,2,10
600224,600234,600237,3,10
600224,600235,600237,2,11
600223,600234,600236,2,11
600224,600236,600237,1,12
600224,600235,600236,1,11
600224,600235,600236,1,11
600224,600235,600236,1,11
600224,600235,600236,1,11
600224,600235,600236,1,11
600224,600235,600236,1,11
600224,600235,600236,1,11
600224,600236,600237,1,12
600224,600235,600237,2,11
600224,600235,600237,2,11
600224,600235,600237,2,11
600224,600235,600236,1,11
600223,600234,600237,3,11
600223,600234,600237,3,11
600223,600234,600237,3,11
600224,600236,600237,1,12
599972,599972,600237,265,0
600224,600236,600237,1,12
600224,600236,600237,1,12
600224,600236,600237,1,12
600224,600236,600237,1,12
600066,600066,600238,172,0
600237,600237,600239,2,0
600237,600237,600239,2,0
600237,600237,600239,2,0
600237,600237,600239,2,0
600237,600237,600239,2,0
600237,600237,600239,2,0
600237,600237,600239,2,0
600237,600237,600239,2,0
600237,600237,600239,2,0
600237,600238,600239,1,1
600237,600237,600239,2,0
600237,600237,600239,2,0
600237,600237,600239,2,0
600237,600238,600239,1,1
600237,600238,600240,2,1
600237,600238,600239,1,1
600237,600238,600239,1,1
600237,600237,600240,3,0
600237,600237,600240,3,0
600237,600237,600240,3,0
600237,600237,600240,3,0
600237,600237,600240,3,0
600237,600237,600240,3,0
600237,600238,600240,2,1
600237,600238,600240,2,1
600237,600240,600241,1,3
600237,600237,600240,3,0
600237,600237,600240,3,0
600237,600237,600240,3,0
600237,600237,600240,3,0
600237,600238,600240,2,1
600237,600238,600240,2,1
600237,600240,600241,1,3
600237,600237,600240,3,0
600237,600238,600240,2,1
600237,600238,600240,2,1
600237,600238,600240,2,1
600237,600238,600240,2,1
600237,600239,600240,1,2
600237,600240,600241,1,3
600237,600239,600240,1,2
600237,600239,600240,1,2
600237,600239,600240,1,2
600237,600239,600240,1,2
600237,600239,600240,1,2
600237,600240,600241,1,3
600237,600240,600241,1,3
600237,600238,600240,2,1
600237,600238,600240,2,1
600237,600238,600240,2,1
600237,600238,600240,2,1
600237,600240,600241,1,3
600237,600240,600241,1,3
600237,600238,600240,2,1
600237,600238,600240,2,1
600237,600238,600240,2,1
600237,600238,600240,2,1
600237,600238,600240,2,1
600237,600238,600240,2,1
600237,600240,600241,1,3
600237,600240,600241,1,3
600237,600240,600241,1,3
600237,600240,600241,1,3
600237,600240,600241,1,3
600237,600240,600241,1,3
600237,600240,600241,1,3
600223,600233,600243,10,10
600223,600233,600243,10,10
600223,600233,600244,11,10
600223,600233,600245,12,10
600237,600244,600246,2,7
600237,600244,600246,2,7
600237,600244,600246,2,7
600237,600244,600246,2,7
600237,600244,600246,2,7
600237,600244,600246,2,7
600244,600244,600246,2,0
600244,600244,600247,3,0
600244,600244,600247,3,0
600244,600244,600247,3,0
600244,600244,600247,3,0
600244,600244,600247,3,0
600244,600244,600247,3,0
600244,600244,600246,2,0
600244,600244,600246,2,0
600244,600244,600246,2,0
600244,600244,600246,2,0
600244,600244,600246,2,0
600244,600244,600247,3,0
600244,600244,600247,3,0
600244,600244,600247,3,0
600244,600244,600247,3,0
600244,600244,600246,2,0
600244,600244,600246,2,0
600244,600244,600247,3,0
600244,600244,600247,3,0
600244,600244,600247,3,0
600244,600244,600247,3,0
600244,600244,600247,3,0
600244,600244,600247,3,0
600244,600244,600246,2,0
600244,600244,600247,3,0
600244,600244,600246,2,0
600244,600244,600246,2,0
600244,600244,600247,3,0
600244,600244,600246,2,0
600244,600244,600247,3,0
600244,600244,600247,3,0
600244,600244,600246,2,0
600244,600244,600246,2,0
600244,600246,600247,1,2
600224,600235,600248,13,11
600244,600244,600247,3,0
600244,600244,600247,3,0
600244,600244,600247,3,0
600244,600244,600247,3,0
600244,600244,600248,4,0
600244,600244,600247,3,0
600244,600244,600247,3,0
600244,600244,600248,4,0
600244,600244,600247,3,0
600244,600244,600247,3,0
600244,600244,600247,3,0
600244,600244,600247,3,0
600244,600244,600247,3,0
600244,600247,600248,1,3
600237,600237,600248,11,0
600237,600238,600248,10,1
600244,600247,600248,1,3
600244,600247,600248,1,3
600244,600247,600248,1,3
600244,600247,600248,1,3
600244,600247,600248,1,3
600244,600248,600249,1,4
600224,600235,600249,14,11
600244,600247,600249,2,3
600244,600247,600249,2,3
600244,600247,600249,2,3
600244,600247,600249,2,3
600244,600247,600249,2,3
600244,600247,600249,2,3
600244,600247,600249,2,3
600244,600247,600249,2,3
600244,600247,600249,2,3
600244,600247,600249,2,3
600244,600247,600249,2,3
600244,600247,600249,2,3
600244,600247,600249,2,3
600244,600247,600249,2,3
600244,600248,600249,1,4
600244,600247,600249,2,3
600244,600247,600249,2,3
600244,600247,600249,2,3
600244,600247,600249,2,3
600244,600247,600249,2,3
600244,600247,600249,2,3
600244,600247,600249,2,3
600244,600247,600249,2,3
600244,600247,600249,2,3
600244,600247,600249,2,3
600244,600247,600249,2,3
600244,600247,600249,2,3
600244,600247,600249,2,3
600244,600247,600249,2,3
600244,600247,600249,2,3
600244,600247,600249,2,3
600244,600247,600249,2,3
600244,600247,600249,2,3
600244,600247,600249,2,3
600244,600249,600250,1,5
600244,600248,600250,2,4
600244,600248,600250,2,4
600244,600248,600250,2,4
600237,600237,600249,12,0
600244,600249,600250,1,5
600244,600249,600250,1,5
600244,600249,600250,1,5
600244,600248,600250,2,4
600244,600249,600250,1,5
600244,600248,600250,2,4
600244,600249,600250,1,5
600244,600249,600250,1,5
600244,600249,600250,1,5
600244,600249,600250,1,5
600237,600237,600250,13,0
600244,600249,600250,1,5
600244,600249,600250,1,5
600244,600249,600250,1,5
600244,600249,600250,1,5
600244,600249,600250,1,5
600249,600250,600251,1,1
600249,600250,600251,1,1
600249,600250,600252,2,1
600249,600250,600251,1,1
600249,600250,600251,1,1
600249,600250,600251,1,1
600249,600250,600251,1,1
600249,600250,600251,1,1
600249,600250,600251,1,1
600249,600250,600251,1,1
600249,600250,600251,1,1
600249,600250,600251,1,1
600249,600250,600251,1,1
600249,600250,600252,2,1
600249,600250,600251,1,1
600249,600250,600251,1,1
600249,600250,600251,1,1
600249,600250,600251,1,1
600249,600250,600251,1,1
600249,600250,600251,1,1
600249,600250,600251,1,1
600249,600250,600251,1,1
600249,600250,600251,1,1
600249,600250,600251,1,1
600249,600250,600251,1,1
600249,600250,600251,1,1
600249,600250,600251,1,1
600249,600250,600251,1,1
600249,600250,600251,1,1
600249,600251,600252,1,2
600237,600238,600252,14,1
600249,600250,600251,1,1
600249,600250,600251,1,1
600249,600250,600251,1,1
600244,600244,600252,8,0
600249,600250,600252,2,1
600249,600250,600252,2,1
600010,600010,600253,243,0
600244,600244,600253,9,0
600244,600244,600253,9,0
600244,600244,600253,9,0
600244,600244,600253,9,0
600244,600245,600253,8,1
600244,600245,600253,8,1
600244,600250,600253,3,6
600244,600244,600254,10,0
600244,600248,600254,6,4
600249,600250,600256,6,1
600249,600250,600255,5,1
600249,600250,600256,6,1
600249,600250,600255,5,1
600244,600249,600256,7,5
600244,600249,600256,7,5
600249,600250,600256,6,1
600262,600262,600263,1,0
600262,600262,600263,1,0
600262,600262,600263,1,0
600262,600262,600263,1,0
600262,600262,600263,1,0
600262,600262,600264,2,0
600262,600262,600264,2,0
600262,600262,600264,2,0
600063,600064,600263,199,1
600262,600262,600263,1,0
600262,600262,600263,1,0
600262,600262,600264,2,0
600262,600262,600263,1,0
600262,600262,600264,2,0
600113,600113,600264,151,0
600262,600262,600264,2,0
600262,600262,600264,2,0
600262,600262,600264,2,0
600262,600262,600264,2,0
600262,600262,600264,2,0
600262,600262,600264,2,0
600262,600262,600264,2,0
600262,600262,600264,2,0
600262,600262,600264,2,0
600262,600262,600264,2,0
600262,600262,600264,2,0
600262,600262,600266,4,0
600262,600262,600266,4,0
600262,600262,600266,4,0
600262,600262,600266,4,0
600262,600262,600266,4,0
600262,600262,600266,4,0
600262,600262,600267,5,0
600262,600262,600266,4,0
600262,600262,600266,4,0
600262,600262,600266,4,0
600262,600262,600266,4,0
600262,600262,600267,5,0
600262,600262,600267,5,0
600262,600262,600267,5,0
600267,600267,600268,1,0
600267,600267,600268,1,0
600267,600267,600269,2,0
600267,600267,600269,2,0
600267,600267,600268,1,0
600267,600267,600268,1,0
600267,600267,600269,2,0
600267,600267,600269,2,0
600262,600262,600269,7,0
600267,600267,600269,2,0
600267,600267,600268,1,0
600267,600267,600268,1,0
600267,600267,600269,2,0
600267,600267,600269,2,0
600267,600267,600269,2,0
600267,600267,600269,2,0
600267,600267,600269,2,0
600267,600267,600269,2,0
600267,600267,600269,2,0
600267,600267,600269,2,0
600267,600267,600269,2,0
600267,600267,600269,2,0
600267,600267,600269,2,0
600267,600267,600268,1,0
600267,600267,600269,2,0
600267,600267,600269,2,0
600267,600267,600269,2,0
600267,600267,600269,2,0
600267,600267,600269,2,0
600267,600267,600269,2,0
600267,600267,600269,2,0
600267,600267,600269,2,0
600267,600267,600269,2,0
600267,600267,600269,2,0
600267,600267,600269,2,0
600267,600267,600269,2,0
600267,600267,600269,2,0
600267,600268,600269,1,1
600267,600267,600269,2,0
600267,600267,600269,2,0
600267,600267,600269,2,0
600267,600267,600269,2,0
600267,600267,600269,2,0
600267,600267,600269,2,0
600267,600268,600269,1,1
600267,600269,600270,1,2
600262,600262,600270,8,0
600267,600267,600269,2,0
600267,600267,600269,2,0
600267,600267,600269,2,0
600267,600269,600270,1,2
600267,600267,600269,2,0
600267,600269,600271,2,2
600267,600269,600271,2,2
600267,600269,600270,1,2
600267,600269,600271,2,2
600267,600269,600271,2,2
600267,600269,600271,2,2
600267,600269,600271,2,2
600267,600269,600271,2,2
600267,600269,600270,1,2
600267,600269,600271,2,2
600267,600269,600270,1,2
600267,600267,600272,5,0
600267,600267,600272,5,0
600267,600267,600272,5,0
600267,600267,600272,5,0
600267,600267,600272,5,0
600267,600268,600272,4,1
600267,600268,600272,4,1
600267,600267,600273,6,0
600267,600267,600276,9,0
600267,600267,600276,9,0
600267,600268,600276,8,1
600267,600267,600276,9,0
600267,600267,600276,9,0
600267,600267,600276,9,0
600267,600267,600276,9,0
600267,600268,600277,9,1
600267,600268,600277,9,1
600267,600269,600277,8,2
600104,600105,600320,215,1
600108,600110,600338,228,2
600338,600339,600340,1,1
600338,600339,600340,1,1
600338,600339,600340,1,1
600338,600339,600340,1,1
600338,600339,600340,1,1
600338,600339,600340,1,1
600338,600339,600340,1,1
600338,600339,600340,1,1
600338,600339,600340,1,1
600338,600339,600341,2,1
600338,600339,600340,1,1
600338,600339,600340,1,1
600338,600339,600340,1,1
600338,600339,600340,1,1
600338,600339,600341,2,1
600338,600339,600341,2,1
600338,600339,600341,2,1
600338,600339,600341,2,1
600338,600339,600341,2,1
600338,600339,600341,2,1
600338,600339,600341,2,1
600338,600339,600341,2,1
600338,600339,600341,2,1
600338,600339,600341,2,1
600338,600339,600341,2,1
600338,600339,600341,2,1
600338,600339,600341,2,1
600338,600339,600341,2,1
600338,600339,600341,2,1
600338,600339,600341,2,1
600338,600339,600341,2,1
600338,600339,600341,2,1
600338,600339,600341,2,1
600338,600339,600341,2,1
600338,600339,600341,2,1
600338,600339,600341,2,1
600338,600339,600341,2,1
600341,600341,600343,2,0
600341,600341,600343,2,0
600341,600341,600343,2,0
600341,600342,600343,1,1
600341,600342,600343,1,1
600341,600341,600343,2,0
600341,600341,600344,3,0
600341,600342,600345,3,1
600341,600342,600345,3,1
600341,600342,600345,3,1
600341,600342,600345,3,1
600341,600342,600345,3,1
600341,600342,600345,3,1
600341,600342,600345,3,1
600341,600341,600345,4,0
600341,600342,600345,3,1
600341,600342,600345,3,1
600341,600342,600345,3,1
600341,600342,600345,3,1
600341,600342,600345,3,1
600341,600342,600345,3,1
600341,600342,600345,3,1
600341,600342,600345,3,1
600341,600342,600345,3,1
600341,600342,600345,3,1
600341,600342,600345,3,1
600341,600341,600345,4,0
600341,600342,600345,3,1
600341,600342,600345,3,1
600341,600341,600345,4,0
600341,600341,600345,4,0
600341,600342,600345,3,1
600341,600342,600345,3,1
600341,600342,600345,3,1
600341,600342,600345,3,1
600341,600342,600345,3,1
600341,600342,600345,3,1
600341,600342,600346,4,1
600341,600341,600348,7,0
600341,600341,600385,44,0
600220,600231,600397,166,11
600245,600250,600398,148,5
600338,600339,600447,108,1
600338,600339,600448,109,1
600447,600448,600451,3,1
600447,600448,600451,3,1
600447,600448,600451,3,1
600447,600448,600451,3,1
600447,600448,600451,3,1
600447,600448,600451,3,1
600447,600448,600451,3,1
600447,600448,600451,3,1
600447,600448,600451,3,1
600447,600448,600450,2,1
600338,600339,600450,111,1
600447,600448,600451,3,1
600447,600448,600451,3,1
600447,600448,600451,3,1
600447,600448,600451,3,1
600447,600448,600452,4,1
600447,600448,600452,4,1
600447,600448,600452,4,1
600447,600448,600451,3,1
600447,600448,600452,4,1
600447,600448,600451,3,1
600447,600448,600451,3,1
600447,600448,600452,4,1
600447,600448,600452,4,1
600447,600448,600451,3,1
600447,600448,600452,4,1
600448,600448,600452,4,0
600448,600448,600452,4,0
600447,600448,600452,4,1
600447,600448,600452,4,1
600447,600448,600452,4,1
600447,600448,600452,4,1
600447,600448,600452,4,1
600447,600448,600452,4,1
600447,600448,600453,5,1
600447,600448,600453,5,1
600447,600448,600454,6,1
600447,600448,600453,5,1
600448,600451,600454,3,3
600448,600451,600453,2,3
600448,600451,600453,2,3
600448,600451,600456,5,3
600448,600451,600456,5,3
600448,600452,600456,4,4
600448,600452,600456,4,4
600448,600452,600456,4,4
600448,600452,600456,4,4
600448,600452,600456,4,4
600448,600453,600456,3,5
600448,600453,600456,3,5
600448,600451,600456,5,3
600448,600451,600456,5,3
600448,600451,600457,6,3
600448,600451,600456,5,3
600448,600451,600456,5,3
600448,600452,600456,4,4
600448,600452,600456,4,4
600448,600452,600456,4,4
600448,600452,600456,4,4
600448,600452,600456,4,4
600448,600452,600456,4,4
600448,600452,600456,4,4
600448,600453,600456,3,5
600448,600452,600457,5,4
600448,600452,600457,5,4
600448,600452,600456,4,4
600448,600453,600456,3,5
600448,600453,600456,3,5
600448,600451,600457,6,3
600448,600452,600457,5,4
600448,600452,600458,6,4
600115,600115,600459,344,0
600448,600453,600462,9,5
600448,600454,600462,8,6
600448,600454,600461,7,6
600448,600454,600462,8,6
600448,600454,600463,9,6
600119,600119,600469,350,0
600463,600463,600469,6,0
600463,600463,600469,6,0
600463,600463,600469,6,0
600463,600463,600469,6,0
600463,600463,600469,6,0
600463,600463,600469,6,0
600463,600463,600469,6,0
600463,600463,600469,6,0
600463,600463,600469,6,0
600463,600463,600469,6,0
600463,600463,600469,6,0
600463,600463,600469,6,0
600463,600463,600469,6,0
600463,600463,600469,6,0
600463,600463,600469,6,0
600463,600463,600469,6,0
600463,600463,600469,6,0
600463,600463,600469,6,0
600463,600463,600471,8,0
600463,600463,600470,7,0
600463,600469,600471,2,6
600463,600463,600472,9,0
600463,600463,600473,10,0
600463,600463,600472,9,0
600463,600470,600473,3,7
600447,600448,600476,28,1
600447,600448,600476,28,1
600471,600471,600476,5,0
600471,600471,600476,5,0
600471,600471,600476,5,0
600447,600448,600477,29,1
600471,600471,600477,6,0
600471,600471,600476,5,0
600471,600473,600479,6,2
600471,600473,600479,6,2
600463,600470,600479,9,7
600471,600471,600479,8,0
600471,600471,600479,8,0
600471,600471,600479,8,0
600471,600471,600479,8,0
600471,600471,600479,8,0
600471,600471,600479,8,0
600471,600471,600479,8,0
600471,600471,600479,8,0
600471,600471,600480,9,0
600471,600473,600480,7,2
600471,600473,600481,8,2
600471,600471,600481,10,0
600471,600476,600481,5,5
600471,600476,600481,5,5
600471,600476,600482,6,5
600471,600477,600482,5,6
600471,600476,600483,7,5
600471,600476,600483,7,5
600471,600477,600483,6,6
600471,600477,600483,6,6
600471,600480,600483,3,9
600471,600479,600484,5,8
600471,600479,600484,5,8
600471,600480,600484,4,9
600471,600479,600485,6,8
600471,600480,600487,7,9
600471,600480,600488,8,9
600471,600479,600488,9,8
600463,600463,600489,26,0
600463,600463,600489,26,0
600471,600479,600489,10,8
600463,600463,600493,30,0
600463,600463,600495,32,0
600463,600463,600495,32,0
600463,600463,600495,32,0
600463,600463,600496,33,0
600463,600463,600496,33,0
600463,600463,600496,33,0
600463,600463,600495,32,0
600463,600463,600496,33,0
600463,600463,600495,32,0
600463,600463,600496,33,0
600463,600464,600496,32,1
600447,600448,600503,55,1
600471,600471,600504,33,0
600471,600471,600508,37,0
600471,600471,600511,40,0
600447,600448,600511,63,1
600471,600479,600512,33,8
600190,600194,600535,341,4
600070,600071,600536,465,1
600536,600536,600538,2,0
600536,600536,600540,4,0
600536,600536,600540,4,0
600536,600536,600540,4,0
600536,600536,600540,4,0
600536,600536,600540,4,0
600536,600536,600540,4,0
600536,600536,600540,4,0
600536,600536,600540,4,0
600536,600536,600541,5,0
600536,600536,600540,4,0
600536,600536,600541,5,0
600536,600536,600541,5,0
600536,600536,600541,5,0
600536,600536,600541,5,0
600536,600536,600541,5,0
600536,600536,600541,5,0
600536,600536,600541,5,0
600536,600536,600541,5,0
600536,600536,600541,5,0
600536,600536,600542,6,0
600536,600536,600542,6,0
600536,600536,600542,6,0
600536,600536,600541,5,0
600536,600536,600541,5,0
600536,600536,600541,5,0
600536,600536,600541,5,0
600536,600536,600541,5,0
600536,600536,600541,5,0
600536,600536,600541,5,0
600536,600536,600541,5,0
600536,600536,600543,7,0
600536,600536,600543,7,0
600536,600536,600542,6,0
600536,600536,600542,6,0
600536,600536,600543,7,0
600536,600536,600544,8,0
600536,600536,600543,7,0
600536,600536,600543,7,0
600540,600541,600547,6,1
600540,600541,600547,6,1
600540,600541,600547,6,1
600540,600541,600547,6,1
600540,600541,600547,6,1
600540,600542,600548,6,2
600540,600541,600548,7,1
600540,600542,600548,6,2
600540,600542,600548,6,2
600540,600542,600548,6,2
600540,600543,600548,5,3
600540,600543,600548,5,3
600540,600544,600548,4,4
600540,600542,600548,6,2
600540,600541,600548,7,1
600540,600541,600549,8,1
600540,600542,600548,6,2
600540,600542,600548,6,2
600540,600542,600548,6,2
600540,600542,600548,6,2
600540,600542,600548,6,2
600540,600542,600548,6,2
600540,600542,600549,7,2
600540,600542,600548,6,2
600540,600543,600549,6,3
600540,600542,600549,7,2
600540,600542,600550,8,2
600540,600542,600550,8,2
600540,600542,600550,8,2
600540,600542,600550,8,2
600540,600543,600550,7,3
600540,600542,600551,9,2
600540,600544,600551,7,4
600540,600544,600553,9,4
600536,600536,600553,17,0
600540,600542,600553,11,2
600540,600541,600577,36,1
600540,600541,600580,39,1
600540,600544,600580,36,4
600540,600541,600582,41,1
600540,600541,600583,42,1
600224,600236,600610,374,12
600612,600612,600616,4,0
600612,600612,600616,4,0
600612,600612,600616,4,0
600612,600612,600616,4,0
600612,600612,600616,4,0
600612,600612,600616,4,0
600612,600612,600616,4,0
600612,600612,600616,4,0
600612,600612,600616,4,0
600612,600612,600616,4,0
600612,600612,600616,4,0
600612,600612,600616,4,0
600612,600612,600616,4,0
600612,600612,600616,4,0
600612,600612,600616,4,0
600612,600612,600616,4,0
600612,600612,600616,4,0
600612,600612,600616,4,0
600612,600612,600616,4,0
600612,600612,600616,4,0
600612,600612,600617,5,0
600612,600612,600616,4,0
600612,600612,600616,4,0
600612,600612,600616,4,0
600612,600612,600617,5,0
600612,600612,600616,4,0
600612,600612,600617,5,0
600612,600612,600617,5,0
600612,600612,600617,5,0
600612,600612,600617,5,0
600612,600612,600617,5,0
600612,600612,600618,6,0
600612,600612,600623,11,0
600612,600612,600623,11,0
600612,600612,600623,11,0
600612,600612,600623,11,0
600612,600612,600623,11,0
600612,600612,600625,13,0
600612,600612,600625,13,0
600612,600612,600626,14,0
600238,600241,600667,426,3
600670,600670,600674,4,0
600670,600670,600674,4,0
600670,600670,600674,4,0
600670,600670,600674,4,0
600670,600670,600674,4,0
600670,600670,600674,4,0
600670,600670,600674,4,0
600670,600670,600674,4,0
600670,600670,600674,4,0
600670,600670,600674,4,0
600670,600670,600674,4,0
600670,600670,600674,4,0
600670,600670,600674,4,0
600670,600670,600674,4,0
600670,600670,600674,4,0
600670,600670,600675,5,0
600670,600670,600675,5,0
600670,600670,600674,4,0
600670,600670,600674,4,0
600670,600670,600674,4,0
600670,600670,600675,5,0
600670,600670,600676,6,0
600670,600670,600676,6,0
600670,600670,600676,6,0
600670,600670,600676,6,0
600670,600670,600676,6,0
600670,600670,600676,6,0
600670,600670,600676,6,0
600670,600670,600676,6,0
600670,600670,600676,6,0
600670,600670,600677,7,0
600670,600670,600677,7,0
600670,600670,600676,6,0
600670,600670,600677,7,0
600670,600670,600677,7,0
600670,600670,600677,7,0
600670,600670,600677,7,0
600670,600670,600697,27,0
600670,600670,600698,28,0
600670,600670,600698,28,0
600268,600269,600703,434,1
600474,600480,600713,233,6
600453,600454,600715,261,1
600715,600716,600719,3,1
600715,600716,600719,3,1
600715,600716,600719,3,1
600715,600716,600719,3,1
600715,600716,600719,3,1
600715,600716,600719,3,1
600715,600716,600719,3,1
600715,600716,600719,3,1
600715,600716,600719,3,1
600715,600716,600719,3,1
600715,600716,600719,3,1
600715,600716,600719,3,1
600715,600716,600719,3,1
600715,600716,600719,3,1
600715,600717,600719,2,2
600715,600717,600719,2,2
600715,600716,600719,3,1
600715,600716,600719,3,1
600715,600716,600719,3,1
600715,600716,600719,3,1
600715,600716,600719,3,1
600715,600716,600719,3,1
600715,600716,600719,3,1
600715,600716,600720,4,1
600715,600716,600720,4,1
600715,600716,600720,4,1
600715,600716,600720,4,1
600715,600717,600720,3,2
600715,600717,600720,3,2
600715,600717,600720,3,2
600715,600716,600721,5,1
600719,600719,600722,3,0
600719,600720,600723,3,1
600719,600719,600723,4,0
600715,600716,600722,6,1
600719,600719,600723,4,0
600719,600719,600723,4,0
600715,600716,600723,7,1
600715,600716,600723,7,1
600715,600716,600723,7,1
600715,600716,600723,7,1
600719,600720,600724,4,1
600719,600720,600723,3,1
600719,600720,600723,3,1
600719,600720,600724,4,1
600719,600720,600723,3,1
600719,600721,600723,2,2
600719,600720,600723,3,1
600719,600720,600724,4,1
600719,600720,600723,3,1
600719,600720,600723,3,1
600719,600720,600724,4,1
600719,600720,600724,4,1
600719,600720,600724,4,1
600719,600720,600724,4,1
600719,600721,600724,3,2
600719,600723,600724,1,4
600719,600720,600725,5,1
600719,600722,600725,3,3
600719,600723,600725,2,4
600719,600721,600725,4,2
600715,600716,600724,8,1
600715,600716,600724,8,1
600719,600720,600724,4,1
600719,600720,600724,4,1
600719,600723,600724,1,4
600719,600723,600724,1,4
600719,600720,600724,4,1
600719,600721,600724,3,2
600719,600721,600724,3,2
600719,600721,600724,3,2
600719,600720,600724,4,1
600719,600720,600724,4,1
600719,600720,600724,4,1
600719,600720,600724,4,1
600719,600721,600726,5,2
600722,600724,600726,2,2
600722,600724,600726,2,2
600715,600716,600726,10,1
600715,600716,600726,10,1
600719,600724,600726,2,5
600719,600724,600726,2,5
600722,600724,600726,2,2
600722,600724,600727,3,2
600722,600724,600726,2,2
600722,600724,600727,3,2
600722,600724,600726,2,2
600722,600724,600728,4,2
600722,600724,600727,3,2
600722,600725,600728,3,3
600722,600725,600728,3,3
600722,600724,600728,4,2
600722,600726,600729,3,4
600722,600724,600729,5,2
600722,600725,600729,4,3
600722,600725,600729,4,3
600722,600725,600729,4,3
600722,600725,600729,4,3
600722,600725,600729,4,3
600722,600725,600729,4,3
600722,600724,600728,4,2
600722,600725,600730,5,3
600722,600725,600730,5,3
600722,600724,600730,6,2
600722,600725,600730,5,3
600722,600725,600730,5,3
600722,600725,600731,6,3
600722,600725,600731,6,3
600722,600725,600731,6,3
600722,600724,600731,7,2
600722,600725,600731,6,3
600722,600725,600731,6,3
600722,600725,600732,7,3
600722,600725,600736,11,3
600722,600725,600764,39,3
600722,600725,600764,39,3
600722,600725,600764,39,3
600722,600725,600764,39,3
600722,600725,600764,39,3
600722,600726,600764,38,4
600478,600481,600775,294,3
600465,600470,600777,307,5
600250,600251,600778,527,1
600777,600777,600778,1,0
600777,600777,600778,1,0
600777,600777,600779,2,0
600777,600777,600779,2,0
600777,600777,600779,2,0
600777,600777,600779,2,0
600777,600777,600779,2,0
600777,600777,600780,3,0
600777,600777,600779,2,0
600777,600777,600779,2,0
600777,600777,600779,2,0
600777,600777,600779,2,0
600777,600777,600780,3,0
600777,600777,600780,3,0
600777,600777,600779,2,0
600777,600777,600780,3,0
600777,600777,600780,3,0
600777,600777,600780,3,0
600777,600777,600781,4,0
600777,600777,600780,3,0
600777,600777,600780,3,0
600777,600777,600781,4,0
600777,600777,600781,4,0
600777,600777,600781,4,0
600777,600777,600781,4,0
600777,600777,600781,4,0
600777,600777,600780,3,0
600777,600777,600782,5,0
600777,600777,600781,4,0
600777,600777,600781,4,0
600777,600777,600781,4,0
600777,600777,600782,5,0
600777,600777,600781,4,0
600777,600777,600781,4,0
600450,600454,600782,328,4
600777,600777,600783,6,0
600777,600777,600783,6,0
600271,600271,600783,512,0
600777,600777,600786,9,0
600777,600777,600786,9,0
600777,600777,600786,9,0
600777,600777,600786,9,0
600789,600789,600792,3,0
600789,600789,600792,3,0
600789,600789,600792,3,0
600789,600790,600792,2,1
600789,600789,600793,4,0
600789,600789,600793,4,0
600789,600789,600793,4,0
600789,600789,600794,5,0
600789,600789,600794,5,0
600789,600789,600794,5,0
600789,600789,600794,5,0
600789,600789,600794,5,0
600789,600789,600794,5,0
600789,600789,600794,5,0
600789,600789,600794,5,0
600789,600790,600794,4,1
600789,600789,600794,5,0
600789,600789,600794,5,0
600789,600789,600794,5,0
600789,600789,600795,6,0
600789,600789,600794,5,0
600789,600789,600794,5,0
600789,600789,600794,5,0
600789,600789,600795,6,0
600789,600790,600794,4,1
600789,600789,600794,5,0
600789,600789,600794,5,0
600789,600790,600795,5,1
600789,600790,600794,4,1
600789,600790,600794,4,1
600789,600790,600794,4,1
600789,600793,600795,2,4
600789,600789,600795,6,0
600789,600789,600795,6,0
600789,600789,600795,6,0
600789,600790,600795,5,1
600789,600793,600795,2,4
600789,600793,600795,2,4
600789,600793,600795,2,4
600789,600789,600795,6,0
600789,600795,600796,1,6
600789,600796,600797,1,7
600789,600796,600797,1,7
600789,600796,600797,1,7
600789,600789,600797,8,0
600789,600795,600797,2,6
600789,600795,600797,2,6
600789,600795,600797,2,6
600789,600795,600797,2,6
600789,600795,600797,2,6
600789,600795,600797,2,6
600789,600790,600797,7,1
600789,600795,600797,2,6
600789,600795,600797,2,6
600789,600795,600797,2,6
600789,600789,600797,8,0
600789,600794,600797,3,5
600789,600795,600797,2,6
600789,600795,600797,2,6
600789,600795,600797,2,6
600789,600795,600797,2,6
600789,600794,600797,3,5
600789,600794,600797,3,5
600789,600795,600797,2,6
600789,600795,600798,3,6
600789,600795,600797,2,6
600789,600795,600797,2,6
600789,600795,600797,2,6
600789,600795,600797,2,6
600789,600795,600798,3,6
600789,600795,600798,3,6
600789,600795,600798,3,6
600789,600795,600798,3,6
600789,600795,600798,3,6
600789,600789,600799,10,0
600789,600789,600799,10,0
600789,600789,600800,11,0
600789,600789,600801,12,0
600789,600789,600802,13,0
600789,600789,600802,13,0
600382,600387,600804,417,5
600805,600805,600808,3,0
600805,600805,600808,3,0
600805,600805,600808,3,0
600805,600805,600808,3,0
600805,600805,600808,3,0
600805,600805,600808,3,0
600805,600805,600808,3,0
600805,600805,600808,3,0
600805,600805,600808,3,0
600805,600805,600808,3,0
600805,600805,600808,3,0
600805,600805,600808,3,0
600805,600805,600808,3,0
600805,600805,600808,3,0
600805,600805,600808,3,0
600805,600805,600808,3,0
600805,600805,600808,3,0
600805,600805,600808,3,0
600805,600805,600808,3,0
600805,600805,600808,3,0
600805,600805,600808,3,0
600805,600805,600808,3,0
600805,600805,600808,3,0
600805,600805,600808,3,0
600805,600805,600808,3,0
600805,600805,600808,3,0
600805,600805,600808,3,0
600805,600805,600808,3,0
600805,600805,600808,3,0
600805,600805,600808,3,0
600805,600805,600808,3,0
600805,600805,600809,4,0
600805,600805,600808,3,0
600805,600805,600808,3,0
600805,600805,600808,3,0
600805,600805,600808,3,0
600805,600805,600808,3,0
600805,600805,600808,3,0
600805,600805,600809,4,0
600805,600805,600809,4,0
600341,600341,600811,470,0
600543,600547,600812,265,4
600539,600540,600813,273,1
600318,600318,600813,495,0
600308,600308,600814,506,0
600814,600814,600815,1,0
600814,600814,600815,1,0
600814,600814,600815,1,0
600814,600814,600815,1,0
600814,600814,600815,1,0
600814,600814,600816,2,0
600814,600814,600815,1,0
600814,600814,600816,2,0
600814,600814,600816,2,0
600814,600814,600816,2,0
600814,600814,600816,2,0
600814,600814,600816,2,0
600814,600814,600816,2,0
600814,600814,600815,1,0
600814,600814,600816,2,0
600814,600814,600816,2,0
600814,600814,600816,2,0
600814,600814,600816,2,0
600814,600814,600816,2,0
600814,600814,600816,2,0
600814,600814,600816,2,0
600814,600814,600816,2,0
600814,600815,600816,1,1
600814,600814,600816,2,0
600814,600814,600816,2,0
600814,600814,600816,2,0
600814,600814,600816,2,0
600814,600814,600816,2,0
600814,600814,600816,2,0
600814,600814,600816,2,0
600814,600814,600816,2,0
600814,600814,600816,2,0
600814,600814,600816,2,0
600814,600814,600816,2,0
600814,600814,600816,2,0
600814,600814,600816,2,0
600814,600815,600816,1,1
600814,600814,600816,2,0
600814,600814,600816,2,0
600814,600814,600816,2,0
600814,600814,600816,2,0
600814,600815,600816,1,1
600814,600815,600816,1,1
600253,600253,600816,563,0
600814,600816,600817,1,2
600814,600816,600817,1,2
600814,600816,600817,1,2
600814,600816,600817,1,2
600814,600816,600817,1,2
600814,600817,600818,1,3
600814,600817,600818,1,3
600814,600817,600818,1,3
600814,600816,600817,1,2
600814,600817,600818,1,3
600814,600816,600817,1,2
600814,600816,600818,2,2
600814,600816,600818,2,2
600814,600816,600818,2,2
600814,600816,600818,2,2
600814,600816,600818,2,2
600814,600816,600818,2,2
600814,600816,600818,2,2
600815,600817,600818,1,2
600815,600817,600818,1,2
600815,600817,600818,1,2
600815,600817,600818,1,2
600814,600817,600818,1,3
600814,600817,600818,1,3
600814,600817,600818,1,3
600815,600817,600818,1,2
600815,600817,600818,1,2
600815,600817,600819,2,2
600815,600817,600819,2,2
600814,600817,600818,1,3
600814,600817,600818,1,3
600814,600817,600819,2,3
600814,600817,600819,2,3
600815,600817,600819,2,2
600815,600817,600819,2,2
600815,600817,600819,2,2
600815,600817,600819,2,2
600815,600817,600819,2,2
600815,600817,600819,2,2
600815,600818,600819,1,3
600815,600818,600819,1,3
600815,600818,600819,1,3
600815,600818,600819,1,3
600815,600818,600819,1,3
600815,600818,600819,1,3
600815,600819,600820,1,4
600815,600818,600819,1,3
600815,600818,600819,1,3
600815,600818,600819,1,3
600815,600818,600819,1,3
600815,600819,600820,1,4
600815,600819,600820,1,4
600815,600819,600820,1,4
600815,600818,600819,1,3
600815,600818,600819,1,3
600815,600819,600820,1,4
600815,600818,600820,2,3
600815,600818,600820,2,3
600815,600818,600820,2,3
600815,600818,600820,2,3
600815,600818,600820,2,3
600815,600818,600820,2,3
600815,600819,600820,1,4
600815,600820,600821,1,5
600815,600819,600821,2,4
600815,600819,600821,2,4
600815,600819,600821,2,4
600815,600819,600821,2,4
600815,600819,600820,1,4
600815,600819,600820,1,4
600815,600819,600820,1,4
600815,600819,600820,1,4
600815,600819,600820,1,4
600815,600820,600821,1,5
600815,600820,600821,1,5
600815,600819,600820,1,4
600815,600819,600821,2,4
600815,600819,600821,2,4
600815,600819,600821,2,4
600815,600819,600821,2,4
600815,600819,600821,2,4
600815,600819,600821,2,4
600815,600820,600821,1,5
600815,600820,600821,1,5
600815,600820,600821,1,5
600815,600820,600821,1,5
600815,600820,600821,1,5
600815,600820,600821,1,5
600815,600820,600821,1,5
600815,600820,600822,2,5
600815,600820,600821,1,5
600815,600820,600821,1,5
600815,600820,600821,1,5
600815,600820,600822,2,5
600815,600820,600821,1,5
600815,600821,600822,1,6
600815,600821,600822,1,6
600815,600821,600822,1,6
600814,600820,600822,2,6
600814,600820,600822,2,6
600814,600821,600822,1,7
600814,600821,600822,1,7
600814,600821,600822,1,7
600814,600821,600822,1,7
600815,600821,600822,1,6
600815,600821,600822,1,6
600815,600821,600822,1,6
600815,600821,600822,1,6
600815,600821,600822,1,6
600815,600821,600822,1,6
600814,600814,600823,9,0
600814,600814,600823,9,0
600814,600814,600823,9,0
600815,600821,600822,1,6
600818,600821,600823,2,3
600818,600821,600823,2,3
600818,600821,600823,2,3
600818,600821,600823,2,3
600818,600822,600823,1,4
600818,600822,600823,1,4
600818,600822,600824,2,4
600818,600822,600824,2,4
600818,600823,600824,1,5
600818,600823,600824,1,5
600818,600822,600823,1,4
600818,600822,600824,2,4
600818,600822,600824,2,4
600818,600822,600824,2,4
600818,600822,600824,2,4
600814,600814,600824,10,0
600814,600814,600824,10,0
600814,600814,600824,10,0
600818,600821,600824,3,3
600818,600821,600824,3,3
600818,600821,600824,3,3
600315,600315,600824,509,0
600818,600821,600824,3,3
600818,600822,600824,2,4
600818,600822,600824,2,4
600818,600822,600824,2,4
600818,600822,600824,2,4
600818,600822,600824,2,4
600818,600822,600824,2,4
600818,600822,600824,2,4
600818,600822,600824,2,4
600818,600822,600824,2,4
600818,600822,600824,2,4
600818,600823,600824,1,5
600818,600823,600824,1,5
600818,600823,600824,1,5
600818,600823,600824,1,5
600818,600823,600824,1,5
600818,600823,600824,1,5
600818,600822,600824,2,4
600818,600822,600824,2,4
600818,600822,600824,2,4
600818,600822,600824,2,4
600818,600823,600824,1,5
600819,600823,600824,1,4
600819,600823,600824,1,4
600819,600823,600824,1,4
600819,600824,600825,1,5
600819,600825,600826,1,6
600819,600825,600826,1,6
600819,600825,600826,1,6
600819,600825,600826,1,6
600819,600824,600825,1,5
600819,600824,600825,1,5
600819,600824,600825,1,5
600819,600824,600825,1,5
600819,600825,600826,1,6
600820,600825,600826,1,5
600615,600615,600825,210,0
600819,600824,600825,1,5
600819,600824,600825,1,5
600819,600824,600826,2,5
600819,600824,600826,2,5
600819,600824,600825,1,5
600819,600824,600825,1,5
600819,600824,600825,1,5
600819,600824,600826,2,5
600819,600824,600826,2,5
600819,600825,600826,1,6
600819,600825,600826,1,6
600819,600825,600827,2,6
600819,600825,600827,2,6
600819,600825,600826,1,6
600819,600825,600826,1,6
600819,600825,600826,1,6
600819,600825,600826,1,6
600819,600825,600826,1,6
600820,600825,600826,1,5
600820,600825,600827,2,5
600820,600825,600827,2,5
600820,600825,600827,2,5
600820,600825,600827,2,5
600820,600825,600827,2,5
600820,600825,600827,2,5
600820,600825,600827,2,5
600820,600825,600827,2,5
600820,600825,600826,1,5
600820,600825,600827,2,5
600820,600825,600826,1,5
600820,600825,600827,2,5
600820,600826,600827,1,6
600820,600827,600828,1,7
600820,600827,600828,1,7
600820,600827,600828,1,7
600820,600827,600828,1,7
600820,600827,600828,1,7
600820,600826,600827,1,6
600820,600826,600827,1,6
600820,600826,600827,1,6
600820,600826,600827,1,6
600820,600826,600827,1,6
600820,600827,600828,1,7
600821,600827,600828,1,6
600820,600826,600827,1,6
600820,600826,600827,1,6
600820,600826,600828,2,6
600820,600826,600827,1,6
600820,600826,600828,2,6
600820,600826,600827,1,6
600821,600827,600828,1,6
600820,600826,600827,1,6
600820,600826,600828,2,6
600820,600826,600828,2,6
600820,600826,600827,1,6
600821,600827,600828,1,6
600820,600826,600828,2,6
600820,600826,600828,2,6
600820,600826,600828,2,6
600344,600344,600828,484,0
600820,600827,600828,1,7
600821,600827,600828,1,6
600821,600827,600828,1,6
600821,600827,600828,1,6
600821,600827,600828,1,6
600821,600828,600830,2,7
600821,600828,600830,2,7
600821,600828,600830,2,7
600821,600828,600830,2,7
600821,600828,600830,2,7
600821,600827,600830,3,6
600821,600827,600830,3,6
600821,600828,600830,2,7
600821,600828,600830,2,7
600821,600828,600830,2,7
600821,600827,600830,3,6
600821,600827,600830,3,6
600821,600827,600830,3,6
600821,600827,600830,3,6
600821,600827,600830,3,6
600821,600827,600830,3,6
600821,600827,600830,3,6
600821,600827,600830,3,6
600819,600823,600830,7,4
600819,600823,600830,7,4
600819,600823,600830,7,4
600827,600829,600831,2,2
600827,600829,600831,2,2
600821,600828,600831,3,7
600821,600828,600831,3,7
600821,600828,600831,3,7
600821,600828,600831,3,7
600821,600827,600830,3,6
600821,600828,600831,3,7
600827,600829,600831,2,2
600821,600828,600831,3,7
600821,600828,600831,3,7
600821,600828,600831,3,7
600827,600829,600831,2,2
600827,600829,600831,2,2
600827,600829,600831,2,2
600827,600830,600831,1,3
600827,600828,600831,3,1
600821,600828,600831,3,7
600821,600828,600831,3,7
600821,600828,600831,3,7
600827,600828,600831,3,1
600827,600828,600831,3,1
600827,600828,600831,3,1
600827,600830,600831,1,3
600819,600824,600831,7,5
600819,600825,600831,6,6
600819,600825,600831,6,6
600827,600830,600832,2,3
600827,600830,600831,1,3
600827,600830,600832,2,3
600827,600830,600832,2,3
600827,600830,600832,2,3
600827,600831,600832,1,4
600827,600831,600832,1,4
600827,600830,600831,1,3
600827,600830,600831,1,3
600827,600830,600831,1,3
600827,600831,600832,1,4
600827,600831,600832,1,4
600312,600315,600832,517,3
600821,600828,600831,3,7
600821,600828,600831,3,7
600821,600828,600831,3,7
600827,600831,600832,1,4
600827,600830,600831,1,3
600828,600831,600832,1,3
600827,600831,600832,1,4
600827,600831,600832,1,4
600827,600830,600832,2,3
600827,600831,600832,1,4
600827,600831,600832,1,4
600827,600831,600832,1,4
600827,600831,600832,1,4
600827,600831,600833,2,4
600828,600831,600833,2,3
600827,600831,600833,2,4
600828,600831,600833,2,3
600828,600831,600833,2,3
600828,600831,600833,2,3
600828,600831,600833,2,3
600828,600831,600833,2,3
600828,600831,600833,2,3
600828,600833,600834,1,5
600827,600831,600833,2,4
600828,600833,600834,1,5
600828,600832,600833,1,4
600828,600832,600833,1,4
600828,600832,600834,2,4
600828,600832,600833,1,4
600828,600833,600834,1,5
600828,600832,600833,1,4
600828,600832,600834,2,4
600828,600832,600834,2,4
600828,600832,600834,2,4
600828,600832,600834,2,4
600828,600833,600834,1,5
600828,600833,600834,1,5
600828,600833,600834,1,5
600828,600832,600834,2,4
600828,600832,600834,2,4
600828,600832,600834,2,4
600828,600832,600834,2,4
600828,600832,600834,2,4
600828,600832,600834,2,4
600828,600832,600834,2,4
600828,600833,600834,1,5
600828,600833,600834,1,5
600828,600833,600834,1,5
600828,600833,600834,1,5
600828,600833,600834,1,5
600828,600833,600834,1,5
600834,600834,600836,2,0
600834,600834,600836,2,0
600834,600834,600835,1,0
600834,600834,600836,2,0
600834,600834,600836,2,0
600834,600834,600836,2,0
600834,600834,600836,2,0
600834,600834,600836,2,0
600834,600834,600836,2,0
600834,600834,600835,1,0
600834,600834,600836,2,0
600834,600834,600836,2,0
600834,600834,600836,2,0
600834,600834,600836,2,0
600834,600834,600836,2,0
600834,600834,600836,2,0
600834,600834,600836,2,0
600834,600834,600836,2,0
600834,600834,600836,2,0
600834,600834,600836,2,0
600834,600834,600836,2,0
600834,600834,600836,2,0
600834,600834,600836,2,0
600827,600830,600836,6,3
600827,600830,600836,6,3
600827,600830,600837,7,3
600827,600830,600837,7,3
600834,600835,600836,1,1
600834,600835,600836,1,1
600834,600835,600836,1,1
600834,600835,600836,1,1
600834,600835,600836,1,1
600834,600835,600836,1,1
600834,600835,600836,1,1
600834,600835,600836,1,1
600834,600835,600836,1,1
600834,600835,600836,1,1
600834,600835,600836,1,1
600828,600832,600837,5,4
600828,600832,600837,5,4
600828,600832,600837,5,4
600673,600673,600838,165,0
600819,600825,600839,14,6
600347,600347,600838,491,0
600834,600834,600839,5,0
600834,600834,600839,5,0
600834,600834,600839,5,0
600834,600834,600839,5,0
600834,600834,600840,6,0
600834,600834,600840,6,0
600819,600825,600842,17,6
600819,600825,600843,18,6
600855,600856,600858,2,1
600855,600856,600858,2,1
600855,600856,600858,2,1
600855,600856,600858,2,1
600855,600856,600858,2,1
600855,600856,600858,2,1
600855,600856,600858,2,1
600855,600856,600859,3,1
600855,600856,600858,2,1
600855,600856,600858,2,1
600855,600856,600859,3,1
600855,600856,600859,3,1
600855,600856,600860,4,1
600855,600856,600860,4,1
600857,600857,600860,3,0
600857,600857,600860,3,0
600855,600856,600860,4,1
600855,600856,600860,4,1
600855,600856,600860,4,1
600855,600856,600860,4,1
600855,600856,600860,4,1
600857,600857,600860,3,0
600855,600856,600860,4,1
600855,600856,600860,4,1
600855,600856,600860,4,1
600855,600856,600860,4,1
600857,600857,600860,3,0
600857,600857,600860,3,0
600855,600856,600860,4,1
600855,600856,600860,4,1
600855,600856,600860,4,1
600857,600857,600860,3,0
600857,600857,600860,3,0
600857,600857,600860,3,0
600857,600857,600860,3,0
600855,600856,600860,4,1
600855,600856,600860,4,1
600855,600856,600860,4,1
600857,600857,600861,4,0
600855,600856,600861,5,1
600855,600856,600860,4,1
600855,600856,600860,4,1
600855,600856,600860,4,1
600855,600856,600861,5,1
600855,600856,600860,4,1
600855,600856,600860,4,1
600855,600856,600861,5,1
600855,600856,600860,4,1
600857,600857,600860,3,0
600857,600859,600861,2,2
600857,600857,600861,4,0
600857,600857,600861,4,0
600857,600858,600861,3,1
600857,600859,600861,2,2
600857,600859,600861,2,2
600857,600859,600861,2,2
600857,600860,600861,1,3
600855,600856,600861,5,1
600855,600856,600861,5,1
600857,600858,600862,4,1
600857,600858,600861,3,1
600857,600859,600862,3,2
600857,600858,600862,4,1
600857,600861,600862,1,4
600857,600861,600862,1,4
600857,600861,600862,1,4
600857,600861,600862,1,4
600857,600861,600862,1,4
600857,600859,600862,3,2
600857,600859,600862,3,2
600857,600861,600863,2,4
600857,600861,600863,2,4
600857,600861,600863,2,4
600857,600861,600863,2,4
600857,600861,600863,2,4
600857,600861,600863,2,4
600857,600861,600863,2,4
600857,600861,600863,2,4
600857,600861,600863,2,4
600857,600861,600863,2,4
600872,600873,600874,1,1
600872,600873,600875,2,1
600872,600873,600875,2,1
600872,600873,600875,2,1
600872,600873,600875,2,1
600872,600873,600875,2,1
600872,600873,600875,2,1
600872,600873,600875,2,1
600872,600873,600875,2,1
600872,600873,600875,2,1
600872,600873,600875,2,1
600872,600873,600875,2,1
600872,600873,600875,2,1
600872,600873,600875,2,1
600872,600873,600875,2,1
600872,600873,600875,2,1
600872,600873,600875,2,1
600872,600873,600875,2,1
600872,600873,600876,3,1
600872,600873,600876,3,1
600872,600873,600876,3,1
600872,600873,600876,3,1
600872,600873,600876,3,1
600872,600873,600876,3,1
600872,600873,600876,3,1
600872,600873,600876,3,1
600872,600873,600876,3,1
600872,600873,600876,3,1
600872,600873,600877,4,1
600872,600873,600877,4,1
600872,600873,600877,4,1
600872,600873,600877,4,1
600872,600873,600877,4,1
600872,600873,600877,4,1
600872,600873,600882,9,1
600872,600873,600885,12,1
600872,600873,600888,15,1
600872,600873,600892,19,1
600872,600873,600892,19,1
600872,600873,600892,19,1
600263,600263,600894,631,0
600902,600902,600904,2,0
600902,600902,600904,2,0
600902,600902,600904,2,0
600902,600902,600905,3,0
600902,600902,600904,2,0
600902,600902,600904,2,0
600902,600902,600904,2,0
600902,600902,600904,2,0
600902,600902,600904,2,0
600902,600902,600904,2,0
600902,600902,600905,3,0
600902,600902,600905,3,0
600902,600902,600905,3,0
600902,600902,600905,3,0
600902,600902,600905,3,0
600902,600902,600905,3,0
600902,600902,600904,2,0
600902,600902,600905,3,0
600902,600902,600905,3,0
600902,600902,600905,3,0
600902,600902,600905,3,0
600902,600902,600905,3,0
600902,600902,600906,4,0
600902,600902,600905,3,0
600902,600902,600905,3,0
600902,600902,600906,4,0
600902,600902,600906,4,0
600902,600902,600905,3,0
600902,600902,600905,3,0
600902,600902,600906,4,0
600902,600902,600906,4,0
600902,600902,600907,5,0
600902,600905,600907,2,3
600902,600905,600907,2,3
600902,600905,600907,2,3
600902,600905,600907,2,3
600902,600902,600925,23,0
600902,600902,600926,24,0
600725,600726,600928,202,1
600902,600902,600928,26,0
600902,600902,600931,29,0
600929,600930,600933,3,1
600929,600930,600933,3,1
600929,600930,600933,3,1
600929,600930,600933,3,1
600929,600930,600933,3,1
600929,600930,600933,3,1
600929,600930,600933,3,1
600929,600930,600933,3,1
600929,600930,600933,3,1
600929,600930,600933,3,1
600929,600930,600933,3,1
600929,600930,600933,3,1
600929,600930,600933,3,1
600929,600930,600933,3,1
600929,600930,600933,3,1
600929,600930,600933,3,1
600929,600930,600933,3,1
600929,600930,600933,3,1
600929,600930,600933,3,1
600929,600930,600933,3,1
600929,600930,600933,3,1
600929,600930,600933,3,1
600929,600930,600933,3,1
600929,600930,600933,3,1
600929,600930,600933,3,1
600929,600930,600934,4,1
600929,600930,600935,5,1
600929,600930,600935,5,1
600929,600930,600938,8,1
600929,600930,600938,8,1
600300,600300,600941,641,0
600929,600930,600943,13,1
600929,600930,600943,13,1
600929,600930,600944,14,1
600962,600963,600965,2,1
600962,600963,600965,2,1
600962,600963,600965,2,1
600393,600393,600965,572,0
600962,600963,600966,3,1
600962,600963,600966,3,1
600962,600963,600965,2,1
600962,600963,600966,3,1
600962,600963,600967,4,1
600962,600963,600967,4,1
600962,600963,600967,4,1
600962,600963,600967,4,1
600962,600963,600967,4,1
600962,600963,600967,4,1
600962,600963,600967,4,1
600962,600963,600967,4,1
600962,600963,600967,4,1
600962,600963,600967,4,1
600962,600963,600967,4,1
600962,600963,600967,4,1
600962,600963,600967,4,1
600962,600963,600967,4,1
600962,600963,600967,4,1
600962,600963,600967,4,1
600962,600963,600967,4,1
600962,600963,600967,4,1
600962,600963,600968,5,1
600962,600963,600968,5,1
600962,600963,600968,5,1
600962,600963,600968,5,1
600966,600966,600969,3,0
600966,600966,600969,3,0
600962,600966,600969,3,4
600962,600966,600969,3,4
600962,600966,600969,3,4
600962,600963,600970,7,1
600962,600963,600971,8,1
600962,600963,600972,9,1
600962,600963,600972,9,1
600962,600963,600971,8,1
600962,600966,600972,6,4
600966,600968,600972,4,2
600966,600967,600972,5,1
600966,600968,600971,3,2
600966,600968,600972,4,2
600966,600968,600972,4,2
600966,600968,600972,4,2
600962,600963,600972,9,1
600966,600968,600972,4,2
600966,600968,600972,4,2
600966,600968,600973,5,2
600966,600968,600972,4,2
600966,600968,600972,4,2
600966,600968,600973,5,2
600962,600966,600972,6,4
600966,600968,600972,4,2
600966,600968,600973,5,2
600966,600968,600973,5,2
600966,600968,600973,5,2
600966,600968,600972,4,2
600966,600969,600973,4,3
600966,600969,600972,3,3
600966,600971,600973,2,5
600966,600969,600974,5,3
600966,600970,600974,4,4
600966,600972,600974,2,6
600966,600969,600974,5,3
600966,600969,600974,5,3
600966,600972,600975,3,6
600966,600972,600975,3,6
600966,600972,600975,3,6
600966,600972,600976,4,6
600966,600972,600976,4,6
600966,600972,600976,4,6
600966,600972,600978,6,6
600966,600972,600978,6,6
600778,600778,600979,201,0
600966,600969,600974,5,3
600385,600385,600982,597,0
600966,600968,600988,20,2
600984,600984,600989,5,0
600984,600984,600988,4,0
600984,600984,600990,6,0
600984,600984,600989,5,0
600984,600984,600990,6,0
600984,600984,600989,5,0
600984,600984,600990,6,0
600984,600984,600990,6,0
600984,600984,600990,6,0
600984,600984,600990,6,0
600984,600984,600990,6,0
600984,600984,600990,6,0
600984,600984,600990,6,0
600984,600984,600990,6,0
600984,600984,600990,6,0
600984,600984,600990,6,0
600966,600970,600991,21,4
600984,600984,600991,7,0
600984,600984,600993,9,0
600929,600930,600993,63,1
600984,600984,600993,9,0
600984,600984,600993,9,0
600984,600984,600993,9,0
600966,600972,600994,22,6
600984,600984,600994,10,0
600984,600984,600993,9,0
600984,600984,600994,10,0
600984,600989,600995,6,5
600984,600989,600995,6,5
600984,600990,600997,7,6
600984,600990,600997,7,6
600988,600991,600997,6,3
600988,600991,600997,6,3
600984,600990,600998,8,6
600984,600991,600997,6,7
600984,600990,600998,8,6
600988,600991,600998,7,3
600988,600991,600998,7,3
600929,600930,600999,69,1
600966,600970,600999,29,4
600984,600991,600999,8,7
600988,600991,600999,8,3
600988,600991,600999,8,3
600988,600991,600999,8,3
600984,600984,601000,16,0
600988,600992,601001,9,4
600988,600993,601001,8,5
600929,600930,601002,72,1
600984,600984,601003,19,0
600988,600994,601004,10,6
600988,600994,601004,10,6
600988,600995,601004,9,7
600929,600930,601004,74,1
600984,600984,601004,20,0
600988,600994,601005,11,6
600988,600997,601005,8,9
600988,600996,601006,10,8
600988,600999,601006,7,11
600988,600997,601006,9,9
600988,600998,601007,9,10
600988,600998,601007,9,10
600988,601000,601008,8,12
600988,601002,601007,5,14
600988,600998,601008,10,10
600988,600999,601007,8,11
600988,601000,601007,7,12
600988,601000,601007,7,12
600988,601001,601007,6,13
600984,600989,601006,17,5
600988,600992,601008,16,4
600988,600999,601008,9,11
600988,600999,601011,12,11
600988,601003,601011,8,15
600988,600994,601011,17,6
600988,600998,601011,13,10
600984,600984,601011,27,0
600984,600984,601011,27,0
600984,600984,601011,27,0
600988,600994,601012,18,6
600988,600998,601011,13,10
600984,600984,601012,28,0
600988,601000,601013,13,12
600988,601004,601014,10,16
600274,600274,601018,744,0
600988,600994,601018,24,6
600929,600930,601019,89,1
600988,600994,601019,25,6
600988,600994,601021,27,6
600276,600276,601023,747,0
600929,600930,601023,93,1
600988,600999,601024,25,11
600929,600930,601026,96,1
601026,601026,601029,3,0
601026,601026,601029,3,0
601026,601026,601030,4,0
601026,601026,601030,4,0
601026,601026,601029,3,0
601026,601026,601030,4,0
601026,601026,601030,4,0
601026,601026,601030,4,0
601026,601026,601030,4,0
601026,601026,601030,4,0
601026,601026,601029,3,0
601026,601026,601030,4,0
601026,601026,601030,4,0
601026,601026,601030,4,0
601026,601026,601030,4,0
601026,601026,601029,3,0
601026,601026,601029,3,0
601026,601026,601030,4,0
601026,601026,601030,4,0
601026,601026,601030,4,0
601026,601026,601030,4,0
601026,601026,601030,4,0
601026,601026,601031,5,0
601026,601026,601031,5,0
601026,601026,601031,5,0
601026,601026,601031,5,0
601026,601026,601031,5,0
601026,601026,601030,4,0
601026,601026,601031,5,0
601026,601026,601031,5,0
601026,601026,601032,6,0
601026,601026,601032,6,0
601026,601026,601034,8,0
601026,601026,601036,10,0
601026,601026,601036,10,0
601026,601026,601036,10,0
601026,601026,601036,10,0
601036,601036,601039,3,0
601036,601036,601039,3,0
601036,601036,601039,3,0
601036,601036,601039,3,0
601036,601036,601039,3,0
601036,601036,601040,4,0
601036,601036,601040,4,0
601036,601036,601040,4,0
601036,601036,601040,4,0
601036,601036,601040,4,0
601036,601036,601041,5,0
601036,601036,601041,5,0
601036,601036,601041,5,0
601036,601036,601040,4,0
601036,601036,601040,4,0
601036,601036,601041,5,0
601036,601036,601041,5,0
601036,601036,601041,5,0
601036,601036,601041,5,0
601036,601036,601041,5,0
601036,601036,601041,5,0
601036,601036,601041,5,0
601036,601036,601041,5,0
601036,601036,601041,5,0
601036,601036,601042,6,0
600302,600302,601042,740,0
601036,601036,601042,6,0
601036,601036,601042,6,0
601036,601036,601042,6,0
601036,601036,601041,5,0
601036,601036,601041,5,0
601036,601036,601042,6,0
601036,601036,601042,6,0
601036,601039,601042,3,3
601036,601036,601042,6,0
601036,601039,601042,3,3
601036,601036,601042,6,0
601036,601037,601043,6,1
601026,601026,601045,19,0
601026,601026,601044,18,0
601026,601026,601045,19,0
601036,601036,601048,12,0
601046,601046,601049,3,0
601046,601046,601049,3,0
601046,601046,601049,3,0
601046,601046,601049,3,0
601046,601046,601050,4,0
601046,601046,601050,4,0
601046,601046,601050,4,0
601046,601046,601050,4,0
601046,601046,601050,4,0
601046,601046,601050,4,0
601046,601046,601050,4,0
601046,601046,601050,4,0
601046,601046,601050,4,0
601046,601046,601050,4,0
601046,601046,601050,4,0
601046,601046,601051,5,0
601046,601046,601051,5,0
601046,601046,601051,5,0
601046,601046,601051,5,0
601046,601046,601051,5,0
601046,601046,601051,5,0
601046,601046,601051,5,0
601046,601046,601051,5,0
601046,601046,601051,5,0
601046,601049,601051,2,3
601046,601046,601051,5,0
601046,601046,601052,6,0
601046,601046,601051,5,0
601046,601046,601051,5,0
601046,601046,601052,6,0
600286,600286,601052,766,0
600280,600280,601054,774,0
600290,600290,601054,764,0
601046,601046,601054,8,0
601046,601051,601056,5,5
600389,600389,601056,667,0
601046,601051,601057,6,5
600295,600295,601057,762,0
601046,601051,601058,7,5
601055,601055,601058,3,0
601055,601055,601058,3,0
601055,601055,601058,3,0
601055,601055,601058,3,0
601055,601055,601059,4,0
601055,601055,601058,3,0
601055,601056,601058,2,1
601055,601056,601058,2,1
601036,601036,601059,23,0
601055,601055,601059,4,0
601055,601055,601059,4,0
601055,601055,601059,4,0
601055,601055,601059,4,0
601055,601055,601059,4,0
601055,601055,601059,4,0
601055,601055,601059,4,0
601055,601055,601059,4,0
601055,601058,601059,1,3
601055,601055,601060,5,0
601055,601055,601060,5,0
601055,601055,601060,5,0
601055,601055,601060,5,0
601055,601055,601060,5,0
601055,601055,601060,5,0
601055,601055,601060,5,0
601055,601055,601060,5,0
601055,601055,601060,5,0
601055,601055,601061,6,0
601055,601055,601061,6,0
601055,601057,601061,4,2
601055,601059,601061,2,4
601055,601059,601062,3,4
601056,601059,601061,2,3
601056,601059,601061,2,3
601056,601059,601062,3,3
601056,601059,601061,2,3
601056,601059,601061,2,3
601055,601056,601062,6,1
601055,601058,601062,4,3
601055,601059,601063,4,4
601055,601059,601063,4,4
601056,601060,601062,2,4
601056,601060,601062,2,4
601056,601060,601063,3,4
601056,601060,601063,3,4
601056,601060,601063,3,4
601056,601060,601063,3,4
601056,601060,601064,4,4
601056,601060,601064,4,4
601056,601060,601063,3,4
601056,601061,601063,2,5
601056,601061,601064,3,5
601056,601061,601063,2,5
601056,601062,601064,2,6
601056,601062,601063,1,6
601056,601062,601064,2,6
601056,601062,601064,2,6
601056,601062,601064,2,6
601056,601062,601064,2,6
601056,601062,601064,2,6
601056,601061,601064,3,5
601056,601061,601064,3,5
601056,601061,601064,3,5
601056,601061,601064,3,5
601056,601061,601064,3,5
601056,601063,601065,2,7
601056,601063,601064,1,7
601056,601062,601065,3,6
601056,601063,601066,3,7
601056,601064,601066,2,8
601056,601061,601066,5,5
601056,601063,601066,3,7
601056,601063,601066,3,7
601056,601064,601066,2,8
601056,601062,601066,4,6
601056,601062,601066,4,6
601056,601064,601067,3,8
601056,601064,601067,3,8
601056,601064,601067,3,8
601056,601064,601066,2,8
601056,601064,601067,3,8
601056,601064,601067,3,8
601056,601064,601066,2,8
601056,601064,601066,2,8
601056,601065,601067,2,9
601056,601065,601067,2,9
601036,601036,601067,31,0
601056,601063,601066,3,7
601056,601064,601067,3,8
601056,601064,601067,3,8
601056,601064,601067,3,8
601056,601064,601067,3,8
601056,601064,601067,3,8
601056,601064,601067,3,8
601056,601064,601067,3,8
601056,601066,601068,2,10
601056,601065,601069,4,9
601056,601066,601069,3,10
601056,601067,601069,2,11
601056,601067,601069,2,11
601046,601046,601069,23,0
601056,601065,601069,4,9
601056,601066,601070,4,10
601046,601046,601070,24,0
601056,601067,601071,4,11
601056,601065,601071,6,9
601056,601065,601071,6,9
601056,601065,601071,6,9
601056,601067,601071,4,11
601056,601067,601071,4,11
601056,601067,601071,4,11
601056,601067,601071,4,11
601056,601067,601071,4,11
601058,601067,601072,5,9
601058,601067,601071,4,9
601058,601067,601071,4,9
601056,601067,601071,4,11
601046,601046,601071,25,0
601046,601047,601071,24,1
601046,601047,601071,24,1
601046,601049,601071,22,3
601058,601068,601071,3,10
601058,601068,601071,3,10
601058,601068,601071,3,10
601058,601068,601072,4,10
601056,601067,601071,4,11
601056,601067,601072,5,11
601058,601068,601072,4,10
601058,601068,601072,4,10
601058,601068,601072,4,10
601056,601060,601072,12,4
601058,601068,601073,5,10
601056,601067,601074,7,11
601056,601067,601073,6,11
601058,601068,601073,5,10
601058,601070,601074,4,12
601058,601071,601074,3,13
601058,601072,601074,2,14
601058,601070,601074,4,12
601058,601071,601074,3,13
601058,601071,601074,3,13
601058,601072,601074,2,14
601058,601069,601074,5,11
601058,601071,601074,3,13
601058,601070,601074,4,12
601058,601070,601074,4,12
601058,601070,601074,4,12
601058,601072,601074,2,14
601058,601072,601074,2,14
601058,601072,601075,3,14
601058,601072,601074,2,14
601058,601072,601075,3,14
601058,601070,601074,4,12
601058,601072,601075,3,14
601062,601072,601075,3,10
601062,601072,601075,3,10
601062,601072,601075,3,10
601058,601072,601075,3,14
601062,601073,601075,2,11
601062,601073,601075,2,11
601062,601073,601075,2,11
601058,601072,601075,3,14
601058,601072,601075,3,14
601058,601072,601075,3,14
601058,601072,601075,3,14
601058,601072,601075,3,14
601058,601071,601076,5,13
601058,601071,601076,5,13
601055,601055,601076,21,0
600305,600305,601076,771,0
601062,601074,601076,2,12
601062,601075,601077,2,13
601062,601075,601077,2,13
601062,601074,601077,3,12
601062,601074,601077,3,12
601062,601074,601076,2,12
601062,601075,601077,2,13
601058,601068,601074,6,10
600283,600284,601077,793,1
601062,601075,601077,2,13
601062,601075,601077,2,13
601062,601076,601078,2,14
601062,601076,601078,2,14
601062,601076,601078,2,14
601062,601075,601077,2,13
601062,601075,601077,2,13
601062,601076,601078,2,14
601062,601076,601078,2,14
600728,600728,601077,349,0
601062,601075,601078,3,13
601062,601075,601078,3,13
601062,601074,601077,3,12
601062,601074,601077,3,12
601062,601075,601078,3,13
601062,601076,601078,2,14
601062,601074,601079,5,12
601062,601075,601079,4,13
601055,601055,601079,24,0
601055,601055,601079,24,0
601055,601055,601079,24,0
601055,601055,601079,24,0
601062,601076,601079,3,14
600298,600298,601080,782,0
601062,601074,601081,7,12
601062,601074,601081,7,12
601062,601074,601081,7,12
600821,600828,601081,253,7
601062,601074,601082,8,12
601062,601078,601083,5,16
600293,600293,601083,790,0
600288,600288,601084,796,0
600379,600379,601089,710,0
601062,601074,601090,16,12
601062,601074,601091,17,12
600806,600806,601091,285,0
600278,600278,601093,815,0
601062,601075,601094,19,13
601062,601075,601096,21,13
601094,601094,601097,3,0
601094,601094,601097,3,0
601094,601094,601097,3,0
601094,601095,601098,3,1
601094,601095,601098,3,1
601094,601095,601098,3,1
601094,601094,601099,5,0
601094,601094,601099,5,0
601094,601094,601099,5,0
601094,601094,601099,5,0
601094,601094,601101,7,0
601097,601097,601101,4,0
601094,601095,601101,6,1
601094,601094,601101,7,0
601094,601094,601101,7,0
601094,601094,601101,7,0
601094,601094,601101,7,0
601094,601094,601101,7,0
601094,601094,601101,7,0
601094,601094,601102,8,0
601094,601094,601101,7,0
601094,601094,601101,7,0
601097,601097,601101,4,0
601097,601097,601101,4,0
601097,601097,601102,5,0
601097,601097,601102,5,0
601097,601097,601102,5,0
601097,601097,601102,5,0
601097,601097,601102,5,0
601097,601101,601102,1,4
601094,601094,601102,8,0
601094,601094,601102,8,0
601094,601094,601102,8,0
601094,601094,601102,8,0
601094,601094,601102,8,0
601094,601094,601102,8,0
601097,601099,601102,3,2
601097,601099,601102,3,2
601097,601099,601102,3,2
601094,601094,601102,8,0
601094,601094,601102,8,0
601097,601098,601102,4,1
601097,601102,601103,1,5
601094,601094,601103,9,0
601097,601100,601104,4,3
601097,601102,601104,2,5
601097,601102,601104,2,5
601097,601099,601105,6,2
601097,601101,601105,4,4
601097,601102,601105,3,5
601097,601102,601105,3,5
601097,601102,601105,3,5
601097,601102,601105,3,5
601097,601102,601105,3,5
601097,601102,601105,3,5
601097,601103,601105,2,6
601097,601104,601106,2,7
601097,601100,601105,5,3
601097,601102,601105,3,5
601097,601102,601105,3,5
601097,601100,601105,5,3
601097,601102,601105,3,5
601094,601094,601105,11,0
601097,601097,601105,8,0
601097,601097,601105,8,0
601097,601103,601107,4,6
601097,601103,601107,4,6
601097,601103,601106,3,6
601097,601103,601106,3,6
601097,601103,601106,3,6
601097,601102,601106,4,5
601097,601103,601106,3,6
601094,601094,601107,13,0
601094,601094,601107,13,0
601097,601102,601107,5,5
601097,601102,601107,5,5
601097,601103,601107,4,6
601097,601105,601108,3,8
601097,601105,601108,3,8
601094,601094,601107,13,0
601097,601097,601108,11,0
601097,601097,601108,11,0
601097,601097,601108,11,0
601094,601094,601108,14,0
601094,601094,601108,14,0
601097,601102,601108,6,5
601097,601102,601108,6,5
601097,601103,601108,5,6
601097,601106,601108,2,9
601097,601106,601108,2,9
601097,601106,601108,2,9
601099,601107,601109,2,8
601097,601103,601108,5,6
601097,601106,601108,2,9
601097,601106,601108,2,9
601094,601094,601108,14,0
601097,601097,601108,11,0
601094,601094,601109,15,0
601094,601094,601109,15,0
601094,601094,601109,15,0
601097,601106,601109,3,9
601097,601106,601109,3,9
601097,601106,601109,3,9
601097,601106,601109,3,9
601097,601106,601109,3,9
601097,601103,601110,7,6
601097,601103,601109,6,6
601097,601103,601110,7,6
601097,601107,601109,2,10
601099,601107,601109,2,8
601097,601106,601109,3,9
601097,601106,601109,3,9
601097,601105,601109,4,8
601099,601107,601109,2,8
601097,601104,601110,6,7
601097,601106,601110,4,9
601099,601107,601111,4,8
601097,601106,601110,4,9
601097,601106,601111,5,9
601097,601106,601111,5,9
601099,601107,601111,4,8
601099,601109,601111,2,10
601099,601107,601111,4,8
601097,601106,601111,5,9
601097,601107,601112,5,10
601097,601107,601112,5,10
601099,601109,601112,3,10
601099,601110,601112,2,11
601099,601109,601112,3,10
601099,601109,601112,3,10
601101,601110,601112,2,9
601101,601110,601112,2,9
601099,601108,601112,4,9
601099,601108,601112,4,9
601099,601108,601112,4,9
601099,601110,601112,2,11
601097,601105,601112,7,8
601099,601108,601112,4,9
601099,601108,601112,4,9
601099,601109,601112,3,10
601099,601109,601113,4,10
601099,601109,601112,3,10
601099,601110,601112,2,11
601099,601110,601113,3,11
601099,601110,601112,2,11
601099,601110,601112,2,11
601099,601109,601113,4,10
601101,601110,601112,2,9
601101,601110,601112,2,9
601099,601109,601113,4,10
601101,601110,601113,3,9
601101,601110,601113,3,9
601099,601109,601113,4,10
601099,601109,601113,4,10
601099,601110,601113,3,11
601099,601110,601113,3,11
601099,601109,601114,5,10
601099,601110,601114,4,11
601099,601110,601114,4,11
601099,601110,601114,4,11
601101,601112,601114,2,11
601101,601112,601114,2,11
601101,601112,601114,2,11
601101,601111,601114,3,10
601101,601111,601114,3,10
601101,601112,601114,2,11
601101,601112,601114,2,11
601101,601113,601114,1,12
601101,601113,601114,1,12
601101,601113,601115,2,12
601101,601111,601115,4,10
601101,601112,601115,3,11
601101,601112,601115,3,11
601101,601113,601115,2,12
601101,601113,601115,2,12
601101,601113,601115,2,12
601101,601113,601115,2,12
601101,601113,601115,2,12
601101,601112,601115,3,11
601101,601113,601115,2,12
601101,601112,601115,3,11
601101,601112,601115,3,11
601101,601112,601115,3,11
601101,601112,601115,3,11
601101,601112,601115,3,11
601101,601113,601116,3,12
601101,601113,601115,2,12
601101,601113,601115,2,12
601101,601113,601115,2,12
601101,601113,601117,4,12
601101,601113,601117,4,12
601101,601112,601117,5,11
601101,601112,601117,5,11
601099,601108,601112,4,9
601099,601108,601112,4,9
601099,601108,601112,4,9
601099,601108,601112,4,9
601099,601110,601112,2,11
601099,601110,601112,2,11
601101,601119,601122,3,18
600816,600821,601133,312,5
600836,600836,601136,300,0
600858,600861,601135,274,3
601138,601138,601141,3,0
601138,601138,601140,2,0
601138,601138,601141,3,0
601138,601138,601140,2,0
601138,601138,601142,4,0
601138,601138,601142,4,0
601139,601139,601142,3,0
601138,601138,601142,4,0
601138,601138,601142,4,0
601138,601138,601142,4,0
601138,601138,601142,4,0
601138,601138,601142,4,0
601138,601138,601142,4,0
601138,601138,601142,4,0
601138,601138,601142,4,0
601138,601138,601142,4,0
601138,601138,601142,4,0
601139,601139,601142,3,0
601139,601139,601142,3,0
601139,601139,601142,3,0
601138,601138,601142,4,0
601138,601138,601142,4,0
601138,601138,601142,4,0
601138,601138,601142,4,0
601139,601139,601142,3,0
601138,601138,601142,4,0
601139,601139,601142,3,0
601139,601139,601142,3,0
601139,601139,601142,3,0
601139,601139,601142,3,0
601139,601139,601142,3,0
601138,601138,601142,4,0
601139,601139,601142,3,0
601139,601139,601142,3,0
601139,601139,601142,3,0
601139,601139,601142,3,0
601138,601138,601142,4,0
601138,601138,601143,5,0
601138,601138,601142,4,0
601138,601138,601142,4,0
601138,601138,601144,6,0
601138,601138,601144,6,0
601138,601138,601144,6,0
601138,601138,601143,5,0
601138,601138,601144,6,0
601139,601141,601145,4,2
601139,601142,601145,3,3
601139,601141,601145,4,2
601139,601141,601145,4,2
601139,601142,601145,3,3
601139,601143,601146,3,4
601138,601138,601146,8,0
601139,601143,601147,4,4
601139,601143,601147,4,4
601139,601143,601147,4,4
601139,601143,601147,4,4
601139,601143,601147,4,4
601139,601143,601147,4,4
601139,601143,601147,4,4
601138,601138,601147,9,0
601139,601143,601148,5,4
601139,601143,601147,4,4
601139,601143,601147,4,4
601139,601143,601147,4,4
601139,601142,601148,6,3
601139,601143,601147,4,4
601139,601143,601147,4,4
601139,601143,601147,4,4
601139,601143,601147,4,4
601139,601143,601148,5,4
601139,601143,601148,5,4
601139,601143,601147,4,4
601139,601143,601148,5,4
601138,601138,601147,9,0
601139,601142,601148,6,3
601139,601142,601148,6,3
601139,601143,601149,6,4
601139,601143,601148,5,4
601138,601138,601149,11,0
601138,601139,601149,10,1
601139,601143,601148,5,4
601139,601143,601148,5,4
601139,601143,601148,5,4
601139,601143,601148,5,4
601139,601143,601148,5,4
601139,601143,601148,5,4
601139,601143,601148,5,4
601138,601138,601149,11,0
601138,601139,601149,10,1
601139,601145,601150,5,6
601139,601143,601150,7,4
601139,601146,601150,4,7
601139,601148,601150,2,9
601138,601139,601150,11,1
601138,601139,601150,11,1
601146,601148,601151,3,2
601146,601148,601151,3,2
601146,601148,601151,3,2
601139,601146,601151,5,7
601139,601147,601151,4,8
601139,601147,601151,4,8
601139,601147,601151,4,8
601139,601142,601150,8,3
601139,601148,601152,4,9
601146,601148,601152,4,2
601139,601145,601151,6,6
601139,601146,601152,6,7
601139,601148,601151,3,9
601139,601148,601152,4,9
601139,601148,601151,3,9
601139,601147,601152,5,8
601139,601147,601152,5,8
601139,601148,601152,4,9
601139,601145,601152,7,6
601146,601148,601152,4,2
601146,601148,601152,4,2
601139,601146,601152,6,7
601139,601147,601152,5,8
601139,601147,601151,4,8
601139,601143,601152,9,4
601139,601144,601152,8,5
601139,601144,601152,8,5
601146,601148,601152,4,2
601146,601149,601153,4,3
601146,601149,601153,4,3
601146,601149,601153,4,3
601146,601152,601153,1,6
601146,601152,601153,1,6
601146,601149,601153,4,3
601146,601149,601153,4,3
601146,601151,601153,2,5
601146,601151,601153,2,5
601146,601149,601153,4,3
601146,601149,601153,4,3
601146,601151,601153,2,5
601146,601151,601153,2,5
601146,601151,601153,2,5
601146,601151,601153,2,5
601146,601149,601153,4,3
601146,601149,601153,4,3
601146,601149,601153,4,3
601139,601144,601153,9,5
601139,601144,601153,9,5
601146,601151,601153,2,5
601146,601151,601153,2,5
601146,601151,601153,2,5
601139,601146,601153,7,7
601146,601149,601153,4,3
601146,601149,601153,4,3
601146,601149,601153,4,3
601146,601152,601154,2,6
601146,601150,601153,3,4
601146,601151,601154,3,5
601146,601150,601153,3,4
601146,601151,601154,3,5
601146,601151,601154,3,5
601146,601151,601155,4,5
601139,601147,601156,9,8
601146,601149,601156,7,3
601146,601150,601156,6,4
600972,600973,601181,208,1
600904,600904,601182,278,0
601183,601183,601186,3,0
601183,601183,601186,3,0
601183,601183,601186,3,0
601183,601183,601185,2,0
601183,601183,601185,2,0
601183,601183,601186,3,0
601183,601183,601185,2,0
601183,601183,601185,2,0
601183,601183,601186,3,0
601183,601183,601185,2,0
601183,601183,601185,2,0
601183,601183,601185,2,0
601183,601183,601186,3,0
601183,601183,601186,3,0
601183,601183,601186,3,0
601183,601183,601185,2,0
601183,601183,601185,2,0
601183,601183,601185,2,0
601183,601183,601185,2,0
601183,601183,601186,3,0
601183,601183,601186,3,0
601183,601183,601185,2,0
601183,601183,601186,3,0
601183,601183,601185,2,0
601183,601183,601185,2,0
601183,601183,601186,3,0
601183,601183,601185,2,0
601183,601183,601186,3,0
601183,601183,601185,2,0
601183,601183,601185,2,0
601183,601183,601185,2,0
601183,601183,601186,3,0
601183,601183,601186,3,0
601183,601183,601186,3,0
600873,600873,601186,313,0
601183,601183,601186,3,0
601183,601183,601186,3,0
601183,601183,601186,3,0
601183,601183,601186,3,0
601183,601183,601186,3,0
601183,601183,601186,3,0
601183,601183,601187,4,0
601183,601183,601186,3,0
601183,601183,601186,3,0
601183,601183,601186,3,0
601183,601183,601186,3,0
601183,601183,601187,4,0
601183,601183,601188,5,0
601183,601183,601188,5,0
601183,601186,601188,2,3
601183,601186,601188,2,3
601183,601183,601188,5,0
601183,601186,601188,2,3
601183,601186,601188,2,3
601183,601183,601188,5,0
601183,601183,601188,5,0
601183,601183,601188,5,0
601183,601183,601189,6,0
601183,601183,601189,6,0
601183,601183,601188,5,0
601183,601186,601189,3,3
601183,601186,601189,3,3
601183,601186,601188,2,3
601183,601186,601189,3,3
601183,601186,601188,2,3
601183,601186,601189,3,3
601183,601186,601189,3,3
601183,601186,601189,3,3
601183,601186,601188,2,3
601183,601186,601188,2,3
601183,601186,601188,2,3
601183,601187,601189,2,4
601183,601186,601189,3,3
601183,601186,601188,2,3
601183,601186,601188,2,3
601183,601186,601188,2,3
601183,601188,601189,1,5
601183,601186,601188,2,3
601183,601186,601188,2,3
601183,601186,601188,2,3
601183,601186,601188,2,3
601183,601186,601188,2,3
601183,601186,601188,2,3
601183,601186,601188,2,3
601183,601186,601189,3,3
601183,601186,601189,3,3
601183,601186,601189,3,3
601183,601186,601189,3,3
600931,600931,601189,258,0
601183,601186,601189,3,3
601183,601186,601189,3,3
600934,600934,601189,255,0
601183,601187,601189,2,4
601183,601187,601189,2,4
601183,601188,601191,3,5
601183,601188,601191,3,5
601183,601189,601191,2,6
601183,601189,601191,2,6
601183,601187,601191,4,4
601183,601188,601191,3,5
601183,601187,601191,4,4
601183,601187,601191,4,4
601183,601187,601191,4,4
601183,601187,601191,4,4
601183,601187,601191,4,4
601183,601187,601191,4,4
601183,601187,601191,4,4
601183,601187,601191,4,4
601183,601187,601191,4,4
601183,601188,601191,3,5
601183,601188,601191,3,5
601183,601189,601191,2,6
601183,601189,601191,2,6
601183,601188,601191,3,5
601183,601189,601191,2,6
601183,601189,601191,2,6
601183,601189,601191,2,6
601183,601189,601192,3,6
601183,601189,601192,3,6
601183,601189,601192,3,6
601183,601189,601192,3,6
601183,601189,601192,3,6
601183,601189,601192,3,6
601183,601189,601192,3,6
601183,601189,601192,3,6
601183,601189,601192,3,6
601183,601189,601192,3,6
601183,601189,601192,3,6
601183,601191,601192,1,8
601183,601189,601192,3,6
601183,601189,601192,3,6
601183,601189,601192,3,6
601183,601192,601193,1,9
601183,601189,601192,3,6
601183,601189,601192,3,6
601183,601189,601192,3,6
601183,601189,601192,3,6
601183,601192,601193,1,9
600969,600973,601192,219,4
601183,601189,601192,3,6
601183,601189,601192,3,6
601183,601189,601192,3,6
601183,601189,601192,3,6
601183,601189,601192,3,6
601183,601189,601192,3,6
601183,601189,601192,3,6
601183,601189,601192,3,6
601183,601190,601192,2,7
601183,601190,601192,2,7
601183,601190,601192,2,7
601184,601192,601193,1,8
601183,601190,601192,2,7
601183,601190,601192,2,7
601183,601190,601192,2,7
601183,601189,601192,3,6
601183,601189,601192,3,6
601183,601189,601192,3,6
601183,601191,601193,2,8
601183,601191,601193,2,8
601183,601191,601193,2,8
601183,601191,601193,2,8
601184,601192,601193,1,8
601184,601192,601193,1,8
601184,601192,601193,1,8
601184,601193,601194,1,9
601184,601192,601193,1,8
601184,601192,601193,1,8
601184,601193,601194,1,9
601184,601192,601193,1,8
601184,601192,601193,1,8
601183,601192,601193,1,9
601183,601192,601193,1,9
601183,601192,601193,1,9
601184,601192,601194,2,8
601184,601192,601194,2,8
601184,601192,601194,2,8
601184,601192,601194,2,8
601184,601193,601194,1,9
601184,601193,601194,1,9
601184,601193,601194,1,9
601184,601193,601194,1,9
601184,601193,601194,1,9
601184,601193,601194,1,9
601184,601193,601195,2,9
601184,601193,601194,1,9
600964,600966,601194,228,2
601184,601193,601194,1,9
601184,601193,601194,1,9
601184,601193,601194,1,9
601184,601193,601194,1,9
601184,601193,601194,1,9
601184,601193,601194,1,9
601184,601193,601194,1,9
601184,601193,601194,1,9
601184,601193,601194,1,9
601184,601193,601194,1,9
600924,600924,601195,271,0
601184,601193,601194,1,9
601184,601193,601194,1,9
601184,601193,601194,1,9
601184,601193,601194,1,9
601184,601192,601193,1,8
601184,601192,601193,1,8
601184,601192,601193,1,8
601184,601192,601193,1,8
601196,601196,601199,3,0
601196,601196,601199,3,0
601196,601196,601199,3,0
601196,601196,601198,2,0
601196,601196,601198,2,0
601196,601196,601199,3,0
601196,601196,601199,3,0
601196,601196,601199,3,0
601196,601196,601199,3,0
601196,601196,601198,2,0
601196,601196,601199,3,0
601196,601196,601199,3,0
601196,601196,601198,2,0
601196,601196,601199,3,0
601196,601196,601199,3,0
601196,601196,601199,3,0
601196,601196,601199,3,0
601196,601196,601199,3,0
601196,601196,601199,3,0
601196,601196,601199,3,0
601196,601196,601199,3,0
601196,601196,601199,3,0
601196,601196,601199,3,0
601196,601196,601199,3,0
601196,601196,601199,3,0
601196,601196,601199,3,0
601196,601196,601199,3,0
601196,601196,601199,3,0
601196,601196,601199,3,0
601196,601196,601199,3,0
601196,601196,601199,3,0
601196,601196,601199,3,0
600910,600910,601198,288,0
601196,601196,601199,3,0
601196,601196,601199,3,0
601196,601196,601199,3,0
601196,601196,601199,3,0
601196,601196,601199,3,0
601196,601199,601200,1,3
601196,601196,601199,3,0
601196,601196,601199,3,0
601196,601196,601199,3,0
601196,601196,601199,3,0
601196,601196,601200,4,0
601196,601196,601200,4,0
601196,601199,601200,1,3
601196,601196,601199,3,0
601196,601199,601200,1,3
601196,601199,601200,1,3
601196,601196,601199,3,0
601196,601196,601200,4,0
601196,601196,601200,4,0
601196,601199,601200,1,3
601196,601199,601200,1,3
601196,601199,601200,1,3
601196,601196,601199,3,0
601196,601196,601200,4,0
601196,601196,601200,4,0
601196,601199,601200,1,3
601196,601199,601200,1,3
600918,600918,601199,281,0
601196,601196,601199,3,0
601196,601196,601199,3,0
601196,601196,601199,3,0
601196,601199,601200,1,3
601196,601196,601200,4,0
601196,601199,601200,1,3
601196,601199,601200,1,3
601196,601199,601201,2,3
601196,601200,601201,1,4
601196,601199,601200,1,3
601196,601199,601201,2,3
601196,601199,601201,2,3
601196,601199,601201,2,3
601196,601199,601201,2,3
601196,601199,601200,1,3
601196,601199,601200,1,3
601196,601199,601200,1,3
601196,601199,601200,1,3
601196,601199,601200,1,3
601196,601199,601200,1,3
601196,601199,601201,2,3
601196,601199,601200,1,3
601196,601199,601200,1,3
601196,601199,601201,2,3
601196,601199,601201,2,3
601196,601199,601201,2,3
601196,601199,601201,2,3
601196,601199,601201,2,3
601196,601199,601201,2,3
601196,601200,601201,1,4
601196,601200,601202,2,4
601196,601201,601202,1,5
601196,601200,601202,2,4
601196,601200,601202,2,4
601196,601200,601202,2,4
601196,601200,601202,2,4
601196,601200,601202,2,4
601196,601200,601202,2,4
601196,601200,601202,2,4
601196,601200,601202,2,4
601196,601200,601202,2,4
601196,601200,601202,2,4
601196,601200,601202,2,4
601196,601200,601202,2,4
601196,601200,601202,2,4
601196,601200,601202,2,4
601196,601200,601202,2,4
601196,601200,601202,2,4
601196,601200,601202,2,4
601196,601200,601202,2,4
601196,601200,601202,2,4
601196,601200,601202,2,4
601196,601199,601202,3,3
601196,601199,601202,3,3
601196,601200,601202,2,4
601196,601202,601203,1,6
601196,601199,601202,3,3
601196,601201,601202,1,5
601196,601201,601202,1,5
601196,601201,601202,1,5
601196,601201,601202,1,5
601196,601201,601202,1,5
601196,601201,601203,2,5
601196,601201,601203,2,5
601196,601201,601203,2,5
601196,601201,601203,2,5
601196,601201,601203,2,5
601196,601201,601203,2,5
601196,601201,601203,2,5
601196,601201,601203,2,5
601196,601202,601203,1,6
601196,601201,601203,2,5
601196,601201,601203,2,5
601196,601201,601203,2,5
601196,601202,601203,1,6
601196,601202,601203,1,6
601196,601202,601203,1,6
601196,601201,601203,2,5
601196,601201,601203,2,5
601197,601202,601203,1,5
601196,601202,601203,1,6
601196,601202,601203,1,6
601196,601202,601203,1,6
601196,601202,601203,1,6
601196,601202,601203,1,6
601196,601202,601203,1,6
601196,601202,601203,1,6
601196,601203,601204,1,7
601196,601202,601203,1,6
601196,601202,601203,1,6
601196,601202,601203,1,6
601196,601202,601203,1,6
601196,601201,601203,2,5
601196,601202,601203,1,6
601197,601203,601204,1,6
601197,601203,601204,1,6
601197,601203,601204,1,6
601196,601202,601204,2,6
601197,601202,601204,2,5
601197,601203,601204,1,6
601197,601203,601204,1,6
601197,601204,601205,1,7
601197,601204,601205,1,7
601197,601204,601205,1,7
601197,601203,601204,1,6
601197,601203,601204,1,6
601197,601203,601204,1,6
601197,601203,601204,1,6
601197,601203,601204,1,6
601197,601203,601204,1,6
601197,601203,601204,1,6
601197,601203,601204,1,6
601196,601203,601204,1,7
601197,601203,601204,1,6
601197,601203,601204,1,6
601197,601203,601204,1,6
601197,601203,601204,1,6
601197,601203,601204,1,6
601197,601203,601204,1,6
601197,601203,601205,2,6
601197,601203,601204,1,6
601197,601203,601204,1,6
601197,601203,601204,1,6
601197,601203,601204,1,6
601197,601203,601204,1,6
601197,601203,601204,1,6
601197,601203,601205,2,6
601197,601203,601205,2,6
601197,601203,601205,2,6
601197,601203,601205,2,6
601197,601204,601205,1,7
601197,601204,601205,1,7
601197,601204,601205,1,7
601197,601204,601205,1,7
601197,601204,601205,1,7
601206,601206,601208,2,0
601206,601206,601208,2,0
601206,601206,601207,1,0
601206,601206,601208,2,0
601206,601206,601208,2,0
601206,601206,601207,1,0
601206,601206,601208,2,0
601206,601206,601207,1,0
601206,601206,601208,2,0
601206,601206,601208,2,0
601206,601206,601208,2,0
601206,601206,601208,2,0
601206,601206,601208,2,0
601206,601206,601207,1,0
601206,601206,601207,1,0
601206,601206,601208,2,0
601206,601206,601208,2,0
601206,601206,601208,2,0
601206,601206,601208,2,0
601206,601206,601208,2,0
601206,601206,601208,2,0
601206,601206,601208,2,0
601206,601206,601208,2,0
601206,601206,601208,2,0
601206,601206,601208,2,0
601206,601206,601207,1,0
601206,601206,601207,1,0
601206,601206,601208,2,0
601206,601206,601208,2,0
601206,601206,601208,2,0
601206,601206,601208,2,0
601206,601206,601208,2,0
601206,601206,601207,1,0
601206,601206,601208,2,0
601206,601206,601207,1,0
601206,601206,601208,2,0
601206,601206,601208,2,0
601206,601206,601208,2,0
601206,601206,601208,2,0
601206,601206,601208,2,0
601206,601206,601208,2,0
601206,601206,601208,2,0
601206,601206,601208,2,0
601206,601206,601208,2,0
601206,601206,601208,2,0
601196,601196,601208,12,0
601206,601206,601208,2,0
601206,601206,601208,2,0
601206,601206,601208,2,0
601206,601206,601208,2,0
601206,601208,601209,1,2
601206,601208,601209,1,2
601206,601208,601209,1,2
601206,601208,601209,1,2
601206,601208,601209,1,2
601206,601208,601210,2,2
601206,601208,601210,2,2
601206,601208,601210,2,2
601206,601208,601210,2,2
601206,601208,601209,1,2
601206,601208,601210,2,2
601206,601208,601210,2,2
601206,601208,601210,2,2
601206,601208,601209,1,2
601206,601208,601210,2,2
601206,601208,601209,1,2
601206,601208,601210,2,2
601206,601208,601210,2,2
601206,601208,601210,2,2
601206,601208,601210,2,2
601206,601208,601210,2,2
601206,601208,601210,2,2
601206,601208,601210,2,2
601206,601208,601210,2,2
601206,601208,601210,2,2
601206,601208,601210,2,2
601206,601208,601210,2,2
601206,601208,601210,2,2
601206,601208,601210,2,2
601206,601208,601210,2,2
601206,601208,601210,2,2
601206,601208,601210,2,2
601206,601208,601210,2,2
601206,601208,601210,2,2
601206,601208,601210,2,2
601206,601208,601210,2,2
601206,601208,601210,2,2
601206,601208,601210,2,2
601196,601196,601210,14,0
601206,601210,601211,1,4
601206,601209,601210,1,3
601206,601210,601211,1,4
601206,601210,601211,1,4
601206,601210,601211,1,4
601206,601208,601211,3,2
601206,601208,601211,3,2
601206,601208,601210,2,2
601206,601208,601211,3,2
601206,601208,601211,3,2
601206,601208,601210,2,2
601206,601208,601211,3,2
601206,601210,601212,2,4
601206,601211,601212,1,5
601206,601210,601211,1,4
601206,601210,601211,1,4
601196,601196,601211,15,0
601206,601210,601211,1,4
601206,601210,601211,1,4
601206,601210,601211,1,4
601206,601210,601212,2,4
601206,601210,601212,2,4
601206,601210,601212,2,4
601206,601210,601212,2,4
601206,601210,601212,2,4
601206,601210,601212,2,4
601196,601196,601212,16,0
601196,601196,601213,17,0
601196,601196,601213,17,0
601206,601209,601215,6,3
601214,601214,601215,1,0
601214,601214,601215,1,0
601214,601214,601215,1,0
601214,601214,601216,2,0
601214,601214,601216,2,0
601214,601214,601216,2,0
601214,601214,601216,2,0
601214,601214,601216,2,0
601214,601214,601216,2,0
601214,601214,601216,2,0
601214,601214,601215,1,0
601214,601214,601216,2,0
601214,601214,601216,2,0
601214,601214,601216,2,0
601214,601214,601216,2,0
601214,601214,601215,1,0
601214,601214,601216,2,0
601214,601214,601216,2,0
601214,601214,601216,2,0
601214,601214,601215,1,0
601214,601214,601216,2,0
601214,601214,601216,2,0
601214,601214,601216,2,0
601214,601214,601216,2,0
601214,601214,601216,2,0
601214,601214,601216,2,0
601214,601214,601216,2,0
601214,601214,601216,2,0
601214,601214,601216,2,0
601214,601214,601216,2,0
601214,601214,601216,2,0
601214,601214,601216,2,0
601214,601214,601216,2,0
601214,601215,601216,1,1
601206,601206,601216,10,0
601214,601214,601216,2,0
600828,600833,601217,384,5
601206,601206,601224,18,0
601206,601206,601224,18,0
601206,601206,601224,18,0
601206,601206,601224,18,0
601206,601206,601224,18,0
601224,601224,601226,2,0
601224,601224,601226,2,0
601224,601224,601226,2,0
601224,601224,601226,2,0
601224,601224,601226,2,0
601224,601224,601226,2,0
601224,601224,601226,2,0
601224,601224,601226,2,0
601224,601224,601226,2,0
601224,601224,601226,2,0
601224,601224,601226,2,0
601224,601224,601226,2,0
601224,601224,601226,2,0
601224,601224,601226,2,0
601224,601224,601226,2,0
601224,601224,601227,3,0
601224,601224,601227,3,0
601224,601224,601226,2,0
601224,601224,601227,3,0
601224,601224,601227,3,0
601224,601224,601226,2,0
601224,601224,601227,3,0
601224,601224,601227,3,0
601224,601224,601227,3,0
601224,601224,601227,3,0
601224,601224,601226,2,0
601224,601224,601227,3,0
601224,601224,601227,3,0
601224,601224,601227,3,0
601224,601224,601227,3,0
601224,601224,601227,3,0
601224,601224,601227,3,0
601224,601224,601227,3,0
601224,601224,601226,2,0
601224,601224,601227,3,0
601224,601224,601226,2,0
601224,601224,601227,3,0
601224,601224,601227,3,0
601224,601224,601227,3,0
601224,601224,601227,3,0
601214,601214,601237,23,0
601214,601214,601237,23,0
601214,601214,601237,23,0
601214,601214,601237,23,0
601214,601214,601237,23,0
601039,601039,601249,210,0
601256,601256,601258,2,0
601256,601256,601258,2,0
601256,601256,601258,2,0
601256,601256,601258,2,0
601256,601256,601258,2,0
601256,601256,601258,2,0
601256,601256,601258,2,0
601256,601256,601258,2,0
601256,601256,601258,2,0
601256,601256,601258,2,0
601256,601256,601258,2,0
601256,601256,601258,2,0
601256,601256,601258,2,0
601064,601076,601258,182,12
601256,601256,601258,2,0
601256,601256,601258,2,0
601256,601256,601258,2,0
601256,601256,601258,2,0
601256,601256,601258,2,0
601256,601256,601258,2,0
601256,601256,601258,2,0
601069,601076,601257,181,7
601256,601256,601258,2,0
601256,601256,601258,2,0
601256,601256,601258,2,0
601256,601256,601258,2,0
601256,601256,601258,2,0
601256,601256,601258,2,0
601256,601257,601258,1,1
601256,601256,601258,2,0
601256,601257,601259,2,1
601256,601257,601258,1,1
601256,601257,601258,1,1
600883,600883,601259,376,0
601256,601256,601259,3,0
601256,601257,601259,2,1
601029,601029,601260,231,0
601256,601256,601259,3,0
601259,601259,601261,2,0
601259,601259,601261,2,0
601259,601259,601261,2,0
601259,601259,601261,2,0
601259,601259,601261,2,0
601259,601259,601261,2,0
601259,601259,601261,2,0
601259,601259,601261,2,0
601259,601259,601261,2,0
601259,601259,601261,2,0
601259,601259,601261,2,0
601259,601259,601261,2,0
601259,601259,601261,2,0
601259,601259,601261,2,0
601259,601259,601261,2,0
601259,601259,601261,2,0
601259,601259,601260,1,0
601259,601259,601261,2,0
601259,601259,601261,2,0
601259,601259,601261,2,0
601259,601259,601261,2,0
601259,601259,601261,2,0
601259,601259,601261,2,0
601259,601259,601261,2,0
601259,601259,601261,2,0
601259,601259,601260,1,0
601259,601259,601261,2,0
601259,601259,601261,2,0
601259,601259,601262,3,0
601259,601259,601261,2,0
601259,601259,601261,2,0
601261,601261,601262,1,0
601261,601261,601262,1,0
601259,601259,601261,2,0
601259,601259,601261,2,0
601259,601259,601261,2,0
601261,601261,601262,1,0
601259,601259,601261,2,0
601261,601261,601262,1,0
601261,601261,601263,2,0
601261,601261,601263,2,0
601261,601261,601263,2,0
601261,601261,601263,2,0
601261,601261,601263,2,0
601261,601261,601263,2,0
601261,601261,601263,2,0
601261,601261,601263,2,0
601261,601261,601263,2,0
601261,601261,601263,2,0
601261,601262,601263,1,1
601261,601262,601263,1,1
601261,601261,601263,2,0
601261,601261,601264,3,0
601261,601261,601263,2,0
601261,601261,601263,2,0
601261,601262,601263,1,1
601261,601261,601263,2,0
601261,601261,601263,2,0
601261,601261,601263,2,0
601261,601261,601263,2,0
601261,601262,601263,1,1
601261,601262,601263,1,1
601261,601261,601263,2,0
601261,601261,601263,2,0
601261,601261,601264,3,0
601261,601261,601263,2,0
601261,601261,601263,2,0
601261,601262,601263,1,1
601261,601262,601263,1,1
601262,601264,601265,1,2
601261,601263,601264,1,2
601262,601263,601264,1,1
601262,601263,601264,1,1
601262,601263,601264,1,1
601262,601263,601264,1,1
601262,601263,601264,1,1
601262,601264,601265,1,2
601262,601263,601264,1,1
601262,601263,601264,1,1
601262,601263,601264,1,1
601262,601264,601265,1,2
601060,601072,601263,191,12
601259,601259,601262,3,0
601259,601259,601261,2,0
601259,601260,601261,1,1
601262,601264,601265,1,2
601262,601264,601265,1,2
601262,601264,601265,1,2
601262,601264,601265,1,2
601262,601264,601265,1,2
601262,601264,601265,1,2
601262,601264,601265,1,2
601262,601264,601265,1,2
601262,601264,601265,1,2
601262,601264,601265,1,2
601262,601264,601265,1,2
601262,601264,601265,1,2
601262,601264,601265,1,2
601262,601264,601265,1,2
601262,601265,601266,1,3
601262,601265,601266,1,3
601262,601264,601265,1,2
601262,601264,601265,1,2
601262,601264,601265,1,2
601262,601264,601265,1,2
601262,601264,601265,1,2
601262,601264,601265,1,2
601262,601264,601265,1,2
601262,601264,601265,1,2
601262,601264,601265,1,2
601262,601265,601266,1,3
601262,601264,601265,1,2
601262,601264,601265,1,2
601262,601264,601265,1,2
601262,601264,601265,1,2
601262,601264,601266,2,2
601262,601264,601266,2,2
601261,601266,601267,1,5
601262,601265,601266,1,3
601262,601265,601267,2,3
601262,601265,601266,1,3
601262,601265,601266,1,3
600894,600894,601267,373,0
601262,601265,601266,1,3
601262,601265,601266,1,3
601262,601265,601266,1,3
601262,601265,601267,2,3
601261,601266,601267,1,5
601262,601266,601268,2,4
601262,601266,601268,2,4
601262,601266,601268,2,4
601262,601266,601268,2,4
601262,601266,601268,2,4
601262,601266,601268,2,4
601262,601266,601268,2,4
601262,601266,601268,2,4
601262,601266,601268,2,4
601262,601266,601267,1,4
601262,601266,601268,2,4
601262,601266,601268,2,4
601262,601266,601268,2,4
601262,601266,601268,2,4
601262,601266,601268,2,4
601262,601266,601268,2,4
601262,601266,601268,2,4
601262,601266,601268,2,4
601262,601266,601268,2,4
601262,601266,601268,2,4
601262,601266,601268,2,4
601262,601266,601268,2,4
601262,601266,601268,2,4
601262,601266,601268,2,4
601262,601266,601268,2,4
601262,601266,601268,2,4
601262,601266,601268,2,4
601269,601269,601271,2,0
601269,601269,601271,2,0
601269,601269,601271,2,0
601269,601269,601271,2,0
601269,601269,601271,2,0
601269,601269,601271,2,0
601269,601269,601271,2,0
601269,601269,601271,2,0
601269,601269,601272,3,0
601269,601269,601272,3,0
601269,601269,601273,4,0
601269,601269,601273,4,0
601269,601269,601273,4,0
601269,601269,601272,3,0
601269,601269,601273,4,0
601269,601269,601273,4,0
601269,601269,601273,4,0
601269,601269,601274,5,0
601269,601269,601273,4,0
601269,601269,601274,5,0
601269,601269,601275,6,0
601269,601269,601275,6,0
601269,601269,601274,5,0
601269,601269,601274,5,0
601269,601269,601274,5,0
601269,601269,601274,5,0
601269,601269,601274,5,0
601269,601269,601274,5,0
601269,601269,601274,5,0
601269,601269,601274,5,0
601269,601269,601274,5,0
601269,601269,601275,6,0
601269,601269,601274,5,0
601269,601271,601275,4,2
601269,601271,601275,4,2
601269,601272,601275,3,3
601269,601273,601275,2,4
601269,601272,601275,3,3
601269,601272,601275,3,3
601269,601272,601276,4,3
601269,601273,601276,3,4
601269,601273,601276,3,4
601269,601273,601276,3,4
601269,601274,601276,2,5
601269,601274,601276,2,5
601269,601274,601276,2,5
601269,601269,601276,7,0
601269,601269,601276,7,0
601269,601272,601276,4,3
601269,601272,601276,4,3
601269,601274,601277,3,5
601269,601273,601277,4,4
601269,601274,601277,3,5
601269,601269,601278,9,0
601269,601269,601277,8,0
601269,601275,601278,3,6
601269,601275,601278,3,6
601269,601275,601278,3,6
601269,601275,601279,4,6
601269,601275,601279,4,6
601269,601275,601279,4,6
601269,601275,601279,4,6
601269,601275,601279,4,6
601269,601276,601279,3,7
601269,601269,601279,10,0
601269,601269,601286,17,0
601269,601272,601285,13,3
601269,601274,601288,14,5
601269,601275,601289,14,6
601269,601275,601290,15,6
601269,601275,601289,14,6
601269,601275,601290,15,6
601269,601275,601291,16,6
601259,601259,601294,35,0
601256,601256,601295,39,0
601256,601256,601294,38,0
601269,601269,601297,28,0
601259,601259,601299,40,0
601261,601262,601301,39,1
601256,601256,601303,47,0
601269,601269,601303,34,0
601269,601269,601303,34,0
601256,601256,601306,50,0
601269,601269,601311,42,0
601269,601269,601310,41,0
601269,601269,601311,42,0
601269,601269,601311,42,0
601256,601256,601341,85,0
600986,600991,601347,356,5
601256,601256,601348,92,0
601355,601355,601357,2,0
601355,601355,601357,2,0
601355,601355,601359,4,0
601355,601355,601360,5,0
601355,601355,601360,5,0
601355,601355,601360,5,0
601355,601355,601360,5,0
601355,601355,601361,6,0
601355,601355,601361,6,0
601355,601355,601361,6,0
601355,601355,601360,5,0
601355,601355,601360,5,0
601355,601355,601362,7,0
601355,601355,601361,6,0
601355,601355,601361,6,0
601355,601355,601362,7,0
601355,601355,601361,6,0
601355,601355,601362,7,0
601355,601355,601361,6,0
601355,601355,601361,6,0
601355,601355,601362,7,0
601355,601355,601362,7,0
601355,601355,601362,7,0
601355,601355,601362,7,0
601355,601355,601363,8,0
601355,601355,601362,7,0
601355,601355,601363,8,0
601355,601355,601381,26,0
601355,601355,601386,31,0
601355,601355,601388,33,0
601355,601355,601389,34,0
601355,601355,601389,34,0
601355,601355,601389,34,0
601049,601049,601393,344,0
601355,601355,601397,42,0
601185,601193,601397,204,8
601355,601355,601398,43,0
601355,601355,601398,43,0
601395,601397,601399,2,2
601395,601397,601400,3,2
601395,601395,601399,4,0
601395,601397,601400,3,2
601395,601395,601401,6,0
601395,601395,601401,6,0
601395,601395,601401,6,0
601395,601395,601401,6,0
601395,601395,601401,6,0
601395,601395,601401,6,0
601395,601395,601401,6,0
601395,601395,601401,6,0
601395,601397,601401,4,2
601395,601397,601403,6,2
601395,601395,601402,7,0
601395,601395,601403,8,0
601395,601395,601403,8,0
601395,601395,601403,8,0
601395,601395,601403,8,0
601395,601397,601403,6,2
601395,601398,601404,6,3
601395,601400,601403,3,5
601395,601400,601404,4,5
601399,601401,601403,2,2
601395,601395,601404,9,0
601395,601395,601403,8,0
601395,601395,601404,9,0
601395,601395,601404,9,0
601103,601113,601404,291,10
601355,601355,601404,49,0
601355,601355,601404,49,0
601395,601395,601405,10,0
601395,601395,601405,10,0
601395,601395,601405,10,0
601399,601401,601405,4,2
601399,601402,601405,3,3
601399,601403,601405,2,4
601399,601401,601406,5,2
601399,601401,601406,5,2
601395,601395,601406,11,0
601395,601395,601406,11,0
601399,601404,601407,3,5
601399,601404,601407,3,5
601399,601401,601407,6,2
601399,601401,601407,6,2
601399,601401,601407,6,2
601399,601404,601408,4,5
601399,601404,601407,3,5
601399,601404,601407,3,5
601399,601406,601408,2,7
601399,601401,601408,7,2
601399,601401,601408,7,2
601399,601403,601408,5,4
601395,601398,601409,11,3
601395,601398,601408,10,3
601399,601406,601408,2,7
601399,601403,601409,6,4
601399,601403,601409,6,4
601399,601405,601409,4,6
601395,601398,601409,11,3
601399,601406,601410,4,7
601399,601406,601409,3,7
601399,601407,601410,3,8
601399,601403,601409,6,4
601399,601404,601410,6,5
600990,601004,601410,406,14
601399,601407,601410,3,8
601399,601407,601411,4,8
601399,601404,601411,7,5
601399,601404,601411,7,5
601399,601407,601411,4,8
601407,601408,601411,3,1
601399,601405,601411,6,6
601399,601405,601412,7,6
601399,601406,601411,5,7
601399,601407,601412,5,8
601399,601407,601412,5,8
601407,601408,601412,4,1
601407,601408,601413,5,1
601407,601408,601414,6,1
601407,601408,601415,7,1
601407,601410,601415,5,3
601407,601410,601415,5,3
600907,600907,601415,508,0
601407,601408,601415,7,1
601407,601409,601415,6,2
601407,601409,601415,6,2
601407,601409,601415,6,2
601407,601410,601415,5,3
601407,601410,601415,5,3
601407,601410,601415,5,3
601407,601411,601416,5,4
601407,601412,601415,3,5
601407,601410,601417,7,3
601407,601412,601416,4,5
601407,601411,601416,5,4
601407,601410,601417,7,3
601407,601411,601417,6,4
601407,601410,601417,7,3
601407,601412,601417,5,5
601407,601412,601418,6,5
601407,601409,601417,8,2
601407,601412,601418,6,5
601407,601410,601418,8,3
601407,601411,601418,7,4
601407,601412,601418,6,5
601407,601414,601419,5,7
601407,601413,601419,6,6
601407,601415,601419,4,8
601407,601412,601418,6,5
601407,601415,601419,4,8
601407,601415,601419,4,8
601407,601415,601420,5,8
601407,601413,601421,8,6
601415,601416,601421,5,1
601415,601416,601421,5,1
601415,601416,601421,5,1
601415,601416,601421,5,1
601415,601416,601421,5,1
601415,601416,601422,6,1
601407,601416,601422,6,9
601415,601416,601423,7,1
601415,601417,601423,6,2
601415,601420,601423,3,5
601399,601403,601423,20,4
601415,601417,601424,7,2
601415,601418,601424,6,3
601395,601395,601424,29,0
601415,601418,601425,7,3
601415,601418,601425,7,3
601415,601418,601426,8,3
601415,601419,601426,7,4
601415,601417,601425,8,2
601415,601418,601425,7,3
601415,601419,601426,7,4
601415,601418,601425,7,3
601415,601419,601426,7,4
601415,601421,601426,5,6
601415,601422,601426,4,7
601415,601419,601426,7,4
601415,601421,601427,6,6
601415,601422,601427,5,7
601415,601423,601427,4,8
601415,601423,601427,4,8
601415,601419,601427,8,4
601415,601416,601428,12,1
601415,601421,601427,6,6
601415,601421,601427,6,6
601395,601395,601428,33,0
601395,601395,601428,33,0
601415,601422,601429,7,7
601407,601408,601429,21,1
601415,601423,601429,6,8
601419,601425,601430,5,6
601395,601395,601430,35,0
601395,601395,601430,35,0
601415,601423,601430,7,8
601419,601426,601433,7,7
601419,601426,601433,7,7
601419,601428,601433,5,9
601419,601429,601433,4,10
601419,601425,601433,8,6
601407,601408,601433,25,1
601419,601426,601434,8,7
601419,601426,601434,8,7
601419,601424,601434,10,5
601419,601427,601434,7,8
601419,601426,601435,9,7
601399,601404,601435,31,5
601419,601427,601435,8,8
601419,601428,601435,7,9
600914,600914,601435,521,0
600928,600928,601435,507,0
601419,601428,601437,9,9
601419,601427,601437,10,8
601399,601404,601437,33,5
601419,601428,601438,10,9
601419,601428,601437,9,9
601419,601430,601437,7,11
601419,601428,601437,9,9
601419,601430,601437,7,11
601419,601431,601437,6,12
601419,601428,601438,10,9
601419,601433,601438,5,14
601419,601434,601438,4,15
601419,601434,601438,4,15
601419,601429,601438,9,10
600921,600921,601438,517,0
601419,601431,601439,8,12
601419,601431,601439,8,12
601419,601434,601439,5,15
601419,601434,601439,5,15
601419,601424,601440,16,5
601419,601434,601441,7,15
601415,601424,601442,18,9
601419,601435,601441,6,16
601419,601434,601442,8,15
601419,601434,601449,15,15
601444,601444,601450,6,0
601444,601444,601449,5,0
601444,601444,601450,6,0
601415,601418,601451,33,3
601444,601444,601451,7,0
601444,601444,601451,7,0
601444,601444,601451,7,0
601444,601444,601451,7,0
601415,601419,601452,33,4
601355,601355,601452,97,0
601444,601444,601451,7,0
601444,601444,601452,8,0
601444,601444,601452,8,0
601444,601444,601452,8,0
601444,601444,601452,8,0
601444,601444,601452,8,0
601444,601444,601451,7,0
601444,601444,601452,8,0
601444,601444,601452,8,0
601419,601430,601450,20,11
601415,601420,601453,33,5
601444,601444,601453,9,0
601444,601450,601453,3,6
601444,601448,601453,5,4
601444,601448,601453,5,4
601415,601419,601453,34,4
601415,601420,601453,33,5
601444,601444,601454,10,0
601444,601450,601454,4,6
601444,601451,601454,3,7
601444,601451,601454,3,7
601419,601428,601455,27,9
601444,601450,601454,4,6
601444,601451,601455,4,7
601444,601451,601455,4,7
601444,601444,601456,12,0
601444,601444,601456,12,0
601444,601452,601457,5,8
601444,601453,601458,5,9
601444,601453,601458,5,9
601444,601452,601459,7,8
601444,601448,601458,10,4
601444,601453,601458,5,9
601444,601453,601458,5,9
601444,601456,601459,3,12
601444,601453,601458,5,9
601419,601426,601459,33,7
601444,601451,601459,8,7
601444,601452,601459,7,8
601444,601453,601459,6,9
601444,601452,601459,7,8
601444,601454,601459,5,10
601444,601455,601459,4,11
601444,601455,601459,4,11
601444,601455,601459,4,11
601444,601444,601460,16,0
601444,601453,601460,7,9
601444,601454,601462,8,10
601444,601453,601462,9,9
601444,601454,601462,8,10
601444,601454,601462,8,10
601444,601455,601462,7,11
601444,601456,601462,6,12
601444,601456,601462,6,12
601444,601458,601462,4,14
601444,601459,601462,3,15
601444,601454,601462,8,10
601444,601459,601462,3,15
601444,601459,601462,3,15
601444,601459,601462,3,15
601419,601426,601463,37,7
601444,601453,601463,10,9
601456,601460,601464,4,4
601444,601459,601465,6,15
601456,601460,601465,5,4
601456,601460,601465,5,4
601444,601459,601465,6,15
601444,601453,601465,12,9
601456,601460,601465,5,4
601456,601460,601465,5,4
601444,601444,601466,22,0
601444,601459,601466,7,15
601456,601463,601467,4,7
601456,601463,601467,4,7
601456,601463,601466,3,7
601456,601463,601467,4,7
601456,601463,601467,4,7
601444,601454,601468,14,10
601444,601456,601468,12,12
601444,601457,601468,11,13
601419,601427,601465,38,8
601444,601444,601464,20,0
601444,601459,601468,9,15
601444,601459,601468,9,15
601456,601462,601469,7,6
601456,601463,601468,5,7
601456,601463,601469,6,7
601456,601463,601470,7,7
601456,601465,601470,5,9
601456,601468,601470,2,12
601456,601468,601470,2,12
601456,601465,601470,5,9
601456,601465,601470,5,9
601456,601467,601470,3,11
601456,601463,601470,7,7
601456,601461,601470,9,5
601456,601466,601470,4,10
601456,601466,601470,4,10
601456,601467,601470,3,11
601456,601467,601470,3,11
601456,601463,601471,8,7
601456,601463,601471,8,7
601456,601463,601471,8,7
601456,601467,601471,4,11
601444,601459,601471,12,15
601456,601466,601472,6,10
601456,601465,601472,7,9
601456,601464,601474,10,8
601444,601444,601474,30,0
601444,601444,601475,31,0
601444,601444,601474,30,0
601444,601444,601474,30,0
601355,601355,601475,120,0
601456,601469,601476,7,13
601456,601469,601476,7,13
601456,601469,601476,7,13
601444,601459,601478,19,15
601456,601466,601476,10,10
601456,601461,601482,21,5
601456,601469,601486,17,13
601444,601452,601495,43,8
601456,601466,601500,34,10
601148,601152,601528,376,4
601207,601210,601531,321,3
601532,601532,601534,2,0
601532,601532,601535,3,0
601532,601532,601535,3,0
601532,601532,601535,3,0
601532,601533,601535,2,1
601532,601532,601535,3,0
601532,601532,601535,3,0
601532,601532,601535,3,0
601532,601532,601535,3,0
601532,601532,601535,3,0
601532,601533,601535,2,1
601532,601532,601536,4,0
601532,601532,601535,3,0
601532,601532,601535,3,0
601532,601532,601535,3,0
601532,601532,601535,3,0
601532,601532,601535,3,0
601532,601532,601535,3,0
601532,601532,601536,4,0
601532,601532,601535,3,0
601532,601532,601536,4,0
601532,601532,601535,3,0
601532,601532,601536,4,0
601532,601532,601535,3,0
601532,601532,601535,3,0
601532,601532,601536,4,0
601532,601534,601536,2,2
601532,601532,601536,4,0
601532,601532,601537,5,0
601532,601532,601536,4,0
601532,601532,601536,4,0
601532,601532,601536,4,0
601532,601532,601537,5,0
601532,601532,601537,5,0
601532,601532,601536,4,0
601532,601532,601536,4,0
601532,601532,601537,5,0
601532,601535,601537,2,3
601532,601535,601536,1,3
601532,601532,601536,4,0
601532,601535,601536,1,3
601532,601536,601538,2,4
601532,601536,601537,1,4
601532,601536,601537,1,4
601532,601536,601538,2,4
601532,601536,601538,2,4
601532,601532,601538,6,0
601532,601532,601538,6,0
601532,601532,601537,5,0
601532,601532,601537,5,0
601532,601532,601537,5,0
601532,601536,601538,2,4
601532,601536,601538,2,4
601532,601536,601537,1,4
601532,601536,601538,2,4
601532,601536,601538,2,4
601532,601536,601538,2,4
601532,601536,601538,2,4
601532,601536,601538,2,4
601532,601536,601538,2,4
601532,601537,601538,1,5
601532,601537,601539,2,5
601532,601536,601539,3,4
601532,601536,601538,2,4
601532,601536,601539,3,4
601532,601537,601539,2,5
601532,601537,601539,2,5
601532,601537,601539,2,5
601532,601537,601539,2,5
601532,601537,601539,2,5
601532,601536,601539,3,4
601532,601536,601539,3,4
601532,601536,601539,3,4
601532,601536,601539,3,4
601532,601536,601540,4,4
601532,601536,601540,4,4
601532,601537,601541,4,5
601532,601537,601542,5,5
601532,601537,601542,5,5
601532,601537,601543,6,5
601198,601204,601563,359,6
601566,601566,601570,4,0
601566,601566,601570,4,0
601566,601566,601570,4,0
601566,601566,601570,4,0
601566,601566,601570,4,0
601566,601566,601570,4,0
601566,601566,601570,4,0
601566,601566,601570,4,0
601566,601566,601570,4,0
601566,601566,601570,4,0
601566,601566,601570,4,0
601566,601566,601570,4,0
601566,601566,601570,4,0
601566,601566,601570,4,0
601566,601566,601570,4,0
601566,601566,601570,4,0
601566,601566,601570,4,0
601566,601566,601571,5,0
601566,601566,601570,4,0
601566,601566,601570,4,0
601566,601566,601570,4,0
601566,601566,601571,5,0
601566,601566,601571,5,0
601566,601566,601571,5,0
601566,601566,601571,5,0
601566,601566,601570,4,0
601566,601566,601571,5,0
601566,601566,601571,5,0
601566,601566,601571,5,0
601566,601566,601571,5,0
601566,601566,601571,5,0
601566,601566,601571,5,0
601566,601566,601572,6,0
601566,601567,601572,5,1
601566,601567,601572,5,1
601566,601566,601572,6,0
601566,601566,601572,6,0
601566,601566,601573,7,0
601566,601566,601573,7,0
601566,601567,601573,6,1
601215,601215,601576,361,0
601583,601584,601588,4,1
601583,601584,601589,5,1
601583,601584,601588,4,1
601583,601584,601588,4,1
601583,601584,601588,4,1
601583,601584,601588,4,1
601583,601584,601589,5,1
601583,601584,601588,4,1
601583,601584,601588,4,1
601583,601584,601588,4,1
601583,601584,601588,4,1
601583,601584,601588,4,1
601583,601584,601588,4,1
601583,601584,601588,4,1
601583,601584,601588,4,1
601583,601584,601588,4,1
601583,601584,601588,4,1
601583,601584,601588,4,1
601583,601584,601588,4,1
601583,601584,601588,4,1
601583,601584,601588,4,1
601583,601584,601588,4,1
601583,601584,601588,4,1
601583,601584,601588,4,1
601583,601584,601588,4,1
601583,601584,601588,4,1
601583,601584,601588,4,1
601583,601584,601588,4,1
601583,601584,601589,5,1
601583,601584,601589,5,1
601583,601584,601589,5,1
601583,601584,601589,5,1
601583,601584,601592,8,1
601583,601584,601592,8,1
601583,601584,601592,8,1
601583,601584,601602,18,1
601583,601584,601602,18,1
601583,601584,601602,18,1
601583,601584,601602,18,1
601263,601266,601604,338,3
601583,601584,601607,23,1
601608,601608,601610,2,0
601608,601608,601612,4,0
601608,601608,601612,4,0
601608,601608,601613,5,0
601608,601608,601613,5,0
601608,601608,601613,5,0
601608,601608,601613,5,0
601608,601608,601613,5,0
601608,601608,601613,5,0
601608,601608,601613,5,0
601608,601608,601613,5,0
601608,601608,601613,5,0
601608,601608,601613,5,0
601608,601608,601613,5,0
601608,601608,601613,5,0
601608,601608,601613,5,0
601608,601608,601613,5,0
601608,601608,601613,5,0
601278,601278,601613,335,0
601608,601608,601613,5,0
601608,601608,601613,5,0
601608,601608,601613,5,0
601608,601608,601613,5,0
601608,601608,601613,5,0
601608,601608,601613,5,0
601608,601608,601613,5,0
601608,601608,601613,5,0
601608,601608,601613,5,0
601608,601608,601613,5,0
601608,601608,601613,5,0
601608,601608,601613,5,0
601608,601608,601613,5,0
601608,601608,601613,5,0
601608,601608,601613,5,0
601226,601226,601614,388,0
601608,601612,601615,3,4
601608,601612,601615,3,4
601608,601612,601614,2,4
601608,601609,601615,6,1
601608,601609,601615,6,1
601608,601612,601615,3,4
601608,601609,601616,7,1
601620,601621,601625,4,1
601620,601621,601625,4,1
601620,601621,601625,4,1
601620,601621,601625,4,1
601620,601621,601625,4,1
601620,601621,601625,4,1
601620,601621,601625,4,1
601620,601621,601625,4,1
601620,601621,601625,4,1
601620,601621,601625,4,1
601620,601621,601625,4,1
601620,601621,601625,4,1
601620,601621,601625,4,1
601620,601621,601625,4,1
601620,601621,601625,4,1
601620,601621,601625,4,1
601620,601621,601625,4,1
601620,601621,601625,4,1
601620,601621,601626,5,1
601620,601621,601626,5,1
601620,601621,601626,5,1
601620,601621,601626,5,1
601620,601621,601626,5,1
601620,601621,601627,6,1
601620,601621,601626,5,1
601620,601621,601626,5,1
601620,601621,601627,6,1
601620,601621,601627,6,1
601620,601621,601627,6,1
601620,601621,601627,6,1
601620,601621,601628,7,1
601620,601621,601627,6,1
601620,601621,601627,6,1
601622,601625,601627,2,3
601622,601625,601628,3,3
601622,601625,601628,3,3
601622,601626,601628,2,4
601622,601626,601627,1,4
601622,601627,601628,1,5
601620,601621,601627,6,1
601620,601621,601628,7,1
601620,601621,601627,6,1
601620,601621,601627,6,1
601620,601621,601627,6,1
601622,601622,601628,6,0
601622,601622,601627,5,0
601620,601621,601628,7,1
601620,601621,601628,7,1
601622,601625,601628,3,3
601622,601625,601628,3,3
601622,601625,601628,3,3
601622,601626,601628,2,4
601622,601625,601628,3,3
601622,601625,601628,3,3
601622,601626,601628,2,4
601622,601625,601628,3,3
601622,601626,601629,3,4
601622,601626,601629,3,4
601622,601628,601629,1,6
601622,601625,601629,4,3
601622,601627,601630,3,5
601622,601628,601630,2,6
601622,601627,601630,3,5
601622,601628,601630,2,6
601622,601627,601630,3,5
601622,601625,601630,5,3
601622,601625,601630,5,3
601622,601627,601630,3,5
601622,601627,601630,3,5
601236,601236,601631,395,0
601622,601627,601630,3,5
601622,601627,601630,3,5
601622,601628,601632,4,6
601622,601628,601632,4,6
601622,601628,601632,4,6
601622,601628,601632,4,6
601622,601628,601633,5,6
601243,601243,601634,391,0
601250,601250,601634,384,0
601622,601628,601634,6,6
601622,601628,601634,6,6
601622,601628,601634,6,6
601622,601628,601634,6,6
601271,601276,601643,367,5
601659,601659,601661,2,0
601659,601659,601661,2,0
601659,601659,601661,2,0
601659,601659,601661,2,0
601659,601659,601663,4,0
601659,601659,601663,4,0
601659,601659,601663,4,0
601659,601659,601663,4,0
601659,601659,601663,4,0
601659,601659,601663,4,0
601659,601659,601663,4,0
601659,601659,601662,3,0
601659,601659,601662,3,0
601659,601659,601662,3,0
601659,601659,601662,3,0
601659,601659,601663,4,0
601659,601659,601663,4,0
601659,601659,601663,4,0
601659,601659,601663,4,0
601659,601659,601663,4,0
601659,601659,601663,4,0
601659,601659,601663,4,0
601659,601659,601664,5,0
601659,601659,601664,5,0
601659,601659,601664,5,0
601659,601659,601663,4,0
601659,601659,601663,4,0
601659,601659,601663,4,0
601659,601659,601663,4,0
601659,601659,601663,4,0
601659,601659,601663,4,0
601659,601659,601665,6,0
601659,601659,601664,5,0
601663,601663,601665,2,0
601663,601663,601665,2,0
601659,601659,601666,7,0
601659,601659,601666,7,0
601663,601663,601666,3,0
601663,601663,601666,3,0
601663,601663,601666,3,0
601663,601663,601666,3,0
601663,601663,601666,3,0
601663,601663,601667,4,0
601659,601659,601666,7,0
601659,601659,601666,7,0
601659,601659,601667,8,0
601659,601659,601666,7,0
601663,601663,601667,4,0
601663,601663,601667,4,0
601663,601664,601667,3,1
601663,601663,601667,4,0
601663,601663,601667,4,0
601663,601663,601667,4,0
601663,601663,601667,4,0
601663,601663,601667,4,0
601663,601664,601667,3,1
601663,601663,601667,4,0
601663,601666,601667,1,3
601663,601666,601667,1,3
601663,601663,601667,4,0
601663,601663,601668,5,0
601663,601663,601667,4,0
601663,601664,601668,4,1
601663,601665,601668,3,2
601659,601659,601667,8,0
601663,601663,601667,4,0
601663,601663,601667,4,0
601663,601664,601667,3,1
601663,601663,601667,4,0
601663,601664,601667,3,1
601663,601664,601667,3,1
601663,601664,601667,3,1
601663,601663,601669,6,0
601665,601667,601669,2,2
601665,601667,601669,2,2
601665,601667,601669,2,2
601663,601666,601669,3,3
601665,601666,601669,3,1
601663,601665,601669,4,2
601665,601667,601670,3,2
601663,601664,601669,5,1
601665,601667,601670,3,2
601663,601664,601670,6,1
601663,601663,601670,7,0
601663,601664,601671,7,1
601663,601663,601671,8,0
601665,601667,601670,3,2
601665,601668,601671,3,3
601665,601668,601671,3,3
601665,601668,601670,2,3
601665,601668,601670,2,3
601665,601668,601670,2,3
601665,601669,601671,2,4
601665,601669,601671,2,4
601665,601669,601671,2,4
601665,601667,601671,4,2
601665,601667,601671,4,2
601665,601667,601671,4,2
601665,601667,601671,4,2
601665,601667,601671,4,2
601665,601668,601671,3,3
601665,601667,601671,4,2
601665,601667,601671,4,2
601665,601668,601671,3,3
601665,601668,601671,3,3
601665,601668,601671,3,3
601665,601668,601671,3,3
601665,601667,601672,5,2
601665,601667,601671,4,2
601665,601668,601671,3,3
601665,601668,601671,3,3
601665,601668,601672,4,3
601665,601668,601672,4,3
601665,601669,601672,3,4
601665,601668,601673,5,3
601665,601668,601673,5,3
601666,601670,601673,3,4
601665,601668,601671,3,3
601665,601668,601671,3,3
601665,601668,601672,4,3
601665,601668,601671,3,3
601666,601670,601674,4,4
601666,601671,601675,4,5
601666,601671,601675,4,5
601666,601671,601675,4,5
601666,601671,601675,4,5
601666,601671,601675,4,5
601666,601671,601675,4,5
601666,601669,601675,6,3
601666,601669,601675,6,3
601666,601671,601675,4,5
601666,601671,601675,4,5
601666,601672,601675,3,6
601666,601672,601675,3,6
601666,601672,601675,3,6
601666,601672,601675,3,6
601666,601672,601675,3,6
601666,601672,601675,3,6
601666,601672,601675,3,6
601666,601672,601675,3,6
601666,601672,601675,3,6
601666,601672,601675,3,6
601350,601350,601675,325,0
601666,601671,601675,4,5
601666,601671,601675,4,5
601666,601670,601676,6,4
601666,601670,601677,7,4
601666,601671,601676,5,5
601666,601674,601677,3,8
601666,601673,601677,4,7
601666,601673,601677,4,7
601666,601673,601678,5,7
601666,601674,601678,4,8
601666,601671,601680,9,5
601666,601673,601679,6,7
601666,601671,601680,9,5
601666,601672,601680,8,6
601666,601672,601681,9,6
601666,601672,601681,9,6
601666,601673,601682,9,7
601666,601672,601683,11,6
601398,601400,601686,286,2
601409,601416,601689,273,7
601275,601276,601692,416,1
601697,601697,601700,3,0
601697,601697,601700,3,0
601697,601697,601700,3,0
601697,601697,601700,3,0
601697,601697,601700,3,0
601697,601697,601700,3,0
601697,601697,601700,3,0
601697,601697,601700,3,0
601697,601697,601700,3,0
601697,601697,601700,3,0
601697,601697,601700,3,0
601697,601697,601700,3,0
601697,601697,601700,3,0
601697,601697,601700,3,0
601697,601697,601700,3,0
601697,601697,601700,3,0
601697,601697,601701,4,0
601697,601697,601701,4,0
601697,601697,601701,4,0
601697,601697,601701,4,0
601697,601697,601702,5,0
601697,601697,601702,5,0
601697,601697,601702,5,0
601697,601697,601702,5,0
601697,601697,601703,6,0
601697,601697,601703,6,0
601700,601700,601703,3,0
601700,601700,601703,3,0
601700,601700,601702,2,0
601700,601700,601703,3,0
601700,601700,601703,3,0
601700,601700,601703,3,0
601697,601697,601702,5,0
601697,601697,601703,6,0
601697,601697,601703,6,0
601697,601697,601703,6,0
601697,601697,601702,5,0
601700,601700,601703,3,0
601700,601700,601703,3,0
601697,601697,601703,6,0
601697,601697,601703,6,0
601697,601697,601703,6,0
601700,601700,601705,5,0
601700,601700,601705,5,0
601700,601700,601705,5,0
601700,601700,601705,5,0
601700,601700,601705,5,0
601700,601701,601706,5,1
601697,601697,601706,9,0
601700,601702,601706,4,2
601700,601702,601706,4,2
601700,601702,601706,4,2
601700,601702,601706,4,2
601700,601702,601706,4,2
601700,601700,601706,6,0
601700,601703,601707,4,3
601700,601701,601706,5,1
601700,601701,601706,5,1
601700,601701,601706,5,1
601700,601702,601706,4,2
601700,601703,601707,4,3
601700,601703,601707,4,3
601700,601703,601707,4,3
601700,601701,601706,5,1
601700,601701,601706,5,1
601700,601701,601706,5,1
601700,601701,601706,5,1
601700,601701,601706,5,1
601700,601703,601707,4,3
601700,601703,601706,3,3
601697,601697,601707,10,0
601700,601703,601707,4,3
601700,601703,601707,4,3
601700,601701,601707,6,1
601700,601704,601707,3,4
601700,601704,601707,3,4
601700,601706,601707,1,6
601700,601704,601707,3,4
601700,601706,601707,1,6
601700,601706,601708,2,6
601700,601703,601707,4,3
601700,601703,601707,4,3
601700,601703,601707,4,3
601700,601704,601708,4,4
601700,601704,601708,4,4
601700,601704,601708,4,4
601700,601706,601707,1,6
601697,601697,601708,11,0
601697,601697,601708,11,0
601697,601697,601708,11,0
601697,601697,601707,10,0
601700,601703,601707,4,3
601700,601703,601708,5,3
601700,601707,601709,2,7
601700,601707,601708,1,7
601700,601707,601709,2,7
601700,601708,601709,1,8
601700,601706,601709,3,6
601700,601706,601708,2,6
601700,601707,601708,1,7
601700,601707,601709,2,7
601700,601708,601709,1,8
601700,601707,601709,2,7
601700,601707,601709,2,7
601700,601707,601709,2,7
601700,601707,601709,2,7
601700,601707,601709,2,7
601700,601707,601709,2,7
601700,601707,601709,2,7
601700,601707,601709,2,7
601700,601707,601709,2,7
601700,601707,601709,2,7
601700,601707,601709,2,7
601700,601707,601708,1,7
601700,601707,601708,1,7
601700,601707,601709,2,7
601700,601707,601708,1,7
601700,601707,601709,2,7
601700,601707,601709,2,7
601700,601707,601709,2,7
601700,601707,601709,2,7
601700,601708,601709,1,8
601700,601708,601709,1,8
601700,601708,601709,1,8
601700,601708,601709,1,8
601700,601707,601709,2,7
601700,601708,601710,2,8
601700,601709,601711,2,9
601700,601709,601711,2,9
601700,601708,601710,2,8
601700,601709,601710,1,9
601700,601709,601710,1,9
601700,601709,601711,2,9
601700,601709,601711,2,9
601700,601709,601710,1,9
601700,601709,601711,2,9
601700,601709,601710,1,9
601700,601709,601710,1,9
601700,601709,601710,1,9
601700,601708,601710,2,8
601700,601708,601711,3,8
601700,601708,601711,3,8
601700,601708,601711,3,8
601700,601709,601711,2,9
601700,601709,601711,2,9
601700,601708,601712,4,8
601700,601708,601712,4,8
601700,601708,601712,4,8
601700,601708,601712,4,8
601700,601709,601711,2,9
601700,601709,601712,3,9
601700,601709,601712,3,9
601700,601709,601712,3,9
601700,601709,601712,3,9
601700,601709,601712,3,9
601700,601709,601712,3,9
601700,601709,601712,3,9
601361,601361,601712,351,0
601700,601709,601713,4,9
601700,601709,601713,4,9
601232,601232,601714,482,0
601421,601435,601720,285,14
601700,601709,601724,15,9
601239,601239,601748,509,0
601746,601747,601748,1,1
601746,601747,601749,2,1
601746,601747,601749,2,1
601748,601748,601749,1,0
601746,601747,601749,2,1
601746,601747,601749,2,1
601746,601747,601749,2,1
601245,601245,601750,505,0
601746,601747,601749,2,1
601748,601748,601749,1,0
601748,601748,601749,1,0
601746,601747,601749,2,1
601746,601747,601749,2,1
601746,601747,601749,2,1
601746,601747,601749,2,1
601746,601747,601749,2,1
601748,601748,601749,1,0
601748,601748,601749,1,0
601746,601747,601749,2,1
601746,601747,601749,2,1
601746,601747,601750,3,1
601746,601747,601749,2,1
601746,601747,601749,2,1
601746,601747,601749,2,1
601746,601747,601749,2,1
601746,601747,601749,2,1
601746,601747,601749,2,1
601746,601747,601749,2,1
601746,601747,601749,2,1
601746,601747,601749,2,1
601746,601747,601749,2,1
601746,601747,601749,2,1
601746,601747,601749,2,1
601746,601747,601749,2,1
601746,601747,601749,2,1
601746,601747,601749,2,1
601746,601747,601750,3,1
601748,601748,601751,3,0
601748,601748,601750,2,0
601748,601748,601750,2,0
601746,601747,601751,4,1
601746,601747,601751,4,1
601748,601750,601751,1,2
601748,601750,601752,2,2
601748,601750,601751,1,2
601748,601749,601751,2,1
601748,601750,601751,1,2
601748,601750,601752,2,2
601748,601750,601752,2,2
601748,601750,601752,2,2
601748,601750,601752,2,2
601748,601750,601752,2,2
601748,601750,601751,1,2
601748,601750,601752,2,2
601748,601750,601752,2,2
601748,601750,601752,2,2
601748,601750,601752,2,2
601748,601749,601752,3,1
601748,601750,601752,2,2
601748,601750,601752,2,2
601748,601750,601751,1,2
601748,601750,601752,2,2
601748,601750,601752,2,2
601748,601750,601752,2,2
601748,601750,601752,2,2
601748,601750,601752,2,2
601748,601750,601751,1,2
601748,601750,601752,2,2
601748,601750,601752,2,2
601748,601750,601752,2,2
601748,601750,601752,2,2
601748,601750,601751,1,2
601748,601750,601752,2,2
601748,601750,601752,2,2
601748,601750,601752,2,2
601748,601750,601752,2,2
601746,601747,601752,5,1
601748,601750,601752,2,2
601748,601751,601752,1,3
601748,601751,601753,2,3
601748,601751,601753,2,3
601748,601751,601753,2,3
601748,601750,601752,2,2
601748,601750,601753,3,2
601748,601752,601753,1,4
601748,601752,601753,1,4
601748,601752,601753,1,4
601748,601752,601753,1,4
601748,601752,601753,1,4
601748,601752,601754,2,4
601748,601752,601754,2,4
601748,601752,601754,2,4
601748,601752,601754,2,4
601748,601752,601754,2,4
601748,601752,601754,2,4
601748,601752,601754,2,4
601748,601752,601754,2,4
601748,601752,601754,2,4
601748,601752,601754,2,4
601748,601752,601754,2,4
601748,601752,601753,1,4
601748,601752,601754,2,4
601748,601752,601753,1,4
601748,601752,601754,2,4
601748,601752,601754,2,4
601748,601752,601754,2,4
601748,601752,601754,2,4
601748,601752,601754,2,4
601748,601752,601754,2,4
601748,601752,601754,2,4
601748,601752,601754,2,4
601290,601290,601755,465,0
601258,601258,601754,496,0
601748,601752,601755,3,4
601748,601752,601755,3,4
601748,601752,601754,2,4
601748,601752,601755,3,4
601569,601569,601756,187,0
601247,601248,601757,509,1
601539,601539,601758,219,0
601746,601747,601759,12,1
601746,601747,601760,13,1
601746,601747,601760,13,1
601402,601407,601761,354,5
601746,601747,601760,13,1
601746,601747,601760,13,1
601746,601747,601760,13,1
601760,601760,601761,1,0
601760,601760,601762,2,0
601760,601760,601762,2,0
601760,601760,601765,5,0
601760,601760,601766,6,0
601760,601760,601766,6,0
601760,601760,601766,6,0
601342,601342,601766,424,0
601760,601760,601766,6,0
601760,601760,601766,6,0
601760,601760,601766,6,0
601761,601761,601766,5,0
601760,601760,601766,6,0
601760,601760,601766,6,0
601760,601760,601766,6,0
601760,601760,601766,6,0
601761,601761,601766,5,0
601761,601761,601766,5,0
601760,601760,601766,6,0
601760,601760,601766,6,0
601760,601760,601766,6,0
601760,601760,601766,6,0
601760,601760,601766,6,0
601761,601761,601766,5,0
601761,601761,601766,5,0
601761,601761,601766,5,0
601760,601760,601766,6,0
601760,601760,601766,6,0
601760,601760,601766,6,0
601760,601760,601766,6,0
601760,601760,601766,6,0
601760,601760,601766,6,0
601760,601760,601766,6,0
601761,601761,601766,5,0
601761,601761,601766,5,0
601761,601761,601766,5,0
601761,601761,601766,5,0
601761,601761,601766,5,0
601761,601761,601766,5,0
601761,601762,601766,4,1
601760,601760,601766,6,0
601760,601760,601766,6,0
601760,601760,601766,6,0
601761,601761,601766,5,0
601761,601761,601766,5,0
601761,601761,601766,5,0
601760,601760,601766,6,0
601760,601760,601766,6,0
601760,601760,601766,6,0
601760,601760,601766,6,0
601760,601760,601766,6,0
601284,601284,601767,483,0
601761,601766,601770,4,5
601761,601766,601770,4,5
601761,601766,601770,4,5
601761,601765,601770,5,4
601761,601767,601770,3,6
601761,601767,601770,3,6
601761,601767,601770,3,6
601765,601767,601770,3,2
601765,601767,601770,3,2
601765,601767,601770,3,2
601765,601767,601770,3,2
601765,601767,601771,4,2
601761,601767,601771,4,6
601761,601767,601770,3,6
601761,601767,601771,4,6
601761,601767,601770,3,6
601765,601767,601771,4,2
601761,601763,601770,7,2
601761,601763,601770,7,2
601765,601767,601770,3,2
601765,601767,601771,4,2
601765,601767,601770,3,2
601765,601767,601770,3,2
601765,601767,601771,4,2
601761,601767,601771,4,6
601761,601767,601771,4,6
601761,601767,601770,3,6
601761,601767,601771,4,6
601761,601767,601771,4,6
601761,601767,601770,3,6
601761,601767,601770,3,6
601765,601768,601770,2,3
601765,601767,601770,3,2
601765,601767,601771,4,2
601765,601767,601770,3,2
601765,601767,601770,3,2
601765,601767,601771,4,2
601765,601767,601771,4,2
601765,601767,601771,4,2
601765,601767,601771,4,2
601765,601771,601772,1,6
601765,601767,601771,4,2
601765,601771,601772,1,6
601765,601771,601772,1,6
601765,601767,601771,4,2
601765,601767,601772,5,2
601765,601767,601771,4,2
601761,601767,601771,4,6
601761,601767,601771,4,6
601761,601767,601771,4,6
601761,601767,601771,4,6
601765,601767,601771,4,2
601765,601767,601771,4,2
601765,601767,601771,4,2
601765,601770,601772,2,5
601765,601771,601772,1,6
601765,601771,601772,1,6
601765,601771,601772,1,6
601765,601771,601772,1,6
601766,601772,601773,1,6
601766,601772,601773,1,6
601766,601771,601773,2,5
601766,601771,601773,2,5
601765,601771,601772,1,6
601765,601771,601774,3,6
601765,601771,601774,3,6
601765,601771,601774,3,6
601765,601771,601774,3,6
601766,601772,601774,2,6
601766,601772,601774,2,6
601766,601772,601774,2,6
601766,601772,601773,1,6
601766,601771,601774,3,5
601766,601771,601774,3,5
601766,601771,601774,3,5
601766,601771,601774,3,5
601766,601771,601774,3,5
601766,601771,601774,3,5
601766,601771,601774,3,5
601766,601772,601774,2,6
601766,601772,601774,2,6
601766,601772,601774,2,6
601766,601771,601774,3,5
601766,601771,601773,2,5
601766,601771,601774,3,5
601766,601771,601773,2,5
601766,601772,601774,2,6
601766,601772,601774,2,6
601417,601424,601774,350,7
601766,601771,601774,3,5
601766,601771,601773,2,5
601766,601771,601773,2,5
601766,601771,601773,2,5
601766,601771,601774,3,5
601766,601771,601774,3,5
601766,601771,601774,3,5
601766,601771,601774,3,5
601766,601771,601774,3,5
601766,601771,601774,3,5
601766,601772,601774,2,6
601766,601772,601774,2,6
601766,601773,601774,1,7
601766,601773,601774,1,7
601766,601773,601774,1,7
601766,601772,601774,2,6
601766,601772,601774,2,6
601766,601773,601774,1,7
601766,601773,601775,2,7
601766,601773,601775,2,7
601766,601773,601775,2,7
601766,601773,601775,2,7
601766,601773,601775,2,7
601766,601772,601774,2,6
601766,601772,601774,2,6
601766,601772,601774,2,6
601766,601773,601775,2,7
601459,601469,601775,306,10
601766,601774,601775,1,8
601766,601774,601776,2,8
601766,601774,601776,2,8
601766,601774,601776,2,8
601766,601774,601776,2,8
601766,601774,601776,2,8
601766,601774,601775,1,8
601766,601774,601775,1,8
601766,601774,601775,1,8
601766,601774,601775,1,8
601766,601774,601775,1,8
601766,601774,601775,1,8
601766,601774,601775,1,8
601766,601774,601776,2,8
601766,601774,601776,2,8
601766,601774,601776,2,8
601766,601774,601775,1,8
601766,601774,601776,2,8
601766,601774,601776,2,8
601766,601774,601776,2,8
601766,601774,601776,2,8
601766,601774,601775,1,8
601766,601774,601776,2,8
601766,601774,601776,2,8
601766,601774,601776,2,8
601766,601774,601777,3,8
601770,601775,601777,2,5
601770,601775,601776,1,5
601770,601775,601776,1,5
601766,601774,601776,2,8
601760,601760,601777,17,0
601760,601760,601777,17,0
601770,601775,601777,2,5
601770,601775,601777,2,5
601770,601775,601777,2,5
601766,601774,601776,2,8
601770,601775,601777,2,5
601770,601775,601777,2,5
601770,601775,601777,2,5
601770,601775,601777,2,5
601770,601775,601777,2,5
601770,601775,601777,2,5
601770,601775,601777,2,5
601770,601775,601777,2,5
601770,601775,601777,2,5
601770,601775,601777,2,5
601770,601776,601778,2,6
601760,601760,601778,18,0
601760,601760,601778,18,0
601760,601760,601778,18,0
601760,601760,601778,18,0
601770,601775,601777,2,5
601770,601775,601778,3,5
601770,601775,601778,3,5
601770,601775,601779,4,5
601770,601775,601779,4,5
601770,601776,601779,3,6
601770,601776,601779,3,6
601770,601776,601779,3,6
601770,601776,601779,3,6
601771,601777,601779,2,6
601770,601776,601779,3,6
601770,601776,601779,3,6
601770,601776,601779,3,6
601770,601776,601779,3,6
601770,601776,601779,3,6
601770,601776,601779,3,6
601770,601776,601779,3,6
601771,601777,601779,2,6
601771,601777,601779,2,6
601771,601778,601779,1,7
601770,601776,601779,3,6
601770,601776,601779,3,6
601770,601776,601779,3,6
601770,601776,601779,3,6
601771,601778,601780,2,7
601771,601776,601779,3,5
601771,601776,601779,3,5
601771,601776,601779,3,5
601771,601776,601779,3,5
601771,601777,601779,2,6
601771,601777,601779,2,6
601771,601778,601779,1,7
601771,601778,601779,1,7
601266,601266,601780,514,0
601771,601777,601779,2,6
601771,601777,601779,2,6
601771,601777,601779,2,6
601771,601778,601780,2,7
601771,601778,601780,2,7
601771,601778,601780,2,7
601771,601777,601780,3,6
601771,601779,601781,2,8
601771,601779,601781,2,8
601771,601778,601780,2,7
601771,601779,601780,1,8
601771,601779,601780,1,8
601771,601779,601780,1,8
601771,601778,601781,3,7
601771,601778,601781,3,7
601771,601779,601780,1,8
601771,601778,601780,2,7
601771,601779,601781,2,8
601771,601779,601781,2,8
601771,601780,601781,1,9
601771,601780,601782,2,9
601766,601774,601781,7,8
601770,601774,601781,7,4
601771,601778,601781,3,7
601771,601780,601781,1,9
601771,601780,601781,1,9
601771,601780,601781,1,9
601771,601777,601781,4,6
601771,601779,601781,2,8
601771,601779,601781,2,8
601771,601780,601782,2,9
601771,601780,601781,1,9
601771,601780,601782,2,9
601771,601780,601782,2,9
601771,601780,601782,2,9
601771,601780,601782,2,9
601771,601780,601782,2,9
601771,601780,601782,2,9
601771,601779,601782,3,8
601771,601779,601782,3,8
601771,601781,601783,2,10
601771,601778,601782,4,7
601771,601780,601782,2,9
601771,601780,601782,2,9
601771,601780,601782,2,9
601771,601780,601783,3,9
601771,601780,601783,3,9
601771,601780,601782,2,9
601771,601781,601782,1,10
601771,601781,601782,1,10
601771,601781,601783,2,10
601771,601781,601782,1,10
601771,601781,601783,2,10
601771,601780,601782,2,9
601771,601780,601782,2,9
601771,601780,601782,2,9
601771,601780,601782,2,9
601771,601781,601782,1,10
601772,601781,601782,1,9
601772,601782,601783,1,10
601771,601780,601782,2,9
601771,601780,601782,2,9
601771,601780,601782,2,9
601771,601780,601782,2,9
601771,601780,601782,2,9
601771,601780,601782,2,9
601771,601780,601782,2,9
601772,601782,601783,1,10
601771,601780,601782,2,9
601772,601781,601782,1,9
601772,601781,601782,1,9
601772,601781,601782,1,9
601772,601781,601782,1,9
601772,601782,601783,1,10
601772,601782,601783,1,10
601772,601782,601784,2,10
601772,601782,601784,2,10
601772,601782,601783,1,10
601772,601782,601783,1,10
601772,601782,601783,1,10
601772,601782,601783,1,10
601772,601783,601784,1,11
601772,601783,601784,1,11
601772,601783,601784,1,11
601772,601782,601783,1,10
601772,601782,601784,2,10
601772,601782,601784,2,10
601772,601782,601784,2,10
601772,601782,601784,2,10
601772,601782,601784,2,10
601772,601782,601784,2,10
601772,601782,601784,2,10
601772,601782,601784,2,10
601772,601783,601784,1,11
601772,601783,601784,1,11
601772,601783,601784,1,11
601772,601783,601784,1,11
601772,601783,601784,1,11
601772,601783,601784,1,11
601772,601783,601784,1,11
601772,601783,601784,1,11
601772,601783,601784,1,11
601772,601783,601784,1,11
601772,601783,601784,1,11
601785,601785,601787,2,0
601785,601785,601786,1,0
601785,601785,601787,2,0
601785,601785,601787,2,0
601770,601776,601788,12,6
601785,601785,601787,2,0
601785,601785,601788,3,0
601785,601785,601787,2,0
601785,601785,601787,2,0
601785,601785,601787,2,0
601785,601785,601787,2,0
601785,601785,601787,2,0
601785,601785,601787,2,0
601785,601785,601787,2,0
601785,601785,601787,2,0
601785,601785,601787,2,0
601785,601785,601787,2,0
601785,601785,601787,2,0
601785,601785,601788,3,0
601785,601785,601787,2,0
601785,601785,601787,2,0
601785,601785,601787,2,0
601785,601785,601788,3,0
601785,601785,601787,2,0
601785,601785,601787,2,0
601785,601785,601787,2,0
601785,601785,601787,2,0
601785,601785,601787,2,0
601785,601785,601787,2,0
601785,601785,601787,2,0
601785,601785,601787,2,0
601785,601785,601787,2,0
601785,601785,601787,2,0
601785,601785,601787,2,0
601785,601785,601787,2,0
601785,601785,601787,2,0
601785,601785,601787,2,0
601365,601365,601789,424,0
601785,601785,601789,4,0
601770,601776,601790,14,6
601771,601777,601790,13,6
601771,601777,601790,13,6
601771,601777,601790,13,6
601785,601785,601791,6,0
601785,601785,601790,5,0
601785,601785,601790,5,0
601260,601260,601796,536,0
601772,601782,601800,18,10
601772,601782,601800,18,10
601800,601800,601802,2,0
601800,601800,601802,2,0
601800,601800,601802,2,0
601800,601800,601802,2,0
601800,601800,601802,2,0
601800,601800,601802,2,0
601800,601800,601802,2,0
601800,601800,601802,2,0
601800,601800,601802,2,0
601800,601800,601802,2,0
601800,601800,601802,2,0
601800,601800,601802,2,0
601800,601800,601802,2,0
601800,601800,601802,2,0
601800,601800,601802,2,0
601800,601800,601802,2,0
601800,601800,601802,2,0
601800,601800,601802,2,0
601800,601800,601802,2,0
601800,601800,601802,2,0
601800,601800,601802,2,0
601800,601800,601802,2,0
601800,601800,601802,2,0
601800,601800,601802,2,0
601800,601800,601802,2,0
601800,601800,601802,2,0
601800,601800,601802,2,0
601800,601800,601802,2,0
601800,601800,601802,2,0
601800,601800,601804,4,0
601800,601801,601803,2,1
601800,601801,601804,3,1
601800,601801,601803,2,1
601800,601801,601803,2,1
601800,601801,601803,2,1
601802,601802,601804,2,0
601802,601802,601803,1,0
601802,601802,601804,2,0
601802,601802,601804,2,0
601802,601802,601804,2,0
601802,601802,601803,1,0
601802,601802,601804,2,0
601802,601802,601804,2,0
601802,601802,601804,2,0
601802,601802,601804,2,0
601802,601802,601804,2,0
601802,601802,601804,2,0
601802,601802,601804,2,0
601802,601802,601804,2,0
601802,601802,601804,2,0
601802,601802,601804,2,0
601802,601802,601805,3,0
601802,601803,601804,1,1
601802,601803,601805,2,1
601802,601803,601804,1,1
601802,601803,601805,2,1
601802,601803,601804,1,1
601802,601803,601804,1,1
601802,601803,601804,1,1
601802,601803,601805,2,1
601802,601803,601804,1,1
601802,601803,601805,2,1
601802,601803,601805,2,1
601802,601802,601805,3,0
601802,601803,601805,2,1
601802,601803,601805,2,1
601802,601803,601805,2,1
601802,601802,601804,2,0
601802,601802,601804,2,0
601802,601802,601805,3,0
601802,601802,601804,2,0
601802,601803,601805,2,1
601802,601803,601805,2,1
601802,601803,601805,2,1
601802,601803,601805,2,1
601802,601803,601805,2,1
601802,601802,601804,2,0
601802,601803,601804,1,1
601802,601803,601805,2,1
601802,601803,601806,3,1
601802,601805,601806,1,3
601802,601803,601805,2,1
601802,601803,601805,2,1
601802,601803,601805,2,1
601802,601804,601805,1,2
601802,601804,601806,2,2
601802,601804,601806,2,2
601802,601804,601806,2,2
601802,601804,601806,2,2
601802,601804,601806,2,2
601802,601804,601805,1,2
601802,601804,601806,2,2
601802,601804,601806,2,2
601802,601804,601806,2,2
601802,601804,601806,2,2
601802,601804,601805,1,2
601802,601804,601806,2,2
601802,601804,601806,2,2
601802,601804,601806,2,2
601802,601804,601806,2,2
601535,601537,601806,269,2
601802,601805,601806,1,3
601802,601805,601806,1,3
601802,601805,601806,1,3
601802,601805,601806,1,3
601802,601805,601806,1,3
601802,601805,601806,1,3
601802,601805,601806,1,3
601802,601805,601806,1,3
601802,601805,601806,1,3
601624,601628,601807,179,4
601802,601804,601806,2,2
601802,601805,601806,1,3
601802,601805,601806,1,3
601802,601805,601806,1,3
601800,601800,601807,7,0
601800,601801,601807,6,1
601802,601805,601807,2,3
601800,601800,601807,7,0
601800,601800,601808,8,0
601800,601800,601808,8,0
601802,601802,601807,5,0
601447,601460,601813,353,13
601630,601630,601814,184,0
601357,601357,601815,458,0
601823,601823,601824,1,0
601823,601823,601824,1,0
601823,601823,601824,1,0
601823,601823,601824,1,0
601823,601823,601825,2,0
601823,601823,601825,2,0
601823,601823,601825,2,0
601823,601823,601825,2,0
601823,601823,601824,1,0
601823,601823,601825,2,0
601823,601823,601824,1,0
601823,601823,601825,2,0
601823,601823,601825,2,0
601823,601823,601825,2,0
601823,601823,601825,2,0
601823,601823,601825,2,0
601823,601823,601824,1,0
601823,601823,601824,1,0
601823,601823,601824,1,0
601823,601823,601825,2,0
601823,601823,601825,2,0
601823,601823,601825,2,0
601823,601823,601825,2,0
601823,601823,601825,2,0
601823,601823,601824,1,0
601823,601823,601824,1,0
601823,601823,601825,2,0
601823,601823,601825,2,0
601823,601824,601825,1,1
601823,601823,601824,1,0
601823,601823,601825,2,0
601823,601823,601824,1,0
601823,601823,601824,1,0
601823,601823,601825,2,0
601823,601823,601825,2,0
601823,601823,601825,2,0
601823,601823,601825,2,0
601823,601823,601825,2,0
601823,601823,601825,2,0
601823,601823,601825,2,0
601823,601823,601825,2,0
601823,601823,601825,2,0
601823,601823,601825,2,0
601823,601823,601825,2,0
601823,601823,601825,2,0
601823,601823,601824,1,0
601823,601823,601825,2,0
601823,601823,601825,2,0
601823,601823,601825,2,0
601823,601823,601825,2,0
601823,601824,601825,1,1
601823,601823,601825,2,0
601823,601823,601825,2,0
601823,601823,601825,2,0
601823,601823,601825,2,0
601823,601825,601826,1,2
601823,601823,601825,2,0
601823,601823,601826,3,0
601823,601823,601826,3,0
601823,601823,601826,3,0
601823,601823,601826,3,0
601823,601823,601826,3,0
601823,601825,601826,1,2
601823,601826,601827,1,3
601823,601826,601827,1,3
601823,601826,601827,1,3
601823,601826,601827,1,3
601823,601826,601827,1,3
601823,601826,601827,1,3
601823,601826,601828,2,3
601823,601826,601827,1,3
601823,601826,601827,1,3
601823,601826,601827,1,3
601823,601826,601827,1,3
601823,601826,601827,1,3
601823,601826,601827,1,3
601823,601826,601828,2,3
601823,601826,601827,1,3
601823,601826,601827,1,3
601823,601826,601827,1,3
601823,601826,601828,2,3
601823,601826,601828,2,3
601823,601826,601828,2,3
601823,601826,601828,2,3
601823,601826,601827,1,3
601823,601826,601827,1,3
601823,601826,601827,1,3
601823,601826,601827,1,3
601823,601826,601828,2,3
601823,601826,601828,2,3
601823,601826,601828,2,3
601823,601826,601827,1,3
601823,601826,601827,1,3
601823,601826,601827,1,3
601823,601826,601828,2,3
601823,601826,601827,1,3
601823,601826,601828,2,3
601823,601826,601827,1,3
601823,601826,601827,1,3
601823,601826,601827,1,3
601823,601823,601827,4,0
601823,601823,601827,4,0
601823,601823,601827,4,0
601823,601827,601828,1,4
601823,601826,601827,1,3
601823,601826,601828,2,3
601823,601826,601828,2,3
601823,601826,601828,2,3
601823,601826,601828,2,3
601823,601827,601828,1,4
601823,601827,601828,1,4
601823,601826,601828,2,3
601823,601826,601828,2,3
601823,601826,601828,2,3
601823,601826,601828,2,3
601823,601827,601828,1,4
601823,601826,601828,2,3
601823,601826,601828,2,3
601823,601826,601828,2,3
601823,601826,601828,2,3
601823,601823,601826,3,0
601823,601823,601826,3,0
601823,601827,601828,1,4
601823,601828,601829,1,5
601823,601828,601829,1,5
601823,601828,601830,2,5
601823,601828,601830,2,5
601823,601828,601830,2,5
601823,601828,601829,1,5
601824,601828,601830,2,4
601823,601828,601830,2,5
601823,601828,601830,2,5
601823,601828,601830,2,5
601823,601828,601830,2,5
601823,601828,601830,2,5
601823,601828,601830,2,5
601823,601828,601830,2,5
601824,601828,601829,1,4
601824,601828,601830,2,4
601824,601828,601830,2,4
601824,601829,601830,1,5
601823,601828,601830,2,5
601823,601828,601830,2,5
601823,601828,601830,2,5
601823,601828,601830,2,5
601823,601828,601830,2,5
601823,601828,601830,2,5
601823,601828,601830,2,5
601824,601829,601830,1,5
601823,601828,601830,2,5
601823,601828,601830,2,5
601823,601828,601829,1,5
601823,601828,601830,2,5
601823,601828,601830,2,5
601823,601828,601830,2,5
601824,601829,601830,1,5
601823,601828,601830,2,5
601823,601828,601830,2,5
601823,601828,601830,2,5
601823,601828,601830,2,5
601823,601828,601830,2,5
601823,601828,601830,2,5
601824,601829,601830,1,5
601824,601828,601830,2,4
601824,601828,601830,2,4
601824,601828,601830,2,4
601824,601829,601830,1,5
601824,601828,601830,2,4
601824,601829,601830,1,5
601824,601829,601830,1,5
601824,601829,601831,2,5
601824,601829,601831,2,5
601824,601829,601830,1,5
601824,601829,601831,2,5
601824,601829,601831,2,5
601824,601829,601830,1,5
601824,601829,601830,1,5
601824,601830,601831,1,6
601823,601828,601830,2,5
601823,601829,601831,2,6
601823,601829,601831,2,6
601823,601829,601831,2,6
601823,601829,601831,2,6
601824,601829,601831,2,5
601824,601829,601831,2,5
601824,601828,601831,3,4
601824,601828,601830,2,4
601824,601828,601831,3,4
601824,601830,601833,3,6
601824,601830,601833,3,6
601824,601830,601833,3,6
601824,601830,601833,3,6
601824,601830,601833,3,6
601824,601830,601833,3,6
601824,601830,601833,3,6
601824,601830,601833,3,6
601824,601830,601833,3,6
601824,601830,601833,3,6
601824,601830,601833,3,6
601833,601833,601834,1,0
601833,601833,601834,1,0
601833,601833,601834,1,0
601833,601833,601834,1,0
601833,601833,601834,1,0
601833,601833,601834,1,0
601833,601833,601834,1,0
601833,601833,601835,2,0
601833,601833,601834,1,0
601833,601833,601834,1,0
601833,601833,601834,1,0
601833,601833,601834,1,0
601833,601833,601835,2,0
601833,601833,601835,2,0
601833,601833,601835,2,0
601833,601833,601835,2,0
601833,601833,601834,1,0
601833,601833,601835,2,0
601833,601833,601835,2,0
601833,601833,601834,1,0
601833,601833,601835,2,0
601833,601833,601835,2,0
601833,601833,601835,2,0
601833,601833,601835,2,0
601833,601833,601835,2,0
601833,601833,601835,2,0
601833,601833,601835,2,0
601833,601833,601835,2,0
601833,601833,601835,2,0
601833,601833,601835,2,0
601833,601833,601835,2,0
601833,601833,601835,2,0
601833,601833,601835,2,0
601833,601833,601834,1,0
601833,601833,601835,2,0
601833,601833,601835,2,0
601833,601834,601835,1,1
601833,601833,601835,2,0
601833,601833,601835,2,0
601833,601833,601835,2,0
601833,601833,601835,2,0
601833,601833,601835,2,0
601833,601833,601835,2,0
601833,601833,601835,2,0
601833,601833,601835,2,0
601833,601833,601835,2,0
601833,601833,601835,2,0
601833,601833,601835,2,0
601833,601833,601835,2,0
601833,601833,601835,2,0
601833,601833,601835,2,0
601833,601833,601835,2,0
601833,601834,601835,1,1
601833,601834,601835,1,1
601833,601833,601835,2,0
601833,601833,601835,2,0
601833,601835,601836,1,2
601833,601835,601836,1,2
601833,601833,601835,2,0
601833,601833,601835,2,0
601833,601833,601835,2,0
601833,601835,601836,1,2
601833,601835,601836,1,2
601833,601834,601835,1,1
601833,601834,601835,1,1
601833,601834,601835,1,1
601833,601834,601836,2,1
601833,601834,601836,2,1
601833,601835,601836,1,2
601833,601835,601836,1,2
601833,601835,601836,1,2
601833,601835,601837,2,2
601833,601835,601837,2,2
601833,601835,601837,2,2
601833,601836,601837,1,3
601824,601830,601839,9,6
601668,601674,601841,167,6
601833,601833,601844,11,0
601833,601833,601844,11,0
601833,601833,601844,11,0
601833,601833,601844,11,0
601833,601833,601844,11,0
601848,601848,601849,1,0
601848,601848,601849,1,0
601848,601848,601849,1,0
601848,601848,601849,1,0
601848,601848,601849,1,0
601848,601848,601850,2,0
601848,601848,601850,2,0
601848,601848,601850,2,0
601848,601848,601850,2,0
601848,601848,601850,2,0
601848,601848,601850,2,0
601848,601848,601850,2,0
601848,601848,601849,1,0
601848,601848,601850,2,0
601848,601848,601849,1,0
601848,601848,601849,1,0
601848,601848,601849,1,0
601848,601848,601849,1,0
601848,601848,601849,1,0
601848,601848,601850,2,0
601848,601848,601850,2,0
601848,601848,601850,2,0
601848,601848,601850,2,0
601848,601848,601850,2,0
601848,601848,601850,2,0
601848,601848,601850,2,0
601848,601848,601850,2,0
601848,601848,601850,2,0
601848,601848,601857,9,0
601848,601848,601858,10,0
601848,601848,601857,9,0
601848,601848,601857,9,0
601848,601848,601857,9,0
601478,601478,601858,380,0
601848,601848,601858,10,0
601848,601848,601858,10,0
601848,601848,601858,10,0
601848,601848,601858,10,0
601848,601848,601858,10,0
601848,601848,601858,10,0
601848,601848,601858,10,0
601862,601862,601864,2,0
601862,601862,601864,2,0
601862,601862,601864,2,0
601862,601862,601864,2,0
601862,601862,601863,1,0
601862,601862,601864,2,0
601862,601862,601864,2,0
601862,601862,601864,2,0
601862,601862,601863,1,0
601862,601862,601863,1,0
601862,601862,601863,1,0
601862,601862,601863,1,0
601862,601862,601864,2,0
601862,601862,601864,2,0
601862,601862,601864,2,0
601862,601862,601864,2,0
601862,601862,601864,2,0
601862,601862,601863,1,0
601862,601862,601864,2,0
601862,601862,601864,2,0
601862,601862,601864,2,0
601862,601862,601864,2,0
601862,601862,601864,2,0
601862,601862,601864,2,0
601862,601862,601864,2,0
601862,601862,601864,2,0
601862,601862,601864,2,0
601862,601862,601864,2,0
601862,601863,601864,1,1
601862,601863,601864,1,1
601862,601863,601864,1,1
601862,601862,601864,2,0
601862,601862,601864,2,0
601862,601862,601864,2,0
601701,601709,601866,157,8
601862,601862,601868,6,0
601862,601862,601868,6,0
601862,601862,601869,7,0
601862,601862,601868,6,0
601868,601868,601869,1,0
601868,601868,601869,1,0
601868,601868,601869,1,0
601868,601868,601869,1,0
601868,601868,601869,1,0
601868,601868,601869,1,0
601868,601868,601869,1,0
601868,601868,601869,1,0
601868,601868,601869,1,0
601868,601868,601869,1,0
601868,601868,601869,1,0
601868,601868,601869,1,0
601868,601868,601869,1,0
601868,601868,601870,2,0
601868,601868,601870,2,0
601868,601868,601869,1,0
601868,601868,601869,1,0
601868,601868,601869,1,0
601868,601868,601869,1,0
601868,601868,601869,1,0
601868,601868,601869,1,0
601868,601868,601869,1,0
601868,601868,601870,2,0
601868,601868,601870,2,0
601868,601868,601870,2,0
601868,601868,601870,2,0
601868,601868,601870,2,0
601862,601862,601870,8,0
601862,601862,601870,8,0
601868,601868,601870,2,0
601868,601868,601870,2,0
601709,601709,601870,161,0
601868,601868,601872,4,0
601868,601868,601872,4,0
601868,601868,601872,4,0
601868,601868,601872,4,0
601868,601868,601872,4,0
601873,601874,601876,2,1
601873,601874,601876,2,1
601873,601874,601875,1,1
601873,601874,601876,2,1
601873,601874,601876,2,1
601873,601874,601875,1,1
601873,601874,601875,1,1
601873,601874,601876,2,1
601873,601874,601876,2,1
601873,601874,601875,1,1
601873,601874,601875,1,1
601873,601874,601875,1,1
601873,601874,601876,2,1
601873,601874,601876,2,1
601873,601874,601876,2,1
601873,601874,601876,2,1
601873,601874,601875,1,1
601873,601874,601875,1,1
601873,601874,601876,2,1
601873,601874,601876,2,1
601873,601874,601876,2,1
601873,601874,601876,2,1
601873,601874,601876,2,1
601868,601868,601877,9,0
601868,601868,601877,9,0
601868,601868,601877,9,0
601868,601868,601878,10,0
601868,601868,601877,9,0
601868,601868,601877,9,0
601873,601880,601910,30,7
601873,601880,601910,30,7
601873,601880,601910,30,7
601873,601880,601910,30,7
601873,601880,601910,30,7
601873,601880,601910,30,7
601873,601874,601915,41,1
601873,601874,601917,43,1
601873,601874,601917,43,1
601873,601874,601918,44,1
601873,601874,601918,44,1
601873,601874,601918,44,1
601873,601874,601918,44,1
601873,601874,601919,45,1
601873,601874,601918,44,1
601873,601874,601920,46,1
601873,601874,601919,45,1
601767,601774,601921,147,7
601959,601959,601963,4,0
601959,601959,601963,4,0
601959,601959,601963,4,0
601959,601959,601963,4,0
601959,601959,601963,4,0
601959,601959,601963,4,0
601959,601959,601963,4,0
601959,601959,601963,4,0
601959,601959,601963,4,0
601959,601959,601963,4,0
601959,601959,601963,4,0
601959,601959,601963,4,0
601959,601959,601964,5,0
601959,601959,601963,4,0
601959,601959,601964,5,0
601959,601959,601964,5,0
601959,601959,601963,4,0
601959,601959,601964,5,0
601959,601959,601963,4,0
601959,601959,601964,5,0
601959,601959,601964,5,0
601959,601959,601964,5,0
601959,601959,601964,5,0
601959,601959,601965,6,0
601959,601959,601965,6,0
601959,601961,601966,5,2
601959,601961,601967,6,2
601959,601959,601968,9,0
601959,601959,601968,9,0
601959,601959,601968,9,0
601959,601959,601968,9,0
601959,601959,601968,9,0
601959,601961,601968,7,2
601959,601959,601969,10,0
601959,601961,601970,9,2
601959,601961,601969,8,2
601959,601959,601970,11,0
601959,601959,601997,38,0
601959,601960,602001,41,1
601959,601960,602006,46,1
601310,601310,602027,717,0
602028,602029,602034,5,1
602028,602029,602034,5,1
602028,602029,602034,5,1
602028,602029,602034,5,1
602028,602029,602034,5,1
602028,602029,602034,5,1
602028,602029,602034,5,1
602028,602029,602034,5,1
602028,602029,602034,5,1
602028,602029,602034,5,1
602028,602029,602034,5,1
602028,602029,602034,5,1
602028,602029,602034,5,1
602028,602029,602034,5,1
602028,602029,602034,5,1
602028,602029,602034,5,1
602028,602029,602034,5,1
602028,602029,602034,5,1
602028,602029,602034,5,1
602028,602029,602034,5,1
602028,602029,602034,5,1
602028,602029,602034,5,1
602028,602029,602035,6,1
602028,602029,602035,6,1
602028,602029,602035,6,1
602028,602029,602034,5,1
602028,602029,602035,6,1
602028,602029,602035,6,1
602028,602029,602034,5,1
602028,602029,602034,5,1
602028,602029,602034,5,1
602028,602029,602035,6,1
602028,602029,602035,6,1
602028,602029,602034,5,1
602028,602029,602035,6,1
602028,602029,602035,6,1
602028,602029,602036,7,1
602028,602029,602035,6,1
602028,602029,602037,8,1
602028,602029,602037,8,1
601834,601836,602045,209,2
601824,601830,602048,218,6
602049,602049,602051,2,0
602049,602049,602051,2,0
602049,602049,602051,2,0
602049,602049,602051,2,0
602049,602049,602051,2,0
602049,602049,602051,2,0
602049,602049,602051,2,0
602049,602049,602051,2,0
602049,602049,602051,2,0
602049,602049,602052,3,0
602049,602049,602052,3,0
602049,602049,602052,3,0
602049,602049,602052,3,0
602049,602049,602052,3,0
602049,602049,602052,3,0
602049,602049,602052,3,0
602049,602049,602052,3,0
602049,602049,602052,3,0
602049,602049,602052,3,0
602049,602049,602052,3,0
602049,602049,602052,3,0
602049,602049,602052,3,0
602049,602049,602052,3,0
602049,602049,602052,3,0
602049,602049,602052,3,0
602049,602049,602052,3,0
602049,602049,602052,3,0
602049,602049,602052,3,0
602049,602049,602052,3,0
602049,602049,602052,3,0
602049,602049,602052,3,0
602049,602049,602052,3,0
602049,602049,602054,5,0
602049,602049,602054,5,0
602049,602049,602054,5,0
602052,602052,602055,3,0
602052,602052,602055,3,0
602052,602052,602055,3,0
602052,602052,602055,3,0
602052,602053,602055,2,1
602052,602053,602055,2,1
602052,602053,602055,2,1
602052,602053,602055,2,1
602052,602053,602056,3,1
602052,602053,602056,3,1
602052,602052,602055,3,0
602052,602052,602055,3,0
602052,602052,602055,3,0
602052,602052,602056,4,0
602052,602052,602056,4,0
602052,602052,602056,4,0
602052,602052,602056,4,0
602052,602052,602056,4,0
602052,602053,602055,2,1
602052,602053,602056,3,1
602052,602055,602056,1,3
602052,602052,602056,4,0
602052,602052,602055,3,0
602052,602052,602056,4,0
602052,602054,602055,1,2
602052,602052,602056,4,0
602052,602052,602056,4,0
602052,602052,602055,3,0
602052,602052,602056,4,0
602052,602053,602056,3,1
602052,602053,602056,3,1
602052,602053,602057,4,1
602052,602054,602057,3,2
602052,602053,602056,3,1
602052,602053,602056,3,1
602052,602055,602057,2,3
601803,601805,602057,252,2
602052,602055,602057,2,3
602052,602056,602057,1,4
602049,602049,602057,8,0
602049,602049,602058,9,0
602052,602054,602059,5,2
602049,602049,602059,10,0
602049,602049,602062,13,0
602059,602059,602066,7,0
602059,602059,602066,7,0
602059,602059,602066,7,0
602059,602059,602066,7,0
602059,602059,602066,7,0
602059,602059,602066,7,0
602059,602059,602066,7,0
602059,602059,602066,7,0
602059,602059,602066,7,0
602059,602059,602066,7,0
602059,602059,602066,7,0
602059,602059,602066,7,0
602059,602059,602066,7,0
602059,602059,602066,7,0
602059,602059,602066,7,0
602059,602059,602066,7,0
602059,602059,602066,7,0
602059,602059,602067,8,0
602059,602059,602066,7,0
602059,602059,602067,8,0
602059,602059,602066,7,0
602059,602059,602066,7,0
602059,602059,602066,7,0
602059,602059,602066,7,0
602049,602049,602066,17,0
602059,602059,602067,8,0
602059,602060,602067,7,1
602059,602059,602067,8,0
602059,602067,602068,1,8
602059,602059,602069,10,0
601303,601303,602071,768,0
602052,602053,602078,25,1
602059,602059,602085,26,0
602059,602060,602085,25,1
602059,602061,602085,24,2
602059,602063,602085,22,4
602087,602087,602092,5,0
602087,602087,602091,4,0
602087,602087,602091,4,0
602059,602059,602094,35,0
602059,602059,602095,36,0
602059,602059,602094,35,0
602059,602059,602094,35,0
602059,602059,602094,35,0
602059,602059,602094,35,0
602059,602059,602094,35,0
602087,602087,602095,8,0
602087,602087,602095,8,0
602087,602087,602095,8,0
602087,602087,602095,8,0
602087,602087,602094,7,0
602087,602087,602095,8,0
602087,602087,602095,8,0
602087,602087,602095,8,0
602087,602087,602095,8,0
602087,602087,602094,7,0
602087,602087,602094,7,0
602087,602087,602094,7,0
602087,602087,602094,7,0
602087,602087,602094,7,0
602087,602087,602095,8,0
602087,602087,602095,8,0
602087,602087,602095,8,0
602087,602087,602095,8,0
602087,602087,602095,8,0
602087,602087,602095,8,0
602087,602087,602095,8,0
602087,602087,602095,8,0
602087,602087,602095,8,0
602087,602087,602095,8,0
602087,602087,602095,8,0
602087,602094,602096,2,7
602087,602092,602096,4,5
601281,601281,602097,816,0
601299,601299,602097,798,0
602087,602092,602097,5,5
602087,602095,602101,6,8
602087,602095,602101,6,8
602087,602087,602102,15,0
602087,602095,602102,7,8
601294,601294,602104,810,0
602087,602087,602104,17,0
602087,602087,602104,17,0
602087,602087,602103,16,0
602087,602087,602104,17,0
602087,602087,602103,16,0
602106,602106,602110,4,0
602106,602106,602110,4,0
602106,602106,602110,4,0
602106,602106,602110,4,0
602106,602106,602111,5,0
602106,602106,602110,4,0
602106,602106,602110,4,0
602106,602106,602112,6,0
602106,602106,602112,6,0
602106,602106,602112,6,0
602106,602106,602112,6,0
602106,602106,602111,5,0
602106,602106,602112,6,0
602106,602109,602113,4,3
602106,602109,602113,4,3
602106,602106,602113,7,0
602106,602106,602113,7,0
602106,602106,602112,6,0
602106,602106,602113,7,0
602106,602106,602113,7,0
602106,602106,602112,6,0
602106,602106,602113,7,0
602106,602106,602113,7,0
602106,602106,602112,6,0
602106,602106,602112,6,0
602106,602106,602112,6,0
602106,602106,602112,6,0
602106,602106,602112,6,0
602106,602106,602112,6,0
602106,602109,602113,4,3
602106,602109,602113,4,3
602106,602109,602113,4,3
602106,602109,602113,4,3
601287,601287,602114,827,0
602106,602111,602113,2,5
602106,602111,602114,3,5
602106,602111,602114,3,5
602106,602106,602113,7,0
602106,602111,602114,3,5
602106,602111,602114,3,5
602106,602112,602115,3,6
602106,602111,602115,4,5
602106,602106,602115,9,0
602106,602106,602115,9,0
602106,602106,602117,11,0
602106,602111,602117,6,5
602106,602114,602117,3,8
602106,602114,602117,3,8
602106,602113,602117,4,7
602106,602112,602117,5,6
602106,602113,602117,4,7
602106,602112,602117,5,6
602106,602112,602117,5,6
602106,602113,602117,4,7
602106,602114,602117,3,8
602106,602112,602117,5,6
602106,602113,602118,5,7
602106,602112,602118,6,6
602106,602113,602119,6,7
602106,602114,602118,4,8
602106,602113,602118,5,7
602106,602113,602118,5,7
602106,602113,602118,5,7
602106,602113,602119,6,7
602106,602114,602118,4,8
602106,602113,602119,6,7
602106,602113,602120,7,7
602106,602113,602119,6,7
602118,602118,602120,2,0
602106,602113,602120,7,7
602106,602114,602120,6,8
602106,602114,602120,6,8
602106,602114,602120,6,8
602106,602113,602120,7,7
602106,602113,602121,8,7
602106,602113,602123,10,7
602118,602118,602123,5,0
602118,602118,602124,6,0
602118,602118,602124,6,0
602118,602118,602124,6,0
602118,602118,602124,6,0
602118,602118,602124,6,0
602118,602119,602124,5,1
602118,602118,602125,7,0
602118,602118,602125,7,0
602118,602119,602124,5,1
602118,602119,602125,6,1
602118,602119,602125,6,1
602118,602119,602125,6,1
602118,602119,602125,6,1
602118,602119,602126,7,1
602118,602120,602126,6,2
602118,602118,602126,8,0
602118,602118,602126,8,0
602118,602120,602127,7,2
602118,602119,602127,8,1
602118,602120,602127,7,2
602118,602120,602127,7,2
602118,602118,602127,9,0
602118,602119,602127,8,1
602118,602120,602127,7,2
602118,602121,602127,6,3
602118,602124,602127,3,6
602118,602118,602128,10,0
602118,602118,602127,9,0
602123,602125,602127,2,2
602123,602125,602127,2,2
602123,602125,602127,2,2
602118,602124,602128,4,6
602118,602120,602128,8,2
602118,602120,602128,8,2
602118,602120,602128,8,2
602123,602125,602129,4,2
602123,602125,602129,4,2
602118,602124,602130,6,6
602106,602106,602131,25,0
602123,602125,602131,6,2
602123,602125,602132,7,2
602123,602125,602132,7,2
602123,602125,602132,7,2
602123,602126,602132,6,3
602123,602128,602132,4,5
602106,602106,602133,27,0
602123,602126,602133,7,3
602123,602128,602133,5,5
602123,602126,602133,7,3
602123,602127,602133,6,4
602123,602127,602133,6,4
602123,602127,602133,6,4
602123,602127,602134,7,4
602123,602128,602133,5,5
602123,602128,602133,5,5
602123,602128,602133,5,5
602123,602128,602133,5,5
602123,602128,602134,6,5
602106,602106,602134,28,0
602106,602106,602134,28,0
602106,602106,602134,28,0
602106,602106,602134,28,0
602123,602126,602134,8,3
602123,602127,602134,7,4
602123,602129,602134,5,6
602123,602130,602134,4,7
602123,602130,602135,5,7
602123,602129,602135,6,6
602123,602131,602136,5,8
602123,602131,602136,5,8
602118,602118,602136,18,0
602123,602127,602138,11,4
602123,602128,602138,10,5
602118,602118,602140,22,0
602123,602128,602140,12,5
602123,602133,602141,8,10
602123,602133,602144,11,10
602123,602128,602146,18,5
602118,602118,602146,28,0
602118,602118,602149,31,0
602118,602118,602150,32,0
602123,602128,602152,24,5
602123,602128,602162,34,5
602123,602132,602162,30,9
601877,601877,602194,317,0
601913,601919,602193,274,6
601961,601961,602196,235,0
602194,602194,602196,2,0
602194,602194,602197,3,0
602194,602194,602197,3,0
602194,602194,602197,3,0
602194,602194,602197,3,0
602194,602194,602197,3,0
602194,602194,602197,3,0
602194,602194,602197,3,0
602194,602194,602197,3,0
602194,602195,602197,2,1
602194,602194,602197,3,0
602194,602194,602197,3,0
602194,602194,602197,3,0
602194,602194,602197,3,0
602194,602194,602197,3,0
602194,602195,602197,2,1
602194,602195,602197,2,1
602194,602194,602197,3,0
602194,602194,602197,3,0
602194,602194,602198,4,0
602194,602194,602198,4,0
602194,602194,602198,4,0
602194,602194,602198,4,0
602194,602194,602198,4,0
602194,602194,602198,4,0
602194,602194,602198,4,0
602194,602194,602198,4,0
602196,602198,602199,1,2
602194,602194,602198,4,0
602194,602194,602198,4,0
602194,602194,602198,4,0
602194,602194,602198,4,0
602194,602194,602198,4,0
602196,602197,602199,2,1
602194,602194,602198,4,0
602194,602194,602198,4,0
602196,602197,602198,1,1
602196,602196,602199,3,0
602196,602196,602199,3,0
602194,602194,602199,5,0
602196,602198,602200,2,2
602196,602198,602200,2,2
601587,601587,602200,613,0
602196,602198,602200,2,2
602196,602198,602200,2,2
602196,602198,602200,2,2
602196,602198,602200,2,2
602196,602198,602200,2,2
602196,602198,602200,2,2
602196,602198,602200,2,2
602196,602198,602200,2,2
602196,602198,602200,2,2
602196,602198,602200,2,2
602196,602198,602200,2,2
602196,602199,602201,2,3
602196,602198,602201,3,2
602197,602199,602201,2,2
602197,602199,602201,2,2
602196,602198,602201,3,2
602196,602198,602201,3,2
602196,602199,602201,2,3
602196,602199,602201,2,3
602196,602199,602202,3,3
602196,602199,602201,2,3
602196,602199,602202,3,3
602196,602199,602202,3,3
602196,602199,602201,2,3
602196,602199,602201,2,3
602196,602199,602201,2,3
602196,602199,602201,2,3
602196,602199,602201,2,3
602196,602199,602201,2,3
602196,602199,602201,2,3
601772,601783,602202,419,11
602196,602199,602201,2,3
602197,602200,602201,1,3
602196,602198,602202,4,2
602197,602200,602202,2,3
602196,602199,602202,3,3
602196,602199,602202,3,3
602197,602200,602202,2,3
602196,602199,602202,3,3
602197,602201,602203,2,4
602197,602201,602203,2,4
602197,602200,602203,3,3
601610,601610,602203,593,0
602194,602194,602203,9,0
602197,602201,602203,2,4
602197,602201,602204,3,4
602197,602201,602204,3,4
602197,602201,602204,3,4
602197,602202,602203,1,5
602197,602202,602203,1,5
602197,602202,602203,1,5
602197,602202,602203,1,5
602197,602202,602204,2,5
602197,602202,602204,2,5
602197,602202,602203,1,5
602197,602201,602203,2,4
602197,602201,602203,2,4
602197,602201,602203,2,4
602197,602202,602204,2,5
602197,602201,602203,2,4
602197,602201,602203,2,4
602194,602194,602204,10,0
602194,602194,602204,10,0
602194,602195,602204,9,1
602197,602202,602204,2,5
602197,602202,602204,2,5
602197,602202,602205,3,5
602197,602202,602204,2,5
602197,602202,602205,3,5
602197,602202,602204,2,5
602197,602201,602204,3,4
602202,602203,602204,1,1
602197,602201,602204,3,4
602197,602201,602204,3,4
602197,602202,602204,2,5
602194,602194,602205,11,0
602197,602202,602205,3,5
602197,602202,602206,4,5
602202,602203,602208,5,1
602202,602204,602208,4,2
602202,602205,602208,3,3
602202,602205,602208,3,3
602202,602203,602208,5,1
602202,602204,602208,4,2
602202,602204,602208,4,2
602202,602203,602208,5,1
602197,602202,602208,6,5
602202,602204,602209,5,2
602202,602204,602209,5,2
602202,602204,602209,5,2
602202,602204,602209,5,2
602202,602204,602208,4,2
602202,602204,602209,5,2
602202,602204,602209,5,2
602197,602202,602209,7,5
602202,602204,602209,5,2
602202,602204,602210,6,2
602202,602204,602210,6,2
602202,602205,602211,6,3
602202,602205,602211,6,3
602202,602205,602211,6,3
602203,602206,602211,5,3
602202,602204,602211,7,2
602202,602204,602211,7,2
602202,602204,602211,7,2
602202,602205,602211,6,3
602202,602205,602211,6,3
602202,602205,602211,6,3
602203,602208,602212,4,5
602197,602201,602211,10,4
602202,602203,602211,8,1
602202,602205,602211,6,3
602202,602205,602211,6,3
602202,602205,602211,6,3
602202,602206,602211,5,4
602202,602205,602212,7,3
602202,602205,602212,7,3
602202,602205,602211,6,3
602203,602207,602211,4,4
602203,602208,602212,4,5
602203,602208,602211,3,5
602203,602208,602211,3,5
602203,602208,602211,3,5
602203,602209,602212,3,6
602203,602208,602212,4,5
602203,602208,602213,5,5
602203,602208,602213,5,5
601750,601752,602214,462,2
602203,602211,602214,3,8
602203,602211,602214,3,8
602203,602211,602214,3,8
602203,602211,602214,3,8
602203,602209,602214,5,6
602203,602209,602214,5,6
602203,602209,602214,5,6
602203,602209,602214,5,6
602203,602210,602214,4,7
602203,602211,602214,3,8
602203,602211,602214,3,8
602202,602203,602214,11,1
602203,602212,602215,3,9
602203,602209,602216,7,6
601916,601917,602216,299,1
602203,602212,602216,4,9
602203,602212,602216,4,9
602203,602210,602216,6,7
602203,602212,602217,5,9
602203,602212,602217,5,9
602203,602212,602217,5,9
602203,602209,602217,8,6
601868,601868,602217,349,0
602203,602212,602217,5,9
602203,602212,602218,6,9
602203,602212,602217,5,9
602203,602212,602217,5,9
602203,602212,602218,6,9
602202,602203,602219,16,1
601863,601863,602222,359,0
602202,602205,602224,19,3
602202,602205,602226,21,3
602203,602212,602227,15,9
602226,602226,602231,5,0
602226,602226,602231,5,0
602226,602226,602231,5,0
602226,602226,602231,5,0
602226,602226,602231,5,0
602203,602212,602231,19,9
602226,602226,602231,5,0
602226,602226,602231,5,0
602226,602226,602231,5,0
602226,602226,602231,5,0
602226,602226,602231,5,0
602226,602226,602231,5,0
602227,602227,602231,4,0
602203,602212,602232,20,9
602226,602226,602232,6,0
602226,602226,602231,5,0
602226,602226,602231,5,0
602226,602226,602231,5,0
602226,602226,602231,5,0
602226,602226,602231,5,0
602226,602226,602231,5,0
602226,602226,602232,6,0
602226,602226,602231,5,0
602226,602226,602231,5,0
602226,602226,602231,5,0
602226,602226,602231,5,0
602226,602226,602232,6,0
602226,602226,602232,6,0
602226,602226,602232,6,0
602226,602226,602231,5,0
602226,602226,602232,6,0
602226,602226,602233,7,0
602226,602226,602233,7,0
602226,602226,602233,7,0
602226,602226,602234,8,0
602226,602226,602233,7,0
602226,602226,602234,8,0
602203,602210,602235,25,7
602227,602232,602236,4,5
602227,602232,602236,4,5
602227,602232,602236,4,5
602227,602232,602236,4,5
602226,602226,602235,9,0
602227,602233,602236,3,6
602226,602226,602236,10,0
602227,602227,602236,9,0
602227,602231,602236,5,4
602227,602231,602236,5,4
602227,602232,602236,4,5
602227,602232,602236,4,5
602227,602232,602236,4,5
602227,602231,602236,5,4
602227,602232,602236,4,5
602227,602231,602236,5,4
602227,602231,602236,5,4
602227,602231,602236,5,4
602227,602231,602236,5,4
602227,602231,602236,5,4
602227,602232,602236,4,5
602227,602234,602237,3,7
602227,602232,602237,5,5
602227,602232,602236,4,5
602227,602227,602236,9,0
602227,602231,602237,6,4
602227,602231,602237,6,4
602227,602233,602237,4,6
602227,602231,602237,6,4
602227,602231,602237,6,4
602227,602234,602238,4,7
602227,602234,602238,4,7
602227,602231,602238,7,4
602227,602235,602238,3,8
602227,602232,602238,6,5
602227,602232,602238,6,5
602227,602233,602238,5,6
602227,602232,602238,6,5
602227,602236,602239,3,9
602227,602236,602239,3,9
602227,602236,602239,3,9
602227,602236,602239,3,9
602227,602237,602239,2,10
602227,602237,602239,2,10
602227,602232,602239,7,5
602227,602237,602239,2,10
602227,602237,602239,2,10
602227,602237,602239,2,10
602227,602237,602239,2,10
602227,602237,602239,2,10
602227,602237,602239,2,10
602227,602238,602239,1,11
602227,602238,602239,1,11
602227,602237,602240,3,10
602227,602236,602240,4,9
602227,602236,602240,4,9
602227,602236,602240,4,9
602227,602236,602240,4,9
602227,602237,602240,3,10
602227,602237,602240,3,10
602227,602237,602240,3,10
602226,602226,602241,15,0
602227,602232,602240,8,5
602227,602233,602240,7,6
602227,602238,602241,3,11
602227,602239,602241,2,12
602227,602239,602241,2,12
602227,602239,602241,2,12
602227,602239,602241,2,12
602227,602237,602241,4,10
602227,602238,602241,3,11
602227,602238,602241,3,11
602227,602239,602241,2,12
602227,602237,602242,5,10
602227,602237,602243,6,10
602227,602237,602245,8,10
602227,602238,602245,7,11
602235,602240,602245,5,5
602235,602240,602245,5,5
602235,602240,602245,5,5
602235,602240,602245,5,5
602235,602240,602245,5,5
602235,602240,602245,5,5
602235,602241,602246,5,6
602235,602241,602246,5,6
602235,602241,602246,5,6
602227,602237,602245,8,10
602227,602238,602246,8,11
602227,602239,602245,6,12
602235,602240,602246,6,5
602235,602240,602245,5,5
602235,602240,602246,6,5
602235,602240,602246,6,5
602235,602240,602246,6,5
602235,602240,602246,6,5
602235,602240,602246,6,5
602235,602240,602246,6,5
602235,602240,602245,5,5
602235,602241,602246,5,6
602235,602241,602246,5,6
602227,602232,602246,14,5
602235,602242,602247,5,7
602235,602242,602246,4,7
602235,602241,602246,5,6
602235,602242,602247,5,7
602235,602242,602246,4,7
602235,602242,602246,4,7
602235,602243,602246,3,8
602235,602240,602246,6,5
602235,602242,602246,4,7
602235,602242,602246,4,7
602235,602242,602247,5,7
602235,602242,602247,5,7
602235,602243,602247,4,8
602235,602241,602247,6,6
602235,602241,602247,6,6
602235,602241,602248,7,6
602235,602241,602247,6,6
602235,602246,602248,2,11
602235,602246,602248,2,11
602226,602226,602248,22,0
602226,602226,602248,22,0
602227,602228,602248,20,1
602226,602226,602248,22,0
601874,601880,602250,370,6
602235,602246,602253,7,11
602264,602264,602268,4,0
602264,602264,602268,4,0
602264,602264,602268,4,0
602264,602264,602268,4,0
602264,602264,602268,4,0
602264,602264,602268,4,0
602264,602264,602268,4,0
602264,602264,602268,4,0
602264,602264,602268,4,0
602264,602264,602268,4,0
602264,602264,602268,4,0
602264,602264,602268,4,0
602264,602264,602268,4,0
602264,602264,602268,4,0
602264,602264,602268,4,0
602264,602264,602268,4,0
602264,602264,602268,4,0
602264,602264,602268,4,0
602264,602264,602268,4,0
602264,602264,602268,4,0
602264,602264,602268,4,0
602264,602264,602268,4,0
602264,602264,602268,4,0
602264,602264,602268,4,0
602264,602264,602268,4,0
602264,602264,602268,4,0
602264,602264,602268,4,0
602264,602264,602268,4,0
602264,602264,602269,5,0
602264,602264,602269,5,0
602268,602268,602269,1,0
602268,602268,602270,2,0
602268,602269,602270,1,1
602268,602268,602270,2,0
602268,602268,602271,3,0
602268,602268,602270,2,0
602268,602268,602271,3,0
602268,602268,602270,2,0
602268,602268,602271,3,0
602264,602264,602270,6,0
602264,602264,602271,7,0
602264,602264,602271,7,0
602264,602264,602271,7,0
602268,602269,602271,2,1
602268,602269,602271,2,1
602268,602269,602271,2,1
602268,602269,602271,2,1
602268,602270,602272,2,2
602268,602268,602271,3,0
602268,602268,602271,3,0
602268,602268,602271,3,0
602268,602268,602272,4,0
602268,602268,602272,4,0
602268,602269,602272,3,1
602268,602269,602272,3,1
602268,602269,602272,3,1
602268,602269,602272,3,1
602268,602269,602272,3,1
602268,602269,602272,3,1
602268,602269,602272,3,1
602268,602269,602272,3,1
602268,602269,602272,3,1
602268,602270,602272,2,2
602268,602270,602272,2,2
602268,602269,602272,3,1
602268,602269,602272,3,1
602268,602269,602272,3,1
602268,602269,602272,3,1
602268,602269,602272,3,1
602268,602269,602272,3,1
602268,602271,602272,1,3
602268,602271,602272,1,3
602268,602268,602272,4,0
602264,602264,602273,9,0
602268,602269,602273,4,1
602264,602264,602278,14,0
602264,602264,602278,14,0
602264,602264,602278,14,0
602264,602264,602278,14,0
602264,602264,602278,14,0
601965,601965,602281,316,0
601849,601849,602298,449,0
602062,602067,602298,231,5
601859,601859,602308,449,0
602307,602308,602310,2,1
602307,602308,602310,2,1
602307,602308,602311,3,1
602307,602308,602311,3,1
602307,602308,602311,3,1
602307,602308,602310,2,1
602307,602308,602311,3,1
602307,602308,602311,3,1
602307,602308,602310,2,1
602307,602308,602310,2,1
602309,602309,602311,2,0
602307,602308,602310,2,1
602307,602308,602310,2,1
602307,602308,602311,3,1
602307,602308,602311,3,1
602307,602308,602311,3,1
602307,602308,602311,3,1
602307,602308,602311,3,1
602307,602308,602311,3,1
602307,602308,602311,3,1
602307,602308,602311,3,1
602307,602308,602311,3,1
602307,602308,602311,3,1
602307,602308,602311,3,1
602307,602308,602311,3,1
602307,602308,602311,3,1
602307,602308,602311,3,1
602307,602308,602311,3,1
602307,602308,602311,3,1
602307,602308,602311,3,1
602307,602308,602311,3,1
602307,602308,602311,3,1
602307,602308,602311,3,1
602307,602308,602311,3,1
602309,602309,602311,2,0
602309,602309,602311,2,0
602309,602309,602311,2,0
602307,602308,602311,3,1
602307,602308,602311,3,1
602309,602309,602311,2,0
602309,602309,602313,4,0
602307,602308,602314,6,1
602309,602311,602314,3,2
602309,602311,602314,3,2
602309,602311,602314,3,2
602309,602311,602314,3,2
602309,602310,602314,4,1
602309,602311,602314,3,2
602309,602311,602314,3,2
602309,602311,602314,3,2
602309,602311,602314,3,2
602309,602312,602314,2,3
602309,602312,602314,2,3
602309,602311,602314,3,2
602309,602311,602313,2,2
602309,602311,602314,3,2
602309,602311,602314,3,2
602309,602311,602314,3,2
602309,602311,602314,3,2
602309,602311,602313,2,2
602309,602311,602314,3,2
602309,602311,602314,3,2
602309,602311,602314,3,2
602309,602311,602314,3,2
602309,602311,602314,3,2
602309,602312,602314,2,3
602307,602308,602314,6,1
602307,602308,602314,6,1
602309,602312,602314,2,3
602309,602312,602315,3,3
602309,602312,602314,2,3
602309,602312,602314,2,3
602309,602311,602314,3,2
602309,602311,602314,3,2
602314,602314,602316,2,0
602314,602314,602316,2,0
602314,602314,602316,2,0
602314,602314,602316,2,0
602314,602314,602316,2,0
602314,602314,602315,1,0
602314,602314,602316,2,0
602314,602314,602316,2,0
602314,602314,602316,2,0
602314,602314,602316,2,0
602314,602314,602316,2,0
602314,602314,602316,2,0
602314,602314,602316,2,0
602314,602314,602316,2,0
602314,602314,602316,2,0
602314,602314,602315,1,0
602314,602314,602316,2,0
602314,602314,602316,2,0
602314,602314,602316,2,0
602314,602314,602316,2,0
602314,602314,602316,2,0
602314,602314,602316,2,0
602314,602314,602316,2,0
602314,602314,602316,2,0
602314,602314,602316,2,0
602314,602314,602316,2,0
602314,602314,602316,2,0
602314,602314,602316,2,0
602314,602314,602316,2,0
602307,602308,602317,9,1
602307,602308,602316,8,1
602314,602314,602316,2,0
602314,602314,602316,2,0
602314,602315,602316,1,1
602314,602315,602317,2,1
602314,602315,602317,2,1
602314,602315,602317,2,1
602314,602314,602316,2,0
602314,602314,602316,2,0
602314,602314,602316,2,0
602314,602314,602316,2,0
602314,602314,602319,5,0
602031,602031,602321,290,0
602051,602051,602321,270,0
602309,602321,602322,1,12
602309,602321,602323,2,12
602309,602321,602323,2,12
602309,602321,602322,1,12
602323,602324,602325,1,1
602323,602324,602325,1,1
602323,602324,602325,1,1
602323,602323,602325,2,0
602323,602323,602325,2,0
602323,602323,602325,2,0
602323,602323,602326,3,0
602323,602323,602326,3,0
602323,602324,602326,2,1
602323,602324,602326,2,1
602323,602324,602326,2,1
602323,602324,602326,2,1
602324,602325,602326,1,1
602324,602325,602326,1,1
602324,602325,602326,1,1
602324,602325,602326,1,1
602324,602325,602326,1,1
602324,602325,602326,1,1
602323,602324,602326,2,1
602323,602323,602326,3,0
602323,602323,602326,3,0
602323,602323,602326,3,0
602323,602324,602326,2,1
602323,602324,602326,2,1
602324,602325,602326,1,1
602324,602325,602326,1,1
602324,602326,602327,1,2
602323,602323,602326,3,0
602323,602323,602326,3,0
602323,602323,602326,3,0
602323,602324,602326,2,1
602323,602324,602326,2,1
602324,602325,602326,1,1
602324,602325,602326,1,1
602323,602323,602326,3,0
602323,602323,602326,3,0
602323,602324,602326,2,1
602324,602325,602327,2,1
602054,602056,602326,270,2
602323,602324,602327,3,1
602323,602324,602327,3,1
602323,602324,602326,2,1
602323,602324,602326,2,1
602323,602324,602326,2,1
602323,602324,602327,3,1
602323,602324,602327,3,1
602324,602326,602327,1,2
602324,602326,602328,2,2
602324,602326,602327,1,2
602324,602326,602327,1,2
602323,602323,602327,4,0
602323,602324,602327,3,1
602089,602095,602327,232,6
602324,602326,602327,1,2
602324,602327,602329,2,3
602324,602327,602328,1,3
602324,602327,602328,1,3
602324,602327,602328,1,3
602324,602327,602328,1,3
602324,602327,602328,1,3
602324,602327,602328,1,3
602324,602327,602329,2,3
602324,602327,602329,2,3
602323,602324,602329,5,1
602324,602327,602329,2,3
602324,602327,602329,2,3
602324,602327,602329,2,3
602324,602327,602329,2,3
602324,602327,602329,2,3
602324,602327,602329,2,3
602324,602327,602329,2,3
602324,602327,602329,2,3
602324,602327,602330,3,3
602324,602327,602329,2,3
602324,602327,602329,2,3
602324,602327,602329,2,3
602324,602327,602329,2,3
602324,602327,602329,2,3
602323,602324,602330,6,1
602323,602324,602330,6,1
602323,602324,602330,6,1
602323,602324,602351,27,1
601923,601923,602355,432,0
601871,601871,602356,485,0
602121,602125,602357,232,4
601919,601920,602358,438,1
602358,602358,602360,2,0
602358,602358,602360,2,0
602358,602358,602360,2,0
602358,602358,602360,2,0
602358,602358,602360,2,0
602358,602358,602360,2,0
602358,602358,602360,2,0
602358,602358,602360,2,0
602358,602358,602360,2,0
602358,602358,602360,2,0
602358,602358,602360,2,0
602358,602358,602360,2,0
602358,602358,602360,2,0
602358,602358,602360,2,0
602358,602358,602360,2,0
602358,602358,602360,2,0
602358,602358,602360,2,0
602358,602358,602360,2,0
602358,602358,602361,3,0
602358,602358,602361,3,0
602358,602358,602360,2,0
602358,602358,602360,2,0
602358,602358,602361,3,0
602358,602358,602361,3,0
602358,602358,602361,3,0
602358,602358,602361,3,0
602358,602358,602361,3,0
602358,602358,602361,3,0
602358,602358,602361,3,0
602358,602358,602361,3,0
602358,602358,602361,3,0
602358,602358,602361,3,0
602358,602358,602361,3,0
602358,602358,602361,3,0
602358,602358,602361,3,0
602358,602358,602361,3,0
602358,602358,602360,2,0
602358,602358,602361,3,0
602358,602358,602361,3,0
602360,602361,602362,1,1
602360,602361,602362,1,1
602360,602361,602362,1,1
602360,602361,602362,1,1
602360,602361,602363,2,1
602360,602361,602362,1,1
602360,602361,602362,1,1
602360,602360,602362,2,0
602360,602361,602362,1,1
602360,602361,602362,1,1
602360,602361,602363,2,1
602360,602361,602363,2,1
602360,602360,602362,2,0
602360,602360,602362,2,0
602360,602360,602362,2,0
602360,602361,602363,2,1
602358,602358,602362,4,0
602360,602360,602362,2,0
602360,602361,602363,2,1
602360,602361,602362,1,1
602360,602360,602362,2,0
602360,602361,602363,2,1
602360,602361,602362,1,1
602360,602361,602363,2,1
602360,602361,602363,2,1
602360,602361,602363,2,1
602361,602363,602364,1,2
602360,602361,602363,2,1
602360,602362,602363,1,2
602360,602362,602363,1,2
602360,602362,602363,1,2
602361,602362,602363,1,1
602361,602362,602364,2,1
602361,602362,602364,2,1
602360,602360,602363,3,0
602360,602361,602363,2,1
602361,602362,602363,1,1
602361,602362,602363,1,1
602360,602361,602363,2,1
602360,602361,602363,2,1
602360,602361,602363,2,1
602360,602361,602363,2,1
602360,602361,602363,2,1
602361,602362,602363,1,1
602360,602362,602363,1,2
602360,602362,602363,1,2
602361,602362,602363,1,1
602361,602362,602364,2,1
602361,602362,602363,1,1
602361,602362,602363,1,1
602361,602362,602363,1,1
602361,602363,602364,1,2
602360,602362,602363,1,2
602361,602362,602363,1,1
602361,602362,602363,1,1
602361,602362,602363,1,1
602361,602362,602363,1,1
602361,602363,602364,1,2
602361,602363,602364,1,2
602361,602363,602364,1,2
602361,602363,602364,1,2
602361,602363,602364,1,2
602361,602363,602364,1,2
602361,602363,602364,1,2
602361,602363,602364,1,2
602361,602364,602365,1,3
602361,602363,602364,1,2
602361,602363,602364,1,2
602361,602363,602364,1,2
602361,602363,602364,1,2
602361,602364,602365,1,3
602361,602364,602365,1,3
602361,602363,602364,1,2
602361,602363,602364,1,2
602361,602363,602364,1,2
602361,602363,602364,1,2
602361,602363,602364,1,2
602361,602363,602364,1,2
602361,602363,602364,1,2
602361,602363,602364,1,2
602361,602363,602364,1,2
602361,602363,602364,1,2
602361,602365,602366,1,4
602361,602365,602366,1,4
602361,602365,602366,1,4
602361,602364,602365,1,3
602361,602364,602365,1,3
602361,602364,602366,2,3
602361,602364,602366,2,3
602361,602365,602366,1,4
602361,602365,602366,1,4
602361,602365,602366,1,4
602361,602364,602365,1,3
602361,602364,602366,2,3
602361,602364,602365,1,3
602361,602364,602365,1,3
602361,602364,602365,1,3
602361,602364,602365,1,3
602361,602364,602365,1,3
602361,602364,602365,1,3
602361,602364,602366,2,3
602361,602364,602366,2,3
602361,602364,602365,1,3
602361,602364,602366,2,3
602361,602364,602366,2,3
602361,602364,602366,2,3
602361,602364,602366,2,3
602361,602364,602366,2,3
602361,602364,602365,1,3
602361,602364,602366,2,3
602361,602364,602365,1,3
602361,602364,602366,2,3
602361,602365,602366,1,4
602361,602366,602367,1,5
602361,602365,602366,1,4
602361,602365,602366,1,4
602361,602365,602366,1,4
602361,602365,602366,1,4
602361,602365,602366,1,4
602361,602366,602367,1,5
602361,602365,602367,2,4
602361,602366,602367,1,5
602361,602366,602367,1,5
602361,602365,602366,1,4
602361,602365,602366,1,4
602361,602365,602366,1,4
602361,602366,602367,1,5
602361,602366,602367,1,5
602361,602365,602367,2,4
602361,602365,602366,1,4
602361,602365,602366,1,4
602361,602365,602366,1,4
602361,602365,602367,2,4
602361,602365,602367,2,4
602361,602365,602367,2,4
602109,602114,602367,253,5
602361,602365,602366,1,4
602361,602365,602366,1,4
602361,602366,602367,1,5
602361,602366,602367,1,5
602361,602366,602367,1,5
602361,602366,602367,1,5
602361,602366,602367,1,5
602361,602366,602368,2,5
602361,602366,602368,2,5
602361,602366,602368,2,5
602361,602366,602368,2,5
602361,602366,602368,2,5
602361,602366,602368,2,5
602361,602366,602367,1,5
602361,602366,602367,1,5
602361,602366,602368,2,5
602361,602366,602368,2,5
602361,602372,602373,1,11
602361,602372,602373,1,11
602361,602372,602374,2,11
602361,602372,602374,2,11
602361,602372,602374,2,11
602361,602373,602374,1,12
602361,602373,602374,1,12
602374,602374,602375,1,0
602374,602374,602375,1,0
602374,602374,602376,2,0
602374,602374,602376,2,0
602374,602374,602376,2,0
602374,602374,602376,2,0
602374,602374,602376,2,0
602374,602374,602376,2,0
602374,602374,602375,1,0
602374,602374,602376,2,0
602374,602374,602376,2,0
602374,602374,602376,2,0
602374,602374,602376,2,0
602374,602374,602376,2,0
602374,602374,602376,2,0
602374,602374,602376,2,0
602374,602374,602376,2,0
602374,602374,602376,2,0
602374,602374,602375,1,0
602374,602374,602375,1,0
602374,602374,602376,2,0
602374,602374,602376,2,0
602374,602374,602376,2,0
602374,602374,602376,2,0
602374,602374,602376,2,0
602374,602374,602376,2,0
602374,602376,602377,1,2
602374,602376,602377,1,2
602374,602374,602376,2,0
602374,602376,602377,1,2
602374,602374,602376,2,0
602374,602374,602376,2,0
602374,602374,602376,2,0
602374,602374,602376,2,0
602374,602374,602376,2,0
602374,602374,602376,2,0
602374,602374,602377,3,0
602374,602374,602376,2,0
602374,602376,602377,1,2
602374,602374,602376,2,0
602374,602375,602377,2,1
602374,602375,602376,1,1
602374,602375,602377,2,1
602374,602375,602376,1,1
602374,602374,602376,2,0
602374,602374,602376,2,0
602374,602374,602376,2,0
602374,602374,602376,2,0
602374,602374,602376,2,0
602374,602376,602377,1,2
602374,602376,602377,1,2
602374,602376,602377,1,2
602374,602376,602377,1,2
602374,602374,602376,2,0
602374,602374,602376,2,0
602374,602374,602376,2,0
602374,602374,602376,2,0
602374,602376,602377,1,2
602374,602376,602377,1,2
602374,602376,602377,1,2
602374,602376,602377,1,2
602374,602376,602377,1,2
602374,602376,602377,1,2
602374,602376,602377,1,2
602374,602376,602377,1,2
602374,602376,602377,1,2
602374,602376,602377,1,2
602374,602376,602377,1,2
602374,602376,602377,1,2
602374,602376,602378,2,2
602374,602376,602377,1,2
602374,602376,602378,2,2
602374,602376,602378,2,2
602374,602374,602381,7,0
602374,602374,602381,7,0
602380,602381,602382,1,1
602380,602381,602382,1,1
602380,602381,602382,1,1
602380,602381,602382,1,1
602380,602381,602382,1,1
602380,602381,602382,1,1
602380,602381,602382,1,1
602380,602381,602382,1,1
602380,602381,602382,1,1
602380,602381,602382,1,1
602380,602381,602382,1,1
602380,602381,602382,1,1
602380,602381,602382,1,1
602380,602381,602382,1,1
602380,602381,602382,1,1
602380,602381,602382,1,1
602380,602381,602382,1,1
602380,602381,602382,1,1
602380,602381,602383,2,1
602380,602381,602382,1,1
602380,602381,602382,1,1
602380,602381,602383,2,1
602380,602381,602382,1,1
602380,602381,602382,1,1
602380,602381,602382,1,1
602380,602381,602383,2,1
602380,602381,602382,1,1
602380,602381,602382,1,1
602380,602381,602382,1,1
602380,602381,602382,1,1
602380,602381,602382,1,1
602380,602381,602382,1,1
602380,602381,602383,2,1
602380,602381,602383,2,1
602380,602381,602382,1,1
602380,602381,602382,1,1
602374,602374,602383,9,0
602374,602374,602383,9,0
602374,602374,602382,8,0
602374,602374,602382,8,0
602380,602381,602383,2,1
602380,602381,602383,2,1
602380,602381,602383,2,1
602380,602381,602383,2,1
602374,602374,602384,10,0
602140,602140,602387,247,0
602126,602133,602388,255,7
602237,602246,602390,144,9
602201,602203,602393,190,2
602393,602393,602396,3,0
602393,602393,602396,3,0
602393,602393,602396,3,0
602393,602393,602396,3,0
602393,602393,602396,3,0
602393,602393,602396,3,0
602393,602393,602396,3,0
602393,602393,602396,3,0
602393,602393,602396,3,0
602393,602393,602396,3,0
602393,602393,602396,3,0
602393,602393,602396,3,0
602393,602393,602396,3,0
602395,602395,602397,2,0
602393,602393,602396,3,0
602393,602393,602397,4,0
602393,602393,602397,4,0
602393,602393,602397,4,0
602393,602393,602397,4,0
602393,602393,602397,4,0
602395,602395,602397,2,0
602393,602393,602396,3,0
602393,602393,602396,3,0
602393,602393,602397,4,0
602393,602393,602397,4,0
602393,602393,602396,3,0
602393,602393,602397,4,0
602395,602395,602397,2,0
602395,602395,602397,2,0
602393,602393,602397,4,0
602393,602393,602397,4,0
602393,602393,602396,3,0
602393,602393,602397,4,0
602393,602393,602397,4,0
602395,602395,602397,2,0
602395,602395,602397,2,0
602395,602395,602397,2,0
602395,602395,602397,2,0
602393,602393,602397,4,0
602393,602393,602396,3,0
602393,602393,602396,3,0
602395,602395,602396,1,0
602395,602396,602397,1,1
602395,602395,602397,2,0
602395,602395,602397,2,0
602395,602396,602397,1,1
602395,602396,602397,1,1
602395,602396,602397,1,1
602395,602396,602397,1,1
602395,602396,602398,2,1
602395,602395,602397,2,0
602395,602396,602397,1,1
602395,602396,602397,1,1
602395,602397,602398,1,2
602395,602397,602398,1,2
602395,602397,602398,1,2
602395,602397,602398,1,2
602395,602397,602398,1,2
602395,602397,602399,2,2
602395,602398,602399,1,3
602395,602398,602399,1,3
602395,602396,602398,2,1
602395,602396,602398,2,1
602395,602396,602398,2,1
602395,602398,602399,1,3
602395,602398,602399,1,3
602395,602398,602399,1,3
602395,602398,602401,3,3
602395,602398,602400,2,3
602395,602398,602400,2,3
602395,602398,602400,2,3
602395,602398,602400,2,3
602395,602398,602401,3,3
602395,602398,602401,3,3
602395,602398,602401,3,3
602395,602398,602401,3,3
602395,602398,602401,3,3
602395,602398,602401,3,3
602395,602398,602401,3,3
602395,602398,602401,3,3
602395,602398,602401,3,3
602395,602398,602401,3,3
602395,602398,602401,3,3
602395,602398,602401,3,3
602395,602398,602401,3,3
602395,602399,602401,2,4
602395,602398,602401,3,3
602395,602398,602401,3,3
602395,602398,602401,3,3
602395,602398,602401,3,3
602395,602398,602401,3,3
602395,602398,602401,3,3
602395,602398,602401,3,3
602395,602398,602401,3,3
602395,602398,602401,3,3
602395,602398,602401,3,3
602395,602398,602400,2,3
602395,602398,602401,3,3
602395,602398,602401,3,3
602395,602398,602400,2,3
602395,602398,602401,3,3
602395,602398,602400,2,3
602395,602398,602401,3,3
602395,602398,602400,2,3
602395,602398,602401,3,3
602395,602399,602401,2,4
602395,602399,602401,2,4
602395,602399,602402,3,4
602398,602400,602402,2,2
602398,602399,602402,3,1
602398,602399,602401,2,1
602395,602399,602401,2,4
602398,602399,602401,2,1
602398,602401,602402,1,3
602398,602401,602402,1,3
602398,602401,602402,1,3
602398,602401,602403,2,3
602398,602401,602402,1,3
602398,602401,602402,1,3
602398,602401,602402,1,3
602398,602401,602402,1,3
602398,602401,602403,2,3
602398,602401,602402,1,3
602398,602401,602402,1,3
602398,602401,602402,1,3
602398,602401,602403,2,3
602398,602401,602402,1,3
602398,602401,602404,3,3
602398,602401,602404,3,3
602398,602401,602404,3,3
602398,602401,602404,3,3
602398,602401,602404,3,3
602398,602401,602403,2,3
602398,602401,602406,5,3
602398,602401,602406,5,3
602398,602401,602407,6,3
602398,602401,602406,5,3
602398,602401,602406,5,3
602398,602401,602406,5,3
602393,602393,602416,23,0
602393,602393,602416,23,0
602393,602393,602416,23,0
602393,602393,602416,23,0
602393,602393,602416,23,0
602393,602393,602416,23,0
602398,602401,602417,16,3
602398,602401,602419,18,3
602398,602401,602419,18,3
602398,602401,602419,18,3
602393,602393,602419,26,0
602398,602401,602420,19,3
602398,602401,602420,19,3
602398,602401,602421,20,3
602395,602395,602422,27,0
602395,602395,602422,27,0
602398,602401,602423,22,3
602398,602401,602423,22,3
602395,602395,602423,28,0
602398,602401,602424,23,3
602206,602212,602435,223,6
602447,602448,602450,2,1
602447,602448,602450,2,1
602447,602448,602451,3,1
602447,602448,602451,3,1
602447,602448,602451,3,1
602447,602448,602451,3,1
602447,602448,602451,3,1
602447,602448,602451,3,1
602447,602448,602452,4,1
602447,602448,602451,3,1
602447,602448,602451,3,1
602447,602448,602451,3,1
602447,602448,602451,3,1
602447,602448,602451,3,1
602447,602448,602451,3,1
602447,602448,602451,3,1
602447,602448,602451,3,1
602447,602448,602451,3,1
602447,602448,602451,3,1
602447,602448,602451,3,1
602447,602448,602451,3,1
602447,602448,602451,3,1
602447,602448,602452,4,1
602447,602448,602451,3,1
602447,602448,602451,3,1
602447,602448,602452,4,1
602447,602448,602453,5,1
602447,602448,602453,5,1
602447,602452,602455,3,5
602447,602452,602455,3,5
602447,602452,602455,3,5
602447,602452,602455,3,5
602447,602448,602455,7,1
602447,602452,602455,3,5
602447,602452,602456,4,5
602447,602448,602456,8,1
602198,602202,602457,255,4
602460,602460,602462,2,0
602460,602460,602462,2,0
602460,602460,602462,2,0
602460,602460,602463,3,0
602460,602460,602464,4,0
602460,602460,602463,3,0
602460,602460,602464,4,0
602460,602460,602464,4,0
602460,602460,602464,4,0
602460,602460,602464,4,0
602460,602460,602464,4,0
602460,602460,602464,4,0
602460,602460,602464,4,0
602460,602460,602465,5,0
602460,602460,602465,5,0
602460,602460,602465,5,0
602460,602460,602465,5,0
602460,602460,602465,5,0
602460,602460,602464,4,0
602460,602461,602465,4,1
602460,602460,602465,5,0
602460,602460,602467,7,0
602460,602460,602469,9,0
602460,602460,602470,10,0
602460,602460,602471,11,0
602460,602460,602472,12,0
602270,602271,602482,211,1
602460,602460,602489,29,0
602460,602460,602489,29,0
602460,602460,602489,29,0
602460,602460,602489,29,0
602460,602460,602489,29,0
602460,602460,602489,29,0
602460,602460,602489,29,0
602460,602460,602492,32,0
602490,602490,602493,3,0
602490,602490,602493,3,0
602490,602490,602493,3,0
602490,602491,602493,2,1
602490,602491,602493,2,1
602490,602491,602493,2,1
602490,602491,602493,2,1
602460,602460,602494,34,0
602490,602490,602494,4,0
602490,602490,602494,4,0
602490,602490,602494,4,0
602490,602490,602494,4,0
602460,602460,602495,35,0
602460,602460,602494,34,0
602460,602460,602495,35,0
602460,602460,602494,34,0
602490,602491,602496,5,1
602490,602491,602495,4,1
602490,602491,602495,4,1
602490,602491,602496,5,1
602490,602491,602495,4,1
602490,602491,602496,5,1
602460,602460,602496,36,0
602490,602490,602496,6,0
602490,602490,602496,6,0
602490,602491,602496,5,1
602490,602491,602496,5,1
602490,602491,602496,5,1
602490,602491,602496,5,1
602490,602490,602496,6,0
602490,602491,602496,5,1
602490,602494,602496,2,4
602490,602494,602496,2,4
602490,602494,602496,2,4
602490,602494,602496,2,4
602490,602494,602496,2,4
602490,602494,602496,2,4
602490,602494,602496,2,4
602490,602491,602497,6,1
602490,602490,602499,9,0
602490,602490,602499,9,0
602490,602491,602499,8,1
602490,602491,602499,8,1
602490,602491,602499,8,1
602490,602491,602499,8,1
602490,602493,602504,11,3
602316,602316,602510,194,0
602511,602511,602521,10,0
602511,602511,602521,10,0
602511,602511,602521,10,0
602511,602511,602521,10,0
602511,602511,602521,10,0
602511,602511,602521,10,0
602511,602511,602521,10,0
602511,602511,602521,10,0
602511,602511,602521,10,0
602511,602511,602521,10,0
602511,602511,602521,10,0
602511,602511,602522,11,0
602511,602511,602521,10,0
602511,602511,602521,10,0
602511,602511,602521,10,0
602511,602511,602521,10,0
602511,602512,602521,9,1
602511,602511,602522,11,0
602511,602511,602522,11,0
602511,602511,602522,11,0
602511,602522,602524,2,11
602447,602448,602529,81,1
602511,602522,602529,7,11
602511,602522,602531,9,11
602511,602511,602533,22,0
602447,602448,602533,85,1
602511,602511,602534,23,0
602511,602511,602534,23,0
602511,602511,602535,24,0
602511,602511,602534,23,0
602511,602511,602534,23,0
602511,602512,602534,22,1
602447,602448,602534,86,1
602447,602448,602534,86,1
602511,602511,602540,29,0
602511,602511,602540,29,0
602511,602511,602540,29,0
602511,602511,602540,29,0
602511,602511,602540,29,0
602511,602511,602540,29,0
602511,602511,602541,30,0
602511,602511,602543,32,0
602511,602511,602546,35,0
602511,602511,602546,35,0
602326,602327,602551,224,1
601841,601841,602552,711,0
602557,602557,602560,3,0
602557,602557,602561,4,0
602557,602557,602561,4,0
602557,602557,602561,4,0
602557,602557,602560,3,0
602558,602558,602561,3,0
602558,602558,602561,3,0
602557,602557,602561,4,0
602557,602557,602561,4,0
602557,602557,602561,4,0
602557,602557,602561,4,0
602557,602557,602561,4,0
602557,602557,602560,3,0
602557,602557,602560,3,0
602557,602557,602561,4,0
602557,602557,602561,4,0
602557,602557,602561,4,0
602557,602557,602561,4,0
602557,602557,602561,4,0
602557,602557,602561,4,0
602557,602557,602561,4,0
602557,602557,602561,4,0
602558,602560,602562,2,2
602557,602557,602562,5,0
602557,602557,602561,4,0
602557,602557,602561,4,0
602557,602557,602562,5,0
602557,602557,602562,5,0
602557,602557,602562,5,0
602557,602557,602562,5,0
602557,602557,602563,6,0
602557,602557,602563,6,0
602557,602557,602563,6,0
602558,602561,602563,2,3
602558,602561,602563,2,3
602558,602561,602563,2,3
602557,602557,602563,6,0
602557,602557,602562,5,0
602557,602557,602563,6,0
602558,602561,602563,2,3
602558,602561,602563,2,3
602558,602561,602563,2,3
602557,602557,602563,6,0
602557,602557,602564,7,0
602557,602557,602564,7,0
602557,602557,602564,7,0
602557,602557,602564,7,0
602558,602562,602564,2,4
602557,602557,602563,6,0
602558,602561,602564,3,3
602558,602561,602564,3,3
602558,602561,602564,3,3
602558,602561,602564,3,3
602558,602561,602564,3,3
602558,602561,602564,3,3
602558,602561,602564,3,3
602558,602561,602564,3,3
602558,602561,602564,3,3
602558,602561,602564,3,3
602558,602561,602565,4,3
602558,602563,602565,2,5
602558,602563,602565,2,5
602558,602563,602565,2,5
602557,602557,602565,8,0
602558,602561,602565,4,3
602558,602562,602565,3,4
602558,602563,602565,2,5
602558,602563,602565,2,5
602558,602563,602565,2,5
602558,602561,602565,4,3
602558,602563,602565,2,5
602558,602561,602565,4,3
602558,602563,602565,2,5
602558,602563,602565,2,5
602558,602563,602565,2,5
602558,602563,602565,2,5
602558,602562,602567,5,4
602558,602563,602568,5,5
602558,602563,602568,5,5
602558,602563,602568,5,5
601879,601880,602587,707,1
602588,602588,602592,4,0
602588,602588,602592,4,0
602588,602588,602592,4,0
602588,602588,602592,4,0
602588,602588,602592,4,0
602588,602588,602592,4,0
602588,602588,602592,4,0
602588,602588,602592,4,0
602588,602588,602592,4,0
602588,602588,602592,4,0
602588,602588,602592,4,0
602588,602588,602592,4,0
602588,602588,602592,4,0
602588,602588,602592,4,0
602588,602588,602592,4,0
602588,602588,602592,4,0
602588,602589,602592,3,1
602396,602399,602592,193,3
602588,602588,602592,4,0
602588,602588,602592,4,0
602588,602588,602592,4,0
602588,602588,602592,4,0
602588,602588,602592,4,0
602588,602589,602592,3,1
602588,602589,602592,3,1
602588,602588,602593,5,0
602588,602589,602593,4,1
602588,602588,602593,5,0
602588,602589,602594,5,1
602588,602589,602594,5,1
602588,602588,602596,8,0
602593,602593,602597,4,0
602593,602593,602597,4,0
602593,602593,602597,4,0
602593,602593,602597,4,0
602593,602593,602597,4,0
602593,602593,602597,4,0
602588,602588,602597,9,0
602593,602593,602598,5,0
602593,602593,602597,4,0
602593,602593,602598,5,0
602593,602593,602598,5,0
602593,602593,602597,4,0
602593,602593,602598,5,0
602593,602593,602598,5,0
602593,602593,602598,5,0
602593,602593,602598,5,0
602593,602593,602597,4,0
602593,602593,602597,4,0
602593,602593,602597,4,0
602593,602593,602598,5,0
602593,602593,602597,4,0
602588,602588,602598,10,0
602588,602588,602598,10,0
602588,602588,602598,10,0
602588,602588,602598,10,0
602588,602588,602598,10,0
602593,602593,602598,5,0
602593,602597,602599,2,4
602593,602594,602599,5,1
602593,602597,602599,2,4
602593,602597,602599,2,4
602593,602597,602599,2,4
602593,602597,602599,2,4
602593,602598,602599,1,5
602593,602594,602599,5,1
601885,601885,602600,715,0
602593,602597,602600,3,4
602593,602595,602600,5,2
602593,602595,602600,5,2
602588,602588,602603,15,0
602593,602598,602602,4,5
602593,602597,602603,6,4
602593,602598,602603,5,5
602602,602602,602608,6,0
602602,602603,602609,6,1
602602,602602,602608,6,0
602602,602602,602608,6,0
602602,602602,602608,6,0
602602,602602,602608,6,0
602602,602602,602609,7,0
602602,602603,602609,6,1
602602,602603,602609,6,1
602602,602603,602608,5,1
602602,602603,602608,5,1
602602,602603,602608,5,1
602588,602588,602608,20,0
602588,602588,602608,20,0
602588,602588,602608,20,0
602602,602602,602609,7,0
602602,602602,602609,7,0
602602,602602,602609,7,0
602602,602603,602609,6,1
602602,602603,602609,6,1
602602,602602,602610,8,0
602602,602604,602611,7,2
602602,602609,602611,2,7
602602,602609,602611,2,7
602602,602609,602611,2,7
602602,602604,602611,7,2
602602,602603,602612,9,1
602602,602603,602612,9,1
602602,602603,602612,9,1
602602,602602,602613,11,0
602602,602609,602613,4,7
602602,602609,602613,4,7
602602,602602,602614,12,0
602602,602602,602615,13,0
602602,602604,602614,10,2
602602,602609,602614,5,7
602602,602609,602618,9,7
602602,602602,602619,17,0
601888,601888,602621,733,0
602593,602593,602622,29,0
602593,602593,602624,31,0
602593,602593,602624,31,0
602593,602593,602624,31,0
602602,602602,602624,22,0
602593,602593,602625,32,0
602602,602604,602627,23,2
602624,602624,602628,4,0
602624,602624,602628,4,0
602624,602624,602628,4,0
602624,602624,602628,4,0
602624,602624,602628,4,0
602624,602624,602629,5,0
602624,602624,602629,5,0
602624,602624,602629,5,0
602624,602624,602629,5,0
602624,602624,602628,4,0
602624,602624,602628,4,0
602602,602602,602629,27,0
602624,602624,602629,5,0
602624,602624,602630,6,0
602624,602624,602630,6,0
602624,602624,602630,6,0
602624,602624,602630,6,0
602624,602624,602630,6,0
602624,602624,602630,6,0
602624,602628,602630,2,4
602624,602624,602631,7,0
602624,602624,602630,6,0
602624,602626,602631,5,2
602602,602602,602631,29,0
602602,602603,602631,28,1
602624,602624,602632,8,0
602624,602624,602632,8,0
602624,602624,602632,8,0
602624,602624,602631,7,0
602624,602624,602631,7,0
602624,602624,602632,8,0
602624,602624,602632,8,0
601883,601883,602632,749,0
602624,602628,602632,4,4
602624,602625,602635,10,1
602624,602628,602636,8,4
601890,601890,602638,748,0
602636,602637,602642,5,1
602636,602637,602642,5,1
602636,602637,602642,5,1
602636,602637,602642,5,1
602636,602637,602642,5,1
602636,602637,602642,5,1
602636,602637,602642,5,1
602636,602637,602642,5,1
602636,602639,602642,3,3
602636,602637,602643,6,1
602636,602637,602643,6,1
602636,602637,602643,6,1
602636,602637,602643,6,1
602636,602637,602643,6,1
602636,602637,602643,6,1
602624,602624,602643,19,0
602636,602637,602643,6,1
602636,602637,602645,8,1
602636,602637,602644,7,1
602636,602643,602645,2,7
602636,602637,602644,7,1
602636,602637,602644,7,1
602624,602624,602644,20,0
602624,602624,602645,21,0
602636,602637,602645,8,1
602636,602637,602645,8,1
602636,602637,602645,8,1
602636,602643,602646,3,7
602636,602642,602645,3,6
602636,602643,602645,2,7
602636,602637,602645,8,1
602624,602624,602645,21,0
602624,602624,602646,22,0
602624,602624,602646,22,0
602624,602624,602646,22,0
602624,602624,602646,22,0
602636,602644,602647,3,8
602636,602643,602647,4,7
602636,602642,602649,7,6
602636,602642,602648,6,6
602636,602642,602650,8,6
602636,602642,602649,7,6
602636,602642,602650,8,6
602647,602647,602651,4,0
602647,602647,602651,4,0
602647,602647,602651,4,0
602647,602647,602653,6,0
602647,602647,602653,6,0
602647,602647,602653,6,0
602647,602647,602653,6,0
602647,602647,602653,6,0
602647,602647,602653,6,0
602647,602647,602653,6,0
602647,602647,602653,6,0
602647,602649,602654,5,2
602647,602647,602653,6,0
602647,602647,602653,6,0
602647,602648,602653,5,1
602647,602647,602653,6,0
602647,602647,602653,6,0
602647,602647,602653,6,0
602647,602647,602653,6,0
602647,602647,602653,6,0
602647,602651,602654,3,4
602647,602649,602655,6,2
602647,602647,602652,5,0
602647,602647,602653,6,0
602647,602647,602653,6,0
602647,602647,602653,6,0
602647,602647,602653,6,0
602647,602647,602653,6,0
602647,602650,602656,6,3
602647,602652,602656,4,5
602647,602650,602656,6,3
602647,602651,602657,6,4
602647,602653,602657,4,6
602647,602656,602658,2,9
602647,602647,602660,13,0
602636,602637,602663,26,1
602636,602637,602662,25,1
602636,602637,602663,26,1
602636,602637,602663,26,1
602636,602637,602663,26,1
602647,602647,602673,26,0
602647,602647,602675,28,0
602375,602376,602676,300,1
602647,602647,602676,29,0
602647,602647,602677,30,0
602647,602647,602678,31,0
602381,602381,602680,299,0
601866,601866,602681,815,0
602679,602679,602681,2,0
602679,602679,602681,2,0
602679,602679,602681,2,0
602679,602679,602681,2,0
602679,602679,602681,2,0
602679,602679,602681,2,0
602679,602679,602681,2,0
602679,602679,602681,2,0
602679,602679,602681,2,0
602679,602679,602682,3,0
602679,602679,602682,3,0
602679,602679,602682,3,0
602679,602679,602681,2,0
602679,602679,602681,2,0
602679,602679,602681,2,0
602679,602679,602682,3,0
602679,602679,602682,3,0
602679,602679,602683,4,0
602679,602679,602683,4,0
602679,602679,602683,4,0
602679,602679,602683,4,0
602679,602679,602683,4,0
602679,602679,602683,4,0
602679,602679,602682,3,0
602679,602679,602683,4,0
602679,602679,602682,3,0
602679,602679,602683,4,0
602679,602679,602683,4,0
602679,602679,602683,4,0
602679,602679,602682,3,0
602679,602679,602683,4,0
602679,602679,602684,5,0
602679,602679,602685,6,0
602679,602679,602685,6,0
602679,602679,602686,7,0
601893,601893,602690,797,0
602679,602679,602690,11,0
602679,602679,602692,13,0
602679,602679,602692,13,0
602679,602679,602692,13,0
602679,602679,602692,13,0
602688,602688,602693,5,0
602688,602688,602693,5,0
602688,602688,602692,4,0
602688,602688,602692,4,0
602688,602688,602692,4,0
602688,602688,602692,4,0
602688,602688,602692,4,0
602688,602688,602693,5,0
602688,602688,602693,5,0
602688,602688,602692,4,0
602688,602688,602692,4,0
602688,602688,602692,4,0
602688,602688,602693,5,0
602688,602688,602692,4,0
602688,602688,602692,4,0
602688,602688,602692,4,0
602688,602688,602692,4,0
602688,602688,602692,4,0
602688,602688,602693,5,0
602688,602688,602693,5,0
602688,602688,602694,6,0
602688,602688,602694,6,0
602688,602688,602693,5,0
602688,602688,602694,6,0
602688,602688,602694,6,0
602688,602688,602693,5,0
602688,602688,602693,5,0
602688,602688,602693,5,0
602688,602688,602694,6,0
602688,602688,602693,5,0
602688,602691,602694,3,3
602688,602688,602696,8,0
602689,602693,602696,3,4
602689,602693,602696,3,4
602689,602693,602696,3,4
602689,602693,602696,3,4
602689,602693,602696,3,4
602689,602693,602696,3,4
602689,602693,602696,3,4
602689,602693,602696,3,4
602689,602693,602696,3,4
602689,602693,602696,3,4
602689,602693,602696,3,4
602689,602693,602696,3,4
602689,602693,602696,3,4
602689,602693,602696,3,4
602689,602693,602696,3,4
602689,602692,602696,4,3
602689,602692,602696,4,3
602689,602692,602696,4,3
602689,602693,602696,3,4
602689,602693,602697,4,4
602689,602694,602698,4,5
602689,602694,602699,5,5
602689,602694,602699,5,5
602689,602694,602699,5,5
602689,602694,602699,5,5
602689,602694,602698,4,5
602689,602694,602699,5,5
602692,602696,602699,3,4
602688,602692,602699,7,4
602689,602694,602699,5,5
602689,602694,602699,5,5
602689,602693,602700,7,4
602692,602696,602699,3,4
602692,602696,602699,3,4
602692,602696,602700,4,4
602689,602694,602701,7,5
602689,602694,602700,6,5
602689,602694,602700,6,5
602692,602696,602700,4,4
602689,602694,602701,7,5
602689,602696,602702,6,7
602689,602696,602702,6,7
602688,602691,602702,11,3
602692,602698,602702,4,6
602689,602696,602702,6,7
602692,602699,602703,4,7
602692,602697,602703,6,5
602692,602697,602703,6,5
602692,602699,602704,5,7
602692,602699,602704,5,7
602692,602699,602704,5,7
602692,602700,602704,4,8
602689,602696,602703,7,7
602692,602697,602704,7,5
602692,602696,602704,8,4
602692,602700,602704,4,8
602692,602700,602704,4,8
602692,602700,602704,4,8
602692,602701,602704,3,9
602692,602697,602704,7,5
602692,602697,602704,7,5
602692,602699,602704,5,7
602692,602701,602705,4,9
602692,602703,602705,2,11
602692,602704,602705,1,12
602692,602700,602705,5,8
602692,602699,602705,6,7
602692,602699,602706,7,7
602692,602700,602706,6,8
602692,602701,602706,5,9
602692,602702,602706,4,10
602692,602703,602707,4,11
602689,602696,602707,11,7
602689,602696,602708,12,7
602692,602701,602709,8,9
602692,602702,602709,7,10
602692,602702,602708,6,10
602692,602702,602709,7,10
602692,602696,602709,13,4
602692,602696,602711,15,4
602692,602696,602712,16,4
602688,602688,602717,29,0
602688,602688,602718,30,0
602688,602688,602719,31,0
602688,602688,602718,30,0
602688,602688,602719,31,0
602688,602688,602718,30,0
602405,602406,602718,312,1
601904,601904,602719,815,0
602692,602700,602722,22,8
602720,602720,602725,5,0
602720,602720,602725,5,0
602720,602720,602725,5,0
602720,602720,602725,5,0
602720,602720,602725,5,0
602720,602720,602725,5,0
602720,602720,602725,5,0
602720,602720,602725,5,0
602720,602720,602725,5,0
602720,602720,602725,5,0
602720,602720,602725,5,0
602720,602720,602725,5,0
602720,602720,602725,5,0
602720,602720,602725,5,0
601898,601898,602725,827,0
602720,602720,602725,5,0
602720,602720,602725,5,0
602720,602720,602725,5,0
602720,602720,602725,5,0
602720,602720,602725,5,0
602720,602720,602725,5,0
602720,602720,602725,5,0
602720,602720,602725,5,0
602720,602720,602725,5,0
602720,602725,602727,2,5
602720,602725,602727,2,5
602720,602725,602728,3,5
602720,602725,602727,2,5
602720,602725,602727,2,5
602720,602726,602728,2,6
602720,602726,602728,2,6
602720,602726,602728,2,6
602720,602726,602728,2,6
602720,602726,602728,2,6
602720,602726,602729,3,6
602720,602726,602728,2,6
602720,602726,602728,2,6
602720,602726,602728,2,6
602720,602726,602729,3,6
602720,602726,602728,2,6
602720,602726,602728,2,6
602720,602726,602728,2,6
602720,602726,602728,2,6
602720,602726,602728,2,6
602720,602726,602728,2,6
602720,602725,602728,3,5
602720,602725,602728,3,5
602720,602726,602729,3,6
602720,602728,602730,2,8
602720,602728,602730,2,8
602720,602728,602730,2,8
602720,602728,602730,2,8
602720,602729,602731,2,9
602720,602729,602731,2,9
602720,602729,602731,2,9
602720,602728,602730,2,8
602720,602729,602732,3,9
602720,602729,602732,3,9
602720,602729,602732,3,9
602720,602729,602732,3,9
602720,602729,602731,2,9
602720,602729,602732,3,9
602720,602720,602732,12,0
602720,602720,602732,12,0
602720,602720,602732,12,0
602720,602720,602732,12,0
602720,602720,602732,12,0
602720,602723,602732,9,3
602720,602730,602733,3,10
602720,602730,602733,3,10
602720,602730,602733,3,10
602720,602730,602733,3,10
602720,602720,602734,14,0
602720,602720,602734,14,0
602720,602730,602733,3,10
602720,602730,602733,3,10
602720,602720,602734,14,0
602720,602720,602735,15,0
602720,602720,602739,19,0
602720,602720,602740,20,0
602720,602720,602740,20,0
602740,602740,602744,4,0
602740,602740,602744,4,0
602740,602740,602744,4,0
602740,602740,602744,4,0
602740,602740,602744,4,0
602740,602740,602744,4,0
602740,602740,602744,4,0
602740,602740,602743,3,0
602740,602740,602744,4,0
602740,602740,602744,4,0
602740,602740,602744,4,0
602740,602740,602744,4,0
602740,602740,602744,4,0
602740,602740,602744,4,0
602740,602740,602744,4,0
602740,602740,602744,4,0
602740,602740,602744,4,0
602740,602740,602744,4,0
602740,602740,602744,4,0
602740,602740,602744,4,0
602740,602740,602744,4,0
602740,602740,602744,4,0
602740,602740,602744,4,0
602740,602740,602744,4,0
602740,602740,602745,5,0
602740,602740,602744,4,0
602740,602744,602746,2,4
601901,601901,602747,846,0
602740,602744,602747,3,4
602740,602744,602747,3,4
602740,602744,602747,3,4
602740,602744,602748,4,4
602740,602744,602748,4,4
602740,602747,602749,2,7
602740,602747,602749,2,7
602740,602747,602750,3,7
602740,602747,602750,3,7
602740,602740,602747,7,0
602754,602754,602760,6,0
602754,602754,602760,6,0
602754,602754,602760,6,0
602754,602754,602760,6,0
602754,602754,602760,6,0
602754,602754,602760,6,0
602754,602754,602760,6,0
602754,602754,602760,6,0
602754,602754,602760,6,0
602754,602754,602760,6,0
602754,602754,602760,6,0
602754,602754,602760,6,0
602754,602754,602760,6,0
602754,602754,602760,6,0
602754,602754,602760,6,0
602754,602754,602760,6,0
602754,602754,602760,6,0
602754,602754,602760,6,0
602754,602754,602760,6,0
602754,602754,602760,6,0
602754,602754,602760,6,0
602754,602754,602760,6,0
602754,602754,602760,6,0
602754,602754,602760,6,0
602754,602754,602760,6,0
602754,602754,602760,6,0
602754,602754,602760,6,0
602754,602754,602760,6,0
602754,602754,602760,6,0
602754,602754,602760,6,0
602754,602754,602760,6,0
602754,602754,602760,6,0
602754,602754,602760,6,0
602754,602754,602760,6,0
602754,602754,602760,6,0
602754,602754,602760,6,0
602754,602754,602760,6,0
602740,602740,602761,21,0
602504,602504,602763,259,0
601895,601896,602763,867,1
602754,602761,602764,3,7
602740,602740,602764,24,0
602740,602740,602765,25,0
602765,602765,602768,3,0
602765,602765,602768,3,0
602765,602765,602768,3,0
602765,602765,602768,3,0
602765,602765,602768,3,0
602765,602765,602768,3,0
602765,602765,602768,3,0
602765,602765,602768,3,0
602765,602765,602768,3,0
602765,602765,602768,3,0
602765,602765,602768,3,0
602765,602765,602768,3,0
602765,602765,602768,3,0
602765,602765,602768,3,0
602765,602765,602768,3,0
602765,602765,602768,3,0
602765,602765,602768,3,0
602765,602765,602768,3,0
602765,602765,602768,3,0
602765,602765,602768,3,0
602765,602765,602768,3,0
602765,602765,602768,3,0
602765,602765,602768,3,0
602765,602765,602768,3,0
602765,602765,602768,3,0
602765,602765,602768,3,0
602765,602765,602769,4,0
602765,602765,602769,4,0
602765,602765,602769,4,0
602765,602765,602769,4,0
602765,602765,602769,4,0
602765,602765,602771,6,0
602754,602754,602772,18,0
602765,602765,602774,9,0
602754,602754,602781,27,0
602765,602765,602781,16,0
602765,602765,602784,19,0
602779,602779,602789,10,0
602779,602779,602789,10,0
602779,602779,602789,10,0
602779,602779,602789,10,0
602779,602779,602789,10,0
602779,602779,602789,10,0
602779,602779,602789,10,0
602779,602779,602789,10,0
602779,602779,602789,10,0
602779,602779,602789,10,0
602779,602779,602789,10,0
602779,602779,602789,10,0
602779,602779,602789,10,0
602779,602779,602789,10,0
602779,602779,602789,10,0
602779,602779,602789,10,0
602779,602779,602789,10,0
602779,602779,602789,10,0
602779,602779,602789,10,0
602779,602779,602789,10,0
602779,602779,602789,10,0
602779,602779,602789,10,0
602779,602779,602789,10,0
602779,602779,602789,10,0
602779,602779,602789,10,0
602779,602779,602789,10,0
602765,602765,602789,24,0
602779,602789,602792,3,10
602779,602781,602791,10,2
602765,602765,602795,30,0
602765,602765,602797,32,0
601910,601910,602797,887,0
602779,602795,602799,4,16
602779,602779,602799,20,0
602779,602789,602798,9,10
602779,602789,602800,11,10
602779,602782,602801,19,3
602779,602784,602801,17,5
601907,601907,602801,894,0
602765,602765,602797,32,0
602765,602765,602797,32,0
602801,602801,602805,4,0
602779,602779,602805,26,0
602779,602779,602805,26,0
602779,602779,602805,26,0
602779,602779,602805,26,0
602779,602779,602805,26,0
602801,602801,602805,4,0
602801,602801,602805,4,0
602801,602801,602805,4,0
602801,602801,602805,4,0
602801,602801,602805,4,0
602801,602801,602805,4,0
602801,602801,602805,4,0
602801,602801,602805,4,0
602801,602801,602805,4,0
602801,602801,602805,4,0
602779,602779,602806,27,0
602801,602801,602806,5,0
602801,602801,602806,5,0
602419,602419,602806,387,0
602801,602801,602806,5,0
602801,602801,602806,5,0
602801,602801,602806,5,0
602801,602801,602807,6,0
602801,602801,602807,6,0
602801,602801,602807,6,0
602801,602801,602807,6,0
602801,602801,602807,6,0
602801,602801,602806,5,0
602801,602801,602806,5,0
602801,602801,602806,5,0
602801,602801,602806,5,0
602801,602801,602806,5,0
602801,602805,602807,2,4
602801,602802,602807,5,1
602801,602802,602807,5,1
602801,602802,602807,5,1
602801,602802,602807,5,1
602801,602802,602807,5,1
602801,602802,602807,5,1
602801,602802,602807,5,1
602801,602802,602808,6,1
602801,602805,602808,3,4
602801,602805,602808,3,4
602801,602805,602808,3,4
602411,602411,602815,404,0
602399,602401,602815,414,2
602813,602813,602817,4,0
602813,602813,602818,5,0
602813,602813,602818,5,0
602813,602813,602818,5,0
602813,602813,602818,5,0
602813,602813,602818,5,0
602813,602813,602818,5,0
602813,602813,602818,5,0
602813,602813,602817,4,0
602813,602813,602817,4,0
602813,602813,602818,5,0
602813,602813,602818,5,0
602813,602813,602818,5,0
602813,602813,602818,5,0
602813,602813,602818,5,0
602813,602813,602818,5,0
602813,602813,602819,6,0
602813,602813,602819,6,0
602813,602813,602819,6,0
602813,602813,602819,6,0
602813,602813,602819,6,0
602813,602813,602819,6,0
602813,602813,602818,5,0
602813,602813,602818,5,0
602813,602813,602818,5,0
602813,602813,602819,6,0
602813,602813,602818,5,0
602813,602813,602819,6,0
602813,602813,602819,6,0
602813,602813,602819,6,0
602813,602813,602819,6,0
602816,602817,602819,2,1
602813,602813,602820,7,0
602813,602813,602820,7,0
602449,602449,602820,371,0
602816,602818,602820,2,2
602813,602813,602820,7,0
602816,602818,602820,2,2
602816,602818,602820,2,2
602816,602818,602821,3,2
602816,602818,602821,3,2
602816,602818,602821,3,2
602816,602818,602821,3,2
602816,602818,602821,3,2
602816,602818,602821,3,2
602816,602818,602821,3,2
602816,602818,602821,3,2
602816,602818,602821,3,2
602816,602818,602821,3,2
602816,602820,602821,1,4
602816,602818,602821,3,2
602816,602819,602821,2,3
602816,602820,602821,1,4
602816,602820,602822,2,4
602813,602813,602822,9,0
602816,602819,602822,3,3
602816,602820,602822,2,4
602816,602821,602822,1,5
602816,602820,602822,2,4
602816,602820,602822,2,4
602816,602820,602822,2,4
602816,602820,602822,2,4
602816,602820,602823,3,4
602816,602819,602823,4,3
602816,602819,602823,4,3
602816,602819,602823,4,3
602816,602819,602823,4,3
602816,602819,602823,4,3
602816,602820,602823,3,4
602816,602820,602823,3,4
602816,602819,602823,4,3
602816,602819,602823,4,3
602816,602819,602824,5,3
602816,602819,602824,5,3
602816,602821,602824,3,5
602801,602801,602826,25,0
602801,602801,602828,27,0
602816,602817,602829,12,1
602408,602408,602833,425,0
602414,602414,602836,422,0
602813,602813,602839,26,0
602813,602813,602839,26,0
602813,602813,602840,27,0
602813,602813,602841,28,0
602813,602813,602841,28,0
602838,602838,602841,3,0
602838,602838,602842,4,0
602838,602838,602842,4,0
602838,602838,602842,4,0
602838,602838,602842,4,0
602838,602838,602842,4,0
602838,602838,602842,4,0
602838,602838,602842,4,0
602838,602838,602842,4,0
602838,602838,602842,4,0
602838,602838,602842,4,0
602838,602838,602842,4,0
602838,602838,602842,4,0
602838,602838,602842,4,0
602838,602838,602842,4,0
602838,602838,602842,4,0
602838,602838,602842,4,0
602838,602838,602842,4,0
602838,602838,602842,4,0
602838,602838,602843,5,0
602838,602838,602843,5,0
602838,602838,602843,5,0
602838,602838,602842,4,0
602838,602838,602842,4,0
602838,602838,602842,4,0
602838,602838,602842,4,0
602838,602838,602842,4,0
602838,602838,602843,5,0
602838,602838,602843,5,0
602838,602838,602843,5,0
602838,602838,602843,5,0
602838,602838,602842,4,0
602838,602838,602843,5,0
602838,602838,602842,4,0
602838,602838,602842,4,0
602838,602838,602843,5,0
602838,602838,602843,5,0
602842,602842,602843,1,0
602842,602842,602843,1,0
602842,602842,602844,2,0
602842,602842,602844,2,0
602842,602842,602844,2,0
602842,602842,602844,2,0
602842,602842,602844,2,0
602842,602842,602844,2,0
602842,602843,602846,3,1
602842,602843,602846,3,1
602842,602843,602846,3,1
602842,602843,602846,3,1
602842,602843,602846,3,1
602842,602843,602846,3,1
602842,602842,602846,4,0
602842,602842,602846,4,0
602842,602842,602846,4,0
602842,602842,602846,4,0
602842,602843,602846,3,1
602842,602843,602846,3,1
602842,602843,602846,3,1
602842,602843,602846,3,1
602842,602842,602846,4,0
602842,602842,602846,4,0
602842,602842,602845,3,0
602842,602842,602846,4,0
602842,602843,602846,3,1
602842,602843,602846,3,1
602842,602843,602846,3,1
602842,602843,602847,4,1
602842,602843,602846,3,1
602844,602844,602847,3,0
602844,602844,602847,3,0
602844,602844,602847,3,0
602844,602844,602847,3,0
602842,602843,602847,4,1
602842,602843,602847,4,1
602842,602842,602847,5,0
602842,602842,602847,5,0
602844,602845,602847,2,1
602842,602843,602847,4,1
602842,602843,602847,4,1
602842,602843,602847,4,1
602844,602844,602847,3,0
602844,602844,602847,3,0
602844,602844,602847,3,0
602844,602847,602848,1,3
602844,602846,602847,1,2
602844,602846,602847,1,2
602844,602846,602847,1,2
602844,602847,602848,1,3
602844,602847,602848,1,3
602844,602847,602848,1,3
602844,602847,602848,1,3
602844,602846,602848,2,2
602844,602847,602849,2,3
602844,602846,602849,3,2
602844,602846,602850,4,2
602842,602842,602846,4,0
602842,602842,602845,3,0
602844,602846,602850,4,2
602844,602847,602850,3,3
602844,602847,602850,3,3
602845,602848,602851,3,3
602845,602848,602851,3,3
602844,602846,602851,5,2
602844,602846,602851,5,2
602844,602847,602851,4,3
602844,602847,602851,4,3
602844,602847,602851,4,3
602844,602847,602851,4,3
602844,602847,602851,4,3
602844,602847,602851,4,3
602844,602847,602851,4,3
602845,602848,602851,3,3
602845,602848,602851,3,3
602845,602848,602851,3,3
602838,602838,602852,14,0
602845,602848,602851,3,3
602845,602848,602852,4,3
602845,602848,602852,4,3
602845,602848,602852,4,3
602845,602848,602852,4,3
602845,602848,602852,4,3
602845,602848,602852,4,3
602845,602848,602852,4,3
602845,602848,602852,4,3
602845,602848,602852,4,3
602845,602848,602852,4,3
602844,602846,602852,6,2
602844,602846,602852,6,2
602844,602846,602852,6,2
602844,602847,602852,5,3
602844,602847,602852,5,3
602845,602849,602852,3,4
602845,602850,602853,3,5
602838,602838,602852,14,0
602838,602838,602853,15,0
602844,602850,602853,3,6
602845,602848,602853,5,3
602845,602849,602852,3,4
602845,602851,602853,2,6
602845,602851,602853,2,6
602845,602852,602853,1,7
602845,602852,602853,1,7
602845,602852,602853,1,7
602845,602851,602853,2,6
602845,602852,602853,1,7
602845,602852,602854,2,7
602845,602852,602854,2,7
602845,602852,602854,2,7
602845,602852,602854,2,7
602845,602852,602854,2,7
602845,602850,602853,3,5
602845,602852,602853,1,7
602845,602852,602853,1,7
602845,602852,602854,2,7
602845,602851,602853,2,6
602845,602851,602853,2,6
602844,602850,602853,3,6
602844,602850,602853,3,6
602845,602850,602853,3,5
602845,602850,602854,4,5
602627,602628,602859,231,1
602591,602591,602860,269,0
602864,602864,602866,2,0
602864,602864,602866,2,0
602864,602864,602866,2,0
602864,602864,602866,2,0
602864,602864,602866,2,0
602864,602864,602866,2,0
602864,602864,602866,2,0
602864,602864,602866,2,0
602864,602864,602866,2,0
602864,602864,602867,3,0
602864,602864,602867,3,0
602864,602864,602867,3,0
602864,602864,602867,3,0
602864,602864,602867,3,0
602864,602864,602867,3,0
602864,602864,602867,3,0
602864,602864,602867,3,0
602864,602864,602867,3,0
602864,602864,602867,3,0
602864,602864,602867,3,0
602864,602864,602867,3,0
602864,602864,602867,3,0
602864,602864,602867,3,0
602864,602864,602867,3,0
602864,602864,602867,3,0
602864,602864,602867,3,0
602864,602864,602867,3,0
602864,602864,602867,3,0
602864,602864,602867,3,0
602864,602864,602867,3,0
602864,602864,602868,4,0
602864,602864,602867,3,0
602864,602864,602867,3,0
602864,602864,602867,3,0
602864,602864,602868,4,0
602864,602864,602868,4,0
602864,602864,602868,4,0
602867,602867,602869,2,0
602867,602867,602869,2,0
602867,602867,602868,1,0
602681,602681,602868,187,0
602867,602867,602869,2,0
602867,602867,602869,2,0
602867,602867,602869,2,0
602867,602867,602869,2,0
602867,602867,602869,2,0
602867,602868,602869,1,1
602867,602867,602869,2,0
602864,602864,602869,5,0
602867,602868,602869,1,1
602867,602868,602869,1,1
602867,602868,602870,2,1
602867,602868,602870,2,1
602867,602867,602869,2,0
602867,602867,602870,3,0
602867,602867,602869,2,0
602867,602867,602870,3,0
602867,602867,602870,3,0
602867,602867,602870,3,0
602869,602869,602870,1,0
602869,602869,602870,1,0
602457,602457,602870,413,0
602867,602867,602869,2,0
602867,602867,602869,2,0
602867,602867,602870,3,0
602867,602867,602870,3,0
602867,602867,602870,3,0
602867,602867,602870,3,0
602867,602867,602870,3,0
602869,602869,602870,1,0
602867,602867,602869,2,0
602867,602867,602869,2,0
602867,602868,602869,1,1
602867,602868,602870,2,1
602402,602402,602870,468,0
602867,602867,602870,3,0
602867,602867,602869,2,0
602867,602867,602869,2,0
602867,602867,602870,3,0
602867,602867,602870,3,0
602867,602868,602870,2,1
602867,602867,602869,2,0
602869,602869,602870,1,0
602867,602868,602870,2,1
602867,602868,602870,2,1
602869,602869,602870,1,0
602869,602870,602871,1,1
602492,602494,602871,377,2
602869,602869,602870,1,0
602869,602869,602870,1,0
602869,602870,602871,1,1
602869,602870,602871,1,1
602869,602870,602871,1,1
602869,602870,602871,1,1
602869,602870,602871,1,1
602869,602870,602871,1,1
602869,602870,602871,1,1
602869,602870,602871,1,1
602869,602869,602871,2,0
602869,602869,602871,2,0
602869,602869,602871,2,0
602869,602869,602871,2,0
602869,602869,602871,2,0
602869,602869,602871,2,0
602869,602869,602871,2,0
602869,602869,602871,2,0
602869,602870,602871,1,1
602869,602870,602871,1,1
602869,602870,602872,2,1
602869,602870,602872,2,1
602869,602870,602871,1,1
602869,602870,602872,2,1
602869,602870,602872,2,1
602869,602870,602872,2,1
602869,602870,602872,2,1
602869,602870,602872,2,1
602869,602870,602872,2,1
602869,602870,602872,2,1
602869,602870,602872,2,1
602605,602609,602872,263,4
602869,602871,602873,2,2
602869,602871,602873,2,2
602869,602871,602873,2,2
602864,602864,602877,13,0
602362,602366,602878,512,4
602864,602864,602878,14,0
602498,602498,602879,381,0
602879,602879,602882,3,0
602879,602879,602882,3,0
602879,602879,602882,3,0
602879,602879,602882,3,0
602879,602879,602882,3,0
602879,602879,602882,3,0
602879,602879,602882,3,0
602879,602879,602882,3,0
602879,602879,602882,3,0
602879,602879,602882,3,0
602879,602879,602882,3,0
602879,602879,602882,3,0
602879,602879,602882,3,0
602879,602879,602882,3,0
602879,602879,602882,3,0
602879,602879,602882,3,0
602879,602879,602883,4,0
602879,602879,602882,3,0
602879,602879,602882,3,0
602879,602879,602883,4,0
602879,602879,602882,3,0
602879,602879,602882,3,0
602879,602879,602882,3,0
602879,602879,602882,3,0
602879,602879,602882,3,0
602879,602879,602883,4,0
602879,602879,602883,4,0
602879,602879,602883,4,0
602879,602879,602883,4,0
602879,602879,602882,3,0
602879,602879,602883,4,0
602879,602879,602884,5,0
602879,602879,602883,4,0
602879,602879,602883,4,0
602879,602879,602883,4,0
602879,602879,602883,4,0
602879,602879,602884,5,0
602879,602879,602884,5,0
602879,602883,602885,2,4
602879,602879,602885,6,0
602879,602879,602885,6,0
602879,602879,602885,6,0
602879,602879,602885,6,0
602879,602879,602886,7,0
602879,602879,602885,6,0
602879,602883,602886,3,4
602879,602883,602886,3,4
602879,602883,602886,3,4
602879,602879,602886,7,0
602880,602883,602886,3,3
602879,602882,602886,4,3
602879,602882,602886,4,3
602880,602884,602886,2,4
602880,602884,602887,3,4
602879,602883,602886,3,4
602879,602883,602887,4,4
602879,602879,602886,7,0
602879,602883,602887,4,4
602879,602883,602886,3,4
602879,602883,602887,4,4
602879,602883,602886,3,4
602879,602883,602887,4,4
602879,602883,602886,3,4
602879,602883,602886,3,4
602879,602883,602886,3,4
602879,602883,602887,4,4
602879,602883,602886,3,4
602879,602880,602886,6,1
602879,602883,602887,4,4
602879,602883,602887,4,4
602879,602883,602887,4,4
602879,602879,602887,8,0
602879,602883,602887,4,4
602879,602883,602887,4,4
602880,602884,602887,3,4
602880,602884,602888,4,4
602880,602885,602887,2,5
602879,602883,602887,4,4
602879,602883,602887,4,4
602880,602884,602887,3,4
602880,602884,602887,3,4
602879,602883,602887,4,4
602880,602884,602889,5,4
602880,602886,602889,3,6
602880,602887,602889,2,7
602880,602887,602890,3,7
602880,602887,602890,3,7
602880,602886,602890,4,6
602880,602886,602890,4,6
602880,602887,602890,3,7
602880,602887,602890,3,7
602880,602884,602890,6,4
602880,602886,602890,4,6
602880,602886,602890,4,6
602880,602886,602890,4,6
602880,602887,602890,3,7
602880,602887,602890,3,7
602880,602887,602890,3,7
602880,602886,602890,4,6
602880,602886,602890,4,6
602880,602887,602890,3,7
602880,602887,602890,3,7
602880,602887,602890,3,7
602880,602886,602890,4,6
602880,602886,602889,3,6
602880,602886,602889,3,6
602880,602887,602891,4,7
602880,602887,602891,4,7
602880,602887,602891,4,7
602880,602887,602890,3,7
602880,602887,602891,4,7
602880,602887,602891,4,7
602881,602888,602891,3,7
602881,602888,602891,3,7
602881,602889,602891,2,8
602881,602888,602891,3,7
602881,602888,602891,3,7
602881,602888,602891,3,7
602881,602888,602891,3,7
602881,602888,602891,3,7
602881,602888,602891,3,7
602880,602886,602891,5,6
602881,602887,602891,4,6
602881,602887,602891,4,6
602881,602887,602891,4,6
602881,602888,602892,4,7
602881,602890,602892,2,9
602881,602890,602892,2,9
602881,602890,602892,2,9
602881,602890,602892,2,9
602881,602888,602891,3,7
602881,602888,602891,3,7
602881,602890,602892,2,9
602881,602890,602892,2,9
602881,602890,602892,2,9
602881,602890,602892,2,9
602881,602890,602892,2,9
602881,602890,602892,2,9
602881,602890,602892,2,9
602881,602890,602892,2,9
602881,602890,602892,2,9
602881,602890,602892,2,9
602881,602890,602892,2,9
602881,602890,602892,2,9
602881,602890,602892,2,9
602881,602890,602892,2,9
602881,602890,602892,2,9
602881,602890,602892,2,9
602881,602890,602892,2,9
602881,602890,602892,2,9
602881,602891,602892,1,10
602881,602890,602893,3,9
602881,602891,602893,2,10
602881,602891,602893,2,10
602881,602891,602893,2,10
602881,602891,602893,2,10
602881,602891,602893,2,10
602881,602891,602893,2,10
602881,602891,602893,2,10
602461,602462,602893,431,1
602881,602891,602893,2,10
602881,602891,602893,2,10
602879,602883,602887,4,4
602880,602884,602890,6,4
602881,602891,602894,3,10
602881,602891,602894,3,10
602881,602891,602894,3,10
602881,602891,602894,3,10
602881,602891,602894,3,10
602881,602891,602894,3,10
602881,602891,602894,3,10
602881,602891,602894,3,10
602881,602892,602894,2,11
602881,602892,602894,2,11
602881,602893,602894,1,12
602881,602893,602894,1,12
602881,602893,602894,1,12
602881,602893,602894,1,12
602881,602893,602894,1,12
602881,602891,602894,3,10
602881,602892,602894,2,11
602881,602892,602894,2,11
602881,602893,602894,1,12
602881,602893,602894,1,12
602881,602893,602894,1,12
602881,602893,602894,1,12
602881,602893,602894,1,12
602881,602893,602894,1,12
602881,602893,602894,1,12
602881,602893,602894,1,12
602881,602893,602894,1,12
602881,602893,602894,1,12
602881,602893,602894,1,12
602881,602893,602894,1,12
602881,602893,602894,1,12
602879,602879,602894,15,0
602881,602894,602896,2,13
602879,602879,602896,17,0
602879,602879,602896,17,0
602879,602879,602896,17,0
602879,602879,602896,17,0
602561,602563,602902,339,2
602513,602522,602911,389,9
602910,602910,602913,3,0
602910,602910,602913,3,0
602910,602910,602913,3,0
602910,602910,602913,3,0
602910,602910,602913,3,0
602910,602911,602913,2,1
602910,602910,602913,3,0
602910,602910,602913,3,0
602910,602910,602913,3,0
602910,602910,602913,3,0
602910,602911,602913,2,1
602910,602911,602913,2,1
602910,602910,602913,3,0
602910,602910,602913,3,0
602910,602910,602913,3,0
602910,602910,602913,3,0
602910,602910,602913,3,0
602910,602911,602914,3,1
602910,602910,602913,3,0
602910,602910,602913,3,0
602910,602910,602914,4,0
602910,602910,602914,4,0
602910,602911,602914,3,1
602910,602911,602914,3,1
602910,602910,602914,4,0
602910,602911,602914,3,1
602910,602911,602914,3,1
602910,602911,602914,3,1
602910,602911,602914,3,1
602910,602910,602914,4,0
602910,602911,602914,3,1
602910,602911,602914,3,1
602910,602911,602914,3,1
602910,602911,602915,4,1
602910,602910,602914,4,0
602910,602911,602915,4,1
602910,602911,602915,4,1
602910,602911,602915,4,1
602910,602911,602916,5,1
602910,602911,602915,4,1
602910,602911,602915,4,1
602910,602911,602916,5,1
602910,602911,602916,5,1
602910,602911,602916,5,1
602910,602912,602917,5,2
602910,602914,602917,3,4
602910,602914,602917,3,4
602910,602914,602917,3,4
602910,602914,602917,3,4
602910,602914,602917,3,4
602910,602914,602917,3,4
602910,602911,602916,5,1
602910,602914,602917,3,4
602910,602914,602917,3,4
602910,602914,602917,3,4
602910,602914,602917,3,4
602910,602914,602917,3,4
602910,602914,602917,3,4
602910,602911,602917,6,1
602910,602911,602916,5,1
602910,602911,602916,5,1
602910,602911,602917,6,1
602910,602914,602917,3,4
602910,602914,602917,3,4
602910,602914,602917,3,4
602910,602914,602917,3,4
602910,602914,602917,3,4
602910,602914,602917,3,4
602910,602914,602917,3,4
602910,602911,602917,6,1
602910,602914,602917,3,4
602910,602915,602917,2,5
602911,602915,602917,2,4
602911,602915,602917,2,4
602911,602915,602917,2,4
602911,602915,602918,3,4
602910,602914,602917,3,4
602910,602914,602917,3,4
602910,602914,602917,3,4
602910,602914,602917,3,4
602911,602915,602917,2,4
602911,602915,602917,2,4
602911,602915,602917,2,4
602911,602915,602918,3,4
602911,602915,602918,3,4
602911,602916,602918,2,5
602911,602916,602918,2,5
602911,602916,602919,3,5
602911,602917,602919,2,6
602911,602917,602919,2,6
602911,602916,602918,2,5
602911,602916,602919,3,5
602911,602917,602919,2,6
602911,602917,602919,2,6
602911,602917,602919,2,6
602911,602917,602919,2,6
602911,602917,602919,2,6
602911,602917,602919,2,6
602911,602917,602919,2,6
602911,602917,602919,2,6
602911,602917,602919,2,6
602910,602910,602919,9,0
602910,602910,602919,9,0
602910,602910,602919,9,0
602910,602911,602919,8,1
602911,602916,602919,3,5
602911,602917,602919,2,6
602911,602916,602919,3,5
602911,602918,602919,1,7
602911,602917,602919,2,6
602911,602917,602919,2,6
602911,602917,602919,2,6
602911,602918,602920,2,7
602911,602918,602920,2,7
602911,602917,602919,2,6
602911,602917,602919,2,6
602911,602917,602919,2,6
602911,602917,602919,2,6
602911,602918,602920,2,7
602911,602916,602919,3,5
602911,602918,602920,2,7
602911,602918,602920,2,7
602911,602918,602920,2,7
602911,602918,602920,2,7
602911,602919,602920,1,8
602911,602918,602920,2,7
602911,602917,602920,3,6
602911,602917,602920,3,6
602911,602917,602920,3,6
602911,602919,602920,1,8
602911,602917,602920,3,6
602911,602917,602920,3,6
602911,602917,602920,3,6
602911,602919,602920,1,8
602911,602917,602920,3,6
602911,602919,602920,1,8
602911,602919,602920,1,8
602911,602918,602920,2,7
602911,602918,602920,2,7
602565,602569,602920,351,4
602911,602918,602920,2,7
602911,602918,602920,2,7
602911,602919,602920,1,8
602911,602919,602920,1,8
602911,602919,602921,2,8
602911,602918,602920,2,7
602911,602918,602920,2,7
602911,602920,602921,1,9
602911,602920,602921,1,9
602911,602920,602921,1,9
602911,602920,602921,1,9
602911,602920,602921,1,9
602911,602920,602921,1,9
602911,602920,602921,1,9
602911,602920,602921,1,9
602911,602920,602921,1,9
602911,602920,602921,1,9
602911,602920,602921,1,9
602911,602920,602921,1,9
602911,602920,602921,1,9
602595,602598,602926,328,3
602639,602643,602927,284,4
602926,602926,602928,2,0
602926,602926,602928,2,0
602926,602926,602928,2,0
602926,602926,602928,2,0
602926,602926,602928,2,0
602926,602926,602928,2,0
602926,602926,602928,2,0
602926,602926,602928,2,0
602926,602926,602928,2,0
602926,602926,602928,2,0
602926,602926,602928,2,0
602926,602926,602928,2,0
602926,602926,602928,2,0
602926,602926,602928,2,0
602926,602926,602928,2,0
602926,602926,602928,2,0
602926,602926,602928,2,0
602926,602926,602928,2,0
602926,602926,602928,2,0
602926,602927,602928,1,1
602926,602927,602929,2,1
602926,602927,602929,2,1
602926,602926,602929,3,0
602926,602926,602929,3,0
602926,602926,602928,2,0
602926,602926,602928,2,0
602926,602926,602928,2,0
602926,602926,602928,2,0
602926,602926,602928,2,0
602926,602926,602929,3,0
602926,602926,602928,2,0
602926,602926,602928,2,0
602926,602926,602928,2,0
602926,602926,602929,3,0
602926,602926,602928,2,0
602926,602926,602929,3,0
602926,602926,602934,8,0
602932,602932,602934,2,0
602932,602932,602934,2,0
602932,602932,602934,2,0
602932,602933,602934,1,1
602932,602932,602934,2,0
602932,602932,602934,2,0
602932,602932,602934,2,0
602932,602933,602934,1,1
602932,602933,602934,1,1
602932,602933,602934,1,1
602932,602932,602934,2,0
602932,602932,602934,2,0
602932,602932,602934,2,0
602932,602933,602934,1,1
602932,602933,602934,1,1
602932,602932,602934,2,0
602932,602932,602934,2,0
602932,602933,602934,1,1
602932,602933,602934,1,1
602932,602932,602934,2,0
602932,602932,602934,2,0
602932,602933,602934,1,1
602932,602933,602935,2,1
602932,602932,602934,2,0
602932,602932,602934,2,0
602932,602933,602934,1,1
602932,602933,602934,1,1
602932,602933,602934,1,1
602932,602933,602934,1,1
602932,602933,602934,1,1
602926,602926,602935,9,0
602932,602933,602935,2,1
602932,602933,602937,4,1
602932,602933,602937,4,1
602932,602934,602937,3,2
602932,602934,602937,3,2
602932,602934,602937,3,2
602932,602934,602937,3,2
602932,602934,602937,3,2
602932,602933,602937,4,1
602932,602933,602937,4,1
602932,602933,602937,4,1
602932,602935,602937,2,3
602932,602933,602937,4,1
602932,602933,602937,4,1
602932,602933,602937,4,1
602932,602933,602937,4,1
602932,602935,602938,3,3
602932,602935,602938,3,3
602932,602935,602938,3,3
602932,602935,602938,3,3
602932,602935,602938,3,3
602932,602935,602938,3,3
602932,602935,602938,3,3
602932,602935,602938,3,3
602932,602935,602938,3,3
602932,602935,602938,3,3
602932,602935,602938,3,3
602932,602935,602938,3,3
602932,602935,602938,3,3
602932,602935,602938,3,3
602932,602935,602938,3,3
602932,602935,602938,3,3
602932,602935,602938,3,3
602932,602935,602938,3,3
602932,602935,602938,3,3
602932,602935,602938,3,3
602932,602932,602938,6,0
602932,602933,602938,5,1
602932,602933,602938,5,1
602932,602933,602938,5,1
602932,602933,602938,5,1
602932,602933,602938,5,1
602932,602933,602938,5,1
602932,602935,602938,3,3
602932,602935,602938,3,3
602932,602935,602938,3,3
602932,602935,602938,3,3
602932,602935,602938,3,3
602932,602935,602938,3,3
602926,602926,602938,12,0
602926,602926,602938,12,0
602937,602938,602939,1,1
602937,602938,602939,1,1
602937,602938,602940,2,1
602937,602938,602939,1,1
602937,602938,602939,1,1
602937,602938,602939,1,1
602937,602938,602939,1,1
602937,602939,602940,1,2
602937,602939,602940,1,2
602702,602704,602939,235,2
602937,602939,602940,1,2
602937,602938,602939,1,1
602937,602938,602939,1,1
602937,602938,602939,1,1
602937,602938,602939,1,1
602937,602938,602939,1,1
602937,602938,602939,1,1
602937,602938,602939,1,1
602937,602938,602940,2,1
602691,602696,602940,244,5
602932,602934,602940,6,2
602937,602938,602940,2,1
602937,602939,602940,1,2
602937,602939,602940,1,2
602937,602938,602940,2,1
602937,602939,602940,1,2
602937,602939,602940,1,2
602937,602939,602940,1,2
602937,602939,602940,1,2
602937,602939,602940,1,2
602937,602938,602940,2,1
602937,602939,602940,1,2
602937,602939,602940,1,2
602937,602939,602940,1,2
602937,602938,602941,3,1
602937,602938,602942,4,1
602937,602938,602942,4,1
602937,602939,602942,3,2
602937,602939,602942,3,2
602937,602939,602943,4,2
602943,602943,602945,2,0
602943,602943,602944,1,0
602943,602943,602944,1,0
602943,602943,602945,2,0
602943,602943,602945,2,0
602943,602943,602944,1,0
602943,602943,602945,2,0
602943,602943,602945,2,0
602943,602943,602945,2,0
602943,602943,602945,2,0
602943,602943,602945,2,0
602943,602943,602945,2,0
602943,602943,602945,2,0
602943,602943,602945,2,0
602943,602943,602946,3,0
602943,602943,602945,2,0
602943,602943,602946,3,0
602943,602943,602945,2,0
602943,602943,602945,2,0
602943,602943,602946,3,0
602943,602943,602945,2,0
602943,602943,602945,2,0
602943,602943,602946,3,0
602943,602943,602945,2,0
602943,602943,602945,2,0
602943,602943,602945,2,0
602943,602943,602946,3,0
602943,602943,602946,3,0
602943,602943,602945,2,0
602943,602943,602946,3,0
602943,602943,602945,2,0
602943,602943,602945,2,0
602943,602943,602945,2,0
602943,602943,602945,2,0
602943,602943,602946,3,0
602943,602943,602946,3,0
602943,602943,602946,3,0
602943,602943,602945,2,0
602943,602946,602947,1,3
602943,602946,602947,1,3
602943,602946,602947,1,3
602943,602946,602947,1,3
602943,602946,602947,1,3
602943,602945,602947,2,2
602943,602945,602946,1,2
602937,602939,602947,8,2
602943,602943,602948,5,0
602943,602946,602947,1,3
602943,602946,602947,1,3
602943,602945,602947,2,2
602943,602945,602947,2,2
602943,602945,602947,2,2
602943,602946,602947,1,3
602943,602946,602947,1,3
602943,602946,602947,1,3
602943,602946,602948,2,3
602943,602945,602947,2,2
602943,602945,602947,2,2
602943,602946,602948,2,3
602943,602946,602948,2,3
602943,602946,602947,1,3
602943,602946,602948,2,3
602943,602946,602948,2,3
602943,602943,602948,5,0
602943,602945,602948,3,2
602943,602943,602950,7,0
602943,602943,602950,7,0
602943,602943,602950,7,0
602943,602944,602950,6,1
602943,602946,602950,4,3
602943,602943,602954,11,0
602943,602943,602954,11,0
602943,602943,602954,11,0
602943,602943,602954,11,0
602943,602943,602954,11,0
602943,602944,602954,10,1
602943,602944,602954,10,1
602943,602943,602954,11,0
602943,602943,602954,11,0
602943,602943,602955,12,0
602417,602417,602957,540,0
602943,602943,602957,14,0
602723,602729,602958,229,6
602967,602967,602969,2,0
602967,602967,602969,2,0
602967,602967,602969,2,0
602967,602968,602969,1,1
602650,602653,602969,316,3
602967,602968,602970,2,1
602967,602967,602969,2,0
602967,602967,602969,2,0
602967,602967,602969,2,0
602967,602967,602969,2,0
602968,602968,602970,2,0
602968,602968,602970,2,0
602967,602968,602970,2,1
602968,602968,602970,2,0
602967,602968,602970,2,1
602967,602968,602970,2,1
602968,602968,602970,2,0
602967,602967,602970,3,0
602967,602967,602969,2,0
602967,602967,602969,2,0
602967,602967,602969,2,0
602967,602967,602970,3,0
602967,602967,602969,2,0
602968,602968,602970,2,0
602967,602967,602970,3,0
602967,602967,602970,3,0
602968,602968,602970,2,0
602968,602968,602970,2,0
602967,602967,602970,3,0
602967,602968,602971,3,1
602967,602968,602971,3,1
602967,602968,602970,2,1
602968,602968,602970,2,0
602968,602968,602970,2,0
602968,602969,602970,1,1
602967,602967,602971,4,0
602967,602968,602971,3,1
602967,602968,602971,3,1
602967,602968,602971,3,1
602968,602968,602971,3,0
602967,602968,602970,2,1
602967,602968,602970,2,1
602967,602968,602970,2,1
602968,602968,602971,3,0
602967,602967,602970,3,0
602968,602968,602970,2,0
602968,602968,602970,2,0
602968,602969,602970,1,1
602967,602967,602970,3,0
602968,602968,602970,2,0
602967,602967,602970,3,0
602968,602968,602970,2,0
602968,602969,602970,1,1
602968,602969,602970,1,1
602968,602970,602972,2,2
602968,602970,602972,2,2
602968,602970,602972,2,2
602968,602970,602972,2,2
602968,602970,602971,1,2
602968,602970,602971,1,2
602968,602970,602971,1,2
602968,602970,602972,2,2
602968,602970,602971,1,2
602968,602970,602972,2,2
602968,602970,602972,2,2
602968,602970,602972,2,2
602782,602789,602972,183,7
602968,602970,602971,1,2
602968,602970,602971,1,2
602968,602970,602972,2,2
602968,602970,602972,2,2
602968,602970,602972,2,2
602968,602970,602972,2,2
602968,602970,602972,2,2
602968,602970,602972,2,2
602975,602975,602976,1,0
602975,602975,602977,2,0
602975,602975,602977,2,0
602975,602975,602978,3,0
602975,602975,602977,2,0
602975,602975,602977,2,0
602975,602975,602977,2,0
602975,602975,602977,2,0
602975,602975,602977,2,0
602975,602976,602977,1,1
602975,602976,602977,1,1
602975,602975,602978,3,0
602975,602975,602977,2,0
602975,602976,602977,1,1
602975,602975,602977,2,0
602975,602975,602977,2,0
602975,602975,602978,3,0
602975,602975,602977,2,0
602975,602975,602977,2,0
602975,602975,602977,2,0
602975,602976,602977,1,1
602975,602976,602978,2,1
602975,602975,602977,2,0
602975,602975,602977,2,0
602975,602975,602978,3,0
602975,602975,602977,2,0
602975,602975,602977,2,0
602975,602975,602977,2,0
602975,602976,602977,1,1
602975,602976,602978,2,1
602975,602975,602978,3,0
602975,602975,602978,3,0
602975,602975,602978,3,0
602975,602976,602978,2,1
602975,602975,602978,3,0
602975,602975,602978,3,0
602975,602976,602978,2,1
602695,602704,602979,275,9
602975,602975,602978,3,0
602975,602976,602978,2,1
602975,602977,602978,1,2
602967,602967,602979,12,0
602967,602967,602979,12,0
602967,602967,602979,12,0
602967,602967,602979,12,0
602967,602967,602979,12,0
602967,602968,602979,11,1
602968,602968,602979,11,0
602767,602768,602979,211,1
602803,602805,602979,174,2
602975,602978,602980,2,3
602975,602978,602979,1,3
602975,602978,602980,2,3
602975,602978,602980,2,3
602975,602978,602980,2,3
602975,602978,602979,1,3
602975,602978,602979,1,3
602975,602978,602979,1,3
602975,602978,602979,1,3
602975,602978,602979,1,3
602975,602978,602979,1,3
602975,602978,602979,1,3
602975,602978,602979,1,3
602975,602977,602980,3,2
602975,602977,602980,3,2
602975,602978,602980,2,3
602975,602978,602980,2,3
602975,602978,602980,2,3
602975,602978,602980,2,3
602975,602978,602980,2,3
602975,602978,602980,2,3
602975,602978,602980,2,3
602975,602978,602980,2,3
602975,602978,602980,2,3
602975,602978,602980,2,3
602975,602978,602980,2,3
602975,602978,602980,2,3
602975,602978,602980,2,3
602975,602978,602980,2,3
602388,602388,602982,594,0
602975,602981,602983,2,6
602975,602981,602983,2,6
602975,602981,602983,2,6
602975,602981,602983,2,6
602975,602981,602983,2,6
602975,602975,602984,9,0
602975,602981,602984,3,6
602975,602981,602984,3,6
602475,602476,602984,508,1
602479,602479,602984,505,0
602975,602975,602984,9,0
602466,602466,602985,519,0
602469,602469,602985,516,0
602472,602472,602985,513,0
602975,602975,602986,11,0
602975,602975,602986,11,0
602989,602989,602991,2,0
602989,602989,602990,1,0
602989,602989,602991,2,0
602989,602989,602991,2,0
602989,602989,602991,2,0
602989,602989,602990,1,0
602989,602989,602991,2,0
602989,602989,602990,1,0
602989,602989,602991,2,0
602989,602989,602991,2,0
602989,602989,602991,2,0
602989,602989,602990,1,0
602989,602989,602991,2,0
602989,602989,602991,2,0
602989,602989,602991,2,0
602989,602989,602991,2,0
602989,602989,602991,2,0
602989,602989,602991,2,0
602989,602989,602991,2,0
602989,602989,602991,2,0
602989,602989,602991,2,0
602989,602989,602990,1,0
602989,602989,602991,2,0
602989,602989,602991,2,0
602989,602989,602990,1,0
602989,602989,602990,1,0
602989,602989,602991,2,0
602989,602989,602991,2,0
602989,602989,602991,2,0
602989,602989,602991,2,0
602989,602989,602991,2,0
602989,602989,602992,3,0
602989,602989,602992,3,0
602989,602989,602992,3,0
602989,602989,602992,3,0
602989,602989,602992,3,0
602989,602989,602991,2,0
602989,602989,602992,3,0
602989,602989,602992,3,0
602989,602989,602991,2,0
602989,602989,602991,2,0
602989,602989,602992,3,0
602989,602989,602992,3,0
602989,602989,602991,2,0
602989,602989,602992,3,0
602989,602989,602991,2,0
602989,602989,602992,3,0
602989,602989,602992,3,0
602989,602989,602992,3,0
602989,602989,602992,3,0
602989,602991,602992,1,2
602989,602991,602993,2,2
602989,602991,602993,2,2
602989,602991,602993,2,2
602989,602991,602993,2,2
602989,602989,602993,4,0
602989,602989,602993,4,0
602989,602991,602993,2,2
602989,602991,602992,1,2
602989,602991,602992,1,2
602989,602991,602992,1,2
602989,602991,602993,2,2
602989,602991,602993,2,2
602989,602992,602993,1,3
602989,602991,602993,2,2
602989,602991,602993,2,2
602989,602991,602993,2,2
602989,602991,602993,2,2
602989,602991,602993,2,2
602989,602991,602993,2,2
602989,602991,602993,2,2
602989,602991,602993,2,2
602989,602991,602992,1,2
602989,602991,602993,2,2
602989,602991,602993,2,2
602989,602991,602993,2,2
602989,602991,602993,2,2
602989,602991,602993,2,2
602989,602991,602993,2,2
602989,602992,602993,1,3
602989,602991,602993,2,2
602989,602991,602993,2,2
602989,602991,602993,2,2
602989,602992,602994,2,3
602989,602989,602993,4,0
602989,602991,602993,2,2
602989,602992,602994,2,3
602989,602993,602994,1,4
602989,602993,602994,1,4
602989,602994,602995,1,5
602989,602992,602994,2,3
602989,602992,602994,2,3
602989,602992,602994,2,3
602989,602992,602994,2,3
602989,602992,602994,2,3
602989,602992,602994,2,3
602989,602992,602994,2,3
602989,602992,602994,2,3
602989,602992,602994,2,3
602989,602992,602994,2,3
602989,602992,602994,2,3
602989,602991,602994,3,2
602989,602993,602994,1,4
602989,602993,602994,1,4
602989,602993,602994,1,4
602989,602993,602994,1,4
602989,602993,602994,1,4
602989,602993,602994,1,4
602989,602993,602994,1,4
602989,602994,602995,1,5
602989,602994,602995,1,5
602989,602994,602997,3,5
602989,602994,602997,3,5
602990,602995,602997,2,5
602990,602995,602997,2,5
602989,602994,602997,3,5
602989,602994,602997,3,5
602989,602994,602997,3,5
602989,602995,602997,2,6
602989,602995,602997,2,6
602989,602994,602997,3,5
602989,602994,602997,3,5
602989,602994,602997,3,5
602989,602994,602997,3,5
602989,602994,602997,3,5
602989,602994,602997,3,5
602989,602994,602997,3,5
602989,602994,602997,3,5
602989,602994,602997,3,5
602989,602994,602997,3,5
602989,602994,602997,3,5
602989,602995,602997,2,6
602989,602994,602997,3,5
602989,602994,602997,3,5
602989,602994,602997,3,5
602990,602995,602997,2,5
602990,602995,602998,3,5
602989,602994,602997,3,5
602989,602994,602997,3,5
602989,602994,602997,3,5
602989,602994,602997,3,5
602989,602994,602997,3,5
602989,602994,602997,3,5
602989,602994,602997,3,5
602990,602995,602997,2,5
602757,602761,602997,236,4
602989,602994,602997,3,5
602989,602994,602997,3,5
602990,602995,602998,3,5
602990,602995,602998,3,5
602989,602994,602997,3,5
602989,602994,602997,3,5
602990,602995,602998,3,5
602990,602995,602998,3,5
602990,602996,602998,2,6
602990,602996,602998,2,6
602990,602998,602999,1,8
602989,602995,602998,3,6
602989,602995,602998,3,6
602989,602995,602998,3,6
602989,602995,602998,3,6
602990,602995,602998,3,5
602990,602995,602998,3,5
602990,602995,602998,3,5
602990,602995,602999,4,5
602990,602995,602999,4,5
602989,602989,602999,10,0
602989,602989,602999,10,0
602989,602989,602999,10,0
602989,602989,602999,10,0
602990,602998,602999,1,8
602990,602998,602999,1,8
602990,602998,602999,1,8
602990,602998,602999,1,8
602989,602993,602999,6,4
602989,602993,602999,6,4
602989,602993,602999,6,4
602989,602993,603000,7,4
602990,602998,602999,1,8
602990,602998,602999,1,8
602990,602998,602999,1,8
602990,602998,602999,1,8
602994,602999,603000,1,5
602990,602998,602999,1,8
602990,602998,602999,1,8
602990,602998,602999,1,8
602990,602998,602999,1,8
602990,602998,602999,1,8
602990,602998,603000,2,8
602990,602998,603000,2,8
602990,602998,603000,2,8
602990,602998,603000,2,8
602990,602998,603000,2,8
602990,602998,603000,2,8
602994,602998,603000,2,4
602990,602998,603000,2,8
602990,602998,603000,2,8
602990,602998,603000,2,8
602990,602998,603000,2,8
602994,602999,603000,1,5
602994,602998,602999,1,4
602994,602998,603000,2,4
602994,602998,602999,1,4
602994,602998,603000,2,4
602994,602998,603000,2,4
602994,602998,603000,2,4
602994,602998,603000,2,4
602994,602998,603000,2,4
602994,602998,603000,2,4
602989,602989,602999,10,0
602989,602989,602999,10,0
602994,602998,603000,2,4
602994,602998,603000,2,4
602994,602998,603000,2,4
602994,602999,603000,1,5
602989,602993,603000,7,4
602994,602999,603000,1,5
602994,602999,603000,1,5
602994,602999,603000,1,5
602994,602999,603000,1,5
602994,602999,603000,1,5
602994,602999,603000,1,5
602994,602998,603000,2,4
602994,602998,603000,2,4
602994,602999,603000,1,5
602994,602998,603001,3,4
602994,602999,603001,2,5
602994,603000,603001,1,6
602994,603000,603001,1,6
602994,603000,603001,1,6
602994,603000,603001,1,6
602994,603000,603001,1,6
602994,603000,603001,1,6
602994,603000,603002,2,6
602994,603000,603002,2,6
602994,603000,603002,2,6
602994,603000,603002,2,6
602994,603000,603002,2,6
602994,602999,603002,3,5
602994,602999,603002,3,5
602994,602999,603002,3,5
602994,603000,603002,2,6
602994,603000,603002,2,6
602994,603000,603002,2,6
602994,603000,603002,2,6
602994,603000,603002,2,6
602994,603000,603003,3,6
602994,603000,603002,2,6
602994,603000,603002,2,6
602994,603000,603003,3,6
602994,603001,603003,2,7
602994,603001,603002,1,7
602994,603001,603002,1,7
602994,603000,603002,2,6
602994,603001,603002,1,7
602994,603000,603002,2,6
602994,603001,603003,2,7
602994,603001,603003,2,7
602994,603000,603002,2,6
602994,603000,603003,3,6
602994,603000,603003,3,6
602994,603000,603002,2,6
602994,603000,603003,3,6
602994,603001,603002,1,7
602994,603000,603003,3,6
602994,603000,603003,3,6
602994,603000,603002,2,6
602994,603000,603003,3,6
602994,603001,603003,2,7
602994,603001,603003,2,7
602994,603001,603003,2,7
602994,603000,603003,3,6
602994,603001,603003,2,7
602994,603000,603003,3,6
602994,603001,603003,2,7
602994,603001,603003,2,7
602994,603001,603003,2,7
602994,603001,603003,2,7
602994,603000,603003,3,6
602994,603002,603004,2,8
602994,603002,603004,2,8
602994,603001,603003,2,7
602994,603002,603003,1,8
602994,603002,603003,1,8
602994,603002,603004,2,8
602994,603002,603003,1,8
602994,603002,603004,2,8
602994,603002,603003,1,8
602994,603002,603003,1,8
602994,603002,603004,2,8
602994,603002,603003,1,8
602994,603002,603003,1,8
602994,603003,603004,1,9
602994,603003,603005,2,9
602994,603002,603004,2,8
602994,603003,603005,2,9
602998,603003,603005,2,5
602998,603003,603005,2,5
602994,603003,603004,1,9
602998,603003,603005,2,5
602998,603003,603005,2,5
602998,603003,603005,2,5
602994,603003,603006,3,9
602994,603003,603005,2,9
602994,603003,603005,2,9
602994,603003,603005,2,9
602994,603003,603005,2,9
602994,603003,603005,2,9
602994,603002,603005,3,8
602994,603002,603005,3,8
602994,603003,603005,2,9
602994,603003,603005,2,9
602994,603003,603005,2,9
602994,603003,603006,3,9
602994,603003,603005,2,9
602994,603003,603006,3,9
602998,603004,603006,2,6
602998,603004,603005,1,6
602998,603004,603006,2,6
602994,603003,603005,2,9
602998,603004,603006,2,6
602998,603004,603006,2,6
602998,603004,603006,2,6
602998,603003,603006,3,5
602998,603003,603005,2,5
602998,603003,603006,3,5
602998,603004,603006,2,6
602998,603004,603006,2,6
602998,603004,603006,2,6
602998,603004,603006,2,6
602998,603003,603006,3,5
602998,603003,603007,4,5
602998,603004,603006,2,6
602998,603004,603007,3,6
602994,603003,603006,3,9
602998,603004,603006,2,6
602998,603004,603007,3,6
602998,603004,603007,3,6
602998,603004,603006,2,6
602998,603004,603006,2,6
602998,603004,603006,2,6
602998,603004,603007,3,6
602998,603005,603007,2,7
602998,603005,603007,2,7
602998,603005,603007,2,7
602998,603005,603007,2,7
602998,603004,603007,3,6
602998,603004,603007,3,6
602998,603004,603007,3,6
602998,603004,603007,3,6
602998,603004,603007,3,6
602998,603004,603007,3,6
602763,602763,603015,252,0
602998,603005,603017,12,7
602819,602821,603020,199,2
602848,602852,603021,169,4
602994,603000,603021,21,6
602994,603000,603021,21,6
602994,603000,603021,21,6
602994,603000,603021,21,6
602994,603000,603021,21,6
602994,603000,603021,21,6
602994,603000,603021,21,6
603022,603022,603023,1,0
603022,603022,603023,1,0
603022,603022,603023,1,0
603022,603022,603023,1,0
603022,603022,603023,1,0
603022,603022,603024,2,0
603022,603022,603024,2,0
603022,603022,603023,1,0
603022,603022,603024,2,0
603022,603022,603024,2,0
603022,603022,603024,2,0
603022,603022,603024,2,0
603022,603022,603024,2,0
603022,603022,603024,2,0
603022,603022,603023,1,0
603022,603022,603023,1,0
603022,603022,603023,1,0
603022,603022,603023,1,0
603022,603022,603023,1,0
603022,603022,603024,2,0
603022,603022,603024,2,0
603022,603022,603023,1,0
603022,603022,603024,2,0
603022,603022,603024,2,0
603022,603022,603024,2,0
603022,603022,603024,2,0
603022,603022,603024,2,0
603022,603022,603024,2,0
603022,603022,603024,2,0
603022,603022,603024,2,0
603022,603022,603024,2,0
603022,603022,603024,2,0
603022,603022,603024,2,0
603022,603022,603024,2,0
603022,603022,603024,2,0
603022,603022,603023,1,0
603022,603022,603023,1,0
603022,603022,603024,2,0
603022,603022,603024,2,0
603022,603022,603024,2,0
603022,603022,603024,2,0
603022,603022,603024,2,0
603022,603022,603024,2,0
603022,603022,603024,2,0
603022,603022,603024,2,0
603022,603022,603024,2,0
603022,603022,603024,2,0
603022,603022,603024,2,0
603022,603022,603024,2,0
603022,603022,603024,2,0
603022,603022,603024,2,0
603022,603022,603024,2,0
603022,603022,603024,2,0
603022,603022,603024,2,0
603022,603022,603024,2,0
603022,603023,603024,1,1
603022,603024,603026,2,2
603022,603024,603026,2,2
603022,603024,603026,2,2
603022,603024,603026,2,2
603022,603024,603026,2,2
603022,603024,603026,2,2
603022,603024,603026,2,2
603022,603024,603026,2,2
603022,603024,603026,2,2
603022,603024,603026,2,2
603022,603024,603026,2,2
603022,603024,603026,2,2
603022,603024,603026,2,2
603022,603024,603026,2,2
603022,603025,603029,4,3
603022,603025,603029,4,3
603022,603025,603029,4,3
603022,603025,603029,4,3
603022,603025,603029,4,3
603022,603025,603029,4,3
603030,603030,603032,2,0
603030,603030,603032,2,0
603030,603030,603032,2,0
603030,603030,603032,2,0
603030,603030,603032,2,0
603030,603030,603032,2,0
603030,603030,603032,2,0
603030,603030,603032,2,0
603030,603030,603032,2,0
603030,603030,603032,2,0
603030,603030,603032,2,0
603030,603030,603032,2,0
603030,603030,603032,2,0
603030,603030,603032,2,0
603030,603030,603032,2,0
603030,603030,603032,2,0
603030,603030,603032,2,0
603030,603030,603032,2,0
603030,603030,603032,2,0
603030,603030,603032,2,0
603030,603030,603032,2,0
603030,603030,603032,2,0
603030,603030,603032,2,0
603030,603030,603032,2,0
603030,603030,603032,2,0
603030,603030,603032,2,0
603030,603030,603032,2,0
603030,603030,603032,2,0
603030,603030,603032,2,0
603030,603030,603033,3,0
603030,603030,603032,2,0
603030,603030,603032,2,0
603030,603030,603033,3,0
603030,603030,603033,3,0
603030,603030,603033,3,0
603030,603030,603033,3,0
603035,603035,603036,1,0
603035,603035,603036,1,0
603035,603035,603037,2,0
603035,603035,603036,1,0
603035,603035,603036,1,0
603035,603035,603036,1,0
603035,603035,603037,2,0
603035,603035,603036,1,0
603035,603035,603036,1,0
603035,603035,603036,1,0
603035,603035,603036,1,0
603035,603035,603037,2,0
603035,603035,603036,1,0
603035,603035,603036,1,0
603035,603035,603036,1,0
603035,603035,603036,1,0
603035,603035,603037,2,0
603035,603035,603037,2,0
603035,603035,603036,1,0
603035,603035,603036,1,0
603035,603035,603036,1,0
603035,603035,603036,1,0
603035,603035,603036,1,0
603035,603035,603037,2,0
603035,603035,603036,1,0
603035,603035,603037,2,0
603035,603035,603037,2,0
603035,603035,603037,2,0
603035,603035,603037,2,0
603035,603035,603037,2,0
603035,603035,603037,2,0
603035,603035,603037,2,0
602882,602893,603040,147,11
603030,603030,603041,11,0
603030,603030,603041,11,0
603030,603030,603041,11,0
603030,603030,603040,10,0
603035,603035,603042,7,0
603035,603035,603042,7,0
603035,603035,603041,6,0
603022,603022,603042,20,0
603022,603022,603041,19,0
603022,603022,603041,19,0
603022,603023,603042,19,1
603035,603035,603042,7,0
603035,603035,603043,8,0
603035,603035,603043,8,0
602870,602871,603045,174,1
603044,603045,603046,1,1
603044,603045,603046,1,1
603044,603045,603046,1,1
603044,603045,603046,1,1
603044,603045,603046,1,1
603044,603045,603046,1,1
603035,603035,603046,11,0
603044,603045,603046,1,1
603044,603045,603046,1,1
603044,603045,603046,1,1
603044,603045,603046,1,1
603044,603045,603046,1,1
603044,603045,603046,1,1
603044,603045,603046,1,1
603044,603045,603046,1,1
603044,603045,603047,2,1
603044,603045,603047,2,1
603044,603045,603047,2,1
603044,603045,603047,2,1
603044,603045,603047,2,1
603044,603045,603047,2,1
603044,603045,603047,2,1
603044,603045,603047,2,1
603044,603045,603047,2,1
603044,603045,603047,2,1
603044,603045,603047,2,1
603044,603045,603048,3,1
603044,603045,603049,4,1
603053,603054,603058,4,1
603053,603054,603058,4,1
603053,603054,603058,4,1
603053,603054,603058,4,1
603053,603054,603058,4,1
603053,603054,603058,4,1
603053,603054,603058,4,1
603053,603054,603058,4,1
603053,603054,603058,4,1
603053,603054,603058,4,1
603053,603054,603058,4,1
603053,603054,603058,4,1
603053,603054,603058,4,1
603053,603054,603058,4,1
603053,603054,603058,4,1
603053,603054,603058,4,1
603053,603054,603058,4,1
603053,603054,603058,4,1
603053,603054,603058,4,1
603053,603054,603058,4,1
603053,603054,603058,4,1
603053,603054,603058,4,1
603053,603054,603058,4,1
603053,603054,603058,4,1
603053,603054,603058,4,1
603053,603054,603058,4,1
603053,603054,603058,4,1
603053,603054,603058,4,1
603053,603054,603058,4,1
603053,603054,603058,4,1
603053,603054,603058,4,1
603035,603035,603059,24,0
603044,603045,603059,14,1
603044,603045,603059,14,1
603044,603045,603059,14,1
603044,603045,603059,14,1
603044,603045,603059,14,1
603044,603045,603059,14,1
602912,602920,603059,139,8
602927,602928,603060,132,1
603044,603045,603061,16,1
603044,603045,603062,17,1
603044,603045,603062,17,1
603044,603045,603074,29,1
603053,603054,603074,20,1
603044,603045,603074,29,1
603053,603054,603074,20,1
603053,603054,603074,20,1
603053,603054,603074,20,1
603053,603054,603074,20,1
603053,603054,603074,20,1
603053,603054,603074,20,1
603053,603054,603074,20,1
603053,603054,603074,20,1
603044,603045,603075,30,1
603044,603045,603075,30,1
602743,602743,603075,332,0
603074,603075,603076,1,1
603074,603075,603076,1,1
603074,603075,603076,1,1
603074,603075,603076,1,1
603074,603075,603076,1,1
603074,603075,603076,1,1
603074,603075,603076,1,1
603074,603075,603077,2,1
603074,603075,603077,2,1
603074,603075,603078,3,1
603074,603075,603078,3,1
603074,603075,603078,3,1
603074,603075,603077,2,1
603074,603075,603077,2,1
603074,603075,603077,2,1
603074,603075,603078,3,1
603074,603075,603078,3,1
603074,603075,603078,3,1
603074,603075,603077,2,1
603074,603075,603077,2,1
603074,603075,603078,3,1
603074,603075,603077,2,1
603074,603075,603078,3,1
603074,603075,603078,3,1
603074,603075,603078,3,1
603081,603081,603083,2,0
603081,603081,603083,2,0
603081,603081,603083,2,0
603081,603081,603083,2,0
603081,603081,603083,2,0
603081,603081,603083,2,0
603081,603081,603083,2,0
603081,603081,603083,2,0
603081,603081,603083,2,0
603081,603081,603083,2,0
603081,603081,603083,2,0
603081,603081,603083,2,0
603074,603075,603078,3,1
603074,603075,603078,3,1
603074,603075,603076,1,1
603081,603081,603084,3,0
603081,603081,603083,2,0
603081,603081,603084,3,0
603081,603081,603083,2,0
603081,603081,603083,2,0
603081,603081,603083,2,0
603081,603081,603083,2,0
603081,603081,603084,3,0
603081,603081,603083,2,0
603081,603081,603083,2,0
603081,603081,603083,2,0
603081,603081,603084,3,0
603081,603081,603085,4,0
603081,603081,603085,4,0
603074,603075,603085,10,1
603081,603084,603087,3,3
603081,603084,603087,3,3
603081,603084,603087,3,3
603081,603084,603087,3,3
603081,603084,603087,3,3
603081,603084,603087,3,3
603074,603075,603087,12,1
603074,603075,603087,12,1
603074,603075,603087,12,1
603074,603075,603087,12,1
603081,603084,603087,3,3
603081,603084,603088,4,3
603081,603084,603088,4,3
603074,603075,603087,12,1
603081,603081,603087,6,0
603081,603084,603087,3,3
603081,603084,603087,3,3
603087,603087,603089,2,0
603087,603087,603089,2,0
603081,603084,603089,5,3
603087,603087,603090,3,0
603087,603087,603090,3,0
603087,603087,603090,3,0
603087,603087,603090,3,0
603087,603087,603090,3,0
603087,603087,603090,3,0
603087,603087,603090,3,0
603087,603087,603090,3,0
603087,603087,603090,3,0
603087,603087,603090,3,0
603087,603087,603090,3,0
603087,603087,603090,3,0
603087,603087,603091,4,0
603087,603087,603090,3,0
603087,603087,603090,3,0
603087,603087,603092,5,0
603087,603087,603092,5,0
603087,603087,603092,5,0
603087,603087,603092,5,0
603087,603087,603092,5,0
603087,603087,603092,5,0
603087,603087,603092,5,0
603087,603087,603092,5,0
603087,603087,603092,5,0
603081,603084,603093,9,3
603087,603091,603095,4,4
603087,603091,603096,5,4
603087,603091,603096,5,4
603087,603091,603096,5,4
603087,603091,603096,5,4
603087,603091,603096,5,4
603087,603087,603107,20,0
603087,603087,603110,23,0
603087,603087,603121,34,0
603087,603087,603121,34,0
603087,603087,603121,34,0
603087,603087,603121,34,0
603087,603087,603121,34,0
603087,603087,603121,34,0
603074,603075,603121,46,1
603074,603075,603121,46,1
603074,603075,603121,46,1
603074,603075,603121,46,1
603074,603075,603121,46,1
603074,603075,603121,46,1
602939,602939,603129,190,0
603131,603131,603133,2,0
603131,603131,603134,3,0
603131,603131,603134,3,0
603131,603131,603133,2,0
603131,603131,603133,2,0
603131,603131,603133,2,0
603131,603131,603133,2,0
603131,603131,603134,3,0
603131,603131,603134,3,0
603131,603131,603134,3,0
603131,603131,603134,3,0
603131,603131,603133,2,0
603131,603131,603134,3,0
603131,603131,603135,4,0
603131,603131,603134,3,0
603131,603131,603135,4,0
603131,603131,603135,4,0
603131,603131,603134,3,0
603131,603131,603134,3,0
603131,603131,603134,3,0
603131,603131,603134,3,0
603131,603131,603135,4,0
603131,603131,603135,4,0
603131,603131,603134,3,0
603131,603131,603135,4,0
603131,603131,603135,4,0
603131,603131,603136,5,0
603131,603131,603136,5,0
603131,603135,603137,2,4
603131,603131,603136,5,0
603131,603131,603136,5,0
603131,603131,603136,5,0
603131,603135,603138,3,4
603131,603135,603138,3,4
603131,603135,603138,3,4
603131,603135,603138,3,4
603131,603131,603160,29,0
603131,603131,603165,34,0
603131,603131,603167,36,0
603131,603131,603168,37,0
602991,602998,603169,171,7
602969,602970,603201,231,1
603202,603202,603204,2,0
603202,603202,603204,2,0
603202,603202,603204,2,0
603202,603202,603204,2,0
603202,603202,603205,3,0
603202,603202,603204,2,0
603202,603202,603205,3,0
603202,603202,603205,3,0
603202,603202,603205,3,0
603202,603202,603205,3,0
603202,603202,603205,3,0
603202,603202,603205,3,0
603202,603202,603205,3,0
603202,603202,603205,3,0
603202,603202,603205,3,0
603202,603202,603205,3,0
603202,603202,603205,3,0
603202,603202,603205,3,0
603202,603202,603205,3,0
603202,603202,603205,3,0
603202,603202,603205,3,0
603202,603202,603205,3,0
603202,603202,603205,3,0
603202,603202,603205,3,0
603202,603202,603205,3,0
603202,603202,603205,3,0
603202,603202,603205,3,0
603202,603202,603205,3,0
603202,603202,603205,3,0
603202,603202,603214,12,0
603202,603202,603216,14,0
603202,603202,603216,14,0
603214,603214,603216,2,0
603214,603214,603216,2,0
603214,603214,603216,2,0
603214,603214,603216,2,0
603214,603214,603216,2,0
603214,603214,603216,2,0
603214,603214,603217,3,0
603202,603202,603217,15,0
603214,603214,603217,3,0
603214,603214,603218,4,0
603214,603214,603218,4,0
603214,603214,603218,4,0
603214,603214,603218,4,0
603214,603214,603218,4,0
603214,603214,603218,4,0
603214,603214,603218,4,0
603214,603214,603218,4,0
603214,603214,603218,4,0
603214,603214,603218,4,0
603214,603214,603218,4,0
603214,603214,603218,4,0
603214,603214,603218,4,0
603214,603214,603218,4,0
603214,603214,603218,4,0
603214,603214,603218,4,0
603214,603214,603218,4,0
603214,603214,603218,4,0
603214,603214,603218,4,0
603202,603202,603219,17,0
602944,602946,603218,272,2
603214,603214,603219,5,0
603202,603202,603220,18,0
603202,603202,603220,18,0
603202,603202,603219,17,0
603214,603216,603221,5,2
603214,603216,603220,4,2
603214,603217,603223,6,3
603214,603217,603224,7,3
602977,602979,603225,246,2
603214,603217,603225,8,3
603222,603222,603227,5,0
603222,603222,603227,5,0
603222,603222,603228,6,0
603222,603222,603228,6,0
603222,603222,603228,6,0
603222,603222,603228,6,0
603222,603222,603229,7,0
603222,603222,603229,7,0
603222,603222,603229,7,0
603222,603222,603228,6,0
602999,603006,603230,224,7
603222,603222,603229,7,0
603222,603225,603229,4,3
603222,603222,603230,8,0
603222,603222,603231,9,0
603222,603222,603231,9,0
603222,603222,603230,8,0
603222,603222,603230,8,0
603222,603222,603230,8,0
603222,603222,603231,9,0
603222,603222,603231,9,0
603222,603227,603231,4,5
603214,603214,603231,17,0
603214,603214,603231,17,0
603222,603222,603231,9,0
602995,603003,603233,230,8
603222,603228,603233,5,6
603222,603228,603233,5,6
603222,603228,603233,5,6
603226,603229,603233,4,3
603214,603214,603233,19,0
603214,603214,603233,19,0
603214,603214,603233,19,0
603222,603222,603233,11,0
603222,603222,603234,12,0
603222,603227,603234,7,5
603226,603229,603234,5,3
603214,603214,603234,20,0
603214,603214,603234,20,0
603222,603222,603235,13,0
603226,603230,603235,5,4
603226,603230,603238,8,4
603226,603234,603238,4,8
603226,603234,603238,4,8
603226,603232,603239,7,6
603226,603232,603239,7,6
603202,603202,603238,36,0
603023,603024,603239,215,1
603222,603222,603239,17,0
603226,603231,603239,8,5
603226,603231,603239,8,5
603226,603231,603238,7,5
603226,603231,603239,8,5
603226,603231,603239,8,5
603226,603231,603238,7,5
603226,603229,603239,10,3
603226,603231,603240,9,5
603226,603232,603240,8,6
603226,603231,603241,10,5
603226,603235,603240,5,9
603226,603235,603240,5,9
603226,603236,603240,4,10
603202,603202,603240,38,0
603222,603222,603241,19,0
603226,603234,603241,7,8
603226,603234,603241,7,8
603226,603234,603241,7,8
603226,603234,603241,7,8
603226,603235,603241,6,9
603226,603236,603241,5,10
603226,603234,603241,7,8
603226,603234,603241,7,8
603226,603234,603241,7,8
603226,603235,603241,6,9
603226,603235,603241,6,9
603222,603222,603242,20,0
603226,603239,603242,3,13
603226,603239,603243,4,13
603226,603239,603242,3,13
603226,603239,603242,3,13
603222,603222,603243,21,0
603234,603239,603243,4,5
603234,603240,603243,3,6
603234,603240,603243,3,6
603234,603240,603243,3,6
603202,603202,603243,41,0
603222,603222,603244,22,0
603234,603240,603244,4,6
603234,603240,603244,4,6
603226,603239,603244,5,13
603234,603243,603246,3,9
603234,603241,603246,5,7
603234,603241,603246,5,7
603234,603241,603246,5,7
603234,603242,603247,5,8
603234,603242,603246,4,8
603234,603242,603247,5,8
603234,603242,603247,5,8
603234,603242,603247,5,8
603234,603243,603246,3,9
603234,603243,603246,3,9
603222,603222,603246,24,0
603222,603224,603247,23,2
603234,603241,603248,7,7
603234,603241,603247,6,7
603234,603242,603247,5,8
603234,603241,603247,6,7
603234,603242,603247,5,8
603234,603242,603247,5,8
603234,603242,603248,6,8
603234,603242,603247,5,8
603234,603243,603248,5,9
603234,603242,603247,5,8
603238,603246,603248,2,8
603222,603222,603248,26,0
603222,603223,603248,25,1
603234,603244,603248,4,10
603234,603244,603249,5,10
603234,603244,603249,5,10
603238,603245,603248,3,7
603222,603222,603249,27,0
603222,603225,603249,24,3
603226,603230,603249,19,4
603238,603247,603250,3,9
603238,603247,603250,3,9
603238,603247,603250,3,9
603226,603229,603250,21,3
603238,603248,603250,2,10
603234,603244,603251,7,10
603234,603245,603251,6,11
603238,603247,603251,4,9
603238,603248,603251,3,10
603238,603247,603250,3,9
603238,603247,603251,4,9
603238,603247,603251,4,9
603238,603247,603251,4,9
603238,603247,603251,4,9
603238,603247,603251,4,9
603238,603248,603251,3,10
603238,603248,603251,3,10
603238,603247,603251,4,9
603238,603248,603252,4,10
603238,603248,603251,3,10
603238,603250,603252,2,12
603238,603250,603252,2,12
603238,603248,603252,4,10
603238,603248,603252,4,10
603238,603248,603251,3,10
603238,603248,603251,3,10
603238,603247,603252,5,9
603238,603248,603252,4,10
603238,603250,603252,2,12
603238,603250,603252,2,12
602955,602955,603252,297,0
603238,603250,603253,3,12
603238,603251,603253,2,13
603234,603239,603253,14,5
603238,603249,603252,3,11
603226,603231,603253,22,5
603238,603248,603253,5,10
603238,603249,603253,4,11
603243,603252,603254,2,9
603243,603252,603254,2,9
603243,603252,603254,2,9
603243,603252,603254,2,9
603243,603252,603255,3,9
603243,603251,603255,4,8
603243,603251,603255,4,8
603243,603252,603255,3,9
603243,603252,603255,3,9
603243,603252,603255,3,9
603234,603244,603256,12,10
603243,603252,603256,4,9
603243,603253,603255,2,10
603243,603253,603256,3,10
603234,603243,603256,13,9
603243,603252,603256,4,9
603243,603252,603256,4,9
603243,603253,603256,3,10
603243,603253,603256,3,10
603243,603253,603256,3,10
603243,603253,603256,3,10
603243,603254,603256,2,11
603243,603252,603256,4,9
603243,603252,603256,4,9
603243,603253,603257,4,10
603243,603254,603257,3,11
603243,603252,603257,5,9
603243,603253,603257,4,10
603243,603253,603257,4,10
603243,603254,603257,3,11
603243,603252,603257,5,9
603243,603255,603257,2,12
603234,603241,603258,17,7
603243,603256,603259,3,13
603243,603256,603259,3,13
603234,603242,603260,18,8
603234,603244,603260,16,10
603243,603255,603259,4,12
603243,603255,603259,4,12
602979,602979,603260,281,0
603234,603241,603261,20,7
603234,603240,603261,21,6
603243,603255,603263,8,12
603243,603256,603263,7,13
603238,603250,603264,14,12
603238,603251,603264,13,13
603243,603254,603264,10,11
603243,603255,603264,9,12
603243,603256,603264,8,13
603263,603264,603268,4,1
603263,603264,603268,4,1
603263,603264,603268,4,1
603263,603264,603268,4,1
603263,603264,603267,3,1
603263,603264,603267,3,1
603263,603264,603267,3,1
603263,603264,603268,4,1
603263,603264,603268,4,1
603263,603264,603267,3,1
603263,603264,603268,4,1
603263,603264,603268,4,1
603263,603264,603268,4,1
603263,603264,603269,5,1
603263,603264,603268,4,1
603263,603264,603268,4,1
603263,603264,603269,5,1
603263,603264,603268,4,1
603263,603264,603268,4,1
603263,603264,603268,4,1
603263,603264,603270,6,1
603263,603268,603270,2,5
603263,603264,603271,7,1
603263,603265,603270,5,2
603263,603265,603271,6,2
603238,603249,603271,22,11
603263,603264,603271,7,1
603263,603264,603274,10,1
603243,603254,603276,22,11
603263,603265,603271,6,2
603238,603248,603276,28,10
603238,603249,603276,27,11
603238,603251,603276,25,13
603273,603273,603277,4,0
603273,603273,603277,4,0
603273,603273,603278,5,0
603273,603273,603278,5,0
603273,603273,603279,6,0
603273,603273,603279,6,0
603273,603273,603279,6,0
603273,603273,603279,6,0
603273,603273,603279,6,0
603263,603264,603280,16,1
603273,603273,603280,7,0
603273,603273,603280,7,0
603273,603273,603281,8,0
603273,603273,603280,7,0
603273,603273,603280,7,0
603273,603273,603281,8,0
603273,603273,603281,8,0
603273,603276,603282,6,3
603273,603276,603282,6,3
603273,603276,603282,6,3
603273,603273,603281,8,0
603273,603276,603283,7,3
603273,603278,603283,5,5
603273,603277,603283,6,4
603273,603277,603284,7,4
603273,603274,603284,10,1
603273,603279,603285,6,6
603273,603279,603284,5,6
603273,603279,603285,6,6
603273,603279,603285,6,6
603273,603279,603285,6,6
603273,603279,603285,6,6
603263,603265,603287,22,2
603263,603265,603288,23,2
603263,603265,603289,24,2
603263,603265,603290,25,2
603273,603276,603291,15,3
603263,603264,603291,27,1
603263,603264,603294,30,1
603263,603265,603294,29,2
603273,603273,603300,27,0
603263,603264,603294,30,1
603263,603264,603294,30,1
603263,603264,603294,30,1
603263,603265,603294,29,2
603273,603273,603303,30,0
603273,603273,603304,31,0
603273,603273,603308,35,0
603273,603273,603306,33,0
603273,603276,603314,38,3
603273,603276,603318,42,3
603273,603276,603319,43,3
603046,603046,603333,287,0
603335,603335,603338,3,0
603335,603336,603338,2,1
603335,603336,603338,2,1
603335,603336,603338,2,1
603335,603336,603338,2,1
603335,603335,603338,3,0
603335,603336,603338,2,1
603335,603336,603338,2,1
603335,603335,603338,3,0
603335,603335,603338,3,0
603335,603335,603338,3,0
603335,603336,603338,2,1
603335,603335,603338,3,0
603335,603336,603338,2,1
603335,603336,603338,2,1
603335,603336,603338,2,1
603335,603335,603338,3,0
603335,603335,603338,3,0
603335,603336,603338,2,1
603335,603336,603338,2,1
603335,603336,603338,2,1
603335,603336,603338,2,1
603335,603335,603339,4,0
603335,603335,603339,4,0
603335,603336,603339,3,1
603335,603335,603340,5,0
603335,603335,603340,5,0
603335,603336,603340,4,1
603335,603336,603340,4,1
603335,603335,603341,6,0
603335,603335,603341,6,0
603335,603336,603341,5,1
603335,603336,603341,5,1
603335,603335,603342,7,0
603335,603335,603343,8,0
603335,603336,603344,8,1
603335,603336,603343,7,1
603335,603336,603339,3,1
603335,603336,603341,5,1
603335,603336,603341,5,1
603082,603082,603346,264,0
602934,602935,603347,412,1
603349,603349,603353,4,0
603349,603349,603354,5,0
603349,603349,603353,4,0
603349,603349,603353,4,0
603349,603349,603353,4,0
603349,603349,603354,5,0
603349,603349,603354,5,0
603349,603349,603353,4,0
603349,603349,603354,5,0
603349,603349,603354,5,0
603349,603349,603354,5,0
603349,603349,603354,5,0
603349,603349,603354,5,0
603349,603349,603354,5,0
603349,603349,603354,5,0
603349,603349,603354,5,0
603349,603349,603354,5,0
603349,603349,603354,5,0
603349,603349,603354,5,0
603349,603349,603354,5,0
603352,603352,603354,2,0
603349,603349,603355,6,0
603349,603349,603355,6,0
603349,603349,603355,6,0
603349,603349,603355,6,0
603349,603349,603356,7,0
603349,603349,603356,7,0
603349,603349,603356,7,0
603349,603349,603356,7,0
603349,603349,603356,7,0
603352,603354,603355,1,2
603349,603349,603356,7,0
603349,603349,603357,8,0
603352,603354,603357,3,2
603352,603354,603357,3,2
603349,603349,603357,8,0
603352,603354,603357,3,2
603349,603349,603358,9,0
603349,603349,603358,9,0
603352,603354,603357,3,2
603352,603354,603358,4,2
603352,603354,603358,4,2
603352,603355,603357,2,3
603352,603355,603359,4,3
603352,603356,603359,3,4
603349,603349,603358,9,0
603352,603355,603358,3,3
603352,603356,603358,2,4
603352,603355,603360,5,3
603352,603355,603359,4,3
603352,603357,603360,3,5
603352,603355,603359,4,3
603352,603355,603360,5,3
603352,603355,603360,5,3
603352,603356,603360,4,4
603352,603357,603360,3,5
603352,603357,603360,3,5
603352,603357,603360,3,5
603352,603356,603361,5,4
603352,603356,603361,5,4
603352,603356,603361,5,4
603352,603354,603361,7,2
603352,603355,603360,5,3
603352,603355,603360,5,3
603352,603355,603360,5,3
603352,603356,603361,5,4
603352,603356,603362,6,4
603352,603356,603362,6,4
603352,603356,603362,6,4
603352,603355,603362,7,3
603352,603357,603365,8,5
603352,603355,603365,10,3
603352,603356,603366,10,4
603352,603358,603366,8,6
603349,603349,603382,33,0
603349,603349,603381,32,0
603352,603352,603382,30,0
603349,603349,603385,36,0
603349,603349,603385,36,0
603349,603349,603389,40,0
603040,603040,603412,372,0
603059,603059,603412,353,0
603055,603055,603414,359,0
603413,603413,603418,5,0
603413,603413,603418,5,0
603413,603413,603418,5,0
603413,603413,603418,5,0
603413,603413,603418,5,0
603413,603413,603418,5,0
603413,603413,603418,5,0
603413,603413,603418,5,0
603413,603413,603418,5,0
603413,603413,603418,5,0
603413,603413,603418,5,0
603413,603413,603419,6,0
603413,603413,603418,5,0
603413,603413,603418,5,0
603413,603413,603418,5,0
603413,603413,603418,5,0
603413,603413,603418,5,0
603413,603413,603418,5,0
603413,603413,603418,5,0
603413,603413,603418,5,0
603413,603413,603418,5,0
603413,603413,603418,5,0
603413,603413,603418,5,0
603413,603413,603418,5,0
603413,603413,603418,5,0
603413,603413,603418,5,0
603413,603413,603419,6,0
603413,603413,603418,5,0
603413,603413,603418,5,0
603413,603413,603418,5,0
603413,603413,603418,5,0
603413,603413,603418,5,0
603413,603413,603419,6,0
603413,603413,603418,5,0
603413,603414,603419,5,1
603413,603413,603419,6,0
603413,603413,603419,6,0
603413,603418,603420,2,5
603413,603413,603420,7,0
603413,603413,603420,7,0
603413,603419,603421,2,6
603413,603419,603421,2,6
603413,603419,603421,2,6
603413,603420,603421,1,7
603413,603413,603421,8,0
603413,603413,603421,8,0
603413,603413,603422,9,0
603413,603419,603422,3,6
603413,603419,603422,3,6
603413,603419,603422,3,6
603413,603419,603422,3,6
603413,603419,603422,3,6
603413,603419,603423,4,6
603413,603419,603422,3,6
603413,603419,603422,3,6
603413,603419,603422,3,6
603413,603419,603423,4,6
603413,603419,603423,4,6
603413,603419,603422,3,6
603413,603419,603422,3,6
603413,603419,603422,3,6
603413,603419,603422,3,6
603413,603419,603422,3,6
603413,603419,603422,3,6
603413,603419,603423,4,6
603413,603419,603422,3,6
603413,603413,603423,10,0
603413,603419,603423,4,6
603413,603419,603424,5,6
603413,603420,603424,4,7
603418,603422,603424,2,4
603418,603422,603424,2,4
603418,603422,603424,2,4
603418,603422,603424,2,4
603413,603419,603424,5,6
603413,603419,603425,6,6
603418,603421,603425,4,3
603413,603419,603426,7,6
603418,603422,603426,4,4
603418,603422,603426,4,4
603418,603423,603426,3,5
603413,603419,603425,6,6
603413,603419,603426,7,6
603413,603419,603426,7,6
603413,603420,603426,6,7
603418,603423,603426,3,5
603418,603423,603426,3,5
603418,603423,603427,4,5
603418,603421,603427,6,3
603418,603425,603428,3,7
603418,603425,603428,3,7
603418,603422,603428,6,4
603418,603422,603428,6,4
603418,603422,603429,7,4
603418,603422,603429,7,4
603418,603423,603429,6,5
603418,603425,603429,4,7
603418,603425,603430,5,7
603418,603423,603430,7,5
603418,603425,603430,5,7
603418,603423,603429,6,5
603418,603423,603430,7,5
603418,603425,603430,5,7
603418,603425,603430,5,7
603418,603426,603430,4,8
603418,603425,603431,6,7
603418,603423,603433,10,5
603418,603426,603433,7,8
603413,603419,603434,15,6
603413,603419,603434,15,6
603413,603419,603434,15,6
603418,603424,603434,10,6
603418,603423,603435,12,5
603418,603423,603435,12,5
603418,603423,603435,12,5
603418,603423,603459,36,5
603418,603423,603459,36,5
603418,603423,603459,36,5
603418,603423,603459,36,5
603418,603424,603459,35,6
603093,603093,603463,370,0
603216,603217,603475,258,1
603476,603476,603480,4,0
603476,603476,603480,4,0
603476,603476,603480,4,0
603476,603476,603480,4,0
603476,603476,603480,4,0
603476,603476,603481,5,0
603478,603478,603481,3,0
603476,603476,603480,4,0
603476,603476,603480,4,0
603476,603476,603480,4,0
603476,603476,603480,4,0
603476,603476,603480,4,0
603478,603478,603480,2,0
603476,603476,603481,5,0
603476,603476,603481,5,0
603476,603476,603481,5,0
603476,603476,603481,5,0
603476,603476,603480,4,0
603476,603476,603481,5,0
603476,603476,603482,6,0
603476,603476,603481,5,0
603476,603476,603482,6,0
603476,603476,603481,5,0
603476,603476,603481,5,0
603476,603476,603481,5,0
603476,603476,603481,5,0
603476,603476,603481,5,0
603476,603476,603481,5,0
603476,603476,603481,5,0
603478,603480,603482,2,2
603476,603476,603482,6,0
603476,603476,603481,5,0
603476,603476,603481,5,0
603478,603480,603482,2,2
603478,603480,603482,2,2
603476,603476,603481,5,0
603476,603476,603481,5,0
603476,603476,603481,5,0
603476,603476,603481,5,0
603478,603480,603482,2,2
603476,603476,603482,6,0
603476,603476,603481,5,0
603478,603480,603482,2,2
603478,603481,603482,1,3
603478,603481,603483,2,3
603478,603481,603483,2,3
603476,603476,603482,6,0
603478,603481,603483,2,3
603478,603482,603483,1,4
603204,603204,603483,279,0
603478,603481,603483,2,3
603478,603481,603483,2,3
603478,603481,603483,2,3
603478,603481,603483,2,3
603478,603481,603484,3,3
603478,603481,603484,3,3
603478,603482,603483,1,4
603478,603482,603484,2,4
603478,603482,603483,1,4
603478,603482,603483,1,4
603478,603482,603483,1,4
603478,603482,603484,2,4
603478,603482,603484,2,4
603478,603482,603485,3,4
603478,603482,603484,2,4
603478,603483,603484,1,5
603478,603483,603484,1,5
603478,603483,603484,1,5
603478,603483,603484,1,5
603141,603141,603485,344,0
603478,603481,603485,4,3
603478,603481,603484,3,3
603478,603481,603484,3,3
603478,603481,603484,3,3
603478,603482,603484,2,4
603478,603482,603484,2,4
603478,603482,603484,2,4
603478,603482,603484,2,4
603478,603483,603485,2,5
603476,603476,603487,11,0
603476,603476,603488,12,0
603476,603476,603489,13,0
603156,603156,603497,341,0
603499,603499,603502,3,0
603499,603499,603503,4,0
603499,603499,603503,4,0
603499,603499,603503,4,0
603499,603499,603503,4,0
603499,603499,603503,4,0
603499,603499,603503,4,0
603499,603499,603503,4,0
603499,603499,603503,4,0
603499,603499,603503,4,0
603499,603499,603503,4,0
603499,603499,603503,4,0
603499,603499,603503,4,0
603499,603499,603503,4,0
603499,603499,603502,3,0
603499,603499,603503,4,0
603499,603499,603503,4,0
603499,603499,603503,4,0
603499,603499,603503,4,0
603499,603499,603503,4,0
603499,603499,603503,4,0
603499,603499,603503,4,0
603499,603499,603503,4,0
603499,603499,603503,4,0
603499,603499,603503,4,0
603499,603499,603503,4,0
603032,603032,603503,471,0
603499,603499,603504,5,0
603499,603499,603504,5,0
603499,603499,603504,5,0
603499,603499,603504,5,0
603499,603499,603504,5,0
603499,603499,603504,5,0
603499,603499,603504,5,0
603499,603499,603503,4,0
603505,603505,603507,2,0
603505,603505,603507,2,0
603505,603505,603508,3,0
603505,603505,603509,4,0
603505,603505,603509,4,0
603505,603505,603508,3,0
603505,603505,603509,4,0
603505,603505,603509,4,0
603505,603505,603509,4,0
603505,603505,603509,4,0
603505,603505,603509,4,0
603505,603505,603509,4,0
603505,603505,603509,4,0
603505,603505,603509,4,0
603505,603505,603508,3,0
603505,603505,603509,4,0
603505,603505,603509,4,0
603505,603505,603509,4,0
603505,603505,603509,4,0
603505,603505,603509,4,0
603505,603505,603509,4,0
603505,603505,603509,4,0
603505,603505,603509,4,0
603505,603505,603509,4,0
603505,603505,603509,4,0
603505,603505,603509,4,0
603505,603505,603509,4,0
603505,603505,603509,4,0
603505,603505,603509,4,0
603505,603505,603509,4,0
603505,603505,603509,4,0
603505,603505,603509,4,0
603505,603505,603509,4,0
603505,603505,603509,4,0
603505,603505,603509,4,0
603505,603505,603509,4,0
603505,603505,603509,4,0
603505,603505,603509,4,0
603505,603505,603509,4,0
603499,603499,603510,11,0
603499,603499,603510,11,0
603499,603500,603510,10,1
603505,603509,603510,1,4
603505,603507,603510,3,2
603505,603508,603510,2,3
603499,603499,603511,12,0
603499,603499,603511,12,0
603499,603499,603511,12,0
603505,603510,603512,2,5
603505,603509,603511,2,4
603505,603509,603511,2,4
603505,603509,603512,3,4
603505,603510,603512,2,5
603505,603509,603512,3,4
603505,603509,603512,3,4
603505,603510,603512,2,5
603505,603510,603512,2,5
603505,603510,603512,2,5
603505,603509,603512,3,4
603505,603509,603513,4,4
603505,603509,603513,4,4
603505,603510,603513,3,5
603505,603510,603513,3,5
603505,603509,603513,4,4
603505,603509,603513,4,4
603505,603509,603512,3,4
603510,603511,603513,2,1
603505,603510,603513,3,5
603505,603511,603514,3,6
603505,603511,603514,3,6
603505,603510,603513,3,5
603505,603510,603514,4,5
603505,603510,603514,4,5
603505,603510,603514,4,5
603505,603510,603513,3,5
603505,603510,603514,4,5
603505,603510,603514,4,5
603505,603510,603514,4,5
603505,603510,603514,4,5
603505,603510,603513,3,5
603505,603510,603513,3,5
603510,603511,603514,3,1
603505,603509,603514,5,4
603505,603510,603515,5,5
603505,603510,603515,5,5
603505,603510,603514,4,5
603510,603511,603515,4,1
603505,603510,603516,6,5
603505,603510,603517,7,5
603510,603513,603517,4,3
603510,603513,603517,4,3
603510,603514,603517,3,4
603510,603514,603517,3,4
603510,603512,603517,5,2
603510,603514,603517,3,4
603510,603514,603517,3,4
603510,603514,603517,3,4
603510,603514,603517,3,4
603510,603512,603517,5,2
603510,603512,603517,5,2
603510,603512,603517,5,2
603510,603512,603517,5,2
603510,603513,603517,4,3
603510,603513,603517,4,3
603510,603513,603517,4,3
603510,603513,603517,4,3
603510,603513,603517,4,3
603510,603513,603517,4,3
603510,603514,603517,3,4
603510,603514,603517,3,4
603510,603512,603517,5,2
603510,603512,603517,5,2
603510,603512,603517,5,2
603510,603514,603517,3,4
603510,603514,603517,3,4
603510,603514,603517,3,4
603510,603514,603518,4,4
603510,603514,603518,4,4
603510,603514,603518,4,4
603510,603514,603518,4,4
603510,603514,603518,4,4
603036,603036,603520,484,0
603510,603512,603521,9,2
603510,603512,603521,9,2
603510,603512,603522,10,2
603133,603133,603523,390,0
603224,603228,603524,296,4
603266,603268,603525,257,2
603150,603150,603525,375,0
603525,603525,603528,3,0
603525,603525,603528,3,0
603525,603525,603528,3,0
603525,603525,603527,2,0
603525,603525,603528,3,0
603525,603525,603528,3,0
603525,603525,603528,3,0
603525,603525,603528,3,0
603525,603525,603528,3,0
603525,603525,603529,4,0
603525,603525,603529,4,0
603236,603245,603529,284,9
603525,603525,603530,5,0
603525,603525,603530,5,0
603525,603525,603529,4,0
603525,603525,603529,4,0
603525,603525,603529,4,0
603528,603528,603530,2,0
603525,603525,603529,4,0
603525,603525,603529,4,0
603525,603525,603529,4,0
603525,603525,603529,4,0
603525,603525,603529,4,0
603525,603525,603529,4,0
603528,603528,603530,2,0
603525,603525,603529,4,0
603525,603525,603529,4,0
603525,603525,603529,4,0
603525,603525,603529,4,0
603525,603525,603529,4,0
603528,603528,603530,2,0
603528,603528,603529,1,0
603525,603525,603529,4,0
603528,603528,603530,2,0
603510,603514,603530,16,4
603525,603525,603529,4,0
603525,603525,603529,4,0
603528,603529,603531,2,1
603525,603525,603531,6,0
603510,603514,603531,17,4
603528,603530,603531,1,2
603528,603528,603531,3,0
603528,603528,603531,3,0
603528,603528,603531,3,0
603528,603528,603531,3,0
603528,603528,603531,3,0
603528,603530,603531,1,2
603528,603529,603531,2,1
603528,603529,603531,2,1
603528,603529,603531,2,1
603528,603530,603531,1,2
603528,603530,603531,1,2
603528,603528,603531,3,0
603528,603530,603532,2,2
603241,603251,603532,281,10
603528,603530,603532,2,2
603528,603530,603532,2,2
603528,603530,603532,2,2
603528,603530,603532,2,2
603528,603530,603532,2,2
603528,603530,603532,2,2
603528,603530,603531,1,2
603528,603531,603532,1,3
603528,603530,603532,2,2
603528,603530,603533,3,2
603528,603530,603533,3,2
603528,603530,603533,3,2
603528,603530,603532,2,2
603528,603530,603533,3,2
603528,603530,603533,3,2
603528,603530,603533,3,2
603528,603530,603533,3,2
603528,603530,603533,3,2
603528,603531,603533,2,3
603528,603530,603533,3,2
603528,603531,603533,2,3
603528,603532,603533,1,4
603528,603532,603533,1,4
603528,603532,603534,2,4
603528,603532,603534,2,4
603528,603532,603534,2,4
603528,603532,603534,2,4
603528,603532,603534,2,4
603528,603532,603534,2,4
603528,603530,603533,3,2
603528,603530,603533,3,2
603528,603530,603533,3,2
603528,603532,603534,2,4
603528,603532,603534,2,4
603528,603533,603534,1,5
603528,603533,603534,1,5
603528,603530,603533,3,2
603528,603532,603534,2,4
603528,603532,603534,2,4
603528,603532,603534,2,4
603528,603532,603534,2,4
603528,603532,603534,2,4
603528,603532,603534,2,4
603528,603532,603534,2,4
603528,603532,603534,2,4
603528,603532,603534,2,4
603528,603533,603534,1,5
603528,603532,603534,2,4
603528,603532,603534,2,4
603528,603532,603534,2,4
603528,603532,603534,2,4
603528,603533,603534,1,5
603528,603533,603535,2,5
603528,603533,603535,2,5
603528,603533,603535,2,5
603528,603533,603535,2,5
603528,603533,603534,1,5
603528,603533,603535,2,5
603531,603534,603535,1,3
603531,603534,603535,1,3
603531,603534,603535,1,3
603531,603534,603535,1,3
603531,603534,603535,1,3
603531,603534,603536,2,3
603531,603534,603535,1,3
603531,603534,603535,1,3
603531,603534,603535,1,3
603531,603534,603535,1,3
603531,603534,603535,1,3
603531,603534,603535,1,3
603531,603535,603536,1,4
603246,603256,603535,279,10
603531,603534,603535,1,3
603531,603534,603536,2,3
603531,603534,603536,2,3
603531,603534,603536,2,3
603531,603535,603536,1,4
603531,603534,603535,1,3
603531,603534,603536,2,3
603531,603534,603536,2,3
603531,603534,603536,2,3
603531,603534,603536,2,3
603531,603534,603536,2,3
603531,603534,603536,2,3
603531,603535,603536,1,4
603531,603534,603536,2,3
603531,603534,603536,2,3
603531,603534,603536,2,3
603531,603535,603536,1,4
603531,603535,603536,1,4
603531,603535,603536,1,4
603531,603534,603536,2,3
603531,603534,603536,2,3
603531,603535,603536,1,4
603531,603536,603537,1,5
603531,603535,603537,2,4
603531,603535,603537,2,4
603531,603535,603537,2,4
603531,603536,603537,1,5
603525,603525,603538,13,0
603531,603537,603540,3,6
603531,603537,603540,3,6
603531,603537,603540,3,6
603531,603537,603540,3,6
603531,603537,603540,3,6
603531,603536,603540,4,5
603531,603536,603540,4,5
603531,603536,603540,4,5
603531,603536,603540,4,5
603531,603536,603540,4,5
603525,603525,603539,14,0
603525,603525,603540,15,0
603525,603525,603540,15,0
603528,603530,603540,10,2
603528,603531,603540,9,3
603525,603525,603540,15,0
603531,603536,603540,4,5
603531,603536,603540,4,5
603531,603536,603540,4,5
603531,603537,603540,3,6
603531,603537,603540,3,6
603531,603537,603540,3,6
603531,603538,603540,2,7
603531,603537,603540,3,6
603531,603537,603540,3,6
603531,603537,603540,3,6
603531,603537,603540,3,6
603531,603537,603540,3,6
603531,603537,603541,4,6
603531,603536,603540,4,5
603531,603538,603541,3,7
603531,603540,603541,1,9
603531,603536,603540,4,5
603531,603536,603540,4,5
603531,603536,603540,4,5
603531,603536,603540,4,5
603531,603537,603540,3,6
603531,603537,603541,4,6
603531,603537,603541,4,6
603531,603537,603541,4,6
603531,603537,603540,3,6
603531,603538,603540,2,7
603531,603538,603540,2,7
603531,603538,603540,2,7
603531,603540,603541,1,9
603076,603084,603540,456,8
603531,603537,603541,4,6
603525,603525,603541,16,0
603525,603525,603541,16,0
603525,603525,603541,16,0
603525,603525,603541,16,0
603531,603541,603542,1,10
603531,603537,603541,4,6
603531,603537,603541,4,6
603531,603541,603542,1,10
603531,603541,603542,1,10
603531,603541,603542,1,10
603531,603541,603542,1,10
603531,603541,603542,1,10
603531,603541,603542,1,10
603531,603540,603541,1,9
603531,603540,603541,1,9
603531,603540,603541,1,9
603531,603540,603542,2,9
603531,603540,603542,2,9
603531,603540,603542,2,9
603531,603540,603542,2,9
603531,603541,603542,1,10
603531,603541,603542,1,10
603531,603541,603542,1,10
603531,603541,603542,1,10
603531,603541,603542,1,10
603531,603541,603542,1,10
603531,603538,603542,4,7
603531,603541,603542,1,10
603531,603541,603543,2,10
603531,603541,603542,1,10
603531,603541,603542,1,10
603531,603541,603542,1,10
603531,603541,603543,2,10
603531,603540,603543,3,9
603531,603541,603544,3,10
603531,603541,603543,2,10
603531,603541,603543,2,10
603531,603541,603543,2,10
603531,603541,603543,2,10
603531,603541,603543,2,10
603531,603541,603543,2,10
603531,603541,603544,3,10
603543,603543,603545,2,0
603543,603543,603545,2,0
603543,603543,603546,3,0
603543,603543,603546,3,0
603543,603543,603546,3,0
603543,603543,603546,3,0
603543,603543,603546,3,0
603543,603543,603546,3,0
603543,603543,603546,3,0
603543,603543,603546,3,0
603543,603543,603546,3,0
603543,603543,603546,3,0
603543,603543,603546,3,0
603543,603543,603546,3,0
603543,603543,603546,3,0
603543,603543,603546,3,0
603543,603543,603546,3,0
603543,603543,603546,3,0
603543,603543,603547,4,0
603543,603543,603547,4,0
603543,603544,603547,3,1
603543,603544,603546,2,1
603543,603543,603546,3,0
603543,603543,603546,3,0
603543,603543,603547,4,0
603543,603543,603547,4,0
603543,603543,603547,4,0
603543,603543,603546,3,0
603543,603543,603547,4,0
603543,603543,603547,4,0
603543,603544,603547,3,1
603543,603544,603547,3,1
603543,603544,603547,3,1
603543,603544,603547,3,1
603543,603543,603547,4,0
603543,603543,603549,6,0
603358,603358,603555,197,0
603543,603543,603560,17,0
603543,603543,603561,18,0
603543,603543,603561,18,0
603543,603543,603562,19,0
603220,603220,603563,343,0
603290,603290,603563,273,0
603562,603562,603564,2,0
603562,603562,603565,3,0
603562,603562,603565,3,0
603562,603562,603564,2,0
603562,603562,603564,2,0
603562,603562,603564,2,0
603563,603563,603564,1,0
603562,603562,603565,3,0
603562,603562,603565,3,0
603562,603562,603565,3,0
603562,603562,603564,2,0
603562,603562,603564,2,0
603562,603562,603565,3,0
603562,603562,603565,3,0
603562,603562,603565,3,0
603562,603562,603565,3,0
603562,603562,603565,3,0
603563,603563,603565,2,0
603562,603562,603565,3,0
603562,603562,603565,3,0
603562,603562,603565,3,0
603562,603562,603565,3,0
603562,603562,603565,3,0
603562,603562,603565,3,0
603562,603562,603565,3,0
603562,603562,603565,3,0
603562,603562,603565,3,0
603232,603239,603565,326,7
603562,603562,603564,2,0
603562,603562,603564,2,0
603562,603562,603566,4,0
603563,603563,603565,2,0
603563,603563,603566,3,0
603562,603562,603566,4,0
603563,603563,603565,2,0
603563,603563,603565,2,0
603563,603563,603565,2,0
603563,603563,603565,2,0
603563,603563,603566,3,0
603562,603562,603566,4,0
603563,603563,603566,3,0
603563,603563,603566,3,0
603562,603562,603566,4,0
603562,603562,603567,5,0
603562,603562,603566,4,0
603562,603562,603566,4,0
603562,603562,603566,4,0
603562,603562,603566,4,0
603563,603563,603566,3,0
603563,603565,603567,2,2
603563,603565,603567,2,2
603563,603565,603567,2,2
603563,603565,603567,2,2
603563,603565,603567,2,2
603563,603565,603567,2,2
603563,603565,603567,2,2
603563,603565,603567,2,2
603563,603565,603567,2,2
603563,603565,603567,2,2
603563,603565,603567,2,2
603563,603565,603566,1,2
603563,603565,603567,2,2
603563,603565,603567,2,2
603563,603565,603567,2,2
603563,603563,603566,3,0
603563,603565,603567,2,2
603563,603565,603567,2,2
603563,603565,603567,2,2
603563,603565,603566,1,2
603563,603565,603566,1,2
603563,603565,603566,1,2
603563,603565,603567,2,2
603563,603565,603567,2,2
603563,603565,603567,2,2
603564,603565,603566,1,1
603564,603565,603567,2,1
603564,603565,603567,2,1
603564,603566,603569,3,2
603564,603566,603569,3,2
603564,603566,603569,3,2
603564,603566,603569,3,2
603564,603566,603569,3,2
603564,603566,603569,3,2
603564,603567,603569,2,3
603564,603566,603569,3,2
603564,603566,603569,3,2
603564,603566,603569,3,2
603563,603565,603569,4,2
603563,603565,603569,4,2
603563,603565,603569,4,2
603564,603566,603569,3,2
603564,603566,603569,3,2
603564,603566,603569,3,2
603562,603562,603569,7,0
603564,603567,603570,3,3
603564,603567,603570,3,3
603564,603567,603570,3,3
603564,603567,603570,3,3
603564,603567,603570,3,3
603564,603567,603570,3,3
603564,603567,603570,3,3
603564,603567,603570,3,3
603564,603567,603570,3,3
603564,603568,603570,2,4
603564,603567,603570,3,3
603564,603567,603570,3,3
603564,603567,603570,3,3
603564,603567,603570,3,3
603564,603567,603570,3,3
603564,603567,603570,3,3
603564,603567,603570,3,3
603564,603567,603570,3,3
603564,603567,603570,3,3
603564,603567,603570,3,3
603564,603568,603570,2,4
603564,603567,603570,3,3
603562,603562,603570,8,0
603562,603562,603571,9,0
603564,603567,603571,4,3
603564,603567,603571,4,3
603562,603562,603571,9,0
603338,603338,603575,237,0
603096,603096,603578,482,0
603091,603091,603580,489,0
603166,603166,603582,416,0
603042,603042,603587,545,0
603354,603358,603588,230,4
603588,603588,603589,1,0
603588,603588,603590,2,0
603588,603588,603590,2,0
603588,603588,603590,2,0
603588,603588,603590,2,0
603588,603588,603590,2,0
603588,603588,603590,2,0
603588,603588,603590,2,0
603588,603588,603589,1,0
603588,603588,603590,2,0
603588,603588,603590,2,0
603588,603588,603589,1,0
603588,603588,603590,2,0
603588,603588,603590,2,0
603588,603588,603591,3,0
603588,603588,603590,2,0
603588,603588,603590,2,0
603588,603588,603590,2,0
603588,603588,603591,3,0
603588,603588,603590,2,0
603588,603588,603591,3,0
603588,603588,603590,2,0
603588,603588,603590,2,0
603588,603588,603591,3,0
603301,603301,603591,290,0
603590,603590,603591,1,0
603590,603590,603592,2,0
603590,603590,603592,2,0
603590,603590,603592,2,0
603588,603588,603591,3,0
603588,603588,603591,3,0
603590,603590,603591,1,0
603590,603590,603592,2,0
603590,603590,603592,2,0
603590,603591,603592,1,1
603588,603588,603591,3,0
603588,603588,603591,3,0
603590,603590,603592,2,0
603590,603590,603592,2,0
603588,603588,603591,3,0
603590,603590,603592,2,0
603590,603590,603592,2,0
603590,603590,603592,2,0
603590,603590,603592,2,0
603588,603588,603591,3,0
603588,603588,603591,3,0
603590,603590,603591,1,0
603590,603590,603592,2,0
603590,603590,603592,2,0
603590,603590,603591,1,0
603590,603590,603592,2,0
603590,603590,603592,2,0
603590,603590,603592,2,0
603590,603590,603592,2,0
603590,603590,603592,2,0
603590,603591,603593,2,1
603588,603591,603593,2,3
603588,603591,603593,2,3
603588,603591,603592,1,3
603590,603591,603593,2,1
603590,603590,603592,2,0
603590,603591,603592,1,1
603590,603590,603592,2,0
603590,603591,603593,2,1
603590,603591,603592,1,1
603590,603590,603593,3,0
603590,603591,603593,2,1
603590,603591,603593,2,1
603590,603591,603592,1,1
603590,603591,603592,1,1
603590,603590,603592,2,0
603590,603590,603593,3,0
603590,603592,603594,2,2
603590,603592,603594,2,2
603590,603592,603594,2,2
603590,603592,603594,2,2
603590,603590,603594,4,0
603590,603590,603593,3,0
603590,603590,603593,3,0
603590,603591,603594,3,1
603590,603592,603594,2,2
603590,603592,603594,2,2
603590,603592,603594,2,2
603590,603592,603594,2,2
603590,603592,603594,2,2
603588,603591,603593,2,3
603590,603592,603594,2,2
603590,603592,603594,2,2
603590,603592,603594,2,2
603590,603592,603594,2,2
603590,603592,603594,2,2
603590,603592,603594,2,2
603590,603592,603594,2,2
603590,603592,603594,2,2
603590,603592,603594,2,2
603590,603592,603594,2,2
603590,603592,603594,2,2
603590,603590,603593,3,0
603590,603592,603594,2,2
603590,603592,603594,2,2
603590,603592,603594,2,2
603590,603592,603594,2,2
603590,603592,603594,2,2
603588,603588,603595,7,0
603590,603592,603594,2,2
603590,603592,603595,3,2
603590,603592,603594,2,2
603590,603593,603595,2,3
603591,603593,603595,2,2
603590,603593,603595,2,3
603590,603593,603595,2,3
603590,603593,603595,2,3
603590,603593,603595,2,3
603590,603593,603594,1,3
603590,603593,603594,1,3
603590,603592,603595,3,2
603591,603593,603595,2,2
603591,603594,603595,1,3
603591,603594,603595,1,3
603591,603593,603595,2,2
603591,603594,603595,1,3
603591,603594,603595,1,3
603591,603593,603595,2,2
603591,603594,603595,1,3
603591,603595,603596,1,4
603416,603421,603596,175,5
603591,603594,603595,1,3
603591,603595,603596,1,4
603588,603588,603596,8,0
603588,603588,603595,7,0
603588,603588,603595,7,0
603588,603588,603595,7,0
603590,603590,603596,6,0
603592,603595,603596,1,3
603591,603594,603595,1,3
603591,603594,603596,2,3
603591,603594,603596,2,3
603591,603594,603596,2,3
603591,603594,603596,2,3
603591,603594,603596,2,3
603591,603594,603596,2,3
603591,603594,603596,2,3
603591,603594,603596,2,3
603591,603594,603596,2,3
603591,603594,603596,2,3
603591,603594,603596,2,3
603592,603595,603596,1,3
603591,603594,603596,2,3
603591,603594,603596,2,3
603591,603594,603596,2,3
603592,603595,603596,1,3
603592,603596,603597,1,4
603591,603594,603596,2,3
603591,603594,603596,2,3
603591,603594,603596,2,3
603591,603595,603596,1,4
603591,603595,603596,1,4
603591,603595,603596,1,4
603591,603595,603596,1,4
603591,603595,603596,1,4
603591,603595,603596,1,4
603591,603595,603596,1,4
603591,603595,603596,1,4
603592,603595,603596,1,3
603592,603595,603596,1,3
603592,603596,603597,1,4
603590,603590,603596,6,0
603125,603125,603596,471,0
603592,603596,603597,1,4
603592,603596,603597,1,4
603592,603596,603597,1,4
603592,603595,603597,2,3
603592,603596,603597,1,4
603592,603596,603597,1,4
603592,603596,603597,1,4
603592,603596,603597,1,4
603592,603596,603597,1,4
603592,603596,603597,1,4
603592,603596,603597,1,4
603592,603596,603597,1,4
603592,603596,603597,1,4
603592,603596,603597,1,4
603592,603596,603597,1,4
603592,603596,603597,1,4
603592,603596,603597,1,4
603592,603596,603597,1,4
603592,603596,603597,1,4
603592,603596,603597,1,4
603592,603596,603597,1,4
603592,603596,603597,1,4
603592,603596,603597,1,4
603592,603596,603597,1,4
603592,603596,603597,1,4
603592,603596,603597,1,4
603592,603597,603599,2,5
603592,603597,603599,2,5
603592,603597,603599,2,5
603592,603597,603599,2,5
603592,603596,603599,3,4
603592,603596,603599,3,4
603592,603596,603599,3,4
603592,603597,603599,2,5
603592,603597,603599,2,5
603592,603597,603599,2,5
603592,603597,603599,2,5
603592,603597,603599,2,5
603592,603597,603599,2,5
603592,603596,603599,3,4
603592,603596,603599,3,4
603592,603596,603599,3,4
603592,603596,603599,3,4
603592,603597,603599,2,5
603592,603597,603599,2,5
603592,603597,603599,2,5
603592,603598,603600,2,6
603592,603598,603600,2,6
603592,603597,603599,2,5
603592,603597,603599,2,5
603592,603597,603599,2,5
603592,603597,603599,2,5
603592,603597,603599,2,5
603592,603597,603599,2,5
603592,603597,603599,2,5
603592,603598,603600,2,6
603592,603598,603600,2,6
603592,603597,603599,2,5
603592,603597,603599,2,5
603592,603597,603599,2,5
603592,603597,603599,2,5
603592,603597,603599,2,5
603592,603598,603600,2,6
603592,603597,603599,2,5
603599,603599,603600,1,0
603592,603598,603600,2,6
603592,603598,603600,2,6
603592,603598,603600,2,6
603599,603600,603601,1,1
603592,603598,603600,2,6
603592,603598,603600,2,6
603592,603598,603600,2,6
603592,603598,603600,2,6
603592,603598,603600,2,6
603599,603599,603601,2,0
603599,603599,603601,2,0
603599,603599,603601,2,0
603599,603599,603601,2,0
603599,603599,603601,2,0
603599,603599,603601,2,0
603599,603599,603601,2,0
603599,603599,603601,2,0
603599,603599,603601,2,0
603599,603599,603601,2,0
603599,603599,603601,2,0
603599,603599,603601,2,0
603599,603599,603601,2,0
603599,603599,603601,2,0
603599,603599,603601,2,0
603599,603599,603601,2,0
603599,603599,603601,2,0
603599,603599,603601,2,0
603599,603599,603601,2,0
603599,603599,603601,2,0
603599,603599,603601,2,0
603599,603600,603602,2,1
603599,603599,603601,2,0
603599,603599,603601,2,0
603599,603599,603602,3,0
603599,603600,603601,1,1
603599,603600,603601,1,1
603599,603600,603601,1,1
603169,603169,603601,432,0
603599,603600,603601,1,1
603599,603600,603601,1,1
603599,603600,603601,1,1
603599,603600,603601,1,1
603599,603600,603601,1,1
603599,603600,603601,1,1
603599,603600,603601,1,1
603599,603600,603601,1,1
603599,603600,603601,1,1
603599,603600,603601,1,1
603599,603600,603601,1,1
603599,603600,603601,1,1
603599,603601,603602,1,2
603599,603600,603602,2,1
603599,603600,603602,2,1
603599,603600,603602,2,1
603599,603600,603602,2,1
603599,603600,603603,3,1
603599,603600,603602,2,1
603599,603602,603603,1,3
603599,603600,603602,2,1
603599,603601,603603,2,2
603600,603602,603603,1,2
603599,603601,603602,1,2
603599,603601,603602,1,2
603599,603601,603602,1,2
603599,603601,603603,2,2
603599,603601,603603,2,2
603599,603601,603602,1,2
603599,603601,603603,2,2
603599,603602,603603,1,3
603599,603602,603603,1,3
603599,603602,603603,1,3
603599,603602,603603,1,3
603599,603602,603603,1,3
603599,603602,603603,1,3
603599,603602,603603,1,3
603599,603602,603603,1,3
603600,603602,603603,1,2
603600,603602,603603,1,2
603600,603602,603603,1,2
603600,603602,603603,1,2
603599,603602,603603,1,3
603599,603602,603603,1,3
603599,603602,603603,1,3
603599,603602,603603,1,3
603599,603602,603603,1,3
603599,603602,603603,1,3
603600,603603,603604,1,3
603599,603602,603603,1,3
603600,603602,603603,1,2
603600,603603,603604,1,3
603600,603602,603603,1,2
603600,603602,603604,2,2
603600,603602,603603,1,2
603600,603602,603603,1,2
603600,603602,603603,1,2
603600,603602,603603,1,2
603600,603602,603603,1,2
603600,603602,603603,1,2
603600,603602,603604,2,2
603600,603602,603603,1,2
603600,603602,603603,1,2
603600,603602,603604,2,2
603600,603602,603604,2,2
603600,603602,603604,2,2
603600,603602,603603,1,2
603600,603603,603604,1,3
603600,603603,603606,3,3
603600,603603,603606,3,3
603600,603603,603606,3,3
603600,603603,603606,3,3
603600,603603,603606,3,3
603600,603602,603605,3,2
603600,603602,603605,3,2
603600,603603,603606,3,3
603600,603603,603606,3,3
603600,603603,603605,2,3
603600,603603,603606,3,3
603600,603603,603605,2,3
603600,603602,603605,3,2
603600,603602,603606,4,2
603600,603603,603606,3,3
603600,603603,603606,3,3
603600,603603,603606,3,3
603600,603604,603606,2,4
603600,603604,603607,3,4
603600,603604,603607,3,4
603600,603604,603607,3,4
603600,603604,603607,3,4
603600,603604,603607,3,4
603600,603604,603607,3,4
603600,603604,603607,3,4
603600,603604,603607,3,4
603600,603604,603607,3,4
603600,603604,603606,2,4
603600,603604,603607,3,4
603600,603604,603607,3,4
603600,603604,603607,3,4
603600,603604,603606,2,4
603600,603604,603607,3,4
603600,603604,603606,2,4
603600,603604,603606,2,4
603600,603604,603606,2,4
603600,603604,603607,3,4
603600,603604,603607,3,4
603600,603604,603606,2,4
603600,603604,603606,2,4
603600,603604,603606,2,4
603600,603604,603607,3,4
603600,603604,603606,2,4
603600,603604,603607,3,4
603600,603604,603607,3,4
603600,603604,603607,3,4
603600,603604,603606,2,4
603600,603604,603606,2,4
603600,603604,603607,3,4
603600,603604,603606,2,4
603600,603604,603606,2,4
603600,603604,603607,3,4
603600,603605,603607,2,5
603600,603604,603607,3,4
603600,603604,603607,3,4
603600,603604,603607,3,4
603599,603600,603607,7,1
603599,603600,603608,8,1
603162,603162,603608,446,0
603599,603600,603609,9,1
603599,603600,603610,10,1
603599,603600,603611,11,1
603611,603612,603613,1,1
603611,603612,603613,1,1
603611,603612,603613,1,1
603611,603612,603613,1,1
603611,603612,603614,2,1
603611,603612,603613,1,1
603611,603612,603613,1,1
603611,603612,603613,1,1
603612,603612,603613,1,0
603611,603612,603613,1,1
603611,603612,603613,1,1
603611,603612,603614,2,1
603611,603612,603613,1,1
603611,603612,603614,2,1
603611,603612,603613,1,1
603612,603612,603614,2,0
603611,603612,603613,1,1
603611,603612,603614,2,1
603611,603612,603613,1,1
603611,603612,603613,1,1
603611,603612,603613,1,1
603612,603612,603613,1,0
603611,603612,603613,1,1
603611,603612,603614,2,1
603611,603612,603613,1,1
603611,603612,603613,1,1
603611,603612,603614,2,1
603612,603612,603614,2,0
603611,603612,603614,2,1
603611,603612,603613,1,1
603611,603612,603613,1,1
603611,603612,603613,1,1
603612,603612,603614,2,0
603612,603612,603614,2,0
603611,603612,603613,1,1
603612,603612,603614,2,0
603612,603612,603614,2,0
603612,603612,603614,2,0
603599,603601,603614,13,2
603611,603612,603614,2,1
603612,603614,603615,1,2
603612,603612,603614,2,0
603612,603614,603615,1,2
603612,603612,603614,2,0
603612,603612,603614,2,0
603612,603612,603614,2,0
603612,603612,603614,2,0
603612,603612,603614,2,0
603612,603612,603614,2,0
603612,603612,603615,3,0
603612,603612,603614,2,0
603612,603612,603615,3,0
603612,603614,603615,1,2
603612,603614,603615,1,2
603612,603614,603615,1,2
603612,603615,603616,1,3
603228,603239,603615,376,11
603612,603614,603616,2,2
603612,603614,603616,2,2
603612,603614,603616,2,2
603612,603614,603616,2,2
603612,603615,603616,1,3
603612,603614,603616,2,2
603612,603614,603615,1,2
603612,603614,603615,1,2
603612,603614,603616,2,2
603612,603614,603616,2,2
603612,603614,603616,2,2
603612,603614,603616,2,2
603612,603614,603616,2,2
603612,603614,603616,2,2
603612,603614,603616,2,2
603612,603614,603616,2,2
603612,603614,603616,2,2
603612,603614,603616,2,2
603612,603615,603616,1,3
603612,603614,603616,2,2
603612,603614,603616,2,2
603612,603614,603616,2,2
603612,603614,603616,2,2
603612,603614,603616,2,2
603612,603614,603616,2,2
603612,603615,603616,1,3
603612,603615,603616,1,3
603612,603614,603616,2,2
603612,603614,603616,2,2
603612,603614,603616,2,2
603612,603614,603616,2,2
603612,603614,603616,2,2
603612,603614,603616,2,2
603612,603614,603616,2,2
603612,603614,603616,2,2
603612,603614,603616,2,2
603612,603614,603616,2,2
603612,603615,603616,1,3
603612,603615,603616,1,3
603612,603615,603617,2,3
603612,603615,603616,1,3
603612,603616,603617,1,4
603612,603616,603617,1,4
603153,603153,603617,464,0
603612,603615,603616,1,3
603612,603616,603617,1,4
603612,603615,603617,2,3
603612,603615,603617,2,3
603612,603615,603617,2,3
603611,603612,603618,6,1
603611,603612,603618,6,1
603611,603612,603618,6,1
603611,603612,603618,6,1
603612,603616,603617,1,4
603612,603616,603617,1,4
603612,603617,603618,1,5
603612,603616,603619,3,4
603611,603612,603618,6,1
603612,603615,603619,4,3
603618,603618,603620,2,0
603618,603619,603620,1,1
603618,603619,603620,1,1
603618,603619,603620,1,1
603618,603619,603620,1,1
603618,603619,603620,1,1
603618,603619,603620,1,1
603618,603619,603620,1,1
603618,603619,603620,1,1
603618,603619,603620,1,1
603618,603618,603620,2,0
603618,603619,603620,1,1
603618,603619,603620,1,1
603618,603619,603620,1,1
603618,603619,603620,1,1
603618,603619,603620,1,1
603618,603619,603620,1,1
603618,603619,603620,1,1
603618,603619,603620,1,1
603618,603619,603620,1,1
603618,603619,603620,1,1
603618,603619,603620,1,1
603618,603619,603621,2,1
603618,603619,603620,1,1
603618,603619,603620,1,1
603618,603619,603620,1,1
603618,603619,603620,1,1
603618,603619,603621,2,1
603618,603619,603620,1,1
603618,603619,603621,2,1
603618,603619,603621,2,1
603618,603619,603620,1,1
603618,603619,603620,1,1
603618,603619,603620,1,1
603618,603619,603620,1,1
603618,603619,603620,1,1
603618,603619,603620,1,1
603618,603619,603620,1,1
603618,603619,603620,1,1
603618,603619,603621,2,1
603618,603619,603621,2,1
603618,603619,603621,2,1
603618,603619,603621,2,1
603618,603619,603621,2,1
603618,603619,603621,2,1
603618,603619,603621,2,1
603618,603619,603621,2,1
603618,603621,603622,1,3
603618,603619,603622,3,1
603618,603619,603622,3,1
603618,603620,603622,2,2
603618,603621,603622,1,3
603618,603621,603622,1,3
603618,603621,603622,1,3
603618,603621,603622,1,3
603618,603621,603622,1,3
603618,603621,603622,1,3
603618,603621,603622,1,3
603618,603621,603622,1,3
603618,603621,603622,1,3
603618,603621,603622,1,3
603618,603621,603622,1,3
603618,603621,603622,1,3
603618,603621,603622,1,3
603618,603621,603622,1,3
603618,603621,603622,1,3
603618,603621,603622,1,3
603618,603621,603622,1,3
603618,603621,603622,1,3
603618,603621,603622,1,3
603618,603621,603622,1,3
603618,603621,603622,1,3
603618,603621,603622,1,3
603618,603621,603622,1,3
603611,603612,603623,11,1
603611,603612,603623,11,1
603057,603057,603623,566,0
603612,603612,603624,12,0
603088,603088,603624,536,0
603611,603612,603624,12,1
603611,603612,603624,12,1
603611,603612,603624,12,1
603612,603612,603625,13,0
603624,603624,603625,1,0
603624,603624,603626,2,0
603624,603624,603626,2,0
603624,603624,603626,2,0
603624,603624,603626,2,0
603624,603624,603626,2,0
603624,603624,603626,2,0
603624,603624,603626,2,0
603624,603624,603626,2,0
603624,603624,603626,2,0
603624,603624,603626,2,0
603624,603624,603626,2,0
603624,603624,603626,2,0
603624,603624,603626,2,0
603624,603624,603626,2,0
603624,603624,603626,2,0
603624,603624,603626,2,0
603624,603624,603626,2,0
603624,603624,603626,2,0
603624,603624,603626,2,0
603624,603624,603626,2,0
603624,603624,603626,2,0
603424,603426,603626,200,2
603624,603624,603626,2,0
603624,603624,603626,2,0
603624,603624,603626,2,0
603624,603624,603626,2,0
603624,603624,603626,2,0
603624,603624,603626,2,0
603624,603624,603627,3,0
603624,603624,603631,7,0
603624,603624,603631,7,0
603624,603624,603631,7,0
603421,603426,603632,206,5
603618,603619,603632,13,1
603624,603624,603635,11,0
603618,603619,603634,15,1
603618,603619,603635,16,1
603618,603619,603635,16,1
603618,603619,603635,16,1
603618,603619,603634,15,1
603624,603624,603635,11,0
603635,603635,603638,3,0
603635,603635,603638,3,0
603635,603635,603638,3,0
603635,603635,603638,3,0
603635,603635,603638,3,0
603635,603635,603638,3,0
603635,603635,603638,3,0
603635,603635,603639,4,0
603635,603635,603638,3,0
603635,603635,603638,3,0
603635,603635,603638,3,0
603635,603635,603638,3,0
603635,603635,603638,3,0
603635,603635,603639,4,0
603635,603635,603639,4,0
603624,603624,603639,15,0
603624,603624,603639,15,0
603624,603624,603639,15,0
603624,603624,603639,15,0
603624,603624,603639,15,0
603635,603635,603639,4,0
603635,603635,603639,4,0
603635,603635,603639,4,0
603635,603635,603639,4,0
603635,603636,603638,2,1
603635,603635,603639,4,0
603635,603635,603639,4,0
603635,603635,603639,4,0
603635,603635,603639,4,0
603635,603635,603638,3,0
603635,603635,603638,3,0
603635,603635,603639,4,0
603635,603635,603638,3,0
603635,603635,603639,4,0
603635,603635,603638,3,0
603635,603635,603639,4,0
603635,603635,603639,4,0
603635,603635,603638,3,0
603635,603635,603639,4,0
603635,603635,603639,4,0
603635,603635,603639,4,0
603635,603635,603639,4,0
603635,603635,603639,4,0
603635,603635,603639,4,0
603635,603635,603639,4,0
603635,603635,603639,4,0
603635,603635,603639,4,0
603635,603635,603639,4,0
603635,603635,603639,4,0
603635,603635,603639,4,0
603635,603639,603640,1,4
603635,603635,603639,4,0
603635,603635,603639,4,0
603635,603635,603639,4,0
603635,603635,603639,4,0
603635,603635,603639,4,0
603635,603639,603640,1,4
603635,603635,603639,4,0
603635,603639,603640,1,4
603635,603639,603640,1,4
603635,603635,603639,4,0
603635,603638,603640,2,3
603624,603624,603639,15,0
603635,603635,603640,5,0
603635,603639,603640,1,4
603635,603639,603640,1,4
603635,603639,603640,1,4
603635,603639,603640,1,4
603635,603639,603640,1,4
603635,603639,603640,1,4
603635,603639,603640,1,4
603635,603639,603640,1,4
603635,603639,603641,2,4
603635,603639,603641,2,4
603635,603639,603641,2,4
603642,603642,603643,1,0
603635,603639,603640,1,4
603642,603642,603643,1,0
603642,603642,603644,2,0
603642,603642,603644,2,0
603642,603642,603644,2,0
603642,603642,603643,1,0
603642,603642,603644,2,0
603642,603642,603644,2,0
603642,603642,603644,2,0
603642,603642,603644,2,0
603642,603642,603644,2,0
603635,603635,603643,8,0
603635,603635,603644,9,0
603635,603635,603644,9,0
603635,603635,603644,9,0
603635,603635,603644,9,0
603635,603635,603643,8,0
603642,603642,603644,2,0
603642,603642,603644,2,0
603642,603642,603644,2,0
603642,603643,603644,1,1
603642,603642,603644,2,0
603642,603642,603644,2,0
603642,603642,603644,2,0
603642,603642,603644,2,0
603642,603642,603644,2,0
603642,603643,603644,1,1
603642,603642,603644,2,0
603642,603642,603644,2,0
603642,603642,603644,2,0
603642,603642,603644,2,0
603642,603642,603644,2,0
603642,603643,603644,1,1
603642,603642,603644,2,0
603642,603642,603644,2,0
603642,603642,603644,2,0
603642,603642,603644,2,0
603642,603642,603644,2,0
603642,603643,603644,1,1
603642,603643,603644,1,1
603642,603642,603644,2,0
603642,603642,603644,2,0
603642,603642,603644,2,0
603642,603642,603644,2,0
603642,603642,603644,2,0
603642,603643,603644,1,1
603642,603643,603644,1,1
603642,603643,603644,1,1
603642,603642,603644,2,0
603642,603642,603644,2,0
603642,603642,603644,2,0
603642,603642,603644,2,0
603642,603642,603644,2,0
603642,603643,603644,1,1
603642,603643,603644,1,1
603642,603643,603644,1,1
603642,603644,603645,1,2
603642,603644,603645,1,2
603642,603642,603644,2,0
603642,603642,603645,3,0
603642,603643,603645,2,1
603642,603645,603646,1,3
603642,603645,603646,1,3
603642,603644,603645,1,2
603642,603644,603645,1,2
603642,603644,603645,1,2
603642,603644,603646,2,2
603642,603644,603646,2,2
603642,603644,603646,2,2
603642,603644,603646,2,2
603642,603644,603646,2,2
603642,603645,603646,1,3
603642,603645,603646,1,3
603642,603645,603646,1,3
603144,603145,603647,502,1
603642,603648,603650,2,6
603642,603648,603649,1,6
603642,603648,603649,1,6
603642,603648,603650,2,6
603642,603648,603650,2,6
603642,603648,603650,2,6
603159,603159,603651,492,0
603651,603651,603652,1,0
603651,603651,603652,1,0
603651,603651,603652,1,0
603139,603139,603652,513,0
603651,603651,603652,1,0
603651,603651,603652,1,0
603651,603651,603653,2,0
603651,603651,603652,1,0
603651,603651,603652,1,0
603642,603644,603653,9,2
603642,603644,603653,9,2
603651,603651,603653,2,0
603651,603651,603653,2,0
603651,603651,603653,2,0
603651,603651,603653,2,0
603651,603651,603653,2,0
603651,603651,603653,2,0
603651,603651,603652,1,0
603651,603651,603652,1,0
603651,603651,603652,1,0
603651,603651,603652,1,0
603651,603651,603652,1,0
603651,603651,603653,2,0
603651,603651,603653,2,0
603651,603651,603653,2,0
603651,603651,603653,2,0
603651,603651,603653,2,0
603651,603651,603653,2,0
603651,603651,603653,2,0
603276,603289,603653,364,13
603642,603644,603653,9,2
603651,603651,603653,2,0
603651,603651,603653,2,0
603651,603651,603654,3,0
603642,603644,603655,11,2
603642,603644,603656,12,2
603656,603656,603657,1,0
603656,603656,603658,2,0
603656,603656,603658,2,0
603656,603656,603658,2,0
603656,603656,603658,2,0
603656,603656,603658,2,0
603656,603656,603658,2,0
603656,603656,603658,2,0
603656,603656,603658,2,0
603656,603656,603658,2,0
603656,603656,603658,2,0
603656,603656,603658,2,0
603656,603656,603658,2,0
603656,603656,603658,2,0
603656,603656,603658,2,0
603656,603656,603658,2,0
603656,603656,603657,1,0
603656,603656,603658,2,0
603656,603656,603658,2,0
603656,603656,603658,2,0
603656,603656,603658,2,0
603656,603656,603658,2,0
603656,603656,603658,2,0
603656,603656,603658,2,0
603656,603656,603658,2,0
603656,603656,603660,4,0
603656,603656,603660,4,0
603656,603656,603661,5,0
603656,603656,603660,4,0
603656,603656,603660,4,0
603656,603656,603660,4,0
603656,603656,603660,4,0
603656,603656,603660,4,0
603656,603656,603660,4,0
603656,603660,603661,1,4
603656,603656,603661,5,0
603656,603656,603660,4,0
603656,603658,603661,3,2
603656,603659,603661,2,3
603656,603656,603661,5,0
603656,603656,603660,4,0
603656,603656,603660,4,0
603656,603656,603660,4,0
603656,603658,603661,3,2
603656,603658,603661,3,2
603656,603658,603661,3,2
603656,603656,603661,5,0
603656,603656,603661,5,0
603656,603656,603661,5,0
603656,603658,603661,3,2
603656,603659,603661,2,3
603656,603659,603661,2,3
603656,603659,603661,2,3
603656,603659,603661,2,3
603656,603659,603661,2,3
603656,603659,603661,2,3
603656,603659,603661,2,3
603656,603658,603661,3,2
603656,603658,603661,3,2
603656,603658,603661,3,2
603656,603658,603661,3,2
603656,603658,603661,3,2
603656,603658,603662,4,2
603656,603659,603662,3,3
603656,603658,603662,4,2
603656,603658,603661,3,2
603656,603658,603662,4,2
603656,603658,603662,4,2
603656,603658,603661,3,2
603651,603651,603663,12,0
603651,603651,603664,13,0
603651,603651,603664,13,0
603651,603651,603664,13,0
603651,603651,603663,12,0
603651,603651,603664,13,0
603656,603656,603664,8,0
603656,603656,603664,8,0
603656,603656,603664,8,0
603656,603656,603664,8,0
603656,603656,603665,9,0
603656,603656,603664,8,0
603656,603656,603664,8,0
603656,603656,603665,9,0
603651,603651,603664,13,0
603651,603651,603664,13,0
603651,603651,603664,13,0
603651,603651,603664,13,0
603651,603651,603664,13,0
603656,603656,603664,8,0
603656,603657,603664,7,1
603656,603656,603664,8,0
603664,603664,603665,1,0
603664,603664,603665,1,0
603664,603664,603665,1,0
603664,603664,603666,2,0
603664,603664,603666,2,0
603664,603664,603666,2,0
603664,603664,603666,2,0
603664,603664,603666,2,0
603664,603664,603666,2,0
603664,603664,603666,2,0
603664,603664,603666,2,0
603664,603664,603666,2,0
603664,603664,603666,2,0
603664,603664,603666,2,0
603664,603664,603666,2,0
603664,603664,603666,2,0
603664,603664,603666,2,0
603664,603664,603666,2,0
603664,603664,603666,2,0
603664,603664,603666,2,0
603664,603664,603666,2,0
603664,603664,603666,2,0
603664,603664,603666,2,0
603664,603664,603665,1,0
603664,603664,603666,2,0
603664,603664,603666,2,0
603664,603664,603666,2,0
603664,603664,603666,2,0
603664,603664,603666,2,0
603664,603664,603666,2,0
603664,603664,603666,2,0
603664,603664,603666,2,0
603664,603664,603667,3,0
603664,603664,603666,2,0
603664,603664,603666,2,0
603664,603664,603666,2,0
603664,603664,603666,2,0
603664,603664,603666,2,0
603664,603664,603666,2,0
603664,603664,603667,3,0
603513,603515,603681,166,2
603685,603685,603687,2,0
603685,603685,603686,1,0
603685,603685,603687,2,0
603685,603685,603687,2,0
603685,603685,603686,1,0
603685,603685,603687,2,0
603685,603685,603687,2,0
603685,603685,603686,1,0
603685,603685,603687,2,0
603685,603685,603686,1,0
603685,603685,603687,2,0
603685,603685,603686,1,0
603685,603685,603687,2,0
603685,603685,603686,1,0
603685,603685,603687,2,0
603685,603685,603687,2,0
603685,603685,603687,2,0
603685,603685,603687,2,0
603685,603685,603687,2,0
603685,603685,603687,2,0
603685,603685,603687,2,0
603685,603685,603687,2,0
603685,603685,603687,2,0
603685,603685,603687,2,0
603685,603685,603687,2,0
603685,603685,603687,2,0
603685,603685,603687,2,0
603685,603685,603687,2,0
603685,603685,603687,2,0
603685,603685,603687,2,0
603685,603685,603687,2,0
603685,603685,603687,2,0
603685,603685,603687,2,0
603685,603685,603688,3,0
603685,603685,603687,2,0
603685,603685,603688,3,0
603685,603685,603691,6,0
603685,603685,603697,12,0
603685,603685,603697,12,0
603685,603685,603698,13,0
603532,603541,603699,158,9
603565,603567,603701,134,2
603702,603702,603704,2,0
603702,603702,603704,2,0
603702,603702,603704,2,0
603702,603702,603704,2,0
603702,603702,603704,2,0
603702,603702,603704,2,0
603702,603702,603704,2,0
603702,603702,603704,2,0
603702,603702,603704,2,0
603702,603702,603704,2,0
603702,603702,603703,1,0
603702,603702,603704,2,0
603702,603702,603704,2,0
603702,603702,603704,2,0
603702,603702,603704,2,0
603702,603702,603704,2,0
603702,603702,603704,2,0
603702,603702,603704,2,0
603702,603702,603704,2,0
603702,603702,603704,2,0
603702,603702,603704,2,0
603702,603702,603704,2,0
603702,603702,603704,2,0
603702,603702,603704,2,0
603702,603702,603704,2,0
603702,603702,603704,2,0
603702,603703,603704,1,1
603702,603702,603704,2,0
603702,603703,603705,2,1
603702,603704,603705,1,2
603702,603704,603705,1,2
603702,603704,603705,1,2
603702,603704,603705,1,2
603702,603702,603705,3,0
603702,603702,603705,3,0
603702,603702,603705,3,0
603702,603702,603705,3,0
603702,603702,603706,4,0
603702,603704,603705,1,2
603702,603704,603706,2,2
603702,603704,603706,2,2
603702,603704,603706,2,2
603702,603704,603706,2,2
603702,603704,603706,2,2
603702,603704,603706,2,2
603702,603704,603706,2,2
603702,603704,603706,2,2
603702,603704,603706,2,2
603702,603704,603706,2,2
603702,603704,603706,2,2
603702,603705,603706,1,3
603702,603705,603706,1,3
603702,603705,603706,1,3
603702,603705,603706,1,3
603702,603705,603706,1,3
603702,603705,603706,1,3
603702,603702,603707,5,0
603702,603702,603711,9,0
603702,603702,603712,10,0
603702,603702,603714,12,0
603702,603702,603714,12,0
603702,603702,603716,14,0
603702,603711,603717,6,9
603702,603711,603717,6,9
603702,603711,603717,6,9
603702,603711,603718,7,9
603702,603711,603717,6,9
603702,603711,603718,7,9
603702,603711,603718,7,9
603702,603702,603735,33,0
603702,603702,603742,40,0
603702,603702,603758,56,0
603702,603702,603758,56,0
603702,603702,603758,56,0
603702,603702,603758,56,0
603702,603702,603758,56,0
603702,603702,603758,56,0
603702,603702,603758,56,0
603702,603702,603759,57,0
603702,603702,603759,57,0
603506,603511,603776,265,5
603777,603778,603781,3,1
603777,603778,603782,4,1
603777,603778,603783,5,1
603777,603778,603783,5,1
603777,603778,603783,5,1
603777,603778,603785,7,1
603777,603778,603785,7,1
603777,603778,603785,7,1
603777,603778,603784,6,1
603777,603778,603785,7,1
603777,603778,603787,9,1
603777,603778,603787,9,1
603777,603778,603787,9,1
603777,603778,603787,9,1
603777,603778,603787,9,1
603777,603778,603787,9,1
603777,603778,603788,10,1
603479,603483,603788,305,4
603777,603778,603788,10,1
603777,603778,603788,10,1
603777,603778,603788,10,1
603777,603778,603788,10,1
603777,603778,603788,10,1
603777,603778,603788,10,1
603777,603778,603788,10,1
603777,603778,603789,11,1
603777,603778,603791,13,1
603777,603778,603790,12,1
603777,603778,603791,13,1
603777,603778,603793,15,1
603777,603778,603794,16,1
603791,603791,603794,3,0
603791,603791,603794,3,0
603791,603791,603794,3,0
603777,603778,603794,16,1
603777,603778,603794,16,1
603791,603791,603794,3,0
603777,603778,603796,18,1
603791,603791,603795,4,0
603791,603791,603797,6,0
603791,603791,603797,6,0
603791,603791,603797,6,0
603791,603791,603797,6,0
603791,603791,603797,6,0
603791,603791,603797,6,0
603791,603791,603797,6,0
603791,603791,603797,6,0
603544,603544,603798,254,0
603791,603791,603797,6,0
603791,603791,603797,6,0
603791,603791,603797,6,0
603791,603791,603798,7,0
603791,603794,603798,4,3
603791,603794,603798,4,3
603791,603791,603798,7,0
603791,603791,603799,8,0
603791,603791,603799,8,0
603791,603791,603799,8,0
603791,603791,603799,8,0
603791,603791,603799,8,0
603791,603791,603798,7,0
603791,603795,603799,4,4
603791,603794,603799,5,3
603791,603795,603800,5,4
603791,603794,603801,7,3
603791,603796,603801,5,5
603777,603778,603802,24,1
603791,603793,603803,10,2
603613,603617,603803,186,4
603791,603795,603800,5,4
603791,603796,603801,5,5
603801,603801,603806,5,0
603801,603801,603808,7,0
603801,603801,603809,8,0
603801,603803,603809,6,2
603801,603801,603809,8,0
603801,603801,603809,8,0
603801,603801,603810,9,0
603801,603801,603809,8,0
603791,603797,603812,15,6
603801,603801,603812,11,0
603801,603801,603812,11,0
603801,603801,603812,11,0
603801,603801,603812,11,0
603801,603801,603812,11,0
603801,603801,603812,11,0
603801,603804,603812,8,3
603801,603804,603812,8,3
603801,603801,603812,11,0
603801,603801,603812,11,0
603801,603801,603812,11,0
603801,603801,603812,11,0
603801,603806,603812,6,5
603801,603801,603812,11,0
603801,603801,603812,11,0
603801,603801,603814,13,0
603801,603804,603814,10,3
603801,603803,603814,11,2
603801,603804,603815,11,3
603791,603791,603815,24,0
603801,603808,603816,8,7
603801,603809,603816,7,8
603791,603791,603817,26,0
603801,603809,603816,7,8
603801,603811,603816,5,10
603801,603810,603817,7,9
603801,603810,603817,7,9
603801,603810,603817,7,9
603791,603791,603818,27,0
603791,603791,603819,28,0
603801,603812,603819,7,11
603811,603812,603819,7,1
603811,603812,603819,7,1
603811,603812,603819,7,1
603811,603813,603819,6,2
603791,603791,603819,28,0
603811,603813,603821,8,2
603811,603813,603820,7,2
603811,603813,603821,8,2
603811,603815,603821,6,4
603811,603813,603821,8,2
603811,603816,603820,4,5
603811,603816,603820,4,5
603811,603817,603820,3,6
603811,603813,603821,8,2
603811,603813,603822,9,2
603801,603803,603821,18,2
603811,603817,603822,5,6
603811,603813,603824,11,2
603811,603816,603823,7,5
603777,603778,603824,46,1
603811,603817,603823,6,6
603811,603820,603824,4,9
603811,603818,603825,7,7
603811,603816,603824,8,5
603811,603819,603824,5,8
603811,603814,603825,11,3
603811,603818,603825,7,7
603811,603821,603825,4,10
603811,603819,603825,6,8
603811,603820,603826,6,9
603811,603821,603825,4,10
603811,603815,603826,11,4
603811,603812,603826,14,1
603811,603821,603826,5,10
603811,603821,603826,5,10
603811,603821,603827,6,10
603811,603820,603827,7,9
603811,603820,603829,9,9
603811,603821,603828,7,10
603811,603819,603829,10,8
603801,603801,603831,30,0
603777,603778,603831,53,1
603811,603812,603833,21,1
603801,603812,603833,21,11
603777,603778,603833,55,1
603801,603801,603836,35,0
603801,603801,603836,35,0
603811,603818,603851,33,7
603811,603820,603853,33,9
603643,603645,603857,212,2
603860,603860,603862,2,0
603860,603860,603862,2,0
603860,603860,603863,3,0
603860,603860,603864,4,0
603860,603860,603863,3,0
603860,603860,603863,3,0
603860,603860,603863,3,0
603860,603860,603863,3,0
603860,603860,603864,4,0
603860,603860,603863,3,0
603860,603860,603863,3,0
603860,603860,603863,3,0
603860,603860,603863,3,0
603860,603860,603864,4,0
603860,603860,603865,5,0
603860,603860,603865,5,0
603860,603860,603864,4,0
603860,603860,603864,4,0
603860,603860,603864,4,0
603860,603860,603864,4,0
603860,603860,603864,4,0
603860,603860,603864,4,0
603860,603860,603865,5,0
603860,603860,603864,4,0
603860,603860,603864,4,0
603860,603860,603864,4,0
603860,603860,603864,4,0
603860,603860,603864,4,0
603860,603860,603864,4,0
603860,603863,603864,1,3
603860,603863,603864,1,3
603860,603860,603864,4,0
603860,603860,603864,4,0
603860,603860,603864,4,0
603860,603860,603865,5,0
603860,603860,603864,4,0
603860,603860,603866,6,0
603860,603860,603866,6,0
603860,603860,603866,6,0
603860,603860,603866,6,0
603777,603778,603873,95,1
603777,603778,603894,116,1
603657,603661,603896,235,4
603777,603778,603896,118,1
603601,603606,603907,301,5
603905,603905,603908,3,0
603905,603905,603908,3,0
603905,603905,603908,3,0
603905,603905,603908,3,0
603905,603905,603908,3,0
603905,603905,603908,3,0
603905,603905,603908,3,0
603905,603905,603908,3,0
603905,603905,603908,3,0
603905,603905,603908,3,0
603905,603905,603909,4,0
603905,603905,603908,3,0
603905,603905,603909,4,0
603905,603905,603909,4,0
603905,603905,603909,4,0
603905,603905,603909,4,0
603905,603905,603909,4,0
603905,603905,603909,4,0
603905,603905,603909,4,0
603905,603905,603909,4,0
603905,603905,603909,4,0
603905,603905,603909,4,0
603905,603905,603909,4,0
603905,603905,603909,4,0
603905,603905,603910,5,0
603905,603905,603910,5,0
603905,603905,603910,5,0
603905,603905,603910,5,0
603905,603905,603910,5,0
603905,603905,603910,5,0
603905,603906,603910,4,1
603905,603906,603910,4,1
603905,603906,603911,5,1
603905,603906,603911,5,1
603905,603905,603910,5,0
603905,603905,603911,6,0
603905,603905,603911,6,0
603909,603909,603912,3,0
603909,603909,603912,3,0
603909,603909,603912,3,0
603905,603905,603912,7,0
603905,603906,603912,6,1
603905,603906,603912,6,1
603909,603909,603912,3,0
603909,603909,603912,3,0
603909,603909,603913,4,0
603909,603909,603912,3,0
603909,603909,603913,4,0
603909,603909,603912,3,0
603909,603909,603913,4,0
603909,603909,603913,4,0
603909,603909,603913,4,0
603909,603909,603913,4,0
603909,603910,603913,3,1
603909,603910,603912,2,1
603909,603910,603913,3,1
603909,603910,603913,3,1
603909,603911,603913,2,2
603909,603909,603913,4,0
603909,603909,603913,4,0
603909,603909,603913,4,0
603909,603910,603913,3,1
603909,603910,603913,3,1
603909,603910,603913,3,1
603909,603912,603915,3,3
603909,603910,603915,5,1
603909,603910,603915,5,1
603909,603912,603915,3,3
603909,603911,603916,5,2
603909,603911,603916,5,2
603909,603911,603917,6,2
603909,603911,603917,6,2
603909,603911,603918,7,2
603909,603911,603918,7,2
603909,603914,603921,7,5
603909,603914,603921,7,5
603909,603914,603922,8,5
603909,603914,603922,8,5
603625,603625,603924,299,0
603909,603912,603925,13,3
603593,603598,603925,327,5
603652,603652,603926,274,0
603636,603639,603929,290,3
603926,603926,603928,2,0
603926,603926,603929,3,0
603926,603926,603929,3,0
603926,603926,603928,2,0
603926,603926,603929,3,0
603926,603926,603929,3,0
603909,603912,603929,17,3
603926,603926,603929,3,0
603926,603926,603932,6,0
603926,603926,603931,5,0
603926,603926,603932,6,0
603926,603926,603932,6,0
603926,603926,603932,6,0
603926,603926,603932,6,0
603926,603926,603932,6,0
603926,603926,603932,6,0
603926,603926,603932,6,0
603926,603926,603932,6,0
603926,603926,603932,6,0
603926,603927,603932,5,1
603926,603926,603932,6,0
603926,603926,603932,6,0
603926,603927,603932,5,1
603926,603926,603932,6,0
603926,603926,603933,7,0
603926,603926,603934,8,0
603926,603926,603933,7,0
603926,603926,603934,8,0
603926,603926,603934,8,0
603926,603930,603935,5,4
603926,603930,603935,5,4
603926,603933,603935,2,7
603926,603926,603935,9,0
603926,603926,603934,8,0
603926,603926,603935,9,0
603926,603929,603934,5,3
603926,603929,603934,5,3
603926,603929,603934,5,3
603926,603929,603934,5,3
603926,603929,603935,6,3
603926,603930,603935,5,4
603926,603926,603934,8,0
603926,603932,603936,4,6
603926,603933,603937,4,7
603926,603933,603937,4,7
603926,603934,603937,3,8
603926,603934,603937,3,8
603926,603935,603937,2,9
603926,603932,603937,5,6
603926,603932,603937,5,6
603926,603932,603937,5,6
603926,603932,603937,5,6
603926,603932,603937,5,6
603926,603932,603937,5,6
603926,603932,603937,5,6
603926,603932,603937,5,6
603926,603932,603937,5,6
603926,603932,603937,5,6
603926,603932,603937,5,6
603926,603933,603937,4,7
603926,603935,603937,2,9
603926,603935,603937,2,9
603926,603935,603937,2,9
603926,603935,603937,2,9
603926,603934,603939,5,8
603937,603937,603942,5,0
603937,603937,603942,5,0
603937,603938,603942,4,1
603926,603935,603942,7,9
603926,603935,603942,7,9
603926,603933,603942,9,7
603926,603934,603942,8,8
603926,603935,603942,7,9
603937,603937,603942,5,0
603937,603937,603943,6,0
603937,603937,603943,6,0
603937,603937,603943,6,0
603937,603937,603943,6,0
603937,603937,603943,6,0
603937,603937,603943,6,0
603937,603937,603943,6,0
603937,603937,603943,6,0
603937,603938,603942,4,1
603937,603938,603943,5,1
603937,603937,603943,6,0
603937,603937,603943,6,0
603937,603937,603944,7,0
603937,603937,603945,8,0
603937,603937,603944,7,0
603937,603937,603945,8,0
603937,603937,603945,8,0
603937,603942,603946,4,5
603937,603942,603945,3,5
603926,603926,603946,20,0
603926,603926,603946,20,0
603926,603926,603946,20,0
603926,603926,603946,20,0
603937,603940,603947,7,3
603937,603944,603946,2,7
603937,603944,603946,2,7
603937,603944,603946,2,7
603938,603944,603946,2,6
603937,603942,603946,4,5
603937,603944,603946,2,7
603938,603944,603946,2,6
603937,603943,603946,3,6
603926,603926,603946,20,0
603926,603930,603946,16,4
603926,603926,603947,21,0
603938,603945,603947,2,7
603938,603944,603948,4,6
603938,603944,603948,4,6
603938,603944,603948,4,6
603938,603944,603948,4,6
603938,603944,603948,4,6
603937,603937,603948,11,0
603937,603943,603948,5,6
603937,603943,603948,5,6
603937,603943,603949,6,6
603937,603943,603948,5,6
603926,603926,603948,22,0
603926,603926,603948,22,0
603938,603946,603948,2,8
603938,603944,603948,4,6
603938,603945,603948,3,7
603938,603945,603948,3,7
603938,603946,603948,2,8
603938,603946,603948,2,8
603937,603943,603949,6,6
603938,603947,603949,2,9
603938,603947,603950,3,9
603938,603947,603950,3,9
603938,603947,603950,3,9
603938,603948,603950,2,10
603938,603947,603950,3,9
603938,603948,603950,2,10
603938,603948,603950,2,10
603938,603948,603950,2,10
603938,603946,603950,4,8
603938,603947,603950,3,9
603938,603947,603950,3,9
603938,603947,603950,3,9
603938,603948,603950,2,10
603938,603947,603950,3,9
603938,603947,603950,3,9
603938,603946,603950,4,8
603938,603947,603950,3,9
603938,603948,603950,2,10
603938,603948,603950,2,10
603937,603937,603950,13,0
603938,603947,603953,6,9
603937,603938,603954,16,1
603926,603926,603948,22,0
603926,603926,603948,22,0
603938,603949,603955,6,11
603938,603949,603955,6,11
603937,603937,603956,19,0
603937,603937,603958,21,0
603938,603955,603960,5,17
603938,603955,603965,10,17
603938,603948,603968,20,10
603620,603621,603972,351,1
603974,603974,603979,5,0
603974,603974,603978,4,0
603974,603974,603978,4,0
603974,603974,603979,5,0
603974,603974,603979,5,0
603974,603974,603979,5,0
603974,603974,603978,4,0
603974,603974,603980,6,0
603974,603974,603980,6,0
603974,603974,603979,5,0
603974,603974,603979,5,0
603974,603974,603979,5,0
603974,603974,603981,7,0
603974,603974,603981,7,0
603974,603974,603980,6,0
603974,603974,603981,7,0
603974,603974,603980,6,0
603974,603974,603980,6,0
603974,603974,603981,7,0
603974,603974,603981,7,0
603974,603974,603983,9,0
603974,603978,603983,5,4
603974,603974,603983,9,0
603974,603978,603984,6,4
603974,603978,603984,6,4
603974,603974,603984,10,0
603974,603974,603984,10,0
603974,603974,603985,11,0
603974,603978,603985,7,4
603974,603978,603985,7,4
603974,603974,603986,12,0
603974,603974,603986,12,0
603974,603974,603987,13,0
603974,603974,603993,19,0
603974,603974,603993,19,0
603974,603974,604019,45,0
603974,603974,604019,45,0
603974,603974,604019,45,0
603974,603974,604020,46,0
603974,603974,604021,47,0
603706,603707,604041,334,1
604042,604042,604045,3,0
604042,604042,604045,3,0
604042,604042,604046,4,0
604042,604043,604046,3,1
604042,604043,604046,3,1
604042,604043,604046,3,1
604042,604043,604046,3,1
604042,604042,604046,4,0
604042,604042,604046,4,0
604042,604042,604046,4,0
604042,604042,604047,5,0
604042,604042,604047,5,0
604042,604043,604047,4,1
604042,604042,604047,5,0
604042,604042,604047,5,0
604042,604043,604047,4,1
604042,604042,604047,5,0
604042,604042,604047,5,0
604042,604042,604047,5,0
604042,604042,604047,5,0
604042,604042,604047,5,0
604042,604042,604047,5,0
604042,604043,604047,4,1
604042,604043,604047,4,1
604042,604043,604048,5,1
604042,604043,604048,5,1
604042,604042,604048,6,0
604042,604043,604048,5,1
604042,604042,604048,6,0
604042,604043,604048,5,1
604042,604042,604049,7,0
604042,604043,604049,6,1
604042,604042,604049,7,0
604042,604042,604049,7,0
604042,604042,604049,7,0
604042,604042,604049,7,0
604042,604042,604050,8,0
604042,604042,604050,8,0
604042,604042,604050,8,0
604042,604042,604050,8,0
603686,603686,604067,381,0
603691,603692,604069,377,1
604070,604071,604073,2,1
604070,604071,604073,2,1
604070,604071,604073,2,1
604071,604071,604073,2,0
604070,604071,604074,3,1
604070,604071,604075,4,1
604070,604071,604074,3,1
604070,604071,604075,4,1
604070,604071,604074,3,1
604071,604071,604074,3,0
604070,604071,604075,4,1
604070,604071,604075,4,1
604070,604071,604075,4,1
604070,604071,604075,4,1
604071,604074,604076,2,3
604071,604074,604076,2,3
604070,604071,604076,5,1
604070,604071,604076,5,1
604070,604071,604075,4,1
603749,603749,604076,327,0
604070,604071,604075,4,1
604070,604071,604075,4,1
604070,604071,604075,4,1
604070,604071,604075,4,1
604070,604071,604075,4,1
604070,604071,604076,5,1
604070,604071,604075,4,1
604070,604071,604076,5,1
604070,604071,604076,5,1
604070,604071,604075,4,1
604070,604071,604075,4,1
604070,604071,604075,4,1
604070,604071,604075,4,1
604070,604071,604075,4,1
604070,604071,604075,4,1
604071,604074,604076,2,3
604071,604074,604076,2,3
604070,604071,604077,6,1
604070,604071,604076,5,1
604070,604071,604077,6,1
604070,604071,604078,7,1
604071,604076,604078,2,5
604071,604075,604078,3,4
604071,604075,604078,3,4
604071,604075,604078,3,4
604071,604076,604078,2,5
604071,604076,604078,2,5
604071,604076,604078,2,5
604070,604071,604078,7,1
604071,604076,604079,3,5
604071,604076,604079,3,5
604071,604075,604078,3,4
604071,604076,604078,2,5
604071,604075,604078,3,4
604071,604075,604078,3,4
604071,604076,604078,2,5
604071,604076,604079,3,5
604071,604076,604079,3,5
604071,604076,604078,2,5
604071,604076,604078,2,5
604071,604076,604078,2,5
604071,604076,604079,3,5
604071,604076,604080,4,5
604071,604076,604081,5,5
604076,604078,604082,4,2
604076,604078,604083,5,2
604070,604071,604083,12,1
604070,604071,604083,12,1
604070,604071,604083,12,1
604070,604071,604083,12,1
604070,604071,604083,12,1
604076,604079,604083,4,3
604076,604079,604083,4,3
604071,604076,604083,7,5
604071,604076,604083,7,5
604076,604077,604083,6,1
604071,604076,604083,7,5
604071,604076,604083,7,5
604071,604076,604083,7,5
604071,604076,604083,7,5
604071,604076,604083,7,5
604076,604079,604083,4,3
604076,604079,604083,4,3
604076,604081,604084,3,5
604071,604076,604083,7,5
604071,604076,604083,7,5
604071,604076,604083,7,5
604076,604079,604083,4,3
604076,604079,604084,5,3
604076,604080,604084,4,4
604076,604079,604084,5,3
604076,604079,604083,4,3
604076,604078,604083,5,2
604076,604078,604083,5,2
604076,604078,604083,5,2
604071,604077,604084,7,6
604076,604078,604085,7,2
604076,604084,604085,1,8
604071,604076,604084,8,5
604076,604083,604085,2,7
604076,604079,604084,5,3
604076,604083,604085,2,7
604076,604079,604085,6,3
604076,604079,604085,6,3
604076,604079,604085,6,3
604076,604079,604085,6,3
604076,604084,604086,2,8
604076,604079,604086,7,3
604076,604079,604086,7,3
604076,604084,604086,2,8
604076,604084,604086,2,8
604076,604084,604086,2,8
604076,604084,604089,5,8
604076,604084,604088,4,8
604076,604084,604088,4,8
604076,604087,604091,4,11
604076,604087,604091,4,11
604076,604087,604091,4,11
604076,604087,604091,4,11
603704,603705,604092,387,1
604076,604087,604093,6,11
603780,603780,604094,314,0
604102,604102,604106,4,0
604102,604102,604106,4,0
604102,604102,604106,4,0
604102,604102,604106,4,0
604102,604102,604106,4,0
604102,604102,604106,4,0
604102,604102,604106,4,0
604102,604102,604107,5,0
604102,604102,604106,4,0
604102,604102,604106,4,0
604102,604102,604106,4,0
604102,604102,604106,4,0
604102,604102,604106,4,0
604102,604102,604106,4,0
604102,604102,604106,4,0
604102,604102,604106,4,0
604102,604102,604106,4,0
604102,604102,604106,4,0
604102,604102,604106,4,0
604103,604103,604108,5,0
604102,604102,604108,6,0
604102,604102,604108,6,0
604102,604102,604108,6,0
604102,604102,604108,6,0
604102,604102,604108,6,0
604102,604102,604109,7,0
604102,604102,604109,7,0
604076,604079,604110,31,3
604102,604102,604111,9,0
604102,604102,604111,9,0
604102,604102,604110,8,0
604103,604107,604110,3,4
604103,604107,604110,3,4
604103,604107,604110,3,4
604103,604107,604110,3,4
604103,604107,604110,3,4
604103,604108,604111,3,5
604103,604107,604111,4,4
604102,604102,604111,9,0
604103,604107,604112,5,4
604103,604107,604112,5,4
604103,604107,604112,5,4
604103,604108,604112,4,5
604103,604108,604112,4,5
604103,604108,604112,4,5
604103,604107,604112,5,4
604103,604107,604111,4,4
604103,604107,604112,5,4
604102,604102,604112,10,0
604103,604107,604113,6,4
604103,604107,604112,5,4
604103,604107,604112,5,4
604103,604108,604113,5,5
604103,604108,604112,4,5
604103,604109,604112,3,6
604103,604107,604113,6,4
604103,604107,604113,6,4
604103,604107,604113,6,4
604103,604111,604114,3,8
604103,604109,604114,5,6
604103,604111,604114,3,8
604103,604107,604113,6,4
604103,604111,604114,3,8
604103,604111,604114,3,8
604103,604111,604114,3,8
604103,604111,604114,3,8
604103,604111,604115,4,8
604103,604111,604114,3,8
604103,604112,604118,6,9
604103,604111,604131,20,8
604102,604102,604135,33,0
604103,604111,604135,24,8
604102,604102,604135,33,0
604102,604102,604135,33,0
604102,604102,604135,33,0
604102,604102,604135,33,0
604102,604102,604135,33,0
604102,604102,604135,33,0
604102,604102,604135,33,0
604102,604102,604135,33,0
604103,604110,604135,25,7
603665,603665,604136,471,0
603648,603648,604146,498,0
604143,604144,604146,2,1
604143,604144,604146,2,1
604143,604144,604146,2,1
604143,604144,604146,2,1
604143,604144,604146,2,1
604143,604144,604147,3,1
604143,604144,604147,3,1
604143,604144,604147,3,1
604143,604144,604147,3,1
604143,604144,604147,3,1
604143,604144,604147,3,1
604143,604144,604148,4,1
604143,604144,604147,3,1
604143,604144,604147,3,1
604143,604144,604147,3,1
604143,604144,604147,3,1
604143,604144,604148,4,1
604143,604144,604148,4,1
604143,604144,604149,5,1
604143,604144,604148,4,1
604143,604144,604148,4,1
604143,604144,604148,4,1
604143,604144,604148,4,1
604143,604144,604149,5,1
604143,604144,604149,5,1
604143,604144,604149,5,1
604143,604144,604149,5,1
604143,604144,604149,5,1
604143,604144,604149,5,1
604143,604144,604149,5,1
603862,603865,604149,284,3
604143,604144,604149,5,1
604143,604144,604149,5,1
603814,603821,604154,333,7
604143,604143,604150,7,0
604143,604144,604151,7,1
604143,604144,604151,7,1
604143,604144,604151,7,1
604143,604144,604151,7,1
604154,604154,604157,3,0
604154,604154,604157,3,0
604154,604154,604158,4,0
604154,604154,604158,4,0
604154,604154,604158,4,0
604154,604154,604158,4,0
604154,604154,604158,4,0
604154,604154,604158,4,0
604154,604154,604158,4,0
604154,604154,604158,4,0
604154,604154,604158,4,0
604154,604154,604158,4,0
604154,604154,604158,4,0
604154,604154,604158,4,0
604154,604155,604158,3,1
604154,604155,604158,3,1
604154,604154,604158,4,0
604154,604154,604158,4,0
604154,604154,604158,4,0
604154,604154,604158,4,0
604154,604157,604159,2,3
604143,604144,604150,6,1
604143,604144,604150,6,1
604143,604144,604149,5,1
604154,604154,604160,6,0
604154,604154,604160,6,0
604154,604154,604160,6,0
604154,604154,604160,6,0
604154,604154,604159,5,0
604156,604158,604160,2,2
604156,604158,604160,2,2
604154,604157,604161,4,3
604156,604159,604161,2,3
604156,604159,604161,2,3
604156,604159,604161,2,3
604156,604159,604161,2,3
604156,604159,604161,2,3
604156,604159,604161,2,3
604156,604159,604161,2,3
604156,604159,604161,2,3
604156,604159,604161,2,3
604156,604159,604161,2,3
604156,604159,604161,2,3
604156,604159,604161,2,3
604156,604159,604161,2,3
604156,604159,604162,3,3
604156,604159,604161,2,3
604156,604159,604161,2,3
604156,604159,604161,2,3
604154,604157,604162,5,3
604154,604157,604162,5,3
604154,604157,604162,5,3
604156,604159,604162,3,3
604156,604162,604163,1,6
604156,604161,604163,2,5
604154,604157,604163,6,3
604154,604160,604163,3,6
604154,604161,604163,2,7
604156,604161,604163,2,5
604156,604161,604163,2,5
604156,604161,604163,2,5
604156,604162,604164,2,6
604156,604162,604163,1,6
604156,604162,604164,2,6
604156,604162,604163,1,6
604160,604162,604163,1,2
604160,604162,604163,1,2
604160,604162,604163,1,2
604160,604162,604164,2,2
604156,604161,604163,2,5
604156,604160,604164,4,4
604156,604161,604164,3,5
604156,604161,604164,3,5
604156,604162,604164,2,6
604156,604162,604164,2,6
604156,604162,604164,2,6
604156,604161,604164,3,5
604156,604161,604164,3,5
604154,604161,604164,3,7
604160,604162,604164,2,2
604160,604162,604164,2,2
604160,604162,604165,3,2
604160,604162,604165,3,2
604156,604161,604165,4,5
604160,604162,604165,3,2
604156,604161,604166,5,5
604160,604163,604166,3,3
604160,604162,604166,4,2
604160,604162,604166,4,2
604160,604163,604166,3,3
604160,604164,604166,2,4
604160,604164,604166,2,4
604160,604164,604166,2,4
604160,604164,604166,2,4
604160,604164,604166,2,4
604160,604163,604166,3,3
604160,604164,604166,2,4
604160,604164,604166,2,4
604160,604164,604166,2,4
604160,604164,604167,3,4
604160,604165,604167,2,5
604160,604165,604167,2,5
604160,604164,604167,3,4
604160,604165,604167,2,5
604160,604165,604167,2,5
604160,604165,604167,2,5
604160,604165,604168,3,5
604160,604165,604169,4,5
604160,604165,604170,5,5
604160,604165,604173,8,5
604160,604165,604173,8,5
604154,604155,604176,21,1
604160,604163,604177,14,3
604154,604154,604178,24,0
604154,604154,604181,27,0
604154,604155,604181,26,1
604154,604154,604182,28,0
604154,604155,604182,27,1
603805,603812,604184,372,7
604160,604164,604184,20,4
604160,604164,604185,21,4
604160,604164,604186,22,4
603794,603797,604187,390,3
604160,604164,604187,23,4
603672,603672,604188,516,0
604160,604164,604188,24,4
603680,603680,604190,510,0
603698,603698,604192,494,0
604194,604194,604196,2,0
604194,604194,604196,2,0
604194,604194,604197,3,0
604194,604194,604197,3,0
604194,604194,604198,4,0
604194,604194,604197,3,0
604194,604194,604198,4,0
604194,604194,604197,3,0
604194,604194,604198,4,0
604194,604194,604199,5,0
604194,604194,604198,4,0
604194,604194,604198,4,0
604194,604194,604198,4,0
604194,604194,604198,4,0
604195,604195,604198,3,0
604194,604194,604198,4,0
604194,604194,604199,5,0
604194,604194,604198,4,0
604194,604194,604198,4,0
604194,604194,604198,4,0
604194,604194,604198,4,0
604194,604194,604198,4,0
604194,604194,604198,4,0
604194,604194,604198,4,0
604194,604194,604198,4,0
604195,604195,604198,3,0
604194,604194,604198,4,0
604194,604194,604198,4,0
604195,604195,604198,3,0
604195,604195,604198,3,0
604195,604195,604198,3,0
604194,604194,604198,4,0
604194,604194,604198,4,0
604194,604194,604199,5,0
604195,604197,604200,3,2
604194,604194,604200,6,0
604194,604194,604199,5,0
604194,604194,604200,6,0
604194,604194,604199,5,0
604195,604197,604199,2,2
604194,604194,604200,6,0
604195,604198,604200,2,3
604194,604194,604201,7,0
604195,604199,604203,4,4
604195,604199,604203,4,4
604195,604199,604203,4,4
604195,604200,604203,3,5
604195,604198,604203,5,3
604195,604198,604203,5,3
604195,604199,604203,4,4
604195,604199,604203,4,4
604195,604199,604204,5,4
604195,604199,604205,6,4
604195,604199,604205,6,4
604195,604199,604205,6,4
604195,604199,604205,6,4
604195,604199,604205,6,4
604195,604199,604205,6,4
604195,604199,604205,6,4
604195,604199,604205,6,4
604195,604198,604205,7,3
604195,604199,604205,6,4
604195,604199,604205,6,4
604195,604199,604205,6,4
604195,604199,604204,5,4
604195,604199,604204,5,4
604195,604199,604204,5,4
604195,604199,604204,5,4
604195,604199,604204,5,4
604195,604198,604204,6,3
604195,604198,604204,6,3
604195,604198,604204,6,3
604199,604200,604205,5,1
604199,604201,604207,6,2
604195,604199,604207,8,4
604195,604199,604207,8,4
604199,604203,604207,4,4
604199,604204,604207,3,5
604199,604204,604207,3,5
604199,604204,604207,3,5
604199,604204,604207,3,5
604195,604200,604207,7,5
604199,604204,604207,3,5
604199,604203,604207,4,4
604199,604203,604207,4,4
604199,604200,604207,7,1
604199,604200,604207,7,1
604199,604200,604207,7,1
604199,604200,604207,7,1
604199,604201,604209,8,2
604199,604202,604209,7,3
604199,604205,604209,4,6
604199,604205,604209,4,6
604199,604205,604209,4,6
604199,604205,604209,4,6
604199,604207,604209,2,8
604199,604205,604209,4,6
604199,604205,604209,4,6
604199,604205,604209,4,6
604199,604205,604209,4,6
604199,604207,604209,2,8
604199,604205,604209,4,6
604199,604205,604209,4,6
604199,604205,604209,4,6
604199,604205,604209,4,6
604199,604205,604209,4,6
604199,604205,604209,4,6
604199,604205,604209,4,6
604199,604205,604209,4,6
604199,604205,604209,4,6
604199,604205,604209,4,6
604199,604205,604209,4,6
604199,604205,604209,4,6
604199,604205,604209,4,6
603694,603694,604209,515,0
604194,604194,604209,15,0
604199,604209,604210,1,10
604194,604194,604211,17,0
604194,604194,604211,17,0
604194,604194,604212,18,0
604194,604194,604212,18,0
603977,603977,604214,237,0
604217,604217,604221,4,0
604217,604217,604221,4,0
604217,604217,604221,4,0
604217,604217,604220,3,0
604217,604217,604221,4,0
604217,604217,604221,4,0
604217,604217,604221,4,0
604217,604217,604220,3,0
604217,604217,604220,3,0
604217,604217,604220,3,0
604218,604218,604221,3,0
604218,604218,604221,3,0
604217,604217,604221,4,0
603688,603688,604221,533,0
604217,604217,604221,4,0
604217,604217,604222,5,0
604217,604217,604221,4,0
604218,604218,604222,4,0
604217,604217,604221,4,0
604217,604217,604222,5,0
604217,604217,604222,5,0
604218,604218,604222,4,0
604217,604217,604223,6,0
604217,604217,604222,5,0
604218,604218,604224,6,0
604217,604217,604224,7,0
604217,604217,604224,7,0
604218,604218,604223,5,0
604217,604217,604224,7,0
604217,604217,604224,7,0
604217,604217,604223,6,0
604217,604217,604224,7,0
604217,604217,604224,7,0
604218,604221,604224,3,3
604218,604221,604225,4,3
604218,604221,604225,4,3
604218,604221,604224,3,3
604218,604221,604225,4,3
604218,604221,604225,4,3
604217,604217,604224,7,0
604218,604221,604225,4,3
604218,604222,604225,3,4
604217,604217,604225,8,0
604217,604217,604225,8,0
604217,604217,604225,8,0
604218,604221,604225,4,3
604218,604221,604225,4,3
604218,604221,604224,3,3
604217,604217,604225,8,0
604217,604217,604225,8,0
604217,604217,604225,8,0
604217,604217,604225,8,0
604218,604222,604225,3,4
604218,604221,604225,4,3
604218,604221,604225,4,3
604218,604222,604225,3,4
604218,604222,604226,4,4
604218,604221,604225,4,3
604218,604222,604226,4,4
604218,604222,604225,3,4
604218,604223,604225,2,5
604217,604217,604225,8,0
604218,604221,604225,4,3
604218,604223,604226,3,5
604218,604223,604226,3,5
604218,604224,604226,2,6
604218,604224,604227,3,6
604218,604222,604226,4,4
604218,604224,604226,2,6
604218,604224,604227,3,6
604218,604224,604228,4,6
604218,604224,604228,4,6
604218,604224,604228,4,6
604218,604224,604228,4,6
604219,604225,604228,3,6
604219,604225,604228,3,6
604219,604225,604228,3,6
604219,604225,604228,3,6
604219,604225,604228,3,6
604219,604226,604229,3,7
604219,604225,604228,3,6
604219,604225,604229,4,6
604219,604226,604229,3,7
604219,604226,604229,3,7
604219,604226,604229,3,7
604219,604226,604229,3,7
604219,604227,604229,2,8
604219,604225,604229,4,6
604219,604225,604229,4,6
604219,604226,604229,3,7
604219,604226,604229,3,7
604218,604224,604229,5,6
604218,604224,604228,4,6
604219,604225,604229,4,6
604219,604226,604229,3,7
604219,604225,604229,4,6
604219,604225,604229,4,6
604219,604225,604229,4,6
604219,604226,604229,3,7
604219,604226,604229,3,7
604219,604226,604229,3,7
604219,604227,604229,2,8
604219,604225,604229,4,6
604219,604225,604230,5,6
604219,604227,604230,3,8
604219,604228,604230,2,9
604219,604225,604230,5,6
604219,604227,604230,3,8
604219,604227,604230,3,8
604219,604227,604230,3,8
604219,604228,604230,2,9
604219,604229,604230,1,10
604219,604229,604230,1,10
604219,604225,604231,6,6
604220,604229,604232,3,9
604220,604229,604232,3,9
604220,604229,604232,3,9
604220,604229,604232,3,9
604220,604230,604232,2,10
604220,604230,604232,2,10
604220,604230,604232,2,10
604220,604230,604232,2,10
604220,604230,604232,2,10
604220,604230,604232,2,10
604220,604230,604232,2,10
604220,604230,604232,2,10
604220,604230,604232,2,10
604220,604230,604232,2,10
604220,604230,604232,2,10
604220,604230,604232,2,10
604220,604230,604232,2,10
604220,604230,604232,2,10
604220,604230,604232,2,10
604219,604225,604233,8,6
604220,604230,604233,3,10
604220,604230,604232,2,10
604220,604230,604232,2,10
604220,604230,604232,2,10
604220,604230,604232,2,10
604220,604230,604232,2,10
604220,604230,604232,2,10
604220,604230,604232,2,10
604219,604229,604232,3,10
603732,603733,604233,500,1
604220,604230,604233,3,10
604220,604231,604233,2,11
604220,604231,604233,2,11
604220,604230,604233,3,10
604220,604231,604233,2,11
604220,604231,604234,3,11
604220,604231,604234,3,11
604220,604231,604234,3,11
604220,604231,604234,3,11
604220,604231,604234,3,11
603726,603726,604234,508,0
604220,604230,604235,5,10
604220,604231,604235,4,11
604220,604232,604235,3,12
603742,603742,604237,495,0
604217,604217,604238,21,0
604217,604217,604238,21,0
604217,604217,604238,21,0
604217,604217,604238,21,0
604217,604217,604238,21,0
604238,604238,604242,4,0
604238,604238,604242,4,0
604238,604238,604242,4,0
604238,604238,604242,4,0
604238,604238,604242,4,0
604238,604238,604242,4,0
604238,604238,604242,4,0
604238,604238,604242,4,0
604238,604238,604242,4,0
604238,604238,604242,4,0
604238,604238,604242,4,0
604238,604238,604242,4,0
604238,604238,604242,4,0
604238,604238,604242,4,0
604238,604238,604242,4,0
604238,604238,604242,4,0
604238,604238,604242,4,0
604238,604238,604242,4,0
604238,604238,604242,4,0
604238,604238,604242,4,0
604238,604239,604242,3,1
604238,604238,604242,4,0
604238,604239,604242,3,1
604238,604239,604242,3,1
604238,604239,604242,3,1
604238,604239,604242,3,1
604238,604239,604242,3,1
603739,603739,604243,504,0
604238,604238,604243,5,0
604238,604238,604242,4,0
604238,604238,604242,4,0
604238,604238,604242,4,0
604238,604238,604242,4,0
604238,604238,604242,4,0
604238,604238,604243,5,0
604238,604238,604245,7,0
604238,604242,604245,3,4
604238,604243,604245,2,5
604238,604243,604245,2,5
604238,604243,604245,2,5
604238,604243,604245,2,5
604238,604243,604245,2,5
604238,604243,604245,2,5
604238,604238,604245,7,0
604238,604238,604245,7,0
604238,604239,604245,6,1
604238,604239,604245,6,1
604238,604243,604245,2,5
604238,604238,604246,8,0
604238,604238,604246,8,0
604238,604238,604246,8,0
603735,603735,604246,511,0
603753,603753,604245,492,0
604238,604242,604246,4,4
604238,604242,604246,4,4
604238,604242,604246,4,4
604238,604242,604246,4,4
604238,604242,604246,4,4
604238,604242,604246,4,4
604238,604243,604246,3,5
604239,604243,604246,3,4
604239,604243,604246,3,4
604239,604243,604246,3,4
604238,604242,604246,4,4
604238,604243,604247,4,5
604238,604243,604246,3,5
604238,604243,604246,3,5
604239,604244,604247,3,5
604238,604238,604246,8,0
603757,603757,604247,490,0
603948,603949,604246,297,1
604238,604243,604246,3,5
604238,604243,604246,3,5
604238,604243,604247,4,5
604238,604242,604248,6,4
604238,604243,604247,4,5
604238,604243,604247,4,5
604238,604243,604248,5,5
604239,604245,604248,3,6
604239,604245,604248,3,6
604239,604246,604249,3,7
604239,604246,604249,3,7
604239,604246,604249,3,7
604239,604246,604249,3,7
604239,604246,604249,3,7
604239,604247,604249,2,8
604239,604247,604249,2,8
604239,604246,604248,2,7
604239,604246,604249,3,7
604239,604247,604249,2,8
604239,604247,604249,2,8
604239,604247,604249,2,8
604239,604246,604250,4,7
604239,604246,604250,4,7
604239,604246,604250,4,7
604239,604246,604250,4,7
604239,604247,604250,3,8
604239,604247,604250,3,8
604239,604247,604250,3,8
604239,604247,604250,3,8
604239,604246,604250,4,7
604239,604247,604250,3,8
604239,604247,604250,3,8
604239,604247,604250,3,8
604239,604247,604250,3,8
604239,604247,604250,3,8
604239,604247,604250,3,8
604239,604246,604250,4,7
604239,604247,604250,3,8
604239,604248,604250,2,9
604239,604248,604250,2,9
604239,604246,604251,5,7
604239,604247,604251,4,8
604239,604249,604252,3,10
604239,604249,604252,3,10
604239,604248,604251,3,9
604239,604246,604252,6,7
604239,604246,604252,6,7
604239,604246,604252,6,7
604239,604247,604252,5,8
604239,604248,604252,4,9
604239,604247,604252,5,8
604239,604249,604253,4,10
604239,604250,604252,2,11
604239,604250,604252,2,11
604239,604250,604252,2,11
604239,604249,604252,3,10
604239,604249,604252,3,10
604239,604249,604252,3,10
604239,604249,604253,4,10
604239,604249,604252,3,10
604239,604249,604252,3,10
604239,604248,604253,5,9
604239,604249,604253,4,10
604239,604250,604253,3,11
604239,604250,604253,3,11
604239,604251,604253,2,12
604239,604250,604253,3,11
604239,604251,604253,2,12
604239,604251,604254,3,12
604239,604251,604254,3,12
604239,604251,604254,3,12
604239,604251,604254,3,12
604239,604251,604255,4,12
604239,604251,604254,3,12
604239,604250,604255,5,11
604239,604250,604255,5,11
604239,604250,604255,5,11
604239,604250,604255,5,11
604239,604251,604255,4,12
604239,604251,604255,4,12
604239,604251,604255,4,12
604238,604250,604255,5,12
604238,604250,604255,5,12
604238,604250,604255,5,12
604238,604250,604255,5,12
604238,604250,604255,5,12
603746,603746,604256,510,0
604238,604238,604256,18,0
604238,604238,604258,20,0
604239,604251,604261,10,12
604238,604238,604265,27,0
604238,604238,604265,27,0
604238,604238,604265,27,0
604238,604239,604265,26,1
604239,604251,604265,14,12
603908,603908,604268,360,0
603944,603949,604268,319,5
603940,603949,604276,327,9
603929,603935,604280,345,6
604104,604112,604281,169,8
604283,604283,604285,2,0
604283,604283,604285,2,0
604283,604283,604285,2,0
604283,604283,604285,2,0
604283,604283,604285,2,0
604283,604283,604285,2,0
604283,604283,604285,2,0
604283,604284,604286,2,1
604283,604283,604285,2,0
604283,604283,604285,2,0
604283,604283,604285,2,0
604283,604283,604285,2,0
604283,604283,604285,2,0
604283,604283,604285,2,0
604283,604283,604285,2,0
604283,604283,604285,2,0
604283,604283,604285,2,0
604283,604283,604285,2,0
604283,604284,604286,2,1
604283,604283,604286,3,0
604283,604283,604285,2,0
604283,604283,604285,2,0
604283,604283,604285,2,0
604283,604283,604285,2,0
604283,604283,604285,2,0
604283,604284,604285,1,1
604283,604284,604285,1,1
604283,604284,604285,1,1
604283,604284,604285,1,1
604283,604284,604285,1,1
604283,604283,604286,3,0
604283,604283,604286,3,0
604283,604284,604287,3,1
604283,604284,604286,2,1
604283,604283,604286,3,0
604283,604283,604286,3,0
604283,604283,604286,3,0
604283,604284,604286,2,1
604283,604284,604286,2,1
604283,604283,604286,3,0
604283,604283,604286,3,0
604283,604283,604286,3,0
604283,604284,604286,2,1
604283,604286,604287,1,3
604283,604283,604286,3,0
604283,604284,604286,2,1
604283,604283,604287,4,0
604283,604284,604286,2,1
604283,604284,604286,2,1
604283,604284,604286,2,1
604283,604283,604286,3,0
604283,604283,604286,3,0
604283,604284,604286,2,1
604283,604284,604287,3,1
604283,604284,604286,2,1
604283,604284,604286,2,1
604283,604284,604286,2,1
604283,604283,604286,3,0
604283,604284,604286,2,1
604284,604286,604287,1,2
604284,604286,604287,1,2
604284,604286,604287,1,2
604284,604286,604287,1,2
604284,604286,604287,1,2
604283,604286,604287,1,3
604283,604286,604287,1,3
604283,604286,604287,1,3
604283,604286,604287,1,3
604283,604286,604287,1,3
604283,604286,604287,1,3
604283,604286,604287,1,3
604283,604286,604287,1,3
604283,604286,604287,1,3
604283,604286,604287,1,3
604283,604286,604287,1,3
604283,604286,604287,1,3
604283,604286,604287,1,3
604283,604286,604287,1,3
604283,604286,604287,1,3
604283,604286,604287,1,3
604044,604044,604287,243,0
604283,604286,604287,1,3
604283,604286,604287,1,3
604283,604286,604287,1,3
604283,604286,604287,1,3
604284,604286,604288,2,2
604284,604286,604287,1,2
604284,604286,604287,1,2
604284,604286,604287,1,2
604284,604287,604288,1,3
604284,604287,604288,1,3
604284,604287,604288,1,3
604284,604287,604288,1,3
604284,604287,604288,1,3
604284,604287,604289,2,3
604284,604287,604289,2,3
604284,604287,604288,1,3
604284,604287,604288,1,3
604284,604287,604289,2,3
604284,604287,604289,2,3
604284,604287,604289,2,3
604284,604287,604288,1,3
604284,604287,604289,2,3
604284,604287,604288,1,3
604284,604287,604289,2,3
604284,604287,604288,1,3
604284,604287,604288,1,3
604284,604287,604289,2,3
604284,604287,604289,2,3
604284,604287,604288,1,3
604284,604287,604289,2,3
604284,604287,604289,2,3
604284,604287,604288,1,3
604284,604287,604288,1,3
604284,604287,604288,1,3
604284,604287,604288,1,3
604284,604287,604288,1,3
604284,604287,604289,2,3
604284,604287,604289,2,3
604284,604288,604289,1,4
604284,604288,604289,1,4
604284,604288,604289,1,4
604284,604288,604289,1,4
604284,604289,604290,1,5
604284,604289,604290,1,5
604284,604288,604290,2,4
604284,604288,604290,2,4
604284,604288,604290,2,4
604284,604288,604290,2,4
604284,604288,604289,1,4
604284,604288,604289,1,4
604284,604288,604289,1,4
604284,604288,604289,1,4
604284,604288,604289,1,4
604284,604288,604289,1,4
604284,604288,604289,1,4
604284,604288,604290,2,4
604284,604288,604290,2,4
604284,604288,604289,1,4
604284,604289,604290,1,5
604284,604288,604289,1,4
604284,604288,604290,2,4
604284,604288,604290,2,4
604284,604288,604290,2,4
604284,604288,604289,1,4
604284,604288,604290,2,4
604284,604288,604290,2,4
604284,604288,604290,2,4
604284,604288,604290,2,4
604284,604289,604291,2,5
604284,604289,604291,2,5
604284,604289,604291,2,5
604284,604289,604291,2,5
604284,604289,604291,2,5
604284,604289,604290,1,5
604284,604289,604291,2,5
604284,604289,604291,2,5
604284,604289,604290,1,5
604284,604289,604291,2,5
604284,604289,604290,1,5
604284,604289,604290,1,5
604284,604290,604291,1,6
604284,604289,604290,1,5
604284,604289,604291,2,5
604284,604289,604291,2,5
604284,604289,604291,2,5
604284,604289,604291,2,5
604284,604289,604291,2,5
604284,604289,604291,2,5
604284,604289,604290,1,5
604284,604289,604291,2,5
604284,604289,604291,2,5
604284,604290,604292,2,6
604284,604290,604292,2,6
604284,604289,604291,2,5
604284,604289,604291,2,5
604284,604289,604291,2,5
604284,604289,604291,2,5
604284,604290,604291,1,6
604284,604290,604291,1,6
604284,604290,604291,1,6
604284,604290,604292,2,6
604284,604290,604292,2,6
604284,604290,604292,2,6
604284,604290,604292,2,6
604284,604290,604292,2,6
604284,604290,604292,2,6
604284,604290,604293,3,6
604284,604291,604293,2,7
604284,604290,604293,3,6
604284,604290,604293,3,6
604284,604290,604293,3,6
604284,604292,604294,2,8
604284,604292,604293,1,8
604284,604290,604293,3,6
604284,604290,604293,3,6
604284,604290,604293,3,6
604284,604290,604293,3,6
604284,604290,604293,3,6
604284,604290,604293,3,6
604284,604290,604293,3,6
604284,604292,604294,2,8
604284,604292,604293,1,8
604284,604292,604294,2,8
603911,603912,604293,381,1
604284,604291,604293,2,7
604284,604292,604293,1,8
604284,604292,604294,2,8
604284,604292,604293,1,8
604284,604292,604293,1,8
604284,604292,604294,2,8
604284,604292,604294,2,8
604284,604292,604294,2,8
604284,604292,604294,2,8
604284,604292,604293,1,8
604284,604292,604293,1,8
604284,604291,604293,2,7
604284,604291,604293,2,7
604284,604291,604293,2,7
604284,604291,604293,2,7
604284,604292,604293,1,8
604284,604292,604293,1,8
604284,604292,604293,1,8
604284,604292,604294,2,8
604284,604292,604294,2,8
604284,604292,604294,2,8
604284,604292,604293,1,8
604284,604292,604294,2,8
604284,604292,604294,2,8
604284,604292,604294,2,8
604284,604292,604294,2,8
604283,604284,604287,3,1
604284,604292,604294,2,8
604284,604292,604294,2,8
604284,604292,604294,2,8
604284,604292,604294,2,8
604284,604292,604294,2,8
604284,604292,604294,2,8
604284,604295,604296,1,11
604284,604295,604296,1,11
604284,604295,604296,1,11
604284,604295,604296,1,11
604081,604084,604299,215,3
604299,604299,604300,1,0
604299,604299,604301,2,0
604299,604299,604300,1,0
604299,604299,604301,2,0
604299,604299,604301,2,0
604299,604299,604300,1,0
604299,604299,604300,1,0
604299,604299,604301,2,0
604299,604299,604300,1,0
604299,604299,604301,2,0
604299,604299,604301,2,0
604299,604299,604301,2,0
604299,604299,604300,1,0
604299,604299,604300,1,0
604299,604299,604301,2,0
604299,604299,604300,1,0
604299,604299,604301,2,0
604299,604299,604301,2,0
604299,604299,604301,2,0
604299,604299,604301,2,0
604299,604299,604301,2,0
604299,604299,604300,1,0
604299,604299,604300,1,0
604299,604299,604301,2,0
604299,604299,604301,2,0
604299,604299,604301,2,0
604299,604299,604301,2,0
604299,604299,604301,2,0
604299,604299,604301,2,0
604299,604299,604301,2,0
604299,604299,604301,2,0
604299,604299,604301,2,0
604299,604301,604302,1,2
604299,604299,604301,2,0
604299,604299,604302,3,0
604299,604299,604301,2,0
604299,604299,604301,2,0
604299,604299,604301,2,0
604299,604299,604301,2,0
604299,604299,604301,2,0
604299,604299,604301,2,0
604299,604299,604302,3,0
604299,604299,604301,2,0
604299,604299,604301,2,0
604299,604299,604302,3,0
604299,604299,604301,2,0
604299,604299,604301,2,0
604299,604299,604302,3,0
604299,604299,604301,2,0
604299,604299,604301,2,0
604299,604301,604302,1,2
604299,604299,604301,2,0
604299,604299,604302,3,0
604299,604301,604302,1,2
604299,604299,604301,2,0
604299,604299,604301,2,0
604299,604299,604301,2,0
604299,604301,604302,1,2
604299,604301,604302,1,2
604299,604301,604302,1,2
604299,604301,604302,1,2
604299,604301,604302,1,2
604299,604301,604302,1,2
604299,604301,604302,1,2
604299,604301,604302,1,2
604299,604301,604302,1,2
604299,604301,604302,1,2
604299,604301,604302,1,2
604299,604301,604302,1,2
604299,604301,604302,1,2
604299,604301,604303,2,2
604299,604301,604303,2,2
604299,604301,604303,2,2
604299,604301,604303,2,2
604299,604301,604303,2,2
604299,604301,604302,1,2
604299,604301,604303,2,2
604299,604301,604303,2,2
604299,604301,604302,1,2
604299,604301,604303,2,2
604299,604301,604302,1,2
604299,604301,604303,2,2
604299,604301,604303,2,2
604299,604301,604303,2,2
604299,604302,604303,1,3
604299,604302,604303,1,3
604299,604302,604303,1,3
604299,604302,604303,1,3
604299,604302,604304,2,3
604299,604302,604303,1,3
604299,604303,604304,1,4
604299,604303,604304,1,4
604299,604302,604303,1,3
604299,604302,604303,1,3
604299,604302,604304,2,3
604299,604302,604304,2,3
604299,604302,604304,2,3
604299,604303,604304,1,4
604299,604302,604303,1,3
604299,604302,604303,1,3
604299,604302,604303,1,3
604299,604302,604303,1,3
604299,604303,604304,1,4
604299,604302,604304,2,3
604299,604302,604303,1,3
604299,604302,604303,1,3
604299,604303,604304,1,4
604299,604302,604303,1,3
604299,604302,604303,1,3
604299,604302,604303,1,3
604299,604302,604304,2,3
604299,604302,604304,2,3
604299,604302,604303,1,3
604299,604302,604304,2,3
604299,604302,604304,2,3
604299,604302,604304,2,3
604299,604304,604305,1,5
604299,604303,604304,1,4
604299,604303,604305,2,4
604299,604304,604305,1,5
604299,604304,604305,1,5
604299,604303,604304,1,4
604299,604304,604305,1,5
604299,604303,604304,1,4
604299,604303,604304,1,4
604299,604304,604305,1,5
604299,604304,604305,1,5
604299,604303,604305,2,4
604299,604303,604305,2,4
604299,604303,604305,2,4
604299,604303,604305,2,4
604299,604303,604305,2,4
604299,604303,604305,2,4
604299,604303,604305,2,4
604299,604303,604305,2,4
604299,604303,604305,2,4
604299,604303,604305,2,4
604299,604303,604305,2,4
604299,604303,604305,2,4
604299,604304,604305,1,5
604299,604304,604305,1,5
604299,604304,604305,1,5
604299,604304,604305,1,5
604299,604304,604305,1,5
604299,604304,604305,1,5
604299,604304,604305,1,5
604299,604304,604305,1,5
604299,604304,604305,1,5
604299,604304,604305,1,5
604299,604304,604306,2,5
604299,604304,604305,1,5
604299,604305,604306,1,6
604299,604304,604306,2,5
604299,604304,604306,2,5
604299,604304,604306,2,5
604299,604304,604306,2,5
604299,604304,604306,2,5
604299,604304,604306,2,5
604299,604305,604306,1,6
604299,604305,604306,1,6
604299,604305,604306,1,6
604299,604304,604306,2,5
604299,604305,604306,1,6
604299,604305,604306,1,6
604299,604306,604307,1,7
604299,604304,604306,2,5
604299,604304,604306,2,5
604299,604304,604306,2,5
604299,604304,604306,2,5
604299,604306,604307,1,7
604077,604084,604306,222,7
604299,604305,604306,1,6
604299,604305,604306,1,6
604299,604305,604306,1,6
604299,604306,604307,1,7
604299,604306,604307,1,7
604299,604306,604307,1,7
604299,604306,604307,1,7
604299,604306,604307,1,7
604299,604306,604307,1,7
604299,604306,604307,1,7
604299,604306,604307,1,7
604299,604306,604307,1,7
604299,604306,604307,1,7
604299,604306,604307,1,7
604299,604306,604307,1,7
604299,604306,604307,1,7
604299,604306,604307,1,7
604299,604306,604307,1,7
604299,604306,604307,1,7
604299,604306,604307,1,7
604299,604306,604307,1,7
604299,604306,604307,1,7
604299,604306,604307,1,7
604307,604307,604308,1,0
604307,604307,604308,1,0
604307,604307,604309,2,0
604307,604307,604309,2,0
604307,604307,604309,2,0
604307,604308,604309,1,1
604307,604308,604309,1,1
604307,604307,604309,2,0
604307,604307,604309,2,0
604307,604307,604308,1,0
604307,604307,604308,1,0
604307,604307,604308,1,0
604307,604307,604308,1,0
604307,604307,604308,1,0
604307,604308,604309,1,1
604307,604307,604309,2,0
604307,604307,604309,2,0
604307,604307,604308,1,0
604307,604307,604309,2,0
604307,604307,604309,2,0
604307,604307,604309,2,0
604307,604307,604310,3,0
604307,604307,604309,2,0
604307,604308,604309,1,1
604307,604308,604309,1,1
604307,604309,604310,1,2
604307,604307,604309,2,0
604307,604307,604310,3,0
604307,604307,604310,3,0
604307,604307,604310,3,0
604307,604307,604309,2,0
604307,604308,604310,2,1
604307,604308,604310,2,1
604307,604307,604310,3,0
604307,604307,604309,2,0
604307,604307,604309,2,0
604307,604308,604309,1,1
604307,604308,604310,2,1
604307,604308,604309,1,1
604307,604307,604309,2,0
604307,604308,604309,1,1
604307,604308,604309,1,1
604307,604308,604309,1,1
604307,604308,604309,1,1
604307,604309,604310,1,2
604307,604309,604310,1,2
604307,604309,604310,1,2
604307,604309,604310,1,2
604307,604308,604309,1,1
604307,604308,604309,1,1
604307,604308,604309,1,1
604307,604308,604309,1,1
604307,604309,604310,1,2
604307,604309,604310,1,2
604307,604309,604310,1,2
604307,604309,604310,1,2
604307,604309,604310,1,2
604307,604309,604310,1,2
604307,604310,604311,1,3
604307,604309,604310,1,2
604307,604309,604310,1,2
604307,604310,604311,1,3
604307,604310,604311,1,3
604307,604310,604311,1,3
604146,604146,604310,164,0
604307,604310,604311,1,3
604307,604310,604311,1,3
604307,604309,604310,1,2
604307,604309,604311,2,2
604307,604309,604311,2,2
604307,604309,604311,2,2
604307,604309,604311,2,2
604307,604309,604311,2,2
604307,604309,604311,2,2
604307,604309,604311,2,2
604307,604311,604312,1,4
604307,604310,604311,1,3
604307,604311,604312,1,4
604307,604310,604311,1,3
604307,604310,604311,1,3
604307,604310,604312,2,3
604307,604310,604312,2,3
604307,604310,604312,2,3
604307,604310,604312,2,3
604307,604310,604312,2,3
604307,604311,604312,1,4
604307,604311,604312,1,4
604307,604311,604312,1,4
604307,604311,604312,1,4
604307,604311,604312,1,4
604307,604311,604312,1,4
604307,604311,604312,1,4
604307,604311,604312,1,4
604307,604311,604312,1,4
604307,604311,604312,1,4
604307,604311,604312,1,4
604307,604311,604312,1,4
604307,604311,604312,1,4
604307,604311,604312,1,4
604307,604311,604312,1,4
604307,604311,604312,1,4
604307,604311,604312,1,4
604307,604311,604312,1,4
604307,604311,604312,1,4
604307,604311,604315,4,4
604307,604311,604315,4,4
604307,604311,604315,4,4
604307,604311,604315,4,4
604307,604311,604315,4,4
604307,604310,604315,5,3
604307,604310,604315,5,3
604307,604310,604315,5,3
604299,604299,604315,16,0
604299,604299,604315,16,0
604299,604299,604315,16,0
604299,604299,604315,16,0
604299,604299,604315,16,0
604299,604299,604315,16,0
604299,604299,604315,16,0
604307,604311,604317,6,4
604307,604311,604317,6,4
604113,604113,604318,205,0
604307,604307,604317,10,0
604307,604307,604317,10,0
604307,604307,604317,10,0
604307,604307,604317,10,0
604307,604307,604317,10,0
604318,604318,604319,1,0
604318,604318,604320,2,0
604318,604318,604319,1,0
604318,604318,604319,1,0
604318,604318,604320,2,0
604318,604318,604320,2,0
604318,604318,604320,2,0
604318,604318,604319,1,0
604318,604318,604319,1,0
604318,604318,604319,1,0
604318,604318,604320,2,0
604318,604318,604320,2,0
604318,604318,604320,2,0
604318,604318,604320,2,0
604318,604318,604320,2,0
604318,604318,604320,2,0
604318,604318,604320,2,0
604318,604318,604320,2,0
604318,604318,604320,2,0
604318,604318,604319,1,0
604318,604318,604319,1,0
604318,604318,604320,2,0
604318,604318,604320,2,0
604318,604318,604320,2,0
604318,604318,604320,2,0
604318,604318,604320,2,0
604318,604318,604319,1,0
604318,604318,604320,2,0
604318,604318,604320,2,0
604318,604318,604319,1,0
604318,604318,604319,1,0
604318,604318,604320,2,0
604318,604318,604319,1,0
604318,604318,604319,1,0
604318,604318,604320,2,0
604318,604318,604320,2,0
604318,604318,604320,2,0
604318,604318,604320,2,0
604318,604318,604320,2,0
604318,604318,604320,2,0
604318,604318,604320,2,0
604318,604318,604320,2,0
604318,604318,604320,2,0
604318,604320,604321,1,2
604318,604318,604320,2,0
604318,604320,604321,1,2
604318,604318,604320,2,0
604318,604318,604320,2,0
604318,604318,604320,2,0
604318,604318,604320,2,0
604318,604320,604322,2,2
604318,604320,604322,2,2
604318,604320,604322,2,2
604318,604320,604322,2,2
604318,604320,604322,2,2
604318,604320,604322,2,2
604318,604320,604322,2,2
604318,604320,604322,2,2
604318,604320,604322,2,2
604318,604320,604322,2,2
604318,604320,604322,2,2
604318,604320,604322,2,2
604318,604320,604322,2,2
604318,604320,604322,2,2
604318,604320,604322,2,2
604318,604320,604322,2,2
604318,604320,604322,2,2
604318,604320,604322,2,2
604307,604308,604323,15,1
604307,604308,604324,16,1
604161,604165,604325,160,4
604318,604319,604325,6,1
604318,604319,604325,6,1
604318,604319,604325,6,1
604318,604319,604325,6,1
604318,604319,604325,6,1
604318,604318,604329,11,0
604318,604318,604330,12,0
604318,604318,604330,12,0
604318,604318,604330,12,0
604318,604318,604329,11,0
604318,604318,604329,11,0
604318,604318,604329,11,0
604329,604329,604331,2,0
604329,604329,604331,2,0
604329,604330,604331,1,1
604329,604330,604331,1,1
604329,604330,604331,1,1
604329,604330,604332,2,1
604329,604329,604331,2,0
604329,604329,604331,2,0
604329,604330,604331,1,1
604329,604330,604331,1,1
604329,604330,604332,2,1
604329,604329,604331,2,0
604329,604329,604331,2,0
604329,604330,604331,1,1
604329,604330,604331,1,1
604329,604330,604331,1,1
604329,604330,604331,1,1
604329,604329,604331,2,0
604329,604329,604331,2,0
604329,604330,604331,1,1
604329,604330,604331,1,1
604329,604330,604331,1,1
604329,604330,604332,2,1
604329,604330,604332,2,1
604329,604329,604331,2,0
604329,604329,604331,2,0
604329,604330,604331,1,1
604329,604330,604331,1,1
604329,604330,604331,1,1
604329,604329,604331,2,0
604329,604330,604331,1,1
604329,604330,604331,1,1
604329,604330,604331,1,1
604329,604330,604332,2,1
604329,604330,604331,1,1
604329,604330,604331,1,1
604329,604330,604331,1,1
604329,604330,604331,1,1
604329,604330,604332,2,1
604329,604330,604331,1,1
604329,604330,604331,1,1
604329,604330,604332,2,1
604329,604330,604332,2,1
604329,604330,604332,2,1
604329,604330,604332,2,1
604329,604330,604332,2,1
604329,604330,604332,2,1
604329,604332,604333,1,3
604329,604332,604333,1,3
604329,604332,604333,1,3
604329,604332,604333,1,3
604329,604330,604332,2,1
604329,604330,604332,2,1
604329,604330,604332,2,1
604329,604331,604332,1,2
604329,604331,604332,1,2
604329,604331,604332,1,2
604329,604331,604332,1,2
604329,604332,604333,1,3
604329,604332,604333,1,3
604329,604332,604333,1,3
604329,604332,604333,1,3
604329,604332,604333,1,3
604329,604332,604333,1,3
604329,604332,604333,1,3
604329,604332,604333,1,3
604329,604332,604333,1,3
604329,604332,604333,1,3
604329,604330,604332,2,1
604329,604330,604332,2,1
604329,604339,604340,1,10
604329,604330,604340,10,1
604329,604330,604340,10,1
604329,604330,604340,10,1
604329,604330,604340,10,1
604329,604330,604340,10,1
604329,604330,604340,10,1
604329,604339,604340,1,10
604329,604339,604340,1,10
604329,604339,604340,1,10
604157,604162,604348,186,5
604201,604207,604353,146,6
604352,604353,604354,1,1
604352,604353,604354,1,1
604352,604353,604354,1,1
604352,604353,604354,1,1
604352,604353,604355,2,1
604352,604353,604354,1,1
604352,604353,604354,1,1
604352,604353,604354,1,1
604352,604353,604354,1,1
604352,604353,604354,1,1
604352,604353,604354,1,1
604352,604353,604354,1,1
604352,604353,604354,1,1
604352,604353,604354,1,1
604352,604353,604355,2,1
604352,604353,604354,1,1
604352,604353,604354,1,1
604352,604353,604355,2,1
604352,604353,604355,2,1
604352,604353,604355,2,1
604352,604353,604355,2,1
604352,604353,604354,1,1
604352,604353,604355,2,1
604352,604353,604355,2,1
604352,604353,604355,2,1
604352,604353,604355,2,1
604352,604353,604355,2,1
604352,604353,604355,2,1
604352,604353,604355,2,1
604352,604353,604355,2,1
604352,604353,604355,2,1
604352,604353,604355,2,1
604352,604353,604355,2,1
604352,604353,604355,2,1
604352,604353,604355,2,1
604355,604355,604357,2,0
604355,604355,604357,2,0
604355,604355,604357,2,0
604355,604355,604357,2,0
604355,604355,604357,2,0
604355,604355,604357,2,0
604355,604355,604356,1,0
604355,604355,604356,1,0
604355,604355,604357,2,0
604355,604355,604357,2,0
604355,604355,604357,2,0
604355,604355,604357,2,0
604355,604355,604357,2,0
604355,604355,604357,2,0
604355,604355,604356,1,0
604355,604355,604357,2,0
604355,604355,604357,2,0
604355,604355,604357,2,0
604355,604355,604357,2,0
604355,604355,604357,2,0
604355,604355,604357,2,0
604355,604355,604357,2,0
604355,604355,604357,2,0
604355,604355,604357,2,0
604355,604355,604357,2,0
604355,604355,604357,2,0
604355,604355,604357,2,0
604355,604355,604357,2,0
604355,604355,604357,2,0
604355,604355,604357,2,0
604355,604355,604357,2,0
604355,604355,604357,2,0
604355,604355,604357,2,0
604355,604355,604357,2,0
604355,604355,604357,2,0
604355,604355,604357,2,0
604220,604233,604358,125,13
603709,603709,604358,649,0
604359,604359,604361,2,0
604359,604359,604361,2,0
604359,604359,604361,2,0
604359,604359,604361,2,0
604359,604359,604361,2,0
604359,604359,604361,2,0
604359,604359,604361,2,0
604359,604359,604361,2,0
604359,604359,604361,2,0
604359,604359,604361,2,0
604359,604360,604361,1,1
604359,604359,604361,2,0
604359,604359,604361,2,0
604359,604359,604361,2,0
604359,604359,604361,2,0
604359,604359,604361,2,0
604359,604360,604361,1,1
604359,604359,604362,3,0
604359,604359,604362,3,0
604360,604360,604361,1,0
604360,604360,604361,1,0
604360,604360,604362,2,0
604359,604359,604361,2,0
604359,604359,604361,2,0
604360,604360,604361,1,0
604360,604360,604361,1,0
604360,604360,604362,2,0
604359,604360,604362,2,1
604355,604355,604362,7,0
604359,604359,604362,3,0
604359,604359,604362,3,0
604359,604359,604362,3,0
604360,604362,604363,1,2
604359,604359,604362,3,0
604359,604360,604363,3,1
604359,604360,604363,3,1
604360,604360,604363,3,0
604360,604361,604362,1,1
604360,604361,604362,1,1
604360,604361,604362,1,1
604360,604362,604363,1,2
604360,604362,604363,1,2
604360,604362,604363,1,2
604360,604362,604363,1,2
604360,604362,604363,1,2
604360,604361,604362,1,1
604360,604361,604362,1,1
604360,604362,604363,1,2
604355,604355,604363,8,0
604355,604355,604363,8,0
604355,604355,604363,8,0
604359,604359,604363,4,0
604359,604359,604363,4,0
604359,604359,604363,4,0
604359,604359,604363,4,0
604360,604362,604363,1,2
604360,604362,604363,1,2
604360,604362,604363,1,2
604360,604362,604363,1,2
604360,604362,604363,1,2
604360,604362,604363,1,2
604360,604362,604363,1,2
604360,604362,604363,1,2
604360,604362,604363,1,2
604360,604362,604363,1,2
604360,604362,604363,1,2
604359,604359,604363,4,0
604360,604362,604364,2,2
604360,604362,604364,2,2
604360,604362,604364,2,2
604360,604362,604364,2,2
604360,604363,604364,1,3
604359,604359,604364,5,0
604359,604359,604364,5,0
604360,604363,604365,2,3
604360,604363,604366,3,3
603721,603721,604365,644,0
604359,604359,604365,6,0
604360,604360,604366,6,0
604359,604364,604366,2,5
604360,604364,604366,2,4
604359,604364,604366,2,5
604359,604364,604366,2,5
604359,604364,604366,2,5
604360,604364,604366,2,4
604366,604366,604369,3,0
604366,604366,604369,3,0
604366,604366,604369,3,0
604366,604366,604369,3,0
604366,604366,604369,3,0
604366,604366,604369,3,0
604366,604366,604369,3,0
604366,604366,604370,4,0
604366,604366,604370,4,0
604366,604366,604369,3,0
604366,604366,604369,3,0
604366,604366,604370,4,0
604366,604366,604370,4,0
604366,604366,604370,4,0
604366,604366,604370,4,0
604366,604366,604370,4,0
604366,604366,604370,4,0
604366,604366,604370,4,0
604366,604366,604370,4,0
604366,604366,604370,4,0
604366,604366,604370,4,0
604352,604353,604377,24,1
604352,604353,604381,28,1
604366,604366,604382,16,0
604366,604366,604382,16,0
604366,604366,604382,16,0
604366,604366,604382,16,0
604366,604366,604382,16,0
604366,604366,604383,17,0
604366,604366,604382,16,0
604366,604366,604384,18,0
604366,604366,604384,18,0
604366,604366,604384,18,0
604366,604366,604384,18,0
604366,604366,604384,18,0
604366,604366,604383,17,0
604366,604366,604384,18,0
604366,604366,604383,17,0
604366,604366,604384,18,0
604352,604353,604407,54,1
604352,604353,604407,54,1
604352,604353,604407,54,1
603700,603700,604407,707,0
603718,603718,604407,689,0
603724,603724,604409,685,0
604366,604366,604409,43,0
604366,604366,604409,43,0
603712,603712,604409,697,0
604366,604366,604411,45,0
603715,603715,604410,695,0
603729,603729,604411,682,0
604410,604410,604411,1,0
604410,604410,604412,2,0
604410,604410,604412,2,0
604410,604410,604412,2,0
604410,604410,604412,2,0
604410,604410,604412,2,0
604410,604410,604412,2,0
604410,604410,604412,2,0
604410,604410,604412,2,0
604410,604410,604412,2,0
604410,604410,604412,2,0
604410,604410,604412,2,0
604410,604410,604412,2,0
604410,604410,604412,2,0
604410,604410,604412,2,0
604410,604410,604412,2,0
604410,604410,604412,2,0
604410,604410,604412,2,0
604410,604410,604412,2,0
604410,604410,604412,2,0
604410,604410,604412,2,0
604410,604410,604412,2,0
604410,604410,604412,2,0
604410,604410,604412,2,0
604410,604410,604413,3,0
604410,604410,604412,2,0
604410,604410,604412,2,0
604410,604410,604412,2,0
604410,604410,604413,3,0
604410,604410,604412,2,0
604410,604410,604412,2,0
604410,604410,604412,2,0
604410,604412,604413,1,2
604410,604412,604414,2,2
604410,604412,604414,2,2
604410,604412,604414,2,2
604410,604412,604414,2,2
604410,604413,604414,1,3
604410,604410,604413,3,0
604410,604410,604413,3,0
604410,604410,604413,3,0
604410,604410,604413,3,0
604410,604410,604413,3,0
604410,604410,604413,3,0
604410,604410,604413,3,0
604410,604412,604413,1,2
604410,604412,604414,2,2
604410,604412,604414,2,2
604410,604413,604414,1,3
604410,604413,604414,1,3
604410,604411,604413,2,1
604410,604411,604413,2,1
604410,604412,604414,2,2
604410,604412,604414,2,2
604410,604412,604414,2,2
604410,604412,604414,2,2
604410,604412,604414,2,2
604410,604412,604414,2,2
604410,604412,604414,2,2
604410,604412,604414,2,2
604410,604412,604414,2,2
604410,604413,604414,1,3
604410,604412,604414,2,2
604410,604412,604414,2,2
604410,604412,604414,2,2
604410,604410,604414,4,0
604410,604412,604414,2,2
604410,604413,604441,28,3
604410,604413,604441,28,3
604410,604413,604441,28,3
604410,604412,604441,29,2
604410,604410,604441,31,0
604410,604411,604441,30,1
604074,604077,604442,365,3
604441,604441,604443,2,0
604441,604441,604443,2,0
604441,604442,604443,1,1
604441,604442,604443,1,1
604441,604442,604443,1,1
604441,604442,604443,1,1
604441,604442,604443,1,1
604441,604441,604443,2,0
604441,604441,604443,2,0
604441,604442,604443,1,1
604441,604442,604444,2,1
604441,604442,604443,1,1
604441,604442,604443,1,1
604441,604442,604443,1,1
604441,604442,604443,1,1
604441,604442,604443,1,1
604441,604442,604443,1,1
604441,604442,604443,1,1
604441,604442,604443,1,1
604441,604442,604443,1,1
604441,604442,604443,1,1
604441,604442,604443,1,1
604441,604442,604443,1,1
604441,604442,604443,1,1
604441,604442,604444,2,1
604441,604442,604444,2,1
604441,604442,604443,1,1
604441,604442,604443,1,1
604441,604442,604444,2,1
604441,604442,604444,2,1
604441,604442,604444,2,1
604441,604442,604444,2,1
604441,604442,604444,2,1
604441,604443,604444,1,2
604441,604442,604444,2,1
604441,604442,604444,2,1
604441,604442,604444,2,1
604441,604442,604444,2,1
604300,604306,604445,139,6
604441,604442,604444,2,1
604441,604442,604444,2,1
604441,604442,604444,2,1
604441,604442,604444,2,1
604441,604442,604444,2,1
604441,604442,604444,2,1
604441,604444,604445,1,3
604441,604444,604445,1,3
604441,604444,604445,1,3
604441,604444,604445,1,3
604441,604444,604445,1,3
604441,604444,604445,1,3
604441,604444,604445,1,3
604441,604444,604445,1,3
604441,604444,604445,1,3
604441,604444,604445,1,3
604441,604444,604445,1,3
604441,604444,604446,2,3
604441,604444,604446,2,3
604441,604444,604446,2,3
604441,604444,604446,2,3
604441,604445,604446,1,4
604441,604444,604446,2,3
604441,604444,604446,2,3
604441,604444,604446,2,3
604441,604444,604447,3,3
604441,604444,604446,2,3
604441,604444,604446,2,3
604441,604444,604446,2,3
604441,604444,604446,2,3
604441,604444,604447,3,3
604441,604444,604447,3,3
604441,604444,604447,3,3
604441,604444,604447,3,3
604441,604444,604447,3,3
604441,604444,604447,3,3
604441,604444,604447,3,3
604441,604444,604447,3,3
604441,604444,604447,3,3
604441,604444,604447,3,3
604441,604445,604449,4,4
604441,604444,604456,12,3
604410,604410,604472,62,0
604410,604410,604477,67,0
604410,604410,604480,70,0
604410,604410,604480,70,0
604410,604410,604481,71,0
604241,604252,604482,230,11
604319,604320,604482,162,1
604410,604410,604484,74,0
604483,604483,604485,2,0
604483,604483,604485,2,0
604483,604483,604485,2,0
604483,604483,604485,2,0
604483,604483,604485,2,0
604483,604483,604486,3,0
604483,604483,604486,3,0
604483,604483,604485,2,0
604483,604483,604486,3,0
604483,604483,604486,3,0
604483,604483,604486,3,0
604483,604483,604486,3,0
604483,604483,604486,3,0
604483,604483,604486,3,0
604483,604483,604486,3,0
604483,604483,604486,3,0
604483,604483,604486,3,0
604483,604483,604486,3,0
604483,604483,604486,3,0
604483,604483,604486,3,0
604483,604483,604486,3,0
604483,604483,604486,3,0
604483,604483,604486,3,0
604483,604483,604486,3,0
604483,604483,604487,4,0
604483,604483,604486,3,0
604483,604483,604486,3,0
604483,604483,604486,3,0
604483,604483,604487,4,0
604483,604483,604486,3,0
604483,604483,604487,4,0
604483,604483,604487,4,0
604483,604483,604487,4,0
604483,604483,604487,4,0
604483,604483,604487,4,0
604483,604483,604486,3,0
604483,604483,604487,4,0
604483,604483,604487,4,0
604483,604483,604487,4,0
604483,604483,604487,4,0
604483,604485,604487,2,2
604483,604485,604487,2,2
604483,604485,604487,2,2
604483,604485,604487,2,2
604483,604483,604487,4,0
604483,604483,604487,4,0
604483,604483,604488,5,0
604483,604483,604488,5,0
604483,604483,604488,5,0
604483,604483,604487,4,0
604483,604486,604488,2,3
604483,604486,604488,2,3
604483,604483,604487,4,0
604483,604486,604488,2,3
604483,604486,604488,2,3
604483,604486,604488,2,3
604483,604486,604488,2,3
604483,604487,604488,1,4
604483,604487,604488,1,4
604483,604487,604488,1,4
604483,604487,604488,1,4
604483,604487,604488,1,4
604483,604487,604488,1,4
604483,604487,604488,1,4
604483,604487,604488,1,4
604483,604487,604488,1,4
604483,604483,604488,5,0
604483,604486,604488,2,3
604483,604487,604489,2,4
604483,604487,604489,2,4
604483,604486,604488,2,3
604483,604487,604489,2,4
604483,604487,604489,2,4
604483,604486,604489,3,3
604483,604488,604489,1,5
604483,604488,604490,2,5
604483,604488,604490,2,5
604483,604488,604490,2,5
604483,604488,604489,1,5
604483,604488,604490,2,5
604483,604488,604490,2,5
604483,604488,604490,2,5
604483,604489,604490,1,6
604483,604488,604489,1,5
604483,604488,604490,2,5
604483,604488,604490,2,5
604483,604488,604490,2,5
604483,604487,604489,2,4
604483,604487,604489,2,4
604483,604488,604490,2,5
604483,604488,604490,2,5
604483,604489,604490,1,6
604483,604487,604490,3,4
604483,604488,604490,2,5
604483,604487,604490,3,4
604483,604488,604490,2,5
604483,604489,604491,2,6
604483,604489,604490,1,6
604483,604489,604490,1,6
604483,604489,604490,1,6
604483,604488,604490,2,5
604483,604488,604491,3,5
604483,604489,604490,1,6
604483,604489,604491,2,6
604483,604489,604490,1,6
604483,604489,604490,1,6
604483,604488,604491,3,5
604483,604488,604491,3,5
604483,604488,604491,3,5
604483,604489,604491,2,6
604485,604489,604491,2,4
604485,604489,604491,2,4
604483,604488,604491,3,5
604483,604488,604491,3,5
604485,604489,604491,2,4
604485,604489,604491,2,4
604485,604489,604491,2,4
604483,604488,604491,3,5
604483,604489,604491,2,6
604485,604490,604491,1,5
604485,604490,604492,2,5
604485,604490,604491,1,5
604485,604490,604492,2,5
604485,604490,604492,2,5
604485,604490,604492,2,5
604485,604490,604492,2,5
604485,604490,604492,2,5
604485,604490,604492,2,5
604485,604490,604492,2,5
604485,604490,604491,1,5
604485,604490,604491,1,5
604485,604490,604491,1,5
604485,604490,604492,2,5
604483,604488,604492,4,5
604483,604489,604493,4,6
604485,604490,604493,3,5
604485,604491,604493,2,6
604485,604491,604493,2,6
604485,604490,604493,3,5
604485,604490,604493,3,5
604485,604490,604493,3,5
604485,604491,604493,2,6
604485,604491,604493,2,6
604485,604491,604493,2,6
604485,604490,604493,3,5
604485,604490,604493,3,5
604485,604490,604493,3,5
604485,604491,604493,2,6
604485,604491,604493,2,6
604485,604491,604493,2,6
604485,604491,604493,2,6
604485,604490,604493,3,5
604485,604492,604493,1,7
604485,604492,604493,1,7
604485,604490,604493,3,5
604485,604492,604493,1,7
604485,604492,604493,1,7
604485,604491,604494,3,6
604485,604491,604494,3,6
604485,604491,604494,3,6
604485,604492,604494,2,7
604485,604492,604494,2,7
604485,604492,604494,2,7
604485,604492,604494,2,7
604485,604492,604494,2,7
604485,604492,604494,2,7
604485,604492,604494,2,7
604485,604492,604494,2,7
604485,604492,604494,2,7
604485,604492,604494,2,7
604485,604492,604494,2,7
604485,604492,604494,2,7
604485,604492,604494,2,7
604485,604492,604494,2,7
604485,604493,604494,1,8
604485,604492,604494,2,7
604485,604492,604494,2,7
604485,604492,604495,3,7
604485,604492,604495,3,7
604485,604492,604494,2,7
604485,604492,604494,2,7
604177,604177,604495,318,0
604485,604493,604495,2,8
604485,604493,604495,2,8
604485,604493,604495,2,8
604485,604493,604495,2,8
604485,604493,604495,2,8
604485,604493,604495,2,8
604485,604493,604495,2,8
604485,604493,604495,2,8
604485,604493,604495,2,8
604485,604493,604495,2,8
604485,604493,604495,2,8
604485,604493,604495,2,8
604485,604493,604495,2,8
604485,604493,604496,3,8
604485,604493,604496,3,8
604410,604410,604500,90,0
604483,604483,604501,18,0
604483,604483,604501,18,0
604483,604483,604501,18,0
604501,604501,604503,2,0
604501,604501,604505,4,0
604501,604501,604505,4,0
604501,604501,604504,3,0
604501,604501,604505,4,0
604501,604501,604505,4,0
604501,604501,604504,3,0
604501,604501,604505,4,0
604501,604501,604505,4,0
604501,604501,604505,4,0
604501,604501,604505,4,0
604501,604501,604505,4,0
604501,604501,604505,4,0
604501,604501,604505,4,0
604501,604501,604505,4,0
604501,604501,604505,4,0
604501,604501,604505,4,0
604501,604501,604505,4,0
604501,604501,604505,4,0
604501,604501,604505,4,0
604501,604501,604505,4,0
604501,604501,604504,3,0
604501,604501,604504,3,0
604501,604501,604505,4,0
604501,604501,604505,4,0
604501,604501,604505,4,0
604501,604501,604505,4,0
604501,604501,604505,4,0
604501,604501,604505,4,0
604501,604501,604505,4,0
604501,604501,604505,4,0
604501,604501,604505,4,0
604501,604501,604505,4,0
604483,604485,604507,22,2
604501,604501,604508,7,0
604501,604501,604508,7,0
604501,604501,604507,6,0
604501,604501,604507,6,0
604501,604501,604514,13,0
604515,604515,604517,2,0
604515,604515,604517,2,0
604515,604515,604517,2,0
604515,604515,604517,2,0
604515,604515,604517,2,0
604515,604515,604517,2,0
604515,604515,604517,2,0
604515,604515,604517,2,0
604515,604515,604517,2,0
604515,604515,604517,2,0
604515,604515,604517,2,0
604515,604515,604517,2,0
604501,604501,604517,16,0
604515,604515,604517,2,0
604515,604515,604517,2,0
604515,604515,604517,2,0
604515,604515,604517,2,0
604515,604515,604517,2,0
604515,604515,604517,2,0
604515,604515,604517,2,0
604515,604515,604517,2,0
604515,604515,604517,2,0
604515,604515,604517,2,0
604515,604515,604518,3,0
604515,604515,604517,2,0
604515,604515,604517,2,0
604515,604515,604518,3,0
604515,604515,604517,2,0
604515,604515,604518,3,0
604515,604515,604517,2,0
604515,604515,604518,3,0
604515,604515,604518,3,0
604515,604515,604518,3,0
604515,604515,604520,5,0
604515,604515,604520,5,0
604515,604515,604520,5,0
604501,604501,604521,20,0
604515,604515,604522,7,0
604515,604515,604522,7,0
604515,604515,604523,8,0
604356,604356,604537,181,0
604515,604518,604538,20,3
604515,604518,604539,21,3
604544,604545,604547,2,1
604544,604545,604547,2,1
604544,604545,604547,2,1
604544,604545,604547,2,1
604544,604545,604547,2,1
604544,604545,604547,2,1
604544,604545,604547,2,1
604544,604545,604547,2,1
604544,604545,604547,2,1
604544,604545,604547,2,1
604544,604545,604547,2,1
604544,604545,604547,2,1
604544,604545,604547,2,1
604544,604545,604547,2,1
604544,604545,604547,2,1
604544,604545,604548,3,1
604544,604545,604547,2,1
604544,604545,604548,3,1
604544,604545,604548,3,1
604544,604545,604548,3,1
604544,604545,604548,3,1
604544,604545,604548,3,1
604544,604545,604548,3,1
604544,604545,604549,4,1
604544,604545,604549,4,1
604544,604545,604553,8,1
604544,604545,604554,9,1
604330,604332,604555,223,2
604544,604545,604552,7,1
604544,604545,604556,11,1
604285,604293,604560,267,8
604544,604545,604557,12,1
604368,604368,604561,193,0
604544,604545,604561,16,1
604544,604545,604562,17,1
604544,604545,604562,17,1
604544,604545,604562,17,1
604544,604545,604562,17,1
604558,604558,604562,4,0
604558,604558,604562,4,0
604558,604558,604563,5,0
604558,604558,604562,4,0
604558,604558,604562,4,0
604558,604558,604563,5,0
604558,604558,604563,5,0
604558,604558,604563,5,0
604558,604562,604563,1,4
604544,604545,604563,18,1
604544,604545,604562,17,1
604544,604545,604563,18,1
604558,604558,604563,5,0
604558,604558,604563,5,0
604558,604558,604563,5,0
604558,604558,604563,5,0
604558,604558,604563,5,0
604558,604558,604563,5,0
604558,604558,604563,5,0
604558,604558,604563,5,0
604558,604558,604564,6,0
604558,604558,604564,6,0
604558,604558,604564,6,0
604558,604558,604564,6,0
604558,604558,604565,7,0
604562,604563,604565,2,1
604558,604558,604566,8,0
604558,604558,604566,8,0
604558,604560,604566,6,2
604562,604562,604567,5,0
604562,604564,604567,3,2
604562,604563,604567,4,1
604562,604564,604569,5,2
604562,604564,604568,4,2
604562,604564,604569,5,2
604544,604545,604568,23,1
604562,604563,604569,6,1
604562,604563,604569,6,1
604562,604563,604569,6,1
604562,604563,604569,6,1
604562,604562,604569,7,0
604562,604563,604569,6,1
604562,604564,604570,6,2
604562,604565,604570,5,3
604562,604566,604570,4,4
604562,604563,604569,6,1
604562,604563,604570,7,1
604562,604564,604570,6,2
604562,604562,604570,8,0
604562,604564,604570,6,2
604562,604567,604570,3,5
604544,604545,604570,25,1
604562,604567,604571,4,5
604562,604565,604571,6,3
604562,604568,604572,4,6
604562,604569,604572,3,7
604565,604569,604572,3,4
604565,604569,604572,3,4
604565,604569,604572,3,4
604562,604567,604572,5,5
604562,604565,604573,8,3
604562,604568,604573,5,6
604562,604562,604573,11,0
604562,604566,604573,7,4
604562,604569,604573,4,7
604562,604569,604574,5,7
604562,604569,604574,5,7
604558,604558,604574,16,0
604558,604558,604574,16,0
604562,604565,604574,9,3
604565,604570,604575,5,5
604565,604570,604575,5,5
604565,604570,604575,5,5
604565,604570,604576,6,5
604562,604565,604576,11,3
604565,604570,604576,6,5
604565,604570,604577,7,5
604565,604571,604577,6,6
604565,604570,604577,7,5
604565,604571,604578,7,6
604565,604572,604578,6,7
604565,604572,604578,6,7
604565,604572,604578,6,7
604565,604572,604578,6,7
604565,604572,604578,6,7
604565,604576,604578,2,11
604562,604563,604578,15,1
604565,604573,604578,5,8
604565,604572,604579,7,7
604562,604563,604580,17,1
604565,604572,604580,8,7
604565,604576,604580,4,11
604558,604561,604579,18,3
604558,604561,604580,19,3
604565,604574,604580,6,9
604565,604574,604580,6,9
604565,604574,604580,6,9
604565,604576,604580,4,11
604565,604574,604580,6,9
604565,604575,604580,5,10
604565,604575,604580,5,10
604565,604573,604581,8,8
604565,604573,604581,8,8
604558,604562,604581,19,4
604565,604577,604583,6,12
604565,604577,604584,7,12
604562,604563,604584,21,1
604565,604577,604585,8,12
604558,604558,604588,30,0
604562,604569,604582,13,7
604565,604571,604585,14,6
604558,604559,604590,31,1
604558,604559,604592,33,1
604558,604558,604594,36,0
604565,604575,604597,22,10
604558,604559,604611,52,1
604558,604559,604611,52,1
604565,604569,604611,42,4
604565,604575,604612,37,10
604565,604575,604612,37,10
604558,604559,604612,53,1
604558,604559,604612,53,1
604565,604570,604613,43,5
604558,604558,604615,57,0
604558,604558,604616,58,0
604363,604363,604628,265,0
604633,604634,604637,3,1
604633,604634,604637,3,1
604633,604634,604637,3,1
604633,604634,604637,3,1
604633,604634,604637,3,1
604633,604634,604637,3,1
604633,604634,604637,3,1
604633,604634,604637,3,1
604633,604634,604637,3,1
604633,604634,604637,3,1
604633,604634,604637,3,1
604633,604634,604638,4,1
604633,604634,604638,4,1
604633,604634,604638,4,1
604633,604634,604638,4,1
604633,604634,604638,4,1
604633,604634,604638,4,1
604633,604634,604638,4,1
604633,604634,604638,4,1
604633,604634,604638,4,1
604633,604634,604638,4,1
604633,604634,604639,5,1
604633,604634,604639,5,1
604633,604634,604639,5,1
604633,604634,604639,5,1
604633,604634,604639,5,1
604633,604634,604639,5,1
604633,604634,604639,5,1
604633,604634,604639,5,1
604633,604634,604642,8,1
604633,604634,604646,12,1
604633,604634,604649,15,1
604633,604634,604653,19,1
604633,604634,604664,30,1
604633,604634,604680,46,1
604633,604634,604684,50,1
604633,604634,604687,53,1
604354,604354,604696,342,0
604698,604699,604700,1,1
604698,604699,604700,1,1
604698,604699,604700,1,1
604698,604699,604700,1,1
604698,604699,604700,1,1
604358,604358,604701,343,0
604698,604699,604700,1,1
604698,604699,604700,1,1
604698,604699,604700,1,1
604698,604699,604701,2,1
604698,604699,604701,2,1
604698,604699,604701,2,1
604698,604699,604701,2,1
604698,604699,604701,2,1
604698,604699,604701,2,1
604698,604699,604701,2,1
604698,604699,604701,2,1
604698,604699,604701,2,1
604698,604699,604701,2,1
604698,604699,604702,3,1
604698,604699,604702,3,1
604412,604413,604702,289,1
604698,604699,604702,3,1
604698,604699,604702,3,1
604698,604699,604702,3,1
604698,604699,604702,3,1
604698,604699,604703,4,1
604698,604699,604703,4,1
604698,604699,604703,4,1
604698,604701,604702,1,3
604698,604699,604702,3,1
604698,604699,604702,3,1
604698,604699,604702,3,1
604361,604363,604703,340,2
604444,604445,604703,258,1
604698,604699,604703,4,1
604698,604699,604702,3,1
604698,604701,604702,1,3
604698,604699,604703,4,1
604698,604699,604702,3,1
604633,604634,604703,69,1
604702,604702,604704,2,0
604702,604702,604704,2,0
604702,604702,604703,1,0
604702,604702,604703,1,0
604702,604702,604704,2,0
604702,604702,604704,2,0
604698,604700,604704,4,2
604698,604700,604704,4,2
604698,604700,604704,4,2
604633,604634,604704,70,1
604633,604634,604704,70,1
604702,604702,604704,2,0
604702,604702,604704,2,0
604702,604702,604705,3,0
604702,604703,604705,2,1
604702,604703,604705,2,1
604702,604703,604705,2,1
604702,604702,604704,2,0
604702,604703,604705,2,1
604702,604703,604705,2,1
604702,604703,604705,2,1
604702,604703,604705,2,1
604702,604703,604705,2,1
604698,604700,604705,5,2
604702,604704,604706,2,2
604702,604704,604706,2,2
604702,604704,604706,2,2
604702,604702,604706,4,0
604702,604703,604706,3,1
604702,604702,604706,4,0
604702,604703,604706,3,1
604702,604703,604706,3,1
604702,604703,604706,3,1
604702,604703,604706,3,1
604702,604703,604706,3,1
604702,604703,604707,4,1
604702,604703,604707,4,1
604702,604703,604707,4,1
604702,604704,604707,3,2
604702,604703,604707,4,1
604702,604703,604708,5,1
604308,604311,604710,399,3
604711,604712,604717,5,1
604711,604712,604716,4,1
604711,604712,604717,5,1
604711,604712,604717,5,1
604711,604712,604717,5,1
604711,604712,604717,5,1
604711,604712,604717,5,1
604711,604712,604717,5,1
604711,604712,604717,5,1
604711,604712,604717,5,1
604711,604712,604717,5,1
604711,604712,604717,5,1
604711,604712,604717,5,1
604711,604712,604717,5,1
604711,604712,604717,5,1
604711,604712,604717,5,1
604711,604712,604717,5,1
604711,604712,604717,5,1
604711,604712,604717,5,1
604711,604712,604717,5,1
604711,604712,604717,5,1
604702,604702,604717,15,0
604711,604712,604717,5,1
604711,604712,604717,5,1
604711,604712,604719,7,1
604711,604712,604719,7,1
604711,604712,604719,7,1
604711,604712,604719,7,1
604711,604712,604719,7,1
604711,604712,604719,7,1
604702,604702,604720,18,0
604711,604712,604720,8,1
604711,604717,604720,3,6
604712,604717,604720,3,5
604712,604717,604720,3,5
604711,604712,604720,8,1
604711,604712,604720,8,1
604711,604712,604720,8,1
604712,604717,604720,3,5
604712,604717,604721,4,5
604712,604717,604720,3,5
604712,604717,604720,3,5
604712,604717,604720,3,5
604712,604717,604720,3,5
604712,604718,604720,2,6
604712,604718,604720,2,6
604712,604717,604720,3,5
604712,604717,604720,3,5
604712,604717,604720,3,5
604712,604717,604720,3,5
604702,604702,604721,19,0
604712,604717,604721,4,5
604712,604717,604721,4,5
604712,604717,604721,4,5
604712,604717,604721,4,5
604712,604717,604721,4,5
604712,604719,604722,3,7
604712,604719,604722,3,7
604711,604712,604722,10,1
604711,604712,604723,11,1
604702,604702,604722,20,0
604712,604721,604723,2,9
604712,604717,604723,6,5
604712,604721,604723,2,9
604712,604717,604722,5,5
604712,604717,604722,5,5
604712,604719,604722,3,7
604712,604719,604722,3,7
604712,604719,604722,3,7
604712,604719,604723,4,7
604712,604721,604724,3,9
604712,604721,604724,3,9
604712,604721,604724,3,9
604712,604721,604724,3,9
604712,604721,604724,3,9
604712,604721,604724,3,9
604712,604721,604725,4,9
604713,604722,604725,3,9
604713,604721,604724,3,8
604713,604722,604725,3,9
604713,604722,604725,3,9
604713,604722,604725,3,9
604713,604723,604725,2,10
604713,604723,604725,2,10
604713,604721,604724,3,8
604713,604721,604724,3,8
604713,604721,604724,3,8
604713,604721,604724,3,8
604713,604722,604725,3,9
604713,604723,604725,2,10
604713,604721,604725,4,8
604713,604721,604725,4,8
604713,604721,604725,4,8
604713,604721,604725,4,8
604713,604722,604725,3,9
604713,604722,604725,3,9
604712,604721,604725,4,9
604713,604723,604725,2,10
604713,604723,604725,2,10
604713,604723,604727,4,10
604702,604704,604726,22,2
604713,604724,604726,2,11
604713,604725,604727,2,12
604713,604725,604727,2,12
604713,604723,604727,4,10
604713,604723,604728,5,10
604713,604723,604727,4,10
604713,604724,604728,4,11
604713,604725,604728,3,12
604713,604724,604728,4,11
604724,604726,604728,2,2
604713,604725,604728,3,12
604713,604725,604728,3,12
604713,604725,604728,3,12
604724,604725,604728,3,1
604724,604725,604728,3,1
604724,604725,604728,3,1
604724,604725,604728,3,1
604724,604725,604728,3,1
604724,604726,604728,2,2
604724,604726,604728,2,2
604724,604726,604728,2,2
604724,604726,604728,2,2
604724,604727,604728,1,3
604713,604723,604728,5,10
604713,604725,604728,3,12
604713,604725,604728,3,12
604713,604725,604728,3,12
604724,604727,604729,2,3
604724,604725,604729,4,1
604724,604725,604729,4,1
604724,604726,604729,3,2
604724,604726,604729,3,2
604724,604726,604730,4,2
604724,604728,604730,2,4
604724,604728,604730,2,4
604724,604727,604731,4,3
604724,604727,604730,3,3
604724,604728,604731,3,4
604724,604729,604731,2,5
604724,604729,604731,2,5
604724,604729,604731,2,5
604724,604729,604732,3,5
604724,604729,604732,3,5
604724,604726,604732,6,2
604711,604712,604733,21,1
604724,604728,604734,6,4
604724,604729,604734,5,5
604724,604725,604735,10,1
604724,604728,604735,7,4
604724,604728,604735,7,4
604724,604728,604735,7,4
604724,604728,604735,7,4
604712,604718,604737,19,6
604712,604721,604736,15,9
604713,604722,604737,15,9
604713,604723,604737,14,10
604711,604712,604739,27,1
604724,604727,604740,13,3
604711,604712,604744,32,1
604711,604712,604744,32,1
604724,604728,604762,34,4
604724,604728,604763,35,4
604724,604728,604763,35,4
604724,604728,604764,36,4
604487,604493,604785,292,6
604786,604787,604788,1,1
604786,604787,604789,2,1
604786,604787,604789,2,1
604786,604787,604789,2,1
604786,604787,604789,2,1
604786,604787,604789,2,1
604786,604787,604790,3,1
604786,604787,604790,3,1
604786,604787,604789,2,1
604786,604787,604790,3,1
604786,604787,604790,3,1
604786,604787,604791,4,1
604786,604787,604790,3,1
604786,604787,604790,3,1
604786,604787,604790,3,1
604786,604787,604790,3,1
604786,604787,604791,4,1
604786,604787,604792,5,1
604786,604787,604792,5,1
604786,604787,604792,5,1
604786,604787,604793,6,1
604786,604787,604793,6,1
604786,604787,604792,5,1
604786,604787,604793,6,1
604786,604787,604792,5,1
604786,604787,604792,5,1
604786,604787,604793,6,1
604786,604787,604793,6,1
604786,604787,604793,6,1
604786,604787,604794,7,1
604786,604787,604793,6,1
604786,604787,604793,6,1
604786,604787,604794,7,1
604786,604787,604794,7,1
604786,604787,604801,14,1
604786,604787,604801,14,1
604786,604787,604801,14,1
604786,604787,604801,14,1
604786,604787,604801,14,1
604786,604787,604801,14,1
604377,604377,604828,451,0
604566,604577,604845,268,11
604546,604546,604850,304,0
604344,604344,604851,507,0
604555,604555,604850,295,0
604405,604405,604854,449,0
604552,604552,604859,307,0
604392,604392,604859,467,0
604549,604549,604861,312,0
604386,604386,604875,489,0
604503,604503,604892,389,0
604398,604398,604925,527,0
604570,604578,604931,353,8
604636,604636,604937,301,0
604517,604517,604940,423,0
604539,604539,604940,401,0
604626,604626,604942,316,0
604614,604614,604944,330,0
604701,604701,604945,244,0
604389,604389,604946,557,0
604401,604402,604955,553,1
604372,604372,604962,590,0
604395,604395,604963,568,0
604640,604640,604973,333,0
604715,604725,604976,251,10
604789,604789,605001,212,0
604739,604739,605003,264,0
604705,604705,605008,303,0
604531,604531,605010,479,0
604589,604589,605060,471,0
604338,604338,605060,722,0
604349,604349,605064,715,0
604380,604380,605064,684,0
604408,604408,605065,657,0
604735,604735,605066,331,0
604383,604383,605067,684,0
604726,604729,605068,339,3
604583,604583,605069,486,0
604586,604586,605098,512,0
604561,604562,605100,538,1
478376,504079,608479,104400,25703
