submit_time,start_time,end_time,run_time,wait_time
518,519,803,284,1
934,934,1172,238,0
1349,1350,1551,201,1
977,977,1648,671,0
1769,1769,2107,338,0
60598,60598,60929,331,0
61409,61410,62071,661,1
64407,64409,64591,182,2
64590,64592,64599,7,2
64654,64656,65472,816,2
65471,65474,65485,11,3
65623,65625,65847,222,2
65846,65849,65856,7,3
65916,65917,66926,1009,1
66925,66927,66958,31,2
67101,67102,67300,198,1
67299,67301,67308,7,2
67367,67369,68319,950,2
68317,68320,68352,32,3
68490,68492,68680,188,2
68679,68681,68688,7,2
68748,68750,69702,952,2
69700,69703,69723,20,3
69878,69880,70078,198,2
70076,70079,70086,7,3
70147,70148,71069,921,1
71068,71071,71101,30,3
71227,71228,71408,180,1
71407,71409,71416,7,2
71477,71479,72401,922,2
72399,72402,72422,20,3
72563,72564,72760,196,1
72759,72761,72768,7,2
72831,72832,73726,894,1
73724,73726,73757,31,2
73880,73882,74099,217,2
74098,74100,74107,7,2
74166,74168,75001,833,2
75000,75003,75033,30,3
75141,75142,75380,238,1
75379,75381,75388,7,2
75448,75450,76339,889,2
76338,76340,76371,31,2
76494,76495,76705,210,1
76704,76706,76713,7,2
76774,76775,77723,948,1
77722,77724,77755,31,2
77896,77897,78078,181,1
78077,78079,78086,7,2
78794,78794,79083,289,0
78148,78149,79145,996,1
79144,79146,79178,32,2
79345,79346,79552,206,1
79550,79553,79555,2,3
79622,79624,80617,993,2
80616,80618,80650,32,2
80815,80817,81017,200,2
81016,81018,81026,8,2
81123,81123,81380,257,0
81085,81087,81980,893,2
81978,81981,82012,31,3
82149,82151,82352,201,2
82351,82353,82360,7,2
82422,82424,83357,933,2
83356,83358,83370,12,2
83520,83521,83730,209,1
83729,83732,83739,7,3
83802,83804,84768,964,2
84767,84770,84801,31,3
87428,87429,87629,200,1
87628,87630,87632,2,2
87696,87697,88523,826,1
88522,88525,88555,30,3
88664,88666,88878,212,2
88876,88879,88881,2,3
88948,88949,89948,999,1
89947,89949,89982,33,2
90124,90126,90365,239,2
90364,90365,90373,8,1
90434,90435,91419,984,1
91418,91420,91451,31,2
91605,91606,91807,201,1
91806,91809,91816,7,3
91876,91877,92842,965,1
92840,92843,92874,31,3
93008,93010,93296,286,2
93294,93297,93299,2,3
93362,93364,94284,920,2
94283,94285,94316,31,2
94453,94454,94666,212,1
94665,94667,94674,7,2
94732,94734,95663,929,2
95662,95664,95694,30,2
95833,95835,96055,220,2
96054,96056,96063,7,2
96121,96122,97031,909,1
97030,97032,97043,11,2
97201,97202,97417,215,1
97416,97418,97425,7,2
97483,97484,98330,846,1
98329,98331,98361,30,2
98467,98469,98681,212,2
98679,98681,98689,8,2
98747,98748,99635,887,1
99634,99636,99648,12,2
99796,99798,100086,288,2
100085,100088,100090,2,3
100151,100153,101102,949,2
101100,101103,101133,30,3
101277,101278,101488,210,1
101487,101489,101497,8,2
101554,101555,102526,971,1
102525,102527,102558,31,2
102697,102699,102920,221,2
102919,102921,102928,7,2
102986,102988,104005,1017,2
104004,104005,104037,32,1
104186,104187,104397,210,1
104396,104398,104405,7,2
104463,104465,105386,921,2
105385,105387,105419,32,2
105559,105561,105775,214,2
105774,105776,105783,7,2
105842,105844,106779,935,2
106778,106780,106812,32,2
106943,106944,107142,198,1
107140,107143,107150,7,3
107208,107210,108171,961,2
108170,108172,108203,31,2
128487,128488,128514,26,1
129689,129689,129718,29,0
129690,129690,129718,28,0
132782,132784,132967,183,2
132966,132969,132976,7,3
133036,133038,133889,851,2
133888,133890,133920,30,2
134051,134053,134236,183,2
134235,134237,134244,7,2
134306,134308,135329,1021,2
135327,135329,135361,32,2
135534,135536,135734,198,2
135733,135735,135742,7,2
136366,136366,136373,7,0
136366,136366,136373,7,0
136366,136366,136374,8,0
136366,136366,136374,8,0
136366,136366,136373,7,0
136366,136366,136375,9,0
136366,136366,136379,13,0
136366,136367,136379,12,1
136365,136365,136694,329,0
136366,136366,136709,343,0
136365,136365,136770,405,0
136366,136366,136800,434,0
135804,135805,136803,998,1
136801,136804,136836,32,3
136365,136365,136866,501,0
136365,136365,136916,551,0
136365,136365,137093,728,0
136365,136365,137109,744,0
137001,137003,137194,191,2
137193,137195,137202,7,2
137267,137268,138221,953,1
138220,138222,138253,31,2
138391,138393,138574,181,2
138573,138575,138583,8,2
139271,139272,139404,132,1
139403,139405,139412,7,2
139470,139471,140435,964,1
140433,140435,140447,12,2
140621,140622,140823,201,1
140822,140824,140831,7,2
140898,140900,141825,925,2
141830,141830,141837,7,0
141831,141831,141838,7,0
141831,141831,141838,7,0
141830,141830,141837,7,0
141831,141831,141838,7,0
141830,141830,141839,9,0
141830,141830,141840,10,0
141830,141830,141843,13,0
141830,141830,141843,13,0
141831,141831,141843,12,0
141830,141830,141844,14,0
141823,141826,141859,33,3
141829,141829,141870,41,0
141829,141829,141871,42,0
141829,141830,141872,42,1
141829,141829,141876,47,0
141829,141829,141880,51,0
141829,141829,141882,53,0
141829,141829,141882,53,0
141830,141830,141883,53,0
141830,141830,141888,58,0
141829,141829,141905,76,0
141829,141829,141909,80,0
141989,141989,141996,7,0
141989,141989,141996,7,0
141989,141989,141996,7,0
141989,141989,141997,8,0
141989,141989,141998,9,0
141990,141990,141998,8,0
141989,141989,142002,13,0
141989,141989,142002,13,0
141988,141988,142029,41,0
141988,141988,142031,43,0
141988,141988,142037,49,0
141988,141988,142041,53,0
141988,141988,142042,54,0
141989,141989,142042,53,0
141988,141988,142052,64,0
141989,141989,142064,75,0
141996,141998,142203,205,2
142202,142204,142211,7,2
143104,143105,143131,26,1
142269,142271,143181,910,2
143180,143182,143212,30,2
143205,143205,143231,26,0
143465,143465,143472,7,0
143465,143465,143472,7,0
143465,143465,143472,7,0
143465,143465,143473,8,0
143465,143465,143474,9,0
143465,143465,143474,9,0
143465,143465,143477,12,0
143465,143465,143478,13,0
143464,143464,143496,32,0
143464,143464,143498,34,0
143464,143464,143498,34,0
143464,143464,143503,39,0
143464,143464,143508,44,0
143465,143465,143514,49,0
143464,143464,143527,63,0
143464,143464,143542,78,0
143363,143365,143551,186,2
143550,143552,143560,8,2
143601,143601,143609,8,0
143601,143601,143609,8,0
143601,143601,143610,9,0
143601,143601,143609,8,0
143601,143601,143610,9,0
143601,143602,143610,8,1
143603,143603,143610,7,0
143601,143601,143610,9,0
143603,143603,143610,7,0
143603,143603,143610,7,0
143603,143603,143610,7,0
143602,143602,143610,8,0
143603,143603,143610,7,0
143603,143604,143611,7,1
143602,143602,143611,9,0
143604,143604,143611,7,0
143604,143604,143611,7,0
143603,143603,143612,9,0
143601,143601,143612,11,0
143601,143601,143612,11,0
143602,143602,143611,9,0
143602,143602,143612,10,0
143603,143603,143613,10,0
143603,143603,143613,10,0
143602,143602,143613,11,0
143602,143602,143616,14,0
143601,143601,143616,15,0
143602,143602,143616,14,0
143602,143602,143617,15,0
143602,143602,143617,15,0
143603,143603,143616,13,0
143604,143604,143617,13,0
144242,144244,144450,206,2
144449,144451,144458,7,2
144520,144521,145446,925,1
145445,145447,145478,31,2
145627,145628,145826,198,1
145825,145827,145829,2,2
145910,145912,146877,965,2
146876,146878,146910,32,2
147057,147058,147256,198,1
147255,147257,147264,7,2
147678,147678,147682,4,0
147750,147750,147773,23,0
147326,147328,148318,990,2
148317,148319,148331,12,2
148504,148505,148708,203,1
148707,148710,148717,7,3
148779,148781,149806,1025,2
149805,149807,149840,33,2
149999,150001,150186,185,2
150185,150187,150189,2,2
150256,150257,151174,917,1
151173,151175,151207,32,2
151356,151358,151547,189,2
151546,151549,151556,7,3
151616,151618,152576,958,2
152575,152577,152608,31,2
152762,152764,152948,184,2
152947,152949,152956,7,2
153017,153019,153974,955,2
153973,153976,154007,31,3
155396,155398,155566,168,2
155565,155567,155574,7,2
155651,155653,156517,864,2
156516,156518,156553,35,2
162730,162732,163066,334,2
163064,163066,163073,7,2
163141,163142,164704,1562,1
164703,164705,164719,14,2
208633,208633,208671,38,0
211415,211415,211450,35,0
211416,211416,211465,49,0
211415,211415,211466,51,0
211416,211416,211466,50,0
211415,211415,211466,51,0
211416,211416,211466,50,0
211416,211416,211467,51,0
211416,211416,211467,51,0
211415,211415,211467,52,0
211416,211416,211468,52,0
211416,211416,211468,52,0
211415,211415,211469,54,0
211416,211416,211472,56,0
211416,211416,211473,57,0
211415,211415,211473,58,0
211415,211415,211473,58,0
211416,211416,211473,57,0
211415,211415,211473,58,0
211416,211416,211475,59,0
211416,211416,211474,58,0
211416,211416,211475,59,0
211416,211416,211474,58,0
211416,211416,211475,59,0
211415,211416,211477,61,1
211416,211451,211491,40,35
211417,211465,211507,42,48
211417,211466,211511,45,49
211417,211466,211514,48,49
211417,211466,211514,48,49
211417,211467,211514,47,50
211417,211467,211514,47,50
211417,211468,211515,47,51
211417,211468,211516,48,51
211417,211469,211516,47,52
211417,211468,211517,49,51
211417,211470,211519,49,53
211417,211473,211530,57,56
211418,211475,211530,55,57
211418,211474,211531,57,56
211417,211473,211532,59,56
211417,211474,211532,58,57
211418,211475,211532,57,57
211417,211474,211531,57,57
211418,211475,211533,58,57
211417,211474,211533,59,57
211418,211475,211534,59,57
211418,211475,211534,59,57
211418,211492,211538,46,74
211418,211477,211539,62,59
211418,211508,211549,41,90
211418,211512,211555,43,94
211418,211514,211558,44,96
211418,211514,211558,44,96
211418,211515,211559,44,97
211418,211515,211559,44,97
211418,211517,211561,44,99
211418,211517,211562,45,99
211418,211516,211564,48,98
211419,211518,211565,47,99
211419,211520,211567,47,101
211419,211532,211585,53,113
211419,211531,211587,56,112
211419,211531,211587,56,112
211419,211532,211588,56,113
211419,211539,211588,49,120
211419,211532,211589,57,113
211419,211532,211590,58,113
211419,211534,211592,58,115
211419,211534,211592,58,115
211419,211532,211592,60,113
211419,211534,211593,59,115
211419,211535,211594,59,116
211419,211549,211595,46,130
211419,211539,211597,58,120
211420,211555,211600,45,135
211420,211559,211603,44,139
211420,211560,211602,42,140
211420,211559,211602,43,139
211420,211560,211603,43,140
211420,211562,211606,44,142
211420,211563,211607,44,143
211420,211564,211607,43,144
211420,211566,211612,46,146
211420,211567,211612,45,147
211420,211589,211628,39,169
211421,211596,211634,38,175
211420,211588,211635,47,168
211421,211600,211636,36,179
211420,211587,211636,49,167
211420,211586,211637,51,166
211420,211588,211637,49,168
211421,211589,211638,49,168
211421,211603,211639,36,182
211421,211591,211640,49,170
211421,211592,211640,48,171
211421,211592,211641,49,171
211421,211594,211641,47,173
211421,211592,211641,49,171
211421,211593,211644,51,172
211421,211597,211648,51,176
224946,224947,224972,25,1
224946,224946,224972,26,0
224946,224946,224973,27,0
224947,224947,224973,26,0
224947,224947,224973,26,0
224947,224947,224973,26,0
224947,224947,224973,26,0
224947,224947,224973,26,0
224946,224946,224974,28,0
224947,224947,224974,27,0
224947,224947,224974,27,0
224947,224947,224974,27,0
224946,224946,224981,35,0
224946,224946,224983,37,0
224947,224947,224983,36,0
224946,224946,224984,38,0
224947,224947,224984,37,0
224947,224947,224984,37,0
224947,224947,224984,37,0
224947,224947,224984,37,0
224947,224948,224984,36,1
224948,224948,224985,37,0
224947,224947,224985,38,0
224947,224947,224986,39,0
224948,224972,224998,26,24
224948,224974,224998,24,26
224948,224973,224999,26,25
224948,224974,225000,26,26
224948,224973,224999,26,25
224948,224974,224999,25,26
224948,224974,224999,25,26
224948,224974,225000,26,26
224948,224974,225000,26,26
224948,224974,225000,26,26
224948,224975,225000,25,27
224948,224974,225000,26,26
224948,224982,225016,34,34
224948,224984,225019,35,36
224949,224984,225019,35,35
224949,224985,225020,35,36
224949,224985,225021,36,36
224949,224985,225021,36,36
224949,224986,225021,35,37
224949,224985,225021,36,36
224949,224985,225021,36,36
224949,224986,225022,36,37
224949,224985,225023,38,36
224949,224985,225023,38,36
224949,224999,225024,25,50
224950,225000,225024,24,50
224949,224999,225024,25,50
224949,225000,225025,25,51
224949,225000,225025,25,51
224950,225001,225025,24,51
224950,225001,225026,25,51
224949,225000,225026,26,51
224950,225001,225025,24,51
224949,225000,225026,26,51
224950,225001,225026,25,51
224950,225001,225026,25,51
224951,225024,225048,24,73
224951,225025,225049,24,74
224951,225024,225049,25,73
224951,225025,225049,24,74
224951,225026,225050,24,75
224951,225025,225050,25,74
224951,225026,225050,24,75
224951,225026,225050,24,75
224951,225026,225050,24,75
224951,225026,225050,24,75
224951,225026,225051,25,75
224951,225027,225052,25,76
224950,225019,225053,34,69
224950,225017,225053,36,67
224950,225019,225054,35,69
224950,225021,225055,34,71
224950,225022,225056,34,72
224950,225022,225056,34,72
224950,225020,225056,36,70
224950,225022,225057,35,72
224950,225022,225057,35,72
224950,225022,225058,36,72
224951,225023,225058,35,72
224950,225023,225059,36,73
224951,225048,225073,25,97
224952,225049,225074,25,97
224952,225050,225074,24,98
224952,225050,225075,25,98
224952,225051,225075,24,99
224952,225049,225075,26,97
224952,225051,225076,25,99
224952,225051,225076,25,99
224952,225050,225077,27,98
224952,225051,225076,25,99
224952,225052,225077,25,100
224952,225052,225078,26,100
224952,225053,225088,35,101
224952,225055,225090,35,103
224952,225054,225091,37,102
224952,225055,225090,35,103
224953,225056,225092,36,103
224952,225056,225091,35,104
224953,225057,225092,35,104
224953,225057,225092,35,104
224953,225058,225093,35,105
224953,225059,225094,35,106
224953,225059,225094,35,106
224953,225060,225096,36,107
224953,225074,225099,25,121
224953,225075,225100,25,122
224953,225076,225100,24,123
224953,225074,225100,26,121
224953,225076,225101,25,123
224953,225076,225101,25,123
224953,225076,225101,25,123
224953,225077,225101,24,124
224954,225077,225101,24,123
224954,225077,225102,25,123
224954,225079,225103,24,125
224954,225078,225103,25,124
224955,225100,225125,25,145
224955,225100,225124,24,145
224954,225091,225125,34,137
224954,225091,225126,35,137
224955,225101,225126,25,146
224954,225089,225125,36,135
224955,225101,225126,25,146
224955,225101,225126,25,146
224954,225091,225125,34,137
224954,225092,225127,35,138
224955,225101,225126,25,146
224955,225102,225127,25,147
224954,225095,225127,32,141
224955,225125,225127,2,170
224954,225092,225127,35,138
224955,225097,225127,30,142
224956,225126,225127,1,170
224955,225104,225127,23,149
224955,225125,225127,2,170
224955,225102,225127,25,147
224955,225125,225127,2,170
224955,225101,225127,26,146
224955,225102,225127,25,147
224955,225104,225127,23,149
224956,225126,225127,1,170
224954,225093,225128,35,139
224954,225093,225128,35,139
224954,225095,225128,33,141
224954,225093,225128,35,139
225325,225325,225348,23,0
225325,225325,225349,24,0
225325,225325,225349,24,0
225325,225326,225350,24,1
225325,225325,225350,25,0
225326,225326,225350,24,0
225325,225325,225350,25,0
225325,225325,225351,26,0
225326,225326,225351,25,0
225326,225326,225351,25,0
225326,225326,225351,25,0
225326,225326,225351,25,0
225326,225326,225361,35,0
225325,225325,225360,35,0
225326,225326,225361,35,0
225326,225326,225360,34,0
225325,225325,225361,36,0
225326,225326,225362,36,0
225326,225326,225362,36,0
225325,225325,225362,37,0
225325,225325,225362,37,0
225326,225326,225362,36,0
225325,225325,225362,37,0
225325,225325,225363,38,0
225326,225349,225373,24,23
225326,225350,225374,24,24
225326,225349,225374,25,23
225327,225350,225375,25,23
225327,225350,225375,25,23
225326,225350,225376,26,24
225327,225351,225376,25,24
225327,225350,225376,26,23
225327,225351,225377,26,24
225327,225351,225378,27,24
225327,225352,225378,26,25
225327,225351,225378,27,24
225327,225362,225396,34,35
225327,225362,225396,34,35
225327,225362,225396,34,35
225327,225362,225396,34,35
225327,225362,225397,35,35
225328,225363,225397,34,35
225327,225361,225398,37,34
225327,225362,225398,36,35
225328,225362,225399,37,34
225328,225373,225399,26,45
225328,225362,225399,37,34
225328,225364,225400,36,36
225328,225374,225401,27,46
225328,225376,225402,26,48
225328,225375,225403,28,47
225328,225376,225403,27,48
225327,225362,225404,42,35
225328,225375,225404,29,47
225328,225379,225404,25,51
225328,225378,225405,27,50
225329,225379,225406,27,50
225328,225376,225407,31,48
225328,225379,225408,29,51
225328,225376,225408,32,48
225329,225400,225427,27,71
225329,225402,225429,27,73
225329,225402,225430,28,73
225330,225408,225431,23,78
225330,225406,225431,25,76
225329,225404,225432,28,75
225329,225397,225432,35,68
225329,225397,225431,34,68
225330,225404,225432,28,74
225330,225408,225432,24,78
225330,225406,225431,25,76
225330,225405,225432,27,75
225329,225396,225432,36,67
225330,225405,225433,28,75
225329,225398,225434,36,69
225329,225398,225434,36,69
225330,225409,225435,26,79
225329,225397,225436,39,68
225329,225399,225436,37,70
225329,225399,225438,39,70
225329,225400,225439,39,71
225329,225400,225440,40,71
225329,225401,225440,39,72
225330,225404,225440,36,74
225330,225427,225451,24,97
225330,225429,225454,25,99
225330,225432,225456,24,102
225330,225431,225456,25,101
225330,225431,225456,25,101
225330,225431,225456,25,101
225331,225432,225457,25,101
225331,225432,225457,25,101
225331,225432,225458,26,101
225331,225433,225459,26,102
225331,225434,225459,25,103
225331,225435,225459,24,104
225331,225432,225467,35,101
225331,225432,225469,37,101
225331,225434,225468,34,103
225331,225433,225469,36,102
225331,225436,225470,34,105
225331,225435,225470,35,104
225331,225436,225471,35,105
225332,225440,225473,33,108
225331,225438,225473,35,107
225332,225440,225475,35,108
225331,225440,225475,35,109
225332,225440,225477,37,108
225332,225452,225477,25,120
225332,225455,225479,24,123
225332,225456,225480,24,124
225332,225456,225480,24,124
225332,225456,225481,25,124
225332,225457,225480,23,125
225332,225457,225482,25,125
225332,225459,225483,24,127
225332,225459,225482,23,127
225332,225459,225483,24,127
225332,225459,225484,25,127
225332,225461,225484,23,129
225334,225485,225490,5,151
225334,225483,225490,7,149
225334,225483,225490,7,149
225334,225482,225490,8,148
225334,225483,225490,7,149
225334,225484,225490,6,150
225334,225481,225490,9,147
225333,225478,225491,13,145
225333,225476,225491,15,143
225333,225470,225491,21,137
225333,225481,225491,10,148
225334,225481,225491,10,147
225333,225481,225491,10,148
225333,225478,225491,13,145
225333,225480,225491,11,147
225333,225471,225491,20,138
225333,225472,225491,19,139
225333,225474,225491,17,141
225333,225471,225491,20,138
225333,225474,225491,17,141
225333,225476,225491,15,143
225332,225468,225491,23,136
225333,225469,225491,22,136
225333,225469,225491,22,136
225551,225551,225552,1,0
225551,225551,225552,1,0
225551,225551,225552,1,0
225551,225551,225552,1,0
225552,225552,225553,1,0
225552,225552,225553,1,0
225552,225552,225553,1,0
225552,225552,225553,1,0
225552,225552,225553,1,0
225552,225552,225553,1,0
225553,225553,225554,1,0
225553,225553,225554,1,0
225553,225553,225554,1,0
225553,225553,225554,1,0
225553,225553,225554,1,0
225553,225553,225554,1,0
225554,225554,225555,1,0
225554,225554,225555,1,0
225554,225554,225555,1,0
225554,225554,225555,1,0
225555,225555,225556,1,0
225555,225555,225556,1,0
225555,225555,225556,1,0
225555,225555,225556,1,0
225555,225555,225556,1,0
225556,225556,225557,1,0
225556,225556,225557,1,0
225556,225556,225557,1,0
225556,225556,225557,1,0
225556,225556,225557,1,0
225557,225557,225558,1,0
225557,225557,225558,1,0
225557,225557,225558,1,0
225557,225557,225558,1,0
225557,225557,225558,1,0
225557,225557,225558,1,0
225558,225558,225559,1,0
225558,225558,225559,1,0
225558,225558,225559,1,0
225558,225558,225559,1,0
225558,225558,225559,1,0
225558,225558,225559,1,0
225559,225559,225582,23,0
225559,225559,225583,24,0
225559,225559,225582,23,0
225559,225559,225583,24,0
225559,225559,225583,24,0
225559,225559,225583,24,0
225560,225560,225583,23,0
225560,225560,225583,23,0
225560,225560,225583,23,0
225559,225559,225584,25,0
225560,225560,225584,24,0
225560,225560,225585,25,0
225559,225559,225592,33,0
225559,225560,225592,32,1
225559,225559,225593,34,0
225559,225559,225594,35,0
225560,225560,225594,34,0
225560,225560,225594,34,0
225560,225560,225594,34,0
225559,225559,225594,35,0
225559,225559,225595,36,0
225560,225560,225595,35,0
225560,225560,225595,35,0
225560,225560,225597,37,0
225560,225583,225608,25,23
225560,225583,225608,25,23
225560,225583,225609,26,23
225561,225584,225609,25,23
225560,225583,225609,26,23
225561,225584,225609,25,23
225561,225584,225609,25,23
225561,225585,225609,24,24
225561,225585,225610,25,24
225561,225584,225610,26,23
225561,225585,225610,25,24
225560,225584,225610,26,24
225561,225592,225628,36,31
225561,225592,225629,37,31
225561,225594,225629,35,33
225561,225594,225629,35,33
225561,225593,225630,37,32
225561,225594,225630,36,33
225561,225594,225630,36,33
225561,225596,225631,35,35
225562,225596,225632,36,34
225561,225596,225633,37,35
225561,225594,225633,39,33
225562,225598,225634,36,36
225562,225608,225636,28,46
225562,225608,225636,28,46
225562,225610,225637,27,48
225562,225610,225637,27,48
225562,225609,225637,28,47
225562,225609,225637,28,47
225562,225610,225637,27,48
225562,225610,225638,28,48
225562,225610,225638,28,48
225562,225611,225639,28,49
225562,225610,225639,29,48
225562,225611,225640,29,49
225563,225636,225662,26,73
225563,225636,225662,26,73
225563,225637,225663,26,74
225564,225638,225663,25,74
225563,225638,225664,26,75
225563,225638,225664,26,75
225563,225630,225665,35,67
225563,225630,225664,34,67
225564,225639,225665,26,75
225563,225637,225665,28,74
225562,225630,225665,35,68
225564,225638,225666,28,74
225563,225631,225666,35,68
225564,225639,225667,28,75
225564,225640,225667,27,76
225564,225640,225668,28,76
225562,225629,225669,40,67
225563,225633,225669,36,70
225563,225632,225670,38,69
225563,225633,225671,38,70
225563,225634,225672,38,71
225563,225635,225672,37,72
225563,225631,225672,41,68
225563,225631,225672,41,68
225564,225662,225689,27,98
225564,225663,225690,27,99
225564,225663,225691,28,99
225564,225665,225692,27,101
225565,225667,225693,26,102
225565,225668,225693,25,103
225564,225664,225692,28,100
225564,225665,225693,28,101
225564,225665,225693,28,101
225565,225667,225693,26,102
225564,225666,225693,27,102
225565,225669,225694,25,104
225564,225665,225702,37,101
225565,225670,225705,35,105
225565,225671,225705,34,106
225565,225670,225706,36,105
225565,225672,225706,34,107
225565,225672,225707,35,107
225564,225665,225706,41,101
225565,225669,225706,37,104
225565,225666,225707,41,101
225565,225673,225708,35,108
225565,225673,225708,35,108
225565,225667,225711,44,102
225565,225689,225715,26,124
225565,225690,225716,26,125
225566,225691,225717,26,125
225566,225692,225718,26,126
225566,225693,225719,26,127
225566,225693,225718,25,127
225566,225693,225718,25,127
225566,225694,225720,26,128
225566,225694,225720,26,128
225566,225694,225720,26,128
225566,225693,225721,28,127
225566,225694,225721,27,128
225566,225703,225738,35,137
225566,225706,225740,34,140
225567,225707,225741,34,140
225567,225707,225741,34,140
225566,225707,225742,35,141
225567,225707,225741,34,140
225567,225716,225742,26,149
225566,225707,225742,35,141
225567,225716,225743,27,149
225566,225706,225742,36,140
225567,225718,225743,25,151
225567,225708,225744,36,141
225567,225718,225745,27,151
225567,225708,225745,37,141
225567,225719,225746,27,152
225566,225707,225747,40,141
225567,225720,225747,27,153
225567,225719,225747,28,152
225567,225720,225748,28,153
225567,225712,225749,37,145
225567,225721,225749,28,154
225568,225721,225749,28,153
225568,225721,225750,29,153
225567,225720,225750,30,153
225568,225743,225769,26,175
225568,225743,225771,28,175
225568,225744,225773,29,176
225568,225739,225774,35,171
225569,225748,225774,26,179
225569,225749,225775,26,180
225569,225747,225775,28,178
225569,225748,225775,27,179
225569,225750,225775,25,181
225569,225751,225776,25,182
225568,225746,225775,29,178
225569,225748,225776,28,179
225569,225751,225776,25,182
225568,225741,225776,35,173
225568,225741,225777,36,173
225568,225742,225778,36,174
225568,225742,225779,37,174
225568,225742,225779,37,174
225568,225743,225780,37,175
225568,225743,225781,38,175
225569,225747,225784,37,178
225568,225746,225784,38,178
225569,225749,225785,36,180
225568,225745,225786,41,177
225569,225769,225795,26,200
225569,225772,225797,25,203
225569,225773,225798,25,204
225569,225775,225800,25,206
225569,225775,225800,25,206
225570,225776,225800,24,206
225570,225776,225801,25,206
225570,225776,225801,25,206
225570,225776,225800,24,206
225570,225776,225801,25,206
225570,225776,225800,24,206
225570,225776,225801,25,206
225569,225774,225809,35,205
225570,225777,225811,34,207
225570,225776,225812,36,206
225570,225779,225813,34,209
225570,225779,225814,35,209
225570,225780,225814,34,210
225570,225779,225816,37,209
225570,225782,225816,34,212
225570,225785,225819,34,215
225571,225785,225820,35,214
225571,225786,225821,35,215
225570,225784,225821,37,214
225571,225796,225821,25,225
225571,225797,225823,26,226
225571,225799,225825,26,228
225571,225801,225827,26,230
225571,225801,225827,26,230
225571,225801,225827,26,230
225571,225801,225827,26,230
225571,225801,225827,26,230
225571,225801,225827,26,230
225571,225802,225828,26,231
225571,225801,225828,27,230
225571,225801,225829,28,230
225571,225812,225847,35,241
225572,225822,225848,26,250
225572,225824,225850,26,252
225571,225811,225850,39,240
225571,225813,225851,38,242
225572,225814,225850,36,242
225572,225825,225852,27,253
225572,225827,225853,26,255
225572,225815,225854,39,243
225572,225828,225854,26,256
225573,225828,225855,27,255
225572,225816,225855,39,244
225572,225828,225855,27,256
225572,225827,225856,29,255
225572,225815,225857,42,243
225573,225830,225858,28,257
225573,225828,225858,30,255
225573,225828,225859,31,255
225573,225830,225859,29,257
225572,225820,225859,39,248
225572,225817,225861,44,245
225572,225821,225862,41,249
225572,225822,225862,40,250
225572,225822,225862,40,250
225573,225851,225880,29,278
225573,225849,225882,33,276
225573,225854,225884,30,281
225574,225856,225885,29,282
225573,225852,225885,33,279
225574,225856,225886,30,282
225573,225855,225886,31,282
225574,225856,225886,30,282
225574,225860,225887,27,286
225574,225859,225887,28,285
225574,225860,225888,28,286
225574,225859,225889,30,285
225573,225848,225890,42,275
225574,225856,225895,39,282
225573,225851,225895,44,278
225573,225854,225896,42,281
225573,225851,225896,45,278
225574,225858,225896,38,284
225574,225860,225897,37,286
225574,225862,225898,36,288
225574,225862,225898,36,288
225573,225851,225900,49,278
225574,225863,225900,37,289
225574,225861,225900,39,287
225574,225880,225906,26,306
225574,225883,225908,25,309
225575,225885,225910,25,310
225575,225885,225910,25,310
225575,225886,225911,25,311
225575,225886,225911,25,311
225575,225887,225912,25,312
225575,225889,225913,24,314
225575,225886,225913,27,311
225575,225888,225913,25,313
225575,225890,225915,25,315
225575,225888,225915,27,313
225575,225891,225923,32,316
225575,225895,225929,34,320
225575,225896,225930,34,321
225576,225906,225931,25,330
225575,225896,225932,36,321
225575,225897,225931,34,322
225575,225897,225932,35,322
225576,225898,225932,34,322
225576,225898,225932,34,322
225576,225898,225932,34,322
225576,225900,225933,33,324
225576,225909,225933,24,333
225576,225901,225935,34,325
225576,225910,225935,25,334
225576,225900,225935,35,324
225576,225911,225936,25,335
225576,225911,225936,25,335
225576,225912,225937,25,336
225576,225913,225937,24,337
225576,225913,225938,25,337
225576,225913,225939,26,337
225577,225915,225939,24,338
225576,225914,225940,26,338
225577,225916,225940,24,339
225577,225932,225957,25,355
225577,225934,225959,25,357
225577,225924,225960,36,347
225578,225936,225961,25,358
225577,225936,225962,26,359
225578,225936,225962,26,358
225578,225938,225963,25,360
225578,225938,225963,25,360
225577,225930,225965,35,353
225578,225939,225964,25,361
225578,225940,225965,25,362
225578,225940,225965,25,362
225577,225930,225965,35,353
225578,225941,225966,25,363
225577,225932,225967,35,355
225577,225933,225967,34,356
225577,225932,225969,37,355
225577,225933,225968,35,356
225578,225941,225968,27,363
225577,225933,225968,35,356
225577,225933,225968,35,356
225577,225932,225969,37,355
225578,225936,225970,34,358
225577,225935,225972,37,358
225578,225959,225983,24,381
225578,225958,225983,25,380
225578,225962,225986,24,384
225578,225962,225986,24,384
225579,225963,225987,24,384
225579,225963,225988,25,384
225579,225963,225988,25,384
225579,225965,225989,24,386
225579,225965,225989,24,386
225579,225966,225990,24,387
225579,225967,225991,24,388
225579,225969,225994,25,390
225578,225961,225995,34,383
225579,225965,225999,34,386
225579,225966,226000,34,387
225579,225968,226002,34,389
225580,225969,226003,34,389
225579,225967,226003,36,388
225580,225970,226003,33,390
225580,225971,226004,33,391
225579,225969,226003,34,390
225579,225969,226005,36,390
225579,225969,226005,36,390
225580,225972,226006,34,392
225580,225984,226008,24,404
225580,225983,226008,25,403
225580,225986,226010,24,406
225580,225988,226012,24,408
225580,225989,226012,23,409
225580,225989,226013,24,409
225580,225987,226013,26,407
225580,225990,226014,24,410
225580,225991,226015,24,411
225580,225990,226015,25,410
225580,225992,226017,25,412
225580,225994,226019,25,414
225581,225996,226029,33,415
225581,226009,226032,23,428
225581,226008,226033,25,427
225581,226010,226034,24,429
225581,226001,226036,35,420
225581,226012,226036,24,431
225581,225999,226036,37,418
225582,226013,226037,24,431
225582,226013,226038,25,431
225581,226004,226039,35,423
225581,226006,226039,33,425
225582,226015,226039,24,433
225581,226004,226039,35,423
225581,226006,226040,34,425
225582,226013,226039,26,431
225582,226015,226040,25,433
225581,226002,226040,38,421
225581,226004,226040,36,423
225582,226015,226040,25,433
225582,226017,226042,25,435
225581,226003,226042,39,422
225581,226004,226042,38,423
225581,226005,226043,38,424
225582,226020,226044,24,438
225582,226034,226058,24,452
225582,226033,226058,25,451
225582,226035,226060,25,453
225582,226036,226063,27,454
225582,226030,226064,34,448
225583,226040,226065,25,457
225583,226039,226066,27,456
225583,226040,226066,26,457
225582,226038,226067,29,456
225583,226041,226067,26,458
225583,226041,226067,26,458
225583,226043,226069,26,460
225584,226045,226069,24,461
225582,226036,226071,35,454
225583,226040,226075,35,457
225583,226040,226075,35,457
225582,226037,226075,38,455
225583,226043,226077,34,460
225583,226040,226077,37,457
225583,226041,226077,36,458
225584,226043,226079,36,459
225583,226040,226078,38,457
225583,226041,226079,38,458
225584,226043,226078,35,459
225584,226059,226083,24,475
225584,226059,226084,25,475
225584,226060,226085,25,476
225584,226064,226089,25,480
225584,226066,226092,26,482
225584,226066,226092,26,482
225584,226067,226092,25,483
225584,226067,226092,25,483
225584,226068,226092,24,484
225584,226068,226093,25,484
225584,226070,226094,24,486
225585,226070,226096,26,485
225584,226064,226098,34,480
225585,226071,226105,34,486
225585,226084,226108,24,499
225585,226076,226109,33,491
225585,226085,226109,24,500
225585,226083,226109,26,498
225585,226076,226110,34,491
225585,226076,226110,34,491
225585,226078,226111,33,493
225585,226077,226112,35,492
225585,226079,226113,34,494
225585,226077,226114,37,492
225585,226079,226114,35,494
225585,226079,226114,35,494
225585,226079,226114,35,494
225586,226090,226115,25,504
225586,226093,226117,24,507
225586,226092,226117,25,506
225586,226093,226117,24,507
225586,226093,226117,24,507
225586,226093,226117,24,507
225586,226094,226118,24,508
225586,226095,226119,24,509
225586,226096,226121,25,510
225586,226108,226133,25,522
225586,226109,226134,25,523
225586,226110,226134,24,524
225586,226099,226133,34,513
225586,226106,226140,34,520
225587,226115,226140,25,528
225587,226117,226140,23,530
225587,226118,226142,24,531
225587,226118,226142,24,531
225587,226118,226142,24,531
225587,226118,226142,24,531
225587,226119,226142,23,532
225587,226119,226142,23,532
225586,226109,226144,35,523
225587,226111,226144,33,524
225586,226111,226145,34,525
225588,226122,226146,24,534
225587,226111,226145,34,524
225587,226112,226146,34,525
225587,226113,226146,33,526
225587,226114,226148,34,527
225587,226114,226148,34,527
225587,226114,226148,34,527
225587,226114,226149,35,527
225588,226134,226157,23,546
225588,226134,226157,23,546
225588,226134,226157,23,546
225588,226141,226165,24,553
225588,226140,226165,25,552
225588,226142,226166,24,554
225588,226142,226167,25,554
225588,226134,226167,33,546
225588,226143,226167,24,555
225588,226144,226167,23,556
225588,226143,226168,25,555
225588,226143,226167,24,555
225589,226146,226169,23,557
225588,226140,226173,33,552
225589,226145,226178,33,556
225589,226145,226177,32,556
225589,226145,226178,33,556
225589,226146,226179,33,557
225589,226148,226180,32,559
225589,226147,226180,33,558
225589,226149,226181,32,560
225589,226158,226181,23,569
225589,226158,226182,24,569
225589,226149,226183,34,560
225589,226147,226182,35,558
225589,226158,226182,24,569
225589,226150,226184,34,561
225589,226165,226188,23,576
225589,226166,226189,23,577
225590,226167,226190,23,577
225590,226168,226190,22,578
225590,226168,226192,24,578
225590,226168,226192,24,578
225590,226167,226192,25,577
225590,226168,226192,24,578
225590,226170,226194,24,580
225590,226167,226202,35,577
225591,226182,226206,24,591
225591,226182,226207,25,591
225591,226183,226207,24,592
225590,226174,226207,33,584
225590,226178,226211,33,588
225590,226179,226211,32,589
225590,226178,226212,34,588
225591,226189,226213,24,598
225590,226180,226213,33,590
225591,226190,226214,24,599
225591,226191,226214,23,600
225591,226191,226214,23,600
225590,226182,226215,33,592
225591,226192,226216,24,601
225590,226181,226216,35,591
225591,226183,226216,33,592
225590,226181,226216,35,591
225591,226183,226216,33,592
225591,226192,226216,24,601
225591,226192,226216,24,601
225591,226184,226217,33,593
225591,226194,226217,23,603
225591,226193,226217,24,602
225592,226207,226230,23,615
225592,226207,226231,24,615
225592,226207,226231,24,615
225591,226203,226235,32,612
225592,226214,226237,23,622
225592,226214,226237,23,622
225592,226215,226239,24,623
225593,226217,226239,22,624
225592,226216,226240,24,624
225593,226217,226240,23,624
225593,226218,226240,22,625
225592,226215,226241,26,623
225593,226218,226241,23,625
225592,226208,226242,34,616
225592,226211,226244,33,619
225592,226212,226245,33,620
225592,226212,226245,33,620
225592,226214,226246,32,622
225593,226216,226248,32,623
225592,226215,226249,34,623
225593,226216,226250,34,623
225592,226216,226250,34,624
225593,226216,226250,34,623
225593,226217,226252,35,624
225593,226232,226254,22,639
225593,226231,226254,23,638
225593,226232,226255,23,639
225594,226238,226262,24,644
225594,226238,226262,24,644
225594,226240,226263,23,646
225594,226239,226263,24,645
225594,226241,226264,23,647
225594,226241,226264,23,647
225594,226241,226265,24,647
225594,226240,226266,26,646
225594,226243,226266,23,649
225593,226236,226269,33,643
225594,226242,226276,34,648
225594,226245,226277,32,651
225595,226255,226279,24,660
225595,226255,226279,24,660
225595,226256,226280,24,661
225594,226246,226282,36,652
225594,226247,226282,35,653
225594,226245,226283,38,651
225595,226249,226284,35,654
225595,226250,226286,36,655
225595,226251,226286,35,656
225595,226251,226286,35,656
225595,226263,226287,24,668
225595,226262,226287,25,667
225595,226263,226287,24,668
225595,226250,226287,37,655
225595,226264,226288,24,669
225595,226252,226288,36,657
225595,226265,226289,24,670
225595,226265,226290,25,670
225596,226266,226290,24,670
225596,226267,226291,24,671
225596,226267,226291,24,671
225596,226269,226303,34,673
225596,226280,226304,24,684
225596,226279,226304,25,683
225596,226280,226304,24,684
225597,226287,226311,24,690
225596,226277,226312,35,681
225597,226287,226311,24,690
225596,226278,226313,35,682
225597,226288,226312,24,691
225597,226289,226313,24,692
225597,226289,226314,25,692
225597,226290,226314,24,693
225597,226291,226314,23,694
225596,226282,226315,33,686
225597,226292,226316,24,695
225597,226292,226316,24,695
225596,226283,226317,34,687
225596,226283,226318,35,687
225596,226286,226320,34,690
225596,226287,226321,34,691
225596,226285,226320,35,689
225597,226288,226322,34,691
225596,226287,226322,35,691
225597,226289,226324,35,692
225597,226304,226328,24,707
225597,226304,226328,24,707
225597,226305,226330,25,708
225598,226311,226335,24,713
225598,226313,226336,23,715
225598,226313,226337,24,715
225598,226313,226336,23,715
225598,226315,226338,23,717
225598,226315,226338,23,717
225597,226304,226339,35,707
225598,226315,226339,24,717
225598,226317,226340,23,719
225598,226317,226340,23,719
225598,226312,226345,33,714
225598,226313,226345,32,715
225598,226316,226350,34,718
225598,226317,226350,33,719
225599,226318,226351,33,719
225599,226329,226352,23,730
225599,226329,226353,24,730
225599,226320,226353,33,721
225599,226331,226354,23,732
225599,226321,226356,35,722
225599,226321,226356,35,722
225599,226323,226357,34,724
225599,226322,226358,36,723
225599,226324,226359,35,725
225599,226336,226359,23,737
225599,226336,226360,24,737
225599,226337,226361,24,738
225599,226337,226361,24,738
225599,226339,226362,23,740
225599,226339,226362,23,740
225600,226339,226362,23,739
225600,226341,226364,23,741
225600,226341,226365,24,741
225600,226339,226372,33,739
225600,226353,226376,23,753
225600,226353,226377,24,753
225600,226355,226379,24,755
225600,226345,226379,34,745
225600,226346,226380,34,746
225601,226360,226384,24,759
225601,226360,226384,24,759
225600,226351,226385,34,751
225600,226351,226386,35,751
225600,226351,226385,34,751
225601,226361,226385,24,760
225601,226362,226386,24,761
225601,226361,226386,25,760
225601,226363,226387,24,762
225600,226354,226387,33,754
225601,226364,226388,24,763
225601,226363,226388,25,762
225600,226356,226389,33,756
225601,226366,226389,23,765
225600,226357,226389,32,757
225601,226358,226391,33,757
225601,226359,226393,34,758
225601,226360,226393,33,759
225601,226376,226400,24,775
225601,226379,226402,23,778
225601,226378,226403,25,777
225601,226372,226406,34,771
225602,226386,226408,22,784
225602,226385,226411,26,783
225602,226385,226410,25,783
225602,226386,226411,25,784
225602,226387,226411,24,785
225602,226387,226411,24,785
225602,226388,226412,24,786
225602,226389,226413,24,787
225603,226390,226414,24,787
225602,226380,226417,37,778
225602,226381,226417,36,779
225602,226386,226421,35,784
225602,226386,226421,35,784
225602,226386,226421,35,784
225602,226388,226423,35,786
225602,226389,226424,35,787
225603,226400,226425,25,797
225603,226390,226425,35,787
225603,226391,226426,35,788
225603,226402,226427,25,799
225603,226394,226428,34,791
225603,226403,226428,25,800
225603,226394,226428,34,791
225603,226408,226433,25,805
225603,226411,226434,23,808
225604,226411,226435,24,807
225604,226411,226436,25,807
225604,226412,226437,25,808
225604,226412,226437,25,808
225604,226412,226437,25,808
225604,226414,226438,24,810
225604,226415,226439,24,811
225603,226407,226441,34,804
225604,226417,226451,34,813
225604,226426,226451,25,822
225604,226417,226452,35,813
225605,226427,226453,26,822
225605,226429,226453,24,824
225604,226422,226456,34,818
225604,226421,226456,35,817
225604,226421,226457,36,817
225605,226434,226458,24,829
225604,226423,226458,35,819
225605,226435,226460,25,830
225604,226424,226460,36,820
225605,226436,226460,24,831
225605,226437,226461,24,832
225605,226438,226461,23,833
225605,226438,226462,24,833
225605,226437,226461,24,832
225605,226438,226462,24,833
225605,226426,226462,36,821
225605,226426,226463,37,821
225605,226428,226463,35,823
225605,226440,226464,24,835
225605,226429,226464,35,824
225605,226441,226476,35,836
225606,226452,226477,25,846
225606,226454,226478,24,848
225606,226454,226478,24,848
225606,226458,226483,25,852
225606,226460,226485,25,854
225606,226461,226485,24,855
225606,226452,226486,34,846
225606,226462,226487,25,856
225606,226462,226487,25,856
225607,226462,226487,25,855
225606,226451,226487,36,845
225607,226462,226488,26,855
225607,226462,226488,26,855
225607,226464,226490,26,857
225606,226456,226491,35,850
225606,226457,226491,34,851
225606,226458,226492,34,852
225606,226459,226495,36,853
225607,226463,226498,35,856
225607,226464,226499,35,857
225607,226465,226498,33,858
225606,226461,226498,37,855
225607,226462,226500,38,855
225607,226477,226502,25,870
225607,226479,226504,25,872
225607,226479,226504,25,872
225607,226483,226508,25,876
225607,226485,226511,26,878
225608,226486,226511,25,878
225607,226476,226511,35,869
225608,226487,226512,25,879
225608,226487,226512,25,879
225608,226487,226512,25,879
225608,226488,226514,26,880
225608,226489,226514,25,881
225608,226491,226516,25,883
225608,226487,226522,35,879
225608,226488,226525,37,880
225608,226492,226527,35,884
225609,226502,226528,26,893
225608,226492,226528,36,884
225609,226504,226529,25,895
225609,226493,226529,36,884
225609,226504,226530,26,895
225609,226496,226532,36,887
225609,226509,226535,26,900
225609,226511,226536,25,902
225609,226499,226535,36,890
225609,226500,226535,35,891
225609,226499,226536,37,890
225609,226499,226536,37,890
225609,226499,226536,37,890
225609,226511,226537,26,902
225610,226513,226538,25,903
225610,226513,226538,25,903
225610,226513,226539,26,903
225610,226514,226540,26,904
225610,226515,226540,25,905
225610,226517,226542,25,907
225609,226512,226547,35,903
225610,226528,226554,26,918
225610,226529,226555,26,919
225610,226530,226556,26,920
225610,226523,226559,36,913
225611,226535,226561,26,924
225611,226536,226562,26,925
225610,226526,226562,36,916
225611,226537,226562,25,926
225610,226528,226563,35,918
225611,226538,226564,26,927
225611,226538,226564,26,927
225610,226529,226565,36,919
225611,226540,226565,25,929
225610,226530,226565,35,920
225611,226540,226566,26,929
225611,226541,226566,25,930
225612,226543,226569,26,931
225611,226532,226569,37,921
225611,226537,226571,34,926
225611,226536,226572,36,925
225611,226536,226571,35,925
225611,226536,226572,36,925
225611,226537,226574,37,926
225612,226555,226580,25,943
225612,226556,226581,25,944
225612,226557,226582,25,945
225612,226562,226587,25,950
225612,226562,226587,25,950
225612,226548,226587,39,936
225612,226563,226588,25,951
225612,226565,226590,25,953
225612,226565,226590,25,953
225613,226566,226591,25,953
225613,226567,226592,25,954
225613,226567,226592,25,954
225613,226569,226595,26,956
225612,226559,226596,37,947
225612,226562,226599,37,950
225612,226563,226600,37,951
225612,226565,226601,36,953
225613,226566,226602,36,953
225613,226570,226605,35,957
225613,226571,226606,35,958
230863,230863,230874,11,0
230863,230863,230874,11,0
230863,230863,230874,11,0
230863,230863,230874,11,0
230863,230864,230874,10,1
230863,230863,230876,13,0
230863,230863,230876,13,0
230864,230864,230877,13,0
230863,230863,230878,15,0
230997,230997,231007,10,0
230996,230996,231007,11,0
230997,230997,231007,10,0
230996,230996,231006,10,0
230997,230997,231007,10,0
230996,230997,231009,12,1
230997,230997,231009,12,0
230996,230996,231009,13,0
230997,230997,231010,13,0
231162,231162,231172,10,0
231162,231162,231172,10,0
231162,231162,231173,11,0
231162,231162,231172,10,0
231162,231162,231173,11,0
231162,231162,231174,12,0
231162,231162,231175,13,0
231162,231162,231175,13,0
231162,231162,231175,13,0
231244,231244,231254,10,0
236078,236078,236161,83,0
236077,236077,236161,84,0
236072,236072,236161,89,0
236075,236075,236161,86,0
236060,236060,236161,101,0
236065,236065,236161,96,0
236059,236059,236161,102,0
236064,236064,236161,97,0
236070,236070,236161,91,0
236058,236058,236161,103,0
236063,236063,236161,98,0
236068,236068,236161,93,0
236073,236073,236161,88,0
236057,236057,236161,104,0
236061,236061,236161,100,0
236067,236067,236161,94,0
236056,236056,236162,106,0
236056,236056,236162,106,0
236055,236055,236162,107,0
236054,236054,236162,108,0
239352,239354,239557,203,2
239556,239558,239565,7,2
239625,239627,240443,816,2
240442,240444,240476,32,2
240587,240589,240798,209,2
240797,240798,240806,8,1
240865,240867,241845,978,2
241843,241846,241878,32,3
242034,242036,242262,226,2
242260,242262,242269,7,2
242329,242331,243265,934,2
243263,243266,243297,31,3
243448,243450,243647,197,2
243646,243648,243655,7,2
243713,243714,244657,943,1
244656,244658,244689,31,2
244826,244828,245055,227,2
245053,245055,245063,8,2
245121,245123,246026,903,2
246025,246027,246057,30,2
246183,246185,246412,227,2
246411,246413,246420,7,2
246478,246480,247362,882,2
247361,247363,247395,32,2
247520,247522,247769,247,2
247768,247771,247778,7,3
247835,247837,248734,897,2
248733,248735,248766,31,2
248896,248897,249112,215,1
249110,249113,249120,7,3
249177,249179,249990,811,2
249988,249990,250021,31,2
250128,250130,250342,212,2
250340,250342,250349,7,2
251106,251106,251107,1,0
251107,251107,251108,1,0
251117,251117,251118,1,0
251118,251118,251119,1,0
251119,251119,251120,1,0
251120,251120,251121,1,0
251121,251121,251122,1,0
251122,251122,251123,1,0
251123,251123,251124,1,0
251124,251124,251125,1,0
251125,251125,251126,1,0
251126,251126,251127,1,0
251127,251127,251128,1,0
251128,251128,251129,1,0
251129,251129,251130,1,0
251130,251130,251131,1,0
251131,251131,251132,1,0
251132,251132,251133,1,0
251133,251133,251134,1,0
251134,251134,251135,1,0
251135,251135,251136,1,0
251136,251136,251137,1,0
251137,251137,251138,1,0
251138,251138,251139,1,0
251139,251139,251140,1,0
251140,251140,251141,1,0
251141,251141,251142,1,0
251142,251142,251143,1,0
251143,251143,251144,1,0
251144,251144,251145,1,0
251145,251145,251146,1,0
251146,251146,251147,1,0
251179,251179,251180,1,0
251180,251180,251181,1,0
251181,251181,251182,1,0
251182,251182,251183,1,0
251184,251184,251185,1,0
251185,251185,251186,1,0
251186,251186,251187,1,0
251187,251187,251188,1,0
251189,251189,251190,1,0
251190,251190,251191,1,0
251191,251191,251192,1,0
251192,251192,251193,1,0
251206,251206,251207,1,0
251207,251207,251208,1,0
251208,251208,251209,1,0
251209,251209,251210,1,0
251210,251210,251211,1,0
251211,251211,251212,1,0
251212,251212,251213,1,0
251213,251213,251214,1,0
251219,251219,251220,1,0
251220,251220,251221,1,0
251221,251221,251222,1,0
251222,251222,251223,1,0
251223,251223,251224,1,0
251224,251224,251225,1,0
251225,251225,251226,1,0
251226,251226,251227,1,0
251233,251233,251234,1,0
251234,251234,251235,1,0
251235,251235,251236,1,0
251236,251236,251237,1,0
251237,251237,251238,1,0
251238,251238,251239,1,0
251239,251239,251240,1,0
251240,251240,251241,1,0
251247,251247,251248,1,0
251248,251248,251249,1,0
251249,251249,251250,1,0
251250,251250,251251,1,0
251251,251251,251252,1,0
251252,251252,251253,1,0
251253,251253,251254,1,0
251254,251254,251255,1,0
251262,251262,251263,1,0
251263,251263,251264,1,0
251264,251264,251265,1,0
251265,251265,251266,1,0
251266,251266,251267,1,0
251267,251267,251268,1,0
251268,251268,251269,1,0
251269,251269,251270,1,0
250407,250409,251277,868,2
251276,251279,251289,10,3
251383,251383,251384,1,0
251390,251390,251391,1,0
251391,251391,251392,1,0
251392,251392,251393,1,0
251393,251393,251394,1,0
251394,251394,251395,1,0
251395,251395,251396,1,0
251396,251396,251397,1,0
251397,251397,251398,1,0
251405,251405,251406,1,0
251406,251406,251407,1,0
251407,251407,251408,1,0
251408,251408,251409,1,0
251409,251409,251410,1,0
251410,251410,251411,1,0
251411,251411,251412,1,0
251412,251412,251413,1,0
251419,251419,251420,1,0
251420,251420,251421,1,0
251421,251421,251422,1,0
251422,251422,251423,1,0
251423,251423,251424,1,0
251424,251424,251425,1,0
251425,251425,251426,1,0
251426,251426,251427,1,0
251427,251427,251428,1,0
251434,251434,251435,1,0
251435,251435,251436,1,0
251436,251436,251437,1,0
251437,251437,251438,1,0
251438,251438,251439,1,0
251439,251439,251440,1,0
251440,251440,251441,1,0
251441,251441,251442,1,0
251442,251442,251443,1,0
251451,251453,251454,1,2
251452,251453,251454,1,1
251454,251454,251455,1,0
251455,251455,251456,1,0
251456,251456,251457,1,0
251457,251457,251458,1,0
251458,251458,251459,1,0
251461,251470,251473,3,9
251464,251470,251473,3,6
251473,251473,251474,1,0
251475,251475,251476,1,0
251474,251474,251475,1,0
251476,251476,251477,1,0
251477,251477,251478,1,0
251478,251478,251479,1,0
251479,251479,251480,1,0
251491,251491,251492,1,0
251492,251493,251494,1,1
251494,251494,251495,1,0
251495,251495,251496,1,0
251496,251496,251497,1,0
251497,251497,251498,1,0
251498,251498,251499,1,0
251499,251499,251500,1,0
251500,251500,251501,1,0
251507,251507,251508,1,0
251515,251515,251516,1,0
251518,251518,251519,1,0
251519,251519,251520,1,0
251520,251520,251521,1,0
251521,251521,251522,1,0
251522,251522,251523,1,0
251523,251523,251524,1,0
251524,251524,251525,1,0
251525,251525,251526,1,0
251526,251527,251528,1,1
251527,251527,251528,1,0
251528,251528,251529,1,0
251529,251529,251530,1,0
251530,251530,251531,1,0
251531,251531,251532,1,0
251442,251444,251694,250,2
251693,251695,251702,7,2
251760,251762,252661,899,2
252659,252661,252692,31,2
252833,252835,253035,200,2
253034,253036,253043,7,2
253101,253103,254061,958,2
254060,254062,254093,31,2
254238,254240,254439,199,2
254438,254440,254447,7,2
254691,254691,254825,134,0
254826,254826,254828,2,0
254826,254826,254828,2,0
254826,254827,254828,1,1
254826,254827,254828,1,1
254826,254827,254828,1,1
254826,254827,254828,1,1
254826,254827,254828,1,1
254826,254827,254828,1,1
254826,254827,254828,1,1
254826,254827,254829,2,1
254826,254827,254829,2,1
254826,254827,254829,2,1
254826,254827,254829,2,1
254826,254827,254829,2,1
254826,254827,254829,2,1
254826,254827,254829,2,1
254826,254827,254829,2,1
254826,254827,254829,2,1
254826,254827,254829,2,1
254826,254827,254829,2,1
254826,254827,254829,2,1
254826,254827,254828,1,1
254826,254827,254829,2,1
254826,254827,254829,2,1
254826,254827,254829,2,1
254826,254827,254829,2,1
254826,254827,254829,2,1
254826,254827,254829,2,1
254826,254827,254829,2,1
254826,254827,254829,2,1
254826,254827,254829,2,1
254826,254827,254829,2,1
254826,254827,254829,2,1
254826,254827,254829,2,1
254826,254827,254829,2,1
254826,254827,254829,2,1
254826,254827,254829,2,1
254826,254827,254829,2,1
254826,254827,254829,2,1
254826,254827,254829,2,1
254826,254827,254829,2,1
254696,254696,254830,134,0
254826,254827,254830,3,1
254826,254827,254830,3,1
254833,254833,254835,2,0
254833,254833,254835,2,0
254833,254833,254835,2,0
254833,254833,254835,2,0
254833,254833,254835,2,0
254833,254833,254835,2,0
254833,254833,254835,2,0
254833,254833,254834,1,0
254833,254833,254835,2,0
254833,254833,254835,2,0
254833,254833,254835,2,0
254833,254833,254835,2,0
254833,254833,254835,2,0
254833,254833,254835,2,0
254833,254833,254835,2,0
254833,254833,254835,2,0
254833,254833,254835,2,0
254833,254833,254835,2,0
254833,254833,254835,2,0
254833,254833,254835,2,0
254833,254833,254835,2,0
254833,254833,254835,2,0
254833,254833,254835,2,0
254833,254833,254835,2,0
254833,254833,254835,2,0
254833,254833,254835,2,0
254833,254833,254835,2,0
254833,254833,254835,2,0
254833,254833,254835,2,0
254833,254833,254835,2,0
254833,254833,254835,2,0
254833,254833,254835,2,0
254833,254833,254835,2,0
254833,254833,254835,2,0
254833,254833,254835,2,0
254833,254833,254836,3,0
254833,254833,254836,3,0
254833,254833,254835,2,0
254833,254834,254837,3,1
254833,254834,254837,3,1
254833,254833,254850,17,0
254833,254833,254862,29,0
254833,254833,254862,29,0
254833,254833,254863,30,0
254833,254833,254864,31,0
254708,254708,254869,161,0
254870,254871,254872,1,1
254870,254871,254872,1,1
254870,254871,254872,1,1
254870,254871,254872,1,1
254870,254871,254872,1,1
254870,254871,254873,2,1
254870,254871,254872,1,1
254870,254871,254873,2,1
254870,254871,254872,1,1
254870,254871,254872,1,1
254870,254871,254872,1,1
254870,254871,254872,1,1
254870,254871,254873,2,1
254870,254871,254873,2,1
254870,254871,254872,1,1
254870,254871,254872,1,1
254870,254871,254872,1,1
254870,254871,254873,2,1
254870,254871,254873,2,1
254870,254871,254872,1,1
254870,254871,254872,1,1
254870,254871,254873,2,1
254870,254871,254872,1,1
254870,254871,254872,1,1
254870,254871,254873,2,1
254870,254871,254872,1,1
254870,254871,254873,2,1
254870,254871,254872,1,1
254870,254871,254873,2,1
254870,254871,254873,2,1
254870,254871,254873,2,1
254870,254871,254873,2,1
254870,254871,254873,2,1
254870,254871,254873,2,1
254870,254871,254873,2,1
254870,254871,254873,2,1
254870,254871,254873,2,1
254870,254871,254873,2,1
254870,254871,254873,2,1
254870,254871,254873,2,1
254703,254703,254876,173,0
254692,254692,254877,185,0
254695,254695,254877,182,0
254689,254689,254878,189,0
254699,254699,254878,179,0
254877,254878,254879,1,1
254877,254878,254879,1,1
254877,254878,254880,2,1
254877,254878,254880,2,1
254877,254878,254879,1,1
254877,254878,254879,1,1
254877,254878,254879,1,1
254877,254878,254880,2,1
254877,254878,254880,2,1
254877,254878,254880,2,1
254877,254878,254880,2,1
254877,254878,254879,1,1
254877,254878,254879,1,1
254877,254878,254879,1,1
254877,254878,254879,1,1
254877,254878,254880,2,1
254877,254878,254880,2,1
254877,254878,254880,2,1
254879,254879,254880,1,0
254877,254878,254879,1,1
254877,254878,254879,1,1
254877,254878,254879,1,1
254877,254878,254880,2,1
254877,254878,254880,2,1
254877,254878,254880,2,1
254877,254878,254879,1,1
254877,254878,254879,1,1
254877,254878,254879,1,1
254877,254878,254880,2,1
254877,254878,254880,2,1
254877,254878,254879,1,1
254877,254878,254879,1,1
254877,254878,254880,2,1
254877,254878,254880,2,1
254877,254878,254880,2,1
254877,254878,254879,1,1
254877,254878,254879,1,1
254879,254879,254880,1,0
254879,254879,254880,1,0
254879,254879,254880,1,0
254879,254879,254880,1,0
254879,254879,254880,1,0
254879,254879,254880,1,0
254877,254878,254880,2,1
254877,254878,254880,2,1
254879,254879,254880,1,0
254879,254879,254880,1,0
254879,254879,254880,1,0
254879,254879,254880,1,0
254879,254879,254880,1,0
254870,254875,254879,4,5
254870,254875,254880,5,5
254870,254875,254880,5,5
254870,254875,254880,5,5
254870,254875,254879,4,5
254879,254880,254881,1,1
254879,254880,254881,1,1
254879,254880,254881,1,1
254879,254880,254881,1,1
254879,254880,254882,2,1
254879,254880,254882,2,1
254879,254880,254882,2,1
254879,254880,254882,2,1
254879,254880,254882,2,1
254879,254880,254882,2,1
254879,254881,254882,1,2
254879,254880,254882,2,1
254879,254880,254882,2,1
254879,254880,254882,2,1
254879,254880,254882,2,1
254879,254880,254882,2,1
254879,254880,254882,2,1
254879,254880,254882,2,1
254879,254880,254882,2,1
254879,254880,254882,2,1
254879,254880,254882,2,1
254879,254880,254882,2,1
254879,254880,254882,2,1
254879,254880,254881,1,1
254879,254880,254881,1,1
254879,254880,254881,1,1
254879,254880,254882,2,1
254879,254880,254882,2,1
254879,254880,254882,2,1
254879,254880,254882,2,1
254879,254880,254882,2,1
254879,254880,254882,2,1
254879,254880,254882,2,1
254879,254880,254882,2,1
254879,254880,254882,2,1
254879,254880,254882,2,1
254879,254880,254882,2,1
254879,254880,254882,2,1
254879,254881,254883,2,2
254879,254881,254882,1,2
254879,254880,254882,2,1
254879,254881,254882,1,2
254877,254882,254883,1,5
254879,254881,254883,2,2
254879,254880,254883,3,1
254879,254882,254883,1,3
254879,254882,254883,1,3
254879,254882,254884,2,3
254879,254882,254884,2,3
254879,254882,254884,2,3
254879,254882,254884,2,3
254879,254882,254884,2,3
254879,254883,254884,1,4
254879,254883,254884,1,4
254879,254883,254884,1,4
254879,254883,254884,1,4
254879,254883,254884,1,4
254879,254883,254884,1,4
254879,254883,254884,1,4
254879,254883,254884,1,4
254879,254882,254884,2,3
254879,254883,254884,1,4
254879,254883,254884,1,4
254879,254883,254884,1,4
254879,254883,254885,2,4
254879,254883,254885,2,4
254879,254883,254885,2,4
254879,254883,254884,1,4
254879,254883,254885,2,4
254879,254883,254884,1,4
254879,254883,254885,2,4
254879,254883,254884,1,4
254879,254883,254884,1,4
254879,254883,254885,2,4
254879,254883,254884,1,4
254879,254883,254884,1,4
254879,254883,254884,1,4
254879,254883,254884,1,4
254879,254883,254884,1,4
254879,254883,254885,2,4
254879,254883,254884,1,4
254879,254883,254884,1,4
254879,254883,254885,2,4
254879,254883,254884,1,4
254879,254883,254884,1,4
254879,254883,254885,2,4
254879,254883,254885,2,4
254879,254882,254884,2,3
254879,254882,254884,2,3
254879,254883,254885,2,4
254879,254884,254885,1,5
254879,254884,254886,2,5
254879,254883,254885,2,4
254879,254883,254885,2,4
254879,254884,254885,1,5
254879,254883,254885,2,4
254879,254884,254885,1,5
254879,254879,254886,7,0
254879,254885,254886,1,6
254879,254885,254886,1,6
254879,254885,254887,2,6
254879,254885,254887,2,6
254879,254885,254887,2,6
254879,254885,254886,1,6
254881,254885,254886,1,4
254881,254885,254886,1,4
254881,254885,254886,1,4
254881,254885,254886,1,4
254881,254885,254886,1,4
254881,254885,254886,1,4
254881,254885,254886,1,4
254879,254885,254887,2,6
254879,254885,254887,2,6
254879,254885,254887,2,6
254879,254885,254887,2,6
254881,254885,254886,1,4
254881,254885,254887,2,4
254881,254885,254887,2,4
254879,254885,254887,2,6
254879,254885,254887,2,6
254879,254885,254887,2,6
254879,254885,254887,2,6
254881,254885,254887,2,4
254879,254885,254887,2,6
254879,254885,254887,2,6
254879,254885,254887,2,6
254879,254885,254887,2,6
254881,254885,254886,1,4
254881,254885,254887,2,4
254881,254885,254887,2,4
254879,254885,254887,2,6
254881,254885,254886,1,4
254881,254885,254887,2,4
254881,254885,254887,2,4
254881,254885,254887,2,4
254881,254885,254887,2,4
254881,254885,254888,3,4
254881,254886,254888,2,5
254881,254886,254888,2,5
254881,254886,254887,1,5
254877,254878,254888,10,1
254881,254885,254888,3,4
254881,254885,254888,3,4
254881,254886,254888,2,5
254881,254886,254888,2,5
254877,254878,254888,10,1
254881,254887,254888,1,6
254881,254887,254888,1,6
254881,254887,254888,1,6
254881,254887,254889,2,6
254881,254887,254888,1,6
254881,254887,254888,1,6
254881,254887,254888,1,6
254881,254887,254888,1,6
254881,254887,254889,2,6
254877,254878,254889,11,1
254877,254878,254889,11,1
254877,254878,254889,11,1
254879,254879,254889,10,0
254881,254886,254888,2,5
254877,254878,254890,12,1
254881,254886,254891,5,5
254881,254886,254891,5,5
254879,254880,254891,11,1
254879,254880,254891,11,1
254879,254880,254891,11,1
254879,254880,254891,11,1
254879,254881,254891,10,2
254879,254881,254891,10,2
254881,254886,254892,6,5
254881,254891,254892,1,10
254881,254891,254892,1,10
254881,254891,254892,1,10
254881,254891,254892,1,10
254881,254891,254892,1,10
254705,254705,254907,202,0
254908,254908,254910,2,0
254908,254909,254910,1,1
254908,254908,254910,2,0
254908,254908,254910,2,0
254908,254909,254910,1,1
254908,254909,254910,1,1
254908,254909,254910,1,1
254908,254908,254910,2,0
254908,254908,254910,2,0
254908,254909,254910,1,1
254908,254908,254910,2,0
254908,254909,254910,1,1
254908,254909,254910,1,1
254908,254909,254911,2,1
254908,254909,254911,2,1
254908,254909,254911,2,1
254908,254909,254910,1,1
254908,254909,254910,1,1
254908,254909,254910,1,1
254908,254909,254911,2,1
254908,254909,254911,2,1
254908,254909,254911,2,1
254908,254909,254911,2,1
254908,254909,254911,2,1
254908,254909,254911,2,1
254908,254908,254913,5,0
254908,254909,254913,4,1
254908,254909,254913,4,1
254908,254909,254914,5,1
254908,254909,254913,4,1
254908,254908,254914,6,0
254908,254909,254914,5,1
254908,254909,254914,5,1
254908,254909,254914,5,1
254908,254909,254914,5,1
254908,254909,254914,5,1
254908,254909,254911,2,1
254908,254909,254911,2,1
254908,254909,254911,2,1
254709,254709,254920,211,0
254697,254697,254922,225,0
254690,254690,254923,233,0
254693,254693,254923,230,0
254701,254701,254923,222,0
254922,254923,254924,1,1
254922,254923,254924,1,1
254922,254923,254925,2,1
254922,254923,254924,1,1
254922,254923,254924,1,1
254922,254923,254924,1,1
254922,254923,254924,1,1
254922,254923,254924,1,1
254922,254923,254925,2,1
254922,254923,254925,2,1
254922,254923,254924,1,1
254922,254923,254925,2,1
254924,254924,254925,1,0
254922,254923,254924,1,1
254922,254923,254924,1,1
254922,254923,254924,1,1
254922,254923,254925,2,1
254922,254923,254925,2,1
254922,254923,254925,2,1
254922,254923,254925,2,1
254922,254923,254925,2,1
254922,254923,254925,2,1
254922,254923,254925,2,1
254922,254923,254924,1,1
254922,254923,254924,1,1
254924,254924,254925,1,0
254924,254924,254925,1,0
254924,254924,254925,1,0
254924,254924,254925,1,0
254924,254924,254925,1,0
254924,254924,254925,1,0
254922,254923,254925,2,1
254922,254923,254925,2,1
254922,254923,254925,2,1
254922,254923,254925,2,1
254922,254923,254925,2,1
254922,254923,254925,2,1
254922,254923,254925,2,1
254924,254924,254926,2,0
254924,254924,254926,2,0
254924,254924,254925,1,0
254924,254924,254926,2,0
254924,254924,254926,2,0
254924,254924,254925,1,0
254922,254923,254926,3,1
254922,254925,254926,1,3
254922,254925,254926,1,3
254922,254925,254926,1,3
254922,254925,254926,1,3
254922,254925,254927,2,3
254922,254925,254926,1,3
254922,254925,254926,1,3
254924,254925,254926,1,1
254924,254925,254926,1,1
254924,254925,254926,1,1
254924,254926,254927,1,2
254924,254926,254927,1,2
254924,254925,254926,1,1
254924,254925,254927,2,1
254924,254925,254927,2,1
254924,254925,254927,2,1
254924,254925,254927,2,1
254924,254925,254927,2,1
254924,254925,254927,2,1
254924,254925,254927,2,1
254924,254925,254927,2,1
254924,254925,254927,2,1
254924,254925,254927,2,1
254924,254925,254927,2,1
254924,254925,254927,2,1
254924,254925,254927,2,1
254924,254925,254927,2,1
254924,254925,254927,2,1
254924,254925,254927,2,1
254924,254925,254927,2,1
254924,254925,254927,2,1
254924,254925,254927,2,1
254924,254925,254927,2,1
254924,254925,254927,2,1
254924,254926,254927,1,2
254924,254925,254927,2,1
254924,254925,254927,2,1
254924,254926,254927,1,2
254924,254926,254927,1,2
254924,254926,254927,1,2
254924,254926,254927,1,2
254924,254925,254927,2,1
254924,254925,254927,2,1
254924,254926,254928,2,2
254924,254926,254928,2,2
254924,254926,254928,2,2
254924,254926,254928,2,2
254924,254927,254928,1,3
254924,254927,254928,1,3
254924,254927,254928,1,3
254924,254927,254928,1,3
254924,254927,254928,1,3
254924,254927,254929,2,3
254924,254927,254928,1,3
254924,254927,254929,2,3
254924,254927,254929,2,3
254924,254927,254929,2,3
254924,254927,254928,1,3
254924,254928,254929,1,4
254924,254928,254929,1,4
254924,254927,254929,2,3
254924,254927,254929,2,3
254924,254927,254929,2,3
254924,254927,254929,2,3
254924,254927,254929,2,3
254924,254928,254929,1,4
254924,254928,254929,1,4
254924,254928,254929,1,4
254924,254928,254929,1,4
254924,254928,254929,1,4
254924,254928,254929,1,4
254924,254928,254929,1,4
254924,254928,254929,1,4
254924,254928,254929,1,4
254924,254928,254929,1,4
254924,254928,254929,1,4
254924,254928,254929,1,4
254924,254928,254929,1,4
254924,254928,254929,1,4
254924,254928,254929,1,4
254924,254928,254929,1,4
254924,254928,254929,1,4
254924,254928,254929,1,4
254924,254928,254929,1,4
254924,254928,254929,1,4
254924,254929,254930,1,5
254924,254929,254930,1,5
254924,254927,254929,2,3
254924,254929,254930,1,5
254924,254927,254929,2,3
254924,254928,254930,2,4
254924,254924,254930,6,0
254924,254929,254930,1,5
254924,254929,254930,1,5
254924,254929,254930,1,5
254924,254929,254930,1,5
254924,254929,254930,1,5
254924,254930,254932,2,6
254924,254930,254932,2,6
254924,254930,254932,2,6
254924,254930,254932,2,6
254924,254930,254932,2,6
254924,254930,254932,2,6
254924,254930,254932,2,6
254924,254930,254932,2,6
254924,254930,254932,2,6
254924,254930,254932,2,6
254924,254930,254932,2,6
254924,254930,254932,2,6
254924,254929,254932,3,5
254924,254929,254932,3,5
254924,254930,254932,2,6
254924,254930,254932,2,6
254924,254929,254932,3,5
254924,254929,254932,3,5
254924,254929,254932,3,5
254924,254929,254932,3,5
254924,254929,254932,3,5
254924,254929,254932,3,5
254924,254929,254932,3,5
254908,254908,254932,24,0
254908,254909,254932,23,1
254908,254909,254932,23,1
254908,254909,254932,23,1
254908,254909,254932,23,1
254908,254909,254932,23,1
254924,254930,254932,2,6
254924,254930,254932,2,6
254924,254930,254932,2,6
254924,254930,254932,2,6
254924,254930,254932,2,6
254924,254930,254932,2,6
254924,254930,254932,2,6
254924,254924,254932,8,0
254924,254930,254932,2,6
254924,254930,254932,2,6
254924,254930,254933,3,6
254924,254930,254933,3,6
254924,254931,254933,2,7
254924,254931,254933,2,7
254924,254931,254933,2,7
254924,254931,254933,2,7
254924,254931,254933,2,7
254924,254931,254933,2,7
254922,254923,254933,10,1
254922,254923,254933,10,1
254922,254923,254933,10,1
254924,254930,254933,3,6
254924,254930,254933,3,6
254924,254930,254933,3,6
254924,254930,254933,3,6
254924,254930,254933,3,6
254924,254930,254933,3,6
254924,254932,254933,1,8
254924,254932,254933,1,8
254924,254932,254933,1,8
254924,254932,254933,1,8
254924,254932,254933,1,8
254924,254932,254934,2,8
254924,254932,254934,2,8
254924,254932,254934,2,8
254924,254932,254934,2,8
254924,254932,254934,2,8
254924,254932,254934,2,8
254924,254932,254934,2,8
254924,254931,254933,2,7
254924,254932,254934,2,8
254924,254932,254934,2,8
254924,254932,254934,2,8
254924,254932,254934,2,8
254924,254932,254934,2,8
254924,254932,254934,2,8
254924,254932,254934,2,8
254924,254932,254934,2,8
254924,254932,254934,2,8
254924,254932,254934,2,8
254924,254932,254934,2,8
254922,254923,254935,12,1
254922,254923,254935,12,1
254922,254923,254935,12,1
254924,254926,254938,12,2
254698,254698,254940,242,0
254924,254927,254939,12,3
254702,254702,254941,239,0
254924,254926,254941,15,2
254690,254691,254942,251,1
254694,254694,254942,248,0
254706,254706,254942,236,0
254711,254711,254943,232,0
254942,254942,254944,2,0
254942,254942,254944,2,0
254942,254942,254944,2,0
254942,254942,254944,2,0
254942,254942,254944,2,0
254942,254942,254943,1,0
254942,254942,254943,1,0
254942,254942,254944,2,0
254942,254942,254944,2,0
254942,254942,254944,2,0
254942,254942,254943,1,0
254942,254942,254944,2,0
254942,254942,254944,2,0
254942,254942,254944,2,0
254942,254942,254944,2,0
254942,254942,254943,1,0
254942,254942,254944,2,0
254942,254942,254944,2,0
254942,254942,254944,2,0
254942,254942,254944,2,0
254942,254942,254944,2,0
254942,254942,254944,2,0
254942,254942,254944,2,0
254942,254942,254944,2,0
254942,254942,254944,2,0
254942,254942,254944,2,0
254942,254942,254944,2,0
254942,254942,254944,2,0
254942,254942,254944,2,0
254942,254942,254944,2,0
254942,254942,254944,2,0
254942,254942,254944,2,0
254942,254942,254944,2,0
254942,254942,254944,2,0
254942,254942,254944,2,0
254942,254942,254945,3,0
254942,254942,254945,3,0
254924,254931,254945,14,7
254942,254942,254945,3,0
254942,254942,254945,3,0
254945,254945,254946,1,0
254945,254945,254947,2,0
254945,254945,254947,2,0
254945,254945,254947,2,0
254945,254945,254947,2,0
254945,254945,254947,2,0
254945,254945,254947,2,0
254945,254945,254947,2,0
254945,254945,254947,2,0
254945,254945,254947,2,0
254945,254945,254947,2,0
254945,254945,254946,1,0
254945,254945,254947,2,0
254945,254945,254947,2,0
254945,254945,254947,2,0
254945,254945,254947,2,0
254945,254945,254947,2,0
254945,254945,254947,2,0
254945,254945,254947,2,0
254945,254945,254947,2,0
254945,254945,254947,2,0
254945,254945,254947,2,0
254945,254945,254947,2,0
254945,254945,254947,2,0
254945,254945,254947,2,0
254945,254945,254947,2,0
254945,254945,254947,2,0
254945,254945,254947,2,0
254945,254945,254947,2,0
254945,254945,254947,2,0
254945,254945,254947,2,0
254945,254945,254947,2,0
254945,254945,254947,2,0
254945,254945,254947,2,0
254945,254946,254947,1,1
254945,254946,254947,1,1
254945,254945,254947,2,0
254942,254942,254947,5,0
254942,254942,254947,5,0
254942,254942,254948,6,0
254942,254942,254948,6,0
254945,254946,254948,2,1
254945,254947,254948,1,2
254945,254947,254948,1,2
254945,254945,254948,3,0
254945,254945,254948,3,0
254945,254945,254948,3,0
254945,254945,254947,2,0
254945,254945,254947,2,0
254945,254945,254947,2,0
254945,254945,254948,3,0
254945,254945,254947,2,0
254945,254945,254947,2,0
254945,254945,254947,2,0
254945,254945,254948,3,0
254945,254945,254947,2,0
254945,254945,254948,3,0
254945,254945,254948,3,0
254945,254945,254948,3,0
254945,254947,254949,2,2
254945,254947,254949,2,2
254945,254947,254949,2,2
254945,254947,254949,2,2
254945,254949,254950,1,4
254945,254949,254950,1,4
254945,254947,254949,2,2
254945,254947,254949,2,2
254945,254947,254949,2,2
254945,254947,254949,2,2
254945,254947,254949,2,2
254945,254947,254949,2,2
254945,254947,254949,2,2
254945,254947,254949,2,2
254945,254948,254949,1,3
254945,254948,254949,1,3
254945,254948,254949,1,3
254945,254948,254949,1,3
254945,254948,254949,1,3
254945,254948,254949,1,3
254945,254948,254949,1,3
254945,254948,254949,1,3
254945,254947,254950,3,2
254945,254947,254950,3,2
254945,254948,254949,1,3
254945,254948,254950,2,3
254945,254948,254949,1,3
254945,254948,254949,1,3
254945,254948,254949,1,3
254945,254948,254949,1,3
254945,254948,254949,1,3
254945,254948,254950,2,3
254945,254948,254949,1,3
254945,254948,254950,2,3
254945,254948,254949,1,3
254945,254948,254949,1,3
254945,254948,254949,1,3
254945,254948,254950,2,3
254945,254948,254950,2,3
254945,254948,254950,2,3
254945,254948,254950,2,3
254945,254948,254950,2,3
254945,254949,254950,1,4
254945,254949,254950,1,4
254945,254949,254950,1,4
254945,254949,254950,1,4
254945,254949,254950,1,4
254945,254949,254951,2,4
254945,254949,254950,1,4
254945,254949,254950,1,4
254945,254949,254950,1,4
254945,254949,254951,2,4
254945,254949,254951,2,4
254945,254949,254950,1,4
254945,254949,254951,2,4
254945,254950,254951,1,5
254945,254950,254951,1,5
254945,254950,254951,1,5
254945,254950,254951,1,5
254945,254950,254952,2,5
254945,254950,254951,1,5
254945,254950,254951,1,5
254945,254950,254951,1,5
254945,254950,254951,1,5
254945,254950,254951,1,5
254945,254950,254951,1,5
254945,254950,254952,2,5
254945,254950,254951,1,5
254945,254950,254951,1,5
254949,254950,254951,1,1
254949,254950,254951,1,1
254949,254950,254951,1,1
254949,254950,254951,1,1
254949,254950,254951,1,1
254949,254950,254951,1,1
254949,254950,254951,1,1
254949,254950,254951,1,1
254949,254950,254951,1,1
254949,254950,254951,1,1
254945,254949,254951,2,4
254949,254950,254951,1,1
254949,254950,254951,1,1
254949,254950,254951,1,1
254949,254950,254952,2,1
254949,254950,254951,1,1
254949,254950,254952,2,1
254949,254950,254952,2,1
254949,254950,254952,2,1
254949,254951,254953,2,2
254949,254951,254953,2,2
254949,254951,254953,2,2
254949,254951,254953,2,2
254949,254951,254953,2,2
254949,254951,254953,2,2
254949,254951,254952,1,2
254949,254951,254952,1,2
254949,254951,254953,2,2
254949,254952,254953,1,3
254945,254950,254952,2,5
254945,254950,254953,3,5
254949,254950,254952,2,1
254949,254951,254953,2,2
254949,254951,254952,1,2
254949,254951,254952,1,2
254949,254951,254952,1,2
254949,254951,254953,2,2
254949,254951,254953,2,2
254949,254951,254953,2,2
254949,254951,254954,3,2
254952,254952,254953,1,0
254952,254952,254953,1,0
254952,254952,254953,1,0
254952,254952,254953,1,0
254952,254952,254953,1,0
254952,254952,254954,2,0
254952,254952,254954,2,0
254952,254952,254954,2,0
254945,254949,254953,4,4
254945,254950,254954,4,5
254949,254951,254954,3,2
254952,254952,254953,1,0
254952,254952,254954,2,0
254952,254952,254954,2,0
254952,254952,254953,1,0
254952,254952,254953,1,0
254952,254952,254954,2,0
254952,254952,254954,2,0
254952,254952,254953,1,0
254952,254952,254953,1,0
254952,254952,254953,1,0
254952,254952,254954,2,0
254952,254952,254954,2,0
254949,254952,254953,1,3
254945,254945,254954,9,0
254945,254945,254954,9,0
254945,254945,254954,9,0
254945,254945,254954,9,0
254945,254945,254954,9,0
254945,254945,254954,9,0
254952,254953,254955,2,1
254952,254953,254955,2,1
254952,254953,254955,2,1
254952,254953,254955,2,1
254952,254953,254955,2,1
254952,254953,254955,2,1
254952,254953,254955,2,1
254952,254953,254955,2,1
254952,254953,254955,2,1
254952,254952,254955,3,0
254952,254952,254955,3,0
254952,254953,254955,2,1
254952,254953,254955,2,1
254952,254952,254955,3,0
254952,254952,254955,3,0
254952,254953,254955,2,1
254952,254953,254956,3,1
254952,254953,254956,3,1
254952,254953,254956,3,1
254952,254953,254956,3,1
254952,254953,254955,2,1
254952,254954,254956,2,2
254952,254954,254956,2,2
254952,254955,254956,1,3
254952,254955,254956,1,3
254949,254959,254995,36,10
254949,254959,254995,36,10
254949,254959,254995,36,10
254949,254959,254995,36,10
254949,254959,254995,36,10
254949,254959,254995,36,10
254828,254828,255005,177,0
254834,254834,255006,172,0
255006,255006,255007,1,0
255006,255006,255008,2,0
255006,255006,255008,2,0
255006,255006,255008,2,0
255006,255006,255008,2,0
255006,255006,255008,2,0
255006,255006,255008,2,0
255006,255006,255007,1,0
255006,255006,255008,2,0
255006,255006,255008,2,0
255006,255006,255008,2,0
255006,255006,255008,2,0
255006,255006,255008,2,0
255006,255006,255008,2,0
255006,255006,255008,2,0
255006,255006,255008,2,0
255006,255006,255007,1,0
255006,255006,255008,2,0
255006,255006,255007,1,0
255006,255006,255008,2,0
255006,255006,255007,1,0
255006,255006,255008,2,0
255006,255006,255008,2,0
255006,255006,255008,2,0
255006,255006,255008,2,0
255006,255006,255008,2,0
255006,255006,255008,2,0
255006,255007,255008,1,1
255006,255007,255009,2,1
255006,255007,255009,2,1
255006,255006,255008,2,0
255006,255006,255008,2,0
255006,255007,255008,1,1
255006,255007,255009,2,1
255006,255006,255008,2,0
255006,255006,255008,2,0
255006,255006,255008,2,0
255006,255006,255008,2,0
255008,255008,255009,1,0
255006,255006,255009,3,0
255006,255006,255009,3,0
255006,255006,255008,2,0
255008,255008,255009,1,0
255006,255006,255008,2,0
255006,255006,255008,2,0
255008,255008,255010,2,0
255008,255008,255009,1,0
255008,255008,255009,1,0
255008,255008,255009,1,0
255008,255008,255010,2,0
255008,255008,255010,2,0
255008,255008,255009,1,0
255008,255008,255010,2,0
255008,255008,255009,1,0
255008,255008,255009,1,0
255008,255008,255009,1,0
255008,255008,255010,2,0
255008,255008,255010,2,0
255008,255008,255009,1,0
255008,255008,255009,1,0
255008,255008,255010,2,0
255008,255008,255010,2,0
255008,255008,255010,2,0
255008,255008,255010,2,0
255008,255008,255010,2,0
255008,255008,255010,2,0
255008,255008,255010,2,0
255008,255008,255010,2,0
255008,255008,255010,2,0
255008,255008,255010,2,0
255008,255008,255010,2,0
255008,255008,255010,2,0
255006,255007,255009,2,1
255006,255007,255009,2,1
255008,255009,255010,1,1
255008,255009,255010,1,1
255008,255009,255010,1,1
255008,255009,255010,1,1
255008,255009,255010,1,1
255008,255008,255010,2,0
255008,255008,255010,2,0
255008,255008,255011,3,0
255008,255008,255010,2,0
255008,255008,255011,3,0
255008,255009,255011,2,1
255008,255008,255014,6,0
255008,255008,255014,6,0
255008,255008,255014,6,0
255008,255008,255016,8,0
255008,255008,255016,8,0
254942,254942,255030,88,0
254942,254942,255030,88,0
254882,254887,255038,151,5
254878,254878,255038,160,0
255040,255040,255041,1,0
255040,255040,255042,2,0
255040,255040,255042,2,0
255040,255040,255042,2,0
255040,255040,255041,1,0
255040,255040,255042,2,0
255040,255040,255042,2,0
255040,255040,255042,2,0
255040,255040,255042,2,0
255040,255040,255041,1,0
255040,255040,255042,2,0
255040,255040,255042,2,0
255040,255040,255042,2,0
255040,255040,255042,2,0
255040,255040,255041,1,0
255040,255040,255042,2,0
255040,255040,255042,2,0
255040,255040,255042,2,0
255040,255040,255042,2,0
255040,255040,255042,2,0
255040,255040,255042,2,0
255040,255040,255041,1,0
255040,255040,255041,1,0
255040,255040,255041,1,0
255040,255040,255042,2,0
255040,255040,255042,2,0
255040,255040,255042,2,0
255040,255040,255042,2,0
255040,255040,255042,2,0
255040,255040,255042,2,0
255040,255040,255042,2,0
255040,255040,255042,2,0
255040,255040,255042,2,0
255040,255040,255042,2,0
255040,255040,255042,2,0
255040,255040,255042,2,0
255040,255040,255042,2,0
255040,255040,255042,2,0
255040,255040,255041,1,0
255040,255040,255042,2,0
255040,255040,255042,2,0
255040,255040,255042,2,0
255040,255040,255042,2,0
255040,255040,255042,2,0
255040,255040,255042,2,0
255040,255040,255042,2,0
255040,255040,255042,2,0
255040,255040,255042,2,0
255040,255040,255042,2,0
255040,255040,255042,2,0
255040,255040,255042,2,0
255040,255040,255043,3,0
255040,255040,255042,2,0
255040,255040,255042,2,0
255040,255040,255042,2,0
255040,255040,255042,2,0
255040,255040,255042,2,0
255040,255040,255042,2,0
254871,254871,255043,172,0
255040,255040,255042,2,0
255040,255042,255044,2,2
255040,255042,255044,2,2
255040,255042,255044,2,2
255040,255042,255044,2,2
255040,255042,255044,2,2
255040,255042,255044,2,2
255040,255042,255044,2,2
255040,255042,255044,2,2
255040,255042,255044,2,2
255040,255040,255044,4,0
255040,255041,255044,3,1
255040,255042,255044,2,2
255040,255042,255044,2,2
255040,255042,255044,2,2
255040,255042,255044,2,2
255040,255042,255044,2,2
255040,255042,255044,2,2
255040,255042,255044,2,2
255040,255042,255044,2,2
255040,255042,255044,2,2
255040,255042,255044,2,2
255040,255042,255044,2,2
255040,255043,255045,2,3
255040,255043,255044,1,3
255040,255043,255044,1,3
255040,255043,255044,1,3
255045,255045,255047,2,0
255045,255045,255047,2,0
255045,255045,255046,1,0
255045,255045,255047,2,0
255045,255045,255047,2,0
255045,255045,255047,2,0
255045,255045,255047,2,0
255045,255045,255047,2,0
255045,255045,255047,2,0
255045,255045,255047,2,0
255045,255045,255047,2,0
255045,255045,255047,2,0
255045,255045,255047,2,0
255045,255045,255047,2,0
255045,255045,255047,2,0
255045,255045,255048,3,0
255045,255045,255048,3,0
255045,255045,255048,3,0
255045,255045,255048,3,0
255045,255045,255048,3,0
255045,255045,255048,3,0
255045,255045,255048,3,0
255045,255045,255047,2,0
255045,255045,255048,3,0
255045,255045,255048,3,0
255045,255045,255047,2,0
255045,255045,255048,3,0
255045,255045,255048,3,0
255045,255045,255048,3,0
255045,255045,255048,3,0
255045,255045,255048,3,0
255045,255045,255048,3,0
255045,255045,255047,2,0
255045,255045,255049,4,0
255045,255046,255049,3,1
255040,255040,255042,2,0
255040,255052,255054,2,12
255040,255052,255054,2,12
255040,255052,255054,2,12
255040,255052,255054,2,12
254888,254888,255054,166,0
254909,254909,255055,146,0
255045,255045,255056,11,0
255045,255045,255056,11,0
255057,255057,255059,2,0
255057,255057,255059,2,0
255057,255057,255059,2,0
255057,255057,255059,2,0
255057,255057,255059,2,0
255057,255057,255058,1,0
255057,255057,255059,2,0
255057,255057,255059,2,0
255057,255057,255059,2,0
255057,255057,255059,2,0
255057,255057,255059,2,0
255057,255057,255059,2,0
255057,255057,255059,2,0
255057,255057,255058,1,0
255057,255057,255059,2,0
255057,255057,255059,2,0
255057,255057,255059,2,0
255057,255057,255059,2,0
255057,255057,255059,2,0
255057,255057,255059,2,0
255057,255057,255059,2,0
255057,255057,255059,2,0
255057,255057,255059,2,0
255057,255057,255059,2,0
255057,255057,255059,2,0
255057,255057,255059,2,0
255057,255057,255059,2,0
255057,255057,255059,2,0
255059,255059,255060,1,0
255059,255059,255060,1,0
255045,255045,255060,15,0
255057,255057,255059,2,0
255057,255057,255059,2,0
255057,255057,255059,2,0
255057,255057,255059,2,0
255057,255057,255059,2,0
255057,255057,255060,3,0
255057,255057,255059,2,0
255057,255057,255059,2,0
255057,255057,255059,2,0
255057,255057,255059,2,0
255057,255057,255059,2,0
255057,255057,255060,3,0
255057,255058,255059,1,1
255045,255045,255060,15,0
255059,255059,255061,2,0
255059,255059,255061,2,0
255059,255059,255060,1,0
255059,255059,255060,1,0
255059,255059,255060,1,0
255059,255059,255060,1,0
255059,255059,255060,1,0
255059,255059,255061,2,0
255059,255059,255061,2,0
255059,255059,255060,1,0
255059,255059,255060,1,0
255059,255059,255060,1,0
255059,255059,255060,1,0
255059,255059,255060,1,0
255059,255059,255061,2,0
255059,255059,255061,2,0
255059,255059,255061,2,0
255059,255059,255061,2,0
255059,255059,255061,2,0
255059,255059,255061,2,0
255059,255059,255061,2,0
255059,255059,255061,2,0
255059,255059,255061,2,0
255059,255059,255061,2,0
255059,255059,255061,2,0
255059,255059,255061,2,0
255059,255059,255061,2,0
255045,255045,255062,17,0
255059,255060,255062,2,1
255059,255060,255062,2,1
255059,255060,255062,2,1
255059,255060,255062,2,1
255059,255060,255062,2,1
255059,255060,255062,2,1
255059,255060,255062,2,1
255059,255060,255062,2,1
255059,255059,255061,2,0
255045,255045,255064,19,0
255059,255059,255064,5,0
255059,255059,255063,4,0
255045,255045,255066,21,0
255059,255059,255066,7,0
255045,255045,255067,22,0
255045,255045,255067,22,0
255045,255045,255067,22,0
255057,255057,255068,11,0
255059,255060,255068,8,1
255059,255060,255068,8,1
255059,255060,255068,8,1
254923,254923,255069,146,0
255059,255060,255070,10,1
254953,254954,255070,116,1
255070,255070,255071,1,0
255070,255070,255071,1,0
255070,255070,255072,2,0
255070,255070,255072,2,0
255070,255070,255072,2,0
255070,255070,255072,2,0
255070,255070,255071,1,0
255070,255070,255071,1,0
255070,255070,255071,1,0
255070,255070,255071,1,0
255070,255070,255071,1,0
255070,255070,255072,2,0
255070,255070,255072,2,0
255070,255070,255072,2,0
255070,255070,255072,2,0
255070,255070,255072,2,0
255070,255070,255072,2,0
255070,255070,255072,2,0
255070,255071,255072,1,1
255070,255071,255072,1,1
255070,255072,255073,1,2
255070,255070,255072,2,0
255070,255070,255072,2,0
255070,255070,255072,2,0
255070,255070,255072,2,0
255070,255071,255072,1,1
255070,255071,255072,1,1
255070,255071,255072,1,1
255070,255071,255072,1,1
255070,255070,255072,2,0
255070,255070,255072,2,0
255070,255070,255072,2,0
255070,255070,255072,2,0
255070,255071,255072,1,1
255070,255071,255072,1,1
255070,255071,255072,1,1
255070,255072,255073,1,2
255070,255070,255072,2,0
255070,255070,255072,2,0
255070,255070,255072,2,0
255070,255070,255072,2,0
255070,255071,255072,1,1
255070,255071,255072,1,1
255070,255071,255072,1,1
255070,255070,255072,2,0
255070,255070,255073,3,0
255070,255070,255073,3,0
255070,255070,255072,2,0
255070,255071,255072,1,1
255070,255072,255073,1,2
255070,255070,255072,2,0
255070,255070,255072,2,0
255070,255070,255072,2,0
255070,255072,255073,1,2
255070,255072,255073,1,2
255070,255072,255073,1,2
255070,255072,255074,2,2
255070,255072,255074,2,2
255070,255072,255074,2,2
255070,255072,255074,2,2
255070,255072,255074,2,2
255070,255072,255074,2,2
255070,255072,255074,2,2
255070,255072,255074,2,2
255070,255073,255074,1,3
255070,255073,255074,1,3
255070,255073,255074,1,3
255070,255073,255074,1,3
255070,255073,255074,1,3
255070,255073,255074,1,3
255070,255073,255075,2,3
255070,255073,255074,1,3
255070,255073,255075,2,3
255070,255073,255074,1,3
255070,255073,255074,1,3
255070,255073,255074,1,3
255070,255073,255074,1,3
255070,255073,255074,1,3
255070,255073,255074,1,3
255070,255073,255074,1,3
255070,255073,255074,1,3
255057,255057,255081,24,0
255057,255057,255094,37,0
255057,255057,255094,37,0
255070,255070,255094,24,0
255070,255070,255094,24,0
255070,255070,255095,25,0
254950,254952,255100,148,2
255102,255102,255104,2,0
255102,255102,255104,2,0
255102,255102,255104,2,0
255102,255102,255104,2,0
255102,255102,255104,2,0
255102,255102,255104,2,0
255102,255102,255104,2,0
255102,255102,255104,2,0
255102,255102,255104,2,0
255102,255102,255104,2,0
255102,255102,255104,2,0
255102,255102,255104,2,0
255102,255102,255104,2,0
255102,255102,255104,2,0
255102,255102,255104,2,0
255102,255102,255104,2,0
255102,255102,255104,2,0
255102,255102,255104,2,0
255102,255102,255104,2,0
255102,255102,255104,2,0
255102,255102,255104,2,0
255102,255102,255104,2,0
255102,255102,255104,2,0
255102,255102,255104,2,0
255102,255102,255104,2,0
255102,255102,255104,2,0
255102,255102,255104,2,0
255102,255102,255104,2,0
255102,255102,255104,2,0
255102,255102,255104,2,0
255102,255102,255104,2,0
255102,255102,255104,2,0
255102,255102,255104,2,0
255102,255102,255104,2,0
255102,255103,255105,2,1
255102,255103,255105,2,1
254943,254943,255105,162,0
254955,254955,255105,150,0
255102,255102,255105,3,0
255102,255102,255105,3,0
255102,255102,255105,3,0
255102,255102,255105,3,0
255070,255070,255106,36,0
255070,255070,255106,36,0
255070,255070,255106,36,0
255070,255070,255106,36,0
255070,255070,255106,36,0
255070,255071,255106,35,1
255102,255105,255107,2,3
255102,255105,255106,1,3
255102,255105,255107,2,3
255102,255105,255107,2,3
255106,255106,255108,2,0
255106,255106,255108,2,0
255106,255106,255108,2,0
255106,255106,255108,2,0
255106,255106,255108,2,0
255106,255106,255108,2,0
255106,255106,255108,2,0
255106,255106,255108,2,0
255106,255106,255108,2,0
255106,255106,255108,2,0
255106,255106,255108,2,0
255106,255106,255108,2,0
255106,255106,255108,2,0
255106,255106,255108,2,0
255106,255106,255108,2,0
255106,255106,255108,2,0
255106,255106,255108,2,0
255106,255106,255108,2,0
255106,255106,255108,2,0
255106,255106,255108,2,0
255106,255106,255108,2,0
255106,255106,255108,2,0
255102,255105,255107,2,3
255106,255106,255108,2,0
255106,255107,255108,1,1
255106,255106,255109,3,0
255106,255106,255108,2,0
255106,255106,255108,2,0
255106,255106,255108,2,0
255106,255106,255108,2,0
255106,255106,255108,2,0
255106,255106,255108,2,0
255106,255106,255108,2,0
255106,255106,255108,2,0
255106,255106,255108,2,0
255106,255106,255108,2,0
255106,255106,255108,2,0
255106,255106,255108,2,0
255106,255106,255109,3,0
255106,255106,255109,3,0
255106,255106,255109,3,0
255106,255106,255109,3,0
255106,255108,255109,1,2
255106,255107,255109,2,1
255106,255107,255109,2,1
255106,255107,255109,2,1
255106,255106,255109,3,0
255106,255106,255109,3,0
255106,255106,255109,3,0
255106,255106,255109,3,0
255106,255107,255109,2,1
255106,255109,255111,2,3
255106,255109,255110,1,3
255106,255109,255111,2,3
255106,255109,255110,1,3
255106,255109,255110,1,3
255106,255109,255110,1,3
255106,255109,255111,2,3
255106,255109,255111,2,3
255106,255109,255110,1,3
255106,255109,255111,2,3
255106,255109,255110,1,3
255106,255109,255110,1,3
255106,255109,255110,1,3
255106,255109,255111,2,3
255106,255109,255110,1,3
255106,255109,255110,1,3
255106,255109,255110,1,3
255106,255109,255110,1,3
255106,255109,255110,1,3
255106,255109,255110,1,3
255106,255109,255110,1,3
255106,255109,255110,1,3
255106,255109,255111,2,3
255106,255108,255110,2,2
255106,255108,255110,2,2
255106,255108,255110,2,2
255106,255108,255110,2,2
255106,255109,255110,1,3
255106,255109,255110,1,3
255106,255109,255110,1,3
255106,255109,255110,1,3
255106,255109,255111,2,3
255106,255109,255111,2,3
255106,255109,255111,2,3
254946,254950,255116,166,4
254959,254959,255118,159,0
255007,255007,255118,111,0
255106,255106,255119,13,0
255106,255106,255119,13,0
255118,255118,255119,1,0
255118,255118,255119,1,0
255118,255118,255119,1,0
255118,255118,255119,1,0
255118,255118,255119,1,0
255118,255118,255119,1,0
255118,255118,255119,1,0
255118,255118,255119,1,0
255118,255118,255119,1,0
255118,255118,255119,1,0
255118,255118,255120,2,0
255118,255118,255119,1,0
255118,255118,255120,2,0
255118,255118,255120,2,0
255118,255118,255120,2,0
255118,255118,255119,1,0
255118,255118,255119,1,0
255118,255118,255120,2,0
255118,255118,255120,2,0
255118,255118,255120,2,0
255118,255118,255120,2,0
255118,255118,255120,2,0
255118,255118,255120,2,0
255118,255118,255120,2,0
255118,255118,255120,2,0
255106,255106,255120,14,0
255118,255118,255120,2,0
255118,255118,255120,2,0
255118,255118,255120,2,0
255118,255118,255120,2,0
255118,255118,255120,2,0
255118,255118,255120,2,0
255118,255118,255120,2,0
255118,255118,255120,2,0
255118,255118,255120,2,0
255120,255120,255122,2,0
255120,255120,255121,1,0
255120,255120,255121,1,0
255106,255106,255122,16,0
255120,255120,255121,1,0
255120,255120,255121,1,0
255120,255120,255121,1,0
255120,255120,255121,1,0
255120,255120,255121,1,0
255120,255120,255121,1,0
255120,255120,255122,2,0
255120,255120,255122,2,0
255120,255120,255121,1,0
255120,255120,255121,1,0
255120,255120,255121,1,0
255120,255120,255122,2,0
255120,255120,255122,2,0
255120,255120,255122,2,0
255120,255120,255122,2,0
255120,255120,255122,2,0
255120,255120,255122,2,0
255120,255120,255123,3,0
255106,255106,255122,16,0
255120,255120,255122,2,0
255120,255120,255122,2,0
255120,255120,255122,2,0
255120,255120,255122,2,0
255122,255122,255123,1,0
255122,255122,255123,1,0
255122,255122,255123,1,0
255120,255121,255123,2,1
255120,255121,255122,1,1
255120,255121,255122,1,1
255120,255121,255122,1,1
255122,255122,255123,1,0
255120,255120,255122,2,0
255120,255121,255123,2,1
255120,255121,255123,2,1
255120,255121,255122,1,1
255122,255122,255123,1,0
255120,255121,255122,1,1
255122,255122,255123,1,0
255120,255120,255122,2,0
255118,255118,255123,5,0
255118,255118,255123,5,0
255118,255118,255124,6,0
255118,255118,255124,6,0
255118,255118,255123,5,0
255122,255122,255123,1,0
255122,255122,255123,1,0
255106,255106,255123,17,0
255122,255122,255123,1,0
255122,255122,255123,1,0
255122,255122,255123,1,0
255122,255122,255124,2,0
255122,255122,255123,1,0
255122,255122,255124,2,0
255122,255122,255123,1,0
255122,255122,255123,1,0
255122,255122,255124,2,0
255122,255122,255124,2,0
255122,255122,255124,2,0
255122,255122,255124,2,0
255122,255122,255124,2,0
255122,255122,255124,2,0
255120,255120,255124,4,0
255120,255120,255124,4,0
255120,255120,255124,4,0
255120,255120,255124,4,0
255120,255120,255124,4,0
255120,255121,255124,3,1
255120,255121,255124,3,1
255118,255118,255124,6,0
255118,255118,255124,6,0
255118,255118,255124,6,0
255122,255123,255124,1,1
255122,255123,255125,2,1
255122,255123,255124,1,1
255122,255123,255125,2,1
255122,255123,255125,2,1
255122,255123,255125,2,1
255122,255123,255125,2,1
255122,255123,255125,2,1
255122,255123,255125,2,1
255122,255123,255125,2,1
255122,255123,255125,2,1
255122,255123,255124,1,1
255122,255123,255125,2,1
255120,255120,255125,5,0
255120,255120,255125,5,0
255118,255118,255125,7,0
255118,255118,255125,7,0
255118,255118,255125,7,0
255122,255123,255125,2,1
255120,255121,255132,11,1
255122,255122,255133,11,0
255122,255123,255133,10,1
255122,255123,255136,13,1
255122,255123,255136,13,1
255122,255123,255136,13,1
255122,255123,255136,13,1
255122,255123,255136,13,1
255122,255123,255136,13,1
255122,255123,255136,13,1
254932,254933,255151,218,1
255009,255010,255153,143,1
255151,255151,255153,2,0
255151,255151,255153,2,0
255151,255151,255153,2,0
255151,255151,255153,2,0
255151,255151,255153,2,0
255151,255151,255153,2,0
255151,255151,255153,2,0
255151,255151,255153,2,0
255151,255151,255152,1,0
255151,255151,255153,2,0
255151,255151,255153,2,0
255151,255151,255153,2,0
255151,255151,255153,2,0
255151,255151,255153,2,0
255151,255151,255153,2,0
255151,255151,255153,2,0
255151,255151,255153,2,0
255151,255151,255153,2,0
255151,255151,255153,2,0
255151,255151,255153,2,0
255151,255151,255153,2,0
255151,255151,255153,2,0
255151,255151,255153,2,0
255151,255151,255153,2,0
255151,255151,255153,2,0
255151,255151,255153,2,0
255151,255151,255153,2,0
255151,255151,255153,2,0
255151,255151,255153,2,0
255151,255151,255153,2,0
255151,255151,255153,2,0
255151,255151,255153,2,0
255151,255151,255154,3,0
255151,255151,255153,2,0
255151,255151,255153,2,0
255151,255151,255153,2,0
255151,255151,255153,2,0
255151,255151,255153,2,0
255042,255042,255154,112,0
255151,255151,255153,2,0
255151,255151,255153,2,0
254927,254933,255155,222,6
254886,254887,255156,269,1
254930,254933,255156,223,3
255155,255155,255157,2,0
255155,255155,255157,2,0
255155,255155,255157,2,0
255155,255155,255157,2,0
255155,255155,255157,2,0
255155,255155,255157,2,0
255155,255155,255157,2,0
255155,255155,255156,1,0
255155,255155,255157,2,0
255155,255155,255157,2,0
255155,255155,255157,2,0
255155,255155,255157,2,0
255155,255155,255157,2,0
255155,255155,255157,2,0
255155,255155,255157,2,0
255155,255155,255157,2,0
255155,255155,255157,2,0
255155,255155,255156,1,0
255155,255155,255157,2,0
255155,255155,255157,2,0
255155,255155,255157,2,0
255155,255155,255157,2,0
255155,255155,255157,2,0
255155,255155,255157,2,0
255155,255155,255157,2,0
255155,255155,255157,2,0
255155,255155,255157,2,0
255155,255155,255157,2,0
254880,254885,255157,272,5
254925,254933,255156,223,8
255155,255155,255157,2,0
255155,255155,255157,2,0
255155,255155,255157,2,0
255155,255155,255157,2,0
255155,255155,255157,2,0
255155,255155,255157,2,0
255155,255155,255157,2,0
255155,255155,255157,2,0
255155,255155,255157,2,0
255151,255157,255158,1,6
255151,255157,255158,1,6
255151,255157,255159,2,6
255151,255157,255159,2,6
255155,255157,255158,1,2
255158,255159,255160,1,1
255158,255159,255160,1,1
255151,255157,255159,2,6
255159,255159,255160,1,0
255158,255159,255160,1,1
255158,255159,255160,1,1
255158,255159,255160,1,1
255158,255159,255160,1,1
255158,255159,255161,2,1
255158,255159,255160,1,1
255158,255159,255160,1,1
255158,255159,255160,1,1
255158,255159,255161,2,1
255158,255159,255160,1,1
255158,255159,255160,1,1
255158,255159,255160,1,1
255158,255159,255160,1,1
255158,255159,255160,1,1
255158,255159,255160,1,1
255158,255159,255160,1,1
255158,255159,255160,1,1
255158,255159,255160,1,1
255158,255159,255160,1,1
255159,255159,255160,1,0
255159,255159,255160,1,0
255159,255159,255160,1,0
255159,255159,255160,1,0
255159,255159,255160,1,0
255158,255159,255160,1,1
255158,255159,255160,1,1
255158,255159,255160,1,1
255158,255159,255160,1,1
255159,255159,255160,1,0
255158,255159,255160,1,1
255158,255159,255160,1,1
255158,255159,255161,2,1
255158,255159,255161,2,1
255158,255159,255161,2,1
255159,255159,255160,1,0
255159,255159,255160,1,0
255159,255160,255161,1,1
255159,255159,255161,2,0
255159,255159,255161,2,0
255159,255159,255161,2,0
255159,255159,255161,2,0
255158,255159,255161,2,1
255159,255161,255162,1,2
255158,255159,255161,2,1
255159,255161,255162,1,2
255159,255161,255162,1,2
255159,255160,255161,1,1
255159,255161,255162,1,2
255159,255161,255162,1,2
255159,255162,255163,1,3
255159,255162,255163,1,3
255159,255161,255162,1,2
255159,255161,255162,1,2
255159,255161,255162,1,2
255159,255161,255162,1,2
255159,255162,255163,1,3
255159,255162,255163,1,3
255159,255161,255162,1,2
255159,255161,255163,2,2
255159,255161,255162,1,2
255159,255161,255163,2,2
255159,255161,255163,2,2
255159,255162,255163,1,3
255159,255161,255163,2,2
255159,255161,255162,1,2
255159,255161,255163,2,2
255159,255161,255163,2,2
255159,255161,255163,2,2
255159,255161,255163,2,2
255159,255161,255163,2,2
255159,255161,255163,2,2
255159,255161,255163,2,2
255159,255161,255162,1,2
255159,255161,255163,2,2
255159,255161,255163,2,2
255159,255161,255163,2,2
255159,255161,255163,2,2
255159,255161,255163,2,2
255159,255161,255162,1,2
255159,255161,255163,2,2
255159,255161,255162,1,2
255159,255161,255162,1,2
255159,255161,255162,1,2
255159,255162,255163,1,3
255159,255162,255163,1,3
255159,255161,255163,2,2
255159,255161,255163,2,2
255159,255161,255163,2,2
255159,255161,255163,2,2
255159,255161,255163,2,2
255159,255162,255164,2,3
255155,255155,255157,2,0
255159,255163,255164,1,4
255159,255163,255164,1,4
255159,255163,255164,1,4
255159,255163,255165,2,4
255159,255163,255165,2,4
255159,255163,255165,2,4
255159,255163,255164,1,4
255159,255163,255165,2,4
255159,255163,255164,1,4
255159,255163,255165,2,4
255159,255163,255165,2,4
255159,255164,255165,1,5
255159,255163,255165,2,4
255159,255163,255165,2,4
255159,255163,255165,2,4
255159,255163,255165,2,4
255164,255164,255166,2,0
255164,255164,255166,2,0
255164,255164,255166,2,0
255164,255164,255166,2,0
255159,255164,255166,2,5
255159,255164,255166,2,5
255164,255164,255166,2,0
255164,255164,255166,2,0
255164,255164,255166,2,0
255164,255164,255166,2,0
255164,255164,255166,2,0
255164,255164,255166,2,0
255164,255164,255166,2,0
255164,255164,255166,2,0
255164,255164,255166,2,0
255159,255163,255166,3,4
255159,255163,255166,3,4
255159,255163,255166,3,4
255159,255163,255166,3,4
255158,255165,255167,2,7
255158,255165,255166,1,7
255158,255165,255166,1,7
255164,255165,255167,2,1
255164,255165,255167,2,1
255164,255165,255167,2,1
255164,255165,255167,2,1
255164,255165,255167,2,1
255164,255165,255167,2,1
255164,255165,255167,2,1
255164,255165,255167,2,1
255158,255165,255167,2,7
255158,255165,255167,2,7
255158,255165,255167,2,7
255164,255164,255167,3,0
255164,255164,255167,3,0
255164,255165,255168,3,1
255164,255166,255168,2,2
255164,255165,255167,2,1
255164,255165,255167,2,1
255164,255165,255167,2,1
255164,255166,255168,2,2
255164,255166,255168,2,2
255164,255166,255167,1,2
255164,255166,255167,1,2
255167,255167,255168,1,0
255164,255167,255168,1,3
255164,255167,255168,1,3
255164,255167,255168,1,3
255164,255167,255168,1,3
255164,255167,255168,1,3
255164,255167,255168,1,3
255164,255167,255168,1,3
255164,255167,255168,1,3
255164,255167,255168,1,3
255164,255167,255168,1,3
255155,255163,255168,5,8
255167,255167,255169,2,0
255167,255167,255169,2,0
255167,255168,255169,1,1
255167,255168,255169,1,1
255167,255167,255169,2,0
255167,255167,255169,2,0
255167,255167,255169,2,0
255167,255168,255169,1,1
255167,255168,255169,1,1
255167,255168,255169,1,1
255167,255167,255169,2,0
255167,255168,255169,1,1
255167,255168,255169,1,1
255167,255168,255169,1,1
255167,255168,255170,2,1
255167,255168,255169,1,1
255167,255168,255170,2,1
255167,255168,255169,1,1
255167,255168,255169,1,1
255158,255159,255169,10,1
255158,255159,255169,10,1
255167,255168,255169,1,1
255167,255168,255169,1,1
255167,255169,255170,1,2
255155,255163,255169,6,8
255167,255169,255170,1,2
255167,255169,255170,1,2
255167,255169,255170,1,2
255167,255169,255170,1,2
255167,255169,255170,1,2
255167,255169,255170,1,2
255167,255169,255171,2,2
255167,255169,255170,1,2
255167,255169,255170,1,2
255158,255159,255170,11,1
255167,255169,255170,1,2
255167,255169,255170,1,2
255167,255169,255170,1,2
255167,255169,255170,1,2
255167,255169,255170,1,2
255167,255169,255170,1,2
255167,255169,255170,1,2
255167,255169,255170,1,2
255159,255162,255163,1,3
255159,255162,255163,1,3
255170,255170,255173,3,0
255170,255170,255173,3,0
255170,255170,255173,3,0
255170,255170,255173,3,0
255170,255170,255173,3,0
255170,255170,255173,3,0
255170,255170,255173,3,0
255170,255170,255173,3,0
255170,255170,255173,3,0
255170,255170,255173,3,0
255170,255170,255173,3,0
255170,255170,255173,3,0
255170,255170,255173,3,0
255170,255170,255173,3,0
255155,255163,255174,11,8
255170,255170,255174,4,0
255170,255170,255174,4,0
255170,255170,255174,4,0
255159,255173,255186,13,14
255159,255173,255186,13,14
255159,255173,255186,13,14
255159,255173,255186,13,14
255170,255173,255186,13,3
255170,255173,255186,13,3
255155,255163,255186,23,8
255158,255159,255186,27,1
255158,255159,255186,27,1
255170,255171,255186,15,1
255170,255170,255185,15,0
255170,255171,255186,15,1
255170,255171,255186,15,1
255170,255171,255186,15,1
255170,255171,255186,15,1
255170,255171,255186,15,1
255164,255164,255186,22,0
255155,255163,255190,27,8
255155,255163,255190,27,8
255158,255159,255190,31,1
255158,255159,255190,31,1
255170,255170,255190,20,0
255170,255170,255190,20,0
255170,255171,255190,19,1
255170,255171,255190,19,1
255170,255171,255190,19,1
255170,255171,255190,19,1
255170,255171,255190,19,1
255170,255171,255190,19,1
255170,255171,255190,19,1
255170,255171,255190,19,1
255170,255171,255190,19,1
255167,255169,255191,22,2
255170,255170,255191,21,0
255170,255173,255191,18,3
255170,255170,255191,21,0
255164,255164,255192,28,0
255164,255167,255192,25,3
255167,255168,255192,24,1
255167,255168,255192,24,1
255167,255168,255193,25,1
255167,255168,255193,25,1
255170,255170,255195,25,0
255170,255170,255196,26,0
255170,255171,255196,25,1
255170,255171,255198,27,1
255170,255171,255198,27,1
255044,255044,255201,157,0
255071,255073,255201,128,2
255046,255046,255201,155,0
255205,255205,255206,1,0
255205,255205,255206,1,0
255205,255205,255206,1,0
255205,255205,255206,1,0
255205,255205,255207,2,0
255205,255205,255207,2,0
255205,255205,255207,2,0
255205,255205,255207,2,0
255205,255205,255207,2,0
255205,255205,255207,2,0
255205,255205,255207,2,0
255205,255205,255207,2,0
255205,255205,255207,2,0
255205,255205,255207,2,0
255205,255205,255207,2,0
255205,255205,255207,2,0
255205,255205,255207,2,0
255205,255205,255207,2,0
255205,255206,255207,1,1
255205,255205,255207,2,0
255205,255205,255207,2,0
255205,255205,255207,2,0
255205,255205,255207,2,0
255205,255205,255207,2,0
255205,255205,255207,2,0
255205,255205,255207,2,0
255205,255205,255207,2,0
255205,255205,255207,2,0
255205,255205,255207,2,0
255205,255205,255207,2,0
255205,255206,255207,1,1
255205,255206,255207,1,1
255205,255205,255207,2,0
255205,255205,255207,2,0
255205,255206,255208,2,1
255205,255205,255207,2,0
255205,255205,255208,3,0
255205,255205,255207,2,0
255205,255205,255207,2,0
255205,255206,255207,1,1
255205,255206,255207,1,1
255205,255206,255207,1,1
255205,255206,255208,2,1
255205,255206,255208,2,1
255205,255205,255208,3,0
255205,255205,255208,3,0
255205,255205,255208,3,0
255205,255207,255208,1,2
255205,255207,255208,1,2
255205,255207,255208,1,2
255205,255208,255209,1,3
255205,255207,255209,2,2
255205,255208,255209,1,3
255205,255208,255209,1,3
255205,255208,255209,1,3
255205,255208,255209,1,3
255205,255208,255209,1,3
255205,255208,255209,1,3
255205,255208,255209,1,3
255205,255208,255209,1,3
255205,255208,255209,1,3
255205,255208,255209,1,3
255205,255208,255209,1,3
255205,255208,255209,1,3
255205,255208,255210,2,3
255205,255208,255209,1,3
255205,255208,255210,2,3
255205,255208,255209,1,3
255205,255208,255209,1,3
255205,255208,255209,1,3
255205,255208,255209,1,3
255205,255208,255209,1,3
255205,255208,255210,2,3
255205,255208,255210,2,3
255205,255208,255210,2,3
255205,255209,255210,1,4
255205,255209,255210,1,4
255205,255209,255210,1,4
255205,255209,255210,1,4
255205,255209,255210,1,4
255205,255209,255211,2,4
255205,255209,255211,2,4
255205,255205,255208,3,0
255205,255205,255208,3,0
255205,255212,255214,2,7
255205,255212,255214,2,7
255205,255212,255214,2,7
255214,255214,255216,2,0
255214,255214,255216,2,0
255214,255214,255215,1,0
255214,255214,255216,2,0
255214,255214,255215,1,0
255214,255214,255216,2,0
255214,255214,255216,2,0
255214,255214,255216,2,0
255214,255214,255216,2,0
255214,255214,255216,2,0
255214,255214,255215,1,0
255214,255214,255215,1,0
255214,255214,255216,2,0
255214,255214,255216,2,0
255214,255214,255216,2,0
255214,255214,255216,2,0
255214,255214,255215,1,0
255214,255214,255215,1,0
255214,255214,255216,2,0
255214,255214,255216,2,0
255214,255214,255216,2,0
255214,255214,255216,2,0
255214,255214,255215,1,0
255214,255214,255215,1,0
255214,255214,255216,2,0
255214,255214,255216,2,0
255214,255214,255216,2,0
255214,255214,255215,1,0
255214,255214,255216,2,0
255214,255214,255216,2,0
255214,255214,255216,2,0
255214,255214,255216,2,0
255214,255214,255216,2,0
255214,255220,255221,1,6
255214,255220,255222,2,6
255214,255220,255222,2,6
255214,255220,255222,2,6
255214,255220,255222,2,6
255214,255220,255222,2,6
255214,255214,255222,8,0
255214,255214,255222,8,0
255214,255214,255222,8,0
255214,255214,255223,9,0
255214,255214,255222,8,0
255214,255214,255222,8,0
255118,255119,255235,116,1
255123,255124,255236,112,1
255205,255205,255238,33,0
255205,255205,255240,35,0
255238,255238,255239,1,0
255238,255238,255239,1,0
255238,255238,255239,1,0
255238,255238,255240,2,0
255238,255238,255240,2,0
255238,255238,255240,2,0
255238,255238,255239,1,0
255238,255238,255239,1,0
255238,255238,255240,2,0
255238,255238,255240,2,0
255238,255238,255240,2,0
255238,255238,255240,2,0
255238,255238,255240,2,0
255238,255238,255239,1,0
255238,255238,255240,2,0
255238,255238,255240,2,0
255238,255238,255240,2,0
255238,255238,255240,2,0
255238,255238,255240,2,0
255238,255238,255239,1,0
255238,255238,255240,2,0
255238,255238,255240,2,0
255238,255238,255240,2,0
255238,255238,255240,2,0
255238,255238,255240,2,0
255238,255238,255240,2,0
255238,255238,255240,2,0
255238,255238,255240,2,0
255238,255238,255240,2,0
255238,255238,255240,2,0
255238,255238,255240,2,0
255238,255238,255240,2,0
255238,255238,255240,2,0
255238,255238,255240,2,0
255238,255238,255240,2,0
255238,255238,255240,2,0
255238,255238,255240,2,0
255238,255238,255240,2,0
255238,255238,255240,2,0
255238,255238,255240,2,0
255238,255238,255239,1,0
255238,255238,255240,2,0
255238,255238,255240,2,0
255238,255238,255240,2,0
255238,255238,255240,2,0
255238,255238,255240,2,0
255238,255238,255240,2,0
255238,255240,255241,1,2
255238,255238,255240,2,0
255238,255238,255240,2,0
255238,255238,255240,2,0
255238,255238,255240,2,0
255238,255238,255241,3,0
255238,255238,255240,2,0
255238,255240,255242,2,2
255238,255240,255241,1,2
255238,255240,255242,2,2
255238,255240,255242,2,2
255238,255240,255242,2,2
255238,255240,255241,1,2
255238,255240,255242,2,2
255238,255240,255242,2,2
255238,255240,255242,2,2
255238,255240,255242,2,2
255238,255240,255242,2,2
255238,255240,255242,2,2
255238,255240,255242,2,2
255121,255121,255242,121,0
255238,255240,255242,2,2
255238,255240,255242,2,2
255238,255240,255242,2,2
255238,255240,255242,2,2
255238,255240,255242,2,2
255238,255240,255242,2,2
255238,255240,255242,2,2
255238,255240,255242,2,2
255238,255240,255242,2,2
255238,255240,255242,2,2
255238,255240,255242,2,2
255238,255240,255242,2,2
255238,255240,255242,2,2
255238,255240,255242,2,2
255238,255238,255242,4,0
255238,255238,255243,5,0
255238,255238,255243,5,0
255238,255238,255243,5,0
255205,255205,255243,38,0
255107,255109,255244,135,2
255238,255238,255243,5,0
255238,255238,255244,6,0
255238,255239,255245,6,1
255238,255240,255245,5,2
255244,255244,255246,2,0
255244,255244,255246,2,0
255058,255058,255246,188,0
255244,255244,255246,2,0
255244,255244,255246,2,0
255244,255244,255246,2,0
255244,255244,255246,2,0
255244,255244,255246,2,0
255244,255244,255246,2,0
255244,255244,255246,2,0
255244,255244,255246,2,0
255244,255244,255246,2,0
255244,255244,255245,1,0
255244,255244,255246,2,0
255244,255244,255246,2,0
255244,255244,255246,2,0
255244,255244,255246,2,0
255244,255244,255246,2,0
255244,255244,255246,2,0
255244,255244,255246,2,0
255244,255244,255246,2,0
255244,255244,255247,3,0
255244,255244,255247,3,0
255244,255245,255247,2,1
255244,255245,255247,2,1
255060,255060,255246,186,0
255244,255244,255246,2,0
255244,255244,255246,2,0
255244,255244,255247,3,0
255244,255244,255247,3,0
255244,255244,255247,3,0
255248,255249,255250,1,1
255248,255249,255250,1,1
255248,255249,255250,1,1
255248,255249,255251,2,1
255248,255249,255250,1,1
255248,255249,255251,2,1
255248,255249,255250,1,1
255248,255249,255250,1,1
255249,255249,255251,2,0
255248,255249,255250,1,1
255248,255249,255250,1,1
255248,255249,255251,2,1
255248,255249,255250,1,1
255248,255249,255250,1,1
255248,255249,255250,1,1
255238,255240,255242,2,2
255103,255103,255251,148,0
255248,255249,255251,2,1
255248,255249,255251,2,1
255248,255249,255251,2,1
255248,255249,255251,2,1
255249,255251,255252,1,2
255248,255249,255251,2,1
255248,255249,255251,2,1
255248,255249,255252,3,1
255248,255249,255251,2,1
255248,255249,255251,2,1
255249,255251,255252,1,2
255249,255251,255252,1,2
255248,255249,255251,2,1
255248,255249,255251,2,1
255248,255249,255251,2,1
255249,255251,255252,1,2
255248,255249,255251,2,1
255248,255249,255251,2,1
255248,255249,255251,2,1
255248,255249,255251,2,1
255248,255249,255252,3,1
255248,255249,255251,2,1
255248,255249,255252,3,1
255248,255249,255252,3,1
255244,255251,255253,2,7
255244,255244,255252,8,0
255244,255244,255252,8,0
255244,255244,255252,8,0
255249,255251,255252,1,2
255249,255252,255253,1,3
255249,255251,255252,1,2
255249,255251,255252,1,2
255249,255251,255252,1,2
255248,255249,255252,3,1
255248,255249,255252,3,1
255248,255249,255252,3,1
255244,255252,255253,1,8
255244,255252,255253,1,8
255249,255252,255253,1,3
255249,255252,255253,1,3
255244,255244,255253,9,0
255244,255244,255254,10,0
255244,255244,255253,9,0
255249,255252,255253,1,3
255249,255252,255253,1,3
255249,255252,255254,2,3
255249,255252,255254,2,3
255249,255252,255254,2,3
255249,255252,255254,2,3
255249,255252,255254,2,3
255249,255252,255254,2,3
255249,255252,255254,2,3
255249,255252,255254,2,3
255249,255252,255254,2,3
255249,255252,255254,2,3
255249,255252,255254,2,3
255249,255252,255254,2,3
255249,255252,255253,1,3
255249,255252,255254,2,3
255249,255252,255254,2,3
255249,255252,255254,2,3
255249,255252,255254,2,3
255249,255252,255253,1,3
255249,255252,255253,1,3
255252,255253,255254,1,1
255244,255252,255254,2,8
255244,255252,255254,2,8
255249,255253,255254,1,4
255244,255244,255254,10,0
255248,255249,255255,6,1
255244,255244,255254,10,0
255252,255253,255254,1,1
255252,255253,255255,2,1
255252,255254,255255,1,2
255252,255253,255254,1,1
255252,255253,255254,1,1
255252,255253,255254,1,1
255252,255253,255254,1,1
255252,255253,255254,1,1
255252,255254,255255,1,2
255252,255254,255255,1,2
255252,255254,255255,1,2
255252,255254,255255,1,2
255244,255244,255255,11,0
255249,255253,255255,2,4
255249,255253,255255,2,4
255249,255253,255255,2,4
255244,255244,255255,11,0
255252,255254,255256,2,2
255252,255254,255255,1,2
255252,255254,255256,2,2
255252,255254,255256,2,2
255252,255255,255256,1,3
255252,255255,255256,1,3
255252,255254,255256,2,2
255252,255254,255256,2,2
255252,255254,255256,2,2
255252,255254,255256,2,2
255252,255254,255256,2,2
255252,255254,255256,2,2
255252,255254,255256,2,2
255252,255254,255256,2,2
255252,255254,255256,2,2
255252,255255,255256,1,3
255252,255255,255256,1,3
255252,255254,255256,2,2
255252,255254,255256,2,2
255252,255254,255256,2,2
255252,255255,255256,1,3
255252,255255,255256,1,3
255252,255255,255256,1,3
255252,255256,255257,1,4
255252,255256,255257,1,4
255252,255256,255257,1,4
255252,255256,255257,1,4
255244,255244,255256,12,0
255252,255255,255256,1,3
255252,255255,255256,1,3
255252,255255,255256,1,3
255252,255254,255257,3,2
255252,255254,255256,2,2
255252,255254,255256,2,2
255252,255254,255257,3,2
255252,255254,255257,3,2
255252,255255,255256,1,3
255248,255249,255257,8,1
255248,255249,255258,9,1
255252,255256,255257,1,4
255252,255256,255258,2,4
255252,255256,255258,2,4
255252,255256,255257,1,4
255252,255256,255257,1,4
255252,255256,255258,2,4
255252,255256,255258,2,4
255252,255256,255258,2,4
255252,255256,255258,2,4
255252,255256,255258,2,4
255252,255256,255258,2,4
255252,255256,255258,2,4
255252,255256,255258,2,4
255249,255258,255259,1,9
255248,255249,255259,10,1
255252,255257,255259,2,5
255252,255257,255258,1,5
255252,255257,255259,2,5
255252,255257,255259,2,5
255252,255257,255259,2,5
255252,255257,255259,2,5
255252,255257,255259,2,5
255252,255257,255259,2,5
255252,255256,255259,3,4
255252,255256,255259,3,4
255252,255256,255259,3,4
255252,255256,255259,3,4
255252,255256,255259,3,4
255252,255256,255259,3,4
255252,255256,255259,3,4
255252,255256,255259,3,4
255252,255256,255259,3,4
255252,255256,255259,3,4
255249,255258,255259,1,9
255249,255258,255259,1,9
255249,255258,255259,1,9
255249,255258,255259,1,9
255249,255258,255259,1,9
255252,255254,255259,5,2
255252,255253,255261,8,1
255252,255255,255261,6,3
255252,255256,255261,5,4
255252,255255,255262,7,3
255252,255257,255262,5,5
255249,255253,255263,10,4
255252,255254,255263,9,2
255252,255254,255263,9,2
255252,255255,255263,8,3
255248,255249,255259,10,1
255248,255249,255260,11,1
255248,255249,255260,11,1
255248,255249,255260,11,1
255074,255074,255277,203,0
255252,255256,255279,23,4
255283,255283,255285,2,0
255283,255283,255285,2,0
255283,255283,255285,2,0
255283,255283,255285,2,0
255283,255283,255285,2,0
255283,255283,255285,2,0
255283,255283,255285,2,0
255283,255283,255285,2,0
255283,255284,255285,1,1
255283,255284,255285,1,1
255283,255283,255285,2,0
255283,255283,255286,3,0
255283,255283,255286,3,0
255283,255283,255286,3,0
255160,255164,255286,122,4
255283,255283,255286,3,0
255283,255283,255286,3,0
255283,255283,255286,3,0
255283,255283,255286,3,0
255169,255170,255286,116,1
255283,255283,255286,3,0
255283,255283,255286,3,0
255283,255284,255286,2,1
255283,255283,255286,3,0
255283,255283,255286,3,0
255283,255284,255287,3,1
255283,255284,255286,2,1
255283,255284,255286,2,1
255283,255284,255286,2,1
255283,255284,255287,3,1
255283,255284,255287,3,1
255283,255284,255287,3,1
255152,255152,255287,135,0
255283,255284,255287,3,1
255283,255284,255287,3,1
255283,255286,255287,1,3
255283,255286,255288,2,3
255283,255286,255288,2,3
255283,255286,255288,2,3
255288,255289,255290,1,1
255288,255289,255290,1,1
255288,255289,255291,2,1
255288,255289,255290,1,1
255288,255289,255290,1,1
255288,255289,255290,1,1
255288,255289,255291,2,1
255288,255289,255291,2,1
255288,255289,255290,1,1
255288,255289,255290,1,1
255288,255289,255290,1,1
255288,255289,255290,1,1
255288,255289,255290,1,1
255289,255289,255290,1,0
255288,255289,255290,1,1
255288,255289,255290,1,1
255288,255289,255290,1,1
255288,255289,255291,2,1
255289,255289,255290,1,0
255288,255289,255290,1,1
255288,255289,255290,1,1
255288,255289,255290,1,1
255288,255289,255290,1,1
255288,255289,255291,2,1
255289,255289,255290,1,0
255289,255289,255291,2,0
255288,255289,255290,1,1
255288,255289,255290,1,1
255288,255289,255290,1,1
255288,255289,255291,2,1
255288,255289,255291,2,1
255288,255289,255291,2,1
255288,255289,255291,2,1
255289,255289,255290,1,0
255288,255289,255290,1,1
255288,255289,255291,2,1
255289,255289,255290,1,0
255289,255289,255290,1,0
255289,255289,255290,1,0
255289,255289,255290,1,0
255283,255283,255290,7,0
255283,255283,255290,7,0
255283,255283,255291,8,0
255283,255283,255290,7,0
255283,255284,255290,6,1
255288,255289,255290,1,1
255288,255289,255291,2,1
255289,255291,255292,1,2
255289,255291,255292,1,2
255288,255289,255291,2,1
255288,255289,255291,2,1
255288,255289,255291,2,1
255288,255289,255291,2,1
255288,255289,255291,2,1
255288,255289,255291,2,1
255111,255112,255293,181,1
255291,255292,255293,1,1
255291,255292,255293,1,1
255289,255291,255292,1,2
255289,255291,255292,1,2
255289,255291,255293,2,2
255289,255291,255293,2,2
255289,255291,255293,2,2
255291,255292,255293,1,1
255289,255291,255292,1,2
255289,255291,255292,1,2
255289,255291,255292,1,2
255289,255291,255293,2,2
255289,255291,255293,2,2
255289,255291,255293,2,2
255291,255292,255293,1,1
255289,255291,255293,2,2
255289,255291,255293,2,2
255289,255291,255293,2,2
255289,255291,255293,2,2
255289,255291,255293,2,2
255291,255291,255292,1,0
255291,255291,255292,1,0
255289,255291,255292,1,2
255289,255291,255293,2,2
255289,255291,255293,2,2
255289,255291,255293,2,2
255289,255291,255292,1,2
255289,255291,255293,2,2
255289,255291,255293,2,2
255289,255291,255293,2,2
255289,255291,255293,2,2
255289,255291,255293,2,2
255289,255291,255293,2,2
255289,255291,255292,1,2
255289,255291,255292,1,2
255291,255291,255292,1,0
255291,255291,255292,1,0
255289,255291,255293,2,2
255291,255291,255293,2,0
255291,255291,255293,2,0
255291,255291,255293,2,0
255291,255292,255293,1,1
255291,255292,255293,1,1
255291,255292,255293,1,1
255291,255292,255293,1,1
255291,255292,255293,1,1
255291,255292,255293,1,1
255289,255291,255293,2,2
255289,255291,255293,2,2
255291,255292,255293,1,1
255291,255292,255293,1,1
255291,255293,255300,7,2
255291,255293,255300,7,2
255291,255293,255300,7,2
255291,255293,255300,7,2
255291,255293,255300,7,2
255291,255293,255300,7,2
255291,255293,255300,7,2
255291,255293,255300,7,2
255291,255293,255301,8,2
255291,255293,255301,8,2
255291,255293,255301,8,2
255291,255293,255301,8,2
255291,255293,255301,8,2
255291,255293,255301,8,2
255291,255293,255300,7,2
255291,255293,255300,7,2
255291,255293,255301,8,2
255291,255293,255300,7,2
255291,255293,255301,8,2
255291,255293,255301,8,2
255291,255293,255301,8,2
255289,255291,255301,10,2
255283,255284,255303,19,1
255283,255283,255303,20,0
255300,255301,255304,3,1
255300,255301,255304,3,1
255300,255301,255305,4,1
255300,255301,255304,3,1
255300,255301,255305,4,1
255300,255301,255305,4,1
255300,255301,255305,4,1
255300,255301,255304,3,1
255300,255301,255304,3,1
255300,255301,255305,4,1
255300,255301,255305,4,1
255300,255301,255305,4,1
255300,255301,255305,4,1
255283,255284,255305,21,1
255283,255284,255305,21,1
255300,255301,255305,4,1
255300,255301,255305,4,1
255300,255301,255305,4,1
255300,255301,255305,4,1
255300,255301,255305,4,1
255300,255301,255305,4,1
255291,255293,255305,12,2
255291,255293,255305,12,2
255291,255293,255305,12,2
255300,255301,255305,4,1
255300,255301,255305,4,1
255300,255301,255305,4,1
255300,255301,255305,4,1
255288,255289,255305,16,1
255288,255289,255305,16,1
255288,255289,255305,16,1
255288,255289,255305,16,1
255288,255289,255305,16,1
255300,255301,255305,4,1
255300,255301,255305,4,1
255300,255301,255305,4,1
255300,255301,255305,4,1
255300,255301,255306,5,1
255300,255301,255305,4,1
255300,255301,255305,4,1
255300,255301,255305,4,1
255291,255293,255307,14,2
255288,255289,255307,18,1
255300,255301,255308,7,1
255300,255301,255308,7,1
255300,255301,255314,13,1
255300,255301,255316,15,1
255300,255307,255325,18,7
255171,255173,255327,154,2
255300,255307,255326,19,7
255300,255307,255327,20,7
255300,255307,255328,21,7
255300,255301,255329,28,1
255300,255307,255333,26,7
255157,255157,255335,178,0
255300,255301,255335,34,1
255207,255208,255336,128,1
255336,255336,255338,2,0
255336,255336,255337,1,0
255336,255336,255338,2,0
255336,255336,255338,2,0
255336,255336,255338,2,0
255336,255336,255338,2,0
255336,255336,255337,1,0
255336,255336,255338,2,0
255336,255336,255338,2,0
255336,255336,255338,2,0
255336,255336,255338,2,0
255336,255336,255338,2,0
255336,255336,255338,2,0
255336,255336,255338,2,0
255336,255336,255338,2,0
255336,255336,255338,2,0
255336,255336,255338,2,0
255336,255336,255338,2,0
255336,255336,255338,2,0
255336,255336,255338,2,0
255336,255336,255338,2,0
255336,255336,255338,2,0
255336,255336,255338,2,0
255336,255336,255338,2,0
255336,255336,255338,2,0
255291,255293,255338,45,2
255336,255336,255338,2,0
255336,255336,255338,2,0
255336,255336,255338,2,0
255336,255336,255339,3,0
255336,255336,255339,3,0
255336,255336,255338,2,0
255336,255336,255338,2,0
255336,255336,255338,2,0
255336,255336,255338,2,0
255336,255336,255338,2,0
255336,255336,255338,2,0
255336,255336,255338,2,0
255300,255301,255339,38,1
255336,255336,255340,4,0
255336,255336,255340,4,0
255336,255336,255340,4,0
255336,255336,255340,4,0
255336,255336,255340,4,0
255336,255336,255340,4,0
255340,255341,255342,1,1
255340,255341,255342,1,1
255340,255341,255342,1,1
255340,255341,255342,1,1
255340,255341,255342,1,1
255340,255341,255342,1,1
255300,255301,255342,41,1
255340,255340,255342,2,0
255340,255341,255342,1,1
255340,255341,255342,1,1
255340,255341,255342,1,1
255340,255341,255342,1,1
255340,255340,255342,2,0
255340,255341,255342,1,1
255340,255341,255343,2,1
255340,255341,255343,2,1
255340,255341,255343,2,1
255340,255341,255343,2,1
255340,255341,255343,2,1
255340,255341,255343,2,1
255341,255341,255343,2,0
255340,255341,255342,1,1
255340,255341,255342,1,1
255340,255341,255342,1,1
255340,255341,255343,2,1
255340,255341,255342,1,1
255341,255341,255342,1,0
255341,255341,255342,1,0
255341,255341,255342,1,0
255215,255215,255342,127,0
255340,255341,255342,1,1
255340,255341,255342,1,1
255340,255341,255343,2,1
255340,255341,255342,1,1
255341,255341,255342,1,0
255340,255341,255342,1,1
255340,255341,255342,1,1
255340,255341,255342,1,1
255340,255341,255343,2,1
255340,255341,255342,1,1
255341,255341,255342,1,0
255341,255342,255343,1,1
255341,255342,255343,1,1
255340,255341,255343,2,1
255340,255341,255343,2,1
255340,255341,255343,2,1
255340,255341,255342,1,1
255341,255341,255342,1,0
255341,255341,255343,2,0
255341,255341,255342,1,0
255341,255341,255342,1,0
255341,255341,255342,1,0
255341,255341,255343,2,0
255340,255341,255343,2,1
255340,255341,255343,2,1
255300,255301,255343,42,1
255341,255342,255343,1,1
255341,255342,255343,1,1
255341,255342,255343,1,1
255341,255342,255343,1,1
255341,255343,255344,1,2
255341,255343,255344,1,2
255341,255343,255344,1,2
255341,255343,255344,1,2
255341,255343,255345,2,2
255341,255343,255345,2,2
255341,255343,255345,2,2
255341,255343,255345,2,2
255341,255343,255345,2,2
255341,255343,255345,2,2
255341,255343,255345,2,2
255341,255343,255345,2,2
255341,255343,255345,2,2
255341,255343,255345,2,2
255341,255343,255345,2,2
255341,255343,255345,2,2
255341,255343,255345,2,2
255341,255343,255345,2,2
255341,255343,255345,2,2
255341,255343,255345,2,2
255341,255343,255345,2,2
255341,255343,255345,2,2
255341,255343,255345,2,2
255341,255343,255345,2,2
255341,255343,255345,2,2
255340,255341,255352,11,1
255336,255336,255352,16,0
255336,255336,255352,16,0
255340,255341,255352,11,1
255341,255341,255352,11,0
255341,255342,255352,10,1
255352,255352,255353,1,0
255352,255352,255353,1,0
255352,255352,255353,1,0
255352,255352,255353,1,0
255352,255352,255354,2,0
255352,255352,255354,2,0
255352,255352,255357,5,0
255352,255352,255357,5,0
255352,255352,255357,5,0
255352,255352,255357,5,0
255352,255352,255357,5,0
255352,255352,255357,5,0
255352,255352,255357,5,0
255352,255352,255357,5,0
255352,255352,255357,5,0
255352,255352,255357,5,0
255352,255352,255357,5,0
255352,255352,255357,5,0
255352,255352,255357,5,0
255352,255352,255357,5,0
255352,255352,255357,5,0
255352,255352,255357,5,0
255352,255352,255357,5,0
255352,255352,255357,5,0
255352,255352,255357,5,0
255352,255352,255357,5,0
255352,255352,255357,5,0
255352,255352,255357,5,0
255352,255352,255357,5,0
255352,255352,255357,5,0
255352,255352,255357,5,0
255352,255352,255357,5,0
255352,255352,255357,5,0
255352,255352,255357,5,0
255340,255341,255360,19,1
255340,255341,255360,19,1
255340,255341,255360,19,1
255340,255341,255360,19,1
255352,255352,255362,10,0
255352,255352,255365,13,0
255352,255352,255368,16,0
255352,255352,255368,16,0
255352,255352,255368,16,0
255352,255352,255368,16,0
255352,255352,255368,16,0
255352,255352,255370,18,0
255352,255352,255372,20,0
255352,255352,255373,21,0
255352,255352,255374,22,0
255173,255173,255377,204,0
255178,255178,255376,198,0
255175,255176,255378,202,1
255383,255383,255385,2,0
255383,255383,255385,2,0
255383,255383,255385,2,0
255383,255383,255385,2,0
255384,255384,255385,1,0
255383,255383,255385,2,0
255383,255383,255385,2,0
255383,255383,255385,2,0
255383,255383,255385,2,0
255384,255384,255385,1,0
255383,255383,255385,2,0
255383,255383,255385,2,0
255383,255383,255385,2,0
255383,255383,255386,3,0
255384,255384,255385,1,0
255384,255384,255385,1,0
255383,255383,255385,2,0
255383,255383,255385,2,0
255383,255383,255385,2,0
255383,255383,255385,2,0
255384,255384,255385,1,0
255384,255384,255385,1,0
255383,255383,255385,2,0
255383,255383,255385,2,0
255383,255383,255385,2,0
255383,255383,255385,2,0
255383,255383,255385,2,0
255384,255384,255385,1,0
255384,255384,255385,1,0
255383,255383,255385,2,0
255383,255383,255385,2,0
255383,255383,255385,2,0
255383,255383,255386,3,0
255384,255384,255385,1,0
255384,255384,255385,1,0
255384,255384,255386,2,0
255383,255383,255385,2,0
255383,255383,255385,2,0
255383,255383,255385,2,0
255383,255383,255385,2,0
255384,255384,255385,1,0
255384,255384,255385,1,0
255384,255384,255385,1,0
255384,255384,255385,1,0
255383,255383,255385,2,0
255383,255383,255385,2,0
255383,255383,255385,2,0
255383,255383,255385,2,0
255383,255383,255385,2,0
255383,255383,255386,3,0
255253,255258,255386,128,5
255384,255386,255387,1,2
255384,255386,255387,1,2
255384,255386,255388,2,2
255384,255386,255388,2,2
255384,255386,255388,2,2
255384,255386,255388,2,2
255384,255386,255387,1,2
255384,255386,255387,1,2
255384,255386,255388,2,2
255384,255386,255388,2,2
255384,255386,255387,1,2
255384,255386,255388,2,2
255384,255386,255388,2,2
255384,255386,255388,2,2
255384,255386,255388,2,2
255384,255386,255388,2,2
255384,255386,255387,1,2
255384,255386,255388,2,2
255384,255386,255388,2,2
255384,255386,255388,2,2
255384,255386,255388,2,2
255384,255386,255388,2,2
255384,255386,255388,2,2
255384,255386,255388,2,2
255384,255386,255388,2,2
255384,255386,255388,2,2
255384,255386,255388,2,2
255383,255390,255391,1,7
255383,255390,255391,1,7
255383,255390,255391,1,7
255384,255390,255391,1,6
255384,255390,255391,1,6
255384,255390,255391,1,6
255391,255391,255392,1,0
255390,255390,255391,1,0
255390,255390,255392,2,0
255390,255390,255392,2,0
255390,255390,255392,2,0
255390,255390,255392,2,0
255390,255390,255391,1,0
255390,255390,255392,2,0
255390,255390,255392,2,0
255390,255390,255391,1,0
255390,255390,255391,1,0
255390,255390,255392,2,0
255390,255390,255392,2,0
255390,255390,255392,2,0
255390,255390,255391,1,0
255390,255390,255392,2,0
255390,255390,255392,2,0
255390,255390,255392,2,0
255390,255390,255392,2,0
255390,255390,255391,1,0
255390,255390,255392,2,0
255390,255390,255391,1,0
255390,255390,255391,1,0
255390,255390,255392,2,0
255390,255390,255392,2,0
255390,255390,255392,2,0
255390,255390,255392,2,0
255390,255390,255392,2,0
255390,255390,255392,2,0
255390,255390,255392,2,0
255391,255391,255392,1,0
255391,255391,255392,1,0
255391,255391,255392,1,0
255391,255392,255393,1,1
255391,255392,255393,1,1
255391,255392,255393,1,1
255391,255392,255393,1,1
255390,255390,255393,3,0
255390,255390,255393,3,0
255390,255390,255393,3,0
255390,255390,255392,2,0
255391,255391,255392,1,0
255390,255390,255392,2,0
255390,255390,255392,2,0
255390,255390,255392,2,0
255390,255390,255393,3,0
255390,255390,255392,2,0
255390,255390,255392,2,0
255391,255392,255393,1,1
255391,255392,255393,1,1
255391,255392,255393,1,1
255391,255392,255393,1,1
255391,255392,255393,1,1
255391,255392,255393,1,1
255391,255392,255393,1,1
255391,255392,255393,1,1
255391,255392,255393,1,1
255391,255392,255394,2,1
255391,255392,255394,2,1
255391,255392,255394,2,1
255391,255392,255394,2,1
255391,255392,255394,2,1
255391,255392,255394,2,1
255391,255392,255394,2,1
255391,255392,255394,2,1
255391,255392,255394,2,1
255391,255392,255394,2,1
255391,255392,255394,2,1
255391,255392,255394,2,1
255391,255392,255394,2,1
255391,255392,255394,2,1
255391,255392,255394,2,1
255391,255392,255394,2,1
255391,255392,255394,2,1
255391,255392,255394,2,1
255391,255393,255394,1,2
255391,255393,255394,1,2
255391,255393,255394,1,2
255391,255393,255394,1,2
255391,255393,255395,2,2
255391,255393,255394,1,2
255391,255392,255394,2,1
255383,255383,255395,12,0
255391,255392,255394,2,1
255383,255383,255396,13,0
255383,255383,255395,12,0
255383,255383,255396,13,0
255383,255383,255396,13,0
255383,255383,255396,13,0
255390,255390,255398,8,0
255390,255390,255398,8,0
255390,255390,255398,8,0
255390,255390,255398,8,0
255390,255390,255398,8,0
255390,255390,255398,8,0
255391,255391,255398,7,0
255220,255220,255402,182,0
255241,255241,255403,162,0
255404,255404,255405,1,0
255404,255404,255406,2,0
255404,255404,255406,2,0
255404,255404,255406,2,0
255404,255404,255406,2,0
255404,255404,255406,2,0
255404,255404,255405,1,0
255404,255404,255406,2,0
255404,255404,255406,2,0
255404,255404,255405,1,0
255404,255404,255406,2,0
255404,255404,255405,1,0
255404,255404,255406,2,0
255404,255404,255406,2,0
255404,255404,255406,2,0
255404,255404,255406,2,0
255404,255404,255406,2,0
255404,255404,255406,2,0
255404,255404,255406,2,0
255404,255404,255406,2,0
255404,255404,255406,2,0
255404,255404,255405,1,0
255404,255404,255406,2,0
255404,255404,255406,2,0
255404,255404,255406,2,0
255404,255404,255406,2,0
255404,255404,255406,2,0
255404,255404,255406,2,0
255404,255404,255406,2,0
255404,255404,255406,2,0
255404,255404,255406,2,0
255404,255404,255406,2,0
255404,255404,255406,2,0
255404,255404,255407,3,0
255404,255404,255407,3,0
255404,255404,255407,3,0
255404,255404,255407,3,0
255404,255404,255407,3,0
255404,255404,255406,2,0
255404,255404,255406,2,0
255404,255404,255406,2,0
255404,255404,255406,2,0
255404,255406,255408,2,2
255404,255406,255408,2,2
255404,255406,255408,2,2
255404,255406,255408,2,2
255404,255406,255408,2,2
255404,255406,255407,1,2
255404,255406,255408,2,2
255404,255406,255408,2,2
255404,255406,255408,2,2
255404,255406,255408,2,2
255404,255406,255407,1,2
255404,255406,255408,2,2
255404,255406,255408,2,2
255404,255406,255408,2,2
255404,255406,255408,2,2
255404,255406,255408,2,2
255404,255406,255408,2,2
255404,255406,255408,2,2
255404,255406,255408,2,2
255404,255406,255408,2,2
255404,255406,255408,2,2
255404,255406,255408,2,2
255404,255406,255408,2,2
255404,255406,255408,2,2
255404,255406,255408,2,2
255404,255406,255408,2,2
255404,255406,255408,2,2
255404,255404,255409,5,0
255404,255404,255408,4,0
255404,255404,255408,4,0
255404,255404,255408,4,0
255404,255404,255408,4,0
255404,255404,255408,4,0
255404,255404,255409,5,0
255404,255406,255408,2,2
255404,255404,255410,6,0
255404,255404,255410,6,0
255404,255404,255410,6,0
255404,255404,255410,6,0
255404,255404,255410,6,0
255404,255404,255410,6,0
255404,255404,255409,5,0
255404,255404,255409,5,0
255404,255404,255410,6,0
255404,255404,255411,7,0
255404,255404,255411,7,0
255258,255267,255412,145,9
255404,255404,255412,8,0
255404,255404,255412,8,0
255245,255245,255414,169,0
255417,255417,255418,1,0
255417,255417,255419,2,0
255417,255417,255418,1,0
255417,255417,255418,1,0
255417,255417,255419,2,0
255417,255417,255419,2,0
255417,255417,255419,2,0
255417,255417,255418,1,0
255417,255417,255419,2,0
255417,255417,255419,2,0
255417,255417,255418,1,0
255417,255417,255418,1,0
255417,255417,255419,2,0
255417,255417,255419,2,0
255417,255417,255419,2,0
255417,255417,255419,2,0
255417,255417,255418,1,0
255417,255417,255419,2,0
255417,255417,255419,2,0
255417,255417,255418,1,0
255417,255417,255419,2,0
255417,255417,255419,2,0
255417,255417,255419,2,0
255417,255417,255419,2,0
255417,255417,255418,1,0
255417,255417,255419,2,0
255417,255417,255419,2,0
255417,255417,255419,2,0
255417,255417,255419,2,0
255417,255417,255419,2,0
255417,255417,255419,2,0
255417,255417,255419,2,0
255250,255253,255420,167,3
255417,255417,255419,2,0
255417,255417,255419,2,0
255417,255417,255419,2,0
255417,255417,255419,2,0
255417,255417,255419,2,0
255417,255417,255420,3,0
255417,255417,255419,2,0
255417,255417,255419,2,0
255417,255417,255419,2,0
255417,255417,255420,3,0
255417,255417,255419,2,0
255417,255417,255419,2,0
255417,255419,255421,2,2
255417,255419,255421,2,2
255417,255419,255421,2,2
255417,255419,255421,2,2
255417,255419,255421,2,2
255417,255419,255421,2,2
255239,255240,255421,181,1
255417,255419,255420,1,2
255417,255419,255420,1,2
255417,255419,255420,1,2
255417,255419,255421,2,2
255417,255419,255421,2,2
255417,255419,255421,2,2
255417,255419,255421,2,2
255417,255419,255421,2,2
255417,255419,255421,2,2
255417,255419,255421,2,2
255417,255419,255421,2,2
255417,255419,255421,2,2
255417,255419,255421,2,2
255417,255419,255421,2,2
255417,255419,255421,2,2
255417,255419,255421,2,2
255417,255419,255421,2,2
255417,255419,255421,2,2
255421,255421,255422,1,0
255417,255419,255421,2,2
255417,255419,255421,2,2
255417,255419,255421,2,2
255417,255419,255421,2,2
255421,255421,255422,1,0
255421,255421,255422,1,0
255421,255421,255422,1,0
255421,255421,255423,2,0
255421,255421,255422,1,0
255421,255421,255422,1,0
255421,255421,255422,1,0
255421,255421,255422,1,0
255421,255421,255423,2,0
255421,255421,255423,2,0
255421,255421,255423,2,0
255421,255421,255422,1,0
255421,255421,255423,2,0
255421,255421,255423,2,0
255421,255421,255423,2,0
255421,255421,255423,2,0
255421,255421,255423,2,0
255421,255421,255423,2,0
255421,255422,255423,1,1
255421,255421,255423,2,0
255421,255421,255423,2,0
255421,255421,255423,2,0
255421,255421,255423,2,0
255421,255422,255423,1,1
255421,255421,255423,2,0
255421,255422,255423,1,1
255421,255422,255423,1,1
255421,255422,255423,1,1
255421,255421,255423,2,0
255421,255421,255423,2,0
255421,255421,255423,2,0
255421,255421,255423,2,0
255421,255421,255423,2,0
255421,255421,255423,2,0
255423,255423,255425,2,0
255423,255423,255425,2,0
255423,255423,255425,2,0
255423,255423,255425,2,0
255423,255423,255425,2,0
255423,255423,255425,2,0
255421,255421,255425,4,0
255421,255421,255425,4,0
255421,255421,255425,4,0
255421,255421,255425,4,0
255421,255421,255425,4,0
255417,255417,255425,8,0
255423,255423,255426,3,0
255423,255423,255426,3,0
255423,255423,255426,3,0
255423,255423,255426,3,0
255423,255423,255426,3,0
255423,255423,255426,3,0
255423,255423,255426,3,0
255423,255423,255426,3,0
255423,255423,255426,3,0
255423,255423,255426,3,0
255423,255423,255426,3,0
255423,255424,255427,3,1
255423,255424,255427,3,1
255423,255424,255427,3,1
255423,255424,255427,3,1
255417,255417,255427,10,0
255423,255424,255427,3,1
255423,255424,255427,3,1
255423,255424,255427,3,1
255423,255424,255427,3,1
255423,255423,255427,4,0
255423,255425,255427,2,2
255423,255426,255427,1,3
255417,255417,255427,10,0
255417,255417,255428,11,0
255417,255417,255427,10,0
255423,255425,255428,3,2
255423,255426,255428,2,3
255423,255426,255428,2,3
255423,255426,255429,3,3
255423,255426,255429,3,3
255423,255426,255429,3,3
255423,255426,255429,3,3
255423,255426,255429,3,3
255417,255417,255429,12,0
255417,255417,255429,12,0
255417,255417,255429,12,0
255417,255417,255429,12,0
255417,255417,255429,12,0
255417,255417,255429,12,0
255417,255417,255429,12,0
255421,255421,255429,8,0
255421,255421,255429,8,0
255421,255421,255429,8,0
255421,255421,255429,8,0
255421,255421,255429,8,0
255423,255424,255433,9,1
255423,255425,255433,8,2
255423,255425,255433,8,2
255423,255425,255433,8,2
255423,255424,255433,9,1
255423,255424,255433,9,1
255423,255424,255433,9,1
255423,255424,255433,9,1
255423,255424,255433,9,1
255417,255417,255436,19,0
255417,255417,255436,19,0
255417,255417,255436,19,0
255417,255417,255436,19,0
255417,255417,255453,36,0
255417,255417,255453,36,0
255292,255293,255460,167,1
255462,255462,255464,2,0
255462,255462,255464,2,0
255462,255462,255464,2,0
255462,255462,255464,2,0
255462,255462,255464,2,0
255462,255462,255464,2,0
255462,255462,255464,2,0
255462,255462,255464,2,0
255462,255462,255464,2,0
255462,255462,255464,2,0
255462,255462,255464,2,0
255462,255462,255464,2,0
255462,255462,255464,2,0
255462,255462,255465,3,0
255462,255462,255465,3,0
255462,255462,255465,3,0
255462,255462,255465,3,0
255462,255462,255465,3,0
255462,255462,255465,3,0
255462,255462,255465,3,0
255462,255462,255465,3,0
255462,255462,255465,3,0
255462,255462,255465,3,0
255462,255462,255465,3,0
255462,255462,255465,3,0
255462,255462,255465,3,0
255462,255462,255465,3,0
255462,255462,255465,3,0
255462,255462,255466,4,0
255462,255462,255466,4,0
255462,255462,255466,4,0
255462,255462,255466,4,0
255462,255462,255465,3,0
255462,255462,255465,3,0
255462,255462,255466,4,0
255462,255462,255466,4,0
255462,255462,255466,4,0
255462,255465,255467,2,3
255462,255465,255467,2,3
255462,255465,255467,2,3
255462,255465,255467,2,3
254508,254509,255468,959,1
255462,255468,255470,2,6
255462,255468,255470,2,6
255462,255468,255471,3,6
255462,255468,255470,2,6
255294,255294,255474,180,0
255256,255258,255479,221,2
255478,255478,255479,1,0
255478,255478,255480,2,0
255478,255478,255479,1,0
255478,255478,255479,1,0
255478,255478,255479,1,0
255478,255478,255480,2,0
255478,255478,255479,1,0
255478,255478,255480,2,0
255478,255478,255480,2,0
255478,255478,255479,1,0
255478,255478,255480,2,0
255478,255478,255480,2,0
255478,255478,255480,2,0
255478,255478,255479,1,0
255478,255478,255480,2,0
255478,255478,255480,2,0
255478,255478,255479,1,0
255478,255478,255480,2,0
255478,255478,255480,2,0
255478,255478,255480,2,0
255478,255479,255480,1,1
255478,255478,255480,2,0
255478,255478,255480,2,0
255478,255478,255480,2,0
255285,255285,255480,195,0
255478,255478,255480,2,0
255478,255478,255480,2,0
255478,255478,255480,2,0
255478,255478,255481,3,0
255478,255478,255481,3,0
255478,255478,255480,2,0
255478,255478,255480,2,0
255478,255478,255480,2,0
255478,255478,255480,2,0
255478,255478,255480,2,0
255478,255478,255480,2,0
255478,255478,255480,2,0
255478,255478,255480,2,0
255478,255478,255480,2,0
255478,255478,255480,2,0
255478,255478,255480,2,0
255480,255480,255481,1,0
255480,255480,255482,2,0
255480,255480,255481,1,0
255480,255480,255482,2,0
255480,255480,255482,2,0
255480,255480,255482,2,0
255480,255480,255482,2,0
255480,255480,255482,2,0
255480,255480,255481,1,0
255480,255480,255482,2,0
255480,255480,255482,2,0
255480,255480,255482,2,0
255480,255480,255481,1,0
255480,255480,255481,1,0
255480,255480,255481,1,0
255480,255480,255482,2,0
255480,255480,255482,2,0
255480,255480,255482,2,0
255480,255480,255482,2,0
255480,255480,255482,2,0
255480,255480,255481,1,0
255480,255480,255482,2,0
255480,255480,255481,1,0
255480,255480,255482,2,0
255480,255480,255482,2,0
255480,255481,255482,1,1
255480,255481,255483,2,1
255480,255481,255482,1,1
255480,255481,255482,1,1
255480,255480,255482,2,0
255480,255480,255482,2,0
255480,255480,255482,2,0
255480,255481,255482,1,1
255480,255481,255482,1,1
255480,255481,255482,1,1
255480,255481,255482,1,1
255480,255481,255482,1,1
255480,255481,255482,1,1
255480,255481,255482,1,1
255480,255481,255482,1,1
255478,255478,255485,7,0
255478,255478,255485,7,0
255480,255480,255486,6,0
255337,255337,255486,149,0
255478,255478,255486,8,0
255480,255480,255486,6,0
255480,255480,255487,7,0
255486,255486,255488,2,0
255486,255486,255488,2,0
255486,255486,255488,2,0
255486,255486,255488,2,0
255486,255486,255488,2,0
255486,255486,255488,2,0
255486,255486,255488,2,0
255486,255486,255489,3,0
255486,255487,255488,1,1
255486,255487,255488,1,1
255290,255291,255488,197,1
255486,255486,255488,2,0
255486,255486,255488,2,0
255486,255486,255488,2,0
255486,255487,255488,1,1
255486,255487,255488,1,1
255486,255486,255488,2,0
255486,255486,255488,2,0
255486,255487,255488,1,1
255486,255487,255488,1,1
255486,255487,255488,1,1
255487,255487,255488,1,0
255478,255478,255488,10,0
255480,255480,255488,8,0
255486,255486,255488,2,0
255486,255487,255489,2,1
255486,255487,255489,2,1
255487,255487,255488,1,0
255487,255488,255489,1,1
255486,255486,255488,2,0
255486,255487,255489,2,1
255486,255487,255489,2,1
255486,255487,255489,2,1
255487,255487,255488,1,0
255487,255488,255489,1,1
255486,255486,255488,2,0
255486,255487,255488,1,1
255486,255487,255488,1,1
255487,255487,255488,1,0
255487,255487,255488,1,0
255487,255487,255488,1,0
255487,255488,255489,1,1
255486,255486,255488,2,0
255486,255487,255489,2,1
255486,255487,255489,2,1
255487,255487,255488,1,0
255487,255487,255488,1,0
255487,255487,255488,1,0
255487,255488,255489,1,1
255487,255488,255489,1,1
255478,255478,255489,11,0
255480,255480,255490,10,0
255487,255489,255490,1,2
255487,255489,255490,1,2
255487,255489,255490,1,2
255487,255489,255490,1,2
255487,255489,255490,1,2
255487,255489,255490,1,2
255487,255489,255490,1,2
255487,255489,255490,1,2
255487,255489,255491,2,2
255487,255489,255491,2,2
255487,255489,255490,1,2
255487,255489,255491,2,2
255487,255489,255491,2,2
255487,255489,255490,1,2
255487,255489,255490,1,2
255487,255489,255490,1,2
255487,255489,255490,1,2
255487,255489,255490,1,2
255490,255490,255491,1,0
255487,255489,255490,1,2
255490,255490,255491,1,0
255487,255489,255490,1,2
255487,255489,255490,1,2
255487,255489,255491,2,2
255487,255489,255491,2,2
255487,255489,255491,2,2
255302,255302,255491,189,0
255487,255489,255491,2,2
255490,255490,255491,1,0
255490,255490,255491,1,0
255490,255490,255491,1,0
255490,255490,255491,1,0
255490,255490,255491,1,0
255490,255490,255491,1,0
255490,255490,255491,1,0
255490,255490,255491,1,0
255490,255490,255491,1,0
255490,255491,255492,1,1
255490,255491,255492,1,1
255486,255487,255492,5,1
255486,255487,255492,5,1
255486,255487,255492,5,1
255487,255487,255492,5,0
255490,255490,255492,2,0
255490,255490,255492,2,0
255490,255490,255492,2,0
255490,255490,255492,2,0
255490,255490,255492,2,0
255490,255490,255493,3,0
255490,255491,255492,1,1
255490,255491,255493,2,1
255490,255491,255493,2,1
255490,255491,255492,1,1
255490,255491,255493,2,1
255490,255491,255493,2,1
255486,255487,255492,5,1
255486,255487,255492,5,1
255487,255487,255492,5,0
255487,255488,255492,4,1
255490,255491,255492,1,1
255490,255491,255493,2,1
255490,255491,255493,2,1
255490,255491,255493,2,1
255490,255491,255492,1,1
255490,255491,255493,2,1
255490,255491,255493,2,1
255490,255491,255493,2,1
255490,255491,255493,2,1
255490,255491,255492,1,1
255490,255491,255492,1,1
255490,255491,255492,1,1
255490,255491,255492,1,1
255490,255491,255492,1,1
255490,255491,255492,1,1
255490,255491,255492,1,1
255490,255491,255492,1,1
255492,255493,255494,1,1
255486,255487,255494,7,1
255486,255487,255494,7,1
255487,255487,255494,7,0
255490,255491,255493,2,1
255487,255489,255493,4,2
255487,255489,255493,4,2
255490,255490,255494,4,0
255492,255493,255494,1,1
255492,255492,255494,2,0
255492,255493,255494,1,1
255492,255493,255494,1,1
255492,255493,255494,1,1
255492,255493,255494,1,1
255492,255493,255494,1,1
255492,255492,255494,2,0
255492,255492,255494,2,0
255492,255493,255494,1,1
255492,255494,255495,1,2
255492,255494,255495,1,2
255492,255493,255494,1,1
255492,255493,255494,1,1
255492,255493,255495,2,1
255492,255493,255495,2,1
255492,255493,255495,2,1
255492,255493,255495,2,1
255486,255487,255494,7,1
255486,255487,255495,8,1
255486,255487,255494,7,1
255490,255490,255495,5,0
255492,255493,255495,2,1
255492,255493,255495,2,1
255492,255493,255495,2,1
255492,255493,255495,2,1
255492,255493,255495,2,1
255492,255493,255495,2,1
255492,255493,255495,2,1
255492,255493,255495,2,1
255492,255493,255495,2,1
255492,255493,255495,2,1
255492,255493,255495,2,1
255492,255494,255495,1,2
255492,255494,255495,1,2
255486,255487,255495,8,1
255486,255487,255495,8,1
255492,255493,255495,2,1
255492,255493,255495,2,1
255492,255493,255495,2,1
255492,255493,255495,2,1
255492,255493,255495,2,1
255492,255493,255496,3,1
255492,255493,255496,3,1
255492,255493,255496,3,1
255492,255493,255495,2,1
255492,255493,255495,2,1
255492,255493,255497,4,1
255492,255493,255497,4,1
255467,255468,255498,30,1
255342,255343,255507,164,1
255518,255518,255519,1,0
255518,255518,255520,2,0
255518,255518,255520,2,0
255518,255518,255520,2,0
255518,255518,255519,1,0
255518,255518,255520,2,0
255518,255518,255520,2,0
255518,255518,255520,2,0
255518,255518,255520,2,0
255518,255518,255519,1,0
255518,255518,255520,2,0
255518,255518,255520,2,0
255518,255518,255520,2,0
255518,255518,255520,2,0
255518,255518,255520,2,0
255518,255518,255520,2,0
255518,255518,255520,2,0
255518,255518,255520,2,0
255518,255518,255520,2,0
255518,255518,255520,2,0
255518,255518,255521,3,0
255518,255518,255521,3,0
255518,255518,255521,3,0
255518,255518,255521,3,0
255518,255518,255520,2,0
255518,255518,255520,2,0
255518,255518,255520,2,0
255518,255518,255521,3,0
255518,255518,255520,2,0
255518,255518,255521,3,0
255518,255518,255521,3,0
255518,255518,255520,2,0
255518,255518,255520,2,0
255518,255518,255520,2,0
255518,255518,255522,4,0
255518,255518,255522,4,0
255518,255518,255522,4,0
255518,255518,255522,4,0
255518,255518,255522,4,0
255518,255518,255522,4,0
255518,255518,255529,11,0
255518,255518,255529,11,0
255518,255518,255530,12,0
255518,255518,255530,12,0
255518,255518,255530,12,0
255353,255353,255539,186,0
255392,255393,255544,151,1
255543,255543,255544,1,0
255543,255543,255544,1,0
255543,255543,255545,2,0
255543,255543,255545,2,0
255543,255543,255544,1,0
255543,255543,255544,1,0
255543,255543,255545,2,0
255543,255543,255544,1,0
255543,255543,255545,2,0
255543,255543,255545,2,0
255543,255543,255544,1,0
255543,255543,255544,1,0
255543,255543,255545,2,0
255543,255543,255545,2,0
255543,255543,255545,2,0
255543,255543,255544,1,0
255543,255543,255544,1,0
255543,255543,255545,2,0
255543,255543,255545,2,0
255543,255543,255545,2,0
255543,255543,255544,1,0
255543,255543,255544,1,0
255543,255543,255545,2,0
255543,255543,255545,2,0
255543,255543,255545,2,0
255543,255543,255544,1,0
255543,255543,255545,2,0
255543,255543,255544,1,0
255543,255543,255545,2,0
255543,255543,255544,1,0
255543,255543,255544,1,0
255543,255543,255545,2,0
255543,255543,255545,2,0
255543,255543,255545,2,0
255543,255543,255545,2,0
255543,255545,255546,1,2
255543,255545,255546,1,2
255543,255545,255547,2,2
255543,255545,255546,1,2
255543,255545,255546,1,2
255545,255545,255547,2,0
255545,255545,255547,2,0
255545,255545,255547,2,0
255545,255545,255547,2,0
255545,255545,255547,2,0
255545,255545,255546,1,0
255545,255545,255547,2,0
255545,255545,255547,2,0
255545,255545,255547,2,0
255545,255545,255547,2,0
255545,255545,255547,2,0
255545,255545,255547,2,0
255545,255545,255547,2,0
255545,255545,255547,2,0
255545,255545,255547,2,0
255545,255545,255547,2,0
255545,255545,255547,2,0
255545,255545,255547,2,0
255545,255545,255547,2,0
255545,255545,255547,2,0
255545,255545,255547,2,0
255545,255545,255547,2,0
255545,255545,255547,2,0
255545,255545,255547,2,0
255545,255545,255547,2,0
255545,255545,255547,2,0
255545,255545,255547,2,0
255545,255545,255547,2,0
255545,255545,255547,2,0
255545,255545,255547,2,0
255545,255545,255547,2,0
255545,255545,255547,2,0
255545,255545,255547,2,0
255545,255545,255547,2,0
255545,255545,255547,2,0
255545,255545,255547,2,0
255545,255545,255547,2,0
255545,255545,255548,3,0
255545,255545,255548,3,0
255545,255545,255547,2,0
255545,255545,255547,2,0
255545,255545,255548,3,0
255545,255545,255547,2,0
255545,255545,255548,3,0
255545,255545,255548,3,0
255543,255543,255551,8,0
255543,255543,255551,8,0
255543,255543,255551,8,0
255543,255543,255551,8,0
255543,255543,255551,8,0
255424,255426,255560,134,2
255420,255420,255561,141,0
255562,255562,255563,1,0
255562,255562,255563,1,0
255562,255562,255564,2,0
255562,255562,255564,2,0
255562,255562,255564,2,0
255562,255562,255563,1,0
255562,255562,255563,1,0
255562,255562,255564,2,0
255562,255562,255564,2,0
255562,255562,255564,2,0
255562,255562,255564,2,0
255562,255562,255563,1,0
255562,255562,255564,2,0
255562,255562,255564,2,0
255562,255562,255564,2,0
255562,255562,255564,2,0
255562,255562,255563,1,0
255562,255562,255564,2,0
255562,255562,255564,2,0
255562,255562,255564,2,0
255562,255562,255564,2,0
255562,255562,255564,2,0
255562,255562,255563,1,0
255562,255562,255564,2,0
255562,255562,255564,2,0
255562,255562,255564,2,0
255562,255562,255564,2,0
255562,255562,255564,2,0
255562,255562,255563,1,0
255562,255562,255564,2,0
255562,255562,255564,2,0
255562,255562,255564,2,0
255562,255562,255564,2,0
255562,255562,255564,2,0
255562,255562,255564,2,0
255562,255563,255564,1,1
255562,255562,255564,2,0
255562,255562,255564,2,0
255562,255563,255564,1,1
255562,255563,255564,1,1
255562,255562,255564,2,0
255562,255562,255564,2,0
255562,255562,255564,2,0
255562,255562,255564,2,0
255562,255564,255566,2,2
255562,255564,255566,2,2
255562,255564,255566,2,2
255562,255564,255566,2,2
255562,255564,255566,2,2
255562,255562,255566,4,0
255562,255563,255566,3,1
255562,255564,255566,2,2
255562,255564,255566,2,2
255562,255564,255566,2,2
255407,255407,255567,160,0
255562,255564,255567,3,2
255562,255564,255567,3,2
255562,255564,255567,3,2
255562,255564,255567,3,2
255562,255564,255567,3,2
255562,255564,255567,3,2
255562,255564,255567,3,2
255562,255564,255567,3,2
255562,255564,255567,3,2
255562,255564,255567,3,2
255562,255564,255567,3,2
255386,255386,255567,181,0
255562,255567,255568,1,5
255562,255567,255568,1,5
255398,255398,255568,170,0
255562,255564,255568,4,2
255562,255564,255567,3,2
255562,255564,255568,4,2
255562,255564,255568,4,2
255405,255406,255568,162,1
255562,255564,255568,4,2
255562,255564,255568,4,2
255562,255564,255568,4,2
255562,255564,255568,4,2
255562,255564,255568,4,2
255562,255567,255568,1,5
255562,255567,255568,1,5
255562,255567,255568,1,5
255418,255419,255568,149,1
255568,255568,255572,4,0
255568,255568,255572,4,0
255568,255568,255572,4,0
255568,255568,255572,4,0
255568,255568,255572,4,0
255568,255568,255572,4,0
255568,255568,255572,4,0
255568,255568,255572,4,0
255568,255568,255572,4,0
255568,255568,255572,4,0
255568,255568,255572,4,0
255568,255568,255572,4,0
255568,255568,255572,4,0
255568,255568,255572,4,0
255568,255568,255572,4,0
255568,255568,255572,4,0
255568,255568,255572,4,0
255568,255568,255572,4,0
255568,255568,255572,4,0
255568,255568,255572,4,0
255568,255568,255572,4,0
255568,255568,255572,4,0
255568,255568,255572,4,0
255568,255568,255572,4,0
255568,255568,255572,4,0
255562,255562,255572,10,0
255562,255562,255572,10,0
255562,255562,255572,10,0
255562,255562,255572,10,0
255562,255562,255572,10,0
255562,255562,255572,10,0
255562,255562,255572,10,0
255562,255562,255572,10,0
255562,255562,255572,10,0
255562,255562,255572,10,0
255562,255562,255572,10,0
255572,255572,255573,1,0
255572,255572,255573,1,0
255568,255568,255572,4,0
255568,255568,255572,4,0
255568,255568,255572,4,0
255568,255568,255572,4,0
255568,255568,255572,4,0
255572,255572,255573,1,0
255572,255572,255573,1,0
255572,255572,255573,1,0
255572,255572,255574,2,0
255572,255573,255574,1,1
255572,255573,255574,1,1
255572,255572,255573,1,0
255572,255572,255573,1,0
255572,255572,255573,1,0
255572,255572,255574,2,0
255572,255572,255574,2,0
255572,255572,255574,2,0
255572,255572,255574,2,0
255572,255572,255574,2,0
255572,255572,255574,2,0
255572,255572,255574,2,0
255572,255572,255574,2,0
255572,255572,255574,2,0
255572,255572,255574,2,0
255572,255572,255574,2,0
255572,255572,255574,2,0
255572,255572,255574,2,0
255572,255572,255574,2,0
255572,255572,255574,2,0
255572,255572,255574,2,0
255572,255572,255574,2,0
255572,255572,255574,2,0
255572,255573,255575,2,1
255572,255572,255574,2,0
255572,255573,255574,1,1
255572,255573,255574,1,1
255572,255573,255575,2,1
255572,255573,255574,1,1
255572,255573,255574,1,1
255572,255573,255574,1,1
255572,255573,255575,2,1
255572,255573,255575,2,1
255572,255573,255575,2,1
255568,255568,255575,7,0
255572,255574,255575,1,2
255572,255574,255575,1,2
255572,255572,255575,3,0
255572,255572,255575,3,0
255572,255572,255575,3,0
255572,255573,255575,2,1
255572,255573,255575,2,1
255572,255573,255575,2,1
255572,255573,255575,2,1
255572,255573,255575,2,1
255572,255574,255576,2,2
255572,255574,255575,1,2
255572,255574,255576,2,2
255572,255574,255576,2,2
255572,255574,255576,2,2
255572,255574,255575,1,2
255572,255574,255576,2,2
255572,255574,255576,2,2
255572,255574,255576,2,2
255568,255568,255577,9,0
255568,255568,255577,9,0
255572,255575,255577,2,3
255572,255575,255577,2,3
255575,255575,255577,2,0
255572,255574,255577,3,2
255572,255574,255578,4,2
255572,255574,255577,3,2
255572,255574,255577,3,2
255572,255574,255577,3,2
255572,255574,255577,3,2
255572,255574,255577,3,2
255575,255576,255577,1,1
255575,255576,255577,1,1
255575,255576,255577,1,1
255572,255574,255577,3,2
255572,255575,255577,2,3
255572,255575,255577,2,3
255572,255575,255578,3,3
255572,255575,255578,3,3
255572,255575,255578,3,3
255572,255575,255577,2,3
255572,255575,255577,2,3
255572,255575,255577,2,3
255572,255575,255577,2,3
255575,255576,255577,1,1
255575,255576,255577,1,1
255575,255576,255577,1,1
255575,255576,255577,1,1
255572,255575,255577,2,3
255572,255575,255577,2,3
255572,255575,255577,2,3
255572,255575,255577,2,3
255575,255576,255578,2,1
255568,255568,255578,10,0
255568,255568,255578,10,0
255572,255575,255578,3,3
255572,255575,255578,3,3
255572,255575,255579,4,3
255572,255575,255578,3,3
255575,255577,255579,2,2
255575,255577,255578,1,2
255575,255577,255579,2,2
255575,255577,255578,1,2
255575,255577,255579,2,2
255575,255578,255581,3,3
255575,255578,255581,3,3
255575,255578,255581,3,3
255575,255578,255581,3,3
255575,255578,255581,3,3
255575,255578,255581,3,3
255575,255578,255581,3,3
255575,255578,255581,3,3
255575,255578,255581,3,3
255575,255578,255581,3,3
255575,255578,255581,3,3
255575,255578,255581,3,3
255575,255578,255581,3,3
255575,255578,255581,3,3
255575,255578,255581,3,3
255575,255578,255581,3,3
255575,255578,255581,3,3
255575,255578,255581,3,3
255575,255578,255581,3,3
255575,255578,255581,3,3
255575,255578,255581,3,3
255575,255578,255581,3,3
255575,255578,255581,3,3
255575,255578,255581,3,3
255575,255578,255581,3,3
255575,255578,255580,2,3
255575,255578,255580,2,3
255575,255578,255581,3,3
255575,255578,255581,3,3
255575,255578,255581,3,3
255575,255578,255581,3,3
255575,255579,255582,3,4
255575,255579,255582,3,4
255575,255579,255582,3,4
255575,255579,255582,3,4
255575,255579,255582,3,4
255575,255579,255582,3,4
255575,255579,255582,3,4
255568,255568,255582,14,0
255568,255568,255581,13,0
255575,255579,255582,3,4
255575,255579,255582,3,4
255575,255581,255583,2,6
255575,255581,255585,4,6
255575,255581,255585,4,6
255575,255581,255585,4,6
255575,255581,255585,4,6
255575,255581,255585,4,6
255575,255581,255585,4,6
255575,255581,255585,4,6
255568,255568,255585,17,0
255575,255577,255586,9,2
255575,255581,255585,4,6
255575,255581,255585,4,6
255575,255581,255585,4,6
255575,255581,255585,4,6
255575,255581,255585,4,6
255575,255581,255585,4,6
255575,255581,255585,4,6
255575,255581,255585,4,6
255575,255581,255585,4,6
255575,255581,255586,5,6
255575,255581,255586,5,6
255575,255581,255585,4,6
255575,255581,255586,5,6
255575,255581,255586,5,6
255575,255581,255585,4,6
255575,255581,255586,5,6
255575,255577,255586,9,2
255575,255577,255587,10,2
255568,255568,255589,21,0
255568,255568,255590,22,0
255572,255572,255590,18,0
255568,255568,255589,21,0
255568,255568,255592,24,0
255572,255572,255592,20,0
255572,255572,255592,20,0
255568,255568,255594,26,0
255568,255568,255594,26,0
255568,255568,255604,36,0
255572,255575,255604,29,3
255575,255577,255604,27,2
255575,255578,255604,26,3
255575,255578,255604,26,3
255575,255577,255604,27,2
255575,255578,255604,26,3
255575,255581,255605,24,6
255575,255577,255605,28,2
255463,255463,255606,143,0
255575,255581,255606,25,6
255575,255581,255608,27,6
255371,255371,255611,240,0
255422,255423,255612,189,1
255400,255400,255613,213,0
255616,255616,255617,1,0
255616,255616,255617,1,0
255616,255616,255617,1,0
255616,255616,255618,2,0
255616,255616,255618,2,0
255616,255616,255618,2,0
255616,255616,255618,2,0
255616,255616,255618,2,0
255616,255616,255618,2,0
255616,255616,255618,2,0
255616,255616,255617,1,0
255616,255616,255618,2,0
255616,255616,255618,2,0
255616,255616,255618,2,0
255616,255616,255618,2,0
255616,255616,255618,2,0
255616,255616,255618,2,0
255616,255616,255618,2,0
255616,255616,255618,2,0
255616,255616,255618,2,0
255616,255616,255618,2,0
255616,255616,255618,2,0
255616,255616,255618,2,0
255616,255616,255618,2,0
255616,255616,255618,2,0
255616,255616,255618,2,0
255616,255616,255618,2,0
255616,255616,255618,2,0
255616,255616,255618,2,0
255616,255616,255618,2,0
255616,255616,255618,2,0
255616,255616,255618,2,0
255616,255616,255618,2,0
255616,255616,255618,2,0
255616,255616,255618,2,0
255616,255616,255618,2,0
255616,255616,255619,3,0
255616,255616,255618,2,0
255616,255616,255618,2,0
255616,255616,255619,3,0
255616,255616,255619,3,0
255616,255616,255619,3,0
255616,255616,255619,3,0
255616,255616,255619,3,0
255616,255616,255619,3,0
255616,255616,255619,3,0
255616,255616,255619,3,0
255616,255616,255619,3,0
255616,255616,255619,3,0
255616,255617,255619,2,1
255616,255616,255619,3,0
255616,255618,255620,2,2
255616,255618,255620,2,2
255616,255619,255620,1,3
255616,255619,255620,1,3
255616,255619,255621,2,3
255616,255619,255621,2,3
255616,255619,255621,2,3
255616,255619,255621,2,3
255616,255619,255621,2,3
255616,255619,255621,2,3
255616,255619,255620,1,3
255616,255619,255620,1,3
255616,255619,255620,1,3
255616,255619,255620,1,3
255616,255619,255620,1,3
255616,255619,255620,1,3
255616,255619,255621,2,3
255616,255618,255621,3,2
255616,255619,255621,2,3
255616,255619,255621,2,3
255616,255619,255621,2,3
255616,255619,255621,2,3
255616,255619,255621,2,3
255616,255616,255619,3,0
255616,255616,255618,2,0
255616,255616,255618,2,0
255616,255617,255618,1,1
255616,255616,255621,5,0
255616,255616,255622,6,0
255620,255620,255622,2,0
255620,255620,255622,2,0
255620,255620,255622,2,0
255620,255620,255622,2,0
255620,255620,255622,2,0
255620,255620,255622,2,0
255620,255620,255622,2,0
255620,255620,255621,1,0
255620,255620,255622,2,0
255620,255620,255622,2,0
255620,255620,255622,2,0
255620,255620,255622,2,0
255620,255620,255622,2,0
255620,255620,255622,2,0
255620,255621,255623,2,1
255620,255620,255623,3,0
255620,255620,255623,3,0
255620,255620,255623,3,0
255620,255620,255623,3,0
255620,255621,255623,2,1
255620,255620,255623,3,0
255620,255620,255623,3,0
255620,255621,255623,2,1
255620,255621,255623,2,1
255620,255621,255623,2,1
255620,255621,255623,2,1
255620,255621,255623,2,1
255620,255621,255623,2,1
255620,255621,255623,2,1
255620,255621,255623,2,1
255620,255621,255623,2,1
255620,255621,255623,2,1
255620,255621,255623,2,1
255620,255621,255623,2,1
255620,255622,255623,1,2
255620,255622,255624,2,2
255620,255622,255623,1,2
255620,255622,255623,1,2
255616,255616,255622,6,0
255616,255616,255622,6,0
255620,255621,255623,2,1
255616,255619,255625,6,3
255616,255622,255625,3,6
255620,255620,255631,11,0
255629,255629,255630,1,0
255629,255629,255631,2,0
255629,255629,255631,2,0
255629,255629,255630,1,0
255629,255629,255630,1,0
255629,255629,255631,2,0
255629,255629,255631,2,0
255629,255629,255631,2,0
255629,255629,255631,2,0
255629,255629,255630,1,0
255629,255629,255630,1,0
255629,255629,255630,1,0
255629,255629,255631,2,0
255629,255629,255630,1,0
255629,255629,255631,2,0
255629,255629,255630,1,0
255629,255629,255630,1,0
255629,255629,255630,1,0
255629,255629,255631,2,0
255629,255629,255630,1,0
255629,255629,255631,2,0
255629,255629,255631,2,0
255629,255629,255631,2,0
255629,255629,255631,2,0
255629,255629,255631,2,0
255629,255629,255631,2,0
255629,255629,255631,2,0
255629,255629,255631,2,0
255629,255629,255631,2,0
255629,255629,255631,2,0
255629,255629,255631,2,0
255629,255629,255631,2,0
255629,255629,255631,2,0
255629,255629,255631,2,0
255629,255629,255631,2,0
255629,255629,255631,2,0
255629,255629,255631,2,0
255629,255629,255631,2,0
255629,255629,255634,5,0
255620,255620,255637,17,0
255620,255620,255637,17,0
255620,255620,255637,17,0
255620,255621,255637,16,1
255629,255629,255637,8,0
255629,255629,255637,8,0
255629,255629,255637,8,0
255629,255629,255637,8,0
255620,255621,255637,16,1
255629,255629,255642,13,0
255629,255629,255642,13,0
255616,255616,255650,34,0
255616,255616,255653,37,0
255616,255616,255653,37,0
255616,255616,255654,38,0
255616,255616,255654,38,0
255616,255616,255653,37,0
255489,255489,255675,186,0
255483,255483,255676,193,0
255677,255678,255679,1,1
255677,255678,255679,1,1
255677,255678,255679,1,1
255677,255678,255679,1,1
255677,255678,255679,1,1
255677,255678,255680,2,1
255677,255678,255679,1,1
255677,255678,255679,1,1
255677,255678,255679,1,1
255677,255678,255680,2,1
255677,255678,255679,1,1
255677,255678,255679,1,1
255677,255678,255679,1,1
255677,255678,255679,1,1
255677,255678,255679,1,1
255677,255678,255679,1,1
255677,255678,255679,1,1
255677,255678,255679,1,1
255677,255678,255679,1,1
255677,255678,255680,2,1
255677,255678,255679,1,1
255677,255678,255679,1,1
255677,255678,255679,1,1
255677,255678,255679,1,1
255677,255678,255680,2,1
255677,255678,255680,2,1
255677,255678,255679,1,1
255677,255678,255680,2,1
255677,255678,255679,1,1
255677,255678,255679,1,1
255677,255678,255679,1,1
255677,255678,255680,2,1
255677,255678,255679,1,1
255677,255679,255680,1,2
255677,255679,255680,1,2
255677,255678,255680,2,1
255677,255678,255680,2,1
255677,255678,255680,2,1
255677,255678,255680,2,1
255677,255678,255680,2,1
255677,255678,255680,2,1
255677,255678,255680,2,1
255677,255679,255680,1,2
255677,255679,255680,1,2
255677,255679,255681,2,2
255681,255681,255682,1,0
255681,255681,255683,2,0
255681,255681,255683,2,0
255681,255681,255683,2,0
255681,255681,255683,2,0
255681,255681,255683,2,0
255681,255681,255683,2,0
255681,255681,255683,2,0
255681,255681,255683,2,0
255681,255681,255683,2,0
255681,255681,255683,2,0
255681,255681,255683,2,0
255681,255681,255683,2,0
255681,255681,255682,1,0
255681,255681,255683,2,0
255681,255681,255683,2,0
255681,255681,255683,2,0
255681,255681,255682,1,0
255681,255681,255683,2,0
255681,255681,255683,2,0
255681,255681,255683,2,0
255681,255681,255683,2,0
255681,255681,255682,1,0
255681,255681,255683,2,0
255681,255681,255683,2,0
255681,255681,255683,2,0
255681,255681,255683,2,0
255681,255681,255683,2,0
255681,255681,255683,2,0
255681,255681,255683,2,0
255681,255681,255683,2,0
255681,255681,255682,1,0
255681,255681,255682,1,0
255681,255681,255683,2,0
255681,255681,255683,2,0
255681,255681,255683,2,0
255681,255681,255683,2,0
255681,255681,255683,2,0
255491,255492,255682,190,1
255681,255681,255682,1,0
255681,255681,255683,2,0
255681,255681,255683,2,0
255681,255681,255683,2,0
255479,255479,255684,205,0
255497,255497,255684,187,0
255684,255684,255685,1,0
255684,255684,255685,1,0
255684,255684,255685,1,0
255684,255684,255685,1,0
255684,255684,255685,1,0
255684,255684,255688,4,0
255684,255684,255688,4,0
255684,255684,255688,4,0
255684,255684,255688,4,0
255684,255684,255688,4,0
255684,255684,255688,4,0
255684,255684,255688,4,0
255684,255684,255688,4,0
255684,255684,255688,4,0
255684,255684,255688,4,0
255684,255684,255688,4,0
255684,255684,255688,4,0
255684,255684,255688,4,0
255684,255684,255688,4,0
255684,255684,255688,4,0
255684,255684,255688,4,0
255684,255684,255688,4,0
255684,255684,255688,4,0
255684,255684,255688,4,0
255684,255684,255688,4,0
255684,255684,255688,4,0
255684,255684,255688,4,0
255684,255684,255688,4,0
255684,255684,255688,4,0
255684,255684,255688,4,0
255684,255684,255688,4,0
255684,255684,255688,4,0
255684,255684,255688,4,0
255688,255688,255689,1,0
255688,255688,255689,1,0
255688,255688,255690,2,0
255688,255688,255690,2,0
255688,255688,255690,2,0
255688,255688,255689,1,0
255688,255688,255690,2,0
255688,255688,255690,2,0
255688,255688,255690,2,0
255688,255688,255690,2,0
255688,255688,255690,2,0
255688,255688,255689,1,0
255688,255688,255689,1,0
255688,255688,255690,2,0
255688,255688,255690,2,0
255688,255688,255690,2,0
255688,255688,255690,2,0
255688,255688,255690,2,0
255688,255688,255690,2,0
255688,255688,255690,2,0
255688,255688,255690,2,0
255688,255688,255690,2,0
255688,255688,255690,2,0
255688,255688,255690,2,0
255688,255688,255690,2,0
255688,255688,255690,2,0
255688,255688,255690,2,0
255688,255689,255690,1,1
255688,255689,255690,1,1
255688,255688,255690,2,0
255688,255688,255690,2,0
255688,255688,255690,2,0
255688,255688,255690,2,0
255688,255688,255690,2,0
255688,255689,255690,1,1
255688,255688,255690,2,0
255688,255688,255690,2,0
255688,255688,255690,2,0
255688,255688,255690,2,0
255688,255688,255690,2,0
255688,255688,255690,2,0
255688,255688,255690,2,0
255688,255688,255690,2,0
255688,255688,255691,3,0
255688,255688,255691,3,0
255688,255690,255691,1,2
255688,255690,255691,1,2
255688,255691,255692,1,3
255688,255691,255692,1,3
255681,255681,255692,11,0
255684,255684,255692,8,0
255688,255691,255692,1,3
255688,255691,255692,1,3
255688,255691,255692,1,3
255688,255691,255693,2,3
255688,255691,255693,2,3
255688,255691,255693,2,3
255688,255691,255692,1,3
255688,255691,255692,1,3
255688,255691,255693,2,3
255688,255691,255693,2,3
255688,255691,255693,2,3
255688,255691,255693,2,3
255688,255691,255692,1,3
255688,255691,255693,2,3
255688,255691,255693,2,3
255688,255691,255693,2,3
255688,255691,255693,2,3
255688,255691,255693,2,3
255688,255691,255692,1,3
255688,255691,255692,1,3
255688,255691,255693,2,3
255688,255691,255693,2,3
255688,255691,255693,2,3
255688,255691,255693,2,3
255688,255691,255693,2,3
255688,255691,255693,2,3
255688,255691,255693,2,3
255688,255691,255693,2,3
255688,255691,255693,2,3
255688,255691,255693,2,3
255688,255691,255693,2,3
255688,255691,255693,2,3
255688,255691,255693,2,3
255688,255691,255693,2,3
255688,255691,255693,2,3
255688,255691,255693,2,3
255688,255691,255693,2,3
255688,255691,255693,2,3
255684,255684,255694,10,0
255684,255684,255694,10,0
255681,255681,255694,13,0
255681,255681,255694,13,0
255684,255684,255694,10,0
255684,255684,255694,10,0
255684,255684,255695,11,0
255684,255684,255695,11,0
255684,255684,255695,11,0
255684,255684,255695,11,0
255688,255688,255695,7,0
255684,255684,255695,11,0
255684,255684,255695,11,0
255684,255684,255695,11,0
255688,255688,255695,7,0
255688,255688,255695,7,0
255544,255545,255713,168,1
255714,255714,255716,2,0
255714,255714,255716,2,0
255714,255715,255717,2,1
255714,255714,255716,2,0
255714,255715,255716,1,1
255714,255715,255717,2,1
255714,255715,255717,2,1
255714,255715,255717,2,1
255714,255715,255717,2,1
255714,255714,255716,2,0
255714,255715,255716,1,1
255714,255715,255717,2,1
255714,255715,255717,2,1
255714,255715,255717,2,1
255714,255714,255716,2,0
255714,255715,255717,2,1
255714,255715,255717,2,1
255714,255714,255717,3,0
255714,255715,255717,2,1
255714,255715,255717,2,1
255714,255714,255717,3,0
255714,255715,255717,2,1
255714,255715,255717,2,1
255714,255715,255717,2,1
255714,255715,255717,2,1
255714,255715,255717,2,1
255714,255715,255717,2,1
255714,255715,255717,2,1
255714,255715,255717,2,1
255714,255715,255717,2,1
255714,255714,255717,3,0
255714,255715,255717,2,1
255714,255715,255717,2,1
255714,255715,255717,2,1
255546,255546,255717,171,0
255714,255715,255717,2,1
255714,255715,255717,2,1
255714,255715,255717,2,1
255714,255715,255717,2,1
255714,255715,255717,2,1
255714,255715,255718,3,1
255714,255715,255718,3,1
255714,255715,255718,3,1
255714,255715,255718,3,1
255714,255715,255718,3,1
255714,255715,255718,3,1
255718,255718,255719,1,0
255718,255718,255719,1,0
255718,255718,255719,1,0
255718,255718,255719,1,0
255718,255718,255719,1,0
255718,255718,255719,1,0
255718,255718,255720,2,0
255718,255718,255720,2,0
255718,255718,255720,2,0
255718,255718,255720,2,0
255718,255718,255720,2,0
255718,255718,255720,2,0
255718,255719,255720,1,1
255718,255718,255719,1,0
255718,255718,255720,2,0
255718,255718,255720,2,0
255718,255719,255720,1,1
255718,255718,255720,2,0
255718,255718,255720,2,0
255718,255718,255720,2,0
255718,255719,255720,1,1
255718,255718,255720,2,0
255718,255718,255720,2,0
255718,255718,255720,2,0
255718,255719,255720,1,1
255718,255718,255719,1,0
255718,255718,255720,2,0
255718,255718,255720,2,0
255718,255718,255720,2,0
255718,255719,255720,1,1
255718,255718,255720,2,0
255718,255718,255720,2,0
255718,255719,255721,2,1
255718,255719,255721,2,1
255718,255719,255720,1,1
255718,255719,255720,1,1
255718,255719,255721,2,1
255718,255719,255721,2,1
255718,255719,255721,2,1
255718,255719,255721,2,1
255569,255569,255722,153,0
255723,255723,255724,1,0
255723,255723,255725,2,0
255723,255723,255725,2,0
255723,255723,255725,2,0
255723,255723,255725,2,0
255723,255723,255725,2,0
255723,255723,255725,2,0
255723,255723,255725,2,0
255723,255723,255725,2,0
255723,255723,255725,2,0
255723,255723,255725,2,0
255723,255723,255725,2,0
255723,255723,255725,2,0
255723,255723,255725,2,0
255723,255723,255725,2,0
255723,255723,255725,2,0
255723,255723,255725,2,0
255723,255723,255725,2,0
255723,255723,255725,2,0
255723,255723,255725,2,0
255723,255723,255725,2,0
255723,255723,255725,2,0
255723,255723,255725,2,0
255723,255723,255725,2,0
255723,255723,255725,2,0
255723,255723,255725,2,0
255723,255723,255725,2,0
255723,255723,255725,2,0
255723,255723,255725,2,0
255723,255723,255725,2,0
255723,255723,255725,2,0
255723,255723,255725,2,0
255718,255718,255725,7,0
255718,255718,255725,7,0
255723,255723,255725,2,0
255723,255723,255725,2,0
255723,255723,255725,2,0
255723,255724,255726,2,1
255723,255724,255726,2,1
255723,255724,255726,2,1
255723,255723,255725,2,0
255723,255723,255726,3,0
255723,255723,255726,3,0
255723,255723,255726,3,0
255723,255723,255725,2,0
255718,255718,255733,15,0
255718,255719,255734,15,1
255718,255718,255735,17,0
255563,255564,255736,172,1
255723,255723,255738,15,0
255723,255723,255739,16,0
255737,255738,255739,1,1
255737,255738,255739,1,1
255737,255738,255739,1,1
255737,255738,255739,1,1
255737,255738,255739,1,1
255737,255738,255739,1,1
255737,255738,255739,1,1
255737,255738,255739,1,1
255737,255738,255739,1,1
255737,255738,255739,1,1
255737,255738,255739,1,1
255737,255738,255739,1,1
255737,255738,255739,1,1
255737,255738,255739,1,1
255737,255738,255739,1,1
255737,255738,255739,1,1
255737,255738,255739,1,1
255737,255738,255740,2,1
255737,255738,255739,1,1
255737,255738,255739,1,1
255737,255738,255739,1,1
255737,255738,255739,1,1
255737,255738,255739,1,1
255737,255738,255739,1,1
255737,255738,255739,1,1
255737,255738,255739,1,1
255737,255738,255739,1,1
255737,255738,255739,1,1
255737,255738,255739,1,1
255737,255738,255739,1,1
255737,255738,255740,2,1
255737,255738,255740,2,1
255737,255738,255740,2,1
255737,255738,255740,2,1
255737,255738,255740,2,1
255737,255738,255740,2,1
255737,255738,255740,2,1
255737,255738,255741,3,1
255737,255738,255740,2,1
255737,255738,255741,3,1
255565,255565,255744,179,0
255617,255619,255744,125,2
255744,255744,255746,2,0
255744,255744,255746,2,0
255744,255744,255745,1,0
255744,255744,255746,2,0
255744,255744,255746,2,0
255744,255744,255746,2,0
255744,255744,255745,1,0
255744,255744,255746,2,0
255744,255744,255746,2,0
255744,255744,255746,2,0
255744,255744,255746,2,0
255744,255744,255747,3,0
255744,255744,255747,3,0
255744,255744,255747,3,0
255744,255744,255747,3,0
255744,255744,255747,3,0
255744,255744,255747,3,0
255744,255744,255747,3,0
255744,255744,255747,3,0
255737,255738,255747,9,1
255737,255738,255747,9,1
255744,255744,255747,3,0
255744,255744,255747,3,0
255744,255744,255747,3,0
255744,255744,255747,3,0
255744,255744,255747,3,0
255744,255744,255747,3,0
255744,255744,255747,3,0
255744,255744,255747,3,0
255744,255744,255747,3,0
255744,255744,255747,3,0
255744,255744,255747,3,0
255744,255744,255747,3,0
255744,255745,255747,2,1
255744,255745,255747,2,1
255744,255745,255747,2,1
255744,255744,255747,3,0
255744,255744,255747,3,0
255737,255738,255747,9,1
255737,255738,255747,9,1
255737,255738,255747,9,1
255744,255744,255748,4,0
255747,255747,255749,2,0
255747,255747,255748,1,0
255747,255747,255749,2,0
255747,255747,255749,2,0
255747,255747,255749,2,0
255747,255747,255748,1,0
255747,255747,255749,2,0
255747,255747,255748,1,0
255747,255747,255749,2,0
255747,255747,255749,2,0
255747,255747,255749,2,0
255747,255747,255748,1,0
255747,255747,255749,2,0
255747,255747,255748,1,0
255747,255747,255749,2,0
255747,255747,255749,2,0
255747,255747,255749,2,0
255630,255630,255749,119,0
255747,255747,255748,1,0
255747,255747,255749,2,0
255747,255747,255749,2,0
255747,255747,255749,2,0
255747,255747,255749,2,0
255747,255747,255749,2,0
255747,255747,255749,2,0
255576,255581,255749,168,5
255747,255747,255749,2,0
255747,255747,255749,2,0
255747,255747,255749,2,0
255747,255747,255749,2,0
255747,255747,255750,3,0
255747,255747,255749,2,0
255747,255747,255749,2,0
255747,255747,255749,2,0
255747,255747,255749,2,0
255747,255748,255749,1,1
255747,255748,255749,1,1
255747,255748,255749,1,1
255747,255747,255750,3,0
255747,255747,255750,3,0
255747,255747,255749,2,0
255747,255747,255749,2,0
255747,255747,255749,2,0
255750,255750,255751,1,0
255750,255750,255751,1,0
255750,255750,255751,1,0
255750,255750,255751,1,0
255750,255750,255752,2,0
255750,255750,255752,2,0
255750,255750,255752,2,0
255750,255750,255752,2,0
255494,255494,255751,257,0
255519,255519,255751,232,0
255750,255750,255751,1,0
255750,255750,255752,2,0
255750,255750,255751,1,0
255750,255750,255752,2,0
255750,255750,255752,2,0
255750,255750,255752,2,0
255750,255750,255751,1,0
255750,255750,255752,2,0
255750,255750,255752,2,0
255750,255750,255751,1,0
255750,255750,255752,2,0
255750,255750,255752,2,0
255744,255744,255752,8,0
255750,255750,255752,2,0
255750,255750,255752,2,0
255750,255750,255752,2,0
255750,255750,255752,2,0
255750,255750,255752,2,0
255750,255750,255752,2,0
255750,255750,255752,2,0
255750,255750,255752,2,0
255750,255750,255751,1,0
255750,255750,255751,1,0
255750,255750,255752,2,0
255750,255750,255752,2,0
255750,255750,255752,2,0
255750,255750,255752,2,0
255744,255744,255753,9,0
255750,255752,255753,1,2
255750,255752,255753,1,2
255750,255750,255752,2,0
255750,255750,255753,3,0
255750,255750,255752,2,0
255750,255750,255752,2,0
255750,255750,255753,3,0
255750,255750,255752,2,0
255750,255750,255752,2,0
255750,255750,255752,2,0
255750,255750,255752,2,0
255750,255750,255752,2,0
255750,255750,255752,2,0
255750,255750,255752,2,0
255750,255752,255754,2,2
255750,255752,255754,2,2
255750,255752,255754,2,2
255750,255752,255754,2,2
255750,255752,255754,2,2
255750,255752,255753,1,2
255750,255752,255753,1,2
255750,255752,255753,1,2
255750,255752,255754,2,2
255744,255744,255754,10,0
255744,255744,255754,10,0
255750,255752,255753,1,2
255750,255752,255754,2,2
255750,255752,255753,1,2
255750,255752,255754,2,2
255750,255752,255754,2,2
255750,255753,255754,1,3
255750,255752,255754,2,2
255750,255752,255755,3,2
255750,255752,255754,2,2
255750,255753,255754,1,3
255750,255753,255754,1,3
255750,255753,255755,2,3
255750,255753,255754,1,3
255750,255753,255754,1,3
255750,255753,255754,1,3
255750,255753,255754,1,3
255750,255752,255754,2,2
255750,255752,255754,2,2
255750,255752,255754,2,2
255750,255752,255754,2,2
255750,255752,255754,2,2
255750,255752,255755,3,2
255750,255752,255755,3,2
255750,255752,255755,3,2
255750,255752,255756,4,2
255754,255754,255757,3,0
255754,255754,255757,3,0
255754,255754,255757,3,0
255744,255744,255757,13,0
255754,255754,255757,3,0
255754,255754,255757,3,0
255750,255752,255757,5,2
255747,255747,255758,11,0
255744,255744,255758,14,0
255754,255754,255758,4,0
255754,255754,255758,4,0
255754,255754,255758,4,0
255754,255754,255758,4,0
255754,255754,255758,4,0
255754,255754,255758,4,0
255744,255744,255759,15,0
255754,255755,255759,4,1
255754,255755,255760,5,1
255754,255755,255760,5,1
255754,255755,255760,5,1
255754,255755,255760,5,1
255756,255757,255760,3,1
255756,255757,255760,3,1
255756,255757,255760,3,1
255754,255755,255761,6,1
255756,255757,255761,4,1
255754,255755,255762,7,1
255744,255744,255762,18,0
255756,255757,255762,5,1
255754,255755,255762,7,1
255754,255755,255763,8,1
255754,255755,255763,8,1
255747,255747,255763,16,0
255756,255759,255763,4,3
255756,255759,255763,4,3
255756,255759,255764,5,3
255754,255756,255764,8,2
255754,255755,255763,8,1
255754,255755,255764,9,1
255754,255755,255764,9,1
255754,255754,255764,10,0
255756,255759,255765,6,3
255756,255759,255764,5,3
255756,255759,255765,6,3
255754,255756,255766,10,2
255756,255757,255765,8,1
255756,255758,255766,8,2
255750,255750,255766,16,0
255750,255750,255766,16,0
255754,255754,255766,12,0
255754,255754,255766,12,0
255754,255754,255766,12,0
255754,255754,255766,12,0
255747,255747,255766,19,0
255747,255747,255766,19,0
255756,255761,255766,5,5
255756,255761,255766,5,5
255756,255761,255766,5,5
255756,255761,255766,5,5
255756,255761,255767,6,5
255756,255761,255766,5,5
255750,255752,255767,15,2
255754,255763,255766,3,9
255754,255763,255766,3,9
255754,255763,255766,3,9
255754,255763,255766,3,9
255756,255762,255767,5,6
255756,255763,255767,4,7
255750,255750,255766,16,0
255750,255750,255766,16,0
255756,255761,255767,6,5
255756,255763,255767,4,7
255756,255763,255767,4,7
255756,255763,255767,4,7
255750,255753,255767,14,3
255754,255754,255767,13,0
255754,255754,255767,13,0
255756,255758,255767,9,2
255754,255755,255767,12,1
255754,255755,255767,12,1
255756,255765,255767,2,9
255754,255754,255767,13,0
255754,255754,255767,13,0
255754,255755,255767,12,1
255754,255755,255767,12,1
255754,255755,255767,12,1
255754,255755,255767,12,1
255756,255757,255767,10,1
255756,255759,255767,8,3
255756,255764,255767,3,8
255756,255764,255767,3,8
255756,255764,255767,3,8
255756,255765,255767,2,9
255756,255765,255768,3,9
255756,255766,255768,2,10
255756,255760,255768,8,4
255756,255764,255767,3,8
255756,255764,255768,4,8
255756,255764,255767,3,8
255756,255764,255768,4,8
255756,255760,255768,8,4
255756,255763,255768,5,7
255756,255760,255783,23,4
255756,255762,255783,21,6
255590,255590,255784,194,0
255593,255593,255784,191,0
255786,255786,255787,1,0
255786,255786,255787,1,0
255786,255786,255787,1,0
255786,255786,255788,2,0
255786,255786,255787,1,0
255786,255786,255787,1,0
255786,255786,255788,2,0
255786,255786,255788,2,0
255786,255786,255787,1,0
255786,255786,255788,2,0
255786,255786,255787,1,0
255786,255786,255787,1,0
255786,255786,255788,2,0
255786,255786,255788,2,0
255786,255786,255788,2,0
255786,255786,255787,1,0
255786,255786,255787,1,0
255786,255786,255788,2,0
255786,255786,255787,1,0
255786,255786,255787,1,0
255786,255786,255787,1,0
255786,255786,255788,2,0
255786,255786,255788,2,0
255788,255788,255789,1,0
255786,255786,255788,2,0
255786,255786,255788,2,0
255786,255786,255788,2,0
255786,255786,255788,2,0
255786,255786,255788,2,0
255786,255786,255788,2,0
255786,255786,255788,2,0
255786,255786,255788,2,0
255786,255786,255788,2,0
255786,255786,255788,2,0
255786,255786,255788,2,0
255788,255788,255790,2,0
255788,255788,255790,2,0
255788,255788,255790,2,0
255788,255788,255790,2,0
255788,255788,255790,2,0
255788,255788,255790,2,0
255788,255788,255790,2,0
255788,255788,255790,2,0
255788,255788,255790,2,0
255788,255788,255789,1,0
255788,255788,255790,2,0
255788,255788,255790,2,0
255788,255788,255790,2,0
255788,255788,255790,2,0
255788,255788,255790,2,0
255788,255788,255789,1,0
255788,255788,255790,2,0
255788,255788,255790,2,0
255788,255788,255790,2,0
255788,255788,255790,2,0
255788,255788,255790,2,0
255788,255788,255790,2,0
255788,255788,255790,2,0
255788,255788,255790,2,0
255788,255788,255790,2,0
255788,255789,255791,2,1
255788,255788,255791,3,0
255788,255789,255791,2,1
255788,255789,255791,2,1
255788,255789,255791,2,1
255788,255789,255790,1,1
255788,255789,255791,2,1
255788,255789,255791,2,1
255788,255788,255791,3,0
255788,255789,255791,2,1
255786,255786,255788,2,0
255786,255786,255788,2,0
255786,255786,255788,2,0
255786,255786,255788,2,0
255786,255786,255788,2,0
255786,255786,255789,3,0
255786,255786,255788,2,0
255788,255795,255796,1,7
255788,255795,255796,1,7
255756,255764,255797,33,8
255788,255795,255797,2,7
255622,255622,255800,178,0
255788,255788,255802,14,0
255803,255803,255805,2,0
255803,255803,255805,2,0
255803,255803,255805,2,0
255803,255803,255805,2,0
255803,255803,255805,2,0
255803,255803,255804,1,0
255803,255803,255805,2,0
255803,255803,255805,2,0
255803,255803,255805,2,0
255803,255803,255805,2,0
255803,255803,255805,2,0
255803,255803,255805,2,0
255803,255803,255805,2,0
255803,255803,255805,2,0
255803,255803,255805,2,0
255803,255803,255805,2,0
255803,255803,255805,2,0
255803,255803,255805,2,0
255803,255803,255805,2,0
255803,255803,255805,2,0
255803,255803,255805,2,0
255803,255803,255805,2,0
255803,255803,255805,2,0
255803,255803,255805,2,0
255803,255803,255805,2,0
255803,255803,255805,2,0
255803,255803,255805,2,0
255803,255803,255805,2,0
255803,255803,255805,2,0
255803,255803,255805,2,0
255803,255803,255806,3,0
255803,255803,255805,2,0
255803,255803,255806,3,0
255803,255803,255806,3,0
255803,255803,255806,3,0
255786,255786,255811,25,0
255786,255786,255811,25,0
255786,255786,255811,25,0
255786,255786,255811,25,0
255788,255788,255811,23,0
255803,255803,255811,8,0
255788,255788,255811,23,0
255685,255685,255811,126,0
255803,255803,255811,8,0
255573,255575,255811,236,2
255632,255632,255811,179,0
255788,255788,255812,24,0
255788,255788,255812,24,0
255788,255789,255812,23,1
255803,255803,255813,10,0
255803,255803,255813,10,0
255803,255803,255815,12,0
255803,255803,255815,12,0
255803,255803,255815,12,0
255803,255803,255815,12,0
255803,255803,255815,12,0
255803,255803,255815,12,0
255814,255814,255815,1,0
255814,255814,255816,2,0
255814,255814,255816,2,0
255814,255814,255816,2,0
255814,255814,255816,2,0
255814,255814,255816,2,0
255814,255814,255816,2,0
255814,255814,255816,2,0
255814,255814,255815,1,0
255814,255814,255816,2,0
255814,255814,255816,2,0
255814,255814,255816,2,0
255814,255814,255816,2,0
255814,255814,255816,2,0
255814,255814,255816,2,0
255814,255814,255816,2,0
255814,255815,255816,1,1
255814,255815,255816,1,1
255814,255815,255816,1,1
255814,255814,255816,2,0
255814,255814,255816,2,0
255814,255814,255816,2,0
255814,255814,255816,2,0
255814,255815,255816,1,1
255814,255815,255816,1,1
255814,255814,255816,2,0
255814,255814,255816,2,0
255814,255814,255816,2,0
255814,255814,255816,2,0
255814,255815,255816,1,1
255814,255814,255816,2,0
255814,255814,255816,2,0
255814,255815,255816,1,1
255814,255816,255817,1,2
255814,255814,255816,2,0
255814,255814,255816,2,0
255814,255814,255816,2,0
255814,255814,255816,2,0
255814,255815,255816,1,1
255814,255814,255816,2,0
255814,255814,255816,2,0
255814,255814,255816,2,0
255814,255814,255816,2,0
255814,255815,255816,1,1
255814,255815,255816,1,1
255814,255816,255817,1,2
255814,255816,255817,1,2
255814,255816,255817,1,2
255814,255816,255817,1,2
255814,255816,255817,1,2
255814,255816,255817,1,2
255814,255816,255817,1,2
255814,255816,255817,1,2
255814,255816,255817,1,2
255814,255816,255817,1,2
255814,255816,255817,1,2
255814,255816,255817,1,2
255814,255816,255817,1,2
255814,255816,255817,1,2
255814,255816,255817,1,2
255814,255816,255817,1,2
255814,255816,255817,1,2
255814,255816,255817,1,2
255814,255814,255817,3,0
255814,255816,255818,2,2
255814,255816,255818,2,2
255814,255816,255818,2,2
255814,255816,255818,2,2
255814,255816,255818,2,2
255814,255817,255818,1,3
255814,255817,255819,2,3
255814,255817,255819,2,3
255814,255817,255818,1,3
255814,255817,255818,1,3
255814,255817,255819,2,3
255814,255817,255819,2,3
255814,255817,255819,2,3
255814,255817,255819,2,3
255814,255817,255819,2,3
255814,255817,255819,2,3
255814,255817,255819,2,3
255814,255817,255820,3,3
255814,255817,255822,5,3
255821,255821,255823,2,0
255821,255821,255823,2,0
255821,255821,255823,2,0
255821,255821,255823,2,0
255821,255821,255823,2,0
255821,255821,255823,2,0
255821,255821,255823,2,0
255821,255821,255823,2,0
255821,255821,255823,2,0
255821,255821,255823,2,0
255821,255821,255823,2,0
255821,255821,255823,2,0
255821,255821,255823,2,0
255821,255821,255823,2,0
255821,255821,255823,2,0
255821,255821,255823,2,0
255821,255821,255823,2,0
255821,255821,255823,2,0
255821,255821,255823,2,0
255821,255821,255823,2,0
255821,255821,255823,2,0
255821,255821,255824,3,0
255821,255821,255824,3,0
255821,255821,255823,2,0
255821,255821,255824,3,0
255821,255821,255823,2,0
255821,255821,255823,2,0
255821,255821,255824,3,0
255821,255821,255823,2,0
255821,255821,255823,2,0
255821,255821,255823,2,0
255821,255821,255823,2,0
255821,255821,255824,3,0
255821,255821,255823,2,0
255821,255821,255823,2,0
255821,255821,255823,2,0
255821,255821,255823,2,0
255821,255821,255823,2,0
255821,255821,255823,2,0
255821,255821,255824,3,0
255821,255821,255823,2,0
255814,255814,255831,17,0
255814,255814,255831,17,0
255814,255814,255831,17,0
255814,255814,255831,17,0
255814,255814,255831,17,0
255814,255814,255831,17,0
255689,255691,255838,147,2
255821,255821,255838,17,0
255682,255682,255838,156,0
255680,255680,255840,160,0
255821,255821,255841,20,0
255821,255821,255841,20,0
255724,255724,255841,117,0
255840,255841,255842,1,1
255840,255841,255842,1,1
255840,255841,255842,1,1
255840,255841,255843,2,1
255840,255841,255842,1,1
255840,255841,255842,1,1
255840,255841,255842,1,1
255840,255841,255842,1,1
255840,255841,255843,2,1
255840,255841,255843,2,1
255840,255841,255843,2,1
255840,255841,255842,1,1
255840,255841,255842,1,1
255840,255841,255842,1,1
255840,255841,255842,1,1
255840,255841,255842,1,1
255840,255841,255842,1,1
255840,255841,255842,1,1
255840,255841,255843,2,1
255840,255841,255843,2,1
255840,255841,255843,2,1
255840,255841,255842,1,1
255840,255841,255842,1,1
255840,255841,255843,2,1
255840,255841,255843,2,1
255840,255841,255843,2,1
255840,255841,255843,2,1
255842,255842,255843,1,0
255821,255821,255843,22,0
255840,255841,255842,1,1
255840,255841,255843,2,1
255840,255841,255842,1,1
255842,255842,255843,1,0
255720,255720,255842,122,0
255840,255841,255842,1,1
255840,255841,255842,1,1
255840,255841,255842,1,1
255840,255841,255842,1,1
255840,255841,255842,1,1
255840,255841,255842,1,1
255840,255841,255842,1,1
255842,255842,255843,1,0
255842,255842,255843,1,0
255842,255842,255843,1,0
255842,255842,255843,1,0
255842,255842,255843,1,0
255842,255842,255844,2,0
255842,255842,255844,2,0
255842,255842,255844,2,0
255842,255842,255844,2,0
255842,255842,255844,2,0
255842,255842,255844,2,0
255842,255842,255844,2,0
255840,255841,255844,3,1
255842,255842,255844,2,0
255842,255842,255844,2,0
255842,255842,255844,2,0
255842,255844,255845,1,2
255842,255844,255846,2,2
255842,255844,255846,2,2
255842,255844,255845,1,2
255843,255844,255845,1,1
255843,255844,255845,1,1
255842,255844,255845,1,2
255842,255844,255845,1,2
255842,255844,255846,2,2
255842,255844,255846,2,2
255842,255844,255846,2,2
255843,255844,255845,1,1
255843,255844,255846,2,1
255842,255844,255845,1,2
255842,255844,255845,1,2
255842,255844,255846,2,2
255842,255844,255846,2,2
255842,255844,255846,2,2
255843,255844,255845,1,1
255843,255844,255845,1,1
255843,255844,255846,2,1
255842,255844,255845,1,2
255842,255844,255845,1,2
255842,255844,255846,2,2
255842,255844,255845,1,2
255843,255844,255845,1,1
255843,255844,255846,2,1
255842,255844,255846,2,2
255842,255844,255845,1,2
255842,255844,255846,2,2
255843,255844,255845,1,1
255843,255844,255846,2,1
255842,255844,255846,2,2
255842,255844,255845,1,2
255843,255844,255845,1,1
255843,255844,255845,1,1
255843,255844,255846,2,1
255842,255844,255846,2,2
255842,255844,255846,2,2
255843,255844,255845,1,1
255843,255845,255846,1,2
255692,255692,255846,154,0
255843,255844,255845,1,1
255843,255844,255845,1,1
255843,255844,255845,1,1
255843,255844,255845,1,1
255843,255844,255846,2,1
255840,255841,255845,4,1
255842,255844,255846,2,2
255843,255845,255846,1,2
255842,255844,255846,2,2
255843,255845,255846,1,2
255843,255845,255846,1,2
255843,255845,255846,1,2
255843,255845,255846,1,2
255843,255846,255847,1,3
255843,255846,255847,1,3
255843,255846,255847,1,3
255843,255846,255848,2,3
255843,255846,255848,2,3
255843,255846,255848,2,3
255843,255846,255848,2,3
255843,255846,255848,2,3
255843,255846,255848,2,3
255845,255846,255847,1,1
255845,255846,255848,2,1
255845,255846,255848,2,1
255845,255846,255848,2,1
255843,255846,255847,1,3
255845,255846,255847,1,1
255845,255846,255847,1,1
255845,255846,255847,1,1
255843,255846,255848,2,3
255843,255846,255848,2,3
255843,255846,255847,1,3
255845,255846,255848,2,1
255845,255846,255848,2,1
255845,255846,255848,2,1
255845,255846,255848,2,1
255845,255846,255848,2,1
255845,255846,255847,1,1
255845,255846,255848,2,1
255845,255846,255848,2,1
255845,255846,255848,2,1
255845,255846,255848,2,1
255845,255846,255848,2,1
255845,255846,255848,2,1
255845,255846,255848,2,1
255845,255846,255848,2,1
255845,255846,255848,2,1
255845,255846,255848,2,1
255845,255846,255848,2,1
255845,255846,255848,2,1
255845,255846,255848,2,1
255845,255847,255848,1,2
255845,255846,255848,2,1
255845,255847,255849,2,2
255845,255847,255849,2,2
255845,255847,255849,2,2
255845,255847,255849,2,2
255845,255848,255849,1,3
255845,255848,255850,2,3
255845,255848,255850,2,3
255845,255848,255850,2,3
255845,255848,255850,2,3
255845,255848,255850,2,3
255845,255848,255849,1,3
255846,255848,255849,1,2
255846,255848,255849,1,2
255846,255848,255849,1,2
255846,255848,255850,2,2
255846,255848,255850,2,2
255846,255848,255850,2,2
255846,255848,255850,2,2
255846,255848,255850,2,2
255846,255848,255850,2,2
255846,255848,255850,2,2
255846,255848,255850,2,2
255846,255848,255850,2,2
255846,255848,255850,2,2
255846,255848,255850,2,2
255846,255848,255850,2,2
255846,255848,255850,2,2
255846,255848,255850,2,2
255846,255848,255850,2,2
255846,255848,255850,2,2
255846,255848,255850,2,2
255846,255848,255850,2,2
255846,255848,255850,2,2
255846,255848,255850,2,2
255846,255848,255850,2,2
255846,255848,255850,2,2
255846,255849,255850,1,3
255846,255849,255851,2,3
255846,255848,255851,3,2
255848,255851,255852,1,3
255848,255851,255852,1,3
255846,255850,255851,1,4
255846,255850,255851,1,4
255846,255850,255851,1,4
255846,255849,255851,2,3
255846,255850,255851,1,4
255846,255850,255851,1,4
255843,255844,255846,2,1
255846,255850,255851,1,4
255846,255850,255852,2,4
255846,255850,255852,2,4
255846,255850,255852,2,4
255846,255850,255852,2,4
255846,255850,255852,2,4
255846,255850,255852,2,4
255848,255850,255852,2,2
255848,255850,255852,2,2
255848,255850,255852,2,2
255848,255850,255852,2,2
255848,255851,255852,1,3
255848,255851,255852,1,3
255848,255851,255852,1,3
255848,255851,255852,1,3
255848,255851,255852,1,3
255848,255851,255852,1,3
255848,255851,255852,1,3
255848,255851,255852,1,3
255848,255851,255852,1,3
255848,255851,255852,1,3
255848,255851,255852,1,3
255848,255851,255852,1,3
255848,255851,255852,1,3
255848,255851,255852,1,3
255848,255851,255852,1,3
255848,255851,255852,1,3
255848,255851,255852,1,3
255845,255847,255853,6,2
255845,255847,255853,6,2
255846,255848,255853,5,2
255848,255852,255853,1,4
255848,255852,255853,1,4
255848,255852,255853,1,4
255848,255852,255853,1,4
255848,255852,255853,1,4
255848,255852,255853,1,4
255848,255852,255853,1,4
255848,255852,255853,1,4
255848,255852,255853,1,4
255848,255852,255853,1,4
255848,255852,255853,1,4
255848,255852,255853,1,4
255843,255852,255853,1,9
255843,255852,255853,1,9
255843,255852,255854,2,9
255845,255852,255853,1,7
255845,255852,255853,1,7
255845,255852,255853,1,7
255848,255852,255853,1,4
255848,255852,255854,2,4
255848,255852,255854,2,4
255848,255852,255854,2,4
255848,255852,255854,2,4
255848,255852,255854,2,4
255848,255852,255854,2,4
255846,255848,255854,6,2
255846,255848,255854,6,2
255846,255848,255854,6,2
255842,255844,255854,10,2
255843,255845,255854,9,2
255843,255845,255854,9,2
255845,255846,255854,8,1
255840,255841,255855,14,1
255840,255841,255855,14,1
255840,255841,255855,14,1
255840,255841,255856,15,1
255840,255841,255856,15,1
255840,255841,255856,15,1
255662,255664,255858,194,2
255716,255716,255861,145,0
255857,255859,255866,7,2
255889,255889,255891,2,0
255889,255889,255891,2,0
255889,255889,255891,2,0
255889,255889,255891,2,0
255889,255889,255891,2,0
255889,255889,255892,3,0
255889,255889,255892,3,0
255889,255889,255892,3,0
255889,255889,255892,3,0
255889,255889,255892,3,0
255889,255889,255892,3,0
255889,255889,255892,3,0
255889,255889,255892,3,0
255889,255889,255892,3,0
255889,255889,255892,3,0
255889,255889,255892,3,0
255889,255889,255892,3,0
255889,255889,255892,3,0
255889,255889,255892,3,0
255889,255889,255892,3,0
255889,255889,255892,3,0
255889,255889,255892,3,0
255889,255889,255892,3,0
255889,255889,255892,3,0
255889,255889,255892,3,0
255889,255889,255892,3,0
255889,255889,255892,3,0
255889,255889,255892,3,0
255889,255889,255893,4,0
255889,255889,255893,4,0
255889,255889,255893,4,0
255889,255889,255893,4,0
255889,255889,255893,4,0
255889,255889,255895,6,0
255889,255889,255896,7,0
255889,255889,255897,8,0
255889,255889,255896,7,0
255889,255889,255897,8,0
255889,255889,255897,8,0
255889,255889,255897,8,0
255889,255889,255897,8,0
255889,255889,255898,9,0
255748,255748,255914,166,0
255848,255853,255916,63,5
255916,255916,255918,2,0
255916,255916,255918,2,0
255916,255916,255918,2,0
255916,255916,255918,2,0
255916,255916,255917,1,0
255916,255916,255917,1,0
255916,255916,255918,2,0
255916,255916,255918,2,0
255916,255916,255918,2,0
255916,255916,255918,2,0
255916,255916,255918,2,0
255916,255916,255918,2,0
255916,255916,255918,2,0
255916,255916,255918,2,0
255916,255916,255918,2,0
255916,255916,255918,2,0
255916,255916,255918,2,0
255916,255916,255918,2,0
255916,255916,255918,2,0
255916,255916,255918,2,0
255916,255916,255918,2,0
255916,255916,255918,2,0
255916,255916,255918,2,0
255916,255916,255918,2,0
255916,255916,255918,2,0
255916,255916,255918,2,0
255916,255916,255918,2,0
255916,255916,255918,2,0
255916,255916,255919,3,0
255916,255916,255918,2,0
255916,255916,255919,3,0
255916,255916,255919,3,0
255916,255916,255918,2,0
255916,255916,255918,2,0
255916,255916,255918,2,0
255916,255916,255919,3,0
255916,255916,255918,2,0
255916,255916,255918,2,0
255916,255916,255919,3,0
255916,255917,255919,2,1
255916,255917,255919,2,1
255916,255916,255923,7,0
255751,255753,255923,170,2
255916,255916,255924,8,0
255916,255916,255924,8,0
255916,255916,255923,7,0
255925,255925,255926,1,0
255925,255925,255926,1,0
255925,255925,255926,1,0
255925,255925,255926,1,0
255925,255925,255926,1,0
255925,255925,255926,1,0
255925,255925,255926,1,0
255925,255925,255926,1,0
255925,255925,255926,1,0
255925,255925,255926,1,0
255925,255925,255926,1,0
255925,255925,255930,5,0
255925,255925,255930,5,0
255925,255925,255930,5,0
255925,255925,255930,5,0
255925,255925,255930,5,0
255925,255925,255930,5,0
255925,255925,255930,5,0
255925,255925,255930,5,0
255925,255925,255930,5,0
255925,255925,255930,5,0
255925,255925,255930,5,0
255925,255925,255930,5,0
255925,255925,255930,5,0
255925,255925,255930,5,0
255925,255925,255930,5,0
255925,255925,255930,5,0
255925,255925,255930,5,0
255925,255925,255930,5,0
255925,255925,255930,5,0
255925,255925,255930,5,0
255925,255925,255930,5,0
255925,255925,255930,5,0
255925,255925,255930,5,0
255925,255925,255930,5,0
255925,255925,255930,5,0
255925,255925,255930,5,0
255925,255925,255930,5,0
255925,255925,255930,5,0
255925,255925,255930,5,0
255925,255925,255930,5,0
255925,255925,255930,5,0
255925,255925,255936,11,0
255925,255925,255937,12,0
255925,255925,255936,11,0
255889,255889,255941,52,0
255889,255889,255941,52,0
255889,255889,255941,52,0
255753,255753,255943,190,0
255790,255790,255944,154,0
255944,255944,255946,2,0
255944,255944,255946,2,0
255944,255944,255946,2,0
255944,255944,255946,2,0
255944,255944,255946,2,0
255944,255944,255946,2,0
255944,255944,255946,2,0
255944,255944,255946,2,0
255944,255944,255946,2,0
255944,255944,255946,2,0
255944,255944,255946,2,0
255944,255944,255946,2,0
255944,255944,255946,2,0
255944,255944,255946,2,0
255944,255944,255946,2,0
255944,255944,255946,2,0
255944,255944,255946,2,0
255944,255944,255946,2,0
255944,255944,255946,2,0
255944,255944,255946,2,0
255944,255944,255946,2,0
255944,255944,255946,2,0
255944,255944,255946,2,0
255944,255944,255946,2,0
255944,255944,255946,2,0
255944,255944,255946,2,0
255944,255944,255946,2,0
255944,255944,255946,2,0
255944,255944,255946,2,0
255944,255944,255946,2,0
255944,255944,255946,2,0
255944,255944,255946,2,0
255944,255944,255946,2,0
255944,255944,255947,3,0
255944,255944,255947,3,0
255944,255944,255947,3,0
255944,255944,255948,4,0
255944,255944,255948,4,0
255944,255944,255948,4,0
255946,255947,255948,1,1
255946,255947,255949,2,1
255946,255947,255949,2,1
255946,255947,255949,2,1
255946,255947,255948,1,1
255946,255947,255948,1,1
255946,255947,255948,1,1
255946,255947,255948,1,1
255946,255947,255948,1,1
255946,255947,255948,1,1
255946,255947,255948,1,1
255946,255947,255948,1,1
255946,255947,255948,1,1
255946,255947,255949,2,1
255946,255947,255949,2,1
255946,255947,255948,1,1
255946,255947,255948,1,1
255946,255947,255948,1,1
255946,255947,255949,2,1
255946,255947,255949,2,1
255946,255947,255949,2,1
255946,255947,255948,1,1
255946,255947,255948,1,1
255946,255947,255948,1,1
255946,255947,255949,2,1
255946,255947,255949,2,1
255946,255947,255948,1,1
255946,255947,255948,1,1
255946,255947,255948,1,1
255946,255947,255949,2,1
255946,255947,255949,2,1
255946,255947,255949,2,1
255946,255947,255949,2,1
255946,255947,255949,2,1
255944,255944,255949,5,0
255944,255944,255949,5,0
255944,255945,255949,4,1
255745,255745,255950,205,0
255946,255947,255949,2,1
255946,255947,255949,2,1
255946,255947,255949,2,1
255946,255947,255949,2,1
255946,255947,255949,2,1
255950,255951,255952,1,1
255950,255951,255952,1,1
255950,255951,255952,1,1
255950,255951,255952,1,1
255950,255951,255952,1,1
255950,255951,255953,2,1
255950,255951,255953,2,1
255950,255951,255953,2,1
255950,255951,255952,1,1
255950,255951,255952,1,1
255950,255951,255952,1,1
255950,255951,255953,2,1
255950,255951,255952,1,1
255950,255951,255952,1,1
255950,255951,255952,1,1
255950,255951,255953,2,1
255950,255951,255953,2,1
255950,255951,255953,2,1
255950,255951,255953,2,1
255950,255951,255952,1,1
255950,255951,255952,1,1
255950,255951,255953,2,1
255950,255951,255953,2,1
255950,255951,255952,1,1
255950,255951,255953,2,1
255950,255951,255953,2,1
255950,255951,255953,2,1
255950,255951,255953,2,1
255950,255951,255953,2,1
255950,255951,255953,2,1
255950,255951,255953,2,1
255950,255951,255953,2,1
255950,255951,255953,2,1
255950,255951,255953,2,1
255950,255951,255953,2,1
255950,255951,255953,2,1
255950,255951,255954,3,1
255950,255951,255953,2,1
255946,255947,255955,8,1
255946,255947,255955,8,1
255946,255947,255956,9,1
255946,255947,255956,9,1
255946,255947,255956,9,1
255946,255947,255956,9,1
255950,255951,255955,4,1
255950,255951,255956,5,1
255950,255951,255956,5,1
255950,255951,255956,5,1
255950,255951,255956,5,1
255950,255951,255956,5,1
255944,255947,255956,9,3
255944,255947,255957,10,3
255944,255947,255966,19,3
255804,255804,255967,163,0
255950,255951,255968,17,1
255969,255969,255971,2,0
255969,255969,255971,2,0
255969,255969,255971,2,0
255969,255969,255971,2,0
255969,255969,255971,2,0
255969,255969,255971,2,0
255969,255969,255972,3,0
255969,255969,255972,3,0
255969,255969,255972,3,0
255969,255969,255972,3,0
255969,255969,255972,3,0
255969,255969,255972,3,0
255969,255969,255972,3,0
255969,255969,255972,3,0
255969,255969,255972,3,0
255969,255969,255972,3,0
255969,255969,255972,3,0
255969,255969,255972,3,0
255969,255969,255972,3,0
255969,255969,255972,3,0
255969,255969,255972,3,0
255969,255969,255972,3,0
255969,255969,255973,4,0
255969,255969,255973,4,0
255969,255969,255972,3,0
255969,255969,255972,3,0
255969,255969,255972,3,0
255969,255969,255973,4,0
255969,255969,255973,4,0
255969,255970,255973,3,1
255969,255969,255972,3,0
255969,255969,255973,4,0
255969,255969,255973,4,0
255969,255969,255972,3,0
255787,255787,255974,187,0
255969,255973,255974,1,4
255969,255973,255974,1,4
255969,255973,255974,1,4
255969,255973,255975,2,4
255969,255973,255975,2,4
255969,255973,255974,1,4
255756,255756,255975,219,0
255758,255766,255975,209,8
255969,255969,255975,6,0
255969,255969,255975,6,0
255969,255969,255975,6,0
255969,255969,255975,6,0
255969,255969,255976,7,0
255976,255976,255978,2,0
255976,255976,255978,2,0
255976,255976,255978,2,0
255976,255976,255978,2,0
255976,255976,255978,2,0
255976,255977,255978,1,1
255976,255976,255978,2,0
255976,255976,255978,2,0
255976,255976,255978,2,0
255976,255976,255978,2,0
255976,255976,255978,2,0
255976,255976,255978,2,0
255976,255976,255978,2,0
255976,255976,255978,2,0
255976,255976,255978,2,0
255976,255977,255978,1,1
255976,255977,255978,1,1
255976,255976,255978,2,0
255976,255976,255978,2,0
255976,255976,255978,2,0
255976,255976,255978,2,0
255976,255976,255978,2,0
255976,255976,255978,2,0
255976,255976,255978,2,0
255976,255976,255978,2,0
255976,255976,255978,2,0
255976,255976,255978,2,0
255976,255976,255978,2,0
255976,255976,255978,2,0
255976,255977,255978,1,1
255976,255976,255978,2,0
255976,255976,255978,2,0
255976,255976,255978,2,0
255976,255976,255978,2,0
255976,255976,255978,2,0
255976,255976,255978,2,0
255976,255977,255978,1,1
255976,255977,255978,1,1
255976,255976,255979,3,0
255976,255976,255978,2,0
255976,255976,255978,2,0
255976,255976,255978,2,0
255976,255977,255978,1,1
255976,255977,255978,1,1
255976,255977,255979,2,1
255976,255977,255979,2,1
255976,255976,255979,3,0
255976,255977,255979,2,1
255976,255977,255979,2,1
255976,255977,255979,2,1
255976,255977,255979,2,1
255976,255977,255979,2,1
255976,255977,255979,2,1
255976,255976,255979,3,0
255976,255976,255979,3,0
255976,255979,255980,1,3
255976,255979,255980,1,3
255976,255979,255980,1,3
255979,255979,255980,1,0
255979,255979,255980,1,0
255976,255979,255980,1,3
255976,255979,255980,1,3
255976,255979,255980,1,3
255976,255979,255980,1,3
255976,255979,255980,1,3
255976,255979,255980,1,3
255976,255979,255980,1,3
255976,255979,255980,1,3
255976,255979,255981,2,3
255976,255979,255980,1,3
255976,255979,255980,1,3
255976,255979,255981,2,3
255976,255979,255981,2,3
255976,255979,255981,2,3
255976,255979,255981,2,3
255976,255979,255981,2,3
255976,255979,255981,2,3
255976,255979,255981,2,3
255976,255979,255981,2,3
255976,255979,255981,2,3
255976,255979,255981,2,3
255976,255979,255981,2,3
255979,255979,255980,1,0
255976,255979,255981,2,3
255976,255979,255981,2,3
255979,255979,255981,2,0
255979,255979,255980,1,0
255979,255979,255980,1,0
255979,255979,255980,1,0
255979,255979,255980,1,0
255979,255979,255981,2,0
255979,255979,255981,2,0
255979,255979,255981,2,0
255979,255979,255980,1,0
255979,255979,255981,2,0
255979,255979,255981,2,0
255979,255979,255981,2,0
255979,255979,255981,2,0
255979,255979,255981,2,0
255979,255979,255981,2,0
255979,255979,255981,2,0
255979,255980,255981,1,1
255979,255980,255982,2,1
255979,255980,255982,2,1
255979,255980,255982,2,1
255979,255980,255982,2,1
255979,255980,255982,2,1
255979,255980,255982,2,1
255979,255979,255982,3,0
255979,255979,255982,3,0
255979,255981,255982,1,2
255979,255981,255982,1,2
255979,255981,255983,2,2
255979,255981,255982,1,2
255979,255981,255983,2,2
255979,255981,255982,1,2
255979,255981,255982,1,2
255979,255981,255982,1,2
255979,255981,255983,2,2
255979,255981,255983,2,2
255979,255981,255983,2,2
255979,255981,255982,1,2
255979,255981,255982,1,2
255739,255739,255986,247,0
255976,255984,255985,1,8
255976,255984,255986,2,8
255976,255984,255986,2,8
255979,255979,255986,7,0
255979,255979,255986,7,0
255979,255979,255986,7,0
255979,255979,255986,7,0
255976,255976,255986,10,0
255976,255976,255986,10,0
255976,255976,255986,10,0
255976,255976,255987,11,0
255976,255977,255988,11,1
255986,255986,255995,9,0
255986,255986,255996,10,0
255986,255986,255996,10,0
255986,255986,255996,10,0
255986,255986,255996,10,0
255986,255986,255996,10,0
255986,255986,255996,10,0
255986,255986,255996,10,0
255986,255986,255996,10,0
255986,255986,255996,10,0
255986,255986,255996,10,0
255986,255986,255996,10,0
255986,255986,255996,10,0
255986,255986,255996,10,0
255986,255986,255996,10,0
255986,255986,255996,10,0
255986,255986,255996,10,0
255986,255987,255996,9,1
255986,255987,255996,9,1
255986,255987,255996,9,1
255986,255987,255996,9,1
255986,255990,255996,6,4
255986,255990,255996,6,4
255986,255990,255996,6,4
255986,255990,255997,7,4
255986,255990,255997,7,4
255986,255986,255997,11,0
255986,255986,255997,11,0
255986,255986,255997,11,0
255986,255986,255997,11,0
255986,255990,255997,7,4
255986,255990,255997,7,4
255816,255817,255998,181,1
255986,255986,255999,13,0
255986,255986,255999,13,0
255986,255986,255999,13,0
255986,255986,255999,13,0
255986,255986,255999,13,0
255986,255986,255999,13,0
255986,255986,255999,13,0
255986,255986,255999,13,0
255986,255986,255999,13,0
255986,255986,255999,13,0
255986,255986,256000,14,0
255986,255986,256000,14,0
255999,255999,256001,2,0
255999,255999,256000,1,0
255999,255999,256001,2,0
255999,255999,256001,2,0
255999,255999,256002,3,0
255999,255999,256001,2,0
255999,255999,256001,2,0
255999,255999,256001,2,0
255999,255999,256001,2,0
255999,255999,256001,2,0
255999,255999,256001,2,0
255999,255999,256001,2,0
255999,255999,256001,2,0
255999,255999,256001,2,0
255999,255999,256001,2,0
255999,255999,256001,2,0
255999,255999,256001,2,0
255999,255999,256001,2,0
255999,255999,256001,2,0
255999,255999,256001,2,0
255999,255999,256001,2,0
255999,255999,256001,2,0
255999,255999,256002,3,0
255999,255999,256001,2,0
255999,255999,256001,2,0
255999,255999,256001,2,0
255999,255999,256001,2,0
255999,255999,256002,3,0
255999,255999,256001,2,0
255986,255986,256001,15,0
255999,255999,256002,3,0
255999,255999,256002,3,0
255999,255999,256002,3,0
255999,255999,256002,3,0
255999,255999,256002,3,0
255999,255999,256002,3,0
255999,255999,256002,3,0
255999,255999,256002,3,0
255999,255999,256002,3,0
255999,255999,256002,3,0
255999,255999,256003,4,0
255999,255999,256004,5,0
255999,255999,256005,6,0
255999,255999,256005,6,0
255999,255999,256005,6,0
255842,255842,256007,165,0
255999,255999,256007,8,0
255844,255846,256010,164,2
256010,256010,256011,1,0
256010,256010,256012,2,0
256010,256010,256011,1,0
256010,256010,256011,1,0
256010,256010,256012,2,0
256010,256010,256011,1,0
256010,256010,256012,2,0
256010,256010,256012,2,0
256010,256010,256011,1,0
256010,256010,256011,1,0
256010,256010,256011,1,0
256010,256010,256011,1,0
256010,256010,256012,2,0
256010,256010,256012,2,0
256010,256010,256011,1,0
256010,256010,256011,1,0
256010,256010,256012,2,0
256010,256010,256012,2,0
256010,256010,256011,1,0
256010,256010,256012,2,0
256010,256010,256012,2,0
256010,256010,256012,2,0
256010,256010,256012,2,0
256010,256010,256012,2,0
256010,256010,256012,2,0
256012,256012,256013,1,0
256010,256010,256012,2,0
256010,256010,256012,2,0
256010,256010,256012,2,0
256010,256010,256012,2,0
256010,256010,256013,3,0
256010,256010,256012,2,0
256010,256010,256013,3,0
256012,256012,256013,1,0
256012,256012,256013,1,0
256012,256012,256014,2,0
256012,256012,256013,1,0
256012,256012,256013,1,0
256012,256012,256013,1,0
256012,256012,256014,2,0
256012,256012,256014,2,0
256012,256012,256013,1,0
256012,256012,256013,1,0
256012,256012,256013,1,0
256012,256012,256013,1,0
256012,256012,256014,2,0
256012,256012,256013,1,0
256012,256012,256013,1,0
256012,256012,256013,1,0
256012,256012,256014,2,0
256012,256012,256014,2,0
256012,256012,256013,1,0
256012,256012,256013,1,0
256012,256012,256014,2,0
256012,256012,256013,1,0
256010,256010,256013,3,0
256010,256010,256013,3,0
256010,256010,256014,4,0
256010,256010,256013,3,0
256010,256010,256013,3,0
256012,256012,256013,1,0
256012,256012,256013,1,0
256012,256012,256014,2,0
256012,256012,256014,2,0
256012,256012,256014,2,0
256012,256012,256014,2,0
256012,256013,256014,1,1
256012,256013,256014,1,1
256012,256012,256014,2,0
256012,256013,256014,1,1
256012,256013,256014,1,1
256012,256013,256014,1,1
256012,256013,256014,1,1
256012,256013,256014,1,1
256012,256013,256014,1,1
256012,256013,256014,1,1
256010,256010,256016,6,0
255890,255890,256017,127,0
256010,256010,256021,11,0
256012,256012,256021,9,0
256012,256012,256023,11,0
256021,256021,256023,2,0
256021,256022,256023,1,1
256021,256022,256023,1,1
256021,256022,256023,1,1
256010,256010,256023,13,0
256010,256010,256023,13,0
256021,256022,256023,1,1
256021,256022,256023,1,1
256021,256022,256023,1,1
256021,256022,256023,1,1
256021,256022,256023,1,1
256021,256022,256023,1,1
256021,256022,256023,1,1
256021,256022,256023,1,1
256021,256022,256023,1,1
256021,256022,256023,1,1
256021,256022,256023,1,1
256021,256022,256023,1,1
256021,256022,256023,1,1
256021,256021,256023,2,0
256021,256022,256023,1,1
256021,256022,256023,1,1
256021,256022,256023,1,1
256021,256021,256023,2,0
256021,256022,256023,1,1
256021,256022,256023,1,1
256021,256022,256024,2,1
256021,256022,256023,1,1
256021,256022,256024,2,1
256021,256023,256024,1,2
256021,256022,256024,2,1
256021,256022,256024,2,1
256021,256022,256024,2,1
256021,256022,256024,2,1
256021,256022,256024,2,1
256021,256022,256024,2,1
256021,256023,256024,1,2
256021,256023,256024,1,2
256021,256023,256025,2,2
256021,256023,256025,2,2
256021,256023,256025,2,2
256021,256023,256025,2,2
256012,256012,256025,13,0
255822,255822,256032,210,0
256010,256010,256031,21,0
256010,256010,256031,21,0
256010,256010,256031,21,0
256010,256010,256031,21,0
256021,256022,256032,10,1
256012,256012,256035,23,0
256021,256021,256036,15,0
256021,256022,256036,14,1
256021,256022,256036,14,1
256021,256022,256036,14,1
256012,256012,256039,27,0
256040,256040,256042,2,0
256040,256040,256042,2,0
256040,256040,256042,2,0
256040,256040,256042,2,0
256040,256040,256042,2,0
256040,256040,256042,2,0
256040,256040,256042,2,0
256040,256040,256042,2,0
256040,256040,256042,2,0
256040,256040,256042,2,0
256040,256040,256042,2,0
256040,256040,256042,2,0
256040,256040,256042,2,0
256040,256040,256042,2,0
256040,256040,256042,2,0
256040,256040,256042,2,0
256040,256040,256042,2,0
256040,256041,256043,2,1
256040,256041,256043,2,1
256040,256040,256043,3,0
256040,256040,256043,3,0
256040,256040,256043,3,0
256040,256040,256043,3,0
256040,256040,256043,3,0
256040,256040,256043,3,0
256040,256040,256043,3,0
256040,256040,256043,3,0
256040,256040,256043,3,0
256040,256040,256043,3,0
256040,256040,256043,3,0
256040,256041,256043,2,1
256040,256040,256043,3,0
256040,256040,256044,4,0
256040,256040,256043,3,0
256040,256041,256044,3,1
256040,256041,256044,3,1
256012,256013,256044,31,1
256040,256040,256044,4,0
256040,256040,256044,4,0
256040,256040,256043,3,0
256040,256040,256043,3,0
256040,256041,256043,2,1
255831,255831,256055,224,0
256056,256056,256058,2,0
256056,256056,256057,1,0
256056,256056,256058,2,0
256056,256056,256058,2,0
256056,256056,256058,2,0
256056,256056,256058,2,0
256056,256056,256059,3,0
256056,256056,256059,3,0
256056,256056,256059,3,0
256056,256056,256059,3,0
256056,256056,256059,3,0
256056,256057,256059,2,1
256040,256040,256059,19,0
256040,256040,256060,20,0
256056,256056,256059,3,0
256056,256056,256059,3,0
256056,256056,256059,3,0
256056,256056,256059,3,0
256056,256056,256059,3,0
256056,256056,256059,3,0
256056,256056,256059,3,0
256056,256056,256059,3,0
256056,256056,256059,3,0
256056,256056,256059,3,0
256056,256056,256059,3,0
256056,256056,256060,4,0
256056,256056,256059,3,0
256056,256056,256059,3,0
256056,256056,256059,3,0
256056,256056,256059,3,0
256056,256056,256060,4,0
256056,256056,256059,3,0
256056,256056,256059,3,0
256056,256056,256059,3,0
256056,256056,256059,3,0
256056,256056,256059,3,0
256056,256056,256063,7,0
256056,256056,256064,8,0
255854,255854,256066,212,0
256056,256056,256067,11,0
256056,256056,256067,11,0
256056,256056,256067,11,0
256056,256056,256067,11,0
256056,256056,256067,11,0
256056,256056,256067,11,0
256056,256056,256067,11,0
256040,256040,256061,21,0
256040,256040,256061,21,0
256056,256056,256061,5,0
256056,256056,256068,12,0
256068,256068,256069,1,0
256068,256068,256070,2,0
256068,256068,256070,2,0
256068,256068,256070,2,0
256068,256068,256070,2,0
256068,256068,256070,2,0
256068,256068,256070,2,0
256068,256068,256070,2,0
256068,256068,256070,2,0
256068,256068,256070,2,0
256068,256068,256069,1,0
256068,256068,256069,1,0
256068,256068,256070,2,0
256068,256068,256070,2,0
256068,256068,256070,2,0
256068,256068,256070,2,0
256068,256068,256070,2,0
256068,256068,256070,2,0
256068,256068,256070,2,0
256068,256068,256070,2,0
256068,256068,256070,2,0
256068,256068,256070,2,0
256068,256068,256070,2,0
256068,256068,256070,2,0
256068,256068,256070,2,0
256068,256068,256070,2,0
256068,256068,256070,2,0
256068,256068,256070,2,0
256068,256068,256070,2,0
256068,256068,256070,2,0
256068,256068,256070,2,0
256068,256068,256070,2,0
256068,256068,256070,2,0
256068,256068,256070,2,0
256068,256069,256071,2,1
256068,256069,256070,1,1
256068,256069,256070,1,1
256068,256068,256070,2,0
256068,256068,256070,2,0
256068,256068,256071,3,0
255926,255926,256077,151,0
256068,256068,256078,10,0
256068,256068,256079,11,0
256068,256068,256079,11,0
256068,256068,256080,12,0
256068,256068,256080,12,0
256079,256080,256081,1,1
256079,256080,256082,2,1
256079,256080,256081,1,1
256079,256080,256081,1,1
256079,256080,256081,1,1
256079,256080,256081,1,1
256079,256080,256082,2,1
256079,256080,256081,1,1
256079,256080,256081,1,1
256079,256080,256081,1,1
256079,256080,256081,1,1
256079,256080,256081,1,1
256079,256080,256081,1,1
256079,256080,256082,2,1
256079,256080,256082,2,1
256079,256080,256081,1,1
256079,256080,256081,1,1
256079,256080,256081,1,1
256079,256080,256081,1,1
256079,256080,256081,1,1
256079,256080,256082,2,1
256079,256080,256082,2,1
256079,256080,256082,2,1
256079,256080,256081,1,1
256079,256080,256081,1,1
256079,256080,256081,1,1
256079,256080,256081,1,1
256079,256080,256081,1,1
256079,256080,256082,2,1
256079,256080,256082,2,1
256079,256080,256082,2,1
256079,256080,256082,2,1
256079,256080,256082,2,1
256079,256080,256082,2,1
256079,256080,256082,2,1
256079,256086,256087,1,7
256079,256086,256087,1,7
256079,256086,256087,1,7
256079,256086,256088,2,7
256079,256086,256088,2,7
256079,256086,256088,2,7
255849,255853,256091,238,4
255978,255979,256091,112,1
255852,255853,256091,238,1
256079,256080,256092,12,1
256079,256080,256092,12,1
256079,256080,256092,12,1
256079,256080,256092,12,1
256092,256092,256093,1,0
256092,256092,256093,1,0
256092,256092,256093,1,0
256092,256092,256093,1,0
256092,256092,256093,1,0
256092,256092,256093,1,0
256092,256092,256093,1,0
256092,256092,256093,1,0
256092,256092,256093,1,0
256092,256092,256093,1,0
256092,256092,256094,2,0
256092,256092,256094,2,0
256092,256092,256093,1,0
256092,256092,256094,2,0
256092,256092,256093,1,0
256092,256092,256093,1,0
256092,256092,256094,2,0
256092,256092,256094,2,0
256092,256092,256094,2,0
256092,256092,256094,2,0
256092,256092,256094,2,0
256092,256092,256094,2,0
256092,256092,256094,2,0
256092,256092,256094,2,0
256092,256092,256094,2,0
256092,256092,256094,2,0
256092,256092,256094,2,0
256092,256092,256094,2,0
256092,256092,256093,1,0
256092,256092,256094,2,0
256092,256092,256094,2,0
256092,256092,256094,2,0
256092,256092,256094,2,0
256092,256092,256094,2,0
256092,256092,256094,2,0
256092,256092,256094,2,0
256092,256092,256094,2,0
256092,256092,256094,2,0
256092,256092,256094,2,0
256092,256092,256094,2,0
256092,256092,256094,2,0
256092,256092,256094,2,0
256092,256092,256094,2,0
256092,256092,256094,2,0
256092,256092,256094,2,0
256092,256092,256094,2,0
256092,256092,256094,2,0
256092,256092,256094,2,0
256092,256092,256094,2,0
256092,256092,256094,2,0
256092,256092,256094,2,0
256092,256093,256095,2,1
256092,256093,256094,1,1
256092,256093,256095,2,1
256092,256092,256094,2,0
256092,256092,256095,3,0
256092,256092,256094,2,0
256092,256093,256095,2,1
256092,256093,256095,2,1
256092,256093,256095,2,1
256092,256093,256095,2,1
255847,255850,256095,245,3
256092,256095,256096,1,3
256092,256093,256095,2,1
256092,256093,256095,2,1
256092,256093,256095,2,1
256092,256093,256095,2,1
256092,256094,256095,1,2
256092,256094,256095,1,2
256092,256094,256096,2,2
256092,256094,256095,1,2
256092,256094,256095,1,2
255917,255917,256096,179,0
256092,256095,256096,1,3
256092,256095,256096,1,3
256092,256095,256096,1,3
256092,256095,256096,1,3
256092,256095,256096,1,3
256092,256095,256096,1,3
256092,256095,256096,1,3
256092,256095,256096,1,3
256092,256095,256096,1,3
256092,256095,256096,1,3
256095,256095,256096,1,0
256095,256095,256096,1,0
256095,256095,256096,1,0
256095,256095,256096,1,0
256095,256095,256096,1,0
256095,256095,256096,1,0
256095,256095,256097,2,0
256095,256095,256096,1,0
256095,256095,256096,1,0
256095,256095,256096,1,0
256095,256095,256096,1,0
256095,256095,256096,1,0
256095,256095,256097,2,0
256092,256095,256097,2,3
256092,256095,256097,2,3
256092,256095,256097,2,3
256092,256095,256097,2,3
256095,256095,256097,2,0
256095,256095,256096,1,0
256095,256095,256096,1,0
256095,256095,256097,2,0
256095,256095,256097,2,0
256095,256095,256097,2,0
256095,256095,256097,2,0
256095,256095,256096,1,0
256095,256095,256096,1,0
256095,256095,256096,1,0
256095,256095,256096,1,0
256095,256095,256097,2,0
256095,256096,256097,1,1
256095,256096,256097,1,1
256095,256096,256097,1,1
256095,256096,256097,1,1
256095,256096,256097,1,1
256095,256097,256098,1,2
256097,256097,256098,1,0
256097,256097,256098,1,0
256097,256097,256098,1,0
256097,256097,256098,1,0
256097,256097,256098,1,0
256095,256096,256098,2,1
256097,256097,256098,1,0
256095,256095,256097,2,0
256095,256095,256097,2,0
256095,256096,256097,1,1
256095,256096,256097,1,1
256095,256096,256097,1,1
256095,256095,256097,2,0
256095,256096,256097,1,1
256095,256096,256097,1,1
256095,256096,256097,1,1
256095,256096,256098,2,1
256095,256096,256097,1,1
256095,256095,256097,2,0
256095,256096,256097,1,1
256097,256097,256098,1,0
256097,256097,256098,1,0
256097,256097,256098,1,0
256097,256097,256098,1,0
256097,256097,256098,1,0
256097,256097,256098,1,0
256097,256097,256098,1,0
256097,256097,256098,1,0
256097,256097,256098,1,0
256097,256097,256099,2,0
256097,256097,256098,1,0
256097,256097,256098,1,0
256097,256097,256099,2,0
256097,256097,256099,2,0
256097,256097,256099,2,0
256097,256097,256099,2,0
256097,256097,256099,2,0
256097,256097,256099,2,0
256097,256097,256099,2,0
256097,256097,256099,2,0
256097,256097,256099,2,0
256097,256098,256099,1,1
256097,256098,256099,1,1
256097,256098,256100,2,1
256097,256098,256100,2,1
256097,256097,256099,2,0
256097,256097,256099,2,0
256097,256097,256099,2,0
256097,256097,256099,2,0
256097,256097,256099,2,0
256097,256097,256099,2,0
256097,256097,256099,2,0
256100,256100,256101,1,0
256100,256100,256101,1,0
256100,256100,256101,1,0
256097,256098,256102,4,1
256100,256100,256101,1,0
256100,256100,256102,2,0
256100,256100,256101,1,0
256100,256100,256102,2,0
256100,256100,256102,2,0
256100,256100,256102,2,0
256100,256100,256102,2,0
256100,256100,256102,2,0
256092,256092,256101,9,0
256092,256092,256101,9,0
256092,256092,256101,9,0
256100,256100,256102,2,0
256100,256100,256101,1,0
256100,256100,256101,1,0
256100,256100,256102,2,0
256100,256100,256102,2,0
256100,256100,256101,1,0
256100,256100,256102,2,0
256100,256100,256102,2,0
256100,256100,256101,1,0
256100,256100,256102,2,0
256100,256100,256102,2,0
256097,256097,256102,5,0
256097,256097,256102,5,0
256097,256097,256103,6,0
256097,256097,256103,6,0
256100,256100,256103,3,0
256100,256100,256102,2,0
256100,256100,256102,2,0
256097,256098,256102,4,1
256097,256098,256103,5,1
256100,256100,256103,3,0
256100,256100,256103,3,0
256100,256100,256103,3,0
256100,256100,256103,3,0
256100,256100,256102,2,0
256100,256100,256102,2,0
256100,256100,256102,2,0
256100,256100,256102,2,0
256100,256100,256102,2,0
256100,256100,256102,2,0
256092,256092,256102,10,0
256092,256092,256103,11,0
256100,256100,256102,2,0
256100,256100,256103,3,0
256100,256100,256102,2,0
256100,256100,256102,2,0
256100,256100,256104,4,0
256100,256100,256104,4,0
256100,256100,256104,4,0
256100,256100,256104,4,0
256100,256100,256105,5,0
256100,256100,256104,4,0
255945,255945,256140,195,0
255983,255983,256141,158,0
256013,256013,256140,127,0
255948,255948,256142,194,0
255988,255991,256142,151,3
256142,256143,256144,1,1
256142,256143,256144,1,1
255970,255970,256143,173,0
255952,255952,256144,192,0
256142,256143,256144,1,1
256142,256143,256144,1,1
256142,256143,256144,1,1
256143,256143,256144,1,0
256142,256143,256144,1,1
256142,256143,256144,1,1
256142,256143,256144,1,1
256143,256143,256144,1,0
256143,256143,256144,1,0
256143,256143,256145,2,0
256143,256143,256145,2,0
256142,256143,256144,1,1
256142,256143,256144,1,1
256142,256143,256145,2,1
256142,256143,256145,2,1
256142,256143,256145,2,1
256143,256143,256144,1,0
256143,256143,256144,1,0
256143,256143,256145,2,0
256142,256143,256144,1,1
256142,256143,256144,1,1
256142,256143,256144,1,1
256142,256143,256145,2,1
256142,256143,256144,1,1
256143,256143,256144,1,0
256143,256143,256144,1,0
256143,256143,256144,1,0
256142,256143,256144,1,1
256142,256143,256144,1,1
256142,256143,256144,1,1
256142,256143,256145,2,1
256143,256143,256144,1,0
256142,256143,256144,1,1
256142,256143,256144,1,1
256142,256143,256144,1,1
256142,256143,256145,2,1
256142,256143,256145,2,1
256143,256143,256145,2,0
256143,256143,256145,2,0
256143,256143,256145,2,0
256142,256143,256144,1,1
256142,256143,256145,2,1
256142,256143,256144,1,1
256143,256143,256144,1,0
256142,256143,256144,1,1
256142,256143,256144,1,1
256142,256143,256145,2,1
256142,256143,256145,2,1
256143,256143,256145,2,0
256143,256143,256145,2,0
256143,256143,256145,2,0
256143,256144,256145,1,1
256143,256144,256145,1,1
256143,256144,256145,1,1
256143,256145,256147,2,2
256143,256145,256147,2,2
256143,256145,256147,2,2
256143,256145,256147,2,2
256143,256145,256147,2,2
256143,256145,256147,2,2
256143,256145,256147,2,2
256143,256145,256147,2,2
256143,256145,256147,2,2
256143,256145,256147,2,2
256143,256145,256147,2,2
256143,256145,256147,2,2
256143,256145,256147,2,2
256143,256145,256147,2,2
256143,256145,256147,2,2
256143,256145,256147,2,2
256143,256145,256147,2,2
256143,256145,256147,2,2
256143,256146,256147,1,3
256143,256145,256147,2,2
256143,256145,256147,2,2
256143,256145,256147,2,2
256143,256145,256147,2,2
256143,256146,256147,1,3
256143,256145,256147,2,2
256143,256145,256147,2,2
256143,256145,256147,2,2
256143,256146,256147,1,3
256143,256146,256147,1,3
256143,256146,256147,1,3
256143,256145,256147,2,2
256143,256145,256147,2,2
256143,256145,256147,2,2
256143,256146,256147,1,3
256143,256146,256147,1,3
256143,256146,256147,1,3
256143,256146,256147,1,3
256143,256146,256148,2,3
256143,256145,256147,2,2
256143,256145,256147,2,2
256143,256145,256147,2,2
256143,256146,256147,1,3
256143,256147,256148,1,4
256143,256147,256148,1,4
256143,256146,256148,2,3
256143,256146,256148,2,3
256143,256146,256148,2,3
256143,256146,256148,2,3
256143,256146,256148,2,3
256143,256146,256148,2,3
256143,256146,256148,2,3
256143,256146,256148,2,3
256143,256146,256148,2,3
256143,256146,256148,2,3
256143,256146,256148,2,3
256142,256148,256149,1,6
256143,256147,256148,1,4
256143,256147,256149,2,4
256143,256147,256149,2,4
256143,256147,256149,2,4
256143,256147,256149,2,4
256143,256148,256149,1,5
256143,256148,256149,1,5
256143,256148,256149,1,5
256146,256148,256149,1,2
256146,256148,256149,1,2
256146,256148,256150,2,2
256146,256148,256150,2,2
256146,256148,256149,1,2
256146,256148,256149,1,2
256143,256148,256149,1,5
256143,256148,256150,2,5
256146,256148,256149,1,2
256146,256148,256149,1,2
256143,256148,256149,1,5
256143,256148,256149,1,5
256146,256148,256149,1,2
256146,256148,256149,1,2
256146,256148,256149,1,2
256146,256148,256149,1,2
256146,256148,256149,1,2
256146,256148,256149,1,2
256146,256148,256149,1,2
256146,256148,256150,2,2
256146,256148,256149,1,2
256146,256148,256149,1,2
256146,256148,256149,1,2
256146,256148,256149,1,2
256146,256148,256149,1,2
256146,256148,256149,1,2
256146,256148,256150,2,2
256146,256148,256149,1,2
256146,256148,256150,2,2
256142,256148,256150,2,6
256142,256148,256149,1,6
256142,256148,256150,2,6
256142,256148,256150,2,6
256142,256148,256150,2,6
256143,256148,256150,2,5
256146,256149,256150,1,3
256146,256150,256151,1,4
256146,256149,256150,1,3
256146,256149,256150,1,3
256146,256149,256150,1,3
256146,256149,256150,1,3
256146,256149,256150,1,3
256146,256148,256150,2,2
256146,256148,256150,2,2
256146,256148,256150,2,2
256146,256149,256150,1,3
256146,256149,256151,2,3
256146,256149,256150,1,3
256146,256148,256150,2,2
256146,256149,256150,1,3
256146,256149,256150,1,3
256146,256149,256150,1,3
256146,256149,256151,2,3
256146,256149,256151,2,3
256146,256149,256151,2,3
256146,256149,256151,2,3
256146,256149,256151,2,3
256146,256149,256150,1,3
256142,256151,256152,1,9
256146,256150,256151,1,4
256146,256150,256151,1,4
256146,256150,256151,1,4
256146,256150,256151,1,4
256146,256150,256151,1,4
256146,256150,256151,1,4
256146,256150,256152,2,4
256146,256150,256152,2,4
256146,256150,256152,2,4
256146,256151,256152,1,5
256146,256150,256151,1,4
256146,256150,256151,1,4
256146,256150,256152,2,4
256146,256150,256152,2,4
256146,256150,256152,2,4
256146,256150,256151,1,4
256146,256150,256151,1,4
256146,256150,256152,2,4
256146,256150,256152,2,4
256146,256151,256152,1,5
256146,256151,256152,1,5
256146,256150,256152,2,4
256146,256150,256152,2,4
256146,256150,256152,2,4
256146,256150,256152,2,4
256146,256150,256152,2,4
256146,256151,256152,1,5
256146,256150,256152,2,4
256146,256150,256152,2,4
256146,256150,256151,1,4
256146,256150,256152,2,4
256146,256151,256152,1,5
256146,256150,256152,2,4
256146,256150,256152,2,4
256146,256150,256152,2,4
256146,256150,256152,2,4
256146,256150,256152,2,4
256146,256150,256152,2,4
256142,256151,256152,1,9
256142,256151,256152,1,9
256142,256151,256152,1,9
256142,256151,256152,1,9
256146,256151,256152,1,5
256146,256151,256152,1,5
256146,256149,256153,4,3
256146,256151,256153,2,5
256146,256151,256152,1,5
256146,256151,256153,2,5
256146,256151,256153,2,5
256146,256151,256153,2,5
256146,256151,256152,1,5
256146,256151,256152,1,5
255981,255981,256153,172,0
256146,256151,256152,1,5
256146,256151,256153,2,5
256146,256152,256153,1,6
256146,256152,256153,1,6
256146,256152,256153,1,6
256146,256152,256153,1,6
256146,256152,256153,1,6
256146,256152,256153,1,6
256146,256152,256153,1,6
256146,256152,256154,2,6
256146,256152,256154,2,6
256146,256152,256154,2,6
256149,256153,256154,1,4
256146,256152,256154,2,6
256146,256152,256154,2,6
256146,256152,256154,2,6
256146,256152,256154,2,6
256149,256152,256154,2,3
256149,256153,256154,1,4
256146,256152,256154,2,6
256146,256152,256154,2,6
256146,256152,256154,2,6
256146,256152,256154,2,6
256146,256153,256154,1,7
256146,256153,256154,1,7
256146,256152,256154,2,6
256146,256152,256154,2,6
256146,256152,256154,2,6
256146,256152,256154,2,6
256146,256152,256154,2,6
256149,256152,256154,2,3
256149,256153,256154,1,4
256149,256153,256154,1,4
256146,256152,256154,2,6
256146,256152,256154,2,6
256146,256152,256155,3,6
256146,256152,256154,2,6
256146,256153,256154,1,7
256146,256153,256154,1,7
256149,256153,256154,1,4
256149,256153,256154,1,4
256149,256153,256154,1,4
256149,256153,256154,1,4
256149,256153,256154,1,4
256149,256153,256154,1,4
256149,256153,256154,1,4
256149,256153,256154,1,4
256149,256153,256154,1,4
256149,256153,256154,1,4
256149,256153,256154,1,4
256149,256153,256154,1,4
256149,256153,256154,1,4
256149,256154,256155,1,5
256149,256154,256155,1,5
256149,256154,256155,1,5
256149,256154,256155,1,5
256149,256154,256155,1,5
256149,256154,256155,1,5
256149,256154,256155,1,5
256149,256154,256155,1,5
256149,256154,256155,1,5
256149,256154,256155,1,5
256149,256154,256155,1,5
256149,256155,256156,1,6
256149,256154,256155,1,5
256149,256154,256155,1,5
256149,256154,256155,1,5
256149,256154,256155,1,5
256149,256154,256156,2,5
256149,256154,256156,2,5
256149,256154,256156,2,5
256149,256154,256156,2,5
256149,256155,256156,1,6
256149,256155,256156,1,6
256149,256155,256156,1,6
256149,256154,256158,4,5
256149,256154,256158,4,5
256146,256150,256159,9,4
256146,256150,256159,9,4
256146,256150,256159,9,4
256146,256150,256159,9,4
256146,256151,256159,8,5
256149,256153,256160,7,4
256022,256022,256175,153,0
256069,256070,256178,108,1
256178,256178,256181,3,0
256178,256178,256181,3,0
256178,256178,256181,3,0
256178,256178,256181,3,0
256178,256178,256181,3,0
256178,256178,256181,3,0
256178,256178,256181,3,0
256178,256178,256181,3,0
256178,256178,256181,3,0
256178,256179,256182,3,1
256178,256179,256182,3,1
256178,256178,256182,4,0
256178,256178,256181,3,0
256178,256178,256182,4,0
256178,256178,256181,3,0
256178,256178,256181,3,0
256178,256179,256182,3,1
256178,256179,256182,3,1
256178,256178,256182,4,0
256178,256178,256182,4,0
256178,256178,256182,4,0
256178,256179,256182,3,1
256178,256179,256182,3,1
256178,256179,256182,3,1
256178,256179,256182,3,1
256178,256179,256182,3,1
256178,256178,256183,5,0
256178,256178,256182,4,0
256178,256179,256182,3,1
256178,256179,256182,3,1
256178,256179,256182,3,1
256178,256179,256182,3,1
256178,256179,256182,3,1
256178,256179,256182,3,1
256178,256179,256182,3,1
256178,256179,256183,4,1
256178,256179,256182,3,1
256178,256179,256182,3,1
256178,256179,256182,3,1
256178,256179,256182,3,1
256178,256178,256182,4,0
256178,256178,256183,5,0
256178,256178,256183,5,0
256178,256178,256182,4,0
256178,256179,256182,3,1
256178,256178,256183,5,0
256178,256179,256182,3,1
256178,256178,256182,4,0
256178,256178,256183,5,0
256178,256178,256182,4,0
256178,256179,256182,3,1
256178,256179,256182,3,1
256178,256179,256183,4,1
256178,256178,256182,4,0
256179,256182,256183,1,3
256178,256178,256182,4,0
256178,256178,256183,5,0
256178,256178,256183,5,0
256178,256179,256182,3,1
256178,256179,256182,3,1
256178,256179,256182,3,1
256178,256178,256182,4,0
256178,256179,256182,3,1
256178,256182,256183,1,4
256178,256182,256183,1,4
256179,256183,256184,1,4
256179,256183,256184,1,4
256179,256183,256184,1,4
256178,256182,256184,2,4
256178,256182,256184,2,4
256179,256183,256184,1,4
256178,256182,256184,2,4
256178,256182,256184,2,4
256178,256182,256184,2,4
256178,256182,256184,2,4
256178,256182,256184,2,4
256178,256182,256184,2,4
256178,256182,256184,2,4
256178,256182,256184,2,4
256178,256182,256184,2,4
256178,256182,256183,1,4
256178,256182,256183,1,4
256178,256182,256183,1,4
256179,256182,256183,1,3
256178,256182,256184,2,4
256178,256182,256184,2,4
256178,256182,256183,1,4
256178,256182,256184,2,4
256178,256182,256184,2,4
256042,256042,256184,142,0
256178,256182,256184,2,4
256178,256182,256184,2,4
256179,256184,256185,1,5
256179,256183,256185,2,4
256179,256183,256184,1,4
256179,256183,256185,2,4
256179,256183,256185,2,4
256179,256183,256185,2,4
256179,256183,256185,2,4
256179,256183,256185,2,4
256179,256183,256185,2,4
256179,256183,256185,2,4
256179,256183,256185,2,4
256179,256183,256185,2,4
256179,256183,256185,2,4
256179,256183,256185,2,4
256179,256183,256185,2,4
256178,256182,256184,2,4
256179,256183,256185,2,4
256179,256183,256185,2,4
256179,256183,256185,2,4
256179,256183,256185,2,4
256179,256183,256185,2,4
256179,256183,256185,2,4
256179,256183,256185,2,4
256179,256183,256185,2,4
256179,256183,256185,2,4
256179,256183,256185,2,4
256179,256183,256185,2,4
256179,256183,256185,2,4
256179,256184,256185,1,5
256179,256184,256185,1,5
256179,256184,256185,1,5
256179,256184,256185,1,5
256179,256183,256186,3,4
256179,256184,256185,1,5
256179,256184,256186,2,5
256179,256184,256185,1,5
256179,256184,256186,2,5
256179,256184,256185,1,5
256179,256184,256186,2,5
256179,256183,256186,3,4
256185,256186,256187,1,1
256185,256186,256187,1,1
256185,256186,256187,1,1
256185,256186,256187,1,1
256185,256186,256187,1,1
256185,256186,256187,1,1
256185,256186,256187,1,1
256185,256186,256188,2,1
256011,256011,256187,176,0
256185,256186,256187,1,1
256185,256186,256187,1,1
256185,256186,256188,2,1
256185,256186,256188,2,1
256185,256186,256188,2,1
256185,256186,256187,1,1
256185,256186,256187,1,1
256185,256186,256187,1,1
256185,256186,256187,1,1
256185,256186,256188,2,1
256185,256186,256187,1,1
256185,256186,256187,1,1
256185,256186,256187,1,1
256185,256186,256187,1,1
256185,256186,256187,1,1
256185,256186,256188,2,1
256185,256186,256188,2,1
256185,256186,256188,2,1
256185,256186,256188,2,1
256185,256186,256188,2,1
256185,256186,256188,2,1
256185,256186,256188,2,1
256185,256186,256188,2,1
256185,256186,256188,2,1
256185,256186,256188,2,1
256185,256186,256188,2,1
256185,256186,256188,2,1
256185,256186,256188,2,1
256185,256186,256188,2,1
256188,256188,256190,2,0
256188,256188,256190,2,0
256188,256188,256189,1,0
256188,256188,256190,2,0
256188,256188,256189,1,0
256188,256188,256190,2,0
256188,256188,256190,2,0
256188,256188,256190,2,0
256188,256188,256189,1,0
256188,256188,256190,2,0
256188,256188,256190,2,0
256188,256188,256190,2,0
256188,256188,256190,2,0
256188,256188,256190,2,0
256188,256188,256189,1,0
256188,256188,256190,2,0
256188,256188,256190,2,0
256188,256188,256190,2,0
256188,256188,256190,2,0
256188,256188,256190,2,0
256188,256188,256190,2,0
256188,256188,256190,2,0
256188,256188,256190,2,0
256188,256188,256190,2,0
256188,256188,256190,2,0
256188,256188,256190,2,0
256188,256188,256190,2,0
256188,256188,256190,2,0
256188,256188,256190,2,0
256188,256188,256191,3,0
256188,256188,256190,2,0
256188,256188,256190,2,0
256188,256189,256190,1,1
256188,256188,256191,3,0
256188,256189,256191,2,1
256188,256188,256190,2,0
256188,256189,256190,1,1
256188,256189,256191,2,1
256188,256188,256196,8,0
256188,256188,256196,8,0
256188,256188,256196,8,0
256188,256188,256198,10,0
256178,256178,256206,28,0
256185,256195,256206,11,10
256185,256195,256206,11,10
256185,256195,256206,11,10
256185,256195,256206,11,10
256188,256195,256206,11,7
256188,256195,256206,11,7
256178,256178,256207,29,0
256178,256178,256207,29,0
256178,256179,256207,28,1
256185,256186,256210,24,1
256001,256001,256217,216,0
256219,256219,256220,1,0
256219,256219,256221,2,0
256219,256219,256221,2,0
256219,256219,256221,2,0
256219,256219,256220,1,0
256219,256219,256221,2,0
256219,256219,256221,2,0
256219,256219,256221,2,0
256219,256219,256221,2,0
256219,256219,256221,2,0
256219,256219,256221,2,0
256219,256219,256221,2,0
256219,256219,256221,2,0
256219,256219,256220,1,0
256219,256219,256221,2,0
256219,256219,256221,2,0
256219,256219,256221,2,0
256219,256219,256221,2,0
256219,256219,256221,2,0
256219,256219,256221,2,0
256219,256219,256221,2,0
256219,256219,256221,2,0
256219,256219,256221,2,0
256219,256219,256221,2,0
256219,256219,256222,3,0
256219,256219,256221,2,0
256219,256219,256221,2,0
256219,256219,256222,3,0
256219,256219,256222,3,0
256219,256219,256221,2,0
256219,256219,256221,2,0
256219,256219,256221,2,0
256185,256186,256227,41,1
256185,256186,256239,53,1
256185,256186,256239,53,1
256188,256188,256239,51,0
256219,256219,256240,21,0
256098,256098,256240,142,0
256243,256243,256244,1,0
256243,256243,256244,1,0
256243,256243,256244,1,0
256243,256243,256245,2,0
256243,256243,256244,1,0
256243,256243,256244,1,0
256243,256243,256245,2,0
256243,256243,256245,2,0
256243,256243,256245,2,0
256243,256243,256245,2,0
256243,256243,256245,2,0
256243,256243,256245,2,0
256243,256243,256244,1,0
256243,256243,256245,2,0
256243,256243,256245,2,0
256243,256243,256245,2,0
256243,256243,256245,2,0
256243,256243,256245,2,0
256243,256243,256244,1,0
256243,256243,256245,2,0
256243,256243,256245,2,0
256243,256243,256245,2,0
256243,256243,256245,2,0
256243,256243,256245,2,0
256243,256243,256245,2,0
256243,256243,256245,2,0
256243,256243,256245,2,0
256243,256243,256245,2,0
256243,256243,256246,3,0
256243,256243,256246,3,0
256243,256243,256246,3,0
256243,256243,256246,3,0
256243,256243,256246,3,0
256243,256243,256246,3,0
256243,256243,256246,3,0
256243,256243,256246,3,0
256243,256243,256246,3,0
256243,256243,256245,2,0
256219,256219,256246,27,0
256219,256219,256246,27,0
256219,256219,256246,27,0
256219,256219,256246,27,0
256219,256219,256246,27,0
256243,256243,256246,3,0
256219,256219,256246,27,0
256243,256243,256248,5,0
256243,256243,256247,4,0
256243,256243,256248,5,0
256243,256243,256248,5,0
256243,256243,256249,6,0
256243,256243,256248,5,0
256219,256219,256250,31,0
256219,256219,256250,31,0
256219,256219,256250,31,0
256219,256219,256251,32,0
256219,256219,256251,32,0
256219,256219,256250,31,0
256096,256097,256268,171,1
256270,256270,256271,1,0
256270,256270,256272,2,0
256270,256270,256272,2,0
256270,256270,256272,2,0
256270,256270,256272,2,0
256270,256270,256272,2,0
256270,256270,256272,2,0
256270,256270,256272,2,0
256270,256270,256272,2,0
256270,256270,256272,2,0
256270,256270,256271,1,0
256270,256270,256272,2,0
256270,256270,256272,2,0
256270,256270,256272,2,0
256270,256270,256272,2,0
256270,256270,256272,2,0
256270,256270,256272,2,0
256270,256270,256272,2,0
256270,256270,256272,2,0
256270,256270,256272,2,0
256270,256270,256272,2,0
256270,256270,256272,2,0
256270,256270,256272,2,0
256270,256270,256272,2,0
256270,256270,256272,2,0
256270,256270,256272,2,0
256270,256270,256272,2,0
256270,256270,256272,2,0
256270,256270,256272,2,0
256270,256270,256272,2,0
256270,256270,256272,2,0
256270,256270,256272,2,0
256270,256271,256273,2,1
256270,256271,256273,2,1
256270,256271,256273,2,1
256270,256270,256272,2,0
256270,256270,256273,3,0
256270,256270,256273,3,0
256270,256270,256272,2,0
256101,256101,256275,174,0
256093,256095,256276,181,2
256081,256081,256277,196,0
256276,256276,256278,2,0
256276,256276,256278,2,0
256276,256276,256278,2,0
256276,256276,256278,2,0
256276,256276,256278,2,0
256276,256276,256278,2,0
256276,256276,256278,2,0
256276,256276,256277,1,0
256276,256276,256278,2,0
256276,256276,256278,2,0
256276,256276,256278,2,0
256276,256276,256277,1,0
256276,256276,256278,2,0
256270,256270,256278,8,0
256270,256270,256278,8,0
256270,256270,256278,8,0
256270,256270,256278,8,0
256276,256276,256277,1,0
256276,256276,256278,2,0
256276,256276,256278,2,0
256276,256276,256278,2,0
256276,256276,256278,2,0
256276,256276,256278,2,0
256276,256276,256277,1,0
256276,256276,256277,1,0
256276,256276,256278,2,0
256276,256276,256278,2,0
256276,256276,256278,2,0
256276,256276,256278,2,0
256276,256276,256278,2,0
256276,256276,256278,2,0
256276,256276,256277,1,0
256270,256270,256278,8,0
256276,256276,256278,2,0
256276,256276,256278,2,0
256278,256278,256279,1,0
256276,256276,256279,3,0
256276,256276,256279,3,0
256276,256276,256279,3,0
256276,256276,256279,3,0
256057,256057,256278,221,0
256104,256104,256278,174,0
256276,256276,256278,2,0
256276,256276,256278,2,0
256276,256276,256279,3,0
256276,256276,256278,2,0
256276,256276,256278,2,0
256270,256270,256279,9,0
256276,256276,256279,3,0
256278,256278,256279,1,0
256278,256278,256279,1,0
256278,256278,256279,1,0
256278,256278,256280,2,0
256278,256278,256280,2,0
256278,256278,256280,2,0
256278,256278,256279,1,0
256278,256278,256279,1,0
256278,256278,256279,1,0
256278,256278,256280,2,0
256278,256278,256280,2,0
256278,256278,256280,2,0
256278,256278,256279,1,0
256278,256278,256279,1,0
256278,256278,256279,1,0
256278,256278,256280,2,0
256278,256278,256279,1,0
256278,256278,256279,1,0
256278,256278,256279,1,0
256278,256278,256279,1,0
256278,256278,256279,1,0
256278,256278,256280,2,0
256278,256278,256280,2,0
256278,256278,256279,1,0
256278,256278,256280,2,0
256278,256278,256280,2,0
256278,256278,256280,2,0
256278,256278,256280,2,0
256278,256278,256280,2,0
256278,256278,256280,2,0
256278,256278,256280,2,0
256278,256278,256281,3,0
256278,256278,256280,2,0
256278,256279,256280,1,1
256278,256279,256280,1,1
256278,256279,256280,1,1
256278,256279,256280,1,1
256278,256278,256280,2,0
256278,256278,256281,3,0
256276,256276,256283,7,0
256281,256281,256283,2,0
256281,256281,256283,2,0
256281,256281,256283,2,0
256281,256281,256283,2,0
256281,256281,256283,2,0
256281,256281,256283,2,0
256281,256281,256283,2,0
256281,256281,256283,2,0
256281,256281,256283,2,0
256281,256281,256283,2,0
256281,256281,256283,2,0
256281,256281,256283,2,0
256281,256281,256283,2,0
256281,256281,256283,2,0
256281,256281,256283,2,0
256281,256281,256283,2,0
256281,256281,256283,2,0
256281,256281,256283,2,0
256281,256281,256283,2,0
256281,256281,256283,2,0
256281,256281,256283,2,0
256281,256281,256283,2,0
256281,256281,256283,2,0
256281,256281,256283,2,0
256281,256281,256283,2,0
256281,256281,256283,2,0
256281,256281,256283,2,0
256281,256281,256283,2,0
256281,256281,256283,2,0
256281,256282,256283,1,1
256281,256281,256283,2,0
256281,256281,256283,2,0
256281,256282,256283,1,1
256281,256282,256283,1,1
256281,256282,256284,2,1
256281,256281,256284,3,0
256281,256284,256285,1,3
256281,256284,256285,1,3
256281,256281,256284,3,0
256281,256282,256284,2,1
256281,256282,256284,2,1
256276,256276,256285,9,0
256278,256278,256285,7,0
256278,256278,256286,8,0
256278,256278,256286,8,0
256278,256278,256286,8,0
256281,256284,256285,1,3
256281,256284,256285,1,3
256281,256284,256285,1,3
256281,256284,256286,2,3
256281,256284,256286,2,3
256281,256284,256285,1,3
256281,256284,256285,1,3
256281,256284,256285,1,3
256281,256284,256285,1,3
256281,256284,256286,2,3
256281,256284,256285,1,3
256281,256284,256286,2,3
256281,256284,256286,2,3
256281,256284,256286,2,3
256281,256284,256286,2,3
256281,256284,256286,2,3
256281,256284,256285,1,3
256281,256284,256285,1,3
256281,256284,256286,2,3
256281,256284,256286,2,3
256281,256284,256285,1,3
256284,256285,256286,1,1
256281,256284,256286,2,3
256281,256284,256286,2,3
256281,256284,256286,2,3
256281,256284,256286,2,3
256281,256284,256286,2,3
256281,256284,256285,1,3
256281,256284,256285,1,3
256281,256284,256286,2,3
256281,256284,256286,2,3
256281,256284,256286,2,3
256284,256285,256286,1,1
256284,256285,256286,1,1
256278,256278,256286,8,0
256281,256285,256286,1,4
256284,256286,256287,1,2
256284,256285,256286,1,1
256281,256284,256286,2,3
256281,256284,256286,2,3
256276,256276,256286,10,0
256276,256276,256287,11,0
256276,256276,256287,11,0
256281,256281,256287,6,0
256281,256281,256287,6,0
256281,256281,256287,6,0
256281,256281,256287,6,0
256281,256282,256287,5,1
256281,256282,256287,5,1
256284,256286,256287,1,2
256284,256286,256287,1,2
256284,256286,256287,1,2
256284,256286,256287,1,2
256284,256287,256288,1,3
256284,256286,256288,2,2
256284,256286,256287,1,2
256284,256286,256288,2,2
256284,256286,256288,2,2
256284,256286,256288,2,2
256284,256286,256288,2,2
256284,256286,256288,2,2
256284,256286,256288,2,2
256284,256286,256288,2,2
256284,256286,256288,2,2
256284,256286,256288,2,2
256284,256286,256288,2,2
256284,256286,256288,2,2
256284,256286,256288,2,2
256284,256286,256288,2,2
256284,256286,256288,2,2
256284,256286,256288,2,2
256284,256286,256288,2,2
256284,256286,256288,2,2
256284,256286,256288,2,2
256284,256286,256288,2,2
256281,256288,256303,15,7
256281,256288,256303,15,7
256281,256288,256303,15,7
256281,256288,256303,15,7
256281,256288,256303,15,7
256281,256288,256303,15,7
256281,256288,256303,15,7
256284,256286,256303,17,2
256284,256286,256303,17,2
256284,256286,256303,17,2
256284,256286,256303,17,2
256284,256287,256303,16,3
256284,256286,256303,17,2
256284,256286,256303,17,2
256281,256283,256303,20,2
256284,256285,256303,18,1
256281,256282,256304,22,1
256145,256148,256305,157,3
256150,256155,256305,150,5
256284,256286,256308,22,2
256307,256307,256308,1,0
256307,256307,256308,1,0
256307,256307,256309,2,0
256307,256307,256309,2,0
256307,256307,256309,2,0
256307,256307,256309,2,0
256307,256307,256308,1,0
256307,256307,256309,2,0
256307,256307,256309,2,0
256307,256307,256309,2,0
256307,256307,256308,1,0
256307,256307,256308,1,0
256307,256307,256308,1,0
256307,256307,256309,2,0
256307,256307,256309,2,0
256307,256307,256308,1,0
256307,256307,256308,1,0
256307,256307,256309,2,0
256307,256307,256308,1,0
256307,256307,256308,1,0
256307,256307,256308,1,0
256307,256307,256309,2,0
256307,256307,256309,2,0
256307,256307,256309,2,0
256307,256307,256309,2,0
256307,256307,256309,2,0
256307,256307,256309,2,0
256307,256307,256309,2,0
256284,256286,256308,22,2
256284,256286,256309,23,2
256284,256286,256309,23,2
256284,256286,256309,23,2
256284,256286,256309,23,2
256307,256307,256310,3,0
256307,256307,256309,2,0
256307,256307,256309,2,0
256307,256309,256310,1,2
256307,256309,256310,1,2
256307,256307,256309,2,0
256307,256307,256309,2,0
256307,256307,256309,2,0
256307,256307,256309,2,0
256307,256307,256309,2,0
256307,256307,256309,2,0
256307,256307,256309,2,0
256307,256307,256309,2,0
256307,256307,256310,3,0
256307,256307,256310,3,0
256307,256307,256310,3,0
256307,256308,256309,1,1
256307,256309,256310,1,2
256307,256309,256310,1,2
256307,256309,256311,2,2
256307,256309,256310,1,2
256307,256309,256311,2,2
256307,256309,256311,2,2
256307,256309,256312,3,2
256307,256309,256311,2,2
256307,256309,256312,3,2
256307,256309,256312,3,2
256307,256309,256312,3,2
256307,256309,256312,3,2
256307,256309,256312,3,2
256307,256309,256312,3,2
256307,256309,256312,3,2
256307,256309,256312,3,2
256307,256309,256312,3,2
256307,256309,256312,3,2
256307,256309,256312,3,2
256307,256309,256312,3,2
256307,256309,256312,3,2
256307,256309,256312,3,2
256307,256309,256312,3,2
256307,256309,256312,3,2
256307,256309,256311,2,2
256307,256309,256312,3,2
256307,256309,256312,3,2
256307,256309,256312,3,2
256307,256309,256312,3,2
256307,256307,256313,6,0
256307,256307,256313,6,0
256307,256307,256314,7,0
256307,256307,256313,6,0
256307,256307,256313,6,0
256307,256307,256309,2,0
256307,256307,256309,2,0
256307,256307,256309,2,0
256307,256318,256320,2,11
256307,256318,256320,2,11
256307,256307,256323,16,0
256307,256307,256323,16,0
256307,256307,256324,17,0
256307,256307,256325,18,0
256307,256307,256326,19,0
256307,256307,256325,18,0
256148,256152,256330,178,4
256154,256155,256330,175,1
256333,256334,256335,1,1
256333,256334,256335,1,1
256333,256334,256335,1,1
256333,256334,256335,1,1
256333,256334,256335,1,1
256333,256334,256335,1,1
256333,256334,256335,1,1
256333,256334,256335,1,1
256333,256334,256335,1,1
256333,256334,256336,2,1
256333,256334,256335,1,1
256333,256334,256335,1,1
256333,256334,256336,2,1
256333,256334,256335,1,1
256333,256334,256335,1,1
256333,256334,256335,1,1
256333,256334,256335,1,1
256333,256334,256336,2,1
256333,256334,256335,1,1
256333,256334,256335,1,1
256333,256334,256335,1,1
256333,256334,256335,1,1
256333,256334,256335,1,1
256333,256334,256336,2,1
256333,256334,256336,2,1
256333,256334,256336,2,1
256333,256334,256336,2,1
256333,256334,256336,2,1
256333,256334,256336,2,1
256333,256334,256336,2,1
256333,256334,256336,2,1
256333,256334,256336,2,1
256333,256334,256337,3,1
256333,256334,256336,2,1
256333,256334,256336,2,1
256333,256334,256336,2,1
256333,256334,256336,2,1
256333,256334,256336,2,1
256333,256334,256337,3,1
256333,256334,256336,2,1
256333,256334,256339,5,1
256333,256334,256340,6,1
256333,256334,256340,6,1
256333,256334,256340,6,1
256339,256339,256340,1,0
256339,256339,256341,2,0
256339,256339,256341,2,0
256339,256339,256340,1,0
256339,256339,256341,2,0
256339,256339,256341,2,0
256339,256339,256340,1,0
256339,256339,256340,1,0
256339,256339,256340,1,0
256339,256339,256341,2,0
256339,256339,256341,2,0
256339,256339,256341,2,0
256339,256339,256340,1,0
256339,256339,256340,1,0
256339,256339,256341,2,0
256339,256339,256341,2,0
256339,256339,256340,1,0
256339,256339,256341,2,0
256339,256339,256341,2,0
256339,256339,256341,2,0
256339,256339,256340,1,0
256339,256339,256341,2,0
256339,256339,256341,2,0
256339,256339,256341,2,0
256339,256339,256341,2,0
256339,256339,256341,2,0
256339,256339,256341,2,0
256339,256339,256341,2,0
256339,256339,256341,2,0
256333,256334,256340,6,1
256339,256339,256340,1,0
256339,256339,256341,2,0
256339,256339,256341,2,0
256339,256339,256341,2,0
256339,256339,256341,2,0
256339,256339,256341,2,0
256339,256339,256342,3,0
256339,256339,256341,2,0
256339,256339,256341,2,0
256339,256339,256341,2,0
256339,256339,256341,2,0
256186,256187,256350,163,1
256180,256184,256351,167,4
256339,256339,256351,12,0
256339,256339,256352,13,0
256339,256339,256353,14,0
256352,256352,256353,1,0
256352,256352,256353,1,0
256352,256352,256353,1,0
256352,256352,256354,2,0
256352,256352,256353,1,0
256352,256352,256353,1,0
256352,256352,256354,2,0
256352,256352,256354,2,0
256184,256184,256354,170,0
256352,256352,256353,1,0
256352,256352,256353,1,0
256352,256352,256354,2,0
256352,256352,256353,1,0
256352,256352,256354,2,0
256352,256352,256354,2,0
256352,256352,256354,2,0
256352,256352,256353,1,0
256352,256352,256353,1,0
256352,256352,256354,2,0
256352,256352,256354,2,0
256352,256352,256354,2,0
256352,256352,256354,2,0
256352,256352,256354,2,0
256352,256352,256354,2,0
256352,256352,256354,2,0
256352,256352,256354,2,0
256352,256352,256354,2,0
256352,256352,256354,2,0
256352,256352,256354,2,0
256352,256352,256354,2,0
256352,256352,256354,2,0
256354,256354,256355,1,0
256352,256352,256354,2,0
256354,256354,256355,1,0
256352,256352,256354,2,0
256352,256352,256354,2,0
256354,256354,256355,1,0
256354,256354,256355,1,0
256354,256354,256355,1,0
256354,256354,256355,1,0
256354,256354,256356,2,0
256354,256354,256356,2,0
256354,256354,256356,2,0
256354,256354,256356,2,0
256354,256354,256355,1,0
256354,256354,256356,2,0
256354,256354,256356,2,0
256354,256354,256356,2,0
256354,256354,256356,2,0
256354,256354,256355,1,0
256354,256354,256355,1,0
256354,256354,256356,2,0
256354,256354,256356,2,0
256354,256354,256355,1,0
256354,256354,256355,1,0
256354,256354,256355,1,0
256354,256354,256356,2,0
256354,256354,256355,1,0
256354,256354,256355,1,0
256354,256354,256356,2,0
256354,256354,256356,2,0
256354,256354,256356,2,0
256354,256354,256356,2,0
256354,256354,256356,2,0
256354,256354,256356,2,0
256354,256354,256356,2,0
256354,256354,256356,2,0
256354,256354,256356,2,0
256354,256354,256356,2,0
256354,256354,256356,2,0
256354,256355,256356,1,1
256354,256355,256356,1,1
256339,256339,256356,17,0
256352,256356,256357,1,4
256354,256355,256356,1,1
256354,256355,256356,1,1
256354,256355,256356,1,1
256354,256355,256357,2,1
256354,256355,256356,1,1
256339,256339,256357,18,0
256352,256356,256357,1,4
256352,256356,256357,1,4
256352,256356,256357,1,4
256352,256356,256358,2,4
256352,256356,256358,2,4
256352,256356,256358,2,4
256356,256356,256358,2,0
256356,256356,256358,2,0
256356,256356,256358,2,0
256356,256356,256358,2,0
256356,256356,256358,2,0
256356,256356,256358,2,0
256356,256356,256358,2,0
256356,256356,256358,2,0
256356,256356,256358,2,0
256356,256356,256358,2,0
256356,256356,256358,2,0
256356,256356,256358,2,0
256356,256356,256358,2,0
256356,256356,256358,2,0
256356,256356,256358,2,0
256356,256356,256358,2,0
256356,256356,256358,2,0
256356,256356,256358,2,0
256356,256356,256358,2,0
256356,256356,256358,2,0
256356,256356,256358,2,0
256356,256356,256358,2,0
256356,256356,256358,2,0
256356,256356,256358,2,0
256356,256356,256358,2,0
256356,256356,256358,2,0
256356,256356,256358,2,0
256356,256356,256358,2,0
256189,256189,256358,169,0
256356,256357,256359,2,1
256356,256357,256358,1,1
256356,256357,256359,2,1
256356,256357,256359,2,1
256356,256357,256358,1,1
256356,256357,256358,1,1
256356,256357,256359,2,1
256356,256356,256359,3,0
256356,256356,256359,3,0
256356,256357,256359,2,1
256356,256357,256359,2,1
256354,256354,256359,5,0
256354,256354,256359,5,0
256359,256359,256361,2,0
256359,256359,256361,2,0
256356,256357,256361,4,1
256359,256360,256361,1,1
256359,256359,256361,2,0
256356,256356,256360,4,0
256352,256358,256362,4,6
256352,256358,256362,4,6
256359,256359,256361,2,0
256359,256359,256361,2,0
256359,256359,256361,2,0
256359,256360,256361,1,1
256359,256360,256361,1,1
256359,256360,256362,2,1
256359,256360,256362,2,1
256359,256359,256361,2,0
256359,256359,256361,2,0
256359,256360,256362,2,1
256359,256360,256362,2,1
256359,256360,256362,2,1
256359,256360,256361,1,1
256359,256359,256361,2,0
256359,256360,256361,1,1
256359,256360,256362,2,1
256359,256360,256362,2,1
256359,256360,256362,2,1
256359,256360,256362,2,1
256359,256360,256362,2,1
256359,256360,256361,1,1
256359,256360,256361,1,1
256359,256360,256362,2,1
256359,256360,256362,2,1
256359,256360,256362,2,1
256359,256359,256361,2,0
256359,256359,256361,2,0
256359,256359,256361,2,0
256359,256360,256362,2,1
256359,256360,256362,2,1
256359,256360,256362,2,1
256359,256360,256362,2,1
256359,256360,256362,2,1
256359,256360,256362,2,1
256359,256360,256362,2,1
256356,256356,256362,6,0
256356,256356,256362,6,0
256356,256356,256362,6,0
256356,256356,256362,6,0
256352,256358,256362,4,6
256352,256358,256363,5,6
256352,256358,256362,4,6
256359,256360,256363,3,1
256359,256360,256363,3,1
256359,256360,256364,4,1
256359,256360,256364,4,1
256359,256360,256365,5,1
256220,256220,256366,146,0
256369,256369,256370,1,0
256369,256369,256371,2,0
256369,256369,256371,2,0
256369,256369,256371,2,0
256369,256369,256370,1,0
256369,256369,256371,2,0
256369,256369,256370,1,0
256369,256369,256370,1,0
256369,256369,256371,2,0
256369,256369,256371,2,0
256369,256369,256371,2,0
256369,256369,256371,2,0
256369,256369,256370,1,0
256369,256369,256371,2,0
256369,256369,256371,2,0
256369,256369,256370,1,0
256369,256369,256370,1,0
256369,256369,256371,2,0
256369,256369,256370,1,0
256369,256369,256371,2,0
256369,256369,256371,2,0
256369,256369,256371,2,0
256369,256369,256371,2,0
256369,256369,256371,2,0
256369,256369,256371,2,0
256369,256369,256371,2,0
256369,256369,256371,2,0
256369,256369,256371,2,0
256369,256369,256371,2,0
256369,256369,256371,2,0
256369,256369,256371,2,0
256369,256369,256371,2,0
256359,256360,256374,14,1
256369,256369,256375,6,0
256369,256369,256375,6,0
256369,256369,256376,7,0
256369,256369,256376,7,0
256369,256369,256376,7,0
256369,256369,256376,7,0
256369,256369,256376,7,0
256369,256369,256376,7,0
256369,256369,256376,7,0
256369,256369,256376,7,0
256369,256369,256376,7,0
256277,256277,256397,120,0
256196,256196,256398,202,0
256369,256369,256399,30,0
256398,256399,256400,1,1
256398,256399,256400,1,1
256398,256399,256400,1,1
256398,256399,256400,1,1
256398,256399,256400,1,1
256398,256399,256400,1,1
256398,256399,256401,2,1
256398,256399,256400,1,1
256398,256399,256400,1,1
256398,256399,256400,1,1
256398,256399,256400,1,1
256398,256399,256400,1,1
256398,256399,256401,2,1
256192,256192,256400,208,0
256398,256399,256400,1,1
256398,256399,256400,1,1
256398,256399,256400,1,1
256398,256399,256400,1,1
256398,256399,256400,1,1
256369,256369,256400,31,0
256398,256399,256400,1,1
256398,256399,256400,1,1
256398,256399,256400,1,1
256398,256399,256400,1,1
256398,256399,256400,1,1
256398,256399,256401,2,1
256398,256399,256401,2,1
256398,256399,256401,2,1
256399,256399,256401,2,0
256399,256399,256401,2,0
256399,256399,256401,2,0
256398,256399,256400,1,1
256398,256399,256401,2,1
256398,256399,256401,2,1
256399,256399,256400,1,0
256399,256399,256400,1,0
256399,256399,256400,1,0
256398,256399,256400,1,1
256398,256399,256401,2,1
256398,256399,256401,2,1
256398,256399,256401,2,1
256399,256399,256401,2,0
256399,256399,256401,2,0
256399,256399,256401,2,0
256398,256399,256401,2,1
256398,256399,256401,2,1
256398,256399,256401,2,1
256399,256399,256400,1,0
256399,256399,256400,1,0
256399,256399,256400,1,0
256399,256399,256400,1,0
256399,256400,256401,1,1
256398,256400,256401,1,2
256398,256400,256401,1,2
256398,256399,256401,2,1
256398,256399,256401,2,1
256398,256399,256401,2,1
256399,256400,256401,1,1
256399,256400,256401,1,1
256398,256400,256402,2,2
256398,256400,256402,2,2
256398,256400,256402,2,2
256399,256400,256402,2,1
256399,256400,256401,1,1
256399,256401,256402,1,2
256399,256401,256402,1,2
256399,256401,256402,1,2
256399,256401,256403,2,2
256399,256401,256402,1,2
256399,256401,256402,1,2
256399,256401,256402,1,2
256399,256401,256403,2,2
256399,256401,256403,2,2
256399,256401,256402,1,2
256399,256401,256403,2,2
256399,256401,256403,2,2
256399,256401,256402,1,2
256399,256401,256403,2,2
256399,256401,256403,2,2
256399,256401,256403,2,2
256399,256401,256403,2,2
256399,256401,256403,2,2
256399,256401,256403,2,2
256399,256401,256403,2,2
256399,256401,256403,2,2
256399,256401,256403,2,2
256399,256401,256403,2,2
256399,256401,256403,2,2
256399,256401,256403,2,2
256403,256403,256404,1,0
256403,256403,256405,2,0
256403,256403,256405,2,0
256403,256403,256405,2,0
256245,256245,256405,160,0
256403,256403,256405,2,0
256403,256403,256405,2,0
256403,256403,256405,2,0
256403,256403,256405,2,0
256403,256403,256405,2,0
256403,256403,256405,2,0
256403,256403,256405,2,0
256403,256403,256405,2,0
256403,256403,256405,2,0
256403,256403,256405,2,0
256403,256403,256405,2,0
256403,256403,256405,2,0
256403,256403,256405,2,0
256403,256403,256405,2,0
256403,256403,256405,2,0
256403,256403,256405,2,0
256403,256403,256405,2,0
256403,256403,256405,2,0
256403,256403,256405,2,0
256403,256403,256405,2,0
256403,256403,256405,2,0
256403,256403,256405,2,0
256403,256403,256405,2,0
256403,256403,256406,3,0
256403,256403,256405,2,0
256403,256403,256406,3,0
256403,256403,256405,2,0
256403,256403,256406,3,0
256403,256403,256405,2,0
256403,256403,256405,2,0
256403,256403,256405,2,0
256403,256403,256406,3,0
256403,256403,256406,3,0
256403,256403,256406,3,0
256398,256399,256405,6,1
256399,256400,256405,5,1
256399,256401,256406,5,2
256406,256406,256407,1,0
256406,256406,256407,1,0
256406,256406,256407,1,0
256406,256406,256407,1,0
256406,256406,256407,1,0
256406,256406,256407,1,0
256406,256406,256407,1,0
256406,256406,256407,1,0
256406,256406,256407,1,0
256406,256406,256408,2,0
256406,256406,256408,2,0
256406,256406,256407,1,0
256406,256406,256407,1,0
256406,256406,256407,1,0
256406,256406,256407,1,0
256406,256406,256408,2,0
256406,256406,256408,2,0
256406,256406,256407,1,0
256406,256406,256407,1,0
256406,256406,256407,1,0
256406,256406,256408,2,0
256406,256406,256407,1,0
256406,256406,256407,1,0
256406,256406,256407,1,0
256406,256406,256408,2,0
256406,256406,256408,2,0
256406,256406,256408,2,0
256406,256406,256408,2,0
256406,256406,256408,2,0
256406,256406,256408,2,0
256406,256406,256408,2,0
256406,256406,256408,2,0
256406,256406,256408,2,0
256406,256406,256408,2,0
256406,256406,256408,2,0
256285,256287,256426,139,2
256406,256406,256427,21,0
256403,256403,256428,25,0
256403,256403,256428,25,0
256403,256403,256429,26,0
256403,256403,256429,26,0
256403,256403,256428,25,0
256403,256403,256429,26,0
256406,256406,256429,23,0
256406,256406,256429,23,0
256406,256406,256428,22,0
256406,256406,256428,22,0
256406,256406,256428,22,0
256403,256403,256430,27,0
256406,256406,256430,24,0
256406,256406,256429,23,0
256406,256406,256429,23,0
256406,256406,256430,24,0
256428,256428,256429,1,0
256428,256428,256429,1,0
256428,256428,256429,1,0
256428,256428,256429,1,0
256428,256428,256430,2,0
256428,256428,256430,2,0
256428,256428,256430,2,0
256428,256428,256429,1,0
256428,256428,256430,2,0
256428,256428,256430,2,0
256428,256428,256429,1,0
256428,256428,256429,1,0
256428,256428,256430,2,0
256428,256428,256430,2,0
256428,256428,256430,2,0
256428,256428,256430,2,0
256428,256428,256430,2,0
256428,256428,256430,2,0
256428,256428,256429,1,0
256428,256428,256430,2,0
256428,256428,256430,2,0
256428,256428,256430,2,0
256428,256428,256430,2,0
256428,256428,256430,2,0
256428,256428,256429,1,0
256428,256428,256429,1,0
256428,256428,256430,2,0
256428,256428,256430,2,0
256428,256428,256431,3,0
256428,256428,256430,2,0
256428,256428,256430,2,0
256428,256428,256430,2,0
256428,256428,256431,3,0
256428,256428,256430,2,0
256428,256428,256430,2,0
256428,256428,256430,2,0
256428,256428,256430,2,0
256428,256428,256430,2,0
256428,256428,256430,2,0
256428,256428,256430,2,0
256428,256428,256431,3,0
256428,256428,256431,3,0
256428,256428,256430,2,0
256428,256428,256431,3,0
256283,256285,256431,146,2
256428,256428,256431,3,0
256432,256433,256434,1,1
256432,256433,256434,1,1
256432,256433,256434,1,1
256432,256433,256434,1,1
256432,256433,256434,1,1
256432,256433,256434,1,1
256432,256433,256434,1,1
256432,256433,256434,1,1
256432,256433,256434,1,1
256432,256433,256434,1,1
256432,256433,256434,1,1
256432,256433,256434,1,1
256432,256433,256434,1,1
256432,256433,256434,1,1
256432,256433,256434,1,1
256432,256433,256434,1,1
256432,256433,256434,1,1
256308,256310,256435,125,2
256432,256433,256434,1,1
256432,256433,256434,1,1
256432,256433,256434,1,1
256432,256433,256434,1,1
256432,256433,256434,1,1
256432,256433,256434,1,1
256432,256433,256434,1,1
256432,256433,256434,1,1
256432,256433,256434,1,1
256432,256433,256435,2,1
256432,256433,256434,1,1
256432,256433,256435,2,1
256432,256433,256435,2,1
256432,256433,256435,2,1
256432,256433,256435,2,1
256271,256271,256435,164,0
256432,256433,256435,2,1
256432,256433,256435,2,1
256432,256433,256435,2,1
256432,256433,256435,2,1
256432,256433,256436,3,1
256432,256433,256436,3,1
256432,256433,256436,3,1
256436,256436,256437,1,0
256436,256436,256437,1,0
256436,256436,256438,2,0
256436,256436,256438,2,0
256436,256436,256437,1,0
256436,256436,256437,1,0
256436,256436,256438,2,0
256436,256436,256438,2,0
256436,256436,256438,2,0
256436,256436,256438,2,0
256436,256436,256437,1,0
256436,256436,256437,1,0
256436,256436,256437,1,0
256436,256436,256438,2,0
256436,256436,256438,2,0
256436,256436,256438,2,0
256436,256436,256437,1,0
256436,256436,256437,1,0
256436,256436,256438,2,0
256436,256436,256438,2,0
256436,256436,256438,2,0
256436,256436,256437,1,0
256436,256436,256437,1,0
256436,256436,256437,1,0
256436,256436,256437,1,0
256436,256436,256437,1,0
256436,256436,256438,2,0
256436,256436,256438,2,0
256436,256436,256437,1,0
256436,256436,256438,2,0
256436,256436,256438,2,0
256432,256433,256438,5,1
256436,256436,256438,2,0
256436,256436,256438,2,0
256436,256436,256438,2,0
256436,256436,256438,2,0
256436,256436,256438,2,0
256432,256433,256440,7,1
256440,256440,256443,3,0
256440,256440,256443,3,0
256440,256440,256443,3,0
256440,256440,256443,3,0
256440,256440,256443,3,0
256440,256440,256443,3,0
256440,256440,256443,3,0
256440,256440,256443,3,0
256440,256440,256443,3,0
256440,256440,256443,3,0
256440,256440,256443,3,0
256440,256440,256443,3,0
256440,256440,256443,3,0
256440,256440,256443,3,0
256440,256440,256443,3,0
256440,256440,256443,3,0
256440,256440,256443,3,0
256440,256440,256443,3,0
256440,256440,256443,3,0
256440,256440,256443,3,0
256440,256440,256443,3,0
256440,256440,256443,3,0
256440,256440,256443,3,0
256440,256440,256443,3,0
256440,256440,256443,3,0
256440,256440,256443,3,0
256440,256440,256443,3,0
256440,256440,256443,3,0
256440,256440,256443,3,0
256440,256440,256443,3,0
256440,256440,256443,3,0
256440,256440,256443,3,0
256440,256440,256443,3,0
256440,256440,256443,3,0
256440,256440,256443,3,0
256440,256440,256443,3,0
256440,256440,256443,3,0
256432,256433,256444,11,1
256440,256440,256444,4,0
256440,256440,256444,4,0
256440,256440,256444,4,0
256440,256440,256444,4,0
256440,256440,256444,4,0
256436,256436,256446,10,0
256432,256433,256447,14,1
256432,256433,256447,14,1
256436,256436,256449,13,0
256436,256436,256449,13,0
256436,256436,256449,13,0
256436,256436,256449,13,0
256432,256433,256452,19,1
256436,256436,256452,16,0
256436,256436,256453,17,0
256436,256436,256452,16,0
256440,256440,256453,13,0
256436,256436,256453,17,0
256440,256440,256459,19,0
256440,256440,256459,19,0
256358,256358,256465,107,0
256194,256194,256468,274,0
256198,256198,256469,271,0
256468,256468,256470,2,0
256468,256468,256470,2,0
256468,256468,256470,2,0
256468,256468,256470,2,0
256468,256468,256470,2,0
256468,256468,256470,2,0
256468,256468,256470,2,0
256468,256468,256470,2,0
256468,256468,256470,2,0
256468,256468,256470,2,0
256468,256468,256470,2,0
256468,256468,256470,2,0
256468,256468,256470,2,0
256468,256468,256470,2,0
256468,256468,256470,2,0
256468,256468,256470,2,0
256468,256468,256471,3,0
256468,256468,256471,3,0
256470,256470,256471,1,0
256470,256470,256471,1,0
256468,256468,256471,3,0
256468,256468,256471,3,0
256468,256468,256471,3,0
256470,256470,256472,2,0
256470,256470,256472,2,0
256468,256468,256471,3,0
256468,256468,256471,3,0
256470,256470,256472,2,0
256470,256470,256471,1,0
256468,256468,256471,3,0
256468,256468,256471,3,0
256468,256468,256471,3,0
256470,256470,256472,2,0
256468,256468,256471,3,0
256468,256468,256472,4,0
256470,256470,256472,2,0
256470,256470,256472,2,0
256468,256468,256472,4,0
256468,256468,256471,3,0
256468,256468,256472,4,0
256468,256468,256472,4,0
256468,256468,256472,4,0
256468,256468,256472,4,0
256468,256468,256472,4,0
256468,256468,256472,4,0
256468,256468,256473,5,0
256470,256470,256472,2,0
256470,256470,256472,2,0
256470,256470,256472,2,0
256470,256470,256472,2,0
256470,256470,256472,2,0
256468,256468,256472,4,0
256470,256470,256472,2,0
256470,256470,256472,2,0
256470,256470,256473,3,0
256468,256468,256472,4,0
256470,256470,256472,2,0
256470,256470,256472,2,0
256470,256470,256472,2,0
256470,256470,256472,2,0
256470,256471,256473,2,1
256470,256471,256474,3,1
256470,256471,256474,3,1
256470,256472,256474,2,2
256470,256472,256473,1,2
256470,256472,256474,2,2
256470,256471,256473,2,1
256470,256472,256474,2,2
256470,256472,256474,2,2
256472,256472,256474,2,0
256472,256472,256474,2,0
256472,256472,256474,2,0
256472,256472,256474,2,0
256472,256472,256474,2,0
256470,256471,256473,2,1
256472,256472,256474,2,0
256472,256472,256474,2,0
256470,256472,256474,2,2
256470,256472,256474,2,2
256470,256472,256474,2,2
256472,256472,256474,2,0
256470,256472,256474,2,2
256470,256472,256474,2,2
256472,256472,256474,2,0
256472,256472,256474,2,0
256472,256473,256475,2,1
256472,256473,256474,1,1
256472,256473,256474,1,1
256470,256471,256474,3,1
256470,256472,256474,2,2
256472,256473,256474,1,1
256472,256473,256474,1,1
256472,256473,256474,1,1
256472,256473,256475,2,1
256472,256473,256475,2,1
256472,256473,256475,2,1
256472,256473,256475,2,1
256472,256473,256475,2,1
256472,256473,256475,2,1
256472,256473,256475,2,1
256472,256473,256475,2,1
256472,256473,256475,2,1
256472,256473,256475,2,1
256472,256474,256475,1,2
256472,256474,256475,1,2
256472,256474,256475,1,2
256472,256473,256475,2,1
256472,256474,256476,2,2
256472,256473,256476,3,1
256472,256474,256476,2,2
256472,256473,256476,3,1
256472,256473,256476,3,1
256472,256473,256476,3,1
256472,256473,256476,3,1
256472,256475,256476,1,3
256468,256468,256477,9,0
256472,256474,256477,3,2
256468,256476,256478,2,8
256468,256476,256478,2,8
256470,256476,256478,2,6
256470,256476,256478,2,6
256470,256472,256478,6,2
256468,256476,256478,2,8
256470,256476,256478,2,6
256468,256468,256480,12,0
256468,256468,256481,13,0
256470,256470,256481,11,0
256472,256474,256482,8,2
256470,256470,256483,13,0
256279,256279,256483,204,0
256288,256288,256483,195,0
256470,256470,256485,15,0
256472,256474,256486,12,2
256472,256474,256487,13,2
256472,256474,256488,14,2
256487,256487,256489,2,0
256487,256487,256489,2,0
256487,256487,256489,2,0
256487,256487,256489,2,0
256487,256487,256489,2,0
256487,256487,256489,2,0
256487,256487,256488,1,0
256487,256487,256488,1,0
256487,256487,256489,2,0
256487,256487,256489,2,0
256487,256487,256489,2,0
256487,256487,256489,2,0
256487,256487,256489,2,0
256487,256487,256489,2,0
256487,256487,256489,2,0
256487,256487,256489,2,0
256487,256487,256489,2,0
256487,256487,256489,2,0
256487,256487,256489,2,0
256487,256487,256489,2,0
256487,256487,256489,2,0
256487,256487,256489,2,0
256487,256487,256489,2,0
256487,256487,256489,2,0
256487,256487,256490,3,0
256487,256487,256490,3,0
256487,256487,256489,2,0
256487,256487,256489,2,0
256487,256487,256489,2,0
256487,256487,256489,2,0
256487,256490,256491,1,3
256487,256490,256491,1,3
256487,256490,256491,1,3
256491,256491,256492,1,0
256491,256491,256493,2,0
256491,256491,256493,2,0
256491,256491,256493,2,0
256491,256491,256493,2,0
256491,256491,256493,2,0
256491,256491,256493,2,0
256491,256491,256493,2,0
256491,256491,256493,2,0
256491,256491,256492,1,0
256491,256491,256492,1,0
256491,256491,256493,2,0
256491,256491,256493,2,0
256491,256491,256493,2,0
256491,256491,256493,2,0
256491,256491,256493,2,0
256491,256491,256493,2,0
256491,256491,256492,1,0
256491,256491,256493,2,0
256491,256491,256493,2,0
256491,256491,256493,2,0
256491,256491,256493,2,0
256491,256491,256493,2,0
256491,256491,256493,2,0
256491,256491,256493,2,0
256491,256491,256493,2,0
256491,256491,256493,2,0
256491,256491,256493,2,0
256491,256491,256494,3,0
256491,256491,256493,2,0
256491,256491,256493,2,0
256491,256491,256493,2,0
256491,256491,256494,3,0
256491,256491,256493,2,0
256491,256491,256493,2,0
256491,256491,256493,2,0
256491,256491,256493,2,0
256491,256491,256493,2,0
256491,256491,256494,3,0
256491,256492,256494,2,1
256487,256487,256495,8,0
256487,256487,256495,8,0
256487,256487,256495,8,0
256487,256487,256495,8,0
256491,256491,256496,5,0
256491,256491,256497,6,0
256487,256487,256498,11,0
256487,256487,256498,11,0
256487,256487,256498,11,0
256487,256487,256498,11,0
256487,256487,256498,11,0
256487,256487,256498,11,0
256487,256487,256498,11,0
256487,256487,256498,11,0
256491,256491,256499,8,0
256491,256491,256501,10,0
256491,256491,256504,13,0
256370,256370,256507,137,0
256355,256355,256509,154,0
256508,256508,256510,2,0
256508,256508,256510,2,0
256508,256508,256510,2,0
256508,256508,256510,2,0
256508,256508,256510,2,0
256508,256508,256510,2,0
256508,256508,256509,1,0
256508,256508,256510,2,0
256508,256508,256510,2,0
256508,256508,256510,2,0
256508,256508,256510,2,0
256508,256508,256509,1,0
256508,256508,256510,2,0
256508,256508,256510,2,0
256508,256508,256510,2,0
256508,256508,256510,2,0
256508,256508,256510,2,0
256508,256508,256510,2,0
256508,256508,256510,2,0
256508,256508,256510,2,0
256508,256508,256510,2,0
256508,256508,256510,2,0
256508,256508,256510,2,0
256508,256508,256511,3,0
256508,256508,256510,2,0
256508,256508,256510,2,0
256508,256508,256510,2,0
256508,256508,256510,2,0
256508,256508,256510,2,0
256508,256508,256510,2,0
256508,256508,256510,2,0
256508,256508,256511,3,0
256508,256508,256510,2,0
256508,256508,256511,3,0
256508,256508,256510,2,0
256508,256508,256510,2,0
256508,256508,256510,2,0
256508,256508,256511,3,0
256510,256510,256511,1,0
256510,256510,256512,2,0
256510,256510,256512,2,0
256510,256510,256511,1,0
256510,256510,256511,1,0
256510,256510,256511,1,0
256510,256510,256512,2,0
256510,256510,256512,2,0
256510,256510,256511,1,0
256510,256510,256512,2,0
256510,256510,256512,2,0
256510,256510,256512,2,0
256510,256510,256511,1,0
256510,256510,256512,2,0
256510,256510,256512,2,0
256510,256510,256511,1,0
256510,256510,256511,1,0
256510,256510,256512,2,0
256510,256510,256512,2,0
256510,256510,256512,2,0
256510,256510,256512,2,0
256510,256510,256512,2,0
256510,256510,256512,2,0
256510,256510,256513,3,0
256510,256510,256512,2,0
256510,256510,256512,2,0
256510,256511,256513,2,1
256510,256511,256512,1,1
256510,256511,256513,2,1
256510,256511,256513,2,1
256510,256510,256513,3,0
256510,256510,256513,3,0
256510,256510,256513,3,0
256510,256511,256513,2,1
256510,256511,256513,2,1
256510,256511,256513,2,1
256510,256511,256513,2,1
256510,256511,256513,2,1
256510,256511,256513,2,1
256510,256510,256513,3,0
256510,256511,256513,2,1
256508,256508,256515,7,0
256508,256508,256515,7,0
256508,256508,256514,6,0
256510,256510,256516,6,0
256510,256510,256516,6,0
256340,256340,256520,180,0
256508,256508,256520,12,0
256508,256508,256520,12,0
256508,256508,256520,12,0
256508,256508,256520,12,0
256510,256510,256521,11,0
256314,256314,256521,207,0
256523,256524,256525,1,1
256523,256524,256525,1,1
256523,256523,256524,1,0
256523,256523,256524,1,0
256523,256523,256525,2,0
256523,256523,256525,2,0
256523,256523,256525,2,0
256523,256523,256525,2,0
256523,256523,256524,1,0
256523,256523,256525,2,0
256523,256523,256524,1,0
256523,256523,256525,2,0
256523,256523,256525,2,0
256523,256523,256524,1,0
256523,256523,256524,1,0
256523,256523,256525,2,0
256523,256523,256525,2,0
256523,256523,256525,2,0
256523,256523,256525,2,0
256523,256523,256524,1,0
256523,256523,256525,2,0
256523,256523,256524,1,0
256523,256523,256524,1,0
256523,256523,256525,2,0
256523,256523,256524,1,0
256523,256523,256524,1,0
256523,256523,256525,2,0
256523,256523,256525,2,0
256523,256523,256525,2,0
256523,256523,256525,2,0
256523,256523,256524,1,0
256523,256523,256524,1,0
256523,256523,256524,1,0
256523,256523,256524,1,0
256523,256523,256525,2,0
256523,256523,256525,2,0
256523,256523,256525,2,0
256523,256523,256525,2,0
256523,256523,256525,2,0
256523,256523,256526,3,0
256523,256523,256526,3,0
256523,256523,256525,2,0
256523,256523,256525,2,0
256523,256523,256525,2,0
256523,256523,256525,2,0
256523,256523,256525,2,0
256523,256523,256525,2,0
256523,256523,256525,2,0
256523,256523,256525,2,0
256523,256523,256525,2,0
256523,256523,256525,2,0
256523,256523,256525,2,0
256523,256525,256526,1,2
256523,256523,256525,2,0
256523,256523,256525,2,0
256523,256523,256525,2,0
256523,256523,256525,2,0
256523,256523,256525,2,0
256523,256525,256527,2,2
256523,256525,256527,2,2
256523,256525,256527,2,2
256523,256525,256527,2,2
256523,256525,256527,2,2
256523,256525,256527,2,2
256523,256525,256526,1,2
256523,256525,256527,2,2
256523,256525,256527,2,2
256523,256525,256527,2,2
256523,256525,256527,2,2
256523,256525,256527,2,2
256523,256525,256527,2,2
256523,256525,256527,2,2
256523,256525,256527,2,2
256523,256525,256527,2,2
256523,256525,256527,2,2
256523,256525,256527,2,2
256523,256525,256527,2,2
256523,256525,256527,2,2
256523,256525,256528,3,2
256523,256525,256527,2,2
256523,256525,256527,2,2
256523,256525,256527,2,2
256523,256525,256527,2,2
256523,256525,256527,2,2
256523,256525,256527,2,2
256523,256525,256527,2,2
256510,256511,256538,27,1
256434,256434,256544,110,0
256523,256523,256549,26,0
256549,256549,256550,1,0
256429,256429,256550,121,0
256549,256549,256551,2,0
256549,256549,256551,2,0
256549,256549,256551,2,0
256549,256549,256551,2,0
256549,256549,256551,2,0
256549,256549,256551,2,0
256549,256549,256551,2,0
256549,256549,256551,2,0
256549,256549,256551,2,0
256549,256549,256551,2,0
256549,256549,256551,2,0
256549,256549,256551,2,0
256549,256549,256551,2,0
256549,256549,256551,2,0
256549,256549,256551,2,0
256549,256549,256551,2,0
256549,256549,256551,2,0
256549,256549,256551,2,0
256549,256549,256551,2,0
256549,256549,256551,2,0
256549,256549,256551,2,0
256549,256549,256551,2,0
256549,256549,256551,2,0
256549,256550,256551,1,1
256549,256550,256551,1,1
256549,256550,256551,1,1
256549,256549,256551,2,0
256549,256549,256551,2,0
256549,256549,256551,2,0
256549,256549,256551,2,0
256549,256550,256551,1,1
256523,256523,256551,28,0
256549,256550,256551,1,1
256549,256550,256552,2,1
256549,256550,256552,2,1
256549,256550,256552,2,1
256549,256550,256552,2,1
256549,256549,256552,3,0
256549,256549,256552,3,0
256549,256549,256552,3,0
256551,256551,256552,1,0
256551,256551,256552,1,0
256551,256551,256552,1,0
256402,256402,256552,150,0
256551,256551,256553,2,0
256551,256551,256553,2,0
256549,256549,256552,3,0
256549,256549,256552,3,0
256549,256550,256552,2,1
256549,256550,256552,2,1
256551,256551,256553,2,0
256551,256551,256553,2,0
256551,256551,256553,2,0
256551,256551,256553,2,0
256551,256551,256553,2,0
256551,256552,256553,1,1
256551,256552,256553,1,1
256551,256551,256553,2,0
256551,256551,256553,2,0
256551,256552,256553,1,1
256551,256552,256553,1,1
256551,256552,256553,1,1
256551,256552,256554,2,1
256551,256551,256553,2,0
256551,256551,256553,2,0
256551,256552,256554,2,1
256551,256551,256553,2,0
256551,256552,256553,1,1
256551,256552,256553,1,1
256551,256552,256554,2,1
256553,256553,256554,1,0
256551,256551,256553,2,0
256551,256551,256553,2,0
256551,256552,256553,1,1
256551,256552,256554,2,1
256551,256552,256553,1,1
256553,256553,256554,1,0
256551,256551,256553,2,0
256551,256552,256553,1,1
256551,256552,256553,1,1
256551,256552,256553,1,1
256551,256552,256553,1,1
256553,256553,256554,1,0
256553,256553,256554,1,0
256553,256553,256555,2,0
256551,256552,256554,2,1
256551,256552,256554,2,1
256551,256552,256554,2,1
256551,256552,256554,2,1
256551,256552,256554,2,1
256551,256552,256554,2,1
256551,256552,256554,2,1
256551,256552,256554,2,1
256551,256552,256554,2,1
256551,256552,256554,2,1
256553,256553,256555,2,0
256553,256554,256555,1,1
256553,256555,256556,1,2
256553,256555,256556,1,2
256553,256555,256556,1,2
256553,256553,256555,2,0
256553,256553,256555,2,0
256553,256554,256555,1,1
256553,256554,256555,1,1
256553,256554,256556,2,1
256553,256554,256556,2,1
256553,256554,256556,2,1
256553,256554,256556,2,1
256553,256554,256555,1,1
256553,256554,256555,1,1
256553,256554,256555,1,1
256553,256554,256555,1,1
256553,256554,256555,1,1
256553,256554,256555,1,1
256553,256554,256555,1,1
256553,256554,256555,1,1
256553,256554,256555,1,1
256553,256554,256555,1,1
256553,256554,256555,1,1
256553,256554,256555,1,1
256553,256554,256556,2,1
256553,256554,256555,1,1
256553,256554,256555,1,1
256553,256554,256556,2,1
256553,256554,256555,1,1
256553,256554,256555,1,1
256553,256554,256555,1,1
256553,256555,256556,1,2
256553,256555,256556,1,2
256553,256555,256556,1,2
256553,256555,256556,1,2
256553,256555,256556,1,2
256553,256555,256556,1,2
256553,256555,256556,1,2
256553,256555,256556,1,2
256523,256523,256554,31,0
256523,256523,256553,30,0
256549,256551,256556,5,2
256437,256437,256562,125,0
256405,256405,256562,157,0
256564,256565,256566,1,1
256564,256565,256566,1,1
256564,256565,256566,1,1
256564,256565,256567,2,1
256564,256565,256567,2,1
256564,256565,256566,1,1
256565,256565,256566,1,0
256565,256565,256566,1,0
256564,256565,256566,1,1
256564,256565,256567,2,1
256564,256565,256566,1,1
256564,256565,256566,1,1
256564,256565,256567,2,1
256565,256565,256567,2,0
256564,256565,256566,1,1
256564,256565,256566,1,1
256564,256565,256567,2,1
256564,256565,256567,2,1
256565,256565,256567,2,0
256565,256565,256567,2,0
256564,256565,256566,1,1
256564,256565,256567,2,1
256564,256565,256567,2,1
256565,256565,256566,1,0
256565,256565,256566,1,0
256565,256565,256566,1,0
256565,256565,256566,1,0
256565,256565,256566,1,0
256564,256565,256566,1,1
256564,256565,256566,1,1
256564,256565,256566,1,1
256564,256565,256567,2,1
256564,256565,256566,1,1
256564,256565,256567,2,1
256564,256565,256567,2,1
256565,256565,256567,2,0
256565,256565,256567,2,0
256565,256565,256567,2,0
256565,256565,256566,1,0
256564,256565,256567,2,1
256564,256565,256567,2,1
256564,256565,256567,2,1
256565,256565,256567,2,0
256564,256565,256567,2,1
256564,256565,256567,2,1
256564,256565,256567,2,1
256564,256565,256567,2,1
256564,256565,256567,2,1
256565,256565,256567,2,0
256565,256567,256568,1,2
256565,256567,256568,1,2
256565,256567,256568,1,2
256565,256567,256568,1,2
256565,256567,256569,2,2
256565,256567,256568,1,2
256565,256567,256569,2,2
256565,256567,256569,2,2
256565,256567,256568,1,2
256565,256567,256568,1,2
256565,256567,256568,1,2
256565,256567,256569,2,2
256565,256567,256569,2,2
256565,256567,256569,2,2
256565,256567,256569,2,2
256565,256567,256568,1,2
256565,256567,256569,2,2
256565,256567,256569,2,2
256565,256567,256569,2,2
256565,256567,256569,2,2
256565,256567,256568,1,2
256565,256567,256569,2,2
256565,256567,256569,2,2
256565,256567,256568,1,2
256565,256567,256570,3,2
256565,256567,256569,2,2
256564,256565,256567,2,1
256564,256565,256567,2,1
256564,256565,256567,2,1
256565,256565,256567,2,0
256565,256571,256572,1,6
256565,256571,256572,1,6
256564,256565,256573,8,1
256564,256565,256573,8,1
256564,256565,256573,8,1
256564,256565,256573,8,1
256564,256565,256573,8,1
256564,256565,256573,8,1
256361,256361,256579,218,0
256580,256580,256582,2,0
256580,256581,256582,1,1
256580,256581,256582,1,1
256580,256581,256582,1,1
256580,256581,256582,1,1
256580,256581,256583,2,1
256580,256581,256582,1,1
256580,256581,256582,1,1
256580,256581,256582,1,1
256580,256581,256582,1,1
256580,256580,256582,2,0
256580,256581,256582,1,1
256580,256581,256583,2,1
256580,256581,256582,1,1
256580,256581,256582,1,1
256580,256581,256582,1,1
256580,256581,256582,1,1
256580,256581,256583,2,1
256580,256581,256582,1,1
256580,256581,256583,2,1
256580,256581,256582,1,1
256580,256581,256583,2,1
256580,256581,256583,2,1
256580,256581,256583,2,1
256580,256581,256582,1,1
256580,256581,256582,1,1
256580,256581,256582,1,1
256580,256581,256583,2,1
256580,256581,256582,1,1
256580,256581,256583,2,1
256335,256335,256583,248,0
256580,256581,256583,2,1
256580,256581,256583,2,1
256580,256581,256583,2,1
256580,256581,256583,2,1
256585,256585,256586,1,0
256585,256585,256587,2,0
256585,256585,256587,2,0
256585,256585,256586,1,0
256585,256585,256587,2,0
256585,256585,256587,2,0
256585,256585,256587,2,0
256585,256585,256586,1,0
256585,256585,256587,2,0
256585,256585,256587,2,0
256585,256585,256587,2,0
256585,256585,256587,2,0
256585,256585,256587,2,0
256585,256585,256587,2,0
256585,256585,256587,2,0
256585,256585,256587,2,0
256585,256585,256586,1,0
256585,256585,256587,2,0
256585,256585,256587,2,0
256585,256585,256587,2,0
256585,256585,256587,2,0
256585,256585,256587,2,0
256585,256585,256587,2,0
256585,256585,256587,2,0
256585,256585,256587,2,0
256585,256585,256587,2,0
256585,256585,256587,2,0
256585,256585,256587,2,0
256585,256585,256588,3,0
256585,256585,256587,2,0
256585,256585,256587,2,0
256585,256585,256587,2,0
256585,256585,256588,3,0
256585,256585,256587,2,0
256585,256585,256587,2,0
256585,256585,256587,2,0
256580,256581,256590,9,1
256580,256581,256590,9,1
256580,256581,256590,9,1
256580,256581,256590,9,1
256580,256581,256590,9,1
256353,256353,256590,237,0
256580,256581,256590,9,1
256580,256581,256590,9,1
256585,256585,256591,6,0
256585,256585,256591,6,0
256585,256585,256591,6,0
256580,256581,256591,10,1
256580,256581,256591,10,1
256580,256581,256591,10,1
256580,256581,256591,10,1
256591,256591,256595,4,0
256591,256591,256595,4,0
256591,256591,256595,4,0
256591,256591,256595,4,0
256591,256591,256595,4,0
256591,256591,256595,4,0
256591,256591,256595,4,0
256591,256591,256595,4,0
256591,256591,256595,4,0
256591,256591,256596,5,0
256591,256591,256596,5,0
256591,256591,256596,5,0
256591,256591,256596,5,0
256591,256591,256596,5,0
256474,256475,256596,121,1
256591,256591,256596,5,0
256591,256591,256596,5,0
256591,256591,256597,6,0
256591,256591,256596,5,0
256591,256591,256597,6,0
256591,256591,256596,5,0
256591,256592,256596,4,1
256591,256592,256596,4,1
256591,256591,256596,5,0
256591,256591,256596,5,0
256591,256591,256596,5,0
256591,256591,256597,6,0
256591,256592,256597,5,1
256591,256592,256596,4,1
256591,256591,256596,5,0
256591,256591,256596,5,0
256591,256591,256596,5,0
256591,256592,256597,5,1
256591,256592,256597,5,1
256591,256592,256597,5,1
256598,256598,256599,1,0
256598,256598,256599,1,0
256407,256407,256598,191,0
256591,256591,256596,5,0
256591,256591,256596,5,0
256591,256591,256596,5,0
256591,256591,256596,5,0
256591,256591,256597,6,0
256598,256598,256600,2,0
256598,256598,256600,2,0
256598,256598,256600,2,0
256598,256598,256600,2,0
256598,256598,256600,2,0
256598,256598,256600,2,0
256598,256598,256600,2,0
256598,256598,256600,2,0
256598,256598,256600,2,0
256598,256598,256599,1,0
256598,256598,256600,2,0
256598,256598,256599,1,0
256598,256598,256600,2,0
256598,256598,256600,2,0
256598,256598,256600,2,0
256598,256598,256599,1,0
256598,256598,256599,1,0
256598,256598,256599,1,0
256598,256598,256600,2,0
256598,256598,256600,2,0
256598,256598,256600,2,0
256598,256598,256600,2,0
256598,256598,256599,1,0
256598,256598,256600,2,0
256598,256598,256600,2,0
256598,256598,256600,2,0
256598,256598,256600,2,0
256598,256598,256599,1,0
256598,256598,256600,2,0
256598,256598,256600,2,0
256598,256598,256600,2,0
256585,256585,256600,15,0
256585,256585,256599,14,0
256598,256600,256601,1,2
256598,256600,256601,1,2
256600,256600,256601,1,0
256598,256599,256600,1,1
256598,256599,256600,1,1
256600,256600,256601,1,0
256600,256600,256601,1,0
256598,256599,256600,1,1
256600,256600,256601,1,0
256600,256600,256601,1,0
256600,256600,256601,1,0
256598,256598,256600,2,0
256598,256598,256600,2,0
256598,256598,256600,2,0
256598,256598,256600,2,0
256598,256598,256600,2,0
256598,256598,256600,2,0
256598,256598,256601,3,0
256564,256567,256602,35,3
256600,256600,256601,1,0
256600,256600,256601,1,0
256600,256600,256601,1,0
256600,256600,256602,2,0
256600,256600,256601,1,0
256600,256600,256601,1,0
256600,256600,256602,2,0
256600,256600,256602,2,0
256600,256600,256602,2,0
256600,256600,256602,2,0
256600,256600,256602,2,0
256600,256600,256602,2,0
256600,256600,256602,2,0
256600,256600,256602,2,0
256585,256585,256602,17,0
256600,256600,256601,1,0
256600,256600,256601,1,0
256600,256600,256602,2,0
256600,256600,256602,2,0
256600,256600,256602,2,0
256600,256600,256602,2,0
256600,256600,256602,2,0
256600,256600,256602,2,0
256564,256567,256602,35,3
256564,256567,256602,35,3
256600,256601,256603,2,1
256600,256601,256603,2,1
256600,256601,256603,2,1
256600,256601,256603,2,1
256600,256601,256603,2,1
256600,256601,256602,1,1
256600,256600,256602,2,0
256600,256600,256603,3,0
256600,256600,256603,3,0
256585,256585,256603,18,0
256585,256585,256603,18,0
256585,256585,256603,18,0
256600,256600,256603,3,0
256600,256600,256603,3,0
256600,256600,256603,3,0
256600,256601,256603,2,1
256600,256601,256603,2,1
256600,256601,256603,2,1
256441,256441,256603,162,0
256600,256600,256605,5,0
256600,256600,256608,8,0
256591,256591,256614,23,0
256616,256616,256618,2,0
256616,256616,256618,2,0
256616,256616,256618,2,0
256616,256616,256619,3,0
256616,256616,256619,3,0
256616,256616,256618,2,0
256616,256616,256618,2,0
256616,256616,256618,2,0
256616,256616,256618,2,0
256616,256616,256619,3,0
256616,256616,256618,2,0
256616,256616,256619,3,0
256616,256616,256619,3,0
256616,256616,256619,3,0
256616,256616,256619,3,0
256616,256616,256619,3,0
256616,256616,256619,3,0
256616,256616,256618,2,0
256616,256616,256619,3,0
256616,256616,256618,2,0
256616,256616,256619,3,0
256616,256616,256619,3,0
256616,256616,256620,4,0
256616,256616,256620,4,0
256616,256616,256620,4,0
256616,256616,256619,3,0
256616,256616,256619,3,0
256471,256472,256623,151,1
256591,256591,256625,34,0
256591,256592,256627,35,1
256591,256592,256628,36,1
256591,256591,256629,38,0
256625,256625,256629,4,0
256625,256625,256629,4,0
256625,256625,256629,4,0
256625,256625,256629,4,0
256625,256626,256629,3,1
256625,256625,256629,4,0
256625,256625,256629,4,0
256625,256625,256629,4,0
256625,256625,256629,4,0
256625,256625,256629,4,0
256625,256625,256629,4,0
256625,256626,256630,4,1
256625,256626,256629,3,1
256625,256626,256629,3,1
256489,256489,256629,140,0
256625,256625,256629,4,0
256625,256626,256629,3,1
256625,256626,256629,3,1
256625,256626,256629,3,1
256625,256626,256629,3,1
256625,256626,256629,3,1
256616,256616,256629,13,0
256616,256616,256629,13,0
256616,256616,256629,13,0
256616,256616,256629,13,0
256616,256616,256630,14,0
256625,256626,256631,5,1
256625,256626,256630,4,1
256625,256626,256630,4,1
256625,256626,256630,4,1
256625,256626,256630,4,1
256625,256626,256630,4,1
256625,256626,256630,4,1
256625,256626,256630,4,1
256625,256626,256630,4,1
256625,256626,256630,4,1
256625,256626,256630,4,1
256625,256626,256630,4,1
256625,256626,256630,4,1
256625,256626,256630,4,1
256625,256626,256630,4,1
256625,256626,256630,4,1
256625,256626,256630,4,1
256616,256616,256631,15,0
256616,256616,256631,15,0
256616,256616,256631,15,0
256616,256616,256631,15,0
256616,256616,256631,15,0
256616,256616,256631,15,0
256616,256616,256631,15,0
256591,256592,256631,39,1
256625,256626,256631,5,1
256631,256631,256633,2,0
256631,256631,256633,2,0
256631,256631,256633,2,0
256631,256631,256633,2,0
256631,256631,256633,2,0
256631,256631,256633,2,0
256631,256631,256633,2,0
256631,256631,256633,2,0
256631,256631,256633,2,0
256625,256630,256634,4,5
256631,256632,256634,2,1
256631,256631,256633,2,0
256631,256631,256634,3,0
256631,256631,256634,3,0
256631,256631,256633,2,0
256631,256631,256633,2,0
256631,256631,256633,2,0
256631,256631,256634,3,0
256631,256631,256634,3,0
256631,256631,256634,3,0
256631,256631,256635,4,0
256631,256631,256634,3,0
256631,256631,256635,4,0
256631,256631,256635,4,0
256631,256631,256635,4,0
256631,256632,256635,3,1
256631,256632,256635,3,1
256631,256632,256634,2,1
256631,256631,256635,4,0
256631,256631,256635,4,0
256631,256631,256635,4,0
256631,256631,256635,4,0
256631,256631,256635,4,0
256631,256631,256635,4,0
256631,256631,256635,4,0
256631,256631,256635,4,0
256631,256631,256634,3,0
256631,256631,256635,4,0
256631,256631,256635,4,0
256616,256624,256635,11,8
256625,256630,256636,6,5
256631,256631,256637,6,0
256616,256624,256637,13,8
256625,256630,256639,9,5
256631,256632,256639,7,1
256616,256624,256639,15,8
256616,256624,256640,16,8
256616,256624,256643,19,8
256616,256616,256643,27,0
256625,256626,256645,19,1
256625,256627,256645,18,2
256625,256628,256645,17,3
256625,256629,256645,16,4
256631,256632,256645,13,1
256400,256401,256645,244,1
256493,256493,256651,158,0
256650,256650,256653,3,0
256650,256650,256654,4,0
256650,256650,256653,3,0
256650,256650,256653,3,0
256650,256650,256653,3,0
256650,256650,256653,3,0
256650,256650,256653,3,0
256650,256650,256654,4,0
256650,256650,256653,3,0
256650,256650,256653,3,0
256650,256650,256653,3,0
256650,256650,256653,3,0
256650,256650,256654,4,0
256650,256650,256654,4,0
256650,256650,256654,4,0
256650,256650,256654,4,0
256650,256650,256654,4,0
256650,256650,256654,4,0
256650,256650,256654,4,0
256650,256650,256654,4,0
256631,256631,256654,23,0
256631,256631,256654,23,0
256631,256631,256654,23,0
256631,256631,256655,24,0
256650,256650,256654,4,0
256650,256650,256654,4,0
256650,256650,256654,4,0
256650,256650,256655,5,0
256650,256650,256655,5,0
256654,256654,256655,1,0
256654,256654,256656,2,0
256654,256654,256655,1,0
256654,256654,256655,1,0
256654,256654,256655,1,0
256654,256654,256655,1,0
256654,256654,256656,2,0
256654,256654,256656,2,0
256654,256654,256656,2,0
256650,256650,256655,5,0
256650,256650,256656,6,0
256650,256650,256656,6,0
256650,256650,256656,6,0
256650,256650,256655,5,0
256654,256654,256656,2,0
256650,256650,256656,6,0
256654,256654,256656,2,0
256654,256654,256656,2,0
256654,256654,256656,2,0
256654,256654,256656,2,0
256654,256654,256657,3,0
256654,256654,256657,3,0
256654,256656,256658,2,2
256654,256654,256657,3,0
256654,256656,256657,1,2
256654,256656,256657,1,2
256654,256654,256657,3,0
256654,256654,256657,3,0
256654,256654,256657,3,0
256654,256654,256658,4,0
256654,256655,256658,3,1
256654,256654,256657,3,0
256654,256654,256657,3,0
256654,256654,256658,4,0
256654,256655,256658,3,1
256654,256654,256658,4,0
256654,256654,256658,4,0
256650,256650,256658,8,0
256654,256656,256658,2,2
256654,256655,256658,3,1
256654,256655,256659,4,1
256654,256655,256659,4,1
256650,256650,256659,9,0
256650,256650,256659,9,0
256650,256650,256659,9,0
256650,256650,256659,9,0
256650,256650,256664,14,0
256650,256650,256664,14,0
256654,256654,256664,10,0
256469,256469,256664,195,0
256650,256650,256664,14,0
256650,256650,256664,14,0
256650,256650,256664,14,0
256650,256650,256664,14,0
256650,256650,256665,15,0
256650,256650,256665,15,0
256654,256655,256665,10,1
256654,256655,256665,10,1
256654,256655,256665,10,1
256654,256655,256666,11,1
256650,256650,256666,16,0
256654,256654,256666,12,0
256654,256654,256666,12,0
256666,256666,256667,1,0
256666,256666,256668,2,0
256666,256666,256667,1,0
256666,256666,256668,2,0
256666,256666,256667,1,0
256666,256666,256668,2,0
256666,256666,256668,2,0
256666,256666,256668,2,0
256666,256666,256668,2,0
256666,256666,256669,3,0
256666,256666,256668,2,0
256666,256666,256668,2,0
256666,256666,256668,2,0
256666,256666,256668,2,0
256666,256666,256668,2,0
256666,256666,256668,2,0
256666,256666,256669,3,0
256666,256666,256668,2,0
256666,256666,256668,2,0
256666,256666,256668,2,0
256666,256666,256668,2,0
256666,256666,256668,2,0
256666,256666,256668,2,0
256666,256666,256668,2,0
256666,256666,256668,2,0
256666,256666,256669,3,0
256666,256666,256668,2,0
256666,256666,256668,2,0
256666,256666,256668,2,0
256666,256666,256668,2,0
256666,256666,256669,3,0
256666,256666,256668,2,0
256654,256654,256668,14,0
256666,256666,256670,4,0
256666,256666,256669,3,0
256666,256666,256671,5,0
256654,256654,256672,18,0
256654,256654,256674,20,0
256666,256666,256668,2,0
256666,256666,256668,2,0
256666,256676,256678,2,10
256666,256676,256678,2,10
256666,256676,256678,2,10
256666,256666,256684,18,0
256666,256666,256687,21,0
256666,256666,256687,21,0
256666,256666,256687,21,0
256666,256666,256687,21,0
256524,256525,256689,164,1
256690,256690,256692,2,0
256690,256690,256692,2,0
256690,256690,256692,2,0
256690,256690,256691,1,0
256690,256690,256692,2,0
256690,256690,256692,2,0
256690,256690,256692,2,0
256690,256690,256691,1,0
256690,256690,256692,2,0
256690,256690,256691,1,0
256690,256690,256692,2,0
256690,256690,256691,1,0
256690,256690,256692,2,0
256690,256690,256692,2,0
256690,256690,256691,1,0
256690,256690,256691,1,0
256690,256690,256691,1,0
256690,256690,256692,2,0
256690,256690,256692,2,0
256690,256690,256692,2,0
256690,256690,256691,1,0
256690,256690,256691,1,0
256690,256690,256691,1,0
256690,256690,256691,1,0
256690,256690,256692,2,0
256690,256690,256692,2,0
256690,256690,256691,1,0
256690,256690,256691,1,0
256690,256690,256692,2,0
256690,256690,256692,2,0
256690,256690,256693,3,0
256690,256690,256692,2,0
256690,256690,256692,2,0
256690,256690,256692,2,0
256690,256690,256692,2,0
256690,256690,256692,2,0
256690,256690,256692,2,0
256690,256690,256692,2,0
256690,256690,256692,2,0
256690,256690,256692,2,0
256527,256527,256696,169,0
256697,256698,256699,1,1
256697,256698,256700,2,1
256697,256698,256700,2,1
256697,256698,256699,1,1
256697,256698,256699,1,1
256697,256698,256699,1,1
256697,256698,256700,2,1
256697,256698,256699,1,1
256697,256698,256699,1,1
256697,256698,256699,1,1
256697,256698,256699,1,1
256697,256698,256699,1,1
256697,256698,256699,1,1
256697,256698,256699,1,1
256697,256698,256699,1,1
256697,256698,256699,1,1
256697,256698,256699,1,1
256697,256698,256699,1,1
256697,256698,256700,2,1
256697,256698,256699,1,1
256697,256698,256700,2,1
256697,256698,256699,1,1
256697,256698,256700,2,1
256697,256698,256700,2,1
256697,256698,256700,2,1
256697,256698,256700,2,1
256697,256698,256700,2,1
256697,256698,256700,2,1
256697,256698,256700,2,1
256697,256698,256700,2,1
256697,256698,256700,2,1
256697,256698,256700,2,1
256697,256698,256700,2,1
256697,256698,256700,2,1
256697,256698,256700,2,1
256697,256703,256704,1,6
256697,256703,256704,1,6
256697,256703,256704,1,6
256697,256703,256704,1,6
256690,256690,256705,15,0
256690,256690,256705,15,0
256690,256690,256705,15,0
256690,256690,256706,16,0
256690,256690,256706,16,0
256566,256567,256706,139,1
256697,256700,256708,8,3
256697,256698,256708,10,1
256697,256698,256709,11,1
256709,256709,256711,2,0
256709,256709,256711,2,0
256709,256709,256710,1,0
256709,256709,256711,2,0
256709,256709,256711,2,0
256709,256709,256711,2,0
256709,256709,256710,1,0
256709,256709,256711,2,0
256709,256709,256711,2,0
256709,256709,256711,2,0
256709,256709,256710,1,0
256709,256709,256710,1,0
256709,256709,256711,2,0
256709,256709,256711,2,0
256709,256709,256710,1,0
256709,256709,256710,1,0
256709,256709,256711,2,0
256709,256709,256711,2,0
256709,256709,256711,2,0
256709,256709,256710,1,0
256709,256709,256710,1,0
256709,256709,256710,1,0
256709,256709,256710,1,0
256709,256709,256711,2,0
256709,256709,256710,1,0
256709,256709,256711,2,0
256709,256709,256711,2,0
256709,256709,256711,2,0
256709,256709,256711,2,0
256709,256709,256711,2,0
256709,256709,256711,2,0
256709,256709,256711,2,0
256709,256709,256711,2,0
256568,256568,256711,143,0
256709,256709,256711,2,0
256709,256709,256711,2,0
256555,256555,256711,156,0
256709,256709,256711,2,0
256709,256709,256712,3,0
256709,256710,256712,2,1
256709,256710,256712,2,1
256697,256698,256712,14,1
256697,256698,256714,16,1
256697,256698,256714,16,1
256709,256709,256715,6,0
256714,256714,256716,2,0
256714,256714,256715,1,0
256714,256714,256715,1,0
256714,256714,256716,2,0
256714,256714,256716,2,0
256714,256714,256715,1,0
256714,256714,256716,2,0
256714,256714,256715,1,0
256714,256714,256716,2,0
256714,256714,256716,2,0
256714,256714,256715,1,0
256714,256714,256716,2,0
256714,256714,256716,2,0
256714,256714,256716,2,0
256714,256714,256716,2,0
256714,256714,256716,2,0
256714,256714,256715,1,0
256714,256714,256715,1,0
256714,256714,256715,1,0
256714,256714,256716,2,0
256714,256714,256716,2,0
256714,256714,256716,2,0
256714,256714,256716,2,0
256714,256714,256716,2,0
256714,256714,256715,1,0
256714,256714,256715,1,0
256714,256714,256716,2,0
256714,256714,256715,1,0
256714,256714,256716,2,0
256714,256714,256716,2,0
256714,256714,256716,2,0
256714,256714,256716,2,0
256714,256714,256716,2,0
256714,256714,256717,3,0
256714,256714,256716,2,0
256714,256714,256717,3,0
256714,256714,256716,2,0
256714,256714,256716,2,0
256709,256709,256719,10,0
256717,256717,256719,2,0
256717,256717,256719,2,0
256717,256717,256719,2,0
256717,256717,256719,2,0
256717,256717,256718,1,0
256717,256717,256718,1,0
256717,256717,256718,1,0
256717,256717,256718,1,0
256717,256717,256719,2,0
256717,256717,256719,2,0
256717,256717,256718,1,0
256717,256717,256719,2,0
256717,256717,256719,2,0
256717,256717,256719,2,0
256717,256717,256718,1,0
256717,256717,256719,2,0
256717,256717,256719,2,0
256717,256717,256719,2,0
256717,256717,256719,2,0
256717,256717,256719,2,0
256717,256717,256719,2,0
256717,256717,256719,2,0
256717,256717,256718,1,0
256717,256717,256719,2,0
256717,256717,256719,2,0
256717,256717,256719,2,0
256717,256717,256719,2,0
256717,256717,256719,2,0
256717,256717,256720,3,0
256717,256717,256720,3,0
256717,256717,256719,2,0
256717,256717,256719,2,0
256717,256717,256719,2,0
256717,256717,256720,3,0
256717,256717,256720,3,0
256717,256717,256720,3,0
256717,256717,256720,3,0
256717,256717,256719,2,0
256717,256717,256719,2,0
256717,256717,256719,2,0
256709,256709,256720,11,0
256709,256709,256720,11,0
256709,256709,256720,11,0
256709,256709,256720,11,0
256714,256714,256720,6,0
256714,256714,256727,13,0
256714,256714,256727,13,0
256717,256717,256728,11,0
256717,256717,256730,13,0
256714,256714,256730,16,0
256717,256717,256731,14,0
256714,256714,256732,18,0
256714,256714,256732,18,0
256714,256714,256732,18,0
256717,256717,256732,15,0
256717,256717,256734,17,0
256509,256509,256736,227,0
256511,256511,256737,226,0
256550,256551,256737,186,1
256552,256557,256738,181,5
256738,256738,256740,2,0
256738,256738,256740,2,0
256738,256738,256740,2,0
256738,256738,256740,2,0
256738,256738,256740,2,0
256738,256738,256740,2,0
256738,256738,256740,2,0
256738,256738,256740,2,0
256738,256738,256740,2,0
256738,256738,256740,2,0
256738,256738,256740,2,0
256738,256738,256739,1,0
256738,256738,256740,2,0
256738,256738,256740,2,0
256738,256738,256740,2,0
256738,256739,256740,1,1
256738,256738,256740,2,0
256738,256738,256740,2,0
256738,256738,256740,2,0
256738,256738,256740,2,0
256738,256738,256740,2,0
256738,256738,256740,2,0
256738,256738,256740,2,0
256738,256738,256739,1,0
256738,256738,256740,2,0
256738,256738,256740,2,0
256738,256738,256740,2,0
256738,256739,256740,1,1
256738,256739,256740,1,1
256738,256738,256740,2,0
256738,256738,256740,2,0
256738,256738,256740,2,0
256738,256738,256740,2,0
256738,256738,256740,2,0
256738,256738,256740,2,0
256738,256738,256740,2,0
256738,256738,256740,2,0
256738,256738,256740,2,0
256738,256738,256740,2,0
256738,256738,256740,2,0
256738,256738,256740,2,0
256738,256738,256740,2,0
256738,256739,256740,1,1
256738,256739,256740,1,1
256738,256739,256740,1,1
256738,256738,256740,2,0
256738,256739,256740,1,1
256738,256739,256741,2,1
256738,256739,256741,2,1
256738,256739,256741,2,1
256738,256739,256741,2,1
256738,256738,256740,2,0
256738,256738,256741,3,0
256738,256738,256741,3,0
256738,256739,256741,2,1
256738,256740,256742,2,2
256738,256740,256742,2,2
256738,256740,256742,2,2
256738,256741,256742,1,3
256738,256741,256742,1,3
256738,256741,256743,2,3
256738,256741,256742,1,3
256738,256741,256742,1,3
256738,256741,256742,1,3
256738,256741,256743,2,3
256738,256741,256743,2,3
256738,256741,256742,1,3
256738,256741,256742,1,3
256738,256741,256743,2,3
256740,256741,256743,2,1
256740,256741,256743,2,1
256740,256741,256743,2,1
256740,256741,256743,2,1
256740,256741,256743,2,1
256740,256741,256743,2,1
256738,256739,256742,3,1
256738,256738,256743,5,0
256738,256739,256743,4,1
256740,256741,256743,2,1
256740,256741,256743,2,1
256738,256738,256743,5,0
256738,256738,256743,5,0
256740,256741,256743,2,1
256740,256742,256744,2,2
256740,256742,256744,2,2
256738,256741,256743,2,3
256738,256741,256744,3,3
256738,256741,256744,3,3
256738,256741,256743,2,3
256738,256741,256743,2,3
256740,256741,256743,2,1
256740,256741,256743,2,1
256740,256741,256743,2,1
256740,256741,256743,2,1
256740,256741,256743,2,1
256740,256741,256743,2,1
256738,256741,256743,2,3
256738,256741,256743,2,3
256740,256741,256743,2,1
256738,256741,256744,3,3
256738,256741,256744,3,3
256740,256741,256743,2,1
256740,256741,256743,2,1
256740,256741,256743,2,1
256740,256741,256743,2,1
256740,256743,256744,1,3
256742,256743,256744,1,1
256742,256743,256744,1,1
256740,256741,256744,3,1
256740,256742,256744,2,2
256740,256742,256744,2,2
256740,256741,256744,3,1
256740,256741,256744,3,1
256740,256741,256744,3,1
256738,256741,256744,3,3
256738,256741,256744,3,3
256738,256741,256744,3,3
256740,256743,256744,1,3
256738,256738,256744,6,0
256738,256738,256744,6,0
256738,256738,256744,6,0
256738,256738,256744,6,0
256742,256744,256745,1,2
256740,256743,256744,1,3
256740,256743,256744,1,3
256740,256743,256744,1,3
256740,256743,256744,1,3
256740,256743,256744,1,3
256740,256743,256744,1,3
256740,256743,256744,1,3
256740,256743,256744,1,3
256740,256743,256744,1,3
256740,256743,256744,1,3
256740,256743,256744,1,3
256740,256743,256744,1,3
256742,256744,256745,1,2
256740,256743,256744,1,3
256740,256743,256744,1,3
256740,256743,256744,1,3
256742,256743,256744,1,1
256742,256744,256745,1,2
256742,256744,256745,1,2
256742,256744,256745,1,2
256742,256744,256745,1,2
256742,256744,256746,2,2
256742,256744,256746,2,2
256742,256744,256745,1,2
256742,256744,256745,1,2
256742,256744,256746,2,2
256742,256744,256745,1,2
256742,256744,256745,1,2
256742,256744,256746,2,2
256742,256744,256746,2,2
256742,256744,256746,2,2
256742,256744,256745,1,2
256742,256744,256745,1,2
256742,256744,256746,2,2
256742,256744,256746,2,2
256742,256744,256746,2,2
256742,256744,256745,1,2
256742,256744,256745,1,2
256742,256744,256746,2,2
256742,256744,256746,2,2
256742,256744,256746,2,2
256742,256745,256746,1,3
256742,256745,256746,1,3
256742,256745,256746,1,3
256742,256745,256746,1,3
256742,256745,256746,1,3
256742,256745,256746,1,3
256742,256744,256747,3,2
256742,256744,256748,4,2
256742,256744,256748,4,2
256742,256744,256749,5,2
256742,256744,256750,6,2
256742,256744,256750,6,2
256742,256744,256750,6,2
256582,256582,256757,175,0
256742,256745,256759,14,3
256760,256760,256761,1,0
256760,256760,256761,1,0
256760,256760,256762,2,0
256760,256760,256762,2,0
256760,256760,256762,2,0
256760,256760,256761,1,0
256760,256760,256762,2,0
256760,256760,256761,1,0
256760,256760,256761,1,0
256760,256760,256762,2,0
256760,256760,256762,2,0
256760,256760,256762,2,0
256760,256760,256761,1,0
256760,256760,256762,2,0
256760,256760,256762,2,0
256760,256760,256762,2,0
256760,256760,256762,2,0
256760,256760,256762,2,0
256760,256760,256762,2,0
256760,256761,256762,1,1
256760,256761,256762,1,1
256760,256761,256762,1,1
256760,256761,256762,1,1
256760,256760,256762,2,0
256760,256760,256762,2,0
256760,256760,256762,2,0
256760,256760,256762,2,0
256760,256760,256764,4,0
256760,256760,256764,4,0
256760,256760,256764,4,0
256760,256760,256764,4,0
256760,256760,256764,4,0
256760,256760,256764,4,0
256760,256760,256764,4,0
256760,256760,256764,4,0
256760,256760,256765,5,0
256760,256760,256765,5,0
256760,256760,256765,5,0
256760,256760,256765,5,0
256760,256760,256765,5,0
256760,256760,256765,5,0
256760,256760,256765,5,0
256760,256760,256766,6,0
256760,256760,256766,6,0
256618,256624,256768,144,6
256760,256760,256768,8,0
256768,256769,256770,1,1
256768,256769,256770,1,1
256768,256769,256770,1,1
256768,256769,256770,1,1
256768,256769,256770,1,1
256768,256769,256770,1,1
256768,256769,256770,1,1
256768,256769,256770,1,1
256768,256769,256770,1,1
256768,256769,256770,1,1
256768,256769,256770,1,1
256768,256769,256770,1,1
256768,256769,256770,1,1
256768,256769,256770,1,1
256768,256769,256770,1,1
256768,256769,256770,1,1
256768,256769,256770,1,1
256768,256769,256770,1,1
256768,256769,256770,1,1
256768,256769,256770,1,1
256768,256769,256770,1,1
256768,256769,256770,1,1
256768,256769,256770,1,1
256768,256769,256770,1,1
256768,256769,256771,2,1
256768,256769,256771,2,1
256768,256769,256771,2,1
256768,256769,256771,2,1
256768,256769,256771,2,1
256768,256769,256771,2,1
256768,256769,256771,2,1
256768,256769,256771,2,1
256627,256630,256771,141,3
256768,256769,256771,2,1
256768,256769,256771,2,1
256768,256769,256771,2,1
256768,256769,256771,2,1
256768,256769,256771,2,1
256768,256769,256771,2,1
256768,256769,256771,2,1
256768,256769,256773,4,1
256773,256774,256776,2,1
256773,256774,256775,1,1
256773,256774,256775,1,1
256773,256774,256775,1,1
256773,256774,256776,2,1
256773,256774,256776,2,1
256773,256774,256775,1,1
256773,256774,256776,2,1
256773,256774,256775,1,1
256773,256774,256776,2,1
256773,256774,256775,1,1
256773,256774,256775,1,1
256773,256774,256776,2,1
256773,256774,256776,2,1
256773,256774,256775,1,1
256773,256774,256775,1,1
256773,256774,256776,2,1
256773,256774,256776,2,1
256773,256774,256775,1,1
256773,256774,256775,1,1
256773,256774,256775,1,1
256773,256774,256775,1,1
256773,256774,256775,1,1
256773,256774,256776,2,1
256773,256774,256776,2,1
256773,256774,256775,1,1
256773,256774,256776,2,1
256773,256774,256776,2,1
256773,256774,256776,2,1
256773,256774,256776,2,1
256773,256774,256776,2,1
256773,256774,256776,2,1
256773,256774,256776,2,1
256773,256774,256776,2,1
256773,256774,256776,2,1
256773,256774,256776,2,1
256773,256774,256776,2,1
256773,256774,256776,2,1
256586,256586,256777,191,0
256592,256593,256776,183,1
256773,256774,256776,2,1
256773,256774,256776,2,1
256768,256769,256779,10,1
256778,256778,256779,1,0
256778,256778,256779,1,0
256778,256778,256780,2,0
256778,256778,256780,2,0
256778,256778,256779,1,0
256778,256778,256780,2,0
256778,256778,256780,2,0
256778,256778,256780,2,0
256778,256778,256779,1,0
256778,256778,256779,1,0
256778,256778,256779,1,0
256778,256778,256779,1,0
256778,256778,256779,1,0
256778,256778,256779,1,0
256778,256778,256779,1,0
256778,256778,256780,2,0
256778,256778,256780,2,0
256778,256778,256779,1,0
256778,256778,256780,2,0
256778,256778,256780,2,0
256778,256778,256780,2,0
256778,256778,256779,1,0
256778,256778,256779,1,0
256778,256778,256780,2,0
256778,256778,256780,2,0
256778,256778,256780,2,0
256778,256778,256780,2,0
256778,256778,256780,2,0
256778,256778,256780,2,0
256778,256778,256780,2,0
256778,256778,256780,2,0
256778,256778,256780,2,0
256778,256778,256780,2,0
256778,256778,256780,2,0
256778,256778,256780,2,0
256778,256778,256780,2,0
256778,256778,256780,2,0
256778,256778,256781,3,0
256778,256778,256780,2,0
256768,256769,256781,12,1
256780,256780,256781,1,0
256780,256780,256781,1,0
256780,256780,256781,1,0
256780,256780,256781,1,0
256780,256780,256781,1,0
256780,256780,256781,1,0
256780,256780,256781,1,0
256780,256780,256781,1,0
256780,256780,256781,1,0
256780,256780,256782,2,0
256780,256780,256782,2,0
256780,256780,256781,1,0
256780,256780,256782,2,0
256780,256780,256782,2,0
256780,256780,256782,2,0
256780,256780,256782,2,0
256780,256780,256781,1,0
256780,256780,256782,2,0
256780,256780,256782,2,0
256780,256780,256782,2,0
256780,256780,256782,2,0
256780,256780,256782,2,0
256780,256780,256782,2,0
256780,256780,256782,2,0
256780,256780,256782,2,0
256780,256780,256782,2,0
256773,256774,256782,8,1
256773,256774,256782,8,1
256773,256774,256782,8,1
256773,256774,256782,8,1
256768,256769,256782,13,1
256768,256769,256782,13,1
256768,256769,256782,13,1
256773,256774,256782,8,1
256780,256781,256782,1,1
256780,256781,256782,1,1
256780,256781,256782,1,1
256780,256781,256783,2,1
256780,256781,256783,2,1
256780,256781,256783,2,1
256780,256781,256783,2,1
256780,256780,256783,3,0
256778,256778,256783,5,0
256778,256778,256783,5,0
256778,256778,256783,5,0
256780,256780,256783,3,0
256780,256780,256785,5,0
256778,256778,256780,2,0
256780,256788,256789,1,8
256780,256788,256789,1,8
256780,256788,256790,2,8
256780,256788,256789,1,8
256780,256788,256790,2,8
256780,256788,256790,2,8
256778,256778,256784,6,0
256778,256778,256784,6,0
256655,256656,256793,137,1
256780,256780,256794,14,0
256601,256601,256795,194,0
256632,256632,256795,163,0
256795,256796,256797,1,1
256795,256796,256797,1,1
256795,256796,256797,1,1
256795,256796,256797,1,1
256795,256796,256797,1,1
256795,256796,256797,1,1
256795,256796,256797,1,1
256795,256796,256797,1,1
256795,256796,256797,1,1
256795,256796,256797,1,1
256795,256796,256797,1,1
256795,256796,256797,1,1
256795,256796,256797,1,1
256795,256796,256797,1,1
256795,256796,256797,1,1
256795,256796,256798,2,1
256795,256796,256798,2,1
256795,256796,256798,2,1
256795,256796,256798,2,1
256795,256796,256798,2,1
256795,256796,256798,2,1
256795,256796,256799,3,1
256795,256796,256798,2,1
256795,256796,256798,2,1
256795,256796,256798,2,1
256795,256796,256798,2,1
256795,256796,256799,3,1
256795,256796,256798,2,1
256795,256796,256798,2,1
256795,256796,256798,2,1
256795,256796,256799,3,1
256795,256796,256798,2,1
256795,256796,256798,2,1
256795,256796,256798,2,1
256795,256796,256798,2,1
256795,256796,256798,2,1
256795,256796,256799,3,1
256795,256796,256799,3,1
256795,256796,256799,3,1
256798,256798,256799,1,0
256798,256798,256799,1,0
256798,256798,256799,1,0
256798,256798,256799,1,0
256798,256798,256800,2,0
256795,256796,256799,3,1
256798,256798,256799,1,0
256798,256798,256799,1,0
256798,256798,256799,1,0
256798,256798,256799,1,0
256798,256798,256799,1,0
256798,256798,256799,1,0
256798,256798,256800,2,0
256798,256798,256799,1,0
256798,256798,256799,1,0
256798,256798,256799,1,0
256798,256798,256800,2,0
256798,256798,256800,2,0
256798,256798,256800,2,0
256798,256798,256800,2,0
256798,256798,256799,1,0
256798,256798,256799,1,0
256798,256798,256799,1,0
256798,256798,256800,2,0
256795,256796,256799,3,1
256795,256796,256799,3,1
256798,256798,256800,2,0
256798,256799,256800,1,1
256798,256799,256800,1,1
256798,256799,256800,1,1
256798,256799,256801,2,1
256798,256799,256801,2,1
256798,256799,256800,1,1
256798,256799,256800,1,1
256798,256799,256801,2,1
256798,256798,256800,2,0
256798,256798,256800,2,0
256798,256799,256800,1,1
256798,256799,256800,1,1
256798,256799,256801,2,1
256798,256799,256800,1,1
256798,256798,256800,2,0
256798,256799,256800,1,1
256780,256781,256801,20,1
256800,256800,256801,1,0
256800,256800,256801,1,0
256798,256798,256801,3,0
256800,256800,256802,2,0
256800,256800,256803,3,0
256800,256800,256803,3,0
256800,256800,256803,3,0
256800,256800,256803,3,0
256800,256801,256803,2,1
256800,256801,256803,2,1
256800,256800,256803,3,0
256800,256801,256803,2,1
256800,256801,256803,2,1
256800,256801,256803,2,1
256800,256800,256803,3,0
256800,256800,256803,3,0
256800,256800,256803,3,0
256800,256801,256803,2,1
256800,256801,256803,2,1
256800,256800,256803,3,0
256800,256800,256803,3,0
256800,256800,256803,3,0
256800,256800,256803,3,0
256800,256800,256803,3,0
256800,256800,256803,3,0
256800,256800,256803,3,0
256800,256800,256803,3,0
256800,256800,256803,3,0
256800,256800,256803,3,0
256800,256800,256803,3,0
256800,256800,256803,3,0
256800,256800,256803,3,0
256800,256800,256803,3,0
256800,256800,256803,3,0
256800,256800,256803,3,0
256800,256800,256803,3,0
256800,256801,256803,2,1
256800,256801,256803,2,1
256800,256801,256803,2,1
256798,256798,256804,6,0
256798,256798,256804,6,0
256780,256781,256809,28,1
255924,255925,256810,885,1
256800,256800,256811,11,0
256800,256800,256812,12,0
256798,256799,256813,14,1
256800,256800,256814,14,0
256699,256699,256814,115,0
256798,256799,256815,16,1
256800,256800,256815,15,0
256800,256800,256815,15,0
256800,256800,256816,16,0
256800,256800,256817,17,0
256816,256816,256817,1,0
256816,256816,256818,2,0
256816,256816,256818,2,0
256816,256816,256818,2,0
256816,256816,256818,2,0
256816,256816,256817,1,0
256816,256816,256817,1,0
256816,256816,256817,1,0
256816,256816,256817,1,0
256816,256816,256817,1,0
256816,256816,256818,2,0
256816,256816,256818,2,0
256816,256816,256818,2,0
256816,256816,256817,1,0
256816,256816,256818,2,0
256816,256816,256818,2,0
256816,256816,256818,2,0
256816,256816,256817,1,0
256816,256816,256818,2,0
256816,256816,256818,2,0
256816,256816,256818,2,0
256816,256816,256818,2,0
256816,256816,256818,2,0
256816,256816,256818,2,0
256816,256816,256818,2,0
256816,256816,256818,2,0
256816,256816,256818,2,0
256816,256816,256818,2,0
256816,256816,256818,2,0
256816,256816,256818,2,0
256816,256816,256818,2,0
256816,256816,256818,2,0
256651,256651,256820,169,0
256816,256816,256820,4,0
256816,256816,256820,4,0
256816,256816,256820,4,0
256816,256816,256821,5,0
256816,256816,256821,5,0
256816,256816,256822,6,0
256816,256816,256822,6,0
256816,256821,256822,1,5
256816,256821,256822,1,5
256816,256821,256822,1,5
256816,256821,256822,1,5
256816,256821,256823,2,5
256795,256796,256823,27,1
256822,256822,256824,2,0
256822,256822,256824,2,0
256822,256822,256824,2,0
256822,256822,256824,2,0
256822,256822,256824,2,0
256667,256667,256823,156,0
256822,256822,256823,1,0
256822,256822,256823,1,0
256822,256822,256824,2,0
256822,256822,256824,2,0
256822,256822,256824,2,0
256822,256822,256824,2,0
256822,256822,256823,1,0
256822,256822,256824,2,0
256822,256822,256824,2,0
256822,256822,256824,2,0
256822,256822,256823,1,0
256822,256822,256824,2,0
256822,256822,256824,2,0
256822,256822,256824,2,0
256822,256822,256824,2,0
256822,256822,256823,1,0
256822,256822,256824,2,0
256822,256822,256824,2,0
256822,256822,256824,2,0
256822,256822,256824,2,0
256822,256822,256824,2,0
256822,256822,256824,2,0
256822,256822,256824,2,0
256822,256822,256825,3,0
256822,256822,256825,3,0
256822,256822,256824,2,0
256822,256823,256824,1,1
256822,256822,256824,2,0
256822,256822,256824,2,0
256822,256822,256824,2,0
256822,256822,256825,3,0
256822,256822,256824,2,0
256822,256822,256824,2,0
256822,256822,256824,2,0
256822,256822,256824,2,0
256822,256822,256825,3,0
256822,256822,256825,3,0
256795,256796,256827,31,1
256795,256796,256827,31,1
256816,256816,256827,11,0
256826,256827,256828,1,1
256826,256827,256828,1,1
256826,256827,256829,2,1
256826,256827,256829,2,1
256826,256827,256828,1,1
256826,256827,256828,1,1
256826,256827,256829,2,1
256826,256827,256828,1,1
256826,256827,256829,2,1
256826,256827,256828,1,1
256826,256827,256828,1,1
256826,256827,256829,2,1
256826,256827,256828,1,1
256826,256827,256828,1,1
256826,256827,256829,2,1
256826,256827,256828,1,1
256826,256827,256828,1,1
256826,256827,256828,1,1
256826,256827,256829,2,1
256826,256827,256828,1,1
256826,256827,256828,1,1
256826,256827,256828,1,1
256826,256827,256828,1,1
256826,256827,256829,2,1
256826,256827,256829,2,1
256826,256827,256828,1,1
256826,256827,256828,1,1
256826,256827,256828,1,1
256826,256827,256829,2,1
256826,256827,256829,2,1
256826,256827,256829,2,1
256826,256827,256829,2,1
256826,256827,256829,2,1
256826,256827,256829,2,1
256826,256827,256829,2,1
256826,256827,256829,2,1
256826,256827,256829,2,1
256826,256827,256829,2,1
256826,256827,256829,2,1
256826,256827,256829,2,1
256691,256691,256831,140,0
256715,256715,256836,121,0
256822,256822,256837,15,0
256822,256822,256837,15,0
256822,256822,256837,15,0
256826,256827,256837,10,1
256836,256836,256837,1,0
256836,256836,256837,1,0
256836,256836,256838,2,0
256836,256836,256838,2,0
256836,256836,256837,1,0
256836,256836,256838,2,0
256836,256836,256838,2,0
256836,256836,256838,2,0
256836,256836,256837,1,0
256836,256836,256837,1,0
256836,256836,256838,2,0
256836,256836,256838,2,0
256836,256836,256838,2,0
256836,256836,256837,1,0
256836,256836,256837,1,0
256836,256836,256837,1,0
256836,256836,256837,1,0
256836,256836,256837,1,0
256836,256836,256837,1,0
256836,256836,256837,1,0
256836,256836,256838,2,0
256836,256836,256838,2,0
256836,256836,256838,2,0
256836,256836,256837,1,0
256836,256836,256838,2,0
256599,256600,256839,239,1
256836,256836,256838,2,0
256836,256836,256838,2,0
256836,256836,256838,2,0
256836,256836,256838,2,0
256836,256836,256838,2,0
256836,256836,256838,2,0
256836,256836,256838,2,0
256836,256836,256839,3,0
256836,256836,256839,3,0
256836,256836,256839,3,0
256836,256836,256838,2,0
256826,256827,256840,13,1
256839,256839,256841,2,0
256839,256839,256841,2,0
256839,256839,256841,2,0
256839,256839,256841,2,0
256839,256839,256841,2,0
256839,256840,256841,1,1
256839,256839,256841,2,0
256839,256839,256841,2,0
256839,256839,256841,2,0
256839,256839,256841,2,0
256839,256839,256841,2,0
256839,256839,256841,2,0
256839,256839,256842,3,0
256839,256840,256842,2,1
256839,256839,256842,3,0
256839,256839,256841,2,0
256839,256839,256841,2,0
256839,256839,256841,2,0
256839,256839,256841,2,0
256839,256840,256841,1,1
256839,256840,256841,1,1
256839,256839,256841,2,0
256839,256839,256841,2,0
256839,256839,256841,2,0
256839,256839,256841,2,0
256839,256840,256842,2,1
256808,256811,256841,30,3
256826,256827,256841,14,1
256836,256840,256842,2,4
256836,256840,256841,1,4
256836,256840,256842,2,4
256836,256840,256842,2,4
256836,256840,256842,2,4
256836,256840,256842,2,4
256836,256840,256842,2,4
256839,256839,256842,3,0
256839,256839,256842,3,0
256839,256840,256842,2,1
256839,256840,256842,2,1
256839,256840,256842,2,1
256826,256827,256842,15,1
256839,256839,256842,3,0
256839,256839,256842,3,0
256839,256840,256842,2,1
256839,256839,256842,3,0
256839,256839,256842,3,0
256839,256840,256842,2,1
256839,256839,256842,3,0
256839,256840,256842,2,1
256839,256840,256842,2,1
256839,256840,256842,2,1
256839,256840,256842,2,1
256839,256840,256842,2,1
256839,256840,256842,2,1
256839,256839,256842,3,0
256839,256842,256843,1,3
256839,256842,256843,1,3
256839,256842,256843,1,3
256839,256842,256843,1,3
256839,256842,256843,1,3
256839,256842,256843,1,3
256839,256842,256843,1,3
256839,256842,256843,1,3
256839,256842,256843,1,3
256839,256842,256843,1,3
256839,256842,256843,1,3
256839,256842,256843,1,3
256839,256842,256843,1,3
256839,256842,256843,1,3
256839,256842,256843,1,3
256839,256842,256843,1,3
256839,256842,256844,2,3
256839,256842,256844,2,3
256839,256842,256844,2,3
256839,256842,256844,2,3
256839,256842,256844,2,3
256839,256842,256844,2,3
256839,256842,256844,2,3
256839,256842,256844,2,3
256839,256842,256844,2,3
256839,256842,256844,2,3
256826,256827,256845,18,1
256839,256842,256844,2,3
256839,256842,256844,2,3
256839,256843,256844,1,4
256839,256842,256844,2,3
256839,256842,256844,2,3
256839,256843,256844,1,4
256839,256842,256844,2,3
256839,256842,256844,2,3
256839,256843,256844,1,4
256839,256843,256844,1,4
256839,256843,256844,1,4
256839,256842,256845,3,3
256839,256839,256845,6,0
256839,256839,256845,6,0
256839,256840,256846,6,1
256839,256841,256847,6,2
256839,256842,256848,6,3
256839,256843,256848,5,4
256836,256836,256851,15,0
256836,256836,256852,16,0
256839,256840,256869,29,1
256739,256741,256872,131,2
256742,256743,256872,129,1
256877,256877,256878,1,0
256877,256877,256879,2,0
256877,256877,256879,2,0
256877,256877,256878,1,0
256877,256877,256878,1,0
256877,256877,256879,2,0
256877,256877,256878,1,0
256877,256877,256878,1,0
256877,256877,256878,1,0
256877,256877,256879,2,0
256877,256877,256879,2,0
256877,256877,256878,1,0
256877,256877,256879,2,0
256877,256877,256878,1,0
256877,256877,256878,1,0
256877,256877,256878,1,0
256877,256877,256879,2,0
256877,256877,256879,2,0
256877,256877,256879,2,0
256877,256877,256879,2,0
256877,256877,256879,2,0
256877,256877,256879,2,0
256877,256877,256880,3,0
256877,256877,256880,3,0
256877,256877,256880,3,0
256877,256877,256880,3,0
256877,256877,256880,3,0
256877,256877,256880,3,0
256877,256877,256880,3,0
256877,256877,256880,3,0
256877,256877,256879,2,0
256877,256877,256880,3,0
256877,256877,256880,3,0
256877,256877,256880,3,0
256877,256877,256880,3,0
256877,256877,256880,3,0
256877,256877,256880,3,0
256877,256877,256880,3,0
256877,256877,256881,4,0
256877,256877,256881,4,0
256877,256877,256880,3,0
256877,256877,256880,3,0
256877,256882,256884,2,5
256877,256882,256885,3,5
256877,256882,256885,3,5
256887,256887,256888,1,0
256887,256887,256888,1,0
256887,256887,256889,2,0
256887,256887,256889,2,0
256887,256887,256889,2,0
256887,256887,256888,1,0
256887,256887,256889,2,0
256887,256887,256889,2,0
256887,256887,256889,2,0
256887,256887,256889,2,0
256887,256887,256890,3,0
256887,256887,256889,2,0
256887,256887,256889,2,0
256887,256887,256890,3,0
256887,256887,256890,3,0
256887,256887,256890,3,0
256887,256887,256889,2,0
256887,256887,256889,2,0
256887,256887,256889,2,0
256887,256887,256889,2,0
256887,256887,256889,2,0
256887,256887,256889,2,0
256887,256887,256889,2,0
256887,256887,256889,2,0
256887,256887,256889,2,0
256887,256887,256889,2,0
256887,256887,256890,3,0
256887,256887,256890,3,0
256887,256887,256890,3,0
256887,256887,256890,3,0
256887,256887,256890,3,0
256887,256887,256890,3,0
256887,256887,256890,3,0
256887,256887,256890,3,0
256887,256887,256890,3,0
256887,256887,256890,3,0
256887,256887,256890,3,0
256887,256887,256890,3,0
256887,256887,256890,3,0
256761,256762,256898,136,1
256899,256899,256900,1,0
256899,256899,256901,2,0
256899,256899,256901,2,0
256899,256899,256901,2,0
256899,256899,256901,2,0
256899,256900,256901,1,1
256899,256899,256901,2,0
256899,256899,256901,2,0
256899,256899,256901,2,0
256899,256899,256900,1,0
256899,256899,256901,2,0
256899,256899,256901,2,0
256899,256899,256901,2,0
256899,256899,256901,2,0
256899,256899,256901,2,0
256899,256899,256901,2,0
256899,256899,256901,2,0
256899,256899,256901,2,0
256899,256899,256901,2,0
256899,256899,256901,2,0
256899,256899,256901,2,0
256899,256899,256901,2,0
256899,256899,256901,2,0
256899,256899,256901,2,0
256899,256899,256901,2,0
256899,256899,256901,2,0
256899,256899,256901,2,0
256899,256899,256901,2,0
256899,256899,256901,2,0
256899,256899,256902,3,0
256899,256900,256902,2,1
256899,256900,256902,2,1
256899,256899,256901,2,0
256899,256899,256901,2,0
256899,256899,256901,2,0
256899,256899,256902,3,0
256899,256899,256902,3,0
256899,256900,256901,1,1
256899,256900,256902,2,1
256899,256899,256902,3,0
256899,256899,256902,3,0
256899,256899,256902,3,0
256899,256899,256902,3,0
256899,256899,256902,3,0
256899,256899,256902,3,0
256744,256745,256907,162,1
256908,256908,256909,1,0
256908,256908,256909,1,0
256908,256908,256910,2,0
256908,256908,256910,2,0
256908,256908,256909,1,0
256908,256908,256909,1,0
256908,256908,256910,2,0
256908,256908,256910,2,0
256908,256908,256910,2,0
256908,256908,256909,1,0
256908,256908,256909,1,0
256908,256908,256910,2,0
256908,256908,256910,2,0
256908,256908,256910,2,0
256908,256908,256910,2,0
256908,256908,256910,2,0
256908,256908,256910,2,0
256908,256908,256910,2,0
256908,256908,256910,2,0
256908,256908,256910,2,0
256908,256908,256910,2,0
256908,256908,256910,2,0
256908,256908,256910,2,0
256908,256908,256910,2,0
256908,256908,256910,2,0
256908,256908,256910,2,0
256908,256908,256910,2,0
256908,256908,256910,2,0
256908,256908,256910,2,0
256908,256908,256910,2,0
256908,256908,256910,2,0
256908,256908,256910,2,0
256908,256908,256910,2,0
256908,256908,256910,2,0
256908,256908,256910,2,0
256908,256908,256910,2,0
256908,256908,256911,3,0
256908,256908,256910,2,0
256908,256908,256910,2,0
256887,256887,256913,26,0
256887,256887,256914,27,0
256710,256710,256916,206,0
256908,256908,256916,8,0
256908,256908,256916,8,0
256908,256908,256916,8,0
256908,256908,256916,8,0
256908,256908,256916,8,0
256908,256908,256917,9,0
256887,256887,256916,29,0
256887,256887,256918,31,0
256917,256917,256918,1,0
256917,256917,256919,2,0
256917,256917,256919,2,0
256917,256917,256919,2,0
256917,256917,256918,1,0
256917,256917,256918,1,0
256917,256917,256918,1,0
256917,256917,256919,2,0
256917,256917,256919,2,0
256917,256917,256919,2,0
256917,256917,256919,2,0
256917,256917,256918,1,0
256917,256917,256919,2,0
256917,256917,256919,2,0
256917,256917,256919,2,0
256917,256917,256919,2,0
256917,256917,256919,2,0
256917,256917,256919,2,0
256917,256917,256919,2,0
256917,256917,256919,2,0
256917,256917,256919,2,0
256917,256917,256919,2,0
256917,256917,256919,2,0
256917,256917,256919,2,0
256917,256917,256919,2,0
256917,256917,256919,2,0
256917,256917,256919,2,0
256917,256917,256919,2,0
256917,256917,256919,2,0
256917,256917,256920,3,0
256917,256917,256919,2,0
256917,256917,256919,2,0
256887,256887,256921,34,0
256917,256917,256924,7,0
256887,256887,256925,38,0
256718,256718,256926,208,0
256775,256775,256926,151,0
256917,256917,256926,9,0
256917,256917,256926,9,0
256917,256917,256926,9,0
256917,256917,256926,9,0
256917,256917,256930,13,0
256917,256917,256930,13,0
256929,256929,256930,1,0
256929,256929,256930,1,0
256929,256929,256931,2,0
256929,256929,256930,1,0
256929,256929,256930,1,0
256929,256929,256930,1,0
256929,256929,256930,1,0
256929,256929,256930,1,0
256929,256929,256931,2,0
256929,256929,256931,2,0
256929,256929,256930,1,0
256929,256929,256931,2,0
256929,256929,256931,2,0
256929,256929,256931,2,0
256929,256929,256931,2,0
256929,256929,256931,2,0
256929,256929,256930,1,0
256929,256929,256930,1,0
256929,256929,256931,2,0
256929,256929,256931,2,0
256929,256929,256930,1,0
256929,256929,256931,2,0
256929,256929,256931,2,0
256929,256929,256931,2,0
256929,256929,256930,1,0
256929,256929,256930,1,0
256929,256929,256931,2,0
256929,256929,256931,2,0
256929,256929,256930,1,0
256929,256929,256930,1,0
256929,256929,256931,2,0
256929,256929,256931,2,0
256929,256929,256931,2,0
256929,256929,256931,2,0
256929,256929,256931,2,0
256929,256929,256931,2,0
256929,256929,256931,2,0
256929,256929,256931,2,0
256917,256917,256931,14,0
256929,256929,256930,1,0
256929,256929,256931,2,0
256929,256929,256931,2,0
256929,256929,256931,2,0
256929,256929,256931,2,0
256929,256929,256931,2,0
256929,256929,256931,2,0
256929,256929,256931,2,0
256929,256929,256931,2,0
256929,256931,256932,1,2
256929,256931,256932,1,2
256929,256929,256931,2,0
256929,256929,256931,2,0
256929,256929,256931,2,0
256929,256929,256931,2,0
256929,256931,256932,1,2
256929,256931,256932,1,2
256929,256931,256933,2,2
256929,256931,256933,2,2
256929,256931,256932,1,2
256929,256931,256932,1,2
256929,256931,256932,1,2
256929,256931,256933,2,2
256929,256931,256933,2,2
256929,256931,256933,2,2
256929,256931,256933,2,2
256929,256931,256933,2,2
256929,256931,256933,2,2
256929,256931,256933,2,2
256929,256931,256933,2,2
256929,256931,256933,2,2
256929,256931,256933,2,2
256929,256931,256933,2,2
256929,256931,256933,2,2
256929,256931,256933,2,2
256929,256931,256933,2,2
256929,256931,256933,2,2
256929,256931,256933,2,2
256929,256931,256933,2,2
256929,256931,256933,2,2
256929,256931,256933,2,2
256929,256931,256933,2,2
256929,256931,256933,2,2
256929,256931,256933,2,2
256929,256931,256933,2,2
256929,256931,256933,2,2
256917,256917,256933,16,0
256917,256917,256933,16,0
256917,256917,256933,16,0
256929,256931,256933,2,2
256929,256930,256934,4,1
256929,256930,256935,5,1
256917,256917,256935,18,0
256746,256746,256943,197,0
256917,256917,256937,20,0
256929,256929,256938,9,0
256929,256929,256938,9,0
256929,256929,256938,9,0
256945,256945,256947,2,0
256945,256945,256947,2,0
256945,256945,256947,2,0
256945,256945,256947,2,0
256945,256945,256947,2,0
256945,256945,256947,2,0
256945,256945,256946,1,0
256945,256945,256946,1,0
256945,256945,256947,2,0
256945,256945,256947,2,0
256945,256945,256946,1,0
256945,256945,256946,1,0
256945,256945,256947,2,0
256945,256945,256947,2,0
256945,256945,256947,2,0
256945,256945,256946,1,0
256945,256945,256947,2,0
256945,256945,256947,2,0
256945,256945,256947,2,0
256945,256945,256947,2,0
256945,256945,256946,1,0
256945,256945,256947,2,0
256945,256945,256947,2,0
256945,256945,256947,2,0
256945,256945,256947,2,0
256945,256945,256947,2,0
256945,256945,256947,2,0
256945,256945,256947,2,0
256945,256945,256947,2,0
256945,256945,256947,2,0
256945,256945,256947,2,0
256945,256945,256948,3,0
256945,256945,256948,3,0
256945,256945,256961,16,0
256945,256945,256961,16,0
256945,256945,256961,16,0
256945,256945,256961,16,0
256945,256945,256961,16,0
256945,256945,256961,16,0
256945,256945,256961,16,0
256945,256945,256961,16,0
256945,256945,256961,16,0
256945,256945,256962,17,0
256945,256945,256962,17,0
256945,256946,256963,17,1
256770,256770,256971,201,0
256841,256843,256974,131,2
256974,256974,256976,2,0
256974,256974,256975,1,0
256974,256974,256975,1,0
256974,256974,256975,1,0
256974,256974,256975,1,0
256974,256974,256975,1,0
256974,256974,256975,1,0
256974,256974,256976,2,0
256974,256974,256976,2,0
256974,256974,256976,2,0
256974,256974,256975,1,0
256974,256974,256976,2,0
256974,256974,256975,1,0
256974,256974,256976,2,0
256974,256974,256976,2,0
256974,256974,256976,2,0
256974,256974,256975,1,0
256974,256974,256976,2,0
256974,256974,256976,2,0
256974,256974,256976,2,0
256974,256974,256976,2,0
256974,256974,256976,2,0
256974,256974,256976,2,0
256974,256974,256976,2,0
256974,256974,256976,2,0
256974,256974,256975,1,0
256974,256974,256976,2,0
256974,256974,256975,1,0
256974,256974,256976,2,0
256974,256974,256976,2,0
256974,256974,256976,2,0
256797,256797,256976,179,0
256974,256976,256977,1,2
256974,256976,256978,2,2
256974,256976,256978,2,2
256974,256976,256978,2,2
256974,256976,256977,1,2
256976,256977,256978,1,1
256976,256977,256979,2,1
256976,256977,256978,1,1
256974,256977,256978,1,3
256974,256977,256978,1,3
256974,256977,256979,2,3
256974,256977,256978,1,3
256974,256977,256978,1,3
256976,256977,256978,1,1
256976,256977,256978,1,1
256976,256977,256978,1,1
256976,256977,256978,1,1
256976,256977,256979,2,1
256976,256977,256979,2,1
256976,256977,256978,1,1
256976,256977,256979,2,1
256976,256977,256978,1,1
256976,256977,256979,2,1
256976,256977,256978,1,1
256976,256977,256978,1,1
256976,256977,256978,1,1
256976,256977,256979,2,1
256976,256977,256979,2,1
256976,256977,256979,2,1
256976,256977,256979,2,1
256978,256978,256979,1,0
256976,256977,256978,1,1
256976,256977,256978,1,1
256976,256977,256978,1,1
256976,256977,256978,1,1
256976,256977,256979,2,1
256976,256977,256979,2,1
256976,256977,256979,2,1
256978,256978,256979,1,0
256976,256977,256979,2,1
256976,256977,256979,2,1
256978,256979,256980,1,1
256978,256979,256980,1,1
256976,256977,256979,2,1
256976,256977,256979,2,1
256976,256977,256979,2,1
256976,256977,256979,2,1
256976,256977,256979,2,1
256978,256979,256980,1,1
256978,256979,256980,1,1
256976,256977,256980,3,1
256976,256977,256979,2,1
256976,256977,256979,2,1
256976,256977,256979,2,1
256978,256979,256980,1,1
256978,256979,256980,1,1
256978,256979,256980,1,1
256978,256979,256980,1,1
256978,256979,256980,1,1
256978,256979,256980,1,1
256978,256979,256981,2,1
256978,256979,256981,2,1
256978,256979,256980,1,1
256978,256979,256980,1,1
256978,256979,256981,2,1
256978,256979,256981,2,1
256978,256979,256981,2,1
256978,256979,256981,2,1
256978,256979,256981,2,1
256978,256979,256981,2,1
256978,256979,256981,2,1
256978,256979,256981,2,1
256978,256979,256981,2,1
256978,256979,256981,2,1
256978,256979,256981,2,1
256978,256979,256981,2,1
256978,256979,256981,2,1
256978,256979,256981,2,1
256978,256979,256981,2,1
256978,256979,256981,2,1
256978,256979,256981,2,1
256978,256979,256981,2,1
256978,256980,256981,1,2
256978,256980,256981,1,2
256978,256980,256981,1,2
256978,256980,256981,1,2
256978,256979,256981,2,1
256978,256979,256982,3,1
256974,256976,256983,7,2
256978,256978,256983,5,0
256978,256978,256983,5,0
256978,256978,256983,5,0
256978,256978,256983,5,0
256978,256978,256983,5,0
256976,256977,256985,8,1
256976,256977,256985,8,1
256976,256977,256988,11,1
256976,256977,256988,11,1
256976,256977,256990,13,1
256974,256976,256985,9,2
256974,256976,256983,7,2
256974,256976,256984,8,2
256976,256977,256990,13,1
256823,256823,256994,171,0
256976,256977,256995,18,1
256995,256996,256998,2,1
256995,256996,256998,2,1
256995,256996,256997,1,1
256995,256996,256997,1,1
256995,256996,256998,2,1
256995,256996,256998,2,1
256995,256996,256997,1,1
256995,256996,256998,2,1
256995,256996,256998,2,1
256995,256996,256998,2,1
256995,256996,256998,2,1
256995,256996,256998,2,1
256995,256996,256998,2,1
256995,256996,256998,2,1
256995,256996,256998,2,1
256995,256996,256998,2,1
256995,256996,256999,3,1
256995,256996,256999,3,1
256995,256996,256998,2,1
256995,256996,256998,2,1
256995,256996,256998,2,1
256995,256996,256998,2,1
256995,256996,256998,2,1
256995,256996,256999,3,1
256995,256996,256999,3,1
256995,256996,256998,2,1
256995,256996,256998,2,1
256995,256996,256998,2,1
256995,256996,256998,2,1
256995,256997,256999,2,2
256995,256997,256999,2,2
256995,256997,256999,2,2
256995,256996,257000,4,1
256995,256996,257000,4,1
256995,256996,256999,3,1
256995,256996,257000,4,1
256995,256997,256999,2,2
256995,256996,257000,4,1
256995,256996,257001,5,1
256843,256843,257002,159,0
256995,256996,257003,7,1
256995,256996,257003,7,1
256995,256996,257003,7,1
256779,256779,257004,225,0
257004,257004,257006,2,0
257004,257004,257006,2,0
257004,257004,257006,2,0
257004,257004,257006,2,0
257004,257004,257006,2,0
257004,257005,257006,1,1
256802,256802,257006,204,0
256828,256830,257006,176,2
257004,257004,257006,2,0
257004,257004,257006,2,0
257004,257004,257006,2,0
257004,257004,257006,2,0
257004,257004,257007,3,0
257004,257004,257006,2,0
257004,257004,257006,2,0
257004,257004,257006,2,0
257004,257004,257006,2,0
257004,257004,257006,2,0
257004,257004,257006,2,0
257004,257004,257006,2,0
257004,257004,257006,2,0
257004,257004,257006,2,0
257004,257004,257006,2,0
257004,257004,257006,2,0
257004,257004,257006,2,0
257004,257005,257007,2,1
257004,257005,257006,1,1
257004,257004,257006,2,0
257004,257004,257006,2,0
257004,257004,257006,2,0
257004,257004,257007,3,0
257004,257005,257006,1,1
257004,257005,257006,1,1
257004,257004,257007,3,0
257004,257005,257007,2,1
257004,257005,257007,2,1
257004,257005,257007,2,1
257004,257004,257007,3,0
257004,257004,257007,3,0
257007,257007,257008,1,0
257004,257004,257007,3,0
257004,257004,257007,3,0
257004,257004,257007,3,0
257007,257007,257008,1,0
257007,257007,257009,2,0
257007,257008,257009,1,1
257007,257007,257008,1,0
257007,257007,257008,1,0
257007,257007,257008,1,0
257007,257007,257008,1,0
257007,257007,257009,2,0
257007,257007,257009,2,0
257007,257007,257009,2,0
257007,257007,257008,1,0
257007,257007,257008,1,0
257007,257007,257008,1,0
257007,257007,257009,2,0
257007,257008,257009,1,1
257007,257007,257008,1,0
257007,257007,257009,2,0
257007,257007,257009,2,0
257007,257008,257009,1,1
257007,257007,257008,1,0
257007,257007,257008,1,0
257007,257007,257009,2,0
257007,257007,257009,2,0
257007,257007,257009,2,0
257007,257007,257009,2,0
257007,257007,257009,2,0
257007,257007,257008,1,0
257007,257007,257008,1,0
257007,257007,257008,1,0
257007,257007,257009,2,0
257007,257007,257009,2,0
257007,257007,257009,2,0
257007,257008,257009,1,1
257007,257007,257008,1,0
257007,257007,257008,1,0
257007,257007,257009,2,0
257007,257007,257009,2,0
257007,257007,257009,2,0
257007,257008,257009,1,1
257007,257007,257010,3,0
257007,257007,257009,2,0
257007,257008,257009,1,1
257007,257007,257009,2,0
256799,256799,257010,211,0
257007,257008,257009,1,1
257007,257008,257010,2,1
257007,257008,257010,2,1
257007,257008,257010,2,1
257007,257009,257010,1,2
257007,257009,257011,2,2
257007,257009,257011,2,2
257007,257010,257011,1,3
257007,257009,257010,1,2
257007,257009,257011,2,2
257007,257009,257011,2,2
257007,257009,257011,2,2
257007,257009,257011,2,2
257007,257009,257011,2,2
257007,257009,257011,2,2
257007,257009,257010,1,2
257007,257009,257010,1,2
257007,257009,257011,2,2
257007,257009,257011,2,2
257007,257009,257011,2,2
257007,257009,257011,2,2
257007,257009,257011,2,2
257007,257009,257011,2,2
257007,257009,257011,2,2
257007,257009,257011,2,2
257007,257009,257011,2,2
257007,257010,257011,1,3
257007,257009,257011,2,2
257007,257009,257011,2,2
257007,257009,257011,2,2
257007,257009,257011,2,2
257007,257010,257011,1,3
257007,257010,257011,1,3
257007,257010,257011,1,3
257007,257009,257011,2,2
257007,257009,257011,2,2
257007,257009,257011,2,2
257007,257009,257011,2,2
257007,257009,257011,2,2
257007,257010,257011,1,3
257007,257010,257011,1,3
257007,257009,257012,3,2
257007,257011,257012,1,4
257007,257009,257011,2,2
257007,257009,257011,2,2
257007,257009,257011,2,2
257007,257009,257011,2,2
257007,257010,257012,2,3
257007,257010,257012,2,3
257007,257010,257012,2,3
257007,257010,257012,2,3
257007,257009,257012,3,2
257007,257009,257012,3,2
257007,257011,257014,3,4
257007,257011,257014,3,4
257007,257011,257014,3,4
257011,257012,257014,2,1
256995,256996,256998,2,1
256995,256996,256998,2,1
256995,256996,256998,2,1
257007,257011,257014,3,4
257007,257011,257014,3,4
257007,257011,257014,3,4
257007,257011,257014,3,4
257007,257011,257014,3,4
257007,257011,257014,3,4
257007,257011,257014,3,4
257007,257011,257014,3,4
257007,257011,257014,3,4
257007,257011,257014,3,4
257007,257011,257014,3,4
257007,257011,257014,3,4
257007,257011,257014,3,4
257007,257011,257014,3,4
257007,257011,257014,3,4
257011,257012,257014,2,1
257007,257011,257014,3,4
257007,257012,257014,2,5
257007,257012,257014,2,5
257007,257012,257014,2,5
257007,257012,257014,2,5
257007,257012,257014,2,5
257007,257012,257014,2,5
257007,257011,257014,3,4
257007,257012,257014,2,5
257007,257012,257014,2,5
257007,257012,257014,2,5
257011,257012,257014,2,1
257011,257013,257015,2,2
257011,257013,257015,2,2
257011,257013,257015,2,2
257011,257013,257015,2,2
256900,256900,257015,115,0
257011,257013,257015,2,2
257011,257013,257015,2,2
257011,257013,257015,2,2
257011,257013,257015,2,2
257011,257015,257016,1,4
257011,257015,257017,2,4
256838,256838,257016,178,0
257011,257015,257016,1,4
257011,257015,257016,1,4
257011,257015,257017,2,4
257011,257015,257017,2,4
257011,257015,257017,2,4
257011,257015,257016,1,4
257011,257015,257016,1,4
257011,257015,257016,1,4
257011,257015,257016,1,4
257011,257015,257016,1,4
257011,257015,257016,1,4
257011,257015,257017,2,4
257011,257015,257016,1,4
257011,257015,257016,1,4
257011,257015,257017,2,4
257011,257015,257016,1,4
257011,257015,257016,1,4
257004,257004,257024,20,0
257004,257004,257024,20,0
257004,257004,257025,21,0
257004,257005,257025,20,1
257004,257005,257024,19,1
257007,257007,257024,17,0
257011,257015,257025,10,4
257011,257015,257025,10,4
257011,257015,257025,10,4
257011,257015,257025,10,4
257011,257015,257025,10,4
257011,257015,257025,10,4
257011,257015,257025,10,4
257011,257015,257025,10,4
257011,257015,257025,10,4
257011,257015,257025,10,4
256817,256817,257026,209,0
257026,257026,257027,1,0
257026,257026,257028,2,0
257026,257026,257028,2,0
257026,257026,257027,1,0
257026,257026,257027,1,0
257026,257026,257027,1,0
257026,257026,257027,1,0
257026,257026,257027,1,0
257026,257026,257028,2,0
257026,257026,257027,1,0
257026,257026,257028,2,0
257026,257026,257028,2,0
257026,257026,257028,2,0
257026,257026,257028,2,0
257026,257026,257028,2,0
257026,257026,257028,2,0
257026,257026,257028,2,0
257026,257026,257028,2,0
257026,257026,257028,2,0
257026,257026,257027,1,0
257026,257026,257028,2,0
257026,257026,257028,2,0
257026,257026,257028,2,0
257026,257026,257027,1,0
257026,257026,257027,1,0
257026,257027,257028,1,1
257026,257026,257028,2,0
257026,257028,257029,1,2
257026,257028,257029,1,2
257026,257028,257029,1,2
257026,257026,257028,2,0
257026,257026,257028,2,0
257026,257026,257028,2,0
257026,257026,257028,2,0
257026,257026,257028,2,0
257026,257026,257028,2,0
257026,257026,257028,2,0
257026,257028,257029,1,2
257026,257028,257029,1,2
257026,257026,257028,2,0
257026,257026,257028,2,0
257026,257026,257028,2,0
257026,257026,257028,2,0
257026,257028,257029,1,2
257026,257028,257029,1,2
257026,257026,257028,2,0
257026,257028,257029,1,2
257007,257007,257028,21,0
257007,257007,257028,21,0
257007,257007,257028,21,0
257007,257007,257028,21,0
257007,257007,257028,21,0
257007,257007,257028,21,0
257007,257007,257028,21,0
257026,257026,257029,3,0
257026,257026,257029,3,0
257026,257026,257029,3,0
257011,257012,257029,17,1
257011,257012,257030,18,1
257026,257028,257029,1,2
257026,257028,257030,2,2
257026,257028,257030,2,2
257026,257028,257030,2,2
257026,257028,257030,2,2
257026,257028,257029,1,2
257026,257028,257029,1,2
257026,257028,257029,1,2
257026,257028,257030,2,2
257026,257028,257030,2,2
257026,257028,257030,2,2
257026,257028,257030,2,2
257026,257028,257030,2,2
257026,257028,257030,2,2
257026,257029,257030,1,3
257026,257029,257031,2,3
257026,257029,257031,2,3
257026,257029,257030,1,3
257026,257029,257031,2,3
257026,257029,257031,2,3
257026,257029,257031,2,3
257026,257029,257031,2,3
257029,257029,257031,2,0
257029,257029,257031,2,0
257029,257029,257030,1,0
257029,257029,257030,1,0
257026,257029,257031,2,3
257026,257029,257030,1,3
257026,257029,257030,1,3
257026,257029,257030,1,3
257029,257029,257030,1,0
257029,257029,257030,1,0
257026,257028,257030,2,2
257026,257028,257031,3,2
257026,257028,257030,2,2
257029,257029,257031,2,0
257029,257029,257031,2,0
257029,257029,257031,2,0
257029,257029,257031,2,0
257029,257029,257031,2,0
257029,257029,257031,2,0
257026,257028,257031,3,2
257029,257030,257031,1,1
257029,257030,257031,1,1
257029,257030,257031,1,1
257029,257030,257032,2,1
257029,257030,257032,2,1
257026,257026,257032,6,0
257029,257031,257033,2,2
257029,257031,257033,2,2
257029,257031,257033,2,2
257029,257031,257033,2,2
257029,257030,257033,3,1
257029,257030,257033,3,1
257029,257030,257033,3,1
257029,257030,257033,3,1
257029,257030,257033,3,1
257029,257030,257033,3,1
257029,257030,257033,3,1
257029,257030,257033,3,1
257029,257030,257033,3,1
257029,257031,257033,2,2
257029,257031,257033,2,2
257029,257031,257033,2,2
257029,257032,257033,1,3
257029,257029,257033,4,0
257029,257031,257033,2,2
257029,257031,257033,2,2
257026,257026,257033,7,0
257029,257031,257034,3,2
257026,257026,257036,10,0
257026,257026,257036,10,0
257026,257026,257036,10,0
257026,257026,257036,10,0
257026,257026,257037,11,0
257026,257026,257039,13,0
257011,257012,257039,27,1
257026,257029,257040,11,3
257026,257029,257039,10,3
257029,257030,257045,15,1
256782,256782,257046,264,0
257011,257013,257050,37,2
257007,257012,257054,42,5
257011,257013,257054,41,2
257053,257053,257055,2,0
257053,257053,257055,2,0
257053,257053,257055,2,0
257053,257053,257055,2,0
257053,257053,257055,2,0
257053,257053,257055,2,0
257053,257053,257055,2,0
257053,257053,257055,2,0
257053,257053,257055,2,0
257053,257053,257055,2,0
257053,257053,257055,2,0
257053,257053,257055,2,0
257053,257053,257055,2,0
257053,257053,257055,2,0
257053,257053,257055,2,0
257053,257053,257055,2,0
257053,257053,257055,2,0
257053,257053,257055,2,0
257053,257053,257055,2,0
257053,257053,257055,2,0
257053,257053,257055,2,0
257053,257053,257055,2,0
257053,257053,257056,3,0
257053,257053,257056,3,0
257053,257053,257056,3,0
257053,257054,257056,2,1
257053,257053,257056,3,0
257053,257053,257056,3,0
257053,257053,257056,3,0
257053,257053,257056,3,0
257053,257053,257056,3,0
257053,257053,257056,3,0
257053,257053,257055,2,0
257053,257053,257056,3,0
257053,257053,257056,3,0
257053,257053,257056,3,0
257053,257053,257056,3,0
257053,257053,257056,3,0
257029,257032,257057,25,3
257029,257032,257059,27,3
257029,257030,257061,31,1
257029,257030,257061,31,1
257029,257032,257061,29,3
257053,257054,257062,8,1
257029,257032,257063,31,3
257053,257062,257063,1,9
257053,257062,257063,1,9
257053,257062,257063,1,9
257053,257062,257064,2,9
256930,256931,257069,138,1
256910,256910,257070,160,0
257071,257071,257072,1,0
257071,257071,257072,1,0
257071,257071,257072,1,0
257071,257071,257073,2,0
257071,257071,257073,2,0
257071,257071,257073,2,0
257071,257071,257072,1,0
257071,257071,257073,2,0
257071,257071,257073,2,0
257071,257071,257073,2,0
257071,257071,257073,2,0
257071,257071,257073,2,0
257071,257071,257074,3,0
257071,257071,257074,3,0
257071,257071,257074,3,0
257071,257071,257074,3,0
257071,257071,257074,3,0
257071,257071,257074,3,0
257071,257071,257074,3,0
257071,257071,257074,3,0
257071,257071,257074,3,0
257071,257071,257074,3,0
257071,257071,257074,3,0
257071,257071,257074,3,0
257071,257071,257074,3,0
257071,257071,257074,3,0
257071,257071,257074,3,0
257071,257071,257074,3,0
257071,257071,257074,3,0
257071,257071,257074,3,0
257071,257072,257074,2,1
257071,257071,257074,3,0
257071,257071,257074,3,0
257071,257071,257074,3,0
257071,257071,257074,3,0
257071,257071,257074,3,0
257071,257071,257074,3,0
257071,257071,257074,3,0
257071,257071,257074,3,0
257071,257071,257074,3,0
257071,257071,257074,3,0
257071,257071,257074,3,0
257071,257071,257074,3,0
257071,257071,257074,3,0
257071,257071,257074,3,0
257071,257071,257074,3,0
257071,257072,257074,2,1
257071,257072,257074,2,1
257071,257071,257074,3,0
257071,257071,257074,3,0
257071,257071,257074,3,0
257071,257071,257074,3,0
257071,257072,257074,2,1
257053,257053,257074,21,0
257053,257053,257074,21,0
257071,257073,257075,2,2
257071,257073,257075,2,2
257071,257073,257075,2,2
257071,257073,257075,2,2
257071,257073,257075,2,2
257071,257073,257075,2,2
257071,257073,257075,2,2
257071,257073,257075,2,2
257071,257073,257075,2,2
257071,257073,257075,2,2
257071,257073,257075,2,2
257071,257074,257075,1,3
257071,257074,257076,2,3
257071,257074,257076,2,3
257071,257074,257076,2,3
257071,257074,257076,2,3
257071,257074,257076,2,3
257071,257074,257076,2,3
257071,257074,257076,2,3
257071,257074,257076,2,3
257071,257074,257076,2,3
257071,257074,257076,2,3
257071,257074,257076,2,3
257071,257074,257076,2,3
257071,257074,257076,2,3
257071,257074,257076,2,3
257071,257074,257076,2,3
257071,257074,257076,2,3
257071,257075,257076,1,4
257071,257073,257079,6,2
257071,257073,257079,6,2
257071,257073,257079,6,2
257071,257073,257079,6,2
256879,256879,257095,216,0
256888,256888,257096,208,0
256979,256980,257096,116,1
257097,257097,257098,1,0
257097,257097,257098,1,0
257097,257097,257098,1,0
256919,256919,257097,178,0
256947,256947,257097,150,0
257097,257097,257098,1,0
257097,257097,257098,1,0
257097,257097,257098,1,0
257097,257097,257098,1,0
257097,257097,257098,1,0
257097,257097,257098,1,0
257097,257097,257098,1,0
257097,257097,257099,2,0
257097,257097,257098,1,0
257097,257097,257098,1,0
257097,257097,257098,1,0
257097,257097,257098,1,0
257097,257097,257099,2,0
257097,257097,257099,2,0
257097,257097,257099,2,0
257097,257097,257099,2,0
257097,257097,257099,2,0
257097,257097,257099,2,0
257097,257097,257099,2,0
257097,257097,257099,2,0
257097,257097,257099,2,0
257097,257097,257099,2,0
257097,257097,257099,2,0
257097,257098,257099,1,1
257097,257097,257098,1,0
257097,257097,257099,2,0
257097,257097,257099,2,0
257097,257097,257098,1,0
257097,257097,257098,1,0
257097,257097,257098,1,0
257097,257097,257098,1,0
257097,257097,257099,2,0
257097,257097,257099,2,0
257097,257097,257099,2,0
257097,257098,257099,1,1
257097,257097,257099,2,0
257097,257097,257099,2,0
257097,257097,257099,2,0
257097,257097,257098,1,0
257097,257097,257098,1,0
257097,257097,257098,1,0
257097,257097,257098,1,0
257097,257097,257099,2,0
257097,257097,257099,2,0
257097,257097,257099,2,0
257097,257097,257099,2,0
257097,257097,257099,2,0
257097,257097,257100,3,0
257097,257097,257099,2,0
257097,257097,257099,2,0
257097,257097,257099,2,0
257097,257098,257099,1,1
257097,257098,257099,1,1
257097,257097,257099,2,0
257097,257097,257099,2,0
257097,257097,257099,2,0
257097,257097,257099,2,0
257097,257098,257100,2,1
257097,257098,257100,2,1
257097,257098,257100,2,1
257097,257098,257100,2,1
257097,257098,257100,2,1
257097,257098,257100,2,1
257097,257098,257100,2,1
257097,257098,257100,2,1
257097,257099,257100,1,2
257097,257099,257100,1,2
257097,257099,257101,2,2
257097,257099,257101,2,2
257097,257099,257101,2,2
257097,257099,257101,2,2
257097,257099,257101,2,2
257097,257097,257100,3,0
257097,257099,257101,2,2
257097,257100,257101,1,3
257097,257100,257101,1,3
257099,257100,257101,1,1
257099,257100,257101,1,1
257097,257099,257101,2,2
257097,257100,257101,1,3
257097,257100,257101,1,3
257099,257100,257101,1,1
257099,257100,257101,1,1
257097,257100,257101,1,3
257097,257100,257101,1,3
257097,257100,257101,1,3
257097,257100,257101,1,3
257099,257100,257101,1,1
257099,257100,257101,1,1
257097,257100,257102,2,3
257097,257100,257101,1,3
257099,257100,257101,1,1
257099,257100,257101,1,1
257099,257100,257101,1,1
257099,257100,257101,1,1
257099,257100,257101,1,1
257099,257100,257101,1,1
257099,257100,257101,1,1
257099,257100,257101,1,1
257099,257100,257101,1,1
257099,257100,257102,2,1
257099,257100,257102,2,1
257097,257099,257101,2,2
257099,257100,257102,2,1
257099,257100,257101,1,1
257099,257100,257102,2,1
257099,257100,257102,2,1
257099,257100,257102,2,1
257099,257100,257102,2,1
257099,257100,257102,2,1
257099,257100,257102,2,1
257099,257101,257103,2,2
257097,257100,257102,2,3
257099,257101,257102,1,2
257099,257102,257103,1,3
257099,257101,257102,1,2
257099,257101,257102,1,2
257099,257101,257102,1,2
257099,257101,257102,1,2
257099,257101,257102,1,2
257099,257101,257102,1,2
257099,257100,257102,2,1
257099,257100,257102,2,1
257099,257100,257102,2,1
257099,257101,257102,1,2
257099,257101,257102,1,2
257099,257101,257103,2,2
257099,257101,257103,2,2
257099,257101,257103,2,2
257099,257101,257103,2,2
257099,257101,257103,2,2
257099,257100,257102,2,1
257099,257101,257102,1,2
257099,257102,257105,3,3
257099,257102,257105,3,3
257099,257102,257105,3,3
257099,257102,257105,3,3
257099,257102,257105,3,3
257099,257102,257105,3,3
257099,257102,257105,3,3
257099,257102,257105,3,3
257099,257102,257105,3,3
257099,257102,257105,3,3
257099,257102,257105,3,3
257099,257102,257105,3,3
257099,257102,257105,3,3
257099,257102,257105,3,3
257099,257102,257105,3,3
257099,257102,257105,3,3
257099,257102,257105,3,3
257099,257102,257105,3,3
257099,257102,257105,3,3
257099,257103,257106,3,4
257099,257102,257105,3,3
257099,257102,257105,3,3
257099,257102,257105,3,3
257099,257102,257105,3,3
257099,257102,257105,3,3
257099,257103,257106,3,4
257099,257102,257105,3,3
257099,257102,257105,3,3
257101,257103,257106,3,2
257101,257103,257106,3,2
257101,257103,257106,3,2
257101,257103,257106,3,2
257101,257103,257106,3,2
257099,257102,257105,3,3
257099,257102,257105,3,3
257099,257102,257105,3,3
257099,257103,257106,3,4
257101,257105,257106,1,4
257101,257103,257106,3,2
257101,257103,257106,3,2
257101,257103,257106,3,2
257071,257071,257106,35,0
257071,257071,257106,35,0
257071,257071,257106,35,0
257071,257071,257106,35,0
257101,257103,257106,3,2
257101,257103,257106,3,2
257101,257103,257106,3,2
257101,257103,257106,3,2
257101,257103,257106,3,2
257101,257103,257106,3,2
257101,257103,257106,3,2
257099,257103,257106,3,4
257099,257103,257106,3,4
257099,257103,257107,4,4
257099,257103,257107,4,4
257099,257103,257107,4,4
257101,257105,257107,2,4
257101,257105,257107,2,4
257101,257105,257106,1,4
257101,257105,257106,1,4
257101,257105,257107,2,4
257101,257105,257106,1,4
257101,257105,257107,2,4
257101,257106,257107,1,5
257101,257106,257107,1,5
257101,257106,257107,1,5
257101,257106,257107,1,5
257101,257106,257107,1,5
257101,257106,257107,1,5
257101,257106,257107,1,5
257101,257106,257107,1,5
257101,257106,257107,1,5
257101,257106,257108,2,5
257101,257106,257108,2,5
257101,257106,257108,2,5
257101,257106,257107,1,5
257101,257106,257108,2,5
257101,257106,257108,2,5
257101,257106,257108,2,5
257101,257106,257108,2,5
257101,257106,257108,2,5
257101,257106,257108,2,5
257101,257106,257108,2,5
257101,257106,257108,2,5
256933,256933,257112,179,0
257099,257101,257115,14,2
257114,257114,257116,2,0
257114,257114,257116,2,0
257114,257114,257116,2,0
257114,257114,257116,2,0
257114,257114,257116,2,0
257114,257114,257115,1,0
257114,257114,257116,2,0
257114,257114,257116,2,0
257114,257114,257116,2,0
257114,257114,257116,2,0
257114,257114,257116,2,0
257114,257114,257116,2,0
257114,257114,257116,2,0
257114,257114,257116,2,0
257114,257114,257116,2,0
257114,257114,257116,2,0
257114,257114,257115,1,0
257114,257114,257116,2,0
257114,257114,257116,2,0
257114,257114,257116,2,0
257114,257114,257116,2,0
257114,257114,257116,2,0
256977,256977,257114,137,0
257114,257114,257116,2,0
257114,257114,257116,2,0
257114,257114,257116,2,0
257114,257114,257116,2,0
257114,257114,257116,2,0
257114,257114,257117,3,0
257114,257114,257117,3,0
257114,257115,257117,2,1
257114,257115,257117,2,1
257099,257102,257117,15,3
257114,257117,257118,1,3
257114,257117,257118,1,3
257114,257117,257118,1,3
257114,257117,257118,1,3
257099,257102,257118,16,3
257099,257102,257119,17,3
257099,257102,257119,17,3
257099,257102,257119,17,3
257099,257102,257119,17,3
257117,257118,257119,1,1
257117,257118,257119,1,1
257117,257118,257119,1,1
257117,257118,257119,1,1
257117,257118,257119,1,1
257117,257118,257119,1,1
257117,257118,257119,1,1
257117,257118,257119,1,1
257117,257118,257119,1,1
257117,257118,257119,1,1
257117,257118,257119,1,1
257117,257118,257119,1,1
257117,257118,257119,1,1
257117,257118,257119,1,1
257117,257118,257119,1,1
257117,257118,257119,1,1
257117,257118,257119,1,1
257117,257118,257120,2,1
257117,257118,257120,2,1
257117,257118,257120,2,1
257117,257118,257120,2,1
257117,257118,257120,2,1
257117,257118,257120,2,1
257117,257118,257120,2,1
257117,257118,257120,2,1
257117,257118,257120,2,1
257117,257118,257120,2,1
257117,257118,257120,2,1
257117,257118,257120,2,1
257117,257118,257120,2,1
257117,257118,257120,2,1
257117,257119,257120,1,2
257117,257119,257120,1,2
257117,257119,257120,1,2
257117,257119,257120,1,2
257117,257118,257120,2,1
257117,257118,257120,2,1
257117,257118,257120,2,1
257117,257118,257120,2,1
257117,257118,257120,2,1
257117,257118,257120,2,1
257117,257118,257121,3,1
257117,257118,257120,2,1
257117,257118,257121,3,1
257114,257114,257125,11,0
257114,257114,257126,12,0
257114,257114,257128,14,0
257114,257114,257128,14,0
257114,257114,257129,15,0
257114,257114,257129,15,0
257101,257106,257130,24,5
256975,256975,257131,156,0
256998,256998,257132,134,0
257117,257118,257133,15,1
257013,257015,257140,125,2
257139,257140,257141,1,1
257139,257140,257141,1,1
257139,257140,257141,1,1
257139,257140,257141,1,1
257139,257140,257141,1,1
257139,257140,257141,1,1
257139,257140,257141,1,1
257139,257140,257141,1,1
257139,257140,257141,1,1
257139,257140,257141,1,1
257139,257140,257141,1,1
257139,257140,257141,1,1
257139,257140,257142,2,1
257139,257140,257141,1,1
257139,257140,257141,1,1
257139,257140,257141,1,1
257139,257140,257141,1,1
257139,257140,257141,1,1
257139,257140,257141,1,1
257139,257140,257141,1,1
257139,257140,257141,1,1
257139,257140,257141,1,1
257006,257006,257141,135,0
257139,257140,257141,1,1
257139,257140,257141,1,1
257139,257140,257141,1,1
257139,257140,257141,1,1
257139,257140,257142,2,1
257139,257140,257142,2,1
257139,257140,257142,2,1
257139,257140,257142,2,1
257139,257140,257142,2,1
257139,257140,257142,2,1
257139,257140,257142,2,1
257139,257140,257142,2,1
257139,257140,257142,2,1
257139,257140,257142,2,1
257139,257140,257142,2,1
257139,257140,257142,2,1
257142,257142,257143,1,0
257142,257142,257143,1,0
257142,257142,257144,2,0
257142,257142,257144,2,0
257142,257142,257143,1,0
257142,257142,257143,1,0
257142,257142,257143,1,0
257142,257142,257144,2,0
257142,257142,257144,2,0
257142,257142,257144,2,0
257142,257142,257143,1,0
257142,257142,257143,1,0
257142,257142,257143,1,0
257142,257142,257143,1,0
257142,257142,257144,2,0
257142,257142,257144,2,0
257142,257142,257143,1,0
257142,257142,257143,1,0
257142,257142,257143,1,0
257142,257142,257143,1,0
257142,257142,257144,2,0
257142,257142,257144,2,0
257142,257142,257144,2,0
257142,257142,257144,2,0
257142,257142,257143,1,0
257142,257142,257143,1,0
257142,257142,257143,1,0
257142,257142,257144,2,0
257142,257142,257144,2,0
257142,257142,257144,2,0
257142,257143,257144,1,1
257142,257142,257144,2,0
257142,257142,257144,2,0
257142,257143,257144,1,1
257142,257144,257145,1,2
257142,257142,257144,2,0
257142,257144,257145,1,2
257142,257144,257145,1,2
257142,257143,257144,1,1
257142,257143,257144,1,1
257142,257143,257144,1,1
257142,257143,257144,1,1
257142,257143,257144,1,1
257142,257143,257144,1,1
257142,257142,257144,2,0
257142,257142,257144,2,0
257142,257142,257144,2,0
257142,257142,257144,2,0
257142,257142,257144,2,0
257142,257144,257145,1,2
257142,257144,257145,1,2
257142,257144,257145,1,2
257142,257144,257145,1,2
257142,257144,257145,1,2
257142,257144,257145,1,2
257142,257144,257146,2,2
257142,257144,257145,1,2
257142,257144,257146,2,2
257142,257144,257146,2,2
257144,257145,257146,1,1
257144,257145,257146,1,1
257144,257145,257146,1,1
257142,257144,257146,2,2
257142,257144,257146,2,2
257142,257144,257146,2,2
257144,257145,257146,1,1
257142,257144,257146,2,2
257142,257144,257146,2,2
257142,257144,257146,2,2
257144,257145,257146,1,1
257142,257144,257146,2,2
257142,257144,257146,2,2
257142,257144,257146,2,2
257142,257144,257146,2,2
257142,257144,257145,1,2
257142,257144,257146,2,2
257144,257145,257146,1,1
257144,257145,257146,1,1
257144,257145,257146,1,1
257144,257145,257146,1,1
257142,257142,257146,4,0
257142,257142,257146,4,0
257142,257142,257147,5,0
257142,257145,257146,1,3
257144,257146,257147,1,2
257144,257146,257147,1,2
257142,257145,257146,1,3
257144,257145,257146,1,1
257144,257145,257146,1,1
257142,257144,257146,2,2
257142,257144,257146,2,2
257142,257144,257146,2,2
257142,257144,257146,2,2
257142,257144,257146,2,2
257142,257144,257146,2,2
257142,257144,257146,2,2
257142,257144,257146,2,2
257142,257144,257146,2,2
257144,257146,257147,1,2
257142,257142,257147,5,0
257142,257145,257148,3,3
257144,257146,257147,1,2
257144,257146,257148,2,2
257144,257146,257148,2,2
257144,257146,257148,2,2
257144,257146,257148,2,2
257144,257146,257148,2,2
257144,257146,257148,2,2
257144,257146,257148,2,2
257144,257146,257148,2,2
257144,257146,257148,2,2
257144,257146,257148,2,2
257144,257146,257148,2,2
257144,257146,257148,2,2
257144,257146,257148,2,2
257144,257146,257148,2,2
257144,257146,257148,2,2
257144,257146,257148,2,2
257144,257146,257148,2,2
257144,257146,257148,2,2
257144,257146,257148,2,2
257144,257146,257148,2,2
257144,257146,257148,2,2
257144,257146,257148,2,2
257144,257146,257148,2,2
257142,257143,257154,11,1
257144,257146,257155,9,2
257144,257146,257155,9,2
257144,257146,257155,9,2
257144,257146,257155,9,2
257142,257143,257155,12,1
257142,257143,257156,13,1
257015,257015,257157,142,0
257144,257147,257157,10,3
257114,257114,257158,44,0
257114,257114,257163,49,0
257144,257147,257162,15,3
257159,257159,257168,9,0
257159,257159,257170,11,0
257144,257147,257169,22,3
257159,257159,257171,12,0
257159,257159,257170,11,0
257114,257114,257171,57,0
257159,257159,257172,13,0
257159,257159,257173,14,0
257159,257159,257173,14,0
257159,257159,257172,13,0
257159,257159,257173,14,0
257159,257159,257173,14,0
257159,257159,257173,14,0
257159,257159,257173,14,0
257159,257159,257173,14,0
257159,257159,257173,14,0
257159,257159,257174,15,0
257159,257159,257174,15,0
257159,257159,257175,16,0
257159,257159,257176,17,0
257159,257159,257176,17,0
257159,257159,257176,17,0
256978,256980,257177,197,2
257114,257114,257180,66,0
257139,257141,257180,39,2
257159,257159,257181,22,0
257159,257159,257180,21,0
257159,257159,257180,21,0
257159,257159,257180,21,0
257159,257159,257180,21,0
257159,257159,257181,22,0
257159,257159,257180,21,0
257159,257159,257180,21,0
257159,257159,257181,22,0
257159,257159,257181,22,0
257159,257159,257181,22,0
257159,257159,257182,23,0
257159,257159,257182,23,0
257159,257159,257182,23,0
257159,257159,257182,23,0
257159,257159,257181,22,0
257159,257159,257182,23,0
257159,257159,257184,25,0
257159,257159,257184,25,0
257159,257159,257185,26,0
257159,257159,257186,27,0
257159,257159,257186,27,0
257159,257159,257186,27,0
257159,257159,257186,27,0
257176,257179,257186,7,3
257159,257159,257186,27,0
257139,257145,257186,41,6
257139,257145,257186,41,6
257139,257145,257186,41,6
257139,257145,257186,41,6
257139,257145,257186,41,6
257027,257029,257208,179,2
257030,257032,257208,176,2
257211,257211,257212,1,0
257211,257211,257213,2,0
257211,257211,257213,2,0
257211,257211,257213,2,0
257211,257211,257213,2,0
257211,257211,257213,2,0
257211,257211,257213,2,0
257211,257211,257213,2,0
257211,257211,257213,2,0
257211,257211,257213,2,0
257211,257211,257213,2,0
257211,257211,257213,2,0
257211,257211,257213,2,0
257211,257211,257213,2,0
257211,257211,257213,2,0
257211,257211,257213,2,0
257211,257211,257213,2,0
257211,257211,257213,2,0
257211,257211,257213,2,0
257211,257211,257213,2,0
257211,257211,257213,2,0
257211,257211,257213,2,0
257211,257211,257213,2,0
257211,257211,257213,2,0
257211,257211,257213,2,0
257211,257211,257215,4,0
257211,257211,257215,4,0
257211,257211,257216,5,0
257211,257211,257216,5,0
257211,257211,257216,5,0
257211,257211,257216,5,0
257211,257211,257216,5,0
257211,257211,257216,5,0
257211,257211,257216,5,0
257211,257211,257216,5,0
257211,257211,257216,5,0
257211,257211,257217,6,0
257211,257211,257216,5,0
257211,257211,257216,5,0
257211,257211,257217,6,0
257211,257211,257217,6,0
257211,257211,257217,6,0
257211,257211,257217,6,0
257211,257211,257217,6,0
257215,257215,257218,3,0
257211,257211,257217,6,0
257215,257215,257217,2,0
257215,257215,257217,2,0
257215,257215,257218,3,0
257215,257215,257217,2,0
257215,257215,257218,3,0
257215,257215,257217,2,0
257215,257215,257218,3,0
257215,257215,257217,2,0
257215,257215,257217,2,0
257215,257215,257218,3,0
257215,257215,257218,3,0
257215,257215,257218,3,0
257215,257215,257217,2,0
257215,257215,257217,2,0
257215,257215,257217,2,0
257215,257215,257218,3,0
257215,257215,257218,3,0
257215,257215,257217,2,0
257215,257215,257217,2,0
257215,257215,257219,4,0
257215,257215,257219,4,0
257215,257215,257219,4,0
257215,257215,257219,4,0
257215,257216,257219,3,1
257215,257216,257219,3,1
257215,257215,257219,4,0
257215,257215,257219,4,0
257215,257215,257219,4,0
257215,257215,257219,4,0
257215,257215,257219,4,0
257215,257215,257219,4,0
257215,257215,257219,4,0
257215,257215,257219,4,0
257215,257215,257218,3,0
257215,257215,257219,4,0
257215,257215,257219,4,0
257215,257215,257220,5,0
257215,257215,257229,14,0
257215,257215,257230,15,0
257215,257215,257235,20,0
257215,257215,257236,21,0
257215,257215,257237,22,0
257215,257215,257238,23,0
257215,257215,257238,23,0
257074,257075,257240,165,1
257242,257242,257244,2,0
257242,257242,257244,2,0
257242,257242,257244,2,0
257242,257242,257244,2,0
257242,257242,257244,2,0
257242,257242,257244,2,0
257242,257242,257244,2,0
257242,257242,257244,2,0
257242,257242,257244,2,0
257242,257242,257244,2,0
257242,257242,257244,2,0
257242,257242,257244,2,0
257242,257242,257244,2,0
257242,257242,257244,2,0
257242,257242,257244,2,0
257242,257242,257244,2,0
257242,257242,257244,2,0
257242,257242,257244,2,0
257242,257242,257244,2,0
257242,257242,257244,2,0
257242,257242,257244,2,0
257242,257242,257244,2,0
257242,257242,257244,2,0
257242,257242,257244,2,0
257242,257242,257244,2,0
257242,257242,257244,2,0
257242,257242,257244,2,0
257242,257242,257244,2,0
257242,257242,257244,2,0
257242,257242,257244,2,0
257242,257242,257245,3,0
257242,257242,257245,3,0
257242,257242,257244,2,0
257242,257242,257244,2,0
257242,257242,257245,3,0
257242,257242,257246,4,0
257242,257242,257246,4,0
257242,257242,257246,4,0
257242,257242,257246,4,0
257242,257242,257247,5,0
257242,257242,257246,4,0
257242,257242,257246,4,0
257242,257242,257247,5,0
257242,257242,257247,5,0
257242,257242,257247,5,0
257072,257075,257253,178,3
257255,257255,257257,2,0
257255,257255,257257,2,0
257255,257255,257257,2,0
257255,257255,257257,2,0
257255,257255,257257,2,0
257255,257255,257257,2,0
257255,257255,257257,2,0
257255,257255,257257,2,0
257255,257255,257257,2,0
257255,257255,257257,2,0
257255,257255,257257,2,0
257255,257255,257257,2,0
257255,257256,257257,1,1
257255,257255,257257,2,0
257255,257255,257257,2,0
257255,257255,257257,2,0
257255,257255,257257,2,0
257255,257255,257257,2,0
257255,257255,257257,2,0
257255,257255,257257,2,0
257255,257255,257257,2,0
257255,257255,257257,2,0
257255,257256,257257,1,1
257255,257256,257258,2,1
257255,257256,257258,2,1
257255,257256,257258,2,1
257255,257256,257258,2,1
257255,257256,257258,2,1
257255,257255,257258,3,0
257255,257255,257258,3,0
257255,257256,257258,2,1
257255,257256,257258,2,1
257255,257256,257258,2,1
257255,257256,257258,2,1
257255,257258,257260,2,3
257255,257258,257260,2,3
257255,257258,257260,2,3
257255,257259,257260,1,4
257255,257259,257260,1,4
257055,257055,257268,213,0
257270,257270,257272,2,0
257270,257270,257271,1,0
257270,257270,257272,2,0
257270,257270,257272,2,0
257270,257270,257272,2,0
257270,257270,257271,1,0
257270,257270,257271,1,0
257270,257270,257271,1,0
257270,257270,257272,2,0
257270,257270,257272,2,0
257270,257270,257271,1,0
257270,257270,257271,1,0
257270,257270,257272,2,0
257270,257270,257272,2,0
257270,257270,257272,2,0
257270,257270,257272,2,0
257270,257270,257272,2,0
257270,257270,257272,2,0
257270,257270,257271,1,0
257270,257270,257272,2,0
257270,257270,257272,2,0
257270,257270,257272,2,0
257270,257270,257271,1,0
257270,257270,257272,2,0
257270,257270,257272,2,0
257270,257270,257272,2,0
257270,257270,257272,2,0
257270,257270,257272,2,0
257270,257270,257272,2,0
257270,257270,257273,3,0
257270,257270,257272,2,0
257270,257270,257272,2,0
257270,257270,257272,2,0
257270,257270,257273,3,0
257270,257270,257272,2,0
257270,257270,257272,2,0
257270,257270,257272,2,0
257270,257270,257272,2,0
257270,257270,257272,2,0
257270,257270,257272,2,0
257270,257270,257272,2,0
257270,257270,257272,2,0
257270,257270,257272,2,0
257270,257270,257273,3,0
257270,257271,257273,2,1
257255,257255,257273,18,0
257046,257046,257273,227,0
257008,257012,257275,263,4
257010,257012,257275,263,2
257255,257255,257277,22,0
257255,257255,257277,22,0
257276,257277,257278,1,1
257276,257277,257278,1,1
257276,257277,257279,2,1
257276,257277,257278,1,1
257276,257277,257279,2,1
257276,257277,257279,2,1
257277,257277,257278,1,0
257255,257255,257278,23,0
257276,257277,257279,2,1
257276,257277,257278,1,1
257276,257277,257278,1,1
257277,257277,257278,1,0
257277,257277,257278,1,0
257277,257277,257278,1,0
257277,257277,257278,1,0
257276,257277,257278,1,1
257276,257277,257279,2,1
257276,257277,257278,1,1
257276,257277,257278,1,1
257276,257277,257279,2,1
257276,257277,257279,2,1
257276,257277,257279,2,1
257277,257277,257279,2,0
257277,257277,257279,2,0
257276,257277,257278,1,1
257276,257277,257278,1,1
257276,257277,257278,1,1
257276,257277,257279,2,1
257277,257277,257279,2,0
257276,257277,257278,1,1
257276,257277,257278,1,1
257276,257277,257279,2,1
257276,257277,257278,1,1
257276,257277,257278,1,1
257276,257277,257279,2,1
257277,257277,257279,2,0
257277,257277,257279,2,0
257277,257277,257279,2,0
257276,257277,257279,2,1
257276,257277,257279,2,1
257277,257279,257280,1,2
257276,257277,257279,2,1
257255,257255,257279,24,0
257255,257255,257279,24,0
257276,257277,257279,2,1
257276,257277,257279,2,1
257276,257277,257279,2,1
257276,257277,257279,2,1
257276,257277,257279,2,1
257276,257277,257279,2,1
257276,257277,257279,2,1
257276,257277,257279,2,1
257276,257277,257279,2,1
257276,257277,257279,2,1
257277,257277,257279,2,0
257277,257279,257280,1,2
257277,257279,257280,1,2
257277,257279,257281,2,2
257277,257279,257281,2,2
257279,257280,257281,1,1
257277,257279,257280,1,2
257277,257279,257281,2,2
257277,257279,257281,2,2
257277,257279,257281,2,2
257279,257280,257281,1,1
257279,257280,257281,1,1
257277,257279,257281,2,2
257277,257279,257281,2,2
257277,257279,257281,2,2
257277,257279,257281,2,2
257277,257279,257281,2,2
257279,257279,257281,2,0
257279,257279,257281,2,0
257277,257279,257280,1,2
257277,257279,257280,1,2
257277,257279,257280,1,2
257279,257279,257280,1,0
257279,257279,257280,1,0
257279,257279,257280,1,0
257279,257279,257280,1,0
257277,257279,257281,2,2
257277,257279,257281,2,2
257277,257279,257281,2,2
257277,257279,257281,2,2
257277,257279,257281,2,2
257279,257280,257281,1,1
257277,257279,257281,2,2
257277,257279,257281,2,2
257277,257279,257281,2,2
257277,257279,257281,2,2
257279,257279,257281,2,0
257277,257279,257281,2,2
257277,257279,257281,2,2
257277,257279,257281,2,2
257279,257280,257281,1,1
257279,257280,257281,1,1
257279,257280,257281,1,1
257279,257280,257281,1,1
257279,257280,257281,1,1
257279,257280,257282,2,1
257279,257280,257282,2,1
257279,257280,257282,2,1
257279,257280,257282,2,1
257279,257281,257282,1,2
257279,257281,257283,2,2
257279,257281,257282,1,2
257279,257281,257283,2,2
257279,257281,257282,1,2
257279,257281,257283,2,2
257279,257281,257283,2,2
257276,257277,257283,6,1
257279,257281,257283,2,2
257279,257281,257283,2,2
257279,257281,257283,2,2
257279,257281,257283,2,2
257279,257281,257283,2,2
257279,257281,257283,2,2
257279,257281,257282,1,2
257279,257281,257283,2,2
257279,257281,257283,2,2
257279,257281,257283,2,2
257279,257281,257283,2,2
257279,257281,257283,2,2
257279,257281,257283,2,2
257279,257281,257283,2,2
257276,257277,257298,21,1
257276,257277,257298,21,1
257276,257277,257298,21,1
257276,257277,257298,21,1
257276,257277,257298,21,1
257277,257277,257298,21,0
257277,257278,257298,20,1
257277,257278,257298,20,1
257277,257279,257298,19,2
257279,257280,257298,18,1
257279,257280,257298,18,1
257107,257107,257301,194,0
257279,257280,257303,23,1
257279,257280,257303,23,1
257302,257302,257304,2,0
257302,257302,257304,2,0
257302,257302,257304,2,0
257302,257302,257304,2,0
257302,257302,257304,2,0
257302,257302,257304,2,0
257302,257302,257304,2,0
257302,257302,257304,2,0
257302,257302,257304,2,0
257302,257302,257304,2,0
257302,257302,257304,2,0
257302,257302,257304,2,0
257302,257302,257304,2,0
257302,257303,257304,1,1
257302,257302,257304,2,0
257302,257302,257304,2,0
257302,257303,257304,1,1
257302,257303,257304,1,1
257302,257303,257304,1,1
257302,257303,257304,1,1
257302,257302,257305,3,0
257302,257302,257305,3,0
257302,257302,257305,3,0
257302,257302,257305,3,0
257302,257302,257305,3,0
257302,257302,257305,3,0
257302,257303,257305,2,1
257302,257303,257305,2,1
257302,257303,257305,2,1
257302,257303,257305,2,1
257302,257302,257307,5,0
257302,257302,257308,6,0
257302,257302,257308,6,0
257302,257302,257308,6,0
257141,257141,257308,167,0
257302,257302,257309,7,0
257302,257302,257309,7,0
257302,257302,257309,7,0
257302,257302,257309,7,0
257302,257308,257309,1,6
257302,257308,257310,2,6
257302,257308,257310,2,6
257302,257308,257310,2,6
257302,257308,257310,2,6
257302,257308,257310,2,6
257302,257302,257310,8,0
257309,257310,257311,1,1
257309,257310,257312,2,1
257309,257310,257312,2,1
257309,257310,257311,1,1
257309,257310,257311,1,1
257309,257310,257311,1,1
257309,257310,257311,1,1
257309,257310,257311,1,1
257309,257310,257312,2,1
257309,257310,257311,1,1
257309,257310,257311,1,1
257309,257310,257312,2,1
257309,257310,257311,1,1
257309,257310,257311,1,1
257309,257310,257311,1,1
257309,257310,257311,1,1
257309,257310,257312,2,1
257309,257310,257312,2,1
257309,257310,257312,2,1
257309,257310,257311,1,1
257309,257310,257311,1,1
257309,257310,257311,1,1
257309,257310,257312,2,1
257309,257310,257312,2,1
257309,257310,257311,1,1
257309,257310,257312,2,1
257309,257310,257312,2,1
257309,257310,257312,2,1
257309,257310,257312,2,1
257143,257145,257312,167,2
257309,257310,257312,2,1
257309,257310,257312,2,1
257309,257310,257312,2,1
257309,257310,257312,2,1
257309,257310,257312,2,1
257309,257310,257312,2,1
257309,257310,257312,2,1
257309,257310,257312,2,1
257309,257310,257312,2,1
257309,257310,257312,2,1
257309,257310,257312,2,1
257309,257310,257312,2,1
257309,257310,257312,2,1
257309,257310,257312,2,1
257309,257310,257312,2,1
257309,257310,257312,2,1
257098,257100,257316,216,2
257316,257316,257318,2,0
257316,257316,257317,1,0
257316,257316,257318,2,0
257316,257316,257318,2,0
257316,257316,257318,2,0
257316,257316,257318,2,0
257316,257317,257318,1,1
257316,257317,257318,1,1
257316,257317,257319,2,1
257316,257317,257318,1,1
257316,257316,257318,2,0
257316,257316,257318,2,0
257316,257316,257318,2,0
257316,257316,257319,3,0
257316,257316,257319,3,0
257316,257316,257318,2,0
257316,257316,257318,2,0
257316,257316,257318,2,0
257316,257316,257318,2,0
257316,257316,257318,2,0
257116,257116,257318,202,0
257120,257120,257318,198,0
257316,257316,257318,2,0
257316,257316,257318,2,0
257316,257316,257318,2,0
257318,257318,257319,1,0
257316,257316,257318,2,0
257316,257316,257318,2,0
257316,257316,257318,2,0
257318,257318,257319,1,0
257316,257316,257319,3,0
257316,257316,257319,3,0
257316,257316,257318,2,0
257318,257318,257319,1,0
257318,257318,257319,1,0
257318,257318,257319,1,0
257318,257318,257319,1,0
257318,257318,257319,1,0
257316,257316,257319,3,0
257318,257318,257319,1,0
257318,257318,257319,1,0
257318,257318,257319,1,0
257318,257318,257319,1,0
257318,257318,257319,1,0
257318,257318,257319,1,0
257318,257318,257319,1,0
257318,257319,257321,2,1
257318,257319,257321,2,1
257318,257319,257321,2,1
257318,257318,257321,3,0
257318,257319,257321,2,1
257318,257319,257321,2,1
257318,257319,257321,2,1
257318,257319,257321,2,1
257318,257318,257321,3,0
257318,257318,257321,3,0
257318,257318,257321,3,0
257318,257318,257321,3,0
257318,257319,257321,2,1
257318,257319,257321,2,1
257318,257319,257321,2,1
257318,257319,257321,2,1
257318,257319,257321,2,1
257318,257319,257321,2,1
257318,257319,257321,2,1
257318,257318,257321,3,0
257318,257318,257321,3,0
257318,257319,257321,2,1
257318,257319,257321,2,1
257318,257319,257321,2,1
257318,257319,257321,2,1
257318,257319,257321,2,1
257318,257319,257322,3,1
257318,257319,257321,2,1
257318,257319,257321,2,1
257318,257319,257321,2,1
257321,257321,257322,1,0
257321,257321,257322,1,0
257321,257321,257322,1,0
257321,257321,257322,1,0
257321,257321,257322,1,0
257321,257321,257322,1,0
257321,257321,257322,1,0
257321,257321,257322,1,0
257321,257321,257322,1,0
257321,257321,257322,1,0
257321,257321,257322,1,0
257321,257321,257322,1,0
257321,257321,257322,1,0
257321,257321,257322,1,0
257321,257321,257322,1,0
257321,257321,257323,2,0
257321,257321,257323,2,0
257321,257321,257323,2,0
257321,257321,257323,2,0
257321,257321,257323,2,0
257321,257321,257323,2,0
257321,257321,257323,2,0
257321,257321,257323,2,0
257321,257321,257323,2,0
257321,257321,257323,2,0
257321,257321,257323,2,0
257321,257321,257323,2,0
257321,257322,257323,1,1
257321,257322,257323,1,1
257321,257322,257323,1,1
257321,257321,257323,2,0
257321,257321,257323,2,0
257321,257321,257323,2,0
257321,257322,257323,1,1
257321,257321,257324,3,0
257321,257321,257324,3,0
257321,257321,257324,3,0
257321,257321,257323,2,0
257321,257321,257323,2,0
257321,257321,257323,2,0
257323,257323,257326,3,0
257323,257323,257325,2,0
257323,257323,257326,3,0
257323,257323,257326,3,0
257323,257323,257326,3,0
257323,257323,257326,3,0
257323,257323,257326,3,0
257323,257323,257326,3,0
257323,257323,257326,3,0
257323,257323,257325,2,0
257323,257323,257326,3,0
257323,257323,257326,3,0
257323,257323,257326,3,0
257323,257323,257326,3,0
257323,257323,257326,3,0
257323,257323,257326,3,0
257323,257323,257326,3,0
257323,257323,257326,3,0
257323,257323,257326,3,0
257323,257323,257326,3,0
257323,257323,257326,3,0
257323,257323,257326,3,0
257316,257323,257328,5,7
257316,257323,257328,5,7
257318,257323,257328,5,5
257323,257324,257328,4,1
257323,257324,257328,4,1
257323,257324,257327,3,1
257323,257324,257327,3,1
257323,257324,257327,3,1
257323,257326,257328,2,3
257323,257326,257327,1,3
257323,257324,257327,3,1
257323,257326,257327,1,3
257323,257324,257327,3,1
257323,257324,257327,3,1
257323,257324,257327,3,1
257323,257326,257328,2,3
257323,257326,257328,2,3
257316,257316,257328,12,0
257316,257316,257328,12,0
257316,257316,257328,12,0
257316,257316,257328,12,0
257316,257316,257328,12,0
257316,257323,257328,5,7
257316,257323,257328,5,7
257316,257323,257328,5,7
257316,257316,257329,13,0
257323,257323,257330,7,0
257323,257323,257330,7,0
257316,257316,257330,14,0
257316,257316,257330,14,0
257316,257316,257330,14,0
257316,257316,257330,14,0
257321,257321,257331,10,0
257321,257321,257331,10,0
257321,257321,257331,10,0
257321,257321,257330,9,0
257321,257321,257331,10,0
257323,257323,257333,10,0
257323,257323,257334,11,0
257323,257323,257334,11,0
257323,257324,257334,10,1
257323,257324,257334,10,1
257323,257324,257334,10,1
257323,257324,257334,10,1
257101,257103,257348,245,2
257103,257106,257348,242,3
257349,257350,257351,1,1
257349,257350,257351,1,1
257349,257350,257351,1,1
257349,257350,257351,1,1
257349,257350,257351,1,1
257349,257350,257351,1,1
257349,257350,257351,1,1
257349,257350,257351,1,1
257213,257213,257351,138,0
257349,257350,257351,1,1
257349,257350,257351,1,1
257349,257350,257352,2,1
257349,257350,257351,1,1
257349,257350,257351,1,1
257349,257350,257351,1,1
257349,257350,257352,2,1
257349,257350,257351,1,1
257349,257350,257351,1,1
257349,257350,257351,1,1
257349,257350,257351,1,1
257349,257350,257351,1,1
257349,257350,257351,1,1
257349,257350,257352,2,1
257349,257350,257352,2,1
257349,257350,257352,2,1
257349,257350,257351,1,1
257349,257350,257352,2,1
257349,257350,257351,1,1
257349,257350,257351,1,1
257349,257350,257351,1,1
257148,257148,257352,204,0
257216,257216,257352,136,0
257349,257350,257352,2,1
257349,257350,257352,2,1
257349,257350,257352,2,1
257349,257350,257352,2,1
257349,257350,257352,2,1
257349,257350,257353,3,1
257349,257350,257353,3,1
257349,257350,257353,3,1
257352,257352,257353,1,0
257352,257352,257353,1,0
257352,257352,257354,2,0
257352,257352,257354,2,0
257352,257352,257354,2,0
257352,257352,257354,2,0
257352,257352,257353,1,0
257352,257352,257353,1,0
257352,257352,257353,1,0
257352,257352,257354,2,0
257352,257352,257354,2,0
257352,257352,257354,2,0
257352,257353,257354,1,1
257352,257352,257354,2,0
257352,257352,257353,1,0
257352,257352,257354,2,0
257352,257352,257354,2,0
257352,257352,257354,2,0
257352,257352,257354,2,0
257352,257352,257354,2,0
257352,257352,257354,2,0
257352,257352,257354,2,0
257352,257352,257354,2,0
257352,257352,257354,2,0
257352,257352,257354,2,0
257352,257352,257354,2,0
257352,257352,257354,2,0
257352,257352,257354,2,0
257352,257352,257354,2,0
257352,257353,257354,1,1
257352,257353,257354,1,1
257352,257353,257354,1,1
257349,257350,257354,4,1
257349,257350,257353,3,1
257352,257352,257354,2,0
257352,257352,257354,2,0
257352,257352,257354,2,0
257352,257353,257354,1,1
257352,257353,257354,1,1
257352,257352,257354,2,0
257352,257352,257354,2,0
257352,257353,257354,1,1
257349,257353,257355,2,4
257349,257353,257355,2,4
257349,257353,257355,2,4
257349,257353,257355,2,4
257349,257353,257355,2,4
257352,257352,257354,2,0
257352,257352,257354,2,0
257352,257352,257354,2,0
257352,257352,257354,2,0
257352,257352,257354,2,0
257352,257352,257354,2,0
257352,257354,257356,2,2
257352,257354,257356,2,2
257352,257354,257356,2,2
257352,257354,257356,2,2
257352,257354,257356,2,2
257352,257354,257356,2,2
257352,257354,257356,2,2
257352,257354,257356,2,2
257352,257354,257356,2,2
257352,257354,257356,2,2
257352,257354,257357,3,2
257352,257354,257356,2,2
257352,257354,257356,2,2
257352,257354,257356,2,2
257352,257354,257356,2,2
257352,257354,257356,2,2
257352,257354,257356,2,2
257354,257356,257357,1,2
257352,257354,257356,2,2
257352,257354,257356,2,2
257352,257354,257356,2,2
257352,257354,257356,2,2
257352,257354,257356,2,2
257352,257354,257356,2,2
257352,257354,257357,3,2
257352,257354,257356,2,2
257352,257354,257356,2,2
257352,257355,257356,1,3
257354,257356,257357,1,2
257349,257350,257352,2,1
257354,257355,257356,1,1
257354,257355,257356,1,1
257354,257355,257356,1,1
257354,257355,257356,1,1
257352,257354,257357,3,2
257352,257355,257357,2,3
257352,257354,257357,3,2
257352,257354,257357,3,2
257354,257356,257357,1,2
257354,257356,257357,1,2
257354,257356,257357,1,2
257354,257356,257357,1,2
257354,257356,257358,2,2
257354,257357,257358,1,3
257354,257357,257358,1,3
257354,257357,257358,1,3
257354,257357,257359,2,3
257354,257357,257359,2,3
257354,257357,257359,2,3
257354,257358,257359,1,4
257354,257357,257358,1,3
257354,257357,257358,1,3
257354,257357,257358,1,3
257354,257357,257358,1,3
257354,257357,257358,1,3
257354,257357,257358,1,3
257354,257357,257359,2,3
257354,257358,257359,1,4
257354,257357,257358,1,3
257354,257357,257359,2,3
257354,257357,257359,2,3
257354,257357,257359,2,3
257354,257358,257359,1,4
257354,257358,257359,1,4
257160,257160,257359,199,0
257354,257357,257359,2,3
257354,257357,257359,2,3
257354,257358,257359,1,4
257354,257357,257359,2,3
257354,257357,257358,1,3
257354,257357,257358,1,3
257354,257357,257359,2,3
257354,257357,257359,2,3
257352,257357,257358,1,5
257352,257357,257358,1,5
257352,257357,257358,1,5
257352,257357,257359,2,5
257354,257357,257358,1,3
257354,257357,257358,1,3
257354,257357,257358,1,3
257354,257357,257358,1,3
257354,257357,257359,2,3
257354,257357,257359,2,3
257354,257357,257359,2,3
257354,257357,257359,2,3
257354,257358,257359,1,4
257354,257358,257359,1,4
257354,257359,257360,1,5
257354,257359,257360,1,5
257354,257359,257360,1,5
257360,257360,257361,1,0
257360,257360,257361,1,0
257354,257359,257360,1,5
257354,257359,257360,1,5
257354,257359,257361,2,5
257354,257359,257361,2,5
257354,257359,257361,2,5
257354,257359,257361,2,5
257354,257359,257361,2,5
257354,257359,257360,1,5
257354,257359,257361,2,5
257354,257359,257360,1,5
257354,257359,257361,2,5
257354,257359,257361,2,5
257354,257359,257361,2,5
257354,257359,257361,2,5
257354,257359,257361,2,5
257354,257359,257361,2,5
257354,257359,257361,2,5
257354,257359,257361,2,5
257354,257359,257361,2,5
257354,257359,257361,2,5
257354,257359,257361,2,5
257354,257359,257361,2,5
257354,257359,257361,2,5
257354,257359,257361,2,5
257360,257360,257361,1,0
257360,257360,257361,1,0
257360,257360,257361,1,0
257360,257360,257361,1,0
257360,257360,257361,1,0
257360,257360,257361,1,0
257360,257360,257361,1,0
257360,257360,257361,1,0
257360,257360,257361,1,0
257354,257359,257361,2,5
257354,257359,257361,2,5
257352,257354,257356,2,2
257352,257354,257356,2,2
257352,257354,257356,2,2
257354,257354,257356,2,0
257354,257355,257356,1,1
257354,257356,257362,6,2
257360,257361,257362,1,1
257360,257361,257362,1,1
257360,257361,257363,2,1
257360,257361,257362,1,1
257360,257361,257362,1,1
257360,257361,257363,2,1
257360,257361,257363,2,1
257360,257361,257363,2,1
257360,257361,257363,2,1
257360,257361,257363,2,1
257360,257361,257363,2,1
257360,257361,257363,2,1
257360,257361,257363,2,1
257360,257361,257363,2,1
257360,257361,257363,2,1
257360,257361,257363,2,1
257360,257361,257363,2,1
257354,257363,257364,1,9
257360,257362,257363,1,2
257360,257362,257363,1,2
257360,257362,257363,1,2
257146,257147,257364,217,1
257360,257361,257363,2,1
257360,257361,257363,2,1
257360,257361,257363,2,1
257360,257361,257364,3,1
257360,257361,257363,2,1
257360,257361,257363,2,1
257360,257360,257365,5,0
257360,257360,257365,5,0
257110,257110,257365,255,0
257352,257352,257365,13,0
257352,257353,257365,12,1
257360,257360,257365,5,0
257360,257360,257365,5,0
257365,257365,257366,1,0
257365,257365,257367,2,0
257365,257365,257367,2,0
257365,257365,257367,2,0
257365,257365,257367,2,0
257365,257365,257367,2,0
257365,257365,257367,2,0
257365,257365,257367,2,0
257365,257365,257367,2,0
257365,257365,257367,2,0
257365,257365,257367,2,0
257365,257365,257367,2,0
257365,257365,257367,2,0
257365,257365,257367,2,0
257365,257365,257367,2,0
257365,257365,257367,2,0
257365,257365,257367,2,0
257365,257365,257367,2,0
257365,257365,257367,2,0
257365,257365,257367,2,0
257352,257352,257366,14,0
257352,257352,257366,14,0
257352,257353,257366,13,1
257352,257353,257366,13,1
257365,257365,257368,3,0
257365,257365,257368,3,0
257365,257365,257368,3,0
257354,257357,257367,10,3
257354,257357,257367,10,3
257354,257357,257367,10,3
257354,257357,257366,9,3
257365,257365,257368,3,0
257365,257365,257368,3,0
257365,257365,257368,3,0
257365,257365,257368,3,0
257365,257365,257368,3,0
257365,257365,257368,3,0
257365,257365,257368,3,0
257365,257365,257368,3,0
257365,257365,257368,3,0
257365,257365,257368,3,0
257365,257365,257368,3,0
257368,257368,257370,2,0
257368,257368,257369,1,0
257368,257368,257369,1,0
257368,257368,257369,1,0
257368,257368,257369,1,0
257368,257368,257370,2,0
257368,257368,257370,2,0
257368,257368,257369,1,0
257368,257368,257370,2,0
257368,257368,257370,2,0
257368,257368,257370,2,0
257368,257368,257370,2,0
257368,257368,257370,2,0
257368,257368,257370,2,0
257368,257368,257370,2,0
257368,257368,257369,1,0
257368,257368,257370,2,0
257368,257368,257370,2,0
257368,257368,257370,2,0
257368,257368,257370,2,0
257368,257368,257370,2,0
257368,257368,257370,2,0
257368,257368,257370,2,0
257368,257369,257370,1,1
257368,257369,257370,1,1
257368,257369,257371,2,1
257368,257368,257370,2,0
257368,257369,257371,2,1
257368,257369,257371,2,1
257368,257369,257371,2,1
257368,257369,257370,1,1
257368,257369,257371,2,1
257368,257369,257371,2,1
257368,257369,257371,2,1
257360,257361,257372,11,1
257360,257361,257372,11,1
257360,257361,257372,11,1
257365,257373,257374,1,8
257365,257373,257374,1,8
257368,257368,257373,5,0
257368,257368,257373,5,0
257365,257373,257374,1,8
257365,257373,257374,1,8
257365,257373,257374,1,8
257365,257373,257374,1,8
257365,257373,257374,1,8
257368,257368,257396,28,0
257368,257368,257396,28,0
257368,257368,257396,28,0
257368,257368,257396,28,0
257368,257368,257396,28,0
257368,257368,257397,29,0
257368,257368,257397,29,0
257368,257368,257397,29,0
257368,257368,257397,29,0
257360,257362,257405,43,2
257280,257281,257407,126,1
257365,257365,257408,43,0
257365,257365,257408,43,0
257365,257365,257410,45,0
257365,257365,257410,45,0
257410,257410,257412,2,0
257410,257410,257412,2,0
257410,257410,257412,2,0
257410,257410,257412,2,0
257410,257410,257412,2,0
257410,257410,257412,2,0
257410,257410,257412,2,0
257410,257410,257412,2,0
257410,257410,257411,1,0
257410,257410,257412,2,0
257410,257410,257412,2,0
257410,257410,257412,2,0
257410,257410,257412,2,0
257410,257410,257412,2,0
257410,257410,257412,2,0
257410,257410,257411,1,0
257410,257410,257412,2,0
257410,257410,257412,2,0
257410,257410,257412,2,0
257410,257410,257412,2,0
257410,257410,257412,2,0
257410,257410,257412,2,0
257410,257410,257412,2,0
257410,257410,257412,2,0
257410,257410,257412,2,0
257410,257410,257412,2,0
257410,257410,257412,2,0
257410,257410,257412,2,0
257410,257410,257412,2,0
257410,257410,257412,2,0
257410,257410,257412,2,0
257410,257410,257412,2,0
257410,257410,257412,2,0
257410,257410,257412,2,0
257410,257410,257412,2,0
257410,257410,257414,4,0
257410,257413,257414,1,3
257410,257413,257415,2,3
257410,257413,257415,2,3
257410,257413,257415,2,3
257410,257413,257415,2,3
257410,257413,257415,2,3
257410,257410,257412,2,0
257410,257410,257412,2,0
257410,257410,257412,2,0
257243,257243,257436,193,0
257256,257257,257437,180,1
257310,257311,257436,125,1
257283,257283,257437,154,0
257437,257438,257439,1,1
257437,257438,257439,1,1
257437,257438,257440,2,1
257437,257438,257439,1,1
257437,257438,257439,1,1
257437,257438,257439,1,1
257437,257438,257439,1,1
257437,257438,257439,1,1
257437,257438,257439,1,1
257437,257438,257440,2,1
257437,257438,257439,1,1
257437,257438,257439,1,1
257437,257438,257439,1,1
257437,257439,257440,1,2
257437,257439,257440,1,2
257438,257439,257440,1,1
257437,257439,257440,1,2
257437,257439,257441,2,2
257438,257439,257440,1,1
257438,257439,257440,1,1
257437,257439,257440,1,2
257437,257439,257441,2,2
257438,257439,257440,1,1
257438,257439,257440,1,1
257437,257439,257440,1,2
257437,257439,257440,1,2
257438,257439,257440,1,1
257438,257439,257440,1,1
257437,257439,257440,1,2
257437,257439,257441,2,2
257437,257439,257441,2,2
257437,257439,257441,2,2
257438,257439,257440,1,1
257438,257439,257440,1,1
257438,257439,257440,1,1
257438,257439,257441,2,1
257437,257439,257440,1,2
257437,257439,257440,1,2
257437,257439,257441,2,2
257437,257439,257440,1,2
257437,257439,257440,1,2
257438,257439,257440,1,1
257437,257439,257440,1,2
257437,257439,257440,1,2
257438,257439,257440,1,1
257438,257439,257440,1,1
257438,257439,257440,1,1
257437,257439,257441,2,2
257437,257439,257441,2,2
257437,257439,257441,2,2
257437,257439,257440,1,2
257437,257439,257441,2,2
257438,257439,257441,2,1
257438,257439,257441,2,1
257438,257439,257441,2,1
257438,257439,257441,2,1
257437,257439,257441,2,2
257438,257440,257441,1,2
257438,257440,257442,2,2
257438,257440,257441,1,2
257438,257440,257442,2,2
257438,257440,257442,2,2
257438,257440,257442,2,2
257437,257439,257441,2,2
257438,257440,257441,1,2
257438,257440,257441,1,2
257438,257440,257441,1,2
257438,257440,257441,1,2
257438,257440,257441,1,2
257438,257441,257442,1,3
257438,257441,257442,1,3
257438,257441,257442,1,3
257438,257441,257442,1,3
257438,257441,257443,2,3
257438,257441,257443,2,3
257319,257319,257442,123,0
257438,257441,257442,1,3
257438,257441,257442,1,3
257438,257441,257443,2,3
257438,257441,257443,2,3
257438,257441,257443,2,3
257439,257441,257442,1,2
257439,257441,257443,2,2
257439,257441,257443,2,2
257439,257441,257443,2,2
257439,257441,257442,1,2
257439,257441,257442,1,2
257439,257441,257442,1,2
257439,257441,257443,2,2
257439,257441,257443,2,2
257439,257441,257443,2,2
257439,257441,257442,1,2
257439,257441,257442,1,2
257439,257441,257442,1,2
257439,257441,257442,1,2
257439,257441,257443,2,2
257439,257441,257442,1,2
257439,257441,257443,2,2
257438,257440,257442,2,2
257438,257441,257443,2,3
257439,257441,257442,1,2
257439,257441,257443,2,2
257439,257441,257442,1,2
257439,257442,257443,1,3
257439,257442,257443,1,3
257438,257441,257443,2,3
257439,257442,257443,1,3
257440,257443,257444,1,3
257440,257443,257444,1,3
257439,257442,257444,2,3
257439,257442,257444,2,3
257439,257442,257444,2,3
257439,257442,257443,1,3
257439,257441,257443,2,2
257439,257442,257443,1,3
257439,257441,257443,2,2
257439,257441,257444,3,2
257439,257442,257443,1,3
257439,257442,257443,1,3
257439,257441,257443,2,2
257439,257441,257443,2,2
257439,257442,257443,1,3
257439,257441,257443,2,2
257439,257441,257443,2,2
257439,257441,257443,2,2
257439,257442,257444,2,3
257439,257442,257444,2,3
257439,257441,257444,3,2
257437,257438,257444,6,1
257439,257443,257444,1,4
257439,257443,257444,1,4
257439,257443,257444,1,4
257440,257443,257444,1,3
257440,257443,257444,1,3
257440,257443,257444,1,3
257440,257443,257445,2,3
257440,257443,257445,2,3
257440,257443,257445,2,3
257440,257443,257444,1,3
257440,257443,257445,2,3
257440,257443,257445,2,3
257440,257443,257444,1,3
257440,257443,257445,2,3
257440,257443,257445,2,3
257440,257443,257445,2,3
257440,257443,257445,2,3
257440,257443,257444,1,3
257440,257443,257444,1,3
257440,257443,257445,2,3
257440,257443,257445,2,3
257440,257443,257445,2,3
257444,257445,257446,1,1
257440,257443,257445,2,3
257440,257443,257445,2,3
257444,257445,257446,1,1
257437,257439,257445,6,2
257437,257439,257445,6,2
257437,257439,257445,6,2
257437,257439,257446,7,2
257437,257439,257446,7,2
257438,257439,257445,6,1
257444,257445,257446,1,1
257440,257444,257445,1,4
257440,257444,257445,1,4
257444,257445,257446,1,1
257444,257445,257446,1,1
257440,257444,257445,1,4
257440,257444,257446,2,4
257440,257444,257446,2,4
257440,257444,257446,2,4
257444,257445,257446,1,1
257440,257444,257445,1,4
257440,257444,257446,2,4
257440,257444,257446,2,4
257444,257445,257446,1,1
257440,257444,257445,1,4
257440,257444,257446,2,4
257440,257444,257446,2,4
257444,257445,257446,1,1
257444,257445,257446,1,1
257444,257445,257446,1,1
257444,257445,257446,1,1
257444,257445,257446,1,1
257444,257445,257446,1,1
257444,257446,257447,1,2
257444,257445,257447,2,1
257444,257445,257447,2,1
257444,257445,257447,2,1
257444,257445,257447,2,1
257444,257445,257447,2,1
257444,257445,257447,2,1
257444,257445,257447,2,1
257444,257446,257447,1,2
257444,257446,257447,1,2
257444,257446,257447,1,2
257444,257446,257447,1,2
257444,257446,257447,1,2
257444,257446,257448,2,2
257444,257446,257447,1,2
257444,257446,257448,2,2
257444,257446,257447,1,2
257444,257446,257447,1,2
257444,257446,257447,1,2
257444,257446,257448,2,2
257444,257446,257448,2,2
257440,257443,257450,7,3
257271,257271,257450,179,0
257440,257444,257452,8,4
257324,257326,257452,126,2
257440,257443,257452,9,3
257440,257443,257453,10,3
257440,257443,257453,10,3
257440,257443,257453,10,3
257440,257443,257453,10,3
257440,257443,257453,10,3
257444,257445,257453,8,1
257452,257453,257454,1,1
257452,257453,257455,2,1
257440,257443,257454,11,3
257452,257453,257454,1,1
257452,257453,257454,1,1
257452,257453,257455,2,1
257452,257453,257454,1,1
257452,257453,257454,1,1
257452,257453,257454,1,1
257452,257453,257454,1,1
257452,257453,257454,1,1
257452,257453,257455,2,1
257452,257453,257455,2,1
257452,257453,257454,1,1
257452,257453,257454,1,1
257452,257453,257455,2,1
257452,257453,257454,1,1
257452,257453,257455,2,1
257452,257453,257455,2,1
257452,257453,257455,2,1
257452,257453,257455,2,1
257452,257453,257455,2,1
257452,257453,257455,2,1
257452,257453,257455,2,1
257452,257453,257455,2,1
257452,257453,257455,2,1
257453,257455,257456,1,2
257452,257453,257455,2,1
257452,257453,257455,2,1
257452,257453,257455,2,1
257452,257453,257455,2,1
257452,257453,257455,2,1
257452,257453,257455,2,1
257452,257453,257455,2,1
257453,257455,257456,1,2
257444,257454,257456,2,10
257444,257454,257456,2,10
257444,257454,257456,2,10
257444,257454,257456,2,10
257444,257454,257456,2,10
257452,257453,257457,4,1
257452,257453,257457,4,1
257453,257455,257456,1,2
257453,257455,257456,1,2
257453,257455,257456,1,2
257453,257455,257456,1,2
257453,257455,257456,1,2
257453,257455,257457,2,2
257453,257455,257456,1,2
257453,257455,257456,1,2
257453,257455,257456,1,2
257453,257455,257456,1,2
257453,257455,257456,1,2
257453,257455,257456,1,2
257453,257455,257456,1,2
257453,257455,257457,2,2
257453,257455,257457,2,2
257453,257455,257457,2,2
257453,257455,257457,2,2
257453,257455,257457,2,2
257453,257455,257457,2,2
257453,257455,257457,2,2
257444,257454,257457,3,10
257444,257454,257457,3,10
257278,257279,257458,179,1
257453,257456,257457,1,3
257453,257456,257457,1,3
257453,257456,257458,2,3
257452,257453,257458,5,1
257453,257454,257458,4,1
257453,257454,257458,4,1
257453,257454,257458,4,1
257453,257454,257458,4,1
257453,257454,257458,4,1
257453,257454,257458,4,1
257452,257453,257457,4,1
257452,257453,257457,4,1
257453,257456,257457,1,3
257453,257456,257458,2,3
257453,257456,257458,2,3
257453,257456,257457,1,3
257453,257456,257457,1,3
257453,257456,257457,1,3
257453,257456,257458,2,3
257453,257456,257458,2,3
257453,257455,257458,3,2
257453,257457,257458,1,4
257453,257457,257458,1,4
257453,257457,257458,1,4
257453,257457,257458,1,4
257452,257453,257458,5,1
257452,257453,257458,5,1
257452,257453,257458,5,1
257452,257453,257458,5,1
257452,257453,257458,5,1
257440,257444,257460,16,4
257452,257453,257461,8,1
257460,257460,257462,2,0
257460,257460,257462,2,0
257460,257460,257462,2,0
257460,257460,257462,2,0
257460,257460,257462,2,0
257460,257460,257462,2,0
257460,257460,257462,2,0
257460,257460,257462,2,0
257460,257460,257462,2,0
257460,257460,257462,2,0
257460,257460,257462,2,0
257460,257460,257462,2,0
257460,257460,257462,2,0
257460,257460,257462,2,0
257460,257460,257462,2,0
257460,257460,257462,2,0
257460,257460,257462,2,0
257460,257460,257463,3,0
257460,257460,257462,2,0
257460,257460,257463,3,0
257460,257460,257463,3,0
257460,257460,257463,3,0
257460,257460,257463,3,0
257460,257460,257463,3,0
257460,257460,257463,3,0
257460,257460,257463,3,0
257460,257460,257463,3,0
257460,257460,257463,3,0
257460,257460,257463,3,0
257460,257460,257463,3,0
257460,257461,257463,2,1
257460,257460,257463,3,0
257460,257460,257464,4,0
257460,257461,257464,3,1
257460,257460,257464,4,0
257460,257461,257464,3,1
257460,257461,257464,3,1
257460,257461,257464,3,1
257303,257304,257477,173,1
257460,257460,257478,18,0
257480,257480,257481,1,0
257480,257480,257482,2,0
257480,257480,257482,2,0
257480,257480,257482,2,0
257480,257480,257482,2,0
257480,257480,257482,2,0
257480,257480,257482,2,0
257480,257480,257482,2,0
257480,257480,257482,2,0
257480,257480,257482,2,0
257480,257480,257482,2,0
257480,257480,257482,2,0
257480,257480,257482,2,0
257480,257480,257482,2,0
257480,257480,257482,2,0
257480,257480,257482,2,0
257480,257480,257482,2,0
257480,257481,257482,1,1
257480,257480,257482,2,0
257480,257480,257483,3,0
257480,257480,257483,3,0
257480,257480,257483,3,0
257480,257480,257483,3,0
257480,257480,257483,3,0
257480,257480,257483,3,0
257480,257480,257483,3,0
257480,257480,257483,3,0
257480,257480,257483,3,0
257480,257480,257483,3,0
257480,257480,257483,3,0
257480,257481,257483,2,1
257480,257480,257483,3,0
257480,257480,257483,3,0
257480,257480,257483,3,0
257480,257481,257483,2,1
257480,257481,257483,2,1
257480,257480,257484,4,0
257480,257480,257484,4,0
257480,257480,257484,4,0
257480,257480,257484,4,0
257480,257480,257485,5,0
257480,257480,257485,5,0
257444,257446,257487,41,2
257460,257460,257502,42,0
257444,257446,257502,56,2
257460,257460,257503,43,0
257460,257460,257503,43,0
257452,257453,257503,50,1
257452,257453,257503,50,1
257453,257455,257503,48,2
257460,257460,257503,43,0
257355,257359,257504,145,4
257317,257323,257504,181,6
257460,257460,257504,44,0
257460,257460,257504,44,0
257480,257480,257505,25,0
257480,257480,257505,25,0
257480,257480,257505,25,0
257507,257507,257509,2,0
257507,257507,257509,2,0
257507,257507,257509,2,0
257507,257507,257509,2,0
257507,257507,257509,2,0
257507,257507,257509,2,0
257507,257508,257509,1,1
257507,257507,257509,2,0
257507,257507,257509,2,0
257507,257507,257509,2,0
257507,257507,257509,2,0
257507,257508,257509,1,1
257507,257508,257509,1,1
257507,257507,257509,2,0
257507,257507,257509,2,0
257507,257508,257509,1,1
257507,257508,257509,1,1
257507,257508,257509,1,1
257507,257507,257509,2,0
257507,257507,257509,2,0
257507,257507,257509,2,0
257507,257508,257510,2,1
257507,257507,257510,3,0
257507,257508,257510,2,1
257507,257507,257510,3,0
257507,257507,257510,3,0
257507,257507,257510,3,0
257507,257507,257510,3,0
257507,257508,257510,2,1
257507,257507,257510,3,0
257507,257507,257510,3,0
257507,257508,257511,3,1
257507,257508,257510,2,1
257507,257508,257510,2,1
257507,257507,257510,3,0
257507,257507,257511,4,0
257507,257508,257511,3,1
257507,257507,257510,3,0
257507,257507,257511,4,0
257507,257508,257511,3,1
257507,257507,257511,4,0
257507,257507,257511,4,0
257507,257507,257510,3,0
257507,257508,257510,2,1
257507,257508,257510,2,1
257507,257509,257511,2,2
257507,257507,257510,3,0
257507,257507,257510,3,0
257507,257507,257510,3,0
257507,257508,257510,2,1
257507,257509,257511,2,2
257507,257507,257511,4,0
257507,257507,257511,4,0
257507,257508,257511,3,1
257507,257508,257511,3,1
257507,257510,257511,1,3
257507,257510,257511,1,3
257507,257510,257512,2,3
257507,257510,257512,2,3
257507,257508,257511,3,1
257507,257510,257512,2,3
257507,257510,257512,2,3
257507,257511,257512,1,4
257507,257510,257512,2,3
257507,257510,257512,2,3
257507,257510,257512,2,3
257507,257510,257512,2,3
257507,257510,257512,2,3
257507,257510,257512,2,3
257507,257510,257512,2,3
257507,257508,257512,4,1
257507,257510,257512,2,3
257507,257510,257512,2,3
257507,257510,257512,2,3
257507,257510,257512,2,3
257507,257510,257512,2,3
257507,257510,257512,2,3
257507,257510,257512,2,3
257507,257510,257512,2,3
257507,257507,257512,5,0
257507,257510,257513,3,3
257507,257510,257513,3,3
257507,257511,257514,3,4
257507,257511,257514,3,4
257507,257507,257515,8,0
257507,257507,257515,8,0
257507,257508,257515,7,1
257507,257507,257516,9,0
257507,257507,257517,10,0
257507,257507,257516,9,0
257353,257354,257542,188,1
257364,257368,257542,174,4
257543,257543,257544,1,0
257543,257543,257545,2,0
257543,257543,257545,2,0
257543,257543,257545,2,0
257543,257543,257545,2,0
257543,257543,257545,2,0
257543,257543,257545,2,0
257543,257543,257544,1,0
257543,257543,257545,2,0
257543,257543,257545,2,0
257543,257543,257545,2,0
257543,257543,257545,2,0
257543,257543,257545,2,0
257543,257543,257545,2,0
257543,257543,257545,2,0
257543,257543,257545,2,0
257543,257543,257544,1,0
257543,257543,257545,2,0
257543,257543,257545,2,0
257543,257543,257545,2,0
257543,257543,257545,2,0
257543,257543,257545,2,0
257543,257543,257545,2,0
257543,257543,257545,2,0
257543,257543,257545,2,0
257543,257543,257545,2,0
257543,257543,257545,2,0
257543,257543,257545,2,0
257543,257543,257545,2,0
257543,257543,257545,2,0
257543,257543,257545,2,0
257543,257543,257545,2,0
257543,257543,257545,2,0
257543,257543,257545,2,0
257543,257543,257545,2,0
257543,257544,257545,1,1
257543,257543,257545,2,0
257543,257543,257545,2,0
257543,257543,257545,2,0
257543,257543,257546,3,0
257543,257543,257546,3,0
257543,257543,257545,2,0
257543,257543,257546,3,0
257543,257543,257545,2,0
257543,257543,257545,2,0
257543,257543,257545,2,0
257543,257543,257546,3,0
257543,257543,257546,3,0
257543,257543,257546,3,0
257543,257543,257546,3,0
257543,257543,257547,4,0
257543,257543,257547,4,0
257543,257545,257547,2,2
257543,257545,257547,2,2
257543,257545,257547,2,2
257543,257545,257547,2,2
257543,257545,257547,2,2
257543,257546,257547,1,3
257543,257546,257547,1,3
257543,257546,257547,1,3
257543,257546,257547,1,3
257543,257545,257547,2,2
257543,257546,257547,1,3
257543,257546,257547,1,3
257543,257546,257547,1,3
257543,257546,257548,2,3
257543,257546,257547,1,3
257543,257546,257547,1,3
257543,257546,257547,1,3
257543,257546,257547,1,3
257543,257546,257547,1,3
257543,257546,257547,1,3
257543,257546,257547,1,3
257543,257546,257547,1,3
257543,257546,257547,1,3
257543,257546,257547,1,3
257543,257546,257548,2,3
257543,257546,257547,1,3
257543,257543,257548,5,0
257543,257543,257548,5,0
257543,257543,257548,5,0
257543,257543,257548,5,0
257543,257543,257548,5,0
257543,257545,257548,3,2
257543,257543,257548,5,0
257543,257543,257547,4,0
257543,257543,257548,5,0
257543,257543,257548,5,0
257543,257546,257548,2,3
257543,257543,257549,6,0
257358,257359,257558,199,1
257361,257362,257558,196,1
257558,257559,257560,1,1
257558,257559,257561,2,1
257558,257559,257560,1,1
257558,257559,257560,1,1
257558,257559,257561,2,1
257558,257559,257561,2,1
257558,257559,257560,1,1
257558,257559,257560,1,1
257558,257559,257561,2,1
257558,257559,257561,2,1
257558,257559,257560,1,1
257558,257559,257560,1,1
257558,257559,257560,1,1
257558,257559,257560,1,1
257558,257559,257560,1,1
257558,257559,257560,1,1
257558,257559,257561,2,1
257558,257559,257561,2,1
257558,257559,257560,1,1
257558,257559,257560,1,1
257558,257559,257560,1,1
257558,257559,257561,2,1
257558,257559,257561,2,1
257558,257559,257561,2,1
257558,257559,257562,3,1
257558,257559,257561,2,1
257558,257559,257561,2,1
257558,257559,257561,2,1
257558,257559,257561,2,1
257558,257559,257561,2,1
257558,257559,257561,2,1
257558,257559,257561,2,1
257558,257559,257561,2,1
257558,257559,257561,2,1
257558,257559,257561,2,1
257561,257561,257562,1,0
257561,257561,257562,1,0
257561,257561,257562,1,0
257561,257561,257562,1,0
257561,257561,257562,1,0
257561,257561,257563,2,0
257561,257561,257562,1,0
257561,257561,257562,1,0
257561,257561,257562,1,0
257561,257561,257562,1,0
257561,257561,257564,3,0
257561,257561,257564,3,0
257561,257561,257566,5,0
257561,257561,257566,5,0
257561,257561,257566,5,0
257561,257561,257566,5,0
257561,257561,257566,5,0
257561,257561,257566,5,0
257561,257561,257566,5,0
257561,257561,257566,5,0
257561,257561,257566,5,0
257561,257561,257566,5,0
257561,257561,257566,5,0
257561,257561,257566,5,0
257561,257562,257566,4,1
257561,257562,257566,4,1
257561,257562,257566,4,1
257561,257562,257566,4,1
257561,257562,257566,4,1
257561,257562,257566,4,1
257561,257561,257566,5,0
257561,257561,257566,5,0
257561,257561,257566,5,0
257561,257561,257566,5,0
257561,257561,257566,5,0
257561,257561,257566,5,0
257561,257561,257566,5,0
257558,257559,257570,11,1
257558,257559,257570,11,1
257558,257559,257570,11,1
257558,257559,257570,11,1
257558,257559,257570,11,1
257370,257370,257569,199,0
257558,257559,257570,11,1
257558,257559,257571,12,1
257558,257559,257570,11,1
257558,257559,257570,11,1
257558,257559,257570,11,1
257561,257561,257573,12,0
257571,257571,257573,2,0
257571,257571,257573,2,0
257571,257571,257573,2,0
257571,257571,257573,2,0
257571,257571,257573,2,0
257571,257571,257573,2,0
257571,257571,257573,2,0
257571,257571,257573,2,0
257571,257571,257573,2,0
257571,257571,257573,2,0
257571,257571,257573,2,0
257571,257571,257573,2,0
257571,257571,257573,2,0
257571,257571,257573,2,0
257571,257571,257573,2,0
257571,257571,257573,2,0
257571,257571,257573,2,0
257571,257571,257573,2,0
257571,257571,257573,2,0
257571,257571,257573,2,0
257571,257571,257573,2,0
257571,257571,257573,2,0
257571,257571,257573,2,0
257571,257571,257573,2,0
257571,257571,257573,2,0
257571,257571,257573,2,0
257571,257571,257573,2,0
257571,257572,257574,2,1
257561,257561,257574,13,0
257571,257571,257574,3,0
257571,257571,257574,3,0
257571,257571,257574,3,0
257571,257571,257574,3,0
257571,257571,257574,3,0
257571,257571,257574,3,0
257571,257571,257574,3,0
257571,257571,257574,3,0
257571,257572,257574,2,1
257571,257572,257574,2,1
257571,257572,257574,2,1
257571,257572,257574,2,1
257571,257572,257574,2,1
257571,257572,257574,2,1
257571,257572,257574,2,1
257571,257572,257574,2,1
257561,257561,257575,14,0
257561,257561,257578,17,0
257561,257561,257578,17,0
257561,257561,257579,18,0
257561,257561,257579,18,0
257561,257561,257580,19,0
257571,257571,257583,12,0
257412,257412,257597,185,0
257322,257322,257596,274,0
257598,257598,257600,2,0
257598,257598,257600,2,0
257351,257351,257599,248,0
257598,257598,257600,2,0
257598,257598,257600,2,0
257598,257598,257599,1,0
257598,257598,257599,1,0
257598,257598,257600,2,0
257598,257598,257600,2,0
257598,257598,257599,1,0
257598,257598,257600,2,0
257598,257598,257599,1,0
257598,257598,257600,2,0
257598,257598,257599,1,0
257598,257598,257600,2,0
257598,257598,257600,2,0
257598,257598,257600,2,0
257598,257598,257599,1,0
257598,257598,257600,2,0
257598,257598,257600,2,0
257598,257598,257600,2,0
257598,257598,257600,2,0
257598,257598,257600,2,0
257598,257598,257600,2,0
257598,257598,257600,2,0
257598,257598,257600,2,0
257598,257598,257600,2,0
257598,257598,257600,2,0
257598,257598,257600,2,0
257598,257598,257600,2,0
257598,257598,257600,2,0
257598,257598,257600,2,0
257598,257598,257600,2,0
257598,257598,257600,2,0
257598,257598,257601,3,0
257598,257599,257600,1,1
257598,257598,257600,2,0
257598,257598,257601,3,0
257598,257598,257600,2,0
257598,257598,257600,2,0
257598,257598,257600,2,0
257598,257598,257600,2,0
257598,257598,257600,2,0
257598,257598,257600,2,0
257598,257598,257600,2,0
257598,257598,257600,2,0
257598,257598,257601,3,0
257598,257598,257600,2,0
257598,257598,257601,3,0
257598,257598,257600,2,0
257598,257598,257600,2,0
257598,257598,257600,2,0
257598,257598,257600,2,0
257598,257598,257600,2,0
257598,257600,257602,2,2
257598,257599,257601,2,1
257598,257599,257601,2,1
257598,257600,257601,1,2
257598,257600,257602,2,2
257598,257600,257602,2,2
257598,257600,257602,2,2
257598,257600,257602,2,2
257366,257368,257602,234,2
257598,257600,257602,2,2
257598,257600,257602,2,2
257598,257600,257602,2,2
257598,257600,257602,2,2
257598,257600,257602,2,2
257598,257600,257602,2,2
257598,257600,257602,2,2
257598,257600,257602,2,2
257598,257600,257602,2,2
257598,257600,257602,2,2
257598,257600,257602,2,2
257598,257600,257602,2,2
257598,257600,257602,2,2
257598,257600,257602,2,2
257598,257600,257602,2,2
257598,257600,257602,2,2
257598,257600,257602,2,2
257598,257600,257602,2,2
257598,257600,257602,2,2
257598,257600,257602,2,2
257598,257600,257602,2,2
257598,257600,257602,2,2
257602,257603,257605,2,1
257602,257603,257604,1,1
257602,257603,257604,1,1
257602,257603,257604,1,1
257602,257603,257604,1,1
257602,257603,257604,1,1
257602,257603,257605,2,1
257602,257603,257604,1,1
257602,257603,257604,1,1
257602,257603,257605,2,1
257602,257603,257605,2,1
257602,257603,257605,2,1
257602,257603,257604,1,1
257602,257603,257604,1,1
257602,257603,257604,1,1
257602,257603,257604,1,1
257602,257603,257605,2,1
257602,257603,257604,1,1
257598,257603,257605,2,5
257598,257603,257604,1,5
257598,257603,257604,1,5
257598,257603,257605,2,5
257602,257603,257605,2,1
257602,257603,257605,2,1
257602,257603,257605,2,1
257602,257603,257605,2,1
257602,257603,257605,2,1
257602,257603,257605,2,1
257602,257603,257605,2,1
257605,257605,257606,1,0
257602,257603,257606,3,1
257602,257603,257605,2,1
257605,257605,257606,1,0
257602,257603,257605,2,1
257602,257603,257605,2,1
257602,257603,257605,2,1
257602,257603,257605,2,1
257602,257603,257605,2,1
257602,257603,257605,2,1
257598,257603,257606,3,5
257598,257603,257606,3,5
257598,257603,257605,2,5
257602,257603,257606,3,1
257602,257603,257606,3,1
257605,257605,257606,1,0
257605,257605,257606,1,0
257605,257605,257606,1,0
257605,257605,257606,1,0
257605,257605,257606,1,0
257605,257605,257606,1,0
257605,257605,257606,1,0
257605,257605,257606,1,0
257605,257605,257606,1,0
257605,257605,257607,2,0
257605,257605,257606,1,0
257605,257605,257607,2,0
257605,257605,257607,2,0
257605,257605,257607,2,0
257605,257605,257607,2,0
257605,257605,257607,2,0
257605,257605,257607,2,0
257605,257605,257607,2,0
257605,257605,257607,2,0
257605,257605,257607,2,0
257605,257605,257607,2,0
257605,257605,257607,2,0
257605,257606,257607,1,1
257605,257606,257607,1,1
257605,257606,257607,1,1
257605,257606,257607,1,1
257605,257606,257608,2,1
257605,257606,257608,2,1
257605,257606,257608,2,1
257605,257606,257608,2,1
257605,257605,257607,2,0
257605,257605,257607,2,0
257605,257606,257607,1,1
257605,257605,257607,2,0
257605,257606,257608,2,1
257605,257606,257607,1,1
257602,257603,257609,6,1
257602,257603,257609,6,1
257602,257603,257605,2,1
257602,257603,257605,2,1
257605,257605,257606,1,0
257605,257605,257606,1,0
257455,257457,257614,157,2
257602,257603,257614,11,1
257602,257603,257617,14,1
257615,257615,257617,2,0
257615,257615,257617,2,0
257615,257615,257617,2,0
257441,257444,257617,173,3
257443,257444,257617,173,1
257615,257615,257621,6,0
257615,257615,257621,6,0
257615,257616,257621,5,1
257615,257616,257621,5,1
257615,257616,257621,5,1
257615,257616,257621,5,1
257615,257616,257621,5,1
257615,257616,257621,5,1
257615,257615,257621,6,0
257615,257616,257621,5,1
257615,257616,257621,5,1
257615,257616,257621,5,1
257615,257615,257621,6,0
257615,257615,257621,6,0
257615,257616,257621,5,1
257615,257616,257621,5,1
257615,257616,257621,5,1
257615,257616,257621,5,1
257615,257616,257621,5,1
257615,257616,257621,5,1
257605,257605,257621,16,0
257602,257603,257621,18,1
257602,257603,257621,18,1
257602,257603,257621,18,1
257602,257603,257621,18,1
257605,257605,257621,16,0
257605,257605,257621,16,0
257615,257615,257621,6,0
257615,257615,257621,6,0
257615,257616,257621,5,1
257615,257616,257621,5,1
257615,257616,257621,5,1
257615,257616,257621,5,1
257615,257616,257621,5,1
257615,257616,257621,5,1
257615,257616,257621,5,1
257615,257616,257621,5,1
257621,257621,257622,1,0
257621,257621,257622,1,0
257621,257621,257622,1,0
257621,257621,257622,1,0
257615,257619,257622,3,4
257615,257619,257622,3,4
257615,257619,257622,3,4
257615,257619,257622,3,4
257615,257615,257622,7,0
257615,257616,257622,6,1
257621,257621,257622,1,0
257621,257621,257623,2,0
257621,257621,257622,1,0
257621,257621,257622,1,0
257621,257621,257622,1,0
257621,257621,257622,1,0
257621,257621,257623,2,0
257621,257621,257622,1,0
257621,257621,257622,1,0
257621,257621,257623,2,0
257621,257621,257623,2,0
257621,257621,257623,2,0
257621,257621,257622,1,0
257621,257621,257622,1,0
257621,257621,257622,1,0
257621,257621,257622,1,0
257621,257621,257623,2,0
257621,257621,257622,1,0
257621,257621,257622,1,0
257621,257621,257622,1,0
257621,257621,257622,1,0
257621,257621,257623,2,0
257615,257619,257622,3,4
257615,257616,257623,7,1
257615,257616,257623,7,1
257621,257621,257623,2,0
257621,257621,257623,2,0
257621,257621,257623,2,0
257621,257621,257623,2,0
257621,257621,257624,3,0
257621,257621,257624,3,0
257605,257605,257624,19,0
257621,257622,257629,7,1
257621,257622,257629,7,1
257621,257622,257630,8,1
257621,257622,257630,8,1
257621,257622,257629,7,1
257621,257622,257630,8,1
257630,257630,257631,1,0
257630,257630,257632,2,0
257630,257630,257632,2,0
257630,257630,257631,1,0
257630,257630,257632,2,0
257630,257630,257632,2,0
257630,257630,257632,2,0
257630,257630,257632,2,0
257630,257630,257632,2,0
257630,257630,257632,2,0
257630,257630,257631,1,0
257630,257630,257631,1,0
257630,257630,257632,2,0
257630,257630,257632,2,0
257630,257630,257632,2,0
257630,257630,257632,2,0
257630,257630,257632,2,0
257630,257630,257632,2,0
257630,257630,257632,2,0
257630,257630,257632,2,0
257630,257630,257632,2,0
257630,257630,257632,2,0
257630,257630,257631,1,0
257630,257630,257632,2,0
257630,257630,257632,2,0
257630,257630,257633,3,0
257630,257630,257632,2,0
257630,257630,257632,2,0
257630,257630,257632,2,0
257630,257630,257632,2,0
257630,257630,257632,2,0
257630,257630,257632,2,0
257630,257630,257632,2,0
257630,257630,257632,2,0
257630,257630,257632,2,0
257630,257630,257633,3,0
257630,257630,257633,3,0
257621,257622,257634,12,1
257621,257622,257634,12,1
257621,257622,257634,12,1
257621,257622,257634,12,1
257621,257622,257633,11,1
257621,257622,257634,12,1
257630,257630,257634,4,0
257439,257441,257634,193,2
257630,257630,257635,5,0
257630,257630,257635,5,0
257630,257630,257635,5,0
257630,257630,257636,6,0
257630,257630,257636,6,0
257630,257630,257636,6,0
257635,257635,257637,2,0
257635,257636,257638,2,1
257635,257636,257637,1,1
257635,257635,257637,2,0
257635,257636,257637,1,1
257635,257636,257638,2,1
257635,257636,257637,1,1
257635,257635,257637,2,0
257635,257635,257637,2,0
257635,257636,257637,1,1
257635,257636,257638,2,1
257635,257636,257637,1,1
257635,257635,257637,2,0
257635,257636,257637,1,1
257635,257636,257637,1,1
257635,257636,257637,1,1
257635,257636,257637,1,1
257635,257635,257637,2,0
257635,257635,257637,2,0
257635,257636,257637,1,1
257635,257636,257637,1,1
257635,257636,257638,2,1
257635,257636,257637,1,1
257635,257636,257637,1,1
257635,257636,257638,2,1
257635,257636,257637,1,1
257635,257636,257638,2,1
257615,257615,257637,22,0
257615,257616,257637,21,1
257615,257616,257637,21,1
257635,257635,257638,3,0
257635,257635,257638,3,0
257635,257636,257638,2,1
257635,257636,257638,2,1
257635,257635,257638,3,0
257635,257636,257638,2,1
257635,257636,257638,2,1
257621,257622,257639,17,1
257630,257630,257639,9,0
257635,257636,257639,3,1
257635,257636,257639,3,1
257457,257457,257640,183,0
257635,257636,257640,4,1
257635,257636,257640,4,1
257635,257636,257640,4,1
257509,257511,257641,130,2
257445,257446,257641,195,1
257462,257462,257642,180,0
257641,257641,257643,2,0
257641,257641,257643,2,0
257641,257642,257643,1,1
257641,257641,257643,2,0
257641,257641,257643,2,0
257641,257641,257643,2,0
257641,257641,257643,2,0
257641,257641,257643,2,0
257641,257641,257643,2,0
257641,257641,257643,2,0
257641,257641,257643,2,0
257641,257641,257643,2,0
257641,257641,257643,2,0
257449,257449,257643,194,0
257641,257641,257643,2,0
257641,257641,257643,2,0
257641,257641,257643,2,0
257641,257641,257643,2,0
257641,257641,257643,2,0
257641,257641,257643,2,0
257641,257641,257643,2,0
257641,257641,257644,3,0
257641,257641,257644,3,0
257641,257641,257644,3,0
257641,257641,257643,2,0
257641,257641,257643,2,0
257641,257641,257644,3,0
257641,257641,257644,3,0
257641,257641,257644,3,0
257641,257641,257643,2,0
257482,257482,257644,162,0
257641,257642,257644,2,1
257641,257642,257644,2,1
257641,257642,257644,2,1
257641,257641,257644,3,0
257641,257641,257645,4,0
257644,257644,257645,1,0
257644,257644,257646,2,0
257644,257644,257646,2,0
257644,257644,257646,2,0
257644,257644,257646,2,0
257644,257644,257646,2,0
257644,257644,257646,2,0
257644,257644,257646,2,0
257644,257644,257646,2,0
257644,257644,257646,2,0
257644,257644,257645,1,0
257644,257644,257646,2,0
257644,257644,257646,2,0
257644,257644,257646,2,0
257644,257644,257646,2,0
257644,257645,257646,1,1
257644,257644,257645,1,0
257644,257644,257645,1,0
257644,257644,257646,2,0
257644,257644,257645,1,0
257644,257644,257646,2,0
257644,257644,257646,2,0
257644,257644,257646,2,0
257644,257644,257646,2,0
257644,257644,257646,2,0
257644,257644,257646,2,0
257644,257644,257646,2,0
257644,257644,257645,1,0
257644,257644,257646,2,0
257644,257644,257646,2,0
257644,257644,257646,2,0
257644,257644,257646,2,0
257644,257644,257646,2,0
257644,257644,257646,2,0
257641,257641,257645,4,0
257644,257644,257646,2,0
257644,257644,257647,3,0
257644,257644,257647,3,0
257644,257644,257647,3,0
257644,257644,257646,2,0
257644,257644,257646,2,0
257644,257644,257646,2,0
257644,257644,257646,2,0
257644,257644,257646,2,0
257644,257646,257649,3,2
257644,257646,257649,3,2
257644,257646,257649,3,2
257644,257646,257649,3,2
257644,257646,257649,3,2
257644,257646,257649,3,2
257644,257646,257649,3,2
257644,257646,257649,3,2
257644,257646,257649,3,2
257644,257646,257649,3,2
257644,257646,257649,3,2
257644,257646,257649,3,2
257644,257646,257649,3,2
257644,257646,257649,3,2
257644,257646,257649,3,2
257644,257646,257649,3,2
257644,257646,257649,3,2
257644,257646,257649,3,2
257644,257646,257649,3,2
257644,257646,257649,3,2
257644,257646,257649,3,2
257644,257646,257649,3,2
257644,257646,257649,3,2
257644,257646,257649,3,2
257644,257646,257649,3,2
257644,257646,257649,3,2
257641,257644,257649,5,3
257641,257645,257649,4,4
257641,257645,257649,4,4
257641,257645,257649,4,4
257641,257645,257649,4,4
257644,257649,257650,1,5
257644,257646,257650,4,2
257644,257646,257650,4,2
257644,257647,257650,3,3
257644,257647,257650,3,3
257644,257650,257651,1,6
257644,257647,257650,3,3
257644,257647,257650,3,3
257644,257647,257650,3,3
257644,257650,257651,1,6
257644,257647,257651,4,3
257644,257647,257651,4,3
257644,257647,257650,3,3
257644,257647,257650,3,3
257644,257649,257651,2,5
257644,257649,257651,2,5
257644,257649,257651,2,5
257644,257649,257651,2,5
257644,257649,257651,2,5
257644,257650,257651,1,6
257644,257650,257651,1,6
257644,257650,257651,1,6
257644,257650,257651,1,6
257644,257650,257651,1,6
257644,257650,257651,1,6
257644,257650,257651,1,6
257644,257650,257651,1,6
257644,257650,257651,1,6
257644,257650,257654,4,6
257644,257650,257654,4,6
257644,257651,257654,3,7
257644,257651,257654,3,7
257644,257650,257654,4,6
257644,257650,257654,4,6
257644,257651,257654,3,7
257644,257651,257654,3,7
257644,257651,257654,3,7
257644,257651,257654,3,7
257644,257650,257654,4,6
257644,257650,257653,3,6
257644,257651,257654,3,7
257644,257651,257654,3,7
257644,257651,257654,3,7
257644,257651,257654,3,7
257644,257650,257654,4,6
257644,257650,257654,4,6
257644,257650,257654,4,6
257644,257650,257654,4,6
257644,257650,257654,4,6
257644,257651,257654,3,7
257646,257652,257654,2,6
257644,257652,257656,4,8
257644,257652,257656,4,8
257644,257652,257656,4,8
257644,257652,257656,4,8
257644,257652,257656,4,8
257644,257652,257656,4,8
257635,257644,257656,12,9
257635,257644,257656,12,9
257635,257644,257656,12,9
257635,257645,257656,11,10
257635,257645,257656,11,10
257635,257645,257656,11,10
257646,257652,257656,4,6
257646,257652,257656,4,6
257646,257652,257656,4,6
257646,257652,257656,4,6
257646,257652,257656,4,6
257646,257652,257656,4,6
257646,257652,257656,4,6
257646,257652,257656,4,6
257646,257654,257656,2,8
257646,257654,257656,2,8
257646,257652,257657,5,6
257646,257652,257657,5,6
257646,257654,257657,3,8
257646,257652,257656,4,6
257646,257652,257656,4,6
257646,257654,257656,2,8
257646,257655,257657,2,9
257649,257657,257658,1,8
257646,257654,257658,4,8
257646,257654,257658,4,8
257646,257655,257658,3,9
257649,257657,257658,1,8
257649,257657,257658,1,8
257646,257654,257658,4,8
257646,257654,257658,4,8
257646,257654,257658,4,8
257646,257654,257658,4,8
257646,257654,257658,4,8
257646,257654,257658,4,8
257646,257654,257658,4,8
257646,257654,257658,4,8
257646,257654,257658,4,8
257646,257654,257658,4,8
257646,257656,257658,2,10
257646,257656,257658,2,10
257646,257656,257658,2,10
257646,257656,257658,2,10
257646,257656,257658,2,10
257646,257656,257658,2,10
257644,257644,257658,14,0
257644,257645,257658,13,1
257646,257654,257658,4,8
257646,257654,257658,4,8
257646,257655,257658,3,9
257646,257655,257658,3,9
257646,257655,257658,3,9
257649,257657,257658,1,8
257649,257657,257658,1,8
257649,257657,257658,1,8
257649,257657,257658,1,8
257649,257657,257658,1,8
257644,257644,257658,14,0
257649,257657,257658,1,8
257649,257657,257659,2,8
257649,257657,257658,1,8
257649,257657,257658,1,8
257649,257657,257658,1,8
257649,257657,257658,1,8
257649,257657,257659,2,8
257649,257657,257658,1,8
257649,257657,257659,2,8
257649,257657,257658,1,8
257649,257657,257658,1,8
257649,257657,257659,2,8
257644,257645,257659,14,1
257649,257657,257660,3,8
257649,257658,257660,2,9
257649,257658,257660,2,9
257649,257658,257660,2,9
257649,257658,257661,3,9
257649,257658,257661,3,9
257649,257658,257661,3,9
257649,257658,257661,3,9
257649,257658,257660,2,9
257649,257658,257660,2,9
257649,257658,257660,2,9
257649,257658,257661,3,9
257649,257658,257661,3,9
257649,257658,257661,3,9
257649,257658,257661,3,9
257649,257658,257661,3,9
257649,257658,257661,3,9
257649,257658,257661,3,9
257649,257658,257661,3,9
257649,257658,257661,3,9
257649,257658,257661,3,9
257649,257658,257661,3,9
257649,257658,257661,3,9
257649,257659,257661,2,10
257646,257651,257661,10,5
257644,257644,257664,20,0
257644,257650,257664,14,6
257644,257650,257664,14,6
257646,257651,257664,13,5
257641,257641,257664,23,0
257644,257651,257665,14,7
257641,257641,257666,25,0
257644,257646,257666,20,2
257649,257659,257667,8,10
257646,257652,257666,14,6
257641,257641,257666,25,0
257641,257641,257666,25,0
257641,257641,257666,25,0
257560,257560,257681,121,0
257544,257546,257682,136,2
257685,257685,257686,1,0
257685,257685,257687,2,0
257685,257685,257686,1,0
257685,257685,257687,2,0
257685,257685,257687,2,0
257685,257686,257687,1,1
257685,257686,257687,1,1
257562,257562,257687,125,0
257685,257685,257687,2,0
257685,257686,257687,1,1
257685,257686,257687,1,1
257685,257686,257687,1,1
257685,257685,257687,2,0
257685,257685,257687,2,0
257685,257685,257687,2,0
257685,257686,257687,1,1
257685,257686,257687,1,1
257685,257685,257687,2,0
257685,257685,257687,2,0
257685,257685,257687,2,0
257685,257686,257687,1,1
257685,257686,257687,1,1
257685,257686,257687,1,1
257685,257685,257687,2,0
257685,257686,257687,1,1
257685,257686,257687,1,1
257685,257686,257687,1,1
257685,257685,257687,2,0
257685,257685,257687,2,0
257685,257686,257687,1,1
257685,257686,257687,1,1
257685,257685,257688,3,0
257685,257685,257688,3,0
257685,257685,257688,3,0
257685,257685,257688,3,0
257685,257685,257688,3,0
257685,257685,257688,3,0
257685,257685,257688,3,0
257685,257686,257688,2,1
257685,257685,257688,3,0
257685,257685,257688,3,0
257685,257685,257688,3,0
257685,257685,257688,3,0
257685,257685,257688,3,0
257685,257685,257688,3,0
257685,257687,257688,1,2
257685,257685,257688,3,0
257685,257685,257688,3,0
257685,257686,257688,2,1
257685,257685,257688,3,0
257685,257685,257688,3,0
257685,257685,257688,3,0
257685,257687,257688,1,2
257685,257685,257688,3,0
257685,257685,257688,3,0
257685,257685,257688,3,0
257685,257685,257688,3,0
257685,257687,257689,2,2
257685,257687,257689,2,2
257685,257688,257690,2,3
257685,257688,257689,1,3
257685,257688,257689,1,3
257685,257688,257690,2,3
257685,257688,257690,2,3
257685,257688,257690,2,3
257685,257688,257690,2,3
257685,257688,257690,2,3
257685,257688,257690,2,3
257685,257688,257690,2,3
257685,257688,257690,2,3
257685,257688,257690,2,3
257685,257688,257690,2,3
257685,257688,257690,2,3
257685,257688,257690,2,3
257685,257688,257690,2,3
257685,257688,257690,2,3
257685,257688,257690,2,3
257685,257688,257690,2,3
257685,257688,257690,2,3
257685,257688,257690,2,3
257685,257688,257690,2,3
257685,257688,257690,2,3
257685,257688,257690,2,3
257701,257701,257702,1,0
257701,257701,257702,1,0
257701,257701,257702,1,0
257701,257701,257702,1,0
257701,257701,257702,1,0
257701,257701,257703,2,0
257701,257701,257703,2,0
257701,257701,257703,2,0
257701,257701,257703,2,0
257701,257701,257703,2,0
257701,257701,257703,2,0
257701,257701,257703,2,0
257701,257701,257703,2,0
257701,257701,257703,2,0
257701,257701,257702,1,0
257701,257701,257703,2,0
257701,257701,257703,2,0
257701,257701,257702,1,0
257701,257701,257702,1,0
257701,257701,257703,2,0
257701,257701,257703,2,0
257701,257701,257703,2,0
257701,257701,257703,2,0
257701,257701,257703,2,0
257701,257701,257703,2,0
257701,257701,257703,2,0
257701,257701,257703,2,0
257701,257701,257703,2,0
257701,257701,257703,2,0
257701,257701,257704,3,0
257701,257701,257703,2,0
257701,257701,257703,2,0
257701,257701,257703,2,0
257701,257701,257703,2,0
257701,257701,257703,2,0
257701,257701,257703,2,0
257701,257701,257703,2,0
257701,257701,257703,2,0
257701,257701,257703,2,0
257685,257689,257705,16,4
257685,257689,257706,17,4
257685,257689,257706,17,4
257685,257689,257706,17,4
257685,257689,257706,17,4
257685,257685,257712,27,0
257685,257685,257712,27,0
257685,257685,257712,27,0
257701,257701,257714,13,0
257701,257701,257714,13,0
257701,257701,257714,13,0
257701,257701,257714,13,0
257701,257701,257714,13,0
257701,257701,257714,13,0
257546,257547,257720,173,1
257722,257722,257724,2,0
257722,257722,257723,1,0
257722,257722,257723,1,0
257722,257722,257724,2,0
257722,257722,257723,1,0
257722,257722,257723,1,0
257722,257722,257723,1,0
257722,257722,257723,1,0
257722,257722,257723,1,0
257722,257722,257723,1,0
257722,257722,257723,1,0
257722,257722,257723,1,0
257722,257722,257723,1,0
257722,257722,257724,2,0
257722,257722,257724,2,0
257722,257722,257724,2,0
257722,257722,257724,2,0
257722,257722,257724,2,0
257722,257722,257724,2,0
257722,257722,257724,2,0
257722,257722,257724,2,0
257722,257722,257724,2,0
257722,257722,257724,2,0
257722,257722,257724,2,0
257722,257722,257724,2,0
257722,257722,257724,2,0
257722,257722,257724,2,0
257722,257722,257725,3,0
257722,257722,257724,2,0
257722,257722,257724,2,0
257722,257722,257724,2,0
257722,257722,257725,3,0
257722,257722,257725,3,0
257722,257722,257725,3,0
257722,257722,257725,3,0
257722,257722,257725,3,0
257722,257722,257725,3,0
257572,257572,257728,156,0
257729,257729,257730,1,0
257729,257729,257731,2,0
257729,257729,257730,1,0
257729,257729,257731,2,0
257729,257729,257731,2,0
257729,257729,257731,2,0
257729,257729,257731,2,0
257729,257729,257730,1,0
257729,257729,257730,1,0
257729,257729,257731,2,0
257729,257729,257731,2,0
257729,257729,257731,2,0
257729,257729,257731,2,0
257729,257729,257731,2,0
257729,257729,257730,1,0
257729,257729,257730,1,0
257729,257729,257731,2,0
257729,257729,257731,2,0
257729,257729,257731,2,0
257729,257729,257731,2,0
257729,257729,257731,2,0
257729,257729,257731,2,0
257729,257729,257731,2,0
257729,257729,257731,2,0
257729,257729,257731,2,0
257729,257729,257731,2,0
257729,257729,257731,2,0
257729,257729,257731,2,0
257729,257729,257731,2,0
257729,257729,257731,2,0
257729,257729,257731,2,0
257729,257729,257731,2,0
257729,257729,257731,2,0
257729,257729,257731,2,0
257722,257722,257732,10,0
257729,257731,257732,1,2
257729,257731,257732,1,2
257729,257731,257733,2,2
257729,257731,257733,2,2
257729,257731,257733,2,2
257514,257514,257733,219,0
257722,257722,257733,11,0
257729,257731,257734,3,2
257735,257735,257737,2,0
257735,257735,257737,2,0
257735,257735,257737,2,0
257735,257735,257737,2,0
257735,257735,257737,2,0
257735,257735,257737,2,0
257735,257735,257737,2,0
257735,257735,257737,2,0
257735,257735,257737,2,0
257735,257735,257737,2,0
257735,257735,257737,2,0
257735,257735,257737,2,0
257735,257735,257737,2,0
257735,257735,257737,2,0
257735,257735,257737,2,0
257735,257735,257737,2,0
257735,257735,257737,2,0
257735,257735,257737,2,0
257735,257735,257737,2,0
257735,257735,257737,2,0
257606,257606,257737,131,0
257735,257735,257737,2,0
257735,257735,257737,2,0
257735,257735,257738,3,0
257735,257735,257744,9,0
257735,257735,257745,10,0
257735,257735,257745,10,0
257735,257735,257745,10,0
257735,257735,257745,10,0
257735,257735,257745,10,0
257735,257735,257745,10,0
257735,257735,257745,10,0
257735,257735,257745,10,0
257735,257735,257745,10,0
257735,257735,257745,10,0
257722,257722,257746,24,0
257722,257722,257746,24,0
257722,257722,257746,24,0
257722,257722,257746,24,0
257729,257729,257747,18,0
257729,257729,257747,18,0
257729,257729,257747,18,0
257735,257735,257748,13,0
257735,257735,257748,13,0
257735,257735,257748,13,0
257722,257722,257747,25,0
257722,257722,257748,26,0
257729,257729,257748,19,0
257729,257729,257748,19,0
257735,257735,257748,13,0
257735,257735,257748,13,0
257735,257735,257749,14,0
257735,257735,257749,14,0
257735,257735,257749,14,0
257735,257735,257749,14,0
257735,257736,257749,13,1
257735,257736,257749,13,1
257753,257754,257755,1,1
257753,257754,257755,1,1
257753,257754,257755,1,1
257753,257754,257755,1,1
257753,257754,257755,1,1
257753,257754,257756,2,1
257753,257754,257756,2,1
257753,257754,257755,1,1
257753,257754,257756,2,1
257753,257754,257755,1,1
257753,257754,257755,1,1
257753,257754,257755,1,1
257753,257754,257756,2,1
257753,257754,257755,1,1
257753,257754,257755,1,1
257753,257754,257756,2,1
257753,257754,257756,2,1
257753,257754,257755,1,1
257753,257754,257756,2,1
257753,257754,257756,2,1
257753,257754,257756,2,1
257753,257754,257756,2,1
257753,257754,257756,2,1
257753,257754,257756,2,1
257753,257754,257756,2,1
257753,257754,257756,2,1
257753,257754,257756,2,1
257753,257754,257757,3,1
257753,257754,257756,2,1
257753,257754,257756,2,1
257753,257754,257757,3,1
257753,257754,257757,3,1
257753,257754,257757,3,1
257753,257754,257758,4,1
257753,257754,257757,3,1
257753,257754,257757,3,1
257753,257754,257760,6,1
257753,257754,257761,7,1
257753,257754,257762,8,1
257753,257754,257761,7,1
257753,257754,257761,7,1
257753,257754,257765,11,1
257753,257754,257766,12,1
257753,257754,257766,12,1
257753,257754,257766,12,1
257599,257600,257777,177,1
257622,257622,257780,158,0
257780,257780,257781,1,0
257780,257780,257781,1,0
257780,257780,257781,1,0
257780,257780,257781,1,0
257780,257780,257781,1,0
257780,257780,257781,1,0
257780,257780,257781,1,0
257780,257780,257781,1,0
257780,257780,257782,2,0
257780,257780,257782,2,0
257780,257780,257782,2,0
257780,257780,257781,1,0
257780,257780,257782,2,0
257780,257780,257782,2,0
257780,257780,257781,1,0
257780,257780,257782,2,0
257780,257780,257782,2,0
257780,257780,257782,2,0
257780,257780,257781,1,0
257780,257780,257782,2,0
257780,257780,257781,1,0
257780,257780,257781,1,0
257780,257780,257782,2,0
257780,257780,257782,2,0
257780,257780,257782,2,0
257780,257780,257782,2,0
257780,257780,257781,1,0
257780,257780,257782,2,0
257780,257780,257782,2,0
257780,257780,257782,2,0
257780,257780,257782,2,0
257780,257780,257782,2,0
257780,257780,257782,2,0
257780,257780,257782,2,0
257780,257780,257781,1,0
257780,257780,257782,2,0
257780,257780,257781,1,0
257780,257780,257782,2,0
257780,257780,257782,2,0
257780,257780,257782,2,0
257780,257780,257782,2,0
257780,257780,257782,2,0
257780,257780,257782,2,0
257780,257780,257782,2,0
257780,257780,257782,2,0
257780,257780,257782,2,0
257780,257781,257783,2,1
257780,257781,257783,2,1
257780,257781,257783,2,1
257780,257780,257783,3,0
257780,257780,257782,2,0
257780,257781,257783,2,1
257780,257781,257783,2,1
257780,257781,257783,2,1
257780,257781,257783,2,1
257780,257782,257784,2,2
257780,257782,257784,2,2
257780,257782,257784,2,2
257780,257782,257784,2,2
257780,257782,257784,2,2
257780,257782,257784,2,2
257780,257782,257784,2,2
257780,257782,257784,2,2
257780,257782,257784,2,2
257780,257782,257784,2,2
257780,257782,257784,2,2
257780,257782,257784,2,2
257780,257782,257784,2,2
257780,257782,257784,2,2
257780,257783,257784,1,3
257780,257783,257784,1,3
257780,257782,257784,2,2
257780,257782,257784,2,2
257780,257782,257784,2,2
257780,257782,257784,2,2
257780,257783,257784,1,3
257780,257783,257785,2,3
257780,257783,257785,2,3
257780,257783,257785,2,3
257780,257782,257785,3,2
257637,257637,257785,148,0
257780,257783,257785,2,3
257780,257783,257786,3,3
257780,257783,257785,2,3
257631,257631,257787,156,0
257780,257780,257787,7,0
257786,257786,257787,1,0
257786,257786,257788,2,0
257786,257786,257787,1,0
257786,257786,257788,2,0
257786,257786,257787,1,0
257786,257786,257787,1,0
257786,257786,257788,2,0
257786,257786,257787,1,0
257786,257786,257788,2,0
257786,257786,257787,1,0
257786,257786,257788,2,0
257786,257786,257788,2,0
257786,257786,257788,2,0
257786,257786,257787,1,0
257786,257786,257788,2,0
257786,257786,257788,2,0
257786,257786,257788,2,0
257786,257786,257788,2,0
257786,257786,257788,2,0
257786,257786,257788,2,0
257786,257786,257788,2,0
257786,257786,257788,2,0
257786,257786,257788,2,0
257786,257786,257788,2,0
257780,257780,257788,8,0
257780,257780,257788,8,0
257780,257780,257788,8,0
257780,257780,257788,8,0
257780,257780,257787,7,0
257780,257780,257788,8,0
257786,257786,257788,2,0
257786,257786,257788,2,0
257786,257786,257788,2,0
257786,257786,257788,2,0
257786,257786,257788,2,0
257786,257786,257788,2,0
257786,257786,257788,2,0
257786,257786,257788,2,0
257786,257786,257788,2,0
257786,257786,257788,2,0
257786,257786,257788,2,0
257786,257786,257788,2,0
257786,257786,257788,2,0
257788,257789,257790,1,1
257788,257788,257790,2,0
257788,257788,257790,2,0
257788,257788,257790,2,0
257788,257788,257790,2,0
257788,257788,257790,2,0
257788,257788,257790,2,0
257788,257788,257790,2,0
257788,257788,257790,2,0
257788,257788,257790,2,0
257788,257788,257790,2,0
257788,257788,257790,2,0
257788,257788,257790,2,0
257788,257788,257790,2,0
257788,257788,257790,2,0
257788,257788,257790,2,0
257788,257788,257790,2,0
257788,257788,257790,2,0
257788,257788,257790,2,0
257788,257788,257790,2,0
257788,257788,257790,2,0
257788,257788,257790,2,0
257788,257788,257791,3,0
257788,257789,257790,1,1
257788,257789,257791,2,1
257788,257789,257791,2,1
257645,257651,257791,140,6
257788,257788,257791,3,0
257788,257789,257791,2,1
257788,257788,257791,3,0
257788,257788,257791,3,0
257788,257788,257791,3,0
257788,257788,257791,3,0
257788,257789,257791,2,1
257616,257616,257792,176,0
257792,257792,257793,1,0
257792,257792,257793,1,0
257792,257792,257794,2,0
257792,257792,257793,1,0
257792,257792,257794,2,0
257792,257792,257794,2,0
257792,257792,257794,2,0
257792,257792,257794,2,0
257792,257792,257793,1,0
257792,257792,257793,1,0
257792,257792,257794,2,0
257792,257792,257794,2,0
257792,257792,257794,2,0
257792,257792,257794,2,0
257792,257792,257794,2,0
257792,257792,257793,1,0
257792,257792,257794,2,0
257792,257792,257794,2,0
257792,257792,257793,1,0
257792,257792,257794,2,0
257792,257792,257794,2,0
257792,257792,257794,2,0
257792,257792,257794,2,0
257792,257792,257794,2,0
257786,257786,257795,9,0
257786,257786,257795,9,0
257786,257786,257795,9,0
257792,257792,257794,2,0
257792,257792,257794,2,0
257792,257792,257794,2,0
257792,257793,257794,1,1
257792,257792,257795,3,0
257792,257792,257795,3,0
257792,257792,257794,2,0
257792,257792,257795,3,0
257792,257792,257795,3,0
257792,257792,257795,3,0
257792,257792,257795,3,0
257792,257794,257796,2,2
257792,257794,257796,2,2
257792,257794,257795,1,2
257786,257786,257795,9,0
257786,257786,257795,9,0
257792,257792,257795,3,0
257792,257792,257796,4,0
257792,257792,257796,4,0
257792,257792,257796,4,0
257786,257786,257796,10,0
257786,257786,257796,10,0
257786,257786,257796,10,0
257788,257788,257796,8,0
257788,257788,257796,8,0
257788,257788,257796,8,0
257788,257788,257796,8,0
257788,257788,257796,8,0
257788,257788,257796,8,0
257792,257792,257797,5,0
257796,257796,257797,1,0
257796,257796,257797,1,0
257796,257796,257798,2,0
257796,257796,257798,2,0
257796,257796,257797,1,0
257796,257796,257797,1,0
257796,257796,257797,1,0
257796,257796,257798,2,0
257796,257796,257797,1,0
257796,257796,257797,1,0
257796,257796,257797,1,0
257796,257796,257798,2,0
257796,257796,257797,1,0
257796,257796,257798,2,0
257796,257796,257798,2,0
257796,257796,257798,2,0
257788,257789,257791,2,1
257788,257789,257791,2,1
257788,257789,257791,2,1
257788,257789,257791,2,1
257788,257789,257791,2,1
257788,257789,257791,2,1
257796,257796,257801,5,0
257796,257796,257801,5,0
257796,257796,257802,6,0
257796,257796,257803,7,0
257796,257796,257803,7,0
257796,257796,257802,6,0
257796,257796,257803,7,0
257792,257799,257803,4,7
257796,257796,257804,8,0
257796,257796,257803,7,0
257796,257796,257803,7,0
257796,257796,257803,7,0
257796,257796,257803,7,0
257796,257796,257803,7,0
257796,257796,257803,7,0
257796,257796,257803,7,0
257796,257796,257804,8,0
257796,257796,257803,7,0
257796,257796,257804,8,0
257792,257792,257804,12,0
257796,257796,257804,8,0
257796,257796,257804,8,0
257796,257796,257804,8,0
257796,257796,257804,8,0
257796,257796,257805,9,0
257796,257796,257805,9,0
257796,257796,257805,9,0
257796,257796,257805,9,0
257796,257796,257805,9,0
257796,257796,257805,9,0
257796,257796,257805,9,0
257648,257657,257816,159,9
257817,257817,257823,6,0
257817,257817,257823,6,0
257817,257817,257823,6,0
257817,257817,257824,7,0
257817,257817,257824,7,0
257817,257817,257824,7,0
257817,257817,257824,7,0
257817,257817,257824,7,0
257817,257817,257824,7,0
257817,257817,257824,7,0
257817,257817,257824,7,0
257817,257817,257824,7,0
257817,257817,257824,7,0
257817,257817,257824,7,0
257817,257817,257824,7,0
257817,257817,257824,7,0
257817,257817,257824,7,0
257817,257817,257824,7,0
257817,257817,257824,7,0
257817,257817,257824,7,0
257817,257817,257824,7,0
257817,257817,257824,7,0
257817,257817,257824,7,0
257817,257817,257824,7,0
257817,257817,257824,7,0
257817,257817,257824,7,0
257817,257817,257824,7,0
257817,257817,257824,7,0
257817,257817,257824,7,0
257817,257817,257824,7,0
257817,257817,257826,9,0
257817,257817,257826,9,0
257817,257817,257826,9,0
257817,257817,257826,9,0
257651,257659,257828,169,8
257817,257817,257830,13,0
257817,257817,257830,13,0
257817,257817,257830,13,0
257817,257817,257830,13,0
257817,257817,257830,13,0
257817,257817,257830,13,0
257642,257642,257831,189,0
257830,257830,257831,1,0
257830,257830,257831,1,0
257830,257830,257831,1,0
257830,257830,257831,1,0
257830,257830,257832,2,0
257830,257830,257831,1,0
257830,257830,257832,2,0
257830,257830,257831,1,0
257830,257830,257832,2,0
257830,257830,257831,1,0
257830,257830,257832,2,0
257830,257830,257832,2,0
257830,257830,257832,2,0
257830,257830,257831,1,0
257830,257830,257832,2,0
257830,257830,257831,1,0
257830,257830,257831,1,0
257830,257830,257832,2,0
257830,257830,257832,2,0
257830,257830,257832,2,0
257830,257830,257832,2,0
257830,257830,257832,2,0
257830,257830,257832,2,0
257830,257830,257832,2,0
257830,257830,257833,3,0
257830,257830,257833,3,0
257830,257830,257832,2,0
257830,257830,257832,2,0
257830,257830,257832,2,0
257830,257830,257832,2,0
257830,257830,257832,2,0
257830,257830,257832,2,0
257830,257830,257832,2,0
257830,257830,257833,3,0
257830,257830,257832,2,0
257830,257830,257832,2,0
257830,257830,257832,2,0
257830,257830,257833,3,0
257830,257830,257832,2,0
257830,257830,257832,2,0
257830,257830,257833,3,0
257832,257832,257834,2,0
257832,257832,257834,2,0
257832,257832,257833,1,0
257832,257832,257833,1,0
257832,257832,257834,2,0
257832,257832,257834,2,0
257832,257832,257834,2,0
257832,257832,257834,2,0
257832,257832,257834,2,0
257832,257832,257834,2,0
257832,257832,257834,2,0
257832,257832,257833,1,0
257832,257832,257834,2,0
257832,257832,257834,2,0
257832,257832,257834,2,0
257832,257832,257834,2,0
257832,257832,257834,2,0
257832,257832,257834,2,0
257832,257832,257834,2,0
257602,257602,257834,232,0
257832,257832,257834,2,0
257832,257833,257835,2,1
257832,257833,257835,2,1
257832,257833,257835,2,1
257832,257832,257835,3,0
257832,257832,257835,3,0
257832,257832,257835,3,0
257832,257833,257835,2,1
257832,257832,257835,3,0
257832,257833,257835,2,1
257832,257833,257835,2,1
257832,257833,257835,2,1
257832,257832,257835,3,0
257832,257833,257835,2,1
257832,257833,257835,2,1
257832,257833,257835,2,1
257832,257833,257835,2,1
257832,257833,257835,2,1
257832,257832,257835,3,0
257832,257832,257835,3,0
257832,257833,257835,2,1
257835,257836,257837,1,1
257604,257604,257836,232,0
257835,257836,257837,1,1
257835,257836,257837,1,1
257835,257836,257837,1,1
257835,257836,257838,2,1
257835,257836,257837,1,1
257835,257836,257837,1,1
257835,257836,257837,1,1
257835,257836,257837,1,1
257835,257836,257837,1,1
257835,257836,257838,2,1
257835,257836,257837,1,1
257835,257836,257837,1,1
257835,257836,257838,2,1
257835,257836,257837,1,1
257835,257836,257838,2,1
257835,257836,257838,2,1
257835,257836,257838,2,1
257835,257836,257837,1,1
257835,257836,257837,1,1
257835,257836,257837,1,1
257835,257836,257838,2,1
257835,257836,257838,2,1
257835,257836,257838,2,1
257835,257836,257838,2,1
257835,257836,257837,1,1
257835,257836,257837,1,1
257835,257836,257838,2,1
257835,257836,257838,2,1
257835,257836,257838,2,1
257835,257836,257838,2,1
257835,257836,257838,2,1
257835,257836,257838,2,1
257835,257836,257839,3,1
257835,257836,257838,2,1
257835,257836,257838,2,1
257817,257817,257839,22,0
257835,257836,257838,2,1
257835,257836,257838,2,1
257835,257836,257838,2,1
257838,257838,257840,2,0
257838,257838,257840,2,0
257838,257838,257840,2,0
257838,257838,257840,2,0
257838,257838,257840,2,0
257838,257838,257840,2,0
257838,257838,257840,2,0
257838,257838,257840,2,0
257838,257838,257840,2,0
257838,257838,257840,2,0
257838,257839,257841,2,1
257838,257838,257841,3,0
257838,257838,257840,2,0
257838,257838,257840,2,0
257838,257838,257840,2,0
257832,257839,257841,2,7
257832,257839,257841,2,7
257832,257839,257841,2,7
257832,257839,257841,2,7
257838,257838,257841,3,0
257838,257838,257841,3,0
257838,257838,257841,3,0
257838,257839,257841,2,1
257838,257839,257841,2,1
257838,257840,257841,1,2
257838,257838,257841,3,0
257838,257838,257841,3,0
257838,257840,257841,1,2
257838,257840,257841,1,2
257838,257838,257841,3,0
257838,257839,257841,2,1
257838,257839,257841,2,1
257838,257840,257841,1,2
257838,257838,257841,3,0
257838,257838,257841,3,0
257838,257840,257841,1,2
257838,257840,257841,1,2
257838,257840,257841,1,2
257838,257840,257841,1,2
257838,257840,257841,1,2
257838,257840,257841,1,2
257817,257817,257842,25,0
257817,257817,257842,25,0
257838,257841,257842,1,3
257838,257841,257842,1,3
257838,257841,257842,1,3
257817,257817,257843,26,0
257817,257817,257846,29,0
257838,257840,257846,6,2
257830,257830,257846,16,0
257830,257830,257849,19,0
257830,257830,257850,20,0
257835,257836,257850,14,1
257830,257830,257851,21,0
257832,257836,257852,16,4
257835,257836,257856,20,1
257838,257839,257857,18,1
257835,257836,257857,21,1
257835,257836,257859,23,1
257835,257836,257862,26,1
257835,257836,257862,26,1
257653,257659,257862,203,6
257838,257838,257863,25,0
257838,257838,257864,26,0
257838,257838,257865,27,0
257871,257871,257873,2,0
257871,257871,257873,2,0
257871,257871,257873,2,0
257871,257871,257873,2,0
257871,257871,257873,2,0
257871,257871,257873,2,0
257871,257871,257873,2,0
257871,257871,257873,2,0
257871,257871,257873,2,0
257871,257871,257873,2,0
257871,257871,257873,2,0
257871,257872,257873,1,1
257871,257871,257874,3,0
257871,257871,257874,3,0
257871,257871,257873,2,0
257871,257871,257874,3,0
257871,257871,257874,3,0
257871,257871,257874,3,0
257871,257871,257873,2,0
257871,257871,257873,2,0
257871,257871,257874,3,0
257871,257871,257874,3,0
257871,257871,257874,3,0
257871,257871,257873,2,0
257871,257871,257874,3,0
257871,257871,257873,2,0
257871,257871,257874,3,0
257871,257871,257874,3,0
257871,257871,257874,3,0
257871,257871,257874,3,0
257871,257871,257874,3,0
257871,257872,257874,2,1
257871,257872,257874,2,1
257871,257872,257874,2,1
257871,257871,257874,3,0
257871,257871,257874,3,0
257871,257871,257874,3,0
257871,257871,257874,3,0
257871,257871,257874,3,0
257871,257871,257874,3,0
257871,257871,257874,3,0
257871,257871,257874,3,0
257871,257871,257874,3,0
257871,257871,257874,3,0
257871,257871,257875,4,0
257655,257659,257883,224,4
257884,257885,257886,1,1
257884,257884,257885,1,0
257884,257884,257886,2,0
257884,257884,257886,2,0
257884,257884,257886,2,0
257884,257884,257886,2,0
257884,257884,257886,2,0
257884,257884,257886,2,0
257884,257884,257885,1,0
257884,257884,257885,1,0
257884,257884,257886,2,0
257884,257884,257886,2,0
257884,257884,257885,1,0
257884,257884,257886,2,0
257884,257884,257886,2,0
257884,257884,257885,1,0
257884,257884,257886,2,0
257884,257884,257886,2,0
257884,257884,257886,2,0
257884,257884,257886,2,0
257884,257884,257886,2,0
257884,257884,257885,1,0
257884,257884,257886,2,0
257884,257884,257886,2,0
257884,257884,257886,2,0
257884,257885,257886,1,1
257884,257885,257887,2,1
257884,257885,257887,2,1
257884,257884,257886,2,0
257884,257884,257887,3,0
257884,257884,257886,2,0
257884,257884,257887,3,0
257884,257884,257886,2,0
257884,257884,257886,2,0
257884,257884,257886,2,0
257884,257884,257886,2,0
257884,257884,257886,2,0
257884,257884,257886,2,0
257884,257884,257886,2,0
257884,257884,257886,2,0
257884,257884,257886,2,0
257687,257688,257890,202,1
257892,257892,257893,1,0
257892,257892,257894,2,0
257892,257892,257893,1,0
257892,257892,257893,1,0
257892,257892,257894,2,0
257892,257892,257893,1,0
257892,257892,257893,1,0
257892,257892,257894,2,0
257892,257892,257893,1,0
257892,257892,257894,2,0
257892,257892,257893,1,0
257892,257892,257893,1,0
257892,257892,257893,1,0
257892,257892,257893,1,0
257892,257892,257893,1,0
257892,257892,257893,1,0
257892,257892,257894,2,0
257892,257892,257893,1,0
257892,257892,257893,1,0
257892,257892,257893,1,0
257892,257892,257894,2,0
257892,257892,257894,2,0
257892,257892,257894,2,0
257892,257892,257894,2,0
257892,257892,257894,2,0
257892,257892,257894,2,0
257892,257892,257894,2,0
257892,257892,257894,2,0
257892,257892,257894,2,0
257892,257892,257894,2,0
257892,257892,257894,2,0
257892,257892,257894,2,0
257892,257892,257894,2,0
257892,257892,257894,2,0
257892,257892,257894,2,0
257892,257892,257894,2,0
257892,257892,257894,2,0
257892,257892,257894,2,0
257884,257884,257899,15,0
257884,257884,257899,15,0
257884,257884,257899,15,0
257884,257884,257899,15,0
257892,257892,257899,7,0
257723,257723,257900,177,0
257892,257892,257902,10,0
257892,257892,257902,10,0
257703,257703,257904,201,0
257712,257712,257905,193,0
257903,257903,257904,1,0
257903,257903,257904,1,0
257903,257903,257904,1,0
257903,257903,257904,1,0
257903,257903,257904,1,0
257903,257903,257904,1,0
257903,257903,257905,2,0
257903,257903,257904,1,0
257903,257903,257905,2,0
257903,257903,257904,1,0
257903,257903,257905,2,0
257903,257903,257905,2,0
257903,257903,257904,1,0
257903,257903,257904,1,0
257903,257903,257905,2,0
257903,257903,257905,2,0
257903,257903,257905,2,0
257903,257903,257904,1,0
257903,257903,257904,1,0
257903,257903,257905,2,0
257903,257903,257905,2,0
257903,257903,257905,2,0
257903,257903,257905,2,0
257903,257903,257905,2,0
257903,257903,257905,2,0
257903,257903,257905,2,0
257903,257903,257905,2,0
257905,257905,257906,1,0
257903,257903,257905,2,0
257903,257903,257905,2,0
257905,257905,257906,1,0
257903,257903,257905,2,0
257903,257903,257905,2,0
257905,257905,257906,1,0
257903,257903,257905,2,0
257903,257903,257905,2,0
257903,257903,257905,2,0
257903,257903,257906,3,0
257903,257903,257905,2,0
257905,257905,257906,1,0
257903,257903,257905,2,0
257903,257903,257905,2,0
257905,257905,257906,1,0
257892,257892,257906,14,0
257905,257905,257906,1,0
257905,257905,257906,1,0
257905,257905,257906,1,0
257905,257905,257907,2,0
257905,257905,257907,2,0
257905,257905,257907,2,0
257905,257905,257906,1,0
257905,257905,257906,1,0
257905,257905,257907,2,0
257905,257905,257906,1,0
257905,257905,257907,2,0
257905,257905,257907,2,0
257905,257905,257907,2,0
257905,257905,257907,2,0
257905,257905,257906,1,0
257905,257905,257906,1,0
257905,257905,257907,2,0
257905,257905,257907,2,0
257905,257906,257907,1,1
257905,257906,257908,2,1
257905,257906,257908,2,1
257905,257906,257908,2,1
257892,257892,257907,15,0
257892,257892,257907,15,0
257892,257892,257907,15,0
257905,257906,257907,1,1
257905,257906,257907,1,1
257905,257906,257907,1,1
257905,257906,257907,1,1
257905,257905,257907,2,0
257905,257905,257907,2,0
257905,257906,257907,1,1
257905,257905,257907,2,0
257905,257905,257907,2,0
257907,257907,257908,1,0
257905,257906,257907,1,1
257905,257906,257907,1,1
257905,257906,257907,1,1
257905,257905,257907,2,0
257905,257905,257907,2,0
257905,257905,257907,2,0
257905,257905,257907,2,0
257907,257907,257908,1,0
257907,257907,257909,2,0
257907,257907,257908,1,0
257903,257903,257908,5,0
257905,257905,257908,3,0
257907,257907,257909,2,0
257907,257907,257908,1,0
257907,257907,257908,1,0
257907,257907,257909,2,0
257907,257907,257909,2,0
257907,257907,257909,2,0
257907,257907,257908,1,0
257907,257907,257909,2,0
257907,257907,257908,1,0
257907,257907,257908,1,0
257907,257907,257909,2,0
257907,257907,257909,2,0
257907,257907,257909,2,0
257907,257907,257909,2,0
257907,257907,257909,2,0
257907,257908,257910,2,1
257907,257908,257910,2,1
257907,257908,257910,2,1
257907,257908,257910,2,1
257907,257907,257909,2,0
257907,257908,257910,2,1
257907,257908,257910,2,1
257907,257908,257910,2,1
257907,257908,257910,2,1
257907,257907,257909,2,0
257907,257907,257910,3,0
257907,257908,257910,2,1
257907,257908,257910,2,1
257907,257908,257910,2,1
257907,257907,257910,3,0
257907,257907,257910,3,0
257907,257907,257911,4,0
257907,257907,257911,4,0
257907,257907,257911,4,0
257903,257903,257911,8,0
257903,257903,257911,8,0
257903,257903,257911,8,0
257903,257903,257913,10,0
257903,257903,257912,9,0
257905,257905,257913,8,0
257907,257908,257913,5,1
257907,257907,257913,6,0
257903,257903,257913,10,0
257907,257908,257914,6,1
257907,257908,257914,6,1
257907,257907,257914,7,0
257907,257908,257914,6,1
257907,257908,257914,6,1
257737,257737,257918,181,0
257730,257731,257920,189,1
257920,257920,257922,2,0
257920,257920,257922,2,0
257920,257920,257922,2,0
257920,257920,257922,2,0
257920,257920,257922,2,0
257920,257920,257922,2,0
257920,257920,257922,2,0
257920,257920,257922,2,0
257920,257920,257922,2,0
257920,257920,257922,2,0
257920,257920,257922,2,0
257920,257920,257922,2,0
257920,257920,257922,2,0
257920,257920,257922,2,0
257920,257920,257922,2,0
257920,257920,257922,2,0
257920,257920,257922,2,0
257920,257920,257922,2,0
257920,257920,257922,2,0
257920,257920,257922,2,0
257920,257920,257922,2,0
257920,257920,257922,2,0
257920,257920,257922,2,0
257920,257920,257923,3,0
257920,257920,257922,2,0
257920,257920,257923,3,0
257920,257920,257923,3,0
257920,257920,257922,2,0
257920,257920,257923,3,0
257924,257924,257925,1,0
257924,257924,257926,2,0
257924,257924,257926,2,0
257924,257924,257925,1,0
257924,257924,257925,1,0
257924,257924,257926,2,0
257924,257924,257926,2,0
257924,257924,257925,1,0
257924,257924,257926,2,0
257924,257924,257926,2,0
257924,257924,257926,2,0
257924,257924,257926,2,0
257924,257925,257926,1,1
257924,257924,257926,2,0
257924,257924,257925,1,0
257924,257924,257926,2,0
257924,257924,257926,2,0
257924,257924,257926,2,0
257924,257924,257926,2,0
257924,257924,257926,2,0
257924,257924,257926,2,0
257924,257924,257926,2,0
257924,257924,257926,2,0
257924,257924,257926,2,0
257924,257924,257926,2,0
257924,257924,257926,2,0
257924,257924,257926,2,0
257924,257924,257926,2,0
257924,257924,257926,2,0
257924,257924,257926,2,0
257924,257924,257926,2,0
257924,257924,257926,2,0
257924,257924,257926,2,0
257924,257924,257926,2,0
257924,257925,257926,1,1
257924,257925,257926,1,1
257924,257925,257926,1,1
257924,257925,257927,2,1
257924,257925,257927,2,1
257924,257924,257926,2,0
257924,257924,257926,2,0
257924,257924,257927,3,0
257924,257924,257927,3,0
257920,257920,257928,8,0
257920,257920,257929,9,0
257920,257920,257929,9,0
257920,257920,257929,9,0
257920,257920,257929,9,0
257920,257920,257930,10,0
257920,257920,257930,10,0
257920,257920,257930,10,0
257920,257920,257930,10,0
257920,257920,257930,10,0
257920,257920,257930,10,0
257920,257920,257930,10,0
257920,257920,257930,10,0
257920,257920,257931,11,0
257920,257920,257931,11,0
257920,257920,257931,11,0
257924,257924,257931,7,0
257924,257924,257931,7,0
257781,257782,257935,153,1
257936,257937,257938,1,1
257936,257937,257938,1,1
257936,257937,257938,1,1
257936,257937,257938,1,1
257936,257937,257939,2,1
257936,257937,257938,1,1
257936,257937,257938,1,1
257936,257937,257938,1,1
257936,257937,257938,1,1
257936,257937,257938,1,1
257936,257937,257938,1,1
257936,257937,257939,2,1
257936,257937,257938,1,1
257936,257937,257939,2,1
257936,257937,257938,1,1
257936,257937,257938,1,1
257936,257937,257938,1,1
257936,257937,257938,1,1
257936,257937,257938,1,1
257936,257937,257938,1,1
257936,257937,257938,1,1
257936,257937,257939,2,1
257936,257937,257939,2,1
257936,257937,257938,1,1
257936,257937,257938,1,1
257936,257937,257938,1,1
257936,257937,257938,1,1
257936,257937,257939,2,1
257936,257937,257939,2,1
257936,257937,257939,2,1
257936,257937,257939,2,1
257936,257937,257939,2,1
257936,257937,257939,2,1
257936,257937,257939,2,1
257936,257937,257939,2,1
257783,257783,257943,160,0
257946,257946,257948,2,0
257946,257946,257948,2,0
257946,257946,257948,2,0
257946,257946,257948,2,0
257946,257946,257948,2,0
257946,257946,257948,2,0
257946,257946,257947,1,0
257946,257946,257947,1,0
257946,257946,257948,2,0
257946,257946,257948,2,0
257946,257946,257948,2,0
257946,257946,257948,2,0
257946,257946,257947,1,0
257946,257946,257948,2,0
257946,257946,257948,2,0
257946,257946,257948,2,0
257946,257946,257948,2,0
257946,257946,257948,2,0
257946,257946,257947,1,0
257946,257946,257947,1,0
257946,257946,257948,2,0
257946,257946,257948,2,0
257946,257946,257948,2,0
257946,257946,257948,2,0
257946,257946,257947,1,0
257946,257946,257947,1,0
257946,257946,257948,2,0
257946,257946,257948,2,0
257946,257946,257948,2,0
257936,257937,257948,11,1
257936,257937,257948,11,1
257946,257946,257948,2,0
257936,257937,257951,14,1
257936,257937,257952,15,1
257936,257937,257952,15,1
257936,257937,257951,14,1
257946,257946,257951,5,0
257946,257946,257951,5,0
257946,257946,257951,5,0
257946,257951,257952,1,5
257946,257951,257953,2,5
257946,257951,257953,2,5
257946,257951,257953,2,5
257946,257951,257953,2,5
257946,257951,257953,2,5
257936,257937,257953,16,1
257936,257937,257953,16,1
257936,257937,257953,16,1
257936,257937,257953,16,1
257946,257946,257958,12,0
257946,257946,257959,13,0
257789,257789,257959,170,0
257793,257794,257960,166,1
257946,257946,257960,14,0
257946,257946,257961,15,0
257946,257946,257961,15,0
257946,257946,257961,15,0
257797,257797,257963,166,0
257962,257963,257964,1,1
257962,257963,257964,1,1
257962,257963,257965,2,1
257962,257963,257964,1,1
257831,257839,257964,125,8
257962,257963,257964,1,1
257962,257963,257964,1,1
257962,257963,257964,1,1
257962,257963,257965,2,1
257962,257963,257964,1,1
257787,257787,257964,177,0
257962,257963,257964,1,1
257962,257963,257964,1,1
257962,257963,257964,1,1
257962,257963,257964,1,1
257962,257963,257964,1,1
257962,257963,257965,2,1
257962,257963,257964,1,1
257962,257963,257964,1,1
257962,257963,257964,1,1
257962,257963,257965,2,1
257962,257963,257965,2,1
257962,257963,257965,2,1
257962,257963,257965,2,1
257962,257963,257965,2,1
257962,257963,257965,2,1
257962,257963,257965,2,1
257962,257963,257965,2,1
257962,257963,257965,2,1
257962,257963,257966,3,1
257962,257963,257965,2,1
257962,257963,257965,2,1
257962,257963,257965,2,1
257962,257963,257965,2,1
257962,257963,257965,2,1
257962,257963,257965,2,1
257962,257963,257965,2,1
257962,257963,257966,3,1
257962,257963,257966,3,1
257962,257963,257965,2,1
257818,257818,257966,148,0
257965,257965,257966,1,0
257965,257965,257966,1,0
257965,257965,257966,1,0
257965,257965,257967,2,0
257965,257965,257966,1,0
257965,257965,257967,2,0
257965,257965,257966,1,0
257965,257965,257967,2,0
257965,257965,257966,1,0
257965,257965,257966,1,0
257965,257965,257966,1,0
257965,257965,257967,2,0
257965,257965,257967,2,0
257965,257966,257967,1,1
257965,257965,257966,1,0
257965,257965,257966,1,0
257965,257965,257967,2,0
257965,257965,257967,2,0
257965,257965,257967,2,0
257965,257965,257967,2,0
257965,257965,257966,1,0
257965,257965,257966,1,0
257965,257965,257966,1,0
257965,257965,257967,2,0
257965,257965,257967,2,0
257965,257965,257967,2,0
257965,257966,257967,1,1
257965,257966,257967,1,1
257965,257965,257967,2,0
257965,257965,257967,2,0
257965,257966,257967,1,1
257965,257965,257967,2,0
257965,257965,257967,2,0
257965,257965,257967,2,0
257965,257966,257967,1,1
257965,257965,257967,2,0
257965,257965,257967,2,0
257965,257966,257967,1,1
257965,257966,257967,1,1
257965,257965,257967,2,0
257965,257965,257967,2,0
257965,257966,257967,1,1
257965,257966,257967,1,1
257965,257966,257967,1,1
257965,257966,257967,1,1
257965,257967,257968,1,2
257965,257967,257968,1,2
257965,257967,257968,1,2
257965,257967,257968,1,2
257965,257967,257968,1,2
257965,257967,257968,1,2
257965,257967,257968,1,2
257965,257967,257969,2,2
257965,257967,257969,2,2
257965,257967,257969,2,2
257967,257968,257969,1,1
257965,257967,257968,1,2
257965,257967,257968,1,2
257965,257967,257969,2,2
257965,257967,257969,2,2
257965,257967,257969,2,2
257965,257967,257969,2,2
257967,257968,257969,1,1
257965,257967,257969,2,2
257965,257967,257969,2,2
257965,257967,257969,2,2
257967,257968,257969,1,1
257967,257968,257969,1,1
257967,257968,257969,1,1
257967,257968,257969,1,1
257965,257967,257969,2,2
257965,257967,257969,2,2
257965,257967,257969,2,2
257965,257967,257969,2,2
257965,257967,257969,2,2
257965,257967,257969,2,2
257965,257967,257969,2,2
257965,257967,257969,2,2
257962,257963,257965,2,1
257962,257963,257965,2,1
257962,257963,257965,2,1
257965,257968,257969,1,3
257965,257968,257970,2,3
257965,257968,257970,2,3
257967,257969,257970,1,2
257965,257968,257969,1,3
257967,257968,257969,1,1
257967,257968,257969,1,1
257965,257967,257969,2,2
257967,257968,257969,1,1
257967,257968,257969,1,1
257967,257968,257969,1,1
257965,257967,257969,2,2
257965,257967,257969,2,2
257965,257967,257969,2,2
257965,257967,257969,2,2
257967,257968,257969,1,1
257962,257963,257970,7,1
257962,257963,257970,7,1
257962,257963,257971,8,1
257965,257965,257970,5,0
257755,257755,257970,215,0
257965,257970,257971,1,5
257967,257970,257971,1,3
257967,257969,257970,1,2
257967,257969,257971,2,2
257967,257970,257971,1,3
257967,257970,257971,1,3
257967,257969,257971,2,2
257967,257969,257971,2,2
257967,257969,257971,2,2
257967,257969,257971,2,2
257967,257969,257971,2,2
257967,257969,257971,2,2
257967,257969,257971,2,2
257967,257969,257971,2,2
257967,257969,257971,2,2
257967,257969,257971,2,2
257967,257969,257970,1,2
257837,257837,257971,134,0
257967,257969,257971,2,2
257967,257969,257971,2,2
257967,257969,257971,2,2
257967,257970,257971,1,3
257967,257969,257971,2,2
257967,257969,257971,2,2
257967,257969,257971,2,2
257967,257969,257971,2,2
257967,257969,257971,2,2
257967,257969,257971,2,2
257967,257970,257971,1,3
257965,257965,257971,6,0
257962,257963,257971,8,1
257965,257965,257971,6,0
257965,257965,257971,6,0
257967,257970,257971,1,3
257967,257970,257971,1,3
257967,257970,257971,1,3
257967,257970,257971,1,3
257967,257969,257971,2,2
257967,257969,257972,3,2
257967,257969,257972,3,2
257967,257969,257971,2,2
257967,257970,257972,2,3
257967,257970,257972,2,3
257967,257970,257972,2,3
257967,257969,257972,3,2
257967,257969,257972,3,2
257967,257971,257973,2,4
257967,257971,257973,2,4
257967,257971,257973,2,4
257969,257972,257973,1,3
257969,257972,257973,1,3
257967,257971,257973,2,4
257967,257971,257973,2,4
257967,257971,257973,2,4
257967,257971,257973,2,4
257969,257972,257973,1,3
257969,257972,257973,1,3
257967,257971,257973,2,4
257967,257971,257973,2,4
257967,257971,257973,2,4
257967,257971,257973,2,4
257967,257971,257973,2,4
257967,257971,257973,2,4
257967,257971,257973,2,4
257969,257972,257973,1,3
257967,257971,257973,2,4
257967,257971,257973,2,4
257967,257972,257973,1,5
257969,257972,257973,1,3
257969,257972,257973,1,3
257967,257971,257973,2,4
257967,257971,257973,2,4
257967,257972,257973,1,5
257967,257972,257973,1,5
257967,257972,257973,1,5
257969,257972,257973,1,3
257969,257972,257973,1,3
257967,257971,257973,2,4
257967,257972,257973,1,5
257967,257972,257974,2,5
257969,257972,257973,1,3
257969,257972,257973,1,3
257969,257972,257973,1,3
257969,257972,257973,1,3
257969,257972,257973,1,3
257969,257972,257973,1,3
257969,257972,257974,2,3
257969,257972,257974,2,3
257969,257972,257974,2,3
257969,257973,257974,1,4
257969,257973,257974,1,4
257969,257973,257974,1,4
257969,257973,257975,2,4
257969,257973,257975,2,4
257972,257974,257975,1,2
257969,257973,257975,2,4
257969,257973,257975,2,4
257969,257973,257975,2,4
257969,257973,257975,2,4
257969,257973,257975,2,4
257969,257973,257975,2,4
257969,257973,257975,2,4
257969,257974,257975,1,5
257969,257974,257975,1,5
257969,257974,257975,1,5
257969,257974,257975,1,5
257969,257974,257975,1,5
257969,257973,257975,2,4
257969,257973,257975,2,4
257969,257973,257975,2,4
257969,257974,257975,1,5
257972,257974,257975,1,2
257972,257974,257975,1,2
257972,257974,257975,1,2
257972,257974,257975,1,2
257972,257974,257975,1,2
257972,257974,257975,1,2
257972,257974,257975,1,2
257972,257974,257975,1,2
257972,257974,257975,1,2
257965,257965,257975,10,0
257965,257966,257975,9,1
257969,257973,257976,3,4
257969,257973,257976,3,4
257969,257973,257975,2,4
257969,257973,257976,3,4
257967,257969,257971,2,2
257967,257969,257971,2,2
257972,257975,257976,1,3
257972,257975,257976,1,3
257972,257975,257976,1,3
257972,257975,257976,1,3
257972,257975,257976,1,3
257972,257975,257976,1,3
257972,257975,257976,1,3
257972,257975,257977,2,3
257972,257975,257977,2,3
257972,257975,257977,2,3
257972,257975,257976,1,3
257972,257975,257976,1,3
257972,257975,257976,1,3
257972,257976,257977,1,4
257972,257976,257977,1,4
257972,257976,257977,1,4
257972,257976,257977,1,4
257972,257976,257977,1,4
257972,257975,257976,1,3
257972,257975,257977,2,3
257972,257975,257977,2,3
257972,257975,257977,2,3
257972,257975,257977,2,3
257972,257975,257977,2,3
257972,257976,257977,1,4
257972,257977,257978,1,5
257972,257977,257978,1,5
257967,257977,257978,1,10
257972,257976,257977,1,4
257972,257976,257977,1,4
257972,257976,257977,1,4
257972,257976,257977,1,4
257972,257976,257977,1,4
257972,257976,257977,1,4
257972,257976,257977,1,4
257972,257976,257977,1,4
257972,257976,257977,1,4
257972,257976,257977,1,4
257972,257976,257978,2,4
257972,257976,257977,1,4
257972,257976,257977,1,4
257967,257977,257978,1,10
257967,257977,257978,1,10
257972,257977,257978,1,5
257972,257977,257978,1,5
257972,257977,257978,1,5
257972,257977,257978,1,5
257972,257977,257978,1,5
257972,257977,257978,1,5
257972,257977,257979,2,5
257972,257977,257978,1,5
257972,257977,257978,1,5
257972,257977,257978,1,5
257972,257977,257979,2,5
257972,257977,257979,2,5
257972,257977,257979,2,5
257972,257977,257979,2,5
257972,257977,257979,2,5
257972,257977,257979,2,5
257972,257977,257979,2,5
257972,257977,257979,2,5
257972,257977,257979,2,5
257972,257977,257979,2,5
257972,257977,257979,2,5
257972,257977,257979,2,5
257972,257977,257979,2,5
257972,257977,257979,2,5
257972,257977,257979,2,5
257972,257977,257979,2,5
257972,257978,257979,1,6
257972,257978,257979,1,6
257972,257978,257979,1,6
257972,257978,257979,1,6
257972,257978,257979,1,6
257972,257978,257979,1,6
257965,257966,257979,13,1
257965,257966,257989,23,1
257969,257972,257989,17,3
257967,257969,257990,21,2
257967,257969,257995,26,2
257967,257970,257995,25,3
257967,257970,257995,25,3
257967,257970,257995,25,3
257967,257971,257995,24,4
257972,257976,257995,19,4
257972,257976,257995,19,4
257840,257841,257997,156,1
258000,258000,258001,1,0
258000,258000,258002,2,0
258000,258000,258001,1,0
258000,258000,258001,1,0
258000,258000,258001,1,0
258000,258000,258001,1,0
258000,258000,258002,2,0
258000,258000,258002,2,0
258000,258000,258002,2,0
258000,258000,258002,2,0
258000,258000,258001,1,0
258000,258000,258002,2,0
258000,258000,258002,2,0
258000,258000,258002,2,0
258000,258000,258001,1,0
258000,258000,258001,1,0
258000,258000,258002,2,0
258000,258000,258002,2,0
258000,258000,258002,2,0
258000,258000,258002,2,0
258000,258000,258002,2,0
258000,258000,258002,2,0
258000,258000,258002,2,0
258000,258000,258002,2,0
258000,258000,258002,2,0
258000,258000,258002,2,0
258000,258000,258002,2,0
258000,258000,258002,2,0
258000,258000,258002,2,0
258000,258000,258003,3,0
258000,258000,258003,3,0
258000,258000,258003,3,0
257972,257974,258005,31,2
257972,257974,258006,32,2
258000,258000,258002,2,0
258000,258000,258003,3,0
258000,258000,258003,3,0
258000,258000,258002,2,0
257834,257834,258014,180,0
257872,257873,258013,140,1
257972,257974,258014,40,2
257972,257978,258014,36,6
257969,257974,258015,41,5
257972,257974,258015,41,2
257972,257974,258018,44,2
258019,258019,258020,1,0
258019,258019,258021,2,0
258019,258019,258021,2,0
258019,258019,258020,1,0
258019,258019,258020,1,0
258019,258019,258021,2,0
258019,258019,258020,1,0
258019,258019,258020,1,0
258019,258019,258020,1,0
258019,258019,258020,1,0
258019,258019,258021,2,0
258019,258019,258020,1,0
258019,258019,258020,1,0
258019,258019,258021,2,0
258019,258019,258021,2,0
258019,258019,258021,2,0
258019,258019,258021,2,0
258019,258019,258021,2,0
258019,258019,258021,2,0
258019,258019,258021,2,0
258019,258019,258021,2,0
258019,258019,258021,2,0
258019,258019,258021,2,0
258019,258019,258021,2,0
258019,258019,258021,2,0
258019,258019,258021,2,0
258019,258019,258021,2,0
258019,258019,258021,2,0
258019,258019,258022,3,0
258019,258019,258021,2,0
258019,258019,258021,2,0
258019,258019,258022,3,0
258019,258019,258022,3,0
258019,258019,258022,3,0
258019,258019,258022,3,0
258019,258019,258023,4,0
258019,258019,258023,4,0
258019,258019,258023,4,0
258019,258019,258022,3,0
258022,258022,258023,1,0
258022,258022,258023,1,0
258022,258022,258023,1,0
258022,258022,258023,1,0
258022,258022,258023,1,0
258022,258022,258023,1,0
258022,258022,258023,1,0
258022,258022,258023,1,0
258022,258022,258023,1,0
258022,258022,258023,1,0
258022,258022,258023,1,0
258022,258022,258024,2,0
258022,258022,258024,2,0
258022,258022,258023,1,0
258022,258022,258023,1,0
258022,258022,258023,1,0
258022,258022,258024,2,0
258022,258022,258024,2,0
258022,258022,258023,1,0
258019,258019,258024,5,0
258019,258019,258024,5,0
258019,258019,258024,5,0
258022,258022,258024,2,0
258022,258022,258024,2,0
258022,258022,258024,2,0
258022,258022,258024,2,0
258022,258022,258024,2,0
258022,258022,258024,2,0
258022,258022,258024,2,0
258022,258022,258024,2,0
258022,258022,258024,2,0
258022,258022,258024,2,0
258022,258022,258024,2,0
258022,258022,258024,2,0
258022,258022,258024,2,0
258022,258022,258024,2,0
258022,258022,258024,2,0
258022,258022,258024,2,0
258022,258022,258024,2,0
258022,258022,258024,2,0
258022,258022,258024,2,0
258022,258022,258024,2,0
258022,258023,258024,1,1
258019,258019,258025,6,0
258019,258019,258024,5,0
258022,258023,258025,2,1
258022,258023,258025,2,1
258022,258023,258025,2,1
258022,258023,258025,2,1
258022,258023,258025,2,1
258000,258000,258027,27,0
258000,258000,258027,27,0
258000,258000,258027,27,0
258000,258000,258028,28,0
258000,258000,258028,28,0
258000,258000,258027,27,0
258000,258000,258028,28,0
258000,258000,258028,28,0
258019,258019,258028,9,0
258000,258000,258029,29,0
257909,257909,258047,138,0
258049,258050,258052,2,1
258049,258050,258052,2,1
257885,257885,258051,166,0
258049,258050,258051,1,1
258049,258050,258052,2,1
258049,258050,258052,2,1
258049,258050,258052,2,1
258049,258050,258052,2,1
258049,258050,258052,2,1
258049,258050,258051,1,1
258049,258050,258051,1,1
258049,258050,258052,2,1
258049,258050,258052,2,1
258049,258050,258052,2,1
258049,258050,258052,2,1
258049,258050,258052,2,1
258049,258050,258051,1,1
258049,258050,258052,2,1
258049,258050,258052,2,1
258049,258050,258051,1,1
258049,258050,258051,1,1
258049,258050,258052,2,1
258049,258050,258051,1,1
258049,258050,258052,2,1
258049,258050,258052,2,1
258049,258050,258052,2,1
258049,258050,258052,2,1
258049,258050,258052,2,1
258049,258050,258052,2,1
258049,258050,258052,2,1
258049,258050,258052,2,1
258049,258050,258052,2,1
258049,258050,258052,2,1
258049,258050,258052,2,1
258049,258050,258052,2,1
258049,258050,258052,2,1
258049,258050,258052,2,1
258049,258050,258052,2,1
258049,258050,258053,3,1
258049,258050,258052,2,1
258049,258050,258052,2,1
258049,258050,258052,2,1
258049,258050,258052,2,1
258049,258050,258052,2,1
258049,258050,258053,3,1
258049,258050,258053,3,1
257904,257904,258054,150,0
258054,258054,258055,1,0
258054,258054,258056,2,0
258054,258054,258055,1,0
258054,258054,258055,1,0
258054,258054,258055,1,0
258054,258054,258055,1,0
258054,258054,258055,1,0
258054,258054,258056,2,0
258054,258054,258056,2,0
258054,258054,258055,1,0
258054,258054,258055,1,0
258054,258054,258056,2,0
258054,258054,258056,2,0
258054,258054,258056,2,0
258054,258054,258055,1,0
258054,258054,258056,2,0
258054,258054,258055,1,0
258054,258054,258056,2,0
258054,258054,258056,2,0
258054,258054,258056,2,0
258054,258054,258056,2,0
258054,258054,258056,2,0
258054,258054,258056,2,0
258054,258054,258056,2,0
258054,258054,258056,2,0
258054,258054,258056,2,0
258054,258054,258057,3,0
258054,258054,258056,2,0
258054,258054,258056,2,0
258054,258054,258057,3,0
258054,258054,258056,2,0
258054,258054,258056,2,0
258054,258054,258056,2,0
258054,258054,258057,3,0
258054,258054,258056,2,0
258054,258054,258057,3,0
258054,258054,258056,2,0
258054,258054,258056,2,0
258054,258054,258056,2,0
258054,258054,258057,3,0
258054,258054,258056,2,0
257893,257893,258057,164,0
258054,258054,258058,4,0
258058,258058,258060,2,0
258058,258058,258060,2,0
258058,258058,258060,2,0
258058,258058,258060,2,0
258058,258058,258060,2,0
258058,258058,258060,2,0
258058,258058,258060,2,0
258058,258058,258060,2,0
258058,258058,258060,2,0
258058,258058,258060,2,0
258058,258058,258060,2,0
258058,258058,258060,2,0
258058,258058,258060,2,0
258058,258059,258060,1,1
258058,258058,258060,2,0
258058,258058,258060,2,0
258058,258058,258060,2,0
258058,258058,258060,2,0
258058,258058,258061,3,0
258058,258058,258060,2,0
258058,258058,258060,2,0
258058,258058,258060,2,0
258058,258058,258060,2,0
258058,258058,258061,3,0
257906,257906,258061,155,0
258058,258058,258061,3,0
258058,258058,258061,3,0
258058,258058,258061,3,0
258058,258058,258061,3,0
258058,258058,258061,3,0
258058,258059,258061,2,1
258058,258058,258061,3,0
258058,258058,258061,3,0
258058,258058,258061,3,0
258058,258058,258060,2,0
258058,258058,258061,3,0
258058,258058,258061,3,0
258058,258059,258061,2,1
258058,258059,258061,2,1
258058,258058,258061,3,0
258058,258058,258061,3,0
258058,258059,258061,2,1
258061,258061,258063,2,0
258061,258061,258063,2,0
258061,258061,258063,2,0
258061,258061,258063,2,0
258061,258061,258063,2,0
258061,258061,258063,2,0
258061,258061,258062,1,0
258061,258061,258063,2,0
258061,258061,258063,2,0
258061,258061,258063,2,0
258061,258061,258063,2,0
258061,258061,258063,2,0
258061,258061,258063,2,0
258061,258061,258063,2,0
258061,258061,258062,1,0
258061,258061,258063,2,0
258061,258061,258063,2,0
258061,258061,258063,2,0
257922,257922,258063,141,0
258061,258061,258063,2,0
258061,258061,258063,2,0
258061,258061,258063,2,0
258061,258061,258064,3,0
258061,258061,258064,3,0
258061,258061,258064,3,0
258063,258063,258064,1,0
257925,257926,258063,137,1
258061,258061,258064,3,0
258061,258061,258064,3,0
258061,258061,258064,3,0
258061,258061,258063,2,0
258063,258063,258064,1,0
258061,258061,258063,2,0
258061,258061,258064,3,0
258061,258061,258063,2,0
258061,258061,258064,3,0
258061,258061,258064,3,0
258061,258061,258064,3,0
258061,258061,258064,3,0
258061,258061,258064,3,0
258061,258061,258064,3,0
258061,258061,258064,3,0
258061,258061,258064,3,0
258061,258061,258064,3,0
258061,258061,258064,3,0
258061,258061,258064,3,0
258063,258063,258064,1,0
258063,258063,258065,2,0
258063,258063,258064,1,0
258063,258063,258065,2,0
258063,258063,258065,2,0
258063,258063,258065,2,0
258063,258063,258064,1,0
258063,258063,258065,2,0
258063,258063,258064,1,0
258063,258063,258064,1,0
258063,258063,258064,1,0
258063,258063,258065,2,0
258063,258063,258065,2,0
258063,258063,258064,1,0
258063,258063,258065,2,0
258063,258063,258065,2,0
258063,258063,258065,2,0
258063,258064,258065,1,1
258063,258064,258065,1,1
258063,258064,258065,1,1
258063,258064,258065,1,1
258063,258064,258065,1,1
258063,258064,258066,2,1
258063,258064,258065,1,1
258063,258064,258065,1,1
258065,258065,258066,1,0
258063,258064,258065,1,1
258063,258064,258065,1,1
258063,258064,258065,1,1
258063,258064,258065,1,1
258063,258064,258065,1,1
258065,258065,258066,1,0
258065,258065,258066,1,0
258065,258065,258066,1,0
258063,258064,258065,1,1
258063,258064,258065,1,1
258063,258064,258065,1,1
258065,258065,258066,1,0
258065,258065,258066,1,0
258063,258064,258066,2,1
258063,258064,258066,2,1
258063,258064,258066,2,1
258063,258064,258066,2,1
258063,258064,258066,2,1
258063,258064,258066,2,1
258063,258064,258066,2,1
258063,258064,258066,2,1
258063,258064,258066,2,1
258063,258064,258066,2,1
258065,258065,258066,1,0
258065,258065,258066,1,0
258065,258065,258066,1,0
258065,258066,258067,1,1
258065,258065,258066,1,0
258065,258065,258067,2,0
258065,258065,258066,1,0
258065,258065,258067,2,0
258065,258065,258066,1,0
258065,258065,258067,2,0
258065,258065,258067,2,0
258065,258066,258067,1,1
258065,258065,258066,1,0
258065,258065,258067,2,0
258065,258065,258067,2,0
258065,258065,258067,2,0
258065,258065,258067,2,0
258065,258065,258067,2,0
258065,258065,258067,2,0
258065,258065,258067,2,0
258065,258065,258067,2,0
258065,258065,258067,2,0
258065,258065,258067,2,0
258065,258066,258067,1,1
258065,258066,258067,1,1
258065,258066,258067,1,1
258065,258066,258067,1,1
258065,258066,258067,1,1
258065,258066,258067,1,1
258065,258066,258067,1,1
258065,258066,258067,1,1
258065,258066,258067,1,1
258065,258066,258067,1,1
258065,258066,258067,1,1
258065,258066,258068,2,1
258065,258066,258068,2,1
258065,258066,258067,1,1
258065,258066,258068,2,1
258065,258066,258068,2,1
258067,258068,258069,1,1
258067,258068,258069,1,1
258067,258068,258069,1,1
258067,258068,258069,1,1
258067,258068,258069,1,1
258067,258068,258069,1,1
258067,258068,258069,1,1
258067,258068,258069,1,1
258067,258068,258069,1,1
258067,258068,258069,1,1
258067,258068,258069,1,1
258067,258068,258069,1,1
258067,258068,258069,1,1
258067,258068,258069,1,1
258067,258068,258069,1,1
258067,258068,258069,1,1
258067,258068,258069,1,1
258067,258068,258069,1,1
258067,258068,258069,1,1
258067,258068,258069,1,1
258067,258068,258069,1,1
258067,258068,258069,1,1
258067,258068,258069,1,1
258067,258068,258069,1,1
258067,258068,258069,1,1
258058,258058,258062,4,0
258058,258058,258062,4,0
258058,258059,258062,3,1
258067,258068,258070,2,1
258067,258068,258070,2,1
258067,258068,258070,2,1
258067,258068,258070,2,1
258067,258068,258070,2,1
258067,258068,258070,2,1
258067,258068,258070,2,1
258067,258068,258070,2,1
258067,258068,258070,2,1
258067,258068,258070,2,1
258067,258068,258070,2,1
258067,258068,258070,2,1
258067,258068,258070,2,1
258067,258068,258070,2,1
258067,258068,258070,2,1
258067,258068,258070,2,1
258067,258068,258070,2,1
258067,258068,258070,2,1
258067,258068,258070,2,1
258067,258068,258070,2,1
258061,258070,258072,2,9
258061,258070,258072,2,9
258054,258054,258078,24,0
258054,258054,258080,26,0
258054,258054,258081,27,0
258058,258058,258084,26,0
258061,258061,258090,29,0
257939,257939,258090,151,0
258092,258092,258094,2,0
258092,258092,258094,2,0
258092,258092,258093,1,0
258092,258092,258093,1,0
258092,258092,258093,1,0
258092,258092,258094,2,0
258092,258092,258094,2,0
258092,258092,258094,2,0
258092,258092,258093,1,0
258092,258092,258094,2,0
258092,258092,258094,2,0
258092,258092,258094,2,0
258092,258092,258094,2,0
258092,258092,258093,1,0
258092,258092,258093,1,0
258092,258092,258093,1,0
258092,258092,258094,2,0
258092,258092,258094,2,0
258092,258092,258094,2,0
258092,258092,258094,2,0
258092,258092,258093,1,0
258092,258092,258093,1,0
258092,258092,258094,2,0
258092,258092,258094,2,0
258092,258092,258094,2,0
258092,258092,258094,2,0
258092,258092,258094,2,0
258092,258092,258094,2,0
258092,258092,258094,2,0
258092,258092,258094,2,0
258092,258092,258095,3,0
257966,257968,258095,127,2
258092,258092,258094,2,0
258092,258092,258094,2,0
258092,258092,258094,2,0
258092,258092,258094,2,0
258092,258092,258094,2,0
258092,258092,258094,2,0
258092,258092,258094,2,0
258092,258092,258094,2,0
258092,258092,258094,2,0
258092,258092,258094,2,0
258092,258092,258096,4,0
258092,258092,258096,4,0
258092,258092,258097,5,0
258092,258092,258097,5,0
258096,258096,258098,2,0
258096,258096,258098,2,0
258096,258096,258098,2,0
258096,258096,258098,2,0
258096,258096,258098,2,0
258096,258096,258098,2,0
258096,258096,258098,2,0
257964,257964,258098,134,0
258096,258096,258098,2,0
258096,258096,258098,2,0
258096,258096,258097,1,0
258096,258096,258098,2,0
258096,258096,258098,2,0
258096,258096,258098,2,0
258096,258096,258098,2,0
258096,258096,258098,2,0
258096,258096,258098,2,0
258096,258096,258098,2,0
258096,258096,258098,2,0
258096,258096,258098,2,0
258096,258096,258098,2,0
258096,258096,258098,2,0
258096,258096,258098,2,0
258096,258096,258098,2,0
258096,258096,258098,2,0
258096,258096,258098,2,0
258096,258096,258098,2,0
258096,258096,258098,2,0
258096,258096,258099,3,0
258096,258096,258098,2,0
258096,258096,258098,2,0
258096,258096,258099,3,0
258096,258096,258099,3,0
258096,258096,258098,2,0
258096,258096,258099,3,0
258096,258096,258099,3,0
258096,258096,258098,2,0
258096,258096,258099,3,0
258096,258096,258099,3,0
258096,258096,258099,3,0
258096,258096,258099,3,0
258096,258096,258099,3,0
258096,258096,258099,3,0
258096,258096,258099,3,0
258096,258096,258099,3,0
258096,258097,258099,2,1
258100,258100,258101,1,0
258100,258100,258102,2,0
258100,258100,258102,2,0
258100,258100,258101,1,0
258100,258100,258102,2,0
258100,258100,258102,2,0
258100,258100,258101,1,0
258100,258100,258101,1,0
258100,258100,258102,2,0
258100,258100,258101,1,0
258100,258100,258102,2,0
258100,258100,258102,2,0
258100,258100,258101,1,0
258100,258100,258101,1,0
258100,258100,258102,2,0
258100,258100,258101,1,0
258100,258100,258101,1,0
258100,258100,258101,1,0
258100,258100,258101,1,0
258100,258100,258102,2,0
258100,258100,258101,1,0
258100,258100,258101,1,0
258100,258100,258101,1,0
258100,258100,258102,2,0
258100,258100,258102,2,0
258100,258100,258102,2,0
258100,258100,258101,1,0
258100,258100,258101,1,0
258100,258100,258102,2,0
258100,258100,258102,2,0
258100,258100,258102,2,0
258100,258100,258102,2,0
258100,258100,258103,3,0
258100,258100,258102,2,0
258100,258100,258102,2,0
258100,258100,258102,2,0
258100,258100,258102,2,0
258100,258100,258102,2,0
258100,258100,258102,2,0
258100,258100,258102,2,0
258100,258100,258102,2,0
258100,258100,258102,2,0
258100,258100,258102,2,0
258100,258100,258102,2,0
258100,258100,258103,3,0
258001,258001,258108,107,0
257947,257947,258110,163,0
258109,258109,258111,2,0
258109,258109,258110,1,0
258109,258109,258111,2,0
258109,258109,258111,2,0
258109,258109,258111,2,0
258109,258109,258111,2,0
258109,258109,258110,1,0
258109,258109,258110,1,0
258109,258109,258111,2,0
258109,258109,258110,1,0
258109,258109,258111,2,0
258109,258109,258111,2,0
258109,258109,258110,1,0
258109,258109,258110,1,0
258109,258109,258111,2,0
258109,258109,258110,1,0
258109,258109,258111,2,0
258109,258109,258111,2,0
258109,258109,258110,1,0
258109,258109,258110,1,0
258109,258109,258110,1,0
258109,258109,258111,2,0
258109,258109,258111,2,0
258109,258109,258111,2,0
258109,258109,258111,2,0
258109,258109,258111,2,0
258109,258109,258111,2,0
258109,258109,258111,2,0
258109,258109,258111,2,0
258109,258109,258111,2,0
258109,258109,258111,2,0
258109,258109,258111,2,0
258111,258111,258112,1,0
258109,258109,258111,2,0
258109,258109,258111,2,0
258109,258109,258111,2,0
258109,258109,258111,2,0
258109,258109,258111,2,0
258109,258109,258111,2,0
258109,258109,258111,2,0
258109,258109,258112,3,0
258109,258109,258111,2,0
258109,258109,258111,2,0
258109,258109,258111,2,0
258109,258109,258111,2,0
258109,258109,258111,2,0
258111,258111,258112,1,0
258111,258111,258113,2,0
258111,258111,258113,2,0
258111,258111,258113,2,0
258111,258111,258112,1,0
258111,258111,258112,1,0
258111,258111,258113,2,0
258111,258111,258113,2,0
258111,258111,258113,2,0
258111,258111,258113,2,0
258111,258111,258113,2,0
258111,258111,258113,2,0
258111,258111,258112,1,0
258111,258111,258113,2,0
258111,258111,258112,1,0
258111,258111,258113,2,0
258111,258111,258113,2,0
258111,258111,258113,2,0
258111,258111,258113,2,0
258111,258111,258113,2,0
258111,258111,258112,1,0
258111,258111,258112,1,0
258111,258111,258113,2,0
258111,258111,258113,2,0
258111,258111,258112,1,0
258111,258111,258113,2,0
258111,258111,258113,2,0
258111,258111,258113,2,0
258111,258111,258112,1,0
258111,258111,258112,1,0
258111,258111,258113,2,0
258111,258111,258113,2,0
258111,258111,258113,2,0
258111,258111,258113,2,0
258111,258111,258113,2,0
258111,258111,258113,2,0
258111,258111,258113,2,0
258111,258111,258113,2,0
258111,258111,258113,2,0
258111,258111,258113,2,0
258111,258111,258113,2,0
258111,258111,258114,3,0
258111,258111,258113,2,0
258111,258111,258113,2,0
257977,257978,258135,157,1
257973,257978,258136,158,5
257983,257983,258137,154,0
258136,258137,258138,1,1
258136,258137,258139,2,1
258136,258137,258138,1,1
258136,258137,258138,1,1
258136,258137,258139,2,1
258136,258137,258138,1,1
258136,258137,258138,1,1
258136,258137,258138,1,1
258136,258137,258138,1,1
258136,258137,258138,1,1
258136,258137,258139,2,1
258136,258137,258138,1,1
258136,258137,258138,1,1
258136,258137,258139,2,1
258136,258137,258138,1,1
258136,258137,258138,1,1
258136,258137,258138,1,1
258136,258137,258138,1,1
258136,258137,258138,1,1
258136,258137,258138,1,1
258136,258137,258138,1,1
258136,258137,258138,1,1
258136,258137,258138,1,1
258136,258137,258138,1,1
258136,258137,258138,1,1
258136,258137,258138,1,1
258136,258137,258138,1,1
257980,257980,258138,158,0
258136,258137,258138,1,1
258136,258137,258139,2,1
258137,258138,258139,1,1
258137,258138,258139,1,1
258137,258138,258139,1,1
258136,258137,258139,2,1
258136,258137,258139,2,1
258137,258138,258139,1,1
258137,258138,258139,1,1
258136,258137,258139,2,1
258136,258137,258139,2,1
258136,258137,258139,2,1
258137,258138,258139,1,1
258137,258138,258139,1,1
258136,258137,258139,2,1
258136,258137,258139,2,1
258136,258137,258139,2,1
258137,258138,258139,1,1
258137,258138,258139,1,1
258137,258138,258140,2,1
258136,258137,258139,2,1
258137,258138,258139,1,1
258137,258138,258139,1,1
258137,258138,258140,2,1
258136,258137,258139,2,1
258136,258137,258139,2,1
258137,258138,258139,1,1
258137,258138,258139,1,1
258137,258138,258140,2,1
258136,258137,258139,2,1
258137,258138,258139,1,1
258136,258137,258139,2,1
258136,258137,258139,2,1
258136,258137,258139,2,1
258137,258138,258139,1,1
258137,258138,258139,1,1
258137,258138,258140,2,1
258136,258137,258139,2,1
258137,258138,258139,1,1
258137,258138,258139,1,1
258137,258138,258140,2,1
258137,258138,258140,2,1
258137,258139,258140,1,2
258137,258139,258141,2,2
258137,258139,258141,2,2
258137,258139,258141,2,2
258137,258139,258140,1,2
258137,258139,258141,2,2
258137,258139,258140,1,2
258137,258139,258141,2,2
258137,258139,258140,1,2
258137,258139,258141,2,2
258137,258139,258141,2,2
258137,258139,258141,2,2
258137,258138,258140,2,1
258137,258138,258140,2,1
258137,258139,258140,1,2
258139,258139,258141,2,0
258139,258139,258141,2,0
258139,258139,258140,1,0
258137,258139,258140,1,2
258139,258139,258141,2,0
258139,258139,258140,1,0
258137,258139,258141,2,2
258139,258139,258140,1,0
258139,258139,258140,1,0
258137,258139,258141,2,2
258137,258139,258141,2,2
258139,258139,258140,1,0
258139,258139,258140,1,0
258139,258139,258140,1,0
258139,258139,258140,1,0
258139,258139,258140,1,0
258139,258139,258140,1,0
258137,258138,258140,2,1
258139,258139,258140,1,0
258139,258140,258141,1,1
258140,258141,258142,1,1
258139,258140,258141,1,1
258139,258140,258141,1,1
258140,258141,258142,1,1
258139,258140,258142,2,1
258139,258140,258141,1,1
258139,258140,258142,2,1
258139,258140,258142,2,1
258139,258140,258142,2,1
258139,258140,258142,2,1
258139,258140,258142,2,1
258139,258140,258142,2,1
258139,258140,258142,2,1
258140,258140,258141,1,0
258140,258140,258142,2,0
258139,258140,258142,2,1
258139,258140,258142,2,1
258140,258140,258142,2,0
258140,258140,258142,2,0
258139,258140,258142,2,1
258139,258140,258142,2,1
258139,258140,258142,2,1
258140,258140,258141,1,0
258139,258140,258142,2,1
258139,258140,258142,2,1
258139,258140,258142,2,1
258140,258140,258141,1,0
258139,258140,258142,2,1
258139,258140,258142,2,1
258139,258140,258142,2,1
258139,258140,258142,2,1
258139,258140,258142,2,1
258139,258140,258142,2,1
258139,258140,258142,2,1
258140,258140,258141,1,0
258140,258140,258141,1,0
258140,258140,258141,1,0
258140,258141,258142,1,1
258140,258141,258142,1,1
258140,258141,258142,1,1
258140,258142,258143,1,2
258140,258141,258142,1,1
258140,258141,258143,2,1
258140,258141,258142,1,1
258140,258141,258142,1,1
258140,258141,258142,1,1
258140,258141,258143,2,1
258140,258141,258143,2,1
258140,258141,258142,1,1
258140,258141,258143,2,1
258140,258141,258143,2,1
258140,258141,258143,2,1
258140,258141,258143,2,1
258140,258141,258143,2,1
258139,258140,258142,2,1
258139,258140,258142,2,1
258140,258141,258143,2,1
258140,258141,258143,2,1
258139,258140,258142,2,1
258140,258141,258143,2,1
258140,258141,258143,2,1
258139,258140,258142,2,1
258140,258141,258143,2,1
258140,258141,258143,2,1
258140,258141,258143,2,1
258140,258141,258143,2,1
258140,258141,258143,2,1
258140,258141,258143,2,1
258140,258141,258143,2,1
258140,258141,258143,2,1
258140,258141,258143,2,1
258140,258141,258143,2,1
258140,258141,258143,2,1
258140,258141,258143,2,1
258140,258142,258143,1,2
258023,258023,258144,121,0
258145,258145,258147,2,0
258145,258145,258147,2,0
258145,258145,258147,2,0
258145,258145,258147,2,0
258145,258145,258147,2,0
258145,258145,258147,2,0
258145,258145,258147,2,0
258145,258145,258147,2,0
258145,258145,258147,2,0
258145,258145,258146,1,0
258145,258145,258147,2,0
258145,258145,258147,2,0
258145,258145,258147,2,0
258145,258145,258147,2,0
258145,258145,258147,2,0
258145,258145,258147,2,0
258145,258145,258147,2,0
258145,258145,258147,2,0
258145,258145,258147,2,0
258145,258145,258147,2,0
258145,258145,258147,2,0
258145,258145,258147,2,0
258145,258145,258147,2,0
258145,258145,258147,2,0
258145,258145,258147,2,0
258145,258145,258147,2,0
258145,258145,258147,2,0
258145,258145,258148,3,0
258145,258145,258147,2,0
258145,258145,258147,2,0
258145,258145,258147,2,0
258145,258145,258147,2,0
258145,258145,258147,2,0
258145,258145,258148,3,0
258145,258145,258148,3,0
258145,258145,258148,3,0
258145,258145,258147,2,0
258145,258145,258148,3,0
258145,258145,258148,3,0
258145,258145,258148,3,0
258145,258145,258148,3,0
258145,258145,258148,3,0
258145,258145,258148,3,0
258145,258145,258148,3,0
258145,258145,258148,3,0
258020,258020,258155,135,0
257968,257972,258156,184,4
257971,257974,258157,183,3
258156,258156,258158,2,0
258156,258156,258158,2,0
258156,258156,258158,2,0
258156,258156,258158,2,0
258156,258156,258158,2,0
258156,258156,258158,2,0
258156,258156,258158,2,0
258156,258156,258158,2,0
258156,258156,258158,2,0
258156,258156,258158,2,0
258156,258156,258158,2,0
258156,258156,258159,3,0
258156,258156,258158,2,0
258156,258156,258158,2,0
258156,258156,258158,2,0
258156,258156,258159,3,0
258156,258156,258159,3,0
258156,258156,258159,3,0
258156,258156,258158,2,0
258156,258156,258158,2,0
258156,258156,258158,2,0
258156,258156,258159,3,0
258156,258156,258158,2,0
258156,258156,258158,2,0
258156,258156,258158,2,0
258156,258156,258158,2,0
258156,258156,258158,2,0
258156,258156,258159,3,0
258156,258156,258159,3,0
258156,258156,258158,2,0
258156,258156,258158,2,0
258156,258156,258158,2,0
258156,258156,258159,3,0
258156,258156,258159,3,0
258156,258156,258159,3,0
258156,258156,258158,2,0
258156,258156,258159,3,0
258156,258156,258159,3,0
258156,258156,258159,3,0
258156,258156,258159,3,0
258156,258156,258159,3,0
258156,258156,258158,2,0
258156,258156,258158,2,0
258156,258156,258159,3,0
258156,258156,258159,3,0
258158,258158,258159,1,0
258158,258158,258160,2,0
258158,258158,258160,2,0
258158,258158,258159,1,0
258158,258158,258159,1,0
258158,258158,258159,1,0
258158,258158,258160,2,0
258158,258158,258160,2,0
258158,258158,258159,1,0
258158,258158,258159,1,0
258158,258158,258160,2,0
258158,258158,258159,1,0
258158,258158,258160,2,0
258158,258158,258160,2,0
258158,258158,258160,2,0
258158,258158,258160,2,0
258158,258158,258159,1,0
258158,258158,258159,1,0
258158,258158,258160,2,0
258158,258158,258160,2,0
258158,258158,258159,1,0
258158,258158,258160,2,0
258158,258158,258160,2,0
258158,258158,258160,2,0
258158,258158,258159,1,0
258158,258158,258159,1,0
258158,258158,258160,2,0
258158,258158,258159,1,0
258158,258158,258159,1,0
258158,258158,258160,2,0
258158,258158,258160,2,0
258158,258158,258159,1,0
258158,258158,258159,1,0
258158,258158,258160,2,0
258158,258158,258160,2,0
258159,258159,258161,2,0
258159,258159,258161,2,0
258159,258159,258161,2,0
258158,258158,258160,2,0
258158,258158,258160,2,0
258159,258159,258161,2,0
258159,258159,258161,2,0
258159,258159,258161,2,0
258159,258159,258161,2,0
258159,258159,258161,2,0
258158,258158,258160,2,0
258158,258158,258160,2,0
258159,258159,258161,2,0
258159,258159,258161,2,0
258159,258159,258161,2,0
258159,258159,258161,2,0
258159,258159,258161,2,0
258158,258158,258160,2,0
258158,258158,258160,2,0
258158,258158,258160,2,0
258159,258159,258161,2,0
258159,258159,258161,2,0
258159,258159,258161,2,0
258159,258159,258160,1,0
258159,258159,258161,2,0
258159,258159,258161,2,0
258158,258159,258160,1,1
258159,258159,258161,2,0
258159,258159,258160,1,0
258159,258159,258161,2,0
258159,258159,258161,2,0
258159,258159,258161,2,0
258159,258159,258160,1,0
258159,258159,258161,2,0
258158,258159,258161,2,1
258158,258159,258161,2,1
258159,258159,258161,2,0
258159,258159,258161,2,0
258159,258159,258161,2,0
258159,258159,258161,2,0
258159,258159,258162,3,0
258159,258160,258161,1,1
258159,258159,258161,2,0
258159,258160,258162,2,1
258159,258159,258161,2,0
258159,258160,258162,2,1
258159,258160,258162,2,1
258159,258160,258161,1,1
258159,258160,258162,2,1
258159,258160,258162,2,1
258159,258160,258162,2,1
258159,258160,258162,2,1
258159,258160,258162,2,1
258159,258160,258162,2,1
258159,258160,258162,2,1
257243,257245,258162,917,2
258161,258163,258173,10,2
258051,258051,258184,133,0
258055,258055,258186,131,0
258185,258185,258186,1,0
258185,258185,258186,1,0
258185,258185,258187,2,0
258185,258185,258187,2,0
258185,258185,258186,1,0
258185,258185,258186,1,0
258185,258185,258186,1,0
258185,258185,258186,1,0
258185,258185,258187,2,0
258185,258185,258186,1,0
258185,258185,258187,2,0
258185,258185,258186,1,0
258185,258185,258187,2,0
258185,258185,258186,1,0
258185,258185,258186,1,0
258185,258185,258186,1,0
258185,258185,258186,1,0
258185,258185,258186,1,0
258185,258185,258187,2,0
258185,258185,258187,2,0
258185,258185,258187,2,0
258185,258185,258187,2,0
258185,258185,258187,2,0
258185,258185,258187,2,0
258185,258185,258187,2,0
258185,258185,258187,2,0
258185,258185,258187,2,0
258185,258185,258187,2,0
258185,258185,258187,2,0
258185,258185,258187,2,0
258185,258185,258187,2,0
258185,258185,258187,2,0
258185,258185,258187,2,0
258185,258185,258187,2,0
258185,258185,258187,2,0
258185,258185,258187,2,0
258185,258185,258187,2,0
258185,258185,258187,2,0
258185,258185,258187,2,0
258185,258185,258187,2,0
258185,258185,258187,2,0
258185,258185,258187,2,0
258185,258185,258187,2,0
258185,258185,258187,2,0
258185,258185,258187,2,0
258187,258187,258188,1,0
258187,258187,258188,1,0
258187,258187,258188,1,0
258187,258187,258188,1,0
258187,258187,258189,2,0
258187,258187,258188,1,0
258187,258187,258189,2,0
258187,258187,258188,1,0
258187,258187,258188,1,0
258187,258187,258189,2,0
258187,258187,258189,2,0
258187,258187,258189,2,0
258187,258187,258188,1,0
258187,258187,258189,2,0
258187,258187,258189,2,0
258187,258187,258188,1,0
258187,258187,258189,2,0
258187,258187,258188,1,0
258187,258187,258188,1,0
258187,258187,258188,1,0
258187,258187,258189,2,0
258187,258187,258188,1,0
258187,258187,258188,1,0
258187,258187,258189,2,0
258187,258187,258188,1,0
258187,258187,258188,1,0
258187,258187,258189,2,0
258187,258187,258188,1,0
258187,258187,258188,1,0
258187,258187,258189,2,0
258187,258187,258189,2,0
258187,258187,258189,2,0
258187,258187,258189,2,0
258187,258187,258189,2,0
258187,258187,258189,2,0
258187,258187,258189,2,0
258187,258187,258189,2,0
258187,258187,258189,2,0
258187,258187,258189,2,0
258187,258187,258189,2,0
258187,258187,258189,2,0
258187,258187,258189,2,0
258187,258187,258189,2,0
258187,258187,258189,2,0
258187,258187,258189,2,0
258332,258334,258524,190,2
258523,258525,258532,7,2
258590,258592,259535,943,2
259534,259536,259562,26,2
324990,324991,325267,276,1
326392,326393,326604,211,1
329104,329105,329317,212,1
329766,329766,330234,468,0
389534,389535,389723,188,1
389722,389724,389731,7,2
389788,389790,390585,795,2
390584,390586,390616,30,2
390716,390717,390914,197,1
390913,390915,390922,7,2
390979,390980,391950,970,1
391949,391951,391963,12,2
392116,392117,392323,206,1
392321,392324,392331,7,3
392388,392390,393324,934,2
393323,393325,393357,32,2
393487,393488,393692,204,1
393691,393693,393700,7,2
393757,393758,394681,923,1
394680,394681,394714,33,1
394835,394837,395081,244,2
395080,395082,395089,7,2
395147,395149,396041,892,2
396040,396041,396074,33,1
396192,396193,396372,179,1
396371,396373,396380,7,2
396438,396440,397360,920,2
397359,397361,397383,22,2
397508,397510,397709,199,2
397707,397710,397717,7,3
397774,397776,398682,906,2
398681,398683,398715,32,2
398830,398831,399023,192,1
399022,399024,399032,8,2
399088,399090,399922,832,2
399921,399923,399955,32,2
400052,400054,400292,238,2
400291,400293,400300,7,2
400357,400358,401238,880,1
401237,401239,401271,32,2
401385,401386,401740,354,1
401739,401741,401743,2,2
401805,401807,402718,911,2
402717,402719,402751,32,2
402870,402871,403073,202,1
403071,403073,403076,3,2
403139,403140,404114,974,1
404113,404115,404126,11,2
404274,404276,404471,195,2
404470,404472,404480,8,2
404538,404540,405517,977,2
405516,405519,405530,11,3
405687,405689,405897,208,2
405896,405899,405906,7,3
405963,405965,406842,877,2
406841,406843,406875,32,2
406992,406994,407190,196,2
407189,407191,407198,7,2
407255,407257,408158,901,2
408156,408159,408170,11,3
408315,408317,408510,193,2
408508,408511,408513,2,3
408574,408576,409519,943,2
409518,409521,409553,32,3
469765,469765,469791,26,0
469766,469766,469791,25,0
469765,469766,469792,26,1
469766,469766,469793,27,0
469766,469766,469799,33,0
469766,469766,469799,33,0
469766,469766,469871,105,0
469765,469765,469965,200,0
469766,469766,470020,254,0
469766,469766,470491,725,0
470635,470635,470668,33,0
470635,470635,470669,34,0
470636,470636,470671,35,0
470639,470639,470671,32,0
470636,470636,470672,36,0
470635,470635,470672,37,0
470636,470636,470673,37,0
470637,470637,470674,37,0
470635,470635,470674,39,0
470640,470640,470675,35,0
470640,470640,470675,35,0
470635,470635,470675,40,0
470637,470637,470676,39,0
470637,470637,470676,39,0
470639,470640,470676,36,1
470638,470638,470677,39,0
470635,470635,470677,42,0
470642,470642,470677,35,0
470638,470638,470678,40,0
470641,470641,470679,38,0
470638,470638,470679,41,0
470637,470637,470679,42,0
470636,470636,470680,44,0
470640,470640,470680,40,0
470642,470642,470680,38,0
470638,470638,470681,43,0
470640,470640,470682,42,0
470641,470641,470682,41,0
470639,470639,470682,43,0
470636,470636,470683,47,0
470641,470641,470682,41,0
470642,470642,470683,41,0
470641,470641,470684,43,0
470641,470641,470685,44,0
470636,470636,470686,50,0
470644,470645,470686,41,1
470642,470642,470686,44,0
470645,470645,470686,41,0
470646,470646,470686,40,0
470644,470644,470687,43,0
470645,470645,470687,42,0
470648,470648,470687,39,0
470643,470643,470688,45,0
470646,470646,470688,42,0
470637,470638,470688,50,1
470644,470644,470688,44,0
470635,470635,470689,54,0
470640,470640,470689,49,0
470643,470643,470688,45,0
470647,470647,470689,42,0
470644,470644,470689,45,0
470645,470645,470689,44,0
470642,470642,470690,48,0
470646,470646,470690,44,0
470647,470647,470690,43,0
470647,470647,470690,43,0
470638,470638,470691,53,0
470641,470641,470691,50,0
470646,470646,470691,45,0
470647,470647,470692,45,0
470639,470639,470692,53,0
470645,470645,470692,47,0
470646,470646,470693,47,0
470645,470645,470693,48,0
470647,470647,470696,49,0
470649,470649,470696,47,0
470648,470648,470697,49,0
470650,470650,470698,48,0
470648,470648,470698,50,0
470648,470648,470700,52,0
470650,470650,470701,51,0
470655,470655,470701,46,0
470656,470656,470701,45,0
470649,470649,470701,52,0
470658,470668,470701,33,10
470653,470653,470702,49,0
470652,470652,470702,50,0
470654,470654,470702,48,0
470650,470650,470702,52,0
470652,470652,470703,51,0
470650,470650,470703,53,0
470651,470651,470704,53,0
470659,470669,470704,35,10
470648,470648,470704,56,0
470655,470655,470704,49,0
470651,470651,470704,53,0
470660,470672,470705,33,12
470655,470655,470705,50,0
470656,470656,470705,49,0
470657,470657,470705,48,0
470654,470654,470705,51,0
470655,470655,470706,51,0
470649,470649,470706,57,0
470651,470651,470707,56,0
470652,470652,470706,54,0
470654,470654,470706,52,0
470656,470656,470707,51,0
470649,470649,470706,57,0
470653,470653,470707,54,0
470657,470657,470707,50,0
470661,470674,470707,33,13
470657,470657,470707,50,0
470658,470658,470708,50,0
470658,470658,470708,50,0
470656,470656,470708,52,0
470660,470673,470708,35,13
470654,470654,470708,54,0
470653,470653,470708,55,0
470664,470677,470710,33,13
470666,470680,470709,29,14
470662,470675,470710,35,13
470652,470652,470711,59,0
470655,470655,470711,56,0
470659,470671,470711,40,12
470661,470673,470713,40,12
470662,470675,470713,38,13
470664,470677,470713,36,13
470660,470673,470714,41,13
470657,470657,470714,57,0
470664,470677,470715,38,13
470667,470680,470717,37,13
470666,470679,470719,40,13
470663,470676,470724,48,13
470666,470679,470728,49,13
470638,470638,470732,94,0
470646,470646,470745,99,0
470648,470648,470771,123,0
470637,470637,470772,135,0
470651,470652,470773,121,1
470643,470643,470773,130,0
470665,470678,470785,107,13
470640,470640,470790,150,0
470636,470636,470797,161,0
470639,470639,470804,165,0
470649,470649,470807,158,0
470647,470647,470817,170,0
470643,470643,470821,178,0
470654,470654,470826,172,0
470644,470644,470827,183,0
470643,470643,470831,188,0
470653,470653,470832,179,0
470663,470676,470835,159,13
470644,470644,470901,257,0
470647,470647,470926,279,0
470636,470636,470986,350,0
470646,470646,471011,365,0
470657,470657,471031,374,0
470651,470651,471040,389,0
470650,470650,471061,411,0
470637,470637,471117,480,0
470651,470651,471130,479,0
470643,470643,471158,515,0
470644,470644,471162,518,0
470665,470678,471167,489,13
470639,470639,471233,594,0
470648,470648,471266,618,0
470638,470638,471265,627,0
470639,470639,471268,629,0
470644,470644,471274,630,0
470645,470645,471292,647,0
470647,470647,471319,672,0
470649,470649,471321,672,0
470643,470643,471347,704,0
470662,470675,471363,688,13
470653,470653,471382,729,0
470651,470651,471402,751,0
470650,470650,471424,774,0
470653,470653,471432,779,0
470639,470639,471437,798,0
470654,470654,471482,828,0
470638,470638,471488,850,0
470641,470642,471496,854,1
470652,470653,471497,844,1
470637,470637,471740,1103,0
470656,470656,471743,1087,0
470642,470642,471757,1115,0
470648,470648,471764,1116,0
470642,470642,471773,1131,0
470656,470656,471783,1127,0
470649,470649,471857,1208,0
470642,470642,472003,1361,0
470635,470635,472081,1446,0
470655,470655,472232,1577,0
470643,470643,472251,1608,0
470641,470641,472448,1807,0
470652,470652,472659,2007,0
470646,470646,472701,2055,0
470640,470640,472862,2222,0
470657,470657,473830,3173,0
470645,470645,474747,4102,0
482220,482221,482407,186,1
482406,482408,482415,7,2
482478,482479,483279,800,1
483278,483280,483312,32,2
483426,483428,483615,187,2
483614,483616,483623,7,2
483689,483691,484684,993,2
484682,484684,484717,33,2
484879,484880,485081,201,1
485080,485083,485090,7,3
485196,485196,485229,33,0
485197,485197,485229,32,0
485197,485197,485229,32,0
485196,485196,485231,35,0
485194,485195,485231,36,1
485195,485195,485231,36,0
485197,485197,485232,35,0
485198,485198,485233,35,0
485196,485196,485233,37,0
485195,485195,485233,38,0
485200,485200,485233,33,0
485195,485195,485234,39,0
485201,485201,485234,33,0
485198,485199,485235,36,1
485200,485201,485236,35,1
485197,485197,485235,38,0
485199,485199,485236,37,0
485195,485195,485237,42,0
485198,485198,485237,39,0
485197,485197,485238,41,0
485201,485202,485239,37,1
485199,485199,485239,40,0
485202,485202,485240,38,0
485200,485200,485241,41,0
485200,485200,485242,42,0
485195,485195,485243,48,0
485200,485200,485243,43,0
485204,485204,485244,40,0
485205,485205,485245,40,0
485201,485201,485244,43,0
485201,485201,485244,43,0
485202,485202,485245,43,0
485197,485197,485244,47,0
485196,485196,485245,49,0
485196,485196,485245,49,0
485202,485202,485245,43,0
485202,485202,485246,44,0
485202,485202,485245,43,0
485199,485199,485246,47,0
485201,485201,485247,46,0
485203,485203,485246,43,0
485203,485203,485247,44,0
485205,485205,485247,42,0
485206,485206,485247,41,0
485198,485198,485247,49,0
485198,485198,485248,50,0
485203,485203,485247,44,0
485203,485203,485248,45,0
485207,485207,485248,41,0
485208,485208,485248,40,0
485209,485209,485249,40,0
485210,485210,485249,39,0
485201,485201,485250,49,0
485204,485204,485249,45,0
485205,485205,485249,44,0
485199,485199,485250,51,0
485207,485207,485250,43,0
485207,485207,485251,44,0
485206,485206,485252,46,0
485196,485196,485252,56,0
485203,485203,485251,48,0
485206,485206,485253,47,0
485205,485205,485254,49,0
485207,485207,485254,47,0
485207,485207,485255,48,0
485209,485209,485257,48,0
485207,485208,485258,50,1
485209,485209,485259,50,0
485210,485210,485260,50,0
485209,485209,485261,52,0
485208,485208,485261,53,0
485208,485208,485262,54,0
485209,485210,485262,52,1
485212,485212,485263,51,0
485211,485211,485262,51,0
485210,485210,485263,53,0
485210,485211,485263,52,1
485210,485210,485264,54,0
485219,485230,485264,34,11
485212,485212,485265,53,0
485209,485209,485265,56,0
485213,485213,485265,52,0
485214,485214,485266,52,0
485217,485217,485266,49,0
485219,485229,485266,37,10
485212,485212,485266,54,0
485215,485215,485266,51,0
485220,485231,485267,36,11
485217,485217,485267,50,0
485211,485211,485266,55,0
485215,485215,485267,52,0
485214,485214,485267,53,0
485216,485216,485267,51,0
485215,485215,485267,52,0
485212,485212,485268,56,0
485222,485232,485269,37,10
485214,485214,485268,54,0
485217,485217,485268,51,0
485218,485218,485269,51,0
485224,485236,485269,33,12
485213,485213,485268,55,0
485214,485214,485269,55,0
485222,485233,485270,37,11
485223,485234,485270,36,11
485224,485235,485269,34,11
485218,485218,485270,52,0
485217,485217,485271,54,0
485228,485240,485271,31,12
485216,485216,485271,55,0
485217,485217,485272,55,0
485222,485233,485272,39,11
485216,485216,485272,56,0
485216,485216,485272,56,0
485226,485236,485273,37,10
485225,485236,485273,37,11
485213,485213,485274,61,0
485227,485239,485274,35,12
485231,485245,485274,29,14
485224,485235,485275,40,11
485225,485236,485278,42,11
485221,485231,485279,48,10
485226,485237,485279,42,11
485231,485245,485281,36,14
485232,485245,485281,36,13
485231,485245,485282,37,14
485223,485234,485283,49,11
485226,485237,485283,46,11
485229,485242,485285,43,13
485228,485242,485287,45,14
485229,485243,485291,48,14
485197,485197,485312,115,0
485198,485198,485315,117,0
485205,485205,485317,112,0
485201,485201,485323,122,0
485201,485201,485324,123,0
485209,485209,485325,116,0
485215,485215,485333,118,0
485211,485211,485342,131,0
485205,485205,485343,138,0
485228,485240,485345,105,12
485211,485211,485353,142,0
485198,485198,485355,157,0
485221,485231,485369,138,10
485227,485239,485419,180,12
485206,485206,485447,241,0
485215,485215,485464,249,0
485220,485230,485482,252,10
485204,485204,485482,278,0
485213,485213,485492,279,0
485200,485200,485528,328,0
485230,485245,485604,359,15
485207,485207,485605,398,0
485216,485216,485606,390,0
485204,485204,485612,408,0
485205,485205,485624,419,0
485206,485206,485675,469,0
485195,485196,485693,497,1
485199,485199,485715,516,0
485200,485200,485721,521,0
485208,485208,485747,539,0
485194,485194,485775,581,0
485208,485208,485815,607,0
485198,485198,485883,685,0
485204,485204,485897,693,0
485207,485207,485899,692,0
485195,485195,485900,705,0
485213,485213,485905,692,0
485195,485195,485919,724,0
485211,485212,486070,858,1
485147,485149,486092,943,2
486091,486093,486125,32,2
485219,485219,486170,951,0
485212,485212,486205,993,0
485203,485203,486248,1045,0
485230,485244,486299,1055,14
485210,485210,486335,1125,0
485211,485211,486402,1191,0
485204,485204,486411,1207,0
485206,485206,486465,1259,0
486259,486261,486513,252,2
486512,486514,486517,3,2
485202,485202,486531,1329,0
485203,485203,486533,1330,0
485202,485202,486627,1425,0
485216,485216,486670,1454,0
485203,485203,486730,1527,0
485196,485196,486810,1614,0
485206,485206,486978,1772,0
485208,485208,487097,1889,0
485205,485205,487154,1949,0
485214,485214,487172,1958,0
485199,485199,487173,1974,0
485215,485215,487182,1967,0
485204,485204,487279,2075,0
485200,485200,487321,2121,0
485208,485208,487420,2212,0
485209,485209,487457,2248,0
486579,486580,487519,939,1
487518,487520,487553,33,2
485218,485218,487674,2456,0
485217,485217,487861,2644,0
487691,487693,487920,227,2
485213,485213,487922,2709,0
487919,487921,487928,7,2
485214,485214,488059,2845,0
485199,485199,488136,2937,0
485212,485213,488633,3420,1
485197,485197,488717,3520,0
487985,487987,488899,912,2
488898,488901,488931,30,3
489051,489053,489235,182,2
489234,489236,489239,3,2
489300,489301,490215,914,1
490214,490216,490246,30,2
490320,490320,490353,33,0
490319,490319,490354,35,0
490319,490319,490355,36,0
490319,490319,490356,37,0
490321,490321,490356,35,0
490321,490321,490356,35,0
490321,490321,490357,36,0
490319,490319,490357,38,0
490323,490323,490358,35,0
490322,490322,490358,36,0
490320,490320,490358,38,0
490324,490324,490359,35,0
490320,490320,490359,39,0
490321,490321,490360,39,0
490322,490322,490360,38,0
490323,490323,490360,37,0
490322,490322,490361,39,0
490325,490325,490362,37,0
490325,490325,490362,37,0
490325,490325,490363,38,0
490322,490322,490363,41,0
490322,490322,490363,41,0
490323,490323,490364,41,0
490324,490324,490366,42,0
490327,490327,490367,40,0
490320,490320,490367,47,0
490321,490321,490368,47,0
490326,490326,490367,41,0
490325,490325,490368,43,0
490323,490323,490367,44,0
490326,490326,490368,42,0
490326,490326,490368,42,0
490328,490328,490369,41,0
490324,490324,490369,45,0
490326,490326,490368,42,0
490326,490326,490369,43,0
490321,490321,490369,48,0
490324,490324,490370,46,0
490326,490326,490370,44,0
490330,490330,490371,41,0
490327,490327,490371,44,0
490331,490331,490372,41,0
490327,490327,490371,44,0
490327,490327,490372,45,0
490323,490323,490373,50,0
490321,490321,490372,51,0
490328,490328,490372,44,0
490329,490329,490373,44,0
490329,490329,490373,44,0
490332,490332,490373,41,0
490327,490327,490374,47,0
490329,490329,490375,46,0
490324,490324,490375,51,0
490331,490331,490376,45,0
490330,490330,490377,47,0
490331,490331,490376,45,0
490320,490320,490376,56,0
490330,490330,490378,48,0
490325,490325,490377,52,0
490331,490331,490378,47,0
490332,490332,490379,47,0
490331,490331,490379,48,0
490332,490333,490379,46,1
490330,490330,490380,50,0
490329,490329,490380,51,0
490333,490333,490382,49,0
490330,490331,490382,51,1
490333,490333,490382,49,0
490334,490334,490383,49,0
490325,490325,490384,59,0
490332,490332,490384,52,0
490334,490334,490386,52,0
490335,490335,490386,51,0
490337,490337,490386,49,0
490336,490336,490386,50,0
490332,490332,490387,55,0
490334,490334,490387,53,0
490336,490336,490388,52,0
490334,490334,490388,54,0
490342,490353,490388,35,11
490336,490336,490389,53,0
490339,490339,490388,49,0
490338,490338,490389,51,0
490334,490334,490389,55,0
490333,490333,490390,57,0
490338,490338,490390,52,0
490337,490337,490390,53,0
490337,490337,490389,52,0
490333,490333,490390,57,0
490339,490339,490391,52,0
490340,490340,490391,51,0
490338,490338,490391,53,0
490343,490355,490391,36,12
490337,490337,490392,55,0
490344,490357,490392,35,13
490340,490340,490391,51,0
490341,490341,490392,51,0
490338,490338,490392,54,0
490339,490339,490393,54,0
490344,490357,490392,35,13
490340,490340,490393,53,0
490341,490341,490392,51,0
490335,490335,490394,59,0
490341,490341,490394,53,0
490340,490340,490393,53,0
490341,490341,490394,53,0
490345,490358,490395,37,13
490340,490340,490395,55,0
490348,490361,490396,35,13
490346,490359,490396,37,13
490346,490360,490396,36,14
490336,490336,490397,61,0
490349,490363,490398,35,14
490351,490365,490398,33,14
490349,490363,490399,36,14
490346,490359,490400,41,13
490348,490361,490400,39,13
490345,490357,490401,44,12
490350,490364,490402,38,14
490348,490362,490402,40,14
490353,490368,490403,35,15
490351,490367,490403,36,16
490343,490356,490405,49,13
490347,490360,490405,45,13
490351,490367,490407,40,16
490347,490360,490409,49,13
490354,490369,490410,41,15
490353,490368,490415,47,15
490354,490368,490415,47,14
490352,490368,490416,48,16
490320,490320,490422,102,0
490324,490324,490422,98,0
490329,490329,490425,96,0
490327,490327,490430,103,0
490330,490330,490432,102,0
490335,490335,490432,97,0
490330,490330,490433,103,0
490337,490337,490434,97,0
490322,490322,490434,112,0
490336,490336,490435,99,0
490329,490329,490437,108,0
490324,490324,490438,114,0
490329,490329,490439,110,0
490327,490327,490439,112,0
490322,490322,490440,118,0
490333,490333,490440,107,0
490335,490335,490441,106,0
490331,490331,490442,111,0
490333,490333,490442,109,0
490328,490328,490443,115,0
490332,490332,490444,112,0
490339,490339,490444,105,0
490340,490341,490444,103,1
490334,490335,490445,110,1
490325,490325,490447,122,0
490333,490334,490449,115,1
490329,490329,490450,121,0
490332,490332,490452,120,0
490344,490357,490453,96,13
490339,490339,490454,115,0
490338,490338,490454,116,0
490330,490330,490457,127,0
490336,490336,490461,125,0
490353,490368,490464,96,15
490320,490320,490464,144,0
490350,490364,490465,101,14
490342,490342,490467,125,0
490328,490329,490469,140,1
490339,490339,490469,130,0
490322,490322,490481,159,0
490324,490324,490482,158,0
490325,490325,490494,169,0
490328,490328,490496,168,0
490326,490326,490498,172,0
490335,490335,490500,165,0
490328,490328,490507,179,0
490343,490356,490516,160,13
490332,490332,490527,195,0
490338,490338,490537,199,0
490327,490327,490539,212,0
490340,490340,490546,206,0
490320,490320,490546,226,0
490367,490368,490554,186,1
490553,490555,490563,8,2
490319,490319,490566,247,0
490326,490326,490643,317,0
490331,490331,490648,317,0
490319,490319,490690,371,0
490337,490337,490721,384,0
490328,490328,490865,537,0
490321,490321,490885,564,0
490323,490323,490894,571,0
490322,490322,491001,679,0
490352,490368,491072,704,16
490337,490338,491138,800,1
490618,490620,491489,869,2
490335,490335,491509,1174,0
491488,491490,491521,31,2
490341,490341,491585,1244,0
490349,490363,491720,1357,14
491639,491641,491820,179,2
491819,491822,491829,7,3
490332,490332,492063,1731,0
491885,491887,492716,829,2
492715,492717,492749,32,2
492866,492868,493073,205,2
493071,493074,493081,7,3
490323,490324,493374,3050,1
490328,490328,493973,3645,0
493141,493143,494030,887,2
494029,494031,494042,11,2
494186,494188,494417,229,2
494416,494419,494426,7,3
490323,490323,495325,5002,0
494484,494485,495417,932,1
495415,495418,495450,32,3
495576,495578,495772,194,2
495771,495773,495780,7,2
495840,495841,496813,972,1
496812,496815,496847,32,3
496982,496984,497169,185,2
497168,497170,497178,8,2
497075,497076,497469,393,1
497236,497238,498232,994,2
498231,498233,498245,12,2
498416,498418,498598,180,2
498596,498599,498606,7,3
498666,498667,499565,898,1
499564,499565,499598,33,1
499744,499745,499927,182,1
499926,499928,499936,8,2
500002,500004,500919,915,2
500918,500920,500952,32,2
501107,501109,501296,187,2
501295,501297,501304,7,2
501364,501366,502308,942,2
502307,502309,502340,31,2
502160,502161,502423,262,1
