submit_time,start_time,end_time,run_time,wait_time
358,360,385,25,2
387,388,518,130,1
517,519,525,6,2
575,576,1073,497,1
1072,1073,1099,26,1
1100,1102,1225,123,2
1224,1226,1232,6,2
1282,1284,1723,439,2
1722,1725,1750,25,3
1749,1752,1924,172,3
1923,1925,1926,1,2
1980,1982,2437,455,2
2436,2438,2464,26,2
2463,2467,2566,99,4
2565,2568,2574,6,3
2622,2624,3090,466,2
3089,3091,3117,26,2
42079,42081,42215,134,2
42214,42216,42217,1,2
42269,42271,42705,434,2
42704,42706,42731,25,2
42729,42733,42847,114,4
42845,42847,42854,7,2
42903,42905,43416,511,2
43415,43418,43424,6,3
43446,43448,43560,112,2
43559,43561,43567,6,2
43616,43617,44110,493,1
44109,44112,44138,26,3
44139,44140,44239,99,1
44238,44241,44247,6,3
44295,44296,44764,468,1
44763,44765,44790,25,2
44791,44793,44908,115,2
44907,44909,44915,6,2
44970,44971,45426,455,1
45425,45427,45452,25,2
45453,45454,45565,111,1
45563,45565,45571,6,2
45620,45621,46089,468,1
46087,46090,46116,26,3
46116,46118,46226,108,2
46225,46228,46234,6,3
46283,46284,46750,466,1
46749,46751,46776,25,2
46776,46778,46889,111,2
46888,46891,46897,6,3
46947,46949,47393,444,2
47392,47394,47419,25,2
47417,47421,47545,124,4
47544,47546,47552,6,2
47607,47609,48067,458,2
48066,48069,48094,25,3
48094,48096,48205,109,2
48204,48206,48212,6,2
48264,48265,48735,470,1
48734,48736,48762,26,2
48762,48765,48925,160,3
48924,48926,48932,6,2
48983,48984,49492,508,1
49491,49493,49519,26,2
49520,49522,49623,101,2
49622,49624,49630,6,2
49682,49683,50199,516,1
50197,50199,50225,26,2
50227,50229,50348,119,2
50347,50350,50356,6,3
50407,50408,50864,456,1
50863,50865,50892,27,2
50890,50893,51005,112,3
51004,51007,51013,6,3
51062,51064,51535,471,2
51533,51536,51561,25,3
51561,51563,51659,96,2
51658,51660,51662,2,2
51716,51718,52203,485,2
52201,52204,52230,26,3
85130,85132,85258,126,2
85257,85260,85266,6,3
85314,85315,85737,422,1
85736,85738,85764,26,2
85761,85766,85867,101,5
85866,85869,85875,6,3
85921,85923,86418,495,2
86416,86418,86445,27,2
86452,86453,86556,103,1
86555,86557,86563,6,2
86613,86615,87097,482,2
87096,87099,87125,26,3
87143,87145,87249,104,2
87247,87249,87256,7,2
87304,87305,87756,451,1
87755,87758,87783,25,3
87794,87796,87915,119,2
87914,87917,87923,6,3
87974,87975,88421,446,1
88420,88423,88428,5,3
88448,88449,88575,126,1
88574,88576,88582,6,2
88629,88631,89078,447,2
89077,89080,89105,25,3
89104,89107,89212,105,3
89211,89213,89219,6,2
89267,89269,89725,456,2
89724,89726,89732,6,2
89751,89752,89879,127,1
89877,89880,89881,1,3
89934,89936,90362,426,2
90361,90363,90388,25,2
90385,90391,90541,150,6
90540,90542,90543,1,2
90599,90600,91052,452,1
91051,91054,91079,25,3
91078,91082,91247,165,4
91246,91248,91254,6,2
91302,91304,91762,458,2
91761,91763,91769,6,2
91789,91791,91912,121,2
91911,91913,91914,1,2
91967,91968,92464,496,1
92462,92465,92471,6,3
92491,92492,92608,116,1
92607,92609,92615,6,2
92664,92666,93170,504,2
93169,93171,93197,26,2
93199,93201,93319,118,2
93318,93320,93326,6,2
93374,93376,93817,441,2
93816,93818,93843,25,2
93842,93846,93962,116,4
93961,93963,93969,6,2
94016,94018,94479,461,2
94478,94480,94506,26,2
94506,94509,94621,112,3
94620,94623,94624,1,3
94676,94677,95155,478,1
95154,95156,95182,26,2
148496,148496,148864,368,0
149544,149545,150178,633,1
219009,219009,219010,1,0
219010,219010,219011,1,0
219011,219011,219012,1,0
219012,219012,219013,1,0
219013,219013,219014,1,0
219014,219014,219015,1,0
219021,219021,219022,1,0
219022,219022,219023,1,0
219024,219024,219025,1,0
219026,219026,219027,1,0
219032,219032,219033,1,0
219034,219034,219035,1,0
219035,219035,219036,1,0
219041,219041,219042,1,0
219042,219042,219043,1,0
219045,219045,219046,1,0
219047,219047,219048,1,0
219049,219049,219050,1,0
219048,219048,219049,1,0
219051,219051,219052,1,0
219052,219052,219053,1,0
219056,219056,219057,1,0
219058,219058,219059,1,0
219060,219060,219061,1,0
219061,219061,219062,1,0
219063,219063,219064,1,0
219064,219064,219065,1,0
219067,219067,219068,1,0
218811,218812,219146,334,1
219386,219386,219387,1,0
237848,237849,238088,239,1
238275,238275,238503,228,0
238730,238730,238970,240,0
239372,239372,239980,608,0
496742,496744,496844,100,2
496843,496845,496852,7,2
496901,496902,497311,409,1
497310,497313,497338,25,3
497334,497340,497462,122,6
497461,497463,497469,6,2
497521,497523,498014,491,2
498013,498015,498041,26,2
498045,498046,498162,116,1
498161,498163,498169,6,2
498222,498223,498697,474,1
498695,498697,498723,26,2
498724,498726,498825,99,2
498824,498826,498827,1,2
498883,498885,499334,449,2
499333,499335,499361,26,2
499363,499365,499467,102,2
499466,499468,499469,1,2
499524,499526,499966,440,2
499965,499967,499992,25,2
499992,499995,500096,101,3
500095,500097,500104,7,2
500153,500155,500605,450,2
500603,500605,500631,26,2
500633,500635,500772,137,2
500771,500773,500780,7,2
500831,500832,501284,452,1
501283,501285,501311,26,2
501312,501313,501415,102,1
501414,501416,501422,6,2
501471,501473,501882,409,2
501881,501884,501909,25,3
501905,501911,502041,130,6
502040,502042,502048,6,2
502098,502100,502554,454,2
502553,502555,502580,25,2
502580,502582,502712,130,2
502710,502712,502718,6,2
502768,502769,503223,454,1
503222,503224,503251,27,2
503249,503253,503365,112,4
503364,503366,503372,6,2
503423,503425,503909,484,2
503908,503910,503937,27,2
503940,503942,504048,106,2
504046,504048,504054,6,2
504105,504106,504614,508,1
504613,504614,504640,26,1
504643,504644,504905,261,1
504904,504905,504907,2,1
504959,504961,505396,435,2
505395,505398,505423,25,3
505421,505425,505551,126,4
505550,505552,505558,6,2
505606,505608,506067,459,2
506066,506068,506094,26,2
506095,506096,506197,101,1
506196,506199,506205,6,3
506251,506253,506712,459,2
506711,506713,506739,26,2
559652,559654,559945,291,2
559944,559946,559953,7,2
561335,561336,561341,5,1
561335,561336,561341,5,1
561335,561336,561341,5,1
561335,561336,561341,5,1
561335,561336,561341,5,1
561335,561336,561341,5,1
561335,561336,561341,5,1
561335,561336,561341,5,1
561335,561336,561341,5,1
561335,561336,561341,5,1
561335,561336,561341,5,1
561335,561336,561341,5,1
561335,561336,561341,5,1
561335,561336,561341,5,1
561335,561336,561341,5,1
561335,561336,561341,5,1
561335,561336,561341,5,1
561335,561336,561341,5,1
561335,561336,561341,5,1
561335,561336,561341,5,1
561335,561336,561341,5,1
561335,561336,561341,5,1
561335,561336,561342,6,1
561335,561336,561342,6,1
561335,561336,561342,6,1
561335,561336,561342,6,1
561335,561336,561342,6,1
561335,561336,561342,6,1
561335,561336,561343,7,1
561335,561336,561342,6,1
561335,561336,561343,7,1
561335,561336,561343,7,1
561335,561336,561343,7,1
561335,561336,561343,7,1
561335,561336,561344,8,1
561335,561336,561344,8,1
561335,561336,561343,7,1
561335,561336,561344,8,1
561335,561336,561343,7,1
561335,561336,561344,8,1
561335,561336,561343,7,1
561335,561336,561344,8,1
561335,561336,561343,7,1
561335,561336,561344,8,1
561335,561336,561343,7,1
561335,561336,561343,7,1
561335,561336,561343,7,1
561335,561336,561343,7,1
561335,561336,561343,7,1
561335,561336,561344,8,1
561335,561336,561344,8,1
561335,561336,561344,8,1
561335,561336,561344,8,1
561335,561336,561344,8,1
561335,561336,561344,8,1
561335,561336,561344,8,1
561335,561336,561345,9,1
561335,561336,561344,8,1
561335,561336,561345,9,1
561335,561336,561345,9,1
561335,561336,561346,10,1
561335,561336,561345,9,1
561335,561336,561346,10,1
561335,561336,561345,9,1
561335,561336,561346,10,1
561335,561336,561346,10,1
561335,561342,561346,4,7
561335,561336,561345,9,1
561335,561341,561346,5,6
561335,561336,561345,9,1
561335,561336,561346,10,1
561335,561336,561345,9,1
561335,561336,561346,10,1
561335,561342,561346,4,7
561335,561336,561345,9,1
561335,561342,561346,4,7
561335,561336,561345,9,1
561335,561341,561346,5,6
561335,561336,561345,9,1
561335,561341,561346,5,6
561335,561336,561345,9,1
561335,561336,561345,9,1
561335,561341,561346,5,6
561335,561341,561345,4,6
561335,561336,561346,10,1
561335,561336,561347,11,1
561335,561336,561346,10,1
561335,561342,561347,5,7
561335,561342,561346,4,7
561335,561343,561346,3,8
561335,561336,561346,10,1
561335,561342,561347,5,7
561335,561342,561346,4,7
561335,561342,561347,5,7
561335,561342,561346,4,7
561335,561342,561346,4,7
561335,561342,561347,5,7
561335,561342,561347,5,7
561335,561343,561348,5,8
561335,561343,561348,5,8
561335,561343,561347,4,8
561335,561344,561348,4,9
561335,561343,561348,5,8
561335,561344,561347,3,9
561335,561343,561347,4,8
561335,561343,561347,4,8
561335,561342,561347,5,7
561335,561342,561348,6,7
561335,561343,561348,5,8
561335,561342,561347,5,7
561335,561342,561347,5,7
561335,561342,561347,5,7
561335,561344,561348,4,9
561335,561345,561349,4,10
561335,561344,561349,5,9
561335,561344,561348,4,9
561335,561344,561349,5,9
561335,561344,561348,4,9
561335,561344,561349,5,9
561335,561344,561349,5,9
561335,561344,561349,5,9
561335,561344,561349,5,9
561335,561344,561349,5,9
561335,561344,561349,5,9
561335,561344,561349,5,9
561335,561344,561349,5,9
561335,561344,561348,4,9
561335,561345,561350,5,10
561335,561345,561349,4,10
561335,561345,561350,5,10
561335,561345,561349,4,10
561335,561345,561349,4,10
561335,561344,561349,5,9
561335,561344,561349,5,9
561335,561345,561349,4,10
561335,561345,561350,5,10
561335,561344,561350,6,9
561335,561344,561349,5,9
561335,561346,561350,4,11
561335,561346,561351,5,11
561335,561346,561350,4,11
561335,561346,561351,5,11
561335,561346,561351,5,11
561335,561346,561350,4,11
561335,561346,561350,4,11
561335,561346,561351,5,11
561335,561346,561351,5,11
561335,561346,561351,5,11
561335,561346,561351,5,11
561335,561346,561351,5,11
561335,561346,561351,5,11
561335,561346,561350,4,11
561335,561346,561351,5,11
561335,561346,561350,4,11
561335,561346,561351,5,11
561335,561346,561351,5,11
561335,561346,561351,5,11
561335,561346,561352,6,11
561335,561348,561352,4,13
561335,561346,561351,5,11
561335,561346,561352,6,11
561335,561346,561352,6,11
561335,561346,561352,6,11
561335,561346,561351,5,11
561335,561346,561352,6,11
561335,561348,561352,4,13
561335,561347,561352,5,12
561335,561348,561352,4,13
561335,561348,561352,4,13
561335,561347,561352,5,12
561335,561347,561352,5,12
561335,561347,561352,5,12
561335,561347,561352,5,12
561335,561347,561352,5,12
561335,561348,561352,4,13
561335,561348,561352,4,13
561335,561348,561352,4,13
561335,561348,561353,5,13
561335,561348,561353,5,13
561335,561349,561353,4,14
561335,561349,561353,4,14
561335,561348,561353,5,13
561335,561348,561352,4,13
561335,561349,561353,4,14
561335,561349,561353,4,14
561335,561347,561352,5,12
561335,561349,561353,4,14
561335,561349,561353,4,14
561335,561347,561353,6,12
561335,561348,561352,4,13
561335,561347,561353,6,12
561335,561348,561353,5,13
561335,561348,561352,4,13
561335,561347,561352,5,12
561335,561347,561353,6,12
561335,561348,561353,5,13
561335,561349,561353,4,14
561335,561347,561353,6,12
561335,561348,561353,5,13
561335,561349,561353,4,14
561358,561358,561363,5,0
561358,561358,561363,5,0
561358,561358,561363,5,0
561358,561358,561363,5,0
561358,561358,561363,5,0
561358,561358,561363,5,0
561358,561358,561363,5,0
561358,561358,561363,5,0
561358,561358,561364,6,0
561358,561358,561363,5,0
561358,561358,561363,5,0
561358,561358,561364,6,0
561358,561358,561364,6,0
561358,561358,561364,6,0
561358,561358,561364,6,0
561358,561358,561363,5,0
561358,561358,561364,6,0
561358,561358,561363,5,0
561358,561358,561364,6,0
561358,561358,561363,5,0
561358,561358,561364,6,0
561358,561358,561364,6,0
561358,561358,561363,5,0
561358,561358,561364,6,0
561358,561358,561363,5,0
561358,561358,561364,6,0
561358,561358,561364,6,0
561358,561358,561365,7,0
561358,561358,561365,7,0
561358,561358,561365,7,0
561358,561358,561365,7,0
561358,561358,561364,6,0
561358,561358,561365,7,0
561358,561358,561366,8,0
561358,561358,561366,8,0
561358,561358,561366,8,0
561358,561358,561365,7,0
561358,561358,561366,8,0
561358,561358,561366,8,0
561358,561358,561366,8,0
561358,561358,561366,8,0
561358,561358,561366,8,0
561358,561358,561366,8,0
561358,561358,561366,8,0
561358,561358,561366,8,0
561358,561358,561366,8,0
561358,561358,561366,8,0
561358,561358,561366,8,0
561358,561358,561366,8,0
561358,561358,561366,8,0
561358,561358,561366,8,0
561358,561358,561366,8,0
561358,561358,561366,8,0
561358,561358,561366,8,0
561358,561358,561366,8,0
561358,561358,561366,8,0
561358,561358,561366,8,0
561358,561358,561367,9,0
561358,561358,561367,9,0
561358,561358,561367,9,0
561358,561358,561367,9,0
561358,561358,561368,10,0
561358,561358,561368,10,0
561358,561358,561368,10,0
561358,561358,561368,10,0
561358,561358,561368,10,0
561358,561358,561368,10,0
561358,561358,561368,10,0
561358,561358,561368,10,0
561358,561363,561368,5,5
561358,561358,561368,10,0
561358,561358,561368,10,0
561358,561363,561368,5,5
561358,561364,561369,5,6
561358,561358,561368,10,0
561358,561358,561368,10,0
561358,561364,561368,4,6
561358,561363,561368,5,5
561358,561364,561368,4,6
561358,561358,561368,10,0
561358,561358,561368,10,0
561358,561363,561368,5,5
561358,561358,561368,10,0
561358,561358,561368,10,0
561358,561363,561368,5,5
561358,561358,561368,10,0
561358,561363,561368,5,5
561358,561358,561368,10,0
561358,561358,561368,10,0
561358,561364,561369,5,6
561358,561364,561369,5,6
561358,561364,561369,5,6
561358,561364,561370,6,6
561358,561364,561370,6,6
561358,561364,561370,6,6
561358,561364,561370,6,6
561358,561366,561370,4,8
561358,561366,561370,4,8
561358,561364,561370,6,6
561358,561364,561370,6,6
561358,561365,561370,5,7
561358,561364,561370,6,6
561358,561364,561370,6,6
561358,561365,561370,5,7
561358,561364,561370,6,6
561358,561364,561370,6,6
561358,561365,561370,5,7
561358,561364,561370,6,6
561358,561365,561370,5,7
561358,561364,561370,6,6
561358,561364,561370,6,6
561358,561364,561370,6,6
561358,561366,561370,4,8
561358,561365,561370,5,7
561358,561366,561371,5,8
561358,561366,561371,5,8
561358,561366,561371,5,8
561358,561365,561371,6,7
561358,561365,561371,6,7
561358,561366,561372,6,8
561358,561367,561372,5,9
561358,561367,561372,5,9
561358,561367,561372,5,9
561358,561367,561372,5,9
561358,561367,561372,5,9
561358,561367,561372,5,9
561358,561367,561372,5,9
561358,561367,561372,5,9
561358,561367,561372,5,9
561358,561368,561373,5,10
561358,561369,561373,4,11
561358,561367,561372,5,9
561358,561367,561372,5,9
561358,561368,561372,4,10
561358,561367,561372,5,9
561358,561367,561372,5,9
561358,561367,561372,5,9
561358,561367,561372,5,9
561358,561368,561372,4,10
561358,561368,561373,5,10
561358,561369,561373,4,11
561358,561369,561373,4,11
561358,561369,561373,4,11
561358,561369,561373,4,11
561358,561369,561373,4,11
561358,561369,561373,4,11
561358,561367,561373,6,9
561358,561368,561373,5,10
561358,561369,561373,4,11
561358,561369,561374,5,11
561358,561369,561374,5,11
561358,561369,561374,5,11
561358,561369,561374,5,11
561358,561369,561375,6,11
561358,561369,561374,5,11
561358,561370,561375,5,12
561358,561369,561374,5,11
561358,561369,561374,5,11
561358,561369,561374,5,11
561358,561369,561375,6,11
561358,561369,561375,6,11
561358,561369,561374,5,11
561358,561369,561374,5,11
561358,561369,561374,5,11
561358,561369,561374,5,11
561358,561369,561374,5,11
561358,561369,561374,5,11
561358,561369,561374,5,11
561358,561369,561376,7,11
561358,561371,561376,5,13
561358,561371,561375,4,13
561358,561372,561376,4,14
561358,561369,561375,6,11
561358,561371,561375,4,13
561358,561371,561376,5,13
561358,561370,561375,5,12
561358,561371,561376,5,13
561358,561371,561376,5,13
561358,561372,561375,3,14
561358,561371,561375,4,13
561358,561371,561376,5,13
561358,561371,561375,4,13
561358,561371,561376,5,13
561358,561372,561376,4,14
561358,561371,561376,5,13
561358,561371,561377,6,13
561358,561371,561376,5,13
561358,561370,561376,6,12
561358,561371,561377,6,13
561358,561371,561376,5,13
561358,561371,561376,5,13
561358,561371,561376,5,13
561358,561371,561376,5,13
561358,561372,561376,4,14
561358,561371,561376,5,13
561358,561371,561376,5,13
561358,561371,561376,5,13
561358,561371,561376,5,13
561358,561372,561376,4,14
561358,561373,561377,4,15
561382,561382,561386,4,0
561382,561382,561387,5,0
561382,561382,561386,4,0
561382,561382,561387,5,0
561382,561382,561386,4,0
561382,561382,561386,4,0
561382,561382,561386,4,0
561382,561382,561387,5,0
561382,561382,561387,5,0
561382,561382,561388,6,0
561382,561382,561387,5,0
561382,561382,561387,5,0
561382,561382,561387,5,0
561382,561382,561388,6,0
561382,561382,561388,6,0
561382,561382,561388,6,0
561382,561382,561388,6,0
561382,561382,561389,7,0
561382,561382,561389,7,0
561382,561382,561388,6,0
561382,561382,561388,6,0
561382,561382,561388,6,0
561382,561382,561388,6,0
561382,561382,561388,6,0
561382,561382,561388,6,0
561382,561382,561388,6,0
561382,561382,561388,6,0
561382,561382,561388,6,0
561382,561382,561388,6,0
561382,561382,561388,6,0
561382,561382,561388,6,0
561382,561382,561389,7,0
561382,561382,561389,7,0
561382,561382,561389,7,0
561382,561382,561388,6,0
561382,561382,561389,7,0
561382,561382,561389,7,0
561382,561382,561389,7,0
561382,561382,561389,7,0
561382,561382,561389,7,0
561382,561382,561389,7,0
561382,561382,561389,7,0
561382,561382,561389,7,0
561382,561382,561389,7,0
561382,561382,561389,7,0
561382,561382,561389,7,0
561382,561382,561389,7,0
561382,561382,561389,7,0
561382,561382,561390,8,0
561382,561382,561390,8,0
561382,561382,561390,8,0
561382,561382,561391,9,0
561382,561382,561390,8,0
561382,561382,561390,8,0
561382,561382,561390,8,0
561382,561382,561390,8,0
561382,561382,561390,8,0
561382,561382,561390,8,0
561382,561382,561390,8,0
561382,561382,561390,8,0
561382,561382,561390,8,0
561382,561382,561390,8,0
561382,561382,561391,9,0
561382,561382,561390,8,0
561382,561382,561390,8,0
561382,561382,561390,8,0
561382,561382,561390,8,0
561382,561382,561390,8,0
561382,561382,561390,8,0
561382,561382,561390,8,0
561382,561382,561390,8,0
561382,561382,561390,8,0
561382,561382,561390,8,0
561382,561382,561391,9,0
561382,561382,561390,8,0
561382,561382,561390,8,0
561382,561382,561391,9,0
561382,561382,561391,9,0
561382,561382,561391,9,0
561382,561382,561391,9,0
561382,561387,561392,5,5
561382,561388,561391,3,6
561382,561388,561392,4,6
561382,561388,561393,5,6
561382,561388,561392,4,6
561382,561388,561393,5,6
561382,561388,561393,5,6
561382,561387,561393,6,5
561382,561387,561392,5,5
561382,561387,561393,6,5
561382,561388,561393,5,6
561382,561388,561393,5,6
561382,561389,561393,4,7
561382,561387,561392,5,5
561382,561387,561393,6,5
561382,561387,561393,6,5
561382,561388,561393,5,6
561382,561389,561394,5,7
561382,561389,561394,5,7
561382,561389,561394,5,7
561382,561389,561393,4,7
561382,561389,561394,5,7
561382,561390,561394,4,8
561382,561389,561394,5,7
561382,561389,561394,5,7
561382,561389,561394,5,7
561382,561389,561394,5,7
561382,561389,561394,5,7
561382,561389,561393,4,7
561382,561389,561393,4,7
561382,561389,561394,5,7
561382,561389,561394,5,7
561382,561391,561395,4,9
561382,561391,561395,4,9
561382,561391,561395,4,9
561382,561390,561394,4,8
561382,561390,561394,4,8
561382,561390,561394,4,8
561382,561390,561395,5,8
561382,561390,561395,5,8
561382,561390,561395,5,8
561382,561389,561395,6,7
561382,561389,561394,5,7
561382,561390,561394,4,8
561382,561389,561395,6,7
561382,561389,561394,5,7
561382,561390,561395,5,8
561382,561390,561395,5,8
561382,561389,561394,5,7
561382,561390,561395,5,8
561382,561390,561394,4,8
561382,561391,561395,4,9
561382,561391,561395,4,9
561382,561391,561396,5,9
561382,561391,561396,5,9
561382,561391,561396,5,9
561382,561391,561395,4,9
561382,561391,561396,5,9
561382,561390,561395,5,8
561382,561391,561396,5,9
561382,561391,561396,5,9
561382,561391,561396,5,9
561382,561392,561396,4,10
561382,561392,561396,4,10
561382,561391,561397,6,9
561382,561391,561397,6,9
561382,561391,561397,6,9
561382,561391,561397,6,9
561382,561393,561397,4,11
561382,561391,561396,5,9
561382,561391,561396,5,9
561382,561392,561397,5,10
561382,561392,561397,5,10
561382,561391,561397,6,9
561382,561391,561397,6,9
561382,561391,561397,6,9
561382,561392,561396,4,10
561382,561392,561397,5,10
561382,561391,561397,6,9
561382,561393,561398,5,11
561382,561393,561397,4,11
561382,561391,561398,7,9
561382,561391,561398,7,9
561382,561393,561398,5,11
561382,561394,561398,4,12
561382,561393,561398,5,11
561382,561393,561398,5,11
561382,561393,561398,5,11
561382,561393,561398,5,11
561382,561393,561397,4,11
561382,561393,561398,5,11
561382,561393,561398,5,11
561382,561394,561398,4,12
561382,561391,561398,7,9
561382,561393,561398,5,11
561382,561393,561398,5,11
561382,561391,561397,6,9
561382,561393,561398,5,11
561382,561394,561399,5,12
561382,561394,561399,5,12
561382,561394,561399,5,12
561382,561395,561399,4,13
561382,561394,561399,5,12
561382,561394,561399,5,12
561382,561394,561399,5,12
561382,561395,561399,4,13
561382,561395,561400,5,13
561382,561395,561400,5,13
561382,561395,561400,5,13
561382,561395,561399,4,13
561382,561395,561399,4,13
561382,561394,561400,6,12
561382,561394,561399,5,12
561382,561394,561400,6,12
561382,561394,561400,6,12
561382,561394,561400,6,12
561382,561394,561400,6,12
561382,561394,561400,6,12
561382,561394,561399,5,12
561382,561395,561400,5,13
561404,561404,561409,5,0
561404,561404,561409,5,0
561404,561404,561409,5,0
561404,561404,561409,5,0
561404,561404,561409,5,0
561404,561404,561409,5,0
561404,561404,561410,6,0
561404,561404,561410,6,0
561404,561404,561410,6,0
561404,561404,561410,6,0
561404,561404,561410,6,0
561404,561404,561410,6,0
561404,561404,561410,6,0
561404,561404,561410,6,0
561404,561404,561410,6,0
561404,561404,561410,6,0
561404,561404,561410,6,0
561404,561404,561410,6,0
561404,561404,561410,6,0
561404,561404,561410,6,0
561404,561404,561410,6,0
561404,561404,561410,6,0
561404,561404,561410,6,0
561404,561404,561410,6,0
561404,561404,561410,6,0
561404,561404,561410,6,0
561404,561404,561410,6,0
561404,561404,561410,6,0
561404,561404,561410,6,0
561404,561404,561410,6,0
561404,561404,561410,6,0
561404,561404,561410,6,0
561404,561404,561410,6,0
561404,561404,561410,6,0
561404,561404,561411,7,0
561404,561404,561411,7,0
561404,561404,561411,7,0
561404,561404,561411,7,0
561404,561404,561411,7,0
561404,561404,561411,7,0
561404,561404,561411,7,0
561404,561404,561411,7,0
561404,561404,561411,7,0
561404,561404,561413,9,0
561404,561404,561412,8,0
561404,561404,561412,8,0
561404,561404,561413,9,0
561404,561404,561412,8,0
561404,561404,561413,9,0
561404,561405,561413,8,1
561404,561404,561413,9,0
561404,561404,561413,9,0
561404,561404,561413,9,0
561404,561404,561413,9,0
561404,561404,561413,9,0
561404,561404,561413,9,0
561404,561404,561413,9,0
561404,561404,561413,9,0
561404,561405,561413,8,1
561404,561404,561413,9,0
561404,561404,561413,9,0
561404,561404,561413,9,0
561404,561404,561413,9,0
561404,561404,561413,9,0
561404,561404,561413,9,0
561404,561405,561413,8,1
561404,561404,561413,9,0
561404,561404,561413,9,0
561404,561405,561413,8,1
561404,561404,561413,9,0
561404,561404,561413,9,0
561404,561404,561413,9,0
561404,561404,561413,9,0
561404,561404,561413,9,0
561404,561405,561413,8,1
561404,561410,561414,4,6
561404,561404,561413,9,0
561404,561404,561413,9,0
561404,561404,561413,9,0
561404,561404,561413,9,0
561404,561405,561413,8,1
561404,561410,561414,4,6
561404,561410,561414,4,6
561404,561410,561414,4,6
561404,561411,561416,5,7
561404,561411,561416,5,7
561404,561411,561415,4,7
561404,561410,561415,5,6
561404,561410,561415,5,6
561404,561411,561416,5,7
561404,561411,561416,5,7
561404,561411,561416,5,7
561404,561411,561417,6,7
561404,561411,561417,6,7
561404,561411,561416,5,7
561404,561413,561417,4,9
561404,561411,561417,6,7
561404,561411,561416,5,7
561404,561412,561416,4,8
561404,561411,561417,6,7
561404,561411,561417,6,7
561404,561411,561417,6,7
561404,561411,561417,6,7
561404,561411,561417,6,7
561404,561412,561417,5,8
561404,561413,561417,4,9
561404,561412,561417,5,8
561404,561411,561417,6,7
561404,561411,561416,5,7
561404,561413,561417,4,9
561404,561413,561417,4,9
561404,561411,561416,5,7
561404,561412,561416,4,8
561404,561411,561417,6,7
561404,561412,561417,5,8
561404,561412,561417,5,8
561404,561413,561417,4,9
561404,561414,561417,3,10
561404,561411,561417,6,7
561404,561411,561417,6,7
561404,561414,561418,4,10
561404,561411,561417,6,7
561404,561411,561417,6,7
561404,561411,561417,6,7
561404,561411,561417,6,7
561404,561412,561417,5,8
561404,561413,561417,4,9
561404,561411,561417,6,7
561404,561411,561417,6,7
561404,561412,561417,5,8
561404,561413,561417,4,9
561404,561414,561419,5,10
561404,561414,561418,4,10
561404,561414,561418,4,10
561404,561414,561418,4,10
561404,561414,561419,5,10
561404,561414,561419,5,10
561404,561414,561418,4,10
561404,561414,561418,4,10
561404,561414,561418,4,10
561404,561414,561419,5,10
561404,561414,561418,4,10
561404,561414,561419,5,10
561404,561412,561418,6,8
561404,561414,561419,5,10
561404,561414,561419,5,10
561404,561414,561420,6,10
561404,561414,561420,6,10
561404,561414,561419,5,10
561404,561414,561419,5,10
561404,561414,561420,6,10
561404,561414,561419,5,10
561404,561414,561419,5,10
561404,561414,561419,5,10
561404,561414,561420,6,10
561404,561415,561419,4,11
561404,561414,561420,6,10
561404,561414,561419,5,10
561404,561414,561419,5,10
561404,561415,561420,5,11
561404,561416,561420,4,12
561404,561415,561420,5,11
561404,561414,561420,6,10
561404,561414,561420,6,10
561404,561417,561421,4,13
561404,561416,561420,4,12
561404,561416,561420,4,12
561404,561416,561421,5,12
561404,561414,561421,7,10
561404,561416,561420,4,12
561404,561416,561421,5,12
561404,561416,561420,4,12
561404,561417,561421,4,13
561404,561417,561421,4,13
561404,561417,561421,4,13
561404,561417,561421,4,13
561404,561417,561421,4,13
561404,561417,561422,5,13
561404,561417,561422,5,13
561404,561417,561422,5,13
561404,561418,561422,4,14
561404,561418,561422,4,14
561404,561418,561423,5,14
561404,561418,561422,4,14
561404,561418,561422,4,14
561404,561418,561423,5,14
561404,561418,561422,4,14
561404,561417,561423,6,13
561404,561417,561422,5,13
561404,561417,561422,5,13
561404,561417,561423,6,13
561404,561417,561423,6,13
561404,561417,561423,6,13
561404,561417,561422,5,13
561404,561417,561422,5,13
561404,561417,561422,5,13
561404,561417,561423,6,13
561404,561417,561423,6,13
561404,561417,561423,6,13
561404,561417,561423,6,13
561427,561427,561432,5,0
561427,561427,561432,5,0
561427,561427,561432,5,0
561427,561427,561432,5,0
561427,561427,561433,6,0
561427,561427,561433,6,0
561427,561427,561432,5,0
561427,561427,561432,5,0
561427,561427,561433,6,0
561427,561427,561433,6,0
561427,561427,561433,6,0
561427,561427,561433,6,0
561427,561427,561433,6,0
561427,561427,561433,6,0
561427,561427,561433,6,0
561427,561427,561433,6,0
561427,561427,561433,6,0
561427,561427,561432,5,0
561427,561427,561433,6,0
561427,561427,561433,6,0
561427,561427,561433,6,0
561427,561427,561433,6,0
561427,561427,561432,5,0
561427,561427,561433,6,0
561427,561427,561433,6,0
561427,561427,561433,6,0
561427,561427,561432,5,0
561427,561427,561433,6,0
561427,561427,561434,7,0
561427,561427,561434,7,0
561427,561427,561434,7,0
561427,561427,561433,6,0
561427,561427,561434,7,0
561427,561427,561434,7,0
561427,561427,561433,6,0
561427,561427,561434,7,0
561427,561427,561433,6,0
561427,561427,561433,6,0
561427,561427,561433,6,0
561427,561427,561435,8,0
561427,561427,561435,8,0
561427,561427,561435,8,0
561427,561427,561435,8,0
561427,561427,561435,8,0
561427,561427,561435,8,0
561427,561427,561435,8,0
561427,561427,561435,8,0
561427,561427,561435,8,0
561427,561427,561435,8,0
561427,561427,561435,8,0
561427,561427,561435,8,0
561427,561427,561435,8,0
561427,561427,561435,8,0
561427,561427,561435,8,0
561427,561427,561435,8,0
561427,561427,561435,8,0
561427,561427,561435,8,0
561427,561427,561436,9,0
561427,561427,561436,9,0
561427,561427,561436,9,0
561427,561427,561436,9,0
561427,561427,561436,9,0
561427,561427,561436,9,0
561427,561427,561436,9,0
561427,561428,561436,8,1
561427,561427,561436,9,0
561427,561427,561436,9,0
561427,561427,561436,9,0
561427,561427,561436,9,0
561427,561427,561436,9,0
561427,561427,561436,9,0
561427,561427,561436,9,0
561427,561427,561436,9,0
561427,561428,561436,8,1
561427,561427,561436,9,0
561427,561427,561436,9,0
561427,561427,561436,9,0
561427,561427,561437,10,0
561427,561428,561437,9,1
561427,561432,561436,4,5
561427,561432,561437,5,5
561427,561428,561437,9,1
561427,561433,561438,5,6
561427,561433,561438,5,6
561427,561433,561439,6,6
561427,561433,561439,6,6
561427,561433,561439,6,6
561427,561433,561439,6,6
561427,561433,561439,6,6
561427,561433,561439,6,6
561427,561433,561439,6,6
561427,561433,561439,6,6
561427,561435,561440,5,8
561427,561433,561439,6,6
561427,561433,561439,6,6
561427,561433,561439,6,6
561427,561433,561439,6,6
561427,561433,561440,7,6
561427,561433,561439,6,6
561427,561435,561440,5,8
561427,561433,561439,6,6
561427,561433,561439,6,6
561427,561433,561439,6,6
561427,561433,561440,7,6
561427,561435,561440,5,8
561427,561435,561440,5,8
561427,561436,561441,5,9
561427,561436,561441,5,9
561427,561436,561440,4,9
561427,561436,561440,4,9
561427,561437,561440,3,10
561427,561433,561440,7,6
561427,561435,561440,5,8
561427,561435,561440,5,8
561427,561435,561441,6,8
561427,561433,561440,7,6
561427,561435,561440,5,8
561427,561435,561440,5,8
561427,561436,561440,4,9
561427,561435,561440,5,8
561427,561435,561440,5,8
561427,561436,561441,5,9
561427,561436,561440,4,9
561427,561436,561440,4,9
561427,561433,561440,7,6
561427,561435,561440,5,8
561427,561436,561441,5,9
561427,561436,561441,5,9
561427,561436,561440,4,9
561427,561433,561441,8,6
561427,561436,561440,4,9
561427,561436,561440,4,9
561427,561436,561441,5,9
561427,561433,561440,7,6
561427,561436,561441,5,9
561427,561436,561440,4,9
561427,561436,561441,5,9
561427,561436,561440,4,9
561427,561437,561441,4,10
561427,561437,561441,4,10
561427,561437,561442,5,10
561427,561437,561441,4,10
561427,561437,561441,4,10
561427,561438,561441,3,11
561427,561437,561442,5,10
561427,561437,561441,4,10
561427,561437,561442,5,10
561427,561437,561441,4,10
561427,561437,561442,5,10
561427,561437,561441,4,10
561427,561437,561442,5,10
561427,561437,561441,4,10
561427,561438,561441,3,11
561427,561437,561441,4,10
561427,561437,561441,4,10
561427,561437,561443,6,10
561427,561437,561442,5,10
561427,561439,561442,3,12
561427,561437,561442,5,10
561427,561437,561442,5,10
561427,561437,561442,5,10
561427,561437,561443,6,10
561427,561437,561443,6,10
561427,561439,561443,4,12
561427,561439,561443,4,12
561427,561440,561443,3,13
561427,561440,561444,4,13
561427,561440,561444,4,13
561427,561440,561444,4,13
561427,561440,561444,4,13
561427,561440,561444,4,13
561427,561440,561444,4,13
561427,561440,561444,4,13
561427,561440,561444,4,13
561427,561440,561445,5,13
561427,561440,561444,4,13
561427,561440,561444,4,13
561427,561440,561444,4,13
561427,561440,561445,5,13
561427,561440,561444,4,13
561427,561439,561444,5,12
561427,561439,561444,5,12
561427,561441,561445,4,14
561427,561441,561446,5,14
561427,561440,561445,5,13
561427,561441,561445,4,14
561427,561441,561445,4,14
561427,561441,561446,5,14
561427,561441,561445,4,14
561427,561440,561445,5,13
561427,561440,561445,5,13
561427,561441,561445,4,14
561427,561441,561445,4,14
561427,561441,561445,4,14
561427,561441,561445,4,14
561427,561441,561446,5,14
561427,561441,561446,5,14
561427,561441,561446,5,14
561427,561441,561446,5,14
561427,561440,561446,6,13
561451,561451,561456,5,0
561451,561451,561456,5,0
561451,561451,561456,5,0
561451,561451,561457,6,0
561451,561451,561456,5,0
561451,561451,561457,6,0
561451,561451,561457,6,0
561451,561451,561456,5,0
561451,561451,561457,6,0
561451,561451,561457,6,0
561451,561451,561456,5,0
561451,561451,561457,6,0
561451,561451,561457,6,0
561451,561451,561456,5,0
561451,561451,561456,5,0
561451,561451,561457,6,0
561451,561451,561457,6,0
561451,561451,561457,6,0
561451,561451,561456,5,0
561451,561451,561457,6,0
561451,561451,561457,6,0
561451,561451,561456,5,0
561451,561451,561457,6,0
561451,561451,561458,7,0
561451,561451,561457,6,0
561451,561451,561457,6,0
561451,561451,561457,6,0
561451,561451,561457,6,0
561451,561451,561457,6,0
561451,561451,561457,6,0
561451,561451,561458,7,0
561451,561451,561457,6,0
561451,561451,561457,6,0
561451,561451,561458,7,0
561451,561451,561458,7,0
561451,561451,561458,7,0
561451,561451,561458,7,0
561451,561451,561459,8,0
561451,561451,561458,7,0
561451,561451,561458,7,0
561451,561451,561458,7,0
561451,561451,561458,7,0
561451,561451,561458,7,0
561451,561451,561458,7,0
561451,561451,561458,7,0
561451,561451,561458,7,0
561451,561451,561459,8,0
561451,561451,561458,7,0
561451,561451,561458,7,0
561451,561451,561458,7,0
561451,561451,561459,8,0
561451,561451,561459,8,0
561451,561451,561458,7,0
561451,561451,561458,7,0
561451,561451,561458,7,0
561451,561451,561459,8,0
561451,561451,561458,7,0
561451,561451,561458,7,0
561451,561451,561458,7,0
561451,561451,561459,8,0
561451,561451,561459,8,0
561451,561451,561459,8,0
561451,561451,561459,8,0
561451,561451,561459,8,0
561451,561451,561459,8,0
561451,561451,561460,9,0
561451,561451,561459,8,0
561451,561451,561460,9,0
561451,561451,561460,9,0
561451,561451,561460,9,0
561451,561451,561460,9,0
561451,561451,561461,10,0
561451,561456,561461,5,5
561451,561451,561461,10,0
561451,561451,561461,10,0
561451,561451,561461,10,0
561451,561451,561461,10,0
561451,561451,561461,10,0
561451,561451,561461,10,0
561451,561456,561461,5,5
561451,561451,561461,10,0
561451,561457,561462,5,6
561451,561457,561461,4,6
561451,561457,561462,5,6
561451,561451,561461,10,0
561451,561457,561462,5,6
561451,561457,561462,5,6
561451,561457,561462,5,6
561451,561457,561462,5,6
561451,561457,561462,5,6
561451,561457,561463,6,6
561451,561457,561463,6,6
561451,561457,561463,6,6
561451,561459,561463,4,8
561451,561457,561463,6,6
561451,561457,561463,6,6
561451,561457,561463,6,6
561451,561458,561463,5,7
561451,561457,561463,6,6
561451,561458,561462,4,7
561451,561458,561463,5,7
561451,561458,561463,5,7
561451,561457,561463,6,6
561451,561457,561463,6,6
561451,561457,561463,6,6
561451,561458,561463,5,7
561451,561457,561462,5,6
561451,561458,561463,5,7
561451,561457,561463,6,6
561451,561458,561463,5,7
561451,561458,561463,5,7
561451,561459,561464,5,8
561451,561457,561463,6,6
561451,561459,561463,4,8
561451,561459,561463,4,8
561451,561459,561463,4,8
561451,561459,561464,5,8
561451,561459,561464,5,8
561451,561459,561464,5,8
561451,561459,561464,5,8
561451,561459,561465,6,8
561451,561458,561464,6,7
561451,561459,561464,5,8
561451,561459,561465,6,8
561451,561459,561465,6,8
561451,561459,561465,6,8
561451,561458,561464,6,7
561451,561459,561464,5,8
561451,561458,561465,7,7
561451,561459,561464,5,8
561451,561459,561464,5,8
561451,561461,561465,4,10
561451,561460,561465,5,9
561451,561460,561465,5,9
561451,561460,561465,5,9
561451,561461,561465,4,10
561451,561461,561465,4,10
561451,561460,561465,5,9
561451,561460,561465,5,9
561451,561460,561465,5,9
561451,561459,561465,6,8
561451,561459,561465,6,8
561451,561459,561465,6,8
561451,561459,561465,6,8
561451,561459,561465,6,8
561451,561460,561465,5,9
561451,561459,561465,6,8
561451,561459,561465,6,8
561451,561459,561465,6,8
561451,561459,561465,6,8
561451,561459,561465,6,8
561451,561460,561465,5,9
561451,561461,561466,5,10
561451,561461,561465,4,10
561451,561461,561466,5,10
561451,561461,561466,5,10
561451,561461,561466,5,10
561451,561461,561466,5,10
561451,561461,561466,5,10
561451,561461,561466,5,10
561451,561461,561466,5,10
561451,561462,561467,5,11
561451,561463,561467,4,12
561451,561462,561467,5,11
561451,561462,561467,5,11
561451,561462,561467,5,11
561451,561464,561467,3,13
561451,561462,561468,6,11
561451,561463,561467,4,12
561451,561464,561467,3,13
561451,561462,561467,5,11
561451,561462,561467,5,11
561451,561462,561467,5,11
561451,561463,561468,5,12
561451,561464,561468,4,13
561451,561463,561468,5,12
561451,561464,561468,4,13
561451,561464,561468,4,13
561451,561464,561469,5,13
561451,561464,561468,4,13
561451,561464,561468,4,13
561451,561464,561468,4,13
561451,561464,561468,4,13
561451,561464,561469,5,13
561451,561464,561469,5,13
561451,561464,561469,5,13
561451,561464,561469,5,13
561451,561464,561469,5,13
561451,561464,561469,5,13
561451,561464,561469,5,13
561451,561464,561469,5,13
561451,561464,561469,5,13
561451,561464,561469,5,13
561451,561464,561469,5,13
561451,561465,561470,5,14
561451,561465,561469,4,14
561451,561464,561470,6,13
561451,561464,561470,6,13
561451,561464,561470,6,13
561451,561464,561470,6,13
561475,561475,561479,4,0
561475,561475,561479,4,0
561475,561475,561480,5,0
561475,561475,561480,5,0
561475,561475,561481,6,0
561475,561475,561480,5,0
561475,561475,561481,6,0
561475,561475,561480,5,0
561475,561475,561481,6,0
561475,561475,561480,5,0
561475,561475,561481,6,0
561475,561475,561481,6,0
561475,561475,561481,6,0
561475,561475,561480,5,0
561475,561475,561481,6,0
561475,561475,561481,6,0
561475,561475,561481,6,0
561475,561475,561480,5,0
561475,561475,561480,5,0
561475,561475,561481,6,0
561475,561475,561480,5,0
561475,561475,561481,6,0
561475,561475,561480,5,0
561475,561475,561481,6,0
561475,561475,561482,7,0
561475,561475,561481,6,0
561475,561475,561482,7,0
561475,561475,561481,6,0
561475,561475,561482,7,0
561475,561475,561482,7,0
561475,561475,561481,6,0
561475,561475,561481,6,0
561475,561475,561482,7,0
561475,561475,561482,7,0
561475,561475,561483,8,0
561475,561475,561482,7,0
561475,561475,561482,7,0
561475,561475,561482,7,0
561475,561475,561482,7,0
561475,561475,561483,8,0
561475,561475,561482,7,0
561475,561475,561482,7,0
561475,561475,561483,8,0
561475,561475,561482,7,0
561475,561475,561482,7,0
561475,561475,561482,7,0
561475,561475,561482,7,0
561475,561475,561482,7,0
561475,561475,561483,8,0
561475,561475,561482,7,0
561475,561475,561482,7,0
561475,561475,561483,8,0
561475,561475,561482,7,0
561475,561475,561483,8,0
561475,561475,561482,7,0
561475,561475,561482,7,0
561475,561475,561482,7,0
561475,561475,561482,7,0
561475,561475,561482,7,0
561475,561475,561482,7,0
561475,561475,561483,8,0
561475,561475,561482,7,0
561475,561475,561483,8,0
561475,561475,561483,8,0
561475,561475,561483,8,0
561475,561475,561483,8,0
561475,561475,561484,9,0
561475,561475,561483,8,0
561475,561475,561484,9,0
561475,561475,561483,8,0
561475,561475,561483,8,0
561475,561475,561483,8,0
561475,561475,561484,9,0
561475,561475,561484,9,0
561475,561475,561483,8,0
561475,561475,561484,9,0
561475,561475,561483,8,0
561475,561475,561483,8,0
561475,561475,561483,8,0
561475,561475,561485,10,0
561475,561480,561485,5,5
561475,561480,561486,6,5
561475,561481,561486,5,6
561475,561481,561486,5,6
561475,561480,561486,6,5
561475,561480,561486,6,5
561475,561481,561486,5,6
561475,561481,561486,5,6
561475,561481,561486,5,6
561475,561481,561486,5,6
561475,561481,561487,6,6
561475,561481,561487,6,6
561475,561481,561486,5,6
561475,561481,561487,6,6
561475,561482,561486,4,7
561475,561481,561487,6,6
561475,561481,561487,6,6
561475,561481,561487,6,6
561475,561481,561486,5,6
561475,561481,561486,5,6
561475,561481,561487,6,6
561475,561481,561486,5,6
561475,561482,561487,5,7
561475,561482,561487,5,7
561475,561483,561487,4,8
561475,561482,561487,5,7
561475,561482,561487,5,7
561475,561482,561487,5,7
561475,561482,561487,5,7
561475,561481,561487,6,6
561475,561482,561487,5,7
561475,561481,561487,6,6
561475,561483,561487,4,8
561475,561482,561488,6,7
561475,561483,561488,5,8
561475,561483,561489,6,8
561475,561483,561489,6,8
561475,561483,561489,6,8
561475,561483,561489,6,8
561475,561483,561489,6,8
561475,561483,561488,5,8
561475,561483,561489,6,8
561475,561483,561488,5,8
561475,561483,561489,6,8
561475,561483,561488,5,8
561475,561484,561489,5,9
561475,561483,561489,6,8
561475,561483,561489,6,8
561475,561483,561489,6,8
561475,561483,561489,6,8
561475,561483,561489,6,8
561475,561483,561488,5,8
561475,561483,561488,5,8
561475,561483,561489,6,8
561475,561483,561488,5,8
561475,561483,561489,6,8
561475,561483,561489,6,8
561475,561483,561489,6,8
561475,561483,561488,5,8
561475,561483,561488,5,8
561475,561484,561489,5,9
561475,561483,561488,5,8
561475,561484,561490,6,9
561475,561484,561490,6,9
561475,561483,561489,6,8
561475,561483,561490,7,8
561475,561484,561490,6,9
561475,561484,561490,6,9
561475,561484,561490,6,9
561475,561484,561490,6,9
561475,561484,561490,6,9
561475,561485,561490,5,10
561475,561485,561490,5,10
561475,561484,561490,6,9
561475,561484,561490,6,9
561475,561484,561490,6,9
561475,561484,561490,6,9
561475,561484,561490,6,9
561475,561484,561491,7,9
561475,561484,561491,7,9
561475,561486,561491,5,11
561475,561486,561491,5,11
561475,561487,561491,4,12
561475,561486,561491,5,11
561475,561487,561491,4,12
561475,561487,561491,4,12
561475,561486,561491,5,11
561475,561484,561491,7,9
561475,561486,561491,5,11
561475,561486,561491,5,11
561475,561487,561492,5,12
561475,561487,561492,5,12
561475,561487,561492,5,12
561475,561487,561492,5,12
561475,561486,561491,5,11
561475,561487,561492,5,12
561475,561487,561492,5,12
561475,561487,561492,5,12
561475,561487,561492,5,12
561475,561486,561492,6,11
561475,561487,561492,5,12
561475,561487,561492,5,12
561475,561487,561492,5,12
561475,561487,561492,5,12
561475,561486,561492,6,11
561475,561487,561492,5,12
561475,561487,561492,5,12
561475,561488,561493,5,13
561475,561487,561493,6,12
561475,561487,561493,6,12
561475,561487,561493,6,12
561475,561487,561493,6,12
561475,561488,561493,5,13
561475,561488,561493,5,13
561475,561488,561493,5,13
561475,561489,561494,5,14
561475,561489,561494,5,14
561475,561489,561494,5,14
561475,561489,561494,5,14
561475,561489,561494,5,14
561498,561499,561503,4,1
561498,561499,561504,5,1
561498,561499,561503,4,1
561498,561499,561504,5,1
561498,561499,561503,4,1
561498,561499,561504,5,1
561498,561499,561504,5,1
561498,561499,561504,5,1
561498,561499,561504,5,1
561498,561499,561504,5,1
561498,561499,561504,5,1
561498,561499,561505,6,1
561498,561499,561505,6,1
561498,561499,561504,5,1
561498,561499,561504,5,1
561498,561499,561505,6,1
561498,561499,561505,6,1
561498,561499,561505,6,1
561498,561499,561505,6,1
561498,561499,561504,5,1
561498,561499,561504,5,1
561498,561499,561504,5,1
561498,561499,561506,7,1
561498,561499,561505,6,1
561498,561499,561505,6,1
561498,561499,561505,6,1
561498,561499,561505,6,1
561498,561499,561505,6,1
561498,561499,561506,7,1
561498,561499,561505,6,1
561498,561499,561506,7,1
561498,561499,561505,6,1
561498,561499,561505,6,1
561498,561499,561505,6,1
561498,561499,561505,6,1
561498,561499,561505,6,1
561498,561499,561506,7,1
561498,561499,561505,6,1
561498,561499,561505,6,1
561498,561499,561506,7,1
561498,561499,561506,7,1
561498,561499,561505,6,1
561498,561499,561505,6,1
561498,561499,561505,6,1
561498,561499,561506,7,1
561498,561499,561506,7,1
561498,561499,561506,7,1
561498,561499,561506,7,1
561498,561499,561506,7,1
561498,561499,561506,7,1
561498,561499,561507,8,1
561498,561499,561507,8,1
561498,561499,561507,8,1
561498,561499,561507,8,1
561498,561499,561507,8,1
561498,561499,561507,8,1
561498,561499,561508,9,1
561498,561499,561507,8,1
561498,561499,561507,8,1
561498,561499,561507,8,1
561498,561499,561507,8,1
561498,561499,561508,9,1
561498,561499,561507,8,1
561498,561504,561508,4,6
561498,561499,561507,8,1
561498,561499,561507,8,1
561498,561499,561508,9,1
561498,561499,561507,8,1
561498,561499,561507,8,1
561498,561499,561507,8,1
561498,561499,561507,8,1
561498,561499,561507,8,1
561498,561499,561507,8,1
561498,561499,561508,9,1
561498,561499,561508,9,1
561498,561499,561508,9,1
561498,561499,561508,9,1
561498,561499,561508,9,1
561498,561504,561509,5,6
561498,561504,561509,5,6
561498,561499,561508,9,1
561498,561505,561509,4,7
561498,561499,561508,9,1
561498,561505,561509,4,7
561498,561504,561508,4,6
561498,561499,561508,9,1
561498,561504,561508,4,6
561498,561505,561510,5,7
561498,561505,561510,5,7
561498,561505,561510,5,7
561498,561505,561510,5,7
561498,561505,561510,5,7
561498,561505,561510,5,7
561498,561505,561509,4,7
561498,561505,561509,4,7
561498,561505,561510,5,7
561498,561505,561509,4,7
561498,561505,561510,5,7
561498,561506,561510,4,8
561498,561506,561511,5,8
561498,561506,561510,4,8
561498,561506,561511,5,8
561498,561506,561511,5,8
561498,561507,561511,4,9
561498,561506,561510,4,8
561498,561505,561511,6,7
561498,561505,561510,5,7
561498,561506,561511,5,8
561498,561506,561510,4,8
561498,561505,561510,5,7
561498,561505,561511,6,7
561498,561506,561511,5,8
561498,561506,561511,5,8
561498,561506,561510,4,8
561498,561506,561511,5,8
561498,561506,561511,5,8
561498,561506,561511,5,8
561498,561507,561511,4,9
561498,561506,561510,4,8
561498,561506,561511,5,8
561498,561506,561511,5,8
561498,561507,561511,4,9
561498,561506,561511,5,8
561498,561506,561511,5,8
561498,561506,561511,5,8
561498,561506,561511,5,8
561498,561506,561511,5,8
561498,561507,561511,4,9
561498,561508,561512,4,10
561498,561508,561512,4,10
561498,561506,561511,5,8
561498,561506,561511,5,8
561498,561507,561512,5,9
561498,561507,561511,4,9
561498,561507,561512,5,9
561498,561507,561511,4,9
561498,561507,561512,5,9
561498,561508,561512,4,10
561498,561508,561513,5,10
561498,561509,561513,4,11
561498,561508,561512,4,10
561498,561508,561512,4,10
561498,561508,561512,4,10
561498,561508,561512,4,10
561498,561508,561512,4,10
561498,561508,561513,5,10
561498,561508,561512,4,10
561498,561508,561513,5,10
561498,561508,561513,5,10
561498,561508,561513,5,10
561498,561508,561513,5,10
561498,561509,561513,4,11
561498,561509,561513,4,11
561498,561509,561513,4,11
561498,561509,561514,5,11
561498,561509,561514,5,11
561498,561509,561514,5,11
561498,561509,561514,5,11
561498,561508,561513,5,10
561498,561508,561514,6,10
561498,561509,561513,4,11
561498,561508,561513,5,10
561498,561509,561514,5,11
561498,561509,561515,6,11
561498,561511,561515,4,13
561498,561510,561515,5,12
561498,561510,561514,4,12
561498,561511,561515,4,13
561498,561508,561514,6,10
561498,561510,561514,4,12
561498,561509,561515,6,11
561498,561510,561514,4,12
561498,561510,561515,5,12
561498,561510,561515,5,12
561498,561510,561515,5,12
561498,561510,561514,4,12
561498,561510,561515,5,12
561498,561511,561515,4,13
561498,561511,561516,5,13
561498,561511,561515,4,13
561498,561511,561516,5,13
561498,561511,561516,5,13
561498,561511,561516,5,13
561498,561511,561516,5,13
561498,561508,561515,7,10
561498,561511,561516,5,13
561498,561511,561516,5,13
561498,561511,561516,5,13
561498,561511,561516,5,13
561498,561511,561516,5,13
561498,561510,561515,5,12
561498,561510,561516,6,12
561498,561511,561516,5,13
561498,561510,561515,5,12
561498,561511,561515,4,13
561498,561511,561516,5,13
561498,561511,561516,5,13
561498,561511,561516,5,13
561498,561511,561516,5,13
561498,561511,561516,5,13
561521,561521,561526,5,0
561521,561521,561526,5,0
561521,561521,561526,5,0
561521,561521,561526,5,0
561521,561521,561526,5,0
561521,561521,561527,6,0
561521,561521,561526,5,0
561521,561521,561526,5,0
561521,561521,561526,5,0
561521,561521,561527,6,0
561521,561521,561527,6,0
561521,561521,561526,5,0
561521,561521,561527,6,0
561521,561521,561527,6,0
561521,561521,561527,6,0
561521,561521,561527,6,0
561521,561521,561527,6,0
561521,561521,561527,6,0
561521,561521,561527,6,0
561521,561521,561527,6,0
561521,561521,561527,6,0
561521,561521,561527,6,0
561521,561521,561526,5,0
561521,561521,561527,6,0
561521,561521,561527,6,0
561521,561521,561527,6,0
561521,561521,561527,6,0
561521,561521,561527,6,0
561521,561521,561528,7,0
561521,561521,561528,7,0
561521,561521,561528,7,0
561521,561521,561527,6,0
561521,561521,561528,7,0
561521,561521,561528,7,0
561521,561521,561528,7,0
561521,561521,561528,7,0
561521,561521,561529,8,0
561521,561521,561529,8,0
561521,561521,561529,8,0
561521,561521,561529,8,0
561521,561521,561529,8,0
561521,561521,561529,8,0
561521,561521,561529,8,0
561521,561521,561529,8,0
561521,561521,561529,8,0
561521,561521,561529,8,0
561521,561521,561529,8,0
561521,561521,561529,8,0
561521,561521,561529,8,0
561521,561521,561529,8,0
561521,561521,561529,8,0
561521,561521,561529,8,0
561521,561521,561529,8,0
561521,561521,561529,8,0
561521,561521,561529,8,0
561521,561521,561529,8,0
561521,561521,561529,8,0
561521,561521,561529,8,0
561521,561521,561529,8,0
561521,561521,561529,8,0
561521,561521,561529,8,0
561521,561521,561529,8,0
561521,561521,561529,8,0
561521,561521,561529,8,0
561521,561521,561529,8,0
561521,561521,561530,9,0
561521,561521,561530,9,0
561521,561521,561530,9,0
561521,561521,561530,9,0
561521,561521,561530,9,0
561521,561521,561530,9,0
561521,561521,561530,9,0
561521,561521,561530,9,0
561521,561521,561530,9,0
561521,561521,561530,9,0
561521,561521,561530,9,0
561521,561521,561530,9,0
561521,561521,561530,9,0
561521,561521,561531,10,0
561521,561526,561531,5,5
561521,561526,561531,5,5
561521,561526,561531,5,5
561521,561526,561531,5,5
561521,561527,561531,4,6
561521,561521,561531,10,0
561521,561526,561531,5,5
561521,561527,561532,5,6
561521,561527,561532,5,6
561521,561527,561532,5,6
561521,561527,561533,6,6
561521,561527,561532,5,6
561521,561527,561532,5,6
561521,561527,561533,6,6
561521,561527,561532,5,6
561521,561527,561533,6,6
561521,561530,561534,4,9
561521,561527,561533,6,6
561521,561527,561533,6,6
561521,561527,561533,6,6
561521,561527,561534,7,6
561521,561527,561533,6,6
561521,561527,561534,7,6
561521,561529,561533,4,8
561521,561527,561533,6,6
561521,561529,561533,4,8
561521,561528,561533,5,7
561521,561527,561533,6,6
561521,561527,561533,6,6
561521,561529,561534,5,8
561521,561527,561533,6,6
561521,561529,561534,5,8
561521,561528,561533,5,7
561521,561529,561533,4,8
561521,561527,561533,6,6
561521,561530,561534,4,9
561521,561527,561534,7,6
561521,561530,561534,4,9
561521,561530,561535,5,9
561521,561530,561534,4,9
561521,561530,561534,4,9
561521,561530,561534,4,9
561521,561527,561534,7,6
561521,561530,561534,4,9
561521,561529,561534,5,8
561521,561530,561535,5,9
561521,561530,561535,5,9
561521,561530,561535,5,9
561521,561531,561535,4,10
561521,561531,561535,4,10
561521,561531,561535,4,10
561521,561531,561535,4,10
561521,561530,561535,5,9
561521,561530,561535,5,9
561521,561530,561535,5,9
561521,561530,561535,5,9
561521,561531,561535,4,10
561521,561531,561536,5,10
561521,561530,561535,5,9
561521,561530,561536,6,9
561521,561530,561535,5,9
561521,561532,561536,4,11
561521,561529,561535,6,8
561521,561530,561535,5,9
561521,561531,561536,5,10
561521,561532,561536,4,11
561521,561530,561535,5,9
561521,561530,561535,5,9
561521,561530,561535,5,9
561521,561532,561536,4,11
561521,561530,561535,5,9
561521,561530,561535,5,9
561521,561531,561536,5,10
561521,561530,561535,5,9
561521,561530,561535,5,9
561521,561530,561535,5,9
561521,561530,561535,5,9
561521,561531,561536,5,10
561521,561532,561536,4,11
561521,561533,561537,4,12
561521,561532,561536,4,11
561521,561532,561536,4,11
561521,561531,561536,5,10
561521,561533,561537,4,12
561521,561531,561536,5,10
561521,561531,561536,5,10
561521,561531,561536,5,10
561521,561534,561538,4,13
561521,561533,561537,4,12
561521,561533,561537,4,12
561521,561534,561537,3,13
561521,561533,561537,4,12
561521,561533,561537,4,12
561521,561532,561537,5,11
561521,561532,561537,5,11
561521,561533,561537,4,12
561521,561533,561538,5,12
561521,561535,561539,4,14
561521,561534,561538,4,13
561521,561534,561538,4,13
561521,561534,561538,4,13
561521,561534,561538,4,13
561521,561534,561538,4,13
561521,561534,561538,4,13
561521,561534,561538,4,13
561521,561534,561538,4,13
561521,561533,561538,5,12
561521,561534,561538,4,13
561521,561534,561539,5,13
561521,561534,561539,5,13
561521,561534,561539,5,13
561521,561534,561539,5,13
561521,561534,561539,5,13
561521,561535,561539,4,14
561521,561535,561539,4,14
561521,561535,561539,4,14
561521,561535,561540,5,14
561521,561534,561539,5,13
561521,561535,561539,4,14
561521,561534,561539,5,13
561521,561534,561539,5,13
560019,560020,561543,1523,1
561544,561544,561549,5,0
561544,561544,561548,4,0
561544,561544,561549,5,0
561544,561544,561549,5,0
561544,561544,561549,5,0
561544,561544,561550,6,0
561544,561544,561549,5,0
561544,561544,561550,6,0
561544,561544,561550,6,0
561544,561544,561549,5,0
561544,561544,561550,6,0
561544,561544,561550,6,0
561544,561544,561549,5,0
561544,561544,561549,5,0
561544,561544,561550,6,0
561544,561544,561550,6,0
561544,561544,561549,5,0
561544,561544,561549,5,0
561544,561544,561550,6,0
561544,561544,561550,6,0
561544,561544,561550,6,0
561544,561544,561550,6,0
561544,561544,561551,7,0
561544,561544,561550,6,0
561544,561544,561551,7,0
561544,561544,561550,6,0
561544,561544,561551,7,0
561544,561544,561551,7,0
561544,561544,561551,7,0
561544,561544,561550,6,0
561544,561544,561551,7,0
561544,561544,561550,6,0
561544,561544,561550,6,0
561544,561544,561551,7,0
561544,561544,561550,6,0
561544,561544,561551,7,0
561544,561544,561551,7,0
561544,561544,561551,7,0
561544,561544,561551,7,0
561544,561544,561550,6,0
561544,561544,561551,7,0
561544,561544,561551,7,0
561544,561544,561550,6,0
561544,561544,561551,7,0
561544,561544,561551,7,0
561544,561544,561551,7,0
561544,561544,561551,7,0
561544,561544,561551,7,0
561544,561544,561552,8,0
561544,561544,561551,7,0
561544,561544,561551,7,0
561544,561544,561551,7,0
561544,561544,561552,8,0
561544,561544,561552,8,0
561544,561544,561553,9,0
561544,561549,561553,4,5
561544,561544,561552,8,0
561544,561544,561552,8,0
561544,561544,561552,8,0
561544,561544,561552,8,0
561544,561544,561552,8,0
561544,561544,561553,9,0
561544,561544,561552,8,0
561544,561544,561552,8,0
561544,561544,561553,9,0
561544,561544,561552,8,0
561544,561544,561552,8,0
561544,561544,561552,8,0
561544,561544,561552,8,0
561544,561544,561552,8,0
561544,561544,561552,8,0
561544,561544,561552,8,0
561544,561544,561553,9,0
561544,561544,561552,8,0
561544,561544,561553,9,0
561544,561544,561552,8,0
561544,561544,561552,8,0
561544,561544,561552,8,0
561544,561544,561552,8,0
561544,561549,561553,4,5
561544,561544,561553,9,0
561544,561549,561554,5,5
561544,561549,561554,5,5
561544,561544,561553,9,0
561544,561550,561555,5,6
561544,561550,561555,5,6
561544,561550,561555,5,6
561544,561550,561555,5,6
561544,561550,561555,5,6
561544,561550,561555,5,6
561544,561550,561555,5,6
561544,561550,561555,5,6
561544,561550,561555,5,6
561544,561550,561555,5,6
561544,561550,561555,5,6
561544,561550,561555,5,6
561544,561550,561555,5,6
561544,561550,561556,6,6
561544,561550,561556,6,6
561544,561550,561555,5,6
561544,561550,561555,5,6
561544,561551,561556,5,7
561544,561551,561556,5,7
561544,561551,561556,5,7
561544,561551,561556,5,7
561544,561551,561555,4,7
561544,561551,561556,5,7
561544,561550,561555,5,6
561544,561551,561556,5,7
561544,561552,561556,4,8
561544,561551,561556,5,7
561544,561552,561557,5,8
561544,561553,561556,3,9
561544,561553,561557,4,9
561544,561553,561557,4,9
561544,561551,561557,6,7
561544,561551,561556,5,7
561544,561551,561557,6,7
561544,561551,561557,6,7
561544,561552,561557,5,8
561544,561551,561557,6,7
561544,561552,561557,5,8
561544,561551,561557,6,7
561544,561551,561557,6,7
561544,561552,561556,4,8
561544,561551,561557,6,7
561544,561552,561557,5,8
561544,561551,561557,6,7
561544,561551,561557,6,7
561544,561551,561557,6,7
561544,561551,561557,6,7
561544,561552,561557,5,8
561544,561551,561557,6,7
561544,561552,561557,5,8
561544,561553,561558,5,9
561544,561553,561558,5,9
561544,561553,561558,5,9
561544,561553,561558,5,9
561544,561553,561558,5,9
561544,561553,561558,5,9
561544,561553,561558,5,9
561544,561553,561558,5,9
561544,561553,561558,5,9
561544,561553,561558,5,9
561544,561553,561558,5,9
561544,561553,561558,5,9
561544,561553,561558,5,9
561544,561553,561558,5,9
561544,561553,561558,5,9
561544,561553,561558,5,9
561544,561553,561558,5,9
561544,561553,561558,5,9
561544,561551,561558,7,7
561544,561553,561558,5,9
561544,561553,561558,5,9
561544,561555,561559,4,11
561544,561553,561559,6,9
561544,561553,561559,6,9
561544,561553,561559,6,9
561544,561554,561559,5,10
561544,561553,561558,5,9
561544,561553,561559,6,9
561544,561554,561559,5,10
561544,561553,561559,6,9
561544,561554,561559,5,10
561544,561556,561560,4,12
561544,561556,561560,4,12
561544,561555,561560,5,11
561544,561556,561560,4,12
561544,561555,561560,5,11
561544,561555,561560,5,11
561544,561555,561560,5,11
561544,561555,561560,5,11
561544,561555,561560,5,11
561544,561555,561560,5,11
561544,561555,561560,5,11
561544,561555,561560,5,11
561544,561556,561561,5,12
561544,561555,561560,5,11
561544,561555,561560,5,11
561544,561555,561560,5,11
561544,561556,561560,4,12
561544,561556,561561,5,12
561544,561556,561561,5,12
561544,561556,561561,5,12
561544,561557,561561,4,13
561544,561557,561561,4,13
561544,561556,561561,5,12
561544,561556,561561,5,12
561544,561557,561561,4,13
561544,561556,561561,5,12
561544,561556,561561,5,12
561544,561557,561561,4,13
561544,561556,561561,5,12
561544,561556,561561,5,12
561544,561557,561561,4,13
561544,561557,561562,5,13
561544,561557,561562,5,13
561544,561557,561562,5,13
561544,561557,561562,5,13
561566,561566,561572,6,0
561566,561567,561572,5,1
561566,561567,561571,4,1
561566,561566,561572,6,0
561566,561567,561571,4,1
561566,561567,561572,5,1
561566,561567,561572,5,1
561566,561567,561572,5,1
561566,561567,561573,6,1
561566,561566,561572,6,0
561566,561567,561572,5,1
561566,561567,561572,5,1
561566,561566,561572,6,0
561566,561567,561572,5,1
561566,561566,561572,6,0
561566,561567,561572,5,1
561566,561567,561572,5,1
561566,561567,561572,5,1
561566,561567,561573,6,1
561566,561566,561572,6,0
561566,561567,561573,6,1
561566,561567,561573,6,1
561566,561567,561572,5,1
561566,561566,561573,7,0
561566,561567,561574,7,1
561566,561567,561574,7,1
561566,561567,561574,7,1
561566,561567,561573,6,1
561566,561567,561574,7,1
561566,561567,561573,6,1
561566,561567,561573,6,1
561566,561567,561573,6,1
561566,561567,561573,6,1
561566,561567,561574,7,1
561566,561567,561573,6,1
561566,561567,561574,7,1
561566,561567,561574,7,1
561566,561567,561573,6,1
561566,561567,561574,7,1
561566,561567,561574,7,1
561566,561566,561573,7,0
561566,561567,561574,7,1
561566,561567,561573,6,1
561566,561567,561573,6,1
561566,561567,561574,7,1
561566,561567,561574,7,1
561566,561567,561574,7,1
561566,561567,561574,7,1
561566,561567,561574,7,1
561566,561567,561574,7,1
561566,561567,561574,7,1
561566,561567,561574,7,1
561566,561567,561574,7,1
561566,561567,561574,7,1
561566,561567,561575,8,1
561566,561567,561575,8,1
561566,561567,561574,7,1
561566,561567,561575,8,1
561566,561567,561574,7,1
561566,561567,561575,8,1
561566,561567,561575,8,1
561566,561567,561575,8,1
561566,561567,561575,8,1
561566,561567,561574,7,1
561566,561567,561574,7,1
561566,561567,561575,8,1
561566,561567,561574,7,1
561566,561567,561574,7,1
561566,561567,561574,7,1
561566,561567,561574,7,1
561566,561567,561574,7,1
561566,561567,561574,7,1
561566,561567,561575,8,1
561566,561567,561575,8,1
561566,561567,561575,8,1
561566,561567,561575,8,1
561566,561567,561575,8,1
561566,561566,561575,9,0
561566,561567,561575,8,1
561566,561567,561575,8,1
561566,561572,561576,4,6
561566,561572,561576,4,6
561566,561572,561576,4,6
561566,561572,561576,4,6
561566,561572,561576,4,6
561566,561573,561577,4,7
561566,561573,561577,4,7
561566,561573,561578,5,7
561566,561573,561578,5,7
561566,561573,561578,5,7
561566,561573,561577,4,7
561566,561573,561577,4,7
561566,561573,561577,4,7
561566,561573,561577,4,7
561566,561573,561578,5,7
561566,561573,561578,5,7
561566,561573,561577,4,7
561566,561573,561578,5,7
561566,561573,561577,4,7
561542,561544,561578,34,2
561566,561574,561579,5,8
561566,561574,561579,5,8
561566,561573,561578,5,7
561566,561573,561578,5,7
561566,561573,561578,5,7
561566,561574,561579,5,8
561566,561574,561579,5,8
561566,561574,561579,5,8
561566,561574,561579,5,8
561566,561573,561578,5,7
561566,561574,561579,5,8
561566,561574,561579,5,8
561566,561574,561579,5,8
561566,561574,561579,5,8
561566,561574,561579,5,8
561566,561575,561580,5,9
561566,561575,561580,5,9
561566,561575,561580,5,9
561566,561574,561580,6,8
561566,561574,561579,5,8
561566,561574,561579,5,8
561566,561574,561579,5,8
561566,561575,561579,4,9
561566,561575,561579,4,9
561566,561574,561579,5,8
561566,561575,561580,5,9
561566,561575,561580,5,9
561566,561575,561580,5,9
561566,561574,561579,5,8
561566,561575,561580,5,9
561566,561575,561580,5,9
561566,561574,561580,6,8
561566,561575,561580,5,9
561566,561575,561580,5,9
561566,561574,561579,5,8
561566,561574,561580,6,8
561566,561575,561579,4,9
561566,561574,561580,6,8
561566,561574,561579,5,8
561566,561575,561580,5,9
561566,561575,561580,5,9
561566,561575,561580,5,9
561566,561575,561580,5,9
561566,561575,561580,5,9
561566,561575,561580,5,9
561566,561575,561579,4,9
561566,561575,561580,5,9
561566,561575,561580,5,9
561566,561575,561580,5,9
561566,561575,561580,5,9
561566,561576,561581,5,10
561566,561576,561580,4,10
561566,561576,561581,5,10
561566,561575,561580,5,9
561566,561576,561581,5,10
561566,561575,561580,5,9
561566,561575,561581,6,9
561566,561576,561580,4,10
561566,561576,561581,5,10
561566,561574,561581,7,8
561566,561576,561581,5,10
561566,561577,561582,5,11
561566,561577,561581,4,11
561566,561577,561581,4,11
561566,561578,561582,4,12
561566,561578,561582,4,12
561566,561577,561581,4,11
561566,561578,561582,4,12
561566,561577,561581,4,11
561566,561578,561583,5,12
561566,561578,561583,5,12
561566,561578,561582,4,12
561566,561579,561583,4,13
561566,561578,561582,4,12
561566,561578,561583,5,12
561566,561578,561582,4,12
561566,561578,561582,4,12
561566,561578,561582,4,12
561566,561578,561582,4,12
561566,561579,561583,4,13
561566,561579,561583,4,13
561566,561580,561584,4,14
561566,561578,561584,6,12
561566,561579,561583,4,13
561566,561579,561583,4,13
561566,561580,561584,4,14
561566,561580,561584,4,14
561566,561579,561583,4,13
561566,561579,561584,5,13
561566,561580,561584,4,14
561566,561579,561583,4,13
561566,561579,561584,5,13
561566,561579,561584,5,13
561566,561579,561584,5,13
561566,561579,561583,4,13
561566,561578,561583,5,12
561566,561579,561583,4,13
561566,561579,561583,4,13
561566,561580,561584,4,14
561566,561580,561584,4,14
561566,561580,561584,4,14
561589,561589,561594,5,0
561589,561589,561594,5,0
561589,561589,561594,5,0
561589,561589,561594,5,0
561589,561589,561595,6,0
561589,561589,561595,6,0
561589,561589,561595,6,0
561589,561589,561595,6,0
561589,561589,561595,6,0
561589,561589,561595,6,0
561589,561589,561595,6,0
561589,561589,561595,6,0
561589,561589,561595,6,0
561589,561589,561595,6,0
561589,561589,561595,6,0
561589,561589,561595,6,0
561589,561589,561595,6,0
561589,561589,561595,6,0
561589,561589,561594,5,0
561589,561589,561595,6,0
561589,561589,561595,6,0
561589,561589,561595,6,0
561589,561589,561594,5,0
561589,561589,561595,6,0
561589,561589,561595,6,0
561589,561589,561595,6,0
561589,561589,561595,6,0
561589,561589,561595,6,0
561589,561589,561595,6,0
561589,561589,561595,6,0
561589,561589,561596,7,0
561589,561589,561595,6,0
561589,561589,561595,6,0
561589,561589,561596,7,0
561589,561589,561597,8,0
561589,561589,561597,8,0
561589,561589,561597,8,0
561589,561589,561596,7,0
561589,561589,561597,8,0
561589,561589,561597,8,0
561589,561589,561596,7,0
561589,561589,561597,8,0
561589,561589,561597,8,0
561589,561589,561597,8,0
561589,561589,561597,8,0
561589,561589,561596,7,0
561589,561589,561596,7,0
561589,561589,561597,8,0
561589,561589,561596,7,0
561589,561589,561596,7,0
561589,561589,561597,8,0
561589,561589,561597,8,0
561589,561589,561596,7,0
561589,561589,561597,8,0
561589,561589,561597,8,0
561589,561589,561597,8,0
561589,561589,561596,7,0
561589,561589,561597,8,0
561589,561589,561597,8,0
561589,561589,561597,8,0
561589,561589,561598,9,0
561589,561589,561597,8,0
561589,561589,561597,8,0
561589,561589,561598,9,0
561589,561589,561597,8,0
561589,561589,561598,9,0
561589,561589,561598,9,0
561589,561589,561598,9,0
561589,561589,561597,8,0
561589,561589,561598,9,0
561589,561589,561598,9,0
561589,561589,561597,8,0
561589,561589,561598,9,0
561589,561589,561597,8,0
561589,561589,561598,9,0
561589,561589,561599,10,0
561589,561589,561599,10,0
561589,561594,561599,5,5
561589,561589,561599,10,0
561589,561594,561599,5,5
561589,561589,561598,9,0
561589,561589,561598,9,0
561589,561594,561599,5,5
561589,561594,561599,5,5
561589,561595,561600,5,6
561589,561595,561600,5,6
561589,561595,561600,5,6
561589,561595,561600,5,6
561589,561595,561600,5,6
561589,561595,561600,5,6
561589,561595,561600,5,6
561589,561595,561600,5,6
561589,561595,561600,5,6
561589,561595,561600,5,6
561589,561595,561600,5,6
561589,561595,561600,5,6
561589,561595,561600,5,6
561589,561595,561601,6,6
561589,561595,561600,5,6
561589,561595,561600,5,6
561589,561595,561601,6,6
561589,561595,561601,6,6
561589,561596,561601,5,7
561589,561596,561601,5,7
561589,561595,561601,6,6
561589,561595,561601,6,6
561589,561595,561601,6,6
561589,561595,561601,6,6
561589,561595,561601,6,6
561589,561597,561602,5,8
561589,561597,561602,5,8
561589,561598,561602,4,9
561589,561596,561602,6,7
561589,561597,561602,5,8
561589,561597,561602,5,8
561589,561598,561602,4,9
561589,561598,561602,4,9
561589,561596,561602,6,7
561589,561597,561602,5,8
561589,561598,561602,4,9
561589,561598,561602,4,9
561589,561598,561602,4,9
561589,561598,561602,4,9
561589,561595,561602,7,6
561589,561597,561602,5,8
561589,561597,561602,5,8
561589,561599,561602,3,10
561589,561599,561602,3,10
561589,561596,561602,6,7
561589,561597,561603,6,8
561589,561597,561602,5,8
561589,561599,561602,3,10
561589,561598,561603,5,9
561589,561597,561602,5,8
561589,561599,561602,3,10
561589,561597,561603,6,8
561589,561597,561603,6,8
561589,561599,561603,4,10
561589,561599,561603,4,10
561589,561597,561603,6,8
561589,561600,561603,3,11
561589,561597,561603,6,8
561589,561598,561603,5,9
561589,561598,561603,5,9
561589,561598,561603,5,9
561589,561597,561603,6,8
561589,561600,561603,3,11
561589,561597,561604,7,8
561589,561597,561603,6,8
561589,561597,561603,6,8
561589,561597,561603,6,8
561589,561597,561603,6,8
561589,561597,561603,6,8
561589,561597,561604,7,8
561589,561597,561603,6,8
561589,561600,561603,3,11
561589,561597,561603,6,8
561589,561597,561603,6,8
561589,561597,561604,7,8
561589,561597,561603,6,8
561589,561600,561603,3,11
561589,561600,561603,3,11
561589,561601,561604,3,12
561589,561600,561604,4,11
561589,561600,561604,4,11
561589,561601,561604,3,12
561589,561602,561605,3,13
561589,561601,561606,5,12
561589,561601,561605,4,12
561589,561601,561605,4,12
561589,561601,561606,5,12
561589,561602,561605,3,13
561589,561601,561605,4,12
561589,561601,561605,4,12
561589,561601,561606,5,12
561589,561601,561606,5,12
561589,561601,561605,4,12
561589,561601,561605,4,12
561589,561601,561605,4,12
561589,561603,561607,4,14
561589,561602,561606,4,13
561589,561602,561606,4,13
561589,561602,561607,5,13
561589,561602,561606,4,13
561589,561601,561606,5,12
561589,561602,561606,4,13
561589,561602,561606,4,13
561589,561601,561606,5,12
561589,561602,561606,4,13
561589,561603,561606,3,14
561589,561603,561607,4,14
561589,561603,561606,3,14
561589,561603,561606,3,14
561589,561603,561607,4,14
561589,561603,561607,4,14
561589,561601,561607,6,12
561589,561603,561607,4,14
561589,561603,561607,4,14
561589,561603,561607,4,14
561589,561603,561607,4,14
561612,561612,561617,5,0
561612,561612,561617,5,0
561612,561612,561617,5,0
561612,561612,561617,5,0
561612,561612,561617,5,0
561612,561612,561617,5,0
561612,561612,561618,6,0
561612,561612,561618,6,0
561612,561612,561618,6,0
561612,561612,561617,5,0
561612,561612,561618,6,0
561612,561612,561618,6,0
561612,561612,561617,5,0
561612,561612,561618,6,0
561612,561612,561618,6,0
561612,561612,561618,6,0
561612,561612,561617,5,0
561612,561612,561618,6,0
561612,561612,561617,5,0
561612,561612,561617,5,0
561612,561612,561618,6,0
561612,561612,561618,6,0
561612,561612,561618,6,0
561612,561612,561618,6,0
561612,561612,561617,5,0
561612,561612,561618,6,0
561612,561612,561617,5,0
561612,561612,561617,5,0
561612,561612,561617,5,0
561612,561612,561618,6,0
561612,561612,561618,6,0
561612,561612,561618,6,0
561612,561612,561618,6,0
561612,561612,561619,7,0
561612,561612,561619,7,0
561612,561612,561618,6,0
561612,561612,561618,6,0
561612,561612,561618,6,0
561612,561612,561618,6,0
561612,561612,561618,6,0
561612,561612,561618,6,0
561612,561612,561618,6,0
561612,561612,561620,8,0
561612,561612,561620,8,0
561612,561612,561620,8,0
561612,561612,561620,8,0
561612,561612,561620,8,0
561612,561612,561620,8,0
561612,561612,561619,7,0
561612,561612,561620,8,0
561612,561612,561620,8,0
561612,561612,561620,8,0
561612,561612,561620,8,0
561612,561612,561620,8,0
561612,561612,561620,8,0
561612,561612,561620,8,0
561612,561612,561620,8,0
561612,561612,561620,8,0
561612,561612,561620,8,0
561612,561612,561619,7,0
561612,561612,561620,8,0
561612,561612,561619,7,0
561612,561612,561620,8,0
561612,561612,561620,8,0
561612,561612,561620,8,0
561612,561612,561620,8,0
561612,561612,561620,8,0
561612,561612,561620,8,0
561612,561612,561620,8,0
561612,561612,561620,8,0
561612,561612,561621,9,0
561612,561612,561620,8,0
561612,561612,561620,8,0
561612,561612,561620,8,0
561612,561612,561620,8,0
561612,561612,561620,8,0
561612,561612,561620,8,0
561612,561612,561622,10,0
561612,561617,561622,5,5
561612,561612,561621,9,0
561612,561612,561621,9,0
561612,561617,561622,5,5
561612,561617,561622,5,5
561612,561617,561622,5,5
561612,561618,561623,5,6
561612,561618,561623,5,6
561612,561618,561623,5,6
561612,561618,561623,5,6
561612,561618,561623,5,6
561612,561618,561623,5,6
561612,561618,561623,5,6
561612,561618,561623,5,6
561612,561618,561622,4,6
561612,561618,561623,5,6
561612,561618,561623,5,6
561612,561618,561623,5,6
561612,561618,561624,6,6
561612,561618,561623,5,6
561612,561618,561624,6,6
561612,561618,561624,6,6
561612,561618,561624,6,6
561612,561618,561624,6,6
561612,561618,561623,5,6
561612,561618,561624,6,6
561612,561619,561624,5,7
561612,561620,561624,4,8
561612,561620,561624,4,8
561612,561618,561624,6,6
561612,561618,561624,6,6
561612,561618,561624,6,6
561612,561618,561624,6,6
561612,561618,561624,6,6
561612,561619,561624,5,7
561612,561619,561624,5,7
561612,561619,561624,5,7
561612,561619,561625,6,7
561612,561619,561624,5,7
561612,561620,561625,5,8
561612,561621,561625,4,9
561612,561621,561625,4,9
561612,561618,561624,6,6
561612,561620,561625,5,8
561612,561620,561624,4,8
561612,561620,561624,4,8
561612,561621,561625,4,9
561612,561619,561624,5,7
561612,561620,561625,5,8
561612,561621,561625,4,9
561612,561621,561625,4,9
561612,561619,561624,5,7
561612,561620,561624,4,8
561612,561620,561625,5,8
561612,561618,561624,6,6
561612,561619,561625,6,7
561612,561620,561625,5,8
561612,561619,561625,6,7
561612,561620,561625,5,8
561612,561621,561625,4,9
561612,561620,561625,5,8
561612,561620,561625,5,8
561612,561620,561625,5,8
561612,561620,561625,5,8
561612,561619,561624,5,7
561612,561620,561625,5,8
561612,561620,561625,5,8
561612,561621,561625,4,9
561612,561620,561625,5,8
561612,561620,561625,5,8
561612,561622,561625,3,10
561612,561620,561625,5,8
561612,561620,561626,6,8
561612,561620,561626,6,8
561612,561621,561626,5,9
561612,561622,561626,4,10
561612,561620,561626,6,8
561612,561620,561625,5,8
561612,561622,561626,4,10
561612,561622,561626,4,10
561612,561622,561626,4,10
561612,561620,561625,5,8
561612,561620,561626,6,8
561612,561620,561626,6,8
561612,561622,561626,4,10
561612,561623,561627,4,11
561612,561623,561627,4,11
561612,561623,561627,4,11
561612,561623,561627,4,11
561612,561622,561627,5,10
561612,561623,561627,4,11
561612,561623,561627,4,11
561612,561624,561628,4,12
561612,561624,561628,4,12
561612,561623,561627,4,11
561612,561624,561628,4,12
561612,561623,561628,5,11
561612,561623,561628,5,11
561612,561623,561628,5,11
561612,561623,561628,5,11
561612,561625,561629,4,13
561612,561624,561629,5,12
561612,561624,561629,5,12
561612,561624,561629,5,12
561612,561624,561629,5,12
561612,561624,561629,5,12
561612,561624,561629,5,12
561612,561624,561629,5,12
561612,561625,561630,5,13
561612,561625,561630,5,13
561612,561625,561630,5,13
561612,561625,561629,4,13
561612,561624,561629,5,12
561612,561624,561630,6,12
561612,561624,561630,6,12
561612,561624,561630,6,12
561612,561624,561630,6,12
561612,561624,561630,6,12
561612,561624,561630,6,12
561612,561624,561630,6,12
561612,561624,561630,6,12
561612,561624,561630,6,12
561634,561635,561639,4,1
561634,561635,561639,4,1
561634,561635,561639,4,1
561634,561635,561639,4,1
561634,561635,561639,4,1
561634,561635,561640,5,1
561634,561635,561640,5,1
561634,561635,561639,4,1
561634,561635,561640,5,1
561634,561635,561640,5,1
561634,561635,561640,5,1
561634,561635,561640,5,1
561634,561635,561640,5,1
561634,561635,561640,5,1
561634,561635,561640,5,1
561634,561635,561640,5,1
561634,561635,561640,5,1
561634,561635,561641,6,1
561634,561635,561640,5,1
561634,561635,561641,6,1
561634,561635,561640,5,1
561634,561635,561641,6,1
561634,561635,561640,5,1
561634,561635,561640,5,1
561634,561635,561640,5,1
561634,561635,561641,6,1
561634,561635,561640,5,1
561634,561635,561641,6,1
561634,561635,561641,6,1
561634,561635,561640,5,1
561634,561635,561640,5,1
561634,561635,561641,6,1
561634,561635,561641,6,1
561634,561635,561641,6,1
561634,561635,561641,6,1
561634,561635,561641,6,1
561634,561635,561642,7,1
561634,561635,561642,7,1
561634,561635,561641,6,1
561634,561635,561642,7,1
561634,561635,561641,6,1
561634,561635,561641,6,1
561634,561635,561641,6,1
561634,561635,561642,7,1
561634,561635,561641,6,1
561634,561635,561642,7,1
561634,561635,561641,6,1
561634,561635,561641,6,1
561634,561635,561642,7,1
561634,561635,561641,6,1
561634,561635,561642,7,1
561634,561635,561641,6,1
561634,561635,561642,7,1
561634,561635,561642,7,1
561634,561635,561642,7,1
561634,561635,561642,7,1
561634,561635,561642,7,1
561634,561635,561643,8,1
561634,561635,561643,8,1
561634,561635,561642,7,1
561634,561635,561643,8,1
561634,561635,561642,7,1
561634,561635,561643,8,1
561634,561635,561642,7,1
561634,561635,561643,8,1
561634,561635,561642,7,1
561634,561635,561643,8,1
561634,561635,561642,7,1
561634,561635,561642,7,1
561634,561635,561643,8,1
561634,561635,561642,7,1
561634,561635,561643,8,1
561634,561635,561643,8,1
561634,561635,561644,9,1
561634,561635,561644,9,1
561634,561635,561644,9,1
561634,561635,561644,9,1
561634,561635,561643,8,1
561634,561635,561643,8,1
561634,561635,561643,8,1
561634,561641,561645,4,7
561634,561641,561645,4,7
561634,561641,561645,4,7
561634,561640,561645,5,6
561634,561640,561645,5,6
561634,561640,561645,5,6
561634,561640,561645,5,6
561634,561640,561645,5,6
561634,561640,561645,5,6
561634,561640,561645,5,6
561634,561641,561645,4,7
561634,561640,561645,5,6
561634,561641,561645,4,7
561634,561641,561646,5,7
561634,561641,561645,4,7
561634,561640,561645,5,6
561634,561640,561646,6,6
561634,561641,561646,5,7
561634,561641,561646,5,7
561634,561641,561646,5,7
561634,561641,561645,4,7
561634,561641,561646,5,7
561634,561641,561645,4,7
561634,561642,561646,4,8
561634,561642,561646,4,8
561634,561641,561646,5,7
561634,561641,561646,5,7
561634,561642,561647,5,8
561634,561642,561646,4,8
561634,561642,561647,5,8
561634,561642,561647,5,8
561634,561642,561647,5,8
561634,561642,561647,5,8
561634,561641,561646,5,7
561634,561641,561646,5,7
561634,561641,561646,5,7
561634,561642,561647,5,8
561634,561642,561647,5,8
561634,561641,561647,6,7
561634,561641,561647,6,7
561634,561642,561647,5,8
561634,561642,561647,5,8
561634,561641,561646,5,7
561634,561642,561647,5,8
561634,561642,561647,5,8
561634,561642,561647,5,8
561634,561641,561647,6,7
561634,561642,561647,5,8
561634,561643,561647,4,9
561634,561643,561647,4,9
561634,561643,561648,5,9
561634,561643,561648,5,9
561634,561643,561647,4,9
561634,561644,561648,4,10
561634,561643,561648,5,9
561634,561643,561647,4,9
561634,561643,561647,4,9
561634,561643,561648,5,9
561634,561643,561648,5,9
561634,561642,561647,5,8
561634,561642,561648,6,8
561634,561643,561648,5,9
561634,561643,561648,5,9
561634,561642,561648,6,8
561634,561643,561648,5,9
561634,561644,561648,4,10
561634,561642,561648,6,8
561634,561642,561648,6,8
561634,561643,561648,5,9
561634,561642,561648,6,8
561634,561643,561647,4,9
561634,561644,561648,4,10
561634,561643,561648,5,9
561634,561644,561648,4,10
561634,561644,561648,4,10
561634,561645,561649,4,11
561634,561644,561649,5,10
561634,561644,561649,5,10
561634,561645,561649,4,11
561634,561644,561648,4,10
561634,561644,561648,4,10
561634,561642,561648,6,8
561634,561645,561649,4,11
561634,561646,561650,4,12
561634,561646,561650,4,12
561634,561645,561649,4,11
561634,561646,561650,4,12
561634,561646,561650,4,12
561634,561645,561650,5,11
561634,561645,561650,5,11
561634,561645,561649,4,11
561634,561646,561650,4,12
561634,561646,561650,4,12
561634,561646,561650,4,12
561634,561645,561650,5,11
561634,561645,561649,4,11
561634,561645,561650,5,11
561634,561645,561650,5,11
561634,561647,561651,4,13
561634,561646,561650,4,12
561634,561647,561651,4,13
561634,561647,561651,4,13
561634,561646,561650,4,12
561634,561647,561651,4,13
561634,561646,561651,5,12
561634,561646,561651,5,12
561634,561647,561651,4,13
561634,561647,561651,4,13
561634,561647,561652,5,13
561634,561647,561651,4,13
561634,561647,561652,5,13
561634,561647,561652,5,13
561634,561647,561652,5,13
561634,561647,561652,5,13
561634,561646,561652,6,12
561634,561647,561652,5,13
561634,561647,561652,5,13
561634,561647,561653,6,13
561634,561647,561653,6,13
561634,561647,561652,5,13
561657,561657,561662,5,0
561657,561657,561662,5,0
561657,561657,561662,5,0
561657,561657,561662,5,0
561657,561657,561662,5,0
561657,561657,561663,6,0
561657,561657,561663,6,0
561657,561657,561663,6,0
561657,561657,561663,6,0
561657,561657,561663,6,0
561657,561657,561663,6,0
561657,561657,561662,5,0
561657,561657,561663,6,0
561657,561657,561663,6,0
561657,561657,561663,6,0
561657,561657,561663,6,0
561657,561657,561663,6,0
561657,561657,561663,6,0
561657,561657,561663,6,0
561657,561657,561663,6,0
561657,561657,561663,6,0
561657,561657,561663,6,0
561657,561657,561663,6,0
561657,561657,561663,6,0
561657,561657,561663,6,0
561657,561657,561663,6,0
561657,561657,561663,6,0
561657,561657,561663,6,0
561657,561657,561663,6,0
561657,561657,561664,7,0
561657,561657,561664,7,0
561657,561657,561663,6,0
561657,561657,561664,7,0
561657,561657,561663,6,0
561657,561657,561664,7,0
561657,561657,561664,7,0
561657,561657,561664,7,0
561657,561657,561664,7,0
561657,561657,561664,7,0
561657,561657,561663,6,0
561657,561657,561664,7,0
561657,561657,561665,8,0
561657,561657,561665,8,0
561657,561657,561665,8,0
561657,561657,561665,8,0
561657,561657,561665,8,0
561657,561657,561665,8,0
561657,561657,561665,8,0
561657,561657,561665,8,0
561657,561657,561665,8,0
561657,561657,561665,8,0
561657,561657,561665,8,0
561657,561657,561665,8,0
561657,561657,561665,8,0
561657,561657,561665,8,0
561657,561657,561665,8,0
561657,561657,561665,8,0
561657,561657,561665,8,0
561657,561657,561665,8,0
561657,561657,561665,8,0
561657,561657,561666,9,0
561657,561657,561665,8,0
561657,561657,561665,8,0
561657,561657,561665,8,0
561657,561657,561665,8,0
561657,561657,561665,8,0
561657,561657,561665,8,0
561657,561657,561665,8,0
561657,561657,561665,8,0
561657,561657,561665,8,0
561657,561657,561665,8,0
561657,561657,561665,8,0
561657,561657,561665,8,0
561657,561657,561665,8,0
561657,561657,561665,8,0
561657,561657,561665,8,0
561657,561657,561666,9,0
561657,561657,561666,9,0
561657,561657,561666,9,0
561657,561657,561666,9,0
561657,561662,561667,5,5
561657,561663,561667,4,6
561657,561662,561667,5,5
561657,561662,561667,5,5
561657,561663,561668,5,6
561657,561662,561668,6,5
561657,561663,561668,5,6
561657,561663,561669,6,6
561657,561663,561668,5,6
561657,561663,561668,5,6
561657,561663,561669,6,6
561657,561663,561669,6,6
561657,561663,561668,5,6
561657,561663,561669,6,6
561657,561663,561668,5,6
561657,561663,561669,6,6
561657,561663,561669,6,6
561657,561663,561669,6,6
561657,561664,561669,5,7
561657,561665,561669,4,8
561657,561663,561670,7,6
561657,561665,561670,5,8
561657,561663,561670,7,6
561657,561665,561670,5,8
561657,561663,561669,6,6
561657,561664,561669,5,7
561657,561665,561669,4,8
561657,561665,561669,4,8
561657,561663,561669,6,6
561657,561665,561669,4,8
561657,561665,561669,4,8
561657,561663,561670,7,6
561657,561665,561670,5,8
561657,561666,561671,5,9
561657,561666,561671,5,9
561657,561665,561671,6,8
561657,561666,561671,5,9
561657,561663,561670,7,6
561657,561665,561670,5,8
561657,561666,561671,5,9
561657,561665,561671,6,8
561657,561666,561671,5,9
561657,561666,561671,5,9
561657,561663,561670,7,6
561657,561666,561671,5,9
561657,561666,561670,4,9
561657,561666,561671,5,9
561657,561664,561670,6,7
561657,561665,561670,5,8
561657,561666,561671,5,9
561657,561666,561671,5,9
561657,561666,561671,5,9
561657,561666,561671,5,9
561657,561666,561671,5,9
561657,561666,561671,5,9
561657,561667,561671,4,10
561657,561668,561671,3,11
561657,561666,561671,5,9
561657,561666,561671,5,9
561657,561667,561671,4,10
561657,561667,561672,5,10
561657,561666,561671,5,9
561657,561666,561671,5,9
561657,561666,561671,5,9
561657,561666,561672,6,9
561657,561666,561672,6,9
561657,561666,561671,5,9
561657,561666,561671,5,9
561657,561666,561671,5,9
561657,561668,561672,4,11
561657,561663,561671,8,6
561657,561666,561671,5,9
561657,561668,561672,4,11
561657,561666,561672,6,9
561657,561668,561672,4,11
561657,561666,561671,5,9
561657,561666,561671,5,9
561657,561666,561671,5,9
561657,561668,561671,3,11
561657,561668,561672,4,11
561657,561666,561671,5,9
561657,561666,561671,5,9
561657,561666,561671,5,9
561657,561667,561672,5,10
561657,561669,561673,4,12
561657,561669,561673,4,12
561657,561666,561672,6,9
561657,561666,561672,6,9
561657,561669,561673,4,12
561657,561669,561672,3,12
561657,561669,561673,4,12
561657,561669,561673,4,12
561657,561670,561674,4,13
561657,561669,561673,4,12
561657,561670,561674,4,13
561657,561669,561673,4,12
561657,561670,561674,4,13
561657,561670,561674,4,13
561657,561670,561674,4,13
561657,561670,561674,4,13
561657,561669,561675,6,12
561657,561670,561674,4,13
561657,561670,561674,4,13
561657,561670,561674,4,13
561657,561670,561674,4,13
561657,561670,561674,4,13
561657,561670,561674,4,13
561657,561670,561675,5,13
561657,561670,561674,4,13
561657,561670,561674,4,13
561657,561671,561674,3,14
561657,561670,561674,4,13
561657,561671,561674,3,14
561657,561671,561676,5,14
561657,561671,561675,4,14
561657,561671,561676,5,14
561657,561671,561676,5,14
561657,561671,561676,5,14
561657,561671,561676,5,14
561657,561671,561676,5,14
561681,561681,561686,5,0
561681,561681,561685,4,0
561681,561681,561685,4,0
561681,561681,561685,4,0
561681,561681,561686,5,0
561681,561681,561686,5,0
561681,561681,561686,5,0
561681,561681,561687,6,0
561681,561681,561686,5,0
561681,561681,561687,6,0
561681,561681,561686,5,0
561681,561681,561686,5,0
561681,561681,561687,6,0
561681,561681,561687,6,0
561681,561681,561686,5,0
561681,561681,561686,5,0
561681,561681,561686,5,0
561681,561681,561686,5,0
561681,561681,561686,5,0
561681,561681,561686,5,0
561681,561681,561686,5,0
561681,561681,561687,6,0
561681,561681,561687,6,0
561681,561681,561687,6,0
561681,561681,561686,5,0
561681,561681,561687,6,0
561681,561681,561687,6,0
561681,561681,561687,6,0
561681,561681,561687,6,0
561681,561681,561687,6,0
561681,561681,561687,6,0
561681,561681,561686,5,0
561681,561681,561687,6,0
561681,561681,561687,6,0
561681,561681,561687,6,0
561681,561681,561687,6,0
561681,561681,561688,7,0
561681,561681,561687,6,0
561681,561681,561687,6,0
561681,561681,561687,6,0
561681,561681,561687,6,0
561681,561681,561687,6,0
561681,561681,561687,6,0
561681,561681,561687,6,0
561681,561681,561688,7,0
561681,561681,561687,6,0
561681,561681,561687,6,0
561681,561681,561687,6,0
561681,561681,561687,6,0
561681,561681,561687,6,0
561681,561681,561687,6,0
561681,561681,561688,7,0
561681,561681,561688,7,0
561681,561681,561688,7,0
561681,561681,561688,7,0
561681,561681,561688,7,0
561681,561681,561688,7,0
561681,561681,561688,7,0
561681,561681,561688,7,0
561681,561681,561688,7,0
561681,561681,561688,7,0
561681,561681,561688,7,0
561681,561681,561689,8,0
561681,561681,561689,8,0
561681,561681,561688,7,0
561681,561681,561688,7,0
561681,561681,561688,7,0
561681,561681,561688,7,0
561681,561681,561688,7,0
561681,561681,561689,8,0
561681,561681,561688,7,0
561681,561681,561688,7,0
561681,561681,561688,7,0
561681,561681,561689,8,0
561681,561681,561688,7,0
561681,561681,561688,7,0
561681,561681,561689,8,0
561681,561686,561690,4,5
561681,561681,561689,8,0
561681,561681,561689,8,0
561681,561687,561691,4,6
561681,561686,561691,5,5
561681,561681,561691,10,0
561681,561686,561691,5,5
561681,561686,561690,4,5
561681,561686,561691,5,5
561681,561687,561691,4,6
561681,561687,561691,4,6
561681,561686,561691,5,5
561681,561687,561692,5,6
561681,561687,561692,5,6
561681,561687,561692,5,6
561681,561687,561692,5,6
561681,561687,561692,5,6
561681,561687,561692,5,6
561681,561687,561691,4,6
561681,561687,561691,4,6
561681,561687,561692,5,6
561681,561687,561692,5,6
561681,561687,561692,5,6
561681,561687,561693,6,6
561681,561687,561693,6,6
561681,561687,561692,5,6
561681,561687,561693,6,6
561681,561688,561693,5,7
561681,561688,561693,5,7
561681,561689,561693,4,8
561681,561687,561692,5,6
561681,561687,561693,6,6
561681,561687,561693,6,6
561681,561687,561693,6,6
561681,561687,561693,6,6
561681,561688,561693,5,7
561681,561689,561693,4,8
561681,561689,561693,4,8
561681,561687,561693,6,6
561681,561687,561693,6,6
561681,561688,561693,5,7
561681,561687,561693,6,6
561681,561687,561693,6,6
561681,561688,561693,5,7
561681,561687,561693,6,6
561681,561688,561693,5,7
561681,561688,561693,5,7
561681,561689,561693,4,8
561681,561688,561694,6,7
561681,561689,561694,5,8
561681,561688,561694,6,7
561681,561689,561694,5,8
561681,561689,561694,5,8
561681,561689,561694,5,8
561681,561689,561694,5,8
561681,561689,561694,5,8
561681,561688,561694,6,7
561681,561689,561694,5,8
561681,561690,561694,4,9
561681,561688,561695,7,7
561681,561689,561694,5,8
561681,561689,561694,5,8
561681,561689,561694,5,8
561681,561688,561694,6,7
561681,561688,561694,6,7
561681,561689,561694,5,8
561681,561688,561695,7,7
561681,561691,561695,4,10
561681,561689,561695,6,8
561681,561689,561695,6,8
561681,561689,561695,6,8
561681,561689,561695,6,8
561681,561690,561695,5,9
561681,561688,561695,7,7
561681,561689,561695,6,8
561681,561691,561696,5,10
561681,561688,561695,7,7
561681,561688,561695,7,7
561681,561689,561695,6,8
561681,561690,561695,5,9
561681,561690,561695,5,9
561681,561688,561695,7,7
561681,561689,561695,6,8
561681,561691,561695,4,10
561681,561689,561695,6,8
561681,561691,561696,5,10
561681,561689,561695,6,8
561681,561691,561695,4,10
561681,561691,561695,4,10
561681,561691,561696,5,10
561681,561693,561696,3,12
561681,561693,561696,3,12
561681,561691,561696,5,10
561681,561691,561696,5,10
561681,561693,561696,3,12
561681,561693,561697,4,12
561681,561693,561697,4,12
561681,561692,561697,5,11
561681,561692,561697,5,11
561681,561692,561697,5,11
561681,561692,561697,5,11
561681,561694,561698,4,13
561681,561693,561697,4,12
561681,561693,561697,4,12
561681,561693,561697,4,12
561681,561693,561698,5,12
561681,561693,561698,5,12
561681,561693,561698,5,12
561681,561694,561698,4,13
561681,561694,561698,4,13
561681,561694,561698,4,13
561681,561694,561698,4,13
561681,561694,561699,5,13
561681,561694,561698,4,13
561681,561694,561698,4,13
561681,561694,561698,4,13
561681,561694,561698,4,13
561681,561694,561698,4,13
561681,561694,561699,5,13
561681,561694,561699,5,13
561681,561694,561699,5,13
561681,561694,561699,5,13
561681,561694,561699,5,13
561704,561704,561709,5,0
561704,561704,561709,5,0
561704,561704,561708,4,0
561704,561704,561709,5,0
561704,561704,561708,4,0
561704,561704,561708,4,0
561704,561704,561709,5,0
561704,561704,561709,5,0
561704,561704,561709,5,0
561704,561704,561709,5,0
561704,561704,561709,5,0
561704,561704,561709,5,0
561704,561704,561709,5,0
561704,561704,561709,5,0
561704,561704,561709,5,0
561704,561704,561709,5,0
561704,561704,561709,5,0
561704,561704,561709,5,0
561704,561704,561710,6,0
561704,561704,561709,5,0
561704,561704,561709,5,0
561704,561704,561710,6,0
561704,561704,561710,6,0
561704,561704,561709,5,0
561704,561704,561709,5,0
561704,561704,561710,6,0
561704,561704,561710,6,0
561704,561704,561710,6,0
561704,561704,561711,7,0
561704,561704,561710,6,0
561704,561704,561710,6,0
561704,561704,561711,7,0
561704,561704,561710,6,0
561704,561704,561710,6,0
561704,561704,561710,6,0
561704,561704,561711,7,0
561704,561704,561711,7,0
561704,561704,561711,7,0
561704,561704,561711,7,0
561704,561704,561711,7,0
561704,561704,561711,7,0
561704,561704,561710,6,0
561704,561704,561711,7,0
561704,561704,561711,7,0
561704,561704,561711,7,0
561704,561704,561710,6,0
561704,561704,561711,7,0
561704,561704,561711,7,0
561704,561704,561711,7,0
561704,561704,561711,7,0
561704,561704,561711,7,0
561704,561704,561711,7,0
561704,561704,561711,7,0
561704,561704,561711,7,0
561704,561704,561711,7,0
561704,561704,561711,7,0
561704,561704,561712,8,0
561704,561704,561711,7,0
561704,561704,561711,7,0
561704,561704,561711,7,0
561704,561704,561711,7,0
561704,561704,561711,7,0
561704,561704,561712,8,0
561704,561704,561712,8,0
561704,561704,561712,8,0
561704,561704,561712,8,0
561704,561704,561712,8,0
561704,561704,561712,8,0
561704,561704,561712,8,0
561704,561704,561712,8,0
561704,561709,561713,4,5
561704,561704,561712,8,0
561704,561704,561712,8,0
561704,561704,561712,8,0
561704,561704,561712,8,0
561704,561704,561712,8,0
561704,561704,561712,8,0
561704,561704,561712,8,0
561704,561704,561712,8,0
561704,561709,561713,4,5
561704,561704,561712,8,0
561704,561704,561712,8,0
561704,561709,561713,4,5
561704,561709,561713,4,5
561704,561709,561713,4,5
561704,561709,561713,4,5
561704,561710,561714,4,6
561704,561711,561715,4,7
561704,561710,561714,4,6
561704,561710,561715,5,6
561704,561710,561715,5,6
561704,561710,561714,4,6
561704,561710,561714,4,6
561704,561710,561715,5,6
561704,561710,561714,4,6
561704,561710,561714,4,6
561704,561710,561715,5,6
561704,561710,561714,4,6
561704,561710,561714,4,6
561704,561710,561714,4,6
561704,561710,561716,6,6
561704,561710,561715,5,6
561704,561710,561715,5,6
561704,561711,561716,5,7
561704,561711,561716,5,7
561704,561710,561716,6,6
561704,561710,561716,6,6
561704,561711,561716,5,7
561704,561710,561715,5,6
561704,561711,561716,5,7
561704,561711,561716,5,7
561704,561711,561716,5,7
561704,561710,561716,6,6
561704,561711,561716,5,7
561704,561711,561717,6,7
561704,561713,561717,4,9
561704,561713,561717,4,9
561704,561713,561717,4,9
561704,561711,561716,5,7
561704,561711,561717,6,7
561704,561711,561716,5,7
561704,561713,561717,4,9
561704,561711,561716,5,7
561704,561711,561716,5,7
561704,561712,561717,5,8
561704,561711,561716,5,7
561704,561712,561717,5,8
561704,561712,561717,5,8
561704,561711,561717,6,7
561704,561711,561716,5,7
561704,561712,561717,5,8
561704,561712,561717,5,8
561704,561713,561717,4,9
561704,561713,561717,4,9
561704,561711,561717,6,7
561704,561713,561717,4,9
561704,561711,561717,6,7
561704,561711,561717,6,7
561704,561712,561717,5,8
561704,561712,561717,5,8
561704,561713,561717,4,9
561704,561712,561718,6,8
561704,561712,561717,5,8
561704,561712,561718,6,8
561704,561713,561718,5,9
561704,561713,561718,5,9
561704,561713,561718,5,9
561704,561713,561718,5,9
561704,561714,561718,4,10
561704,561713,561717,4,9
561704,561713,561717,4,9
561704,561713,561717,4,9
561704,561712,561718,6,8
561704,561712,561717,5,8
561704,561712,561717,5,8
561704,561714,561718,4,10
561704,561712,561718,6,8
561704,561713,561718,5,9
561704,561713,561717,4,9
561704,561713,561717,4,9
561704,561713,561717,4,9
561704,561712,561717,5,8
561704,561713,561718,5,9
561704,561714,561718,4,10
561704,561715,561719,4,11
561704,561715,561719,4,11
561704,561715,561719,4,11
561704,561715,561719,4,11
561704,561712,561718,6,8
561704,561713,561718,5,9
561704,561715,561719,4,11
561704,561716,561720,4,12
561704,561716,561720,4,12
561704,561716,561720,4,12
561704,561716,561720,4,12
561704,561715,561720,5,11
561704,561716,561720,4,12
561704,561715,561719,4,11
561704,561715,561719,4,11
561704,561715,561719,4,11
561704,561715,561719,4,11
561704,561715,561720,5,11
561704,561716,561720,4,12
561704,561715,561720,5,11
561704,561715,561719,4,11
561704,561715,561720,5,11
561704,561716,561720,4,12
561704,561716,561721,5,12
561704,561716,561720,4,12
561704,561717,561721,4,13
561704,561716,561721,5,12
561704,561716,561720,4,12
561704,561716,561721,5,12
561704,561716,561721,5,12
561704,561717,561722,5,13
561704,561717,561721,4,13
561704,561717,561722,5,13
561704,561717,561722,5,13
561704,561717,561722,5,13
561704,561717,561721,4,13
561726,561726,561731,5,0
561726,561726,561731,5,0
561726,561726,561731,5,0
561726,561726,561731,5,0
561726,561726,561732,6,0
561726,561726,561732,6,0
561726,561726,561732,6,0
561726,561726,561732,6,0
561726,561726,561732,6,0
561726,561726,561732,6,0
561726,561726,561732,6,0
561726,561726,561732,6,0
561726,561726,561732,6,0
561726,561726,561732,6,0
561726,561726,561732,6,0
561726,561726,561732,6,0
561726,561726,561732,6,0
561726,561726,561732,6,0
561726,561726,561732,6,0
561726,561726,561732,6,0
561726,561726,561731,5,0
561726,561726,561732,6,0
561726,561726,561732,6,0
561726,561726,561732,6,0
561726,561726,561732,6,0
561726,561726,561732,6,0
561726,561726,561732,6,0
561726,561726,561732,6,0
561726,561726,561732,6,0
561726,561726,561733,7,0
561726,561726,561732,6,0
561726,561726,561732,6,0
561726,561726,561733,7,0
561726,561726,561733,7,0
561726,561726,561733,7,0
561726,561726,561733,7,0
561726,561726,561733,7,0
561726,561726,561733,7,0
561726,561726,561732,6,0
561726,561726,561732,6,0
561726,561726,561733,7,0
561726,561726,561732,6,0
561726,561726,561733,7,0
561726,561726,561733,7,0
561726,561726,561732,6,0
561726,561726,561733,7,0
561726,561726,561734,8,0
561726,561726,561734,8,0
561726,561726,561734,8,0
561726,561726,561734,8,0
561726,561726,561734,8,0
561726,561726,561734,8,0
561726,561726,561734,8,0
561726,561726,561734,8,0
561726,561726,561734,8,0
561726,561726,561734,8,0
561726,561726,561734,8,0
561726,561731,561734,3,5
561726,561726,561734,8,0
561726,561726,561734,8,0
561726,561726,561734,8,0
561726,561726,561734,8,0
561726,561726,561734,8,0
561726,561726,561734,8,0
561726,561726,561734,8,0
561726,561726,561734,8,0
561726,561726,561734,8,0
561726,561726,561734,8,0
561726,561726,561734,8,0
561726,561726,561734,8,0
561726,561726,561734,8,0
561726,561726,561734,8,0
561726,561726,561734,8,0
561726,561726,561735,9,0
561726,561726,561735,9,0
561726,561726,561735,9,0
561726,561726,561735,9,0
561726,561726,561735,9,0
561726,561726,561735,9,0
561726,561731,561735,4,5
561726,561726,561735,9,0
561726,561731,561735,4,5
561726,561726,561735,9,0
561726,561731,561735,4,5
561726,561732,561736,4,6
561726,561732,561737,5,6
561726,561732,561737,5,6
561726,561732,561737,5,6
561726,561732,561738,6,6
561726,561732,561737,5,6
561726,561732,561737,5,6
561726,561732,561737,5,6
561726,561732,561737,5,6
561726,561732,561737,5,6
561726,561732,561737,5,6
561726,561732,561738,6,6
561726,561732,561737,5,6
561726,561732,561738,6,6
561726,561732,561738,6,6
561726,561733,561738,5,7
561726,561733,561739,6,7
561726,561732,561738,6,6
561726,561732,561738,6,6
561726,561733,561738,5,7
561726,561733,561738,5,7
561726,561733,561738,5,7
561726,561734,561739,5,8
561726,561732,561738,6,6
561726,561734,561738,4,8
561726,561734,561738,4,8
561726,561734,561739,5,8
561726,561732,561738,6,6
561726,561733,561738,5,7
561726,561734,561738,4,8
561726,561735,561740,5,9
561726,561734,561739,5,8
561726,561735,561739,4,9
561726,561735,561740,5,9
561726,561735,561740,5,9
561726,561734,561739,5,8
561726,561734,561740,6,8
561726,561734,561739,5,8
561726,561734,561739,5,8
561726,561735,561739,4,9
561726,561734,561739,5,8
561726,561735,561740,5,9
561726,561734,561740,6,8
561726,561734,561739,5,8
561726,561734,561739,5,8
561726,561735,561740,5,9
561726,561735,561740,5,9
561726,561734,561739,5,8
561726,561735,561739,4,9
561726,561735,561740,5,9
561726,561734,561739,5,8
561726,561735,561740,5,9
561726,561735,561740,5,9
561726,561735,561740,5,9
561726,561735,561740,5,9
561726,561735,561740,5,9
561726,561736,561741,5,10
561726,561736,561740,4,10
561726,561734,561740,6,8
561726,561737,561740,3,11
561726,561735,561740,5,9
561726,561736,561740,4,10
561726,561735,561741,6,9
561726,561735,561740,5,9
561726,561735,561740,5,9
561726,561736,561740,4,10
561726,561737,561741,4,11
561726,561735,561741,6,9
561726,561735,561740,5,9
561726,561735,561740,5,9
561726,561736,561740,4,10
561726,561735,561740,5,9
561726,561735,561740,5,9
561726,561736,561740,4,10
561726,561736,561740,4,10
561726,561736,561740,4,10
561726,561736,561740,4,10
561726,561735,561740,5,9
561726,561735,561741,6,9
561726,561736,561740,4,10
561726,561738,561742,4,12
561726,561736,561741,5,10
561726,561738,561742,4,12
561726,561738,561742,4,12
561726,561735,561741,6,9
561726,561738,561742,4,12
561726,561738,561742,4,12
561726,561738,561742,4,12
561726,561739,561743,4,13
561726,561739,561743,4,13
561726,561739,561743,4,13
561726,561739,561743,4,13
561726,561738,561742,4,12
561726,561738,561742,4,12
561726,561738,561742,4,12
561726,561738,561743,5,12
561726,561739,561742,3,13
561726,561739,561743,4,13
561726,561738,561742,4,12
561726,561739,561743,4,13
561726,561740,561744,4,14
561726,561739,561744,5,13
561726,561740,561744,4,14
561726,561739,561743,4,13
561726,561739,561743,4,13
561726,561739,561743,4,13
561726,561740,561744,4,14
561726,561740,561744,4,14
561726,561739,561743,4,13
561726,561739,561743,4,13
561726,561739,561743,4,13
561726,561740,561744,4,14
561726,561740,561744,4,14
561726,561739,561743,4,13
561726,561739,561744,5,13
561726,561739,561744,5,13
561748,561748,561753,5,0
561748,561748,561753,5,0
561748,561748,561753,5,0
561748,561748,561753,5,0
561748,561748,561753,5,0
561748,561748,561753,5,0
561748,561748,561753,5,0
561748,561748,561753,5,0
561748,561748,561753,5,0
561748,561748,561753,5,0
561748,561748,561754,6,0
561748,561748,561754,6,0
561748,561748,561753,5,0
561748,561748,561754,6,0
561748,561748,561753,5,0
561748,561748,561754,6,0
561748,561748,561754,6,0
561748,561748,561754,6,0
561748,561748,561754,6,0
561748,561748,561754,6,0
561748,561748,561754,6,0
561748,561748,561753,5,0
561748,561748,561753,5,0
561748,561748,561754,6,0
561748,561748,561754,6,0
561748,561748,561754,6,0
561748,561748,561754,6,0
561748,561748,561754,6,0
561748,561748,561753,5,0
561748,561748,561754,6,0
561748,561748,561754,6,0
561748,561748,561754,6,0
561748,561748,561754,6,0
561748,561748,561755,7,0
561748,561748,561754,6,0
561748,561748,561755,7,0
561748,561748,561754,6,0
561748,561748,561754,6,0
561748,561748,561754,6,0
561748,561748,561755,7,0
561748,561748,561755,7,0
561748,561748,561754,6,0
561748,561748,561754,6,0
561748,561748,561754,6,0
561748,561748,561754,6,0
561748,561748,561754,6,0
561748,561748,561754,6,0
561748,561748,561754,6,0
561748,561748,561754,6,0
561748,561748,561754,6,0
561748,561748,561756,8,0
561748,561748,561756,8,0
561748,561748,561756,8,0
561748,561748,561756,8,0
561748,561748,561756,8,0
561748,561748,561756,8,0
561748,561748,561756,8,0
561748,561748,561756,8,0
561748,561748,561756,8,0
561748,561748,561756,8,0
561748,561748,561756,8,0
561748,561748,561756,8,0
561748,561748,561756,8,0
561748,561748,561756,8,0
561748,561748,561756,8,0
561748,561748,561756,8,0
561748,561748,561756,8,0
561748,561748,561756,8,0
561748,561753,561756,3,5
561748,561748,561756,8,0
561748,561748,561756,8,0
561748,561748,561756,8,0
561748,561748,561756,8,0
561748,561748,561756,8,0
561748,561748,561756,8,0
561748,561748,561756,8,0
561748,561748,561756,8,0
561748,561748,561756,8,0
561748,561748,561756,8,0
561748,561753,561757,4,5
561748,561748,561756,8,0
561748,561753,561757,4,5
561748,561748,561757,9,0
561748,561753,561757,4,5
561748,561753,561757,4,5
561748,561753,561757,4,5
561748,561754,561758,4,6
561748,561754,561758,4,6
561748,561753,561758,5,5
561748,561753,561758,5,5
561748,561753,561758,5,5
561748,561754,561758,4,6
561748,561754,561758,4,6
561748,561754,561759,5,6
561748,561754,561759,5,6
561748,561754,561759,5,6
561748,561754,561759,5,6
561748,561754,561759,5,6
561748,561754,561759,5,6
561748,561754,561759,5,6
561748,561754,561759,5,6
561748,561755,561760,5,7
561748,561755,561760,5,7
561748,561754,561760,6,6
561748,561754,561760,6,6
561748,561755,561760,5,7
561748,561755,561760,5,7
561748,561755,561760,5,7
561748,561754,561760,6,6
561748,561754,561760,6,6
561748,561755,561760,5,7
561748,561754,561759,5,6
561748,561754,561760,6,6
561748,561755,561760,5,7
561748,561755,561760,5,7
561748,561755,561760,5,7
561748,561756,561760,4,8
561748,561754,561760,6,6
561748,561754,561760,6,6
561748,561755,561760,5,7
561748,561754,561760,6,6
561748,561754,561760,6,6
561748,561755,561760,5,7
561748,561754,561760,6,6
561748,561755,561760,5,7
561748,561755,561760,5,7
561748,561755,561760,5,7
561748,561754,561760,6,6
561748,561755,561760,5,7
561748,561756,561761,5,8
561748,561756,561761,5,8
561748,561756,561760,4,8
561748,561757,561761,4,9
561748,561757,561761,4,9
561748,561757,561761,4,9
561748,561756,561761,5,8
561748,561756,561761,5,8
561748,561757,561761,4,9
561748,561756,561761,5,8
561748,561756,561761,5,8
561748,561756,561761,5,8
561748,561756,561761,5,8
561748,561756,561761,5,8
561748,561756,561761,5,8
561748,561756,561761,5,8
561748,561757,561762,5,9
561748,561757,561761,4,9
561748,561756,561761,5,8
561748,561755,561761,6,7
561748,561756,561761,5,8
561748,561756,561762,6,8
561748,561756,561761,5,8
561748,561757,561761,4,9
561748,561755,561761,6,7
561748,561757,561761,4,9
561748,561757,561761,4,9
561748,561757,561762,5,9
561748,561758,561762,4,10
561748,561758,561762,4,10
561748,561757,561761,4,9
561748,561757,561762,5,9
561748,561757,561761,4,9
561748,561756,561762,6,8
561748,561759,561762,3,11
561748,561758,561762,4,10
561748,561756,561762,6,8
561748,561756,561762,6,8
561748,561758,561762,4,10
561748,561757,561762,5,9
561748,561757,561762,5,9
561748,561757,561762,5,9
561748,561759,561763,4,11
561748,561759,561763,4,11
561748,561760,561763,3,12
561748,561759,561763,4,11
561748,561760,561763,3,12
561748,561759,561763,4,11
561748,561760,561764,4,12
561748,561760,561764,4,12
561748,561760,561764,4,12
561748,561760,561764,4,12
561748,561759,561764,5,11
561748,561760,561764,4,12
561748,561760,561764,4,12
561748,561759,561764,5,11
561748,561759,561764,5,11
561748,561760,561764,4,12
561748,561761,561764,3,13
561748,561760,561765,5,12
561748,561761,561765,4,13
561748,561761,561765,4,13
561748,561761,561765,4,13
561748,561761,561765,4,13
561748,561761,561765,4,13
561748,561761,561765,4,13
561748,561761,561765,4,13
561748,561761,561765,4,13
561748,561761,561765,4,13
561748,561761,561765,4,13
561748,561761,561765,4,13
561769,561770,561774,4,1
561769,561770,561774,4,1
561769,561770,561775,5,1
561769,561770,561774,4,1
561769,561770,561775,5,1
561769,561770,561775,5,1
561769,561770,561774,4,1
561769,561770,561775,5,1
561769,561770,561774,4,1
561769,561770,561775,5,1
561769,561770,561775,5,1
561769,561770,561775,5,1
561769,561770,561775,5,1
561769,561770,561775,5,1
561769,561770,561775,5,1
561769,561770,561776,6,1
561769,561770,561775,5,1
561769,561770,561775,5,1
561769,561770,561775,5,1
561769,561770,561775,5,1
561769,561770,561775,5,1
561769,561770,561775,5,1
561769,561770,561775,5,1
561769,561770,561776,6,1
561769,561770,561775,5,1
561769,561770,561776,6,1
561769,561770,561775,5,1
561769,561770,561776,6,1
561769,561770,561775,5,1
561769,561770,561775,5,1
561769,561770,561775,5,1
561769,561770,561775,5,1
561769,561770,561777,7,1
561769,561770,561776,6,1
561769,561770,561776,6,1
561769,561770,561776,6,1
561769,561770,561776,6,1
561769,561770,561777,7,1
561769,561770,561776,6,1
561769,561770,561776,6,1
561769,561770,561777,7,1
561769,561770,561776,6,1
561769,561770,561777,7,1
561769,561770,561776,6,1
561769,561770,561777,7,1
561769,561770,561777,7,1
561769,561770,561777,7,1
561769,561770,561777,7,1
561769,561770,561777,7,1
561769,561770,561777,7,1
561769,561770,561777,7,1
561769,561770,561776,6,1
561769,561770,561777,7,1
561769,561770,561776,6,1
561769,561770,561776,6,1
561769,561770,561777,7,1
561769,561770,561777,7,1
561769,561770,561778,8,1
561769,561770,561777,7,1
561769,561770,561777,7,1
561769,561770,561777,7,1
561769,561770,561777,7,1
561769,561770,561777,7,1
561769,561770,561777,7,1
561769,561770,561777,7,1
561769,561770,561778,8,1
561769,561770,561777,7,1
561769,561770,561778,8,1
561769,561770,561778,8,1
561769,561770,561778,8,1
561769,561770,561778,8,1
561769,561770,561778,8,1
561769,561770,561778,8,1
561769,561770,561778,8,1
561769,561770,561778,8,1
561769,561770,561778,8,1
561769,561775,561779,4,6
561769,561770,561778,8,1
561769,561770,561778,8,1
561769,561770,561778,8,1
561769,561770,561778,8,1
561769,561775,561778,3,6
561769,561775,561779,4,6
561769,561775,561778,3,6
561769,561775,561778,3,6
561769,561775,561778,3,6
561769,561775,561779,4,6
561769,561776,561780,4,7
561769,561775,561779,4,6
561769,561775,561779,4,6
561769,561775,561779,4,6
561769,561776,561780,4,7
561769,561776,561780,4,7
561769,561776,561780,4,7
561769,561776,561781,5,7
561769,561776,561780,4,7
561769,561776,561780,4,7
561769,561777,561781,4,8
561769,561776,561781,5,7
561769,561777,561781,4,8
561769,561776,561781,5,7
561769,561776,561781,5,7
561769,561776,561781,5,7
561769,561776,561781,5,7
561769,561776,561780,4,7
561769,561776,561781,5,7
561769,561777,561781,4,8
561769,561777,561781,4,8
561769,561777,561782,5,8
561769,561777,561781,4,8
561769,561777,561782,5,8
561769,561777,561782,5,8
561769,561777,561781,4,8
561769,561777,561782,5,8
561769,561777,561782,5,8
561769,561776,561781,5,7
561769,561776,561781,5,7
561769,561776,561781,5,7
561769,561776,561781,5,7
561769,561776,561781,5,7
561769,561776,561781,5,7
561769,561777,561782,5,8
561769,561776,561781,5,7
561769,561777,561782,5,8
561769,561777,561782,5,8
561769,561776,561782,6,7
561769,561777,561782,5,8
561769,561777,561783,6,8
561769,561777,561782,5,8
561769,561777,561783,6,8
561769,561778,561783,5,9
561769,561779,561783,4,10
561769,561778,561782,4,9
561769,561779,561783,4,10
561769,561777,561782,5,8
561769,561778,561782,4,9
561769,561778,561782,4,9
561769,561779,561783,4,10
561769,561779,561783,4,10
561769,561777,561782,5,8
561769,561777,561783,6,8
561769,561778,561782,4,9
561769,561778,561783,5,9
561769,561778,561783,5,9
561769,561779,561783,4,10
561769,561777,561782,5,8
561769,561778,561783,5,9
561769,561779,561783,4,10
561769,561779,561783,4,10
561769,561778,561783,5,9
561769,561779,561783,4,10
561769,561777,561782,5,8
561769,561778,561783,5,9
561769,561778,561783,5,9
561769,561778,561783,5,9
561769,561779,561783,4,10
561769,561779,561783,4,10
561769,561779,561783,4,10
561769,561779,561784,5,10
561769,561779,561784,5,10
561769,561780,561783,3,11
561769,561778,561783,5,9
561769,561779,561783,4,10
561769,561779,561783,4,10
561769,561779,561783,4,10
561769,561779,561783,4,10
561769,561780,561784,4,11
561769,561779,561783,4,10
561769,561779,561784,5,10
561769,561781,561784,3,12
561769,561780,561784,4,11
561769,561781,561784,3,12
561769,561780,561783,3,11
561769,561781,561784,3,12
561769,561782,561785,3,13
561769,561781,561785,4,12
561769,561781,561785,4,12
561769,561782,561785,3,13
561769,561781,561786,5,12
561769,561781,561786,5,12
561769,561781,561785,4,12
561769,561781,561786,5,12
561769,561781,561786,5,12
561769,561782,561786,4,13
561769,561782,561786,4,13
561769,561781,561786,5,12
561769,561782,561786,4,13
561769,561782,561786,4,13
561769,561781,561786,5,12
561769,561781,561785,4,12
561769,561781,561786,5,12
561769,561781,561785,4,12
561769,561782,561786,4,13
561769,561782,561786,4,13
561769,561782,561786,4,13
561769,561782,561786,4,13
561769,561782,561787,5,13
561769,561782,561786,4,13
561769,561782,561787,5,13
561769,561782,561787,5,13
561791,561791,561796,5,0
561791,561791,561796,5,0
561791,561791,561796,5,0
561791,561791,561796,5,0
561791,561791,561796,5,0
561791,561791,561796,5,0
561791,561791,561797,6,0
561791,561791,561796,5,0
561791,561791,561797,6,0
561791,561791,561797,6,0
561791,561791,561797,6,0
561791,561791,561796,5,0
561791,561791,561797,6,0
561791,561791,561797,6,0
561791,561791,561797,6,0
561791,561791,561797,6,0
561791,561791,561796,5,0
561791,561791,561797,6,0
561791,561791,561797,6,0
561791,561791,561796,5,0
561791,561791,561797,6,0
561791,561791,561797,6,0
561791,561791,561797,6,0
561791,561791,561797,6,0
561791,561791,561798,7,0
561791,561791,561798,7,0
561791,561791,561798,7,0
561791,561791,561798,7,0
561791,561791,561798,7,0
561791,561791,561797,6,0
561791,561791,561798,7,0
561791,561791,561798,7,0
561791,561791,561798,7,0
561791,561791,561798,7,0
561791,561791,561798,7,0
561791,561791,561798,7,0
561791,561791,561798,7,0
561791,561791,561797,6,0
561791,561791,561798,7,0
561791,561791,561798,7,0
561791,561791,561797,6,0
561791,561791,561798,7,0
561791,561791,561798,7,0
561791,561791,561798,7,0
561791,561791,561797,6,0
561791,561791,561798,7,0
561791,561791,561797,6,0
561791,561791,561799,8,0
561791,561791,561799,8,0
561791,561791,561799,8,0
561791,561791,561799,8,0
561791,561791,561799,8,0
561791,561791,561799,8,0
561791,561791,561799,8,0
561791,561791,561799,8,0
561791,561791,561798,7,0
561791,561791,561799,8,0
561791,561791,561799,8,0
561791,561791,561798,7,0
561791,561791,561799,8,0
561791,561791,561798,7,0
561791,561791,561798,7,0
561791,561791,561798,7,0
561791,561791,561798,7,0
561791,561791,561799,8,0
561791,561791,561799,8,0
561791,561791,561800,9,0
561791,561791,561800,9,0
561791,561791,561799,8,0
561791,561791,561800,9,0
561791,561791,561800,9,0
561791,561791,561799,8,0
561791,561791,561800,9,0
561791,561791,561800,9,0
561791,561791,561799,8,0
561791,561791,561800,9,0
561791,561791,561800,9,0
561791,561791,561800,9,0
561791,561797,561800,3,6
561791,561791,561800,9,0
561791,561791,561800,9,0
561791,561796,561800,4,5
561791,561796,561800,4,5
561791,561796,561800,4,5
561791,561797,561801,4,6
561791,561797,561801,4,6
561791,561797,561801,4,6
561791,561797,561801,4,6
561791,561796,561801,5,5
561791,561797,561801,4,6
561791,561797,561801,4,6
561791,561796,561801,5,5
561791,561797,561802,5,6
561791,561797,561802,5,6
561791,561797,561802,5,6
561791,561797,561802,5,6
561791,561797,561802,5,6
561791,561797,561802,5,6
561791,561797,561802,5,6
561791,561797,561802,5,6
561791,561798,561803,5,7
561791,561798,561803,5,7
561791,561798,561803,5,7
561791,561798,561804,6,7
561791,561797,561803,6,6
561791,561798,561804,6,7
561791,561797,561803,6,6
561791,561797,561803,6,6
561791,561798,561803,5,7
561791,561798,561803,5,7
561791,561798,561803,5,7
561791,561798,561804,6,7
561791,561799,561804,5,8
561791,561800,561804,4,9
561791,561799,561804,5,8
561791,561799,561804,5,8
561791,561798,561804,6,7
561791,561798,561804,6,7
561791,561798,561804,6,7
561791,561798,561804,6,7
561791,561800,561804,4,9
561791,561799,561804,5,8
561791,561799,561804,5,8
561791,561799,561804,5,8
561791,561798,561804,6,7
561791,561798,561804,6,7
561791,561798,561804,6,7
561791,561798,561804,6,7
561791,561798,561804,6,7
561791,561799,561804,5,8
561791,561799,561804,5,8
561791,561799,561804,5,8
561791,561798,561804,6,7
561791,561799,561804,5,8
561791,561799,561804,5,8
561791,561798,561804,6,7
561791,561798,561804,6,7
561791,561800,561804,4,9
561791,561800,561805,5,9
561791,561800,561805,5,9
561791,561800,561805,5,9
561791,561800,561805,5,9
561791,561800,561805,5,9
561791,561800,561805,5,9
561791,561800,561805,5,9
561791,561801,561805,4,10
561791,561802,561805,3,11
561791,561799,561805,6,8
561791,561799,561805,6,8
561791,561802,561805,3,11
561791,561802,561805,3,11
561791,561799,561805,6,8
561791,561799,561805,6,8
561791,561801,561805,4,10
561791,561802,561805,3,11
561791,561800,561805,5,9
561791,561801,561805,4,10
561791,561802,561805,3,11
561791,561801,561805,4,10
561791,561799,561805,6,8
561791,561802,561806,4,11
561791,561798,561805,7,7
561791,561801,561805,4,10
561791,561801,561805,4,10
561791,561802,561805,3,11
561791,561800,561806,6,9
561791,561803,561806,3,12
561791,561803,561806,3,12
561791,561800,561806,6,9
561791,561800,561806,6,9
561791,561799,561806,7,8
561791,561799,561806,7,8
561791,561801,561806,5,10
561791,561801,561806,5,10
561791,561803,561807,4,12
561791,561803,561807,4,12
561791,561803,561807,4,12
561791,561803,561807,4,12
561791,561804,561808,4,13
561791,561804,561808,4,13
561791,561804,561808,4,13
561791,561803,561807,4,12
561791,561803,561807,4,12
561791,561804,561807,3,13
561791,561804,561807,3,13
561791,561804,561808,4,13
561791,561804,561807,3,13
561791,561804,561807,3,13
561791,561804,561808,4,13
561791,561804,561808,4,13
561791,561805,561808,3,14
561791,561805,561808,3,14
561791,561805,561809,4,14
561791,561805,561808,3,14
561791,561805,561808,3,14
561791,561804,561808,4,13
561791,561804,561808,4,13
561791,561804,561808,4,13
561791,561805,561809,4,14
561791,561805,561809,4,14
561813,561814,561818,4,1
561813,561814,561818,4,1
561813,561814,561819,5,1
561813,561814,561819,5,1
561813,561814,561819,5,1
561813,561814,561820,6,1
561813,561814,561819,5,1
561813,561814,561819,5,1
561813,561814,561819,5,1
561813,561814,561820,6,1
561813,561814,561819,5,1
561813,561814,561820,6,1
561813,561814,561819,5,1
561813,561814,561819,5,1
561813,561814,561819,5,1
561813,561814,561819,5,1
561813,561814,561820,6,1
561813,561814,561819,5,1
561813,561814,561819,5,1
561813,561814,561819,5,1
561813,561814,561819,5,1
561813,561814,561819,5,1
561813,561814,561820,6,1
561813,561814,561820,6,1
561813,561814,561819,5,1
561813,561814,561820,6,1
561813,561814,561820,6,1
561813,561814,561820,6,1
561813,561814,561820,6,1
561813,561814,561820,6,1
561813,561814,561820,6,1
561813,561814,561820,6,1
561813,561814,561820,6,1
561813,561814,561820,6,1
561813,561814,561820,6,1
561813,561814,561820,6,1
561813,561814,561820,6,1
561813,561814,561820,6,1
561813,561814,561820,6,1
561813,561814,561820,6,1
561813,561814,561820,6,1
561813,561814,561820,6,1
561813,561814,561822,8,1
561813,561814,561822,8,1
561813,561814,561822,8,1
561813,561814,561821,7,1
561813,561814,561821,7,1
561813,561814,561821,7,1
561813,561814,561821,7,1
561813,561814,561821,7,1
561813,561814,561821,7,1
561813,561814,561822,8,1
561813,561814,561822,8,1
561813,561814,561821,7,1
561813,561814,561822,8,1
561813,561814,561821,7,1
561813,561814,561821,7,1
561813,561814,561821,7,1
561813,561814,561821,7,1
561813,561814,561821,7,1
561813,561814,561821,7,1
561813,561814,561821,7,1
561813,561814,561821,7,1
561813,561814,561822,8,1
561813,561814,561822,8,1
561813,561814,561821,7,1
561813,561814,561821,7,1
561813,561814,561822,8,1
561813,561814,561821,7,1
561813,561814,561821,7,1
561813,561814,561822,8,1
561813,561814,561822,8,1
561813,561814,561822,8,1
561813,561814,561821,7,1
561813,561814,561821,7,1
561813,561814,561821,7,1
561813,561814,561821,7,1
561813,561814,561822,8,1
561813,561814,561822,8,1
561813,561814,561822,8,1
561813,561820,561824,4,7
561813,561819,561823,4,6
561813,561819,561823,4,6
561813,561820,561824,4,7
561813,561820,561824,4,7
561813,561820,561824,4,7
561813,561820,561825,5,7
561813,561820,561825,5,7
561813,561820,561824,4,7
561813,561820,561824,4,7
561813,561820,561824,4,7
561813,561820,561825,5,7
561813,561820,561825,5,7
561813,561820,561825,5,7
561813,561820,561824,4,7
561813,561820,561825,5,7
561813,561820,561826,6,7
561813,561820,561825,5,7
561813,561820,561825,5,7
561813,561820,561826,6,7
561813,561820,561825,5,7
561813,561820,561825,5,7
561813,561820,561826,6,7
561813,561820,561826,6,7
561813,561821,561826,5,8
561813,561821,561826,5,8
561813,561821,561826,5,8
561813,561822,561826,4,9
561813,561820,561825,5,7
561813,561821,561826,5,8
561813,561821,561827,6,8
561813,561821,561826,5,8
561813,561821,561826,5,8
561813,561821,561826,5,8
561813,561822,561827,5,9
561813,561822,561827,5,9
561813,561822,561827,5,9
561813,561822,561826,4,9
561813,561822,561827,5,9
561813,561822,561826,4,9
561813,561821,561827,6,8
561813,561821,561826,5,8
561813,561822,561827,5,9
561813,561821,561826,5,8
561813,561822,561827,5,9
561813,561821,561826,5,8
561813,561821,561826,5,8
561813,561821,561827,6,8
561813,561821,561827,6,8
561813,561822,561828,6,9
561813,561823,561827,4,10
561813,561821,561827,6,8
561813,561822,561828,6,9
561813,561822,561828,6,9
561813,561822,561828,6,9
561813,561822,561828,6,9
561813,561823,561827,4,10
561813,561824,561828,4,11
561813,561822,561828,6,9
561813,561822,561827,5,9
561813,561822,561828,6,9
561813,561822,561828,6,9
561813,561822,561827,5,9
561813,561822,561828,6,9
561813,561822,561828,6,9
561813,561822,561827,5,9
561813,561823,561828,5,10
561813,561824,561828,4,11
561813,561822,561828,6,9
561813,561822,561828,6,9
561813,561822,561828,6,9
561813,561821,561827,6,8
561813,561822,561827,5,9
561813,561822,561828,6,9
561813,561822,561827,5,9
561813,561822,561828,6,9
561813,561824,561828,4,11
561813,561822,561828,6,9
561813,561822,561829,7,9
561813,561825,561828,3,12
561813,561825,561829,4,12
561813,561822,561828,6,9
561813,561824,561828,4,11
561813,561825,561829,4,12
561813,561822,561828,6,9
561813,561822,561828,6,9
561813,561824,561828,4,11
561813,561824,561829,5,11
561813,561825,561829,4,12
561813,561825,561829,4,12
561813,561825,561829,4,12
561813,561825,561829,4,12
561813,561822,561829,7,9
561813,561825,561829,4,12
561813,561826,561830,4,13
561813,561825,561829,4,12
561813,561826,561830,4,13
561813,561826,561830,4,13
561813,561826,561830,4,13
561813,561826,561830,4,13
561813,561826,561831,5,13
561813,561826,561830,4,13
561813,561827,561831,4,14
561813,561826,561831,5,13
561813,561826,561831,5,13
561813,561826,561830,4,13
561813,561827,561831,4,14
561813,561827,561831,4,14
561813,561827,561831,4,14
561813,561826,561830,4,13
561813,561826,561830,4,13
561813,561826,561830,4,13
561813,561826,561830,4,13
561813,561826,561831,5,13
561813,561827,561831,4,14
561813,561827,561831,4,14
561813,561827,561832,5,14
561813,561827,561831,4,14
561813,561827,561831,4,14
561813,561827,561831,4,14
561836,561836,561841,5,0
561836,561836,561841,5,0
561836,561836,561841,5,0
561836,561836,561841,5,0
561836,561836,561842,6,0
561836,561836,561842,6,0
561836,561836,561842,6,0
561836,561836,561842,6,0
561836,561836,561841,5,0
561836,561836,561842,6,0
561836,561836,561842,6,0
561836,561836,561841,5,0
561836,561836,561842,6,0
561836,561836,561842,6,0
561836,561836,561842,6,0
561836,561836,561843,7,0
561836,561836,561843,7,0
561836,561836,561842,6,0
561836,561836,561843,7,0
561836,561836,561842,6,0
561836,561836,561842,6,0
561836,561836,561843,7,0
561836,561836,561843,7,0
561836,561836,561843,7,0
561836,561836,561843,7,0
561836,561836,561843,7,0
561836,561836,561843,7,0
561836,561836,561843,7,0
561836,561836,561843,7,0
561836,561836,561843,7,0
561836,561836,561842,6,0
561836,561836,561842,6,0
561836,561836,561843,7,0
561836,561836,561843,7,0
561836,561836,561843,7,0
561836,561836,561842,6,0
561836,561836,561843,7,0
561836,561836,561843,7,0
561836,561836,561843,7,0
561836,561836,561843,7,0
561836,561836,561843,7,0
561836,561836,561844,8,0
561836,561836,561843,7,0
561836,561836,561844,8,0
561836,561836,561844,8,0
561836,561836,561844,8,0
561836,561836,561844,8,0
561836,561836,561844,8,0
561836,561836,561844,8,0
561836,561836,561843,7,0
561836,561836,561844,8,0
561836,561836,561844,8,0
561836,561836,561844,8,0
561836,561836,561844,8,0
561836,561836,561843,7,0
561836,561836,561844,8,0
561836,561836,561844,8,0
561836,561836,561844,8,0
561836,561836,561844,8,0
561836,561836,561844,8,0
561836,561836,561845,9,0
561836,561836,561845,9,0
561836,561836,561845,9,0
561836,561836,561845,9,0
561836,561836,561845,9,0
561836,561836,561844,8,0
561836,561836,561844,8,0
561836,561836,561844,8,0
561836,561841,561845,4,5
561836,561836,561845,9,0
561836,561836,561845,9,0
561836,561836,561845,9,0
561836,561836,561845,9,0
561836,561836,561845,9,0
561836,561836,561844,8,0
561836,561836,561845,9,0
561836,561836,561845,9,0
561836,561836,561845,9,0
561836,561841,561845,4,5
561836,561837,561845,8,1
561836,561836,561846,10,0
561836,561841,561846,5,5
561836,561842,561846,4,6
561836,561842,561846,4,6
561836,561836,561845,9,0
561836,561842,561846,4,6
561836,561842,561846,4,6
561836,561843,561848,5,7
561836,561842,561847,5,6
561836,561842,561847,5,6
561836,561842,561847,5,6
561836,561842,561847,5,6
561836,561843,561847,4,7
561836,561843,561847,4,7
561836,561842,561847,5,6
561836,561842,561847,5,6
561836,561843,561848,5,7
561836,561843,561847,4,7
561836,561842,561847,5,6
561836,561842,561847,5,6
561836,561843,561848,5,7
561836,561843,561849,6,7
561836,561843,561848,5,7
561836,561843,561848,5,7
561836,561843,561849,6,7
561836,561843,561849,6,7
561836,561844,561849,5,8
561836,561843,561849,6,7
561836,561843,561849,6,7
561836,561844,561849,5,8
561836,561843,561849,6,7
561836,561843,561849,6,7
561836,561844,561849,5,8
561836,561844,561849,5,8
561836,561845,561850,5,9
561836,561843,561850,7,7
561836,561844,561849,5,8
561836,561844,561849,5,8
561836,561844,561849,5,8
561836,561844,561850,6,8
561836,561844,561849,5,8
561836,561844,561849,5,8
561836,561844,561850,6,8
561836,561844,561849,5,8
561836,561844,561849,5,8
561836,561844,561850,6,8
561836,561844,561849,5,8
561836,561846,561850,4,10
561836,561844,561850,6,8
561836,561845,561850,5,9
561836,561844,561849,5,8
561836,561845,561850,5,9
561836,561845,561851,6,9
561836,561845,561851,6,9
561836,561845,561851,6,9
561836,561845,561851,6,9
561836,561845,561851,6,9
561836,561847,561851,4,11
561836,561844,561850,6,8
561836,561847,561851,4,11
561836,561846,561850,4,10
561836,561846,561850,4,10
561836,561844,561850,6,8
561836,561845,561851,6,9
561836,561847,561851,4,11
561836,561847,561851,4,11
561836,561847,561851,4,11
561836,561846,561851,5,10
561836,561846,561851,5,10
561836,561846,561851,5,10
561836,561844,561851,7,8
561836,561846,561851,5,10
561836,561846,561851,5,10
561836,561847,561851,4,11
561836,561846,561850,4,10
561836,561845,561850,5,9
561836,561845,561850,5,9
561836,561846,561851,5,10
561836,561846,561851,5,10
561836,561846,561851,5,10
561836,561844,561850,6,8
561836,561845,561850,5,9
561836,561847,561851,4,11
561836,561846,561851,5,10
561836,561846,561851,5,10
561836,561848,561852,4,12
561836,561845,561851,6,9
561836,561848,561852,4,12
561836,561846,561852,6,10
561836,561848,561852,4,12
561836,561849,561853,4,13
561836,561848,561852,4,12
561836,561848,561852,4,12
561836,561848,561852,4,12
561836,561849,561853,4,13
561836,561848,561852,4,12
561836,561848,561852,4,12
561836,561849,561853,4,13
561836,561848,561853,5,12
561836,561848,561853,5,12
561836,561849,561853,4,13
561836,561849,561853,4,13
561836,561849,561853,4,13
561836,561848,561852,4,12
561836,561848,561853,5,12
561836,561849,561853,4,13
561836,561848,561852,4,12
561836,561849,561853,4,13
561836,561850,561853,3,14
561836,561850,561854,4,14
561836,561850,561854,4,14
561836,561850,561854,4,14
561836,561850,561854,4,14
561836,561850,561854,4,14
561836,561850,561854,4,14
561836,561849,561853,4,13
561836,561849,561854,5,13
561836,561849,561853,4,13
561836,561849,561853,4,13
561836,561849,561854,5,13
561859,561859,561864,5,0
561859,561859,561863,4,0
561859,561859,561863,4,0
561859,561859,561864,5,0
561859,561859,561865,6,0
561859,561859,561864,5,0
561859,561859,561865,6,0
561859,561859,561864,5,0
561859,561859,561864,5,0
561859,561859,561864,5,0
561859,561859,561865,6,0
561859,561859,561865,6,0
561859,561859,561864,5,0
561859,561859,561865,6,0
561859,561859,561865,6,0
561859,561859,561865,6,0
561859,561859,561865,6,0
561859,561859,561865,6,0
561859,561859,561865,6,0
561859,561859,561865,6,0
561859,561859,561865,6,0
561859,561859,561865,6,0
561859,561859,561865,6,0
561859,561859,561865,6,0
561859,561859,561866,7,0
561859,561859,561866,7,0
561859,561859,561866,7,0
561859,561859,561866,7,0
561859,561859,561866,7,0
561859,561859,561866,7,0
561859,561859,561865,6,0
561859,561859,561866,7,0
561859,561859,561866,7,0
561859,561859,561866,7,0
561859,561859,561866,7,0
561859,561859,561866,7,0
561859,561859,561866,7,0
561859,561859,561866,7,0
561859,561859,561867,8,0
561859,561859,561866,7,0
561859,561859,561866,7,0
561859,561859,561867,8,0
561859,561859,561866,7,0
561859,561859,561866,7,0
561859,561859,561866,7,0
561859,561859,561866,7,0
561859,561859,561866,7,0
561859,561859,561866,7,0
561859,561859,561866,7,0
561859,561859,561866,7,0
561859,561859,561866,7,0
561859,561859,561866,7,0
561859,561859,561866,7,0
561859,561859,561866,7,0
561859,561859,561866,7,0
561859,561859,561866,7,0
561859,561859,561867,8,0
561859,561859,561867,8,0
561859,561859,561867,8,0
561859,561859,561867,8,0
561859,561859,561867,8,0
561859,561859,561867,8,0
561859,561859,561866,7,0
561859,561859,561867,8,0
561859,561859,561867,8,0
561859,561859,561867,8,0
561859,561859,561867,8,0
561859,561859,561867,8,0
561859,561859,561867,8,0
561859,561859,561867,8,0
561859,561859,561867,8,0
561859,561859,561867,8,0
561859,561859,561867,8,0
561859,561859,561868,9,0
561859,561859,561867,8,0
561859,561859,561867,8,0
561859,561859,561868,9,0
561859,561865,561869,4,6
561859,561859,561868,9,0
561859,561859,561868,9,0
561859,561865,561869,4,6
561859,561865,561869,4,6
561859,561865,561869,4,6
561859,561865,561869,4,6
561859,561859,561868,9,0
561859,561865,561869,4,6
561859,561864,561869,5,5
561859,561864,561868,4,5
561859,561865,561869,4,6
561859,561864,561869,5,5
561859,561865,561869,4,6
561859,561864,561869,5,5
561859,561865,561869,4,6
561859,561865,561869,4,6
561859,561865,561869,4,6
561859,561866,561870,4,7
561859,561865,561869,4,6
561859,561866,561870,4,7
561859,561865,561870,5,6
561859,561865,561869,4,6
561859,561866,561870,4,7
561859,561866,561870,4,7
561859,561866,561870,4,7
561859,561866,561871,5,7
561859,561866,561871,5,7
561859,561866,561871,5,7
561859,561866,561871,5,7
561859,561866,561871,5,7
561859,561866,561870,4,7
561859,561866,561871,5,7
561859,561866,561871,5,7
561859,561866,561871,5,7
561859,561866,561871,5,7
561859,561866,561871,5,7
561859,561867,561871,4,8
561859,561867,561872,5,8
561859,561867,561872,5,8
561859,561867,561872,5,8
561859,561867,561872,5,8
561859,561867,561872,5,8
561859,561867,561872,5,8
561859,561867,561872,5,8
561859,561867,561872,5,8
561859,561867,561872,5,8
561859,561867,561872,5,8
561859,561867,561872,5,8
561859,561867,561872,5,8
561859,561867,561872,5,8
561859,561867,561872,5,8
561859,561867,561872,5,8
561859,561867,561872,5,8
561859,561867,561872,5,8
561859,561867,561872,5,8
561859,561868,561873,5,9
561859,561868,561873,5,9
561859,561868,561873,5,9
561859,561867,561873,6,8
561859,561868,561873,5,9
561859,561868,561873,5,9
561859,561867,561873,6,8
561859,561867,561873,6,8
561859,561867,561873,6,8
561859,561867,561873,6,8
561859,561868,561873,5,9
561859,561868,561873,5,9
561859,561868,561873,5,9
561859,561868,561873,5,9
561859,561868,561873,5,9
561859,561867,561873,6,8
561859,561867,561873,6,8
561859,561868,561874,6,9
561859,561869,561874,5,10
561859,561870,561874,4,11
561859,561867,561874,7,8
561859,561867,561874,7,8
561859,561869,561874,5,10
561859,561869,561874,5,10
561859,561869,561874,5,10
561859,561869,561874,5,10
561859,561869,561874,5,10
561859,561869,561874,5,10
561859,561869,561874,5,10
561859,561869,561874,5,10
561859,561870,561874,4,11
561859,561869,561874,5,10
561859,561869,561874,5,10
561859,561869,561874,5,10
561859,561870,561874,4,11
561859,561869,561874,5,10
561859,561869,561874,5,10
561859,561868,561874,6,9
561859,561869,561874,5,10
561859,561869,561874,5,10
561859,561870,561875,5,11
561859,561867,561875,8,8
561859,561870,561875,5,11
561859,561870,561875,5,11
561859,561869,561875,6,10
561859,561867,561875,8,8
561859,561870,561875,5,11
561859,561872,561875,3,13
561859,561872,561876,4,13
561859,561872,561876,4,13
561859,561871,561876,5,12
561859,561871,561876,5,12
561859,561872,561876,4,13
561859,561872,561876,4,13
561859,561872,561876,4,13
561859,561872,561876,4,13
561859,561873,561876,3,14
561859,561870,561876,6,11
561859,561873,561876,3,14
561859,561870,561876,6,11
561859,561873,561876,3,14
561859,561872,561876,4,13
561859,561872,561876,4,13
561859,561872,561876,4,13
561859,561872,561876,4,13
561859,561872,561876,4,13
561859,561872,561876,4,13
561881,561881,561886,5,0
561881,561881,561886,5,0
561881,561881,561886,5,0
561881,561881,561886,5,0
561881,561881,561886,5,0
561881,561881,561886,5,0
561881,561881,561887,6,0
561881,561881,561887,6,0
561881,561881,561887,6,0
561881,561881,561886,5,0
561881,561881,561886,5,0
561881,561881,561886,5,0
561881,561881,561887,6,0
561881,561881,561886,5,0
561881,561881,561887,6,0
561881,561881,561886,5,0
561881,561881,561887,6,0
561881,561881,561887,6,0
561881,561881,561886,5,0
561881,561881,561887,6,0
561881,561881,561886,5,0
561881,561881,561886,5,0
561881,561881,561887,6,0
561881,561881,561887,6,0
561881,561881,561887,6,0
561881,561881,561887,6,0
561881,561881,561888,7,0
561881,561881,561889,8,0
561881,561881,561888,7,0
561881,561881,561888,7,0
561881,561881,561888,7,0
561881,561881,561889,8,0
561881,561881,561889,8,0
561881,561881,561888,7,0
561881,561881,561888,7,0
561881,561881,561888,7,0
561881,561881,561888,7,0
561881,561881,561888,7,0
561881,561881,561888,7,0
561881,561881,561888,7,0
561881,561881,561888,7,0
561881,561881,561889,8,0
561881,561881,561889,8,0
561881,561881,561888,7,0
561881,561881,561889,8,0
561881,561881,561889,8,0
561881,561881,561888,7,0
561881,561881,561889,8,0
561881,561881,561888,7,0
561881,561881,561889,8,0
561881,561881,561889,8,0
561881,561881,561889,8,0
561881,561881,561889,8,0
561881,561881,561889,8,0
561881,561881,561889,8,0
561881,561881,561889,8,0
561881,561881,561889,8,0
561881,561881,561889,8,0
561881,561881,561889,8,0
561881,561881,561889,8,0
561881,561881,561889,8,0
561881,561881,561889,8,0
561881,561881,561889,8,0
561881,561881,561890,9,0
561881,561881,561889,8,0
561881,561881,561890,9,0
561881,561881,561890,9,0
561881,561881,561889,8,0
561881,561881,561889,8,0
561881,561881,561890,9,0
561881,561881,561890,9,0
561881,561881,561890,9,0
561881,561881,561890,9,0
561881,561881,561890,9,0
561881,561881,561890,9,0
561881,561881,561890,9,0
561881,561881,561890,9,0
561881,561881,561890,9,0
561881,561881,561890,9,0
561881,561881,561890,9,0
561881,561886,561890,4,5
561881,561887,561891,4,6
561881,561886,561890,4,5
561881,561887,561891,4,6
561881,561887,561891,4,6
561881,561887,561892,5,6
561881,561887,561892,5,6
561881,561887,561891,4,6
561881,561887,561892,5,6
561881,561887,561892,5,6
561881,561887,561892,5,6
561881,561887,561892,5,6
561881,561887,561892,5,6
561881,561887,561892,5,6
561881,561887,561891,4,6
561881,561888,561892,4,7
561881,561887,561892,5,6
561881,561887,561892,5,6
561881,561887,561892,5,6
561881,561887,561892,5,6
561881,561889,561893,4,8
561881,561887,561893,6,6
561881,561889,561893,4,8
561881,561887,561892,5,6
561881,561888,561893,5,7
561881,561888,561892,4,7
561881,561889,561893,4,8
561881,561887,561892,5,6
561881,561888,561893,5,7
561881,561889,561894,5,8
561881,561889,561894,5,8
561881,561889,561894,5,8
561881,561889,561894,5,8
561881,561889,561894,5,8
561881,561889,561894,5,8
561881,561889,561894,5,8
561881,561889,561894,5,8
561881,561889,561894,5,8
561881,561889,561894,5,8
561881,561889,561895,6,8
561881,561890,561894,4,9
561881,561890,561895,5,9
561881,561889,561895,6,8
561881,561889,561895,6,8
561881,561889,561895,6,8
561881,561889,561895,6,8
561881,561889,561895,6,8
561881,561889,561895,6,8
561881,561890,561895,5,9
561881,561890,561895,5,9
561881,561889,561895,6,8
561881,561890,561895,5,9
561881,561889,561895,6,8
561881,561889,561894,5,8
561881,561891,561895,4,10
561881,561889,561894,5,8
561881,561890,561895,5,9
561881,561889,561894,5,8
561881,561889,561894,5,8
561881,561890,561895,5,9
561881,561890,561896,6,9
561881,561892,561895,3,11
561881,561891,561896,5,10
561881,561891,561895,4,10
561881,561891,561896,5,10
561881,561891,561896,5,10
561881,561890,561896,6,9
561881,561890,561896,6,9
561881,561891,561896,5,10
561881,561890,561896,6,9
561881,561891,561896,5,10
561881,561891,561895,4,10
561881,561891,561896,5,10
561881,561891,561896,5,10
561881,561892,561896,4,11
561881,561890,561896,6,9
561881,561890,561896,6,9
561881,561891,561896,5,10
561881,561890,561896,6,9
561881,561890,561896,6,9
561881,561890,561896,6,9
561881,561890,561896,6,9
561881,561891,561896,5,10
561881,561891,561896,5,10
561881,561892,561896,4,11
561881,561892,561896,4,11
561881,561892,561897,5,11
561881,561892,561897,5,11
561881,561893,561897,4,12
561881,561892,561897,5,11
561881,561892,561897,5,11
561881,561892,561897,5,11
561881,561892,561897,5,11
561881,561892,561897,5,11
561881,561893,561897,4,12
561881,561893,561897,4,12
561881,561891,561897,6,10
561881,561892,561897,5,11
561881,561892,561897,5,11
561881,561892,561897,5,11
561881,561892,561897,5,11
561881,561892,561897,5,11
561881,561893,561898,5,12
561881,561893,561898,5,12
561881,561893,561898,5,12
561881,561894,561898,4,13
561881,561894,561898,4,13
561881,561894,561898,4,13
561881,561894,561898,4,13
561881,561893,561898,5,12
561881,561894,561898,4,13
561881,561894,561898,4,13
561881,561893,561898,5,12
561881,561893,561898,5,12
561881,561894,561898,4,13
561881,561893,561898,5,12
561881,561894,561898,4,13
561881,561894,561898,4,13
561881,561895,561899,4,14
561881,561894,561899,5,13
561903,561903,561908,5,0
561903,561903,561908,5,0
561903,561903,561908,5,0
561903,561903,561909,6,0
561903,561903,561909,6,0
561903,561903,561909,6,0
561903,561903,561909,6,0
561903,561903,561909,6,0
561903,561903,561909,6,0
561903,561903,561909,6,0
561903,561903,561909,6,0
561903,561903,561909,6,0
561903,561903,561909,6,0
561903,561903,561910,7,0
561903,561903,561909,6,0
561903,561903,561910,7,0
561903,561903,561910,7,0
561903,561903,561911,8,0
561903,561904,561910,6,1
561903,561903,561910,7,0
561903,561903,561910,7,0
561903,561903,561910,7,0
561903,561903,561910,7,0
561903,561903,561910,7,0
561903,561903,561910,7,0
561903,561904,561911,7,1
561903,561903,561910,7,0
561903,561904,561910,6,1
561903,561903,561910,7,0
561903,561903,561910,7,0
561903,561903,561910,7,0
561903,561903,561910,7,0
561903,561904,561910,6,1
561903,561904,561910,6,1
561903,561903,561910,7,0
561903,561903,561910,7,0
561903,561903,561910,7,0
561903,561903,561911,8,0
561903,561904,561911,7,1
561903,561904,561911,7,1
561903,561904,561911,7,1
561903,561904,561912,8,1
561903,561904,561911,7,1
561903,561903,561911,8,0
561903,561904,561912,8,1
561903,561904,561912,8,1
561903,561904,561911,7,1
561903,561904,561911,7,1
561903,561904,561912,8,1
561903,561904,561911,7,1
561903,561903,561912,9,0
561903,561904,561911,7,1
561903,561904,561912,8,1
561903,561904,561912,8,1
561903,561904,561912,8,1
561903,561904,561911,7,1
561903,561904,561912,8,1
561903,561904,561911,7,1
561903,561904,561912,8,1
561903,561904,561912,8,1
561903,561904,561912,8,1
561903,561904,561911,7,1
561903,561903,561913,10,0
561903,561904,561912,8,1
561903,561904,561913,9,1
561903,561904,561912,8,1
561903,561904,561912,8,1
561903,561904,561912,8,1
561903,561904,561912,8,1
561903,561903,561912,9,0
561903,561904,561912,8,1
561903,561904,561912,8,1
561903,561904,561912,8,1
561903,561904,561912,8,1
561903,561904,561912,8,1
561903,561904,561913,9,1
561903,561904,561912,8,1
561903,561909,561912,3,6
561903,561904,561913,9,1
561903,561904,561912,8,1
561903,561904,561912,8,1
561903,561909,561913,4,6
561903,561909,561912,3,6
561903,561910,561914,4,7
561903,561910,561914,4,7
561903,561910,561914,4,7
561903,561910,561914,4,7
561903,561910,561914,4,7
561903,561910,561914,4,7
561903,561910,561914,4,7
561903,561910,561914,4,7
561903,561910,561914,4,7
561903,561910,561914,4,7
561903,561910,561915,5,7
561903,561911,561915,4,8
561903,561911,561915,4,8
561903,561910,561914,4,7
561903,561911,561915,4,8
561903,561911,561915,4,8
561903,561911,561915,4,8
561903,561911,561915,4,8
561903,561911,561915,4,8
561903,561911,561916,5,8
561903,561911,561915,4,8
561903,561911,561916,5,8
561903,561911,561916,5,8
561903,561911,561916,5,8
561903,561911,561916,5,8
561903,561911,561915,4,8
561903,561912,561916,4,9
561903,561911,561916,5,8
561903,561911,561916,5,8
561903,561911,561916,5,8
561903,561911,561916,5,8
561903,561912,561916,4,9
561903,561912,561916,4,9
561903,561911,561916,5,8
561903,561911,561916,5,8
561903,561911,561916,5,8
561903,561911,561916,5,8
561903,561913,561917,4,10
561903,561912,561917,5,9
561903,561912,561917,5,9
561903,561912,561917,5,9
561903,561912,561916,4,9
561903,561912,561917,5,9
561903,561912,561917,5,9
561903,561912,561917,5,9
561903,561912,561917,5,9
561903,561912,561917,5,9
561903,561912,561917,5,9
561903,561914,561917,3,11
561903,561912,561917,5,9
561903,561912,561917,5,9
561903,561912,561917,5,9
561903,561912,561917,5,9
561903,561912,561917,5,9
561903,561912,561917,5,9
561903,561913,561917,4,10
561903,561912,561917,5,9
561903,561912,561916,4,9
561903,561912,561917,5,9
561903,561913,561917,4,10
561903,561913,561918,5,10
561903,561913,561918,5,10
561903,561913,561918,5,10
561903,561913,561917,4,10
561903,561914,561918,4,11
561903,561913,561917,4,10
561903,561913,561918,5,10
561903,561914,561918,4,11
561903,561912,561918,6,9
561903,561912,561918,6,9
561903,561914,561918,4,11
561903,561914,561918,4,11
561903,561912,561917,5,9
561903,561913,561918,5,10
561903,561914,561918,4,11
561903,561913,561918,5,10
561903,561913,561917,4,10
561903,561913,561918,5,10
561903,561913,561918,5,10
561903,561913,561918,5,10
561903,561913,561918,5,10
561903,561913,561918,5,10
561903,561914,561918,4,11
561903,561915,561919,4,12
561903,561913,561919,6,10
561903,561915,561919,4,12
561903,561915,561919,4,12
561903,561915,561919,4,12
561903,561913,561919,6,10
561903,561915,561919,4,12
561903,561915,561919,4,12
561903,561915,561919,4,12
561903,561913,561919,6,10
561903,561914,561919,5,11
561903,561914,561919,5,11
561903,561916,561920,4,13
561903,561916,561920,4,13
561903,561916,561920,4,13
561903,561916,561920,4,13
561903,561916,561920,4,13
561903,561916,561920,4,13
561903,561913,561920,7,10
561903,561916,561920,4,13
561903,561916,561920,4,13
561903,561917,561921,4,14
561903,561916,561921,5,13
561903,561916,561921,5,13
561903,561916,561921,5,13
561903,561916,561921,5,13
561903,561916,561921,5,13
561903,561916,561921,5,13
561903,561916,561921,5,13
561903,561916,561921,5,13
561903,561916,561921,5,13
561903,561917,561921,4,14
561903,561917,561922,5,14
561903,561917,561922,5,14
561926,561926,561931,5,0
561926,561926,561931,5,0
561926,561926,561931,5,0
561926,561926,561931,5,0
561926,561926,561931,5,0
561926,561926,561931,5,0
561926,561926,561931,5,0
561926,561926,561931,5,0
561926,561926,561932,6,0
561926,561926,561932,6,0
561926,561926,561932,6,0
561926,561926,561931,5,0
561926,561926,561932,6,0
561926,561926,561931,5,0
561926,561926,561931,5,0
561926,561926,561931,5,0
561926,561926,561932,6,0
561926,561926,561932,6,0
561926,561926,561931,5,0
561926,561926,561931,5,0
561926,561926,561932,6,0
561926,561926,561932,6,0
561926,561926,561932,6,0
561926,561926,561932,6,0
561926,561926,561932,6,0
561926,561926,561932,6,0
561926,561926,561932,6,0
561926,561926,561932,6,0
561926,561926,561933,7,0
561926,561926,561933,7,0
561926,561926,561932,6,0
561926,561926,561933,7,0
561926,561926,561933,7,0
561926,561926,561933,7,0
561926,561926,561933,7,0
561926,561926,561932,6,0
561926,561926,561932,6,0
561926,561926,561933,7,0
561926,561926,561932,6,0
561926,561926,561933,7,0
561926,561926,561933,7,0
561926,561926,561934,8,0
561926,561926,561933,7,0
561926,561926,561933,7,0
561926,561926,561933,7,0
561926,561926,561934,8,0
561926,561926,561934,8,0
561926,561926,561934,8,0
561926,561926,561934,8,0
561926,561926,561934,8,0
561926,561926,561933,7,0
561926,561926,561934,8,0
561926,561926,561934,8,0
561926,561926,561933,7,0
561926,561926,561934,8,0
561926,561926,561934,8,0
561926,561926,561934,8,0
561926,561926,561933,7,0
561926,561926,561933,7,0
561926,561926,561933,7,0
561926,561926,561933,7,0
561926,561926,561934,8,0
561926,561926,561934,8,0
561926,561926,561934,8,0
561926,561926,561934,8,0
561926,561926,561934,8,0
561926,561926,561934,8,0
561926,561926,561934,8,0
561926,561926,561933,7,0
561926,561926,561933,7,0
561926,561926,561934,8,0
561926,561926,561933,7,0
561926,561926,561934,8,0
561926,561926,561934,8,0
561926,561926,561934,8,0
561926,561926,561934,8,0
561926,561926,561934,8,0
561926,561926,561935,9,0
561926,561931,561935,4,5
561926,561931,561935,4,5
561926,561926,561935,9,0
561926,561926,561935,9,0
561926,561931,561935,4,5
561926,561931,561936,5,5
561926,561931,561936,5,5
561926,561931,561936,5,5
561926,561931,561936,5,5
561926,561931,561936,5,5
561926,561932,561937,5,6
561926,561932,561937,5,6
561926,561933,561938,5,7
561926,561932,561937,5,6
561926,561932,561937,5,6
561926,561932,561937,5,6
561926,561932,561937,5,6
561926,561932,561938,6,6
561926,561932,561937,5,6
561926,561932,561938,6,6
561926,561932,561937,5,6
561926,561932,561938,6,6
561926,561932,561937,5,6
561926,561932,561938,6,6
561926,561932,561938,6,6
561926,561933,561938,5,7
561926,561933,561938,5,7
561926,561933,561938,5,7
561926,561932,561938,6,6
561926,561932,561938,6,6
561926,561933,561939,6,7
561926,561932,561938,6,6
561926,561933,561938,5,7
561926,561933,561938,5,7
561926,561933,561938,5,7
561926,561933,561939,6,7
561926,561932,561938,6,6
561926,561932,561938,6,6
561926,561933,561939,6,7
561926,561933,561939,6,7
561926,561933,561938,5,7
561926,561933,561938,5,7
561926,561933,561939,6,7
561926,561934,561939,5,8
561926,561934,561940,6,8
561926,561934,561939,5,8
561926,561935,561939,4,9
561926,561935,561940,5,9
561926,561934,561939,5,8
561926,561935,561940,5,9
561926,561935,561940,5,9
561926,561935,561940,5,9
561926,561935,561940,5,9
561926,561935,561940,5,9
561926,561935,561940,5,9
561926,561935,561940,5,9
561926,561935,561940,5,9
561926,561935,561940,5,9
561926,561935,561940,5,9
561926,561935,561940,5,9
561926,561935,561940,5,9
561926,561935,561940,5,9
561926,561935,561941,6,9
561926,561935,561940,5,9
561926,561936,561940,4,10
561926,561935,561940,5,9
561926,561935,561940,5,9
561926,561935,561940,5,9
561926,561935,561940,5,9
561926,561935,561940,5,9
561926,561935,561940,5,9
561926,561935,561940,5,9
561926,561935,561940,5,9
561926,561935,561940,5,9
561926,561935,561941,6,9
561926,561935,561940,5,9
561926,561936,561940,4,10
561926,561937,561940,3,11
561926,561936,561941,5,10
561926,561937,561941,4,11
561926,561936,561941,5,10
561926,561937,561941,4,11
561926,561935,561940,5,9
561926,561935,561940,5,9
561926,561936,561941,5,10
561926,561937,561941,4,11
561926,561938,561941,3,12
561926,561935,561941,6,9
561926,561938,561942,4,12
561926,561938,561942,4,12
561926,561935,561941,6,9
561926,561937,561941,4,11
561926,561936,561941,5,10
561926,561938,561942,4,12
561926,561938,561942,4,12
561926,561938,561943,5,12
561926,561939,561942,3,13
561926,561938,561942,4,12
561926,561938,561942,4,12
561926,561938,561942,4,12
561926,561938,561942,4,12
561926,561938,561942,4,12
561926,561939,561942,3,13
561926,561938,561943,5,12
561926,561938,561942,4,12
561926,561939,561943,4,13
561926,561938,561943,5,12
561926,561939,561943,4,13
561926,561939,561944,5,13
561926,561939,561943,4,13
561926,561939,561943,4,13
561926,561939,561943,4,13
561926,561939,561944,5,13
561926,561939,561943,4,13
561926,561939,561943,4,13
561926,561939,561944,5,13
561926,561939,561944,5,13
561926,561939,561944,5,13
561926,561939,561943,4,13
561926,561939,561944,5,13
561926,561939,561944,5,13
561926,561939,561944,5,13
561949,561949,561954,5,0
561949,561949,561954,5,0
561949,561949,561954,5,0
561949,561949,561954,5,0
561949,561949,561954,5,0
561949,561949,561954,5,0
561949,561949,561955,6,0
561949,561949,561955,6,0
561949,561949,561955,6,0
561949,561949,561955,6,0
561949,561949,561955,6,0
561949,561949,561955,6,0
561949,561949,561955,6,0
561949,561949,561955,6,0
561949,561949,561955,6,0
561949,561949,561955,6,0
561949,561949,561955,6,0
561949,561949,561955,6,0
561949,561949,561955,6,0
561949,561949,561955,6,0
561949,561949,561956,7,0
561949,561949,561956,7,0
561949,561949,561956,7,0
561949,561949,561956,7,0
561949,561949,561956,7,0
561949,561949,561955,6,0
561949,561949,561956,7,0
561949,561949,561956,7,0
561949,561949,561955,6,0
561949,561949,561956,7,0
561949,561949,561956,7,0
561949,561949,561956,7,0
561949,561949,561956,7,0
561949,561949,561956,7,0
561949,561949,561955,6,0
561949,561949,561956,7,0
561949,561949,561956,7,0
561949,561949,561956,7,0
561949,561949,561956,7,0
561949,561949,561957,8,0
561949,561949,561957,8,0
561949,561949,561957,8,0
561949,561949,561957,8,0
561949,561949,561957,8,0
561949,561949,561957,8,0
561949,561949,561957,8,0
561949,561949,561957,8,0
561949,561949,561956,7,0
561949,561949,561957,8,0
561949,561949,561957,8,0
561949,561949,561956,7,0
561949,561949,561957,8,0
561949,561949,561957,8,0
561949,561949,561957,8,0
561949,561949,561957,8,0
561949,561949,561957,8,0
561949,561949,561957,8,0
561949,561949,561956,7,0
561949,561949,561957,8,0
561949,561949,561957,8,0
561949,561949,561957,8,0
561949,561949,561957,8,0
561949,561949,561957,8,0
561949,561949,561958,9,0
561949,561949,561958,9,0
561949,561954,561958,4,5
561949,561949,561958,9,0
561949,561949,561958,9,0
561949,561949,561957,8,0
561949,561949,561958,9,0
561949,561949,561958,9,0
561949,561949,561958,9,0
561949,561949,561957,8,0
561949,561949,561958,9,0
561949,561949,561958,9,0
561949,561949,561958,9,0
561949,561954,561958,4,5
561949,561954,561958,4,5
561949,561949,561958,9,0
561949,561949,561958,9,0
561949,561949,561958,9,0
561949,561949,561958,9,0
561949,561955,561959,4,6
561949,561949,561959,10,0
561949,561955,561960,5,6
561949,561955,561959,4,6
561949,561955,561959,4,6
561949,561954,561959,5,5
561949,561956,561960,4,7
561949,561955,561960,5,6
561949,561955,561960,5,6
561949,561955,561960,5,6
561949,561955,561960,5,6
561949,561955,561960,5,6
561949,561955,561960,5,6
561949,561955,561960,5,6
561949,561955,561960,5,6
561949,561955,561960,5,6
561949,561955,561960,5,6
561949,561957,561961,4,8
561949,561957,561961,4,8
561949,561956,561961,5,7
561949,561956,561961,5,7
561949,561956,561961,5,7
561949,561956,561961,5,7
561949,561956,561961,5,7
561949,561956,561961,5,7
561949,561956,561961,5,7
561949,561956,561961,5,7
561949,561956,561961,5,7
561949,561956,561961,5,7
561949,561956,561961,5,7
561949,561956,561961,5,7
561949,561956,561961,5,7
561949,561955,561961,6,6
561949,561956,561961,5,7
561949,561957,561962,5,8
561949,561958,561963,5,9
561949,561957,561962,5,8
561949,561956,561962,6,7
561949,561956,561962,6,7
561949,561959,561963,4,10
561949,561958,561962,4,9
561949,561957,561962,5,8
561949,561957,561962,5,8
561949,561956,561963,7,7
561949,561957,561962,5,8
561949,561957,561962,5,8
561949,561958,561963,5,9
561949,561958,561963,5,9
561949,561958,561963,5,9
561949,561958,561963,5,9
561949,561958,561963,5,9
561949,561958,561963,5,9
561949,561958,561963,5,9
561949,561958,561963,5,9
561949,561959,561963,4,10
561949,561959,561963,4,10
561949,561959,561963,4,10
561949,561958,561964,6,9
561949,561958,561963,5,9
561949,561958,561963,5,9
561949,561958,561963,5,9
561949,561960,561964,4,11
561949,561959,561963,4,10
561949,561959,561964,5,10
561949,561958,561963,5,9
561949,561958,561964,6,9
561949,561958,561963,5,9
561949,561958,561963,5,9
561949,561958,561963,5,9
561949,561958,561963,5,9
561949,561959,561963,4,10
561949,561958,561963,5,9
561949,561958,561963,5,9
561949,561959,561963,4,10
561949,561959,561963,4,10
561949,561958,561964,6,9
561949,561959,561963,4,10
561949,561958,561964,6,9
561949,561960,561964,4,11
561949,561959,561964,5,10
561949,561959,561964,5,10
561949,561960,561964,4,11
561949,561960,561964,4,11
561949,561960,561964,4,11
561949,561960,561964,4,11
561949,561960,561964,4,11
561949,561961,561964,3,12
561949,561961,561965,4,12
561949,561961,561965,4,12
561949,561961,561965,4,12
561949,561962,561966,4,13
561949,561962,561965,3,13
561949,561962,561965,3,13
561949,561962,561966,4,13
561949,561962,561966,4,13
561949,561962,561966,4,13
561949,561961,561966,5,12
561949,561961,561966,5,12
561949,561961,561965,4,12
561949,561961,561965,4,12
561949,561961,561965,4,12
561949,561961,561965,4,12
561949,561962,561966,4,13
561949,561962,561966,4,13
561949,561962,561966,4,13
561949,561962,561966,4,13
561949,561961,561966,5,12
561949,561962,561967,5,13
561949,561962,561966,4,13
561949,561962,561967,5,13
561949,561962,561966,4,13
561949,561962,561967,5,13
561949,561962,561966,4,13
561949,561963,561967,4,14
561949,561963,561967,4,14
561949,561963,561967,4,14
561949,561963,561967,4,14
561949,561962,561967,5,13
561972,561972,561977,5,0
561972,561972,561977,5,0
561972,561972,561977,5,0
561972,561972,561976,4,0
561972,561972,561977,5,0
561972,561972,561977,5,0
561972,561972,561977,5,0
561972,561972,561978,6,0
561972,561972,561977,5,0
561972,561972,561977,5,0
561972,561972,561978,6,0
561972,561972,561978,6,0
561972,561972,561978,6,0
561972,561972,561978,6,0
561972,561972,561978,6,0
561972,561972,561977,5,0
561972,561972,561977,5,0
561972,561972,561977,5,0
561972,561972,561977,5,0
561972,561972,561977,5,0
561972,561972,561977,5,0
561972,561972,561978,6,0
561972,561972,561977,5,0
561972,561972,561977,5,0
561972,561972,561978,6,0
561972,561972,561978,6,0
561972,561972,561979,7,0
561972,561972,561979,7,0
561972,561972,561978,6,0
561972,561972,561978,6,0
561972,561972,561978,6,0
561972,561972,561978,6,0
561972,561972,561978,6,0
561972,561972,561978,6,0
561972,561972,561979,7,0
561972,561972,561978,6,0
561972,561972,561979,7,0
561972,561972,561979,7,0
561972,561972,561980,8,0
561972,561972,561979,7,0
561972,561972,561979,7,0
561972,561972,561980,8,0
561972,561972,561979,7,0
561972,561972,561979,7,0
561972,561972,561980,8,0
561972,561972,561979,7,0
561972,561972,561979,7,0
561972,561972,561979,7,0
561972,561972,561980,8,0
561972,561972,561980,8,0
561972,561972,561980,8,0
561972,561972,561980,8,0
561972,561972,561980,8,0
561972,561972,561980,8,0
561972,561972,561980,8,0
561972,561972,561980,8,0
561972,561972,561979,7,0
561972,561972,561979,7,0
561972,561972,561980,8,0
561972,561972,561979,7,0
561972,561972,561980,8,0
561972,561972,561980,8,0
561972,561972,561979,7,0
561972,561972,561979,7,0
561972,561972,561979,7,0
561972,561972,561979,7,0
561972,561972,561979,7,0
561972,561972,561980,8,0
561972,561972,561980,8,0
561972,561972,561979,7,0
561972,561972,561979,7,0
561972,561972,561981,9,0
561972,561972,561981,9,0
561972,561977,561981,4,5
561972,561972,561980,8,0
561972,561972,561980,8,0
561972,561972,561981,9,0
561972,561972,561980,8,0
561972,561972,561980,8,0
561972,561977,561981,4,5
561972,561977,561981,4,5
561972,561977,561981,4,5
561972,561977,561982,5,5
561972,561977,561982,5,5
561972,561972,561982,10,0
561972,561978,561982,4,6
561972,561978,561983,5,6
561972,561978,561983,5,6
561972,561978,561983,5,6
561972,561978,561983,5,6
561972,561978,561983,5,6
561972,561978,561983,5,6
561972,561978,561983,5,6
561972,561972,561983,11,0
561972,561977,561983,6,5
561972,561978,561983,5,6
561972,561978,561983,5,6
561972,561978,561983,5,6
561972,561978,561983,5,6
561972,561978,561983,5,6
561972,561978,561983,5,6
561972,561979,561983,4,7
561972,561978,561983,5,6
561972,561980,561984,4,8
561972,561978,561984,6,6
561972,561979,561984,5,7
561972,561979,561984,5,7
561972,561978,561984,6,6
561972,561979,561985,6,7
561972,561979,561985,6,7
561972,561979,561984,5,7
561972,561978,561985,7,6
561972,561980,561984,4,8
561972,561978,561985,7,6
561972,561980,561985,5,8
561972,561979,561984,5,7
561972,561979,561985,6,7
561972,561979,561984,5,7
561972,561980,561985,5,8
561972,561980,561985,5,8
561972,561979,561985,6,7
561972,561980,561985,5,8
561972,561980,561985,5,8
561972,561980,561985,5,8
561972,561980,561985,5,8
561972,561980,561985,5,8
561972,561980,561985,5,8
561972,561979,561985,6,7
561972,561980,561986,6,8
561972,561980,561985,5,8
561972,561980,561986,6,8
561972,561980,561986,6,8
561972,561980,561986,6,8
561972,561980,561986,6,8
561972,561980,561986,6,8
561972,561980,561986,6,8
561972,561980,561986,6,8
561972,561981,561986,5,9
561972,561980,561986,6,8
561972,561980,561986,6,8
561972,561980,561986,6,8
561972,561981,561986,5,9
561972,561980,561986,6,8
561972,561980,561987,7,8
561972,561980,561986,6,8
561972,561982,561987,5,10
561972,561980,561986,6,8
561972,561980,561986,6,8
561972,561981,561986,5,9
561972,561981,561986,5,9
561972,561982,561987,5,10
561972,561982,561987,5,10
561972,561980,561987,7,8
561972,561983,561987,4,11
561972,561983,561987,4,11
561972,561980,561987,7,8
561972,561980,561987,7,8
561972,561982,561987,5,10
561972,561982,561987,5,10
561972,561981,561987,6,9
561972,561981,561987,6,9
561972,561981,561987,6,9
561972,561982,561987,5,10
561972,561980,561987,7,8
561972,561980,561987,7,8
561972,561982,561987,5,10
561972,561981,561987,6,9
561972,561984,561988,4,12
561972,561984,561988,4,12
561972,561984,561988,4,12
561972,561985,561988,3,13
561972,561985,561988,3,13
561972,561984,561988,4,12
561972,561984,561988,4,12
561972,561984,561988,4,12
561972,561985,561988,3,13
561972,561984,561989,5,12
561972,561984,561989,5,12
561972,561985,561989,4,13
561972,561980,561988,8,8
561972,561985,561988,3,13
561972,561984,561989,5,12
561972,561984,561988,4,12
561972,561984,561988,4,12
561972,561986,561990,4,14
561972,561986,561989,3,14
561972,561984,561989,5,12
561972,561984,561989,5,12
561972,561985,561989,4,13
561972,561985,561989,4,13
561972,561984,561989,5,12
561972,561985,561989,4,13
561972,561984,561989,5,12
561972,561985,561989,4,13
561972,561985,561989,4,13
561972,561984,561989,5,12
561972,561985,561990,5,13
561972,561985,561989,4,13
561972,561985,561990,5,13
561972,561985,561990,5,13
561995,561995,561999,4,0
561995,561995,562000,5,0
561995,561995,562000,5,0
561995,561995,562000,5,0
561995,561995,562000,5,0
561995,561995,562000,5,0
561995,561995,562000,5,0
561995,561995,562000,5,0
561995,561995,562001,6,0
561995,561995,562001,6,0
561995,561995,562000,5,0
561995,561995,562000,5,0
561995,561995,562001,6,0
561995,561995,562001,6,0
561995,561995,562000,5,0
561995,561995,562000,5,0
561995,561995,562001,6,0
561995,561995,562000,5,0
561995,561995,562001,6,0
561995,561995,562001,6,0
561995,561995,562002,7,0
561995,561995,562001,6,0
561995,561995,562001,6,0
561995,561995,562002,7,0
561995,561995,562002,7,0
561995,561995,562001,6,0
561995,561995,562002,7,0
561995,561995,562001,6,0
561995,561995,562001,6,0
561995,561995,562002,7,0
561995,561995,562002,7,0
561995,561995,562002,7,0
561995,561995,562002,7,0
561995,561995,562001,6,0
561995,561995,562002,7,0
561995,561995,562002,7,0
561995,561995,562002,7,0
561995,561995,562002,7,0
561995,561995,562002,7,0
561995,561995,562002,7,0
561995,561995,562002,7,0
561995,561995,562002,7,0
561995,561995,562002,7,0
561995,561995,562002,7,0
561995,561995,562002,7,0
561995,561995,562002,7,0
561995,561995,562002,7,0
561995,561995,562003,8,0
561995,561995,562003,8,0
561995,561995,562003,8,0
561995,561995,562003,8,0
561995,561995,562003,8,0
561995,561995,562003,8,0
561995,561995,562003,8,0
561995,561995,562003,8,0
561995,561995,562003,8,0
561995,562000,562004,4,5
561995,561995,562003,8,0
561995,561995,562003,8,0
561995,561995,562004,9,0
561995,561995,562004,9,0
561995,561995,562003,8,0
561995,561995,562004,9,0
561995,561995,562004,9,0
561995,561995,562004,9,0
561995,561995,562003,8,0
561995,561995,562004,9,0
561995,561995,562004,9,0
561995,561995,562003,8,0
561995,561995,562004,9,0
561995,561995,562004,9,0
561995,561995,562004,9,0
561995,561995,562004,9,0
561995,562000,562004,4,5
561995,561995,562003,8,0
561995,561995,562003,8,0
561995,561995,562003,8,0
561995,561995,562004,9,0
561995,561995,562004,9,0
561995,561995,562004,9,0
561995,562000,562004,4,5
561995,562000,562004,4,5
561995,561995,562004,9,0
561995,561995,562004,9,0
561995,562001,562005,4,6
561995,562001,562005,4,6
561995,562000,562004,4,5
561995,562001,562006,5,6
561995,562001,562006,5,6
561995,562001,562006,5,6
561995,562001,562006,5,6
561995,562001,562006,5,6
561995,562001,562006,5,6
561995,562001,562006,5,6
561995,562001,562006,5,6
561995,562002,562006,4,7
561995,562001,562006,5,6
561995,562001,562006,5,6
561995,562002,562006,4,7
561995,562002,562007,5,7
561995,562002,562007,5,7
561995,562002,562007,5,7
561995,562002,562007,5,7
561995,562002,562007,5,7
561995,562002,562007,5,7
561995,562003,562007,4,8
561995,562002,562007,5,7
561995,562002,562007,5,7
561995,562002,562007,5,7
561995,562002,562007,5,7
561995,562002,562007,5,7
561995,562003,562007,4,8
561995,562002,562007,5,7
561995,562002,562007,5,7
561995,562003,562007,4,8
561995,562001,562007,6,6
561995,562003,562007,4,8
561995,562003,562007,4,8
561995,562003,562007,4,8
561995,562004,562008,4,9
561995,562003,562008,5,8
561995,562003,562008,5,8
561995,562002,562007,5,7
561995,562002,562008,6,7
561995,562002,562008,6,7
561995,562002,562008,6,7
561995,562002,562008,6,7
561995,562002,562008,6,7
561995,562004,562008,4,9
561995,562004,562009,5,9
561995,562004,562009,5,9
561995,562003,562008,5,8
561995,562004,562009,5,9
561995,562004,562009,5,9
561995,562005,562010,5,10
561995,562004,562010,6,9
561995,562004,562010,6,9
561995,562004,562010,6,9
561995,562004,562010,6,9
561995,562004,562010,6,9
561995,562005,562010,5,10
561995,562005,562010,5,10
561995,562004,562010,6,9
561995,562004,562010,6,9
561995,562004,562010,6,9
561995,562004,562010,6,9
561995,562004,562010,6,9
561995,562004,562010,6,9
561995,562004,562010,6,9
561995,562004,562010,6,9
561995,562004,562010,6,9
561995,562005,562010,5,10
561995,562004,562010,6,9
561995,562004,562010,6,9
561995,562005,562010,5,10
561995,562004,562010,6,9
561995,562004,562010,6,9
561995,562004,562010,6,9
561995,562004,562010,6,9
561995,562007,562011,4,12
561995,562007,562011,4,12
561995,562004,562011,7,9
561995,562004,562011,7,9
561995,562004,562010,6,9
561995,562004,562011,7,9
561995,562004,562010,6,9
561995,562006,562011,5,11
561995,562007,562011,4,12
561995,562007,562011,4,12
561995,562004,562011,7,9
561995,562004,562011,7,9
561995,562006,562011,5,11
561995,562004,562011,7,9
561995,562006,562011,5,11
561995,562006,562011,5,11
561995,562006,562011,5,11
561995,562007,562012,5,12
561995,562006,562011,5,11
561995,562006,562011,5,11
561995,562007,562012,5,12
561995,562007,562012,5,12
561995,562007,562011,4,12
561995,562006,562012,6,11
561995,562007,562012,5,12
561995,562006,562012,6,11
561995,562007,562012,5,12
561995,562007,562012,5,12
561995,562006,562012,6,11
561995,562007,562012,5,12
561995,562007,562012,5,12
561995,562008,562012,4,13
561995,562006,562012,6,11
561995,562007,562012,5,12
561995,562007,562012,5,12
561995,562007,562012,5,12
561995,562007,562012,5,12
561995,562008,562013,5,13
561995,562008,562013,5,13
561995,562008,562013,5,13
561995,562008,562013,5,13
562018,562018,562023,5,0
562018,562018,562023,5,0
562018,562018,562023,5,0
562018,562018,562023,5,0
562018,562018,562022,4,0
562018,562018,562022,4,0
562018,562018,562023,5,0
562018,562018,562023,5,0
562018,562018,562023,5,0
562018,562018,562022,4,0
562018,562018,562023,5,0
562018,562018,562024,6,0
562018,562018,562024,6,0
562018,562018,562024,6,0
562018,562018,562024,6,0
562018,562018,562023,5,0
562018,562018,562024,6,0
562018,562018,562023,5,0
562018,562018,562024,6,0
562018,562018,562023,5,0
562018,562018,562024,6,0
562018,562018,562023,5,0
562018,562018,562024,6,0
562018,562018,562023,5,0
562018,562018,562024,6,0
562018,562018,562023,5,0
562018,562018,562024,6,0
562018,562018,562024,6,0
562018,562018,562024,6,0
562018,562018,562024,6,0
562018,562018,562024,6,0
562018,562018,562024,6,0
562018,562018,562026,8,0
562018,562018,562026,8,0
562018,562018,562025,7,0
562018,562018,562026,8,0
562018,562018,562025,7,0
562018,562018,562026,8,0
562018,562018,562025,7,0
562018,562018,562026,8,0
562018,562018,562025,7,0
562018,562018,562026,8,0
562018,562018,562025,7,0
562018,562018,562025,7,0
562018,562018,562026,8,0
562018,562018,562026,8,0
562018,562018,562026,8,0
562018,562018,562025,7,0
562018,562018,562026,8,0
562018,562018,562026,8,0
562018,562018,562026,8,0
562018,562018,562026,8,0
562018,562018,562026,8,0
562018,562018,562027,9,0
562018,562018,562026,8,0
562018,562018,562026,8,0
562018,562018,562026,8,0
562018,562018,562026,8,0
562018,562018,562027,9,0
562018,562018,562026,8,0
562018,562018,562027,9,0
562018,562018,562026,8,0
562018,562018,562026,8,0
562018,562018,562026,8,0
562018,562018,562027,9,0
562018,562018,562027,9,0
562018,562018,562028,10,0
562018,562018,562027,9,0
562018,562024,562028,4,6
562018,562024,562028,4,6
562018,562018,562027,9,0
562018,562018,562028,10,0
562018,562024,562028,4,6
562018,562018,562027,9,0
562018,562023,562027,4,5
562018,562018,562027,9,0
562018,562023,562027,4,5
562018,562018,562027,9,0
562018,562023,562028,5,5
562018,562018,562027,9,0
562018,562023,562027,4,5
562018,562018,562027,9,0
562018,562018,562027,9,0
562018,562023,562027,4,5
562018,562018,562027,9,0
562018,562018,562027,9,0
562018,562023,562028,5,5
562018,562023,562028,5,5
562018,562018,562027,9,0
562018,562023,562027,4,5
562018,562018,562027,9,0
562018,562023,562028,5,5
562018,562023,562027,4,5
562018,562023,562028,5,5
562018,562024,562029,5,6
562018,562024,562028,4,6
562018,562024,562029,5,6
562018,562024,562028,4,6
562018,562024,562030,6,6
562018,562024,562029,5,6
562018,562024,562030,6,6
562018,562024,562030,6,6
562018,562025,562030,5,7
562018,562026,562030,4,8
562018,562026,562030,4,8
562018,562024,562030,6,6
562018,562024,562030,6,6
562018,562025,562030,5,7
562018,562026,562030,4,8
562018,562024,562030,6,6
562018,562025,562030,5,7
562018,562024,562030,6,6
562018,562025,562030,5,7
562018,562026,562030,4,8
562018,562026,562030,4,8
562018,562024,562030,6,6
562018,562025,562030,5,7
562018,562026,562030,4,8
562018,562027,562031,4,9
562018,562027,562031,4,9
562018,562026,562030,4,8
562018,562026,562031,5,8
562018,562026,562030,4,8
562018,562026,562030,4,8
562018,562026,562031,5,8
562018,562026,562031,5,8
562018,562026,562031,5,8
562018,562026,562031,5,8
562018,562026,562031,5,8
562018,562026,562032,6,8
562018,562027,562032,5,9
562018,562027,562032,5,9
562018,562026,562032,6,8
562018,562026,562031,5,8
562018,562027,562032,5,9
562018,562027,562032,5,9
562018,562028,562033,5,10
562018,562028,562033,5,10
562018,562028,562033,5,10
562018,562027,562033,6,9
562018,562027,562032,5,9
562018,562027,562033,6,9
562018,562027,562033,6,9
562018,562028,562033,5,10
562018,562027,562033,6,9
562018,562028,562033,5,10
562018,562027,562032,5,9
562018,562027,562032,5,9
562018,562027,562033,6,9
562018,562028,562033,5,10
562018,562028,562033,5,10
562018,562027,562033,6,9
562018,562028,562033,5,10
562018,562028,562033,5,10
562018,562028,562033,5,10
562018,562028,562033,5,10
562018,562028,562033,5,10
562018,562028,562034,6,10
562018,562029,562034,5,11
562018,562028,562034,6,10
562018,562028,562034,6,10
562018,562030,562034,4,12
562018,562028,562034,6,10
562018,562028,562034,6,10
562018,562028,562034,6,10
562018,562028,562034,6,10
562018,562028,562034,6,10
562018,562028,562033,5,10
562018,562028,562034,6,10
562018,562029,562034,5,11
562018,562028,562034,6,10
562018,562028,562034,6,10
562018,562028,562034,6,10
562018,562028,562034,6,10
562018,562028,562034,6,10
562018,562028,562034,6,10
562018,562028,562034,6,10
562018,562030,562035,5,12
562018,562030,562034,4,12
562018,562030,562035,5,12
562018,562029,562034,5,11
562018,562030,562035,5,12
562018,562030,562035,5,12
562018,562030,562035,5,12
562018,562029,562035,6,11
562018,562030,562035,5,12
562018,562030,562035,5,12
562018,562030,562035,5,12
562018,562030,562035,5,12
562018,562030,562035,5,12
562018,562030,562035,5,12
562018,562030,562035,5,12
562018,562030,562035,5,12
562018,562030,562035,5,12
562018,562030,562035,5,12
562018,562030,562035,5,12
562018,562030,562035,5,12
562018,562030,562035,5,12
562018,562031,562036,5,13
562018,562031,562036,5,13
562040,562040,562045,5,0
562040,562040,562045,5,0
562040,562040,562045,5,0
562040,562040,562045,5,0
562040,562040,562045,5,0
562040,562040,562045,5,0
562040,562040,562046,6,0
562040,562040,562046,6,0
562040,562040,562046,6,0
562040,562040,562046,6,0
562040,562040,562046,6,0
562040,562040,562046,6,0
562040,562040,562046,6,0
562040,562040,562046,6,0
562040,562040,562046,6,0
562040,562040,562046,6,0
562040,562040,562046,6,0
562040,562040,562046,6,0
562040,562040,562047,7,0
562040,562040,562046,6,0
562040,562040,562046,6,0
562040,562040,562046,6,0
562040,562040,562046,6,0
562040,562040,562047,7,0
562040,562040,562047,7,0
562040,562040,562048,8,0
562040,562040,562047,7,0
562040,562040,562047,7,0
562040,562040,562047,7,0
562040,562040,562047,7,0
562040,562040,562047,7,0
562040,562040,562047,7,0
562040,562040,562047,7,0
562040,562040,562047,7,0
562040,562040,562047,7,0
562040,562040,562048,8,0
562040,562040,562048,8,0
562040,562040,562047,7,0
562040,562040,562048,8,0
562040,562040,562048,8,0
562040,562040,562049,9,0
562040,562040,562049,9,0
562040,562040,562049,9,0
562040,562040,562049,9,0
562040,562040,562048,8,0
562040,562040,562048,8,0
562040,562040,562048,8,0
562040,562040,562048,8,0
562040,562040,562049,9,0
562040,562040,562049,9,0
562040,562040,562049,9,0
562040,562040,562049,9,0
562040,562040,562049,9,0
562040,562041,562049,8,1
562040,562040,562050,10,0
562040,562040,562049,9,0
562040,562040,562049,9,0
562040,562040,562050,10,0
562040,562040,562050,10,0
562040,562040,562049,9,0
562040,562046,562050,4,6
562040,562040,562049,9,0
562040,562040,562049,9,0
562040,562040,562049,9,0
562040,562040,562049,9,0
562040,562040,562049,9,0
562040,562040,562049,9,0
562040,562040,562049,9,0
562040,562046,562049,3,6
562040,562040,562049,9,0
562040,562040,562049,9,0
562040,562040,562049,9,0
562040,562041,562049,8,1
562040,562040,562049,9,0
562040,562046,562050,4,6
562040,562040,562050,10,0
562040,562040,562050,10,0
562040,562040,562050,10,0
562040,562046,562050,4,6
562040,562041,562050,9,1
562040,562046,562051,5,6
562040,562046,562050,4,6
562040,562040,562051,11,0
562040,562047,562051,4,7
562040,562047,562051,4,7
562040,562047,562051,4,7
562040,562047,562051,4,7
562040,562040,562051,11,0
562040,562047,562051,4,7
562040,562047,562051,4,7
562040,562047,562051,4,7
562040,562047,562051,4,7
562040,562047,562051,4,7
562040,562047,562051,4,7
562040,562047,562051,4,7
562040,562040,562051,11,0
562040,562046,562051,5,6
562040,562047,562051,4,7
562040,562040,562051,11,0
562040,562049,562053,4,9
562040,562048,562053,5,8
562040,562048,562053,5,8
562040,562049,562053,4,9
562040,562048,562053,5,8
562040,562049,562053,4,9
562040,562048,562053,5,8
562040,562048,562053,5,8
562040,562049,562053,4,9
562040,562049,562053,4,9
562040,562047,562052,5,7
562040,562047,562053,6,7
562040,562048,562053,5,8
562040,562047,562053,6,7
562040,562048,562053,5,8
562040,562048,562053,5,8
562040,562049,562053,4,9
562040,562049,562052,3,9
562040,562048,562053,5,8
562040,562048,562053,5,8
562040,562048,562053,5,8
562040,562049,562053,4,9
562040,562050,562054,4,10
562040,562050,562054,4,10
562040,562048,562053,5,8
562040,562049,562053,4,9
562040,562048,562053,5,8
562040,562048,562053,5,8
562040,562049,562053,4,9
562040,562049,562054,5,9
562040,562048,562053,5,8
562040,562047,562054,7,7
562040,562050,562054,4,10
562040,562050,562054,4,10
562040,562050,562055,5,10
562040,562050,562055,5,10
562040,562051,562055,4,11
562040,562051,562056,5,11
562040,562052,562056,4,12
562040,562052,562056,4,12
562040,562050,562055,5,10
562040,562050,562055,5,10
562040,562050,562056,6,10
562040,562051,562055,4,11
562040,562050,562056,6,10
562040,562050,562056,6,10
562040,562050,562056,6,10
562040,562050,562055,5,10
562040,562051,562056,5,11
562040,562052,562056,4,12
562040,562053,562057,4,13
562040,562051,562056,5,11
562040,562051,562056,5,11
562040,562052,562057,5,12
562040,562052,562056,4,12
562040,562050,562056,6,10
562040,562050,562057,7,10
562040,562050,562057,7,10
562040,562052,562056,4,12
562040,562050,562057,7,10
562040,562052,562056,4,12
562040,562052,562057,5,12
562040,562052,562057,5,12
562040,562053,562057,4,13
562040,562052,562057,5,12
562040,562052,562057,5,12
562040,562052,562057,5,12
562040,562050,562056,6,10
562040,562050,562056,6,10
562040,562050,562057,7,10
562040,562050,562056,6,10
562040,562050,562056,6,10
562040,562050,562056,6,10
562040,562051,562056,5,11
562040,562050,562056,6,10
562040,562050,562057,7,10
562040,562052,562057,5,12
562040,562052,562057,5,12
562040,562053,562057,4,13
562040,562053,562058,5,13
562040,562053,562057,4,13
562040,562053,562057,4,13
562040,562052,562057,5,12
562040,562053,562057,4,13
562040,562053,562057,4,13
562040,562053,562058,5,13
562040,562053,562058,5,13
562040,562053,562058,5,13
562040,562053,562058,5,13
562040,562050,562057,7,10
562040,562052,562057,5,12
562040,562052,562058,6,12
562040,562053,562058,5,13
562040,562053,562058,5,13
562040,562053,562057,4,13
562040,562053,562058,5,13
562040,562053,562058,5,13
562040,562053,562058,5,13
562040,562053,562058,5,13
562040,562053,562058,5,13
562040,562053,562058,5,13
562063,562063,562068,5,0
562063,562063,562068,5,0
562063,562063,562069,6,0
562063,562063,562069,6,0
562063,562063,562068,5,0
562063,562063,562069,6,0
562063,562063,562069,6,0
562063,562063,562068,5,0
562063,562063,562069,6,0
562063,562063,562069,6,0
562063,562063,562069,6,0
562063,562063,562069,6,0
562063,562063,562069,6,0
562063,562063,562069,6,0
562063,562063,562068,5,0
562063,562063,562068,5,0
562063,562063,562068,5,0
562063,562063,562069,6,0
562063,562063,562070,7,0
562063,562063,562069,6,0
562063,562063,562069,6,0
562063,562063,562071,8,0
562063,562063,562071,8,0
562063,562063,562071,8,0
562063,562063,562071,8,0
562063,562063,562071,8,0
562063,562063,562071,8,0
562063,562063,562071,8,0
562063,562063,562071,8,0
562063,562063,562071,8,0
562063,562063,562071,8,0
562063,562063,562071,8,0
562063,562063,562071,8,0
562063,562063,562071,8,0
562063,562063,562071,8,0
562063,562063,562071,8,0
562063,562063,562071,8,0
562063,562063,562071,8,0
562063,562063,562071,8,0
562063,562063,562071,8,0
562063,562063,562071,8,0
562063,562063,562071,8,0
562063,562063,562071,8,0
562063,562063,562072,9,0
562063,562063,562071,8,0
562063,562063,562072,9,0
562063,562063,562072,9,0
562063,562063,562072,9,0
562063,562063,562072,9,0
562063,562063,562072,9,0
562063,562063,562072,9,0
562063,562063,562072,9,0
562063,562063,562072,9,0
562063,562063,562072,9,0
562063,562063,562072,9,0
562063,562063,562072,9,0
562063,562063,562073,10,0
562063,562063,562073,10,0
562063,562063,562074,11,0
562063,562063,562073,10,0
562063,562063,562073,10,0
562063,562063,562073,10,0
562063,562063,562073,10,0
562063,562063,562073,10,0
562063,562063,562073,10,0
562063,562063,562073,10,0
562063,562063,562073,10,0
562063,562063,562074,11,0
562063,562063,562073,10,0
562063,562063,562073,10,0
562063,562063,562073,10,0
562063,562063,562073,10,0
562063,562063,562073,10,0
562063,562063,562073,10,0
562063,562063,562073,10,0
562063,562069,562074,5,6
562063,562069,562074,5,6
562063,562063,562073,10,0
562063,562063,562074,11,0
562063,562063,562074,11,0
562063,562069,562074,5,6
562063,562069,562074,5,6
562063,562063,562074,11,0
562063,562069,562075,6,6
562063,562069,562075,6,6
562063,562069,562075,6,6
562063,562069,562075,6,6
562063,562063,562074,11,0
562063,562069,562074,5,6
562063,562069,562075,6,6
562063,562069,562075,6,6
562063,562069,562075,6,6
562063,562069,562075,6,6
562063,562069,562075,6,6
562063,562070,562076,6,7
562063,562069,562075,6,6
562063,562069,562075,6,6
562063,562069,562075,6,6
562063,562071,562075,4,8
562063,562070,562075,5,7
562063,562069,562075,6,6
562063,562072,562076,4,9
562063,562072,562076,4,9
562063,562072,562077,5,9
562063,562072,562076,4,9
562063,562072,562076,4,9
562063,562072,562076,4,9
562063,562070,562076,6,7
562063,562072,562076,4,9
562063,562072,562077,5,9
562063,562072,562077,5,9
562063,562072,562077,5,9
562063,562072,562076,4,9
562063,562072,562076,4,9
562063,562072,562076,4,9
562063,562072,562077,5,9
562063,562072,562077,5,9
562063,562073,562077,4,10
562063,562073,562077,4,10
562063,562072,562078,6,9
562063,562072,562077,5,9
562063,562072,562077,5,9
562063,562072,562078,6,9
562063,562072,562077,5,9
562063,562073,562078,5,10
562063,562073,562078,5,10
562063,562072,562077,5,9
562063,562073,562077,4,10
562063,562074,562078,4,11
562063,562074,562078,4,11
562063,562074,562079,5,11
562063,562072,562078,6,9
562063,562073,562078,5,10
562063,562073,562078,5,10
562063,562073,562078,5,10
562063,562072,562078,6,9
562063,562073,562078,5,10
562063,562073,562078,5,10
562063,562073,562078,5,10
562063,562074,562079,5,11
562063,562074,562079,5,11
562063,562075,562079,4,12
562063,562075,562080,5,12
562063,562074,562080,6,11
562063,562074,562080,6,11
562063,562075,562080,5,12
562063,562076,562080,4,13
562063,562074,562080,6,11
562063,562075,562080,5,12
562063,562076,562080,4,13
562063,562074,562079,5,11
562063,562075,562079,4,12
562063,562074,562080,6,11
562063,562074,562080,6,11
562063,562074,562080,6,11
562063,562075,562080,5,12
562063,562075,562080,5,12
562063,562074,562080,6,11
562063,562075,562080,5,12
562063,562074,562080,6,11
562063,562076,562080,4,13
562063,562076,562080,4,13
562063,562076,562080,4,13
562063,562075,562080,5,12
562063,562076,562080,4,13
562063,562074,562081,7,11
562063,562074,562080,6,11
562063,562074,562080,6,11
562063,562074,562080,6,11
562063,562076,562080,4,13
562063,562074,562080,6,11
562063,562074,562081,7,11
562063,562075,562080,5,12
562063,562076,562081,5,13
562063,562077,562081,4,14
562063,562075,562081,6,12
562063,562076,562080,4,13
562063,562074,562080,6,11
562063,562075,562080,5,12
562063,562076,562081,5,13
562063,562078,562082,4,15
562063,562078,562081,3,15
562063,562078,562082,4,15
562063,562077,562081,4,14
562063,562077,562082,5,14
562063,562077,562082,5,14
562063,562077,562081,4,14
562063,562077,562081,4,14
562063,562077,562081,4,14
562063,562076,562081,5,13
562063,562077,562082,5,14
562063,562077,562081,4,14
562063,562074,562081,7,11
562063,562077,562081,4,14
562063,562077,562081,4,14
562063,562077,562081,4,14
562063,562077,562082,5,14
562063,562077,562082,5,14
562063,562078,562082,4,15
562063,562078,562083,5,15
562088,562088,562092,4,0
562088,562088,562093,5,0
562088,562088,562093,5,0
562088,562088,562093,5,0
562088,562088,562093,5,0
562088,562088,562093,5,0
562088,562088,562093,5,0
562088,562088,562093,5,0
562088,562088,562093,5,0
562088,562088,562094,6,0
562088,562088,562093,5,0
562088,562088,562093,5,0
562088,562088,562093,5,0
562088,562088,562094,6,0
562088,562088,562093,5,0
562088,562088,562093,5,0
562088,562088,562093,5,0
562088,562088,562094,6,0
562088,562088,562094,6,0
562088,562088,562093,5,0
562088,562088,562094,6,0
562088,562088,562094,6,0
562088,562088,562093,5,0
562088,562088,562094,6,0
562088,562088,562094,6,0
562088,562088,562093,5,0
562088,562088,562094,6,0
562088,562088,562094,6,0
562088,562088,562094,6,0
562088,562088,562094,6,0
562088,562088,562094,6,0
562088,562088,562094,6,0
562088,562088,562094,6,0
562088,562088,562095,7,0
562088,562088,562096,8,0
562088,562088,562095,7,0
562088,562088,562096,8,0
562088,562088,562095,7,0
562088,562088,562096,8,0
562088,562088,562095,7,0
562088,562088,562095,7,0
562088,562088,562096,8,0
562088,562088,562096,8,0
562088,562088,562097,9,0
562088,562088,562096,8,0
562088,562088,562097,9,0
562088,562088,562097,9,0
562088,562088,562097,9,0
562088,562088,562097,9,0
562088,562088,562096,8,0
562088,562088,562096,8,0
562088,562088,562096,8,0
562088,562088,562097,9,0
562088,562088,562097,9,0
562088,562088,562097,9,0
562088,562088,562097,9,0
562088,562088,562097,9,0
562088,562088,562096,8,0
562088,562088,562097,9,0
562088,562088,562097,9,0
562088,562088,562097,9,0
562088,562088,562096,8,0
562088,562088,562096,8,0
562088,562088,562097,9,0
562088,562088,562097,9,0
562088,562088,562096,8,0
562088,562088,562097,9,0
562088,562088,562097,9,0
562088,562088,562097,9,0
561840,561841,562097,256,1
562088,562088,562097,9,0
562088,562093,562098,5,5
562088,562093,562098,5,5
562088,562088,562097,9,0
562088,562088,562097,9,0
562088,562088,562097,9,0
562088,562088,562098,10,0
562088,562093,562098,5,5
562088,562088,562097,9,0
562088,562093,562098,5,5
562088,562088,562098,10,0
562088,562088,562099,11,0
562088,562094,562099,5,6
562088,562094,562099,5,6
562088,562094,562099,5,6
562088,562094,562099,5,6
562088,562088,562099,11,0
562088,562093,562099,6,5
562088,562093,562099,6,5
562088,562093,562099,6,5
562088,562093,562099,6,5
562088,562088,562099,11,0
562088,562088,562099,11,0
562088,562094,562099,5,6
562088,562094,562099,5,6
562088,562094,562100,6,6
562088,562094,562100,6,6
562088,562094,562099,5,6
562088,562096,562100,4,8
562088,562095,562100,5,7
562088,562094,562100,6,6
562088,562094,562100,6,6
562088,562094,562100,6,6
562088,562094,562100,6,6
562088,562095,562100,5,7
562088,562094,562100,6,6
562088,562094,562099,5,6
562088,562094,562100,6,6
562088,562094,562100,6,6
562088,562094,562100,6,6
562088,562094,562100,6,6
562088,562094,562100,6,6
562088,562095,562100,5,7
562088,562094,562099,5,6
562088,562095,562100,5,7
562088,562096,562101,5,8
562088,562096,562101,5,8
562088,562096,562101,5,8
562088,562097,562101,4,9
562088,562096,562101,5,8
562088,562096,562100,4,8
562088,562097,562102,5,9
562088,562097,562102,5,9
562088,562097,562102,5,9
562088,562097,562102,5,9
562088,562096,562102,6,8
562088,562097,562102,5,9
562088,562097,562102,5,9
562088,562097,562102,5,9
562088,562097,562102,5,9
562088,562096,562102,6,8
562088,562097,562102,5,9
562088,562096,562102,6,8
562088,562097,562103,6,9
562088,562097,562103,6,9
562088,562097,562102,5,9
562088,562097,562103,6,9
562088,562097,562103,6,9
562088,562097,562103,6,9
562088,562097,562103,6,9
562088,562097,562103,6,9
562088,562097,562103,6,9
562088,562100,562104,4,12
562088,562098,562104,6,10
562088,562098,562104,6,10
562088,562097,562104,7,9
562088,562097,562104,7,9
562088,562097,562104,7,9
562088,562099,562104,5,11
562088,562097,562104,7,9
562088,562099,562104,5,11
562088,562097,562104,7,9
562088,562097,562104,7,9
562088,562098,562104,6,10
562088,562097,562104,7,9
562088,562098,562104,6,10
562088,562099,562104,5,11
562088,562097,562104,7,9
562088,562098,562104,6,10
562088,562098,562104,6,10
562088,562099,562104,5,11
562088,562099,562105,6,11
562088,562101,562105,4,13
562088,562099,562105,6,11
562088,562099,562105,6,11
562088,562100,562105,5,12
562088,562100,562105,5,12
562088,562100,562105,5,12
562088,562101,562105,4,13
562088,562098,562104,6,10
562088,562099,562105,6,11
562088,562099,562105,6,11
562088,562100,562105,5,12
562088,562101,562105,4,13
562088,562098,562105,7,10
562088,562100,562105,5,12
562088,562100,562105,5,12
562088,562100,562105,5,12
562088,562098,562105,7,10
562088,562100,562105,5,12
562088,562101,562105,4,13
562096,562098,562105,7,2
562088,562099,562105,6,11
562088,562100,562105,5,12
562088,562100,562105,5,12
562088,562101,562105,4,13
562088,562099,562105,6,11
562088,562099,562105,6,11
562088,562100,562105,5,12
562088,562102,562105,3,14
562088,562098,562105,7,10
562088,562100,562105,5,12
562088,562100,562105,5,12
562088,562100,562106,6,12
562088,562100,562106,6,12
562088,562100,562106,6,12
562088,562098,562106,8,10
562088,562100,562106,6,12
562088,562100,562106,6,12
562088,562100,562106,6,12
562088,562100,562106,6,12
562088,562102,562106,4,14
562110,562111,562116,5,1
562110,562111,562116,5,1
562110,562111,562116,5,1
562110,562111,562115,4,1
562110,562111,562116,5,1
562110,562111,562116,5,1
562110,562111,562116,5,1
562110,562111,562116,5,1
562110,562111,562115,4,1
562110,562111,562116,5,1
562110,562111,562116,5,1
562110,562111,562116,5,1
562110,562111,562117,6,1
562110,562111,562116,5,1
562110,562111,562116,5,1
562110,562111,562116,5,1
562110,562111,562117,6,1
562110,562111,562117,6,1
562110,562111,562116,5,1
562110,562111,562116,5,1
562110,562111,562116,5,1
562110,562111,562116,5,1
562110,562111,562117,6,1
562110,562111,562116,5,1
562110,562111,562117,6,1
562110,562111,562116,5,1
562110,562111,562116,5,1
562110,562111,562116,5,1
562110,562111,562116,5,1
562110,562111,562118,7,1
562110,562111,562117,6,1
562110,562111,562117,6,1
562110,562111,562117,6,1
562110,562111,562118,7,1
562110,562111,562118,7,1
562110,562111,562118,7,1
562110,562111,562118,7,1
562110,562111,562119,8,1
562110,562111,562119,8,1
562110,562111,562118,7,1
562110,562111,562118,7,1
562110,562111,562118,7,1
562110,562111,562119,8,1
562110,562111,562119,8,1
562110,562111,562119,8,1
562110,562111,562118,7,1
562110,562111,562119,8,1
562110,562111,562119,8,1
562110,562111,562119,8,1
562110,562111,562120,9,1
562110,562111,562120,9,1
562110,562111,562120,9,1
562110,562111,562119,8,1
562110,562111,562119,8,1
562110,562111,562119,8,1
562110,562111,562120,9,1
562110,562111,562120,9,1
562110,562111,562120,9,1
562110,562111,562119,8,1
562110,562111,562119,8,1
562110,562111,562119,8,1
562110,562111,562120,9,1
562110,562111,562119,8,1
562110,562111,562119,8,1
562110,562111,562119,8,1
562110,562111,562120,9,1
562110,562111,562119,8,1
562110,562111,562119,8,1
562110,562111,562120,9,1
562110,562111,562119,8,1
562110,562111,562119,8,1
562110,562111,562120,9,1
562110,562111,562120,9,1
562110,562111,562120,9,1
562110,562111,562120,9,1
562110,562116,562120,4,6
562110,562116,562120,4,6
562110,562111,562121,10,1
562110,562111,562120,9,1
562110,562116,562121,5,6
562110,562117,562121,4,7
562110,562111,562121,10,1
562110,562116,562121,5,6
562110,562111,562120,9,1
562110,562116,562121,5,6
562110,562117,562121,4,7
562110,562111,562121,10,1
562110,562116,562121,5,6
562110,562116,562120,4,6
562110,562117,562121,4,7
562110,562117,562121,4,7
562110,562117,562121,4,7
562110,562116,562121,5,6
562110,562116,562121,5,6
562110,562117,562121,4,7
562110,562117,562121,4,7
562110,562117,562121,4,7
562110,562118,562122,4,8
562110,562117,562122,5,7
562110,562117,562122,5,7
562110,562118,562122,4,8
562110,562118,562122,4,8
562110,562117,562122,5,7
562110,562117,562123,6,7
562110,562117,562122,5,7
562110,562117,562123,6,7
562110,562117,562123,6,7
562110,562117,562122,5,7
562110,562117,562123,6,7
562110,562117,562122,5,7
562110,562119,562123,4,9
562110,562118,562123,5,8
562110,562117,562123,6,7
562110,562119,562124,5,9
562110,562119,562123,4,9
562110,562120,562124,4,10
562110,562120,562124,4,10
562110,562120,562124,4,10
562110,562120,562124,4,10
562110,562119,562124,5,9
562110,562119,562124,5,9
562110,562120,562123,3,10
562110,562117,562124,7,7
562110,562119,562124,5,9
562110,562119,562124,5,9
562110,562119,562124,5,9
562110,562119,562123,4,9
562110,562119,562124,5,9
562110,562119,562123,4,9
562110,562119,562123,4,9
562110,562120,562124,4,10
562110,562120,562124,4,10
562110,562120,562125,5,10
562110,562120,562124,4,10
562110,562120,562124,4,10
562110,562119,562124,5,9
562110,562119,562125,6,9
562110,562120,562125,5,10
562110,562119,562125,6,9
562110,562120,562125,5,10
562110,562119,562124,5,9
562110,562120,562125,5,10
562110,562121,562126,5,11
562110,562120,562126,6,10
562110,562120,562126,6,10
562110,562121,562126,5,11
562110,562120,562125,5,10
562110,562120,562126,6,10
562110,562120,562126,6,10
562110,562120,562126,6,10
562110,562120,562125,5,10
562110,562120,562125,5,10
562110,562120,562126,6,10
562110,562122,562127,5,12
562110,562123,562127,4,13
562110,562122,562127,5,12
562110,562122,562127,5,12
562110,562122,562127,5,12
562110,562122,562127,5,12
562110,562121,562127,6,11
562110,562123,562127,4,13
562110,562121,562127,6,11
562110,562121,562127,6,11
562110,562121,562127,6,11
562110,562121,562127,6,11
562110,562121,562127,6,11
562110,562122,562127,5,12
562110,562122,562127,5,12
562110,562122,562127,5,12
562110,562121,562127,6,11
562110,562121,562127,6,11
562110,562121,562127,6,11
562110,562121,562126,5,11
562110,562122,562127,5,12
562110,562121,562127,6,11
562110,562122,562126,4,12
562110,562122,562127,5,12
562110,562124,562128,4,14
562110,562124,562128,4,14
562110,562124,562128,4,14
562110,562123,562127,4,13
562110,562124,562128,4,14
562110,562123,562128,5,13
562110,562123,562128,5,13
562110,562124,562128,4,14
562110,562121,562128,7,11
562110,562121,562128,7,11
562110,562123,562128,5,13
562110,562123,562128,5,13
562110,562123,562128,5,13
562110,562121,562128,7,11
562110,562123,562128,5,13
562110,562123,562128,5,13
562110,562123,562128,5,13
562110,562123,562128,5,13
562110,562121,562128,7,11
562110,562123,562128,5,13
562110,562124,562128,4,14
562110,562124,562128,4,14
562110,562121,562129,8,11
562133,562133,562139,6,0
562133,562133,562139,6,0
562133,562133,562139,6,0
562133,562133,562139,6,0
562133,562133,562139,6,0
562133,562133,562139,6,0
562133,562133,562139,6,0
562133,562133,562139,6,0
562133,562133,562139,6,0
562133,562133,562139,6,0
562133,562133,562139,6,0
562133,562133,562139,6,0
562133,562133,562139,6,0
562133,562133,562139,6,0
562133,562133,562139,6,0
562133,562133,562139,6,0
562133,562133,562139,6,0
562133,562133,562139,6,0
562133,562133,562139,6,0
562133,562133,562139,6,0
562133,562133,562139,6,0
562133,562133,562139,6,0
562133,562133,562140,7,0
562133,562133,562140,7,0
562133,562133,562140,7,0
562133,562133,562140,7,0
562133,562133,562140,7,0
562133,562133,562140,7,0
562133,562133,562140,7,0
562133,562133,562140,7,0
562133,562133,562141,8,0
562133,562133,562141,8,0
562133,562133,562142,9,0
562133,562133,562141,8,0
562133,562133,562141,8,0
562133,562133,562141,8,0
562133,562133,562142,9,0
562133,562133,562142,9,0
562133,562133,562142,9,0
562133,562133,562142,9,0
562133,562133,562142,9,0
562133,562133,562142,9,0
562133,562133,562142,9,0
562133,562133,562142,9,0
562133,562133,562142,9,0
562133,562133,562142,9,0
562133,562133,562142,9,0
562133,562133,562142,9,0
562133,562133,562142,9,0
562133,562133,562142,9,0
562133,562133,562142,9,0
562133,562133,562142,9,0
562133,562133,562142,9,0
562133,562133,562142,9,0
562133,562133,562143,10,0
562133,562133,562142,9,0
562133,562133,562142,9,0
562133,562133,562142,9,0
562133,562133,562142,9,0
562133,562133,562142,9,0
562133,562133,562143,10,0
562133,562133,562142,9,0
562133,562133,562142,9,0
562133,562133,562142,9,0
562133,562133,562143,10,0
562133,562133,562143,10,0
562133,562133,562143,10,0
562133,562133,562143,10,0
562133,562133,562143,10,0
562133,562133,562143,10,0
562133,562133,562143,10,0
562133,562133,562143,10,0
562133,562133,562144,11,0
562133,562140,562145,5,7
562133,562140,562145,5,7
562133,562140,562145,5,7
562133,562133,562144,11,0
562133,562133,562144,11,0
562133,562133,562144,11,0
562133,562140,562144,4,7
562133,562133,562144,11,0
562133,562140,562144,4,7
562133,562140,562145,5,7
562133,562133,562144,11,0
562133,562133,562144,11,0
562133,562140,562145,5,7
562133,562133,562145,12,0
562133,562140,562145,5,7
562133,562140,562145,5,7
562133,562140,562145,5,7
562133,562140,562145,5,7
562133,562140,562145,5,7
562133,562140,562146,6,7
562133,562140,562146,6,7
562133,562140,562146,6,7
562133,562140,562146,6,7
562133,562140,562145,5,7
562133,562140,562145,5,7
562133,562141,562146,5,8
562133,562142,562146,4,9
562133,562142,562146,4,9
562133,562140,562147,7,7
562133,562140,562146,6,7
562133,562142,562147,5,9
562133,562140,562146,6,7
562133,562140,562146,6,7
562133,562141,562146,5,8
562133,562140,562147,7,7
562133,562141,562146,5,8
562133,562140,562146,6,7
562133,562141,562147,6,8
562133,562142,562147,5,9
562133,562141,562146,5,8
562133,562142,562147,5,9
562133,562142,562146,4,9
562133,562143,562147,4,10
562133,562143,562147,4,10
562133,562143,562147,4,10
562133,562143,562148,5,10
562133,562143,562148,5,10
562133,562143,562148,5,10
562133,562143,562147,4,10
562133,562143,562148,5,10
562133,562143,562148,5,10
562133,562143,562147,4,10
562133,562143,562148,5,10
562133,562143,562147,4,10
562133,562141,562148,7,8
562133,562143,562148,5,10
562133,562143,562148,5,10
562133,562143,562148,5,10
562133,562143,562148,5,10
562133,562143,562148,5,10
562133,562143,562148,5,10
562133,562143,562149,6,10
562133,562143,562149,6,10
562133,562143,562148,5,10
562133,562143,562149,6,10
562133,562143,562148,5,10
562133,562143,562149,6,10
562133,562143,562148,5,10
562133,562144,562149,5,11
562133,562144,562149,5,11
562133,562144,562150,6,11
562133,562144,562149,5,11
562133,562144,562149,5,11
562133,562144,562150,6,11
562133,562146,562150,4,13
562133,562146,562150,4,13
562133,562145,562150,5,12
562133,562143,562149,6,10
562133,562143,562149,6,10
562133,562143,562150,7,10
562133,562146,562150,4,13
562133,562146,562150,4,13
562133,562144,562149,5,11
562133,562145,562150,5,12
562133,562144,562150,6,11
562133,562146,562151,5,13
562133,562146,562151,5,13
562133,562146,562150,4,13
562133,562147,562151,4,14
562133,562145,562151,6,12
562133,562145,562150,5,12
562133,562146,562150,4,13
562133,562145,562151,6,12
562133,562145,562150,5,12
562133,562145,562151,6,12
562133,562146,562150,4,13
562133,562146,562150,4,13
562133,562146,562151,5,13
562133,562146,562151,5,13
562133,562145,562151,6,12
562133,562146,562150,4,13
562133,562147,562151,4,14
562133,562146,562151,5,13
562133,562148,562151,3,15
562133,562148,562151,3,15
562133,562146,562151,5,13
562133,562147,562151,4,14
562133,562147,562151,4,14
562133,562148,562152,4,15
562133,562148,562151,3,15
562133,562145,562152,7,12
562133,562147,562151,4,14
562133,562147,562151,4,14
562133,562147,562151,4,14
562133,562145,562151,6,12
562133,562147,562152,5,14
562133,562147,562152,5,14
562133,562147,562152,5,14
562133,562147,562152,5,14
562133,562147,562152,5,14
562133,562145,562151,6,12
562133,562145,562151,6,12
562133,562147,562152,5,14
562133,562145,562151,6,12
562133,562145,562151,6,12
562133,562147,562152,5,14
562133,562147,562152,5,14
562157,562157,562162,5,0
562157,562157,562162,5,0
562157,562157,562162,5,0
562157,562157,562162,5,0
562157,562157,562163,6,0
562157,562157,562163,6,0
562157,562157,562162,5,0
562157,562157,562162,5,0
562157,562157,562163,6,0
562157,562157,562162,5,0
562157,562157,562163,6,0
562157,562157,562162,5,0
562157,562157,562163,6,0
562157,562157,562163,6,0
562157,562157,562163,6,0
562157,562157,562164,7,0
562157,562157,562164,7,0
562157,562157,562164,7,0
562157,562157,562163,6,0
562157,562157,562164,7,0
562157,562157,562164,7,0
562157,562157,562164,7,0
562157,562157,562164,7,0
562157,562157,562164,7,0
562157,562157,562164,7,0
562157,562157,562164,7,0
562157,562157,562164,7,0
562157,562157,562165,8,0
562157,562157,562164,7,0
562157,562157,562165,8,0
562157,562157,562164,7,0
562157,562157,562165,8,0
562157,562157,562165,8,0
562157,562157,562165,8,0
562157,562157,562164,7,0
562157,562157,562165,8,0
562157,562157,562165,8,0
562157,562157,562164,7,0
562157,562157,562164,7,0
562157,562157,562165,8,0
562157,562157,562164,7,0
562157,562157,562164,7,0
562157,562157,562164,7,0
562157,562157,562165,8,0
562157,562157,562165,8,0
562157,562157,562165,8,0
562157,562157,562165,8,0
562157,562157,562165,8,0
562157,562157,562165,8,0
562157,562157,562165,8,0
562157,562157,562164,7,0
562157,562157,562165,8,0
562157,562157,562165,8,0
562157,562157,562166,9,0
562157,562157,562166,9,0
562157,562157,562166,9,0
562157,562157,562166,9,0
562157,562157,562167,10,0
562157,562157,562167,10,0
562157,562157,562167,10,0
562157,562157,562167,10,0
562157,562157,562167,10,0
562157,562157,562167,10,0
562157,562157,562167,10,0
562157,562157,562167,10,0
562157,562157,562167,10,0
562157,562157,562167,10,0
562157,562157,562167,10,0
562157,562157,562167,10,0
562157,562157,562167,10,0
562157,562157,562167,10,0
562157,562157,562167,10,0
562157,562163,562167,4,6
562157,562157,562167,10,0
562157,562157,562167,10,0
562157,562157,562168,11,0
562157,562157,562167,10,0
562157,562157,562167,10,0
562157,562157,562168,11,0
562157,562164,562168,4,7
562157,562163,562168,5,6
562157,562163,562168,5,6
562157,562163,562168,5,6
562157,562157,562168,11,0
562157,562163,562168,5,6
562157,562164,562168,4,7
562157,562163,562168,5,6
562157,562164,562168,4,7
562157,562163,562169,6,6
562157,562163,562168,5,6
562157,562164,562168,4,7
562157,562163,562168,5,6
562157,562164,562168,4,7
562157,562163,562168,5,6
562157,562165,562169,4,8
562157,562164,562169,5,7
562157,562165,562169,4,8
562157,562163,562169,6,6
562157,562163,562169,6,6
562157,562163,562169,6,6
562157,562164,562169,5,7
562157,562163,562169,6,6
562157,562164,562169,5,7
562157,562164,562169,5,7
562157,562163,562169,6,6
562157,562157,562169,12,0
562157,562165,562170,5,8
562157,562165,562170,5,8
562157,562165,562170,5,8
562157,562165,562171,6,8
562157,562165,562171,6,8
562157,562165,562170,5,8
562157,562165,562170,5,8
562157,562166,562170,4,9
562157,562165,562171,6,8
562157,562166,562170,4,9
562157,562165,562170,5,8
562157,562165,562171,6,8
562157,562165,562171,6,8
562157,562165,562171,6,8
562157,562165,562171,6,8
562157,562166,562171,5,9
562157,562165,562171,6,8
562157,562165,562171,6,8
562157,562165,562171,6,8
562157,562167,562171,4,10
562157,562165,562171,6,8
562157,562165,562172,7,8
562157,562165,562172,7,8
562157,562167,562172,5,10
562157,562165,562171,6,8
562157,562166,562172,6,9
562157,562166,562172,6,9
562157,562165,562171,6,8
562157,562166,562171,5,9
562157,562165,562171,6,8
562157,562167,562172,5,10
562157,562167,562172,5,10
562157,562167,562172,5,10
562157,562167,562172,5,10
562157,562168,562172,4,11
562157,562166,562172,6,9
562157,562168,562172,4,11
562157,562170,562173,3,13
562157,562167,562173,6,10
562157,562168,562174,6,11
562157,562170,562173,3,13
562157,562167,562173,6,10
562157,562167,562173,6,10
562157,562168,562173,5,11
562157,562169,562174,5,12
562157,562170,562173,3,13
562157,562168,562173,5,11
562157,562168,562173,5,11
562157,562168,562174,6,11
562157,562169,562173,4,12
562157,562170,562174,4,13
562157,562168,562173,5,11
562157,562168,562173,5,11
562157,562168,562173,5,11
562157,562168,562173,5,11
562157,562169,562174,5,12
562157,562168,562173,5,11
562157,562168,562174,6,11
562157,562169,562174,5,12
562157,562169,562174,5,12
562157,562170,562174,4,13
562157,562167,562174,7,10
562157,562169,562174,5,12
562157,562169,562174,5,12
562157,562169,562174,5,12
562157,562170,562174,4,13
562157,562170,562174,4,13
562157,562168,562174,6,11
562157,562170,562174,4,13
562157,562169,562175,6,12
562157,562169,562175,6,12
562157,562170,562174,4,13
562157,562170,562174,4,13
562157,562170,562174,4,13
562157,562169,562175,6,12
562157,562170,562174,4,13
562157,562171,562175,4,14
562157,562172,562175,3,15
562157,562172,562175,3,15
562157,562171,562175,4,14
562157,562171,562175,4,14
562157,562172,562175,3,15
562157,562171,562175,4,14
562157,562169,562175,6,12
562157,562169,562175,6,12
562157,562169,562175,6,12
562157,562169,562175,6,12
562157,562171,562175,4,14
562157,562171,562175,4,14
562157,562171,562176,5,14
562157,562171,562175,4,14
562157,562171,562175,4,14
562157,562171,562175,4,14
562157,562171,562176,5,14
562181,562181,562186,5,0
562181,562181,562186,5,0
562181,562181,562186,5,0
562181,562181,562186,5,0
562181,562181,562186,5,0
562181,562181,562186,5,0
562181,562181,562186,5,0
562181,562181,562186,5,0
562181,562181,562186,5,0
562181,562181,562186,5,0
562181,562181,562187,6,0
562181,562181,562187,6,0
562181,562181,562186,5,0
562181,562181,562186,5,0
562181,562181,562186,5,0
562181,562181,562186,5,0
562181,562181,562186,5,0
562181,562181,562186,5,0
562181,562181,562187,6,0
562181,562181,562186,5,0
562181,562181,562186,5,0
562181,562181,562186,5,0
562181,562181,562186,5,0
562181,562181,562187,6,0
562181,562181,562187,6,0
562181,562181,562186,5,0
562181,562181,562187,6,0
562181,562181,562187,6,0
562181,562181,562187,6,0
562181,562181,562187,6,0
562181,562181,562187,6,0
562181,562181,562187,6,0
562181,562181,562188,7,0
562181,562181,562188,7,0
562181,562181,562188,7,0
562181,562181,562189,8,0
562181,562181,562188,7,0
562181,562181,562189,8,0
562181,562181,562189,8,0
562181,562181,562189,8,0
562181,562181,562188,7,0
562181,562181,562189,8,0
562181,562181,562189,8,0
562181,562181,562189,8,0
562181,562181,562188,7,0
562181,562181,562189,8,0
562181,562181,562189,8,0
562181,562181,562189,8,0
562181,562181,562188,7,0
562181,562181,562188,7,0
562181,562181,562188,7,0
562181,562181,562189,8,0
562181,562181,562188,7,0
562181,562181,562189,8,0
562181,562181,562188,7,0
562181,562181,562189,8,0
562181,562181,562190,9,0
562181,562181,562189,8,0
562181,562186,562190,4,5
562181,562181,562189,8,0
562181,562181,562189,8,0
562181,562181,562189,8,0
562181,562181,562189,8,0
562181,562181,562189,8,0
562181,562181,562189,8,0
562181,562181,562189,8,0
562181,562181,562189,8,0
562181,562181,562191,10,0
562181,562181,562191,10,0
562181,562181,562191,10,0
562181,562181,562190,9,0
562181,562181,562191,10,0
562181,562186,562191,5,5
562181,562181,562191,10,0
562181,562181,562191,10,0
562181,562181,562191,10,0
562181,562181,562191,10,0
562181,562186,562191,5,5
562181,562181,562191,10,0
562181,562181,562191,10,0
562181,562181,562190,9,0
562181,562186,562191,5,5
562181,562181,562190,9,0
562181,562181,562191,10,0
562181,562186,562190,4,5
562181,562186,562191,5,5
562181,562186,562191,5,5
562181,562186,562191,5,5
562181,562187,562191,4,6
562181,562187,562191,4,6
562181,562187,562192,5,6
562181,562187,562192,5,6
562181,562187,562192,5,6
562181,562187,562191,4,6
562181,562187,562192,5,6
562181,562187,562193,6,6
562181,562187,562193,6,6
562181,562189,562193,4,8
562181,562189,562193,4,8
562181,562189,562193,4,8
562181,562187,562193,6,6
562181,562187,562193,6,6
562181,562187,562193,6,6
562181,562187,562193,6,6
562181,562188,562193,5,7
562181,562187,562193,6,6
562181,562188,562193,5,7
562181,562188,562193,5,7
562181,562188,562193,5,7
562181,562187,562193,6,6
562181,562187,562193,6,6
562181,562188,562193,5,7
562181,562188,562193,5,7
562181,562189,562194,5,8
562181,562189,562194,5,8
562181,562189,562194,5,8
562181,562189,562194,5,8
562181,562187,562194,7,6
562181,562189,562194,5,8
562181,562189,562194,5,8
562181,562189,562194,5,8
562181,562189,562194,5,8
562181,562187,562193,6,6
562181,562189,562194,5,8
562181,562189,562194,5,8
562181,562189,562194,5,8
562181,562189,562194,5,8
562181,562189,562194,5,8
562181,562189,562194,5,8
562181,562189,562195,6,8
562181,562190,562195,5,9
562181,562190,562195,5,9
562181,562190,562195,5,9
562181,562189,562195,6,8
562181,562189,562195,6,8
562181,562190,562195,5,9
562181,562190,562195,5,9
562181,562190,562195,5,9
562181,562189,562195,6,8
562181,562190,562195,5,9
562181,562189,562195,6,8
562181,562189,562195,6,8
562181,562189,562195,6,8
562181,562191,562196,5,10
562181,562191,562196,5,10
562181,562191,562196,5,10
562181,562191,562196,5,10
562181,562190,562196,6,9
562181,562191,562197,6,10
562181,562190,562196,6,9
562181,562190,562196,6,9
562181,562190,562196,6,9
562181,562193,562197,4,12
562181,562193,562197,4,12
562181,562191,562197,6,10
562181,562191,562197,6,10
562181,562191,562197,6,10
562181,562191,562197,6,10
562181,562193,562197,4,12
562181,562191,562197,6,10
562181,562191,562197,6,10
562181,562191,562197,6,10
562181,562193,562197,4,12
562181,562191,562197,6,10
562181,562191,562197,6,10
562181,562191,562198,7,10
562181,562191,562197,6,10
562181,562193,562197,4,12
562181,562192,562198,6,11
562181,562193,562198,5,12
562181,562193,562197,4,12
562181,562193,562198,5,12
562181,562192,562198,6,11
562181,562193,562198,5,12
562181,562191,562198,7,10
562181,562193,562198,5,12
562181,562193,562198,5,12
562181,562191,562198,7,10
562181,562193,562198,5,12
562181,562193,562198,5,12
562181,562193,562198,5,12
562181,562193,562198,5,12
562181,562192,562198,6,11
562181,562191,562198,7,10
562181,562191,562198,7,10
562181,562193,562198,5,12
562181,562191,562198,7,10
562181,562193,562198,5,12
562181,562194,562199,5,13
562181,562194,562199,5,13
562181,562194,562199,5,13
562181,562194,562199,5,13
562181,562193,562199,6,12
562181,562193,562199,6,12
562181,562194,562199,5,13
562181,562195,562199,4,14
562181,562195,562199,4,14
562181,562194,562199,5,13
562181,562191,562199,8,10
562181,562194,562199,5,13
562203,562204,562208,4,1
562203,562204,562209,5,1
562203,562204,562209,5,1
562203,562204,562208,4,1
562203,562204,562208,4,1
562203,562204,562209,5,1
562203,562204,562208,4,1
562203,562204,562209,5,1
562203,562204,562208,4,1
562203,562204,562208,4,1
562203,562204,562209,5,1
562203,562204,562209,5,1
562203,562204,562209,5,1
562203,562204,562209,5,1
562203,562204,562209,5,1
562203,562204,562210,6,1
562203,562204,562210,6,1
562203,562204,562209,5,1
562203,562204,562209,5,1
562203,562204,562209,5,1
562203,562204,562210,6,1
562203,562204,562210,6,1
562203,562204,562210,6,1
562203,562204,562210,6,1
562203,562204,562210,6,1
562203,562204,562210,6,1
562203,562204,562210,6,1
562203,562204,562211,7,1
562203,562204,562210,6,1
562203,562204,562210,6,1
562203,562204,562210,6,1
562203,562204,562210,6,1
562203,562204,562210,6,1
562203,562204,562210,6,1
562203,562204,562210,6,1
562203,562204,562210,6,1
562203,562204,562211,7,1
562203,562204,562212,8,1
562203,562204,562212,8,1
562203,562204,562211,7,1
562203,562204,562212,8,1
562203,562204,562211,7,1
562203,562204,562212,8,1
562203,562204,562212,8,1
562203,562204,562211,7,1
562203,562204,562211,7,1
562203,562204,562212,8,1
562203,562204,562212,8,1
562203,562204,562211,7,1
562203,562204,562212,8,1
562203,562204,562212,8,1
562203,562204,562212,8,1
562203,562204,562213,9,1
562203,562204,562213,9,1
562203,562204,562213,9,1
562203,562204,562213,9,1
562203,562204,562212,8,1
562203,562204,562213,9,1
562203,562204,562212,8,1
562203,562204,562213,9,1
562203,562204,562213,9,1
562203,562209,562213,4,6
562203,562204,562212,8,1
562203,562204,562212,8,1
562203,562204,562213,9,1
562203,562209,562213,4,6
562203,562204,562212,8,1
562203,562209,562213,4,6
562203,562204,562213,9,1
562203,562209,562213,4,6
562203,562209,562213,4,6
562203,562210,562213,3,7
562203,562204,562213,9,1
562203,562204,562213,9,1
562203,562204,562213,9,1
562203,562204,562213,9,1
562203,562209,562213,4,6
562203,562209,562214,5,6
562203,562210,562214,4,7
562203,562204,562213,9,1
562203,562204,562214,10,1
562203,562204,562214,10,1
562203,562209,562214,5,6
562203,562204,562213,9,1
562203,562204,562213,9,1
562203,562204,562214,10,1
562203,562209,562213,4,6
562203,562204,562214,10,1
562203,562209,562214,5,6
562203,562204,562214,10,1
562203,562204,562214,10,1
562203,562211,562214,3,8
562203,562204,562214,10,1
562203,562210,562214,4,7
562203,562210,562215,5,7
562203,562210,562214,4,7
562203,562210,562215,5,7
562203,562210,562215,5,7
562203,562210,562215,5,7
562203,562212,562216,4,9
562203,562211,562215,4,8
562203,562211,562215,4,8
562203,562211,562215,4,8
562203,562211,562215,4,8
562203,562211,562216,5,8
562203,562210,562215,5,7
562203,562211,562215,4,8
562203,562211,562215,4,8
562203,562210,562215,5,7
562203,562211,562216,5,8
562203,562212,562216,4,9
562203,562211,562215,4,8
562203,562211,562216,5,8
562203,562212,562216,4,9
562203,562212,562216,4,9
562203,562211,562215,4,8
562203,562211,562216,5,8
562203,562210,562215,5,7
562203,562211,562216,5,8
562203,562211,562216,5,8
562203,562210,562216,6,7
562203,562212,562217,5,9
562203,562212,562217,5,9
562203,562212,562216,4,9
562203,562212,562216,4,9
562203,562213,562217,4,10
562203,562212,562217,5,9
562203,562213,562217,4,10
562203,562212,562217,5,9
562203,562212,562217,5,9
562203,562212,562216,4,9
562203,562212,562216,4,9
562203,562213,562217,4,10
562203,562212,562217,5,9
562203,562213,562218,5,10
562203,562213,562217,4,10
562203,562213,562217,4,10
562203,562213,562217,4,10
562203,562213,562217,4,10
562203,562213,562217,4,10
562203,562213,562218,5,10
562203,562213,562217,4,10
562203,562212,562217,5,9
562203,562213,562218,5,10
562203,562214,562219,5,11
562203,562214,562218,4,11
562203,562214,562219,5,11
562203,562213,562219,6,10
562203,562213,562219,6,10
562203,562213,562219,6,10
562203,562213,562219,6,10
562203,562213,562219,6,10
562203,562213,562219,6,10
562203,562216,562220,4,13
562203,562214,562219,5,11
562203,562216,562220,4,13
562203,562214,562219,5,11
562203,562214,562220,6,11
562203,562216,562220,4,13
562203,562214,562220,6,11
562203,562216,562220,4,13
562203,562216,562220,4,13
562203,562216,562220,4,13
562203,562214,562220,6,11
562203,562216,562220,4,13
562203,562214,562220,6,11
562203,562214,562220,6,11
562203,562213,562219,6,10
562203,562214,562220,6,11
562203,562215,562220,5,12
562203,562214,562220,6,11
562203,562214,562220,6,11
562203,562214,562220,6,11
562203,562215,562220,5,12
562203,562215,562220,5,12
562203,562216,562221,5,13
562203,562216,562221,5,13
562203,562216,562220,4,13
562203,562214,562220,6,11
562203,562214,562221,7,11
562203,562216,562221,5,13
562203,562215,562220,5,12
562203,562216,562221,5,13
562203,562215,562220,5,12
562203,562216,562221,5,13
562203,562216,562221,5,13
562203,562216,562221,5,13
562203,562214,562221,7,11
562203,562214,562221,7,11
562203,562215,562222,7,12
562203,562215,562222,7,12
562203,562216,562222,6,13
562203,562216,562222,6,13
562203,562216,562222,6,13
562203,562216,562222,6,13
562203,562216,562222,6,13
562203,562216,562222,6,13
562203,562216,562222,6,13
562203,562216,562222,6,13
562203,562216,562223,7,13
562227,562227,562232,5,0
562227,562227,562232,5,0
562227,562227,562232,5,0
562227,562227,562232,5,0
562227,562227,562232,5,0
562227,562227,562232,5,0
562227,562227,562232,5,0
562227,562227,562232,5,0
562227,562227,562232,5,0
562227,562227,562233,6,0
562227,562227,562233,6,0
562227,562227,562233,6,0
562227,562227,562233,6,0
562227,562227,562233,6,0
562227,562227,562233,6,0
562227,562227,562233,6,0
562227,562227,562233,6,0
562227,562227,562233,6,0
562227,562227,562233,6,0
562227,562227,562233,6,0
562227,562227,562233,6,0
562227,562227,562233,6,0
562227,562227,562233,6,0
562227,562227,562233,6,0
562227,562227,562234,7,0
562227,562227,562234,7,0
562227,562227,562234,7,0
562227,562227,562234,7,0
562227,562227,562234,7,0
562227,562227,562235,8,0
562227,562227,562235,8,0
562227,562227,562234,7,0
562227,562227,562234,7,0
562227,562227,562234,7,0
562227,562227,562234,7,0
562227,562227,562234,7,0
562227,562227,562235,8,0
562227,562227,562235,8,0
562227,562227,562236,9,0
562227,562227,562235,8,0
562227,562227,562235,8,0
562227,562227,562235,8,0
562227,562227,562235,8,0
562227,562227,562235,8,0
562227,562227,562235,8,0
562227,562227,562235,8,0
562227,562227,562235,8,0
562227,562227,562235,8,0
562227,562227,562236,9,0
562227,562227,562235,8,0
562227,562227,562235,8,0
562227,562227,562236,9,0
562227,562227,562235,8,0
562227,562227,562237,10,0
562227,562227,562236,9,0
562227,562227,562237,10,0
562227,562233,562237,4,6
562227,562227,562236,9,0
562227,562227,562236,9,0
562227,562232,562236,4,5
562227,562227,562236,9,0
562227,562227,562236,9,0
562227,562227,562237,10,0
562227,562227,562237,10,0
562227,562227,562237,10,0
562227,562233,562237,4,6
562227,562227,562236,9,0
562227,562227,562237,10,0
562227,562233,562237,4,6
562227,562227,562237,10,0
562227,562227,562237,10,0
562227,562227,562237,10,0
562227,562227,562238,11,0
562227,562227,562237,10,0
562227,562234,562237,3,7
562227,562227,562237,10,0
562227,562227,562237,10,0
562227,562233,562237,4,6
562227,562233,562237,4,6
562227,562227,562237,10,0
562227,562227,562237,10,0
562227,562227,562237,10,0
562227,562227,562238,11,0
562227,562227,562237,10,0
562227,562227,562237,10,0
562227,562234,562238,4,7
562227,562227,562237,10,0
562227,562233,562237,4,6
562227,562233,562237,4,6
562227,562233,562238,5,6
562227,562234,562238,4,7
562227,562227,562238,11,0
562227,562234,562238,4,7
562227,562234,562239,5,7
562227,562234,562239,5,7
562227,562234,562239,5,7
562227,562236,562240,4,9
562227,562234,562239,5,7
562227,562234,562239,5,7
562227,562235,562240,5,8
562227,562234,562239,5,7
562227,562234,562239,5,7
562227,562235,562239,4,8
562227,562234,562239,5,7
562227,562235,562239,4,8
562227,562236,562239,3,9
562227,562235,562239,4,8
562227,562235,562240,5,8
562227,562235,562239,4,8
562227,562234,562239,5,7
562227,562235,562239,4,8
562227,562235,562239,4,8
562227,562234,562239,5,7
562227,562235,562239,4,8
562227,562235,562239,4,8
562227,562235,562240,5,8
562227,562235,562239,4,8
562227,562236,562240,4,9
562227,562236,562240,4,9
562227,562236,562240,4,9
562227,562237,562240,3,10
562227,562236,562240,4,9
562227,562236,562241,5,9
562227,562236,562240,4,9
562227,562236,562240,4,9
562227,562236,562241,5,9
562227,562234,562240,6,7
562227,562236,562241,5,9
562227,562236,562241,5,9
562227,562237,562241,4,10
562227,562237,562241,4,10
562227,562237,562241,4,10
562227,562236,562241,5,9
562227,562236,562241,5,9
562227,562237,562241,4,10
562227,562237,562241,4,10
562227,562237,562241,4,10
562227,562236,562241,5,9
562227,562236,562242,6,9
562227,562237,562241,4,10
562227,562237,562242,5,10
562227,562237,562242,5,10
562227,562236,562241,5,9
562227,562237,562241,4,10
562227,562237,562241,4,10
562227,562237,562241,4,10
562227,562238,562242,4,11
562227,562238,562242,4,11
562227,562238,562242,4,11
562227,562238,562242,4,11
562227,562237,562242,5,10
562227,562237,562242,5,10
562227,562237,562242,5,10
562227,562238,562243,5,11
562227,562240,562243,3,13
562227,562238,562243,5,11
562227,562238,562243,5,11
562227,562240,562244,4,13
562227,562240,562244,4,13
562227,562238,562244,6,11
562227,562240,562244,4,13
562227,562240,562244,4,13
562227,562240,562244,4,13
562227,562238,562243,5,11
562227,562238,562243,5,11
562227,562239,562243,4,12
562227,562238,562244,6,11
562227,562238,562244,6,11
562227,562239,562244,5,12
562227,562238,562244,6,11
562227,562238,562244,6,11
562227,562238,562244,6,11
562227,562239,562244,5,12
562227,562239,562244,5,12
562227,562239,562244,5,12
562227,562240,562244,4,13
562227,562240,562244,4,13
562227,562240,562245,5,13
562227,562240,562244,4,13
562227,562240,562244,4,13
562227,562238,562244,6,11
562227,562240,562244,4,13
562227,562240,562244,4,13
562227,562238,562244,6,11
562227,562240,562245,5,13
562227,562238,562245,7,11
562227,562240,562245,5,13
562227,562238,562244,6,11
562227,562238,562244,6,11
562227,562240,562245,5,13
562227,562240,562244,4,13
562227,562238,562244,6,11
562227,562240,562245,5,13
562227,562240,562245,5,13
562227,562240,562245,5,13
562227,562241,562245,4,14
562227,562240,562245,5,13
562227,562240,562246,6,13
562227,562240,562246,6,13
562227,562241,562246,5,14
562251,562251,562256,5,0
562251,562251,562256,5,0
562251,562251,562256,5,0
562251,562251,562256,5,0
562251,562251,562256,5,0
562251,562251,562256,5,0
562251,562251,562257,6,0
562251,562251,562257,6,0
562251,562251,562256,5,0
562251,562251,562257,6,0
562251,562251,562256,5,0
562251,562251,562256,5,0
562251,562251,562256,5,0
562251,562251,562256,5,0
562251,562251,562257,6,0
562251,562251,562257,6,0
562251,562251,562256,5,0
562251,562251,562256,5,0
562251,562251,562257,6,0
562251,562251,562257,6,0
562251,562251,562256,5,0
562251,562251,562257,6,0
562251,562251,562256,5,0
562251,562251,562257,6,0
562251,562251,562257,6,0
562251,562251,562257,6,0
562251,562251,562258,7,0
562251,562251,562257,6,0
562251,562251,562257,6,0
562251,562251,562257,6,0
562251,562251,562257,6,0
562251,562251,562257,6,0
562251,562251,562258,7,0
562251,562251,562258,7,0
562251,562251,562257,6,0
562251,562251,562257,6,0
562251,562251,562258,7,0
562251,562251,562258,7,0
562251,562251,562259,8,0
562251,562251,562258,7,0
562251,562251,562259,8,0
562251,562251,562259,8,0
562251,562251,562258,7,0
562251,562251,562259,8,0
562251,562251,562259,8,0
562251,562251,562258,7,0
562251,562251,562259,8,0
562251,562251,562258,7,0
562251,562251,562259,8,0
562251,562251,562258,7,0
562251,562251,562258,7,0
562251,562251,562259,8,0
562251,562251,562259,8,0
562251,562251,562258,7,0
562251,562251,562259,8,0
562251,562251,562259,8,0
562251,562251,562259,8,0
562251,562251,562260,9,0
562251,562251,562259,8,0
562251,562251,562260,9,0
562251,562251,562259,8,0
562251,562251,562259,8,0
562251,562256,562259,3,5
562251,562251,562260,9,0
562251,562251,562260,9,0
562251,562251,562259,8,0
562251,562251,562259,8,0
562251,562256,562259,3,5
562251,562251,562260,9,0
562251,562256,562260,4,5
562251,562256,562259,3,5
562251,562251,562260,9,0
562251,562251,562260,9,0
562251,562251,562260,9,0
562251,562251,562260,9,0
562251,562251,562261,10,0
562251,562251,562260,9,0
562251,562251,562261,10,0
562251,562257,562261,4,6
562251,562251,562261,10,0
562251,562251,562261,10,0
562251,562251,562261,10,0
562251,562257,562261,4,6
562251,562251,562261,10,0
562251,562251,562261,10,0
562251,562257,562262,5,6
562251,562257,562262,5,6
562251,562257,562261,4,6
562251,562257,562262,5,6
562251,562257,562262,5,6
562251,562257,562262,5,6
562251,562257,562262,5,6
562251,562257,562262,5,6
562251,562257,562263,6,6
562251,562251,562262,11,0
562251,562257,562262,5,6
562251,562258,562262,4,7
562251,562257,562263,6,6
562251,562257,562263,6,6
562251,562258,562263,5,7
562251,562257,562263,6,6
562251,562257,562263,6,6
562251,562258,562263,5,7
562251,562257,562263,6,6
562251,562258,562263,5,7
562251,562258,562263,5,7
562251,562257,562263,6,6
562251,562259,562263,4,8
562251,562257,562263,6,6
562251,562257,562263,6,6
562251,562258,562263,5,7
562251,562257,562263,6,6
562251,562257,562263,6,6
562251,562258,562263,5,7
562251,562258,562264,6,7
562251,562258,562263,5,7
562251,562258,562263,5,7
562251,562259,562264,5,8
562251,562259,562265,6,8
562251,562259,562265,6,8
562251,562259,562265,6,8
562251,562259,562264,5,8
562251,562259,562264,5,8
562251,562259,562264,5,8
562251,562260,562264,4,9
562251,562260,562265,5,9
562251,562259,562265,6,8
562251,562259,562265,6,8
562251,562259,562264,5,8
562251,562259,562265,6,8
562251,562260,562265,5,9
562251,562259,562265,6,8
562251,562259,562265,6,8
562251,562260,562265,5,9
562251,562260,562265,5,9
562251,562259,562266,7,8
562251,562259,562265,6,8
562251,562259,562266,7,8
562251,562260,562266,6,9
562251,562259,562266,7,8
562251,562260,562266,6,9
562251,562260,562266,6,9
562251,562261,562266,5,10
562251,562260,562266,6,9
562251,562261,562266,5,10
562251,562260,562266,6,9
562251,562260,562266,6,9
562251,562259,562266,7,8
562251,562260,562266,6,9
562251,562262,562267,5,11
562251,562261,562267,6,10
562251,562262,562267,5,11
562251,562260,562266,6,9
562251,562260,562266,6,9
562251,562260,562266,6,9
562251,562262,562266,4,11
562251,562260,562267,7,9
562251,562262,562267,5,11
562251,562262,562267,5,11
562251,562264,562267,3,13
562251,562264,562267,3,13
562251,562261,562267,6,10
562251,562262,562267,5,11
562251,562263,562267,4,12
562251,562263,562268,5,12
562251,562262,562267,5,11
562251,562263,562267,4,12
562251,562263,562268,5,12
562251,562262,562267,5,11
562251,562264,562268,4,13
562251,562264,562267,3,13
562251,562264,562267,3,13
562251,562264,562267,3,13
562251,562264,562268,4,13
562251,562264,562268,4,13
562251,562264,562268,4,13
562251,562264,562269,5,13
562251,562263,562268,5,12
562251,562264,562268,4,13
562251,562264,562268,4,13
562251,562264,562268,4,13
562251,562262,562268,6,11
562251,562264,562268,4,13
562251,562262,562269,7,11
562251,562264,562269,5,13
562251,562264,562268,4,13
562251,562263,562269,6,12
562251,562264,562269,5,13
562251,562265,562268,3,14
562251,562264,562268,4,13
562251,562263,562269,6,12
562251,562263,562269,6,12
562251,562265,562269,4,14
562251,562263,562269,6,12
562251,562263,562270,7,12
562251,562264,562269,5,13
562251,562263,562269,6,12
562251,562265,562269,4,14
562251,562264,562269,5,13
562251,562263,562269,6,12
562274,562274,562279,5,0
562274,562274,562279,5,0
562274,562274,562279,5,0
562274,562274,562280,6,0
562274,562274,562279,5,0
562274,562274,562279,5,0
562274,562274,562279,5,0
562274,562274,562279,5,0
562274,562274,562279,5,0
562274,562274,562279,5,0
562274,562274,562279,5,0
562274,562274,562279,5,0
562274,562274,562279,5,0
562274,562274,562279,5,0
562274,562274,562279,5,0
562274,562274,562281,7,0
562274,562274,562280,6,0
562274,562274,562280,6,0
562274,562274,562281,7,0
562274,562274,562281,7,0
562274,562274,562281,7,0
562274,562274,562281,7,0
562274,562274,562281,7,0
562274,562274,562280,6,0
562274,562274,562280,6,0
562274,562274,562281,7,0
562274,562274,562281,7,0
562274,562274,562280,6,0
562274,562274,562281,7,0
562274,562274,562280,6,0
562274,562274,562281,7,0
562274,562274,562282,8,0
562274,562274,562281,7,0
562274,562274,562282,8,0
562274,562274,562282,8,0
562274,562274,562282,8,0
562274,562274,562282,8,0
562274,562274,562282,8,0
562274,562274,562281,7,0
562274,562274,562282,8,0
562274,562274,562282,8,0
562274,562274,562281,7,0
562274,562274,562282,8,0
562274,562274,562282,8,0
562274,562274,562282,8,0
562274,562274,562282,8,0
562274,562274,562281,7,0
562274,562274,562282,8,0
562274,562274,562281,7,0
562274,562274,562282,8,0
562274,562274,562282,8,0
562274,562274,562282,8,0
562274,562274,562282,8,0
562274,562274,562282,8,0
562274,562274,562282,8,0
562274,562274,562282,8,0
562274,562274,562282,8,0
562274,562274,562282,8,0
562274,562274,562282,8,0
562274,562274,562282,8,0
562274,562274,562283,9,0
562274,562274,562284,10,0
562274,562274,562283,9,0
562274,562274,562283,9,0
562274,562274,562283,9,0
562274,562274,562283,9,0
562274,562280,562284,4,6
562274,562280,562284,4,6
562274,562274,562283,9,0
562274,562274,562283,9,0
562274,562274,562283,9,0
562274,562274,562283,9,0
562274,562274,562283,9,0
562274,562280,562284,4,6
562274,562280,562284,4,6
562274,562274,562284,10,0
562274,562279,562283,4,5
562274,562280,562284,4,6
562274,562274,562283,9,0
562274,562274,562284,10,0
562274,562274,562283,9,0
562274,562279,562283,4,5
562274,562280,562284,4,6
562274,562274,562284,10,0
562274,562279,562283,4,5
562274,562274,562283,9,0
562274,562274,562284,10,0
562274,562280,562283,3,6
562274,562280,562284,4,6
562274,562274,562285,11,0
562274,562280,562284,4,6
562274,562274,562284,10,0
562274,562280,562284,4,6
562274,562280,562284,4,6
562274,562280,562284,4,6
562274,562281,562286,5,7
562274,562281,562286,5,7
562274,562281,562286,5,7
562274,562282,562286,4,8
562274,562281,562286,5,7
562274,562281,562286,5,7
562274,562281,562286,5,7
562274,562281,562286,5,7
562274,562281,562286,5,7
562274,562281,562286,5,7
562274,562281,562286,5,7
562274,562281,562286,5,7
562274,562281,562286,5,7
562274,562281,562286,5,7
562274,562281,562286,5,7
562274,562282,562286,4,8
562274,562282,562287,5,8
562274,562281,562287,6,7
562274,562282,562286,4,8
562274,562282,562286,4,8
562274,562282,562287,5,8
562274,562282,562287,5,8
562274,562282,562287,5,8
562274,562281,562286,5,7
562274,562282,562288,6,8
562274,562282,562287,5,8
562274,562283,562288,5,9
562274,562282,562288,6,8
562274,562283,562288,5,9
562274,562282,562288,6,8
562274,562282,562288,6,8
562274,562283,562288,5,9
562274,562283,562288,5,9
562274,562282,562288,6,8
562274,562283,562288,5,9
562274,562282,562288,6,8
562274,562282,562288,6,8
562274,562283,562288,5,9
562274,562283,562288,5,9
562274,562283,562288,5,9
562274,562282,562288,6,8
562274,562283,562288,5,9
562274,562282,562288,6,8
562274,562284,562289,5,10
562274,562284,562289,5,10
562274,562284,562289,5,10
562274,562284,562289,5,10
562274,562282,562289,7,8
562274,562284,562289,5,10
562274,562283,562289,6,9
562274,562284,562290,6,10
562274,562284,562290,6,10
562274,562284,562289,5,10
562274,562284,562290,6,10
562274,562284,562290,6,10
562274,562284,562290,6,10
562274,562284,562290,6,10
562274,562284,562290,6,10
562274,562284,562290,6,10
562274,562286,562290,4,12
562274,562284,562290,6,10
562274,562286,562290,4,12
562274,562286,562290,4,12
562274,562284,562290,6,10
562274,562286,562290,4,12
562274,562284,562289,5,10
562274,562284,562290,6,10
562274,562284,562290,6,10
562274,562285,562290,5,11
562274,562284,562291,7,10
562274,562287,562291,4,13
562274,562287,562291,4,13
562274,562284,562291,7,10
562274,562285,562291,6,11
562274,562285,562291,6,11
562274,562286,562291,5,12
562274,562284,562290,6,10
562274,562284,562290,6,10
562274,562284,562291,7,10
562274,562287,562291,4,13
562274,562286,562291,5,12
562274,562286,562291,5,12
562274,562286,562291,5,12
562274,562287,562291,4,13
562274,562286,562291,5,12
562274,562286,562291,5,12
562274,562286,562291,5,12
562274,562284,562291,7,10
562274,562286,562291,5,12
562274,562286,562291,5,12
562274,562286,562291,5,12
562274,562284,562291,7,10
562274,562286,562291,5,12
562274,562284,562291,7,10
562274,562284,562291,7,10
562274,562284,562291,7,10
562274,562287,562292,5,13
562274,562287,562292,5,13
562274,562287,562292,5,13
562274,562287,562292,5,13
562274,562285,562292,7,11
562274,562285,562292,7,11
562274,562288,562293,5,14
562274,562287,562293,6,13
562274,562285,562292,7,11
562297,562297,562302,5,0
562297,562297,562302,5,0
562297,562297,562303,6,0
562297,562297,562302,5,0
562297,562297,562303,6,0
562297,562297,562303,6,0
562297,562297,562303,6,0
562297,562297,562303,6,0
562297,562297,562304,7,0
562297,562297,562303,6,0
562297,562297,562303,6,0
562297,562297,562303,6,0
562297,562297,562303,6,0
562297,562297,562303,6,0
562297,562297,562303,6,0
562297,562297,562303,6,0
562297,562297,562303,6,0
562297,562297,562303,6,0
562297,562297,562303,6,0
562297,562297,562303,6,0
562297,562297,562303,6,0
562297,562297,562303,6,0
562297,562297,562304,7,0
562297,562297,562304,7,0
562297,562297,562305,8,0
562297,562297,562306,9,0
562297,562298,562305,7,1
562297,562298,562306,8,1
562297,562297,562305,8,0
562297,562297,562305,8,0
562297,562297,562305,8,0
562297,562298,562305,7,1
562297,562298,562306,8,1
562297,562298,562305,7,1
562297,562298,562306,8,1
562297,562297,562305,8,0
562297,562298,562305,7,1
562297,562297,562305,8,0
562297,562297,562305,8,0
562297,562297,562305,8,0
562297,562297,562305,8,0
562297,562298,562305,7,1
562297,562297,562306,9,0
562297,562297,562306,9,0
562297,562298,562306,8,1
562297,562298,562307,9,1
562297,562297,562306,9,0
562297,562297,562307,10,0
562297,562298,562307,9,1
562297,562304,562307,3,7
562297,562298,562306,8,1
562297,562298,562306,8,1
562297,562298,562307,9,1
562297,562298,562306,8,1
562297,562298,562307,9,1
562297,562298,562306,8,1
562297,562298,562307,9,1
562297,562298,562306,8,1
562297,562297,562306,9,0
562297,562298,562306,8,1
562297,562298,562307,9,1
562297,562303,562307,4,6
562297,562298,562306,8,1
562297,562298,562307,9,1
562297,562298,562307,9,1
562297,562298,562306,8,1
562297,562298,562306,8,1
562297,562298,562307,9,1
562297,562303,562307,4,6
562297,562298,562306,8,1
562297,562298,562307,9,1
562297,562298,562307,9,1
562297,562298,562307,9,1
562297,562298,562307,9,1
562297,562298,562307,9,1
562297,562304,562307,3,7
562297,562298,562308,10,1
562297,562298,562307,9,1
562297,562298,562307,9,1
562297,562298,562307,9,1
562297,562304,562307,3,7
562297,562304,562307,3,7
562297,562298,562307,9,1
562297,562303,562307,4,6
562297,562298,562308,10,1
562297,562303,562308,5,6
562297,562304,562308,4,7
562297,562304,562308,4,7
562297,562304,562308,4,7
562297,562304,562309,5,7
562297,562304,562309,5,7
562297,562304,562309,5,7
562297,562298,562308,10,1
562297,562298,562308,10,1
562297,562304,562309,5,7
562297,562305,562309,4,8
562297,562304,562309,5,7
562297,562304,562309,5,7
562297,562304,562310,6,7
562297,562306,562310,4,9
562297,562304,562310,6,7
562297,562305,562309,4,8
562297,562304,562310,6,7
562297,562304,562309,5,7
562297,562304,562310,6,7
562297,562306,562310,4,9
562297,562306,562311,5,9
562297,562306,562311,5,9
562297,562306,562310,4,9
562297,562306,562310,4,9
562297,562306,562311,5,9
562297,562306,562310,4,9
562297,562306,562310,4,9
562297,562306,562310,4,9
562297,562306,562310,4,9
562297,562306,562311,5,9
562297,562306,562311,5,9
562297,562306,562311,5,9
562297,562306,562311,5,9
562297,562306,562311,5,9
562297,562306,562311,5,9
562297,562307,562311,4,10
562297,562307,562312,5,10
562297,562307,562311,4,10
562297,562306,562311,5,9
562297,562307,562312,5,10
562297,562307,562312,5,10
562297,562307,562312,5,10
562297,562307,562312,5,10
562297,562307,562313,6,10
562297,562307,562313,6,10
562297,562307,562313,6,10
562297,562307,562312,5,10
562297,562307,562313,6,10
562297,562307,562313,6,10
562297,562307,562313,6,10
562297,562307,562312,5,10
562297,562307,562312,5,10
562297,562307,562313,6,10
562297,562307,562313,6,10
562297,562308,562313,5,11
562297,562307,562313,6,10
562297,562307,562313,6,10
562297,562307,562313,6,10
562297,562307,562312,5,10
562297,562307,562312,5,10
562297,562308,562313,5,11
562297,562307,562313,6,10
562297,562307,562312,5,10
562297,562308,562313,5,11
562297,562308,562313,5,11
562297,562309,562314,5,12
562297,562309,562314,5,12
562297,562308,562313,5,11
562297,562308,562313,5,11
562297,562309,562314,5,12
562297,562308,562314,6,11
562297,562308,562314,6,11
562297,562308,562313,5,11
562297,562311,562314,3,14
562297,562307,562313,6,10
562297,562309,562314,5,12
562297,562307,562313,6,10
562297,562307,562314,7,10
562297,562309,562314,5,12
562297,562308,562313,5,11
562297,562310,562313,3,13
562297,562308,562313,5,11
562297,562310,562314,4,13
562297,562307,562313,6,10
562297,562309,562314,5,12
562297,562308,562313,5,11
562297,562310,562315,5,13
562297,562309,562314,5,12
562297,562309,562314,5,12
562297,562311,562314,3,14
562297,562311,562314,3,14
562297,562308,562314,6,11
562297,562310,562315,5,13
562297,562311,562314,3,14
562297,562311,562314,3,14
562297,562311,562315,4,14
562297,562309,562315,6,12
562297,562309,562314,5,12
562297,562309,562315,6,12
562297,562309,562314,5,12
562297,562310,562315,5,13
562297,562311,562315,4,14
562297,562310,562315,5,13
562297,562311,562315,4,14
562297,562310,562315,5,13
562297,562310,562314,4,13
562297,562311,562315,4,14
562297,562309,562315,6,12
562297,562309,562316,7,12
562297,562311,562316,5,14
562297,562311,562316,5,14
562297,562311,562317,6,14
562297,562311,562316,5,14
562297,562311,562317,6,14
562321,562321,562326,5,0
562321,562321,562326,5,0
562321,562321,562326,5,0
562321,562321,562326,5,0
562321,562321,562327,6,0
562321,562321,562327,6,0
562321,562321,562327,6,0
562321,562321,562326,5,0
562321,562321,562327,6,0
562321,562321,562327,6,0
562321,562321,562327,6,0
562321,562321,562327,6,0
562321,562321,562327,6,0
562321,562321,562327,6,0
562321,562321,562327,6,0
562321,562321,562326,5,0
562321,562321,562327,6,0
562321,562321,562327,6,0
562321,562321,562327,6,0
562321,562321,562327,6,0
562321,562321,562327,6,0
562321,562321,562327,6,0
562321,562321,562328,7,0
562321,562321,562328,7,0
562321,562321,562328,7,0
562321,562321,562328,7,0
562321,562321,562328,7,0
562321,562321,562328,7,0
562321,562321,562328,7,0
562321,562321,562328,7,0
562321,562321,562329,8,0
562321,562321,562329,8,0
562321,562321,562329,8,0
562321,562321,562329,8,0
562321,562321,562329,8,0
562321,562321,562329,8,0
562321,562321,562329,8,0
562321,562321,562329,8,0
562321,562321,562329,8,0
562321,562321,562329,8,0
562321,562321,562329,8,0
562321,562321,562330,9,0
562321,562321,562329,8,0
562321,562321,562329,8,0
562321,562321,562329,8,0
562321,562321,562329,8,0
562321,562321,562329,8,0
562321,562321,562329,8,0
562321,562321,562329,8,0
562321,562321,562330,9,0
562321,562321,562330,9,0
562321,562321,562329,8,0
562321,562321,562330,9,0
562321,562321,562329,8,0
562321,562321,562330,9,0
562321,562321,562330,9,0
562321,562321,562330,9,0
562321,562321,562330,9,0
562321,562321,562331,10,0
562321,562321,562331,10,0
562321,562321,562330,9,0
562321,562321,562330,9,0
562321,562328,562331,3,7
562321,562321,562330,9,0
562321,562321,562330,9,0
562321,562321,562330,9,0
562321,562321,562330,9,0
562321,562321,562331,10,0
562321,562321,562331,10,0
562321,562321,562331,10,0
562321,562321,562331,10,0
562321,562321,562331,10,0
562321,562321,562331,10,0
562321,562321,562332,11,0
562321,562328,562331,3,7
562321,562321,562331,10,0
562321,562321,562331,10,0
562321,562327,562332,5,6
562321,562321,562331,10,0
562321,562328,562331,3,7
562321,562321,562331,10,0
562321,562327,562331,4,6
562321,562321,562331,10,0
562321,562321,562332,11,0
562321,562327,562331,4,6
562321,562327,562331,4,6
562321,562328,562332,4,7
562321,562328,562333,5,7
562321,562328,562332,4,7
562321,562321,562332,11,0
562321,562328,562332,4,7
562321,562328,562333,5,7
562321,562328,562332,4,7
562321,562329,562333,4,8
562321,562329,562333,4,8
562321,562328,562333,5,7
562321,562328,562333,5,7
562321,562329,562333,4,8
562321,562328,562333,5,7
562321,562330,562334,4,9
562321,562330,562334,4,9
562321,562330,562334,4,9
562321,562328,562333,5,7
562321,562328,562334,6,7
562321,562328,562333,5,7
562321,562329,562333,4,8
562321,562329,562334,5,8
562321,562328,562333,5,7
562321,562328,562333,5,7
562321,562329,562333,4,8
562321,562329,562333,4,8
562321,562329,562333,4,8
562321,562330,562335,5,9
562321,562330,562335,5,9
562321,562330,562335,5,9
562321,562330,562334,4,9
562321,562330,562334,4,9
562321,562328,562334,6,7
562321,562330,562335,5,9
562321,562330,562335,5,9
562321,562330,562335,5,9
562321,562330,562335,5,9
562321,562330,562335,5,9
562321,562330,562335,5,9
562321,562331,562336,5,10
562321,562331,562336,5,10
562321,562331,562336,5,10
562321,562331,562336,5,10
562321,562330,562336,6,9
562321,562330,562335,5,9
562321,562330,562336,6,9
562321,562330,562335,5,9
562321,562331,562336,5,10
562321,562330,562335,5,9
562321,562331,562336,5,10
562321,562331,562336,5,10
562321,562332,562336,4,11
562321,562332,562337,5,11
562321,562331,562336,5,10
562321,562332,562337,5,11
562321,562332,562336,4,11
562321,562331,562337,6,10
562321,562331,562337,6,10
562321,562331,562336,5,10
562321,562331,562336,5,10
562321,562331,562336,5,10
562321,562330,562336,6,9
562321,562330,562336,6,9
562321,562330,562336,6,9
562321,562330,562336,6,9
562321,562332,562337,5,11
562321,562330,562337,7,9
562321,562331,562336,5,10
562321,562332,562338,6,11
562321,562332,562338,6,11
562321,562332,562337,5,11
562321,562332,562337,5,11
562321,562332,562337,5,11
562321,562332,562337,5,11
562321,562333,562337,4,12
562321,562333,562338,5,12
562321,562333,562338,5,12
562321,562332,562338,6,11
562321,562332,562338,6,11
562321,562332,562337,5,11
562321,562333,562338,5,12
562321,562332,562337,5,11
562321,562332,562337,5,11
562321,562332,562337,5,11
562321,562332,562338,6,11
562321,562334,562338,4,13
562321,562332,562337,5,11
562321,562333,562338,5,12
562321,562334,562338,4,13
562321,562334,562338,4,13
562321,562334,562339,5,13
562321,562335,562339,4,14
562321,562334,562339,5,13
562321,562334,562339,5,13
562321,562333,562338,5,12
562321,562334,562339,5,13
562321,562335,562339,4,14
562321,562334,562338,4,13
562321,562333,562338,5,12
562321,562335,562339,4,14
562321,562335,562339,4,14
562321,562333,562339,6,12
562321,562333,562339,6,12
562321,562333,562338,5,12
562321,562333,562339,6,12
562321,562334,562339,5,13
562321,562334,562339,5,13
562321,562334,562338,4,13
562321,562335,562339,4,14
562321,562334,562340,6,13
562321,562335,562339,4,14
562321,562334,562339,5,13
562321,562334,562339,5,13
562321,562335,562339,4,14
562321,562335,562339,4,14
562344,562344,562349,5,0
562344,562344,562349,5,0
562344,562344,562349,5,0
562344,562344,562349,5,0
562344,562344,562349,5,0
562344,562344,562349,5,0
562344,562344,562349,5,0
562344,562344,562349,5,0
562344,562344,562349,5,0
562344,562344,562350,6,0
562344,562344,562349,5,0
562344,562344,562349,5,0
562344,562344,562349,5,0
562344,562344,562350,6,0
562344,562344,562350,6,0
562344,562344,562349,5,0
562344,562344,562350,6,0
562344,562344,562349,5,0
562344,562344,562350,6,0
562344,562344,562350,6,0
562344,562344,562349,5,0
562344,562344,562350,6,0
562344,562344,562350,6,0
562344,562344,562350,6,0
562344,562344,562350,6,0
562344,562344,562350,6,0
562344,562344,562350,6,0
562344,562344,562350,6,0
562344,562344,562350,6,0
562344,562344,562350,6,0
562344,562344,562351,7,0
562344,562344,562351,7,0
562344,562344,562350,6,0
562344,562344,562351,7,0
562344,562344,562351,7,0
562344,562344,562351,7,0
562344,562344,562352,8,0
562344,562344,562351,7,0
562344,562344,562352,8,0
562344,562344,562352,8,0
562344,562344,562352,8,0
562344,562344,562351,7,0
562344,562344,562352,8,0
562344,562344,562352,8,0
562344,562344,562352,8,0
562344,562344,562352,8,0
562344,562344,562352,8,0
562344,562344,562352,8,0
562344,562344,562351,7,0
562344,562344,562351,7,0
562344,562344,562352,8,0
562344,562344,562352,8,0
562344,562344,562352,8,0
562344,562344,562352,8,0
562344,562344,562352,8,0
562344,562344,562352,8,0
562344,562344,562351,7,0
562344,562344,562351,7,0
562344,562344,562352,8,0
562344,562344,562352,8,0
562344,562344,562352,8,0
562344,562344,562352,8,0
562344,562344,562352,8,0
562344,562344,562352,8,0
562344,562344,562353,9,0
562344,562344,562353,9,0
562344,562344,562353,9,0
562344,562344,562353,9,0
562344,562344,562353,9,0
562344,562344,562352,8,0
562344,562344,562353,9,0
562344,562344,562353,9,0
562344,562344,562352,8,0
562344,562344,562353,9,0
562344,562344,562353,9,0
562344,562344,562353,9,0
562344,562349,562353,4,5
562344,562344,562353,9,0
562344,562344,562354,10,0
562344,562344,562354,10,0
562344,562350,562354,4,6
562344,562350,562354,4,6
562344,562350,562354,4,6
562344,562350,562354,4,6
562344,562349,562354,5,5
562344,562344,562354,10,0
562344,562349,562354,5,5
562344,562349,562354,5,5
562344,562349,562354,5,5
562344,562349,562354,5,5
562344,562349,562354,5,5
562344,562350,562355,5,6
562344,562350,562355,5,6
562344,562350,562355,5,6
562344,562350,562355,5,6
562344,562350,562355,5,6
562344,562350,562355,5,6
562344,562350,562355,5,6
562344,562349,562355,6,5
562344,562350,562355,5,6
562344,562351,562355,4,7
562344,562349,562355,6,5
562344,562350,562355,5,6
562344,562350,562355,5,6
562344,562350,562355,5,6
562344,562351,562356,5,7
562344,562350,562355,5,6
562344,562350,562355,5,6
562344,562350,562355,5,6
562344,562350,562355,5,6
562344,562351,562355,4,7
562344,562351,562355,4,7
562344,562350,562356,6,6
562344,562351,562356,5,7
562344,562350,562356,6,6
562344,562352,562357,5,8
562344,562352,562357,5,8
562344,562352,562357,5,8
562344,562352,562357,5,8
562344,562352,562357,5,8
562344,562352,562357,5,8
562344,562352,562357,5,8
562344,562352,562357,5,8
562344,562352,562357,5,8
562344,562352,562358,6,8
562344,562352,562357,5,8
562344,562352,562357,5,8
562344,562352,562358,6,8
562344,562354,562357,3,10
562344,562351,562357,6,7
562344,562353,562357,4,9
562344,562353,562357,4,9
562344,562352,562357,5,8
562344,562353,562357,4,9
562344,562353,562357,4,9
562344,562353,562357,4,9
562344,562353,562358,5,9
562344,562353,562358,5,9
562344,562353,562358,5,9
562344,562353,562358,5,9
562344,562353,562358,5,9
562344,562353,562358,5,9
562344,562352,562358,6,8
562344,562352,562358,6,8
562344,562352,562358,6,8
562344,562354,562358,4,10
562344,562354,562358,4,10
562344,562354,562358,4,10
562344,562352,562358,6,8
562344,562354,562358,4,10
562344,562354,562358,4,10
562344,562354,562358,4,10
562344,562354,562358,4,10
562344,562354,562358,4,10
562344,562354,562359,5,10
562344,562352,562359,7,8
562344,562352,562359,7,8
562344,562352,562359,7,8
562344,562355,562360,5,11
562344,562355,562359,4,11
562344,562355,562359,4,11
562344,562355,562359,4,11
562344,562354,562360,6,10
562344,562354,562360,6,10
562344,562354,562360,6,10
562344,562354,562360,6,10
562344,562356,562360,4,12
562344,562354,562360,6,10
562344,562355,562360,5,11
562344,562356,562360,4,12
562344,562356,562360,4,12
562344,562356,562360,4,12
562344,562355,562360,5,11
562344,562356,562361,5,12
562344,562355,562360,5,11
562344,562355,562360,5,11
562344,562356,562361,5,12
562344,562357,562360,3,13
562344,562357,562360,3,13
562344,562356,562361,5,12
562344,562356,562360,4,12
562344,562356,562360,4,12
562344,562356,562361,5,12
562344,562356,562361,5,12
562344,562356,562360,4,12
562344,562356,562360,4,12
562344,562357,562360,3,13
562344,562356,562361,5,12
562344,562358,562361,3,14
562344,562358,562361,3,14
562344,562358,562361,3,14
562344,562356,562361,5,12
562344,562356,562361,5,12
562344,562356,562361,5,12
562344,562356,562361,5,12
562344,562356,562361,5,12
562344,562356,562361,5,12
562344,562358,562362,4,14
562344,562358,562362,4,14
562344,562356,562362,6,12
562367,562367,562371,4,0
562367,562367,562371,4,0
562367,562367,562372,5,0
562367,562367,562371,4,0
562367,562367,562372,5,0
562367,562367,562372,5,0
562367,562367,562372,5,0
562367,562367,562372,5,0
562367,562367,562373,6,0
562367,562367,562372,5,0
562367,562367,562373,6,0
562367,562367,562372,5,0
562367,562367,562372,5,0
562367,562367,562373,6,0
562367,562367,562372,5,0
562367,562367,562372,5,0
562367,562367,562372,5,0
562367,562367,562372,5,0
562367,562367,562373,6,0
562367,562367,562373,6,0
562367,562367,562372,5,0
562367,562367,562373,6,0
562367,562367,562372,5,0
562367,562367,562373,6,0
562367,562367,562372,5,0
562367,562367,562374,7,0
562367,562367,562373,6,0
562367,562367,562373,6,0
562367,562367,562373,6,0
562367,562367,562374,7,0
562367,562367,562373,6,0
562367,562367,562374,7,0
562367,562367,562374,7,0
562367,562367,562373,6,0
562367,562367,562373,6,0
562367,562367,562373,6,0
562367,562367,562374,7,0
562367,562367,562374,7,0
562367,562367,562374,7,0
562367,562367,562374,7,0
562367,562367,562374,7,0
562367,562367,562375,8,0
562367,562367,562374,7,0
562367,562367,562375,8,0
562367,562367,562374,7,0
562367,562367,562375,8,0
562367,562367,562374,7,0
562367,562367,562374,7,0
562367,562367,562374,7,0
562367,562367,562374,7,0
562367,562367,562374,7,0
562367,562367,562375,8,0
562367,562367,562375,8,0
562367,562367,562375,8,0
562367,562367,562375,8,0
562367,562367,562374,7,0
562367,562367,562374,7,0
562367,562367,562375,8,0
562367,562367,562374,7,0
562367,562367,562375,8,0
562367,562367,562375,8,0
562367,562367,562375,8,0
562367,562367,562375,8,0
562367,562367,562376,9,0
562367,562367,562375,8,0
562367,562367,562376,9,0
562367,562367,562376,9,0
562367,562367,562376,9,0
562367,562367,562375,8,0
562367,562367,562376,9,0
562367,562367,562375,8,0
562367,562367,562375,8,0
562367,562367,562376,9,0
562367,562367,562375,8,0
562367,562367,562375,8,0
562367,562367,562376,9,0
562367,562372,562376,4,5
562367,562367,562376,9,0
562367,562367,562376,9,0
562367,562372,562376,4,5
562367,562367,562376,9,0
562367,562372,562377,5,5
562367,562372,562376,4,5
562367,562373,562377,4,6
562367,562373,562377,4,6
562367,562367,562376,9,0
562367,562372,562377,5,5
562367,562372,562376,4,5
562367,562372,562376,4,5
562367,562372,562377,5,5
562367,562373,562377,4,6
562367,562373,562378,5,6
562367,562373,562378,5,6
562367,562373,562377,4,6
562367,562373,562377,4,6
562367,562373,562377,4,6
562367,562374,562378,4,7
562367,562373,562377,4,6
562367,562373,562377,4,6
562367,562373,562378,5,6
562367,562373,562378,5,6
562367,562373,562377,4,6
562367,562373,562378,5,6
562367,562374,562378,4,7
562367,562373,562378,5,6
562367,562373,562378,5,6
562367,562374,562378,4,7
562367,562374,562379,5,7
562367,562373,562378,5,6
562367,562374,562379,5,7
562367,562374,562379,5,7
562367,562374,562379,5,7
562367,562374,562379,5,7
562367,562374,562379,5,7
562367,562374,562379,5,7
562367,562374,562379,5,7
562367,562374,562379,5,7
562367,562374,562379,5,7
562367,562374,562379,5,7
562367,562374,562379,5,7
562367,562374,562379,5,7
562367,562375,562380,5,8
562367,562375,562380,5,8
562367,562375,562380,5,8
562367,562375,562380,5,8
562367,562375,562380,5,8
562367,562375,562379,4,8
562367,562375,562380,5,8
562367,562375,562380,5,8
562367,562375,562380,5,8
562367,562375,562380,5,8
562367,562375,562380,5,8
562367,562375,562380,5,8
562367,562376,562381,5,9
562367,562376,562381,5,9
562367,562376,562381,5,9
562367,562376,562381,5,9
562367,562376,562381,5,9
562367,562375,562381,6,8
562367,562375,562380,5,8
562367,562376,562381,5,9
562367,562376,562381,5,9
562367,562375,562381,6,8
562367,562376,562381,5,9
562367,562376,562381,5,9
562367,562376,562381,5,9
562367,562375,562381,6,8
562367,562375,562381,6,8
562367,562376,562381,5,9
562367,562376,562381,5,9
562367,562375,562381,6,8
562367,562375,562381,6,8
562367,562375,562381,6,8
562367,562375,562381,6,8
562367,562376,562381,5,9
562367,562376,562381,5,9
562367,562377,562382,5,10
562367,562377,562381,4,10
562367,562377,562382,5,10
562367,562377,562382,5,10
562367,562377,562382,5,10
562367,562376,562382,6,9
562367,562377,562382,5,10
562367,562377,562382,5,10
562367,562377,562383,6,10
562367,562378,562383,5,11
562367,562378,562383,5,11
562367,562379,562383,4,12
562367,562379,562383,4,12
562367,562377,562383,6,10
562367,562377,562383,6,10
562367,562377,562383,6,10
562367,562379,562383,4,12
562367,562379,562383,4,12
562367,562378,562383,5,11
562367,562378,562383,5,11
562367,562378,562383,5,11
562367,562378,562383,5,11
562367,562379,562383,4,12
562367,562377,562383,6,10
562367,562378,562384,6,11
562367,562378,562383,5,11
562367,562380,562383,3,13
562367,562380,562383,3,13
562367,562380,562384,4,13
562367,562378,562383,5,11
562367,562378,562383,5,11
562367,562380,562383,3,13
562367,562378,562384,6,11
562367,562379,562384,5,12
562367,562377,562384,7,10
562367,562378,562384,6,11
562367,562378,562384,6,11
562367,562378,562384,6,11
562367,562378,562384,6,11
562367,562380,562384,4,13
562367,562380,562384,4,13
562367,562380,562384,4,13
562367,562378,562385,7,11
562367,562379,562386,7,12
562391,562391,562395,4,0
562391,562391,562396,5,0
562391,562391,562395,4,0
562391,562391,562395,4,0
562391,562391,562395,4,0
562391,562391,562395,4,0
562391,562391,562396,5,0
562391,562391,562395,4,0
562391,562391,562396,5,0
562391,562391,562396,5,0
562391,562391,562397,6,0
562391,562391,562397,6,0
562391,562391,562396,5,0
562391,562391,562397,6,0
562391,562391,562397,6,0
562391,562391,562396,5,0
562391,562391,562396,5,0
562391,562391,562396,5,0
562391,562391,562396,5,0
562391,562391,562397,6,0
562391,562391,562397,6,0
562391,562391,562397,6,0
562391,562391,562397,6,0
562391,562391,562396,5,0
562391,562391,562396,5,0
562391,562391,562397,6,0
562391,562391,562397,6,0
562391,562391,562397,6,0
562391,562391,562397,6,0
562391,562391,562398,7,0
562391,562391,562398,7,0
562391,562391,562398,7,0
562391,562391,562398,7,0
562391,562391,562398,7,0
562391,562391,562397,6,0
562391,562391,562397,6,0
562391,562391,562398,7,0
562391,562391,562397,6,0
562391,562391,562397,6,0
562391,562391,562397,6,0
562391,562391,562398,7,0
562391,562391,562397,6,0
562391,562391,562398,7,0
562391,562391,562398,7,0
562391,562391,562398,7,0
562391,562391,562397,6,0
562391,562391,562397,6,0
562391,562391,562397,6,0
562391,562391,562398,7,0
562391,562391,562398,7,0
562391,562391,562398,7,0
562391,562391,562398,7,0
562391,562391,562398,7,0
562391,562391,562398,7,0
562391,562391,562398,7,0
562391,562391,562398,7,0
562391,562391,562398,7,0
562391,562391,562399,8,0
562391,562391,562398,7,0
562391,562391,562398,7,0
562391,562391,562398,7,0
562391,562391,562398,7,0
562391,562391,562399,8,0
562391,562391,562398,7,0
562391,562391,562399,8,0
562391,562391,562400,9,0
562391,562391,562399,8,0
562391,562391,562400,9,0
562391,562391,562399,8,0
562391,562396,562400,4,5
562391,562391,562399,8,0
562391,562397,562400,3,6
562391,562391,562400,9,0
562391,562391,562400,9,0
562391,562391,562400,9,0
562391,562391,562400,9,0
562391,562391,562400,9,0
562391,562391,562400,9,0
562391,562396,562401,5,5
562391,562391,562400,9,0
562391,562397,562401,4,6
562391,562397,562401,4,6
562391,562397,562401,4,6
562391,562397,562401,4,6
562391,562391,562400,9,0
562391,562391,562401,10,0
562391,562391,562400,9,0
562391,562396,562401,5,5
562391,562397,562401,4,6
562391,562396,562400,4,5
562391,562397,562401,4,6
562391,562397,562401,4,6
562391,562398,562401,3,7
562391,562398,562402,4,7
562391,562398,562401,3,7
562391,562398,562402,4,7
562391,562396,562401,5,5
562391,562397,562402,5,6
562391,562396,562402,6,5
562391,562397,562401,4,6
562391,562396,562401,5,5
562391,562397,562401,4,6
562391,562397,562402,5,6
562391,562397,562402,5,6
562391,562396,562401,5,5
562391,562397,562401,4,6
562391,562397,562402,5,6
562391,562398,562403,5,7
562391,562398,562403,5,7
562391,562398,562403,5,7
562391,562398,562402,4,7
562391,562397,562402,5,6
562391,562398,562402,4,7
562391,562398,562403,5,7
562391,562398,562403,5,7
562391,562398,562403,5,7
562391,562397,562402,5,6
562391,562398,562403,5,7
562391,562398,562403,5,7
562391,562397,562403,6,6
562391,562399,562404,5,8
562391,562399,562404,5,8
562391,562399,562404,5,8
562391,562399,562404,5,8
562391,562398,562403,5,7
562391,562398,562404,6,7
562391,562398,562404,6,7
562391,562399,562404,5,8
562391,562398,562403,5,7
562391,562399,562404,5,8
562391,562399,562404,5,8
562391,562399,562404,5,8
562391,562398,562404,6,7
562391,562398,562404,6,7
562391,562400,562404,4,9
562391,562400,562404,4,9
562391,562398,562404,6,7
562391,562399,562404,5,8
562391,562400,562404,4,9
562391,562398,562404,6,7
562391,562398,562403,5,7
562391,562399,562404,5,8
562391,562400,562404,4,9
562391,562400,562405,5,9
562391,562401,562405,4,10
562391,562399,562404,5,8
562391,562399,562405,6,8
562391,562400,562405,5,9
562391,562400,562405,5,9
562391,562399,562405,6,8
562391,562400,562405,5,9
562391,562401,562405,4,10
562391,562398,562405,7,7
562391,562400,562405,5,9
562391,562400,562405,5,9
562391,562400,562405,5,9
562391,562400,562405,5,9
562391,562400,562405,5,9
562391,562398,562405,7,7
562391,562401,562406,5,10
562391,562401,562405,4,10
562391,562401,562406,5,10
562391,562401,562406,5,10
562391,562401,562406,5,10
562391,562401,562406,5,10
562391,562401,562406,5,10
562391,562402,562406,4,11
562391,562402,562406,4,11
562391,562402,562407,5,11
562391,562402,562407,5,11
562391,562403,562407,4,12
562391,562403,562407,4,12
562391,562401,562407,6,10
562391,562403,562407,4,12
562391,562402,562407,5,11
562391,562402,562407,5,11
562391,562403,562407,4,12
562391,562401,562407,6,10
562391,562401,562407,6,10
562391,562403,562408,5,12
562391,562403,562407,4,12
562391,562403,562407,4,12
562391,562402,562408,6,11
562391,562402,562408,6,11
562391,562402,562408,6,11
562391,562402,562408,6,11
562391,562402,562408,6,11
562391,562402,562408,6,11
562391,562402,562408,6,11
562391,562401,562408,7,10
562391,562401,562408,7,10
562391,562402,562408,6,11
562391,562403,562408,5,12
562391,562402,562408,6,11
562391,562403,562408,5,12
562391,562403,562409,6,12
562391,562403,562409,6,12
562391,562404,562408,4,13
562391,562403,562409,6,12
562391,562403,562409,6,12
562413,562413,562418,5,0
562413,562413,562418,5,0
562413,562413,562418,5,0
562413,562413,562418,5,0
562413,562413,562418,5,0
562413,562413,562418,5,0
562413,562413,562418,5,0
562413,562413,562418,5,0
562413,562413,562418,5,0
562413,562413,562418,5,0
562413,562413,562418,5,0
562413,562413,562418,5,0
562413,562413,562419,6,0
562413,562413,562419,6,0
562413,562413,562419,6,0
562413,562413,562419,6,0
562413,562413,562419,6,0
562413,562413,562419,6,0
562413,562413,562419,6,0
562413,562413,562419,6,0
562413,562413,562419,6,0
562413,562413,562420,7,0
562413,562413,562419,6,0
562413,562413,562419,6,0
562413,562413,562419,6,0
562413,562413,562419,6,0
562413,562413,562420,7,0
562413,562413,562420,7,0
562413,562413,562420,7,0
562413,562413,562420,7,0
562413,562413,562420,7,0
562413,562413,562420,7,0
562413,562413,562420,7,0
562413,562413,562420,7,0
562413,562413,562420,7,0
562413,562413,562420,7,0
562413,562413,562420,7,0
562413,562413,562420,7,0
562413,562413,562420,7,0
562413,562413,562421,8,0
562413,562413,562420,7,0
562413,562413,562421,8,0
562413,562413,562421,8,0
562413,562414,562420,6,1
562413,562413,562420,7,0
562413,562413,562422,9,0
562413,562413,562421,8,0
562413,562413,562421,8,0
562413,562413,562422,9,0
562413,562413,562422,9,0
562413,562413,562421,8,0
562413,562413,562421,8,0
562413,562413,562421,8,0
562413,562413,562422,9,0
562413,562413,562422,9,0
562413,562413,562422,9,0
562413,562413,562421,8,0
562413,562414,562422,8,1
562413,562413,562421,8,0
562413,562413,562421,8,0
562413,562413,562422,9,0
562413,562413,562421,8,0
562413,562413,562421,8,0
562413,562413,562421,8,0
562413,562413,562421,8,0
562413,562413,562422,9,0
562413,562413,562421,8,0
562413,562413,562422,9,0
562413,562413,562421,8,0
562413,562413,562422,9,0
562413,562413,562423,10,0
562413,562414,562422,8,1
562413,562413,562422,9,0
562413,562413,562422,9,0
562413,562419,562422,3,6
562413,562414,562422,8,1
562413,562413,562423,10,0
562413,562419,562423,4,6
562413,562413,562423,10,0
562413,562413,562424,11,0
562413,562419,562423,4,6
562413,562413,562423,10,0
562413,562413,562424,11,0
562413,562419,562423,4,6
562413,562419,562423,4,6
562413,562419,562424,5,6
562413,562420,562424,4,7
562413,562420,562424,4,7
562413,562419,562424,5,6
562413,562420,562424,4,7
562413,562419,562423,4,6
562413,562419,562423,4,6
562413,562420,562424,4,7
562413,562419,562424,5,6
562413,562420,562424,4,7
562413,562420,562423,3,7
562413,562420,562424,4,7
562413,562420,562424,4,7
562413,562421,562424,3,8
562413,562419,562424,5,6
562413,562420,562424,4,7
562413,562420,562424,4,7
562413,562420,562424,4,7
562413,562420,562425,5,7
562413,562421,562425,4,8
562413,562421,562425,4,8
562413,562421,562425,4,8
562413,562421,562425,4,8
562413,562421,562426,5,8
562413,562421,562426,5,8
562413,562419,562425,6,6
562413,562421,562425,4,8
562413,562420,562425,5,7
562413,562420,562425,5,7
562413,562421,562425,4,8
562413,562421,562425,4,8
562413,562421,562425,4,8
562413,562421,562425,4,8
562413,562421,562425,4,8
562413,562421,562426,5,8
562413,562421,562425,4,8
562413,562421,562425,4,8
562413,562421,562426,5,8
562413,562421,562425,4,8
562413,562421,562426,5,8
562413,562422,562427,5,9
562413,562422,562426,4,9
562413,562422,562426,4,9
562413,562422,562427,5,9
562413,562422,562426,4,9
562413,562422,562427,5,9
562413,562422,562426,4,9
562413,562423,562427,4,10
562413,562422,562427,5,9
562413,562422,562426,4,9
562413,562422,562427,5,9
562413,562422,562427,5,9
562413,562422,562427,5,9
562413,562422,562427,5,9
562413,562423,562427,4,10
562413,562422,562427,5,9
562413,562423,562427,4,10
562413,562422,562427,5,9
562413,562422,562427,5,9
562413,562422,562427,5,9
562413,562422,562427,5,9
562413,562423,562427,4,10
562413,562423,562427,4,10
562413,562422,562427,5,9
562413,562423,562427,4,10
562413,562424,562428,4,11
562413,562423,562427,4,10
562413,562422,562427,5,9
562413,562422,562428,6,9
562413,562423,562428,5,10
562413,562422,562427,5,9
562413,562422,562427,5,9
562413,562422,562427,5,9
562413,562423,562427,4,10
562413,562424,562429,5,11
562413,562424,562428,4,11
562413,562424,562428,4,11
562413,562424,562429,5,11
562413,562424,562429,5,11
562413,562424,562429,5,11
562413,562424,562429,5,11
562413,562425,562429,4,12
562413,562425,562429,4,12
562413,562424,562429,5,11
562413,562425,562430,5,12
562413,562425,562429,4,12
562413,562424,562430,6,11
562413,562424,562429,5,11
562413,562424,562429,5,11
562413,562424,562429,5,11
562413,562424,562430,6,11
562413,562425,562430,5,12
562413,562424,562429,5,11
562413,562424,562429,5,11
562413,562424,562430,6,11
562413,562425,562431,6,12
562413,562426,562430,4,13
562413,562426,562430,4,13
562413,562424,562431,7,11
562413,562426,562431,5,13
562413,562426,562430,4,13
562413,562424,562431,7,11
562413,562426,562430,4,13
562413,562426,562431,5,13
562413,562426,562431,5,13
562413,562426,562430,4,13
562413,562426,562431,5,13
562413,562426,562430,4,13
562413,562426,562431,5,13
562413,562426,562430,4,13
562413,562426,562431,5,13
562413,562426,562431,5,13
562413,562426,562430,4,13
562413,562426,562431,5,13
562413,562426,562431,5,13
562436,562436,562440,4,0
562436,562436,562441,5,0
562436,562436,562441,5,0
562436,562436,562441,5,0
562436,562436,562441,5,0
562436,562436,562441,5,0
562436,562436,562441,5,0
562436,562436,562441,5,0
562436,562436,562441,5,0
562436,562436,562441,5,0
562436,562436,562441,5,0
562436,562436,562441,5,0
562436,562436,562441,5,0
562436,562436,562442,6,0
562436,562436,562441,5,0
562436,562436,562441,5,0
562436,562436,562441,5,0
562436,562436,562441,5,0
562436,562436,562442,6,0
562436,562436,562442,6,0
562436,562436,562441,5,0
562436,562436,562441,5,0
562436,562436,562442,6,0
562436,562436,562441,5,0
562436,562436,562442,6,0
562436,562436,562443,7,0
562436,562436,562442,6,0
562436,562436,562442,6,0
562436,562436,562442,6,0
562436,562436,562442,6,0
562436,562436,562442,6,0
562436,562436,562443,7,0
562436,562436,562443,7,0
562436,562436,562443,7,0
562436,562436,562442,6,0
562436,562436,562443,7,0
562436,562436,562442,6,0
562436,562436,562443,7,0
562436,562436,562443,7,0
562436,562436,562443,7,0
562436,562436,562443,7,0
562436,562436,562443,7,0
562436,562436,562442,6,0
562436,562436,562443,7,0
562436,562436,562442,6,0
562436,562436,562443,7,0
562436,562436,562443,7,0
562436,562436,562443,7,0
562436,562436,562443,7,0
562436,562436,562442,6,0
562436,562436,562443,7,0
562436,562436,562443,7,0
562436,562436,562443,7,0
562436,562436,562444,8,0
562436,562436,562444,8,0
562436,562436,562443,7,0
562436,562436,562444,8,0
562436,562436,562444,8,0
562436,562436,562443,7,0
562436,562436,562443,7,0
562436,562436,562444,8,0
562436,562436,562443,7,0
562436,562436,562444,8,0
562436,562436,562444,8,0
562436,562436,562444,8,0
562436,562436,562444,8,0
562436,562436,562445,9,0
562436,562436,562445,9,0
562436,562436,562444,8,0
562436,562436,562444,8,0
562436,562436,562444,8,0
562436,562436,562444,8,0
562436,562436,562445,9,0
562436,562441,562445,4,5
562436,562436,562444,8,0
562436,562436,562444,8,0
562436,562436,562444,8,0
562436,562436,562445,9,0
562436,562436,562445,9,0
562436,562436,562445,9,0
562436,562436,562445,9,0
562436,562441,562445,4,5
562436,562442,562446,4,6
562436,562441,562446,5,5
562436,562441,562446,5,5
562436,562441,562446,5,5
562436,562442,562446,4,6
562436,562441,562446,5,5
562436,562441,562446,5,5
562436,562441,562446,5,5
562436,562441,562446,5,5
562436,562441,562446,5,5
562436,562441,562446,5,5
562436,562441,562446,5,5
562436,562442,562447,5,6
562436,562441,562447,6,5
562436,562442,562447,5,6
562436,562442,562447,5,6
562436,562442,562447,5,6
562436,562442,562447,5,6
562436,562442,562448,6,6
562436,562442,562447,5,6
562436,562442,562447,5,6
562436,562442,562447,5,6
562436,562442,562447,5,6
562436,562443,562447,4,7
562436,562443,562448,5,7
562436,562443,562448,5,7
562436,562443,562448,5,7
562436,562443,562448,5,7
562436,562443,562448,5,7
562436,562443,562448,5,7
562436,562443,562448,5,7
562436,562443,562448,5,7
562436,562443,562449,6,7
562436,562443,562448,5,7
562436,562443,562449,6,7
562436,562443,562449,6,7
562436,562443,562449,6,7
562436,562444,562448,4,8
562436,562444,562449,5,8
562436,562443,562448,5,7
562436,562443,562448,5,7
562436,562443,562449,6,7
562436,562444,562449,5,8
562436,562444,562448,4,8
562436,562443,562448,5,7
562436,562444,562449,5,8
562436,562443,562449,6,7
562436,562444,562449,5,8
562436,562444,562449,5,8
562436,562445,562449,4,9
562436,562444,562449,5,8
562436,562446,562450,4,10
562436,562446,562450,4,10
562436,562443,562449,6,7
562436,562445,562450,5,9
562436,562445,562450,5,9
562436,562443,562449,6,7
562436,562445,562450,5,9
562436,562445,562450,5,9
562436,562443,562449,6,7
562436,562443,562449,6,7
562436,562445,562449,4,9
562436,562445,562449,4,9
562436,562443,562449,6,7
562436,562445,562450,5,9
562436,562445,562449,4,9
562436,562445,562449,4,9
562436,562445,562450,5,9
562436,562445,562450,5,9
562436,562445,562450,5,9
562436,562445,562450,5,9
562436,562445,562450,5,9
562436,562446,562450,4,10
562436,562446,562450,4,10
562436,562446,562450,4,10
562436,562446,562451,5,10
562436,562446,562451,5,10
562436,562445,562451,6,9
562436,562446,562451,5,10
562436,562445,562451,6,9
562436,562447,562452,5,11
562436,562447,562452,5,11
562436,562447,562451,4,11
562436,562446,562451,5,10
562436,562447,562452,5,11
562436,562447,562452,5,11
562436,562447,562452,5,11
562436,562447,562451,4,11
562436,562447,562451,4,11
562436,562448,562452,4,12
562436,562447,562452,5,11
562436,562449,562452,3,13
562436,562449,562452,3,13
562436,562447,562452,5,11
562436,562449,562453,4,13
562436,562449,562452,3,13
562436,562448,562453,5,12
562436,562448,562453,5,12
562436,562448,562453,5,12
562436,562447,562453,6,11
562436,562447,562452,5,11
562436,562449,562453,4,13
562436,562448,562453,5,12
562436,562448,562453,5,12
562436,562449,562453,4,13
562436,562449,562453,4,13
562436,562449,562453,4,13
562436,562448,562453,5,12
562436,562448,562453,5,12
562436,562449,562453,4,13
562436,562448,562453,5,12
562436,562449,562453,4,13
562436,562448,562453,5,12
562436,562449,562453,4,13
562436,562449,562453,4,13
562436,562448,562453,5,12
562436,562448,562453,5,12
562436,562449,562453,4,13
562458,562458,562463,5,0
562458,562458,562463,5,0
562458,562458,562463,5,0
562458,562458,562463,5,0
562458,562458,562463,5,0
562458,562458,562464,6,0
562458,562458,562464,6,0
562458,562458,562463,5,0
562458,562458,562464,6,0
562458,562458,562464,6,0
562458,562458,562463,5,0
562458,562458,562463,5,0
562458,562458,562464,6,0
562458,562458,562464,6,0
562458,562458,562464,6,0
562458,562458,562463,5,0
562458,562458,562463,5,0
562458,562458,562463,5,0
562458,562458,562463,5,0
562458,562458,562464,6,0
562458,562458,562464,6,0
562458,562458,562464,6,0
562458,562458,562463,5,0
562458,562458,562464,6,0
562458,562458,562464,6,0
562458,562458,562464,6,0
562458,562458,562464,6,0
562458,562458,562465,7,0
562458,562458,562464,6,0
562458,562458,562464,6,0
562458,562458,562464,6,0
562458,562458,562464,6,0
562458,562458,562465,7,0
562458,562458,562465,7,0
562458,562458,562464,6,0
562458,562458,562465,7,0
562458,562458,562465,7,0
562458,562458,562465,7,0
562458,562458,562465,7,0
562458,562458,562466,8,0
562458,562458,562465,7,0
562458,562458,562466,8,0
562458,562458,562465,7,0
562458,562458,562465,7,0
562458,562458,562466,8,0
562458,562458,562465,7,0
562458,562458,562465,7,0
562458,562458,562466,8,0
562458,562458,562466,8,0
562458,562458,562466,8,0
562458,562458,562466,8,0
562458,562458,562466,8,0
562458,562458,562465,7,0
562458,562458,562465,7,0
562458,562458,562465,7,0
562458,562458,562465,7,0
562458,562458,562466,8,0
562458,562458,562466,8,0
562458,562458,562465,7,0
562458,562458,562465,7,0
562458,562458,562466,8,0
562458,562458,562466,8,0
562458,562458,562466,8,0
562458,562458,562466,8,0
562458,562458,562466,8,0
562458,562458,562465,7,0
562458,562458,562467,9,0
562458,562458,562467,9,0
562458,562458,562467,9,0
562458,562458,562466,8,0
562458,562458,562467,9,0
562458,562458,562467,9,0
562458,562458,562467,9,0
562458,562458,562466,8,0
562458,562458,562467,9,0
562458,562458,562467,9,0
562458,562458,562468,10,0
562458,562463,562468,5,5
562458,562458,562468,10,0
562458,562463,562468,5,5
562458,562463,562468,5,5
562458,562458,562468,10,0
562458,562458,562468,10,0
562458,562463,562468,5,5
562458,562464,562468,4,6
562458,562464,562469,5,6
562458,562463,562469,6,5
562458,562464,562469,5,6
562458,562464,562469,5,6
562458,562464,562469,5,6
562458,562464,562469,5,6
562458,562464,562469,5,6
562458,562464,562469,5,6
562458,562464,562469,5,6
562458,562464,562469,5,6
562458,562464,562469,5,6
562458,562464,562469,5,6
562458,562464,562469,5,6
562458,562465,562469,4,7
562458,562464,562469,5,6
562458,562465,562469,4,7
562458,562465,562470,5,7
562458,562466,562470,4,8
562458,562464,562470,6,6
562458,562466,562470,4,8
562458,562464,562470,6,6
562458,562465,562470,5,7
562458,562465,562469,4,7
562458,562465,562470,5,7
562458,562465,562470,5,7
562458,562464,562470,6,6
562458,562464,562470,6,6
562458,562465,562470,5,7
562458,562465,562470,5,7
562458,562465,562470,5,7
562458,562465,562470,5,7
562458,562466,562471,5,8
562458,562466,562471,5,8
562458,562466,562471,5,8
562458,562466,562471,5,8
562458,562468,562471,3,10
562458,562466,562471,5,8
562458,562466,562471,5,8
562458,562466,562471,5,8
562458,562466,562471,5,8
562458,562467,562471,4,9
562458,562466,562471,5,8
562458,562466,562471,5,8
562458,562468,562471,3,10
562458,562466,562471,5,8
562458,562466,562471,5,8
562458,562467,562471,4,9
562458,562465,562471,6,7
562458,562467,562471,4,9
562458,562467,562472,5,9
562458,562466,562472,6,8
562458,562466,562472,6,8
562458,562466,562472,6,8
562458,562466,562472,6,8
562458,562466,562472,6,8
562458,562466,562472,6,8
562458,562466,562472,6,8
562458,562467,562472,5,9
562458,562466,562472,6,8
562458,562466,562472,6,8
562458,562466,562472,6,8
562458,562468,562472,4,10
562458,562466,562472,6,8
562458,562466,562472,6,8
562458,562466,562472,6,8
562458,562467,562473,6,9
562458,562468,562472,4,10
562458,562467,562472,5,9
562458,562466,562472,6,8
562458,562466,562472,6,8
562458,562466,562472,6,8
562458,562467,562473,6,9
562458,562466,562473,7,8
562458,562469,562473,4,11
562458,562468,562473,5,10
562458,562467,562473,6,9
562458,562467,562473,6,9
562458,562468,562473,5,10
562458,562468,562473,5,10
562458,562469,562473,4,11
562458,562469,562474,5,11
562458,562469,562474,5,11
562458,562469,562474,5,11
562458,562469,562474,5,11
562458,562469,562474,5,11
562458,562469,562474,5,11
562458,562469,562474,5,11
562458,562470,562474,4,12
562458,562470,562475,5,12
562458,562470,562474,4,12
562458,562470,562475,5,12
562458,562470,562475,5,12
562458,562471,562475,4,13
562458,562470,562475,5,12
562458,562470,562475,5,12
562458,562471,562475,4,13
562458,562471,562475,4,13
562458,562469,562475,6,11
562458,562471,562475,4,13
562458,562471,562475,4,13
562458,562471,562475,4,13
562458,562471,562475,4,13
562458,562471,562475,4,13
562458,562471,562475,4,13
562458,562471,562475,4,13
562458,562470,562475,5,12
562458,562470,562475,5,12
562458,562470,562475,5,12
562458,562470,562476,6,12
562458,562471,562475,4,13
562458,562470,562476,6,12
562458,562471,562476,5,13
562458,562471,562476,5,13
562458,562471,562477,6,13
562458,562471,562477,6,13
562481,562482,562486,4,1
562481,562482,562487,5,1
562481,562482,562486,4,1
562481,562482,562487,5,1
562481,562482,562487,5,1
562481,562482,562487,5,1
562481,562482,562488,6,1
562481,562482,562487,5,1
562481,562482,562487,5,1
562481,562482,562487,5,1
562481,562482,562488,6,1
562481,562482,562487,5,1
562481,562482,562487,5,1
562481,562482,562487,5,1
562481,562482,562487,5,1
562481,562482,562487,5,1
562481,562482,562487,5,1
562481,562482,562487,5,1
562481,562482,562488,6,1
562481,562482,562487,5,1
562481,562482,562488,6,1
562481,562482,562487,5,1
562481,562482,562488,6,1
562481,562482,562488,6,1
562481,562482,562487,5,1
562481,562482,562488,6,1
562481,562482,562488,6,1
562481,562482,562489,7,1
562481,562482,562488,6,1
562481,562482,562489,7,1
562481,562482,562489,7,1
562481,562482,562489,7,1
562481,562482,562488,6,1
562481,562482,562489,7,1
562481,562482,562488,6,1
562481,562482,562489,7,1
562481,562482,562488,6,1
562481,562482,562488,6,1
562481,562482,562489,7,1
562481,562482,562489,7,1
562481,562482,562490,8,1
562481,562482,562490,8,1
562481,562482,562490,8,1
562481,562482,562490,8,1
562481,562482,562489,7,1
562481,562482,562489,7,1
562481,562482,562490,8,1
562481,562482,562489,7,1
562481,562482,562489,7,1
562481,562482,562489,7,1
562481,562482,562489,7,1
562481,562482,562490,8,1
562481,562482,562490,8,1
562481,562482,562490,8,1
562481,562482,562490,8,1
562481,562482,562489,7,1
562481,562482,562490,8,1
562481,562482,562490,8,1
562481,562482,562490,8,1
562481,562482,562491,9,1
562481,562482,562490,8,1
562481,562482,562490,8,1
562481,562482,562490,8,1
562481,562482,562490,8,1
562481,562482,562490,8,1
562481,562482,562490,8,1
562481,562482,562490,8,1
562481,562482,562490,8,1
562481,562482,562490,8,1
562481,562482,562491,9,1
562481,562482,562490,8,1
562481,562482,562490,8,1
562481,562482,562490,8,1
562481,562482,562491,9,1
562481,562482,562490,8,1
562481,562482,562490,8,1
562481,562482,562491,9,1
562481,562487,562492,5,6
562481,562487,562491,4,6
562481,562482,562491,9,1
562481,562482,562491,9,1
562481,562487,562492,5,6
562481,562482,562491,9,1
562481,562487,562492,5,6
562481,562487,562492,5,6
562481,562488,562493,5,7
562481,562488,562493,5,7
562481,562487,562492,5,6
562481,562488,562493,5,7
562481,562488,562493,5,7
562481,562488,562493,5,7
562481,562488,562492,4,7
562481,562488,562492,4,7
562481,562488,562492,4,7
562481,562488,562492,4,7
562481,562488,562493,5,7
562481,562488,562493,5,7
562481,562488,562493,5,7
562481,562489,562493,4,8
562481,562489,562494,5,8
562481,562490,562494,4,9
562481,562488,562494,6,7
562481,562488,562494,6,7
562481,562489,562494,5,8
562481,562489,562494,5,8
562481,562488,562494,6,7
562481,562489,562494,5,8
562481,562488,562493,5,7
562481,562489,562494,5,8
562481,562489,562494,5,8
562481,562488,562493,5,7
562481,562488,562493,5,7
562481,562489,562494,5,8
562481,562489,562494,5,8
562481,562489,562494,5,8
562481,562489,562494,5,8
562481,562489,562495,6,8
562481,562490,562495,5,9
562481,562490,562495,5,9
562481,562491,562495,4,10
562481,562489,562495,6,8
562481,562490,562495,5,9
562481,562490,562494,4,9
562481,562489,562494,5,8
562481,562490,562495,5,9
562481,562490,562495,5,9
562481,562491,562495,4,10
562481,562490,562495,5,9
562481,562490,562495,5,9
562481,562488,562495,7,7
562481,562490,562495,5,9
562481,562490,562495,5,9
562481,562490,562495,5,9
562481,562490,562495,5,9
562481,562490,562495,5,9
562481,562491,562495,4,10
562481,562490,562495,5,9
562481,562490,562495,5,9
562481,562491,562495,4,10
562481,562491,562496,5,10
562481,562491,562495,4,10
562481,562491,562496,5,10
562481,562491,562496,5,10
562481,562492,562496,4,11
562481,562492,562496,4,11
562481,562491,562496,5,10
562481,562491,562496,5,10
562481,562492,562496,4,11
562481,562491,562496,5,10
562481,562491,562496,5,10
562481,562491,562496,5,10
562481,562492,562495,3,11
562481,562490,562495,5,9
562481,562490,562495,5,9
562481,562492,562496,4,11
562481,562491,562496,5,10
562481,562491,562496,5,10
562481,562492,562496,4,11
562481,562492,562496,4,11
562481,562491,562496,5,10
562481,562493,562496,3,12
562481,562493,562497,4,12
562481,562491,562497,6,10
562481,562492,562496,4,11
562481,562491,562497,6,10
562481,562491,562497,6,10
562481,562491,562496,5,10
562481,562493,562497,4,12
562481,562493,562498,5,12
562481,562493,562498,5,12
562481,562493,562498,5,12
562481,562493,562497,4,12
562481,562494,562498,4,13
562481,562493,562498,5,12
562481,562493,562498,5,12
562481,562493,562498,5,12
562481,562494,562499,5,13
562481,562494,562499,5,13
562481,562495,562499,4,14
562481,562494,562499,5,13
562481,562494,562499,5,13
562481,562494,562499,5,13
562481,562494,562499,5,13
562481,562493,562499,6,12
562481,562494,562499,5,13
562481,562494,562499,5,13
562481,562494,562499,5,13
562481,562495,562500,5,14
562481,562494,562500,6,13
562481,562494,562500,6,13
562481,562494,562500,6,13
562481,562494,562500,6,13
562481,562494,562499,5,13
562481,562494,562499,5,13
562481,562495,562500,5,14
562481,562495,562500,5,14
562481,562495,562500,5,14
562481,562494,562500,6,13
562481,562494,562500,6,13
562481,562495,562500,5,14
562505,562505,562510,5,0
562505,562505,562510,5,0
562505,562505,562510,5,0
562505,562505,562510,5,0
562505,562505,562510,5,0
562505,562505,562510,5,0
562505,562505,562510,5,0
562505,562505,562511,6,0
562505,562505,562511,6,0
562505,562505,562511,6,0
562505,562505,562511,6,0
562505,562505,562511,6,0
562505,562505,562511,6,0
562505,562505,562511,6,0
562505,562505,562511,6,0
562505,562505,562511,6,0
562505,562505,562512,7,0
562505,562505,562511,6,0
562505,562505,562511,6,0
562505,562505,562511,6,0
562505,562505,562512,7,0
562505,562505,562511,6,0
562505,562506,562512,6,1
562505,562505,562511,6,0
562505,562505,562512,7,0
562505,562505,562512,7,0
562505,562505,562512,7,0
562505,562505,562512,7,0
562505,562505,562512,7,0
562505,562505,562512,7,0
562505,562505,562512,7,0
562505,562505,562512,7,0
562505,562505,562512,7,0
562505,562505,562512,7,0
562505,562505,562512,7,0
562505,562505,562512,7,0
562505,562506,562513,7,1
562505,562505,562512,7,0
562505,562505,562512,7,0
562505,562505,562512,7,0
562505,562505,562512,7,0
562505,562505,562512,7,0
562505,562505,562512,7,0
562505,562505,562512,7,0
562505,562505,562512,7,0
562505,562506,562512,6,1
562505,562505,562512,7,0
562505,562505,562512,7,0
562505,562505,562513,8,0
562505,562505,562512,7,0
562505,562506,562513,7,1
562505,562505,562513,8,0
562505,562505,562514,9,0
562505,562506,562513,7,1
562505,562505,562513,8,0
562505,562506,562513,7,1
562505,562506,562513,7,1
562505,562505,562513,8,0
562505,562505,562513,8,0
562505,562505,562513,8,0
562505,562505,562513,8,0
562505,562506,562513,7,1
562505,562505,562513,8,0
562505,562506,562513,7,1
562505,562505,562513,8,0
562505,562506,562513,7,1
562505,562506,562513,7,1
562505,562505,562513,8,0
562505,562506,562514,8,1
562505,562505,562514,9,0
562505,562506,562514,8,1
562505,562506,562514,8,1
562505,562506,562514,8,1
562505,562506,562514,8,1
562505,562506,562514,8,1
562505,562506,562514,8,1
562505,562505,562514,9,0
562505,562506,562514,8,1
562505,562506,562514,8,1
562505,562506,562514,8,1
562505,562511,562515,4,6
562505,562511,562516,5,6
562505,562511,562516,5,6
562505,562511,562516,5,6
562505,562511,562515,4,6
562505,562512,562516,4,7
562505,562513,562516,3,8
562505,562512,562517,5,7
562505,562511,562516,5,6
562505,562512,562516,4,7
562505,562512,562517,5,7
562505,562512,562517,5,7
562505,562512,562517,5,7
562505,562512,562516,4,7
562505,562512,562516,4,7
562505,562511,562516,5,6
562505,562512,562516,4,7
562505,562512,562517,5,7
562505,562512,562517,5,7
562505,562513,562518,5,8
562505,562512,562517,5,7
562505,562513,562518,5,8
562505,562513,562518,5,8
562505,562512,562517,5,7
562505,562512,562517,5,7
562505,562512,562518,6,7
562505,562512,562518,6,7
562505,562512,562518,6,7
562505,562514,562518,4,9
562505,562513,562517,4,8
562505,562513,562518,5,8
562505,562513,562518,5,8
562505,562513,562518,5,8
562505,562513,562518,5,8
562505,562513,562518,5,8
562505,562514,562518,4,9
562505,562514,562519,5,9
562505,562513,562519,6,8
562505,562514,562519,5,9
562505,562513,562519,6,8
562505,562513,562519,6,8
562505,562513,562519,6,8
562505,562514,562519,5,9
562505,562514,562519,5,9
562505,562514,562519,5,9
562505,562514,562518,4,9
562505,562513,562518,5,8
562505,562513,562518,5,8
562505,562513,562519,6,8
562505,562514,562519,5,9
562505,562513,562518,5,8
562505,562513,562518,5,8
562505,562513,562518,5,8
562505,562513,562518,5,8
562505,562513,562519,6,8
562505,562514,562519,5,9
562505,562513,562519,6,8
562505,562514,562519,5,9
562505,562514,562519,5,9
562505,562515,562519,4,10
562505,562513,562519,6,8
562505,562513,562519,6,8
562505,562514,562520,6,9
562505,562514,562519,5,9
562505,562514,562520,6,9
562505,562515,562519,4,10
562505,562515,562519,4,10
562505,562515,562520,5,10
562505,562514,562519,5,9
562505,562515,562519,4,10
562505,562515,562519,4,10
562505,562515,562519,4,10
562505,562515,562519,4,10
562505,562515,562520,5,10
562505,562513,562519,6,8
562505,562515,562519,4,10
562505,562514,562519,5,9
562505,562514,562520,6,9
562505,562515,562520,5,10
562505,562513,562521,8,8
562505,562517,562520,3,12
562505,562517,562521,4,12
562505,562517,562521,4,12
562505,562516,562520,4,11
562505,562516,562520,4,11
562505,562517,562521,4,12
562505,562516,562520,4,11
562505,562516,562520,4,11
562505,562518,562522,4,13
562505,562516,562522,6,11
562505,562517,562521,4,12
562505,562517,562522,5,12
562505,562517,562522,5,12
562505,562517,562522,5,12
562505,562517,562522,5,12
562505,562517,562522,5,12
562505,562517,562522,5,12
562505,562517,562522,5,12
562505,562518,562523,5,13
562505,562518,562523,5,13
562505,562518,562523,5,13
562505,562518,562523,5,13
562505,562518,562522,4,13
562505,562517,562522,5,12
562505,562518,562523,5,13
562505,562518,562523,5,13
562505,562518,562523,5,13
562505,562517,562523,6,12
562505,562518,562523,5,13
562505,562518,562523,5,13
562505,562518,562523,5,13
562505,562519,562524,5,14
562505,562519,562524,5,14
562505,562519,562524,5,14
562505,562519,562523,4,14
562505,562519,562523,4,14
562505,562518,562523,5,13
562505,562518,562524,6,13
562505,562519,562524,5,14
562505,562519,562524,5,14
562529,562529,562534,5,0
562529,562529,562534,5,0
562529,562529,562534,5,0
562529,562529,562535,6,0
562529,562529,562535,6,0
562529,562529,562534,5,0
562529,562529,562535,6,0
562529,562529,562535,6,0
562529,562529,562535,6,0
562529,562529,562535,6,0
562529,562529,562535,6,0
562529,562529,562535,6,0
562529,562529,562534,5,0
562529,562529,562535,6,0
562529,562529,562535,6,0
562529,562529,562534,5,0
562529,562529,562534,5,0
562529,562529,562535,6,0
562529,562529,562535,6,0
562529,562529,562535,6,0
562529,562529,562535,6,0
562529,562529,562535,6,0
562529,562529,562535,6,0
562529,562529,562535,6,0
562529,562529,562534,5,0
562529,562529,562535,6,0
562529,562529,562535,6,0
562529,562529,562535,6,0
562529,562529,562536,7,0
562529,562529,562536,7,0
562529,562529,562535,6,0
562529,562529,562536,7,0
562529,562529,562535,6,0
562529,562529,562535,6,0
562529,562529,562535,6,0
562529,562529,562536,7,0
562529,562529,562536,7,0
562529,562529,562536,7,0
562529,562529,562536,7,0
562529,562529,562536,7,0
562529,562529,562536,7,0
562529,562529,562537,8,0
562529,562529,562536,7,0
562529,562529,562537,8,0
562529,562529,562537,8,0
562529,562529,562536,7,0
562529,562529,562537,8,0
562529,562529,562537,8,0
562529,562529,562537,8,0
562529,562529,562537,8,0
562529,562529,562536,7,0
562529,562529,562537,8,0
562529,562529,562537,8,0
562529,562529,562536,7,0
562529,562529,562537,8,0
562529,562529,562537,8,0
562529,562529,562537,8,0
562529,562529,562537,8,0
562529,562529,562537,8,0
562529,562529,562537,8,0
562529,562529,562537,8,0
562529,562529,562537,8,0
562529,562529,562537,8,0
562529,562529,562537,8,0
562529,562529,562537,8,0
562529,562529,562537,8,0
562529,562529,562537,8,0
562529,562529,562537,8,0
562529,562529,562537,8,0
562529,562529,562537,8,0
562529,562529,562537,8,0
562529,562529,562538,9,0
562529,562529,562538,9,0
562529,562529,562538,9,0
562529,562529,562538,9,0
562529,562529,562538,9,0
562529,562529,562538,9,0
562529,562529,562539,10,0
562529,562529,562539,10,0
562529,562535,562539,4,6
562529,562534,562539,5,5
562529,562535,562539,4,6
562529,562535,562539,4,6
562529,562534,562539,5,5
562529,562529,562539,10,0
562529,562534,562539,5,5
562529,562535,562541,6,6
562529,562535,562540,5,6
562529,562535,562540,5,6
562529,562535,562540,5,6
562529,562535,562540,5,6
562529,562535,562540,5,6
562529,562535,562541,6,6
562529,562535,562540,5,6
562529,562535,562541,6,6
562529,562535,562541,6,6
562529,562535,562541,6,6
562529,562536,562541,5,7
562529,562536,562541,5,7
562529,562535,562541,6,6
562529,562538,562541,3,9
562529,562535,562541,6,6
562529,562536,562541,5,7
562529,562536,562541,5,7
562529,562538,562542,4,9
562529,562535,562541,6,6
562529,562535,562541,6,6
562529,562535,562541,6,6
562529,562537,562542,5,8
562529,562535,562541,6,6
562529,562537,562542,5,8
562529,562537,562541,4,8
562529,562537,562542,5,8
562529,562535,562541,6,6
562529,562535,562542,7,6
562529,562537,562541,4,8
562529,562537,562542,5,8
562529,562536,562541,5,7
562529,562538,562542,4,9
562529,562535,562541,6,6
562529,562537,562541,4,8
562529,562537,562542,5,8
562529,562537,562541,4,8
562529,562537,562543,6,8
562529,562538,562542,4,9
562529,562538,562542,4,9
562529,562538,562543,5,9
562529,562538,562543,5,9
562529,562537,562542,5,8
562529,562538,562543,5,9
562529,562538,562543,5,9
562529,562538,562543,5,9
562529,562539,562543,4,10
562529,562538,562543,5,9
562529,562538,562543,5,9
562529,562538,562543,5,9
562529,562540,562543,3,11
562529,562538,562543,5,9
562529,562538,562543,5,9
562529,562538,562543,5,9
562529,562538,562543,5,9
562529,562538,562543,5,9
562529,562538,562543,5,9
562529,562539,562543,4,10
562529,562540,562543,3,11
562529,562540,562544,4,11
562529,562538,562543,5,9
562529,562538,562543,5,9
562529,562538,562543,5,9
562529,562538,562543,5,9
562529,562538,562543,5,9
562529,562539,562543,4,10
562529,562538,562543,5,9
562529,562538,562543,5,9
562529,562538,562543,5,9
562529,562538,562543,5,9
562529,562539,562543,4,10
562529,562539,562544,5,10
562529,562539,562544,5,10
562529,562541,562545,4,12
562529,562540,562545,5,11
562529,562538,562544,6,9
562529,562540,562544,4,11
562529,562541,562545,4,12
562529,562540,562545,5,11
562529,562540,562544,4,11
562529,562541,562545,4,12
562529,562540,562544,4,11
562529,562540,562544,4,11
562529,562541,562544,3,12
562529,562541,562545,4,12
562529,562541,562545,4,12
562529,562541,562545,4,12
562529,562541,562545,4,12
562529,562541,562545,4,12
562529,562542,562546,4,13
562529,562542,562546,4,13
562529,562542,562547,5,13
562529,562542,562546,4,13
562529,562542,562547,5,13
562529,562542,562546,4,13
562529,562542,562547,5,13
562529,562542,562547,5,13
562529,562542,562547,5,13
562529,562542,562547,5,13
562529,562542,562546,4,13
562529,562542,562547,5,13
562529,562542,562547,5,13
562529,562542,562546,4,13
562529,562542,562547,5,13
562529,562542,562548,6,13
562529,562542,562547,5,13
562529,562542,562547,5,13
562529,562542,562548,6,13
562529,562542,562547,5,13
562529,562542,562547,5,13
562529,562542,562547,5,13
562529,562542,562547,5,13
562529,562542,562547,5,13
562529,562542,562548,6,13
562553,562553,562558,5,0
562553,562553,562557,4,0
562553,562553,562558,5,0
562553,562553,562557,4,0
562553,562553,562558,5,0
562553,562553,562558,5,0
562553,562553,562558,5,0
562553,562553,562558,5,0
562553,562553,562558,5,0
562553,562553,562558,5,0
562553,562553,562558,5,0
562553,562553,562559,6,0
562553,562553,562559,6,0
562553,562553,562559,6,0
562553,562553,562558,5,0
562553,562553,562559,6,0
562553,562553,562558,5,0
562553,562553,562559,6,0
562553,562553,562559,6,0
562553,562553,562558,5,0
562553,562553,562559,6,0
562553,562553,562558,5,0
562553,562553,562559,6,0
562553,562553,562559,6,0
562553,562553,562559,6,0
562553,562553,562560,7,0
562553,562553,562559,6,0
562553,562553,562559,6,0
562553,562553,562559,6,0
562553,562553,562560,7,0
562553,562553,562560,7,0
562553,562553,562560,7,0
562553,562553,562559,6,0
562553,562553,562560,7,0
562553,562553,562559,6,0
562553,562553,562560,7,0
562553,562553,562560,7,0
562553,562553,562559,6,0
562553,562553,562560,7,0
562553,562553,562559,6,0
562553,562553,562560,7,0
562553,562553,562560,7,0
562553,562553,562560,7,0
562553,562553,562561,8,0
562553,562553,562560,7,0
562553,562553,562560,7,0
562553,562553,562561,8,0
562553,562553,562560,7,0
562553,562553,562560,7,0
562553,562553,562560,7,0
562553,562553,562560,7,0
562553,562553,562560,7,0
562553,562553,562561,8,0
562553,562553,562561,8,0
562553,562553,562561,8,0
562553,562553,562561,8,0
562553,562553,562560,7,0
562553,562553,562560,7,0
562553,562553,562561,8,0
562553,562553,562562,9,0
562553,562553,562561,8,0
562553,562553,562562,9,0
562553,562553,562561,8,0
562553,562553,562561,8,0
562553,562553,562561,8,0
562553,562553,562561,8,0
562553,562553,562562,9,0
562553,562553,562561,8,0
562553,562553,562561,8,0
562553,562553,562561,8,0
562553,562553,562561,8,0
562553,562553,562561,8,0
562553,562553,562561,8,0
562553,562553,562561,8,0
562553,562553,562561,8,0
562553,562553,562561,8,0
562553,562553,562561,8,0
562553,562553,562561,8,0
562553,562553,562562,9,0
562553,562553,562561,8,0
562553,562558,562562,4,5
562553,562558,562562,4,5
562553,562558,562562,4,5
562553,562558,562563,5,5
562553,562559,562564,5,6
562553,562559,562564,5,6
562553,562559,562564,5,6
562553,562559,562564,5,6
562553,562559,562564,5,6
562553,562559,562564,5,6
562553,562559,562564,5,6
562553,562559,562563,4,6
562553,562559,562563,4,6
562553,562559,562564,5,6
562553,562559,562564,5,6
562553,562559,562564,5,6
562553,562559,562564,5,6
562553,562558,562563,5,5
562553,562559,562564,5,6
562553,562559,562564,5,6
562553,562559,562564,5,6
562553,562560,562564,4,7
562553,562558,562563,5,5
562553,562559,562564,5,6
562553,562559,562565,6,6
562553,562560,562565,5,7
562553,562559,562565,6,6
562553,562560,562565,5,7
562553,562560,562565,5,7
562553,562560,562565,5,7
562553,562561,562565,4,8
562553,562560,562565,5,7
562553,562560,562565,5,7
562553,562561,562565,4,8
562553,562560,562565,5,7
562553,562561,562566,5,8
562553,562562,562566,4,9
562553,562560,562566,6,7
562553,562560,562565,5,7
562553,562561,562566,5,8
562553,562561,562566,5,8
562553,562560,562566,6,7
562553,562560,562566,6,7
562553,562561,562566,5,8
562553,562561,562566,5,8
562553,562561,562566,5,8
562553,562560,562566,6,7
562553,562560,562566,6,7
562553,562560,562566,6,7
562553,562562,562566,4,9
562553,562562,562567,5,9
562553,562561,562566,5,8
562553,562561,562566,5,8
562553,562560,562566,6,7
562553,562560,562566,6,7
562553,562561,562566,5,8
562553,562561,562567,6,8
562553,562562,562567,5,9
562553,562562,562567,5,9
562553,562562,562567,5,9
562553,562562,562567,5,9
562553,562562,562567,5,9
562553,562562,562567,5,9
562553,562562,562567,5,9
562553,562562,562567,5,9
562553,562562,562567,5,9
562553,562562,562567,5,9
562553,562562,562567,5,9
562553,562561,562567,6,8
562553,562562,562567,5,9
562553,562562,562567,5,9
562553,562561,562567,6,8
562553,562561,562567,6,8
562553,562562,562567,5,9
562553,562562,562568,6,9
562553,562561,562567,6,8
562553,562562,562567,5,9
562553,562562,562567,5,9
562553,562562,562568,6,9
562553,562562,562568,6,9
562553,562563,562568,5,10
562553,562562,562568,6,9
562553,562562,562568,6,9
562553,562564,562569,5,11
562553,562564,562569,5,11
562553,562564,562569,5,11
562553,562565,562569,4,12
562553,562565,562569,4,12
562553,562565,562569,4,12
562553,562563,562569,6,10
562553,562564,562569,5,11
562553,562564,562569,5,11
562553,562565,562570,5,12
562553,562565,562569,4,12
562553,562565,562569,4,12
562553,562565,562569,4,12
562553,562565,562569,4,12
562553,562565,562569,4,12
562553,562565,562569,4,12
562553,562565,562569,4,12
562553,562565,562569,4,12
562553,562566,562570,4,13
562553,562565,562570,5,12
562553,562566,562570,4,13
562553,562566,562570,4,13
562553,562565,562570,5,12
562553,562564,562570,6,11
562553,562567,562571,4,14
562553,562567,562571,4,14
562553,562565,562570,5,12
562553,562565,562570,5,12
562553,562566,562570,4,13
562553,562566,562570,4,13
562553,562566,562571,5,13
562553,562566,562570,4,13
562553,562566,562571,5,13
562553,562566,562570,4,13
562553,562566,562570,4,13
562553,562567,562571,4,14
562553,562566,562571,5,13
562575,562576,562581,5,1
562575,562576,562580,4,1
562575,562576,562581,5,1
562575,562576,562580,4,1
562575,562576,562582,6,1
562575,562576,562581,5,1
562575,562576,562581,5,1
562575,562576,562581,5,1
562575,562576,562581,5,1
562575,562576,562581,5,1
562575,562576,562581,5,1
562575,562576,562581,5,1
562575,562576,562581,5,1
562575,562576,562581,5,1
562575,562576,562581,5,1
562575,562576,562581,5,1
562575,562576,562582,6,1
562575,562576,562581,5,1
562575,562576,562582,6,1
562575,562576,562583,7,1
562575,562576,562583,7,1
562575,562576,562582,6,1
562575,562576,562582,6,1
562575,562576,562582,6,1
562575,562576,562582,6,1
562575,562576,562582,6,1
562575,562576,562582,6,1
562575,562576,562583,7,1
562575,562576,562582,6,1
562575,562576,562582,6,1
562575,562576,562583,7,1
562575,562576,562582,6,1
562575,562576,562583,7,1
562575,562576,562582,6,1
562575,562576,562582,6,1
562575,562576,562583,7,1
562575,562576,562582,6,1
562575,562576,562582,6,1
562575,562576,562582,6,1
562575,562576,562583,7,1
562575,562576,562583,7,1
562575,562576,562583,7,1
562575,562576,562583,7,1
562575,562576,562583,7,1
562575,562576,562583,7,1
562575,562576,562584,8,1
562575,562576,562584,8,1
562575,562576,562583,7,1
562575,562576,562583,7,1
562575,562576,562584,8,1
562575,562576,562583,7,1
562575,562576,562584,8,1
562575,562576,562584,8,1
562575,562576,562584,8,1
562575,562576,562583,7,1
562575,562576,562583,7,1
562575,562576,562583,7,1
562575,562576,562583,7,1
562575,562576,562584,8,1
562575,562576,562584,8,1
562575,562576,562584,8,1
562575,562576,562584,8,1
562575,562576,562585,9,1
562575,562576,562585,9,1
562575,562576,562584,8,1
562575,562576,562584,8,1
562575,562576,562584,8,1
562575,562576,562585,9,1
562575,562576,562585,9,1
562575,562576,562584,8,1
562575,562576,562585,9,1
562575,562576,562584,8,1
562575,562576,562585,9,1
562575,562576,562584,8,1
562575,562576,562584,8,1
562575,562576,562585,9,1
562575,562576,562584,8,1
562575,562576,562584,8,1
562575,562576,562584,8,1
562575,562581,562585,4,6
562575,562576,562585,9,1
562575,562581,562585,4,6
562575,562581,562586,5,6
562575,562581,562586,5,6
562575,562582,562586,4,7
562575,562582,562586,4,7
562575,562582,562587,5,7
562575,562582,562586,4,7
562575,562582,562586,4,7
562575,562582,562587,5,7
562575,562582,562587,5,7
562575,562582,562587,5,7
562575,562582,562587,5,7
562575,562582,562587,5,7
562575,562583,562587,4,8
562575,562583,562587,4,8
562575,562583,562588,5,8
562575,562583,562588,5,8
562575,562583,562587,4,8
562575,562582,562587,5,7
562575,562583,562588,5,8
562575,562582,562588,6,7
562575,562583,562587,4,8
562575,562584,562588,4,9
562575,562582,562587,5,7
562575,562583,562588,5,8
562575,562583,562587,4,8
562575,562583,562588,5,8
562575,562583,562588,5,8
562575,562583,562588,5,8
562575,562582,562587,5,7
562575,562583,562588,5,8
562575,562583,562588,5,8
562575,562583,562588,5,8
562575,562584,562589,5,9
562575,562585,562589,4,10
562575,562585,562589,4,10
562575,562584,562589,5,9
562575,562584,562589,5,9
562575,562585,562588,3,10
562575,562583,562589,6,8
562575,562583,562588,5,8
562575,562583,562589,6,8
562575,562583,562588,5,8
562575,562583,562589,6,8
562575,562583,562588,5,8
562575,562584,562588,4,9
562575,562584,562589,5,9
562575,562583,562588,5,8
562575,562585,562589,4,10
562575,562585,562589,4,10
562575,562584,562589,5,9
562575,562584,562589,5,9
562575,562583,562588,5,8
562575,562584,562589,5,9
562575,562584,562589,5,9
562575,562583,562588,5,8
562575,562584,562589,5,9
562575,562586,562590,4,11
562575,562584,562590,6,9
562575,562584,562590,6,9
562575,562585,562590,5,10
562575,562584,562589,5,9
562575,562584,562590,6,9
562575,562585,562590,5,10
562575,562584,562589,5,9
562575,562585,562590,5,10
562575,562585,562590,5,10
562575,562584,562589,5,9
562575,562585,562590,5,10
562575,562584,562590,6,9
562575,562585,562590,5,10
562575,562585,562590,5,10
562575,562585,562589,4,10
562575,562585,562590,5,10
562575,562585,562590,5,10
562575,562585,562591,6,10
562575,562586,562591,5,11
562575,562586,562591,5,11
562575,562587,562591,4,12
562575,562585,562590,5,10
562575,562585,562590,5,10
562575,562586,562590,4,11
562575,562585,562591,6,10
562575,562587,562592,5,12
562575,562588,562592,4,13
562575,562587,562592,5,12
562575,562588,562592,4,13
562575,562588,562592,4,13
562575,562587,562591,4,12
562575,562587,562592,5,12
562575,562587,562591,4,12
562575,562587,562592,5,12
562575,562587,562592,5,12
562575,562585,562591,6,10
562575,562587,562592,5,12
562575,562587,562592,5,12
562575,562588,562593,5,13
562575,562588,562592,4,13
562575,562588,562593,5,13
562575,562588,562593,5,13
562575,562588,562593,5,13
562575,562588,562593,5,13
562575,562588,562593,5,13
562575,562588,562593,5,13
562575,562588,562593,5,13
562575,562588,562593,5,13
562575,562589,562594,5,14
562575,562589,562594,5,14
562575,562588,562593,5,13
562575,562589,562594,5,14
562575,562589,562594,5,14
562575,562588,562593,5,13
562575,562588,562593,5,13
562575,562588,562594,6,13
562575,562588,562593,5,13
562575,562588,562593,5,13
562575,562588,562593,5,13
562575,562589,562595,6,14
562575,562589,562595,6,14
562599,562599,562604,5,0
562599,562599,562604,5,0
562599,562599,562604,5,0
562599,562599,562604,5,0
562599,562599,562604,5,0
562599,562599,562604,5,0
562599,562599,562604,5,0
562599,562599,562604,5,0
562599,562599,562605,6,0
562599,562599,562605,6,0
562599,562599,562605,6,0
562599,562599,562604,5,0
562599,562599,562605,6,0
562599,562599,562605,6,0
562599,562599,562605,6,0
562599,562599,562605,6,0
562599,562599,562605,6,0
562599,562599,562605,6,0
562599,562599,562605,6,0
562599,562599,562605,6,0
562599,562599,562605,6,0
562599,562599,562605,6,0
562599,562599,562605,6,0
562599,562599,562605,6,0
562599,562599,562605,6,0
562599,562599,562605,6,0
562599,562599,562605,6,0
562599,562599,562605,6,0
562599,562599,562605,6,0
562599,562599,562606,7,0
562599,562599,562606,7,0
562599,562599,562605,6,0
562599,562599,562606,7,0
562599,562599,562605,6,0
562599,562599,562606,7,0
562599,562599,562606,7,0
562599,562599,562606,7,0
562599,562599,562606,7,0
562599,562599,562606,7,0
562599,562599,562606,7,0
562599,562599,562606,7,0
562599,562599,562606,7,0
562599,562599,562606,7,0
562599,562599,562606,7,0
562599,562599,562606,7,0
562599,562599,562606,7,0
562599,562599,562606,7,0
562599,562599,562607,8,0
562599,562599,562607,8,0
562599,562599,562607,8,0
562599,562599,562607,8,0
562599,562599,562606,7,0
562599,562599,562607,8,0
562599,562599,562607,8,0
562599,562599,562607,8,0
562599,562599,562607,8,0
562599,562599,562607,8,0
562599,562599,562607,8,0
562599,562599,562607,8,0
562599,562599,562607,8,0
562599,562599,562607,8,0
562599,562599,562607,8,0
562599,562599,562607,8,0
562599,562599,562607,8,0
562599,562599,562607,8,0
562599,562599,562607,8,0
562599,562599,562607,8,0
562599,562599,562607,8,0
562599,562599,562608,9,0
562599,562599,562608,9,0
562599,562599,562608,9,0
562599,562599,562608,9,0
562599,562599,562609,10,0
562599,562599,562608,9,0
562599,562599,562608,9,0
562599,562604,562608,4,5
562599,562599,562608,9,0
562599,562599,562608,9,0
562599,562599,562608,9,0
562599,562599,562609,10,0
562599,562599,562609,10,0
562599,562604,562609,5,5
562599,562604,562609,5,5
562599,562604,562609,5,5
562599,562604,562609,5,5
562599,562604,562609,5,5
562599,562604,562610,6,5
562599,562604,562609,5,5
562599,562605,562610,5,6
562599,562605,562610,5,6
562599,562605,562610,5,6
562599,562605,562610,5,6
562599,562605,562610,5,6
562599,562605,562610,5,6
562599,562605,562610,5,6
562599,562605,562610,5,6
562599,562605,562611,6,6
562599,562605,562611,6,6
562599,562607,562611,4,8
562599,562606,562610,4,7
562599,562606,562610,4,7
562599,562606,562611,5,7
562599,562606,562610,4,7
562599,562606,562610,4,7
562599,562606,562610,4,7
562599,562606,562611,5,7
562599,562606,562612,6,7
562599,562605,562612,7,6
562599,562607,562611,4,8
562599,562605,562612,7,6
562599,562607,562611,4,8
562599,562607,562612,5,8
562599,562607,562611,4,8
562599,562607,562612,5,8
562599,562606,562611,5,7
562599,562606,562611,5,7
562599,562607,562612,5,8
562599,562607,562612,5,8
562599,562607,562612,5,8
562599,562607,562612,5,8
562599,562607,562612,5,8
562599,562607,562612,5,8
562599,562607,562612,5,8
562599,562607,562611,4,8
562599,562608,562612,4,9
562599,562608,562612,4,9
562599,562608,562612,4,9
562599,562608,562612,4,9
562599,562609,562613,4,10
562599,562605,562612,7,6
562599,562608,562612,4,9
562599,562608,562612,4,9
562599,562608,562613,5,9
562599,562607,562612,5,8
562599,562607,562612,5,8
562599,562608,562612,4,9
562599,562608,562613,5,9
562599,562608,562612,4,9
562599,562608,562613,5,9
562599,562608,562613,5,9
562599,562608,562612,4,9
562599,562608,562613,5,9
562599,562608,562613,5,9
562599,562608,562613,5,9
562599,562608,562614,6,9
562599,562609,562613,4,10
562599,562608,562613,5,9
562599,562608,562613,5,9
562599,562609,562613,4,10
562599,562609,562613,4,10
562599,562609,562613,4,10
562599,562609,562613,4,10
562599,562609,562613,4,10
562599,562608,562613,5,9
562599,562608,562613,5,9
562599,562609,562613,4,10
562599,562610,562614,4,11
562599,562610,562614,4,11
562599,562610,562614,4,11
562599,562609,562614,5,10
562599,562610,562615,5,11
562599,562609,562614,5,10
562599,562609,562614,5,10
562599,562610,562614,4,11
562599,562610,562615,5,11
562599,562610,562614,4,11
562599,562610,562614,4,11
562599,562611,562615,4,12
562599,562611,562615,4,12
562599,562611,562616,5,12
562599,562611,562615,4,12
562599,562611,562616,5,12
562599,562611,562616,5,12
562599,562611,562616,5,12
562599,562611,562616,5,12
562599,562610,562615,5,11
562599,562611,562615,4,12
562599,562611,562616,5,12
562599,562611,562615,4,12
562599,562611,562616,5,12
562599,562612,562617,5,13
562599,562612,562616,4,13
562599,562612,562616,4,13
562599,562612,562616,4,13
562599,562611,562616,5,12
562599,562612,562617,5,13
562599,562611,562616,5,12
562599,562612,562617,5,13
562599,562612,562617,5,13
562599,562612,562616,4,13
562599,562611,562616,5,12
562599,562611,562616,5,12
562599,562612,562616,4,13
562599,562612,562617,5,13
562599,562612,562616,4,13
562599,562612,562617,5,13
562599,562612,562617,5,13
562599,562612,562617,5,13
562599,562611,562617,6,12
562599,562612,562618,6,13
562622,562622,562627,5,0
562622,562622,562627,5,0
562622,562622,562627,5,0
562622,562622,562627,5,0
562622,562622,562627,5,0
562622,562622,562627,5,0
562622,562622,562627,5,0
562622,562622,562627,5,0
562622,562622,562627,5,0
562622,562622,562628,6,0
562622,562622,562628,6,0
562622,562622,562628,6,0
562622,562622,562628,6,0
562622,562622,562628,6,0
562622,562622,562628,6,0
562622,562622,562627,5,0
562622,562622,562627,5,0
562622,562622,562628,6,0
562622,562622,562628,6,0
562622,562622,562627,5,0
562622,562622,562628,6,0
562622,562622,562628,6,0
562622,562622,562628,6,0
562622,562622,562629,7,0
562622,562622,562629,7,0
562622,562622,562628,6,0
562622,562622,562629,7,0
562622,562622,562629,7,0
562622,562622,562628,6,0
562622,562622,562628,6,0
562622,562622,562628,6,0
562622,562622,562629,7,0
562622,562622,562629,7,0
562622,562622,562629,7,0
562622,562622,562629,7,0
562622,562622,562629,7,0
562622,562622,562628,6,0
562622,562622,562629,7,0
562622,562622,562629,7,0
562622,562622,562629,7,0
562622,562622,562628,6,0
562622,562622,562630,8,0
562622,562622,562629,7,0
562622,562622,562630,8,0
562622,562622,562630,8,0
562622,562622,562630,8,0
562622,562622,562630,8,0
562622,562622,562630,8,0
562622,562622,562630,8,0
562622,562622,562630,8,0
562622,562622,562630,8,0
562622,562622,562630,8,0
562622,562622,562630,8,0
562622,562622,562630,8,0
562622,562622,562629,7,0
562622,562622,562630,8,0
562622,562622,562630,8,0
562622,562622,562630,8,0
562622,562622,562630,8,0
562622,562622,562630,8,0
562622,562622,562630,8,0
562622,562622,562630,8,0
562622,562622,562631,9,0
562622,562622,562631,9,0
562622,562622,562631,9,0
562622,562622,562631,9,0
562622,562622,562631,9,0
562622,562622,562630,8,0
562622,562622,562630,8,0
562622,562622,562631,9,0
562622,562622,562631,9,0
562622,562622,562631,9,0
562622,562622,562631,9,0
562622,562622,562631,9,0
562622,562622,562631,9,0
562622,562622,562631,9,0
562622,562622,562631,9,0
562622,562622,562630,8,0
562622,562622,562632,10,0
562622,562622,562632,10,0
562622,562628,562632,4,6
562622,562627,562632,5,5
562622,562627,562632,5,5
562622,562627,562632,5,5
562622,562627,562632,5,5
562622,562628,562632,4,6
562622,562627,562632,5,5
562622,562627,562632,5,5
562622,562627,562632,5,5
562622,562627,562633,6,5
562622,562627,562632,5,5
562622,562629,562633,4,7
562622,562629,562633,4,7
562622,562628,562633,5,6
562622,562628,562633,5,6
562622,562628,562633,5,6
562622,562628,562633,5,6
562622,562629,562633,4,7
562622,562628,562633,5,6
562622,562628,562633,5,6
562622,562628,562633,5,6
562622,562628,562633,5,6
562622,562629,562633,4,7
562622,562628,562633,5,6
562622,562628,562634,6,6
562622,562629,562634,5,7
562622,562629,562634,5,7
562622,562629,562635,6,7
562622,562629,562634,5,7
562622,562628,562634,6,6
562622,562628,562634,6,6
562622,562629,562634,5,7
562622,562629,562634,5,7
562622,562629,562634,5,7
562622,562629,562634,5,7
562622,562629,562634,5,7
562622,562629,562634,5,7
562622,562629,562634,5,7
562622,562630,562635,5,8
562622,562630,562635,5,8
562622,562630,562635,5,8
562622,562631,562635,4,9
562622,562629,562635,6,7
562622,562630,562635,5,8
562622,562630,562636,6,8
562622,562630,562635,5,8
562622,562630,562635,5,8
562622,562631,562636,5,9
562622,562629,562635,6,7
562622,562630,562636,6,8
562622,562631,562635,4,9
562622,562632,562636,4,10
562622,562629,562635,6,7
562622,562631,562636,5,9
562622,562630,562635,5,8
562622,562631,562635,4,9
562622,562631,562636,5,9
562622,562631,562636,5,9
562622,562631,562636,5,9
562622,562631,562636,5,9
562622,562632,562636,4,10
562622,562630,562636,6,8
562622,562631,562636,5,9
562622,562632,562636,4,10
562622,562630,562636,6,8
562622,562632,562636,4,10
562622,562632,562636,4,10
562622,562630,562636,6,8
562622,562630,562636,6,8
562622,562632,562636,4,10
562622,562632,562636,4,10
562622,562631,562636,5,9
562622,562632,562636,4,10
562622,562633,562637,4,11
562622,562630,562636,6,8
562622,562630,562636,6,8
562622,562632,562637,5,10
562622,562632,562636,4,10
562622,562632,562636,4,10
562622,562633,562637,4,11
562622,562633,562638,5,11
562622,562630,562637,7,8
562622,562633,562637,4,11
562622,562633,562637,4,11
562622,562633,562637,4,11
562622,562632,562637,5,10
562622,562633,562637,4,11
562622,562633,562637,4,11
562622,562633,562638,5,11
562622,562633,562638,5,11
562622,562633,562638,5,11
562622,562633,562638,5,11
562622,562634,562638,4,12
562622,562634,562638,4,12
562622,562635,562639,4,13
562622,562633,562638,5,11
562622,562634,562638,4,12
562622,562634,562638,4,12
562622,562633,562638,5,11
562622,562633,562638,5,11
562622,562634,562638,4,12
562622,562636,562639,3,14
562622,562636,562639,3,14
562622,562634,562639,5,12
562622,562634,562639,5,12
562622,562635,562639,4,13
562622,562635,562639,4,13
562622,562634,562639,5,12
562622,562635,562639,4,13
562622,562635,562639,4,13
562622,562635,562639,4,13
562622,562635,562639,4,13
562622,562635,562639,4,13
562622,562635,562640,5,13
562622,562635,562639,4,13
562622,562635,562640,5,13
562622,562635,562639,4,13
562622,562635,562639,4,13
562622,562634,562640,6,12
562622,562635,562640,5,13
562645,562645,562650,5,0
562645,562645,562650,5,0
562645,562645,562649,4,0
562645,562645,562650,5,0
562645,562645,562649,4,0
562645,562645,562650,5,0
562645,562645,562650,5,0
562645,562645,562650,5,0
562645,562645,562651,6,0
562645,562645,562651,6,0
562645,562645,562650,5,0
562645,562645,562651,6,0
562645,562645,562650,5,0
562645,562645,562650,5,0
562645,562645,562651,6,0
562645,562645,562650,5,0
562645,562645,562651,6,0
562645,562645,562651,6,0
562645,562645,562651,6,0
562645,562645,562650,5,0
562645,562645,562650,5,0
562645,562645,562650,5,0
562645,562645,562651,6,0
562645,562645,562650,5,0
562645,562645,562651,6,0
562645,562645,562651,6,0
562645,562645,562650,5,0
562645,562645,562650,5,0
562645,562645,562650,5,0
562645,562645,562651,6,0
562645,562645,562651,6,0
562645,562645,562651,6,0
562645,562645,562651,6,0
562645,562645,562652,7,0
562645,562645,562651,6,0
562645,562645,562651,6,0
562645,562645,562651,6,0
562645,562645,562652,7,0
562645,562645,562652,7,0
562645,562645,562652,7,0
562645,562645,562653,8,0
562645,562645,562653,8,0
562645,562645,562652,7,0
562645,562645,562652,7,0
562645,562645,562652,7,0
562645,562645,562652,7,0
562645,562645,562652,7,0
562645,562645,562652,7,0
562645,562645,562652,7,0
562645,562645,562652,7,0
562645,562645,562653,8,0
562645,562645,562653,8,0
562645,562645,562652,7,0
562645,562645,562653,8,0
562645,562645,562652,7,0
562645,562645,562652,7,0
562645,562645,562653,8,0
562645,562645,562652,7,0
562645,562645,562652,7,0
562645,562645,562652,7,0
562645,562645,562652,7,0
562645,562645,562652,7,0
562645,562645,562652,7,0
562645,562645,562653,8,0
562645,562645,562652,7,0
562645,562645,562652,7,0
562645,562645,562653,8,0
562645,562645,562652,7,0
562645,562645,562652,7,0
562645,562645,562652,7,0
562645,562645,562654,9,0
562645,562645,562653,8,0
562645,562645,562653,8,0
562645,562645,562653,8,0
562645,562645,562653,8,0
562645,562645,562653,8,0
562645,562645,562653,8,0
562645,562645,562653,8,0
562645,562645,562653,8,0
562645,562650,562655,5,5
562645,562645,562655,10,0
562645,562650,562654,4,5
562645,562650,562655,5,5
562645,562651,562655,4,6
562645,562651,562656,5,6
562645,562651,562655,4,6
562645,562651,562655,4,6
562645,562651,562656,5,6
562645,562650,562655,5,5
562645,562650,562655,5,5
562645,562651,562656,5,6
562645,562650,562655,5,5
562645,562651,562656,5,6
562645,562651,562656,5,6
562645,562651,562656,5,6
562645,562652,562656,4,7
562645,562651,562655,4,6
562645,562651,562656,5,6
562645,562651,562656,5,6
562645,562650,562655,5,5
562645,562651,562656,5,6
562645,562651,562656,5,6
562645,562651,562655,4,6
562645,562651,562656,5,6
562645,562651,562655,4,6
562645,562652,562656,4,7
562645,562651,562656,5,6
562645,562651,562656,5,6
562645,562651,562656,5,6
562645,562651,562656,5,6
562645,562653,562657,4,8
562645,562652,562657,5,7
562645,562652,562657,5,7
562645,562651,562656,5,6
562645,562652,562656,4,7
562645,562652,562656,4,7
562645,562653,562657,4,8
562645,562653,562658,5,8
562645,562652,562658,6,7
562645,562653,562658,5,8
562645,562653,562658,5,8
562645,562653,562658,5,8
562645,562653,562658,5,8
562645,562653,562658,5,8
562645,562653,562658,5,8
562645,562652,562657,5,7
562645,562653,562658,5,8
562645,562653,562658,5,8
562645,562653,562658,5,8
562645,562653,562658,5,8
562645,562653,562659,6,8
562645,562653,562659,6,8
562645,562655,562659,4,10
562645,562655,562659,4,10
562645,562653,562659,6,8
562645,562653,562659,6,8
562645,562653,562659,6,8
562645,562653,562659,6,8
562645,562654,562659,5,9
562645,562654,562659,5,9
562645,562655,562659,4,10
562645,562653,562659,6,8
562645,562653,562659,6,8
562645,562654,562659,5,9
562645,562653,562659,6,8
562645,562654,562659,5,9
562645,562654,562659,5,9
562645,562654,562659,5,9
562645,562654,562659,5,9
562645,562653,562658,5,8
562645,562653,562659,6,8
562645,562655,562659,4,10
562645,562653,562659,6,8
562645,562653,562659,6,8
562645,562653,562658,5,8
562645,562653,562659,6,8
562645,562653,562660,7,8
562645,562653,562659,6,8
562645,562653,562659,6,8
562645,562653,562660,7,8
562645,562654,562660,6,9
562645,562656,562660,4,11
562645,562656,562660,4,11
562645,562653,562660,7,8
562645,562656,562661,5,11
562645,562656,562661,5,11
562645,562656,562661,5,11
562645,562656,562661,5,11
562645,562656,562661,5,11
562645,562656,562661,5,11
562645,562656,562661,5,11
562645,562656,562661,5,11
562645,562656,562661,5,11
562645,562656,562661,5,11
562645,562656,562661,5,11
562645,562654,562661,7,9
562645,562656,562661,5,11
562645,562656,562662,6,11
562645,562656,562662,6,11
562645,562656,562662,6,11
562645,562657,562662,5,12
562645,562656,562662,6,11
562645,562656,562662,6,11
562645,562656,562662,6,11
562645,562657,562662,5,12
562645,562657,562662,5,12
562645,562658,562662,4,13
562645,562656,562662,6,11
562645,562657,562662,5,12
562645,562656,562662,6,11
562645,562656,562662,6,11
562645,562656,562662,6,11
562645,562656,562662,6,11
562645,562657,562662,5,12
562645,562657,562662,5,12
562645,562656,562663,7,11
562645,562656,562663,7,11
562645,562658,562663,5,13
562645,562658,562663,5,13
562645,562658,562663,5,13
562667,562667,562672,5,0
562667,562667,562672,5,0
562667,562667,562672,5,0
562667,562667,562672,5,0
562667,562667,562673,6,0
562667,562667,562673,6,0
562667,562667,562673,6,0
562667,562667,562673,6,0
562667,562667,562673,6,0
562667,562667,562673,6,0
562667,562667,562673,6,0
562667,562667,562673,6,0
562667,562667,562673,6,0
562667,562667,562673,6,0
562667,562667,562673,6,0
562667,562667,562673,6,0
562667,562667,562673,6,0
562667,562667,562673,6,0
562667,562667,562673,6,0
562667,562667,562673,6,0
562667,562667,562673,6,0
562667,562667,562673,6,0
562667,562667,562673,6,0
562667,562667,562673,6,0
562667,562667,562674,7,0
562667,562667,562674,7,0
562667,562667,562674,7,0
562667,562667,562674,7,0
562667,562667,562674,7,0
562667,562667,562674,7,0
562667,562667,562674,7,0
562667,562667,562674,7,0
562667,562667,562675,8,0
562667,562667,562675,8,0
562667,562667,562674,7,0
562667,562667,562674,7,0
562667,562667,562675,8,0
562667,562667,562674,7,0
562667,562667,562674,7,0
562667,562667,562675,8,0
562667,562667,562675,8,0
562667,562667,562674,7,0
562667,562667,562674,7,0
562667,562667,562675,8,0
562667,562667,562675,8,0
562667,562667,562675,8,0
562667,562667,562675,8,0
562667,562667,562675,8,0
562667,562667,562676,9,0
562667,562667,562676,9,0
562667,562667,562675,8,0
562667,562667,562676,9,0
562667,562667,562675,8,0
562667,562667,562675,8,0
562667,562667,562675,8,0
562667,562667,562676,9,0
562667,562667,562675,8,0
562667,562667,562676,9,0
562667,562667,562676,9,0
562667,562667,562676,9,0
562667,562667,562676,9,0
562667,562667,562676,9,0
562667,562667,562676,9,0
562667,562667,562676,9,0
562667,562667,562676,9,0
562667,562667,562677,10,0
562667,562667,562676,9,0
562667,562667,562676,9,0
562667,562667,562676,9,0
562667,562667,562676,9,0
562667,562667,562677,10,0
562667,562667,562676,9,0
562667,562667,562676,9,0
562667,562667,562677,10,0
562667,562667,562676,9,0
562667,562667,562676,9,0
562667,562667,562676,9,0
562667,562667,562676,9,0
562667,562667,562676,9,0
562667,562667,562676,9,0
562667,562673,562677,4,6
562667,562673,562677,4,6
562667,562673,562677,4,6
562667,562673,562677,4,6
562667,562674,562678,4,7
562667,562674,562678,4,7
562667,562674,562678,4,7
562667,562675,562679,4,8
562667,562674,562678,4,7
562667,562674,562678,4,7
562667,562674,562678,4,7
562667,562674,562679,5,7
562667,562674,562679,5,7
562667,562674,562678,4,7
562667,562674,562678,4,7
562667,562674,562679,5,7
562667,562675,562679,4,8
562667,562675,562679,4,8
562667,562674,562679,5,7
562667,562674,562680,6,7
562667,562674,562679,5,7
562667,562675,562680,5,8
562667,562674,562679,5,7
562667,562674,562679,5,7
562667,562674,562679,5,7
562667,562674,562679,5,7
562667,562674,562679,5,7
562667,562675,562680,5,8
562667,562674,562679,5,7
562667,562675,562680,5,8
562667,562675,562680,5,8
562667,562675,562679,4,8
562667,562675,562679,4,8
562667,562675,562679,4,8
562667,562675,562679,4,8
562667,562675,562680,5,8
562667,562675,562680,5,8
562667,562676,562680,4,9
562667,562676,562681,5,9
562667,562677,562681,4,10
562667,562676,562680,4,9
562667,562677,562681,4,10
562667,562677,562681,4,10
562667,562676,562681,5,9
562667,562676,562680,4,9
562667,562677,562681,4,10
562667,562675,562680,5,8
562667,562675,562681,6,8
562667,562676,562681,5,9
562667,562675,562680,5,8
562667,562676,562681,5,9
562667,562675,562681,6,8
562667,562676,562681,5,9
562667,562676,562680,4,9
562667,562676,562681,5,9
562667,562675,562680,5,8
562667,562676,562681,5,9
562667,562675,562681,6,8
562667,562676,562681,5,9
562667,562676,562681,5,9
562667,562676,562681,5,9
562667,562677,562681,4,10
562667,562677,562681,4,10
562667,562677,562681,4,10
562667,562677,562682,5,10
562667,562677,562681,4,10
562667,562677,562681,4,10
562667,562677,562681,4,10
562667,562677,562681,4,10
562667,562677,562681,4,10
562667,562677,562682,5,10
562667,562676,562681,5,9
562667,562676,562681,5,9
562667,562677,562682,5,10
562667,562676,562681,5,9
562667,562676,562681,5,9
562667,562677,562681,4,10
562667,562677,562682,5,10
562667,562677,562682,5,10
562667,562677,562682,5,10
562667,562678,562683,5,11
562667,562679,562683,4,12
562667,562678,562683,5,11
562667,562679,562683,4,12
562667,562678,562683,5,11
562667,562679,562683,4,12
562667,562679,562683,4,12
562667,562678,562682,4,11
562667,562679,562683,4,12
562667,562679,562683,4,12
562667,562679,562683,4,12
562667,562680,562684,4,13
562667,562680,562684,4,13
562667,562679,562683,4,12
562667,562679,562683,4,12
562667,562679,562684,5,12
562667,562679,562683,4,12
562667,562679,562684,5,12
562667,562680,562684,4,13
562667,562680,562684,4,13
562667,562680,562685,5,13
562667,562680,562685,5,13
562667,562680,562685,5,13
562667,562680,562684,4,13
562667,562680,562685,5,13
562667,562680,562684,4,13
562667,562680,562685,5,13
562667,562680,562685,5,13
562667,562680,562685,5,13
562667,562680,562685,5,13
562667,562681,562686,5,14
562667,562681,562685,4,14
562667,562680,562685,5,13
562667,562680,562685,5,13
562667,562680,562685,5,13
562667,562680,562685,5,13
562667,562680,562685,5,13
562667,562680,562685,5,13
562667,562680,562685,5,13
562667,562681,562686,5,14
562691,562691,562695,4,0
562691,562691,562696,5,0
562691,562691,562696,5,0
562691,562691,562696,5,0
562691,562691,562696,5,0
562691,562691,562696,5,0
562691,562691,562697,6,0
562691,562691,562697,6,0
562691,562691,562696,5,0
562691,562691,562696,5,0
562691,562691,562697,6,0
562691,562691,562697,6,0
562691,562691,562697,6,0
562691,562691,562696,5,0
562691,562691,562696,5,0
562691,562691,562697,6,0
562691,562691,562697,6,0
562691,562691,562697,6,0
562691,562691,562697,6,0
562691,562691,562697,6,0
562691,562691,562697,6,0
562691,562691,562697,6,0
562691,562691,562698,7,0
562691,562691,562698,7,0
562691,562691,562697,6,0
562691,562691,562697,6,0
562691,562691,562697,6,0
562691,562691,562697,6,0
562691,562691,562697,6,0
562691,562691,562697,6,0
562691,562691,562697,6,0
562691,562691,562698,7,0
562691,562691,562698,7,0
562691,562691,562697,6,0
562691,562691,562698,7,0
562691,562691,562697,6,0
562691,562691,562698,7,0
562691,562691,562697,6,0
562691,562691,562697,6,0
562691,562691,562698,7,0
562691,562691,562698,7,0
562691,562691,562697,6,0
562691,562691,562698,7,0
562691,562691,562698,7,0
562691,562691,562698,7,0
562691,562691,562699,8,0
562691,562691,562698,7,0
562691,562691,562698,7,0
562691,562691,562699,8,0
562691,562691,562698,7,0
562691,562691,562699,8,0
562691,562691,562699,8,0
562691,562691,562699,8,0
562691,562691,562699,8,0
562691,562691,562698,7,0
562691,562691,562698,7,0
562691,562691,562698,7,0
562691,562691,562699,8,0
562691,562691,562699,8,0
562691,562691,562699,8,0
562691,562691,562699,8,0
562691,562691,562699,8,0
562691,562691,562699,8,0
562691,562691,562699,8,0
562691,562691,562698,7,0
562691,562691,562698,7,0
562691,562691,562698,7,0
562691,562691,562699,8,0
562691,562691,562699,8,0
562691,562691,562699,8,0
562691,562691,562700,9,0
562691,562691,562700,9,0
562691,562696,562700,4,5
562691,562691,562700,9,0
562691,562691,562699,8,0
562691,562691,562699,8,0
562691,562691,562700,9,0
562691,562691,562699,8,0
562691,562691,562700,9,0
562691,562691,562700,9,0
562691,562691,562701,10,0
562691,562696,562701,5,5
562691,562696,562701,5,5
562691,562696,562701,5,5
562691,562696,562701,5,5
562691,562697,562701,4,6
562691,562696,562701,5,5
562691,562697,562702,5,6
562691,562697,562702,5,6
562691,562697,562702,5,6
562691,562697,562702,5,6
562691,562697,562702,5,6
562691,562697,562702,5,6
562691,562697,562702,5,6
562691,562697,562702,5,6
562691,562697,562702,5,6
562691,562697,562702,5,6
562691,562698,562702,4,7
562691,562697,562702,5,6
562691,562697,562702,5,6
562691,562698,562703,5,7
562691,562698,562703,5,7
562691,562698,562703,5,7
562691,562698,562703,5,7
562691,562698,562703,5,7
562691,562697,562703,6,6
562691,562698,562703,5,7
562691,562698,562703,5,7
562691,562698,562703,5,7
562691,562698,562703,5,7
562691,562698,562703,5,7
562691,562698,562703,5,7
562691,562698,562703,5,7
562691,562698,562703,5,7
562691,562698,562703,5,7
562691,562697,562703,6,6
562691,562697,562703,6,6
562691,562699,562704,5,8
562691,562699,562703,4,8
562691,562699,562704,5,8
562691,562698,562704,6,7
562691,562698,562705,7,7
562691,562698,562704,6,7
562691,562699,562705,6,8
562691,562699,562705,6,8
562691,562698,562704,6,7
562691,562699,562705,6,8
562691,562698,562704,6,7
562691,562699,562705,6,8
562691,562700,562705,5,9
562691,562700,562705,5,9
562691,562699,562705,6,8
562691,562699,562705,6,8
562691,562699,562705,6,8
562691,562699,562705,6,8
562691,562699,562705,6,8
562691,562699,562705,6,8
562691,562699,562705,6,8
562691,562699,562705,6,8
562691,562699,562705,6,8
562691,562699,562705,6,8
562691,562700,562705,5,9
562691,562700,562705,5,9
562691,562698,562705,7,7
562691,562700,562705,5,9
562691,562700,562705,5,9
562691,562699,562705,6,8
562691,562699,562705,6,8
562691,562700,562705,5,9
562691,562700,562705,5,9
562691,562699,562705,6,8
562691,562699,562705,6,8
562691,562699,562705,6,8
562691,562700,562705,5,9
562691,562700,562705,5,9
562691,562698,562705,7,7
562691,562699,562705,6,8
562691,562699,562705,6,8
562691,562699,562705,6,8
562691,562702,562706,4,11
562691,562702,562706,4,11
562691,562702,562706,4,11
562691,562702,562706,4,11
562691,562702,562706,4,11
562691,562702,562706,4,11
562691,562701,562706,5,10
562691,562701,562706,5,10
562691,562701,562706,5,10
562691,562701,562706,5,10
562691,562701,562707,6,10
562691,562701,562707,6,10
562691,562702,562707,5,11
562691,562703,562707,4,12
562691,562703,562708,5,12
562691,562703,562707,4,12
562691,562703,562707,4,12
562691,562701,562707,6,10
562691,562703,562707,4,12
562691,562701,562707,6,10
562691,562703,562707,4,12
562691,562703,562707,4,12
562691,562702,562707,5,11
562691,562704,562708,4,13
562691,562704,562708,4,13
562691,562704,562709,5,13
562691,562704,562708,4,13
562691,562704,562708,4,13
562691,562704,562709,5,13
562691,562704,562708,4,13
562691,562704,562709,5,13
562691,562704,562708,4,13
562691,562704,562708,4,13
562691,562704,562708,4,13
562691,562704,562708,4,13
562691,562704,562708,4,13
562691,562704,562708,4,13
562691,562704,562709,5,13
562691,562704,562709,5,13
562691,562704,562709,5,13
562691,562705,562709,4,14
562714,562714,562719,5,0
562714,562714,562719,5,0
562714,562714,562718,4,0
562714,562714,562719,5,0
562714,562714,562719,5,0
562714,562714,562719,5,0
562714,562714,562719,5,0
562714,562714,562719,5,0
562714,562714,562719,5,0
562714,562714,562719,5,0
562714,562714,562719,5,0
562714,562714,562720,6,0
562714,562714,562720,6,0
562714,562714,562719,5,0
562714,562714,562720,6,0
562714,562714,562719,5,0
562714,562714,562719,5,0
562714,562714,562719,5,0
562714,562714,562720,6,0
562714,562714,562720,6,0
562714,562714,562719,5,0
562714,562714,562721,7,0
562714,562714,562720,6,0
562714,562714,562720,6,0
562714,562714,562721,7,0
562714,562714,562721,7,0
562714,562714,562720,6,0
562714,562714,562720,6,0
562714,562714,562720,6,0
562714,562714,562720,6,0
562714,562714,562720,6,0
562714,562714,562721,7,0
562714,562714,562721,7,0
562714,562714,562722,8,0
562714,562714,562722,8,0
562714,562714,562721,7,0
562714,562714,562721,7,0
562714,562714,562721,7,0
562714,562714,562722,8,0
562714,562714,562721,7,0
562714,562714,562721,7,0
562714,562714,562721,7,0
562714,562714,562721,7,0
562714,562714,562721,7,0
562714,562714,562722,8,0
562714,562714,562722,8,0
562714,562714,562721,7,0
562714,562714,562721,7,0
562714,562714,562721,7,0
562714,562714,562722,8,0
562714,562714,562722,8,0
562714,562714,562721,7,0
562714,562714,562721,7,0
562714,562714,562722,8,0
562714,562714,562722,8,0
562714,562714,562722,8,0
562714,562714,562722,8,0
562714,562714,562721,7,0
562714,562714,562722,8,0
562714,562714,562722,8,0
562714,562714,562722,8,0
562714,562714,562722,8,0
562714,562714,562722,8,0
562714,562719,562723,4,5
562714,562714,562722,8,0
562714,562714,562722,8,0
562714,562719,562722,3,5
562714,562714,562722,8,0
562714,562714,562722,8,0
562714,562714,562722,8,0
562714,562714,562723,9,0
562714,562714,562724,10,0
562714,562714,562724,10,0
562714,562714,562724,10,0
562714,562714,562724,10,0
562714,562714,562723,9,0
562714,562720,562724,4,6
562714,562714,562724,10,0
562714,562719,562724,5,5
562714,562719,562724,5,5
562714,562714,562723,9,0
562714,562714,562724,10,0
562714,562719,562724,5,5
562714,562714,562724,10,0
562714,562720,562724,4,6
562714,562714,562725,11,0
562714,562720,562724,4,6
562714,562720,562725,5,6
562714,562714,562724,10,0
562714,562720,562725,5,6
562714,562720,562725,5,6
562714,562720,562725,5,6
562714,562720,562725,5,6
562714,562720,562724,4,6
562714,562720,562725,5,6
562714,562720,562725,5,6
562714,562720,562724,4,6
562714,562720,562724,4,6
562714,562720,562725,5,6
562714,562720,562725,5,6
562714,562720,562725,5,6
562714,562721,562725,4,7
562714,562721,562726,5,7
562714,562722,562726,4,8
562714,562721,562725,4,7
562714,562721,562726,5,7
562714,562721,562725,4,7
562714,562721,562726,5,7
562714,562721,562726,5,7
562714,562721,562726,5,7
562714,562721,562726,5,7
562714,562721,562726,5,7
562714,562721,562725,4,7
562714,562722,562727,5,8
562714,562722,562727,5,8
562714,562723,562727,4,9
562714,562722,562727,5,8
562714,562722,562727,5,8
562714,562722,562727,5,8
562714,562722,562727,5,8
562714,562722,562727,5,8
562714,562723,562728,5,9
562714,562723,562728,5,9
562714,562722,562728,6,8
562714,562722,562728,6,8
562714,562723,562728,5,9
562714,562723,562728,5,9
562714,562722,562728,6,8
562714,562722,562728,6,8
562714,562723,562728,5,9
562714,562722,562728,6,8
562714,562722,562728,6,8
562714,562723,562727,4,9
562714,562723,562728,5,9
562714,562723,562728,5,9
562714,562724,562728,4,10
562714,562724,562728,4,10
562714,562723,562728,5,9
562714,562724,562728,4,10
562714,562722,562728,6,8
562714,562722,562728,6,8
562714,562722,562728,6,8
562714,562722,562728,6,8
562714,562722,562728,6,8
562714,562722,562728,6,8
562714,562722,562728,6,8
562714,562722,562728,6,8
562714,562722,562728,6,8
562714,562723,562728,5,9
562714,562722,562728,6,8
562714,562722,562728,6,8
562714,562724,562729,5,10
562714,562724,562729,5,10
562714,562722,562729,7,8
562714,562725,562729,4,11
562714,562724,562729,5,10
562714,562724,562729,5,10
562714,562725,562729,4,11
562714,562724,562729,5,10
562714,562724,562729,5,10
562714,562725,562729,4,11
562714,562725,562729,4,11
562714,562724,562729,5,10
562714,562725,562729,4,11
562714,562722,562729,7,8
562714,562724,562729,5,10
562714,562725,562729,4,11
562714,562725,562730,5,11
562714,562725,562730,5,11
562714,562726,562730,4,12
562714,562724,562730,6,10
562714,562724,562730,6,10
562714,562725,562730,5,11
562714,562725,562730,5,11
562714,562725,562730,5,11
562714,562725,562730,5,11
562714,562725,562730,5,11
562714,562724,562730,6,10
562714,562724,562731,7,10
562714,562725,562730,5,11
562714,562726,562730,4,12
562714,562725,562731,6,11
562714,562726,562731,5,12
562714,562726,562731,5,12
562714,562726,562731,5,12
562714,562727,562731,4,13
562714,562727,562731,4,13
562714,562727,562731,4,13
562714,562726,562730,4,12
562714,562727,562731,4,13
562714,562727,562731,4,13
562714,562726,562731,5,12
562714,562726,562731,5,12
562714,562726,562731,5,12
562714,562727,562731,4,13
562714,562727,562731,4,13
562714,562726,562731,5,12
562714,562725,562731,6,11
562714,562726,562731,5,12
562714,562726,562731,5,12
562736,562736,562741,5,0
562736,562736,562740,4,0
562736,562736,562740,4,0
562736,562736,562741,5,0
562736,562736,562741,5,0
562736,562736,562741,5,0
562736,562736,562741,5,0
562736,562736,562741,5,0
562736,562736,562741,5,0
562736,562736,562742,6,0
562736,562736,562742,6,0
562736,562736,562741,5,0
562736,562736,562742,6,0
562736,562736,562741,5,0
562736,562736,562742,6,0
562736,562736,562741,5,0
562736,562736,562741,5,0
562736,562736,562742,6,0
562736,562736,562741,5,0
562736,562736,562741,5,0
562736,562736,562741,5,0
562736,562736,562741,5,0
562736,562736,562742,6,0
562736,562736,562742,6,0
562736,562736,562742,6,0
562736,562736,562742,6,0
562736,562736,562742,6,0
562736,562736,562742,6,0
562736,562736,562742,6,0
562736,562736,562742,6,0
562736,562736,562742,6,0
562736,562736,562743,7,0
562736,562736,562743,7,0
562736,562736,562743,7,0
562736,562736,562743,7,0
562736,562736,562743,7,0
562736,562736,562744,8,0
562736,562736,562744,8,0
562736,562736,562743,7,0
562736,562736,562743,7,0
562736,562736,562743,7,0
562736,562736,562744,8,0
562736,562736,562744,8,0
562736,562736,562743,7,0
562736,562736,562743,7,0
562736,562736,562744,8,0
562736,562736,562743,7,0
562736,562736,562743,7,0
562736,562736,562743,7,0
562736,562736,562743,7,0
562736,562736,562744,8,0
562736,562736,562743,7,0
562736,562736,562743,7,0
562736,562736,562744,8,0
562736,562736,562743,7,0
562736,562736,562743,7,0
562736,562736,562743,7,0
562736,562736,562744,8,0
562736,562736,562743,7,0
562736,562736,562744,8,0
562736,562736,562743,7,0
562736,562736,562743,7,0
562736,562736,562743,7,0
562736,562736,562743,7,0
562736,562736,562744,8,0
562736,562736,562744,8,0
562736,562736,562745,9,0
562736,562736,562744,8,0
562736,562736,562744,8,0
562736,562736,562744,8,0
562736,562736,562744,8,0
562736,562736,562744,8,0
562736,562736,562744,8,0
562736,562736,562744,8,0
562736,562736,562744,8,0
562736,562736,562744,8,0
562736,562736,562746,10,0
562736,562736,562746,10,0
562736,562742,562746,4,6
562736,562736,562745,9,0
562736,562741,562746,5,5
562736,562736,562746,10,0
562736,562741,562746,5,5
562736,562741,562745,4,5
562736,562742,562746,4,6
562736,562741,562746,5,5
562736,562742,562746,4,6
562736,562742,562747,5,6
562736,562742,562747,5,6
562736,562742,562747,5,6
562736,562742,562747,5,6
562736,562742,562747,5,6
562736,562742,562746,4,6
562736,562742,562746,4,6
562736,562742,562747,5,6
562736,562742,562746,4,6
562736,562742,562747,5,6
562736,562742,562747,5,6
562736,562742,562746,4,6
562736,562742,562747,5,6
562736,562742,562746,4,6
562736,562743,562748,5,7
562736,562743,562748,5,7
562736,562743,562748,5,7
562736,562744,562748,4,8
562736,562743,562748,5,7
562736,562742,562747,5,6
562736,562743,562748,5,7
562736,562743,562747,4,7
562736,562743,562748,5,7
562736,562743,562747,4,7
562736,562743,562748,5,7
562736,562743,562748,5,7
562736,562743,562747,4,7
562736,562743,562748,5,7
562736,562743,562748,5,7
562736,562744,562748,4,8
562736,562744,562749,5,8
562736,562744,562748,4,8
562736,562744,562749,5,8
562736,562745,562749,4,9
562736,562744,562749,5,8
562736,562744,562749,5,8
562736,562744,562749,5,8
562736,562744,562749,5,8
562736,562744,562749,5,8
562736,562744,562749,5,8
562736,562744,562749,5,8
562736,562744,562749,5,8
562736,562745,562749,4,9
562736,562745,562750,5,9
562736,562745,562750,5,9
562736,562745,562750,5,9
562736,562744,562750,6,8
562736,562744,562750,6,8
562736,562747,562750,3,11
562736,562744,562750,6,8
562736,562744,562750,6,8
562736,562744,562750,6,8
562736,562744,562750,6,8
562736,562744,562750,6,8
562736,562744,562750,6,8
562736,562745,562750,5,9
562736,562745,562750,5,9
562736,562744,562750,6,8
562736,562745,562750,5,9
562736,562744,562750,6,8
562736,562744,562750,6,8
562736,562746,562750,4,10
562736,562744,562750,6,8
562736,562745,562750,5,9
562736,562746,562751,5,10
562736,562746,562751,5,10
562736,562746,562751,5,10
562736,562747,562751,4,11
562736,562747,562750,3,11
562736,562744,562750,6,8
562736,562744,562751,7,8
562736,562745,562751,6,9
562736,562747,562750,3,11
562736,562745,562750,5,9
562736,562746,562751,5,10
562736,562747,562751,4,11
562736,562747,562751,4,11
562736,562744,562751,7,8
562736,562745,562750,5,9
562736,562746,562751,5,10
562736,562747,562751,4,11
562736,562746,562751,5,10
562736,562747,562751,4,11
562736,562746,562751,5,10
562736,562747,562751,4,11
562736,562746,562751,5,10
562736,562747,562751,4,11
562736,562747,562751,4,11
562736,562748,562752,4,12
562736,562744,562752,8,8
562736,562748,562752,4,12
562736,562747,562751,4,11
562736,562748,562752,4,12
562736,562746,562752,6,10
562736,562747,562752,5,11
562736,562748,562752,4,12
562736,562748,562752,4,12
562736,562747,562752,5,11
562736,562748,562752,4,12
562736,562749,562753,4,13
562736,562748,562752,4,12
562736,562748,562753,5,12
562736,562747,562753,6,11
562736,562749,562753,4,13
562736,562749,562753,4,13
562736,562748,562753,5,12
562736,562748,562753,5,12
562736,562748,562753,5,12
562736,562748,562753,5,12
562736,562748,562753,5,12
562736,562749,562754,5,13
562736,562749,562753,4,13
562736,562749,562753,4,13
562758,562758,562763,5,0
562758,562758,562763,5,0
562758,562758,562763,5,0
562758,562758,562763,5,0
562758,562758,562763,5,0
562758,562758,562763,5,0
562758,562758,562764,6,0
562758,562758,562764,6,0
562758,562758,562764,6,0
562758,562758,562764,6,0
562758,562758,562764,6,0
562758,562758,562763,5,0
562758,562758,562764,6,0
562758,562758,562764,6,0
562758,562758,562764,6,0
562758,562758,562764,6,0
562758,562758,562763,5,0
562758,562758,562764,6,0
562758,562758,562764,6,0
562758,562758,562764,6,0
562758,562758,562764,6,0
562758,562758,562764,6,0
562758,562758,562764,6,0
562758,562758,562763,5,0
562758,562758,562764,6,0
562758,562758,562765,7,0
562758,562758,562765,7,0
562758,562758,562764,6,0
562758,562758,562765,7,0
562758,562758,562765,7,0
562758,562758,562765,7,0
562758,562758,562765,7,0
562758,562758,562765,7,0
562758,562758,562765,7,0
562758,562758,562765,7,0
562758,562758,562765,7,0
562758,562758,562765,7,0
562758,562758,562765,7,0
562758,562758,562765,7,0
562758,562758,562765,7,0
562758,562758,562765,7,0
562758,562758,562765,7,0
562758,562758,562764,6,0
562758,562758,562765,7,0
562758,562758,562765,7,0
562758,562758,562765,7,0
562758,562758,562765,7,0
562758,562758,562765,7,0
562758,562758,562765,7,0
562758,562758,562765,7,0
562758,562758,562765,7,0
562758,562758,562765,7,0
562758,562758,562764,6,0
562758,562758,562765,7,0
562758,562758,562765,7,0
562758,562758,562765,7,0
562758,562758,562765,7,0
562758,562758,562766,8,0
562758,562758,562766,8,0
562758,562758,562766,8,0
562758,562758,562766,8,0
562758,562758,562766,8,0
562758,562758,562766,8,0
562758,562758,562766,8,0
562758,562758,562766,8,0
562758,562758,562766,8,0
562758,562758,562766,8,0
562758,562758,562766,8,0
562758,562758,562766,8,0
562758,562758,562766,8,0
562758,562758,562766,8,0
562758,562758,562766,8,0
562758,562758,562766,8,0
562758,562758,562766,8,0
562758,562758,562767,9,0
562758,562758,562767,9,0
562758,562758,562767,9,0
562758,562758,562767,9,0
562758,562758,562767,9,0
562758,562758,562767,9,0
562758,562763,562767,4,5
562758,562763,562767,4,5
562758,562763,562768,5,5
562758,562763,562767,4,5
562758,562764,562768,4,6
562758,562764,562768,4,6
562758,562763,562768,5,5
562758,562763,562768,5,5
562758,562764,562768,4,6
562758,562765,562770,5,7
562758,562764,562769,5,6
562758,562764,562769,5,6
562758,562764,562769,5,6
562758,562764,562769,5,6
562758,562764,562769,5,6
562758,562764,562769,5,6
562758,562764,562769,5,6
562758,562764,562769,5,6
562758,562765,562769,4,7
562758,562765,562769,4,7
562758,562765,562769,4,7
562758,562764,562769,5,6
562758,562765,562770,5,7
562758,562765,562769,4,7
562758,562764,562769,5,6
562758,562765,562770,5,7
562758,562765,562770,5,7
562758,562765,562770,5,7
562758,562766,562770,4,8
562758,562766,562770,4,8
562758,562766,562770,4,8
562758,562766,562771,5,8
562758,562766,562770,4,8
562758,562766,562770,4,8
562758,562766,562770,4,8
562758,562766,562771,5,8
562758,562766,562771,5,8
562758,562766,562770,4,8
562758,562766,562771,5,8
562758,562765,562771,6,7
562758,562767,562771,4,9
562758,562766,562770,4,8
562758,562766,562770,4,8
562758,562766,562771,5,8
562758,562766,562771,5,8
562758,562766,562771,5,8
562758,562767,562771,4,9
562758,562768,562771,3,10
562758,562765,562771,6,7
562758,562765,562771,6,7
562758,562767,562771,4,9
562758,562767,562771,4,9
562758,562765,562771,6,7
562758,562767,562772,5,9
562758,562767,562771,4,9
562758,562767,562772,5,9
562758,562766,562772,6,8
562758,562767,562771,4,9
562758,562767,562771,4,9
562758,562766,562771,5,8
562758,562766,562771,5,8
562758,562767,562771,4,9
562758,562767,562771,4,9
562758,562766,562772,6,8
562758,562766,562771,5,8
562758,562766,562772,6,8
562758,562767,562772,5,9
562758,562766,562771,5,8
562758,562768,562772,4,10
562758,562768,562772,4,10
562758,562766,562772,6,8
562758,562770,562773,3,12
562758,562770,562773,3,12
562758,562770,562772,2,12
562758,562769,562773,4,11
562758,562768,562772,4,10
562758,562768,562772,4,10
562758,562766,562772,6,8
562758,562766,562772,6,8
562758,562769,562772,3,11
562758,562766,562773,7,8
562758,562766,562772,6,8
562758,562769,562772,3,11
562758,562770,562773,3,12
562758,562769,562773,4,11
562758,562769,562773,4,11
562758,562766,562773,7,8
562758,562768,562773,5,10
562758,562768,562773,5,10
562758,562768,562773,5,10
562758,562770,562774,4,12
562758,562770,562773,3,12
562758,562770,562774,4,12
562758,562770,562774,4,12
562758,562768,562773,5,10
562758,562770,562774,4,12
562758,562770,562774,4,12
562758,562768,562773,5,10
562758,562768,562774,6,10
562758,562770,562774,4,12
562758,562771,562774,3,13
562758,562771,562774,3,13
562758,562771,562774,3,13
562758,562770,562774,4,12
562758,562770,562774,4,12
562758,562770,562775,5,12
562758,562770,562774,4,12
562758,562770,562775,5,12
562758,562771,562775,4,13
562758,562771,562775,4,13
562758,562771,562775,4,13
562758,562771,562775,4,13
562758,562771,562775,4,13
562758,562771,562775,4,13
562758,562771,562775,4,13
562758,562771,562775,4,13
562758,562771,562776,5,13
562758,562771,562775,4,13
562758,562771,562775,4,13
562758,562771,562775,4,13
562780,562780,562785,5,0
562780,562780,562786,6,0
562780,562780,562786,6,0
562780,562780,562785,5,0
562780,562780,562786,6,0
562780,562780,562786,6,0
562780,562780,562785,5,0
562780,562780,562785,5,0
562780,562780,562786,6,0
562780,562780,562786,6,0
562780,562780,562785,5,0
562780,562780,562785,5,0
562780,562780,562786,6,0
562780,562780,562786,6,0
562780,562780,562786,6,0
562780,562780,562786,6,0
562780,562780,562787,7,0
562780,562780,562787,7,0
562780,562780,562786,6,0
562780,562780,562786,6,0
562780,562780,562786,6,0
562780,562780,562787,7,0
562780,562780,562787,7,0
562780,562780,562787,7,0
562780,562780,562787,7,0
562780,562780,562787,7,0
562780,562780,562786,6,0
562780,562780,562786,6,0
562780,562780,562786,6,0
562780,562780,562787,7,0
562780,562780,562787,7,0
562780,562780,562786,6,0
562780,562780,562787,7,0
562780,562780,562787,7,0
562780,562780,562786,6,0
562780,562780,562787,7,0
562780,562780,562787,7,0
562780,562780,562787,7,0
562780,562780,562786,6,0
562780,562780,562787,7,0
562780,562780,562788,8,0
562780,562780,562788,8,0
562780,562780,562787,7,0
562780,562780,562788,8,0
562780,562780,562787,7,0
562780,562780,562788,8,0
562780,562780,562788,8,0
562780,562780,562788,8,0
562780,562780,562787,7,0
562780,562780,562788,8,0
562780,562780,562788,8,0
562780,562780,562787,7,0
562780,562780,562787,7,0
562780,562780,562788,8,0
562780,562780,562788,8,0
562780,562780,562788,8,0
562780,562780,562787,7,0
562780,562780,562788,8,0
562780,562780,562788,8,0
562780,562780,562788,8,0
562780,562780,562788,8,0
562780,562780,562787,7,0
562780,562780,562788,8,0
562780,562780,562788,8,0
562780,562780,562788,8,0
562780,562780,562789,9,0
562780,562780,562788,8,0
562780,562780,562789,9,0
562780,562780,562789,9,0
562780,562780,562789,9,0
562780,562780,562788,8,0
562780,562785,562789,4,5
562780,562780,562788,8,0
562780,562780,562790,10,0
562780,562780,562790,10,0
562780,562780,562790,10,0
562780,562780,562790,10,0
562780,562780,562790,10,0
562780,562780,562790,10,0
562780,562786,562790,4,6
562780,562786,562791,5,6
562780,562787,562791,4,7
562780,562780,562790,10,0
562780,562787,562791,4,7
562780,562787,562791,4,7
562780,562780,562790,10,0
562780,562786,562791,5,6
562780,562786,562791,5,6
562780,562786,562790,4,6
562780,562786,562791,5,6
562780,562786,562791,5,6
562780,562786,562791,5,6
562780,562786,562791,5,6
562780,562786,562791,5,6
562780,562786,562791,5,6
562780,562786,562791,5,6
562780,562787,562792,5,7
562780,562787,562792,5,7
562780,562787,562792,5,7
562780,562787,562793,6,7
562780,562786,562792,6,6
562780,562787,562792,5,7
562780,562787,562792,5,7
562780,562788,562793,5,8
562780,562788,562793,5,8
562780,562788,562793,5,8
562780,562788,562793,5,8
562780,562787,562793,6,7
562780,562787,562793,6,7
562780,562787,562793,6,7
562780,562787,562793,6,7
562780,562787,562793,6,7
562780,562788,562793,5,8
562780,562787,562793,6,7
562780,562787,562793,6,7
562780,562787,562793,6,7
562780,562787,562793,6,7
562780,562788,562793,5,8
562780,562787,562793,6,7
562780,562788,562793,5,8
562780,562788,562793,5,8
562780,562787,562793,6,7
562780,562787,562793,6,7
562780,562787,562793,6,7
562780,562788,562793,5,8
562780,562790,562794,4,10
562780,562787,562794,7,7
562780,562788,562794,6,8
562780,562788,562794,6,8
562780,562788,562794,6,8
562780,562788,562794,6,8
562780,562787,562794,7,7
562780,562788,562795,7,8
562780,562788,562794,6,8
562780,562788,562794,6,8
562780,562790,562794,4,10
562780,562789,562795,6,9
562780,562788,562795,7,8
562780,562790,562795,5,10
562780,562788,562795,7,8
562780,562788,562795,7,8
562780,562790,562795,5,10
562780,562789,562795,6,9
562780,562789,562794,5,9
562780,562790,562795,5,10
562780,562789,562795,6,9
562780,562790,562795,5,10
562780,562788,562795,7,8
562780,562788,562795,7,8
562780,562787,562795,8,7
562780,562791,562795,4,11
562780,562788,562795,7,8
562780,562788,562795,7,8
562780,562790,562795,5,10
562780,562790,562795,5,10
562780,562790,562795,5,10
562780,562791,562795,4,11
562780,562791,562796,5,11
562780,562792,562795,3,12
562780,562791,562795,4,11
562780,562792,562795,3,12
562780,562790,562795,5,10
562780,562792,562795,3,12
562780,562791,562796,5,11
562780,562791,562796,5,11
562780,562792,562796,4,12
562780,562792,562796,4,12
562780,562792,562796,4,12
562780,562792,562796,4,12
562780,562792,562796,4,12
562780,562791,562796,5,11
562780,562792,562796,4,12
562780,562792,562796,4,12
562780,562793,562797,4,13
562780,562792,562796,4,12
562780,562792,562796,4,12
562780,562793,562797,4,13
562780,562791,562797,6,11
562780,562792,562797,5,12
562780,562793,562797,4,13
562780,562791,562797,6,11
562780,562793,562798,5,13
562780,562793,562797,4,13
562780,562793,562797,4,13
562780,562794,562798,4,14
562780,562794,562798,4,14
562780,562794,562798,4,14
562780,562794,562798,4,14
562780,562794,562798,4,14
562780,562794,562799,5,14
562780,562794,562798,4,14
562780,562794,562798,4,14
562780,562794,562798,4,14
562780,562794,562798,4,14
562780,562794,562798,4,14
562780,562794,562798,4,14
562780,562794,562798,4,14
562780,562794,562798,4,14
562780,562794,562798,4,14
562780,562794,562798,4,14
562803,562803,562807,4,0
562803,562803,562807,4,0
562803,562803,562808,5,0
562803,562803,562808,5,0
562803,562803,562808,5,0
562803,562803,562808,5,0
562803,562803,562809,6,0
562803,562803,562808,5,0
562803,562803,562808,5,0
562803,562803,562808,5,0
562803,562803,562809,6,0
562803,562803,562809,6,0
562803,562803,562809,6,0
562803,562803,562809,6,0
562803,562803,562809,6,0
562803,562803,562809,6,0
562803,562803,562809,6,0
562803,562803,562808,5,0
562803,562803,562808,5,0
562803,562803,562809,6,0
562803,562803,562809,6,0
562803,562803,562809,6,0
562803,562803,562808,5,0
562803,562803,562808,5,0
562803,562803,562808,5,0
562803,562803,562808,5,0
562803,562803,562809,6,0
562803,562803,562809,6,0
562803,562803,562809,6,0
562803,562803,562809,6,0
562803,562803,562809,6,0
562803,562803,562809,6,0
562803,562803,562809,6,0
562803,562803,562810,7,0
562803,562803,562809,6,0
562803,562803,562809,6,0
562803,562803,562811,8,0
562803,562803,562811,8,0
562803,562803,562811,8,0
562803,562803,562810,7,0
562803,562803,562811,8,0
562803,562803,562811,8,0
562803,562803,562811,8,0
562803,562803,562811,8,0
562803,562803,562810,7,0
562803,562803,562811,8,0
562803,562803,562811,8,0
562803,562803,562810,7,0
562803,562803,562810,7,0
562803,562803,562811,8,0
562803,562803,562811,8,0
562803,562803,562810,7,0
562803,562803,562810,7,0
562803,562803,562810,7,0
562803,562803,562811,8,0
562803,562803,562810,7,0
562803,562803,562810,7,0
562803,562803,562810,7,0
562803,562803,562811,8,0
562803,562803,562810,7,0
562803,562803,562811,8,0
562803,562803,562811,8,0
562803,562803,562810,7,0
562803,562803,562810,7,0
562803,562803,562810,7,0
562803,562803,562810,7,0
562803,562803,562810,7,0
562803,562803,562811,8,0
562803,562803,562811,8,0
562803,562803,562812,9,0
562803,562803,562811,8,0
562803,562803,562811,8,0
562803,562803,562811,8,0
562803,562803,562811,8,0
562803,562803,562811,8,0
562803,562803,562812,9,0
562803,562803,562811,8,0
562803,562803,562812,9,0
562803,562808,562813,5,5
562803,562803,562813,10,0
562803,562809,562813,4,6
562803,562808,562813,5,5
562803,562803,562812,9,0
562803,562808,562813,5,5
562803,562809,562814,5,6
562803,562809,562814,5,6
562803,562809,562814,5,6
562803,562809,562814,5,6
562803,562810,562814,4,7
562803,562809,562814,5,6
562803,562809,562814,5,6
562803,562809,562814,5,6
562803,562809,562814,5,6
562803,562809,562814,5,6
562803,562809,562814,5,6
562803,562811,562815,4,8
562803,562811,562815,4,8
562803,562810,562815,5,7
562803,562810,562815,5,7
562803,562809,562814,5,6
562803,562809,562815,6,6
562803,562809,562814,5,6
562803,562810,562815,5,7
562803,562810,562815,5,7
562803,562809,562815,6,6
562803,562809,562814,5,6
562803,562809,562815,6,6
562803,562809,562815,6,6
562803,562809,562814,5,6
562803,562809,562814,5,6
562803,562809,562814,5,6
562803,562809,562814,5,6
562803,562810,562815,5,7
562803,562811,562816,5,8
562803,562811,562816,5,8
562803,562809,562816,7,6
562803,562810,562816,6,7
562803,562811,562816,5,8
562803,562810,562816,6,7
562803,562811,562816,5,8
562803,562809,562815,6,6
562803,562810,562816,6,7
562803,562812,562816,4,9
562803,562812,562816,4,9
562803,562811,562817,6,8
562803,562811,562817,6,8
562803,562811,562817,6,8
562803,562811,562817,6,8
562803,562811,562817,6,8
562803,562811,562817,6,8
562803,562813,562817,4,10
562803,562813,562817,4,10
562803,562811,562817,6,8
562803,562811,562817,6,8
562803,562811,562817,6,8
562803,562812,562817,5,9
562803,562811,562817,6,8
562803,562812,562817,5,9
562803,562812,562817,5,9
562803,562812,562817,5,9
562803,562811,562817,6,8
562803,562811,562817,6,8
562803,562811,562817,6,8
562803,562811,562817,6,8
562803,562811,562817,6,8
562803,562811,562817,6,8
562803,562811,562817,6,8
562803,562811,562817,6,8
562803,562812,562817,5,9
562803,562812,562816,4,9
562803,562811,562817,6,8
562803,562811,562817,6,8
562803,562811,562817,6,8
562803,562811,562817,6,8
562803,562811,562817,6,8
562803,562812,562817,5,9
562803,562811,562817,6,8
562803,562811,562817,6,8
562803,562811,562817,6,8
562803,562813,562818,5,10
562803,562813,562818,5,10
562803,562813,562819,6,10
562803,562815,562819,4,12
562803,562815,562819,4,12
562803,562815,562819,4,12
562803,562813,562819,6,10
562803,562814,562819,5,11
562803,562814,562819,5,11
562803,562814,562819,5,11
562803,562814,562819,5,11
562803,562814,562819,5,11
562803,562814,562819,5,11
562803,562814,562819,5,11
562803,562814,562819,5,11
562803,562814,562819,5,11
562803,562813,562819,6,10
562803,562814,562819,5,11
562803,562815,562820,5,12
562803,562815,562820,5,12
562803,562815,562820,5,12
562803,562815,562820,5,12
562803,562815,562820,5,12
562803,562815,562820,5,12
562803,562815,562820,5,12
562803,562815,562820,5,12
562803,562815,562820,5,12
562803,562815,562820,5,12
562803,562815,562820,5,12
562803,562815,562820,5,12
562803,562816,562820,4,13
562803,562814,562820,6,11
562803,562815,562820,5,12
562803,562816,562820,4,13
562803,562815,562820,5,12
562803,562816,562821,5,13
562803,562816,562821,5,13
562803,562815,562821,6,12
562803,562816,562821,5,13
562803,562816,562821,5,13
562803,562816,562821,5,13
562825,562825,562830,5,0
562825,562825,562830,5,0
562825,562825,562830,5,0
562825,562825,562830,5,0
562825,562825,562831,6,0
562825,562825,562831,6,0
562825,562825,562831,6,0
562825,562825,562831,6,0
562825,562825,562831,6,0
562825,562825,562832,7,0
562825,562825,562831,6,0
562825,562825,562831,6,0
562825,562825,562831,6,0
562825,562825,562831,6,0
562825,562825,562831,6,0
562825,562825,562831,6,0
562825,562825,562832,7,0
562825,562825,562831,6,0
562825,562825,562831,6,0
562825,562825,562831,6,0
562825,562825,562831,6,0
562825,562825,562831,6,0
562825,562825,562831,6,0
562825,562825,562831,6,0
562825,562825,562831,6,0
562825,562825,562832,7,0
562825,562825,562832,7,0
562825,562825,562832,7,0
562825,562825,562832,7,0
562825,562825,562832,7,0
562825,562825,562832,7,0
562825,562825,562832,7,0
562825,562825,562832,7,0
562825,562825,562832,7,0
562825,562825,562832,7,0
562825,562825,562832,7,0
562825,562825,562832,7,0
562825,562825,562832,7,0
562825,562825,562832,7,0
562825,562825,562832,7,0
562825,562825,562834,9,0
562825,562826,562834,8,1
562825,562825,562834,9,0
562825,562825,562834,9,0
562825,562825,562834,9,0
562825,562825,562833,8,0
562825,562825,562833,8,0
562825,562825,562834,9,0
562825,562825,562834,9,0
562825,562826,562834,8,1
562825,562825,562834,9,0
562825,562825,562834,9,0
562825,562825,562834,9,0
562825,562825,562834,9,0
562825,562825,562834,9,0
562825,562826,562834,8,1
562825,562825,562834,9,0
562825,562825,562834,9,0
562825,562825,562834,9,0
562825,562825,562834,9,0
562825,562826,562834,8,1
562825,562826,562834,8,1
562825,562825,562834,9,0
562825,562825,562834,9,0
562825,562826,562834,8,1
562825,562826,562834,8,1
562825,562825,562834,9,0
562825,562825,562834,9,0
562825,562825,562834,9,0
562825,562826,562834,8,1
562825,562826,562835,9,1
562825,562826,562834,8,1
562825,562826,562834,8,1
562825,562826,562834,8,1
562825,562826,562834,8,1
562825,562825,562834,9,0
562825,562826,562835,9,1
562825,562826,562834,8,1
562825,562825,562834,9,0
562825,562831,562835,4,6
562825,562826,562835,9,1
562825,562831,562835,4,6
562825,562831,562835,4,6
562825,562831,562836,5,6
562825,562832,562836,4,7
562825,562832,562836,4,7
562825,562832,562836,4,7
562825,562832,562836,4,7
562825,562832,562837,5,7
562825,562832,562837,5,7
562825,562832,562836,4,7
562825,562832,562837,5,7
562825,562832,562837,5,7
562825,562833,562837,4,8
562825,562832,562837,5,7
562825,562832,562837,5,7
562825,562832,562837,5,7
562825,562832,562838,6,7
562825,562833,562838,5,8
562825,562834,562838,4,9
562825,562832,562838,6,7
562825,562832,562837,5,7
562825,562833,562838,5,8
562825,562832,562837,5,7
562825,562832,562837,5,7
562825,562833,562838,5,8
562825,562833,562838,5,8
562825,562833,562837,4,8
562825,562833,562838,5,8
562825,562834,562838,4,9
562825,562832,562837,5,7
562825,562833,562838,5,8
562825,562833,562837,4,8
562825,562832,562838,6,7
562825,562833,562838,5,8
562825,562833,562838,5,8
562825,562833,562838,5,8
562825,562832,562838,6,7
562825,562833,562838,5,8
562825,562834,562838,4,9
562825,562832,562839,7,7
562825,562834,562838,4,9
562825,562833,562839,6,8
562825,562834,562839,5,9
562825,562833,562840,7,8
562825,562835,562839,4,10
562825,562835,562840,5,10
562825,562835,562839,4,10
562825,562835,562839,4,10
562825,562835,562840,5,10
562825,562835,562840,5,10
562825,562834,562839,5,9
562825,562834,562839,5,9
562825,562835,562839,4,10
562825,562835,562840,5,10
562825,562835,562840,5,10
562825,562835,562840,5,10
562825,562834,562840,6,9
562825,562835,562839,4,10
562825,562835,562839,4,10
562825,562834,562839,5,9
562825,562835,562840,5,10
562825,562835,562839,4,10
562825,562834,562839,5,9
562825,562835,562840,5,10
562825,562835,562840,5,10
562825,562835,562840,5,10
562825,562835,562840,5,10
562825,562834,562839,5,9
562825,562834,562839,5,9
562825,562835,562840,5,10
562825,562835,562840,5,10
562825,562835,562840,5,10
562825,562835,562841,6,10
562825,562836,562840,4,11
562825,562835,562840,5,10
562825,562835,562840,5,10
562825,562835,562840,5,10
562825,562835,562840,5,10
562825,562835,562840,5,10
562825,562836,562841,5,11
562825,562836,562840,4,11
562825,562835,562841,6,10
562825,562838,562842,4,13
562825,562836,562841,5,11
562825,562837,562842,5,12
562825,562837,562842,5,12
562825,562837,562842,5,12
562825,562837,562842,5,12
562825,562837,562842,5,12
562825,562837,562841,4,12
562825,562838,562842,4,13
562825,562837,562842,5,12
562825,562838,562842,4,13
562825,562837,562843,6,12
562825,562838,562843,5,13
562825,562837,562843,6,12
562825,562838,562842,4,13
562825,562838,562843,5,13
562825,562838,562843,5,13
562825,562838,562843,5,13
562825,562838,562842,4,13
562825,562838,562843,5,13
562825,562838,562843,5,13
562825,562838,562842,4,13
562825,562838,562843,5,13
562825,562838,562843,5,13
562825,562839,562843,4,14
562825,562839,562843,4,14
562825,562839,562843,4,14
562825,562838,562843,5,13
562825,562838,562843,5,13
562825,562839,562844,5,14
562825,562838,562844,6,13
562825,562838,562844,6,13
562825,562839,562844,5,14
562825,562838,562843,5,13
562825,562838,562843,5,13
562825,562838,562843,5,13
562825,562839,562844,5,14
562848,562848,562853,5,0
562848,562848,562853,5,0
562848,562848,562853,5,0
562848,562848,562854,6,0
562848,562848,562854,6,0
562848,562848,562854,6,0
562848,562848,562854,6,0
562848,562848,562854,6,0
562848,562848,562854,6,0
562848,562848,562853,5,0
562848,562848,562853,5,0
562848,562848,562854,6,0
562848,562848,562853,5,0
562848,562848,562854,6,0
562848,562848,562854,6,0
562848,562848,562854,6,0
562848,562848,562854,6,0
562848,562848,562854,6,0
562848,562848,562854,6,0
562848,562848,562853,5,0
562848,562848,562854,6,0
562848,562848,562854,6,0
562848,562848,562855,7,0
562848,562848,562854,6,0
562848,562848,562855,7,0
562848,562848,562854,6,0
562848,562848,562855,7,0
562848,562848,562855,7,0
562848,562848,562854,6,0
562848,562848,562855,7,0
562848,562848,562855,7,0
562848,562848,562855,7,0
562848,562848,562856,8,0
562848,562848,562856,8,0
562848,562848,562856,8,0
562848,562848,562856,8,0
562848,562848,562856,8,0
562848,562848,562856,8,0
562848,562848,562856,8,0
562848,562848,562856,8,0
562848,562848,562856,8,0
562848,562848,562856,8,0
562848,562848,562856,8,0
562848,562848,562856,8,0
562848,562848,562856,8,0
562848,562848,562856,8,0
562848,562848,562856,8,0
562848,562848,562856,8,0
562848,562848,562856,8,0
562848,562848,562856,8,0
562848,562848,562856,8,0
562848,562848,562856,8,0
562848,562848,562856,8,0
562848,562848,562856,8,0
562848,562848,562856,8,0
562848,562848,562856,8,0
562848,562848,562856,8,0
562848,562848,562856,8,0
562848,562848,562856,8,0
562848,562848,562856,8,0
562848,562848,562856,8,0
562848,562848,562856,8,0
562848,562848,562856,8,0
562848,562848,562856,8,0
562848,562848,562856,8,0
562848,562848,562856,8,0
562848,562848,562856,8,0
562848,562848,562857,9,0
562848,562848,562857,9,0
562848,562848,562857,9,0
562848,562848,562856,8,0
562848,562848,562857,9,0
562848,562848,562857,9,0
562848,562848,562857,9,0
562848,562848,562857,9,0
562848,562848,562857,9,0
562848,562848,562858,10,0
562848,562848,562858,10,0
562848,562848,562859,11,0
562848,562854,562859,5,6
562848,562854,562860,6,6
562848,562853,562859,6,5
562848,562848,562859,11,0
562848,562853,562859,6,5
562848,562854,562859,5,6
562848,562854,562859,5,6
562848,562854,562859,5,6
562848,562854,562859,5,6
562848,562854,562860,6,6
562848,562853,562859,6,5
562848,562854,562859,5,6
562848,562855,562860,5,7
562848,562855,562861,6,7
562848,562854,562860,6,6
562848,562855,562860,5,7
562848,562854,562860,6,6
562848,562854,562860,6,6
562848,562854,562860,6,6
562848,562856,562860,4,8
562848,562854,562860,6,6
562848,562854,562860,6,6
562848,562857,562860,3,9
562848,562854,562860,6,6
562848,562854,562860,6,6
562848,562856,562860,4,8
562848,562854,562860,6,6
562848,562854,562860,6,6
562848,562856,562860,4,8
562848,562855,562860,5,7
562848,562855,562860,5,7
562848,562855,562860,5,7
562848,562854,562860,6,6
562848,562856,562861,5,8
562848,562856,562861,5,8
562848,562857,562862,5,9
562848,562857,562862,5,9
562848,562857,562862,5,9
562848,562856,562861,5,8
562848,562857,562861,4,9
562848,562859,562863,4,11
562848,562857,562862,5,9
562848,562857,562862,5,9
562848,562857,562862,5,9
562848,562857,562863,6,9
562848,562857,562862,5,9
562848,562857,562862,5,9
562848,562859,562862,3,11
562848,562857,562862,5,9
562848,562857,562862,5,9
562848,562857,562862,5,9
562848,562858,562863,5,10
562848,562859,562862,3,11
562848,562857,562862,5,9
562848,562857,562863,6,9
562848,562857,562862,5,9
562848,562857,562863,6,9
562848,562857,562863,6,9
562848,562858,562862,4,10
562848,562857,562862,5,9
562848,562857,562862,5,9
562848,562857,562862,5,9
562848,562858,562863,5,10
562848,562857,562862,5,9
562848,562857,562862,5,9
562848,562858,562862,4,10
562848,562858,562862,4,10
562848,562858,562863,5,10
562848,562858,562863,5,10
562848,562857,562863,6,9
562848,562857,562863,6,9
562848,562860,562863,3,12
562848,562857,562863,6,9
562848,562857,562863,6,9
562848,562857,562864,7,9
562848,562857,562863,6,9
562848,562857,562863,6,9
562848,562860,562863,3,12
562848,562857,562863,6,9
562848,562857,562863,6,9
562848,562858,562864,6,10
562848,562857,562864,7,9
562848,562860,562864,4,12
562848,562860,562864,4,12
562848,562860,562865,5,12
562848,562860,562864,4,12
562848,562861,562865,4,13
562848,562861,562866,5,13
562848,562861,562866,5,13
562848,562861,562866,5,13
562848,562861,562866,5,13
562848,562861,562866,5,13
562848,562861,562866,5,13
562848,562861,562866,5,13
562848,562861,562865,4,13
562848,562860,562866,6,12
562848,562860,562865,5,12
562848,562861,562866,5,13
562848,562861,562866,5,13
562848,562860,562866,6,12
562848,562860,562865,5,12
562848,562861,562866,5,13
562848,562860,562866,6,12
562848,562861,562866,5,13
562848,562861,562865,4,13
562848,562862,562866,4,14
562848,562862,562867,5,14
562848,562862,562866,4,14
562848,562862,562866,4,14
562848,562861,562866,5,13
562848,562861,562866,5,13
562848,562861,562866,5,13
562848,562861,562866,5,13
562848,562861,562866,5,13
562848,562862,562867,5,14
562848,562861,562866,5,13
562848,562862,562866,4,14
562848,562861,562866,5,13
562848,562862,562866,4,14
562848,562860,562866,6,12
562848,562863,562867,4,15
562872,562872,562876,4,0
562872,562872,562877,5,0
562872,562872,562877,5,0
562872,562872,562876,4,0
562872,562872,562877,5,0
562872,562872,562877,5,0
562872,562872,562877,5,0
562872,562872,562876,4,0
562872,562872,562878,6,0
562872,562872,562878,6,0
562872,562872,562877,5,0
562872,562872,562877,5,0
562872,562872,562877,5,0
562872,562872,562877,5,0
562872,562872,562878,6,0
562872,562872,562877,5,0
562872,562872,562877,5,0
562872,562872,562878,6,0
562872,562872,562877,5,0
562872,562872,562877,5,0
562872,562872,562877,5,0
562872,562872,562878,6,0
562872,562872,562877,5,0
562872,562872,562877,5,0
562872,562872,562877,5,0
562872,562872,562878,6,0
562872,562872,562877,5,0
562872,562872,562877,5,0
562872,562872,562877,5,0
562872,562872,562878,6,0
562872,562872,562878,6,0
562872,562872,562878,6,0
562872,562872,562878,6,0
562872,562872,562878,6,0
562872,562872,562878,6,0
562872,562872,562878,6,0
562872,562872,562879,7,0
562872,562872,562878,6,0
562872,562872,562878,6,0
562872,562872,562879,7,0
562872,562872,562879,7,0
562872,562872,562880,8,0
562872,562872,562880,8,0
562872,562872,562879,7,0
562872,562872,562879,7,0
562872,562872,562879,7,0
562872,562872,562879,7,0
562872,562872,562879,7,0
562872,562872,562880,8,0
562872,562872,562880,8,0
562872,562872,562879,7,0
562872,562872,562879,7,0
562872,562872,562879,7,0
562872,562872,562879,7,0
562872,562872,562879,7,0
562872,562872,562879,7,0
562872,562872,562879,7,0
562872,562872,562879,7,0
562872,562872,562879,7,0
562872,562872,562879,7,0
562872,562872,562879,7,0
562872,562872,562879,7,0
562872,562872,562880,8,0
562872,562872,562879,7,0
562872,562872,562880,8,0
562872,562872,562879,7,0
562872,562872,562879,7,0
562872,562872,562880,8,0
562872,562872,562879,7,0
562872,562872,562880,8,0
562872,562872,562880,8,0
562872,562872,562881,9,0
562872,562872,562881,9,0
562872,562872,562882,10,0
562872,562872,562881,9,0
562872,562872,562881,9,0
562872,562877,562881,4,5
562872,562872,562881,9,0
562872,562877,562881,4,5
562872,562872,562881,9,0
562872,562877,562881,4,5
562872,562872,562881,9,0
562872,562872,562881,9,0
562872,562877,562881,4,5
562872,562877,562881,4,5
562872,562877,562882,5,5
562872,562877,562882,5,5
562872,562877,562882,5,5
562872,562878,562882,4,6
562872,562878,562883,5,6
562872,562878,562883,5,6
562872,562878,562882,4,6
562872,562878,562882,4,6
562872,562878,562883,5,6
562872,562878,562883,5,6
562872,562878,562883,5,6
562872,562878,562883,5,6
562872,562878,562883,5,6
562872,562878,562883,5,6
562872,562878,562883,5,6
562872,562878,562882,4,6
562872,562878,562883,5,6
562872,562878,562883,5,6
562872,562879,562883,4,7
562872,562878,562883,5,6
562872,562879,562883,4,7
562872,562879,562883,4,7
562872,562880,562884,4,8
562872,562879,562884,5,7
562872,562878,562883,5,6
562872,562878,562884,6,6
562872,562878,562884,6,6
562872,562878,562884,6,6
562872,562879,562883,4,7
562872,562878,562883,5,6
562872,562879,562883,4,7
562872,562879,562884,5,7
562872,562879,562883,4,7
562872,562879,562883,4,7
562872,562879,562883,4,7
562872,562880,562885,5,8
562872,562880,562885,5,8
562872,562880,562885,5,8
562872,562880,562885,5,8
562872,562880,562885,5,8
562872,562880,562885,5,8
562872,562880,562884,4,8
562872,562880,562884,4,8
562872,562880,562885,5,8
562872,562880,562885,5,8
562872,562880,562885,5,8
562872,562880,562885,5,8
562872,562880,562885,5,8
562872,562880,562885,5,8
562872,562880,562884,4,8
562872,562880,562885,5,8
562872,562880,562885,5,8
562872,562882,562886,4,10
562872,562881,562885,4,9
562872,562882,562886,4,10
562872,562881,562886,5,9
562872,562881,562885,4,9
562872,562882,562886,4,10
562872,562880,562885,5,8
562872,562882,562886,4,10
562872,562882,562886,4,10
562872,562880,562886,6,8
562872,562882,562886,4,10
562872,562882,562886,4,10
562872,562880,562886,6,8
562872,562880,562886,6,8
562872,562880,562886,6,8
562872,562882,562886,4,10
562872,562882,562886,4,10
562872,562880,562886,6,8
562872,562880,562886,6,8
562872,562880,562886,6,8
562872,562880,562886,6,8
562872,562880,562886,6,8
562872,562882,562886,4,10
562872,562882,562886,4,10
562872,562882,562886,4,10
562872,562880,562887,7,8
562872,562880,562887,7,8
562872,562882,562887,5,10
562872,562882,562887,5,10
562872,562882,562887,5,10
562872,562884,562888,4,12
562872,562883,562888,5,11
562872,562883,562888,5,11
562872,562883,562887,4,11
562872,562883,562888,5,11
562872,562883,562888,5,11
562872,562882,562888,6,10
562872,562883,562888,5,11
562872,562883,562888,5,11
562872,562883,562888,5,11
562872,562883,562888,5,11
562872,562883,562888,5,11
562872,562883,562888,5,11
562872,562883,562888,5,11
562872,562883,562888,5,11
562872,562883,562888,5,11
562872,562883,562888,5,11
562872,562883,562889,6,11
562872,562883,562888,5,11
562872,562884,562888,4,12
562872,562883,562889,6,11
562872,562884,562888,4,12
562872,562884,562889,5,12
562872,562884,562889,5,12
562872,562884,562889,5,12
562872,562884,562889,5,12
562872,562884,562889,5,12
562872,562884,562889,5,12
562872,562884,562889,5,12
562872,562884,562889,5,12
562872,562884,562889,5,12
562872,562884,562889,5,12
562872,562884,562889,5,12
562893,562894,562898,4,1
562893,562894,562898,4,1
562893,562894,562898,4,1
562893,562894,562898,4,1
562893,562894,562899,5,1
562893,562894,562898,4,1
562893,562894,562898,4,1
562893,562894,562898,4,1
562893,562894,562898,4,1
562893,562894,562898,4,1
562893,562894,562898,4,1
562893,562894,562899,5,1
562893,562894,562899,5,1
562893,562894,562899,5,1
562893,562894,562899,5,1
562893,562894,562900,6,1
562893,562894,562899,5,1
562893,562894,562899,5,1
562893,562894,562899,5,1
562893,562894,562899,5,1
562893,562894,562899,5,1
562893,562894,562899,5,1
562893,562894,562899,5,1
562893,562894,562899,5,1
562893,562894,562900,6,1
562893,562894,562900,6,1
562893,562894,562899,5,1
562893,562894,562900,6,1
562893,562894,562900,6,1
562893,562894,562900,6,1
562893,562894,562899,5,1
562893,562894,562899,5,1
562893,562894,562900,6,1
562893,562894,562899,5,1
562893,562894,562900,6,1
562893,562894,562900,6,1
562893,562894,562900,6,1
562893,562894,562900,6,1
562893,562894,562900,6,1
562893,562894,562900,6,1
562893,562894,562900,6,1
562893,562894,562900,6,1
562893,562894,562901,7,1
562893,562894,562900,6,1
562893,562894,562901,7,1
562893,562894,562900,6,1
562893,562894,562900,6,1
562893,562894,562900,6,1
562893,562894,562900,6,1
562893,562894,562900,6,1
562893,562894,562900,6,1
562893,562894,562901,7,1
562893,562894,562901,7,1
562893,562894,562901,7,1
562893,562894,562901,7,1
562893,562894,562901,7,1
562893,562894,562901,7,1
562893,562894,562901,7,1
562893,562894,562902,8,1
562893,562894,562901,7,1
562893,562894,562901,7,1
562893,562894,562901,7,1
562893,562894,562901,7,1
562893,562894,562901,7,1
562893,562894,562901,7,1
562893,562894,562901,7,1
562893,562894,562902,8,1
562893,562894,562901,7,1
562893,562894,562902,8,1
562893,562894,562902,8,1
562893,562894,562902,8,1
562893,562894,562902,8,1
562893,562894,562902,8,1
562893,562894,562902,8,1
562893,562894,562902,8,1
562893,562894,562902,8,1
562893,562894,562902,8,1
562893,562894,562902,8,1
562893,562894,562902,8,1
562893,562894,562902,8,1
562893,562899,562904,5,6
562893,562899,562904,5,6
562893,562899,562904,5,6
562893,562899,562903,4,6
562893,562899,562903,4,6
562893,562899,562904,5,6
562893,562899,562904,5,6
562893,562899,562903,4,6
562893,562899,562904,5,6
562893,562899,562904,5,6
562893,562900,562904,4,7
562893,562900,562904,4,7
562893,562900,562904,4,7
562893,562900,562904,4,7
562893,562900,562905,5,7
562893,562899,562904,5,6
562893,562900,562905,5,7
562893,562900,562904,4,7
562893,562900,562905,5,7
562893,562900,562905,5,7
562893,562900,562905,5,7
562893,562900,562905,5,7
562893,562900,562905,5,7
562893,562900,562905,5,7
562893,562900,562905,5,7
562893,562900,562905,5,7
562893,562900,562905,5,7
562893,562900,562905,5,7
562893,562900,562905,5,7
562893,562900,562905,5,7
562893,562901,562905,4,8
562893,562900,562905,5,7
562893,562901,562906,5,8
562893,562901,562906,5,8
562893,562900,562906,6,7
562893,562900,562905,5,7
562893,562900,562905,5,7
562893,562901,562906,5,8
562893,562901,562906,5,8
562893,562901,562906,5,8
562893,562902,562906,4,9
562893,562902,562907,5,9
562893,562902,562907,5,9
562893,562902,562907,5,9
562893,562903,562906,3,10
562893,562902,562907,5,9
562893,562901,562906,5,8
562893,562901,562906,5,8
562893,562901,562906,5,8
562893,562903,562906,3,10
562893,562904,562907,3,11
562893,562902,562906,4,9
562893,562902,562907,5,9
562893,562903,562907,4,10
562893,562903,562906,3,10
562893,562904,562907,3,11
562893,562901,562906,5,8
562893,562901,562906,5,8
562893,562901,562907,6,8
562893,562902,562907,5,9
562893,562902,562907,5,9
562893,562901,562906,5,8
562893,562901,562907,6,8
562893,562902,562907,5,9
562893,562902,562907,5,9
562893,562901,562906,5,8
562893,562902,562907,5,9
562893,562902,562907,5,9
562893,562902,562907,5,9
562893,562900,562906,6,7
562893,562901,562907,6,8
562893,562902,562907,5,9
562893,562902,562907,5,9
562893,562902,562907,5,9
562893,562902,562908,6,9
562893,562903,562907,4,10
562893,562903,562908,5,10
562893,562903,562907,4,10
562893,562903,562907,4,10
562893,562902,562908,6,9
562893,562902,562907,5,9
562893,562904,562907,3,11
562893,562902,562908,6,9
562893,562904,562907,3,11
562893,562904,562907,3,11
562893,562904,562908,4,11
562893,562904,562908,4,11
562893,562904,562908,4,11
562893,562904,562908,4,11
562893,562904,562909,5,11
562893,562905,562909,4,12
562893,562905,562910,5,12
562893,562905,562910,5,12
562893,562905,562910,5,12
562893,562905,562910,5,12
562893,562905,562910,5,12
562893,562905,562910,5,12
562893,562905,562910,5,12
562893,562905,562910,5,12
562893,562905,562910,5,12
562893,562905,562910,5,12
562893,562905,562910,5,12
562893,562905,562910,5,12
562893,562905,562910,5,12
562893,562905,562910,5,12
562893,562905,562910,5,12
562893,562905,562910,5,12
562893,562906,562911,5,13
562893,562907,562911,4,14
562893,562906,562910,4,13
562893,562906,562911,5,13
562893,562905,562910,5,12
562893,562905,562910,5,12
562893,562905,562910,5,12
562893,562906,562911,5,13
562893,562906,562911,5,13
562893,562906,562910,4,13
562893,562906,562911,5,13
562893,562907,562911,4,14
562893,562907,562912,5,14
562916,562916,562921,5,0
562916,562916,562921,5,0
562916,562916,562921,5,0
562916,562916,562921,5,0
562916,562916,562921,5,0
562916,562916,562921,5,0
562916,562916,562921,5,0
562916,562916,562921,5,0
562916,562916,562921,5,0
562916,562916,562922,6,0
562916,562916,562922,6,0
562916,562916,562922,6,0
562916,562916,562921,5,0
562916,562916,562922,6,0
562916,562916,562922,6,0
562916,562916,562922,6,0
562916,562916,562922,6,0
562916,562916,562922,6,0
562916,562916,562922,6,0
562916,562916,562922,6,0
562916,562916,562922,6,0
562916,562916,562922,6,0
562916,562916,562922,6,0
562916,562916,562922,6,0
562916,562916,562922,6,0
562916,562916,562922,6,0
562916,562916,562922,6,0
562916,562916,562922,6,0
562916,562916,562921,5,0
562916,562916,562921,5,0
562916,562916,562922,6,0
562916,562916,562923,7,0
562916,562916,562922,6,0
562916,562916,562923,7,0
562916,562916,562923,7,0
562916,562916,562923,7,0
562916,562916,562923,7,0
562916,562916,562923,7,0
562916,562916,562923,7,0
562916,562916,562923,7,0
562916,562916,562923,7,0
562916,562916,562923,7,0
562916,562916,562922,6,0
562916,562916,562923,7,0
562916,562916,562923,7,0
562916,562916,562923,7,0
562916,562916,562923,7,0
562916,562916,562923,7,0
562916,562916,562923,7,0
562916,562916,562923,7,0
562916,562916,562923,7,0
562916,562916,562924,8,0
562916,562916,562924,8,0
562916,562916,562924,8,0
562916,562916,562924,8,0
562916,562916,562924,8,0
562916,562916,562924,8,0
562916,562916,562924,8,0
562916,562916,562924,8,0
562916,562916,562924,8,0
562916,562916,562924,8,0
562916,562916,562924,8,0
562916,562916,562924,8,0
562916,562916,562924,8,0
562916,562916,562924,8,0
562916,562916,562925,9,0
562916,562916,562925,9,0
562916,562916,562925,9,0
562916,562916,562925,9,0
562916,562916,562925,9,0
562916,562916,562925,9,0
562916,562916,562925,9,0
562916,562916,562925,9,0
562916,562917,562925,8,1
562916,562916,562925,9,0
562916,562916,562925,9,0
562916,562916,562925,9,0
562916,562916,562925,9,0
562916,562916,562925,9,0
562916,562916,562926,10,0
562916,562921,562926,5,5
562916,562921,562926,5,5
562916,562921,562926,5,5
562916,562921,562926,5,5
562916,562921,562926,5,5
562916,562921,562926,5,5
562916,562922,562928,6,6
562916,562922,562927,5,6
562916,562922,562927,5,6
562916,562922,562927,5,6
562916,562922,562927,5,6
562916,562922,562927,5,6
562916,562922,562928,6,6
562916,562921,562927,6,5
562916,562921,562927,6,5
562916,562922,562928,6,6
562916,562922,562927,5,6
562916,562922,562928,6,6
562916,562922,562927,5,6
562916,562922,562927,5,6
562916,562922,562928,6,6
562916,562922,562928,6,6
562916,562922,562928,6,6
562916,562923,562928,5,7
562916,562923,562929,6,7
562916,562923,562928,5,7
562916,562923,562928,5,7
562916,562922,562928,6,6
562916,562922,562928,6,6
562916,562923,562929,6,7
562916,562922,562928,6,6
562916,562922,562928,6,6
562916,562922,562928,6,6
562916,562924,562929,5,8
562916,562924,562929,5,8
562916,562924,562929,5,8
562916,562924,562929,5,8
562916,562922,562928,6,6
562916,562924,562929,5,8
562916,562924,562928,4,8
562916,562922,562928,6,6
562916,562924,562929,5,8
562916,562924,562929,5,8
562916,562924,562928,4,8
562916,562922,562928,6,6
562916,562924,562929,5,8
562916,562924,562929,5,8
562916,562926,562929,3,10
562916,562926,562930,4,10
562916,562926,562930,4,10
562916,562923,562929,6,7
562916,562925,562929,4,9
562916,562925,562929,4,9
562916,562925,562929,4,9
562916,562924,562929,5,8
562916,562925,562929,4,9
562916,562927,562930,3,11
562916,562924,562929,5,8
562916,562925,562930,5,9
562916,562925,562930,5,9
562916,562924,562929,5,8
562916,562927,562930,3,11
562916,562924,562930,6,8
562916,562925,562930,5,9
562916,562925,562930,5,9
562916,562926,562930,4,10
562916,562925,562930,5,9
562916,562925,562930,5,9
562916,562925,562930,5,9
562916,562926,562930,4,10
562916,562926,562930,4,10
562916,562926,562930,4,10
562916,562927,562930,3,11
562916,562926,562930,4,10
562916,562926,562931,5,10
562916,562925,562930,5,9
562916,562927,562931,4,11
562916,562927,562930,3,11
562916,562926,562930,4,10
562916,562926,562930,4,10
562916,562926,562930,4,10
562916,562926,562930,4,10
562916,562927,562930,3,11
562916,562925,562930,5,9
562916,562927,562930,3,11
562916,562928,562931,3,12
562916,562928,562931,3,12
562916,562926,562931,5,10
562916,562928,562932,4,12
562916,562928,562933,5,12
562916,562928,562932,4,12
562916,562928,562932,4,12
562916,562928,562933,5,12
562916,562929,562933,4,13
562916,562928,562932,4,12
562916,562929,562934,5,13
562916,562929,562933,4,13
562916,562928,562933,5,12
562916,562929,562933,4,13
562916,562928,562933,5,12
562916,562929,562933,4,13
562916,562929,562934,5,13
562916,562929,562933,4,13
562916,562928,562933,5,12
562916,562929,562934,5,13
562916,562928,562933,5,12
562916,562929,562933,4,13
562916,562929,562933,4,13
562916,562929,562933,4,13
562916,562929,562933,4,13
562916,562928,562933,5,12
562916,562928,562934,6,12
562916,562929,562934,5,13
562916,562929,562934,5,13
562916,562929,562934,5,13
562916,562929,562934,5,13
562916,562929,562934,5,13
562916,562929,562934,5,13
562916,562929,562934,5,13
562916,562929,562934,5,13
562939,562939,562944,5,0
562939,562939,562944,5,0
562939,562939,562943,4,0
562939,562939,562944,5,0
562939,562939,562944,5,0
562939,562939,562944,5,0
562939,562939,562944,5,0
562939,562939,562944,5,0
562939,562939,562943,4,0
562939,562939,562944,5,0
562939,562939,562944,5,0
562939,562939,562945,6,0
562939,562939,562944,5,0
562939,562939,562944,5,0
562939,562939,562945,6,0
562939,562939,562945,6,0
562939,562939,562945,6,0
562939,562939,562945,6,0
562939,562939,562944,5,0
562939,562939,562945,6,0
562939,562939,562945,6,0
562939,562939,562945,6,0
562939,562939,562945,6,0
562939,562939,562944,5,0
562939,562939,562944,5,0
562939,562939,562945,6,0
562939,562939,562945,6,0
562939,562939,562945,6,0
562939,562939,562945,6,0
562939,562939,562946,7,0
562939,562939,562946,7,0
562939,562939,562946,7,0
562939,562939,562945,6,0
562939,562939,562946,7,0
562939,562939,562946,7,0
562939,562939,562946,7,0
562939,562939,562946,7,0
562939,562939,562947,8,0
562939,562939,562946,7,0
562939,562939,562947,8,0
562939,562939,562946,7,0
562939,562939,562946,7,0
562939,562939,562947,8,0
562939,562939,562946,7,0
562939,562939,562947,8,0
562939,562939,562946,7,0
562939,562939,562947,8,0
562939,562939,562947,8,0
562939,562939,562947,8,0
562939,562939,562947,8,0
562939,562939,562947,8,0
562939,562939,562946,7,0
562939,562939,562946,7,0
562939,562939,562946,7,0
562939,562939,562946,7,0
562939,562939,562946,7,0
562939,562939,562947,8,0
562939,562939,562946,7,0
562939,562939,562946,7,0
562939,562939,562946,7,0
562939,562939,562947,8,0
562939,562939,562946,7,0
562939,562939,562947,8,0
562939,562939,562947,8,0
562939,562939,562947,8,0
562939,562939,562947,8,0
562939,562939,562946,7,0
562939,562939,562946,7,0
562939,562939,562948,9,0
562939,562939,562948,9,0
562939,562939,562948,9,0
562939,562939,562948,9,0
562939,562939,562948,9,0
562939,562939,562948,9,0
562939,562939,562948,9,0
562939,562939,562947,8,0
562939,562939,562949,10,0
562939,562939,562949,10,0
562939,562944,562949,5,5
562939,562944,562949,5,5
562939,562944,562949,5,5
562939,562944,562949,5,5
562939,562944,562949,5,5
562939,562939,562949,10,0
562939,562944,562949,5,5
562939,562939,562949,10,0
562939,562945,562949,4,6
562939,562945,562950,5,6
562939,562945,562950,5,6
562939,562945,562950,5,6
562939,562945,562950,5,6
562939,562945,562950,5,6
562939,562944,562950,6,5
562939,562945,562950,5,6
562939,562944,562950,6,5
562939,562946,562950,4,7
562939,562945,562950,5,6
562939,562945,562950,5,6
562939,562945,562950,5,6
562939,562945,562950,5,6
562939,562944,562950,6,5
562939,562946,562950,4,7
562939,562944,562950,6,5
562939,562945,562950,5,6
562939,562945,562951,6,6
562939,562945,562951,6,6
562939,562945,562951,6,6
562939,562947,562952,5,8
562939,562945,562951,6,6
562939,562946,562951,5,7
562939,562945,562951,6,6
562939,562946,562951,5,7
562939,562946,562951,5,7
562939,562944,562951,7,5
562939,562946,562951,5,7
562939,562946,562951,5,7
562939,562946,562951,5,7
562939,562945,562951,6,6
562939,562947,562951,4,8
562939,562947,562952,5,8
562939,562947,562952,5,8
562939,562947,562952,5,8
562939,562948,562952,4,9
562939,562947,562952,5,8
562939,562947,562952,5,8
562939,562947,562952,5,8
562939,562947,562952,5,8
562939,562947,562952,5,8
562939,562947,562952,5,8
562939,562947,562952,5,8
562939,562948,562952,4,9
562939,562948,562953,5,9
562939,562948,562952,4,9
562939,562947,562953,6,8
562939,562947,562952,5,8
562939,562948,562953,5,9
562939,562948,562953,5,9
562939,562947,562953,6,8
562939,562948,562953,5,9
562939,562948,562953,5,9
562939,562948,562953,5,9
562939,562947,562953,6,8
562939,562948,562953,5,9
562939,562947,562954,7,8
562939,562948,562954,6,9
562939,562947,562953,6,8
562939,562947,562953,6,8
562939,562948,562953,5,9
562939,562947,562954,7,8
562939,562949,562953,4,10
562939,562949,562953,4,10
562939,562950,562954,4,11
562939,562950,562953,3,11
562939,562948,562954,6,9
562939,562949,562954,5,10
562939,562949,562953,4,10
562939,562950,562953,3,11
562939,562950,562954,4,11
562939,562950,562953,3,11
562939,562947,562953,6,8
562939,562951,562954,3,12
562939,562951,562954,3,12
562939,562950,562954,4,11
562939,562950,562954,4,11
562939,562950,562954,4,11
562939,562950,562954,4,11
562939,562950,562954,4,11
562939,562947,562954,7,8
562939,562950,562954,4,11
562939,562950,562954,4,11
562939,562951,562955,4,12
562939,562951,562955,4,12
562939,562951,562955,4,12
562939,562951,562955,4,12
562939,562951,562956,5,12
562939,562951,562955,4,12
562939,562951,562955,4,12
562939,562952,562956,4,13
562939,562952,562956,4,13
562939,562952,562956,4,13
562939,562952,562956,4,13
562939,562953,562956,3,14
562939,562952,562956,4,13
562939,562951,562956,5,12
562939,562951,562956,5,12
562939,562952,562956,4,13
562939,562952,562957,5,13
562939,562951,562956,5,12
562939,562952,562956,4,13
562939,562951,562956,5,12
562939,562952,562956,4,13
562939,562951,562957,6,12
562939,562952,562957,5,13
562939,562952,562956,4,13
562939,562951,562957,6,12
562939,562952,562956,4,13
562939,562952,562957,5,13
562939,562952,562957,5,13
562939,562951,562957,6,12
562939,562952,562957,5,13
562962,562962,562966,4,0
562962,562962,562966,4,0
562962,562962,562966,4,0
562962,562962,562967,5,0
562962,562962,562967,5,0
562962,562962,562966,4,0
562962,562962,562966,4,0
562962,562962,562967,5,0
562962,562962,562966,4,0
562962,562962,562967,5,0
562962,562962,562967,5,0
562962,562962,562967,5,0
562962,562962,562968,6,0
562962,562962,562967,5,0
562962,562962,562967,5,0
562962,562962,562968,6,0
562962,562962,562967,5,0
562962,562962,562967,5,0
562962,562962,562967,5,0
562962,562962,562968,6,0
562962,562962,562967,5,0
562962,562962,562968,6,0
562962,562962,562968,6,0
562962,562962,562968,6,0
562962,562962,562968,6,0
562962,562962,562968,6,0
562962,562962,562968,6,0
562962,562962,562968,6,0
562962,562962,562968,6,0
562962,562962,562968,6,0
562962,562962,562969,7,0
562962,562962,562968,6,0
562962,562962,562968,6,0
562962,562962,562968,6,0
562962,562962,562968,6,0
562962,562962,562969,7,0
562962,562962,562969,7,0
562962,562962,562968,6,0
562962,562962,562968,6,0
562962,562962,562968,6,0
562962,562962,562968,6,0
562173,562175,564011,1836,2
564010,564012,564046,34,2
564373,564374,564771,397,1
564770,564772,564775,3,2
564849,564851,566586,1735,2
566585,566587,566624,37,2
566911,566913,567226,313,2
567224,567227,567234,7,3
567301,567302,569037,1735,1
569035,569038,569072,34,3
569359,569361,569744,383,2
569743,569745,569747,2,2
569822,569823,571576,1753,1
571575,571578,571612,34,3
571919,571920,572217,297,1
572215,572217,572224,7,2
572291,572293,574001,1708,2
574000,574003,574037,34,3
574330,574331,574634,303,1
574633,574636,574643,7,3
574712,574714,576369,1655,2
576368,576370,576384,14,2
576673,576674,577140,466,1
577139,577141,577143,2,2
577213,577215,578796,1581,2
578795,578797,578826,29,2
579072,579074,579467,393,2
579466,579468,579471,3,2
579540,579541,581204,1663,1
581203,581205,581239,34,2
581502,581504,581937,433,2
581936,581938,581940,2,2
582013,582015,583833,1818,2
583831,583834,583870,36,3
584151,584153,584623,470,2
584622,584624,584626,2,2
584697,584699,586561,1862,2
586559,586562,586597,35,3
586888,586890,587140,250,2
587139,587140,587148,8,1
587215,587216,589145,1929,1
589143,589146,589162,16,3
589486,589488,589988,500,2
589987,589988,589991,3,1
590062,590063,591803,1740,1
591802,591804,591839,35,2
592105,592106,592516,410,1
592515,592518,592520,2,3
592592,592593,594351,1758,1
594350,594352,594367,15,2
594655,594657,594963,306,2
594961,594963,594970,7,2
595037,595038,596807,1769,1
596806,596808,596842,34,2
